"category";"subCategory";"country";"parameter";"truckClass";"energyCarrierParameterScenario";"unit";"period";"value";"paperScen";"energyCarrier"
"OPEX";"Taxes";"DE";"Network Costs - MCS";"Rigid";"PROG";"EUR/kWh";2030;"0.038";"Current policies";"Electricity"
"OPEX";"Taxes";"DE";"Network Costs - MCS";"Tractor-Trailer";"PROG";"EUR/kWh";2030;"0.038";"Current policies";"Electricity"
"OPEX";"Taxes";"ES";"Network Costs - MCS";"Rigid";"PROG";"EUR/kWh";2030;"0.018";"Current policies";"Electricity"
"OPEX";"Taxes";"ES";"Network Costs - MCS";"Tractor-Trailer";"PROG";"EUR/kWh";2030;"0.018";"Current policies";"Electricity"
"OPEX";"Taxes";"FR";"Network Costs - MCS";"Rigid";"PROG";"EUR/kWh";2030;"0.018";"Current policies";"Electricity"
"OPEX";"Taxes";"FR";"Network Costs - MCS";"Tractor-Trailer";"PROG";"EUR/kWh";2030;"0.018";"Current policies";"Electricity"
"OPEX";"Taxes";"IT";"Network Costs - MCS";"Rigid";"PROG";"EUR/kWh";2030;"0.016";"Current policies";"Electricity"
"OPEX";"Taxes";"IT";"Network Costs - MCS";"Tractor-Trailer";"PROG";"EUR/kWh";2030;"0.016";"Current policies";"Electricity"
"OPEX";"Taxes";"NL";"Network Costs - MCS";"Rigid";"PROG";"EUR/kWh";2030;"0.016";"Current policies";"Electricity"
"OPEX";"Taxes";"NL";"Network Costs - MCS";"Tractor-Trailer";"PROG";"EUR/kWh";2030;"0.016";"Current policies";"Electricity"
"OPEX";"Taxes";"PL";"Network Costs - MCS";"Rigid";"PROG";"EUR/kWh";2030;"0.019";"Current policies";"Electricity"
"OPEX";"Taxes";"PL";"Network Costs - MCS";"Tractor-Trailer";"PROG";"EUR/kWh";2030;"0.019";"Current policies";"Electricity"
"OPEX";"Taxes";"UK";"Network Costs - MCS";"Rigid";"PROG";"EUR/kWh";2030;"0.027";"Current policies";"Electricity"
"OPEX";"Taxes";"UK";"Network Costs - MCS";"Tractor-Trailer";"PROG";"EUR/kWh";2030;"0.027";"Current policies";"Electricity"
"OPEX";"Taxes";"DE";"Taxes, Fees, Levies and charges - MCS";"Rigid";"PROG";"EUR/kWh";2030;"0.073";"Current policies";"Electricity"
"OPEX";"Taxes";"DE";"Taxes, Fees, Levies and charges - MCS";"Tractor-Trailer";"PROG";"EUR/kWh";2030;"0.073";"Current policies";"Electricity"
"OPEX";"Taxes";"ES";"Taxes, Fees, Levies and charges - MCS";"Rigid";"PROG";"EUR/kWh";2030;"0.036";"Current policies";"Electricity"
"OPEX";"Taxes";"ES";"Taxes, Fees, Levies and charges - MCS";"Tractor-Trailer";"PROG";"EUR/kWh";2030;"0.036";"Current policies";"Electricity"
"OPEX";"Taxes";"FR";"Taxes, Fees, Levies and charges - MCS";"Rigid";"PROG";"EUR/kWh";2030;"0.03";"Current policies";"Electricity"
"OPEX";"Taxes";"FR";"Taxes, Fees, Levies and charges - MCS";"Tractor-Trailer";"PROG";"EUR/kWh";2030;"0.03";"Current policies";"Electricity"
"OPEX";"Taxes";"IT";"Taxes, Fees, Levies and charges - MCS";"Rigid";"PROG";"EUR/kWh";2030;"0.063";"Current policies";"Electricity"
"OPEX";"Taxes";"IT";"Taxes, Fees, Levies and charges - MCS";"Tractor-Trailer";"PROG";"EUR/kWh";2030;"0.063";"Current policies";"Electricity"
"OPEX";"Taxes";"NL";"Taxes, Fees, Levies and charges - MCS";"Rigid";"PROG";"EUR/kWh";2030;"0.055";"Current policies";"Electricity"
"OPEX";"Taxes";"NL";"Taxes, Fees, Levies and charges - MCS";"Tractor-Trailer";"PROG";"EUR/kWh";2030;"0.055";"Current policies";"Electricity"
"OPEX";"Taxes";"PL";"Taxes, Fees, Levies and charges - MCS";"Rigid";"PROG";"EUR/kWh";2030;"0.049";"Current policies";"Electricity"
"OPEX";"Taxes";"PL";"Taxes, Fees, Levies and charges - MCS";"Tractor-Trailer";"PROG";"EUR/kWh";2030;"0.049";"Current policies";"Electricity"
"OPEX";"Taxes";"UK";"Taxes, Fees, Levies and charges - MCS";"Rigid";"PROG";"EUR/kWh";2030;"0.077";"Current policies";"Electricity"
"OPEX";"Taxes";"UK";"Taxes, Fees, Levies and charges - MCS";"Tractor-Trailer";"PROG";"EUR/kWh";2030;"0.077";"Current policies";"Electricity"
"OPEX";"Taxes";"DE";"Network Costs - Depot";"Rigid";"PROG";"EUR/kWh";2030;"0.044";"Current policies";"Electricity"
"OPEX";"Taxes";"DE";"Network Costs - Depot";"Tractor-Trailer";"PROG";"EUR/kWh";2030;"0.044";"Current policies";"Electricity"
"OPEX";"Taxes";"ES";"Network Costs - Depot";"Rigid";"PROG";"EUR/kWh";2030;"0.031";"Current policies";"Electricity"
"OPEX";"Taxes";"ES";"Network Costs - Depot";"Tractor-Trailer";"PROG";"EUR/kWh";2030;"0.031";"Current policies";"Electricity"
"OPEX";"Taxes";"FR";"Network Costs - Depot";"Rigid";"PROG";"EUR/kWh";2030;"0.024";"Current policies";"Electricity"
"OPEX";"Taxes";"FR";"Network Costs - Depot";"Tractor-Trailer";"PROG";"EUR/kWh";2030;"0.024";"Current policies";"Electricity"
"OPEX";"Taxes";"IT";"Network Costs - Depot";"Rigid";"PROG";"EUR/kWh";2030;"0.018";"Current policies";"Electricity"
"OPEX";"Taxes";"IT";"Network Costs - Depot";"Tractor-Trailer";"PROG";"EUR/kWh";2030;"0.018";"Current policies";"Electricity"
"OPEX";"Taxes";"NL";"Network Costs - Depot";"Rigid";"PROG";"EUR/kWh";2030;"0.019";"Current policies";"Electricity"
"OPEX";"Taxes";"NL";"Network Costs - Depot";"Tractor-Trailer";"PROG";"EUR/kWh";2030;"0.019";"Current policies";"Electricity"
"OPEX";"Taxes";"PL";"Network Costs - Depot";"Rigid";"PROG";"EUR/kWh";2030;"0.026";"Current policies";"Electricity"
"OPEX";"Taxes";"PL";"Network Costs - Depot";"Tractor-Trailer";"PROG";"EUR/kWh";2030;"0.026";"Current policies";"Electricity"
"OPEX";"Taxes";"UK";"Network Costs - Depot";"Rigid";"PROG";"EUR/kWh";2030;"0.029";"Current policies";"Electricity"
"OPEX";"Taxes";"UK";"Network Costs - Depot";"Tractor-Trailer";"PROG";"EUR/kWh";2030;"0.029";"Current policies";"Electricity"
"OPEX";"Taxes";"DE";"Taxes, Fees, Levies and charges - Depot";"Rigid";"PROG";"EUR/kWh";2030;"0.062";"Current policies";"Electricity"
"OPEX";"Taxes";"DE";"Taxes, Fees, Levies and charges - Depot";"Tractor-Trailer";"PROG";"EUR/kWh";2030;"0.062";"Current policies";"Electricity"
"OPEX";"Taxes";"ES";"Taxes, Fees, Levies and charges - Depot";"Rigid";"PROG";"EUR/kWh";2030;"0.054";"Current policies";"Electricity"
"OPEX";"Taxes";"ES";"Taxes, Fees, Levies and charges - Depot";"Tractor-Trailer";"PROG";"EUR/kWh";2030;"0.054";"Current policies";"Electricity"
"OPEX";"Taxes";"FR";"Taxes, Fees, Levies and charges - Depot";"Rigid";"PROG";"EUR/kWh";2030;"0.04";"Current policies";"Electricity"
"OPEX";"Taxes";"FR";"Taxes, Fees, Levies and charges - Depot";"Tractor-Trailer";"PROG";"EUR/kWh";2030;"0.04";"Current policies";"Electricity"
"OPEX";"Taxes";"IT";"Taxes, Fees, Levies and charges - Depot";"Rigid";"PROG";"EUR/kWh";2030;"0.088";"Current policies";"Electricity"
"OPEX";"Taxes";"IT";"Taxes, Fees, Levies and charges - Depot";"Tractor-Trailer";"PROG";"EUR/kWh";2030;"0.088";"Current policies";"Electricity"
"OPEX";"Taxes";"NL";"Taxes, Fees, Levies and charges - Depot";"Rigid";"PROG";"EUR/kWh";2030;"0.058";"Current policies";"Electricity"
"OPEX";"Taxes";"NL";"Taxes, Fees, Levies and charges - Depot";"Tractor-Trailer";"PROG";"EUR/kWh";2030;"0.058";"Current policies";"Electricity"
"OPEX";"Taxes";"PL";"Taxes, Fees, Levies and charges - Depot";"Rigid";"PROG";"EUR/kWh";2030;"0.053";"Current policies";"Electricity"
"OPEX";"Taxes";"PL";"Taxes, Fees, Levies and charges - Depot";"Tractor-Trailer";"PROG";"EUR/kWh";2030;"0.053";"Current policies";"Electricity"
"OPEX";"Taxes";"UK";"Taxes, Fees, Levies and charges - Depot";"Rigid";"PROG";"EUR/kWh";2030;"0.086";"Current policies";"Electricity"
"OPEX";"Taxes";"UK";"Taxes, Fees, Levies and charges - Depot";"Tractor-Trailer";"PROG";"EUR/kWh";2030;"0.086";"Current policies";"Electricity"
"OPEX";"H2 Infrastructure";"DE";"HRS costs";"Rigid";"PROG";"EUR/kg H2";2030;"1.1";"Current policies";"Hydrogen"
"OPEX";"H2 Infrastructure";"DE";"HRS costs";"Tractor-Trailer";"PROG";"EUR/kg H2";2030;"1.1";"Current policies";"Hydrogen"
"OPEX";"H2 Infrastructure";"ES";"HRS costs";"Rigid";"PROG";"EUR/kg H2";2030;"1.1";"Current policies";"Hydrogen"
"OPEX";"H2 Infrastructure";"ES";"HRS costs";"Tractor-Trailer";"PROG";"EUR/kg H2";2030;"1.1";"Current policies";"Hydrogen"
"OPEX";"H2 Infrastructure";"FR";"HRS costs";"Rigid";"PROG";"EUR/kg H2";2030;"1.1";"Current policies";"Hydrogen"
"OPEX";"H2 Infrastructure";"FR";"HRS costs";"Tractor-Trailer";"PROG";"EUR/kg H2";2030;"1.1";"Current policies";"Hydrogen"
"OPEX";"H2 Infrastructure";"IT";"HRS costs";"Rigid";"PROG";"EUR/kg H2";2030;"1.1";"Current policies";"Hydrogen"
"OPEX";"H2 Infrastructure";"IT";"HRS costs";"Tractor-Trailer";"PROG";"EUR/kg H2";2030;"1.1";"Current policies";"Hydrogen"
"OPEX";"H2 Infrastructure";"NL";"HRS costs";"Rigid";"PROG";"EUR/kg H2";2030;"1.1";"Current policies";"Hydrogen"
"OPEX";"H2 Infrastructure";"NL";"HRS costs";"Tractor-Trailer";"PROG";"EUR/kg H2";2030;"1.1";"Current policies";"Hydrogen"
"OPEX";"H2 Infrastructure";"PL";"HRS costs";"Rigid";"PROG";"EUR/kg H2";2030;"1.1";"Current policies";"Hydrogen"
"OPEX";"H2 Infrastructure";"PL";"HRS costs";"Tractor-Trailer";"PROG";"EUR/kg H2";2030;"1.1";"Current policies";"Hydrogen"
"OPEX";"H2 Infrastructure";"UK";"HRS costs";"Rigid";"PROG";"EUR/kg H2";2030;"1.1";"Current policies";"Hydrogen"
"OPEX";"H2 Infrastructure";"UK";"HRS costs";"Tractor-Trailer";"PROG";"EUR/kg H2";2030;"1.1";"Current policies";"Hydrogen"
"OPEX";"H2 Infrastructure";"DE";"H2 transport and distribution";"Rigid";"PROG";"EUR/kg H2";2030;"1";"Current policies";"Hydrogen"
"OPEX";"H2 Infrastructure";"DE";"H2 transport and distribution";"Tractor-Trailer";"PROG";"EUR/kg H2";2030;"1";"Current policies";"Hydrogen"
"OPEX";"H2 Infrastructure";"ES";"H2 transport and distribution";"Rigid";"PROG";"EUR/kg H2";2030;"1";"Current policies";"Hydrogen"
"OPEX";"H2 Infrastructure";"ES";"H2 transport and distribution";"Tractor-Trailer";"PROG";"EUR/kg H2";2030;"1";"Current policies";"Hydrogen"
"OPEX";"H2 Infrastructure";"FR";"H2 transport and distribution";"Rigid";"PROG";"EUR/kg H2";2030;"1";"Current policies";"Hydrogen"
"OPEX";"H2 Infrastructure";"FR";"H2 transport and distribution";"Tractor-Trailer";"PROG";"EUR/kg H2";2030;"1";"Current policies";"Hydrogen"
"OPEX";"H2 Infrastructure";"IT";"H2 transport and distribution";"Rigid";"PROG";"EUR/kg H2";2030;"1";"Current policies";"Hydrogen"
"OPEX";"H2 Infrastructure";"IT";"H2 transport and distribution";"Tractor-Trailer";"PROG";"EUR/kg H2";2030;"1";"Current policies";"Hydrogen"
"OPEX";"H2 Infrastructure";"NL";"H2 transport and distribution";"Rigid";"PROG";"EUR/kg H2";2030;"1";"Current policies";"Hydrogen"
"OPEX";"H2 Infrastructure";"NL";"H2 transport and distribution";"Tractor-Trailer";"PROG";"EUR/kg H2";2030;"1";"Current policies";"Hydrogen"
"OPEX";"H2 Infrastructure";"PL";"H2 transport and distribution";"Rigid";"PROG";"EUR/kg H2";2030;"1";"Current policies";"Hydrogen"
"OPEX";"H2 Infrastructure";"PL";"H2 transport and distribution";"Tractor-Trailer";"PROG";"EUR/kg H2";2030;"1";"Current policies";"Hydrogen"
"OPEX";"H2 Infrastructure";"UK";"H2 transport and distribution";"Rigid";"PROG";"EUR/kg H2";2030;"1";"Current policies";"Hydrogen"
"OPEX";"H2 Infrastructure";"UK";"H2 transport and distribution";"Tractor-Trailer";"PROG";"EUR/kg H2";2030;"1";"Current policies";"Hydrogen"
"OPEX";"H2 Infrastructure";"DE";"HRS Overhead, Profit and Mark-Up";"Rigid";"PROG";"EUR/kg H2";2030;"0.25";"Current policies";"Hydrogen"
"OPEX";"H2 Infrastructure";"DE";"HRS Overhead, Profit and Mark-Up";"Tractor-Trailer";"PROG";"EUR/kg H2";2030;"0.25";"Current policies";"Hydrogen"
"OPEX";"H2 Infrastructure";"ES";"HRS Overhead, Profit and Mark-Up";"Rigid";"PROG";"EUR/kg H2";2030;"0.25";"Current policies";"Hydrogen"
"OPEX";"H2 Infrastructure";"ES";"HRS Overhead, Profit and Mark-Up";"Tractor-Trailer";"PROG";"EUR/kg H2";2030;"0.25";"Current policies";"Hydrogen"
"OPEX";"H2 Infrastructure";"FR";"HRS Overhead, Profit and Mark-Up";"Rigid";"PROG";"EUR/kg H2";2030;"0.25";"Current policies";"Hydrogen"
"OPEX";"H2 Infrastructure";"FR";"HRS Overhead, Profit and Mark-Up";"Tractor-Trailer";"PROG";"EUR/kg H2";2030;"0.25";"Current policies";"Hydrogen"
"OPEX";"H2 Infrastructure";"IT";"HRS Overhead, Profit and Mark-Up";"Rigid";"PROG";"EUR/kg H2";2030;"0.25";"Current policies";"Hydrogen"
"OPEX";"H2 Infrastructure";"IT";"HRS Overhead, Profit and Mark-Up";"Tractor-Trailer";"PROG";"EUR/kg H2";2030;"0.25";"Current policies";"Hydrogen"
"OPEX";"H2 Infrastructure";"NL";"HRS Overhead, Profit and Mark-Up";"Rigid";"PROG";"EUR/kg H2";2030;"0.25";"Current policies";"Hydrogen"
"OPEX";"H2 Infrastructure";"NL";"HRS Overhead, Profit and Mark-Up";"Tractor-Trailer";"PROG";"EUR/kg H2";2030;"0.25";"Current policies";"Hydrogen"
"OPEX";"H2 Infrastructure";"PL";"HRS Overhead, Profit and Mark-Up";"Rigid";"PROG";"EUR/kg H2";2030;"0.25";"Current policies";"Hydrogen"
"OPEX";"H2 Infrastructure";"PL";"HRS Overhead, Profit and Mark-Up";"Tractor-Trailer";"PROG";"EUR/kg H2";2030;"0.25";"Current policies";"Hydrogen"
"OPEX";"H2 Infrastructure";"UK";"HRS Overhead, Profit and Mark-Up";"Rigid";"PROG";"EUR/kg H2";2030;"0.25";"Current policies";"Hydrogen"
"OPEX";"H2 Infrastructure";"UK";"HRS Overhead, Profit and Mark-Up";"Tractor-Trailer";"PROG";"EUR/kg H2";2030;"0.25";"Current policies";"Hydrogen"
"OPEX";"Charging Infrastructure";"DE";"MCS Station (Public Charging) - Incl. Overhead";"Rigid";"PROG";"EUR/kWh";2030;"0.053";"Current policies";"Electricity"
"OPEX";"Charging Infrastructure";"DE";"MCS Station (Public Charging) - Incl. Overhead";"Tractor-Trailer";"PROG";"EUR/kWh";2030;"0.053";"Current policies";"Electricity"
"OPEX";"Charging Infrastructure";"ES";"MCS Station (Public Charging) - Incl. Overhead";"Rigid";"PROG";"EUR/kWh";2030;"0.053";"Current policies";"Electricity"
"OPEX";"Charging Infrastructure";"ES";"MCS Station (Public Charging) - Incl. Overhead";"Tractor-Trailer";"PROG";"EUR/kWh";2030;"0.053";"Current policies";"Electricity"
"OPEX";"Charging Infrastructure";"FR";"MCS Station (Public Charging) - Incl. Overhead";"Rigid";"PROG";"EUR/kWh";2030;"0.053";"Current policies";"Electricity"
"OPEX";"Charging Infrastructure";"FR";"MCS Station (Public Charging) - Incl. Overhead";"Tractor-Trailer";"PROG";"EUR/kWh";2030;"0.053";"Current policies";"Electricity"
"OPEX";"Charging Infrastructure";"IT";"MCS Station (Public Charging) - Incl. Overhead";"Rigid";"PROG";"EUR/kWh";2030;"0.053";"Current policies";"Electricity"
"OPEX";"Charging Infrastructure";"IT";"MCS Station (Public Charging) - Incl. Overhead";"Tractor-Trailer";"PROG";"EUR/kWh";2030;"0.053";"Current policies";"Electricity"
"OPEX";"Charging Infrastructure";"NL";"MCS Station (Public Charging) - Incl. Overhead";"Rigid";"PROG";"EUR/kWh";2030;"0.053";"Current policies";"Electricity"
"OPEX";"Charging Infrastructure";"NL";"MCS Station (Public Charging) - Incl. Overhead";"Tractor-Trailer";"PROG";"EUR/kWh";2030;"0.053";"Current policies";"Electricity"
"OPEX";"Charging Infrastructure";"PL";"MCS Station (Public Charging) - Incl. Overhead";"Rigid";"PROG";"EUR/kWh";2030;"0.053";"Current policies";"Electricity"
"OPEX";"Charging Infrastructure";"PL";"MCS Station (Public Charging) - Incl. Overhead";"Tractor-Trailer";"PROG";"EUR/kWh";2030;"0.053";"Current policies";"Electricity"
"OPEX";"Charging Infrastructure";"UK";"MCS Station (Public Charging) - Incl. Overhead";"Rigid";"PROG";"EUR/kWh";2030;"0.053";"Current policies";"Electricity"
"OPEX";"Charging Infrastructure";"UK";"MCS Station (Public Charging) - Incl. Overhead";"Tractor-Trailer";"PROG";"EUR/kWh";2030;"0.053";"Current policies";"Electricity"
"OPEX";"Charging Infrastructure";"DE";"Share MCS-Charging";"Rigid";"PROG";"%";2030;"0.2";"Current policies";"Electricity"
"OPEX";"Charging Infrastructure";"DE";"Share MCS-Charging";"Tractor-Trailer";"PROG";"%";2030;"0.2";"Current policies";"Electricity"
"OPEX";"Charging Infrastructure";"ES";"Share MCS-Charging";"Rigid";"PROG";"%";2030;"0.2";"Current policies";"Electricity"
"OPEX";"Charging Infrastructure";"ES";"Share MCS-Charging";"Tractor-Trailer";"PROG";"%";2030;"0.2";"Current policies";"Electricity"
"OPEX";"Charging Infrastructure";"FR";"Share MCS-Charging";"Rigid";"PROG";"%";2030;"0.2";"Current policies";"Electricity"
"OPEX";"Charging Infrastructure";"FR";"Share MCS-Charging";"Tractor-Trailer";"PROG";"%";2030;"0.2";"Current policies";"Electricity"
"OPEX";"Charging Infrastructure";"IT";"Share MCS-Charging";"Rigid";"PROG";"%";2030;"0.2";"Current policies";"Electricity"
"OPEX";"Charging Infrastructure";"IT";"Share MCS-Charging";"Tractor-Trailer";"PROG";"%";2030;"0.2";"Current policies";"Electricity"
"OPEX";"Charging Infrastructure";"NL";"Share MCS-Charging";"Rigid";"PROG";"%";2030;"0.2";"Current policies";"Electricity"
"OPEX";"Charging Infrastructure";"NL";"Share MCS-Charging";"Tractor-Trailer";"PROG";"%";2030;"0.2";"Current policies";"Electricity"
"OPEX";"Charging Infrastructure";"PL";"Share MCS-Charging";"Rigid";"PROG";"%";2030;"0.2";"Current policies";"Electricity"
"OPEX";"Charging Infrastructure";"PL";"Share MCS-Charging";"Tractor-Trailer";"PROG";"%";2030;"0.2";"Current policies";"Electricity"
"OPEX";"Charging Infrastructure";"UK";"Share MCS-Charging";"Rigid";"PROG";"%";2030;"0.2";"Current policies";"Electricity"
"OPEX";"Charging Infrastructure";"UK";"Share MCS-Charging";"Tractor-Trailer";"PROG";"%";2030;"0.2";"Current policies";"Electricity"
"OPEX";"Charging Infrastructure";"DE";"Depot - Network fees savings potential";"Rigid";"PROG";"EUR/kWh";2030;"-0.01";"Current policies";"Electricity"
"OPEX";"Charging Infrastructure";"DE";"Depot - Network fees savings potential";"Tractor-Trailer";"PROG";"EUR/kWh";2030;"-0.01";"Current policies";"Electricity"
"OPEX";"Charging Infrastructure";"ES";"Depot - Network fees savings potential";"Rigid";"PROG";"EUR/kWh";2030;"-0.01";"Current policies";"Electricity"
"OPEX";"Charging Infrastructure";"ES";"Depot - Network fees savings potential";"Tractor-Trailer";"PROG";"EUR/kWh";2030;"-0.01";"Current policies";"Electricity"
"OPEX";"Charging Infrastructure";"FR";"Depot - Network fees savings potential";"Rigid";"PROG";"EUR/kWh";2030;"-0.01";"Current policies";"Electricity"
"OPEX";"Charging Infrastructure";"FR";"Depot - Network fees savings potential";"Tractor-Trailer";"PROG";"EUR/kWh";2030;"-0.01";"Current policies";"Electricity"
"OPEX";"Charging Infrastructure";"IT";"Depot - Network fees savings potential";"Rigid";"PROG";"EUR/kWh";2030;"-0.01";"Current policies";"Electricity"
"OPEX";"Charging Infrastructure";"IT";"Depot - Network fees savings potential";"Tractor-Trailer";"PROG";"EUR/kWh";2030;"-0.01";"Current policies";"Electricity"
"OPEX";"Charging Infrastructure";"NL";"Depot - Network fees savings potential";"Rigid";"PROG";"EUR/kWh";2030;"-0.01";"Current policies";"Electricity"
"OPEX";"Charging Infrastructure";"NL";"Depot - Network fees savings potential";"Tractor-Trailer";"PROG";"EUR/kWh";2030;"-0.01";"Current policies";"Electricity"
"OPEX";"Charging Infrastructure";"PL";"Depot - Network fees savings potential";"Rigid";"PROG";"EUR/kWh";2030;"-0.01";"Current policies";"Electricity"
"OPEX";"Charging Infrastructure";"PL";"Depot - Network fees savings potential";"Tractor-Trailer";"PROG";"EUR/kWh";2030;"-0.01";"Current policies";"Electricity"
"OPEX";"Charging Infrastructure";"UK";"Depot - Network fees savings potential";"Rigid";"PROG";"EUR/kWh";2030;"-0.01";"Current policies";"Electricity"
"OPEX";"Charging Infrastructure";"UK";"Depot - Network fees savings potential";"Tractor-Trailer";"PROG";"EUR/kWh";2030;"-0.01";"Current policies";"Electricity"
"OPEX";"Taxes";"DE";"Tax reduction";"Rigid";"PROG";"%";2030;"-1";"Current policies";"Hydrogen"
"OPEX";"Taxes";"DE";"Tax reduction";"Tractor-Trailer";"PROG";"%";2030;"-1";"Current policies";"Hydrogen"
"OPEX";"Taxes";"ES";"Tax reduction";"Rigid";"PROG";"%";2030;"-1";"Current policies";"Hydrogen"
"OPEX";"Taxes";"ES";"Tax reduction";"Tractor-Trailer";"PROG";"%";2030;"-1";"Current policies";"Hydrogen"
"OPEX";"Taxes";"FR";"Tax reduction";"Rigid";"PROG";"%";2030;"-1";"Current policies";"Hydrogen"
"OPEX";"Taxes";"FR";"Tax reduction";"Tractor-Trailer";"PROG";"%";2030;"-1";"Current policies";"Hydrogen"
"OPEX";"Taxes";"IT";"Tax reduction";"Rigid";"PROG";"%";2030;"-1";"Current policies";"Hydrogen"
"OPEX";"Taxes";"IT";"Tax reduction";"Tractor-Trailer";"PROG";"%";2030;"-1";"Current policies";"Hydrogen"
"OPEX";"Taxes";"NL";"Tax reduction";"Rigid";"PROG";"%";2030;"-1";"Current policies";"Hydrogen"
"OPEX";"Taxes";"NL";"Tax reduction";"Tractor-Trailer";"PROG";"%";2030;"-1";"Current policies";"Hydrogen"
"OPEX";"Taxes";"PL";"Tax reduction";"Rigid";"PROG";"%";2030;"-1";"Current policies";"Hydrogen"
"OPEX";"Taxes";"PL";"Tax reduction";"Tractor-Trailer";"PROG";"%";2030;"-1";"Current policies";"Hydrogen"
"OPEX";"Taxes";"UK";"Tax reduction";"Rigid";"PROG";"%";2030;"-1";"Current policies";"Hydrogen"
"OPEX";"Taxes";"UK";"Tax reduction";"Tractor-Trailer";"PROG";"%";2030;"-1";"Current policies";"Hydrogen"
"OPEX";"Taxes";"DE";"Excise Duty - Diesel";"Rigid";"BAU";"EUR/kWh";2030;"0.047";"Current policies";"Diesel"
"OPEX";"Taxes";"DE";"Excise Duty - Diesel";"Tractor-Trailer";"BAU";"EUR/kWh";2030;"0.047";"Current policies";"Diesel"
"OPEX";"Taxes";"DE";"Excise Duty - Diesel";"Rigid";"PROG";"EUR/kWh";2030;"0.047";"Current policies";"Diesel"
"OPEX";"Taxes";"DE";"Excise Duty - Diesel";"Tractor-Trailer";"PROG";"EUR/kWh";2030;"0.047";"Current policies";"Diesel"
"OPEX";"Taxes";"ES";"Excise Duty - Diesel";"Rigid";"BAU";"EUR/kWh";2030;"0.038";"Current policies";"Diesel"
"OPEX";"Taxes";"ES";"Excise Duty - Diesel";"Tractor-Trailer";"BAU";"EUR/kWh";2030;"0.038";"Current policies";"Diesel"
"OPEX";"Taxes";"ES";"Excise Duty - Diesel";"Rigid";"PROG";"EUR/kWh";2030;"0.038";"Current policies";"Diesel"
"OPEX";"Taxes";"ES";"Excise Duty - Diesel";"Tractor-Trailer";"PROG";"EUR/kWh";2030;"0.038";"Current policies";"Diesel"
"OPEX";"Taxes";"FR";"Excise Duty - Diesel";"Rigid";"BAU";"EUR/kWh";2030;"0.06";"Current policies";"Diesel"
"OPEX";"Taxes";"FR";"Excise Duty - Diesel";"Tractor-Trailer";"BAU";"EUR/kWh";2030;"0.06";"Current policies";"Diesel"
"OPEX";"Taxes";"FR";"Excise Duty - Diesel";"Rigid";"PROG";"EUR/kWh";2030;"0.06";"Current policies";"Diesel"
"OPEX";"Taxes";"FR";"Excise Duty - Diesel";"Tractor-Trailer";"PROG";"EUR/kWh";2030;"0.06";"Current policies";"Diesel"
"OPEX";"Taxes";"IT";"Excise Duty - Diesel";"Rigid";"BAU";"EUR/kWh";2030;"0.062";"Current policies";"Diesel"
"OPEX";"Taxes";"IT";"Excise Duty - Diesel";"Tractor-Trailer";"BAU";"EUR/kWh";2030;"0.062";"Current policies";"Diesel"
"OPEX";"Taxes";"IT";"Excise Duty - Diesel";"Rigid";"PROG";"EUR/kWh";2030;"0.062";"Current policies";"Diesel"
"OPEX";"Taxes";"IT";"Excise Duty - Diesel";"Tractor-Trailer";"PROG";"EUR/kWh";2030;"0.062";"Current policies";"Diesel"
"OPEX";"Taxes";"NL";"Excise Duty - Diesel";"Rigid";"BAU";"EUR/kWh";2030;"0.053";"Current policies";"Diesel"
"OPEX";"Taxes";"NL";"Excise Duty - Diesel";"Tractor-Trailer";"BAU";"EUR/kWh";2030;"0.053";"Current policies";"Diesel"
"OPEX";"Taxes";"NL";"Excise Duty - Diesel";"Rigid";"PROG";"EUR/kWh";2030;"0.053";"Current policies";"Diesel"
"OPEX";"Taxes";"NL";"Excise Duty - Diesel";"Tractor-Trailer";"PROG";"EUR/kWh";2030;"0.053";"Current policies";"Diesel"
"OPEX";"Taxes";"PL";"Excise Duty - Diesel";"Rigid";"BAU";"EUR/kWh";2030;"0.033";"Current policies";"Diesel"
"OPEX";"Taxes";"PL";"Excise Duty - Diesel";"Tractor-Trailer";"BAU";"EUR/kWh";2030;"0.033";"Current policies";"Diesel"
"OPEX";"Taxes";"PL";"Excise Duty - Diesel";"Rigid";"PROG";"EUR/kWh";2030;"0.033";"Current policies";"Diesel"
"OPEX";"Taxes";"PL";"Excise Duty - Diesel";"Tractor-Trailer";"PROG";"EUR/kWh";2030;"0.033";"Current policies";"Diesel"
"OPEX";"Taxes";"UK";"Excise Duty - Diesel";"Rigid";"BAU";"EUR/kWh";2030;"0.053";"Current policies";"Diesel"
"OPEX";"Taxes";"UK";"Excise Duty - Diesel";"Tractor-Trailer";"BAU";"EUR/kWh";2030;"0.053";"Current policies";"Diesel"
"OPEX";"Taxes";"UK";"Excise Duty - Diesel";"Rigid";"PROG";"EUR/kWh";2030;"0.053";"Current policies";"Diesel"
"OPEX";"Taxes";"UK";"Excise Duty - Diesel";"Tractor-Trailer";"PROG";"EUR/kWh";2030;"0.053";"Current policies";"Diesel"
"OPEX";"Taxes";"DE";"Excise Duty - Reduction biodiesel";"Rigid";"BAU";"%";2030;"0.5";"Current policies";"Diesel"
"OPEX";"Taxes";"DE";"Excise Duty - Reduction biodiesel";"Tractor-Trailer";"BAU";"%";2030;"0.5";"Current policies";"Diesel"
"OPEX";"Taxes";"DE";"Excise Duty - Reduction biodiesel";"Rigid";"PROG";"%";2030;"0.5";"Current policies";"Diesel"
"OPEX";"Taxes";"DE";"Excise Duty - Reduction biodiesel";"Tractor-Trailer";"PROG";"%";2030;"0.5";"Current policies";"Diesel"
"OPEX";"Taxes";"ES";"Excise Duty - Reduction biodiesel";"Rigid";"BAU";"%";2030;"0.5";"Current policies";"Diesel"
"OPEX";"Taxes";"ES";"Excise Duty - Reduction biodiesel";"Tractor-Trailer";"BAU";"%";2030;"0.5";"Current policies";"Diesel"
"OPEX";"Taxes";"ES";"Excise Duty - Reduction biodiesel";"Rigid";"PROG";"%";2030;"0.5";"Current policies";"Diesel"
"OPEX";"Taxes";"ES";"Excise Duty - Reduction biodiesel";"Tractor-Trailer";"PROG";"%";2030;"0.5";"Current policies";"Diesel"
"OPEX";"Taxes";"FR";"Excise Duty - Reduction biodiesel";"Rigid";"BAU";"%";2030;"0.5";"Current policies";"Diesel"
"OPEX";"Taxes";"FR";"Excise Duty - Reduction biodiesel";"Tractor-Trailer";"BAU";"%";2030;"0.5";"Current policies";"Diesel"
"OPEX";"Taxes";"FR";"Excise Duty - Reduction biodiesel";"Rigid";"PROG";"%";2030;"0.5";"Current policies";"Diesel"
"OPEX";"Taxes";"FR";"Excise Duty - Reduction biodiesel";"Tractor-Trailer";"PROG";"%";2030;"0.5";"Current policies";"Diesel"
"OPEX";"Taxes";"IT";"Excise Duty - Reduction biodiesel";"Rigid";"BAU";"%";2030;"0.5";"Current policies";"Diesel"
"OPEX";"Taxes";"IT";"Excise Duty - Reduction biodiesel";"Tractor-Trailer";"BAU";"%";2030;"0.5";"Current policies";"Diesel"
"OPEX";"Taxes";"IT";"Excise Duty - Reduction biodiesel";"Rigid";"PROG";"%";2030;"0.5";"Current policies";"Diesel"
"OPEX";"Taxes";"IT";"Excise Duty - Reduction biodiesel";"Tractor-Trailer";"PROG";"%";2030;"0.5";"Current policies";"Diesel"
"OPEX";"Taxes";"NL";"Excise Duty - Reduction biodiesel";"Rigid";"BAU";"%";2030;"0.5";"Current policies";"Diesel"
"OPEX";"Taxes";"NL";"Excise Duty - Reduction biodiesel";"Tractor-Trailer";"BAU";"%";2030;"0.5";"Current policies";"Diesel"
"OPEX";"Taxes";"NL";"Excise Duty - Reduction biodiesel";"Rigid";"PROG";"%";2030;"0.5";"Current policies";"Diesel"
"OPEX";"Taxes";"NL";"Excise Duty - Reduction biodiesel";"Tractor-Trailer";"PROG";"%";2030;"0.5";"Current policies";"Diesel"
"OPEX";"Taxes";"PL";"Excise Duty - Reduction biodiesel";"Rigid";"BAU";"%";2030;"0.5";"Current policies";"Diesel"
"OPEX";"Taxes";"PL";"Excise Duty - Reduction biodiesel";"Tractor-Trailer";"BAU";"%";2030;"0.5";"Current policies";"Diesel"
"OPEX";"Taxes";"PL";"Excise Duty - Reduction biodiesel";"Rigid";"PROG";"%";2030;"0.5";"Current policies";"Diesel"
"OPEX";"Taxes";"PL";"Excise Duty - Reduction biodiesel";"Tractor-Trailer";"PROG";"%";2030;"0.5";"Current policies";"Diesel"
"OPEX";"Taxes";"UK";"Excise Duty - Reduction biodiesel";"Rigid";"BAU";"%";2030;"0.5";"Current policies";"Diesel"
"OPEX";"Taxes";"UK";"Excise Duty - Reduction biodiesel";"Tractor-Trailer";"BAU";"%";2030;"0.5";"Current policies";"Diesel"
"OPEX";"Taxes";"UK";"Excise Duty - Reduction biodiesel";"Rigid";"PROG";"%";2030;"0.5";"Current policies";"Diesel"
"OPEX";"Taxes";"UK";"Excise Duty - Reduction biodiesel";"Tractor-Trailer";"PROG";"%";2030;"0.5";"Current policies";"Diesel"
"OPEX";"Taxes";"DE";"Excise Duty - Reduction Synthetic Diesel (E-Fuels)";"Rigid";"BAU";"%";2030;"0.5";"Current policies";"Diesel"
"OPEX";"Taxes";"DE";"Excise Duty - Reduction Synthetic Diesel (E-Fuels)";"Tractor-Trailer";"BAU";"%";2030;"0.5";"Current policies";"Diesel"
"OPEX";"Taxes";"DE";"Excise Duty - Reduction Synthetic Diesel (E-Fuels)";"Rigid";"PROG";"%";2030;"0.5";"Current policies";"Diesel"
"OPEX";"Taxes";"DE";"Excise Duty - Reduction Synthetic Diesel (E-Fuels)";"Tractor-Trailer";"PROG";"%";2030;"0.5";"Current policies";"Diesel"
"OPEX";"Taxes";"ES";"Excise Duty - Reduction Synthetic Diesel (E-Fuels)";"Rigid";"BAU";"%";2030;"0.5";"Current policies";"Diesel"
"OPEX";"Taxes";"ES";"Excise Duty - Reduction Synthetic Diesel (E-Fuels)";"Tractor-Trailer";"BAU";"%";2030;"0.5";"Current policies";"Diesel"
"OPEX";"Taxes";"ES";"Excise Duty - Reduction Synthetic Diesel (E-Fuels)";"Rigid";"PROG";"%";2030;"0.5";"Current policies";"Diesel"
"OPEX";"Taxes";"ES";"Excise Duty - Reduction Synthetic Diesel (E-Fuels)";"Tractor-Trailer";"PROG";"%";2030;"0.5";"Current policies";"Diesel"
"OPEX";"Taxes";"FR";"Excise Duty - Reduction Synthetic Diesel (E-Fuels)";"Rigid";"BAU";"%";2030;"0.5";"Current policies";"Diesel"
"OPEX";"Taxes";"FR";"Excise Duty - Reduction Synthetic Diesel (E-Fuels)";"Tractor-Trailer";"BAU";"%";2030;"0.5";"Current policies";"Diesel"
"OPEX";"Taxes";"FR";"Excise Duty - Reduction Synthetic Diesel (E-Fuels)";"Rigid";"PROG";"%";2030;"0.5";"Current policies";"Diesel"
"OPEX";"Taxes";"FR";"Excise Duty - Reduction Synthetic Diesel (E-Fuels)";"Tractor-Trailer";"PROG";"%";2030;"0.5";"Current policies";"Diesel"
"OPEX";"Taxes";"IT";"Excise Duty - Reduction Synthetic Diesel (E-Fuels)";"Rigid";"BAU";"%";2030;"0.5";"Current policies";"Diesel"
"OPEX";"Taxes";"IT";"Excise Duty - Reduction Synthetic Diesel (E-Fuels)";"Tractor-Trailer";"BAU";"%";2030;"0.5";"Current policies";"Diesel"
"OPEX";"Taxes";"IT";"Excise Duty - Reduction Synthetic Diesel (E-Fuels)";"Rigid";"PROG";"%";2030;"0.5";"Current policies";"Diesel"
"OPEX";"Taxes";"IT";"Excise Duty - Reduction Synthetic Diesel (E-Fuels)";"Tractor-Trailer";"PROG";"%";2030;"0.5";"Current policies";"Diesel"
"OPEX";"Taxes";"NL";"Excise Duty - Reduction Synthetic Diesel (E-Fuels)";"Rigid";"BAU";"%";2030;"0.5";"Current policies";"Diesel"
"OPEX";"Taxes";"NL";"Excise Duty - Reduction Synthetic Diesel (E-Fuels)";"Tractor-Trailer";"BAU";"%";2030;"0.5";"Current policies";"Diesel"
"OPEX";"Taxes";"NL";"Excise Duty - Reduction Synthetic Diesel (E-Fuels)";"Rigid";"PROG";"%";2030;"0.5";"Current policies";"Diesel"
"OPEX";"Taxes";"NL";"Excise Duty - Reduction Synthetic Diesel (E-Fuels)";"Tractor-Trailer";"PROG";"%";2030;"0.5";"Current policies";"Diesel"
"OPEX";"Taxes";"PL";"Excise Duty - Reduction Synthetic Diesel (E-Fuels)";"Rigid";"BAU";"%";2030;"0.5";"Current policies";"Diesel"
"OPEX";"Taxes";"PL";"Excise Duty - Reduction Synthetic Diesel (E-Fuels)";"Tractor-Trailer";"BAU";"%";2030;"0.5";"Current policies";"Diesel"
"OPEX";"Taxes";"PL";"Excise Duty - Reduction Synthetic Diesel (E-Fuels)";"Rigid";"PROG";"%";2030;"0.5";"Current policies";"Diesel"
"OPEX";"Taxes";"PL";"Excise Duty - Reduction Synthetic Diesel (E-Fuels)";"Tractor-Trailer";"PROG";"%";2030;"0.5";"Current policies";"Diesel"
"OPEX";"Taxes";"UK";"Excise Duty - Reduction Synthetic Diesel (E-Fuels)";"Rigid";"BAU";"%";2030;"0.5";"Current policies";"Diesel"
"OPEX";"Taxes";"UK";"Excise Duty - Reduction Synthetic Diesel (E-Fuels)";"Tractor-Trailer";"BAU";"%";2030;"0.5";"Current policies";"Diesel"
"OPEX";"Taxes";"UK";"Excise Duty - Reduction Synthetic Diesel (E-Fuels)";"Rigid";"PROG";"%";2030;"0.5";"Current policies";"Diesel"
"OPEX";"Taxes";"UK";"Excise Duty - Reduction Synthetic Diesel (E-Fuels)";"Tractor-Trailer";"PROG";"%";2030;"0.5";"Current policies";"Diesel"
"OPEX";"Taxes";"DE";"Taxes, Fees, Levies and charges - H2";"Rigid";"BAU";"EUR/kWh";2030;"0.015";"Current policies";"Hydrogen"
"OPEX";"Taxes";"DE";"Taxes, Fees, Levies and charges - H2";"Tractor-Trailer";"BAU";"EUR/kWh";2030;"0.015";"Current policies";"Hydrogen"
"OPEX";"Taxes";"DE";"Taxes, Fees, Levies and charges - H2";"Rigid";"PROG";"EUR/kWh";2030;"0.015";"Current policies";"Hydrogen"
"OPEX";"Taxes";"DE";"Taxes, Fees, Levies and charges - H2";"Tractor-Trailer";"PROG";"EUR/kWh";2030;"0.015";"Current policies";"Hydrogen"
"OPEX";"Taxes";"ES";"Taxes, Fees, Levies and charges - H2";"Rigid";"BAU";"EUR/kWh";2030;"0.008";"Current policies";"Hydrogen"
"OPEX";"Taxes";"ES";"Taxes, Fees, Levies and charges - H2";"Tractor-Trailer";"BAU";"EUR/kWh";2030;"0.008";"Current policies";"Hydrogen"
"OPEX";"Taxes";"ES";"Taxes, Fees, Levies and charges - H2";"Rigid";"PROG";"EUR/kWh";2030;"0.008";"Current policies";"Hydrogen"
"OPEX";"Taxes";"ES";"Taxes, Fees, Levies and charges - H2";"Tractor-Trailer";"PROG";"EUR/kWh";2030;"0.008";"Current policies";"Hydrogen"
"OPEX";"Taxes";"FR";"Taxes, Fees, Levies and charges - H2";"Rigid";"BAU";"EUR/kWh";2030;"0.012";"Current policies";"Hydrogen"
"OPEX";"Taxes";"FR";"Taxes, Fees, Levies and charges - H2";"Tractor-Trailer";"BAU";"EUR/kWh";2030;"0.012";"Current policies";"Hydrogen"
"OPEX";"Taxes";"FR";"Taxes, Fees, Levies and charges - H2";"Rigid";"PROG";"EUR/kWh";2030;"0.012";"Current policies";"Hydrogen"
"OPEX";"Taxes";"FR";"Taxes, Fees, Levies and charges - H2";"Tractor-Trailer";"PROG";"EUR/kWh";2030;"0.012";"Current policies";"Hydrogen"
"OPEX";"Taxes";"IT";"Taxes, Fees, Levies and charges - H2";"Rigid";"BAU";"EUR/kWh";2030;"0.009";"Current policies";"Hydrogen"
"OPEX";"Taxes";"IT";"Taxes, Fees, Levies and charges - H2";"Tractor-Trailer";"BAU";"EUR/kWh";2030;"0.009";"Current policies";"Hydrogen"
"OPEX";"Taxes";"IT";"Taxes, Fees, Levies and charges - H2";"Rigid";"PROG";"EUR/kWh";2030;"0.009";"Current policies";"Hydrogen"
"OPEX";"Taxes";"IT";"Taxes, Fees, Levies and charges - H2";"Tractor-Trailer";"PROG";"EUR/kWh";2030;"0.009";"Current policies";"Hydrogen"
"OPEX";"Taxes";"NL";"Taxes, Fees, Levies and charges - H2";"Rigid";"BAU";"EUR/kWh";2030;"0.024";"Current policies";"Hydrogen"
"OPEX";"Taxes";"NL";"Taxes, Fees, Levies and charges - H2";"Tractor-Trailer";"BAU";"EUR/kWh";2030;"0.024";"Current policies";"Hydrogen"
"OPEX";"Taxes";"NL";"Taxes, Fees, Levies and charges - H2";"Rigid";"PROG";"EUR/kWh";2030;"0.024";"Current policies";"Hydrogen"
"OPEX";"Taxes";"NL";"Taxes, Fees, Levies and charges - H2";"Tractor-Trailer";"PROG";"EUR/kWh";2030;"0.024";"Current policies";"Hydrogen"
"OPEX";"Taxes";"PL";"Taxes, Fees, Levies and charges - H2";"Rigid";"BAU";"EUR/kWh";2030;"0.009";"Current policies";"Hydrogen"
"OPEX";"Taxes";"PL";"Taxes, Fees, Levies and charges - H2";"Tractor-Trailer";"BAU";"EUR/kWh";2030;"0.009";"Current policies";"Hydrogen"
"OPEX";"Taxes";"PL";"Taxes, Fees, Levies and charges - H2";"Rigid";"PROG";"EUR/kWh";2030;"0.009";"Current policies";"Hydrogen"
"OPEX";"Taxes";"PL";"Taxes, Fees, Levies and charges - H2";"Tractor-Trailer";"PROG";"EUR/kWh";2030;"0.009";"Current policies";"Hydrogen"
"OPEX";"Taxes";"UK";"Taxes, Fees, Levies and charges - H2";"Rigid";"BAU";"EUR/kWh";2030;"0.006";"Current policies";"Hydrogen"
"OPEX";"Taxes";"UK";"Taxes, Fees, Levies and charges - H2";"Tractor-Trailer";"BAU";"EUR/kWh";2030;"0.006";"Current policies";"Hydrogen"
"OPEX";"Taxes";"UK";"Taxes, Fees, Levies and charges - H2";"Rigid";"PROG";"EUR/kWh";2030;"0.006";"Current policies";"Hydrogen"
"OPEX";"Taxes";"UK";"Taxes, Fees, Levies and charges - H2";"Tractor-Trailer";"PROG";"EUR/kWh";2030;"0.006";"Current policies";"Hydrogen"
"OPEX";"Charging Infrastructure";"DE";"MCS grid extension";"Rigid";"PROG";"EUR/kWh";2030;"0.075";"Current policies";"Electricity"
"OPEX";"Charging Infrastructure";"DE";"MCS grid extension";"Tractor-Trailer";"PROG";"EUR/kWh";2030;"0.075";"Current policies";"Electricity"
"OPEX";"Charging Infrastructure";"DE";"MCS grid extension";"Rigid";"BAU";"EUR/kWh";2030;"0.075";"Current policies";"Electricity"
"OPEX";"Charging Infrastructure";"DE";"MCS grid extension";"Tractor-Trailer";"BAU";"EUR/kWh";2030;"0.075";"Current policies";"Electricity"
"OPEX";"Charging Infrastructure";"ES";"MCS grid extension";"Rigid";"PROG";"EUR/kWh";2030;"0.075";"Current policies";"Electricity"
"OPEX";"Charging Infrastructure";"ES";"MCS grid extension";"Tractor-Trailer";"PROG";"EUR/kWh";2030;"0.075";"Current policies";"Electricity"
"OPEX";"Charging Infrastructure";"ES";"MCS grid extension";"Rigid";"BAU";"EUR/kWh";2030;"0.075";"Current policies";"Electricity"
"OPEX";"Charging Infrastructure";"ES";"MCS grid extension";"Tractor-Trailer";"BAU";"EUR/kWh";2030;"0.075";"Current policies";"Electricity"
"OPEX";"Charging Infrastructure";"FR";"MCS grid extension";"Rigid";"PROG";"EUR/kWh";2030;"0.075";"Current policies";"Electricity"
"OPEX";"Charging Infrastructure";"FR";"MCS grid extension";"Tractor-Trailer";"PROG";"EUR/kWh";2030;"0.075";"Current policies";"Electricity"
"OPEX";"Charging Infrastructure";"FR";"MCS grid extension";"Rigid";"BAU";"EUR/kWh";2030;"0.075";"Current policies";"Electricity"
"OPEX";"Charging Infrastructure";"FR";"MCS grid extension";"Tractor-Trailer";"BAU";"EUR/kWh";2030;"0.075";"Current policies";"Electricity"
"OPEX";"Charging Infrastructure";"IT";"MCS grid extension";"Rigid";"PROG";"EUR/kWh";2030;"0.075";"Current policies";"Electricity"
"OPEX";"Charging Infrastructure";"IT";"MCS grid extension";"Tractor-Trailer";"PROG";"EUR/kWh";2030;"0.075";"Current policies";"Electricity"
"OPEX";"Charging Infrastructure";"IT";"MCS grid extension";"Rigid";"BAU";"EUR/kWh";2030;"0.075";"Current policies";"Electricity"
"OPEX";"Charging Infrastructure";"IT";"MCS grid extension";"Tractor-Trailer";"BAU";"EUR/kWh";2030;"0.075";"Current policies";"Electricity"
"OPEX";"Charging Infrastructure";"NL";"MCS grid extension";"Rigid";"PROG";"EUR/kWh";2030;"0.075";"Current policies";"Electricity"
"OPEX";"Charging Infrastructure";"NL";"MCS grid extension";"Tractor-Trailer";"PROG";"EUR/kWh";2030;"0.075";"Current policies";"Electricity"
"OPEX";"Charging Infrastructure";"NL";"MCS grid extension";"Rigid";"BAU";"EUR/kWh";2030;"0.075";"Current policies";"Electricity"
"OPEX";"Charging Infrastructure";"NL";"MCS grid extension";"Tractor-Trailer";"BAU";"EUR/kWh";2030;"0.075";"Current policies";"Electricity"
"OPEX";"Charging Infrastructure";"PL";"MCS grid extension";"Rigid";"PROG";"EUR/kWh";2030;"0.075";"Current policies";"Electricity"
"OPEX";"Charging Infrastructure";"PL";"MCS grid extension";"Tractor-Trailer";"PROG";"EUR/kWh";2030;"0.075";"Current policies";"Electricity"
"OPEX";"Charging Infrastructure";"PL";"MCS grid extension";"Rigid";"BAU";"EUR/kWh";2030;"0.075";"Current policies";"Electricity"
"OPEX";"Charging Infrastructure";"PL";"MCS grid extension";"Tractor-Trailer";"BAU";"EUR/kWh";2030;"0.075";"Current policies";"Electricity"
"OPEX";"Charging Infrastructure";"UK";"MCS grid extension";"Rigid";"PROG";"EUR/kWh";2030;"0.075";"Current policies";"Electricity"
"OPEX";"Charging Infrastructure";"UK";"MCS grid extension";"Tractor-Trailer";"PROG";"EUR/kWh";2030;"0.075";"Current policies";"Electricity"
"OPEX";"Charging Infrastructure";"UK";"MCS grid extension";"Rigid";"BAU";"EUR/kWh";2030;"0.075";"Current policies";"Electricity"
"OPEX";"Charging Infrastructure";"UK";"MCS grid extension";"Tractor-Trailer";"BAU";"EUR/kWh";2030;"0.075";"Current policies";"Electricity"
"OPEX";"Charging Infrastructure";"DE";"MCS Profit and Mark-Up";"Rigid";"PROG";"%";2030;"0.1";"Current policies";"Electricity"
"OPEX";"Charging Infrastructure";"DE";"MCS Profit and Mark-Up";"Tractor-Trailer";"PROG";"%";2030;"0.1";"Current policies";"Electricity"
"OPEX";"Charging Infrastructure";"DE";"MCS Profit and Mark-Up";"Rigid";"BAU";"%";2030;"0.1";"Current policies";"Electricity"
"OPEX";"Charging Infrastructure";"DE";"MCS Profit and Mark-Up";"Tractor-Trailer";"BAU";"%";2030;"0.1";"Current policies";"Electricity"
"OPEX";"Charging Infrastructure";"ES";"MCS Profit and Mark-Up";"Rigid";"PROG";"%";2030;"0.1";"Current policies";"Electricity"
"OPEX";"Charging Infrastructure";"ES";"MCS Profit and Mark-Up";"Tractor-Trailer";"PROG";"%";2030;"0.1";"Current policies";"Electricity"
"OPEX";"Charging Infrastructure";"ES";"MCS Profit and Mark-Up";"Rigid";"BAU";"%";2030;"0.1";"Current policies";"Electricity"
"OPEX";"Charging Infrastructure";"ES";"MCS Profit and Mark-Up";"Tractor-Trailer";"BAU";"%";2030;"0.1";"Current policies";"Electricity"
"OPEX";"Charging Infrastructure";"FR";"MCS Profit and Mark-Up";"Rigid";"PROG";"%";2030;"0.1";"Current policies";"Electricity"
"OPEX";"Charging Infrastructure";"FR";"MCS Profit and Mark-Up";"Tractor-Trailer";"PROG";"%";2030;"0.1";"Current policies";"Electricity"
"OPEX";"Charging Infrastructure";"FR";"MCS Profit and Mark-Up";"Rigid";"BAU";"%";2030;"0.1";"Current policies";"Electricity"
"OPEX";"Charging Infrastructure";"FR";"MCS Profit and Mark-Up";"Tractor-Trailer";"BAU";"%";2030;"0.1";"Current policies";"Electricity"
"OPEX";"Charging Infrastructure";"IT";"MCS Profit and Mark-Up";"Rigid";"PROG";"%";2030;"0.1";"Current policies";"Electricity"
"OPEX";"Charging Infrastructure";"IT";"MCS Profit and Mark-Up";"Tractor-Trailer";"PROG";"%";2030;"0.1";"Current policies";"Electricity"
"OPEX";"Charging Infrastructure";"IT";"MCS Profit and Mark-Up";"Rigid";"BAU";"%";2030;"0.1";"Current policies";"Electricity"
"OPEX";"Charging Infrastructure";"IT";"MCS Profit and Mark-Up";"Tractor-Trailer";"BAU";"%";2030;"0.1";"Current policies";"Electricity"
"OPEX";"Charging Infrastructure";"NL";"MCS Profit and Mark-Up";"Rigid";"PROG";"%";2030;"0.1";"Current policies";"Electricity"
"OPEX";"Charging Infrastructure";"NL";"MCS Profit and Mark-Up";"Tractor-Trailer";"PROG";"%";2030;"0.1";"Current policies";"Electricity"
"OPEX";"Charging Infrastructure";"NL";"MCS Profit and Mark-Up";"Rigid";"BAU";"%";2030;"0.1";"Current policies";"Electricity"
"OPEX";"Charging Infrastructure";"NL";"MCS Profit and Mark-Up";"Tractor-Trailer";"BAU";"%";2030;"0.1";"Current policies";"Electricity"
"OPEX";"Charging Infrastructure";"PL";"MCS Profit and Mark-Up";"Rigid";"PROG";"%";2030;"0.1";"Current policies";"Electricity"
"OPEX";"Charging Infrastructure";"PL";"MCS Profit and Mark-Up";"Tractor-Trailer";"PROG";"%";2030;"0.1";"Current policies";"Electricity"
"OPEX";"Charging Infrastructure";"PL";"MCS Profit and Mark-Up";"Rigid";"BAU";"%";2030;"0.1";"Current policies";"Electricity"
"OPEX";"Charging Infrastructure";"PL";"MCS Profit and Mark-Up";"Tractor-Trailer";"BAU";"%";2030;"0.1";"Current policies";"Electricity"
"OPEX";"Charging Infrastructure";"UK";"MCS Profit and Mark-Up";"Rigid";"PROG";"%";2030;"0.1";"Current policies";"Electricity"
"OPEX";"Charging Infrastructure";"UK";"MCS Profit and Mark-Up";"Tractor-Trailer";"PROG";"%";2030;"0.1";"Current policies";"Electricity"
"OPEX";"Charging Infrastructure";"UK";"MCS Profit and Mark-Up";"Rigid";"BAU";"%";2030;"0.1";"Current policies";"Electricity"
"OPEX";"Charging Infrastructure";"UK";"MCS Profit and Mark-Up";"Tractor-Trailer";"BAU";"%";2030;"0.1";"Current policies";"Electricity"
"OPEX";"Charging Infrastructure";"DE";"CCS Station (Depot) - Incl. Overhead";"Rigid";"PROG";"EUR/kWh";2030;"0.029";"Current policies";"Electricity"
"OPEX";"Charging Infrastructure";"DE";"CCS Station (Depot) - Incl. Overhead";"Tractor-Trailer";"PROG";"EUR/kWh";2030;"0.029";"Current policies";"Electricity"
"OPEX";"Charging Infrastructure";"DE";"CCS Station (Depot) - Incl. Overhead";"Rigid";"BAU";"EUR/kWh";2030;"0.029";"Current policies";"Electricity"
"OPEX";"Charging Infrastructure";"DE";"CCS Station (Depot) - Incl. Overhead";"Tractor-Trailer";"BAU";"EUR/kWh";2030;"0.029";"Current policies";"Electricity"
"OPEX";"Charging Infrastructure";"ES";"CCS Station (Depot) - Incl. Overhead";"Rigid";"PROG";"EUR/kWh";2030;"0.029";"Current policies";"Electricity"
"OPEX";"Charging Infrastructure";"ES";"CCS Station (Depot) - Incl. Overhead";"Tractor-Trailer";"PROG";"EUR/kWh";2030;"0.029";"Current policies";"Electricity"
"OPEX";"Charging Infrastructure";"ES";"CCS Station (Depot) - Incl. Overhead";"Rigid";"BAU";"EUR/kWh";2030;"0.029";"Current policies";"Electricity"
"OPEX";"Charging Infrastructure";"ES";"CCS Station (Depot) - Incl. Overhead";"Tractor-Trailer";"BAU";"EUR/kWh";2030;"0.029";"Current policies";"Electricity"
"OPEX";"Charging Infrastructure";"FR";"CCS Station (Depot) - Incl. Overhead";"Rigid";"PROG";"EUR/kWh";2030;"0.029";"Current policies";"Electricity"
"OPEX";"Charging Infrastructure";"FR";"CCS Station (Depot) - Incl. Overhead";"Tractor-Trailer";"PROG";"EUR/kWh";2030;"0.029";"Current policies";"Electricity"
"OPEX";"Charging Infrastructure";"FR";"CCS Station (Depot) - Incl. Overhead";"Rigid";"BAU";"EUR/kWh";2030;"0.029";"Current policies";"Electricity"
"OPEX";"Charging Infrastructure";"FR";"CCS Station (Depot) - Incl. Overhead";"Tractor-Trailer";"BAU";"EUR/kWh";2030;"0.029";"Current policies";"Electricity"
"OPEX";"Charging Infrastructure";"IT";"CCS Station (Depot) - Incl. Overhead";"Rigid";"PROG";"EUR/kWh";2030;"0.029";"Current policies";"Electricity"
"OPEX";"Charging Infrastructure";"IT";"CCS Station (Depot) - Incl. Overhead";"Tractor-Trailer";"PROG";"EUR/kWh";2030;"0.029";"Current policies";"Electricity"
"OPEX";"Charging Infrastructure";"IT";"CCS Station (Depot) - Incl. Overhead";"Rigid";"BAU";"EUR/kWh";2030;"0.029";"Current policies";"Electricity"
"OPEX";"Charging Infrastructure";"IT";"CCS Station (Depot) - Incl. Overhead";"Tractor-Trailer";"BAU";"EUR/kWh";2030;"0.029";"Current policies";"Electricity"
"OPEX";"Charging Infrastructure";"NL";"CCS Station (Depot) - Incl. Overhead";"Rigid";"PROG";"EUR/kWh";2030;"0.029";"Current policies";"Electricity"
"OPEX";"Charging Infrastructure";"NL";"CCS Station (Depot) - Incl. Overhead";"Tractor-Trailer";"PROG";"EUR/kWh";2030;"0.029";"Current policies";"Electricity"
"OPEX";"Charging Infrastructure";"NL";"CCS Station (Depot) - Incl. Overhead";"Rigid";"BAU";"EUR/kWh";2030;"0.029";"Current policies";"Electricity"
"OPEX";"Charging Infrastructure";"NL";"CCS Station (Depot) - Incl. Overhead";"Tractor-Trailer";"BAU";"EUR/kWh";2030;"0.029";"Current policies";"Electricity"
"OPEX";"Charging Infrastructure";"PL";"CCS Station (Depot) - Incl. Overhead";"Rigid";"PROG";"EUR/kWh";2030;"0.029";"Current policies";"Electricity"
"OPEX";"Charging Infrastructure";"PL";"CCS Station (Depot) - Incl. Overhead";"Tractor-Trailer";"PROG";"EUR/kWh";2030;"0.029";"Current policies";"Electricity"
"OPEX";"Charging Infrastructure";"PL";"CCS Station (Depot) - Incl. Overhead";"Rigid";"BAU";"EUR/kWh";2030;"0.029";"Current policies";"Electricity"
"OPEX";"Charging Infrastructure";"PL";"CCS Station (Depot) - Incl. Overhead";"Tractor-Trailer";"BAU";"EUR/kWh";2030;"0.029";"Current policies";"Electricity"
"OPEX";"Charging Infrastructure";"UK";"CCS Station (Depot) - Incl. Overhead";"Rigid";"PROG";"EUR/kWh";2030;"0.029";"Current policies";"Electricity"
"OPEX";"Charging Infrastructure";"UK";"CCS Station (Depot) - Incl. Overhead";"Tractor-Trailer";"PROG";"EUR/kWh";2030;"0.029";"Current policies";"Electricity"
"OPEX";"Charging Infrastructure";"UK";"CCS Station (Depot) - Incl. Overhead";"Rigid";"BAU";"EUR/kWh";2030;"0.029";"Current policies";"Electricity"
"OPEX";"Charging Infrastructure";"UK";"CCS Station (Depot) - Incl. Overhead";"Tractor-Trailer";"BAU";"EUR/kWh";2030;"0.029";"Current policies";"Electricity"
"OPEX";"Charging Infrastructure";"DE";"CCS grid extension";"Rigid";"PROG";"EUR/kWh";2030;"0.045";"Current policies";"Electricity"
"OPEX";"Charging Infrastructure";"DE";"CCS grid extension";"Tractor-Trailer";"PROG";"EUR/kWh";2030;"0.045";"Current policies";"Electricity"
"OPEX";"Charging Infrastructure";"DE";"CCS grid extension";"Rigid";"BAU";"EUR/kWh";2030;"0.045";"Current policies";"Electricity"
"OPEX";"Charging Infrastructure";"DE";"CCS grid extension";"Tractor-Trailer";"BAU";"EUR/kWh";2030;"0.045";"Current policies";"Electricity"
"OPEX";"Charging Infrastructure";"ES";"CCS grid extension";"Rigid";"PROG";"EUR/kWh";2030;"0.045";"Current policies";"Electricity"
"OPEX";"Charging Infrastructure";"ES";"CCS grid extension";"Tractor-Trailer";"PROG";"EUR/kWh";2030;"0.045";"Current policies";"Electricity"
"OPEX";"Charging Infrastructure";"ES";"CCS grid extension";"Rigid";"BAU";"EUR/kWh";2030;"0.045";"Current policies";"Electricity"
"OPEX";"Charging Infrastructure";"ES";"CCS grid extension";"Tractor-Trailer";"BAU";"EUR/kWh";2030;"0.045";"Current policies";"Electricity"
"OPEX";"Charging Infrastructure";"FR";"CCS grid extension";"Rigid";"PROG";"EUR/kWh";2030;"0.045";"Current policies";"Electricity"
"OPEX";"Charging Infrastructure";"FR";"CCS grid extension";"Tractor-Trailer";"PROG";"EUR/kWh";2030;"0.045";"Current policies";"Electricity"
"OPEX";"Charging Infrastructure";"FR";"CCS grid extension";"Rigid";"BAU";"EUR/kWh";2030;"0.045";"Current policies";"Electricity"
"OPEX";"Charging Infrastructure";"FR";"CCS grid extension";"Tractor-Trailer";"BAU";"EUR/kWh";2030;"0.045";"Current policies";"Electricity"
"OPEX";"Charging Infrastructure";"IT";"CCS grid extension";"Rigid";"PROG";"EUR/kWh";2030;"0.045";"Current policies";"Electricity"
"OPEX";"Charging Infrastructure";"IT";"CCS grid extension";"Tractor-Trailer";"PROG";"EUR/kWh";2030;"0.045";"Current policies";"Electricity"
"OPEX";"Charging Infrastructure";"IT";"CCS grid extension";"Rigid";"BAU";"EUR/kWh";2030;"0.045";"Current policies";"Electricity"
"OPEX";"Charging Infrastructure";"IT";"CCS grid extension";"Tractor-Trailer";"BAU";"EUR/kWh";2030;"0.045";"Current policies";"Electricity"
"OPEX";"Charging Infrastructure";"NL";"CCS grid extension";"Rigid";"PROG";"EUR/kWh";2030;"0.045";"Current policies";"Electricity"
"OPEX";"Charging Infrastructure";"NL";"CCS grid extension";"Tractor-Trailer";"PROG";"EUR/kWh";2030;"0.045";"Current policies";"Electricity"
"OPEX";"Charging Infrastructure";"NL";"CCS grid extension";"Rigid";"BAU";"EUR/kWh";2030;"0.045";"Current policies";"Electricity"
"OPEX";"Charging Infrastructure";"NL";"CCS grid extension";"Tractor-Trailer";"BAU";"EUR/kWh";2030;"0.045";"Current policies";"Electricity"
"OPEX";"Charging Infrastructure";"PL";"CCS grid extension";"Rigid";"PROG";"EUR/kWh";2030;"0.045";"Current policies";"Electricity"
"OPEX";"Charging Infrastructure";"PL";"CCS grid extension";"Tractor-Trailer";"PROG";"EUR/kWh";2030;"0.045";"Current policies";"Electricity"
"OPEX";"Charging Infrastructure";"PL";"CCS grid extension";"Rigid";"BAU";"EUR/kWh";2030;"0.045";"Current policies";"Electricity"
"OPEX";"Charging Infrastructure";"PL";"CCS grid extension";"Tractor-Trailer";"BAU";"EUR/kWh";2030;"0.045";"Current policies";"Electricity"
"OPEX";"Charging Infrastructure";"UK";"CCS grid extension";"Rigid";"PROG";"EUR/kWh";2030;"0.045";"Current policies";"Electricity"
"OPEX";"Charging Infrastructure";"UK";"CCS grid extension";"Tractor-Trailer";"PROG";"EUR/kWh";2030;"0.045";"Current policies";"Electricity"
"OPEX";"Charging Infrastructure";"UK";"CCS grid extension";"Rigid";"BAU";"EUR/kWh";2030;"0.045";"Current policies";"Electricity"
"OPEX";"Charging Infrastructure";"UK";"CCS grid extension";"Tractor-Trailer";"BAU";"EUR/kWh";2030;"0.045";"Current policies";"Electricity"
"OPEX";"Diesel Infrastructure";"DE";"Total Diesel Mark-Up";"Rigid";"BAU";"EUR/kWh";2030;"0.018";"Current policies";"Diesel"
"OPEX";"Diesel Infrastructure";"DE";"Total Diesel Mark-Up";"Tractor-Trailer";"BAU";"EUR/kWh";2030;"0.018";"Current policies";"Diesel"
"OPEX";"Diesel Infrastructure";"DE";"Total Diesel Mark-Up";"Rigid";"PROG";"EUR/kWh";2030;"0.018";"Current policies";"Diesel"
"OPEX";"Diesel Infrastructure";"DE";"Total Diesel Mark-Up";"Tractor-Trailer";"PROG";"EUR/kWh";2030;"0.018";"Current policies";"Diesel"
"OPEX";"Diesel Infrastructure";"ES";"Total Diesel Mark-Up";"Rigid";"BAU";"EUR/kWh";2030;"0.018";"Current policies";"Diesel"
"OPEX";"Diesel Infrastructure";"ES";"Total Diesel Mark-Up";"Tractor-Trailer";"BAU";"EUR/kWh";2030;"0.018";"Current policies";"Diesel"
"OPEX";"Diesel Infrastructure";"ES";"Total Diesel Mark-Up";"Rigid";"PROG";"EUR/kWh";2030;"0.018";"Current policies";"Diesel"
"OPEX";"Diesel Infrastructure";"ES";"Total Diesel Mark-Up";"Tractor-Trailer";"PROG";"EUR/kWh";2030;"0.018";"Current policies";"Diesel"
"OPEX";"Diesel Infrastructure";"FR";"Total Diesel Mark-Up";"Rigid";"BAU";"EUR/kWh";2030;"0.018";"Current policies";"Diesel"
"OPEX";"Diesel Infrastructure";"FR";"Total Diesel Mark-Up";"Tractor-Trailer";"BAU";"EUR/kWh";2030;"0.018";"Current policies";"Diesel"
"OPEX";"Diesel Infrastructure";"FR";"Total Diesel Mark-Up";"Rigid";"PROG";"EUR/kWh";2030;"0.018";"Current policies";"Diesel"
"OPEX";"Diesel Infrastructure";"FR";"Total Diesel Mark-Up";"Tractor-Trailer";"PROG";"EUR/kWh";2030;"0.018";"Current policies";"Diesel"
"OPEX";"Diesel Infrastructure";"IT";"Total Diesel Mark-Up";"Rigid";"BAU";"EUR/kWh";2030;"0.018";"Current policies";"Diesel"
"OPEX";"Diesel Infrastructure";"IT";"Total Diesel Mark-Up";"Tractor-Trailer";"BAU";"EUR/kWh";2030;"0.018";"Current policies";"Diesel"
"OPEX";"Diesel Infrastructure";"IT";"Total Diesel Mark-Up";"Rigid";"PROG";"EUR/kWh";2030;"0.018";"Current policies";"Diesel"
"OPEX";"Diesel Infrastructure";"IT";"Total Diesel Mark-Up";"Tractor-Trailer";"PROG";"EUR/kWh";2030;"0.018";"Current policies";"Diesel"
"OPEX";"Diesel Infrastructure";"NL";"Total Diesel Mark-Up";"Rigid";"BAU";"EUR/kWh";2030;"0.018";"Current policies";"Diesel"
"OPEX";"Diesel Infrastructure";"NL";"Total Diesel Mark-Up";"Tractor-Trailer";"BAU";"EUR/kWh";2030;"0.018";"Current policies";"Diesel"
"OPEX";"Diesel Infrastructure";"NL";"Total Diesel Mark-Up";"Rigid";"PROG";"EUR/kWh";2030;"0.018";"Current policies";"Diesel"
"OPEX";"Diesel Infrastructure";"NL";"Total Diesel Mark-Up";"Tractor-Trailer";"PROG";"EUR/kWh";2030;"0.018";"Current policies";"Diesel"
"OPEX";"Diesel Infrastructure";"PL";"Total Diesel Mark-Up";"Rigid";"BAU";"EUR/kWh";2030;"0.018";"Current policies";"Diesel"
"OPEX";"Diesel Infrastructure";"PL";"Total Diesel Mark-Up";"Tractor-Trailer";"BAU";"EUR/kWh";2030;"0.018";"Current policies";"Diesel"
"OPEX";"Diesel Infrastructure";"PL";"Total Diesel Mark-Up";"Rigid";"PROG";"EUR/kWh";2030;"0.018";"Current policies";"Diesel"
"OPEX";"Diesel Infrastructure";"PL";"Total Diesel Mark-Up";"Tractor-Trailer";"PROG";"EUR/kWh";2030;"0.018";"Current policies";"Diesel"
"OPEX";"Diesel Infrastructure";"UK";"Total Diesel Mark-Up";"Rigid";"BAU";"EUR/kWh";2030;"0.018";"Current policies";"Diesel"
"OPEX";"Diesel Infrastructure";"UK";"Total Diesel Mark-Up";"Tractor-Trailer";"BAU";"EUR/kWh";2030;"0.018";"Current policies";"Diesel"
"OPEX";"Diesel Infrastructure";"UK";"Total Diesel Mark-Up";"Rigid";"PROG";"EUR/kWh";2030;"0.018";"Current policies";"Diesel"
"OPEX";"Diesel Infrastructure";"UK";"Total Diesel Mark-Up";"Tractor-Trailer";"PROG";"EUR/kWh";2030;"0.018";"Current policies";"Diesel"
"OPEX";"Diesel Infrastructure";"DE";"CO2 emission factor Biodiesel";"Rigid";"BAU";"%";2030;"0.166";"Current policies";"Diesel"
"OPEX";"Diesel Infrastructure";"DE";"CO2 emission factor Biodiesel";"Tractor-Trailer";"BAU";"%";2030;"0.166";"Current policies";"Diesel"
"OPEX";"Diesel Infrastructure";"DE";"CO2 emission factor Biodiesel";"Rigid";"PROG";"%";2030;"0.166";"Current policies";"Diesel"
"OPEX";"Diesel Infrastructure";"DE";"CO2 emission factor Biodiesel";"Tractor-Trailer";"PROG";"%";2030;"0.166";"Current policies";"Diesel"
"OPEX";"Diesel Infrastructure";"ES";"CO2 emission factor Biodiesel";"Rigid";"BAU";"%";2030;"0.166";"Current policies";"Diesel"
"OPEX";"Diesel Infrastructure";"ES";"CO2 emission factor Biodiesel";"Tractor-Trailer";"BAU";"%";2030;"0.166";"Current policies";"Diesel"
"OPEX";"Diesel Infrastructure";"ES";"CO2 emission factor Biodiesel";"Rigid";"PROG";"%";2030;"0.166";"Current policies";"Diesel"
"OPEX";"Diesel Infrastructure";"ES";"CO2 emission factor Biodiesel";"Tractor-Trailer";"PROG";"%";2030;"0.166";"Current policies";"Diesel"
"OPEX";"Diesel Infrastructure";"FR";"CO2 emission factor Biodiesel";"Rigid";"BAU";"%";2030;"0.166";"Current policies";"Diesel"
"OPEX";"Diesel Infrastructure";"FR";"CO2 emission factor Biodiesel";"Tractor-Trailer";"BAU";"%";2030;"0.166";"Current policies";"Diesel"
"OPEX";"Diesel Infrastructure";"FR";"CO2 emission factor Biodiesel";"Rigid";"PROG";"%";2030;"0.166";"Current policies";"Diesel"
"OPEX";"Diesel Infrastructure";"FR";"CO2 emission factor Biodiesel";"Tractor-Trailer";"PROG";"%";2030;"0.166";"Current policies";"Diesel"
"OPEX";"Diesel Infrastructure";"IT";"CO2 emission factor Biodiesel";"Rigid";"BAU";"%";2030;"0.166";"Current policies";"Diesel"
"OPEX";"Diesel Infrastructure";"IT";"CO2 emission factor Biodiesel";"Tractor-Trailer";"BAU";"%";2030;"0.166";"Current policies";"Diesel"
"OPEX";"Diesel Infrastructure";"IT";"CO2 emission factor Biodiesel";"Rigid";"PROG";"%";2030;"0.166";"Current policies";"Diesel"
"OPEX";"Diesel Infrastructure";"IT";"CO2 emission factor Biodiesel";"Tractor-Trailer";"PROG";"%";2030;"0.166";"Current policies";"Diesel"
"OPEX";"Diesel Infrastructure";"NL";"CO2 emission factor Biodiesel";"Rigid";"BAU";"%";2030;"0.166";"Current policies";"Diesel"
"OPEX";"Diesel Infrastructure";"NL";"CO2 emission factor Biodiesel";"Tractor-Trailer";"BAU";"%";2030;"0.166";"Current policies";"Diesel"
"OPEX";"Diesel Infrastructure";"NL";"CO2 emission factor Biodiesel";"Rigid";"PROG";"%";2030;"0.166";"Current policies";"Diesel"
"OPEX";"Diesel Infrastructure";"NL";"CO2 emission factor Biodiesel";"Tractor-Trailer";"PROG";"%";2030;"0.166";"Current policies";"Diesel"
"OPEX";"Diesel Infrastructure";"PL";"CO2 emission factor Biodiesel";"Rigid";"BAU";"%";2030;"0.166";"Current policies";"Diesel"
"OPEX";"Diesel Infrastructure";"PL";"CO2 emission factor Biodiesel";"Tractor-Trailer";"BAU";"%";2030;"0.166";"Current policies";"Diesel"
"OPEX";"Diesel Infrastructure";"PL";"CO2 emission factor Biodiesel";"Rigid";"PROG";"%";2030;"0.166";"Current policies";"Diesel"
"OPEX";"Diesel Infrastructure";"PL";"CO2 emission factor Biodiesel";"Tractor-Trailer";"PROG";"%";2030;"0.166";"Current policies";"Diesel"
"OPEX";"Diesel Infrastructure";"UK";"CO2 emission factor Biodiesel";"Rigid";"BAU";"%";2030;"0.166";"Current policies";"Diesel"
"OPEX";"Diesel Infrastructure";"UK";"CO2 emission factor Biodiesel";"Tractor-Trailer";"BAU";"%";2030;"0.166";"Current policies";"Diesel"
"OPEX";"Diesel Infrastructure";"UK";"CO2 emission factor Biodiesel";"Rigid";"PROG";"%";2030;"0.166";"Current policies";"Diesel"
"OPEX";"Diesel Infrastructure";"UK";"CO2 emission factor Biodiesel";"Tractor-Trailer";"PROG";"%";2030;"0.166";"Current policies";"Diesel"
"OPEX";"Diesel Infrastructure";"DE";"CO2 emission factor Pt-Diesel";"Rigid";"BAU";"%";2030;"0";"Current policies";"Diesel"
"OPEX";"Diesel Infrastructure";"DE";"CO2 emission factor Pt-Diesel";"Tractor-Trailer";"BAU";"%";2030;"0";"Current policies";"Diesel"
"OPEX";"Diesel Infrastructure";"DE";"CO2 emission factor Pt-Diesel";"Rigid";"PROG";"%";2030;"0";"Current policies";"Diesel"
"OPEX";"Diesel Infrastructure";"DE";"CO2 emission factor Pt-Diesel";"Tractor-Trailer";"PROG";"%";2030;"0";"Current policies";"Diesel"
"OPEX";"Diesel Infrastructure";"ES";"CO2 emission factor Pt-Diesel";"Rigid";"BAU";"%";2030;"0";"Current policies";"Diesel"
"OPEX";"Diesel Infrastructure";"ES";"CO2 emission factor Pt-Diesel";"Tractor-Trailer";"BAU";"%";2030;"0";"Current policies";"Diesel"
"OPEX";"Diesel Infrastructure";"ES";"CO2 emission factor Pt-Diesel";"Rigid";"PROG";"%";2030;"0";"Current policies";"Diesel"
"OPEX";"Diesel Infrastructure";"ES";"CO2 emission factor Pt-Diesel";"Tractor-Trailer";"PROG";"%";2030;"0";"Current policies";"Diesel"
"OPEX";"Diesel Infrastructure";"FR";"CO2 emission factor Pt-Diesel";"Rigid";"BAU";"%";2030;"0";"Current policies";"Diesel"
"OPEX";"Diesel Infrastructure";"FR";"CO2 emission factor Pt-Diesel";"Tractor-Trailer";"BAU";"%";2030;"0";"Current policies";"Diesel"
"OPEX";"Diesel Infrastructure";"FR";"CO2 emission factor Pt-Diesel";"Rigid";"PROG";"%";2030;"0";"Current policies";"Diesel"
"OPEX";"Diesel Infrastructure";"FR";"CO2 emission factor Pt-Diesel";"Tractor-Trailer";"PROG";"%";2030;"0";"Current policies";"Diesel"
"OPEX";"Diesel Infrastructure";"IT";"CO2 emission factor Pt-Diesel";"Rigid";"BAU";"%";2030;"0";"Current policies";"Diesel"
"OPEX";"Diesel Infrastructure";"IT";"CO2 emission factor Pt-Diesel";"Tractor-Trailer";"BAU";"%";2030;"0";"Current policies";"Diesel"
"OPEX";"Diesel Infrastructure";"IT";"CO2 emission factor Pt-Diesel";"Rigid";"PROG";"%";2030;"0";"Current policies";"Diesel"
"OPEX";"Diesel Infrastructure";"IT";"CO2 emission factor Pt-Diesel";"Tractor-Trailer";"PROG";"%";2030;"0";"Current policies";"Diesel"
"OPEX";"Diesel Infrastructure";"NL";"CO2 emission factor Pt-Diesel";"Rigid";"BAU";"%";2030;"0";"Current policies";"Diesel"
"OPEX";"Diesel Infrastructure";"NL";"CO2 emission factor Pt-Diesel";"Tractor-Trailer";"BAU";"%";2030;"0";"Current policies";"Diesel"
"OPEX";"Diesel Infrastructure";"NL";"CO2 emission factor Pt-Diesel";"Rigid";"PROG";"%";2030;"0";"Current policies";"Diesel"
"OPEX";"Diesel Infrastructure";"NL";"CO2 emission factor Pt-Diesel";"Tractor-Trailer";"PROG";"%";2030;"0";"Current policies";"Diesel"
"OPEX";"Diesel Infrastructure";"PL";"CO2 emission factor Pt-Diesel";"Rigid";"BAU";"%";2030;"0";"Current policies";"Diesel"
"OPEX";"Diesel Infrastructure";"PL";"CO2 emission factor Pt-Diesel";"Tractor-Trailer";"BAU";"%";2030;"0";"Current policies";"Diesel"
"OPEX";"Diesel Infrastructure";"PL";"CO2 emission factor Pt-Diesel";"Rigid";"PROG";"%";2030;"0";"Current policies";"Diesel"
"OPEX";"Diesel Infrastructure";"PL";"CO2 emission factor Pt-Diesel";"Tractor-Trailer";"PROG";"%";2030;"0";"Current policies";"Diesel"
"OPEX";"Diesel Infrastructure";"UK";"CO2 emission factor Pt-Diesel";"Rigid";"BAU";"%";2030;"0";"Current policies";"Diesel"
"OPEX";"Diesel Infrastructure";"UK";"CO2 emission factor Pt-Diesel";"Tractor-Trailer";"BAU";"%";2030;"0";"Current policies";"Diesel"
"OPEX";"Diesel Infrastructure";"UK";"CO2 emission factor Pt-Diesel";"Rigid";"PROG";"%";2030;"0";"Current policies";"Diesel"
"OPEX";"Diesel Infrastructure";"UK";"CO2 emission factor Pt-Diesel";"Tractor-Trailer";"PROG";"%";2030;"0";"Current policies";"Diesel"
"OPEX";"Taxes";"DE";"Network Costs - MCS";"Rigid";"BAU";"EUR/kWh";2030;"0.036";"Current policies";"Electricity"
"OPEX";"Taxes";"DE";"Network Costs - MCS";"Tractor-Trailer";"BAU";"EUR/kWh";2030;"0.036";"Current policies";"Electricity"
"OPEX";"Taxes";"ES";"Network Costs - MCS";"Rigid";"BAU";"EUR/kWh";2030;"0.02";"Current policies";"Electricity"
"OPEX";"Taxes";"ES";"Network Costs - MCS";"Tractor-Trailer";"BAU";"EUR/kWh";2030;"0.02";"Current policies";"Electricity"
"OPEX";"Taxes";"FR";"Network Costs - MCS";"Rigid";"BAU";"EUR/kWh";2030;"0.019";"Current policies";"Electricity"
"OPEX";"Taxes";"FR";"Network Costs - MCS";"Tractor-Trailer";"BAU";"EUR/kWh";2030;"0.019";"Current policies";"Electricity"
"OPEX";"Taxes";"IT";"Network Costs - MCS";"Rigid";"BAU";"EUR/kWh";2030;"0.016";"Current policies";"Electricity"
"OPEX";"Taxes";"IT";"Network Costs - MCS";"Tractor-Trailer";"BAU";"EUR/kWh";2030;"0.016";"Current policies";"Electricity"
"OPEX";"Taxes";"NL";"Network Costs - MCS";"Rigid";"BAU";"EUR/kWh";2030;"0.017";"Current policies";"Electricity"
"OPEX";"Taxes";"NL";"Network Costs - MCS";"Tractor-Trailer";"BAU";"EUR/kWh";2030;"0.017";"Current policies";"Electricity"
"OPEX";"Taxes";"PL";"Network Costs - MCS";"Rigid";"BAU";"EUR/kWh";2030;"0.02";"Current policies";"Electricity"
"OPEX";"Taxes";"PL";"Network Costs - MCS";"Tractor-Trailer";"BAU";"EUR/kWh";2030;"0.02";"Current policies";"Electricity"
"OPEX";"Taxes";"UK";"Network Costs - MCS";"Rigid";"BAU";"EUR/kWh";2030;"0.028";"Current policies";"Electricity"
"OPEX";"Taxes";"UK";"Network Costs - MCS";"Tractor-Trailer";"BAU";"EUR/kWh";2030;"0.028";"Current policies";"Electricity"
"OPEX";"Taxes";"DE";"Taxes, Fees, Levies and charges - MCS";"Rigid";"BAU";"EUR/kWh";2030;"0.068";"Current policies";"Electricity"
"OPEX";"Taxes";"DE";"Taxes, Fees, Levies and charges - MCS";"Tractor-Trailer";"BAU";"EUR/kWh";2030;"0.068";"Current policies";"Electricity"
"OPEX";"Taxes";"ES";"Taxes, Fees, Levies and charges - MCS";"Rigid";"BAU";"EUR/kWh";2030;"0.039";"Current policies";"Electricity"
"OPEX";"Taxes";"ES";"Taxes, Fees, Levies and charges - MCS";"Tractor-Trailer";"BAU";"EUR/kWh";2030;"0.039";"Current policies";"Electricity"
"OPEX";"Taxes";"FR";"Taxes, Fees, Levies and charges - MCS";"Rigid";"BAU";"EUR/kWh";2030;"0.032";"Current policies";"Electricity"
"OPEX";"Taxes";"FR";"Taxes, Fees, Levies and charges - MCS";"Tractor-Trailer";"BAU";"EUR/kWh";2030;"0.032";"Current policies";"Electricity"
"OPEX";"Taxes";"IT";"Taxes, Fees, Levies and charges - MCS";"Rigid";"BAU";"EUR/kWh";2030;"0.067";"Current policies";"Electricity"
"OPEX";"Taxes";"IT";"Taxes, Fees, Levies and charges - MCS";"Tractor-Trailer";"BAU";"EUR/kWh";2030;"0.067";"Current policies";"Electricity"
"OPEX";"Taxes";"NL";"Taxes, Fees, Levies and charges - MCS";"Rigid";"BAU";"EUR/kWh";2030;"0.055";"Current policies";"Electricity"
"OPEX";"Taxes";"NL";"Taxes, Fees, Levies and charges - MCS";"Tractor-Trailer";"BAU";"EUR/kWh";2030;"0.055";"Current policies";"Electricity"
"OPEX";"Taxes";"PL";"Taxes, Fees, Levies and charges - MCS";"Rigid";"BAU";"EUR/kWh";2030;"0.05";"Current policies";"Electricity"
"OPEX";"Taxes";"PL";"Taxes, Fees, Levies and charges - MCS";"Tractor-Trailer";"BAU";"EUR/kWh";2030;"0.05";"Current policies";"Electricity"
"OPEX";"Taxes";"UK";"Taxes, Fees, Levies and charges - MCS";"Rigid";"BAU";"EUR/kWh";2030;"0.078";"Current policies";"Electricity"
"OPEX";"Taxes";"UK";"Taxes, Fees, Levies and charges - MCS";"Tractor-Trailer";"BAU";"EUR/kWh";2030;"0.078";"Current policies";"Electricity"
"OPEX";"Taxes";"DE";"Network Costs - Depot";"Rigid";"BAU";"EUR/kWh";2030;"0.051";"Current policies";"Electricity"
"OPEX";"Taxes";"DE";"Network Costs - Depot";"Tractor-Trailer";"BAU";"EUR/kWh";2030;"0.051";"Current policies";"Electricity"
"OPEX";"Taxes";"ES";"Network Costs - Depot";"Rigid";"BAU";"EUR/kWh";2030;"0.041";"Current policies";"Electricity"
"OPEX";"Taxes";"ES";"Network Costs - Depot";"Tractor-Trailer";"BAU";"EUR/kWh";2030;"0.041";"Current policies";"Electricity"
"OPEX";"Taxes";"FR";"Network Costs - Depot";"Rigid";"BAU";"EUR/kWh";2030;"0.031";"Current policies";"Electricity"
"OPEX";"Taxes";"FR";"Network Costs - Depot";"Tractor-Trailer";"BAU";"EUR/kWh";2030;"0.031";"Current policies";"Electricity"
"OPEX";"Taxes";"IT";"Network Costs - Depot";"Rigid";"BAU";"EUR/kWh";2030;"0.021";"Current policies";"Electricity"
"OPEX";"Taxes";"IT";"Network Costs - Depot";"Tractor-Trailer";"BAU";"EUR/kWh";2030;"0.021";"Current policies";"Electricity"
"OPEX";"Taxes";"NL";"Network Costs - Depot";"Rigid";"BAU";"EUR/kWh";2030;"0.022";"Current policies";"Electricity"
"OPEX";"Taxes";"NL";"Network Costs - Depot";"Tractor-Trailer";"BAU";"EUR/kWh";2030;"0.022";"Current policies";"Electricity"
"OPEX";"Taxes";"PL";"Network Costs - Depot";"Rigid";"BAU";"EUR/kWh";2030;"0.032";"Current policies";"Electricity"
"OPEX";"Taxes";"PL";"Network Costs - Depot";"Tractor-Trailer";"BAU";"EUR/kWh";2030;"0.032";"Current policies";"Electricity"
"OPEX";"Taxes";"UK";"Network Costs - Depot";"Rigid";"BAU";"EUR/kWh";2030;"0.032";"Current policies";"Electricity"
"OPEX";"Taxes";"UK";"Network Costs - Depot";"Tractor-Trailer";"BAU";"EUR/kWh";2030;"0.032";"Current policies";"Electricity"
"OPEX";"Taxes";"DE";"Taxes, Fees, Levies and charges - Depot";"Rigid";"BAU";"EUR/kWh";2030;"0.078";"Current policies";"Electricity"
"OPEX";"Taxes";"DE";"Taxes, Fees, Levies and charges - Depot";"Tractor-Trailer";"BAU";"EUR/kWh";2030;"0.078";"Current policies";"Electricity"
"OPEX";"Taxes";"ES";"Taxes, Fees, Levies and charges - Depot";"Rigid";"BAU";"EUR/kWh";2030;"0.067";"Current policies";"Electricity"
"OPEX";"Taxes";"ES";"Taxes, Fees, Levies and charges - Depot";"Tractor-Trailer";"BAU";"EUR/kWh";2030;"0.067";"Current policies";"Electricity"
"OPEX";"Taxes";"FR";"Taxes, Fees, Levies and charges - Depot";"Rigid";"BAU";"EUR/kWh";2030;"0.048";"Current policies";"Electricity"
"OPEX";"Taxes";"FR";"Taxes, Fees, Levies and charges - Depot";"Tractor-Trailer";"BAU";"EUR/kWh";2030;"0.048";"Current policies";"Electricity"
"OPEX";"Taxes";"IT";"Taxes, Fees, Levies and charges - Depot";"Rigid";"BAU";"EUR/kWh";2030;"0.103";"Current policies";"Electricity"
"OPEX";"Taxes";"IT";"Taxes, Fees, Levies and charges - Depot";"Tractor-Trailer";"BAU";"EUR/kWh";2030;"0.103";"Current policies";"Electricity"
"OPEX";"Taxes";"NL";"Taxes, Fees, Levies and charges - Depot";"Rigid";"BAU";"EUR/kWh";2030;"0.062";"Current policies";"Electricity"
"OPEX";"Taxes";"NL";"Taxes, Fees, Levies and charges - Depot";"Tractor-Trailer";"BAU";"EUR/kWh";2030;"0.062";"Current policies";"Electricity"
"OPEX";"Taxes";"PL";"Taxes, Fees, Levies and charges - Depot";"Rigid";"BAU";"EUR/kWh";2030;"0.056";"Current policies";"Electricity"
"OPEX";"Taxes";"PL";"Taxes, Fees, Levies and charges - Depot";"Tractor-Trailer";"BAU";"EUR/kWh";2030;"0.056";"Current policies";"Electricity"
"OPEX";"Taxes";"UK";"Taxes, Fees, Levies and charges - Depot";"Rigid";"BAU";"EUR/kWh";2030;"0.086";"Current policies";"Electricity"
"OPEX";"Taxes";"UK";"Taxes, Fees, Levies and charges - Depot";"Tractor-Trailer";"BAU";"EUR/kWh";2030;"0.086";"Current policies";"Electricity"
"OPEX";"H2 Infrastructure";"DE";"HRS costs";"Rigid";"BAU";"EUR/kg H2";2030;"1.7";"Current policies";"Hydrogen"
"OPEX";"H2 Infrastructure";"DE";"HRS costs";"Tractor-Trailer";"BAU";"EUR/kg H2";2030;"1.7";"Current policies";"Hydrogen"
"OPEX";"H2 Infrastructure";"ES";"HRS costs";"Rigid";"BAU";"EUR/kg H2";2030;"1.7";"Current policies";"Hydrogen"
"OPEX";"H2 Infrastructure";"ES";"HRS costs";"Tractor-Trailer";"BAU";"EUR/kg H2";2030;"1.7";"Current policies";"Hydrogen"
"OPEX";"H2 Infrastructure";"FR";"HRS costs";"Rigid";"BAU";"EUR/kg H2";2030;"1.7";"Current policies";"Hydrogen"
"OPEX";"H2 Infrastructure";"FR";"HRS costs";"Tractor-Trailer";"BAU";"EUR/kg H2";2030;"1.7";"Current policies";"Hydrogen"
"OPEX";"H2 Infrastructure";"IT";"HRS costs";"Rigid";"BAU";"EUR/kg H2";2030;"1.7";"Current policies";"Hydrogen"
"OPEX";"H2 Infrastructure";"IT";"HRS costs";"Tractor-Trailer";"BAU";"EUR/kg H2";2030;"1.7";"Current policies";"Hydrogen"
"OPEX";"H2 Infrastructure";"NL";"HRS costs";"Rigid";"BAU";"EUR/kg H2";2030;"1.7";"Current policies";"Hydrogen"
"OPEX";"H2 Infrastructure";"NL";"HRS costs";"Tractor-Trailer";"BAU";"EUR/kg H2";2030;"1.7";"Current policies";"Hydrogen"
"OPEX";"H2 Infrastructure";"PL";"HRS costs";"Rigid";"BAU";"EUR/kg H2";2030;"1.7";"Current policies";"Hydrogen"
"OPEX";"H2 Infrastructure";"PL";"HRS costs";"Tractor-Trailer";"BAU";"EUR/kg H2";2030;"1.7";"Current policies";"Hydrogen"
"OPEX";"H2 Infrastructure";"UK";"HRS costs";"Rigid";"BAU";"EUR/kg H2";2030;"1.7";"Current policies";"Hydrogen"
"OPEX";"H2 Infrastructure";"UK";"HRS costs";"Tractor-Trailer";"BAU";"EUR/kg H2";2030;"1.7";"Current policies";"Hydrogen"
"OPEX";"H2 Infrastructure";"DE";"H2 transport and distribution";"Rigid";"BAU";"EUR/kg H2";2030;"1.5";"Current policies";"Hydrogen"
"OPEX";"H2 Infrastructure";"DE";"H2 transport and distribution";"Tractor-Trailer";"BAU";"EUR/kg H2";2030;"1.5";"Current policies";"Hydrogen"
"OPEX";"H2 Infrastructure";"ES";"H2 transport and distribution";"Rigid";"BAU";"EUR/kg H2";2030;"1.5";"Current policies";"Hydrogen"
"OPEX";"H2 Infrastructure";"ES";"H2 transport and distribution";"Tractor-Trailer";"BAU";"EUR/kg H2";2030;"1.5";"Current policies";"Hydrogen"
"OPEX";"H2 Infrastructure";"FR";"H2 transport and distribution";"Rigid";"BAU";"EUR/kg H2";2030;"1.5";"Current policies";"Hydrogen"
"OPEX";"H2 Infrastructure";"FR";"H2 transport and distribution";"Tractor-Trailer";"BAU";"EUR/kg H2";2030;"1.5";"Current policies";"Hydrogen"
"OPEX";"H2 Infrastructure";"IT";"H2 transport and distribution";"Rigid";"BAU";"EUR/kg H2";2030;"1.5";"Current policies";"Hydrogen"
"OPEX";"H2 Infrastructure";"IT";"H2 transport and distribution";"Tractor-Trailer";"BAU";"EUR/kg H2";2030;"1.5";"Current policies";"Hydrogen"
"OPEX";"H2 Infrastructure";"NL";"H2 transport and distribution";"Rigid";"BAU";"EUR/kg H2";2030;"1.5";"Current policies";"Hydrogen"
"OPEX";"H2 Infrastructure";"NL";"H2 transport and distribution";"Tractor-Trailer";"BAU";"EUR/kg H2";2030;"1.5";"Current policies";"Hydrogen"
"OPEX";"H2 Infrastructure";"PL";"H2 transport and distribution";"Rigid";"BAU";"EUR/kg H2";2030;"1.5";"Current policies";"Hydrogen"
"OPEX";"H2 Infrastructure";"PL";"H2 transport and distribution";"Tractor-Trailer";"BAU";"EUR/kg H2";2030;"1.5";"Current policies";"Hydrogen"
"OPEX";"H2 Infrastructure";"UK";"H2 transport and distribution";"Rigid";"BAU";"EUR/kg H2";2030;"1.5";"Current policies";"Hydrogen"
"OPEX";"H2 Infrastructure";"UK";"H2 transport and distribution";"Tractor-Trailer";"BAU";"EUR/kg H2";2030;"1.5";"Current policies";"Hydrogen"
"OPEX";"H2 Infrastructure";"DE";"HRS Overhead, Profit and Mark-Up";"Rigid";"BAU";"EUR/kg H2";2030;"0.25";"Current policies";"Hydrogen"
"OPEX";"H2 Infrastructure";"DE";"HRS Overhead, Profit and Mark-Up";"Tractor-Trailer";"BAU";"EUR/kg H2";2030;"0.25";"Current policies";"Hydrogen"
"OPEX";"H2 Infrastructure";"ES";"HRS Overhead, Profit and Mark-Up";"Rigid";"BAU";"EUR/kg H2";2030;"0.25";"Current policies";"Hydrogen"
"OPEX";"H2 Infrastructure";"ES";"HRS Overhead, Profit and Mark-Up";"Tractor-Trailer";"BAU";"EUR/kg H2";2030;"0.25";"Current policies";"Hydrogen"
"OPEX";"H2 Infrastructure";"FR";"HRS Overhead, Profit and Mark-Up";"Rigid";"BAU";"EUR/kg H2";2030;"0.25";"Current policies";"Hydrogen"
"OPEX";"H2 Infrastructure";"FR";"HRS Overhead, Profit and Mark-Up";"Tractor-Trailer";"BAU";"EUR/kg H2";2030;"0.25";"Current policies";"Hydrogen"
"OPEX";"H2 Infrastructure";"IT";"HRS Overhead, Profit and Mark-Up";"Rigid";"BAU";"EUR/kg H2";2030;"0.25";"Current policies";"Hydrogen"
"OPEX";"H2 Infrastructure";"IT";"HRS Overhead, Profit and Mark-Up";"Tractor-Trailer";"BAU";"EUR/kg H2";2030;"0.25";"Current policies";"Hydrogen"
"OPEX";"H2 Infrastructure";"NL";"HRS Overhead, Profit and Mark-Up";"Rigid";"BAU";"EUR/kg H2";2030;"0.25";"Current policies";"Hydrogen"
"OPEX";"H2 Infrastructure";"NL";"HRS Overhead, Profit and Mark-Up";"Tractor-Trailer";"BAU";"EUR/kg H2";2030;"0.25";"Current policies";"Hydrogen"
"OPEX";"H2 Infrastructure";"PL";"HRS Overhead, Profit and Mark-Up";"Rigid";"BAU";"EUR/kg H2";2030;"0.25";"Current policies";"Hydrogen"
"OPEX";"H2 Infrastructure";"PL";"HRS Overhead, Profit and Mark-Up";"Tractor-Trailer";"BAU";"EUR/kg H2";2030;"0.25";"Current policies";"Hydrogen"
"OPEX";"H2 Infrastructure";"UK";"HRS Overhead, Profit and Mark-Up";"Rigid";"BAU";"EUR/kg H2";2030;"0.25";"Current policies";"Hydrogen"
"OPEX";"H2 Infrastructure";"UK";"HRS Overhead, Profit and Mark-Up";"Tractor-Trailer";"BAU";"EUR/kg H2";2030;"0.25";"Current policies";"Hydrogen"
"OPEX";"Charging Infrastructure";"DE";"MCS Station (Public Charging) - Incl. Overhead";"Rigid";"BAU";"EUR/kWh";2030;"0.143";"Current policies";"Electricity"
"OPEX";"Charging Infrastructure";"DE";"MCS Station (Public Charging) - Incl. Overhead";"Tractor-Trailer";"BAU";"EUR/kWh";2030;"0.143";"Current policies";"Electricity"
"OPEX";"Charging Infrastructure";"ES";"MCS Station (Public Charging) - Incl. Overhead";"Rigid";"BAU";"EUR/kWh";2030;"0.143";"Current policies";"Electricity"
"OPEX";"Charging Infrastructure";"ES";"MCS Station (Public Charging) - Incl. Overhead";"Tractor-Trailer";"BAU";"EUR/kWh";2030;"0.143";"Current policies";"Electricity"
"OPEX";"Charging Infrastructure";"FR";"MCS Station (Public Charging) - Incl. Overhead";"Rigid";"BAU";"EUR/kWh";2030;"0.143";"Current policies";"Electricity"
"OPEX";"Charging Infrastructure";"FR";"MCS Station (Public Charging) - Incl. Overhead";"Tractor-Trailer";"BAU";"EUR/kWh";2030;"0.143";"Current policies";"Electricity"
"OPEX";"Charging Infrastructure";"IT";"MCS Station (Public Charging) - Incl. Overhead";"Rigid";"BAU";"EUR/kWh";2030;"0.143";"Current policies";"Electricity"
"OPEX";"Charging Infrastructure";"IT";"MCS Station (Public Charging) - Incl. Overhead";"Tractor-Trailer";"BAU";"EUR/kWh";2030;"0.143";"Current policies";"Electricity"
"OPEX";"Charging Infrastructure";"NL";"MCS Station (Public Charging) - Incl. Overhead";"Rigid";"BAU";"EUR/kWh";2030;"0.143";"Current policies";"Electricity"
"OPEX";"Charging Infrastructure";"NL";"MCS Station (Public Charging) - Incl. Overhead";"Tractor-Trailer";"BAU";"EUR/kWh";2030;"0.143";"Current policies";"Electricity"
"OPEX";"Charging Infrastructure";"PL";"MCS Station (Public Charging) - Incl. Overhead";"Rigid";"BAU";"EUR/kWh";2030;"0.143";"Current policies";"Electricity"
"OPEX";"Charging Infrastructure";"PL";"MCS Station (Public Charging) - Incl. Overhead";"Tractor-Trailer";"BAU";"EUR/kWh";2030;"0.143";"Current policies";"Electricity"
"OPEX";"Charging Infrastructure";"UK";"MCS Station (Public Charging) - Incl. Overhead";"Rigid";"BAU";"EUR/kWh";2030;"0.143";"Current policies";"Electricity"
"OPEX";"Charging Infrastructure";"UK";"MCS Station (Public Charging) - Incl. Overhead";"Tractor-Trailer";"BAU";"EUR/kWh";2030;"0.143";"Current policies";"Electricity"
"OPEX";"Charging Infrastructure";"DE";"Share MCS-Charging";"Rigid";"BAU";"%";2030;"0.2";"Current policies";"Electricity"
"OPEX";"Charging Infrastructure";"DE";"Share MCS-Charging";"Tractor-Trailer";"BAU";"%";2030;"0.2";"Current policies";"Electricity"
"OPEX";"Charging Infrastructure";"ES";"Share MCS-Charging";"Rigid";"BAU";"%";2030;"0.2";"Current policies";"Electricity"
"OPEX";"Charging Infrastructure";"ES";"Share MCS-Charging";"Tractor-Trailer";"BAU";"%";2030;"0.2";"Current policies";"Electricity"
"OPEX";"Charging Infrastructure";"FR";"Share MCS-Charging";"Rigid";"BAU";"%";2030;"0.2";"Current policies";"Electricity"
"OPEX";"Charging Infrastructure";"FR";"Share MCS-Charging";"Tractor-Trailer";"BAU";"%";2030;"0.2";"Current policies";"Electricity"
"OPEX";"Charging Infrastructure";"IT";"Share MCS-Charging";"Rigid";"BAU";"%";2030;"0.2";"Current policies";"Electricity"
"OPEX";"Charging Infrastructure";"IT";"Share MCS-Charging";"Tractor-Trailer";"BAU";"%";2030;"0.2";"Current policies";"Electricity"
"OPEX";"Charging Infrastructure";"NL";"Share MCS-Charging";"Rigid";"BAU";"%";2030;"0.2";"Current policies";"Electricity"
"OPEX";"Charging Infrastructure";"NL";"Share MCS-Charging";"Tractor-Trailer";"BAU";"%";2030;"0.2";"Current policies";"Electricity"
"OPEX";"Charging Infrastructure";"PL";"Share MCS-Charging";"Rigid";"BAU";"%";2030;"0.2";"Current policies";"Electricity"
"OPEX";"Charging Infrastructure";"PL";"Share MCS-Charging";"Tractor-Trailer";"BAU";"%";2030;"0.2";"Current policies";"Electricity"
"OPEX";"Charging Infrastructure";"UK";"Share MCS-Charging";"Rigid";"BAU";"%";2030;"0.2";"Current policies";"Electricity"
"OPEX";"Charging Infrastructure";"UK";"Share MCS-Charging";"Tractor-Trailer";"BAU";"%";2030;"0.2";"Current policies";"Electricity"
"OPEX";"Charging Infrastructure";"DE";"Depot - Network fees savings potential";"Rigid";"BAU";"EUR/kWh";2030;"0";"Current policies";"Electricity"
"OPEX";"Charging Infrastructure";"DE";"Depot - Network fees savings potential";"Tractor-Trailer";"BAU";"EUR/kWh";2030;"0";"Current policies";"Electricity"
"OPEX";"Charging Infrastructure";"ES";"Depot - Network fees savings potential";"Rigid";"BAU";"EUR/kWh";2030;"0";"Current policies";"Electricity"
"OPEX";"Charging Infrastructure";"ES";"Depot - Network fees savings potential";"Tractor-Trailer";"BAU";"EUR/kWh";2030;"0";"Current policies";"Electricity"
"OPEX";"Charging Infrastructure";"FR";"Depot - Network fees savings potential";"Rigid";"BAU";"EUR/kWh";2030;"0";"Current policies";"Electricity"
"OPEX";"Charging Infrastructure";"FR";"Depot - Network fees savings potential";"Tractor-Trailer";"BAU";"EUR/kWh";2030;"0";"Current policies";"Electricity"
"OPEX";"Charging Infrastructure";"IT";"Depot - Network fees savings potential";"Rigid";"BAU";"EUR/kWh";2030;"0";"Current policies";"Electricity"
"OPEX";"Charging Infrastructure";"IT";"Depot - Network fees savings potential";"Tractor-Trailer";"BAU";"EUR/kWh";2030;"0";"Current policies";"Electricity"
"OPEX";"Charging Infrastructure";"NL";"Depot - Network fees savings potential";"Rigid";"BAU";"EUR/kWh";2030;"0";"Current policies";"Electricity"
"OPEX";"Charging Infrastructure";"NL";"Depot - Network fees savings potential";"Tractor-Trailer";"BAU";"EUR/kWh";2030;"0";"Current policies";"Electricity"
"OPEX";"Charging Infrastructure";"PL";"Depot - Network fees savings potential";"Rigid";"BAU";"EUR/kWh";2030;"0";"Current policies";"Electricity"
"OPEX";"Charging Infrastructure";"PL";"Depot - Network fees savings potential";"Tractor-Trailer";"BAU";"EUR/kWh";2030;"0";"Current policies";"Electricity"
"OPEX";"Charging Infrastructure";"UK";"Depot - Network fees savings potential";"Rigid";"BAU";"EUR/kWh";2030;"0";"Current policies";"Electricity"
"OPEX";"Charging Infrastructure";"UK";"Depot - Network fees savings potential";"Tractor-Trailer";"BAU";"EUR/kWh";2030;"0";"Current policies";"Electricity"
"OPEX";"Taxes";"DE";"Tax reduction";"Rigid";"BAU";"%";2030;"-1";"Current policies";"Hydrogen"
"OPEX";"Taxes";"DE";"Tax reduction";"Tractor-Trailer";"BAU";"%";2030;"-1";"Current policies";"Hydrogen"
"OPEX";"Taxes";"ES";"Tax reduction";"Rigid";"BAU";"%";2030;"-1";"Current policies";"Hydrogen"
"OPEX";"Taxes";"ES";"Tax reduction";"Tractor-Trailer";"BAU";"%";2030;"-1";"Current policies";"Hydrogen"
"OPEX";"Taxes";"FR";"Tax reduction";"Rigid";"BAU";"%";2030;"-1";"Current policies";"Hydrogen"
"OPEX";"Taxes";"FR";"Tax reduction";"Tractor-Trailer";"BAU";"%";2030;"-1";"Current policies";"Hydrogen"
"OPEX";"Taxes";"IT";"Tax reduction";"Rigid";"BAU";"%";2030;"-1";"Current policies";"Hydrogen"
"OPEX";"Taxes";"IT";"Tax reduction";"Tractor-Trailer";"BAU";"%";2030;"-1";"Current policies";"Hydrogen"
"OPEX";"Taxes";"NL";"Tax reduction";"Rigid";"BAU";"%";2030;"-1";"Current policies";"Hydrogen"
"OPEX";"Taxes";"NL";"Tax reduction";"Tractor-Trailer";"BAU";"%";2030;"-1";"Current policies";"Hydrogen"
"OPEX";"Taxes";"PL";"Tax reduction";"Rigid";"BAU";"%";2030;"-1";"Current policies";"Hydrogen"
"OPEX";"Taxes";"PL";"Tax reduction";"Tractor-Trailer";"BAU";"%";2030;"-1";"Current policies";"Hydrogen"
"OPEX";"Taxes";"UK";"Tax reduction";"Rigid";"BAU";"%";2030;"-1";"Current policies";"Hydrogen"
"OPEX";"Taxes";"UK";"Tax reduction";"Tractor-Trailer";"BAU";"%";2030;"-1";"Current policies";"Hydrogen"
"OPEX";"Taxes";"DE";"Increasing grid fees";"Rigid";"PROG";"%";2030;"0.1";"Current policies";"Electricity"
"OPEX";"Taxes";"DE";"Increasing grid fees";"Tractor-Trailer";"PROG";"%";2030;"0.1";"Current policies";"Electricity"
"OPEX";"Taxes";"ES";"Increasing grid fees";"Rigid";"PROG";"%";2030;"0.1";"Current policies";"Electricity"
"OPEX";"Taxes";"ES";"Increasing grid fees";"Tractor-Trailer";"PROG";"%";2030;"0.1";"Current policies";"Electricity"
"OPEX";"Taxes";"FR";"Increasing grid fees";"Rigid";"PROG";"%";2030;"0.1";"Current policies";"Electricity"
"OPEX";"Taxes";"FR";"Increasing grid fees";"Tractor-Trailer";"PROG";"%";2030;"0.1";"Current policies";"Electricity"
"OPEX";"Taxes";"IT";"Increasing grid fees";"Rigid";"PROG";"%";2030;"0.1";"Current policies";"Electricity"
"OPEX";"Taxes";"IT";"Increasing grid fees";"Tractor-Trailer";"PROG";"%";2030;"0.1";"Current policies";"Electricity"
"OPEX";"Taxes";"NL";"Increasing grid fees";"Rigid";"PROG";"%";2030;"0.1";"Current policies";"Electricity"
"OPEX";"Taxes";"NL";"Increasing grid fees";"Tractor-Trailer";"PROG";"%";2030;"0.1";"Current policies";"Electricity"
"OPEX";"Taxes";"PL";"Increasing grid fees";"Rigid";"PROG";"%";2030;"0.1";"Current policies";"Electricity"
"OPEX";"Taxes";"PL";"Increasing grid fees";"Tractor-Trailer";"PROG";"%";2030;"0.1";"Current policies";"Electricity"
"OPEX";"Taxes";"UK";"Increasing grid fees";"Rigid";"PROG";"%";2030;"0.1";"Current policies";"Electricity"
"OPEX";"Taxes";"UK";"Increasing grid fees";"Tractor-Trailer";"PROG";"%";2030;"0.1";"Current policies";"Electricity"
"OPEX";"Taxes";"DE";"Increasing grid fees";"Rigid";"BAU";"%";2030;"0.167";"Current policies";"Electricity"
"OPEX";"Taxes";"DE";"Increasing grid fees";"Tractor-Trailer";"BAU";"%";2030;"0.167";"Current policies";"Electricity"
"OPEX";"Taxes";"ES";"Increasing grid fees";"Rigid";"BAU";"%";2030;"0.167";"Current policies";"Electricity"
"OPEX";"Taxes";"ES";"Increasing grid fees";"Tractor-Trailer";"BAU";"%";2030;"0.167";"Current policies";"Electricity"
"OPEX";"Taxes";"FR";"Increasing grid fees";"Rigid";"BAU";"%";2030;"0.167";"Current policies";"Electricity"
"OPEX";"Taxes";"FR";"Increasing grid fees";"Tractor-Trailer";"BAU";"%";2030;"0.167";"Current policies";"Electricity"
"OPEX";"Taxes";"IT";"Increasing grid fees";"Rigid";"BAU";"%";2030;"0.167";"Current policies";"Electricity"
"OPEX";"Taxes";"IT";"Increasing grid fees";"Tractor-Trailer";"BAU";"%";2030;"0.167";"Current policies";"Electricity"
"OPEX";"Taxes";"NL";"Increasing grid fees";"Rigid";"BAU";"%";2030;"0.167";"Current policies";"Electricity"
"OPEX";"Taxes";"NL";"Increasing grid fees";"Tractor-Trailer";"BAU";"%";2030;"0.167";"Current policies";"Electricity"
"OPEX";"Taxes";"PL";"Increasing grid fees";"Rigid";"BAU";"%";2030;"0.167";"Current policies";"Electricity"
"OPEX";"Taxes";"PL";"Increasing grid fees";"Tractor-Trailer";"BAU";"%";2030;"0.167";"Current policies";"Electricity"
"OPEX";"Taxes";"UK";"Increasing grid fees";"Rigid";"BAU";"%";2030;"0.167";"Current policies";"Electricity"
"OPEX";"Taxes";"UK";"Increasing grid fees";"Tractor-Trailer";"BAU";"%";2030;"0.167";"Current policies";"Electricity"
"OPEX";"Taxes";"DE";"Network Costs - MCS";"Rigid";"PROG";"EUR/kWh";2035;"0.034";"Current policies";"Electricity"
"OPEX";"Taxes";"DE";"Network Costs - MCS";"Tractor-Trailer";"PROG";"EUR/kWh";2035;"0.034";"Current policies";"Electricity"
"OPEX";"Taxes";"ES";"Network Costs - MCS";"Rigid";"PROG";"EUR/kWh";2035;"0.014";"Current policies";"Electricity"
"OPEX";"Taxes";"ES";"Network Costs - MCS";"Tractor-Trailer";"PROG";"EUR/kWh";2035;"0.014";"Current policies";"Electricity"
"OPEX";"Taxes";"FR";"Network Costs - MCS";"Rigid";"PROG";"EUR/kWh";2035;"0.016";"Current policies";"Electricity"
"OPEX";"Taxes";"FR";"Network Costs - MCS";"Tractor-Trailer";"PROG";"EUR/kWh";2035;"0.016";"Current policies";"Electricity"
"OPEX";"Taxes";"IT";"Network Costs - MCS";"Rigid";"PROG";"EUR/kWh";2035;"0.014";"Current policies";"Electricity"
"OPEX";"Taxes";"IT";"Network Costs - MCS";"Tractor-Trailer";"PROG";"EUR/kWh";2035;"0.014";"Current policies";"Electricity"
"OPEX";"Taxes";"NL";"Network Costs - MCS";"Rigid";"PROG";"EUR/kWh";2035;"0.015";"Current policies";"Electricity"
"OPEX";"Taxes";"NL";"Network Costs - MCS";"Tractor-Trailer";"PROG";"EUR/kWh";2035;"0.015";"Current policies";"Electricity"
"OPEX";"Taxes";"PL";"Network Costs - MCS";"Rigid";"PROG";"EUR/kWh";2035;"0.016";"Current policies";"Electricity"
"OPEX";"Taxes";"PL";"Network Costs - MCS";"Tractor-Trailer";"PROG";"EUR/kWh";2035;"0.016";"Current policies";"Electricity"
"OPEX";"Taxes";"UK";"Network Costs - MCS";"Rigid";"PROG";"EUR/kWh";2035;"0.025";"Current policies";"Electricity"
"OPEX";"Taxes";"UK";"Network Costs - MCS";"Tractor-Trailer";"PROG";"EUR/kWh";2035;"0.025";"Current policies";"Electricity"
"OPEX";"Taxes";"DE";"Taxes, Fees, Levies and charges - MCS";"Rigid";"PROG";"EUR/kWh";2035;"0.056";"Current policies";"Electricity"
"OPEX";"Taxes";"DE";"Taxes, Fees, Levies and charges - MCS";"Tractor-Trailer";"PROG";"EUR/kWh";2035;"0.056";"Current policies";"Electricity"
"OPEX";"Taxes";"ES";"Taxes, Fees, Levies and charges - MCS";"Rigid";"PROG";"EUR/kWh";2035;"0.03";"Current policies";"Electricity"
"OPEX";"Taxes";"ES";"Taxes, Fees, Levies and charges - MCS";"Tractor-Trailer";"PROG";"EUR/kWh";2035;"0.03";"Current policies";"Electricity"
"OPEX";"Taxes";"FR";"Taxes, Fees, Levies and charges - MCS";"Rigid";"PROG";"EUR/kWh";2035;"0.027";"Current policies";"Electricity"
"OPEX";"Taxes";"FR";"Taxes, Fees, Levies and charges - MCS";"Tractor-Trailer";"PROG";"EUR/kWh";2035;"0.027";"Current policies";"Electricity"
"OPEX";"Taxes";"IT";"Taxes, Fees, Levies and charges - MCS";"Rigid";"PROG";"EUR/kWh";2035;"0.052";"Current policies";"Electricity"
"OPEX";"Taxes";"IT";"Taxes, Fees, Levies and charges - MCS";"Tractor-Trailer";"PROG";"EUR/kWh";2035;"0.052";"Current policies";"Electricity"
"OPEX";"Taxes";"NL";"Taxes, Fees, Levies and charges - MCS";"Rigid";"PROG";"EUR/kWh";2035;"0.048";"Current policies";"Electricity"
"OPEX";"Taxes";"NL";"Taxes, Fees, Levies and charges - MCS";"Tractor-Trailer";"PROG";"EUR/kWh";2035;"0.048";"Current policies";"Electricity"
"OPEX";"Taxes";"PL";"Taxes, Fees, Levies and charges - MCS";"Rigid";"PROG";"EUR/kWh";2035;"0.047";"Current policies";"Electricity"
"OPEX";"Taxes";"PL";"Taxes, Fees, Levies and charges - MCS";"Tractor-Trailer";"PROG";"EUR/kWh";2035;"0.047";"Current policies";"Electricity"
"OPEX";"Taxes";"UK";"Taxes, Fees, Levies and charges - MCS";"Rigid";"PROG";"EUR/kWh";2035;"0.075";"Current policies";"Electricity"
"OPEX";"Taxes";"UK";"Taxes, Fees, Levies and charges - MCS";"Tractor-Trailer";"PROG";"EUR/kWh";2035;"0.075";"Current policies";"Electricity"
"OPEX";"Taxes";"DE";"Network Costs - Depot";"Rigid";"PROG";"EUR/kWh";2035;"0.034";"Current policies";"Electricity"
"OPEX";"Taxes";"DE";"Network Costs - Depot";"Tractor-Trailer";"PROG";"EUR/kWh";2035;"0.034";"Current policies";"Electricity"
"OPEX";"Taxes";"ES";"Network Costs - Depot";"Rigid";"PROG";"EUR/kWh";2035;"0.018";"Current policies";"Electricity"
"OPEX";"Taxes";"ES";"Network Costs - Depot";"Tractor-Trailer";"PROG";"EUR/kWh";2035;"0.018";"Current policies";"Electricity"
"OPEX";"Taxes";"FR";"Network Costs - Depot";"Rigid";"PROG";"EUR/kWh";2035;"0.018";"Current policies";"Electricity"
"OPEX";"Taxes";"FR";"Network Costs - Depot";"Tractor-Trailer";"PROG";"EUR/kWh";2035;"0.018";"Current policies";"Electricity"
"OPEX";"Taxes";"IT";"Network Costs - Depot";"Rigid";"PROG";"EUR/kWh";2035;"0.016";"Current policies";"Electricity"
"OPEX";"Taxes";"IT";"Network Costs - Depot";"Tractor-Trailer";"PROG";"EUR/kWh";2035;"0.016";"Current policies";"Electricity"
"OPEX";"Taxes";"NL";"Network Costs - Depot";"Rigid";"PROG";"EUR/kWh";2035;"0.016";"Current policies";"Electricity"
"OPEX";"Taxes";"NL";"Network Costs - Depot";"Tractor-Trailer";"PROG";"EUR/kWh";2035;"0.016";"Current policies";"Electricity"
"OPEX";"Taxes";"PL";"Network Costs - Depot";"Rigid";"PROG";"EUR/kWh";2035;"0.019";"Current policies";"Electricity"
"OPEX";"Taxes";"PL";"Network Costs - Depot";"Tractor-Trailer";"PROG";"EUR/kWh";2035;"0.019";"Current policies";"Electricity"
"OPEX";"Taxes";"UK";"Network Costs - Depot";"Rigid";"PROG";"EUR/kWh";2035;"0.027";"Current policies";"Electricity"
"OPEX";"Taxes";"UK";"Network Costs - Depot";"Tractor-Trailer";"PROG";"EUR/kWh";2035;"0.027";"Current policies";"Electricity"
"OPEX";"Taxes";"DE";"Taxes, Fees, Levies and charges - Depot";"Rigid";"PROG";"EUR/kWh";2035;"0.056";"Current policies";"Electricity"
"OPEX";"Taxes";"DE";"Taxes, Fees, Levies and charges - Depot";"Tractor-Trailer";"PROG";"EUR/kWh";2035;"0.056";"Current policies";"Electricity"
"OPEX";"Taxes";"ES";"Taxes, Fees, Levies and charges - Depot";"Rigid";"PROG";"EUR/kWh";2035;"0.036";"Current policies";"Electricity"
"OPEX";"Taxes";"ES";"Taxes, Fees, Levies and charges - Depot";"Tractor-Trailer";"PROG";"EUR/kWh";2035;"0.036";"Current policies";"Electricity"
"OPEX";"Taxes";"FR";"Taxes, Fees, Levies and charges - Depot";"Rigid";"PROG";"EUR/kWh";2035;"0.03";"Current policies";"Electricity"
"OPEX";"Taxes";"FR";"Taxes, Fees, Levies and charges - Depot";"Tractor-Trailer";"PROG";"EUR/kWh";2035;"0.03";"Current policies";"Electricity"
"OPEX";"Taxes";"IT";"Taxes, Fees, Levies and charges - Depot";"Rigid";"PROG";"EUR/kWh";2035;"0.063";"Current policies";"Electricity"
"OPEX";"Taxes";"IT";"Taxes, Fees, Levies and charges - Depot";"Tractor-Trailer";"PROG";"EUR/kWh";2035;"0.063";"Current policies";"Electricity"
"OPEX";"Taxes";"NL";"Taxes, Fees, Levies and charges - Depot";"Rigid";"PROG";"EUR/kWh";2035;"0.055";"Current policies";"Electricity"
"OPEX";"Taxes";"NL";"Taxes, Fees, Levies and charges - Depot";"Tractor-Trailer";"PROG";"EUR/kWh";2035;"0.055";"Current policies";"Electricity"
"OPEX";"Taxes";"PL";"Taxes, Fees, Levies and charges - Depot";"Rigid";"PROG";"EUR/kWh";2035;"0.049";"Current policies";"Electricity"
"OPEX";"Taxes";"PL";"Taxes, Fees, Levies and charges - Depot";"Tractor-Trailer";"PROG";"EUR/kWh";2035;"0.049";"Current policies";"Electricity"
"OPEX";"Taxes";"UK";"Taxes, Fees, Levies and charges - Depot";"Rigid";"PROG";"EUR/kWh";2035;"0.084";"Current policies";"Electricity"
"OPEX";"Taxes";"UK";"Taxes, Fees, Levies and charges - Depot";"Tractor-Trailer";"PROG";"EUR/kWh";2035;"0.084";"Current policies";"Electricity"
"OPEX";"H2 Infrastructure";"DE";"HRS costs";"Rigid";"PROG";"EUR/kg H2";2035;"0.9";"Current policies";"Hydrogen"
"OPEX";"H2 Infrastructure";"DE";"HRS costs";"Tractor-Trailer";"PROG";"EUR/kg H2";2035;"0.9";"Current policies";"Hydrogen"
"OPEX";"H2 Infrastructure";"ES";"HRS costs";"Rigid";"PROG";"EUR/kg H2";2035;"0.9";"Current policies";"Hydrogen"
"OPEX";"H2 Infrastructure";"ES";"HRS costs";"Tractor-Trailer";"PROG";"EUR/kg H2";2035;"0.9";"Current policies";"Hydrogen"
"OPEX";"H2 Infrastructure";"FR";"HRS costs";"Rigid";"PROG";"EUR/kg H2";2035;"0.9";"Current policies";"Hydrogen"
"OPEX";"H2 Infrastructure";"FR";"HRS costs";"Tractor-Trailer";"PROG";"EUR/kg H2";2035;"0.9";"Current policies";"Hydrogen"
"OPEX";"H2 Infrastructure";"IT";"HRS costs";"Rigid";"PROG";"EUR/kg H2";2035;"0.9";"Current policies";"Hydrogen"
"OPEX";"H2 Infrastructure";"IT";"HRS costs";"Tractor-Trailer";"PROG";"EUR/kg H2";2035;"0.9";"Current policies";"Hydrogen"
"OPEX";"H2 Infrastructure";"NL";"HRS costs";"Rigid";"PROG";"EUR/kg H2";2035;"0.9";"Current policies";"Hydrogen"
"OPEX";"H2 Infrastructure";"NL";"HRS costs";"Tractor-Trailer";"PROG";"EUR/kg H2";2035;"0.9";"Current policies";"Hydrogen"
"OPEX";"H2 Infrastructure";"PL";"HRS costs";"Rigid";"PROG";"EUR/kg H2";2035;"0.9";"Current policies";"Hydrogen"
"OPEX";"H2 Infrastructure";"PL";"HRS costs";"Tractor-Trailer";"PROG";"EUR/kg H2";2035;"0.9";"Current policies";"Hydrogen"
"OPEX";"H2 Infrastructure";"UK";"HRS costs";"Rigid";"PROG";"EUR/kg H2";2035;"0.9";"Current policies";"Hydrogen"
"OPEX";"H2 Infrastructure";"UK";"HRS costs";"Tractor-Trailer";"PROG";"EUR/kg H2";2035;"0.9";"Current policies";"Hydrogen"
"OPEX";"H2 Infrastructure";"DE";"H2 transport and distribution";"Rigid";"PROG";"EUR/kg H2";2035;"0.833";"Current policies";"Hydrogen"
"OPEX";"H2 Infrastructure";"DE";"H2 transport and distribution";"Tractor-Trailer";"PROG";"EUR/kg H2";2035;"0.833";"Current policies";"Hydrogen"
"OPEX";"H2 Infrastructure";"ES";"H2 transport and distribution";"Rigid";"PROG";"EUR/kg H2";2035;"0.833";"Current policies";"Hydrogen"
"OPEX";"H2 Infrastructure";"ES";"H2 transport and distribution";"Tractor-Trailer";"PROG";"EUR/kg H2";2035;"0.833";"Current policies";"Hydrogen"
"OPEX";"H2 Infrastructure";"FR";"H2 transport and distribution";"Rigid";"PROG";"EUR/kg H2";2035;"0.833";"Current policies";"Hydrogen"
"OPEX";"H2 Infrastructure";"FR";"H2 transport and distribution";"Tractor-Trailer";"PROG";"EUR/kg H2";2035;"0.833";"Current policies";"Hydrogen"
"OPEX";"H2 Infrastructure";"IT";"H2 transport and distribution";"Rigid";"PROG";"EUR/kg H2";2035;"0.833";"Current policies";"Hydrogen"
"OPEX";"H2 Infrastructure";"IT";"H2 transport and distribution";"Tractor-Trailer";"PROG";"EUR/kg H2";2035;"0.833";"Current policies";"Hydrogen"
"OPEX";"H2 Infrastructure";"NL";"H2 transport and distribution";"Rigid";"PROG";"EUR/kg H2";2035;"0.833";"Current policies";"Hydrogen"
"OPEX";"H2 Infrastructure";"NL";"H2 transport and distribution";"Tractor-Trailer";"PROG";"EUR/kg H2";2035;"0.833";"Current policies";"Hydrogen"
"OPEX";"H2 Infrastructure";"PL";"H2 transport and distribution";"Rigid";"PROG";"EUR/kg H2";2035;"0.833";"Current policies";"Hydrogen"
"OPEX";"H2 Infrastructure";"PL";"H2 transport and distribution";"Tractor-Trailer";"PROG";"EUR/kg H2";2035;"0.833";"Current policies";"Hydrogen"
"OPEX";"H2 Infrastructure";"UK";"H2 transport and distribution";"Rigid";"PROG";"EUR/kg H2";2035;"0.833";"Current policies";"Hydrogen"
"OPEX";"H2 Infrastructure";"UK";"H2 transport and distribution";"Tractor-Trailer";"PROG";"EUR/kg H2";2035;"0.833";"Current policies";"Hydrogen"
"OPEX";"H2 Infrastructure";"DE";"HRS Overhead, Profit and Mark-Up";"Rigid";"PROG";"EUR/kg H2";2035;"0.25";"Current policies";"Hydrogen"
"OPEX";"H2 Infrastructure";"DE";"HRS Overhead, Profit and Mark-Up";"Tractor-Trailer";"PROG";"EUR/kg H2";2035;"0.25";"Current policies";"Hydrogen"
"OPEX";"H2 Infrastructure";"ES";"HRS Overhead, Profit and Mark-Up";"Rigid";"PROG";"EUR/kg H2";2035;"0.25";"Current policies";"Hydrogen"
"OPEX";"H2 Infrastructure";"ES";"HRS Overhead, Profit and Mark-Up";"Tractor-Trailer";"PROG";"EUR/kg H2";2035;"0.25";"Current policies";"Hydrogen"
"OPEX";"H2 Infrastructure";"FR";"HRS Overhead, Profit and Mark-Up";"Rigid";"PROG";"EUR/kg H2";2035;"0.25";"Current policies";"Hydrogen"
"OPEX";"H2 Infrastructure";"FR";"HRS Overhead, Profit and Mark-Up";"Tractor-Trailer";"PROG";"EUR/kg H2";2035;"0.25";"Current policies";"Hydrogen"
"OPEX";"H2 Infrastructure";"IT";"HRS Overhead, Profit and Mark-Up";"Rigid";"PROG";"EUR/kg H2";2035;"0.25";"Current policies";"Hydrogen"
"OPEX";"H2 Infrastructure";"IT";"HRS Overhead, Profit and Mark-Up";"Tractor-Trailer";"PROG";"EUR/kg H2";2035;"0.25";"Current policies";"Hydrogen"
"OPEX";"H2 Infrastructure";"NL";"HRS Overhead, Profit and Mark-Up";"Rigid";"PROG";"EUR/kg H2";2035;"0.25";"Current policies";"Hydrogen"
"OPEX";"H2 Infrastructure";"NL";"HRS Overhead, Profit and Mark-Up";"Tractor-Trailer";"PROG";"EUR/kg H2";2035;"0.25";"Current policies";"Hydrogen"
"OPEX";"H2 Infrastructure";"PL";"HRS Overhead, Profit and Mark-Up";"Rigid";"PROG";"EUR/kg H2";2035;"0.25";"Current policies";"Hydrogen"
"OPEX";"H2 Infrastructure";"PL";"HRS Overhead, Profit and Mark-Up";"Tractor-Trailer";"PROG";"EUR/kg H2";2035;"0.25";"Current policies";"Hydrogen"
"OPEX";"H2 Infrastructure";"UK";"HRS Overhead, Profit and Mark-Up";"Rigid";"PROG";"EUR/kg H2";2035;"0.25";"Current policies";"Hydrogen"
"OPEX";"H2 Infrastructure";"UK";"HRS Overhead, Profit and Mark-Up";"Tractor-Trailer";"PROG";"EUR/kg H2";2035;"0.25";"Current policies";"Hydrogen"
"OPEX";"Charging Infrastructure";"DE";"MCS Station (Public Charging) - Incl. Overhead";"Rigid";"PROG";"EUR/kWh";2035;"0.031";"Current policies";"Electricity"
"OPEX";"Charging Infrastructure";"DE";"MCS Station (Public Charging) - Incl. Overhead";"Tractor-Trailer";"PROG";"EUR/kWh";2035;"0.031";"Current policies";"Electricity"
"OPEX";"Charging Infrastructure";"ES";"MCS Station (Public Charging) - Incl. Overhead";"Rigid";"PROG";"EUR/kWh";2035;"0.031";"Current policies";"Electricity"
"OPEX";"Charging Infrastructure";"ES";"MCS Station (Public Charging) - Incl. Overhead";"Tractor-Trailer";"PROG";"EUR/kWh";2035;"0.031";"Current policies";"Electricity"
"OPEX";"Charging Infrastructure";"FR";"MCS Station (Public Charging) - Incl. Overhead";"Rigid";"PROG";"EUR/kWh";2035;"0.031";"Current policies";"Electricity"
"OPEX";"Charging Infrastructure";"FR";"MCS Station (Public Charging) - Incl. Overhead";"Tractor-Trailer";"PROG";"EUR/kWh";2035;"0.031";"Current policies";"Electricity"
"OPEX";"Charging Infrastructure";"IT";"MCS Station (Public Charging) - Incl. Overhead";"Rigid";"PROG";"EUR/kWh";2035;"0.031";"Current policies";"Electricity"
"OPEX";"Charging Infrastructure";"IT";"MCS Station (Public Charging) - Incl. Overhead";"Tractor-Trailer";"PROG";"EUR/kWh";2035;"0.031";"Current policies";"Electricity"
"OPEX";"Charging Infrastructure";"NL";"MCS Station (Public Charging) - Incl. Overhead";"Rigid";"PROG";"EUR/kWh";2035;"0.031";"Current policies";"Electricity"
"OPEX";"Charging Infrastructure";"NL";"MCS Station (Public Charging) - Incl. Overhead";"Tractor-Trailer";"PROG";"EUR/kWh";2035;"0.031";"Current policies";"Electricity"
"OPEX";"Charging Infrastructure";"PL";"MCS Station (Public Charging) - Incl. Overhead";"Rigid";"PROG";"EUR/kWh";2035;"0.031";"Current policies";"Electricity"
"OPEX";"Charging Infrastructure";"PL";"MCS Station (Public Charging) - Incl. Overhead";"Tractor-Trailer";"PROG";"EUR/kWh";2035;"0.031";"Current policies";"Electricity"
"OPEX";"Charging Infrastructure";"UK";"MCS Station (Public Charging) - Incl. Overhead";"Rigid";"PROG";"EUR/kWh";2035;"0.031";"Current policies";"Electricity"
"OPEX";"Charging Infrastructure";"UK";"MCS Station (Public Charging) - Incl. Overhead";"Tractor-Trailer";"PROG";"EUR/kWh";2035;"0.031";"Current policies";"Electricity"
"OPEX";"Charging Infrastructure";"DE";"Share MCS-Charging";"Rigid";"PROG";"%";2035;"0.2";"Current policies";"Electricity"
"OPEX";"Charging Infrastructure";"DE";"Share MCS-Charging";"Tractor-Trailer";"PROG";"%";2035;"0.2";"Current policies";"Electricity"
"OPEX";"Charging Infrastructure";"ES";"Share MCS-Charging";"Rigid";"PROG";"%";2035;"0.2";"Current policies";"Electricity"
"OPEX";"Charging Infrastructure";"ES";"Share MCS-Charging";"Tractor-Trailer";"PROG";"%";2035;"0.2";"Current policies";"Electricity"
"OPEX";"Charging Infrastructure";"FR";"Share MCS-Charging";"Rigid";"PROG";"%";2035;"0.2";"Current policies";"Electricity"
"OPEX";"Charging Infrastructure";"FR";"Share MCS-Charging";"Tractor-Trailer";"PROG";"%";2035;"0.2";"Current policies";"Electricity"
"OPEX";"Charging Infrastructure";"IT";"Share MCS-Charging";"Rigid";"PROG";"%";2035;"0.2";"Current policies";"Electricity"
"OPEX";"Charging Infrastructure";"IT";"Share MCS-Charging";"Tractor-Trailer";"PROG";"%";2035;"0.2";"Current policies";"Electricity"
"OPEX";"Charging Infrastructure";"NL";"Share MCS-Charging";"Rigid";"PROG";"%";2035;"0.2";"Current policies";"Electricity"
"OPEX";"Charging Infrastructure";"NL";"Share MCS-Charging";"Tractor-Trailer";"PROG";"%";2035;"0.2";"Current policies";"Electricity"
"OPEX";"Charging Infrastructure";"PL";"Share MCS-Charging";"Rigid";"PROG";"%";2035;"0.2";"Current policies";"Electricity"
"OPEX";"Charging Infrastructure";"PL";"Share MCS-Charging";"Tractor-Trailer";"PROG";"%";2035;"0.2";"Current policies";"Electricity"
"OPEX";"Charging Infrastructure";"UK";"Share MCS-Charging";"Rigid";"PROG";"%";2035;"0.2";"Current policies";"Electricity"
"OPEX";"Charging Infrastructure";"UK";"Share MCS-Charging";"Tractor-Trailer";"PROG";"%";2035;"0.2";"Current policies";"Electricity"
"OPEX";"Charging Infrastructure";"DE";"Depot - Network fees savings potential";"Rigid";"PROG";"EUR/kWh";2035;"-0.01";"Current policies";"Electricity"
"OPEX";"Charging Infrastructure";"DE";"Depot - Network fees savings potential";"Tractor-Trailer";"PROG";"EUR/kWh";2035;"-0.01";"Current policies";"Electricity"
"OPEX";"Charging Infrastructure";"ES";"Depot - Network fees savings potential";"Rigid";"PROG";"EUR/kWh";2035;"-0.01";"Current policies";"Electricity"
"OPEX";"Charging Infrastructure";"ES";"Depot - Network fees savings potential";"Tractor-Trailer";"PROG";"EUR/kWh";2035;"-0.01";"Current policies";"Electricity"
"OPEX";"Charging Infrastructure";"FR";"Depot - Network fees savings potential";"Rigid";"PROG";"EUR/kWh";2035;"-0.01";"Current policies";"Electricity"
"OPEX";"Charging Infrastructure";"FR";"Depot - Network fees savings potential";"Tractor-Trailer";"PROG";"EUR/kWh";2035;"-0.01";"Current policies";"Electricity"
"OPEX";"Charging Infrastructure";"IT";"Depot - Network fees savings potential";"Rigid";"PROG";"EUR/kWh";2035;"-0.01";"Current policies";"Electricity"
"OPEX";"Charging Infrastructure";"IT";"Depot - Network fees savings potential";"Tractor-Trailer";"PROG";"EUR/kWh";2035;"-0.01";"Current policies";"Electricity"
"OPEX";"Charging Infrastructure";"NL";"Depot - Network fees savings potential";"Rigid";"PROG";"EUR/kWh";2035;"-0.01";"Current policies";"Electricity"
"OPEX";"Charging Infrastructure";"NL";"Depot - Network fees savings potential";"Tractor-Trailer";"PROG";"EUR/kWh";2035;"-0.01";"Current policies";"Electricity"
"OPEX";"Charging Infrastructure";"PL";"Depot - Network fees savings potential";"Rigid";"PROG";"EUR/kWh";2035;"-0.01";"Current policies";"Electricity"
"OPEX";"Charging Infrastructure";"PL";"Depot - Network fees savings potential";"Tractor-Trailer";"PROG";"EUR/kWh";2035;"-0.01";"Current policies";"Electricity"
"OPEX";"Charging Infrastructure";"UK";"Depot - Network fees savings potential";"Rigid";"PROG";"EUR/kWh";2035;"-0.01";"Current policies";"Electricity"
"OPEX";"Charging Infrastructure";"UK";"Depot - Network fees savings potential";"Tractor-Trailer";"PROG";"EUR/kWh";2035;"-0.01";"Current policies";"Electricity"
"OPEX";"Taxes";"DE";"Tax reduction";"Rigid";"PROG";"%";2035;"0";"Current policies";"Hydrogen"
"OPEX";"Taxes";"DE";"Tax reduction";"Tractor-Trailer";"PROG";"%";2035;"0";"Current policies";"Hydrogen"
"OPEX";"Taxes";"ES";"Tax reduction";"Rigid";"PROG";"%";2035;"0";"Current policies";"Hydrogen"
"OPEX";"Taxes";"ES";"Tax reduction";"Tractor-Trailer";"PROG";"%";2035;"0";"Current policies";"Hydrogen"
"OPEX";"Taxes";"FR";"Tax reduction";"Rigid";"PROG";"%";2035;"0";"Current policies";"Hydrogen"
"OPEX";"Taxes";"FR";"Tax reduction";"Tractor-Trailer";"PROG";"%";2035;"0";"Current policies";"Hydrogen"
"OPEX";"Taxes";"IT";"Tax reduction";"Rigid";"PROG";"%";2035;"0";"Current policies";"Hydrogen"
"OPEX";"Taxes";"IT";"Tax reduction";"Tractor-Trailer";"PROG";"%";2035;"0";"Current policies";"Hydrogen"
"OPEX";"Taxes";"NL";"Tax reduction";"Rigid";"PROG";"%";2035;"0";"Current policies";"Hydrogen"
"OPEX";"Taxes";"NL";"Tax reduction";"Tractor-Trailer";"PROG";"%";2035;"0";"Current policies";"Hydrogen"
"OPEX";"Taxes";"PL";"Tax reduction";"Rigid";"PROG";"%";2035;"0";"Current policies";"Hydrogen"
"OPEX";"Taxes";"PL";"Tax reduction";"Tractor-Trailer";"PROG";"%";2035;"0";"Current policies";"Hydrogen"
"OPEX";"Taxes";"UK";"Tax reduction";"Rigid";"PROG";"%";2035;"0";"Current policies";"Hydrogen"
"OPEX";"Taxes";"UK";"Tax reduction";"Tractor-Trailer";"PROG";"%";2035;"0";"Current policies";"Hydrogen"
"OPEX";"Taxes";"DE";"Excise Duty - Diesel";"Rigid";"BAU";"EUR/kWh";2035;"0.047";"Current policies";"Diesel"
"OPEX";"Taxes";"DE";"Excise Duty - Diesel";"Tractor-Trailer";"BAU";"EUR/kWh";2035;"0.047";"Current policies";"Diesel"
"OPEX";"Taxes";"DE";"Excise Duty - Diesel";"Rigid";"PROG";"EUR/kWh";2035;"0.047";"Current policies";"Diesel"
"OPEX";"Taxes";"DE";"Excise Duty - Diesel";"Tractor-Trailer";"PROG";"EUR/kWh";2035;"0.047";"Current policies";"Diesel"
"OPEX";"Taxes";"ES";"Excise Duty - Diesel";"Rigid";"BAU";"EUR/kWh";2035;"0.038";"Current policies";"Diesel"
"OPEX";"Taxes";"ES";"Excise Duty - Diesel";"Tractor-Trailer";"BAU";"EUR/kWh";2035;"0.038";"Current policies";"Diesel"
"OPEX";"Taxes";"ES";"Excise Duty - Diesel";"Rigid";"PROG";"EUR/kWh";2035;"0.038";"Current policies";"Diesel"
"OPEX";"Taxes";"ES";"Excise Duty - Diesel";"Tractor-Trailer";"PROG";"EUR/kWh";2035;"0.038";"Current policies";"Diesel"
"OPEX";"Taxes";"FR";"Excise Duty - Diesel";"Rigid";"BAU";"EUR/kWh";2035;"0.06";"Current policies";"Diesel"
"OPEX";"Taxes";"FR";"Excise Duty - Diesel";"Tractor-Trailer";"BAU";"EUR/kWh";2035;"0.06";"Current policies";"Diesel"
"OPEX";"Taxes";"FR";"Excise Duty - Diesel";"Rigid";"PROG";"EUR/kWh";2035;"0.06";"Current policies";"Diesel"
"OPEX";"Taxes";"FR";"Excise Duty - Diesel";"Tractor-Trailer";"PROG";"EUR/kWh";2035;"0.06";"Current policies";"Diesel"
"OPEX";"Taxes";"IT";"Excise Duty - Diesel";"Rigid";"BAU";"EUR/kWh";2035;"0.062";"Current policies";"Diesel"
"OPEX";"Taxes";"IT";"Excise Duty - Diesel";"Tractor-Trailer";"BAU";"EUR/kWh";2035;"0.062";"Current policies";"Diesel"
"OPEX";"Taxes";"IT";"Excise Duty - Diesel";"Rigid";"PROG";"EUR/kWh";2035;"0.062";"Current policies";"Diesel"
"OPEX";"Taxes";"IT";"Excise Duty - Diesel";"Tractor-Trailer";"PROG";"EUR/kWh";2035;"0.062";"Current policies";"Diesel"
"OPEX";"Taxes";"NL";"Excise Duty - Diesel";"Rigid";"BAU";"EUR/kWh";2035;"0.053";"Current policies";"Diesel"
"OPEX";"Taxes";"NL";"Excise Duty - Diesel";"Tractor-Trailer";"BAU";"EUR/kWh";2035;"0.053";"Current policies";"Diesel"
"OPEX";"Taxes";"NL";"Excise Duty - Diesel";"Rigid";"PROG";"EUR/kWh";2035;"0.053";"Current policies";"Diesel"
"OPEX";"Taxes";"NL";"Excise Duty - Diesel";"Tractor-Trailer";"PROG";"EUR/kWh";2035;"0.053";"Current policies";"Diesel"
"OPEX";"Taxes";"PL";"Excise Duty - Diesel";"Rigid";"BAU";"EUR/kWh";2035;"0.033";"Current policies";"Diesel"
"OPEX";"Taxes";"PL";"Excise Duty - Diesel";"Tractor-Trailer";"BAU";"EUR/kWh";2035;"0.033";"Current policies";"Diesel"
"OPEX";"Taxes";"PL";"Excise Duty - Diesel";"Rigid";"PROG";"EUR/kWh";2035;"0.033";"Current policies";"Diesel"
"OPEX";"Taxes";"PL";"Excise Duty - Diesel";"Tractor-Trailer";"PROG";"EUR/kWh";2035;"0.033";"Current policies";"Diesel"
"OPEX";"Taxes";"UK";"Excise Duty - Diesel";"Rigid";"BAU";"EUR/kWh";2035;"0.053";"Current policies";"Diesel"
"OPEX";"Taxes";"UK";"Excise Duty - Diesel";"Tractor-Trailer";"BAU";"EUR/kWh";2035;"0.053";"Current policies";"Diesel"
"OPEX";"Taxes";"UK";"Excise Duty - Diesel";"Rigid";"PROG";"EUR/kWh";2035;"0.053";"Current policies";"Diesel"
"OPEX";"Taxes";"UK";"Excise Duty - Diesel";"Tractor-Trailer";"PROG";"EUR/kWh";2035;"0.053";"Current policies";"Diesel"
"OPEX";"Taxes";"DE";"Excise Duty - Reduction biodiesel";"Rigid";"BAU";"%";2035;"0.5";"Current policies";"Diesel"
"OPEX";"Taxes";"DE";"Excise Duty - Reduction biodiesel";"Tractor-Trailer";"BAU";"%";2035;"0.5";"Current policies";"Diesel"
"OPEX";"Taxes";"DE";"Excise Duty - Reduction biodiesel";"Rigid";"PROG";"%";2035;"0.5";"Current policies";"Diesel"
"OPEX";"Taxes";"DE";"Excise Duty - Reduction biodiesel";"Tractor-Trailer";"PROG";"%";2035;"0.5";"Current policies";"Diesel"
"OPEX";"Taxes";"ES";"Excise Duty - Reduction biodiesel";"Rigid";"BAU";"%";2035;"0.5";"Current policies";"Diesel"
"OPEX";"Taxes";"ES";"Excise Duty - Reduction biodiesel";"Tractor-Trailer";"BAU";"%";2035;"0.5";"Current policies";"Diesel"
"OPEX";"Taxes";"ES";"Excise Duty - Reduction biodiesel";"Rigid";"PROG";"%";2035;"0.5";"Current policies";"Diesel"
"OPEX";"Taxes";"ES";"Excise Duty - Reduction biodiesel";"Tractor-Trailer";"PROG";"%";2035;"0.5";"Current policies";"Diesel"
"OPEX";"Taxes";"FR";"Excise Duty - Reduction biodiesel";"Rigid";"BAU";"%";2035;"0.5";"Current policies";"Diesel"
"OPEX";"Taxes";"FR";"Excise Duty - Reduction biodiesel";"Tractor-Trailer";"BAU";"%";2035;"0.5";"Current policies";"Diesel"
"OPEX";"Taxes";"FR";"Excise Duty - Reduction biodiesel";"Rigid";"PROG";"%";2035;"0.5";"Current policies";"Diesel"
"OPEX";"Taxes";"FR";"Excise Duty - Reduction biodiesel";"Tractor-Trailer";"PROG";"%";2035;"0.5";"Current policies";"Diesel"
"OPEX";"Taxes";"IT";"Excise Duty - Reduction biodiesel";"Rigid";"BAU";"%";2035;"0.5";"Current policies";"Diesel"
"OPEX";"Taxes";"IT";"Excise Duty - Reduction biodiesel";"Tractor-Trailer";"BAU";"%";2035;"0.5";"Current policies";"Diesel"
"OPEX";"Taxes";"IT";"Excise Duty - Reduction biodiesel";"Rigid";"PROG";"%";2035;"0.5";"Current policies";"Diesel"
"OPEX";"Taxes";"IT";"Excise Duty - Reduction biodiesel";"Tractor-Trailer";"PROG";"%";2035;"0.5";"Current policies";"Diesel"
"OPEX";"Taxes";"NL";"Excise Duty - Reduction biodiesel";"Rigid";"BAU";"%";2035;"0.5";"Current policies";"Diesel"
"OPEX";"Taxes";"NL";"Excise Duty - Reduction biodiesel";"Tractor-Trailer";"BAU";"%";2035;"0.5";"Current policies";"Diesel"
"OPEX";"Taxes";"NL";"Excise Duty - Reduction biodiesel";"Rigid";"PROG";"%";2035;"0.5";"Current policies";"Diesel"
"OPEX";"Taxes";"NL";"Excise Duty - Reduction biodiesel";"Tractor-Trailer";"PROG";"%";2035;"0.5";"Current policies";"Diesel"
"OPEX";"Taxes";"PL";"Excise Duty - Reduction biodiesel";"Rigid";"BAU";"%";2035;"0.5";"Current policies";"Diesel"
"OPEX";"Taxes";"PL";"Excise Duty - Reduction biodiesel";"Tractor-Trailer";"BAU";"%";2035;"0.5";"Current policies";"Diesel"
"OPEX";"Taxes";"PL";"Excise Duty - Reduction biodiesel";"Rigid";"PROG";"%";2035;"0.5";"Current policies";"Diesel"
"OPEX";"Taxes";"PL";"Excise Duty - Reduction biodiesel";"Tractor-Trailer";"PROG";"%";2035;"0.5";"Current policies";"Diesel"
"OPEX";"Taxes";"UK";"Excise Duty - Reduction biodiesel";"Rigid";"BAU";"%";2035;"0.5";"Current policies";"Diesel"
"OPEX";"Taxes";"UK";"Excise Duty - Reduction biodiesel";"Tractor-Trailer";"BAU";"%";2035;"0.5";"Current policies";"Diesel"
"OPEX";"Taxes";"UK";"Excise Duty - Reduction biodiesel";"Rigid";"PROG";"%";2035;"0.5";"Current policies";"Diesel"
"OPEX";"Taxes";"UK";"Excise Duty - Reduction biodiesel";"Tractor-Trailer";"PROG";"%";2035;"0.5";"Current policies";"Diesel"
"OPEX";"Taxes";"DE";"Excise Duty - Reduction Synthetic Diesel (E-Fuels)";"Rigid";"BAU";"%";2035;"0.5";"Current policies";"Diesel"
"OPEX";"Taxes";"DE";"Excise Duty - Reduction Synthetic Diesel (E-Fuels)";"Tractor-Trailer";"BAU";"%";2035;"0.5";"Current policies";"Diesel"
"OPEX";"Taxes";"DE";"Excise Duty - Reduction Synthetic Diesel (E-Fuels)";"Rigid";"PROG";"%";2035;"0.5";"Current policies";"Diesel"
"OPEX";"Taxes";"DE";"Excise Duty - Reduction Synthetic Diesel (E-Fuels)";"Tractor-Trailer";"PROG";"%";2035;"0.5";"Current policies";"Diesel"
"OPEX";"Taxes";"ES";"Excise Duty - Reduction Synthetic Diesel (E-Fuels)";"Rigid";"BAU";"%";2035;"0.5";"Current policies";"Diesel"
"OPEX";"Taxes";"ES";"Excise Duty - Reduction Synthetic Diesel (E-Fuels)";"Tractor-Trailer";"BAU";"%";2035;"0.5";"Current policies";"Diesel"
"OPEX";"Taxes";"ES";"Excise Duty - Reduction Synthetic Diesel (E-Fuels)";"Rigid";"PROG";"%";2035;"0.5";"Current policies";"Diesel"
"OPEX";"Taxes";"ES";"Excise Duty - Reduction Synthetic Diesel (E-Fuels)";"Tractor-Trailer";"PROG";"%";2035;"0.5";"Current policies";"Diesel"
"OPEX";"Taxes";"FR";"Excise Duty - Reduction Synthetic Diesel (E-Fuels)";"Rigid";"BAU";"%";2035;"0.5";"Current policies";"Diesel"
"OPEX";"Taxes";"FR";"Excise Duty - Reduction Synthetic Diesel (E-Fuels)";"Tractor-Trailer";"BAU";"%";2035;"0.5";"Current policies";"Diesel"
"OPEX";"Taxes";"FR";"Excise Duty - Reduction Synthetic Diesel (E-Fuels)";"Rigid";"PROG";"%";2035;"0.5";"Current policies";"Diesel"
"OPEX";"Taxes";"FR";"Excise Duty - Reduction Synthetic Diesel (E-Fuels)";"Tractor-Trailer";"PROG";"%";2035;"0.5";"Current policies";"Diesel"
"OPEX";"Taxes";"IT";"Excise Duty - Reduction Synthetic Diesel (E-Fuels)";"Rigid";"BAU";"%";2035;"0.5";"Current policies";"Diesel"
"OPEX";"Taxes";"IT";"Excise Duty - Reduction Synthetic Diesel (E-Fuels)";"Tractor-Trailer";"BAU";"%";2035;"0.5";"Current policies";"Diesel"
"OPEX";"Taxes";"IT";"Excise Duty - Reduction Synthetic Diesel (E-Fuels)";"Rigid";"PROG";"%";2035;"0.5";"Current policies";"Diesel"
"OPEX";"Taxes";"IT";"Excise Duty - Reduction Synthetic Diesel (E-Fuels)";"Tractor-Trailer";"PROG";"%";2035;"0.5";"Current policies";"Diesel"
"OPEX";"Taxes";"NL";"Excise Duty - Reduction Synthetic Diesel (E-Fuels)";"Rigid";"BAU";"%";2035;"0.5";"Current policies";"Diesel"
"OPEX";"Taxes";"NL";"Excise Duty - Reduction Synthetic Diesel (E-Fuels)";"Tractor-Trailer";"BAU";"%";2035;"0.5";"Current policies";"Diesel"
"OPEX";"Taxes";"NL";"Excise Duty - Reduction Synthetic Diesel (E-Fuels)";"Rigid";"PROG";"%";2035;"0.5";"Current policies";"Diesel"
"OPEX";"Taxes";"NL";"Excise Duty - Reduction Synthetic Diesel (E-Fuels)";"Tractor-Trailer";"PROG";"%";2035;"0.5";"Current policies";"Diesel"
"OPEX";"Taxes";"PL";"Excise Duty - Reduction Synthetic Diesel (E-Fuels)";"Rigid";"BAU";"%";2035;"0.5";"Current policies";"Diesel"
"OPEX";"Taxes";"PL";"Excise Duty - Reduction Synthetic Diesel (E-Fuels)";"Tractor-Trailer";"BAU";"%";2035;"0.5";"Current policies";"Diesel"
"OPEX";"Taxes";"PL";"Excise Duty - Reduction Synthetic Diesel (E-Fuels)";"Rigid";"PROG";"%";2035;"0.5";"Current policies";"Diesel"
"OPEX";"Taxes";"PL";"Excise Duty - Reduction Synthetic Diesel (E-Fuels)";"Tractor-Trailer";"PROG";"%";2035;"0.5";"Current policies";"Diesel"
"OPEX";"Taxes";"UK";"Excise Duty - Reduction Synthetic Diesel (E-Fuels)";"Rigid";"BAU";"%";2035;"0.5";"Current policies";"Diesel"
"OPEX";"Taxes";"UK";"Excise Duty - Reduction Synthetic Diesel (E-Fuels)";"Tractor-Trailer";"BAU";"%";2035;"0.5";"Current policies";"Diesel"
"OPEX";"Taxes";"UK";"Excise Duty - Reduction Synthetic Diesel (E-Fuels)";"Rigid";"PROG";"%";2035;"0.5";"Current policies";"Diesel"
"OPEX";"Taxes";"UK";"Excise Duty - Reduction Synthetic Diesel (E-Fuels)";"Tractor-Trailer";"PROG";"%";2035;"0.5";"Current policies";"Diesel"
"OPEX";"Taxes";"DE";"Taxes, Fees, Levies and charges - H2";"Rigid";"BAU";"EUR/kWh";2035;"0.015";"Current policies";"Hydrogen"
"OPEX";"Taxes";"DE";"Taxes, Fees, Levies and charges - H2";"Tractor-Trailer";"BAU";"EUR/kWh";2035;"0.015";"Current policies";"Hydrogen"
"OPEX";"Taxes";"DE";"Taxes, Fees, Levies and charges - H2";"Rigid";"PROG";"EUR/kWh";2035;"0.015";"Current policies";"Hydrogen"
"OPEX";"Taxes";"DE";"Taxes, Fees, Levies and charges - H2";"Tractor-Trailer";"PROG";"EUR/kWh";2035;"0.015";"Current policies";"Hydrogen"
"OPEX";"Taxes";"ES";"Taxes, Fees, Levies and charges - H2";"Rigid";"BAU";"EUR/kWh";2035;"0.008";"Current policies";"Hydrogen"
"OPEX";"Taxes";"ES";"Taxes, Fees, Levies and charges - H2";"Tractor-Trailer";"BAU";"EUR/kWh";2035;"0.008";"Current policies";"Hydrogen"
"OPEX";"Taxes";"ES";"Taxes, Fees, Levies and charges - H2";"Rigid";"PROG";"EUR/kWh";2035;"0.008";"Current policies";"Hydrogen"
"OPEX";"Taxes";"ES";"Taxes, Fees, Levies and charges - H2";"Tractor-Trailer";"PROG";"EUR/kWh";2035;"0.008";"Current policies";"Hydrogen"
"OPEX";"Taxes";"FR";"Taxes, Fees, Levies and charges - H2";"Rigid";"BAU";"EUR/kWh";2035;"0.012";"Current policies";"Hydrogen"
"OPEX";"Taxes";"FR";"Taxes, Fees, Levies and charges - H2";"Tractor-Trailer";"BAU";"EUR/kWh";2035;"0.012";"Current policies";"Hydrogen"
"OPEX";"Taxes";"FR";"Taxes, Fees, Levies and charges - H2";"Rigid";"PROG";"EUR/kWh";2035;"0.012";"Current policies";"Hydrogen"
"OPEX";"Taxes";"FR";"Taxes, Fees, Levies and charges - H2";"Tractor-Trailer";"PROG";"EUR/kWh";2035;"0.012";"Current policies";"Hydrogen"
"OPEX";"Taxes";"IT";"Taxes, Fees, Levies and charges - H2";"Rigid";"BAU";"EUR/kWh";2035;"0.009";"Current policies";"Hydrogen"
"OPEX";"Taxes";"IT";"Taxes, Fees, Levies and charges - H2";"Tractor-Trailer";"BAU";"EUR/kWh";2035;"0.009";"Current policies";"Hydrogen"
"OPEX";"Taxes";"IT";"Taxes, Fees, Levies and charges - H2";"Rigid";"PROG";"EUR/kWh";2035;"0.009";"Current policies";"Hydrogen"
"OPEX";"Taxes";"IT";"Taxes, Fees, Levies and charges - H2";"Tractor-Trailer";"PROG";"EUR/kWh";2035;"0.009";"Current policies";"Hydrogen"
"OPEX";"Taxes";"NL";"Taxes, Fees, Levies and charges - H2";"Rigid";"BAU";"EUR/kWh";2035;"0.024";"Current policies";"Hydrogen"
"OPEX";"Taxes";"NL";"Taxes, Fees, Levies and charges - H2";"Tractor-Trailer";"BAU";"EUR/kWh";2035;"0.024";"Current policies";"Hydrogen"
"OPEX";"Taxes";"NL";"Taxes, Fees, Levies and charges - H2";"Rigid";"PROG";"EUR/kWh";2035;"0.024";"Current policies";"Hydrogen"
"OPEX";"Taxes";"NL";"Taxes, Fees, Levies and charges - H2";"Tractor-Trailer";"PROG";"EUR/kWh";2035;"0.024";"Current policies";"Hydrogen"
"OPEX";"Taxes";"PL";"Taxes, Fees, Levies and charges - H2";"Rigid";"BAU";"EUR/kWh";2035;"0.009";"Current policies";"Hydrogen"
"OPEX";"Taxes";"PL";"Taxes, Fees, Levies and charges - H2";"Tractor-Trailer";"BAU";"EUR/kWh";2035;"0.009";"Current policies";"Hydrogen"
"OPEX";"Taxes";"PL";"Taxes, Fees, Levies and charges - H2";"Rigid";"PROG";"EUR/kWh";2035;"0.009";"Current policies";"Hydrogen"
"OPEX";"Taxes";"PL";"Taxes, Fees, Levies and charges - H2";"Tractor-Trailer";"PROG";"EUR/kWh";2035;"0.009";"Current policies";"Hydrogen"
"OPEX";"Taxes";"UK";"Taxes, Fees, Levies and charges - H2";"Rigid";"BAU";"EUR/kWh";2035;"0.006";"Current policies";"Hydrogen"
"OPEX";"Taxes";"UK";"Taxes, Fees, Levies and charges - H2";"Tractor-Trailer";"BAU";"EUR/kWh";2035;"0.006";"Current policies";"Hydrogen"
"OPEX";"Taxes";"UK";"Taxes, Fees, Levies and charges - H2";"Rigid";"PROG";"EUR/kWh";2035;"0.006";"Current policies";"Hydrogen"
"OPEX";"Taxes";"UK";"Taxes, Fees, Levies and charges - H2";"Tractor-Trailer";"PROG";"EUR/kWh";2035;"0.006";"Current policies";"Hydrogen"
"OPEX";"Charging Infrastructure";"DE";"MCS grid extension";"Rigid";"PROG";"EUR/kWh";2035;"0.065";"Current policies";"Electricity"
"OPEX";"Charging Infrastructure";"DE";"MCS grid extension";"Tractor-Trailer";"PROG";"EUR/kWh";2035;"0.065";"Current policies";"Electricity"
"OPEX";"Charging Infrastructure";"DE";"MCS grid extension";"Rigid";"BAU";"EUR/kWh";2035;"0.065";"Current policies";"Electricity"
"OPEX";"Charging Infrastructure";"DE";"MCS grid extension";"Tractor-Trailer";"BAU";"EUR/kWh";2035;"0.065";"Current policies";"Electricity"
"OPEX";"Charging Infrastructure";"ES";"MCS grid extension";"Rigid";"PROG";"EUR/kWh";2035;"0.065";"Current policies";"Electricity"
"OPEX";"Charging Infrastructure";"ES";"MCS grid extension";"Tractor-Trailer";"PROG";"EUR/kWh";2035;"0.065";"Current policies";"Electricity"
"OPEX";"Charging Infrastructure";"ES";"MCS grid extension";"Rigid";"BAU";"EUR/kWh";2035;"0.065";"Current policies";"Electricity"
"OPEX";"Charging Infrastructure";"ES";"MCS grid extension";"Tractor-Trailer";"BAU";"EUR/kWh";2035;"0.065";"Current policies";"Electricity"
"OPEX";"Charging Infrastructure";"FR";"MCS grid extension";"Rigid";"PROG";"EUR/kWh";2035;"0.065";"Current policies";"Electricity"
"OPEX";"Charging Infrastructure";"FR";"MCS grid extension";"Tractor-Trailer";"PROG";"EUR/kWh";2035;"0.065";"Current policies";"Electricity"
"OPEX";"Charging Infrastructure";"FR";"MCS grid extension";"Rigid";"BAU";"EUR/kWh";2035;"0.065";"Current policies";"Electricity"
"OPEX";"Charging Infrastructure";"FR";"MCS grid extension";"Tractor-Trailer";"BAU";"EUR/kWh";2035;"0.065";"Current policies";"Electricity"
"OPEX";"Charging Infrastructure";"IT";"MCS grid extension";"Rigid";"PROG";"EUR/kWh";2035;"0.065";"Current policies";"Electricity"
"OPEX";"Charging Infrastructure";"IT";"MCS grid extension";"Tractor-Trailer";"PROG";"EUR/kWh";2035;"0.065";"Current policies";"Electricity"
"OPEX";"Charging Infrastructure";"IT";"MCS grid extension";"Rigid";"BAU";"EUR/kWh";2035;"0.065";"Current policies";"Electricity"
"OPEX";"Charging Infrastructure";"IT";"MCS grid extension";"Tractor-Trailer";"BAU";"EUR/kWh";2035;"0.065";"Current policies";"Electricity"
"OPEX";"Charging Infrastructure";"NL";"MCS grid extension";"Rigid";"PROG";"EUR/kWh";2035;"0.065";"Current policies";"Electricity"
"OPEX";"Charging Infrastructure";"NL";"MCS grid extension";"Tractor-Trailer";"PROG";"EUR/kWh";2035;"0.065";"Current policies";"Electricity"
"OPEX";"Charging Infrastructure";"NL";"MCS grid extension";"Rigid";"BAU";"EUR/kWh";2035;"0.065";"Current policies";"Electricity"
"OPEX";"Charging Infrastructure";"NL";"MCS grid extension";"Tractor-Trailer";"BAU";"EUR/kWh";2035;"0.065";"Current policies";"Electricity"
"OPEX";"Charging Infrastructure";"PL";"MCS grid extension";"Rigid";"PROG";"EUR/kWh";2035;"0.065";"Current policies";"Electricity"
"OPEX";"Charging Infrastructure";"PL";"MCS grid extension";"Tractor-Trailer";"PROG";"EUR/kWh";2035;"0.065";"Current policies";"Electricity"
"OPEX";"Charging Infrastructure";"PL";"MCS grid extension";"Rigid";"BAU";"EUR/kWh";2035;"0.065";"Current policies";"Electricity"
"OPEX";"Charging Infrastructure";"PL";"MCS grid extension";"Tractor-Trailer";"BAU";"EUR/kWh";2035;"0.065";"Current policies";"Electricity"
"OPEX";"Charging Infrastructure";"UK";"MCS grid extension";"Rigid";"PROG";"EUR/kWh";2035;"0.065";"Current policies";"Electricity"
"OPEX";"Charging Infrastructure";"UK";"MCS grid extension";"Tractor-Trailer";"PROG";"EUR/kWh";2035;"0.065";"Current policies";"Electricity"
"OPEX";"Charging Infrastructure";"UK";"MCS grid extension";"Rigid";"BAU";"EUR/kWh";2035;"0.065";"Current policies";"Electricity"
"OPEX";"Charging Infrastructure";"UK";"MCS grid extension";"Tractor-Trailer";"BAU";"EUR/kWh";2035;"0.065";"Current policies";"Electricity"
"OPEX";"Charging Infrastructure";"DE";"MCS Profit and Mark-Up";"Rigid";"PROG";"%";2035;"0.1";"Current policies";"Electricity"
"OPEX";"Charging Infrastructure";"DE";"MCS Profit and Mark-Up";"Tractor-Trailer";"PROG";"%";2035;"0.1";"Current policies";"Electricity"
"OPEX";"Charging Infrastructure";"DE";"MCS Profit and Mark-Up";"Rigid";"BAU";"%";2035;"0.1";"Current policies";"Electricity"
"OPEX";"Charging Infrastructure";"DE";"MCS Profit and Mark-Up";"Tractor-Trailer";"BAU";"%";2035;"0.1";"Current policies";"Electricity"
"OPEX";"Charging Infrastructure";"ES";"MCS Profit and Mark-Up";"Rigid";"PROG";"%";2035;"0.1";"Current policies";"Electricity"
"OPEX";"Charging Infrastructure";"ES";"MCS Profit and Mark-Up";"Tractor-Trailer";"PROG";"%";2035;"0.1";"Current policies";"Electricity"
"OPEX";"Charging Infrastructure";"ES";"MCS Profit and Mark-Up";"Rigid";"BAU";"%";2035;"0.1";"Current policies";"Electricity"
"OPEX";"Charging Infrastructure";"ES";"MCS Profit and Mark-Up";"Tractor-Trailer";"BAU";"%";2035;"0.1";"Current policies";"Electricity"
"OPEX";"Charging Infrastructure";"FR";"MCS Profit and Mark-Up";"Rigid";"PROG";"%";2035;"0.1";"Current policies";"Electricity"
"OPEX";"Charging Infrastructure";"FR";"MCS Profit and Mark-Up";"Tractor-Trailer";"PROG";"%";2035;"0.1";"Current policies";"Electricity"
"OPEX";"Charging Infrastructure";"FR";"MCS Profit and Mark-Up";"Rigid";"BAU";"%";2035;"0.1";"Current policies";"Electricity"
"OPEX";"Charging Infrastructure";"FR";"MCS Profit and Mark-Up";"Tractor-Trailer";"BAU";"%";2035;"0.1";"Current policies";"Electricity"
"OPEX";"Charging Infrastructure";"IT";"MCS Profit and Mark-Up";"Rigid";"PROG";"%";2035;"0.1";"Current policies";"Electricity"
"OPEX";"Charging Infrastructure";"IT";"MCS Profit and Mark-Up";"Tractor-Trailer";"PROG";"%";2035;"0.1";"Current policies";"Electricity"
"OPEX";"Charging Infrastructure";"IT";"MCS Profit and Mark-Up";"Rigid";"BAU";"%";2035;"0.1";"Current policies";"Electricity"
"OPEX";"Charging Infrastructure";"IT";"MCS Profit and Mark-Up";"Tractor-Trailer";"BAU";"%";2035;"0.1";"Current policies";"Electricity"
"OPEX";"Charging Infrastructure";"NL";"MCS Profit and Mark-Up";"Rigid";"PROG";"%";2035;"0.1";"Current policies";"Electricity"
"OPEX";"Charging Infrastructure";"NL";"MCS Profit and Mark-Up";"Tractor-Trailer";"PROG";"%";2035;"0.1";"Current policies";"Electricity"
"OPEX";"Charging Infrastructure";"NL";"MCS Profit and Mark-Up";"Rigid";"BAU";"%";2035;"0.1";"Current policies";"Electricity"
"OPEX";"Charging Infrastructure";"NL";"MCS Profit and Mark-Up";"Tractor-Trailer";"BAU";"%";2035;"0.1";"Current policies";"Electricity"
"OPEX";"Charging Infrastructure";"PL";"MCS Profit and Mark-Up";"Rigid";"PROG";"%";2035;"0.1";"Current policies";"Electricity"
"OPEX";"Charging Infrastructure";"PL";"MCS Profit and Mark-Up";"Tractor-Trailer";"PROG";"%";2035;"0.1";"Current policies";"Electricity"
"OPEX";"Charging Infrastructure";"PL";"MCS Profit and Mark-Up";"Rigid";"BAU";"%";2035;"0.1";"Current policies";"Electricity"
"OPEX";"Charging Infrastructure";"PL";"MCS Profit and Mark-Up";"Tractor-Trailer";"BAU";"%";2035;"0.1";"Current policies";"Electricity"
"OPEX";"Charging Infrastructure";"UK";"MCS Profit and Mark-Up";"Rigid";"PROG";"%";2035;"0.1";"Current policies";"Electricity"
"OPEX";"Charging Infrastructure";"UK";"MCS Profit and Mark-Up";"Tractor-Trailer";"PROG";"%";2035;"0.1";"Current policies";"Electricity"
"OPEX";"Charging Infrastructure";"UK";"MCS Profit and Mark-Up";"Rigid";"BAU";"%";2035;"0.1";"Current policies";"Electricity"
"OPEX";"Charging Infrastructure";"UK";"MCS Profit and Mark-Up";"Tractor-Trailer";"BAU";"%";2035;"0.1";"Current policies";"Electricity"
"OPEX";"Charging Infrastructure";"DE";"CCS Station (Depot) - Incl. Overhead";"Rigid";"PROG";"EUR/kWh";2035;"0.027";"Current policies";"Electricity"
"OPEX";"Charging Infrastructure";"DE";"CCS Station (Depot) - Incl. Overhead";"Tractor-Trailer";"PROG";"EUR/kWh";2035;"0.027";"Current policies";"Electricity"
"OPEX";"Charging Infrastructure";"DE";"CCS Station (Depot) - Incl. Overhead";"Rigid";"BAU";"EUR/kWh";2035;"0.027";"Current policies";"Electricity"
"OPEX";"Charging Infrastructure";"DE";"CCS Station (Depot) - Incl. Overhead";"Tractor-Trailer";"BAU";"EUR/kWh";2035;"0.027";"Current policies";"Electricity"
"OPEX";"Charging Infrastructure";"ES";"CCS Station (Depot) - Incl. Overhead";"Rigid";"PROG";"EUR/kWh";2035;"0.027";"Current policies";"Electricity"
"OPEX";"Charging Infrastructure";"ES";"CCS Station (Depot) - Incl. Overhead";"Tractor-Trailer";"PROG";"EUR/kWh";2035;"0.027";"Current policies";"Electricity"
"OPEX";"Charging Infrastructure";"ES";"CCS Station (Depot) - Incl. Overhead";"Rigid";"BAU";"EUR/kWh";2035;"0.027";"Current policies";"Electricity"
"OPEX";"Charging Infrastructure";"ES";"CCS Station (Depot) - Incl. Overhead";"Tractor-Trailer";"BAU";"EUR/kWh";2035;"0.027";"Current policies";"Electricity"
"OPEX";"Charging Infrastructure";"FR";"CCS Station (Depot) - Incl. Overhead";"Rigid";"PROG";"EUR/kWh";2035;"0.027";"Current policies";"Electricity"
"OPEX";"Charging Infrastructure";"FR";"CCS Station (Depot) - Incl. Overhead";"Tractor-Trailer";"PROG";"EUR/kWh";2035;"0.027";"Current policies";"Electricity"
"OPEX";"Charging Infrastructure";"FR";"CCS Station (Depot) - Incl. Overhead";"Rigid";"BAU";"EUR/kWh";2035;"0.027";"Current policies";"Electricity"
"OPEX";"Charging Infrastructure";"FR";"CCS Station (Depot) - Incl. Overhead";"Tractor-Trailer";"BAU";"EUR/kWh";2035;"0.027";"Current policies";"Electricity"
"OPEX";"Charging Infrastructure";"IT";"CCS Station (Depot) - Incl. Overhead";"Rigid";"PROG";"EUR/kWh";2035;"0.027";"Current policies";"Electricity"
"OPEX";"Charging Infrastructure";"IT";"CCS Station (Depot) - Incl. Overhead";"Tractor-Trailer";"PROG";"EUR/kWh";2035;"0.027";"Current policies";"Electricity"
"OPEX";"Charging Infrastructure";"IT";"CCS Station (Depot) - Incl. Overhead";"Rigid";"BAU";"EUR/kWh";2035;"0.027";"Current policies";"Electricity"
"OPEX";"Charging Infrastructure";"IT";"CCS Station (Depot) - Incl. Overhead";"Tractor-Trailer";"BAU";"EUR/kWh";2035;"0.027";"Current policies";"Electricity"
"OPEX";"Charging Infrastructure";"NL";"CCS Station (Depot) - Incl. Overhead";"Rigid";"PROG";"EUR/kWh";2035;"0.027";"Current policies";"Electricity"
"OPEX";"Charging Infrastructure";"NL";"CCS Station (Depot) - Incl. Overhead";"Tractor-Trailer";"PROG";"EUR/kWh";2035;"0.027";"Current policies";"Electricity"
"OPEX";"Charging Infrastructure";"NL";"CCS Station (Depot) - Incl. Overhead";"Rigid";"BAU";"EUR/kWh";2035;"0.027";"Current policies";"Electricity"
"OPEX";"Charging Infrastructure";"NL";"CCS Station (Depot) - Incl. Overhead";"Tractor-Trailer";"BAU";"EUR/kWh";2035;"0.027";"Current policies";"Electricity"
"OPEX";"Charging Infrastructure";"PL";"CCS Station (Depot) - Incl. Overhead";"Rigid";"PROG";"EUR/kWh";2035;"0.027";"Current policies";"Electricity"
"OPEX";"Charging Infrastructure";"PL";"CCS Station (Depot) - Incl. Overhead";"Tractor-Trailer";"PROG";"EUR/kWh";2035;"0.027";"Current policies";"Electricity"
"OPEX";"Charging Infrastructure";"PL";"CCS Station (Depot) - Incl. Overhead";"Rigid";"BAU";"EUR/kWh";2035;"0.027";"Current policies";"Electricity"
"OPEX";"Charging Infrastructure";"PL";"CCS Station (Depot) - Incl. Overhead";"Tractor-Trailer";"BAU";"EUR/kWh";2035;"0.027";"Current policies";"Electricity"
"OPEX";"Charging Infrastructure";"UK";"CCS Station (Depot) - Incl. Overhead";"Rigid";"PROG";"EUR/kWh";2035;"0.027";"Current policies";"Electricity"
"OPEX";"Charging Infrastructure";"UK";"CCS Station (Depot) - Incl. Overhead";"Tractor-Trailer";"PROG";"EUR/kWh";2035;"0.027";"Current policies";"Electricity"
"OPEX";"Charging Infrastructure";"UK";"CCS Station (Depot) - Incl. Overhead";"Rigid";"BAU";"EUR/kWh";2035;"0.027";"Current policies";"Electricity"
"OPEX";"Charging Infrastructure";"UK";"CCS Station (Depot) - Incl. Overhead";"Tractor-Trailer";"BAU";"EUR/kWh";2035;"0.027";"Current policies";"Electricity"
"OPEX";"Charging Infrastructure";"DE";"CCS grid extension";"Rigid";"PROG";"EUR/kWh";2035;"0.045";"Current policies";"Electricity"
"OPEX";"Charging Infrastructure";"DE";"CCS grid extension";"Tractor-Trailer";"PROG";"EUR/kWh";2035;"0.045";"Current policies";"Electricity"
"OPEX";"Charging Infrastructure";"DE";"CCS grid extension";"Rigid";"BAU";"EUR/kWh";2035;"0.045";"Current policies";"Electricity"
"OPEX";"Charging Infrastructure";"DE";"CCS grid extension";"Tractor-Trailer";"BAU";"EUR/kWh";2035;"0.045";"Current policies";"Electricity"
"OPEX";"Charging Infrastructure";"ES";"CCS grid extension";"Rigid";"PROG";"EUR/kWh";2035;"0.045";"Current policies";"Electricity"
"OPEX";"Charging Infrastructure";"ES";"CCS grid extension";"Tractor-Trailer";"PROG";"EUR/kWh";2035;"0.045";"Current policies";"Electricity"
"OPEX";"Charging Infrastructure";"ES";"CCS grid extension";"Rigid";"BAU";"EUR/kWh";2035;"0.045";"Current policies";"Electricity"
"OPEX";"Charging Infrastructure";"ES";"CCS grid extension";"Tractor-Trailer";"BAU";"EUR/kWh";2035;"0.045";"Current policies";"Electricity"
"OPEX";"Charging Infrastructure";"FR";"CCS grid extension";"Rigid";"PROG";"EUR/kWh";2035;"0.045";"Current policies";"Electricity"
"OPEX";"Charging Infrastructure";"FR";"CCS grid extension";"Tractor-Trailer";"PROG";"EUR/kWh";2035;"0.045";"Current policies";"Electricity"
"OPEX";"Charging Infrastructure";"FR";"CCS grid extension";"Rigid";"BAU";"EUR/kWh";2035;"0.045";"Current policies";"Electricity"
"OPEX";"Charging Infrastructure";"FR";"CCS grid extension";"Tractor-Trailer";"BAU";"EUR/kWh";2035;"0.045";"Current policies";"Electricity"
"OPEX";"Charging Infrastructure";"IT";"CCS grid extension";"Rigid";"PROG";"EUR/kWh";2035;"0.045";"Current policies";"Electricity"
"OPEX";"Charging Infrastructure";"IT";"CCS grid extension";"Tractor-Trailer";"PROG";"EUR/kWh";2035;"0.045";"Current policies";"Electricity"
"OPEX";"Charging Infrastructure";"IT";"CCS grid extension";"Rigid";"BAU";"EUR/kWh";2035;"0.045";"Current policies";"Electricity"
"OPEX";"Charging Infrastructure";"IT";"CCS grid extension";"Tractor-Trailer";"BAU";"EUR/kWh";2035;"0.045";"Current policies";"Electricity"
"OPEX";"Charging Infrastructure";"NL";"CCS grid extension";"Rigid";"PROG";"EUR/kWh";2035;"0.045";"Current policies";"Electricity"
"OPEX";"Charging Infrastructure";"NL";"CCS grid extension";"Tractor-Trailer";"PROG";"EUR/kWh";2035;"0.045";"Current policies";"Electricity"
"OPEX";"Charging Infrastructure";"NL";"CCS grid extension";"Rigid";"BAU";"EUR/kWh";2035;"0.045";"Current policies";"Electricity"
"OPEX";"Charging Infrastructure";"NL";"CCS grid extension";"Tractor-Trailer";"BAU";"EUR/kWh";2035;"0.045";"Current policies";"Electricity"
"OPEX";"Charging Infrastructure";"PL";"CCS grid extension";"Rigid";"PROG";"EUR/kWh";2035;"0.045";"Current policies";"Electricity"
"OPEX";"Charging Infrastructure";"PL";"CCS grid extension";"Tractor-Trailer";"PROG";"EUR/kWh";2035;"0.045";"Current policies";"Electricity"
"OPEX";"Charging Infrastructure";"PL";"CCS grid extension";"Rigid";"BAU";"EUR/kWh";2035;"0.045";"Current policies";"Electricity"
"OPEX";"Charging Infrastructure";"PL";"CCS grid extension";"Tractor-Trailer";"BAU";"EUR/kWh";2035;"0.045";"Current policies";"Electricity"
"OPEX";"Charging Infrastructure";"UK";"CCS grid extension";"Rigid";"PROG";"EUR/kWh";2035;"0.045";"Current policies";"Electricity"
"OPEX";"Charging Infrastructure";"UK";"CCS grid extension";"Tractor-Trailer";"PROG";"EUR/kWh";2035;"0.045";"Current policies";"Electricity"
"OPEX";"Charging Infrastructure";"UK";"CCS grid extension";"Rigid";"BAU";"EUR/kWh";2035;"0.045";"Current policies";"Electricity"
"OPEX";"Charging Infrastructure";"UK";"CCS grid extension";"Tractor-Trailer";"BAU";"EUR/kWh";2035;"0.045";"Current policies";"Electricity"
"OPEX";"Diesel Infrastructure";"DE";"Total Diesel Mark-Up";"Rigid";"BAU";"EUR/kWh";2035;"0.018";"Current policies";"Diesel"
"OPEX";"Diesel Infrastructure";"DE";"Total Diesel Mark-Up";"Tractor-Trailer";"BAU";"EUR/kWh";2035;"0.018";"Current policies";"Diesel"
"OPEX";"Diesel Infrastructure";"DE";"Total Diesel Mark-Up";"Rigid";"PROG";"EUR/kWh";2035;"0.018";"Current policies";"Diesel"
"OPEX";"Diesel Infrastructure";"DE";"Total Diesel Mark-Up";"Tractor-Trailer";"PROG";"EUR/kWh";2035;"0.018";"Current policies";"Diesel"
"OPEX";"Diesel Infrastructure";"ES";"Total Diesel Mark-Up";"Rigid";"BAU";"EUR/kWh";2035;"0.018";"Current policies";"Diesel"
"OPEX";"Diesel Infrastructure";"ES";"Total Diesel Mark-Up";"Tractor-Trailer";"BAU";"EUR/kWh";2035;"0.018";"Current policies";"Diesel"
"OPEX";"Diesel Infrastructure";"ES";"Total Diesel Mark-Up";"Rigid";"PROG";"EUR/kWh";2035;"0.018";"Current policies";"Diesel"
"OPEX";"Diesel Infrastructure";"ES";"Total Diesel Mark-Up";"Tractor-Trailer";"PROG";"EUR/kWh";2035;"0.018";"Current policies";"Diesel"
"OPEX";"Diesel Infrastructure";"FR";"Total Diesel Mark-Up";"Rigid";"BAU";"EUR/kWh";2035;"0.018";"Current policies";"Diesel"
"OPEX";"Diesel Infrastructure";"FR";"Total Diesel Mark-Up";"Tractor-Trailer";"BAU";"EUR/kWh";2035;"0.018";"Current policies";"Diesel"
"OPEX";"Diesel Infrastructure";"FR";"Total Diesel Mark-Up";"Rigid";"PROG";"EUR/kWh";2035;"0.018";"Current policies";"Diesel"
"OPEX";"Diesel Infrastructure";"FR";"Total Diesel Mark-Up";"Tractor-Trailer";"PROG";"EUR/kWh";2035;"0.018";"Current policies";"Diesel"
"OPEX";"Diesel Infrastructure";"IT";"Total Diesel Mark-Up";"Rigid";"BAU";"EUR/kWh";2035;"0.018";"Current policies";"Diesel"
"OPEX";"Diesel Infrastructure";"IT";"Total Diesel Mark-Up";"Tractor-Trailer";"BAU";"EUR/kWh";2035;"0.018";"Current policies";"Diesel"
"OPEX";"Diesel Infrastructure";"IT";"Total Diesel Mark-Up";"Rigid";"PROG";"EUR/kWh";2035;"0.018";"Current policies";"Diesel"
"OPEX";"Diesel Infrastructure";"IT";"Total Diesel Mark-Up";"Tractor-Trailer";"PROG";"EUR/kWh";2035;"0.018";"Current policies";"Diesel"
"OPEX";"Diesel Infrastructure";"NL";"Total Diesel Mark-Up";"Rigid";"BAU";"EUR/kWh";2035;"0.018";"Current policies";"Diesel"
"OPEX";"Diesel Infrastructure";"NL";"Total Diesel Mark-Up";"Tractor-Trailer";"BAU";"EUR/kWh";2035;"0.018";"Current policies";"Diesel"
"OPEX";"Diesel Infrastructure";"NL";"Total Diesel Mark-Up";"Rigid";"PROG";"EUR/kWh";2035;"0.018";"Current policies";"Diesel"
"OPEX";"Diesel Infrastructure";"NL";"Total Diesel Mark-Up";"Tractor-Trailer";"PROG";"EUR/kWh";2035;"0.018";"Current policies";"Diesel"
"OPEX";"Diesel Infrastructure";"PL";"Total Diesel Mark-Up";"Rigid";"BAU";"EUR/kWh";2035;"0.018";"Current policies";"Diesel"
"OPEX";"Diesel Infrastructure";"PL";"Total Diesel Mark-Up";"Tractor-Trailer";"BAU";"EUR/kWh";2035;"0.018";"Current policies";"Diesel"
"OPEX";"Diesel Infrastructure";"PL";"Total Diesel Mark-Up";"Rigid";"PROG";"EUR/kWh";2035;"0.018";"Current policies";"Diesel"
"OPEX";"Diesel Infrastructure";"PL";"Total Diesel Mark-Up";"Tractor-Trailer";"PROG";"EUR/kWh";2035;"0.018";"Current policies";"Diesel"
"OPEX";"Diesel Infrastructure";"UK";"Total Diesel Mark-Up";"Rigid";"BAU";"EUR/kWh";2035;"0.018";"Current policies";"Diesel"
"OPEX";"Diesel Infrastructure";"UK";"Total Diesel Mark-Up";"Tractor-Trailer";"BAU";"EUR/kWh";2035;"0.018";"Current policies";"Diesel"
"OPEX";"Diesel Infrastructure";"UK";"Total Diesel Mark-Up";"Rigid";"PROG";"EUR/kWh";2035;"0.018";"Current policies";"Diesel"
"OPEX";"Diesel Infrastructure";"UK";"Total Diesel Mark-Up";"Tractor-Trailer";"PROG";"EUR/kWh";2035;"0.018";"Current policies";"Diesel"
"OPEX";"Diesel Infrastructure";"DE";"CO2 emission factor Biodiesel";"Rigid";"BAU";"%";2035;"0.161";"Current policies";"Diesel"
"OPEX";"Diesel Infrastructure";"DE";"CO2 emission factor Biodiesel";"Tractor-Trailer";"BAU";"%";2035;"0.161";"Current policies";"Diesel"
"OPEX";"Diesel Infrastructure";"DE";"CO2 emission factor Biodiesel";"Rigid";"PROG";"%";2035;"0.161";"Current policies";"Diesel"
"OPEX";"Diesel Infrastructure";"DE";"CO2 emission factor Biodiesel";"Tractor-Trailer";"PROG";"%";2035;"0.161";"Current policies";"Diesel"
"OPEX";"Diesel Infrastructure";"ES";"CO2 emission factor Biodiesel";"Rigid";"BAU";"%";2035;"0.161";"Current policies";"Diesel"
"OPEX";"Diesel Infrastructure";"ES";"CO2 emission factor Biodiesel";"Tractor-Trailer";"BAU";"%";2035;"0.161";"Current policies";"Diesel"
"OPEX";"Diesel Infrastructure";"ES";"CO2 emission factor Biodiesel";"Rigid";"PROG";"%";2035;"0.161";"Current policies";"Diesel"
"OPEX";"Diesel Infrastructure";"ES";"CO2 emission factor Biodiesel";"Tractor-Trailer";"PROG";"%";2035;"0.161";"Current policies";"Diesel"
"OPEX";"Diesel Infrastructure";"FR";"CO2 emission factor Biodiesel";"Rigid";"BAU";"%";2035;"0.161";"Current policies";"Diesel"
"OPEX";"Diesel Infrastructure";"FR";"CO2 emission factor Biodiesel";"Tractor-Trailer";"BAU";"%";2035;"0.161";"Current policies";"Diesel"
"OPEX";"Diesel Infrastructure";"FR";"CO2 emission factor Biodiesel";"Rigid";"PROG";"%";2035;"0.161";"Current policies";"Diesel"
"OPEX";"Diesel Infrastructure";"FR";"CO2 emission factor Biodiesel";"Tractor-Trailer";"PROG";"%";2035;"0.161";"Current policies";"Diesel"
"OPEX";"Diesel Infrastructure";"IT";"CO2 emission factor Biodiesel";"Rigid";"BAU";"%";2035;"0.161";"Current policies";"Diesel"
"OPEX";"Diesel Infrastructure";"IT";"CO2 emission factor Biodiesel";"Tractor-Trailer";"BAU";"%";2035;"0.161";"Current policies";"Diesel"
"OPEX";"Diesel Infrastructure";"IT";"CO2 emission factor Biodiesel";"Rigid";"PROG";"%";2035;"0.161";"Current policies";"Diesel"
"OPEX";"Diesel Infrastructure";"IT";"CO2 emission factor Biodiesel";"Tractor-Trailer";"PROG";"%";2035;"0.161";"Current policies";"Diesel"
"OPEX";"Diesel Infrastructure";"NL";"CO2 emission factor Biodiesel";"Rigid";"BAU";"%";2035;"0.161";"Current policies";"Diesel"
"OPEX";"Diesel Infrastructure";"NL";"CO2 emission factor Biodiesel";"Tractor-Trailer";"BAU";"%";2035;"0.161";"Current policies";"Diesel"
"OPEX";"Diesel Infrastructure";"NL";"CO2 emission factor Biodiesel";"Rigid";"PROG";"%";2035;"0.161";"Current policies";"Diesel"
"OPEX";"Diesel Infrastructure";"NL";"CO2 emission factor Biodiesel";"Tractor-Trailer";"PROG";"%";2035;"0.161";"Current policies";"Diesel"
"OPEX";"Diesel Infrastructure";"PL";"CO2 emission factor Biodiesel";"Rigid";"BAU";"%";2035;"0.161";"Current policies";"Diesel"
"OPEX";"Diesel Infrastructure";"PL";"CO2 emission factor Biodiesel";"Tractor-Trailer";"BAU";"%";2035;"0.161";"Current policies";"Diesel"
"OPEX";"Diesel Infrastructure";"PL";"CO2 emission factor Biodiesel";"Rigid";"PROG";"%";2035;"0.161";"Current policies";"Diesel"
"OPEX";"Diesel Infrastructure";"PL";"CO2 emission factor Biodiesel";"Tractor-Trailer";"PROG";"%";2035;"0.161";"Current policies";"Diesel"
"OPEX";"Diesel Infrastructure";"UK";"CO2 emission factor Biodiesel";"Rigid";"BAU";"%";2035;"0.161";"Current policies";"Diesel"
"OPEX";"Diesel Infrastructure";"UK";"CO2 emission factor Biodiesel";"Tractor-Trailer";"BAU";"%";2035;"0.161";"Current policies";"Diesel"
"OPEX";"Diesel Infrastructure";"UK";"CO2 emission factor Biodiesel";"Rigid";"PROG";"%";2035;"0.161";"Current policies";"Diesel"
"OPEX";"Diesel Infrastructure";"UK";"CO2 emission factor Biodiesel";"Tractor-Trailer";"PROG";"%";2035;"0.161";"Current policies";"Diesel"
"OPEX";"Diesel Infrastructure";"DE";"CO2 emission factor Pt-Diesel";"Rigid";"BAU";"%";2035;"0";"Current policies";"Diesel"
"OPEX";"Diesel Infrastructure";"DE";"CO2 emission factor Pt-Diesel";"Tractor-Trailer";"BAU";"%";2035;"0";"Current policies";"Diesel"
"OPEX";"Diesel Infrastructure";"DE";"CO2 emission factor Pt-Diesel";"Rigid";"PROG";"%";2035;"0";"Current policies";"Diesel"
"OPEX";"Diesel Infrastructure";"DE";"CO2 emission factor Pt-Diesel";"Tractor-Trailer";"PROG";"%";2035;"0";"Current policies";"Diesel"
"OPEX";"Diesel Infrastructure";"ES";"CO2 emission factor Pt-Diesel";"Rigid";"BAU";"%";2035;"0";"Current policies";"Diesel"
"OPEX";"Diesel Infrastructure";"ES";"CO2 emission factor Pt-Diesel";"Tractor-Trailer";"BAU";"%";2035;"0";"Current policies";"Diesel"
"OPEX";"Diesel Infrastructure";"ES";"CO2 emission factor Pt-Diesel";"Rigid";"PROG";"%";2035;"0";"Current policies";"Diesel"
"OPEX";"Diesel Infrastructure";"ES";"CO2 emission factor Pt-Diesel";"Tractor-Trailer";"PROG";"%";2035;"0";"Current policies";"Diesel"
"OPEX";"Diesel Infrastructure";"FR";"CO2 emission factor Pt-Diesel";"Rigid";"BAU";"%";2035;"0";"Current policies";"Diesel"
"OPEX";"Diesel Infrastructure";"FR";"CO2 emission factor Pt-Diesel";"Tractor-Trailer";"BAU";"%";2035;"0";"Current policies";"Diesel"
"OPEX";"Diesel Infrastructure";"FR";"CO2 emission factor Pt-Diesel";"Rigid";"PROG";"%";2035;"0";"Current policies";"Diesel"
"OPEX";"Diesel Infrastructure";"FR";"CO2 emission factor Pt-Diesel";"Tractor-Trailer";"PROG";"%";2035;"0";"Current policies";"Diesel"
"OPEX";"Diesel Infrastructure";"IT";"CO2 emission factor Pt-Diesel";"Rigid";"BAU";"%";2035;"0";"Current policies";"Diesel"
"OPEX";"Diesel Infrastructure";"IT";"CO2 emission factor Pt-Diesel";"Tractor-Trailer";"BAU";"%";2035;"0";"Current policies";"Diesel"
"OPEX";"Diesel Infrastructure";"IT";"CO2 emission factor Pt-Diesel";"Rigid";"PROG";"%";2035;"0";"Current policies";"Diesel"
"OPEX";"Diesel Infrastructure";"IT";"CO2 emission factor Pt-Diesel";"Tractor-Trailer";"PROG";"%";2035;"0";"Current policies";"Diesel"
"OPEX";"Diesel Infrastructure";"NL";"CO2 emission factor Pt-Diesel";"Rigid";"BAU";"%";2035;"0";"Current policies";"Diesel"
"OPEX";"Diesel Infrastructure";"NL";"CO2 emission factor Pt-Diesel";"Tractor-Trailer";"BAU";"%";2035;"0";"Current policies";"Diesel"
"OPEX";"Diesel Infrastructure";"NL";"CO2 emission factor Pt-Diesel";"Rigid";"PROG";"%";2035;"0";"Current policies";"Diesel"
"OPEX";"Diesel Infrastructure";"NL";"CO2 emission factor Pt-Diesel";"Tractor-Trailer";"PROG";"%";2035;"0";"Current policies";"Diesel"
"OPEX";"Diesel Infrastructure";"PL";"CO2 emission factor Pt-Diesel";"Rigid";"BAU";"%";2035;"0";"Current policies";"Diesel"
"OPEX";"Diesel Infrastructure";"PL";"CO2 emission factor Pt-Diesel";"Tractor-Trailer";"BAU";"%";2035;"0";"Current policies";"Diesel"
"OPEX";"Diesel Infrastructure";"PL";"CO2 emission factor Pt-Diesel";"Rigid";"PROG";"%";2035;"0";"Current policies";"Diesel"
"OPEX";"Diesel Infrastructure";"PL";"CO2 emission factor Pt-Diesel";"Tractor-Trailer";"PROG";"%";2035;"0";"Current policies";"Diesel"
"OPEX";"Diesel Infrastructure";"UK";"CO2 emission factor Pt-Diesel";"Rigid";"BAU";"%";2035;"0";"Current policies";"Diesel"
"OPEX";"Diesel Infrastructure";"UK";"CO2 emission factor Pt-Diesel";"Tractor-Trailer";"BAU";"%";2035;"0";"Current policies";"Diesel"
"OPEX";"Diesel Infrastructure";"UK";"CO2 emission factor Pt-Diesel";"Rigid";"PROG";"%";2035;"0";"Current policies";"Diesel"
"OPEX";"Diesel Infrastructure";"UK";"CO2 emission factor Pt-Diesel";"Tractor-Trailer";"PROG";"%";2035;"0";"Current policies";"Diesel"
"OPEX";"Taxes";"DE";"Network Costs - MCS";"Rigid";"BAU";"EUR/kWh";2035;"0.034";"Current policies";"Electricity"
"OPEX";"Taxes";"DE";"Network Costs - MCS";"Tractor-Trailer";"BAU";"EUR/kWh";2035;"0.034";"Current policies";"Electricity"
"OPEX";"Taxes";"ES";"Network Costs - MCS";"Rigid";"BAU";"EUR/kWh";2035;"0.018";"Current policies";"Electricity"
"OPEX";"Taxes";"ES";"Network Costs - MCS";"Tractor-Trailer";"BAU";"EUR/kWh";2035;"0.018";"Current policies";"Electricity"
"OPEX";"Taxes";"FR";"Network Costs - MCS";"Rigid";"BAU";"EUR/kWh";2035;"0.018";"Current policies";"Electricity"
"OPEX";"Taxes";"FR";"Network Costs - MCS";"Tractor-Trailer";"BAU";"EUR/kWh";2035;"0.018";"Current policies";"Electricity"
"OPEX";"Taxes";"IT";"Network Costs - MCS";"Rigid";"BAU";"EUR/kWh";2035;"0.016";"Current policies";"Electricity"
"OPEX";"Taxes";"IT";"Network Costs - MCS";"Tractor-Trailer";"BAU";"EUR/kWh";2035;"0.016";"Current policies";"Electricity"
"OPEX";"Taxes";"NL";"Network Costs - MCS";"Rigid";"BAU";"EUR/kWh";2035;"0.016";"Current policies";"Electricity"
"OPEX";"Taxes";"NL";"Network Costs - MCS";"Tractor-Trailer";"BAU";"EUR/kWh";2035;"0.016";"Current policies";"Electricity"
"OPEX";"Taxes";"PL";"Network Costs - MCS";"Rigid";"BAU";"EUR/kWh";2035;"0.019";"Current policies";"Electricity"
"OPEX";"Taxes";"PL";"Network Costs - MCS";"Tractor-Trailer";"BAU";"EUR/kWh";2035;"0.019";"Current policies";"Electricity"
"OPEX";"Taxes";"UK";"Network Costs - MCS";"Rigid";"BAU";"EUR/kWh";2035;"0.027";"Current policies";"Electricity"
"OPEX";"Taxes";"UK";"Network Costs - MCS";"Tractor-Trailer";"BAU";"EUR/kWh";2035;"0.027";"Current policies";"Electricity"
"OPEX";"Taxes";"DE";"Taxes, Fees, Levies and charges - MCS";"Rigid";"BAU";"EUR/kWh";2035;"0.056";"Current policies";"Electricity"
"OPEX";"Taxes";"DE";"Taxes, Fees, Levies and charges - MCS";"Tractor-Trailer";"BAU";"EUR/kWh";2035;"0.056";"Current policies";"Electricity"
"OPEX";"Taxes";"ES";"Taxes, Fees, Levies and charges - MCS";"Rigid";"BAU";"EUR/kWh";2035;"0.036";"Current policies";"Electricity"
"OPEX";"Taxes";"ES";"Taxes, Fees, Levies and charges - MCS";"Tractor-Trailer";"BAU";"EUR/kWh";2035;"0.036";"Current policies";"Electricity"
"OPEX";"Taxes";"FR";"Taxes, Fees, Levies and charges - MCS";"Rigid";"BAU";"EUR/kWh";2035;"0.03";"Current policies";"Electricity"
"OPEX";"Taxes";"FR";"Taxes, Fees, Levies and charges - MCS";"Tractor-Trailer";"BAU";"EUR/kWh";2035;"0.03";"Current policies";"Electricity"
"OPEX";"Taxes";"IT";"Taxes, Fees, Levies and charges - MCS";"Rigid";"BAU";"EUR/kWh";2035;"0.063";"Current policies";"Electricity"
"OPEX";"Taxes";"IT";"Taxes, Fees, Levies and charges - MCS";"Tractor-Trailer";"BAU";"EUR/kWh";2035;"0.063";"Current policies";"Electricity"
"OPEX";"Taxes";"NL";"Taxes, Fees, Levies and charges - MCS";"Rigid";"BAU";"EUR/kWh";2035;"0.055";"Current policies";"Electricity"
"OPEX";"Taxes";"NL";"Taxes, Fees, Levies and charges - MCS";"Tractor-Trailer";"BAU";"EUR/kWh";2035;"0.055";"Current policies";"Electricity"
"OPEX";"Taxes";"PL";"Taxes, Fees, Levies and charges - MCS";"Rigid";"BAU";"EUR/kWh";2035;"0.049";"Current policies";"Electricity"
"OPEX";"Taxes";"PL";"Taxes, Fees, Levies and charges - MCS";"Tractor-Trailer";"BAU";"EUR/kWh";2035;"0.049";"Current policies";"Electricity"
"OPEX";"Taxes";"UK";"Taxes, Fees, Levies and charges - MCS";"Rigid";"BAU";"EUR/kWh";2035;"0.077";"Current policies";"Electricity"
"OPEX";"Taxes";"UK";"Taxes, Fees, Levies and charges - MCS";"Tractor-Trailer";"BAU";"EUR/kWh";2035;"0.077";"Current policies";"Electricity"
"OPEX";"Taxes";"DE";"Network Costs - Depot";"Rigid";"BAU";"EUR/kWh";2035;"0.044";"Current policies";"Electricity"
"OPEX";"Taxes";"DE";"Network Costs - Depot";"Tractor-Trailer";"BAU";"EUR/kWh";2035;"0.044";"Current policies";"Electricity"
"OPEX";"Taxes";"ES";"Network Costs - Depot";"Rigid";"BAU";"EUR/kWh";2035;"0.031";"Current policies";"Electricity"
"OPEX";"Taxes";"ES";"Network Costs - Depot";"Tractor-Trailer";"BAU";"EUR/kWh";2035;"0.031";"Current policies";"Electricity"
"OPEX";"Taxes";"FR";"Network Costs - Depot";"Rigid";"BAU";"EUR/kWh";2035;"0.024";"Current policies";"Electricity"
"OPEX";"Taxes";"FR";"Network Costs - Depot";"Tractor-Trailer";"BAU";"EUR/kWh";2035;"0.024";"Current policies";"Electricity"
"OPEX";"Taxes";"IT";"Network Costs - Depot";"Rigid";"BAU";"EUR/kWh";2035;"0.018";"Current policies";"Electricity"
"OPEX";"Taxes";"IT";"Network Costs - Depot";"Tractor-Trailer";"BAU";"EUR/kWh";2035;"0.018";"Current policies";"Electricity"
"OPEX";"Taxes";"NL";"Network Costs - Depot";"Rigid";"BAU";"EUR/kWh";2035;"0.019";"Current policies";"Electricity"
"OPEX";"Taxes";"NL";"Network Costs - Depot";"Tractor-Trailer";"BAU";"EUR/kWh";2035;"0.019";"Current policies";"Electricity"
"OPEX";"Taxes";"PL";"Network Costs - Depot";"Rigid";"BAU";"EUR/kWh";2035;"0.026";"Current policies";"Electricity"
"OPEX";"Taxes";"PL";"Network Costs - Depot";"Tractor-Trailer";"BAU";"EUR/kWh";2035;"0.026";"Current policies";"Electricity"
"OPEX";"Taxes";"UK";"Network Costs - Depot";"Rigid";"BAU";"EUR/kWh";2035;"0.029";"Current policies";"Electricity"
"OPEX";"Taxes";"UK";"Network Costs - Depot";"Tractor-Trailer";"BAU";"EUR/kWh";2035;"0.029";"Current policies";"Electricity"
"OPEX";"Taxes";"DE";"Taxes, Fees, Levies and charges - Depot";"Rigid";"BAU";"EUR/kWh";2035;"0.062";"Current policies";"Electricity"
"OPEX";"Taxes";"DE";"Taxes, Fees, Levies and charges - Depot";"Tractor-Trailer";"BAU";"EUR/kWh";2035;"0.062";"Current policies";"Electricity"
"OPEX";"Taxes";"ES";"Taxes, Fees, Levies and charges - Depot";"Rigid";"BAU";"EUR/kWh";2035;"0.054";"Current policies";"Electricity"
"OPEX";"Taxes";"ES";"Taxes, Fees, Levies and charges - Depot";"Tractor-Trailer";"BAU";"EUR/kWh";2035;"0.054";"Current policies";"Electricity"
"OPEX";"Taxes";"FR";"Taxes, Fees, Levies and charges - Depot";"Rigid";"BAU";"EUR/kWh";2035;"0.04";"Current policies";"Electricity"
"OPEX";"Taxes";"FR";"Taxes, Fees, Levies and charges - Depot";"Tractor-Trailer";"BAU";"EUR/kWh";2035;"0.04";"Current policies";"Electricity"
"OPEX";"Taxes";"IT";"Taxes, Fees, Levies and charges - Depot";"Rigid";"BAU";"EUR/kWh";2035;"0.088";"Current policies";"Electricity"
"OPEX";"Taxes";"IT";"Taxes, Fees, Levies and charges - Depot";"Tractor-Trailer";"BAU";"EUR/kWh";2035;"0.088";"Current policies";"Electricity"
"OPEX";"Taxes";"NL";"Taxes, Fees, Levies and charges - Depot";"Rigid";"BAU";"EUR/kWh";2035;"0.058";"Current policies";"Electricity"
"OPEX";"Taxes";"NL";"Taxes, Fees, Levies and charges - Depot";"Tractor-Trailer";"BAU";"EUR/kWh";2035;"0.058";"Current policies";"Electricity"
"OPEX";"Taxes";"PL";"Taxes, Fees, Levies and charges - Depot";"Rigid";"BAU";"EUR/kWh";2035;"0.053";"Current policies";"Electricity"
"OPEX";"Taxes";"PL";"Taxes, Fees, Levies and charges - Depot";"Tractor-Trailer";"BAU";"EUR/kWh";2035;"0.053";"Current policies";"Electricity"
"OPEX";"Taxes";"UK";"Taxes, Fees, Levies and charges - Depot";"Rigid";"BAU";"EUR/kWh";2035;"0.084";"Current policies";"Electricity"
"OPEX";"Taxes";"UK";"Taxes, Fees, Levies and charges - Depot";"Tractor-Trailer";"BAU";"EUR/kWh";2035;"0.084";"Current policies";"Electricity"
"OPEX";"H2 Infrastructure";"DE";"HRS costs";"Rigid";"BAU";"EUR/kg H2";2035;"1.45";"Current policies";"Hydrogen"
"OPEX";"H2 Infrastructure";"DE";"HRS costs";"Tractor-Trailer";"BAU";"EUR/kg H2";2035;"1.45";"Current policies";"Hydrogen"
"OPEX";"H2 Infrastructure";"ES";"HRS costs";"Rigid";"BAU";"EUR/kg H2";2035;"1.45";"Current policies";"Hydrogen"
"OPEX";"H2 Infrastructure";"ES";"HRS costs";"Tractor-Trailer";"BAU";"EUR/kg H2";2035;"1.45";"Current policies";"Hydrogen"
"OPEX";"H2 Infrastructure";"FR";"HRS costs";"Rigid";"BAU";"EUR/kg H2";2035;"1.45";"Current policies";"Hydrogen"
"OPEX";"H2 Infrastructure";"FR";"HRS costs";"Tractor-Trailer";"BAU";"EUR/kg H2";2035;"1.45";"Current policies";"Hydrogen"
"OPEX";"H2 Infrastructure";"IT";"HRS costs";"Rigid";"BAU";"EUR/kg H2";2035;"1.45";"Current policies";"Hydrogen"
"OPEX";"H2 Infrastructure";"IT";"HRS costs";"Tractor-Trailer";"BAU";"EUR/kg H2";2035;"1.45";"Current policies";"Hydrogen"
"OPEX";"H2 Infrastructure";"NL";"HRS costs";"Rigid";"BAU";"EUR/kg H2";2035;"1.45";"Current policies";"Hydrogen"
"OPEX";"H2 Infrastructure";"NL";"HRS costs";"Tractor-Trailer";"BAU";"EUR/kg H2";2035;"1.45";"Current policies";"Hydrogen"
"OPEX";"H2 Infrastructure";"PL";"HRS costs";"Rigid";"BAU";"EUR/kg H2";2035;"1.45";"Current policies";"Hydrogen"
"OPEX";"H2 Infrastructure";"PL";"HRS costs";"Tractor-Trailer";"BAU";"EUR/kg H2";2035;"1.45";"Current policies";"Hydrogen"
"OPEX";"H2 Infrastructure";"UK";"HRS costs";"Rigid";"BAU";"EUR/kg H2";2035;"1.45";"Current policies";"Hydrogen"
"OPEX";"H2 Infrastructure";"UK";"HRS costs";"Tractor-Trailer";"BAU";"EUR/kg H2";2035;"1.45";"Current policies";"Hydrogen"
"OPEX";"H2 Infrastructure";"DE";"H2 transport and distribution";"Rigid";"BAU";"EUR/kg H2";2035;"1.333";"Current policies";"Hydrogen"
"OPEX";"H2 Infrastructure";"DE";"H2 transport and distribution";"Tractor-Trailer";"BAU";"EUR/kg H2";2035;"1.333";"Current policies";"Hydrogen"
"OPEX";"H2 Infrastructure";"ES";"H2 transport and distribution";"Rigid";"BAU";"EUR/kg H2";2035;"1.333";"Current policies";"Hydrogen"
"OPEX";"H2 Infrastructure";"ES";"H2 transport and distribution";"Tractor-Trailer";"BAU";"EUR/kg H2";2035;"1.333";"Current policies";"Hydrogen"
"OPEX";"H2 Infrastructure";"FR";"H2 transport and distribution";"Rigid";"BAU";"EUR/kg H2";2035;"1.333";"Current policies";"Hydrogen"
"OPEX";"H2 Infrastructure";"FR";"H2 transport and distribution";"Tractor-Trailer";"BAU";"EUR/kg H2";2035;"1.333";"Current policies";"Hydrogen"
"OPEX";"H2 Infrastructure";"IT";"H2 transport and distribution";"Rigid";"BAU";"EUR/kg H2";2035;"1.333";"Current policies";"Hydrogen"
"OPEX";"H2 Infrastructure";"IT";"H2 transport and distribution";"Tractor-Trailer";"BAU";"EUR/kg H2";2035;"1.333";"Current policies";"Hydrogen"
"OPEX";"H2 Infrastructure";"NL";"H2 transport and distribution";"Rigid";"BAU";"EUR/kg H2";2035;"1.333";"Current policies";"Hydrogen"
"OPEX";"H2 Infrastructure";"NL";"H2 transport and distribution";"Tractor-Trailer";"BAU";"EUR/kg H2";2035;"1.333";"Current policies";"Hydrogen"
"OPEX";"H2 Infrastructure";"PL";"H2 transport and distribution";"Rigid";"BAU";"EUR/kg H2";2035;"1.333";"Current policies";"Hydrogen"
"OPEX";"H2 Infrastructure";"PL";"H2 transport and distribution";"Tractor-Trailer";"BAU";"EUR/kg H2";2035;"1.333";"Current policies";"Hydrogen"
"OPEX";"H2 Infrastructure";"UK";"H2 transport and distribution";"Rigid";"BAU";"EUR/kg H2";2035;"1.333";"Current policies";"Hydrogen"
"OPEX";"H2 Infrastructure";"UK";"H2 transport and distribution";"Tractor-Trailer";"BAU";"EUR/kg H2";2035;"1.333";"Current policies";"Hydrogen"
"OPEX";"H2 Infrastructure";"DE";"HRS Overhead, Profit and Mark-Up";"Rigid";"BAU";"EUR/kg H2";2035;"0.25";"Current policies";"Hydrogen"
"OPEX";"H2 Infrastructure";"DE";"HRS Overhead, Profit and Mark-Up";"Tractor-Trailer";"BAU";"EUR/kg H2";2035;"0.25";"Current policies";"Hydrogen"
"OPEX";"H2 Infrastructure";"ES";"HRS Overhead, Profit and Mark-Up";"Rigid";"BAU";"EUR/kg H2";2035;"0.25";"Current policies";"Hydrogen"
"OPEX";"H2 Infrastructure";"ES";"HRS Overhead, Profit and Mark-Up";"Tractor-Trailer";"BAU";"EUR/kg H2";2035;"0.25";"Current policies";"Hydrogen"
"OPEX";"H2 Infrastructure";"FR";"HRS Overhead, Profit and Mark-Up";"Rigid";"BAU";"EUR/kg H2";2035;"0.25";"Current policies";"Hydrogen"
"OPEX";"H2 Infrastructure";"FR";"HRS Overhead, Profit and Mark-Up";"Tractor-Trailer";"BAU";"EUR/kg H2";2035;"0.25";"Current policies";"Hydrogen"
"OPEX";"H2 Infrastructure";"IT";"HRS Overhead, Profit and Mark-Up";"Rigid";"BAU";"EUR/kg H2";2035;"0.25";"Current policies";"Hydrogen"
"OPEX";"H2 Infrastructure";"IT";"HRS Overhead, Profit and Mark-Up";"Tractor-Trailer";"BAU";"EUR/kg H2";2035;"0.25";"Current policies";"Hydrogen"
"OPEX";"H2 Infrastructure";"NL";"HRS Overhead, Profit and Mark-Up";"Rigid";"BAU";"EUR/kg H2";2035;"0.25";"Current policies";"Hydrogen"
"OPEX";"H2 Infrastructure";"NL";"HRS Overhead, Profit and Mark-Up";"Tractor-Trailer";"BAU";"EUR/kg H2";2035;"0.25";"Current policies";"Hydrogen"
"OPEX";"H2 Infrastructure";"PL";"HRS Overhead, Profit and Mark-Up";"Rigid";"BAU";"EUR/kg H2";2035;"0.25";"Current policies";"Hydrogen"
"OPEX";"H2 Infrastructure";"PL";"HRS Overhead, Profit and Mark-Up";"Tractor-Trailer";"BAU";"EUR/kg H2";2035;"0.25";"Current policies";"Hydrogen"
"OPEX";"H2 Infrastructure";"UK";"HRS Overhead, Profit and Mark-Up";"Rigid";"BAU";"EUR/kg H2";2035;"0.25";"Current policies";"Hydrogen"
"OPEX";"H2 Infrastructure";"UK";"HRS Overhead, Profit and Mark-Up";"Tractor-Trailer";"BAU";"EUR/kg H2";2035;"0.25";"Current policies";"Hydrogen"
"OPEX";"Charging Infrastructure";"DE";"MCS Station (Public Charging) - Incl. Overhead";"Rigid";"BAU";"EUR/kWh";2035;"0.082";"Current policies";"Electricity"
"OPEX";"Charging Infrastructure";"DE";"MCS Station (Public Charging) - Incl. Overhead";"Tractor-Trailer";"BAU";"EUR/kWh";2035;"0.082";"Current policies";"Electricity"
"OPEX";"Charging Infrastructure";"ES";"MCS Station (Public Charging) - Incl. Overhead";"Rigid";"BAU";"EUR/kWh";2035;"0.082";"Current policies";"Electricity"
"OPEX";"Charging Infrastructure";"ES";"MCS Station (Public Charging) - Incl. Overhead";"Tractor-Trailer";"BAU";"EUR/kWh";2035;"0.082";"Current policies";"Electricity"
"OPEX";"Charging Infrastructure";"FR";"MCS Station (Public Charging) - Incl. Overhead";"Rigid";"BAU";"EUR/kWh";2035;"0.082";"Current policies";"Electricity"
"OPEX";"Charging Infrastructure";"FR";"MCS Station (Public Charging) - Incl. Overhead";"Tractor-Trailer";"BAU";"EUR/kWh";2035;"0.082";"Current policies";"Electricity"
"OPEX";"Charging Infrastructure";"IT";"MCS Station (Public Charging) - Incl. Overhead";"Rigid";"BAU";"EUR/kWh";2035;"0.082";"Current policies";"Electricity"
"OPEX";"Charging Infrastructure";"IT";"MCS Station (Public Charging) - Incl. Overhead";"Tractor-Trailer";"BAU";"EUR/kWh";2035;"0.082";"Current policies";"Electricity"
"OPEX";"Charging Infrastructure";"NL";"MCS Station (Public Charging) - Incl. Overhead";"Rigid";"BAU";"EUR/kWh";2035;"0.082";"Current policies";"Electricity"
"OPEX";"Charging Infrastructure";"NL";"MCS Station (Public Charging) - Incl. Overhead";"Tractor-Trailer";"BAU";"EUR/kWh";2035;"0.082";"Current policies";"Electricity"
"OPEX";"Charging Infrastructure";"PL";"MCS Station (Public Charging) - Incl. Overhead";"Rigid";"BAU";"EUR/kWh";2035;"0.082";"Current policies";"Electricity"
"OPEX";"Charging Infrastructure";"PL";"MCS Station (Public Charging) - Incl. Overhead";"Tractor-Trailer";"BAU";"EUR/kWh";2035;"0.082";"Current policies";"Electricity"
"OPEX";"Charging Infrastructure";"UK";"MCS Station (Public Charging) - Incl. Overhead";"Rigid";"BAU";"EUR/kWh";2035;"0.082";"Current policies";"Electricity"
"OPEX";"Charging Infrastructure";"UK";"MCS Station (Public Charging) - Incl. Overhead";"Tractor-Trailer";"BAU";"EUR/kWh";2035;"0.082";"Current policies";"Electricity"
"OPEX";"Charging Infrastructure";"DE";"Share MCS-Charging";"Rigid";"BAU";"%";2035;"0.2";"Current policies";"Electricity"
"OPEX";"Charging Infrastructure";"DE";"Share MCS-Charging";"Tractor-Trailer";"BAU";"%";2035;"0.2";"Current policies";"Electricity"
"OPEX";"Charging Infrastructure";"ES";"Share MCS-Charging";"Rigid";"BAU";"%";2035;"0.2";"Current policies";"Electricity"
"OPEX";"Charging Infrastructure";"ES";"Share MCS-Charging";"Tractor-Trailer";"BAU";"%";2035;"0.2";"Current policies";"Electricity"
"OPEX";"Charging Infrastructure";"FR";"Share MCS-Charging";"Rigid";"BAU";"%";2035;"0.2";"Current policies";"Electricity"
"OPEX";"Charging Infrastructure";"FR";"Share MCS-Charging";"Tractor-Trailer";"BAU";"%";2035;"0.2";"Current policies";"Electricity"
"OPEX";"Charging Infrastructure";"IT";"Share MCS-Charging";"Rigid";"BAU";"%";2035;"0.2";"Current policies";"Electricity"
"OPEX";"Charging Infrastructure";"IT";"Share MCS-Charging";"Tractor-Trailer";"BAU";"%";2035;"0.2";"Current policies";"Electricity"
"OPEX";"Charging Infrastructure";"NL";"Share MCS-Charging";"Rigid";"BAU";"%";2035;"0.2";"Current policies";"Electricity"
"OPEX";"Charging Infrastructure";"NL";"Share MCS-Charging";"Tractor-Trailer";"BAU";"%";2035;"0.2";"Current policies";"Electricity"
"OPEX";"Charging Infrastructure";"PL";"Share MCS-Charging";"Rigid";"BAU";"%";2035;"0.2";"Current policies";"Electricity"
"OPEX";"Charging Infrastructure";"PL";"Share MCS-Charging";"Tractor-Trailer";"BAU";"%";2035;"0.2";"Current policies";"Electricity"
"OPEX";"Charging Infrastructure";"UK";"Share MCS-Charging";"Rigid";"BAU";"%";2035;"0.2";"Current policies";"Electricity"
"OPEX";"Charging Infrastructure";"UK";"Share MCS-Charging";"Tractor-Trailer";"BAU";"%";2035;"0.2";"Current policies";"Electricity"
"OPEX";"Charging Infrastructure";"DE";"Depot - Network fees savings potential";"Rigid";"BAU";"EUR/kWh";2035;"0";"Current policies";"Electricity"
"OPEX";"Charging Infrastructure";"DE";"Depot - Network fees savings potential";"Tractor-Trailer";"BAU";"EUR/kWh";2035;"0";"Current policies";"Electricity"
"OPEX";"Charging Infrastructure";"ES";"Depot - Network fees savings potential";"Rigid";"BAU";"EUR/kWh";2035;"0";"Current policies";"Electricity"
"OPEX";"Charging Infrastructure";"ES";"Depot - Network fees savings potential";"Tractor-Trailer";"BAU";"EUR/kWh";2035;"0";"Current policies";"Electricity"
"OPEX";"Charging Infrastructure";"FR";"Depot - Network fees savings potential";"Rigid";"BAU";"EUR/kWh";2035;"0";"Current policies";"Electricity"
"OPEX";"Charging Infrastructure";"FR";"Depot - Network fees savings potential";"Tractor-Trailer";"BAU";"EUR/kWh";2035;"0";"Current policies";"Electricity"
"OPEX";"Charging Infrastructure";"IT";"Depot - Network fees savings potential";"Rigid";"BAU";"EUR/kWh";2035;"0";"Current policies";"Electricity"
"OPEX";"Charging Infrastructure";"IT";"Depot - Network fees savings potential";"Tractor-Trailer";"BAU";"EUR/kWh";2035;"0";"Current policies";"Electricity"
"OPEX";"Charging Infrastructure";"NL";"Depot - Network fees savings potential";"Rigid";"BAU";"EUR/kWh";2035;"0";"Current policies";"Electricity"
"OPEX";"Charging Infrastructure";"NL";"Depot - Network fees savings potential";"Tractor-Trailer";"BAU";"EUR/kWh";2035;"0";"Current policies";"Electricity"
"OPEX";"Charging Infrastructure";"PL";"Depot - Network fees savings potential";"Rigid";"BAU";"EUR/kWh";2035;"0";"Current policies";"Electricity"
"OPEX";"Charging Infrastructure";"PL";"Depot - Network fees savings potential";"Tractor-Trailer";"BAU";"EUR/kWh";2035;"0";"Current policies";"Electricity"
"OPEX";"Charging Infrastructure";"UK";"Depot - Network fees savings potential";"Rigid";"BAU";"EUR/kWh";2035;"0";"Current policies";"Electricity"
"OPEX";"Charging Infrastructure";"UK";"Depot - Network fees savings potential";"Tractor-Trailer";"BAU";"EUR/kWh";2035;"0";"Current policies";"Electricity"
"OPEX";"Taxes";"DE";"Tax reduction";"Rigid";"BAU";"%";2035;"-1";"Current policies";"Hydrogen"
"OPEX";"Taxes";"DE";"Tax reduction";"Tractor-Trailer";"BAU";"%";2035;"-1";"Current policies";"Hydrogen"
"OPEX";"Taxes";"ES";"Tax reduction";"Rigid";"BAU";"%";2035;"-1";"Current policies";"Hydrogen"
"OPEX";"Taxes";"ES";"Tax reduction";"Tractor-Trailer";"BAU";"%";2035;"-1";"Current policies";"Hydrogen"
"OPEX";"Taxes";"FR";"Tax reduction";"Rigid";"BAU";"%";2035;"-1";"Current policies";"Hydrogen"
"OPEX";"Taxes";"FR";"Tax reduction";"Tractor-Trailer";"BAU";"%";2035;"-1";"Current policies";"Hydrogen"
"OPEX";"Taxes";"IT";"Tax reduction";"Rigid";"BAU";"%";2035;"-1";"Current policies";"Hydrogen"
"OPEX";"Taxes";"IT";"Tax reduction";"Tractor-Trailer";"BAU";"%";2035;"-1";"Current policies";"Hydrogen"
"OPEX";"Taxes";"NL";"Tax reduction";"Rigid";"BAU";"%";2035;"-1";"Current policies";"Hydrogen"
"OPEX";"Taxes";"NL";"Tax reduction";"Tractor-Trailer";"BAU";"%";2035;"-1";"Current policies";"Hydrogen"
"OPEX";"Taxes";"PL";"Tax reduction";"Rigid";"BAU";"%";2035;"-1";"Current policies";"Hydrogen"
"OPEX";"Taxes";"PL";"Tax reduction";"Tractor-Trailer";"BAU";"%";2035;"-1";"Current policies";"Hydrogen"
"OPEX";"Taxes";"UK";"Tax reduction";"Rigid";"BAU";"%";2035;"-1";"Current policies";"Hydrogen"
"OPEX";"Taxes";"UK";"Tax reduction";"Tractor-Trailer";"BAU";"%";2035;"-1";"Current policies";"Hydrogen"
"OPEX";"Taxes";"DE";"Increasing grid fees";"Rigid";"PROG";"%";2035;"0.15";"Current policies";"Electricity"
"OPEX";"Taxes";"DE";"Increasing grid fees";"Tractor-Trailer";"PROG";"%";2035;"0.15";"Current policies";"Electricity"
"OPEX";"Taxes";"ES";"Increasing grid fees";"Rigid";"PROG";"%";2035;"0.15";"Current policies";"Electricity"
"OPEX";"Taxes";"ES";"Increasing grid fees";"Tractor-Trailer";"PROG";"%";2035;"0.15";"Current policies";"Electricity"
"OPEX";"Taxes";"FR";"Increasing grid fees";"Rigid";"PROG";"%";2035;"0.15";"Current policies";"Electricity"
"OPEX";"Taxes";"FR";"Increasing grid fees";"Tractor-Trailer";"PROG";"%";2035;"0.15";"Current policies";"Electricity"
"OPEX";"Taxes";"IT";"Increasing grid fees";"Rigid";"PROG";"%";2035;"0.15";"Current policies";"Electricity"
"OPEX";"Taxes";"IT";"Increasing grid fees";"Tractor-Trailer";"PROG";"%";2035;"0.15";"Current policies";"Electricity"
"OPEX";"Taxes";"NL";"Increasing grid fees";"Rigid";"PROG";"%";2035;"0.15";"Current policies";"Electricity"
"OPEX";"Taxes";"NL";"Increasing grid fees";"Tractor-Trailer";"PROG";"%";2035;"0.15";"Current policies";"Electricity"
"OPEX";"Taxes";"PL";"Increasing grid fees";"Rigid";"PROG";"%";2035;"0.15";"Current policies";"Electricity"
"OPEX";"Taxes";"PL";"Increasing grid fees";"Tractor-Trailer";"PROG";"%";2035;"0.15";"Current policies";"Electricity"
"OPEX";"Taxes";"UK";"Increasing grid fees";"Rigid";"PROG";"%";2035;"0.15";"Current policies";"Electricity"
"OPEX";"Taxes";"UK";"Increasing grid fees";"Tractor-Trailer";"PROG";"%";2035;"0.15";"Current policies";"Electricity"
"OPEX";"Taxes";"DE";"Increasing grid fees";"Rigid";"BAU";"%";2035;"0.25";"Current policies";"Electricity"
"OPEX";"Taxes";"DE";"Increasing grid fees";"Tractor-Trailer";"BAU";"%";2035;"0.25";"Current policies";"Electricity"
"OPEX";"Taxes";"ES";"Increasing grid fees";"Rigid";"BAU";"%";2035;"0.25";"Current policies";"Electricity"
"OPEX";"Taxes";"ES";"Increasing grid fees";"Tractor-Trailer";"BAU";"%";2035;"0.25";"Current policies";"Electricity"
"OPEX";"Taxes";"FR";"Increasing grid fees";"Rigid";"BAU";"%";2035;"0.25";"Current policies";"Electricity"
"OPEX";"Taxes";"FR";"Increasing grid fees";"Tractor-Trailer";"BAU";"%";2035;"0.25";"Current policies";"Electricity"
"OPEX";"Taxes";"IT";"Increasing grid fees";"Rigid";"BAU";"%";2035;"0.25";"Current policies";"Electricity"
"OPEX";"Taxes";"IT";"Increasing grid fees";"Tractor-Trailer";"BAU";"%";2035;"0.25";"Current policies";"Electricity"
"OPEX";"Taxes";"NL";"Increasing grid fees";"Rigid";"BAU";"%";2035;"0.25";"Current policies";"Electricity"
"OPEX";"Taxes";"NL";"Increasing grid fees";"Tractor-Trailer";"BAU";"%";2035;"0.25";"Current policies";"Electricity"
"OPEX";"Taxes";"PL";"Increasing grid fees";"Rigid";"BAU";"%";2035;"0.25";"Current policies";"Electricity"
"OPEX";"Taxes";"PL";"Increasing grid fees";"Tractor-Trailer";"BAU";"%";2035;"0.25";"Current policies";"Electricity"
"OPEX";"Taxes";"UK";"Increasing grid fees";"Rigid";"BAU";"%";2035;"0.25";"Current policies";"Electricity"
"OPEX";"Taxes";"UK";"Increasing grid fees";"Tractor-Trailer";"BAU";"%";2035;"0.25";"Current policies";"Electricity"
"OPEX";"Taxes";"DE";"Network Costs - MCS";"Rigid";"PROG";"EUR/kWh";2040;"0.03";"Current policies";"Electricity"
"OPEX";"Taxes";"DE";"Network Costs - MCS";"Tractor-Trailer";"PROG";"EUR/kWh";2040;"0.03";"Current policies";"Electricity"
"OPEX";"Taxes";"ES";"Network Costs - MCS";"Rigid";"PROG";"EUR/kWh";2040;"0.011";"Current policies";"Electricity"
"OPEX";"Taxes";"ES";"Network Costs - MCS";"Tractor-Trailer";"PROG";"EUR/kWh";2040;"0.011";"Current policies";"Electricity"
"OPEX";"Taxes";"FR";"Network Costs - MCS";"Rigid";"PROG";"EUR/kWh";2040;"0.014";"Current policies";"Electricity"
"OPEX";"Taxes";"FR";"Network Costs - MCS";"Tractor-Trailer";"PROG";"EUR/kWh";2040;"0.014";"Current policies";"Electricity"
"OPEX";"Taxes";"IT";"Network Costs - MCS";"Rigid";"PROG";"EUR/kWh";2040;"0.013";"Current policies";"Electricity"
"OPEX";"Taxes";"IT";"Network Costs - MCS";"Tractor-Trailer";"PROG";"EUR/kWh";2040;"0.013";"Current policies";"Electricity"
"OPEX";"Taxes";"NL";"Network Costs - MCS";"Rigid";"PROG";"EUR/kWh";2040;"0.015";"Current policies";"Electricity"
"OPEX";"Taxes";"NL";"Network Costs - MCS";"Tractor-Trailer";"PROG";"EUR/kWh";2040;"0.015";"Current policies";"Electricity"
"OPEX";"Taxes";"PL";"Network Costs - MCS";"Rigid";"PROG";"EUR/kWh";2040;"0.015";"Current policies";"Electricity"
"OPEX";"Taxes";"PL";"Network Costs - MCS";"Tractor-Trailer";"PROG";"EUR/kWh";2040;"0.015";"Current policies";"Electricity"
"OPEX";"Taxes";"UK";"Network Costs - MCS";"Rigid";"PROG";"EUR/kWh";2040;"0.022";"Current policies";"Electricity"
"OPEX";"Taxes";"UK";"Network Costs - MCS";"Tractor-Trailer";"PROG";"EUR/kWh";2040;"0.022";"Current policies";"Electricity"
"OPEX";"Taxes";"DE";"Taxes, Fees, Levies and charges - MCS";"Rigid";"PROG";"EUR/kWh";2040;"0.051";"Current policies";"Electricity"
"OPEX";"Taxes";"DE";"Taxes, Fees, Levies and charges - MCS";"Tractor-Trailer";"PROG";"EUR/kWh";2040;"0.051";"Current policies";"Electricity"
"OPEX";"Taxes";"ES";"Taxes, Fees, Levies and charges - MCS";"Rigid";"PROG";"EUR/kWh";2040;"0.027";"Current policies";"Electricity"
"OPEX";"Taxes";"ES";"Taxes, Fees, Levies and charges - MCS";"Tractor-Trailer";"PROG";"EUR/kWh";2040;"0.027";"Current policies";"Electricity"
"OPEX";"Taxes";"FR";"Taxes, Fees, Levies and charges - MCS";"Rigid";"PROG";"EUR/kWh";2040;"0.024";"Current policies";"Electricity"
"OPEX";"Taxes";"FR";"Taxes, Fees, Levies and charges - MCS";"Tractor-Trailer";"PROG";"EUR/kWh";2040;"0.024";"Current policies";"Electricity"
"OPEX";"Taxes";"IT";"Taxes, Fees, Levies and charges - MCS";"Rigid";"PROG";"EUR/kWh";2040;"0.042";"Current policies";"Electricity"
"OPEX";"Taxes";"IT";"Taxes, Fees, Levies and charges - MCS";"Tractor-Trailer";"PROG";"EUR/kWh";2040;"0.042";"Current policies";"Electricity"
"OPEX";"Taxes";"NL";"Taxes, Fees, Levies and charges - MCS";"Rigid";"PROG";"EUR/kWh";2040;"0.037";"Current policies";"Electricity"
"OPEX";"Taxes";"NL";"Taxes, Fees, Levies and charges - MCS";"Tractor-Trailer";"PROG";"EUR/kWh";2040;"0.037";"Current policies";"Electricity"
"OPEX";"Taxes";"PL";"Taxes, Fees, Levies and charges - MCS";"Rigid";"PROG";"EUR/kWh";2040;"0.046";"Current policies";"Electricity"
"OPEX";"Taxes";"PL";"Taxes, Fees, Levies and charges - MCS";"Tractor-Trailer";"PROG";"EUR/kWh";2040;"0.046";"Current policies";"Electricity"
"OPEX";"Taxes";"UK";"Taxes, Fees, Levies and charges - MCS";"Rigid";"PROG";"EUR/kWh";2040;"0.074";"Current policies";"Electricity"
"OPEX";"Taxes";"UK";"Taxes, Fees, Levies and charges - MCS";"Tractor-Trailer";"PROG";"EUR/kWh";2040;"0.074";"Current policies";"Electricity"
"OPEX";"Taxes";"DE";"Network Costs - Depot";"Rigid";"PROG";"EUR/kWh";2040;"0.034";"Current policies";"Electricity"
"OPEX";"Taxes";"DE";"Network Costs - Depot";"Tractor-Trailer";"PROG";"EUR/kWh";2040;"0.034";"Current policies";"Electricity"
"OPEX";"Taxes";"ES";"Network Costs - Depot";"Rigid";"PROG";"EUR/kWh";2040;"0.018";"Current policies";"Electricity"
"OPEX";"Taxes";"ES";"Network Costs - Depot";"Tractor-Trailer";"PROG";"EUR/kWh";2040;"0.018";"Current policies";"Electricity"
"OPEX";"Taxes";"FR";"Network Costs - Depot";"Rigid";"PROG";"EUR/kWh";2040;"0.018";"Current policies";"Electricity"
"OPEX";"Taxes";"FR";"Network Costs - Depot";"Tractor-Trailer";"PROG";"EUR/kWh";2040;"0.018";"Current policies";"Electricity"
"OPEX";"Taxes";"IT";"Network Costs - Depot";"Rigid";"PROG";"EUR/kWh";2040;"0.016";"Current policies";"Electricity"
"OPEX";"Taxes";"IT";"Network Costs - Depot";"Tractor-Trailer";"PROG";"EUR/kWh";2040;"0.016";"Current policies";"Electricity"
"OPEX";"Taxes";"NL";"Network Costs - Depot";"Rigid";"PROG";"EUR/kWh";2040;"0.016";"Current policies";"Electricity"
"OPEX";"Taxes";"NL";"Network Costs - Depot";"Tractor-Trailer";"PROG";"EUR/kWh";2040;"0.016";"Current policies";"Electricity"
"OPEX";"Taxes";"PL";"Network Costs - Depot";"Rigid";"PROG";"EUR/kWh";2040;"0.019";"Current policies";"Electricity"
"OPEX";"Taxes";"PL";"Network Costs - Depot";"Tractor-Trailer";"PROG";"EUR/kWh";2040;"0.019";"Current policies";"Electricity"
"OPEX";"Taxes";"UK";"Network Costs - Depot";"Rigid";"PROG";"EUR/kWh";2040;"0.027";"Current policies";"Electricity"
"OPEX";"Taxes";"UK";"Network Costs - Depot";"Tractor-Trailer";"PROG";"EUR/kWh";2040;"0.027";"Current policies";"Electricity"
"OPEX";"Taxes";"DE";"Taxes, Fees, Levies and charges - Depot";"Rigid";"PROG";"EUR/kWh";2040;"0.056";"Current policies";"Electricity"
"OPEX";"Taxes";"DE";"Taxes, Fees, Levies and charges - Depot";"Tractor-Trailer";"PROG";"EUR/kWh";2040;"0.056";"Current policies";"Electricity"
"OPEX";"Taxes";"ES";"Taxes, Fees, Levies and charges - Depot";"Rigid";"PROG";"EUR/kWh";2040;"0.036";"Current policies";"Electricity"
"OPEX";"Taxes";"ES";"Taxes, Fees, Levies and charges - Depot";"Tractor-Trailer";"PROG";"EUR/kWh";2040;"0.036";"Current policies";"Electricity"
"OPEX";"Taxes";"FR";"Taxes, Fees, Levies and charges - Depot";"Rigid";"PROG";"EUR/kWh";2040;"0.03";"Current policies";"Electricity"
"OPEX";"Taxes";"FR";"Taxes, Fees, Levies and charges - Depot";"Tractor-Trailer";"PROG";"EUR/kWh";2040;"0.03";"Current policies";"Electricity"
"OPEX";"Taxes";"IT";"Taxes, Fees, Levies and charges - Depot";"Rigid";"PROG";"EUR/kWh";2040;"0.063";"Current policies";"Electricity"
"OPEX";"Taxes";"IT";"Taxes, Fees, Levies and charges - Depot";"Tractor-Trailer";"PROG";"EUR/kWh";2040;"0.063";"Current policies";"Electricity"
"OPEX";"Taxes";"NL";"Taxes, Fees, Levies and charges - Depot";"Rigid";"PROG";"EUR/kWh";2040;"0.055";"Current policies";"Electricity"
"OPEX";"Taxes";"NL";"Taxes, Fees, Levies and charges - Depot";"Tractor-Trailer";"PROG";"EUR/kWh";2040;"0.055";"Current policies";"Electricity"
"OPEX";"Taxes";"PL";"Taxes, Fees, Levies and charges - Depot";"Rigid";"PROG";"EUR/kWh";2040;"0.049";"Current policies";"Electricity"
"OPEX";"Taxes";"PL";"Taxes, Fees, Levies and charges - Depot";"Tractor-Trailer";"PROG";"EUR/kWh";2040;"0.049";"Current policies";"Electricity"
"OPEX";"Taxes";"UK";"Taxes, Fees, Levies and charges - Depot";"Rigid";"PROG";"EUR/kWh";2040;"0.077";"Current policies";"Electricity"
"OPEX";"Taxes";"UK";"Taxes, Fees, Levies and charges - Depot";"Tractor-Trailer";"PROG";"EUR/kWh";2040;"0.077";"Current policies";"Electricity"
"OPEX";"H2 Infrastructure";"DE";"HRS costs";"Rigid";"PROG";"EUR/kg H2";2040;"0.7";"Current policies";"Hydrogen"
"OPEX";"H2 Infrastructure";"DE";"HRS costs";"Tractor-Trailer";"PROG";"EUR/kg H2";2040;"0.7";"Current policies";"Hydrogen"
"OPEX";"H2 Infrastructure";"ES";"HRS costs";"Rigid";"PROG";"EUR/kg H2";2040;"0.7";"Current policies";"Hydrogen"
"OPEX";"H2 Infrastructure";"ES";"HRS costs";"Tractor-Trailer";"PROG";"EUR/kg H2";2040;"0.7";"Current policies";"Hydrogen"
"OPEX";"H2 Infrastructure";"FR";"HRS costs";"Rigid";"PROG";"EUR/kg H2";2040;"0.7";"Current policies";"Hydrogen"
"OPEX";"H2 Infrastructure";"FR";"HRS costs";"Tractor-Trailer";"PROG";"EUR/kg H2";2040;"0.7";"Current policies";"Hydrogen"
"OPEX";"H2 Infrastructure";"IT";"HRS costs";"Rigid";"PROG";"EUR/kg H2";2040;"0.7";"Current policies";"Hydrogen"
"OPEX";"H2 Infrastructure";"IT";"HRS costs";"Tractor-Trailer";"PROG";"EUR/kg H2";2040;"0.7";"Current policies";"Hydrogen"
"OPEX";"H2 Infrastructure";"NL";"HRS costs";"Rigid";"PROG";"EUR/kg H2";2040;"0.7";"Current policies";"Hydrogen"
"OPEX";"H2 Infrastructure";"NL";"HRS costs";"Tractor-Trailer";"PROG";"EUR/kg H2";2040;"0.7";"Current policies";"Hydrogen"
"OPEX";"H2 Infrastructure";"PL";"HRS costs";"Rigid";"PROG";"EUR/kg H2";2040;"0.7";"Current policies";"Hydrogen"
"OPEX";"H2 Infrastructure";"PL";"HRS costs";"Tractor-Trailer";"PROG";"EUR/kg H2";2040;"0.7";"Current policies";"Hydrogen"
"OPEX";"H2 Infrastructure";"UK";"HRS costs";"Rigid";"PROG";"EUR/kg H2";2040;"0.7";"Current policies";"Hydrogen"
"OPEX";"H2 Infrastructure";"UK";"HRS costs";"Tractor-Trailer";"PROG";"EUR/kg H2";2040;"0.7";"Current policies";"Hydrogen"
"OPEX";"H2 Infrastructure";"DE";"H2 transport and distribution";"Rigid";"PROG";"EUR/kg H2";2040;"0.667";"Current policies";"Hydrogen"
"OPEX";"H2 Infrastructure";"DE";"H2 transport and distribution";"Tractor-Trailer";"PROG";"EUR/kg H2";2040;"0.667";"Current policies";"Hydrogen"
"OPEX";"H2 Infrastructure";"ES";"H2 transport and distribution";"Rigid";"PROG";"EUR/kg H2";2040;"0.667";"Current policies";"Hydrogen"
"OPEX";"H2 Infrastructure";"ES";"H2 transport and distribution";"Tractor-Trailer";"PROG";"EUR/kg H2";2040;"0.667";"Current policies";"Hydrogen"
"OPEX";"H2 Infrastructure";"FR";"H2 transport and distribution";"Rigid";"PROG";"EUR/kg H2";2040;"0.667";"Current policies";"Hydrogen"
"OPEX";"H2 Infrastructure";"FR";"H2 transport and distribution";"Tractor-Trailer";"PROG";"EUR/kg H2";2040;"0.667";"Current policies";"Hydrogen"
"OPEX";"H2 Infrastructure";"IT";"H2 transport and distribution";"Rigid";"PROG";"EUR/kg H2";2040;"0.667";"Current policies";"Hydrogen"
"OPEX";"H2 Infrastructure";"IT";"H2 transport and distribution";"Tractor-Trailer";"PROG";"EUR/kg H2";2040;"0.667";"Current policies";"Hydrogen"
"OPEX";"H2 Infrastructure";"NL";"H2 transport and distribution";"Rigid";"PROG";"EUR/kg H2";2040;"0.667";"Current policies";"Hydrogen"
"OPEX";"H2 Infrastructure";"NL";"H2 transport and distribution";"Tractor-Trailer";"PROG";"EUR/kg H2";2040;"0.667";"Current policies";"Hydrogen"
"OPEX";"H2 Infrastructure";"PL";"H2 transport and distribution";"Rigid";"PROG";"EUR/kg H2";2040;"0.667";"Current policies";"Hydrogen"
"OPEX";"H2 Infrastructure";"PL";"H2 transport and distribution";"Tractor-Trailer";"PROG";"EUR/kg H2";2040;"0.667";"Current policies";"Hydrogen"
"OPEX";"H2 Infrastructure";"UK";"H2 transport and distribution";"Rigid";"PROG";"EUR/kg H2";2040;"0.667";"Current policies";"Hydrogen"
"OPEX";"H2 Infrastructure";"UK";"H2 transport and distribution";"Tractor-Trailer";"PROG";"EUR/kg H2";2040;"0.667";"Current policies";"Hydrogen"
"OPEX";"H2 Infrastructure";"DE";"HRS Overhead, Profit and Mark-Up";"Rigid";"PROG";"EUR/kg H2";2040;"0.25";"Current policies";"Hydrogen"
"OPEX";"H2 Infrastructure";"DE";"HRS Overhead, Profit and Mark-Up";"Tractor-Trailer";"PROG";"EUR/kg H2";2040;"0.25";"Current policies";"Hydrogen"
"OPEX";"H2 Infrastructure";"ES";"HRS Overhead, Profit and Mark-Up";"Rigid";"PROG";"EUR/kg H2";2040;"0.25";"Current policies";"Hydrogen"
"OPEX";"H2 Infrastructure";"ES";"HRS Overhead, Profit and Mark-Up";"Tractor-Trailer";"PROG";"EUR/kg H2";2040;"0.25";"Current policies";"Hydrogen"
"OPEX";"H2 Infrastructure";"FR";"HRS Overhead, Profit and Mark-Up";"Rigid";"PROG";"EUR/kg H2";2040;"0.25";"Current policies";"Hydrogen"
"OPEX";"H2 Infrastructure";"FR";"HRS Overhead, Profit and Mark-Up";"Tractor-Trailer";"PROG";"EUR/kg H2";2040;"0.25";"Current policies";"Hydrogen"
"OPEX";"H2 Infrastructure";"IT";"HRS Overhead, Profit and Mark-Up";"Rigid";"PROG";"EUR/kg H2";2040;"0.25";"Current policies";"Hydrogen"
"OPEX";"H2 Infrastructure";"IT";"HRS Overhead, Profit and Mark-Up";"Tractor-Trailer";"PROG";"EUR/kg H2";2040;"0.25";"Current policies";"Hydrogen"
"OPEX";"H2 Infrastructure";"NL";"HRS Overhead, Profit and Mark-Up";"Rigid";"PROG";"EUR/kg H2";2040;"0.25";"Current policies";"Hydrogen"
"OPEX";"H2 Infrastructure";"NL";"HRS Overhead, Profit and Mark-Up";"Tractor-Trailer";"PROG";"EUR/kg H2";2040;"0.25";"Current policies";"Hydrogen"
"OPEX";"H2 Infrastructure";"PL";"HRS Overhead, Profit and Mark-Up";"Rigid";"PROG";"EUR/kg H2";2040;"0.25";"Current policies";"Hydrogen"
"OPEX";"H2 Infrastructure";"PL";"HRS Overhead, Profit and Mark-Up";"Tractor-Trailer";"PROG";"EUR/kg H2";2040;"0.25";"Current policies";"Hydrogen"
"OPEX";"H2 Infrastructure";"UK";"HRS Overhead, Profit and Mark-Up";"Rigid";"PROG";"EUR/kg H2";2040;"0.25";"Current policies";"Hydrogen"
"OPEX";"H2 Infrastructure";"UK";"HRS Overhead, Profit and Mark-Up";"Tractor-Trailer";"PROG";"EUR/kg H2";2040;"0.25";"Current policies";"Hydrogen"
"OPEX";"Charging Infrastructure";"DE";"MCS Station (Public Charging) - Incl. Overhead";"Rigid";"PROG";"EUR/kWh";2040;"0.02";"Current policies";"Electricity"
"OPEX";"Charging Infrastructure";"DE";"MCS Station (Public Charging) - Incl. Overhead";"Tractor-Trailer";"PROG";"EUR/kWh";2040;"0.02";"Current policies";"Electricity"
"OPEX";"Charging Infrastructure";"ES";"MCS Station (Public Charging) - Incl. Overhead";"Rigid";"PROG";"EUR/kWh";2040;"0.02";"Current policies";"Electricity"
"OPEX";"Charging Infrastructure";"ES";"MCS Station (Public Charging) - Incl. Overhead";"Tractor-Trailer";"PROG";"EUR/kWh";2040;"0.02";"Current policies";"Electricity"
"OPEX";"Charging Infrastructure";"FR";"MCS Station (Public Charging) - Incl. Overhead";"Rigid";"PROG";"EUR/kWh";2040;"0.02";"Current policies";"Electricity"
"OPEX";"Charging Infrastructure";"FR";"MCS Station (Public Charging) - Incl. Overhead";"Tractor-Trailer";"PROG";"EUR/kWh";2040;"0.02";"Current policies";"Electricity"
"OPEX";"Charging Infrastructure";"IT";"MCS Station (Public Charging) - Incl. Overhead";"Rigid";"PROG";"EUR/kWh";2040;"0.02";"Current policies";"Electricity"
"OPEX";"Charging Infrastructure";"IT";"MCS Station (Public Charging) - Incl. Overhead";"Tractor-Trailer";"PROG";"EUR/kWh";2040;"0.02";"Current policies";"Electricity"
"OPEX";"Charging Infrastructure";"NL";"MCS Station (Public Charging) - Incl. Overhead";"Rigid";"PROG";"EUR/kWh";2040;"0.02";"Current policies";"Electricity"
"OPEX";"Charging Infrastructure";"NL";"MCS Station (Public Charging) - Incl. Overhead";"Tractor-Trailer";"PROG";"EUR/kWh";2040;"0.02";"Current policies";"Electricity"
"OPEX";"Charging Infrastructure";"PL";"MCS Station (Public Charging) - Incl. Overhead";"Rigid";"PROG";"EUR/kWh";2040;"0.02";"Current policies";"Electricity"
"OPEX";"Charging Infrastructure";"PL";"MCS Station (Public Charging) - Incl. Overhead";"Tractor-Trailer";"PROG";"EUR/kWh";2040;"0.02";"Current policies";"Electricity"
"OPEX";"Charging Infrastructure";"UK";"MCS Station (Public Charging) - Incl. Overhead";"Rigid";"PROG";"EUR/kWh";2040;"0.02";"Current policies";"Electricity"
"OPEX";"Charging Infrastructure";"UK";"MCS Station (Public Charging) - Incl. Overhead";"Tractor-Trailer";"PROG";"EUR/kWh";2040;"0.02";"Current policies";"Electricity"
"OPEX";"Charging Infrastructure";"DE";"Share MCS-Charging";"Rigid";"PROG";"%";2040;"0.2";"Current policies";"Electricity"
"OPEX";"Charging Infrastructure";"DE";"Share MCS-Charging";"Tractor-Trailer";"PROG";"%";2040;"0.2";"Current policies";"Electricity"
"OPEX";"Charging Infrastructure";"ES";"Share MCS-Charging";"Rigid";"PROG";"%";2040;"0.2";"Current policies";"Electricity"
"OPEX";"Charging Infrastructure";"ES";"Share MCS-Charging";"Tractor-Trailer";"PROG";"%";2040;"0.2";"Current policies";"Electricity"
"OPEX";"Charging Infrastructure";"FR";"Share MCS-Charging";"Rigid";"PROG";"%";2040;"0.2";"Current policies";"Electricity"
"OPEX";"Charging Infrastructure";"FR";"Share MCS-Charging";"Tractor-Trailer";"PROG";"%";2040;"0.2";"Current policies";"Electricity"
"OPEX";"Charging Infrastructure";"IT";"Share MCS-Charging";"Rigid";"PROG";"%";2040;"0.2";"Current policies";"Electricity"
"OPEX";"Charging Infrastructure";"IT";"Share MCS-Charging";"Tractor-Trailer";"PROG";"%";2040;"0.2";"Current policies";"Electricity"
"OPEX";"Charging Infrastructure";"NL";"Share MCS-Charging";"Rigid";"PROG";"%";2040;"0.2";"Current policies";"Electricity"
"OPEX";"Charging Infrastructure";"NL";"Share MCS-Charging";"Tractor-Trailer";"PROG";"%";2040;"0.2";"Current policies";"Electricity"
"OPEX";"Charging Infrastructure";"PL";"Share MCS-Charging";"Rigid";"PROG";"%";2040;"0.2";"Current policies";"Electricity"
"OPEX";"Charging Infrastructure";"PL";"Share MCS-Charging";"Tractor-Trailer";"PROG";"%";2040;"0.2";"Current policies";"Electricity"
"OPEX";"Charging Infrastructure";"UK";"Share MCS-Charging";"Rigid";"PROG";"%";2040;"0.2";"Current policies";"Electricity"
"OPEX";"Charging Infrastructure";"UK";"Share MCS-Charging";"Tractor-Trailer";"PROG";"%";2040;"0.2";"Current policies";"Electricity"
"OPEX";"Charging Infrastructure";"DE";"Depot - Network fees savings potential";"Rigid";"PROG";"EUR/kWh";2040;"-0.01";"Current policies";"Electricity"
"OPEX";"Charging Infrastructure";"DE";"Depot - Network fees savings potential";"Tractor-Trailer";"PROG";"EUR/kWh";2040;"-0.01";"Current policies";"Electricity"
"OPEX";"Charging Infrastructure";"ES";"Depot - Network fees savings potential";"Rigid";"PROG";"EUR/kWh";2040;"-0.01";"Current policies";"Electricity"
"OPEX";"Charging Infrastructure";"ES";"Depot - Network fees savings potential";"Tractor-Trailer";"PROG";"EUR/kWh";2040;"-0.01";"Current policies";"Electricity"
"OPEX";"Charging Infrastructure";"FR";"Depot - Network fees savings potential";"Rigid";"PROG";"EUR/kWh";2040;"-0.01";"Current policies";"Electricity"
"OPEX";"Charging Infrastructure";"FR";"Depot - Network fees savings potential";"Tractor-Trailer";"PROG";"EUR/kWh";2040;"-0.01";"Current policies";"Electricity"
"OPEX";"Charging Infrastructure";"IT";"Depot - Network fees savings potential";"Rigid";"PROG";"EUR/kWh";2040;"-0.01";"Current policies";"Electricity"
"OPEX";"Charging Infrastructure";"IT";"Depot - Network fees savings potential";"Tractor-Trailer";"PROG";"EUR/kWh";2040;"-0.01";"Current policies";"Electricity"
"OPEX";"Charging Infrastructure";"NL";"Depot - Network fees savings potential";"Rigid";"PROG";"EUR/kWh";2040;"-0.01";"Current policies";"Electricity"
"OPEX";"Charging Infrastructure";"NL";"Depot - Network fees savings potential";"Tractor-Trailer";"PROG";"EUR/kWh";2040;"-0.01";"Current policies";"Electricity"
"OPEX";"Charging Infrastructure";"PL";"Depot - Network fees savings potential";"Rigid";"PROG";"EUR/kWh";2040;"-0.01";"Current policies";"Electricity"
"OPEX";"Charging Infrastructure";"PL";"Depot - Network fees savings potential";"Tractor-Trailer";"PROG";"EUR/kWh";2040;"-0.01";"Current policies";"Electricity"
"OPEX";"Charging Infrastructure";"UK";"Depot - Network fees savings potential";"Rigid";"PROG";"EUR/kWh";2040;"-0.01";"Current policies";"Electricity"
"OPEX";"Charging Infrastructure";"UK";"Depot - Network fees savings potential";"Tractor-Trailer";"PROG";"EUR/kWh";2040;"-0.01";"Current policies";"Electricity"
"OPEX";"Taxes";"DE";"Tax reduction";"Rigid";"PROG";"%";2040;"0";"Current policies";"Hydrogen"
"OPEX";"Taxes";"DE";"Tax reduction";"Tractor-Trailer";"PROG";"%";2040;"0";"Current policies";"Hydrogen"
"OPEX";"Taxes";"ES";"Tax reduction";"Rigid";"PROG";"%";2040;"0";"Current policies";"Hydrogen"
"OPEX";"Taxes";"ES";"Tax reduction";"Tractor-Trailer";"PROG";"%";2040;"0";"Current policies";"Hydrogen"
"OPEX";"Taxes";"FR";"Tax reduction";"Rigid";"PROG";"%";2040;"0";"Current policies";"Hydrogen"
"OPEX";"Taxes";"FR";"Tax reduction";"Tractor-Trailer";"PROG";"%";2040;"0";"Current policies";"Hydrogen"
"OPEX";"Taxes";"IT";"Tax reduction";"Rigid";"PROG";"%";2040;"0";"Current policies";"Hydrogen"
"OPEX";"Taxes";"IT";"Tax reduction";"Tractor-Trailer";"PROG";"%";2040;"0";"Current policies";"Hydrogen"
"OPEX";"Taxes";"NL";"Tax reduction";"Rigid";"PROG";"%";2040;"0";"Current policies";"Hydrogen"
"OPEX";"Taxes";"NL";"Tax reduction";"Tractor-Trailer";"PROG";"%";2040;"0";"Current policies";"Hydrogen"
"OPEX";"Taxes";"PL";"Tax reduction";"Rigid";"PROG";"%";2040;"0";"Current policies";"Hydrogen"
"OPEX";"Taxes";"PL";"Tax reduction";"Tractor-Trailer";"PROG";"%";2040;"0";"Current policies";"Hydrogen"
"OPEX";"Taxes";"UK";"Tax reduction";"Rigid";"PROG";"%";2040;"0";"Current policies";"Hydrogen"
"OPEX";"Taxes";"UK";"Tax reduction";"Tractor-Trailer";"PROG";"%";2040;"0";"Current policies";"Hydrogen"
"OPEX";"Taxes";"DE";"Excise Duty - Diesel";"Rigid";"BAU";"EUR/kWh";2040;"0.047";"Current policies";"Diesel"
"OPEX";"Taxes";"DE";"Excise Duty - Diesel";"Tractor-Trailer";"BAU";"EUR/kWh";2040;"0.047";"Current policies";"Diesel"
"OPEX";"Taxes";"DE";"Excise Duty - Diesel";"Rigid";"PROG";"EUR/kWh";2040;"0.047";"Current policies";"Diesel"
"OPEX";"Taxes";"DE";"Excise Duty - Diesel";"Tractor-Trailer";"PROG";"EUR/kWh";2040;"0.047";"Current policies";"Diesel"
"OPEX";"Taxes";"ES";"Excise Duty - Diesel";"Rigid";"BAU";"EUR/kWh";2040;"0.038";"Current policies";"Diesel"
"OPEX";"Taxes";"ES";"Excise Duty - Diesel";"Tractor-Trailer";"BAU";"EUR/kWh";2040;"0.038";"Current policies";"Diesel"
"OPEX";"Taxes";"ES";"Excise Duty - Diesel";"Rigid";"PROG";"EUR/kWh";2040;"0.038";"Current policies";"Diesel"
"OPEX";"Taxes";"ES";"Excise Duty - Diesel";"Tractor-Trailer";"PROG";"EUR/kWh";2040;"0.038";"Current policies";"Diesel"
"OPEX";"Taxes";"FR";"Excise Duty - Diesel";"Rigid";"BAU";"EUR/kWh";2040;"0.06";"Current policies";"Diesel"
"OPEX";"Taxes";"FR";"Excise Duty - Diesel";"Tractor-Trailer";"BAU";"EUR/kWh";2040;"0.06";"Current policies";"Diesel"
"OPEX";"Taxes";"FR";"Excise Duty - Diesel";"Rigid";"PROG";"EUR/kWh";2040;"0.06";"Current policies";"Diesel"
"OPEX";"Taxes";"FR";"Excise Duty - Diesel";"Tractor-Trailer";"PROG";"EUR/kWh";2040;"0.06";"Current policies";"Diesel"
"OPEX";"Taxes";"IT";"Excise Duty - Diesel";"Rigid";"BAU";"EUR/kWh";2040;"0.062";"Current policies";"Diesel"
"OPEX";"Taxes";"IT";"Excise Duty - Diesel";"Tractor-Trailer";"BAU";"EUR/kWh";2040;"0.062";"Current policies";"Diesel"
"OPEX";"Taxes";"IT";"Excise Duty - Diesel";"Rigid";"PROG";"EUR/kWh";2040;"0.062";"Current policies";"Diesel"
"OPEX";"Taxes";"IT";"Excise Duty - Diesel";"Tractor-Trailer";"PROG";"EUR/kWh";2040;"0.062";"Current policies";"Diesel"
"OPEX";"Taxes";"NL";"Excise Duty - Diesel";"Rigid";"BAU";"EUR/kWh";2040;"0.053";"Current policies";"Diesel"
"OPEX";"Taxes";"NL";"Excise Duty - Diesel";"Tractor-Trailer";"BAU";"EUR/kWh";2040;"0.053";"Current policies";"Diesel"
"OPEX";"Taxes";"NL";"Excise Duty - Diesel";"Rigid";"PROG";"EUR/kWh";2040;"0.053";"Current policies";"Diesel"
"OPEX";"Taxes";"NL";"Excise Duty - Diesel";"Tractor-Trailer";"PROG";"EUR/kWh";2040;"0.053";"Current policies";"Diesel"
"OPEX";"Taxes";"PL";"Excise Duty - Diesel";"Rigid";"BAU";"EUR/kWh";2040;"0.033";"Current policies";"Diesel"
"OPEX";"Taxes";"PL";"Excise Duty - Diesel";"Tractor-Trailer";"BAU";"EUR/kWh";2040;"0.033";"Current policies";"Diesel"
"OPEX";"Taxes";"PL";"Excise Duty - Diesel";"Rigid";"PROG";"EUR/kWh";2040;"0.033";"Current policies";"Diesel"
"OPEX";"Taxes";"PL";"Excise Duty - Diesel";"Tractor-Trailer";"PROG";"EUR/kWh";2040;"0.033";"Current policies";"Diesel"
"OPEX";"Taxes";"UK";"Excise Duty - Diesel";"Rigid";"BAU";"EUR/kWh";2040;"0.053";"Current policies";"Diesel"
"OPEX";"Taxes";"UK";"Excise Duty - Diesel";"Tractor-Trailer";"BAU";"EUR/kWh";2040;"0.053";"Current policies";"Diesel"
"OPEX";"Taxes";"UK";"Excise Duty - Diesel";"Rigid";"PROG";"EUR/kWh";2040;"0.053";"Current policies";"Diesel"
"OPEX";"Taxes";"UK";"Excise Duty - Diesel";"Tractor-Trailer";"PROG";"EUR/kWh";2040;"0.053";"Current policies";"Diesel"
"OPEX";"Taxes";"DE";"Excise Duty - Reduction biodiesel";"Rigid";"BAU";"%";2040;"0.5";"Current policies";"Diesel"
"OPEX";"Taxes";"DE";"Excise Duty - Reduction biodiesel";"Tractor-Trailer";"BAU";"%";2040;"0.5";"Current policies";"Diesel"
"OPEX";"Taxes";"DE";"Excise Duty - Reduction biodiesel";"Rigid";"PROG";"%";2040;"0.5";"Current policies";"Diesel"
"OPEX";"Taxes";"DE";"Excise Duty - Reduction biodiesel";"Tractor-Trailer";"PROG";"%";2040;"0.5";"Current policies";"Diesel"
"OPEX";"Taxes";"ES";"Excise Duty - Reduction biodiesel";"Rigid";"BAU";"%";2040;"0.5";"Current policies";"Diesel"
"OPEX";"Taxes";"ES";"Excise Duty - Reduction biodiesel";"Tractor-Trailer";"BAU";"%";2040;"0.5";"Current policies";"Diesel"
"OPEX";"Taxes";"ES";"Excise Duty - Reduction biodiesel";"Rigid";"PROG";"%";2040;"0.5";"Current policies";"Diesel"
"OPEX";"Taxes";"ES";"Excise Duty - Reduction biodiesel";"Tractor-Trailer";"PROG";"%";2040;"0.5";"Current policies";"Diesel"
"OPEX";"Taxes";"FR";"Excise Duty - Reduction biodiesel";"Rigid";"BAU";"%";2040;"0.5";"Current policies";"Diesel"
"OPEX";"Taxes";"FR";"Excise Duty - Reduction biodiesel";"Tractor-Trailer";"BAU";"%";2040;"0.5";"Current policies";"Diesel"
"OPEX";"Taxes";"FR";"Excise Duty - Reduction biodiesel";"Rigid";"PROG";"%";2040;"0.5";"Current policies";"Diesel"
"OPEX";"Taxes";"FR";"Excise Duty - Reduction biodiesel";"Tractor-Trailer";"PROG";"%";2040;"0.5";"Current policies";"Diesel"
"OPEX";"Taxes";"IT";"Excise Duty - Reduction biodiesel";"Rigid";"BAU";"%";2040;"0.5";"Current policies";"Diesel"
"OPEX";"Taxes";"IT";"Excise Duty - Reduction biodiesel";"Tractor-Trailer";"BAU";"%";2040;"0.5";"Current policies";"Diesel"
"OPEX";"Taxes";"IT";"Excise Duty - Reduction biodiesel";"Rigid";"PROG";"%";2040;"0.5";"Current policies";"Diesel"
"OPEX";"Taxes";"IT";"Excise Duty - Reduction biodiesel";"Tractor-Trailer";"PROG";"%";2040;"0.5";"Current policies";"Diesel"
"OPEX";"Taxes";"NL";"Excise Duty - Reduction biodiesel";"Rigid";"BAU";"%";2040;"0.5";"Current policies";"Diesel"
"OPEX";"Taxes";"NL";"Excise Duty - Reduction biodiesel";"Tractor-Trailer";"BAU";"%";2040;"0.5";"Current policies";"Diesel"
"OPEX";"Taxes";"NL";"Excise Duty - Reduction biodiesel";"Rigid";"PROG";"%";2040;"0.5";"Current policies";"Diesel"
"OPEX";"Taxes";"NL";"Excise Duty - Reduction biodiesel";"Tractor-Trailer";"PROG";"%";2040;"0.5";"Current policies";"Diesel"
"OPEX";"Taxes";"PL";"Excise Duty - Reduction biodiesel";"Rigid";"BAU";"%";2040;"0.5";"Current policies";"Diesel"
"OPEX";"Taxes";"PL";"Excise Duty - Reduction biodiesel";"Tractor-Trailer";"BAU";"%";2040;"0.5";"Current policies";"Diesel"
"OPEX";"Taxes";"PL";"Excise Duty - Reduction biodiesel";"Rigid";"PROG";"%";2040;"0.5";"Current policies";"Diesel"
"OPEX";"Taxes";"PL";"Excise Duty - Reduction biodiesel";"Tractor-Trailer";"PROG";"%";2040;"0.5";"Current policies";"Diesel"
"OPEX";"Taxes";"UK";"Excise Duty - Reduction biodiesel";"Rigid";"BAU";"%";2040;"0.5";"Current policies";"Diesel"
"OPEX";"Taxes";"UK";"Excise Duty - Reduction biodiesel";"Tractor-Trailer";"BAU";"%";2040;"0.5";"Current policies";"Diesel"
"OPEX";"Taxes";"UK";"Excise Duty - Reduction biodiesel";"Rigid";"PROG";"%";2040;"0.5";"Current policies";"Diesel"
"OPEX";"Taxes";"UK";"Excise Duty - Reduction biodiesel";"Tractor-Trailer";"PROG";"%";2040;"0.5";"Current policies";"Diesel"
"OPEX";"Taxes";"DE";"Excise Duty - Reduction Synthetic Diesel (E-Fuels)";"Rigid";"BAU";"%";2040;"0.5";"Current policies";"Diesel"
"OPEX";"Taxes";"DE";"Excise Duty - Reduction Synthetic Diesel (E-Fuels)";"Tractor-Trailer";"BAU";"%";2040;"0.5";"Current policies";"Diesel"
"OPEX";"Taxes";"DE";"Excise Duty - Reduction Synthetic Diesel (E-Fuels)";"Rigid";"PROG";"%";2040;"0.5";"Current policies";"Diesel"
"OPEX";"Taxes";"DE";"Excise Duty - Reduction Synthetic Diesel (E-Fuels)";"Tractor-Trailer";"PROG";"%";2040;"0.5";"Current policies";"Diesel"
"OPEX";"Taxes";"ES";"Excise Duty - Reduction Synthetic Diesel (E-Fuels)";"Rigid";"BAU";"%";2040;"0.5";"Current policies";"Diesel"
"OPEX";"Taxes";"ES";"Excise Duty - Reduction Synthetic Diesel (E-Fuels)";"Tractor-Trailer";"BAU";"%";2040;"0.5";"Current policies";"Diesel"
"OPEX";"Taxes";"ES";"Excise Duty - Reduction Synthetic Diesel (E-Fuels)";"Rigid";"PROG";"%";2040;"0.5";"Current policies";"Diesel"
"OPEX";"Taxes";"ES";"Excise Duty - Reduction Synthetic Diesel (E-Fuels)";"Tractor-Trailer";"PROG";"%";2040;"0.5";"Current policies";"Diesel"
"OPEX";"Taxes";"FR";"Excise Duty - Reduction Synthetic Diesel (E-Fuels)";"Rigid";"BAU";"%";2040;"0.5";"Current policies";"Diesel"
"OPEX";"Taxes";"FR";"Excise Duty - Reduction Synthetic Diesel (E-Fuels)";"Tractor-Trailer";"BAU";"%";2040;"0.5";"Current policies";"Diesel"
"OPEX";"Taxes";"FR";"Excise Duty - Reduction Synthetic Diesel (E-Fuels)";"Rigid";"PROG";"%";2040;"0.5";"Current policies";"Diesel"
"OPEX";"Taxes";"FR";"Excise Duty - Reduction Synthetic Diesel (E-Fuels)";"Tractor-Trailer";"PROG";"%";2040;"0.5";"Current policies";"Diesel"
"OPEX";"Taxes";"IT";"Excise Duty - Reduction Synthetic Diesel (E-Fuels)";"Rigid";"BAU";"%";2040;"0.5";"Current policies";"Diesel"
"OPEX";"Taxes";"IT";"Excise Duty - Reduction Synthetic Diesel (E-Fuels)";"Tractor-Trailer";"BAU";"%";2040;"0.5";"Current policies";"Diesel"
"OPEX";"Taxes";"IT";"Excise Duty - Reduction Synthetic Diesel (E-Fuels)";"Rigid";"PROG";"%";2040;"0.5";"Current policies";"Diesel"
"OPEX";"Taxes";"IT";"Excise Duty - Reduction Synthetic Diesel (E-Fuels)";"Tractor-Trailer";"PROG";"%";2040;"0.5";"Current policies";"Diesel"
"OPEX";"Taxes";"NL";"Excise Duty - Reduction Synthetic Diesel (E-Fuels)";"Rigid";"BAU";"%";2040;"0.5";"Current policies";"Diesel"
"OPEX";"Taxes";"NL";"Excise Duty - Reduction Synthetic Diesel (E-Fuels)";"Tractor-Trailer";"BAU";"%";2040;"0.5";"Current policies";"Diesel"
"OPEX";"Taxes";"NL";"Excise Duty - Reduction Synthetic Diesel (E-Fuels)";"Rigid";"PROG";"%";2040;"0.5";"Current policies";"Diesel"
"OPEX";"Taxes";"NL";"Excise Duty - Reduction Synthetic Diesel (E-Fuels)";"Tractor-Trailer";"PROG";"%";2040;"0.5";"Current policies";"Diesel"
"OPEX";"Taxes";"PL";"Excise Duty - Reduction Synthetic Diesel (E-Fuels)";"Rigid";"BAU";"%";2040;"0.5";"Current policies";"Diesel"
"OPEX";"Taxes";"PL";"Excise Duty - Reduction Synthetic Diesel (E-Fuels)";"Tractor-Trailer";"BAU";"%";2040;"0.5";"Current policies";"Diesel"
"OPEX";"Taxes";"PL";"Excise Duty - Reduction Synthetic Diesel (E-Fuels)";"Rigid";"PROG";"%";2040;"0.5";"Current policies";"Diesel"
"OPEX";"Taxes";"PL";"Excise Duty - Reduction Synthetic Diesel (E-Fuels)";"Tractor-Trailer";"PROG";"%";2040;"0.5";"Current policies";"Diesel"
"OPEX";"Taxes";"UK";"Excise Duty - Reduction Synthetic Diesel (E-Fuels)";"Rigid";"BAU";"%";2040;"0.5";"Current policies";"Diesel"
"OPEX";"Taxes";"UK";"Excise Duty - Reduction Synthetic Diesel (E-Fuels)";"Tractor-Trailer";"BAU";"%";2040;"0.5";"Current policies";"Diesel"
"OPEX";"Taxes";"UK";"Excise Duty - Reduction Synthetic Diesel (E-Fuels)";"Rigid";"PROG";"%";2040;"0.5";"Current policies";"Diesel"
"OPEX";"Taxes";"UK";"Excise Duty - Reduction Synthetic Diesel (E-Fuels)";"Tractor-Trailer";"PROG";"%";2040;"0.5";"Current policies";"Diesel"
"OPEX";"Taxes";"DE";"Taxes, Fees, Levies and charges - H2";"Rigid";"BAU";"EUR/kWh";2040;"0.015";"Current policies";"Hydrogen"
"OPEX";"Taxes";"DE";"Taxes, Fees, Levies and charges - H2";"Tractor-Trailer";"BAU";"EUR/kWh";2040;"0.015";"Current policies";"Hydrogen"
"OPEX";"Taxes";"DE";"Taxes, Fees, Levies and charges - H2";"Rigid";"PROG";"EUR/kWh";2040;"0.015";"Current policies";"Hydrogen"
"OPEX";"Taxes";"DE";"Taxes, Fees, Levies and charges - H2";"Tractor-Trailer";"PROG";"EUR/kWh";2040;"0.015";"Current policies";"Hydrogen"
"OPEX";"Taxes";"ES";"Taxes, Fees, Levies and charges - H2";"Rigid";"BAU";"EUR/kWh";2040;"0.008";"Current policies";"Hydrogen"
"OPEX";"Taxes";"ES";"Taxes, Fees, Levies and charges - H2";"Tractor-Trailer";"BAU";"EUR/kWh";2040;"0.008";"Current policies";"Hydrogen"
"OPEX";"Taxes";"ES";"Taxes, Fees, Levies and charges - H2";"Rigid";"PROG";"EUR/kWh";2040;"0.008";"Current policies";"Hydrogen"
"OPEX";"Taxes";"ES";"Taxes, Fees, Levies and charges - H2";"Tractor-Trailer";"PROG";"EUR/kWh";2040;"0.008";"Current policies";"Hydrogen"
"OPEX";"Taxes";"FR";"Taxes, Fees, Levies and charges - H2";"Rigid";"BAU";"EUR/kWh";2040;"0.012";"Current policies";"Hydrogen"
"OPEX";"Taxes";"FR";"Taxes, Fees, Levies and charges - H2";"Tractor-Trailer";"BAU";"EUR/kWh";2040;"0.012";"Current policies";"Hydrogen"
"OPEX";"Taxes";"FR";"Taxes, Fees, Levies and charges - H2";"Rigid";"PROG";"EUR/kWh";2040;"0.012";"Current policies";"Hydrogen"
"OPEX";"Taxes";"FR";"Taxes, Fees, Levies and charges - H2";"Tractor-Trailer";"PROG";"EUR/kWh";2040;"0.012";"Current policies";"Hydrogen"
"OPEX";"Taxes";"IT";"Taxes, Fees, Levies and charges - H2";"Rigid";"BAU";"EUR/kWh";2040;"0.009";"Current policies";"Hydrogen"
"OPEX";"Taxes";"IT";"Taxes, Fees, Levies and charges - H2";"Tractor-Trailer";"BAU";"EUR/kWh";2040;"0.009";"Current policies";"Hydrogen"
"OPEX";"Taxes";"IT";"Taxes, Fees, Levies and charges - H2";"Rigid";"PROG";"EUR/kWh";2040;"0.009";"Current policies";"Hydrogen"
"OPEX";"Taxes";"IT";"Taxes, Fees, Levies and charges - H2";"Tractor-Trailer";"PROG";"EUR/kWh";2040;"0.009";"Current policies";"Hydrogen"
"OPEX";"Taxes";"NL";"Taxes, Fees, Levies and charges - H2";"Rigid";"BAU";"EUR/kWh";2040;"0.024";"Current policies";"Hydrogen"
"OPEX";"Taxes";"NL";"Taxes, Fees, Levies and charges - H2";"Tractor-Trailer";"BAU";"EUR/kWh";2040;"0.024";"Current policies";"Hydrogen"
"OPEX";"Taxes";"NL";"Taxes, Fees, Levies and charges - H2";"Rigid";"PROG";"EUR/kWh";2040;"0.024";"Current policies";"Hydrogen"
"OPEX";"Taxes";"NL";"Taxes, Fees, Levies and charges - H2";"Tractor-Trailer";"PROG";"EUR/kWh";2040;"0.024";"Current policies";"Hydrogen"
"OPEX";"Taxes";"PL";"Taxes, Fees, Levies and charges - H2";"Rigid";"BAU";"EUR/kWh";2040;"0.009";"Current policies";"Hydrogen"
"OPEX";"Taxes";"PL";"Taxes, Fees, Levies and charges - H2";"Tractor-Trailer";"BAU";"EUR/kWh";2040;"0.009";"Current policies";"Hydrogen"
"OPEX";"Taxes";"PL";"Taxes, Fees, Levies and charges - H2";"Rigid";"PROG";"EUR/kWh";2040;"0.009";"Current policies";"Hydrogen"
"OPEX";"Taxes";"PL";"Taxes, Fees, Levies and charges - H2";"Tractor-Trailer";"PROG";"EUR/kWh";2040;"0.009";"Current policies";"Hydrogen"
"OPEX";"Taxes";"UK";"Taxes, Fees, Levies and charges - H2";"Rigid";"BAU";"EUR/kWh";2040;"0.006";"Current policies";"Hydrogen"
"OPEX";"Taxes";"UK";"Taxes, Fees, Levies and charges - H2";"Tractor-Trailer";"BAU";"EUR/kWh";2040;"0.006";"Current policies";"Hydrogen"
"OPEX";"Taxes";"UK";"Taxes, Fees, Levies and charges - H2";"Rigid";"PROG";"EUR/kWh";2040;"0.006";"Current policies";"Hydrogen"
"OPEX";"Taxes";"UK";"Taxes, Fees, Levies and charges - H2";"Tractor-Trailer";"PROG";"EUR/kWh";2040;"0.006";"Current policies";"Hydrogen"
"OPEX";"Charging Infrastructure";"DE";"MCS grid extension";"Rigid";"PROG";"EUR/kWh";2040;"0.055";"Current policies";"Electricity"
"OPEX";"Charging Infrastructure";"DE";"MCS grid extension";"Tractor-Trailer";"PROG";"EUR/kWh";2040;"0.055";"Current policies";"Electricity"
"OPEX";"Charging Infrastructure";"DE";"MCS grid extension";"Rigid";"BAU";"EUR/kWh";2040;"0.055";"Current policies";"Electricity"
"OPEX";"Charging Infrastructure";"DE";"MCS grid extension";"Tractor-Trailer";"BAU";"EUR/kWh";2040;"0.055";"Current policies";"Electricity"
"OPEX";"Charging Infrastructure";"ES";"MCS grid extension";"Rigid";"PROG";"EUR/kWh";2040;"0.055";"Current policies";"Electricity"
"OPEX";"Charging Infrastructure";"ES";"MCS grid extension";"Tractor-Trailer";"PROG";"EUR/kWh";2040;"0.055";"Current policies";"Electricity"
"OPEX";"Charging Infrastructure";"ES";"MCS grid extension";"Rigid";"BAU";"EUR/kWh";2040;"0.055";"Current policies";"Electricity"
"OPEX";"Charging Infrastructure";"ES";"MCS grid extension";"Tractor-Trailer";"BAU";"EUR/kWh";2040;"0.055";"Current policies";"Electricity"
"OPEX";"Charging Infrastructure";"FR";"MCS grid extension";"Rigid";"PROG";"EUR/kWh";2040;"0.055";"Current policies";"Electricity"
"OPEX";"Charging Infrastructure";"FR";"MCS grid extension";"Tractor-Trailer";"PROG";"EUR/kWh";2040;"0.055";"Current policies";"Electricity"
"OPEX";"Charging Infrastructure";"FR";"MCS grid extension";"Rigid";"BAU";"EUR/kWh";2040;"0.055";"Current policies";"Electricity"
"OPEX";"Charging Infrastructure";"FR";"MCS grid extension";"Tractor-Trailer";"BAU";"EUR/kWh";2040;"0.055";"Current policies";"Electricity"
"OPEX";"Charging Infrastructure";"IT";"MCS grid extension";"Rigid";"PROG";"EUR/kWh";2040;"0.055";"Current policies";"Electricity"
"OPEX";"Charging Infrastructure";"IT";"MCS grid extension";"Tractor-Trailer";"PROG";"EUR/kWh";2040;"0.055";"Current policies";"Electricity"
"OPEX";"Charging Infrastructure";"IT";"MCS grid extension";"Rigid";"BAU";"EUR/kWh";2040;"0.055";"Current policies";"Electricity"
"OPEX";"Charging Infrastructure";"IT";"MCS grid extension";"Tractor-Trailer";"BAU";"EUR/kWh";2040;"0.055";"Current policies";"Electricity"
"OPEX";"Charging Infrastructure";"NL";"MCS grid extension";"Rigid";"PROG";"EUR/kWh";2040;"0.055";"Current policies";"Electricity"
"OPEX";"Charging Infrastructure";"NL";"MCS grid extension";"Tractor-Trailer";"PROG";"EUR/kWh";2040;"0.055";"Current policies";"Electricity"
"OPEX";"Charging Infrastructure";"NL";"MCS grid extension";"Rigid";"BAU";"EUR/kWh";2040;"0.055";"Current policies";"Electricity"
"OPEX";"Charging Infrastructure";"NL";"MCS grid extension";"Tractor-Trailer";"BAU";"EUR/kWh";2040;"0.055";"Current policies";"Electricity"
"OPEX";"Charging Infrastructure";"PL";"MCS grid extension";"Rigid";"PROG";"EUR/kWh";2040;"0.055";"Current policies";"Electricity"
"OPEX";"Charging Infrastructure";"PL";"MCS grid extension";"Tractor-Trailer";"PROG";"EUR/kWh";2040;"0.055";"Current policies";"Electricity"
"OPEX";"Charging Infrastructure";"PL";"MCS grid extension";"Rigid";"BAU";"EUR/kWh";2040;"0.055";"Current policies";"Electricity"
"OPEX";"Charging Infrastructure";"PL";"MCS grid extension";"Tractor-Trailer";"BAU";"EUR/kWh";2040;"0.055";"Current policies";"Electricity"
"OPEX";"Charging Infrastructure";"UK";"MCS grid extension";"Rigid";"PROG";"EUR/kWh";2040;"0.055";"Current policies";"Electricity"
"OPEX";"Charging Infrastructure";"UK";"MCS grid extension";"Tractor-Trailer";"PROG";"EUR/kWh";2040;"0.055";"Current policies";"Electricity"
"OPEX";"Charging Infrastructure";"UK";"MCS grid extension";"Rigid";"BAU";"EUR/kWh";2040;"0.055";"Current policies";"Electricity"
"OPEX";"Charging Infrastructure";"UK";"MCS grid extension";"Tractor-Trailer";"BAU";"EUR/kWh";2040;"0.055";"Current policies";"Electricity"
"OPEX";"Charging Infrastructure";"DE";"MCS Profit and Mark-Up";"Rigid";"PROG";"%";2040;"0.1";"Current policies";"Electricity"
"OPEX";"Charging Infrastructure";"DE";"MCS Profit and Mark-Up";"Tractor-Trailer";"PROG";"%";2040;"0.1";"Current policies";"Electricity"
"OPEX";"Charging Infrastructure";"DE";"MCS Profit and Mark-Up";"Rigid";"BAU";"%";2040;"0.1";"Current policies";"Electricity"
"OPEX";"Charging Infrastructure";"DE";"MCS Profit and Mark-Up";"Tractor-Trailer";"BAU";"%";2040;"0.1";"Current policies";"Electricity"
"OPEX";"Charging Infrastructure";"ES";"MCS Profit and Mark-Up";"Rigid";"PROG";"%";2040;"0.1";"Current policies";"Electricity"
"OPEX";"Charging Infrastructure";"ES";"MCS Profit and Mark-Up";"Tractor-Trailer";"PROG";"%";2040;"0.1";"Current policies";"Electricity"
"OPEX";"Charging Infrastructure";"ES";"MCS Profit and Mark-Up";"Rigid";"BAU";"%";2040;"0.1";"Current policies";"Electricity"
"OPEX";"Charging Infrastructure";"ES";"MCS Profit and Mark-Up";"Tractor-Trailer";"BAU";"%";2040;"0.1";"Current policies";"Electricity"
"OPEX";"Charging Infrastructure";"FR";"MCS Profit and Mark-Up";"Rigid";"PROG";"%";2040;"0.1";"Current policies";"Electricity"
"OPEX";"Charging Infrastructure";"FR";"MCS Profit and Mark-Up";"Tractor-Trailer";"PROG";"%";2040;"0.1";"Current policies";"Electricity"
"OPEX";"Charging Infrastructure";"FR";"MCS Profit and Mark-Up";"Rigid";"BAU";"%";2040;"0.1";"Current policies";"Electricity"
"OPEX";"Charging Infrastructure";"FR";"MCS Profit and Mark-Up";"Tractor-Trailer";"BAU";"%";2040;"0.1";"Current policies";"Electricity"
"OPEX";"Charging Infrastructure";"IT";"MCS Profit and Mark-Up";"Rigid";"PROG";"%";2040;"0.1";"Current policies";"Electricity"
"OPEX";"Charging Infrastructure";"IT";"MCS Profit and Mark-Up";"Tractor-Trailer";"PROG";"%";2040;"0.1";"Current policies";"Electricity"
"OPEX";"Charging Infrastructure";"IT";"MCS Profit and Mark-Up";"Rigid";"BAU";"%";2040;"0.1";"Current policies";"Electricity"
"OPEX";"Charging Infrastructure";"IT";"MCS Profit and Mark-Up";"Tractor-Trailer";"BAU";"%";2040;"0.1";"Current policies";"Electricity"
"OPEX";"Charging Infrastructure";"NL";"MCS Profit and Mark-Up";"Rigid";"PROG";"%";2040;"0.1";"Current policies";"Electricity"
"OPEX";"Charging Infrastructure";"NL";"MCS Profit and Mark-Up";"Tractor-Trailer";"PROG";"%";2040;"0.1";"Current policies";"Electricity"
"OPEX";"Charging Infrastructure";"NL";"MCS Profit and Mark-Up";"Rigid";"BAU";"%";2040;"0.1";"Current policies";"Electricity"
"OPEX";"Charging Infrastructure";"NL";"MCS Profit and Mark-Up";"Tractor-Trailer";"BAU";"%";2040;"0.1";"Current policies";"Electricity"
"OPEX";"Charging Infrastructure";"PL";"MCS Profit and Mark-Up";"Rigid";"PROG";"%";2040;"0.1";"Current policies";"Electricity"
"OPEX";"Charging Infrastructure";"PL";"MCS Profit and Mark-Up";"Tractor-Trailer";"PROG";"%";2040;"0.1";"Current policies";"Electricity"
"OPEX";"Charging Infrastructure";"PL";"MCS Profit and Mark-Up";"Rigid";"BAU";"%";2040;"0.1";"Current policies";"Electricity"
"OPEX";"Charging Infrastructure";"PL";"MCS Profit and Mark-Up";"Tractor-Trailer";"BAU";"%";2040;"0.1";"Current policies";"Electricity"
"OPEX";"Charging Infrastructure";"UK";"MCS Profit and Mark-Up";"Rigid";"PROG";"%";2040;"0.1";"Current policies";"Electricity"
"OPEX";"Charging Infrastructure";"UK";"MCS Profit and Mark-Up";"Tractor-Trailer";"PROG";"%";2040;"0.1";"Current policies";"Electricity"
"OPEX";"Charging Infrastructure";"UK";"MCS Profit and Mark-Up";"Rigid";"BAU";"%";2040;"0.1";"Current policies";"Electricity"
"OPEX";"Charging Infrastructure";"UK";"MCS Profit and Mark-Up";"Tractor-Trailer";"BAU";"%";2040;"0.1";"Current policies";"Electricity"
"OPEX";"Charging Infrastructure";"DE";"CCS Station (Depot) - Incl. Overhead";"Rigid";"PROG";"EUR/kWh";2040;"0.024";"Current policies";"Electricity"
"OPEX";"Charging Infrastructure";"DE";"CCS Station (Depot) - Incl. Overhead";"Tractor-Trailer";"PROG";"EUR/kWh";2040;"0.024";"Current policies";"Electricity"
"OPEX";"Charging Infrastructure";"DE";"CCS Station (Depot) - Incl. Overhead";"Rigid";"BAU";"EUR/kWh";2040;"0.024";"Current policies";"Electricity"
"OPEX";"Charging Infrastructure";"DE";"CCS Station (Depot) - Incl. Overhead";"Tractor-Trailer";"BAU";"EUR/kWh";2040;"0.024";"Current policies";"Electricity"
"OPEX";"Charging Infrastructure";"ES";"CCS Station (Depot) - Incl. Overhead";"Rigid";"PROG";"EUR/kWh";2040;"0.024";"Current policies";"Electricity"
"OPEX";"Charging Infrastructure";"ES";"CCS Station (Depot) - Incl. Overhead";"Tractor-Trailer";"PROG";"EUR/kWh";2040;"0.024";"Current policies";"Electricity"
"OPEX";"Charging Infrastructure";"ES";"CCS Station (Depot) - Incl. Overhead";"Rigid";"BAU";"EUR/kWh";2040;"0.024";"Current policies";"Electricity"
"OPEX";"Charging Infrastructure";"ES";"CCS Station (Depot) - Incl. Overhead";"Tractor-Trailer";"BAU";"EUR/kWh";2040;"0.024";"Current policies";"Electricity"
"OPEX";"Charging Infrastructure";"FR";"CCS Station (Depot) - Incl. Overhead";"Rigid";"PROG";"EUR/kWh";2040;"0.024";"Current policies";"Electricity"
"OPEX";"Charging Infrastructure";"FR";"CCS Station (Depot) - Incl. Overhead";"Tractor-Trailer";"PROG";"EUR/kWh";2040;"0.024";"Current policies";"Electricity"
"OPEX";"Charging Infrastructure";"FR";"CCS Station (Depot) - Incl. Overhead";"Rigid";"BAU";"EUR/kWh";2040;"0.024";"Current policies";"Electricity"
"OPEX";"Charging Infrastructure";"FR";"CCS Station (Depot) - Incl. Overhead";"Tractor-Trailer";"BAU";"EUR/kWh";2040;"0.024";"Current policies";"Electricity"
"OPEX";"Charging Infrastructure";"IT";"CCS Station (Depot) - Incl. Overhead";"Rigid";"PROG";"EUR/kWh";2040;"0.024";"Current policies";"Electricity"
"OPEX";"Charging Infrastructure";"IT";"CCS Station (Depot) - Incl. Overhead";"Tractor-Trailer";"PROG";"EUR/kWh";2040;"0.024";"Current policies";"Electricity"
"OPEX";"Charging Infrastructure";"IT";"CCS Station (Depot) - Incl. Overhead";"Rigid";"BAU";"EUR/kWh";2040;"0.024";"Current policies";"Electricity"
"OPEX";"Charging Infrastructure";"IT";"CCS Station (Depot) - Incl. Overhead";"Tractor-Trailer";"BAU";"EUR/kWh";2040;"0.024";"Current policies";"Electricity"
"OPEX";"Charging Infrastructure";"NL";"CCS Station (Depot) - Incl. Overhead";"Rigid";"PROG";"EUR/kWh";2040;"0.024";"Current policies";"Electricity"
"OPEX";"Charging Infrastructure";"NL";"CCS Station (Depot) - Incl. Overhead";"Tractor-Trailer";"PROG";"EUR/kWh";2040;"0.024";"Current policies";"Electricity"
"OPEX";"Charging Infrastructure";"NL";"CCS Station (Depot) - Incl. Overhead";"Rigid";"BAU";"EUR/kWh";2040;"0.024";"Current policies";"Electricity"
"OPEX";"Charging Infrastructure";"NL";"CCS Station (Depot) - Incl. Overhead";"Tractor-Trailer";"BAU";"EUR/kWh";2040;"0.024";"Current policies";"Electricity"
"OPEX";"Charging Infrastructure";"PL";"CCS Station (Depot) - Incl. Overhead";"Rigid";"PROG";"EUR/kWh";2040;"0.024";"Current policies";"Electricity"
"OPEX";"Charging Infrastructure";"PL";"CCS Station (Depot) - Incl. Overhead";"Tractor-Trailer";"PROG";"EUR/kWh";2040;"0.024";"Current policies";"Electricity"
"OPEX";"Charging Infrastructure";"PL";"CCS Station (Depot) - Incl. Overhead";"Rigid";"BAU";"EUR/kWh";2040;"0.024";"Current policies";"Electricity"
"OPEX";"Charging Infrastructure";"PL";"CCS Station (Depot) - Incl. Overhead";"Tractor-Trailer";"BAU";"EUR/kWh";2040;"0.024";"Current policies";"Electricity"
"OPEX";"Charging Infrastructure";"UK";"CCS Station (Depot) - Incl. Overhead";"Rigid";"PROG";"EUR/kWh";2040;"0.024";"Current policies";"Electricity"
"OPEX";"Charging Infrastructure";"UK";"CCS Station (Depot) - Incl. Overhead";"Tractor-Trailer";"PROG";"EUR/kWh";2040;"0.024";"Current policies";"Electricity"
"OPEX";"Charging Infrastructure";"UK";"CCS Station (Depot) - Incl. Overhead";"Rigid";"BAU";"EUR/kWh";2040;"0.024";"Current policies";"Electricity"
"OPEX";"Charging Infrastructure";"UK";"CCS Station (Depot) - Incl. Overhead";"Tractor-Trailer";"BAU";"EUR/kWh";2040;"0.024";"Current policies";"Electricity"
"OPEX";"Charging Infrastructure";"DE";"CCS grid extension";"Rigid";"PROG";"EUR/kWh";2040;"0.045";"Current policies";"Electricity"
"OPEX";"Charging Infrastructure";"DE";"CCS grid extension";"Tractor-Trailer";"PROG";"EUR/kWh";2040;"0.045";"Current policies";"Electricity"
"OPEX";"Charging Infrastructure";"DE";"CCS grid extension";"Rigid";"BAU";"EUR/kWh";2040;"0.045";"Current policies";"Electricity"
"OPEX";"Charging Infrastructure";"DE";"CCS grid extension";"Tractor-Trailer";"BAU";"EUR/kWh";2040;"0.045";"Current policies";"Electricity"
"OPEX";"Charging Infrastructure";"ES";"CCS grid extension";"Rigid";"PROG";"EUR/kWh";2040;"0.045";"Current policies";"Electricity"
"OPEX";"Charging Infrastructure";"ES";"CCS grid extension";"Tractor-Trailer";"PROG";"EUR/kWh";2040;"0.045";"Current policies";"Electricity"
"OPEX";"Charging Infrastructure";"ES";"CCS grid extension";"Rigid";"BAU";"EUR/kWh";2040;"0.045";"Current policies";"Electricity"
"OPEX";"Charging Infrastructure";"ES";"CCS grid extension";"Tractor-Trailer";"BAU";"EUR/kWh";2040;"0.045";"Current policies";"Electricity"
"OPEX";"Charging Infrastructure";"FR";"CCS grid extension";"Rigid";"PROG";"EUR/kWh";2040;"0.045";"Current policies";"Electricity"
"OPEX";"Charging Infrastructure";"FR";"CCS grid extension";"Tractor-Trailer";"PROG";"EUR/kWh";2040;"0.045";"Current policies";"Electricity"
"OPEX";"Charging Infrastructure";"FR";"CCS grid extension";"Rigid";"BAU";"EUR/kWh";2040;"0.045";"Current policies";"Electricity"
"OPEX";"Charging Infrastructure";"FR";"CCS grid extension";"Tractor-Trailer";"BAU";"EUR/kWh";2040;"0.045";"Current policies";"Electricity"
"OPEX";"Charging Infrastructure";"IT";"CCS grid extension";"Rigid";"PROG";"EUR/kWh";2040;"0.045";"Current policies";"Electricity"
"OPEX";"Charging Infrastructure";"IT";"CCS grid extension";"Tractor-Trailer";"PROG";"EUR/kWh";2040;"0.045";"Current policies";"Electricity"
"OPEX";"Charging Infrastructure";"IT";"CCS grid extension";"Rigid";"BAU";"EUR/kWh";2040;"0.045";"Current policies";"Electricity"
"OPEX";"Charging Infrastructure";"IT";"CCS grid extension";"Tractor-Trailer";"BAU";"EUR/kWh";2040;"0.045";"Current policies";"Electricity"
"OPEX";"Charging Infrastructure";"NL";"CCS grid extension";"Rigid";"PROG";"EUR/kWh";2040;"0.045";"Current policies";"Electricity"
"OPEX";"Charging Infrastructure";"NL";"CCS grid extension";"Tractor-Trailer";"PROG";"EUR/kWh";2040;"0.045";"Current policies";"Electricity"
"OPEX";"Charging Infrastructure";"NL";"CCS grid extension";"Rigid";"BAU";"EUR/kWh";2040;"0.045";"Current policies";"Electricity"
"OPEX";"Charging Infrastructure";"NL";"CCS grid extension";"Tractor-Trailer";"BAU";"EUR/kWh";2040;"0.045";"Current policies";"Electricity"
"OPEX";"Charging Infrastructure";"PL";"CCS grid extension";"Rigid";"PROG";"EUR/kWh";2040;"0.045";"Current policies";"Electricity"
"OPEX";"Charging Infrastructure";"PL";"CCS grid extension";"Tractor-Trailer";"PROG";"EUR/kWh";2040;"0.045";"Current policies";"Electricity"
"OPEX";"Charging Infrastructure";"PL";"CCS grid extension";"Rigid";"BAU";"EUR/kWh";2040;"0.045";"Current policies";"Electricity"
"OPEX";"Charging Infrastructure";"PL";"CCS grid extension";"Tractor-Trailer";"BAU";"EUR/kWh";2040;"0.045";"Current policies";"Electricity"
"OPEX";"Charging Infrastructure";"UK";"CCS grid extension";"Rigid";"PROG";"EUR/kWh";2040;"0.045";"Current policies";"Electricity"
"OPEX";"Charging Infrastructure";"UK";"CCS grid extension";"Tractor-Trailer";"PROG";"EUR/kWh";2040;"0.045";"Current policies";"Electricity"
"OPEX";"Charging Infrastructure";"UK";"CCS grid extension";"Rigid";"BAU";"EUR/kWh";2040;"0.045";"Current policies";"Electricity"
"OPEX";"Charging Infrastructure";"UK";"CCS grid extension";"Tractor-Trailer";"BAU";"EUR/kWh";2040;"0.045";"Current policies";"Electricity"
"OPEX";"Diesel Infrastructure";"DE";"Total Diesel Mark-Up";"Rigid";"BAU";"EUR/kWh";2040;"0.018";"Current policies";"Diesel"
"OPEX";"Diesel Infrastructure";"DE";"Total Diesel Mark-Up";"Tractor-Trailer";"BAU";"EUR/kWh";2040;"0.018";"Current policies";"Diesel"
"OPEX";"Diesel Infrastructure";"DE";"Total Diesel Mark-Up";"Rigid";"PROG";"EUR/kWh";2040;"0.018";"Current policies";"Diesel"
"OPEX";"Diesel Infrastructure";"DE";"Total Diesel Mark-Up";"Tractor-Trailer";"PROG";"EUR/kWh";2040;"0.018";"Current policies";"Diesel"
"OPEX";"Diesel Infrastructure";"ES";"Total Diesel Mark-Up";"Rigid";"BAU";"EUR/kWh";2040;"0.018";"Current policies";"Diesel"
"OPEX";"Diesel Infrastructure";"ES";"Total Diesel Mark-Up";"Tractor-Trailer";"BAU";"EUR/kWh";2040;"0.018";"Current policies";"Diesel"
"OPEX";"Diesel Infrastructure";"ES";"Total Diesel Mark-Up";"Rigid";"PROG";"EUR/kWh";2040;"0.018";"Current policies";"Diesel"
"OPEX";"Diesel Infrastructure";"ES";"Total Diesel Mark-Up";"Tractor-Trailer";"PROG";"EUR/kWh";2040;"0.018";"Current policies";"Diesel"
"OPEX";"Diesel Infrastructure";"FR";"Total Diesel Mark-Up";"Rigid";"BAU";"EUR/kWh";2040;"0.018";"Current policies";"Diesel"
"OPEX";"Diesel Infrastructure";"FR";"Total Diesel Mark-Up";"Tractor-Trailer";"BAU";"EUR/kWh";2040;"0.018";"Current policies";"Diesel"
"OPEX";"Diesel Infrastructure";"FR";"Total Diesel Mark-Up";"Rigid";"PROG";"EUR/kWh";2040;"0.018";"Current policies";"Diesel"
"OPEX";"Diesel Infrastructure";"FR";"Total Diesel Mark-Up";"Tractor-Trailer";"PROG";"EUR/kWh";2040;"0.018";"Current policies";"Diesel"
"OPEX";"Diesel Infrastructure";"IT";"Total Diesel Mark-Up";"Rigid";"BAU";"EUR/kWh";2040;"0.018";"Current policies";"Diesel"
"OPEX";"Diesel Infrastructure";"IT";"Total Diesel Mark-Up";"Tractor-Trailer";"BAU";"EUR/kWh";2040;"0.018";"Current policies";"Diesel"
"OPEX";"Diesel Infrastructure";"IT";"Total Diesel Mark-Up";"Rigid";"PROG";"EUR/kWh";2040;"0.018";"Current policies";"Diesel"
"OPEX";"Diesel Infrastructure";"IT";"Total Diesel Mark-Up";"Tractor-Trailer";"PROG";"EUR/kWh";2040;"0.018";"Current policies";"Diesel"
"OPEX";"Diesel Infrastructure";"NL";"Total Diesel Mark-Up";"Rigid";"BAU";"EUR/kWh";2040;"0.018";"Current policies";"Diesel"
"OPEX";"Diesel Infrastructure";"NL";"Total Diesel Mark-Up";"Tractor-Trailer";"BAU";"EUR/kWh";2040;"0.018";"Current policies";"Diesel"
"OPEX";"Diesel Infrastructure";"NL";"Total Diesel Mark-Up";"Rigid";"PROG";"EUR/kWh";2040;"0.018";"Current policies";"Diesel"
"OPEX";"Diesel Infrastructure";"NL";"Total Diesel Mark-Up";"Tractor-Trailer";"PROG";"EUR/kWh";2040;"0.018";"Current policies";"Diesel"
"OPEX";"Diesel Infrastructure";"PL";"Total Diesel Mark-Up";"Rigid";"BAU";"EUR/kWh";2040;"0.018";"Current policies";"Diesel"
"OPEX";"Diesel Infrastructure";"PL";"Total Diesel Mark-Up";"Tractor-Trailer";"BAU";"EUR/kWh";2040;"0.018";"Current policies";"Diesel"
"OPEX";"Diesel Infrastructure";"PL";"Total Diesel Mark-Up";"Rigid";"PROG";"EUR/kWh";2040;"0.018";"Current policies";"Diesel"
"OPEX";"Diesel Infrastructure";"PL";"Total Diesel Mark-Up";"Tractor-Trailer";"PROG";"EUR/kWh";2040;"0.018";"Current policies";"Diesel"
"OPEX";"Diesel Infrastructure";"UK";"Total Diesel Mark-Up";"Rigid";"BAU";"EUR/kWh";2040;"0.018";"Current policies";"Diesel"
"OPEX";"Diesel Infrastructure";"UK";"Total Diesel Mark-Up";"Tractor-Trailer";"BAU";"EUR/kWh";2040;"0.018";"Current policies";"Diesel"
"OPEX";"Diesel Infrastructure";"UK";"Total Diesel Mark-Up";"Rigid";"PROG";"EUR/kWh";2040;"0.018";"Current policies";"Diesel"
"OPEX";"Diesel Infrastructure";"UK";"Total Diesel Mark-Up";"Tractor-Trailer";"PROG";"EUR/kWh";2040;"0.018";"Current policies";"Diesel"
"OPEX";"Diesel Infrastructure";"DE";"CO2 emission factor Biodiesel";"Rigid";"BAU";"%";2040;"0.155";"Current policies";"Diesel"
"OPEX";"Diesel Infrastructure";"DE";"CO2 emission factor Biodiesel";"Tractor-Trailer";"BAU";"%";2040;"0.155";"Current policies";"Diesel"
"OPEX";"Diesel Infrastructure";"DE";"CO2 emission factor Biodiesel";"Rigid";"PROG";"%";2040;"0.155";"Current policies";"Diesel"
"OPEX";"Diesel Infrastructure";"DE";"CO2 emission factor Biodiesel";"Tractor-Trailer";"PROG";"%";2040;"0.155";"Current policies";"Diesel"
"OPEX";"Diesel Infrastructure";"ES";"CO2 emission factor Biodiesel";"Rigid";"BAU";"%";2040;"0.155";"Current policies";"Diesel"
"OPEX";"Diesel Infrastructure";"ES";"CO2 emission factor Biodiesel";"Tractor-Trailer";"BAU";"%";2040;"0.155";"Current policies";"Diesel"
"OPEX";"Diesel Infrastructure";"ES";"CO2 emission factor Biodiesel";"Rigid";"PROG";"%";2040;"0.155";"Current policies";"Diesel"
"OPEX";"Diesel Infrastructure";"ES";"CO2 emission factor Biodiesel";"Tractor-Trailer";"PROG";"%";2040;"0.155";"Current policies";"Diesel"
"OPEX";"Diesel Infrastructure";"FR";"CO2 emission factor Biodiesel";"Rigid";"BAU";"%";2040;"0.155";"Current policies";"Diesel"
"OPEX";"Diesel Infrastructure";"FR";"CO2 emission factor Biodiesel";"Tractor-Trailer";"BAU";"%";2040;"0.155";"Current policies";"Diesel"
"OPEX";"Diesel Infrastructure";"FR";"CO2 emission factor Biodiesel";"Rigid";"PROG";"%";2040;"0.155";"Current policies";"Diesel"
"OPEX";"Diesel Infrastructure";"FR";"CO2 emission factor Biodiesel";"Tractor-Trailer";"PROG";"%";2040;"0.155";"Current policies";"Diesel"
"OPEX";"Diesel Infrastructure";"IT";"CO2 emission factor Biodiesel";"Rigid";"BAU";"%";2040;"0.155";"Current policies";"Diesel"
"OPEX";"Diesel Infrastructure";"IT";"CO2 emission factor Biodiesel";"Tractor-Trailer";"BAU";"%";2040;"0.155";"Current policies";"Diesel"
"OPEX";"Diesel Infrastructure";"IT";"CO2 emission factor Biodiesel";"Rigid";"PROG";"%";2040;"0.155";"Current policies";"Diesel"
"OPEX";"Diesel Infrastructure";"IT";"CO2 emission factor Biodiesel";"Tractor-Trailer";"PROG";"%";2040;"0.155";"Current policies";"Diesel"
"OPEX";"Diesel Infrastructure";"NL";"CO2 emission factor Biodiesel";"Rigid";"BAU";"%";2040;"0.155";"Current policies";"Diesel"
"OPEX";"Diesel Infrastructure";"NL";"CO2 emission factor Biodiesel";"Tractor-Trailer";"BAU";"%";2040;"0.155";"Current policies";"Diesel"
"OPEX";"Diesel Infrastructure";"NL";"CO2 emission factor Biodiesel";"Rigid";"PROG";"%";2040;"0.155";"Current policies";"Diesel"
"OPEX";"Diesel Infrastructure";"NL";"CO2 emission factor Biodiesel";"Tractor-Trailer";"PROG";"%";2040;"0.155";"Current policies";"Diesel"
"OPEX";"Diesel Infrastructure";"PL";"CO2 emission factor Biodiesel";"Rigid";"BAU";"%";2040;"0.155";"Current policies";"Diesel"
"OPEX";"Diesel Infrastructure";"PL";"CO2 emission factor Biodiesel";"Tractor-Trailer";"BAU";"%";2040;"0.155";"Current policies";"Diesel"
"OPEX";"Diesel Infrastructure";"PL";"CO2 emission factor Biodiesel";"Rigid";"PROG";"%";2040;"0.155";"Current policies";"Diesel"
"OPEX";"Diesel Infrastructure";"PL";"CO2 emission factor Biodiesel";"Tractor-Trailer";"PROG";"%";2040;"0.155";"Current policies";"Diesel"
"OPEX";"Diesel Infrastructure";"UK";"CO2 emission factor Biodiesel";"Rigid";"BAU";"%";2040;"0.155";"Current policies";"Diesel"
"OPEX";"Diesel Infrastructure";"UK";"CO2 emission factor Biodiesel";"Tractor-Trailer";"BAU";"%";2040;"0.155";"Current policies";"Diesel"
"OPEX";"Diesel Infrastructure";"UK";"CO2 emission factor Biodiesel";"Rigid";"PROG";"%";2040;"0.155";"Current policies";"Diesel"
"OPEX";"Diesel Infrastructure";"UK";"CO2 emission factor Biodiesel";"Tractor-Trailer";"PROG";"%";2040;"0.155";"Current policies";"Diesel"
"OPEX";"Diesel Infrastructure";"DE";"CO2 emission factor Pt-Diesel";"Rigid";"BAU";"%";2040;"0";"Current policies";"Diesel"
"OPEX";"Diesel Infrastructure";"DE";"CO2 emission factor Pt-Diesel";"Tractor-Trailer";"BAU";"%";2040;"0";"Current policies";"Diesel"
"OPEX";"Diesel Infrastructure";"DE";"CO2 emission factor Pt-Diesel";"Rigid";"PROG";"%";2040;"0";"Current policies";"Diesel"
"OPEX";"Diesel Infrastructure";"DE";"CO2 emission factor Pt-Diesel";"Tractor-Trailer";"PROG";"%";2040;"0";"Current policies";"Diesel"
"OPEX";"Diesel Infrastructure";"ES";"CO2 emission factor Pt-Diesel";"Rigid";"BAU";"%";2040;"0";"Current policies";"Diesel"
"OPEX";"Diesel Infrastructure";"ES";"CO2 emission factor Pt-Diesel";"Tractor-Trailer";"BAU";"%";2040;"0";"Current policies";"Diesel"
"OPEX";"Diesel Infrastructure";"ES";"CO2 emission factor Pt-Diesel";"Rigid";"PROG";"%";2040;"0";"Current policies";"Diesel"
"OPEX";"Diesel Infrastructure";"ES";"CO2 emission factor Pt-Diesel";"Tractor-Trailer";"PROG";"%";2040;"0";"Current policies";"Diesel"
"OPEX";"Diesel Infrastructure";"FR";"CO2 emission factor Pt-Diesel";"Rigid";"BAU";"%";2040;"0";"Current policies";"Diesel"
"OPEX";"Diesel Infrastructure";"FR";"CO2 emission factor Pt-Diesel";"Tractor-Trailer";"BAU";"%";2040;"0";"Current policies";"Diesel"
"OPEX";"Diesel Infrastructure";"FR";"CO2 emission factor Pt-Diesel";"Rigid";"PROG";"%";2040;"0";"Current policies";"Diesel"
"OPEX";"Diesel Infrastructure";"FR";"CO2 emission factor Pt-Diesel";"Tractor-Trailer";"PROG";"%";2040;"0";"Current policies";"Diesel"
"OPEX";"Diesel Infrastructure";"IT";"CO2 emission factor Pt-Diesel";"Rigid";"BAU";"%";2040;"0";"Current policies";"Diesel"
"OPEX";"Diesel Infrastructure";"IT";"CO2 emission factor Pt-Diesel";"Tractor-Trailer";"BAU";"%";2040;"0";"Current policies";"Diesel"
"OPEX";"Diesel Infrastructure";"IT";"CO2 emission factor Pt-Diesel";"Rigid";"PROG";"%";2040;"0";"Current policies";"Diesel"
"OPEX";"Diesel Infrastructure";"IT";"CO2 emission factor Pt-Diesel";"Tractor-Trailer";"PROG";"%";2040;"0";"Current policies";"Diesel"
"OPEX";"Diesel Infrastructure";"NL";"CO2 emission factor Pt-Diesel";"Rigid";"BAU";"%";2040;"0";"Current policies";"Diesel"
"OPEX";"Diesel Infrastructure";"NL";"CO2 emission factor Pt-Diesel";"Tractor-Trailer";"BAU";"%";2040;"0";"Current policies";"Diesel"
"OPEX";"Diesel Infrastructure";"NL";"CO2 emission factor Pt-Diesel";"Rigid";"PROG";"%";2040;"0";"Current policies";"Diesel"
"OPEX";"Diesel Infrastructure";"NL";"CO2 emission factor Pt-Diesel";"Tractor-Trailer";"PROG";"%";2040;"0";"Current policies";"Diesel"
"OPEX";"Diesel Infrastructure";"PL";"CO2 emission factor Pt-Diesel";"Rigid";"BAU";"%";2040;"0";"Current policies";"Diesel"
"OPEX";"Diesel Infrastructure";"PL";"CO2 emission factor Pt-Diesel";"Tractor-Trailer";"BAU";"%";2040;"0";"Current policies";"Diesel"
"OPEX";"Diesel Infrastructure";"PL";"CO2 emission factor Pt-Diesel";"Rigid";"PROG";"%";2040;"0";"Current policies";"Diesel"
"OPEX";"Diesel Infrastructure";"PL";"CO2 emission factor Pt-Diesel";"Tractor-Trailer";"PROG";"%";2040;"0";"Current policies";"Diesel"
"OPEX";"Diesel Infrastructure";"UK";"CO2 emission factor Pt-Diesel";"Rigid";"BAU";"%";2040;"0";"Current policies";"Diesel"
"OPEX";"Diesel Infrastructure";"UK";"CO2 emission factor Pt-Diesel";"Tractor-Trailer";"BAU";"%";2040;"0";"Current policies";"Diesel"
"OPEX";"Diesel Infrastructure";"UK";"CO2 emission factor Pt-Diesel";"Rigid";"PROG";"%";2040;"0";"Current policies";"Diesel"
"OPEX";"Diesel Infrastructure";"UK";"CO2 emission factor Pt-Diesel";"Tractor-Trailer";"PROG";"%";2040;"0";"Current policies";"Diesel"
"OPEX";"Taxes";"DE";"Network Costs - MCS";"Rigid";"BAU";"EUR/kWh";2040;"0.034";"Current policies";"Electricity"
"OPEX";"Taxes";"DE";"Network Costs - MCS";"Tractor-Trailer";"BAU";"EUR/kWh";2040;"0.034";"Current policies";"Electricity"
"OPEX";"Taxes";"ES";"Network Costs - MCS";"Rigid";"BAU";"EUR/kWh";2040;"0.018";"Current policies";"Electricity"
"OPEX";"Taxes";"ES";"Network Costs - MCS";"Tractor-Trailer";"BAU";"EUR/kWh";2040;"0.018";"Current policies";"Electricity"
"OPEX";"Taxes";"FR";"Network Costs - MCS";"Rigid";"BAU";"EUR/kWh";2040;"0.018";"Current policies";"Electricity"
"OPEX";"Taxes";"FR";"Network Costs - MCS";"Tractor-Trailer";"BAU";"EUR/kWh";2040;"0.018";"Current policies";"Electricity"
"OPEX";"Taxes";"IT";"Network Costs - MCS";"Rigid";"BAU";"EUR/kWh";2040;"0.015";"Current policies";"Electricity"
"OPEX";"Taxes";"IT";"Network Costs - MCS";"Tractor-Trailer";"BAU";"EUR/kWh";2040;"0.015";"Current policies";"Electricity"
"OPEX";"Taxes";"NL";"Network Costs - MCS";"Rigid";"BAU";"EUR/kWh";2040;"0.016";"Current policies";"Electricity"
"OPEX";"Taxes";"NL";"Network Costs - MCS";"Tractor-Trailer";"BAU";"EUR/kWh";2040;"0.016";"Current policies";"Electricity"
"OPEX";"Taxes";"PL";"Network Costs - MCS";"Rigid";"BAU";"EUR/kWh";2040;"0.019";"Current policies";"Electricity"
"OPEX";"Taxes";"PL";"Network Costs - MCS";"Tractor-Trailer";"BAU";"EUR/kWh";2040;"0.019";"Current policies";"Electricity"
"OPEX";"Taxes";"UK";"Network Costs - MCS";"Rigid";"BAU";"EUR/kWh";2040;"0.027";"Current policies";"Electricity"
"OPEX";"Taxes";"UK";"Network Costs - MCS";"Tractor-Trailer";"BAU";"EUR/kWh";2040;"0.027";"Current policies";"Electricity"
"OPEX";"Taxes";"DE";"Taxes, Fees, Levies and charges - MCS";"Rigid";"BAU";"EUR/kWh";2040;"0.056";"Current policies";"Electricity"
"OPEX";"Taxes";"DE";"Taxes, Fees, Levies and charges - MCS";"Tractor-Trailer";"BAU";"EUR/kWh";2040;"0.056";"Current policies";"Electricity"
"OPEX";"Taxes";"ES";"Taxes, Fees, Levies and charges - MCS";"Rigid";"BAU";"EUR/kWh";2040;"0.036";"Current policies";"Electricity"
"OPEX";"Taxes";"ES";"Taxes, Fees, Levies and charges - MCS";"Tractor-Trailer";"BAU";"EUR/kWh";2040;"0.036";"Current policies";"Electricity"
"OPEX";"Taxes";"FR";"Taxes, Fees, Levies and charges - MCS";"Rigid";"BAU";"EUR/kWh";2040;"0.03";"Current policies";"Electricity"
"OPEX";"Taxes";"FR";"Taxes, Fees, Levies and charges - MCS";"Tractor-Trailer";"BAU";"EUR/kWh";2040;"0.03";"Current policies";"Electricity"
"OPEX";"Taxes";"IT";"Taxes, Fees, Levies and charges - MCS";"Rigid";"BAU";"EUR/kWh";2040;"0.062";"Current policies";"Electricity"
"OPEX";"Taxes";"IT";"Taxes, Fees, Levies and charges - MCS";"Tractor-Trailer";"BAU";"EUR/kWh";2040;"0.062";"Current policies";"Electricity"
"OPEX";"Taxes";"NL";"Taxes, Fees, Levies and charges - MCS";"Rigid";"BAU";"EUR/kWh";2040;"0.055";"Current policies";"Electricity"
"OPEX";"Taxes";"NL";"Taxes, Fees, Levies and charges - MCS";"Tractor-Trailer";"BAU";"EUR/kWh";2040;"0.055";"Current policies";"Electricity"
"OPEX";"Taxes";"PL";"Taxes, Fees, Levies and charges - MCS";"Rigid";"BAU";"EUR/kWh";2040;"0.049";"Current policies";"Electricity"
"OPEX";"Taxes";"PL";"Taxes, Fees, Levies and charges - MCS";"Tractor-Trailer";"BAU";"EUR/kWh";2040;"0.049";"Current policies";"Electricity"
"OPEX";"Taxes";"UK";"Taxes, Fees, Levies and charges - MCS";"Rigid";"BAU";"EUR/kWh";2040;"0.077";"Current policies";"Electricity"
"OPEX";"Taxes";"UK";"Taxes, Fees, Levies and charges - MCS";"Tractor-Trailer";"BAU";"EUR/kWh";2040;"0.077";"Current policies";"Electricity"
"OPEX";"Taxes";"DE";"Network Costs - Depot";"Rigid";"BAU";"EUR/kWh";2040;"0.034";"Current policies";"Electricity"
"OPEX";"Taxes";"DE";"Network Costs - Depot";"Tractor-Trailer";"BAU";"EUR/kWh";2040;"0.034";"Current policies";"Electricity"
"OPEX";"Taxes";"ES";"Network Costs - Depot";"Rigid";"BAU";"EUR/kWh";2040;"0.018";"Current policies";"Electricity"
"OPEX";"Taxes";"ES";"Network Costs - Depot";"Tractor-Trailer";"BAU";"EUR/kWh";2040;"0.018";"Current policies";"Electricity"
"OPEX";"Taxes";"FR";"Network Costs - Depot";"Rigid";"BAU";"EUR/kWh";2040;"0.018";"Current policies";"Electricity"
"OPEX";"Taxes";"FR";"Network Costs - Depot";"Tractor-Trailer";"BAU";"EUR/kWh";2040;"0.018";"Current policies";"Electricity"
"OPEX";"Taxes";"IT";"Network Costs - Depot";"Rigid";"BAU";"EUR/kWh";2040;"0.016";"Current policies";"Electricity"
"OPEX";"Taxes";"IT";"Network Costs - Depot";"Tractor-Trailer";"BAU";"EUR/kWh";2040;"0.016";"Current policies";"Electricity"
"OPEX";"Taxes";"NL";"Network Costs - Depot";"Rigid";"BAU";"EUR/kWh";2040;"0.016";"Current policies";"Electricity"
"OPEX";"Taxes";"NL";"Network Costs - Depot";"Tractor-Trailer";"BAU";"EUR/kWh";2040;"0.016";"Current policies";"Electricity"
"OPEX";"Taxes";"PL";"Network Costs - Depot";"Rigid";"BAU";"EUR/kWh";2040;"0.019";"Current policies";"Electricity"
"OPEX";"Taxes";"PL";"Network Costs - Depot";"Tractor-Trailer";"BAU";"EUR/kWh";2040;"0.019";"Current policies";"Electricity"
"OPEX";"Taxes";"UK";"Network Costs - Depot";"Rigid";"BAU";"EUR/kWh";2040;"0.027";"Current policies";"Electricity"
"OPEX";"Taxes";"UK";"Network Costs - Depot";"Tractor-Trailer";"BAU";"EUR/kWh";2040;"0.027";"Current policies";"Electricity"
"OPEX";"Taxes";"DE";"Taxes, Fees, Levies and charges - Depot";"Rigid";"BAU";"EUR/kWh";2040;"0.056";"Current policies";"Electricity"
"OPEX";"Taxes";"DE";"Taxes, Fees, Levies and charges - Depot";"Tractor-Trailer";"BAU";"EUR/kWh";2040;"0.056";"Current policies";"Electricity"
"OPEX";"Taxes";"ES";"Taxes, Fees, Levies and charges - Depot";"Rigid";"BAU";"EUR/kWh";2040;"0.036";"Current policies";"Electricity"
"OPEX";"Taxes";"ES";"Taxes, Fees, Levies and charges - Depot";"Tractor-Trailer";"BAU";"EUR/kWh";2040;"0.036";"Current policies";"Electricity"
"OPEX";"Taxes";"FR";"Taxes, Fees, Levies and charges - Depot";"Rigid";"BAU";"EUR/kWh";2040;"0.03";"Current policies";"Electricity"
"OPEX";"Taxes";"FR";"Taxes, Fees, Levies and charges - Depot";"Tractor-Trailer";"BAU";"EUR/kWh";2040;"0.03";"Current policies";"Electricity"
"OPEX";"Taxes";"IT";"Taxes, Fees, Levies and charges - Depot";"Rigid";"BAU";"EUR/kWh";2040;"0.063";"Current policies";"Electricity"
"OPEX";"Taxes";"IT";"Taxes, Fees, Levies and charges - Depot";"Tractor-Trailer";"BAU";"EUR/kWh";2040;"0.063";"Current policies";"Electricity"
"OPEX";"Taxes";"NL";"Taxes, Fees, Levies and charges - Depot";"Rigid";"BAU";"EUR/kWh";2040;"0.055";"Current policies";"Electricity"
"OPEX";"Taxes";"NL";"Taxes, Fees, Levies and charges - Depot";"Tractor-Trailer";"BAU";"EUR/kWh";2040;"0.055";"Current policies";"Electricity"
"OPEX";"Taxes";"PL";"Taxes, Fees, Levies and charges - Depot";"Rigid";"BAU";"EUR/kWh";2040;"0.049";"Current policies";"Electricity"
"OPEX";"Taxes";"PL";"Taxes, Fees, Levies and charges - Depot";"Tractor-Trailer";"BAU";"EUR/kWh";2040;"0.049";"Current policies";"Electricity"
"OPEX";"Taxes";"UK";"Taxes, Fees, Levies and charges - Depot";"Rigid";"BAU";"EUR/kWh";2040;"0.077";"Current policies";"Electricity"
"OPEX";"Taxes";"UK";"Taxes, Fees, Levies and charges - Depot";"Tractor-Trailer";"BAU";"EUR/kWh";2040;"0.077";"Current policies";"Electricity"
"OPEX";"H2 Infrastructure";"DE";"HRS costs";"Rigid";"BAU";"EUR/kg H2";2040;"1.2";"Current policies";"Hydrogen"
"OPEX";"H2 Infrastructure";"DE";"HRS costs";"Tractor-Trailer";"BAU";"EUR/kg H2";2040;"1.2";"Current policies";"Hydrogen"
"OPEX";"H2 Infrastructure";"ES";"HRS costs";"Rigid";"BAU";"EUR/kg H2";2040;"1.2";"Current policies";"Hydrogen"
"OPEX";"H2 Infrastructure";"ES";"HRS costs";"Tractor-Trailer";"BAU";"EUR/kg H2";2040;"1.2";"Current policies";"Hydrogen"
"OPEX";"H2 Infrastructure";"FR";"HRS costs";"Rigid";"BAU";"EUR/kg H2";2040;"1.2";"Current policies";"Hydrogen"
"OPEX";"H2 Infrastructure";"FR";"HRS costs";"Tractor-Trailer";"BAU";"EUR/kg H2";2040;"1.2";"Current policies";"Hydrogen"
"OPEX";"H2 Infrastructure";"IT";"HRS costs";"Rigid";"BAU";"EUR/kg H2";2040;"1.2";"Current policies";"Hydrogen"
"OPEX";"H2 Infrastructure";"IT";"HRS costs";"Tractor-Trailer";"BAU";"EUR/kg H2";2040;"1.2";"Current policies";"Hydrogen"
"OPEX";"H2 Infrastructure";"NL";"HRS costs";"Rigid";"BAU";"EUR/kg H2";2040;"1.2";"Current policies";"Hydrogen"
"OPEX";"H2 Infrastructure";"NL";"HRS costs";"Tractor-Trailer";"BAU";"EUR/kg H2";2040;"1.2";"Current policies";"Hydrogen"
"OPEX";"H2 Infrastructure";"PL";"HRS costs";"Rigid";"BAU";"EUR/kg H2";2040;"1.2";"Current policies";"Hydrogen"
"OPEX";"H2 Infrastructure";"PL";"HRS costs";"Tractor-Trailer";"BAU";"EUR/kg H2";2040;"1.2";"Current policies";"Hydrogen"
"OPEX";"H2 Infrastructure";"UK";"HRS costs";"Rigid";"BAU";"EUR/kg H2";2040;"1.2";"Current policies";"Hydrogen"
"OPEX";"H2 Infrastructure";"UK";"HRS costs";"Tractor-Trailer";"BAU";"EUR/kg H2";2040;"1.2";"Current policies";"Hydrogen"
"OPEX";"H2 Infrastructure";"DE";"H2 transport and distribution";"Rigid";"BAU";"EUR/kg H2";2040;"1.167";"Current policies";"Hydrogen"
"OPEX";"H2 Infrastructure";"DE";"H2 transport and distribution";"Tractor-Trailer";"BAU";"EUR/kg H2";2040;"1.167";"Current policies";"Hydrogen"
"OPEX";"H2 Infrastructure";"ES";"H2 transport and distribution";"Rigid";"BAU";"EUR/kg H2";2040;"1.167";"Current policies";"Hydrogen"
"OPEX";"H2 Infrastructure";"ES";"H2 transport and distribution";"Tractor-Trailer";"BAU";"EUR/kg H2";2040;"1.167";"Current policies";"Hydrogen"
"OPEX";"H2 Infrastructure";"FR";"H2 transport and distribution";"Rigid";"BAU";"EUR/kg H2";2040;"1.167";"Current policies";"Hydrogen"
"OPEX";"H2 Infrastructure";"FR";"H2 transport and distribution";"Tractor-Trailer";"BAU";"EUR/kg H2";2040;"1.167";"Current policies";"Hydrogen"
"OPEX";"H2 Infrastructure";"IT";"H2 transport and distribution";"Rigid";"BAU";"EUR/kg H2";2040;"1.167";"Current policies";"Hydrogen"
"OPEX";"H2 Infrastructure";"IT";"H2 transport and distribution";"Tractor-Trailer";"BAU";"EUR/kg H2";2040;"1.167";"Current policies";"Hydrogen"
"OPEX";"H2 Infrastructure";"NL";"H2 transport and distribution";"Rigid";"BAU";"EUR/kg H2";2040;"1.167";"Current policies";"Hydrogen"
"OPEX";"H2 Infrastructure";"NL";"H2 transport and distribution";"Tractor-Trailer";"BAU";"EUR/kg H2";2040;"1.167";"Current policies";"Hydrogen"
"OPEX";"H2 Infrastructure";"PL";"H2 transport and distribution";"Rigid";"BAU";"EUR/kg H2";2040;"1.167";"Current policies";"Hydrogen"
"OPEX";"H2 Infrastructure";"PL";"H2 transport and distribution";"Tractor-Trailer";"BAU";"EUR/kg H2";2040;"1.167";"Current policies";"Hydrogen"
"OPEX";"H2 Infrastructure";"UK";"H2 transport and distribution";"Rigid";"BAU";"EUR/kg H2";2040;"1.167";"Current policies";"Hydrogen"
"OPEX";"H2 Infrastructure";"UK";"H2 transport and distribution";"Tractor-Trailer";"BAU";"EUR/kg H2";2040;"1.167";"Current policies";"Hydrogen"
"OPEX";"H2 Infrastructure";"DE";"HRS Overhead, Profit and Mark-Up";"Rigid";"BAU";"EUR/kg H2";2040;"0.25";"Current policies";"Hydrogen"
"OPEX";"H2 Infrastructure";"DE";"HRS Overhead, Profit and Mark-Up";"Tractor-Trailer";"BAU";"EUR/kg H2";2040;"0.25";"Current policies";"Hydrogen"
"OPEX";"H2 Infrastructure";"ES";"HRS Overhead, Profit and Mark-Up";"Rigid";"BAU";"EUR/kg H2";2040;"0.25";"Current policies";"Hydrogen"
"OPEX";"H2 Infrastructure";"ES";"HRS Overhead, Profit and Mark-Up";"Tractor-Trailer";"BAU";"EUR/kg H2";2040;"0.25";"Current policies";"Hydrogen"
"OPEX";"H2 Infrastructure";"FR";"HRS Overhead, Profit and Mark-Up";"Rigid";"BAU";"EUR/kg H2";2040;"0.25";"Current policies";"Hydrogen"
"OPEX";"H2 Infrastructure";"FR";"HRS Overhead, Profit and Mark-Up";"Tractor-Trailer";"BAU";"EUR/kg H2";2040;"0.25";"Current policies";"Hydrogen"
"OPEX";"H2 Infrastructure";"IT";"HRS Overhead, Profit and Mark-Up";"Rigid";"BAU";"EUR/kg H2";2040;"0.25";"Current policies";"Hydrogen"
"OPEX";"H2 Infrastructure";"IT";"HRS Overhead, Profit and Mark-Up";"Tractor-Trailer";"BAU";"EUR/kg H2";2040;"0.25";"Current policies";"Hydrogen"
"OPEX";"H2 Infrastructure";"NL";"HRS Overhead, Profit and Mark-Up";"Rigid";"BAU";"EUR/kg H2";2040;"0.25";"Current policies";"Hydrogen"
"OPEX";"H2 Infrastructure";"NL";"HRS Overhead, Profit and Mark-Up";"Tractor-Trailer";"BAU";"EUR/kg H2";2040;"0.25";"Current policies";"Hydrogen"
"OPEX";"H2 Infrastructure";"PL";"HRS Overhead, Profit and Mark-Up";"Rigid";"BAU";"EUR/kg H2";2040;"0.25";"Current policies";"Hydrogen"
"OPEX";"H2 Infrastructure";"PL";"HRS Overhead, Profit and Mark-Up";"Tractor-Trailer";"BAU";"EUR/kg H2";2040;"0.25";"Current policies";"Hydrogen"
"OPEX";"H2 Infrastructure";"UK";"HRS Overhead, Profit and Mark-Up";"Rigid";"BAU";"EUR/kg H2";2040;"0.25";"Current policies";"Hydrogen"
"OPEX";"H2 Infrastructure";"UK";"HRS Overhead, Profit and Mark-Up";"Tractor-Trailer";"BAU";"EUR/kg H2";2040;"0.25";"Current policies";"Hydrogen"
"OPEX";"Charging Infrastructure";"DE";"MCS Station (Public Charging) - Incl. Overhead";"Rigid";"BAU";"EUR/kWh";2040;"0.043";"Current policies";"Electricity"
"OPEX";"Charging Infrastructure";"DE";"MCS Station (Public Charging) - Incl. Overhead";"Tractor-Trailer";"BAU";"EUR/kWh";2040;"0.043";"Current policies";"Electricity"
"OPEX";"Charging Infrastructure";"ES";"MCS Station (Public Charging) - Incl. Overhead";"Rigid";"BAU";"EUR/kWh";2040;"0.043";"Current policies";"Electricity"
"OPEX";"Charging Infrastructure";"ES";"MCS Station (Public Charging) - Incl. Overhead";"Tractor-Trailer";"BAU";"EUR/kWh";2040;"0.043";"Current policies";"Electricity"
"OPEX";"Charging Infrastructure";"FR";"MCS Station (Public Charging) - Incl. Overhead";"Rigid";"BAU";"EUR/kWh";2040;"0.043";"Current policies";"Electricity"
"OPEX";"Charging Infrastructure";"FR";"MCS Station (Public Charging) - Incl. Overhead";"Tractor-Trailer";"BAU";"EUR/kWh";2040;"0.043";"Current policies";"Electricity"
"OPEX";"Charging Infrastructure";"IT";"MCS Station (Public Charging) - Incl. Overhead";"Rigid";"BAU";"EUR/kWh";2040;"0.043";"Current policies";"Electricity"
"OPEX";"Charging Infrastructure";"IT";"MCS Station (Public Charging) - Incl. Overhead";"Tractor-Trailer";"BAU";"EUR/kWh";2040;"0.043";"Current policies";"Electricity"
"OPEX";"Charging Infrastructure";"NL";"MCS Station (Public Charging) - Incl. Overhead";"Rigid";"BAU";"EUR/kWh";2040;"0.043";"Current policies";"Electricity"
"OPEX";"Charging Infrastructure";"NL";"MCS Station (Public Charging) - Incl. Overhead";"Tractor-Trailer";"BAU";"EUR/kWh";2040;"0.043";"Current policies";"Electricity"
"OPEX";"Charging Infrastructure";"PL";"MCS Station (Public Charging) - Incl. Overhead";"Rigid";"BAU";"EUR/kWh";2040;"0.043";"Current policies";"Electricity"
"OPEX";"Charging Infrastructure";"PL";"MCS Station (Public Charging) - Incl. Overhead";"Tractor-Trailer";"BAU";"EUR/kWh";2040;"0.043";"Current policies";"Electricity"
"OPEX";"Charging Infrastructure";"UK";"MCS Station (Public Charging) - Incl. Overhead";"Rigid";"BAU";"EUR/kWh";2040;"0.043";"Current policies";"Electricity"
"OPEX";"Charging Infrastructure";"UK";"MCS Station (Public Charging) - Incl. Overhead";"Tractor-Trailer";"BAU";"EUR/kWh";2040;"0.043";"Current policies";"Electricity"
"OPEX";"Charging Infrastructure";"DE";"Share MCS-Charging";"Rigid";"BAU";"%";2040;"0.2";"Current policies";"Electricity"
"OPEX";"Charging Infrastructure";"DE";"Share MCS-Charging";"Tractor-Trailer";"BAU";"%";2040;"0.2";"Current policies";"Electricity"
"OPEX";"Charging Infrastructure";"ES";"Share MCS-Charging";"Rigid";"BAU";"%";2040;"0.2";"Current policies";"Electricity"
"OPEX";"Charging Infrastructure";"ES";"Share MCS-Charging";"Tractor-Trailer";"BAU";"%";2040;"0.2";"Current policies";"Electricity"
"OPEX";"Charging Infrastructure";"FR";"Share MCS-Charging";"Rigid";"BAU";"%";2040;"0.2";"Current policies";"Electricity"
"OPEX";"Charging Infrastructure";"FR";"Share MCS-Charging";"Tractor-Trailer";"BAU";"%";2040;"0.2";"Current policies";"Electricity"
"OPEX";"Charging Infrastructure";"IT";"Share MCS-Charging";"Rigid";"BAU";"%";2040;"0.2";"Current policies";"Electricity"
"OPEX";"Charging Infrastructure";"IT";"Share MCS-Charging";"Tractor-Trailer";"BAU";"%";2040;"0.2";"Current policies";"Electricity"
"OPEX";"Charging Infrastructure";"NL";"Share MCS-Charging";"Rigid";"BAU";"%";2040;"0.2";"Current policies";"Electricity"
"OPEX";"Charging Infrastructure";"NL";"Share MCS-Charging";"Tractor-Trailer";"BAU";"%";2040;"0.2";"Current policies";"Electricity"
"OPEX";"Charging Infrastructure";"PL";"Share MCS-Charging";"Rigid";"BAU";"%";2040;"0.2";"Current policies";"Electricity"
"OPEX";"Charging Infrastructure";"PL";"Share MCS-Charging";"Tractor-Trailer";"BAU";"%";2040;"0.2";"Current policies";"Electricity"
"OPEX";"Charging Infrastructure";"UK";"Share MCS-Charging";"Rigid";"BAU";"%";2040;"0.2";"Current policies";"Electricity"
"OPEX";"Charging Infrastructure";"UK";"Share MCS-Charging";"Tractor-Trailer";"BAU";"%";2040;"0.2";"Current policies";"Electricity"
"OPEX";"Charging Infrastructure";"DE";"Depot - Network fees savings potential";"Rigid";"BAU";"EUR/kWh";2040;"0";"Current policies";"Electricity"
"OPEX";"Charging Infrastructure";"DE";"Depot - Network fees savings potential";"Tractor-Trailer";"BAU";"EUR/kWh";2040;"0";"Current policies";"Electricity"
"OPEX";"Charging Infrastructure";"ES";"Depot - Network fees savings potential";"Rigid";"BAU";"EUR/kWh";2040;"0";"Current policies";"Electricity"
"OPEX";"Charging Infrastructure";"ES";"Depot - Network fees savings potential";"Tractor-Trailer";"BAU";"EUR/kWh";2040;"0";"Current policies";"Electricity"
"OPEX";"Charging Infrastructure";"FR";"Depot - Network fees savings potential";"Rigid";"BAU";"EUR/kWh";2040;"0";"Current policies";"Electricity"
"OPEX";"Charging Infrastructure";"FR";"Depot - Network fees savings potential";"Tractor-Trailer";"BAU";"EUR/kWh";2040;"0";"Current policies";"Electricity"
"OPEX";"Charging Infrastructure";"IT";"Depot - Network fees savings potential";"Rigid";"BAU";"EUR/kWh";2040;"0";"Current policies";"Electricity"
"OPEX";"Charging Infrastructure";"IT";"Depot - Network fees savings potential";"Tractor-Trailer";"BAU";"EUR/kWh";2040;"0";"Current policies";"Electricity"
"OPEX";"Charging Infrastructure";"NL";"Depot - Network fees savings potential";"Rigid";"BAU";"EUR/kWh";2040;"0";"Current policies";"Electricity"
"OPEX";"Charging Infrastructure";"NL";"Depot - Network fees savings potential";"Tractor-Trailer";"BAU";"EUR/kWh";2040;"0";"Current policies";"Electricity"
"OPEX";"Charging Infrastructure";"PL";"Depot - Network fees savings potential";"Rigid";"BAU";"EUR/kWh";2040;"0";"Current policies";"Electricity"
"OPEX";"Charging Infrastructure";"PL";"Depot - Network fees savings potential";"Tractor-Trailer";"BAU";"EUR/kWh";2040;"0";"Current policies";"Electricity"
"OPEX";"Charging Infrastructure";"UK";"Depot - Network fees savings potential";"Rigid";"BAU";"EUR/kWh";2040;"0";"Current policies";"Electricity"
"OPEX";"Charging Infrastructure";"UK";"Depot - Network fees savings potential";"Tractor-Trailer";"BAU";"EUR/kWh";2040;"0";"Current policies";"Electricity"
"OPEX";"Taxes";"DE";"Tax reduction";"Rigid";"BAU";"%";2040;"0";"Current policies";"Hydrogen"
"OPEX";"Taxes";"DE";"Tax reduction";"Tractor-Trailer";"BAU";"%";2040;"0";"Current policies";"Hydrogen"
"OPEX";"Taxes";"ES";"Tax reduction";"Rigid";"BAU";"%";2040;"0";"Current policies";"Hydrogen"
"OPEX";"Taxes";"ES";"Tax reduction";"Tractor-Trailer";"BAU";"%";2040;"0";"Current policies";"Hydrogen"
"OPEX";"Taxes";"FR";"Tax reduction";"Rigid";"BAU";"%";2040;"0";"Current policies";"Hydrogen"
"OPEX";"Taxes";"FR";"Tax reduction";"Tractor-Trailer";"BAU";"%";2040;"0";"Current policies";"Hydrogen"
"OPEX";"Taxes";"IT";"Tax reduction";"Rigid";"BAU";"%";2040;"0";"Current policies";"Hydrogen"
"OPEX";"Taxes";"IT";"Tax reduction";"Tractor-Trailer";"BAU";"%";2040;"0";"Current policies";"Hydrogen"
"OPEX";"Taxes";"NL";"Tax reduction";"Rigid";"BAU";"%";2040;"0";"Current policies";"Hydrogen"
"OPEX";"Taxes";"NL";"Tax reduction";"Tractor-Trailer";"BAU";"%";2040;"0";"Current policies";"Hydrogen"
"OPEX";"Taxes";"PL";"Tax reduction";"Rigid";"BAU";"%";2040;"0";"Current policies";"Hydrogen"
"OPEX";"Taxes";"PL";"Tax reduction";"Tractor-Trailer";"BAU";"%";2040;"0";"Current policies";"Hydrogen"
"OPEX";"Taxes";"UK";"Tax reduction";"Rigid";"BAU";"%";2040;"0";"Current policies";"Hydrogen"
"OPEX";"Taxes";"UK";"Tax reduction";"Tractor-Trailer";"BAU";"%";2040;"0";"Current policies";"Hydrogen"
"OPEX";"Taxes";"DE";"Increasing grid fees";"Rigid";"PROG";"%";2040;"0.2";"Current policies";"Electricity"
"OPEX";"Taxes";"DE";"Increasing grid fees";"Tractor-Trailer";"PROG";"%";2040;"0.2";"Current policies";"Electricity"
"OPEX";"Taxes";"ES";"Increasing grid fees";"Rigid";"PROG";"%";2040;"0.2";"Current policies";"Electricity"
"OPEX";"Taxes";"ES";"Increasing grid fees";"Tractor-Trailer";"PROG";"%";2040;"0.2";"Current policies";"Electricity"
"OPEX";"Taxes";"FR";"Increasing grid fees";"Rigid";"PROG";"%";2040;"0.2";"Current policies";"Electricity"
"OPEX";"Taxes";"FR";"Increasing grid fees";"Tractor-Trailer";"PROG";"%";2040;"0.2";"Current policies";"Electricity"
"OPEX";"Taxes";"IT";"Increasing grid fees";"Rigid";"PROG";"%";2040;"0.2";"Current policies";"Electricity"
"OPEX";"Taxes";"IT";"Increasing grid fees";"Tractor-Trailer";"PROG";"%";2040;"0.2";"Current policies";"Electricity"
"OPEX";"Taxes";"NL";"Increasing grid fees";"Rigid";"PROG";"%";2040;"0.2";"Current policies";"Electricity"
"OPEX";"Taxes";"NL";"Increasing grid fees";"Tractor-Trailer";"PROG";"%";2040;"0.2";"Current policies";"Electricity"
"OPEX";"Taxes";"PL";"Increasing grid fees";"Rigid";"PROG";"%";2040;"0.2";"Current policies";"Electricity"
"OPEX";"Taxes";"PL";"Increasing grid fees";"Tractor-Trailer";"PROG";"%";2040;"0.2";"Current policies";"Electricity"
"OPEX";"Taxes";"UK";"Increasing grid fees";"Rigid";"PROG";"%";2040;"0.2";"Current policies";"Electricity"
"OPEX";"Taxes";"UK";"Increasing grid fees";"Tractor-Trailer";"PROG";"%";2040;"0.2";"Current policies";"Electricity"
"OPEX";"Taxes";"DE";"Increasing grid fees";"Rigid";"BAU";"%";2040;"0.333";"Current policies";"Electricity"
"OPEX";"Taxes";"DE";"Increasing grid fees";"Tractor-Trailer";"BAU";"%";2040;"0.333";"Current policies";"Electricity"
"OPEX";"Taxes";"ES";"Increasing grid fees";"Rigid";"BAU";"%";2040;"0.333";"Current policies";"Electricity"
"OPEX";"Taxes";"ES";"Increasing grid fees";"Tractor-Trailer";"BAU";"%";2040;"0.333";"Current policies";"Electricity"
"OPEX";"Taxes";"FR";"Increasing grid fees";"Rigid";"BAU";"%";2040;"0.333";"Current policies";"Electricity"
"OPEX";"Taxes";"FR";"Increasing grid fees";"Tractor-Trailer";"BAU";"%";2040;"0.333";"Current policies";"Electricity"
"OPEX";"Taxes";"IT";"Increasing grid fees";"Rigid";"BAU";"%";2040;"0.333";"Current policies";"Electricity"
"OPEX";"Taxes";"IT";"Increasing grid fees";"Tractor-Trailer";"BAU";"%";2040;"0.333";"Current policies";"Electricity"
"OPEX";"Taxes";"NL";"Increasing grid fees";"Rigid";"BAU";"%";2040;"0.333";"Current policies";"Electricity"
"OPEX";"Taxes";"NL";"Increasing grid fees";"Tractor-Trailer";"BAU";"%";2040;"0.333";"Current policies";"Electricity"
"OPEX";"Taxes";"PL";"Increasing grid fees";"Rigid";"BAU";"%";2040;"0.333";"Current policies";"Electricity"
"OPEX";"Taxes";"PL";"Increasing grid fees";"Tractor-Trailer";"BAU";"%";2040;"0.333";"Current policies";"Electricity"
"OPEX";"Taxes";"UK";"Increasing grid fees";"Rigid";"BAU";"%";2040;"0.333";"Current policies";"Electricity"
"OPEX";"Taxes";"UK";"Increasing grid fees";"Tractor-Trailer";"BAU";"%";2040;"0.333";"Current policies";"Electricity"
"OPEX";"Taxes";"DE";"Network Costs - MCS";"Rigid";"PROG";"EUR/kWh";2045;"0.026";"Current policies";"Electricity"
"OPEX";"Taxes";"DE";"Network Costs - MCS";"Tractor-Trailer";"PROG";"EUR/kWh";2045;"0.026";"Current policies";"Electricity"
"OPEX";"Taxes";"ES";"Network Costs - MCS";"Rigid";"PROG";"EUR/kWh";2045;"0.009";"Current policies";"Electricity"
"OPEX";"Taxes";"ES";"Network Costs - MCS";"Tractor-Trailer";"PROG";"EUR/kWh";2045;"0.009";"Current policies";"Electricity"
"OPEX";"Taxes";"FR";"Network Costs - MCS";"Rigid";"PROG";"EUR/kWh";2045;"0.014";"Current policies";"Electricity"
"OPEX";"Taxes";"FR";"Network Costs - MCS";"Tractor-Trailer";"PROG";"EUR/kWh";2045;"0.014";"Current policies";"Electricity"
"OPEX";"Taxes";"IT";"Network Costs - MCS";"Rigid";"PROG";"EUR/kWh";2045;"0.012";"Current policies";"Electricity"
"OPEX";"Taxes";"IT";"Network Costs - MCS";"Tractor-Trailer";"PROG";"EUR/kWh";2045;"0.012";"Current policies";"Electricity"
"OPEX";"Taxes";"NL";"Network Costs - MCS";"Rigid";"PROG";"EUR/kWh";2045;"0.015";"Current policies";"Electricity"
"OPEX";"Taxes";"NL";"Network Costs - MCS";"Tractor-Trailer";"PROG";"EUR/kWh";2045;"0.015";"Current policies";"Electricity"
"OPEX";"Taxes";"PL";"Network Costs - MCS";"Rigid";"PROG";"EUR/kWh";2045;"0.014";"Current policies";"Electricity"
"OPEX";"Taxes";"PL";"Network Costs - MCS";"Tractor-Trailer";"PROG";"EUR/kWh";2045;"0.014";"Current policies";"Electricity"
"OPEX";"Taxes";"UK";"Network Costs - MCS";"Rigid";"PROG";"EUR/kWh";2045;"0.018";"Current policies";"Electricity"
"OPEX";"Taxes";"UK";"Network Costs - MCS";"Tractor-Trailer";"PROG";"EUR/kWh";2045;"0.018";"Current policies";"Electricity"
"OPEX";"Taxes";"DE";"Taxes, Fees, Levies and charges - MCS";"Rigid";"PROG";"EUR/kWh";2045;"0.051";"Current policies";"Electricity"
"OPEX";"Taxes";"DE";"Taxes, Fees, Levies and charges - MCS";"Tractor-Trailer";"PROG";"EUR/kWh";2045;"0.051";"Current policies";"Electricity"
"OPEX";"Taxes";"ES";"Taxes, Fees, Levies and charges - MCS";"Rigid";"PROG";"EUR/kWh";2045;"0.026";"Current policies";"Electricity"
"OPEX";"Taxes";"ES";"Taxes, Fees, Levies and charges - MCS";"Tractor-Trailer";"PROG";"EUR/kWh";2045;"0.026";"Current policies";"Electricity"
"OPEX";"Taxes";"FR";"Taxes, Fees, Levies and charges - MCS";"Rigid";"PROG";"EUR/kWh";2045;"0.022";"Current policies";"Electricity"
"OPEX";"Taxes";"FR";"Taxes, Fees, Levies and charges - MCS";"Tractor-Trailer";"PROG";"EUR/kWh";2045;"0.022";"Current policies";"Electricity"
"OPEX";"Taxes";"IT";"Taxes, Fees, Levies and charges - MCS";"Rigid";"PROG";"EUR/kWh";2045;"0.034";"Current policies";"Electricity"
"OPEX";"Taxes";"IT";"Taxes, Fees, Levies and charges - MCS";"Tractor-Trailer";"PROG";"EUR/kWh";2045;"0.034";"Current policies";"Electricity"
"OPEX";"Taxes";"NL";"Taxes, Fees, Levies and charges - MCS";"Rigid";"PROG";"EUR/kWh";2045;"0.023";"Current policies";"Electricity"
"OPEX";"Taxes";"NL";"Taxes, Fees, Levies and charges - MCS";"Tractor-Trailer";"PROG";"EUR/kWh";2045;"0.023";"Current policies";"Electricity"
"OPEX";"Taxes";"PL";"Taxes, Fees, Levies and charges - MCS";"Rigid";"PROG";"EUR/kWh";2045;"0.045";"Current policies";"Electricity"
"OPEX";"Taxes";"PL";"Taxes, Fees, Levies and charges - MCS";"Tractor-Trailer";"PROG";"EUR/kWh";2045;"0.045";"Current policies";"Electricity"
"OPEX";"Taxes";"UK";"Taxes, Fees, Levies and charges - MCS";"Rigid";"PROG";"EUR/kWh";2045;"0.074";"Current policies";"Electricity"
"OPEX";"Taxes";"UK";"Taxes, Fees, Levies and charges - MCS";"Tractor-Trailer";"PROG";"EUR/kWh";2045;"0.074";"Current policies";"Electricity"
"OPEX";"Taxes";"DE";"Network Costs - Depot";"Rigid";"PROG";"EUR/kWh";2045;"0.034";"Current policies";"Electricity"
"OPEX";"Taxes";"DE";"Network Costs - Depot";"Tractor-Trailer";"PROG";"EUR/kWh";2045;"0.034";"Current policies";"Electricity"
"OPEX";"Taxes";"ES";"Network Costs - Depot";"Rigid";"PROG";"EUR/kWh";2045;"0.018";"Current policies";"Electricity"
"OPEX";"Taxes";"ES";"Network Costs - Depot";"Tractor-Trailer";"PROG";"EUR/kWh";2045;"0.018";"Current policies";"Electricity"
"OPEX";"Taxes";"FR";"Network Costs - Depot";"Rigid";"PROG";"EUR/kWh";2045;"0.018";"Current policies";"Electricity"
"OPEX";"Taxes";"FR";"Network Costs - Depot";"Tractor-Trailer";"PROG";"EUR/kWh";2045;"0.018";"Current policies";"Electricity"
"OPEX";"Taxes";"IT";"Network Costs - Depot";"Rigid";"PROG";"EUR/kWh";2045;"0.016";"Current policies";"Electricity"
"OPEX";"Taxes";"IT";"Network Costs - Depot";"Tractor-Trailer";"PROG";"EUR/kWh";2045;"0.016";"Current policies";"Electricity"
"OPEX";"Taxes";"NL";"Network Costs - Depot";"Rigid";"PROG";"EUR/kWh";2045;"0.016";"Current policies";"Electricity"
"OPEX";"Taxes";"NL";"Network Costs - Depot";"Tractor-Trailer";"PROG";"EUR/kWh";2045;"0.016";"Current policies";"Electricity"
"OPEX";"Taxes";"PL";"Network Costs - Depot";"Rigid";"PROG";"EUR/kWh";2045;"0.019";"Current policies";"Electricity"
"OPEX";"Taxes";"PL";"Network Costs - Depot";"Tractor-Trailer";"PROG";"EUR/kWh";2045;"0.019";"Current policies";"Electricity"
"OPEX";"Taxes";"UK";"Network Costs - Depot";"Rigid";"PROG";"EUR/kWh";2045;"0.027";"Current policies";"Electricity"
"OPEX";"Taxes";"UK";"Network Costs - Depot";"Tractor-Trailer";"PROG";"EUR/kWh";2045;"0.027";"Current policies";"Electricity"
"OPEX";"Taxes";"DE";"Taxes, Fees, Levies and charges - Depot";"Rigid";"PROG";"EUR/kWh";2045;"0.056";"Current policies";"Electricity"
"OPEX";"Taxes";"DE";"Taxes, Fees, Levies and charges - Depot";"Tractor-Trailer";"PROG";"EUR/kWh";2045;"0.056";"Current policies";"Electricity"
"OPEX";"Taxes";"ES";"Taxes, Fees, Levies and charges - Depot";"Rigid";"PROG";"EUR/kWh";2045;"0.036";"Current policies";"Electricity"
"OPEX";"Taxes";"ES";"Taxes, Fees, Levies and charges - Depot";"Tractor-Trailer";"PROG";"EUR/kWh";2045;"0.036";"Current policies";"Electricity"
"OPEX";"Taxes";"FR";"Taxes, Fees, Levies and charges - Depot";"Rigid";"PROG";"EUR/kWh";2045;"0.03";"Current policies";"Electricity"
"OPEX";"Taxes";"FR";"Taxes, Fees, Levies and charges - Depot";"Tractor-Trailer";"PROG";"EUR/kWh";2045;"0.03";"Current policies";"Electricity"
"OPEX";"Taxes";"IT";"Taxes, Fees, Levies and charges - Depot";"Rigid";"PROG";"EUR/kWh";2045;"0.063";"Current policies";"Electricity"
"OPEX";"Taxes";"IT";"Taxes, Fees, Levies and charges - Depot";"Tractor-Trailer";"PROG";"EUR/kWh";2045;"0.063";"Current policies";"Electricity"
"OPEX";"Taxes";"NL";"Taxes, Fees, Levies and charges - Depot";"Rigid";"PROG";"EUR/kWh";2045;"0.055";"Current policies";"Electricity"
"OPEX";"Taxes";"NL";"Taxes, Fees, Levies and charges - Depot";"Tractor-Trailer";"PROG";"EUR/kWh";2045;"0.055";"Current policies";"Electricity"
"OPEX";"Taxes";"PL";"Taxes, Fees, Levies and charges - Depot";"Rigid";"PROG";"EUR/kWh";2045;"0.049";"Current policies";"Electricity"
"OPEX";"Taxes";"PL";"Taxes, Fees, Levies and charges - Depot";"Tractor-Trailer";"PROG";"EUR/kWh";2045;"0.049";"Current policies";"Electricity"
"OPEX";"Taxes";"UK";"Taxes, Fees, Levies and charges - Depot";"Rigid";"PROG";"EUR/kWh";2045;"0.077";"Current policies";"Electricity"
"OPEX";"Taxes";"UK";"Taxes, Fees, Levies and charges - Depot";"Tractor-Trailer";"PROG";"EUR/kWh";2045;"0.077";"Current policies";"Electricity"
"OPEX";"H2 Infrastructure";"DE";"HRS costs";"Rigid";"PROG";"EUR/kg H2";2045;"0.65";"Current policies";"Hydrogen"
"OPEX";"H2 Infrastructure";"DE";"HRS costs";"Tractor-Trailer";"PROG";"EUR/kg H2";2045;"0.65";"Current policies";"Hydrogen"
"OPEX";"H2 Infrastructure";"ES";"HRS costs";"Rigid";"PROG";"EUR/kg H2";2045;"0.65";"Current policies";"Hydrogen"
"OPEX";"H2 Infrastructure";"ES";"HRS costs";"Tractor-Trailer";"PROG";"EUR/kg H2";2045;"0.65";"Current policies";"Hydrogen"
"OPEX";"H2 Infrastructure";"FR";"HRS costs";"Rigid";"PROG";"EUR/kg H2";2045;"0.65";"Current policies";"Hydrogen"
"OPEX";"H2 Infrastructure";"FR";"HRS costs";"Tractor-Trailer";"PROG";"EUR/kg H2";2045;"0.65";"Current policies";"Hydrogen"
"OPEX";"H2 Infrastructure";"IT";"HRS costs";"Rigid";"PROG";"EUR/kg H2";2045;"0.65";"Current policies";"Hydrogen"
"OPEX";"H2 Infrastructure";"IT";"HRS costs";"Tractor-Trailer";"PROG";"EUR/kg H2";2045;"0.65";"Current policies";"Hydrogen"
"OPEX";"H2 Infrastructure";"NL";"HRS costs";"Rigid";"PROG";"EUR/kg H2";2045;"0.65";"Current policies";"Hydrogen"
"OPEX";"H2 Infrastructure";"NL";"HRS costs";"Tractor-Trailer";"PROG";"EUR/kg H2";2045;"0.65";"Current policies";"Hydrogen"
"OPEX";"H2 Infrastructure";"PL";"HRS costs";"Rigid";"PROG";"EUR/kg H2";2045;"0.65";"Current policies";"Hydrogen"
"OPEX";"H2 Infrastructure";"PL";"HRS costs";"Tractor-Trailer";"PROG";"EUR/kg H2";2045;"0.65";"Current policies";"Hydrogen"
"OPEX";"H2 Infrastructure";"UK";"HRS costs";"Rigid";"PROG";"EUR/kg H2";2045;"0.65";"Current policies";"Hydrogen"
"OPEX";"H2 Infrastructure";"UK";"HRS costs";"Tractor-Trailer";"PROG";"EUR/kg H2";2045;"0.65";"Current policies";"Hydrogen"
"OPEX";"H2 Infrastructure";"DE";"H2 transport and distribution";"Rigid";"PROG";"EUR/kg H2";2045;"0.667";"Current policies";"Hydrogen"
"OPEX";"H2 Infrastructure";"DE";"H2 transport and distribution";"Tractor-Trailer";"PROG";"EUR/kg H2";2045;"0.667";"Current policies";"Hydrogen"
"OPEX";"H2 Infrastructure";"ES";"H2 transport and distribution";"Rigid";"PROG";"EUR/kg H2";2045;"0.667";"Current policies";"Hydrogen"
"OPEX";"H2 Infrastructure";"ES";"H2 transport and distribution";"Tractor-Trailer";"PROG";"EUR/kg H2";2045;"0.667";"Current policies";"Hydrogen"
"OPEX";"H2 Infrastructure";"FR";"H2 transport and distribution";"Rigid";"PROG";"EUR/kg H2";2045;"0.667";"Current policies";"Hydrogen"
"OPEX";"H2 Infrastructure";"FR";"H2 transport and distribution";"Tractor-Trailer";"PROG";"EUR/kg H2";2045;"0.667";"Current policies";"Hydrogen"
"OPEX";"H2 Infrastructure";"IT";"H2 transport and distribution";"Rigid";"PROG";"EUR/kg H2";2045;"0.667";"Current policies";"Hydrogen"
"OPEX";"H2 Infrastructure";"IT";"H2 transport and distribution";"Tractor-Trailer";"PROG";"EUR/kg H2";2045;"0.667";"Current policies";"Hydrogen"
"OPEX";"H2 Infrastructure";"NL";"H2 transport and distribution";"Rigid";"PROG";"EUR/kg H2";2045;"0.667";"Current policies";"Hydrogen"
"OPEX";"H2 Infrastructure";"NL";"H2 transport and distribution";"Tractor-Trailer";"PROG";"EUR/kg H2";2045;"0.667";"Current policies";"Hydrogen"
"OPEX";"H2 Infrastructure";"PL";"H2 transport and distribution";"Rigid";"PROG";"EUR/kg H2";2045;"0.667";"Current policies";"Hydrogen"
"OPEX";"H2 Infrastructure";"PL";"H2 transport and distribution";"Tractor-Trailer";"PROG";"EUR/kg H2";2045;"0.667";"Current policies";"Hydrogen"
"OPEX";"H2 Infrastructure";"UK";"H2 transport and distribution";"Rigid";"PROG";"EUR/kg H2";2045;"0.667";"Current policies";"Hydrogen"
"OPEX";"H2 Infrastructure";"UK";"H2 transport and distribution";"Tractor-Trailer";"PROG";"EUR/kg H2";2045;"0.667";"Current policies";"Hydrogen"
"OPEX";"H2 Infrastructure";"DE";"HRS Overhead, Profit and Mark-Up";"Rigid";"PROG";"EUR/kg H2";2045;"0.25";"Current policies";"Hydrogen"
"OPEX";"H2 Infrastructure";"DE";"HRS Overhead, Profit and Mark-Up";"Tractor-Trailer";"PROG";"EUR/kg H2";2045;"0.25";"Current policies";"Hydrogen"
"OPEX";"H2 Infrastructure";"ES";"HRS Overhead, Profit and Mark-Up";"Rigid";"PROG";"EUR/kg H2";2045;"0.25";"Current policies";"Hydrogen"
"OPEX";"H2 Infrastructure";"ES";"HRS Overhead, Profit and Mark-Up";"Tractor-Trailer";"PROG";"EUR/kg H2";2045;"0.25";"Current policies";"Hydrogen"
"OPEX";"H2 Infrastructure";"FR";"HRS Overhead, Profit and Mark-Up";"Rigid";"PROG";"EUR/kg H2";2045;"0.25";"Current policies";"Hydrogen"
"OPEX";"H2 Infrastructure";"FR";"HRS Overhead, Profit and Mark-Up";"Tractor-Trailer";"PROG";"EUR/kg H2";2045;"0.25";"Current policies";"Hydrogen"
"OPEX";"H2 Infrastructure";"IT";"HRS Overhead, Profit and Mark-Up";"Rigid";"PROG";"EUR/kg H2";2045;"0.25";"Current policies";"Hydrogen"
"OPEX";"H2 Infrastructure";"IT";"HRS Overhead, Profit and Mark-Up";"Tractor-Trailer";"PROG";"EUR/kg H2";2045;"0.25";"Current policies";"Hydrogen"
"OPEX";"H2 Infrastructure";"NL";"HRS Overhead, Profit and Mark-Up";"Rigid";"PROG";"EUR/kg H2";2045;"0.25";"Current policies";"Hydrogen"
"OPEX";"H2 Infrastructure";"NL";"HRS Overhead, Profit and Mark-Up";"Tractor-Trailer";"PROG";"EUR/kg H2";2045;"0.25";"Current policies";"Hydrogen"
"OPEX";"H2 Infrastructure";"PL";"HRS Overhead, Profit and Mark-Up";"Rigid";"PROG";"EUR/kg H2";2045;"0.25";"Current policies";"Hydrogen"
"OPEX";"H2 Infrastructure";"PL";"HRS Overhead, Profit and Mark-Up";"Tractor-Trailer";"PROG";"EUR/kg H2";2045;"0.25";"Current policies";"Hydrogen"
"OPEX";"H2 Infrastructure";"UK";"HRS Overhead, Profit and Mark-Up";"Rigid";"PROG";"EUR/kg H2";2045;"0.25";"Current policies";"Hydrogen"
"OPEX";"H2 Infrastructure";"UK";"HRS Overhead, Profit and Mark-Up";"Tractor-Trailer";"PROG";"EUR/kg H2";2045;"0.25";"Current policies";"Hydrogen"
"OPEX";"Charging Infrastructure";"DE";"MCS Station (Public Charging) - Incl. Overhead";"Rigid";"PROG";"EUR/kWh";2045;"0.015";"Current policies";"Electricity"
"OPEX";"Charging Infrastructure";"DE";"MCS Station (Public Charging) - Incl. Overhead";"Tractor-Trailer";"PROG";"EUR/kWh";2045;"0.015";"Current policies";"Electricity"
"OPEX";"Charging Infrastructure";"ES";"MCS Station (Public Charging) - Incl. Overhead";"Rigid";"PROG";"EUR/kWh";2045;"0.015";"Current policies";"Electricity"
"OPEX";"Charging Infrastructure";"ES";"MCS Station (Public Charging) - Incl. Overhead";"Tractor-Trailer";"PROG";"EUR/kWh";2045;"0.015";"Current policies";"Electricity"
"OPEX";"Charging Infrastructure";"FR";"MCS Station (Public Charging) - Incl. Overhead";"Rigid";"PROG";"EUR/kWh";2045;"0.015";"Current policies";"Electricity"
"OPEX";"Charging Infrastructure";"FR";"MCS Station (Public Charging) - Incl. Overhead";"Tractor-Trailer";"PROG";"EUR/kWh";2045;"0.015";"Current policies";"Electricity"
"OPEX";"Charging Infrastructure";"IT";"MCS Station (Public Charging) - Incl. Overhead";"Rigid";"PROG";"EUR/kWh";2045;"0.015";"Current policies";"Electricity"
"OPEX";"Charging Infrastructure";"IT";"MCS Station (Public Charging) - Incl. Overhead";"Tractor-Trailer";"PROG";"EUR/kWh";2045;"0.015";"Current policies";"Electricity"
"OPEX";"Charging Infrastructure";"NL";"MCS Station (Public Charging) - Incl. Overhead";"Rigid";"PROG";"EUR/kWh";2045;"0.015";"Current policies";"Electricity"
"OPEX";"Charging Infrastructure";"NL";"MCS Station (Public Charging) - Incl. Overhead";"Tractor-Trailer";"PROG";"EUR/kWh";2045;"0.015";"Current policies";"Electricity"
"OPEX";"Charging Infrastructure";"PL";"MCS Station (Public Charging) - Incl. Overhead";"Rigid";"PROG";"EUR/kWh";2045;"0.015";"Current policies";"Electricity"
"OPEX";"Charging Infrastructure";"PL";"MCS Station (Public Charging) - Incl. Overhead";"Tractor-Trailer";"PROG";"EUR/kWh";2045;"0.015";"Current policies";"Electricity"
"OPEX";"Charging Infrastructure";"UK";"MCS Station (Public Charging) - Incl. Overhead";"Rigid";"PROG";"EUR/kWh";2045;"0.015";"Current policies";"Electricity"
"OPEX";"Charging Infrastructure";"UK";"MCS Station (Public Charging) - Incl. Overhead";"Tractor-Trailer";"PROG";"EUR/kWh";2045;"0.015";"Current policies";"Electricity"
"OPEX";"Charging Infrastructure";"DE";"Share MCS-Charging";"Rigid";"PROG";"%";2045;"0.2";"Current policies";"Electricity"
"OPEX";"Charging Infrastructure";"DE";"Share MCS-Charging";"Tractor-Trailer";"PROG";"%";2045;"0.2";"Current policies";"Electricity"
"OPEX";"Charging Infrastructure";"ES";"Share MCS-Charging";"Rigid";"PROG";"%";2045;"0.2";"Current policies";"Electricity"
"OPEX";"Charging Infrastructure";"ES";"Share MCS-Charging";"Tractor-Trailer";"PROG";"%";2045;"0.2";"Current policies";"Electricity"
"OPEX";"Charging Infrastructure";"FR";"Share MCS-Charging";"Rigid";"PROG";"%";2045;"0.2";"Current policies";"Electricity"
"OPEX";"Charging Infrastructure";"FR";"Share MCS-Charging";"Tractor-Trailer";"PROG";"%";2045;"0.2";"Current policies";"Electricity"
"OPEX";"Charging Infrastructure";"IT";"Share MCS-Charging";"Rigid";"PROG";"%";2045;"0.2";"Current policies";"Electricity"
"OPEX";"Charging Infrastructure";"IT";"Share MCS-Charging";"Tractor-Trailer";"PROG";"%";2045;"0.2";"Current policies";"Electricity"
"OPEX";"Charging Infrastructure";"NL";"Share MCS-Charging";"Rigid";"PROG";"%";2045;"0.2";"Current policies";"Electricity"
"OPEX";"Charging Infrastructure";"NL";"Share MCS-Charging";"Tractor-Trailer";"PROG";"%";2045;"0.2";"Current policies";"Electricity"
"OPEX";"Charging Infrastructure";"PL";"Share MCS-Charging";"Rigid";"PROG";"%";2045;"0.2";"Current policies";"Electricity"
"OPEX";"Charging Infrastructure";"PL";"Share MCS-Charging";"Tractor-Trailer";"PROG";"%";2045;"0.2";"Current policies";"Electricity"
"OPEX";"Charging Infrastructure";"UK";"Share MCS-Charging";"Rigid";"PROG";"%";2045;"0.2";"Current policies";"Electricity"
"OPEX";"Charging Infrastructure";"UK";"Share MCS-Charging";"Tractor-Trailer";"PROG";"%";2045;"0.2";"Current policies";"Electricity"
"OPEX";"Charging Infrastructure";"DE";"Depot - Network fees savings potential";"Rigid";"PROG";"EUR/kWh";2045;"-0.01";"Current policies";"Electricity"
"OPEX";"Charging Infrastructure";"DE";"Depot - Network fees savings potential";"Tractor-Trailer";"PROG";"EUR/kWh";2045;"-0.01";"Current policies";"Electricity"
"OPEX";"Charging Infrastructure";"ES";"Depot - Network fees savings potential";"Rigid";"PROG";"EUR/kWh";2045;"-0.01";"Current policies";"Electricity"
"OPEX";"Charging Infrastructure";"ES";"Depot - Network fees savings potential";"Tractor-Trailer";"PROG";"EUR/kWh";2045;"-0.01";"Current policies";"Electricity"
"OPEX";"Charging Infrastructure";"FR";"Depot - Network fees savings potential";"Rigid";"PROG";"EUR/kWh";2045;"-0.01";"Current policies";"Electricity"
"OPEX";"Charging Infrastructure";"FR";"Depot - Network fees savings potential";"Tractor-Trailer";"PROG";"EUR/kWh";2045;"-0.01";"Current policies";"Electricity"
"OPEX";"Charging Infrastructure";"IT";"Depot - Network fees savings potential";"Rigid";"PROG";"EUR/kWh";2045;"-0.01";"Current policies";"Electricity"
"OPEX";"Charging Infrastructure";"IT";"Depot - Network fees savings potential";"Tractor-Trailer";"PROG";"EUR/kWh";2045;"-0.01";"Current policies";"Electricity"
"OPEX";"Charging Infrastructure";"NL";"Depot - Network fees savings potential";"Rigid";"PROG";"EUR/kWh";2045;"-0.01";"Current policies";"Electricity"
"OPEX";"Charging Infrastructure";"NL";"Depot - Network fees savings potential";"Tractor-Trailer";"PROG";"EUR/kWh";2045;"-0.01";"Current policies";"Electricity"
"OPEX";"Charging Infrastructure";"PL";"Depot - Network fees savings potential";"Rigid";"PROG";"EUR/kWh";2045;"-0.01";"Current policies";"Electricity"
"OPEX";"Charging Infrastructure";"PL";"Depot - Network fees savings potential";"Tractor-Trailer";"PROG";"EUR/kWh";2045;"-0.01";"Current policies";"Electricity"
"OPEX";"Charging Infrastructure";"UK";"Depot - Network fees savings potential";"Rigid";"PROG";"EUR/kWh";2045;"-0.01";"Current policies";"Electricity"
"OPEX";"Charging Infrastructure";"UK";"Depot - Network fees savings potential";"Tractor-Trailer";"PROG";"EUR/kWh";2045;"-0.01";"Current policies";"Electricity"
"OPEX";"Taxes";"DE";"Tax reduction";"Rigid";"PROG";"%";2045;"0";"Current policies";"Hydrogen"
"OPEX";"Taxes";"DE";"Tax reduction";"Tractor-Trailer";"PROG";"%";2045;"0";"Current policies";"Hydrogen"
"OPEX";"Taxes";"ES";"Tax reduction";"Rigid";"PROG";"%";2045;"0";"Current policies";"Hydrogen"
"OPEX";"Taxes";"ES";"Tax reduction";"Tractor-Trailer";"PROG";"%";2045;"0";"Current policies";"Hydrogen"
"OPEX";"Taxes";"FR";"Tax reduction";"Rigid";"PROG";"%";2045;"0";"Current policies";"Hydrogen"
"OPEX";"Taxes";"FR";"Tax reduction";"Tractor-Trailer";"PROG";"%";2045;"0";"Current policies";"Hydrogen"
"OPEX";"Taxes";"IT";"Tax reduction";"Rigid";"PROG";"%";2045;"0";"Current policies";"Hydrogen"
"OPEX";"Taxes";"IT";"Tax reduction";"Tractor-Trailer";"PROG";"%";2045;"0";"Current policies";"Hydrogen"
"OPEX";"Taxes";"NL";"Tax reduction";"Rigid";"PROG";"%";2045;"0";"Current policies";"Hydrogen"
"OPEX";"Taxes";"NL";"Tax reduction";"Tractor-Trailer";"PROG";"%";2045;"0";"Current policies";"Hydrogen"
"OPEX";"Taxes";"PL";"Tax reduction";"Rigid";"PROG";"%";2045;"0";"Current policies";"Hydrogen"
"OPEX";"Taxes";"PL";"Tax reduction";"Tractor-Trailer";"PROG";"%";2045;"0";"Current policies";"Hydrogen"
"OPEX";"Taxes";"UK";"Tax reduction";"Rigid";"PROG";"%";2045;"0";"Current policies";"Hydrogen"
"OPEX";"Taxes";"UK";"Tax reduction";"Tractor-Trailer";"PROG";"%";2045;"0";"Current policies";"Hydrogen"
"OPEX";"Taxes";"DE";"Excise Duty - Diesel";"Rigid";"BAU";"EUR/kWh";2045;"0.047";"Current policies";"Diesel"
"OPEX";"Taxes";"DE";"Excise Duty - Diesel";"Tractor-Trailer";"BAU";"EUR/kWh";2045;"0.047";"Current policies";"Diesel"
"OPEX";"Taxes";"DE";"Excise Duty - Diesel";"Rigid";"PROG";"EUR/kWh";2045;"0.047";"Current policies";"Diesel"
"OPEX";"Taxes";"DE";"Excise Duty - Diesel";"Tractor-Trailer";"PROG";"EUR/kWh";2045;"0.047";"Current policies";"Diesel"
"OPEX";"Taxes";"ES";"Excise Duty - Diesel";"Rigid";"BAU";"EUR/kWh";2045;"0.038";"Current policies";"Diesel"
"OPEX";"Taxes";"ES";"Excise Duty - Diesel";"Tractor-Trailer";"BAU";"EUR/kWh";2045;"0.038";"Current policies";"Diesel"
"OPEX";"Taxes";"ES";"Excise Duty - Diesel";"Rigid";"PROG";"EUR/kWh";2045;"0.038";"Current policies";"Diesel"
"OPEX";"Taxes";"ES";"Excise Duty - Diesel";"Tractor-Trailer";"PROG";"EUR/kWh";2045;"0.038";"Current policies";"Diesel"
"OPEX";"Taxes";"FR";"Excise Duty - Diesel";"Rigid";"BAU";"EUR/kWh";2045;"0.06";"Current policies";"Diesel"
"OPEX";"Taxes";"FR";"Excise Duty - Diesel";"Tractor-Trailer";"BAU";"EUR/kWh";2045;"0.06";"Current policies";"Diesel"
"OPEX";"Taxes";"FR";"Excise Duty - Diesel";"Rigid";"PROG";"EUR/kWh";2045;"0.06";"Current policies";"Diesel"
"OPEX";"Taxes";"FR";"Excise Duty - Diesel";"Tractor-Trailer";"PROG";"EUR/kWh";2045;"0.06";"Current policies";"Diesel"
"OPEX";"Taxes";"IT";"Excise Duty - Diesel";"Rigid";"BAU";"EUR/kWh";2045;"0.062";"Current policies";"Diesel"
"OPEX";"Taxes";"IT";"Excise Duty - Diesel";"Tractor-Trailer";"BAU";"EUR/kWh";2045;"0.062";"Current policies";"Diesel"
"OPEX";"Taxes";"IT";"Excise Duty - Diesel";"Rigid";"PROG";"EUR/kWh";2045;"0.062";"Current policies";"Diesel"
"OPEX";"Taxes";"IT";"Excise Duty - Diesel";"Tractor-Trailer";"PROG";"EUR/kWh";2045;"0.062";"Current policies";"Diesel"
"OPEX";"Taxes";"NL";"Excise Duty - Diesel";"Rigid";"BAU";"EUR/kWh";2045;"0.053";"Current policies";"Diesel"
"OPEX";"Taxes";"NL";"Excise Duty - Diesel";"Tractor-Trailer";"BAU";"EUR/kWh";2045;"0.053";"Current policies";"Diesel"
"OPEX";"Taxes";"NL";"Excise Duty - Diesel";"Rigid";"PROG";"EUR/kWh";2045;"0.053";"Current policies";"Diesel"
"OPEX";"Taxes";"NL";"Excise Duty - Diesel";"Tractor-Trailer";"PROG";"EUR/kWh";2045;"0.053";"Current policies";"Diesel"
"OPEX";"Taxes";"PL";"Excise Duty - Diesel";"Rigid";"BAU";"EUR/kWh";2045;"0.033";"Current policies";"Diesel"
"OPEX";"Taxes";"PL";"Excise Duty - Diesel";"Tractor-Trailer";"BAU";"EUR/kWh";2045;"0.033";"Current policies";"Diesel"
"OPEX";"Taxes";"PL";"Excise Duty - Diesel";"Rigid";"PROG";"EUR/kWh";2045;"0.033";"Current policies";"Diesel"
"OPEX";"Taxes";"PL";"Excise Duty - Diesel";"Tractor-Trailer";"PROG";"EUR/kWh";2045;"0.033";"Current policies";"Diesel"
"OPEX";"Taxes";"UK";"Excise Duty - Diesel";"Rigid";"BAU";"EUR/kWh";2045;"0.053";"Current policies";"Diesel"
"OPEX";"Taxes";"UK";"Excise Duty - Diesel";"Tractor-Trailer";"BAU";"EUR/kWh";2045;"0.053";"Current policies";"Diesel"
"OPEX";"Taxes";"UK";"Excise Duty - Diesel";"Rigid";"PROG";"EUR/kWh";2045;"0.053";"Current policies";"Diesel"
"OPEX";"Taxes";"UK";"Excise Duty - Diesel";"Tractor-Trailer";"PROG";"EUR/kWh";2045;"0.053";"Current policies";"Diesel"
"OPEX";"Taxes";"DE";"Excise Duty - Reduction biodiesel";"Rigid";"BAU";"%";2045;"0.5";"Current policies";"Diesel"
"OPEX";"Taxes";"DE";"Excise Duty - Reduction biodiesel";"Tractor-Trailer";"BAU";"%";2045;"0.5";"Current policies";"Diesel"
"OPEX";"Taxes";"DE";"Excise Duty - Reduction biodiesel";"Rigid";"PROG";"%";2045;"0.5";"Current policies";"Diesel"
"OPEX";"Taxes";"DE";"Excise Duty - Reduction biodiesel";"Tractor-Trailer";"PROG";"%";2045;"0.5";"Current policies";"Diesel"
"OPEX";"Taxes";"ES";"Excise Duty - Reduction biodiesel";"Rigid";"BAU";"%";2045;"0.5";"Current policies";"Diesel"
"OPEX";"Taxes";"ES";"Excise Duty - Reduction biodiesel";"Tractor-Trailer";"BAU";"%";2045;"0.5";"Current policies";"Diesel"
"OPEX";"Taxes";"ES";"Excise Duty - Reduction biodiesel";"Rigid";"PROG";"%";2045;"0.5";"Current policies";"Diesel"
"OPEX";"Taxes";"ES";"Excise Duty - Reduction biodiesel";"Tractor-Trailer";"PROG";"%";2045;"0.5";"Current policies";"Diesel"
"OPEX";"Taxes";"FR";"Excise Duty - Reduction biodiesel";"Rigid";"BAU";"%";2045;"0.5";"Current policies";"Diesel"
"OPEX";"Taxes";"FR";"Excise Duty - Reduction biodiesel";"Tractor-Trailer";"BAU";"%";2045;"0.5";"Current policies";"Diesel"
"OPEX";"Taxes";"FR";"Excise Duty - Reduction biodiesel";"Rigid";"PROG";"%";2045;"0.5";"Current policies";"Diesel"
"OPEX";"Taxes";"FR";"Excise Duty - Reduction biodiesel";"Tractor-Trailer";"PROG";"%";2045;"0.5";"Current policies";"Diesel"
"OPEX";"Taxes";"IT";"Excise Duty - Reduction biodiesel";"Rigid";"BAU";"%";2045;"0.5";"Current policies";"Diesel"
"OPEX";"Taxes";"IT";"Excise Duty - Reduction biodiesel";"Tractor-Trailer";"BAU";"%";2045;"0.5";"Current policies";"Diesel"
"OPEX";"Taxes";"IT";"Excise Duty - Reduction biodiesel";"Rigid";"PROG";"%";2045;"0.5";"Current policies";"Diesel"
"OPEX";"Taxes";"IT";"Excise Duty - Reduction biodiesel";"Tractor-Trailer";"PROG";"%";2045;"0.5";"Current policies";"Diesel"
"OPEX";"Taxes";"NL";"Excise Duty - Reduction biodiesel";"Rigid";"BAU";"%";2045;"0.5";"Current policies";"Diesel"
"OPEX";"Taxes";"NL";"Excise Duty - Reduction biodiesel";"Tractor-Trailer";"BAU";"%";2045;"0.5";"Current policies";"Diesel"
"OPEX";"Taxes";"NL";"Excise Duty - Reduction biodiesel";"Rigid";"PROG";"%";2045;"0.5";"Current policies";"Diesel"
"OPEX";"Taxes";"NL";"Excise Duty - Reduction biodiesel";"Tractor-Trailer";"PROG";"%";2045;"0.5";"Current policies";"Diesel"
"OPEX";"Taxes";"PL";"Excise Duty - Reduction biodiesel";"Rigid";"BAU";"%";2045;"0.5";"Current policies";"Diesel"
"OPEX";"Taxes";"PL";"Excise Duty - Reduction biodiesel";"Tractor-Trailer";"BAU";"%";2045;"0.5";"Current policies";"Diesel"
"OPEX";"Taxes";"PL";"Excise Duty - Reduction biodiesel";"Rigid";"PROG";"%";2045;"0.5";"Current policies";"Diesel"
"OPEX";"Taxes";"PL";"Excise Duty - Reduction biodiesel";"Tractor-Trailer";"PROG";"%";2045;"0.5";"Current policies";"Diesel"
"OPEX";"Taxes";"UK";"Excise Duty - Reduction biodiesel";"Rigid";"BAU";"%";2045;"0.5";"Current policies";"Diesel"
"OPEX";"Taxes";"UK";"Excise Duty - Reduction biodiesel";"Tractor-Trailer";"BAU";"%";2045;"0.5";"Current policies";"Diesel"
"OPEX";"Taxes";"UK";"Excise Duty - Reduction biodiesel";"Rigid";"PROG";"%";2045;"0.5";"Current policies";"Diesel"
"OPEX";"Taxes";"UK";"Excise Duty - Reduction biodiesel";"Tractor-Trailer";"PROG";"%";2045;"0.5";"Current policies";"Diesel"
"OPEX";"Taxes";"DE";"Excise Duty - Reduction Synthetic Diesel (E-Fuels)";"Rigid";"BAU";"%";2045;"0.5";"Current policies";"Diesel"
"OPEX";"Taxes";"DE";"Excise Duty - Reduction Synthetic Diesel (E-Fuels)";"Tractor-Trailer";"BAU";"%";2045;"0.5";"Current policies";"Diesel"
"OPEX";"Taxes";"DE";"Excise Duty - Reduction Synthetic Diesel (E-Fuels)";"Rigid";"PROG";"%";2045;"0.5";"Current policies";"Diesel"
"OPEX";"Taxes";"DE";"Excise Duty - Reduction Synthetic Diesel (E-Fuels)";"Tractor-Trailer";"PROG";"%";2045;"0.5";"Current policies";"Diesel"
"OPEX";"Taxes";"ES";"Excise Duty - Reduction Synthetic Diesel (E-Fuels)";"Rigid";"BAU";"%";2045;"0.5";"Current policies";"Diesel"
"OPEX";"Taxes";"ES";"Excise Duty - Reduction Synthetic Diesel (E-Fuels)";"Tractor-Trailer";"BAU";"%";2045;"0.5";"Current policies";"Diesel"
"OPEX";"Taxes";"ES";"Excise Duty - Reduction Synthetic Diesel (E-Fuels)";"Rigid";"PROG";"%";2045;"0.5";"Current policies";"Diesel"
"OPEX";"Taxes";"ES";"Excise Duty - Reduction Synthetic Diesel (E-Fuels)";"Tractor-Trailer";"PROG";"%";2045;"0.5";"Current policies";"Diesel"
"OPEX";"Taxes";"FR";"Excise Duty - Reduction Synthetic Diesel (E-Fuels)";"Rigid";"BAU";"%";2045;"0.5";"Current policies";"Diesel"
"OPEX";"Taxes";"FR";"Excise Duty - Reduction Synthetic Diesel (E-Fuels)";"Tractor-Trailer";"BAU";"%";2045;"0.5";"Current policies";"Diesel"
"OPEX";"Taxes";"FR";"Excise Duty - Reduction Synthetic Diesel (E-Fuels)";"Rigid";"PROG";"%";2045;"0.5";"Current policies";"Diesel"
"OPEX";"Taxes";"FR";"Excise Duty - Reduction Synthetic Diesel (E-Fuels)";"Tractor-Trailer";"PROG";"%";2045;"0.5";"Current policies";"Diesel"
"OPEX";"Taxes";"IT";"Excise Duty - Reduction Synthetic Diesel (E-Fuels)";"Rigid";"BAU";"%";2045;"0.5";"Current policies";"Diesel"
"OPEX";"Taxes";"IT";"Excise Duty - Reduction Synthetic Diesel (E-Fuels)";"Tractor-Trailer";"BAU";"%";2045;"0.5";"Current policies";"Diesel"
"OPEX";"Taxes";"IT";"Excise Duty - Reduction Synthetic Diesel (E-Fuels)";"Rigid";"PROG";"%";2045;"0.5";"Current policies";"Diesel"
"OPEX";"Taxes";"IT";"Excise Duty - Reduction Synthetic Diesel (E-Fuels)";"Tractor-Trailer";"PROG";"%";2045;"0.5";"Current policies";"Diesel"
"OPEX";"Taxes";"NL";"Excise Duty - Reduction Synthetic Diesel (E-Fuels)";"Rigid";"BAU";"%";2045;"0.5";"Current policies";"Diesel"
"OPEX";"Taxes";"NL";"Excise Duty - Reduction Synthetic Diesel (E-Fuels)";"Tractor-Trailer";"BAU";"%";2045;"0.5";"Current policies";"Diesel"
"OPEX";"Taxes";"NL";"Excise Duty - Reduction Synthetic Diesel (E-Fuels)";"Rigid";"PROG";"%";2045;"0.5";"Current policies";"Diesel"
"OPEX";"Taxes";"NL";"Excise Duty - Reduction Synthetic Diesel (E-Fuels)";"Tractor-Trailer";"PROG";"%";2045;"0.5";"Current policies";"Diesel"
"OPEX";"Taxes";"PL";"Excise Duty - Reduction Synthetic Diesel (E-Fuels)";"Rigid";"BAU";"%";2045;"0.5";"Current policies";"Diesel"
"OPEX";"Taxes";"PL";"Excise Duty - Reduction Synthetic Diesel (E-Fuels)";"Tractor-Trailer";"BAU";"%";2045;"0.5";"Current policies";"Diesel"
"OPEX";"Taxes";"PL";"Excise Duty - Reduction Synthetic Diesel (E-Fuels)";"Rigid";"PROG";"%";2045;"0.5";"Current policies";"Diesel"
"OPEX";"Taxes";"PL";"Excise Duty - Reduction Synthetic Diesel (E-Fuels)";"Tractor-Trailer";"PROG";"%";2045;"0.5";"Current policies";"Diesel"
"OPEX";"Taxes";"UK";"Excise Duty - Reduction Synthetic Diesel (E-Fuels)";"Rigid";"BAU";"%";2045;"0.5";"Current policies";"Diesel"
"OPEX";"Taxes";"UK";"Excise Duty - Reduction Synthetic Diesel (E-Fuels)";"Tractor-Trailer";"BAU";"%";2045;"0.5";"Current policies";"Diesel"
"OPEX";"Taxes";"UK";"Excise Duty - Reduction Synthetic Diesel (E-Fuels)";"Rigid";"PROG";"%";2045;"0.5";"Current policies";"Diesel"
"OPEX";"Taxes";"UK";"Excise Duty - Reduction Synthetic Diesel (E-Fuels)";"Tractor-Trailer";"PROG";"%";2045;"0.5";"Current policies";"Diesel"
"OPEX";"Taxes";"DE";"Taxes, Fees, Levies and charges - H2";"Rigid";"BAU";"EUR/kWh";2045;"0.015";"Current policies";"Hydrogen"
"OPEX";"Taxes";"DE";"Taxes, Fees, Levies and charges - H2";"Tractor-Trailer";"BAU";"EUR/kWh";2045;"0.015";"Current policies";"Hydrogen"
"OPEX";"Taxes";"DE";"Taxes, Fees, Levies and charges - H2";"Rigid";"PROG";"EUR/kWh";2045;"0.015";"Current policies";"Hydrogen"
"OPEX";"Taxes";"DE";"Taxes, Fees, Levies and charges - H2";"Tractor-Trailer";"PROG";"EUR/kWh";2045;"0.015";"Current policies";"Hydrogen"
"OPEX";"Taxes";"ES";"Taxes, Fees, Levies and charges - H2";"Rigid";"BAU";"EUR/kWh";2045;"0.008";"Current policies";"Hydrogen"
"OPEX";"Taxes";"ES";"Taxes, Fees, Levies and charges - H2";"Tractor-Trailer";"BAU";"EUR/kWh";2045;"0.008";"Current policies";"Hydrogen"
"OPEX";"Taxes";"ES";"Taxes, Fees, Levies and charges - H2";"Rigid";"PROG";"EUR/kWh";2045;"0.008";"Current policies";"Hydrogen"
"OPEX";"Taxes";"ES";"Taxes, Fees, Levies and charges - H2";"Tractor-Trailer";"PROG";"EUR/kWh";2045;"0.008";"Current policies";"Hydrogen"
"OPEX";"Taxes";"FR";"Taxes, Fees, Levies and charges - H2";"Rigid";"BAU";"EUR/kWh";2045;"0.012";"Current policies";"Hydrogen"
"OPEX";"Taxes";"FR";"Taxes, Fees, Levies and charges - H2";"Tractor-Trailer";"BAU";"EUR/kWh";2045;"0.012";"Current policies";"Hydrogen"
"OPEX";"Taxes";"FR";"Taxes, Fees, Levies and charges - H2";"Rigid";"PROG";"EUR/kWh";2045;"0.012";"Current policies";"Hydrogen"
"OPEX";"Taxes";"FR";"Taxes, Fees, Levies and charges - H2";"Tractor-Trailer";"PROG";"EUR/kWh";2045;"0.012";"Current policies";"Hydrogen"
"OPEX";"Taxes";"IT";"Taxes, Fees, Levies and charges - H2";"Rigid";"BAU";"EUR/kWh";2045;"0.009";"Current policies";"Hydrogen"
"OPEX";"Taxes";"IT";"Taxes, Fees, Levies and charges - H2";"Tractor-Trailer";"BAU";"EUR/kWh";2045;"0.009";"Current policies";"Hydrogen"
"OPEX";"Taxes";"IT";"Taxes, Fees, Levies and charges - H2";"Rigid";"PROG";"EUR/kWh";2045;"0.009";"Current policies";"Hydrogen"
"OPEX";"Taxes";"IT";"Taxes, Fees, Levies and charges - H2";"Tractor-Trailer";"PROG";"EUR/kWh";2045;"0.009";"Current policies";"Hydrogen"
"OPEX";"Taxes";"NL";"Taxes, Fees, Levies and charges - H2";"Rigid";"BAU";"EUR/kWh";2045;"0.024";"Current policies";"Hydrogen"
"OPEX";"Taxes";"NL";"Taxes, Fees, Levies and charges - H2";"Tractor-Trailer";"BAU";"EUR/kWh";2045;"0.024";"Current policies";"Hydrogen"
"OPEX";"Taxes";"NL";"Taxes, Fees, Levies and charges - H2";"Rigid";"PROG";"EUR/kWh";2045;"0.024";"Current policies";"Hydrogen"
"OPEX";"Taxes";"NL";"Taxes, Fees, Levies and charges - H2";"Tractor-Trailer";"PROG";"EUR/kWh";2045;"0.024";"Current policies";"Hydrogen"
"OPEX";"Taxes";"PL";"Taxes, Fees, Levies and charges - H2";"Rigid";"BAU";"EUR/kWh";2045;"0.009";"Current policies";"Hydrogen"
"OPEX";"Taxes";"PL";"Taxes, Fees, Levies and charges - H2";"Tractor-Trailer";"BAU";"EUR/kWh";2045;"0.009";"Current policies";"Hydrogen"
"OPEX";"Taxes";"PL";"Taxes, Fees, Levies and charges - H2";"Rigid";"PROG";"EUR/kWh";2045;"0.009";"Current policies";"Hydrogen"
"OPEX";"Taxes";"PL";"Taxes, Fees, Levies and charges - H2";"Tractor-Trailer";"PROG";"EUR/kWh";2045;"0.009";"Current policies";"Hydrogen"
"OPEX";"Taxes";"UK";"Taxes, Fees, Levies and charges - H2";"Rigid";"BAU";"EUR/kWh";2045;"0.006";"Current policies";"Hydrogen"
"OPEX";"Taxes";"UK";"Taxes, Fees, Levies and charges - H2";"Tractor-Trailer";"BAU";"EUR/kWh";2045;"0.006";"Current policies";"Hydrogen"
"OPEX";"Taxes";"UK";"Taxes, Fees, Levies and charges - H2";"Rigid";"PROG";"EUR/kWh";2045;"0.006";"Current policies";"Hydrogen"
"OPEX";"Taxes";"UK";"Taxes, Fees, Levies and charges - H2";"Tractor-Trailer";"PROG";"EUR/kWh";2045;"0.006";"Current policies";"Hydrogen"
"OPEX";"Charging Infrastructure";"DE";"MCS grid extension";"Rigid";"PROG";"EUR/kWh";2045;"0.045";"Current policies";"Electricity"
"OPEX";"Charging Infrastructure";"DE";"MCS grid extension";"Tractor-Trailer";"PROG";"EUR/kWh";2045;"0.045";"Current policies";"Electricity"
"OPEX";"Charging Infrastructure";"DE";"MCS grid extension";"Rigid";"BAU";"EUR/kWh";2045;"0.045";"Current policies";"Electricity"
"OPEX";"Charging Infrastructure";"DE";"MCS grid extension";"Tractor-Trailer";"BAU";"EUR/kWh";2045;"0.045";"Current policies";"Electricity"
"OPEX";"Charging Infrastructure";"ES";"MCS grid extension";"Rigid";"PROG";"EUR/kWh";2045;"0.045";"Current policies";"Electricity"
"OPEX";"Charging Infrastructure";"ES";"MCS grid extension";"Tractor-Trailer";"PROG";"EUR/kWh";2045;"0.045";"Current policies";"Electricity"
"OPEX";"Charging Infrastructure";"ES";"MCS grid extension";"Rigid";"BAU";"EUR/kWh";2045;"0.045";"Current policies";"Electricity"
"OPEX";"Charging Infrastructure";"ES";"MCS grid extension";"Tractor-Trailer";"BAU";"EUR/kWh";2045;"0.045";"Current policies";"Electricity"
"OPEX";"Charging Infrastructure";"FR";"MCS grid extension";"Rigid";"PROG";"EUR/kWh";2045;"0.045";"Current policies";"Electricity"
"OPEX";"Charging Infrastructure";"FR";"MCS grid extension";"Tractor-Trailer";"PROG";"EUR/kWh";2045;"0.045";"Current policies";"Electricity"
"OPEX";"Charging Infrastructure";"FR";"MCS grid extension";"Rigid";"BAU";"EUR/kWh";2045;"0.045";"Current policies";"Electricity"
"OPEX";"Charging Infrastructure";"FR";"MCS grid extension";"Tractor-Trailer";"BAU";"EUR/kWh";2045;"0.045";"Current policies";"Electricity"
"OPEX";"Charging Infrastructure";"IT";"MCS grid extension";"Rigid";"PROG";"EUR/kWh";2045;"0.045";"Current policies";"Electricity"
"OPEX";"Charging Infrastructure";"IT";"MCS grid extension";"Tractor-Trailer";"PROG";"EUR/kWh";2045;"0.045";"Current policies";"Electricity"
"OPEX";"Charging Infrastructure";"IT";"MCS grid extension";"Rigid";"BAU";"EUR/kWh";2045;"0.045";"Current policies";"Electricity"
"OPEX";"Charging Infrastructure";"IT";"MCS grid extension";"Tractor-Trailer";"BAU";"EUR/kWh";2045;"0.045";"Current policies";"Electricity"
"OPEX";"Charging Infrastructure";"NL";"MCS grid extension";"Rigid";"PROG";"EUR/kWh";2045;"0.045";"Current policies";"Electricity"
"OPEX";"Charging Infrastructure";"NL";"MCS grid extension";"Tractor-Trailer";"PROG";"EUR/kWh";2045;"0.045";"Current policies";"Electricity"
"OPEX";"Charging Infrastructure";"NL";"MCS grid extension";"Rigid";"BAU";"EUR/kWh";2045;"0.045";"Current policies";"Electricity"
"OPEX";"Charging Infrastructure";"NL";"MCS grid extension";"Tractor-Trailer";"BAU";"EUR/kWh";2045;"0.045";"Current policies";"Electricity"
"OPEX";"Charging Infrastructure";"PL";"MCS grid extension";"Rigid";"PROG";"EUR/kWh";2045;"0.045";"Current policies";"Electricity"
"OPEX";"Charging Infrastructure";"PL";"MCS grid extension";"Tractor-Trailer";"PROG";"EUR/kWh";2045;"0.045";"Current policies";"Electricity"
"OPEX";"Charging Infrastructure";"PL";"MCS grid extension";"Rigid";"BAU";"EUR/kWh";2045;"0.045";"Current policies";"Electricity"
"OPEX";"Charging Infrastructure";"PL";"MCS grid extension";"Tractor-Trailer";"BAU";"EUR/kWh";2045;"0.045";"Current policies";"Electricity"
"OPEX";"Charging Infrastructure";"UK";"MCS grid extension";"Rigid";"PROG";"EUR/kWh";2045;"0.045";"Current policies";"Electricity"
"OPEX";"Charging Infrastructure";"UK";"MCS grid extension";"Tractor-Trailer";"PROG";"EUR/kWh";2045;"0.045";"Current policies";"Electricity"
"OPEX";"Charging Infrastructure";"UK";"MCS grid extension";"Rigid";"BAU";"EUR/kWh";2045;"0.045";"Current policies";"Electricity"
"OPEX";"Charging Infrastructure";"UK";"MCS grid extension";"Tractor-Trailer";"BAU";"EUR/kWh";2045;"0.045";"Current policies";"Electricity"
"OPEX";"Charging Infrastructure";"DE";"MCS Profit and Mark-Up";"Rigid";"PROG";"%";2045;"0.1";"Current policies";"Electricity"
"OPEX";"Charging Infrastructure";"DE";"MCS Profit and Mark-Up";"Tractor-Trailer";"PROG";"%";2045;"0.1";"Current policies";"Electricity"
"OPEX";"Charging Infrastructure";"DE";"MCS Profit and Mark-Up";"Rigid";"BAU";"%";2045;"0.1";"Current policies";"Electricity"
"OPEX";"Charging Infrastructure";"DE";"MCS Profit and Mark-Up";"Tractor-Trailer";"BAU";"%";2045;"0.1";"Current policies";"Electricity"
"OPEX";"Charging Infrastructure";"ES";"MCS Profit and Mark-Up";"Rigid";"PROG";"%";2045;"0.1";"Current policies";"Electricity"
"OPEX";"Charging Infrastructure";"ES";"MCS Profit and Mark-Up";"Tractor-Trailer";"PROG";"%";2045;"0.1";"Current policies";"Electricity"
"OPEX";"Charging Infrastructure";"ES";"MCS Profit and Mark-Up";"Rigid";"BAU";"%";2045;"0.1";"Current policies";"Electricity"
"OPEX";"Charging Infrastructure";"ES";"MCS Profit and Mark-Up";"Tractor-Trailer";"BAU";"%";2045;"0.1";"Current policies";"Electricity"
"OPEX";"Charging Infrastructure";"FR";"MCS Profit and Mark-Up";"Rigid";"PROG";"%";2045;"0.1";"Current policies";"Electricity"
"OPEX";"Charging Infrastructure";"FR";"MCS Profit and Mark-Up";"Tractor-Trailer";"PROG";"%";2045;"0.1";"Current policies";"Electricity"
"OPEX";"Charging Infrastructure";"FR";"MCS Profit and Mark-Up";"Rigid";"BAU";"%";2045;"0.1";"Current policies";"Electricity"
"OPEX";"Charging Infrastructure";"FR";"MCS Profit and Mark-Up";"Tractor-Trailer";"BAU";"%";2045;"0.1";"Current policies";"Electricity"
"OPEX";"Charging Infrastructure";"IT";"MCS Profit and Mark-Up";"Rigid";"PROG";"%";2045;"0.1";"Current policies";"Electricity"
"OPEX";"Charging Infrastructure";"IT";"MCS Profit and Mark-Up";"Tractor-Trailer";"PROG";"%";2045;"0.1";"Current policies";"Electricity"
"OPEX";"Charging Infrastructure";"IT";"MCS Profit and Mark-Up";"Rigid";"BAU";"%";2045;"0.1";"Current policies";"Electricity"
"OPEX";"Charging Infrastructure";"IT";"MCS Profit and Mark-Up";"Tractor-Trailer";"BAU";"%";2045;"0.1";"Current policies";"Electricity"
"OPEX";"Charging Infrastructure";"NL";"MCS Profit and Mark-Up";"Rigid";"PROG";"%";2045;"0.1";"Current policies";"Electricity"
"OPEX";"Charging Infrastructure";"NL";"MCS Profit and Mark-Up";"Tractor-Trailer";"PROG";"%";2045;"0.1";"Current policies";"Electricity"
"OPEX";"Charging Infrastructure";"NL";"MCS Profit and Mark-Up";"Rigid";"BAU";"%";2045;"0.1";"Current policies";"Electricity"
"OPEX";"Charging Infrastructure";"NL";"MCS Profit and Mark-Up";"Tractor-Trailer";"BAU";"%";2045;"0.1";"Current policies";"Electricity"
"OPEX";"Charging Infrastructure";"PL";"MCS Profit and Mark-Up";"Rigid";"PROG";"%";2045;"0.1";"Current policies";"Electricity"
"OPEX";"Charging Infrastructure";"PL";"MCS Profit and Mark-Up";"Tractor-Trailer";"PROG";"%";2045;"0.1";"Current policies";"Electricity"
"OPEX";"Charging Infrastructure";"PL";"MCS Profit and Mark-Up";"Rigid";"BAU";"%";2045;"0.1";"Current policies";"Electricity"
"OPEX";"Charging Infrastructure";"PL";"MCS Profit and Mark-Up";"Tractor-Trailer";"BAU";"%";2045;"0.1";"Current policies";"Electricity"
"OPEX";"Charging Infrastructure";"UK";"MCS Profit and Mark-Up";"Rigid";"PROG";"%";2045;"0.1";"Current policies";"Electricity"
"OPEX";"Charging Infrastructure";"UK";"MCS Profit and Mark-Up";"Tractor-Trailer";"PROG";"%";2045;"0.1";"Current policies";"Electricity"
"OPEX";"Charging Infrastructure";"UK";"MCS Profit and Mark-Up";"Rigid";"BAU";"%";2045;"0.1";"Current policies";"Electricity"
"OPEX";"Charging Infrastructure";"UK";"MCS Profit and Mark-Up";"Tractor-Trailer";"BAU";"%";2045;"0.1";"Current policies";"Electricity"
"OPEX";"Charging Infrastructure";"DE";"CCS Station (Depot) - Incl. Overhead";"Rigid";"PROG";"EUR/kWh";2045;"0.021";"Current policies";"Electricity"
"OPEX";"Charging Infrastructure";"DE";"CCS Station (Depot) - Incl. Overhead";"Tractor-Trailer";"PROG";"EUR/kWh";2045;"0.021";"Current policies";"Electricity"
"OPEX";"Charging Infrastructure";"DE";"CCS Station (Depot) - Incl. Overhead";"Rigid";"BAU";"EUR/kWh";2045;"0.021";"Current policies";"Electricity"
"OPEX";"Charging Infrastructure";"DE";"CCS Station (Depot) - Incl. Overhead";"Tractor-Trailer";"BAU";"EUR/kWh";2045;"0.021";"Current policies";"Electricity"
"OPEX";"Charging Infrastructure";"ES";"CCS Station (Depot) - Incl. Overhead";"Rigid";"PROG";"EUR/kWh";2045;"0.021";"Current policies";"Electricity"
"OPEX";"Charging Infrastructure";"ES";"CCS Station (Depot) - Incl. Overhead";"Tractor-Trailer";"PROG";"EUR/kWh";2045;"0.021";"Current policies";"Electricity"
"OPEX";"Charging Infrastructure";"ES";"CCS Station (Depot) - Incl. Overhead";"Rigid";"BAU";"EUR/kWh";2045;"0.021";"Current policies";"Electricity"
"OPEX";"Charging Infrastructure";"ES";"CCS Station (Depot) - Incl. Overhead";"Tractor-Trailer";"BAU";"EUR/kWh";2045;"0.021";"Current policies";"Electricity"
"OPEX";"Charging Infrastructure";"FR";"CCS Station (Depot) - Incl. Overhead";"Rigid";"PROG";"EUR/kWh";2045;"0.021";"Current policies";"Electricity"
"OPEX";"Charging Infrastructure";"FR";"CCS Station (Depot) - Incl. Overhead";"Tractor-Trailer";"PROG";"EUR/kWh";2045;"0.021";"Current policies";"Electricity"
"OPEX";"Charging Infrastructure";"FR";"CCS Station (Depot) - Incl. Overhead";"Rigid";"BAU";"EUR/kWh";2045;"0.021";"Current policies";"Electricity"
"OPEX";"Charging Infrastructure";"FR";"CCS Station (Depot) - Incl. Overhead";"Tractor-Trailer";"BAU";"EUR/kWh";2045;"0.021";"Current policies";"Electricity"
"OPEX";"Charging Infrastructure";"IT";"CCS Station (Depot) - Incl. Overhead";"Rigid";"PROG";"EUR/kWh";2045;"0.021";"Current policies";"Electricity"
"OPEX";"Charging Infrastructure";"IT";"CCS Station (Depot) - Incl. Overhead";"Tractor-Trailer";"PROG";"EUR/kWh";2045;"0.021";"Current policies";"Electricity"
"OPEX";"Charging Infrastructure";"IT";"CCS Station (Depot) - Incl. Overhead";"Rigid";"BAU";"EUR/kWh";2045;"0.021";"Current policies";"Electricity"
"OPEX";"Charging Infrastructure";"IT";"CCS Station (Depot) - Incl. Overhead";"Tractor-Trailer";"BAU";"EUR/kWh";2045;"0.021";"Current policies";"Electricity"
"OPEX";"Charging Infrastructure";"NL";"CCS Station (Depot) - Incl. Overhead";"Rigid";"PROG";"EUR/kWh";2045;"0.021";"Current policies";"Electricity"
"OPEX";"Charging Infrastructure";"NL";"CCS Station (Depot) - Incl. Overhead";"Tractor-Trailer";"PROG";"EUR/kWh";2045;"0.021";"Current policies";"Electricity"
"OPEX";"Charging Infrastructure";"NL";"CCS Station (Depot) - Incl. Overhead";"Rigid";"BAU";"EUR/kWh";2045;"0.021";"Current policies";"Electricity"
"OPEX";"Charging Infrastructure";"NL";"CCS Station (Depot) - Incl. Overhead";"Tractor-Trailer";"BAU";"EUR/kWh";2045;"0.021";"Current policies";"Electricity"
"OPEX";"Charging Infrastructure";"PL";"CCS Station (Depot) - Incl. Overhead";"Rigid";"PROG";"EUR/kWh";2045;"0.021";"Current policies";"Electricity"
"OPEX";"Charging Infrastructure";"PL";"CCS Station (Depot) - Incl. Overhead";"Tractor-Trailer";"PROG";"EUR/kWh";2045;"0.021";"Current policies";"Electricity"
"OPEX";"Charging Infrastructure";"PL";"CCS Station (Depot) - Incl. Overhead";"Rigid";"BAU";"EUR/kWh";2045;"0.021";"Current policies";"Electricity"
"OPEX";"Charging Infrastructure";"PL";"CCS Station (Depot) - Incl. Overhead";"Tractor-Trailer";"BAU";"EUR/kWh";2045;"0.021";"Current policies";"Electricity"
"OPEX";"Charging Infrastructure";"UK";"CCS Station (Depot) - Incl. Overhead";"Rigid";"PROG";"EUR/kWh";2045;"0.021";"Current policies";"Electricity"
"OPEX";"Charging Infrastructure";"UK";"CCS Station (Depot) - Incl. Overhead";"Tractor-Trailer";"PROG";"EUR/kWh";2045;"0.021";"Current policies";"Electricity"
"OPEX";"Charging Infrastructure";"UK";"CCS Station (Depot) - Incl. Overhead";"Rigid";"BAU";"EUR/kWh";2045;"0.021";"Current policies";"Electricity"
"OPEX";"Charging Infrastructure";"UK";"CCS Station (Depot) - Incl. Overhead";"Tractor-Trailer";"BAU";"EUR/kWh";2045;"0.021";"Current policies";"Electricity"
"OPEX";"Charging Infrastructure";"DE";"CCS grid extension";"Rigid";"PROG";"EUR/kWh";2045;"0.045";"Current policies";"Electricity"
"OPEX";"Charging Infrastructure";"DE";"CCS grid extension";"Tractor-Trailer";"PROG";"EUR/kWh";2045;"0.045";"Current policies";"Electricity"
"OPEX";"Charging Infrastructure";"DE";"CCS grid extension";"Rigid";"BAU";"EUR/kWh";2045;"0.045";"Current policies";"Electricity"
"OPEX";"Charging Infrastructure";"DE";"CCS grid extension";"Tractor-Trailer";"BAU";"EUR/kWh";2045;"0.045";"Current policies";"Electricity"
"OPEX";"Charging Infrastructure";"ES";"CCS grid extension";"Rigid";"PROG";"EUR/kWh";2045;"0.045";"Current policies";"Electricity"
"OPEX";"Charging Infrastructure";"ES";"CCS grid extension";"Tractor-Trailer";"PROG";"EUR/kWh";2045;"0.045";"Current policies";"Electricity"
"OPEX";"Charging Infrastructure";"ES";"CCS grid extension";"Rigid";"BAU";"EUR/kWh";2045;"0.045";"Current policies";"Electricity"
"OPEX";"Charging Infrastructure";"ES";"CCS grid extension";"Tractor-Trailer";"BAU";"EUR/kWh";2045;"0.045";"Current policies";"Electricity"
"OPEX";"Charging Infrastructure";"FR";"CCS grid extension";"Rigid";"PROG";"EUR/kWh";2045;"0.045";"Current policies";"Electricity"
"OPEX";"Charging Infrastructure";"FR";"CCS grid extension";"Tractor-Trailer";"PROG";"EUR/kWh";2045;"0.045";"Current policies";"Electricity"
"OPEX";"Charging Infrastructure";"FR";"CCS grid extension";"Rigid";"BAU";"EUR/kWh";2045;"0.045";"Current policies";"Electricity"
"OPEX";"Charging Infrastructure";"FR";"CCS grid extension";"Tractor-Trailer";"BAU";"EUR/kWh";2045;"0.045";"Current policies";"Electricity"
"OPEX";"Charging Infrastructure";"IT";"CCS grid extension";"Rigid";"PROG";"EUR/kWh";2045;"0.045";"Current policies";"Electricity"
"OPEX";"Charging Infrastructure";"IT";"CCS grid extension";"Tractor-Trailer";"PROG";"EUR/kWh";2045;"0.045";"Current policies";"Electricity"
"OPEX";"Charging Infrastructure";"IT";"CCS grid extension";"Rigid";"BAU";"EUR/kWh";2045;"0.045";"Current policies";"Electricity"
"OPEX";"Charging Infrastructure";"IT";"CCS grid extension";"Tractor-Trailer";"BAU";"EUR/kWh";2045;"0.045";"Current policies";"Electricity"
"OPEX";"Charging Infrastructure";"NL";"CCS grid extension";"Rigid";"PROG";"EUR/kWh";2045;"0.045";"Current policies";"Electricity"
"OPEX";"Charging Infrastructure";"NL";"CCS grid extension";"Tractor-Trailer";"PROG";"EUR/kWh";2045;"0.045";"Current policies";"Electricity"
"OPEX";"Charging Infrastructure";"NL";"CCS grid extension";"Rigid";"BAU";"EUR/kWh";2045;"0.045";"Current policies";"Electricity"
"OPEX";"Charging Infrastructure";"NL";"CCS grid extension";"Tractor-Trailer";"BAU";"EUR/kWh";2045;"0.045";"Current policies";"Electricity"
"OPEX";"Charging Infrastructure";"PL";"CCS grid extension";"Rigid";"PROG";"EUR/kWh";2045;"0.045";"Current policies";"Electricity"
"OPEX";"Charging Infrastructure";"PL";"CCS grid extension";"Tractor-Trailer";"PROG";"EUR/kWh";2045;"0.045";"Current policies";"Electricity"
"OPEX";"Charging Infrastructure";"PL";"CCS grid extension";"Rigid";"BAU";"EUR/kWh";2045;"0.045";"Current policies";"Electricity"
"OPEX";"Charging Infrastructure";"PL";"CCS grid extension";"Tractor-Trailer";"BAU";"EUR/kWh";2045;"0.045";"Current policies";"Electricity"
"OPEX";"Charging Infrastructure";"UK";"CCS grid extension";"Rigid";"PROG";"EUR/kWh";2045;"0.045";"Current policies";"Electricity"
"OPEX";"Charging Infrastructure";"UK";"CCS grid extension";"Tractor-Trailer";"PROG";"EUR/kWh";2045;"0.045";"Current policies";"Electricity"
"OPEX";"Charging Infrastructure";"UK";"CCS grid extension";"Rigid";"BAU";"EUR/kWh";2045;"0.045";"Current policies";"Electricity"
"OPEX";"Charging Infrastructure";"UK";"CCS grid extension";"Tractor-Trailer";"BAU";"EUR/kWh";2045;"0.045";"Current policies";"Electricity"
"OPEX";"Diesel Infrastructure";"DE";"Total Diesel Mark-Up";"Rigid";"BAU";"EUR/kWh";2045;"0.018";"Current policies";"Diesel"
"OPEX";"Diesel Infrastructure";"DE";"Total Diesel Mark-Up";"Tractor-Trailer";"BAU";"EUR/kWh";2045;"0.018";"Current policies";"Diesel"
"OPEX";"Diesel Infrastructure";"DE";"Total Diesel Mark-Up";"Rigid";"PROG";"EUR/kWh";2045;"0.018";"Current policies";"Diesel"
"OPEX";"Diesel Infrastructure";"DE";"Total Diesel Mark-Up";"Tractor-Trailer";"PROG";"EUR/kWh";2045;"0.018";"Current policies";"Diesel"
"OPEX";"Diesel Infrastructure";"ES";"Total Diesel Mark-Up";"Rigid";"BAU";"EUR/kWh";2045;"0.018";"Current policies";"Diesel"
"OPEX";"Diesel Infrastructure";"ES";"Total Diesel Mark-Up";"Tractor-Trailer";"BAU";"EUR/kWh";2045;"0.018";"Current policies";"Diesel"
"OPEX";"Diesel Infrastructure";"ES";"Total Diesel Mark-Up";"Rigid";"PROG";"EUR/kWh";2045;"0.018";"Current policies";"Diesel"
"OPEX";"Diesel Infrastructure";"ES";"Total Diesel Mark-Up";"Tractor-Trailer";"PROG";"EUR/kWh";2045;"0.018";"Current policies";"Diesel"
"OPEX";"Diesel Infrastructure";"FR";"Total Diesel Mark-Up";"Rigid";"BAU";"EUR/kWh";2045;"0.018";"Current policies";"Diesel"
"OPEX";"Diesel Infrastructure";"FR";"Total Diesel Mark-Up";"Tractor-Trailer";"BAU";"EUR/kWh";2045;"0.018";"Current policies";"Diesel"
"OPEX";"Diesel Infrastructure";"FR";"Total Diesel Mark-Up";"Rigid";"PROG";"EUR/kWh";2045;"0.018";"Current policies";"Diesel"
"OPEX";"Diesel Infrastructure";"FR";"Total Diesel Mark-Up";"Tractor-Trailer";"PROG";"EUR/kWh";2045;"0.018";"Current policies";"Diesel"
"OPEX";"Diesel Infrastructure";"IT";"Total Diesel Mark-Up";"Rigid";"BAU";"EUR/kWh";2045;"0.018";"Current policies";"Diesel"
"OPEX";"Diesel Infrastructure";"IT";"Total Diesel Mark-Up";"Tractor-Trailer";"BAU";"EUR/kWh";2045;"0.018";"Current policies";"Diesel"
"OPEX";"Diesel Infrastructure";"IT";"Total Diesel Mark-Up";"Rigid";"PROG";"EUR/kWh";2045;"0.018";"Current policies";"Diesel"
"OPEX";"Diesel Infrastructure";"IT";"Total Diesel Mark-Up";"Tractor-Trailer";"PROG";"EUR/kWh";2045;"0.018";"Current policies";"Diesel"
"OPEX";"Diesel Infrastructure";"NL";"Total Diesel Mark-Up";"Rigid";"BAU";"EUR/kWh";2045;"0.018";"Current policies";"Diesel"
"OPEX";"Diesel Infrastructure";"NL";"Total Diesel Mark-Up";"Tractor-Trailer";"BAU";"EUR/kWh";2045;"0.018";"Current policies";"Diesel"
"OPEX";"Diesel Infrastructure";"NL";"Total Diesel Mark-Up";"Rigid";"PROG";"EUR/kWh";2045;"0.018";"Current policies";"Diesel"
"OPEX";"Diesel Infrastructure";"NL";"Total Diesel Mark-Up";"Tractor-Trailer";"PROG";"EUR/kWh";2045;"0.018";"Current policies";"Diesel"
"OPEX";"Diesel Infrastructure";"PL";"Total Diesel Mark-Up";"Rigid";"BAU";"EUR/kWh";2045;"0.018";"Current policies";"Diesel"
"OPEX";"Diesel Infrastructure";"PL";"Total Diesel Mark-Up";"Tractor-Trailer";"BAU";"EUR/kWh";2045;"0.018";"Current policies";"Diesel"
"OPEX";"Diesel Infrastructure";"PL";"Total Diesel Mark-Up";"Rigid";"PROG";"EUR/kWh";2045;"0.018";"Current policies";"Diesel"
"OPEX";"Diesel Infrastructure";"PL";"Total Diesel Mark-Up";"Tractor-Trailer";"PROG";"EUR/kWh";2045;"0.018";"Current policies";"Diesel"
"OPEX";"Diesel Infrastructure";"UK";"Total Diesel Mark-Up";"Rigid";"BAU";"EUR/kWh";2045;"0.018";"Current policies";"Diesel"
"OPEX";"Diesel Infrastructure";"UK";"Total Diesel Mark-Up";"Tractor-Trailer";"BAU";"EUR/kWh";2045;"0.018";"Current policies";"Diesel"
"OPEX";"Diesel Infrastructure";"UK";"Total Diesel Mark-Up";"Rigid";"PROG";"EUR/kWh";2045;"0.018";"Current policies";"Diesel"
"OPEX";"Diesel Infrastructure";"UK";"Total Diesel Mark-Up";"Tractor-Trailer";"PROG";"EUR/kWh";2045;"0.018";"Current policies";"Diesel"
"OPEX";"Diesel Infrastructure";"DE";"CO2 emission factor Biodiesel";"Rigid";"BAU";"%";2045;"0.154";"Current policies";"Diesel"
"OPEX";"Diesel Infrastructure";"DE";"CO2 emission factor Biodiesel";"Tractor-Trailer";"BAU";"%";2045;"0.154";"Current policies";"Diesel"
"OPEX";"Diesel Infrastructure";"DE";"CO2 emission factor Biodiesel";"Rigid";"PROG";"%";2045;"0.154";"Current policies";"Diesel"
"OPEX";"Diesel Infrastructure";"DE";"CO2 emission factor Biodiesel";"Tractor-Trailer";"PROG";"%";2045;"0.154";"Current policies";"Diesel"
"OPEX";"Diesel Infrastructure";"ES";"CO2 emission factor Biodiesel";"Rigid";"BAU";"%";2045;"0.154";"Current policies";"Diesel"
"OPEX";"Diesel Infrastructure";"ES";"CO2 emission factor Biodiesel";"Tractor-Trailer";"BAU";"%";2045;"0.154";"Current policies";"Diesel"
"OPEX";"Diesel Infrastructure";"ES";"CO2 emission factor Biodiesel";"Rigid";"PROG";"%";2045;"0.154";"Current policies";"Diesel"
"OPEX";"Diesel Infrastructure";"ES";"CO2 emission factor Biodiesel";"Tractor-Trailer";"PROG";"%";2045;"0.154";"Current policies";"Diesel"
"OPEX";"Diesel Infrastructure";"FR";"CO2 emission factor Biodiesel";"Rigid";"BAU";"%";2045;"0.154";"Current policies";"Diesel"
"OPEX";"Diesel Infrastructure";"FR";"CO2 emission factor Biodiesel";"Tractor-Trailer";"BAU";"%";2045;"0.154";"Current policies";"Diesel"
"OPEX";"Diesel Infrastructure";"FR";"CO2 emission factor Biodiesel";"Rigid";"PROG";"%";2045;"0.154";"Current policies";"Diesel"
"OPEX";"Diesel Infrastructure";"FR";"CO2 emission factor Biodiesel";"Tractor-Trailer";"PROG";"%";2045;"0.154";"Current policies";"Diesel"
"OPEX";"Diesel Infrastructure";"IT";"CO2 emission factor Biodiesel";"Rigid";"BAU";"%";2045;"0.154";"Current policies";"Diesel"
"OPEX";"Diesel Infrastructure";"IT";"CO2 emission factor Biodiesel";"Tractor-Trailer";"BAU";"%";2045;"0.154";"Current policies";"Diesel"
"OPEX";"Diesel Infrastructure";"IT";"CO2 emission factor Biodiesel";"Rigid";"PROG";"%";2045;"0.154";"Current policies";"Diesel"
"OPEX";"Diesel Infrastructure";"IT";"CO2 emission factor Biodiesel";"Tractor-Trailer";"PROG";"%";2045;"0.154";"Current policies";"Diesel"
"OPEX";"Diesel Infrastructure";"NL";"CO2 emission factor Biodiesel";"Rigid";"BAU";"%";2045;"0.154";"Current policies";"Diesel"
"OPEX";"Diesel Infrastructure";"NL";"CO2 emission factor Biodiesel";"Tractor-Trailer";"BAU";"%";2045;"0.154";"Current policies";"Diesel"
"OPEX";"Diesel Infrastructure";"NL";"CO2 emission factor Biodiesel";"Rigid";"PROG";"%";2045;"0.154";"Current policies";"Diesel"
"OPEX";"Diesel Infrastructure";"NL";"CO2 emission factor Biodiesel";"Tractor-Trailer";"PROG";"%";2045;"0.154";"Current policies";"Diesel"
"OPEX";"Diesel Infrastructure";"PL";"CO2 emission factor Biodiesel";"Rigid";"BAU";"%";2045;"0.154";"Current policies";"Diesel"
"OPEX";"Diesel Infrastructure";"PL";"CO2 emission factor Biodiesel";"Tractor-Trailer";"BAU";"%";2045;"0.154";"Current policies";"Diesel"
"OPEX";"Diesel Infrastructure";"PL";"CO2 emission factor Biodiesel";"Rigid";"PROG";"%";2045;"0.154";"Current policies";"Diesel"
"OPEX";"Diesel Infrastructure";"PL";"CO2 emission factor Biodiesel";"Tractor-Trailer";"PROG";"%";2045;"0.154";"Current policies";"Diesel"
"OPEX";"Diesel Infrastructure";"UK";"CO2 emission factor Biodiesel";"Rigid";"BAU";"%";2045;"0.154";"Current policies";"Diesel"
"OPEX";"Diesel Infrastructure";"UK";"CO2 emission factor Biodiesel";"Tractor-Trailer";"BAU";"%";2045;"0.154";"Current policies";"Diesel"
"OPEX";"Diesel Infrastructure";"UK";"CO2 emission factor Biodiesel";"Rigid";"PROG";"%";2045;"0.154";"Current policies";"Diesel"
"OPEX";"Diesel Infrastructure";"UK";"CO2 emission factor Biodiesel";"Tractor-Trailer";"PROG";"%";2045;"0.154";"Current policies";"Diesel"
"OPEX";"Diesel Infrastructure";"DE";"CO2 emission factor Pt-Diesel";"Rigid";"BAU";"%";2045;"0";"Current policies";"Diesel"
"OPEX";"Diesel Infrastructure";"DE";"CO2 emission factor Pt-Diesel";"Tractor-Trailer";"BAU";"%";2045;"0";"Current policies";"Diesel"
"OPEX";"Diesel Infrastructure";"DE";"CO2 emission factor Pt-Diesel";"Rigid";"PROG";"%";2045;"0";"Current policies";"Diesel"
"OPEX";"Diesel Infrastructure";"DE";"CO2 emission factor Pt-Diesel";"Tractor-Trailer";"PROG";"%";2045;"0";"Current policies";"Diesel"
"OPEX";"Diesel Infrastructure";"ES";"CO2 emission factor Pt-Diesel";"Rigid";"BAU";"%";2045;"0";"Current policies";"Diesel"
"OPEX";"Diesel Infrastructure";"ES";"CO2 emission factor Pt-Diesel";"Tractor-Trailer";"BAU";"%";2045;"0";"Current policies";"Diesel"
"OPEX";"Diesel Infrastructure";"ES";"CO2 emission factor Pt-Diesel";"Rigid";"PROG";"%";2045;"0";"Current policies";"Diesel"
"OPEX";"Diesel Infrastructure";"ES";"CO2 emission factor Pt-Diesel";"Tractor-Trailer";"PROG";"%";2045;"0";"Current policies";"Diesel"
"OPEX";"Diesel Infrastructure";"FR";"CO2 emission factor Pt-Diesel";"Rigid";"BAU";"%";2045;"0";"Current policies";"Diesel"
"OPEX";"Diesel Infrastructure";"FR";"CO2 emission factor Pt-Diesel";"Tractor-Trailer";"BAU";"%";2045;"0";"Current policies";"Diesel"
"OPEX";"Diesel Infrastructure";"FR";"CO2 emission factor Pt-Diesel";"Rigid";"PROG";"%";2045;"0";"Current policies";"Diesel"
"OPEX";"Diesel Infrastructure";"FR";"CO2 emission factor Pt-Diesel";"Tractor-Trailer";"PROG";"%";2045;"0";"Current policies";"Diesel"
"OPEX";"Diesel Infrastructure";"IT";"CO2 emission factor Pt-Diesel";"Rigid";"BAU";"%";2045;"0";"Current policies";"Diesel"
"OPEX";"Diesel Infrastructure";"IT";"CO2 emission factor Pt-Diesel";"Tractor-Trailer";"BAU";"%";2045;"0";"Current policies";"Diesel"
"OPEX";"Diesel Infrastructure";"IT";"CO2 emission factor Pt-Diesel";"Rigid";"PROG";"%";2045;"0";"Current policies";"Diesel"
"OPEX";"Diesel Infrastructure";"IT";"CO2 emission factor Pt-Diesel";"Tractor-Trailer";"PROG";"%";2045;"0";"Current policies";"Diesel"
"OPEX";"Diesel Infrastructure";"NL";"CO2 emission factor Pt-Diesel";"Rigid";"BAU";"%";2045;"0";"Current policies";"Diesel"
"OPEX";"Diesel Infrastructure";"NL";"CO2 emission factor Pt-Diesel";"Tractor-Trailer";"BAU";"%";2045;"0";"Current policies";"Diesel"
"OPEX";"Diesel Infrastructure";"NL";"CO2 emission factor Pt-Diesel";"Rigid";"PROG";"%";2045;"0";"Current policies";"Diesel"
"OPEX";"Diesel Infrastructure";"NL";"CO2 emission factor Pt-Diesel";"Tractor-Trailer";"PROG";"%";2045;"0";"Current policies";"Diesel"
"OPEX";"Diesel Infrastructure";"PL";"CO2 emission factor Pt-Diesel";"Rigid";"BAU";"%";2045;"0";"Current policies";"Diesel"
"OPEX";"Diesel Infrastructure";"PL";"CO2 emission factor Pt-Diesel";"Tractor-Trailer";"BAU";"%";2045;"0";"Current policies";"Diesel"
"OPEX";"Diesel Infrastructure";"PL";"CO2 emission factor Pt-Diesel";"Rigid";"PROG";"%";2045;"0";"Current policies";"Diesel"
"OPEX";"Diesel Infrastructure";"PL";"CO2 emission factor Pt-Diesel";"Tractor-Trailer";"PROG";"%";2045;"0";"Current policies";"Diesel"
"OPEX";"Diesel Infrastructure";"UK";"CO2 emission factor Pt-Diesel";"Rigid";"BAU";"%";2045;"0";"Current policies";"Diesel"
"OPEX";"Diesel Infrastructure";"UK";"CO2 emission factor Pt-Diesel";"Tractor-Trailer";"BAU";"%";2045;"0";"Current policies";"Diesel"
"OPEX";"Diesel Infrastructure";"UK";"CO2 emission factor Pt-Diesel";"Rigid";"PROG";"%";2045;"0";"Current policies";"Diesel"
"OPEX";"Diesel Infrastructure";"UK";"CO2 emission factor Pt-Diesel";"Tractor-Trailer";"PROG";"%";2045;"0";"Current policies";"Diesel"
"OPEX";"Taxes";"DE";"Network Costs - MCS";"Rigid";"BAU";"EUR/kWh";2045;"0.034";"Current policies";"Electricity"
"OPEX";"Taxes";"DE";"Network Costs - MCS";"Tractor-Trailer";"BAU";"EUR/kWh";2045;"0.034";"Current policies";"Electricity"
"OPEX";"Taxes";"ES";"Network Costs - MCS";"Rigid";"BAU";"EUR/kWh";2045;"0.018";"Current policies";"Electricity"
"OPEX";"Taxes";"ES";"Network Costs - MCS";"Tractor-Trailer";"BAU";"EUR/kWh";2045;"0.018";"Current policies";"Electricity"
"OPEX";"Taxes";"FR";"Network Costs - MCS";"Rigid";"BAU";"EUR/kWh";2045;"0.018";"Current policies";"Electricity"
"OPEX";"Taxes";"FR";"Network Costs - MCS";"Tractor-Trailer";"BAU";"EUR/kWh";2045;"0.018";"Current policies";"Electricity"
"OPEX";"Taxes";"IT";"Network Costs - MCS";"Rigid";"BAU";"EUR/kWh";2045;"0.015";"Current policies";"Electricity"
"OPEX";"Taxes";"IT";"Network Costs - MCS";"Tractor-Trailer";"BAU";"EUR/kWh";2045;"0.015";"Current policies";"Electricity"
"OPEX";"Taxes";"NL";"Network Costs - MCS";"Rigid";"BAU";"EUR/kWh";2045;"0.016";"Current policies";"Electricity"
"OPEX";"Taxes";"NL";"Network Costs - MCS";"Tractor-Trailer";"BAU";"EUR/kWh";2045;"0.016";"Current policies";"Electricity"
"OPEX";"Taxes";"PL";"Network Costs - MCS";"Rigid";"BAU";"EUR/kWh";2045;"0.019";"Current policies";"Electricity"
"OPEX";"Taxes";"PL";"Network Costs - MCS";"Tractor-Trailer";"BAU";"EUR/kWh";2045;"0.019";"Current policies";"Electricity"
"OPEX";"Taxes";"UK";"Network Costs - MCS";"Rigid";"BAU";"EUR/kWh";2045;"0.027";"Current policies";"Electricity"
"OPEX";"Taxes";"UK";"Network Costs - MCS";"Tractor-Trailer";"BAU";"EUR/kWh";2045;"0.027";"Current policies";"Electricity"
"OPEX";"Taxes";"DE";"Taxes, Fees, Levies and charges - MCS";"Rigid";"BAU";"EUR/kWh";2045;"0.056";"Current policies";"Electricity"
"OPEX";"Taxes";"DE";"Taxes, Fees, Levies and charges - MCS";"Tractor-Trailer";"BAU";"EUR/kWh";2045;"0.056";"Current policies";"Electricity"
"OPEX";"Taxes";"ES";"Taxes, Fees, Levies and charges - MCS";"Rigid";"BAU";"EUR/kWh";2045;"0.036";"Current policies";"Electricity"
"OPEX";"Taxes";"ES";"Taxes, Fees, Levies and charges - MCS";"Tractor-Trailer";"BAU";"EUR/kWh";2045;"0.036";"Current policies";"Electricity"
"OPEX";"Taxes";"FR";"Taxes, Fees, Levies and charges - MCS";"Rigid";"BAU";"EUR/kWh";2045;"0.03";"Current policies";"Electricity"
"OPEX";"Taxes";"FR";"Taxes, Fees, Levies and charges - MCS";"Tractor-Trailer";"BAU";"EUR/kWh";2045;"0.03";"Current policies";"Electricity"
"OPEX";"Taxes";"IT";"Taxes, Fees, Levies and charges - MCS";"Rigid";"BAU";"EUR/kWh";2045;"0.062";"Current policies";"Electricity"
"OPEX";"Taxes";"IT";"Taxes, Fees, Levies and charges - MCS";"Tractor-Trailer";"BAU";"EUR/kWh";2045;"0.062";"Current policies";"Electricity"
"OPEX";"Taxes";"NL";"Taxes, Fees, Levies and charges - MCS";"Rigid";"BAU";"EUR/kWh";2045;"0.055";"Current policies";"Electricity"
"OPEX";"Taxes";"NL";"Taxes, Fees, Levies and charges - MCS";"Tractor-Trailer";"BAU";"EUR/kWh";2045;"0.055";"Current policies";"Electricity"
"OPEX";"Taxes";"PL";"Taxes, Fees, Levies and charges - MCS";"Rigid";"BAU";"EUR/kWh";2045;"0.049";"Current policies";"Electricity"
"OPEX";"Taxes";"PL";"Taxes, Fees, Levies and charges - MCS";"Tractor-Trailer";"BAU";"EUR/kWh";2045;"0.049";"Current policies";"Electricity"
"OPEX";"Taxes";"UK";"Taxes, Fees, Levies and charges - MCS";"Rigid";"BAU";"EUR/kWh";2045;"0.077";"Current policies";"Electricity"
"OPEX";"Taxes";"UK";"Taxes, Fees, Levies and charges - MCS";"Tractor-Trailer";"BAU";"EUR/kWh";2045;"0.077";"Current policies";"Electricity"
"OPEX";"Taxes";"DE";"Network Costs - Depot";"Rigid";"BAU";"EUR/kWh";2045;"0.034";"Current policies";"Electricity"
"OPEX";"Taxes";"DE";"Network Costs - Depot";"Tractor-Trailer";"BAU";"EUR/kWh";2045;"0.034";"Current policies";"Electricity"
"OPEX";"Taxes";"ES";"Network Costs - Depot";"Rigid";"BAU";"EUR/kWh";2045;"0.018";"Current policies";"Electricity"
"OPEX";"Taxes";"ES";"Network Costs - Depot";"Tractor-Trailer";"BAU";"EUR/kWh";2045;"0.018";"Current policies";"Electricity"
"OPEX";"Taxes";"FR";"Network Costs - Depot";"Rigid";"BAU";"EUR/kWh";2045;"0.018";"Current policies";"Electricity"
"OPEX";"Taxes";"FR";"Network Costs - Depot";"Tractor-Trailer";"BAU";"EUR/kWh";2045;"0.018";"Current policies";"Electricity"
"OPEX";"Taxes";"IT";"Network Costs - Depot";"Rigid";"BAU";"EUR/kWh";2045;"0.016";"Current policies";"Electricity"
"OPEX";"Taxes";"IT";"Network Costs - Depot";"Tractor-Trailer";"BAU";"EUR/kWh";2045;"0.016";"Current policies";"Electricity"
"OPEX";"Taxes";"NL";"Network Costs - Depot";"Rigid";"BAU";"EUR/kWh";2045;"0.016";"Current policies";"Electricity"
"OPEX";"Taxes";"NL";"Network Costs - Depot";"Tractor-Trailer";"BAU";"EUR/kWh";2045;"0.016";"Current policies";"Electricity"
"OPEX";"Taxes";"PL";"Network Costs - Depot";"Rigid";"BAU";"EUR/kWh";2045;"0.019";"Current policies";"Electricity"
"OPEX";"Taxes";"PL";"Network Costs - Depot";"Tractor-Trailer";"BAU";"EUR/kWh";2045;"0.019";"Current policies";"Electricity"
"OPEX";"Taxes";"UK";"Network Costs - Depot";"Rigid";"BAU";"EUR/kWh";2045;"0.027";"Current policies";"Electricity"
"OPEX";"Taxes";"UK";"Network Costs - Depot";"Tractor-Trailer";"BAU";"EUR/kWh";2045;"0.027";"Current policies";"Electricity"
"OPEX";"Taxes";"DE";"Taxes, Fees, Levies and charges - Depot";"Rigid";"BAU";"EUR/kWh";2045;"0.056";"Current policies";"Electricity"
"OPEX";"Taxes";"DE";"Taxes, Fees, Levies and charges - Depot";"Tractor-Trailer";"BAU";"EUR/kWh";2045;"0.056";"Current policies";"Electricity"
"OPEX";"Taxes";"ES";"Taxes, Fees, Levies and charges - Depot";"Rigid";"BAU";"EUR/kWh";2045;"0.036";"Current policies";"Electricity"
"OPEX";"Taxes";"ES";"Taxes, Fees, Levies and charges - Depot";"Tractor-Trailer";"BAU";"EUR/kWh";2045;"0.036";"Current policies";"Electricity"
"OPEX";"Taxes";"FR";"Taxes, Fees, Levies and charges - Depot";"Rigid";"BAU";"EUR/kWh";2045;"0.03";"Current policies";"Electricity"
"OPEX";"Taxes";"FR";"Taxes, Fees, Levies and charges - Depot";"Tractor-Trailer";"BAU";"EUR/kWh";2045;"0.03";"Current policies";"Electricity"
"OPEX";"Taxes";"IT";"Taxes, Fees, Levies and charges - Depot";"Rigid";"BAU";"EUR/kWh";2045;"0.063";"Current policies";"Electricity"
"OPEX";"Taxes";"IT";"Taxes, Fees, Levies and charges - Depot";"Tractor-Trailer";"BAU";"EUR/kWh";2045;"0.063";"Current policies";"Electricity"
"OPEX";"Taxes";"NL";"Taxes, Fees, Levies and charges - Depot";"Rigid";"BAU";"EUR/kWh";2045;"0.055";"Current policies";"Electricity"
"OPEX";"Taxes";"NL";"Taxes, Fees, Levies and charges - Depot";"Tractor-Trailer";"BAU";"EUR/kWh";2045;"0.055";"Current policies";"Electricity"
"OPEX";"Taxes";"PL";"Taxes, Fees, Levies and charges - Depot";"Rigid";"BAU";"EUR/kWh";2045;"0.049";"Current policies";"Electricity"
"OPEX";"Taxes";"PL";"Taxes, Fees, Levies and charges - Depot";"Tractor-Trailer";"BAU";"EUR/kWh";2045;"0.049";"Current policies";"Electricity"
"OPEX";"Taxes";"UK";"Taxes, Fees, Levies and charges - Depot";"Rigid";"BAU";"EUR/kWh";2045;"0.077";"Current policies";"Electricity"
"OPEX";"Taxes";"UK";"Taxes, Fees, Levies and charges - Depot";"Tractor-Trailer";"BAU";"EUR/kWh";2045;"0.077";"Current policies";"Electricity"
"OPEX";"H2 Infrastructure";"DE";"HRS costs";"Rigid";"BAU";"EUR/kg H2";2045;"1.1";"Current policies";"Hydrogen"
"OPEX";"H2 Infrastructure";"DE";"HRS costs";"Tractor-Trailer";"BAU";"EUR/kg H2";2045;"1.1";"Current policies";"Hydrogen"
"OPEX";"H2 Infrastructure";"ES";"HRS costs";"Rigid";"BAU";"EUR/kg H2";2045;"1.1";"Current policies";"Hydrogen"
"OPEX";"H2 Infrastructure";"ES";"HRS costs";"Tractor-Trailer";"BAU";"EUR/kg H2";2045;"1.1";"Current policies";"Hydrogen"
"OPEX";"H2 Infrastructure";"FR";"HRS costs";"Rigid";"BAU";"EUR/kg H2";2045;"1.1";"Current policies";"Hydrogen"
"OPEX";"H2 Infrastructure";"FR";"HRS costs";"Tractor-Trailer";"BAU";"EUR/kg H2";2045;"1.1";"Current policies";"Hydrogen"
"OPEX";"H2 Infrastructure";"IT";"HRS costs";"Rigid";"BAU";"EUR/kg H2";2045;"1.1";"Current policies";"Hydrogen"
"OPEX";"H2 Infrastructure";"IT";"HRS costs";"Tractor-Trailer";"BAU";"EUR/kg H2";2045;"1.1";"Current policies";"Hydrogen"
"OPEX";"H2 Infrastructure";"NL";"HRS costs";"Rigid";"BAU";"EUR/kg H2";2045;"1.1";"Current policies";"Hydrogen"
"OPEX";"H2 Infrastructure";"NL";"HRS costs";"Tractor-Trailer";"BAU";"EUR/kg H2";2045;"1.1";"Current policies";"Hydrogen"
"OPEX";"H2 Infrastructure";"PL";"HRS costs";"Rigid";"BAU";"EUR/kg H2";2045;"1.1";"Current policies";"Hydrogen"
"OPEX";"H2 Infrastructure";"PL";"HRS costs";"Tractor-Trailer";"BAU";"EUR/kg H2";2045;"1.1";"Current policies";"Hydrogen"
"OPEX";"H2 Infrastructure";"UK";"HRS costs";"Rigid";"BAU";"EUR/kg H2";2045;"1.1";"Current policies";"Hydrogen"
"OPEX";"H2 Infrastructure";"UK";"HRS costs";"Tractor-Trailer";"BAU";"EUR/kg H2";2045;"1.1";"Current policies";"Hydrogen"
"OPEX";"H2 Infrastructure";"DE";"H2 transport and distribution";"Rigid";"BAU";"EUR/kg H2";2045;"1";"Current policies";"Hydrogen"
"OPEX";"H2 Infrastructure";"DE";"H2 transport and distribution";"Tractor-Trailer";"BAU";"EUR/kg H2";2045;"1";"Current policies";"Hydrogen"
"OPEX";"H2 Infrastructure";"ES";"H2 transport and distribution";"Rigid";"BAU";"EUR/kg H2";2045;"1";"Current policies";"Hydrogen"
"OPEX";"H2 Infrastructure";"ES";"H2 transport and distribution";"Tractor-Trailer";"BAU";"EUR/kg H2";2045;"1";"Current policies";"Hydrogen"
"OPEX";"H2 Infrastructure";"FR";"H2 transport and distribution";"Rigid";"BAU";"EUR/kg H2";2045;"1";"Current policies";"Hydrogen"
"OPEX";"H2 Infrastructure";"FR";"H2 transport and distribution";"Tractor-Trailer";"BAU";"EUR/kg H2";2045;"1";"Current policies";"Hydrogen"
"OPEX";"H2 Infrastructure";"IT";"H2 transport and distribution";"Rigid";"BAU";"EUR/kg H2";2045;"1";"Current policies";"Hydrogen"
"OPEX";"H2 Infrastructure";"IT";"H2 transport and distribution";"Tractor-Trailer";"BAU";"EUR/kg H2";2045;"1";"Current policies";"Hydrogen"
"OPEX";"H2 Infrastructure";"NL";"H2 transport and distribution";"Rigid";"BAU";"EUR/kg H2";2045;"1";"Current policies";"Hydrogen"
"OPEX";"H2 Infrastructure";"NL";"H2 transport and distribution";"Tractor-Trailer";"BAU";"EUR/kg H2";2045;"1";"Current policies";"Hydrogen"
"OPEX";"H2 Infrastructure";"PL";"H2 transport and distribution";"Rigid";"BAU";"EUR/kg H2";2045;"1";"Current policies";"Hydrogen"
"OPEX";"H2 Infrastructure";"PL";"H2 transport and distribution";"Tractor-Trailer";"BAU";"EUR/kg H2";2045;"1";"Current policies";"Hydrogen"
"OPEX";"H2 Infrastructure";"UK";"H2 transport and distribution";"Rigid";"BAU";"EUR/kg H2";2045;"1";"Current policies";"Hydrogen"
"OPEX";"H2 Infrastructure";"UK";"H2 transport and distribution";"Tractor-Trailer";"BAU";"EUR/kg H2";2045;"1";"Current policies";"Hydrogen"
"OPEX";"H2 Infrastructure";"DE";"HRS Overhead, Profit and Mark-Up";"Rigid";"BAU";"EUR/kg H2";2045;"0.25";"Current policies";"Hydrogen"
"OPEX";"H2 Infrastructure";"DE";"HRS Overhead, Profit and Mark-Up";"Tractor-Trailer";"BAU";"EUR/kg H2";2045;"0.25";"Current policies";"Hydrogen"
"OPEX";"H2 Infrastructure";"ES";"HRS Overhead, Profit and Mark-Up";"Rigid";"BAU";"EUR/kg H2";2045;"0.25";"Current policies";"Hydrogen"
"OPEX";"H2 Infrastructure";"ES";"HRS Overhead, Profit and Mark-Up";"Tractor-Trailer";"BAU";"EUR/kg H2";2045;"0.25";"Current policies";"Hydrogen"
"OPEX";"H2 Infrastructure";"FR";"HRS Overhead, Profit and Mark-Up";"Rigid";"BAU";"EUR/kg H2";2045;"0.25";"Current policies";"Hydrogen"
"OPEX";"H2 Infrastructure";"FR";"HRS Overhead, Profit and Mark-Up";"Tractor-Trailer";"BAU";"EUR/kg H2";2045;"0.25";"Current policies";"Hydrogen"
"OPEX";"H2 Infrastructure";"IT";"HRS Overhead, Profit and Mark-Up";"Rigid";"BAU";"EUR/kg H2";2045;"0.25";"Current policies";"Hydrogen"
"OPEX";"H2 Infrastructure";"IT";"HRS Overhead, Profit and Mark-Up";"Tractor-Trailer";"BAU";"EUR/kg H2";2045;"0.25";"Current policies";"Hydrogen"
"OPEX";"H2 Infrastructure";"NL";"HRS Overhead, Profit and Mark-Up";"Rigid";"BAU";"EUR/kg H2";2045;"0.25";"Current policies";"Hydrogen"
"OPEX";"H2 Infrastructure";"NL";"HRS Overhead, Profit and Mark-Up";"Tractor-Trailer";"BAU";"EUR/kg H2";2045;"0.25";"Current policies";"Hydrogen"
"OPEX";"H2 Infrastructure";"PL";"HRS Overhead, Profit and Mark-Up";"Rigid";"BAU";"EUR/kg H2";2045;"0.25";"Current policies";"Hydrogen"
"OPEX";"H2 Infrastructure";"PL";"HRS Overhead, Profit and Mark-Up";"Tractor-Trailer";"BAU";"EUR/kg H2";2045;"0.25";"Current policies";"Hydrogen"
"OPEX";"H2 Infrastructure";"UK";"HRS Overhead, Profit and Mark-Up";"Rigid";"BAU";"EUR/kg H2";2045;"0.25";"Current policies";"Hydrogen"
"OPEX";"H2 Infrastructure";"UK";"HRS Overhead, Profit and Mark-Up";"Tractor-Trailer";"BAU";"EUR/kg H2";2045;"0.25";"Current policies";"Hydrogen"
"OPEX";"Charging Infrastructure";"DE";"MCS Station (Public Charging) - Incl. Overhead";"Rigid";"BAU";"EUR/kWh";2045;"0.032";"Current policies";"Electricity"
"OPEX";"Charging Infrastructure";"DE";"MCS Station (Public Charging) - Incl. Overhead";"Tractor-Trailer";"BAU";"EUR/kWh";2045;"0.032";"Current policies";"Electricity"
"OPEX";"Charging Infrastructure";"ES";"MCS Station (Public Charging) - Incl. Overhead";"Rigid";"BAU";"EUR/kWh";2045;"0.032";"Current policies";"Electricity"
"OPEX";"Charging Infrastructure";"ES";"MCS Station (Public Charging) - Incl. Overhead";"Tractor-Trailer";"BAU";"EUR/kWh";2045;"0.032";"Current policies";"Electricity"
"OPEX";"Charging Infrastructure";"FR";"MCS Station (Public Charging) - Incl. Overhead";"Rigid";"BAU";"EUR/kWh";2045;"0.032";"Current policies";"Electricity"
"OPEX";"Charging Infrastructure";"FR";"MCS Station (Public Charging) - Incl. Overhead";"Tractor-Trailer";"BAU";"EUR/kWh";2045;"0.032";"Current policies";"Electricity"
"OPEX";"Charging Infrastructure";"IT";"MCS Station (Public Charging) - Incl. Overhead";"Rigid";"BAU";"EUR/kWh";2045;"0.032";"Current policies";"Electricity"
"OPEX";"Charging Infrastructure";"IT";"MCS Station (Public Charging) - Incl. Overhead";"Tractor-Trailer";"BAU";"EUR/kWh";2045;"0.032";"Current policies";"Electricity"
"OPEX";"Charging Infrastructure";"NL";"MCS Station (Public Charging) - Incl. Overhead";"Rigid";"BAU";"EUR/kWh";2045;"0.032";"Current policies";"Electricity"
"OPEX";"Charging Infrastructure";"NL";"MCS Station (Public Charging) - Incl. Overhead";"Tractor-Trailer";"BAU";"EUR/kWh";2045;"0.032";"Current policies";"Electricity"
"OPEX";"Charging Infrastructure";"PL";"MCS Station (Public Charging) - Incl. Overhead";"Rigid";"BAU";"EUR/kWh";2045;"0.032";"Current policies";"Electricity"
"OPEX";"Charging Infrastructure";"PL";"MCS Station (Public Charging) - Incl. Overhead";"Tractor-Trailer";"BAU";"EUR/kWh";2045;"0.032";"Current policies";"Electricity"
"OPEX";"Charging Infrastructure";"UK";"MCS Station (Public Charging) - Incl. Overhead";"Rigid";"BAU";"EUR/kWh";2045;"0.032";"Current policies";"Electricity"
"OPEX";"Charging Infrastructure";"UK";"MCS Station (Public Charging) - Incl. Overhead";"Tractor-Trailer";"BAU";"EUR/kWh";2045;"0.032";"Current policies";"Electricity"
"OPEX";"Charging Infrastructure";"DE";"Share MCS-Charging";"Rigid";"BAU";"%";2045;"0.2";"Current policies";"Electricity"
"OPEX";"Charging Infrastructure";"DE";"Share MCS-Charging";"Tractor-Trailer";"BAU";"%";2045;"0.2";"Current policies";"Electricity"
"OPEX";"Charging Infrastructure";"ES";"Share MCS-Charging";"Rigid";"BAU";"%";2045;"0.2";"Current policies";"Electricity"
"OPEX";"Charging Infrastructure";"ES";"Share MCS-Charging";"Tractor-Trailer";"BAU";"%";2045;"0.2";"Current policies";"Electricity"
"OPEX";"Charging Infrastructure";"FR";"Share MCS-Charging";"Rigid";"BAU";"%";2045;"0.2";"Current policies";"Electricity"
"OPEX";"Charging Infrastructure";"FR";"Share MCS-Charging";"Tractor-Trailer";"BAU";"%";2045;"0.2";"Current policies";"Electricity"
"OPEX";"Charging Infrastructure";"IT";"Share MCS-Charging";"Rigid";"BAU";"%";2045;"0.2";"Current policies";"Electricity"
"OPEX";"Charging Infrastructure";"IT";"Share MCS-Charging";"Tractor-Trailer";"BAU";"%";2045;"0.2";"Current policies";"Electricity"
"OPEX";"Charging Infrastructure";"NL";"Share MCS-Charging";"Rigid";"BAU";"%";2045;"0.2";"Current policies";"Electricity"
"OPEX";"Charging Infrastructure";"NL";"Share MCS-Charging";"Tractor-Trailer";"BAU";"%";2045;"0.2";"Current policies";"Electricity"
"OPEX";"Charging Infrastructure";"PL";"Share MCS-Charging";"Rigid";"BAU";"%";2045;"0.2";"Current policies";"Electricity"
"OPEX";"Charging Infrastructure";"PL";"Share MCS-Charging";"Tractor-Trailer";"BAU";"%";2045;"0.2";"Current policies";"Electricity"
"OPEX";"Charging Infrastructure";"UK";"Share MCS-Charging";"Rigid";"BAU";"%";2045;"0.2";"Current policies";"Electricity"
"OPEX";"Charging Infrastructure";"UK";"Share MCS-Charging";"Tractor-Trailer";"BAU";"%";2045;"0.2";"Current policies";"Electricity"
"OPEX";"Charging Infrastructure";"DE";"Depot - Network fees savings potential";"Rigid";"BAU";"EUR/kWh";2045;"0";"Current policies";"Electricity"
"OPEX";"Charging Infrastructure";"DE";"Depot - Network fees savings potential";"Tractor-Trailer";"BAU";"EUR/kWh";2045;"0";"Current policies";"Electricity"
"OPEX";"Charging Infrastructure";"ES";"Depot - Network fees savings potential";"Rigid";"BAU";"EUR/kWh";2045;"0";"Current policies";"Electricity"
"OPEX";"Charging Infrastructure";"ES";"Depot - Network fees savings potential";"Tractor-Trailer";"BAU";"EUR/kWh";2045;"0";"Current policies";"Electricity"
"OPEX";"Charging Infrastructure";"FR";"Depot - Network fees savings potential";"Rigid";"BAU";"EUR/kWh";2045;"0";"Current policies";"Electricity"
"OPEX";"Charging Infrastructure";"FR";"Depot - Network fees savings potential";"Tractor-Trailer";"BAU";"EUR/kWh";2045;"0";"Current policies";"Electricity"
"OPEX";"Charging Infrastructure";"IT";"Depot - Network fees savings potential";"Rigid";"BAU";"EUR/kWh";2045;"0";"Current policies";"Electricity"
"OPEX";"Charging Infrastructure";"IT";"Depot - Network fees savings potential";"Tractor-Trailer";"BAU";"EUR/kWh";2045;"0";"Current policies";"Electricity"
"OPEX";"Charging Infrastructure";"NL";"Depot - Network fees savings potential";"Rigid";"BAU";"EUR/kWh";2045;"0";"Current policies";"Electricity"
"OPEX";"Charging Infrastructure";"NL";"Depot - Network fees savings potential";"Tractor-Trailer";"BAU";"EUR/kWh";2045;"0";"Current policies";"Electricity"
"OPEX";"Charging Infrastructure";"PL";"Depot - Network fees savings potential";"Rigid";"BAU";"EUR/kWh";2045;"0";"Current policies";"Electricity"
"OPEX";"Charging Infrastructure";"PL";"Depot - Network fees savings potential";"Tractor-Trailer";"BAU";"EUR/kWh";2045;"0";"Current policies";"Electricity"
"OPEX";"Charging Infrastructure";"UK";"Depot - Network fees savings potential";"Rigid";"BAU";"EUR/kWh";2045;"0";"Current policies";"Electricity"
"OPEX";"Charging Infrastructure";"UK";"Depot - Network fees savings potential";"Tractor-Trailer";"BAU";"EUR/kWh";2045;"0";"Current policies";"Electricity"
"OPEX";"Taxes";"DE";"Tax reduction";"Rigid";"BAU";"%";2045;"0";"Current policies";"Hydrogen"
"OPEX";"Taxes";"DE";"Tax reduction";"Tractor-Trailer";"BAU";"%";2045;"0";"Current policies";"Hydrogen"
"OPEX";"Taxes";"ES";"Tax reduction";"Rigid";"BAU";"%";2045;"0";"Current policies";"Hydrogen"
"OPEX";"Taxes";"ES";"Tax reduction";"Tractor-Trailer";"BAU";"%";2045;"0";"Current policies";"Hydrogen"
"OPEX";"Taxes";"FR";"Tax reduction";"Rigid";"BAU";"%";2045;"0";"Current policies";"Hydrogen"
"OPEX";"Taxes";"FR";"Tax reduction";"Tractor-Trailer";"BAU";"%";2045;"0";"Current policies";"Hydrogen"
"OPEX";"Taxes";"IT";"Tax reduction";"Rigid";"BAU";"%";2045;"0";"Current policies";"Hydrogen"
"OPEX";"Taxes";"IT";"Tax reduction";"Tractor-Trailer";"BAU";"%";2045;"0";"Current policies";"Hydrogen"
"OPEX";"Taxes";"NL";"Tax reduction";"Rigid";"BAU";"%";2045;"0";"Current policies";"Hydrogen"
"OPEX";"Taxes";"NL";"Tax reduction";"Tractor-Trailer";"BAU";"%";2045;"0";"Current policies";"Hydrogen"
"OPEX";"Taxes";"PL";"Tax reduction";"Rigid";"BAU";"%";2045;"0";"Current policies";"Hydrogen"
"OPEX";"Taxes";"PL";"Tax reduction";"Tractor-Trailer";"BAU";"%";2045;"0";"Current policies";"Hydrogen"
"OPEX";"Taxes";"UK";"Tax reduction";"Rigid";"BAU";"%";2045;"0";"Current policies";"Hydrogen"
"OPEX";"Taxes";"UK";"Tax reduction";"Tractor-Trailer";"BAU";"%";2045;"0";"Current policies";"Hydrogen"
"OPEX";"Taxes";"DE";"Increasing grid fees";"Rigid";"PROG";"%";2045;"0.25";"Current policies";"Electricity"
"OPEX";"Taxes";"DE";"Increasing grid fees";"Tractor-Trailer";"PROG";"%";2045;"0.25";"Current policies";"Electricity"
"OPEX";"Taxes";"ES";"Increasing grid fees";"Rigid";"PROG";"%";2045;"0.25";"Current policies";"Electricity"
"OPEX";"Taxes";"ES";"Increasing grid fees";"Tractor-Trailer";"PROG";"%";2045;"0.25";"Current policies";"Electricity"
"OPEX";"Taxes";"FR";"Increasing grid fees";"Rigid";"PROG";"%";2045;"0.25";"Current policies";"Electricity"
"OPEX";"Taxes";"FR";"Increasing grid fees";"Tractor-Trailer";"PROG";"%";2045;"0.25";"Current policies";"Electricity"
"OPEX";"Taxes";"IT";"Increasing grid fees";"Rigid";"PROG";"%";2045;"0.25";"Current policies";"Electricity"
"OPEX";"Taxes";"IT";"Increasing grid fees";"Tractor-Trailer";"PROG";"%";2045;"0.25";"Current policies";"Electricity"
"OPEX";"Taxes";"NL";"Increasing grid fees";"Rigid";"PROG";"%";2045;"0.25";"Current policies";"Electricity"
"OPEX";"Taxes";"NL";"Increasing grid fees";"Tractor-Trailer";"PROG";"%";2045;"0.25";"Current policies";"Electricity"
"OPEX";"Taxes";"PL";"Increasing grid fees";"Rigid";"PROG";"%";2045;"0.25";"Current policies";"Electricity"
"OPEX";"Taxes";"PL";"Increasing grid fees";"Tractor-Trailer";"PROG";"%";2045;"0.25";"Current policies";"Electricity"
"OPEX";"Taxes";"UK";"Increasing grid fees";"Rigid";"PROG";"%";2045;"0.25";"Current policies";"Electricity"
"OPEX";"Taxes";"UK";"Increasing grid fees";"Tractor-Trailer";"PROG";"%";2045;"0.25";"Current policies";"Electricity"
"OPEX";"Taxes";"DE";"Increasing grid fees";"Rigid";"BAU";"%";2045;"0.417";"Current policies";"Electricity"
"OPEX";"Taxes";"DE";"Increasing grid fees";"Tractor-Trailer";"BAU";"%";2045;"0.417";"Current policies";"Electricity"
"OPEX";"Taxes";"ES";"Increasing grid fees";"Rigid";"BAU";"%";2045;"0.417";"Current policies";"Electricity"
"OPEX";"Taxes";"ES";"Increasing grid fees";"Tractor-Trailer";"BAU";"%";2045;"0.417";"Current policies";"Electricity"
"OPEX";"Taxes";"FR";"Increasing grid fees";"Rigid";"BAU";"%";2045;"0.417";"Current policies";"Electricity"
"OPEX";"Taxes";"FR";"Increasing grid fees";"Tractor-Trailer";"BAU";"%";2045;"0.417";"Current policies";"Electricity"
"OPEX";"Taxes";"IT";"Increasing grid fees";"Rigid";"BAU";"%";2045;"0.417";"Current policies";"Electricity"
"OPEX";"Taxes";"IT";"Increasing grid fees";"Tractor-Trailer";"BAU";"%";2045;"0.417";"Current policies";"Electricity"
"OPEX";"Taxes";"NL";"Increasing grid fees";"Rigid";"BAU";"%";2045;"0.417";"Current policies";"Electricity"
"OPEX";"Taxes";"NL";"Increasing grid fees";"Tractor-Trailer";"BAU";"%";2045;"0.417";"Current policies";"Electricity"
"OPEX";"Taxes";"PL";"Increasing grid fees";"Rigid";"BAU";"%";2045;"0.417";"Current policies";"Electricity"
"OPEX";"Taxes";"PL";"Increasing grid fees";"Tractor-Trailer";"BAU";"%";2045;"0.417";"Current policies";"Electricity"
"OPEX";"Taxes";"UK";"Increasing grid fees";"Rigid";"BAU";"%";2045;"0.417";"Current policies";"Electricity"
"OPEX";"Taxes";"UK";"Increasing grid fees";"Tractor-Trailer";"BAU";"%";2045;"0.417";"Current policies";"Electricity"
"OPEX";"Taxes";"DE";"Network Costs - MCS";"Rigid";"PROG";"EUR/kWh";2050;"0.021";"Current policies";"Electricity"
"OPEX";"Taxes";"DE";"Network Costs - MCS";"Tractor-Trailer";"PROG";"EUR/kWh";2050;"0.021";"Current policies";"Electricity"
"OPEX";"Taxes";"ES";"Network Costs - MCS";"Rigid";"PROG";"EUR/kWh";2050;"0.009";"Current policies";"Electricity"
"OPEX";"Taxes";"ES";"Network Costs - MCS";"Tractor-Trailer";"PROG";"EUR/kWh";2050;"0.009";"Current policies";"Electricity"
"OPEX";"Taxes";"FR";"Network Costs - MCS";"Rigid";"PROG";"EUR/kWh";2050;"0.014";"Current policies";"Electricity"
"OPEX";"Taxes";"FR";"Network Costs - MCS";"Tractor-Trailer";"PROG";"EUR/kWh";2050;"0.014";"Current policies";"Electricity"
"OPEX";"Taxes";"IT";"Network Costs - MCS";"Rigid";"PROG";"EUR/kWh";2050;"0.012";"Current policies";"Electricity"
"OPEX";"Taxes";"IT";"Network Costs - MCS";"Tractor-Trailer";"PROG";"EUR/kWh";2050;"0.012";"Current policies";"Electricity"
"OPEX";"Taxes";"NL";"Network Costs - MCS";"Rigid";"PROG";"EUR/kWh";2050;"0.015";"Current policies";"Electricity"
"OPEX";"Taxes";"NL";"Network Costs - MCS";"Tractor-Trailer";"PROG";"EUR/kWh";2050;"0.015";"Current policies";"Electricity"
"OPEX";"Taxes";"PL";"Network Costs - MCS";"Rigid";"PROG";"EUR/kWh";2050;"0.014";"Current policies";"Electricity"
"OPEX";"Taxes";"PL";"Network Costs - MCS";"Tractor-Trailer";"PROG";"EUR/kWh";2050;"0.014";"Current policies";"Electricity"
"OPEX";"Taxes";"UK";"Network Costs - MCS";"Rigid";"PROG";"EUR/kWh";2050;"0.018";"Current policies";"Electricity"
"OPEX";"Taxes";"UK";"Network Costs - MCS";"Tractor-Trailer";"PROG";"EUR/kWh";2050;"0.018";"Current policies";"Electricity"
"OPEX";"Taxes";"DE";"Taxes, Fees, Levies and charges - MCS";"Rigid";"PROG";"EUR/kWh";2050;"0.051";"Current policies";"Electricity"
"OPEX";"Taxes";"DE";"Taxes, Fees, Levies and charges - MCS";"Tractor-Trailer";"PROG";"EUR/kWh";2050;"0.051";"Current policies";"Electricity"
"OPEX";"Taxes";"ES";"Taxes, Fees, Levies and charges - MCS";"Rigid";"PROG";"EUR/kWh";2050;"0.026";"Current policies";"Electricity"
"OPEX";"Taxes";"ES";"Taxes, Fees, Levies and charges - MCS";"Tractor-Trailer";"PROG";"EUR/kWh";2050;"0.026";"Current policies";"Electricity"
"OPEX";"Taxes";"FR";"Taxes, Fees, Levies and charges - MCS";"Rigid";"PROG";"EUR/kWh";2050;"0.022";"Current policies";"Electricity"
"OPEX";"Taxes";"FR";"Taxes, Fees, Levies and charges - MCS";"Tractor-Trailer";"PROG";"EUR/kWh";2050;"0.022";"Current policies";"Electricity"
"OPEX";"Taxes";"IT";"Taxes, Fees, Levies and charges - MCS";"Rigid";"PROG";"EUR/kWh";2050;"0.034";"Current policies";"Electricity"
"OPEX";"Taxes";"IT";"Taxes, Fees, Levies and charges - MCS";"Tractor-Trailer";"PROG";"EUR/kWh";2050;"0.034";"Current policies";"Electricity"
"OPEX";"Taxes";"NL";"Taxes, Fees, Levies and charges - MCS";"Rigid";"PROG";"EUR/kWh";2050;"0.023";"Current policies";"Electricity"
"OPEX";"Taxes";"NL";"Taxes, Fees, Levies and charges - MCS";"Tractor-Trailer";"PROG";"EUR/kWh";2050;"0.023";"Current policies";"Electricity"
"OPEX";"Taxes";"PL";"Taxes, Fees, Levies and charges - MCS";"Rigid";"PROG";"EUR/kWh";2050;"0.045";"Current policies";"Electricity"
"OPEX";"Taxes";"PL";"Taxes, Fees, Levies and charges - MCS";"Tractor-Trailer";"PROG";"EUR/kWh";2050;"0.045";"Current policies";"Electricity"
"OPEX";"Taxes";"UK";"Taxes, Fees, Levies and charges - MCS";"Rigid";"PROG";"EUR/kWh";2050;"0.074";"Current policies";"Electricity"
"OPEX";"Taxes";"UK";"Taxes, Fees, Levies and charges - MCS";"Tractor-Trailer";"PROG";"EUR/kWh";2050;"0.074";"Current policies";"Electricity"
"OPEX";"Taxes";"DE";"Network Costs - Depot";"Rigid";"PROG";"EUR/kWh";2050;"0.034";"Current policies";"Electricity"
"OPEX";"Taxes";"DE";"Network Costs - Depot";"Tractor-Trailer";"PROG";"EUR/kWh";2050;"0.034";"Current policies";"Electricity"
"OPEX";"Taxes";"ES";"Network Costs - Depot";"Rigid";"PROG";"EUR/kWh";2050;"0.018";"Current policies";"Electricity"
"OPEX";"Taxes";"ES";"Network Costs - Depot";"Tractor-Trailer";"PROG";"EUR/kWh";2050;"0.018";"Current policies";"Electricity"
"OPEX";"Taxes";"FR";"Network Costs - Depot";"Rigid";"PROG";"EUR/kWh";2050;"0.018";"Current policies";"Electricity"
"OPEX";"Taxes";"FR";"Network Costs - Depot";"Tractor-Trailer";"PROG";"EUR/kWh";2050;"0.018";"Current policies";"Electricity"
"OPEX";"Taxes";"IT";"Network Costs - Depot";"Rigid";"PROG";"EUR/kWh";2050;"0.016";"Current policies";"Electricity"
"OPEX";"Taxes";"IT";"Network Costs - Depot";"Tractor-Trailer";"PROG";"EUR/kWh";2050;"0.016";"Current policies";"Electricity"
"OPEX";"Taxes";"NL";"Network Costs - Depot";"Rigid";"PROG";"EUR/kWh";2050;"0.016";"Current policies";"Electricity"
"OPEX";"Taxes";"NL";"Network Costs - Depot";"Tractor-Trailer";"PROG";"EUR/kWh";2050;"0.016";"Current policies";"Electricity"
"OPEX";"Taxes";"PL";"Network Costs - Depot";"Rigid";"PROG";"EUR/kWh";2050;"0.019";"Current policies";"Electricity"
"OPEX";"Taxes";"PL";"Network Costs - Depot";"Tractor-Trailer";"PROG";"EUR/kWh";2050;"0.019";"Current policies";"Electricity"
"OPEX";"Taxes";"UK";"Network Costs - Depot";"Rigid";"PROG";"EUR/kWh";2050;"0.027";"Current policies";"Electricity"
"OPEX";"Taxes";"UK";"Network Costs - Depot";"Tractor-Trailer";"PROG";"EUR/kWh";2050;"0.027";"Current policies";"Electricity"
"OPEX";"Taxes";"DE";"Taxes, Fees, Levies and charges - Depot";"Rigid";"PROG";"EUR/kWh";2050;"0.056";"Current policies";"Electricity"
"OPEX";"Taxes";"DE";"Taxes, Fees, Levies and charges - Depot";"Tractor-Trailer";"PROG";"EUR/kWh";2050;"0.056";"Current policies";"Electricity"
"OPEX";"Taxes";"ES";"Taxes, Fees, Levies and charges - Depot";"Rigid";"PROG";"EUR/kWh";2050;"0.036";"Current policies";"Electricity"
"OPEX";"Taxes";"ES";"Taxes, Fees, Levies and charges - Depot";"Tractor-Trailer";"PROG";"EUR/kWh";2050;"0.036";"Current policies";"Electricity"
"OPEX";"Taxes";"FR";"Taxes, Fees, Levies and charges - Depot";"Rigid";"PROG";"EUR/kWh";2050;"0.03";"Current policies";"Electricity"
"OPEX";"Taxes";"FR";"Taxes, Fees, Levies and charges - Depot";"Tractor-Trailer";"PROG";"EUR/kWh";2050;"0.03";"Current policies";"Electricity"
"OPEX";"Taxes";"IT";"Taxes, Fees, Levies and charges - Depot";"Rigid";"PROG";"EUR/kWh";2050;"0.063";"Current policies";"Electricity"
"OPEX";"Taxes";"IT";"Taxes, Fees, Levies and charges - Depot";"Tractor-Trailer";"PROG";"EUR/kWh";2050;"0.063";"Current policies";"Electricity"
"OPEX";"Taxes";"NL";"Taxes, Fees, Levies and charges - Depot";"Rigid";"PROG";"EUR/kWh";2050;"0.055";"Current policies";"Electricity"
"OPEX";"Taxes";"NL";"Taxes, Fees, Levies and charges - Depot";"Tractor-Trailer";"PROG";"EUR/kWh";2050;"0.055";"Current policies";"Electricity"
"OPEX";"Taxes";"PL";"Taxes, Fees, Levies and charges - Depot";"Rigid";"PROG";"EUR/kWh";2050;"0.049";"Current policies";"Electricity"
"OPEX";"Taxes";"PL";"Taxes, Fees, Levies and charges - Depot";"Tractor-Trailer";"PROG";"EUR/kWh";2050;"0.049";"Current policies";"Electricity"
"OPEX";"Taxes";"UK";"Taxes, Fees, Levies and charges - Depot";"Rigid";"PROG";"EUR/kWh";2050;"0.077";"Current policies";"Electricity"
"OPEX";"Taxes";"UK";"Taxes, Fees, Levies and charges - Depot";"Tractor-Trailer";"PROG";"EUR/kWh";2050;"0.077";"Current policies";"Electricity"
"OPEX";"H2 Infrastructure";"DE";"HRS costs";"Rigid";"PROG";"EUR/kg H2";2050;"0.6";"Current policies";"Hydrogen"
"OPEX";"H2 Infrastructure";"DE";"HRS costs";"Tractor-Trailer";"PROG";"EUR/kg H2";2050;"0.6";"Current policies";"Hydrogen"
"OPEX";"H2 Infrastructure";"ES";"HRS costs";"Rigid";"PROG";"EUR/kg H2";2050;"0.6";"Current policies";"Hydrogen"
"OPEX";"H2 Infrastructure";"ES";"HRS costs";"Tractor-Trailer";"PROG";"EUR/kg H2";2050;"0.6";"Current policies";"Hydrogen"
"OPEX";"H2 Infrastructure";"FR";"HRS costs";"Rigid";"PROG";"EUR/kg H2";2050;"0.6";"Current policies";"Hydrogen"
"OPEX";"H2 Infrastructure";"FR";"HRS costs";"Tractor-Trailer";"PROG";"EUR/kg H2";2050;"0.6";"Current policies";"Hydrogen"
"OPEX";"H2 Infrastructure";"IT";"HRS costs";"Rigid";"PROG";"EUR/kg H2";2050;"0.6";"Current policies";"Hydrogen"
"OPEX";"H2 Infrastructure";"IT";"HRS costs";"Tractor-Trailer";"PROG";"EUR/kg H2";2050;"0.6";"Current policies";"Hydrogen"
"OPEX";"H2 Infrastructure";"NL";"HRS costs";"Rigid";"PROG";"EUR/kg H2";2050;"0.6";"Current policies";"Hydrogen"
"OPEX";"H2 Infrastructure";"NL";"HRS costs";"Tractor-Trailer";"PROG";"EUR/kg H2";2050;"0.6";"Current policies";"Hydrogen"
"OPEX";"H2 Infrastructure";"PL";"HRS costs";"Rigid";"PROG";"EUR/kg H2";2050;"0.6";"Current policies";"Hydrogen"
"OPEX";"H2 Infrastructure";"PL";"HRS costs";"Tractor-Trailer";"PROG";"EUR/kg H2";2050;"0.6";"Current policies";"Hydrogen"
"OPEX";"H2 Infrastructure";"UK";"HRS costs";"Rigid";"PROG";"EUR/kg H2";2050;"0.6";"Current policies";"Hydrogen"
"OPEX";"H2 Infrastructure";"UK";"HRS costs";"Tractor-Trailer";"PROG";"EUR/kg H2";2050;"0.6";"Current policies";"Hydrogen"
"OPEX";"H2 Infrastructure";"DE";"H2 transport and distribution";"Rigid";"PROG";"EUR/kg H2";2050;"0.667";"Current policies";"Hydrogen"
"OPEX";"H2 Infrastructure";"DE";"H2 transport and distribution";"Tractor-Trailer";"PROG";"EUR/kg H2";2050;"0.667";"Current policies";"Hydrogen"
"OPEX";"H2 Infrastructure";"ES";"H2 transport and distribution";"Rigid";"PROG";"EUR/kg H2";2050;"0.667";"Current policies";"Hydrogen"
"OPEX";"H2 Infrastructure";"ES";"H2 transport and distribution";"Tractor-Trailer";"PROG";"EUR/kg H2";2050;"0.667";"Current policies";"Hydrogen"
"OPEX";"H2 Infrastructure";"FR";"H2 transport and distribution";"Rigid";"PROG";"EUR/kg H2";2050;"0.667";"Current policies";"Hydrogen"
"OPEX";"H2 Infrastructure";"FR";"H2 transport and distribution";"Tractor-Trailer";"PROG";"EUR/kg H2";2050;"0.667";"Current policies";"Hydrogen"
"OPEX";"H2 Infrastructure";"IT";"H2 transport and distribution";"Rigid";"PROG";"EUR/kg H2";2050;"0.667";"Current policies";"Hydrogen"
"OPEX";"H2 Infrastructure";"IT";"H2 transport and distribution";"Tractor-Trailer";"PROG";"EUR/kg H2";2050;"0.667";"Current policies";"Hydrogen"
"OPEX";"H2 Infrastructure";"NL";"H2 transport and distribution";"Rigid";"PROG";"EUR/kg H2";2050;"0.667";"Current policies";"Hydrogen"
"OPEX";"H2 Infrastructure";"NL";"H2 transport and distribution";"Tractor-Trailer";"PROG";"EUR/kg H2";2050;"0.667";"Current policies";"Hydrogen"
"OPEX";"H2 Infrastructure";"PL";"H2 transport and distribution";"Rigid";"PROG";"EUR/kg H2";2050;"0.667";"Current policies";"Hydrogen"
"OPEX";"H2 Infrastructure";"PL";"H2 transport and distribution";"Tractor-Trailer";"PROG";"EUR/kg H2";2050;"0.667";"Current policies";"Hydrogen"
"OPEX";"H2 Infrastructure";"UK";"H2 transport and distribution";"Rigid";"PROG";"EUR/kg H2";2050;"0.667";"Current policies";"Hydrogen"
"OPEX";"H2 Infrastructure";"UK";"H2 transport and distribution";"Tractor-Trailer";"PROG";"EUR/kg H2";2050;"0.667";"Current policies";"Hydrogen"
"OPEX";"H2 Infrastructure";"DE";"HRS Overhead, Profit and Mark-Up";"Rigid";"PROG";"EUR/kg H2";2050;"0.25";"Current policies";"Hydrogen"
"OPEX";"H2 Infrastructure";"DE";"HRS Overhead, Profit and Mark-Up";"Tractor-Trailer";"PROG";"EUR/kg H2";2050;"0.25";"Current policies";"Hydrogen"
"OPEX";"H2 Infrastructure";"ES";"HRS Overhead, Profit and Mark-Up";"Rigid";"PROG";"EUR/kg H2";2050;"0.25";"Current policies";"Hydrogen"
"OPEX";"H2 Infrastructure";"ES";"HRS Overhead, Profit and Mark-Up";"Tractor-Trailer";"PROG";"EUR/kg H2";2050;"0.25";"Current policies";"Hydrogen"
"OPEX";"H2 Infrastructure";"FR";"HRS Overhead, Profit and Mark-Up";"Rigid";"PROG";"EUR/kg H2";2050;"0.25";"Current policies";"Hydrogen"
"OPEX";"H2 Infrastructure";"FR";"HRS Overhead, Profit and Mark-Up";"Tractor-Trailer";"PROG";"EUR/kg H2";2050;"0.25";"Current policies";"Hydrogen"
"OPEX";"H2 Infrastructure";"IT";"HRS Overhead, Profit and Mark-Up";"Rigid";"PROG";"EUR/kg H2";2050;"0.25";"Current policies";"Hydrogen"
"OPEX";"H2 Infrastructure";"IT";"HRS Overhead, Profit and Mark-Up";"Tractor-Trailer";"PROG";"EUR/kg H2";2050;"0.25";"Current policies";"Hydrogen"
"OPEX";"H2 Infrastructure";"NL";"HRS Overhead, Profit and Mark-Up";"Rigid";"PROG";"EUR/kg H2";2050;"0.25";"Current policies";"Hydrogen"
"OPEX";"H2 Infrastructure";"NL";"HRS Overhead, Profit and Mark-Up";"Tractor-Trailer";"PROG";"EUR/kg H2";2050;"0.25";"Current policies";"Hydrogen"
"OPEX";"H2 Infrastructure";"PL";"HRS Overhead, Profit and Mark-Up";"Rigid";"PROG";"EUR/kg H2";2050;"0.25";"Current policies";"Hydrogen"
"OPEX";"H2 Infrastructure";"PL";"HRS Overhead, Profit and Mark-Up";"Tractor-Trailer";"PROG";"EUR/kg H2";2050;"0.25";"Current policies";"Hydrogen"
"OPEX";"H2 Infrastructure";"UK";"HRS Overhead, Profit and Mark-Up";"Rigid";"PROG";"EUR/kg H2";2050;"0.25";"Current policies";"Hydrogen"
"OPEX";"H2 Infrastructure";"UK";"HRS Overhead, Profit and Mark-Up";"Tractor-Trailer";"PROG";"EUR/kg H2";2050;"0.25";"Current policies";"Hydrogen"
"OPEX";"Charging Infrastructure";"DE";"MCS Station (Public Charging) - Incl. Overhead";"Rigid";"PROG";"EUR/kWh";2050;"0.013";"Current policies";"Electricity"
"OPEX";"Charging Infrastructure";"DE";"MCS Station (Public Charging) - Incl. Overhead";"Tractor-Trailer";"PROG";"EUR/kWh";2050;"0.013";"Current policies";"Electricity"
"OPEX";"Charging Infrastructure";"ES";"MCS Station (Public Charging) - Incl. Overhead";"Rigid";"PROG";"EUR/kWh";2050;"0.013";"Current policies";"Electricity"
"OPEX";"Charging Infrastructure";"ES";"MCS Station (Public Charging) - Incl. Overhead";"Tractor-Trailer";"PROG";"EUR/kWh";2050;"0.013";"Current policies";"Electricity"
"OPEX";"Charging Infrastructure";"FR";"MCS Station (Public Charging) - Incl. Overhead";"Rigid";"PROG";"EUR/kWh";2050;"0.013";"Current policies";"Electricity"
"OPEX";"Charging Infrastructure";"FR";"MCS Station (Public Charging) - Incl. Overhead";"Tractor-Trailer";"PROG";"EUR/kWh";2050;"0.013";"Current policies";"Electricity"
"OPEX";"Charging Infrastructure";"IT";"MCS Station (Public Charging) - Incl. Overhead";"Rigid";"PROG";"EUR/kWh";2050;"0.013";"Current policies";"Electricity"
"OPEX";"Charging Infrastructure";"IT";"MCS Station (Public Charging) - Incl. Overhead";"Tractor-Trailer";"PROG";"EUR/kWh";2050;"0.013";"Current policies";"Electricity"
"OPEX";"Charging Infrastructure";"NL";"MCS Station (Public Charging) - Incl. Overhead";"Rigid";"PROG";"EUR/kWh";2050;"0.013";"Current policies";"Electricity"
"OPEX";"Charging Infrastructure";"NL";"MCS Station (Public Charging) - Incl. Overhead";"Tractor-Trailer";"PROG";"EUR/kWh";2050;"0.013";"Current policies";"Electricity"
"OPEX";"Charging Infrastructure";"PL";"MCS Station (Public Charging) - Incl. Overhead";"Rigid";"PROG";"EUR/kWh";2050;"0.013";"Current policies";"Electricity"
"OPEX";"Charging Infrastructure";"PL";"MCS Station (Public Charging) - Incl. Overhead";"Tractor-Trailer";"PROG";"EUR/kWh";2050;"0.013";"Current policies";"Electricity"
"OPEX";"Charging Infrastructure";"UK";"MCS Station (Public Charging) - Incl. Overhead";"Rigid";"PROG";"EUR/kWh";2050;"0.013";"Current policies";"Electricity"
"OPEX";"Charging Infrastructure";"UK";"MCS Station (Public Charging) - Incl. Overhead";"Tractor-Trailer";"PROG";"EUR/kWh";2050;"0.013";"Current policies";"Electricity"
"OPEX";"Charging Infrastructure";"DE";"Share MCS-Charging";"Rigid";"PROG";"%";2050;"0.2";"Current policies";"Electricity"
"OPEX";"Charging Infrastructure";"DE";"Share MCS-Charging";"Tractor-Trailer";"PROG";"%";2050;"0.2";"Current policies";"Electricity"
"OPEX";"Charging Infrastructure";"ES";"Share MCS-Charging";"Rigid";"PROG";"%";2050;"0.2";"Current policies";"Electricity"
"OPEX";"Charging Infrastructure";"ES";"Share MCS-Charging";"Tractor-Trailer";"PROG";"%";2050;"0.2";"Current policies";"Electricity"
"OPEX";"Charging Infrastructure";"FR";"Share MCS-Charging";"Rigid";"PROG";"%";2050;"0.2";"Current policies";"Electricity"
"OPEX";"Charging Infrastructure";"FR";"Share MCS-Charging";"Tractor-Trailer";"PROG";"%";2050;"0.2";"Current policies";"Electricity"
"OPEX";"Charging Infrastructure";"IT";"Share MCS-Charging";"Rigid";"PROG";"%";2050;"0.2";"Current policies";"Electricity"
"OPEX";"Charging Infrastructure";"IT";"Share MCS-Charging";"Tractor-Trailer";"PROG";"%";2050;"0.2";"Current policies";"Electricity"
"OPEX";"Charging Infrastructure";"NL";"Share MCS-Charging";"Rigid";"PROG";"%";2050;"0.2";"Current policies";"Electricity"
"OPEX";"Charging Infrastructure";"NL";"Share MCS-Charging";"Tractor-Trailer";"PROG";"%";2050;"0.2";"Current policies";"Electricity"
"OPEX";"Charging Infrastructure";"PL";"Share MCS-Charging";"Rigid";"PROG";"%";2050;"0.2";"Current policies";"Electricity"
"OPEX";"Charging Infrastructure";"PL";"Share MCS-Charging";"Tractor-Trailer";"PROG";"%";2050;"0.2";"Current policies";"Electricity"
"OPEX";"Charging Infrastructure";"UK";"Share MCS-Charging";"Rigid";"PROG";"%";2050;"0.2";"Current policies";"Electricity"
"OPEX";"Charging Infrastructure";"UK";"Share MCS-Charging";"Tractor-Trailer";"PROG";"%";2050;"0.2";"Current policies";"Electricity"
"OPEX";"Charging Infrastructure";"DE";"Depot - Network fees savings potential";"Rigid";"PROG";"EUR/kWh";2050;"-0.01";"Current policies";"Electricity"
"OPEX";"Charging Infrastructure";"DE";"Depot - Network fees savings potential";"Tractor-Trailer";"PROG";"EUR/kWh";2050;"-0.01";"Current policies";"Electricity"
"OPEX";"Charging Infrastructure";"ES";"Depot - Network fees savings potential";"Rigid";"PROG";"EUR/kWh";2050;"-0.01";"Current policies";"Electricity"
"OPEX";"Charging Infrastructure";"ES";"Depot - Network fees savings potential";"Tractor-Trailer";"PROG";"EUR/kWh";2050;"-0.01";"Current policies";"Electricity"
"OPEX";"Charging Infrastructure";"FR";"Depot - Network fees savings potential";"Rigid";"PROG";"EUR/kWh";2050;"-0.01";"Current policies";"Electricity"
"OPEX";"Charging Infrastructure";"FR";"Depot - Network fees savings potential";"Tractor-Trailer";"PROG";"EUR/kWh";2050;"-0.01";"Current policies";"Electricity"
"OPEX";"Charging Infrastructure";"IT";"Depot - Network fees savings potential";"Rigid";"PROG";"EUR/kWh";2050;"-0.01";"Current policies";"Electricity"
"OPEX";"Charging Infrastructure";"IT";"Depot - Network fees savings potential";"Tractor-Trailer";"PROG";"EUR/kWh";2050;"-0.01";"Current policies";"Electricity"
"OPEX";"Charging Infrastructure";"NL";"Depot - Network fees savings potential";"Rigid";"PROG";"EUR/kWh";2050;"-0.01";"Current policies";"Electricity"
"OPEX";"Charging Infrastructure";"NL";"Depot - Network fees savings potential";"Tractor-Trailer";"PROG";"EUR/kWh";2050;"-0.01";"Current policies";"Electricity"
"OPEX";"Charging Infrastructure";"PL";"Depot - Network fees savings potential";"Rigid";"PROG";"EUR/kWh";2050;"-0.01";"Current policies";"Electricity"
"OPEX";"Charging Infrastructure";"PL";"Depot - Network fees savings potential";"Tractor-Trailer";"PROG";"EUR/kWh";2050;"-0.01";"Current policies";"Electricity"
"OPEX";"Charging Infrastructure";"UK";"Depot - Network fees savings potential";"Rigid";"PROG";"EUR/kWh";2050;"-0.01";"Current policies";"Electricity"
"OPEX";"Charging Infrastructure";"UK";"Depot - Network fees savings potential";"Tractor-Trailer";"PROG";"EUR/kWh";2050;"-0.01";"Current policies";"Electricity"
"OPEX";"Taxes";"DE";"Tax reduction";"Rigid";"PROG";"%";2050;"0";"Current policies";"Hydrogen"
"OPEX";"Taxes";"DE";"Tax reduction";"Tractor-Trailer";"PROG";"%";2050;"0";"Current policies";"Hydrogen"
"OPEX";"Taxes";"ES";"Tax reduction";"Rigid";"PROG";"%";2050;"0";"Current policies";"Hydrogen"
"OPEX";"Taxes";"ES";"Tax reduction";"Tractor-Trailer";"PROG";"%";2050;"0";"Current policies";"Hydrogen"
"OPEX";"Taxes";"FR";"Tax reduction";"Rigid";"PROG";"%";2050;"0";"Current policies";"Hydrogen"
"OPEX";"Taxes";"FR";"Tax reduction";"Tractor-Trailer";"PROG";"%";2050;"0";"Current policies";"Hydrogen"
"OPEX";"Taxes";"IT";"Tax reduction";"Rigid";"PROG";"%";2050;"0";"Current policies";"Hydrogen"
"OPEX";"Taxes";"IT";"Tax reduction";"Tractor-Trailer";"PROG";"%";2050;"0";"Current policies";"Hydrogen"
"OPEX";"Taxes";"NL";"Tax reduction";"Rigid";"PROG";"%";2050;"0";"Current policies";"Hydrogen"
"OPEX";"Taxes";"NL";"Tax reduction";"Tractor-Trailer";"PROG";"%";2050;"0";"Current policies";"Hydrogen"
"OPEX";"Taxes";"PL";"Tax reduction";"Rigid";"PROG";"%";2050;"0";"Current policies";"Hydrogen"
"OPEX";"Taxes";"PL";"Tax reduction";"Tractor-Trailer";"PROG";"%";2050;"0";"Current policies";"Hydrogen"
"OPEX";"Taxes";"UK";"Tax reduction";"Rigid";"PROG";"%";2050;"0";"Current policies";"Hydrogen"
"OPEX";"Taxes";"UK";"Tax reduction";"Tractor-Trailer";"PROG";"%";2050;"0";"Current policies";"Hydrogen"
"OPEX";"Taxes";"DE";"Excise Duty - Diesel";"Rigid";"BAU";"EUR/kWh";2050;"0.047";"Current policies";"Diesel"
"OPEX";"Taxes";"DE";"Excise Duty - Diesel";"Tractor-Trailer";"BAU";"EUR/kWh";2050;"0.047";"Current policies";"Diesel"
"OPEX";"Taxes";"DE";"Excise Duty - Diesel";"Rigid";"PROG";"EUR/kWh";2050;"0.047";"Current policies";"Diesel"
"OPEX";"Taxes";"DE";"Excise Duty - Diesel";"Tractor-Trailer";"PROG";"EUR/kWh";2050;"0.047";"Current policies";"Diesel"
"OPEX";"Taxes";"ES";"Excise Duty - Diesel";"Rigid";"BAU";"EUR/kWh";2050;"0.038";"Current policies";"Diesel"
"OPEX";"Taxes";"ES";"Excise Duty - Diesel";"Tractor-Trailer";"BAU";"EUR/kWh";2050;"0.038";"Current policies";"Diesel"
"OPEX";"Taxes";"ES";"Excise Duty - Diesel";"Rigid";"PROG";"EUR/kWh";2050;"0.038";"Current policies";"Diesel"
"OPEX";"Taxes";"ES";"Excise Duty - Diesel";"Tractor-Trailer";"PROG";"EUR/kWh";2050;"0.038";"Current policies";"Diesel"
"OPEX";"Taxes";"FR";"Excise Duty - Diesel";"Rigid";"BAU";"EUR/kWh";2050;"0.06";"Current policies";"Diesel"
"OPEX";"Taxes";"FR";"Excise Duty - Diesel";"Tractor-Trailer";"BAU";"EUR/kWh";2050;"0.06";"Current policies";"Diesel"
"OPEX";"Taxes";"FR";"Excise Duty - Diesel";"Rigid";"PROG";"EUR/kWh";2050;"0.06";"Current policies";"Diesel"
"OPEX";"Taxes";"FR";"Excise Duty - Diesel";"Tractor-Trailer";"PROG";"EUR/kWh";2050;"0.06";"Current policies";"Diesel"
"OPEX";"Taxes";"IT";"Excise Duty - Diesel";"Rigid";"BAU";"EUR/kWh";2050;"0.062";"Current policies";"Diesel"
"OPEX";"Taxes";"IT";"Excise Duty - Diesel";"Tractor-Trailer";"BAU";"EUR/kWh";2050;"0.062";"Current policies";"Diesel"
"OPEX";"Taxes";"IT";"Excise Duty - Diesel";"Rigid";"PROG";"EUR/kWh";2050;"0.062";"Current policies";"Diesel"
"OPEX";"Taxes";"IT";"Excise Duty - Diesel";"Tractor-Trailer";"PROG";"EUR/kWh";2050;"0.062";"Current policies";"Diesel"
"OPEX";"Taxes";"NL";"Excise Duty - Diesel";"Rigid";"BAU";"EUR/kWh";2050;"0.053";"Current policies";"Diesel"
"OPEX";"Taxes";"NL";"Excise Duty - Diesel";"Tractor-Trailer";"BAU";"EUR/kWh";2050;"0.053";"Current policies";"Diesel"
"OPEX";"Taxes";"NL";"Excise Duty - Diesel";"Rigid";"PROG";"EUR/kWh";2050;"0.053";"Current policies";"Diesel"
"OPEX";"Taxes";"NL";"Excise Duty - Diesel";"Tractor-Trailer";"PROG";"EUR/kWh";2050;"0.053";"Current policies";"Diesel"
"OPEX";"Taxes";"PL";"Excise Duty - Diesel";"Rigid";"BAU";"EUR/kWh";2050;"0.033";"Current policies";"Diesel"
"OPEX";"Taxes";"PL";"Excise Duty - Diesel";"Tractor-Trailer";"BAU";"EUR/kWh";2050;"0.033";"Current policies";"Diesel"
"OPEX";"Taxes";"PL";"Excise Duty - Diesel";"Rigid";"PROG";"EUR/kWh";2050;"0.033";"Current policies";"Diesel"
"OPEX";"Taxes";"PL";"Excise Duty - Diesel";"Tractor-Trailer";"PROG";"EUR/kWh";2050;"0.033";"Current policies";"Diesel"
"OPEX";"Taxes";"UK";"Excise Duty - Diesel";"Rigid";"BAU";"EUR/kWh";2050;"0.053";"Current policies";"Diesel"
"OPEX";"Taxes";"UK";"Excise Duty - Diesel";"Tractor-Trailer";"BAU";"EUR/kWh";2050;"0.053";"Current policies";"Diesel"
"OPEX";"Taxes";"UK";"Excise Duty - Diesel";"Rigid";"PROG";"EUR/kWh";2050;"0.053";"Current policies";"Diesel"
"OPEX";"Taxes";"UK";"Excise Duty - Diesel";"Tractor-Trailer";"PROG";"EUR/kWh";2050;"0.053";"Current policies";"Diesel"
"OPEX";"Taxes";"DE";"Excise Duty - Reduction biodiesel";"Rigid";"BAU";"%";2050;"0.5";"Current policies";"Diesel"
"OPEX";"Taxes";"DE";"Excise Duty - Reduction biodiesel";"Tractor-Trailer";"BAU";"%";2050;"0.5";"Current policies";"Diesel"
"OPEX";"Taxes";"DE";"Excise Duty - Reduction biodiesel";"Rigid";"PROG";"%";2050;"0.5";"Current policies";"Diesel"
"OPEX";"Taxes";"DE";"Excise Duty - Reduction biodiesel";"Tractor-Trailer";"PROG";"%";2050;"0.5";"Current policies";"Diesel"
"OPEX";"Taxes";"ES";"Excise Duty - Reduction biodiesel";"Rigid";"BAU";"%";2050;"0.5";"Current policies";"Diesel"
"OPEX";"Taxes";"ES";"Excise Duty - Reduction biodiesel";"Tractor-Trailer";"BAU";"%";2050;"0.5";"Current policies";"Diesel"
"OPEX";"Taxes";"ES";"Excise Duty - Reduction biodiesel";"Rigid";"PROG";"%";2050;"0.5";"Current policies";"Diesel"
"OPEX";"Taxes";"ES";"Excise Duty - Reduction biodiesel";"Tractor-Trailer";"PROG";"%";2050;"0.5";"Current policies";"Diesel"
"OPEX";"Taxes";"FR";"Excise Duty - Reduction biodiesel";"Rigid";"BAU";"%";2050;"0.5";"Current policies";"Diesel"
"OPEX";"Taxes";"FR";"Excise Duty - Reduction biodiesel";"Tractor-Trailer";"BAU";"%";2050;"0.5";"Current policies";"Diesel"
"OPEX";"Taxes";"FR";"Excise Duty - Reduction biodiesel";"Rigid";"PROG";"%";2050;"0.5";"Current policies";"Diesel"
"OPEX";"Taxes";"FR";"Excise Duty - Reduction biodiesel";"Tractor-Trailer";"PROG";"%";2050;"0.5";"Current policies";"Diesel"
"OPEX";"Taxes";"IT";"Excise Duty - Reduction biodiesel";"Rigid";"BAU";"%";2050;"0.5";"Current policies";"Diesel"
"OPEX";"Taxes";"IT";"Excise Duty - Reduction biodiesel";"Tractor-Trailer";"BAU";"%";2050;"0.5";"Current policies";"Diesel"
"OPEX";"Taxes";"IT";"Excise Duty - Reduction biodiesel";"Rigid";"PROG";"%";2050;"0.5";"Current policies";"Diesel"
"OPEX";"Taxes";"IT";"Excise Duty - Reduction biodiesel";"Tractor-Trailer";"PROG";"%";2050;"0.5";"Current policies";"Diesel"
"OPEX";"Taxes";"NL";"Excise Duty - Reduction biodiesel";"Rigid";"BAU";"%";2050;"0.5";"Current policies";"Diesel"
"OPEX";"Taxes";"NL";"Excise Duty - Reduction biodiesel";"Tractor-Trailer";"BAU";"%";2050;"0.5";"Current policies";"Diesel"
"OPEX";"Taxes";"NL";"Excise Duty - Reduction biodiesel";"Rigid";"PROG";"%";2050;"0.5";"Current policies";"Diesel"
"OPEX";"Taxes";"NL";"Excise Duty - Reduction biodiesel";"Tractor-Trailer";"PROG";"%";2050;"0.5";"Current policies";"Diesel"
"OPEX";"Taxes";"PL";"Excise Duty - Reduction biodiesel";"Rigid";"BAU";"%";2050;"0.5";"Current policies";"Diesel"
"OPEX";"Taxes";"PL";"Excise Duty - Reduction biodiesel";"Tractor-Trailer";"BAU";"%";2050;"0.5";"Current policies";"Diesel"
"OPEX";"Taxes";"PL";"Excise Duty - Reduction biodiesel";"Rigid";"PROG";"%";2050;"0.5";"Current policies";"Diesel"
"OPEX";"Taxes";"PL";"Excise Duty - Reduction biodiesel";"Tractor-Trailer";"PROG";"%";2050;"0.5";"Current policies";"Diesel"
"OPEX";"Taxes";"UK";"Excise Duty - Reduction biodiesel";"Rigid";"BAU";"%";2050;"0.5";"Current policies";"Diesel"
"OPEX";"Taxes";"UK";"Excise Duty - Reduction biodiesel";"Tractor-Trailer";"BAU";"%";2050;"0.5";"Current policies";"Diesel"
"OPEX";"Taxes";"UK";"Excise Duty - Reduction biodiesel";"Rigid";"PROG";"%";2050;"0.5";"Current policies";"Diesel"
"OPEX";"Taxes";"UK";"Excise Duty - Reduction biodiesel";"Tractor-Trailer";"PROG";"%";2050;"0.5";"Current policies";"Diesel"
"OPEX";"Taxes";"DE";"Excise Duty - Reduction Synthetic Diesel (E-Fuels)";"Rigid";"BAU";"%";2050;"0.5";"Current policies";"Diesel"
"OPEX";"Taxes";"DE";"Excise Duty - Reduction Synthetic Diesel (E-Fuels)";"Tractor-Trailer";"BAU";"%";2050;"0.5";"Current policies";"Diesel"
"OPEX";"Taxes";"DE";"Excise Duty - Reduction Synthetic Diesel (E-Fuels)";"Rigid";"PROG";"%";2050;"0.5";"Current policies";"Diesel"
"OPEX";"Taxes";"DE";"Excise Duty - Reduction Synthetic Diesel (E-Fuels)";"Tractor-Trailer";"PROG";"%";2050;"0.5";"Current policies";"Diesel"
"OPEX";"Taxes";"ES";"Excise Duty - Reduction Synthetic Diesel (E-Fuels)";"Rigid";"BAU";"%";2050;"0.5";"Current policies";"Diesel"
"OPEX";"Taxes";"ES";"Excise Duty - Reduction Synthetic Diesel (E-Fuels)";"Tractor-Trailer";"BAU";"%";2050;"0.5";"Current policies";"Diesel"
"OPEX";"Taxes";"ES";"Excise Duty - Reduction Synthetic Diesel (E-Fuels)";"Rigid";"PROG";"%";2050;"0.5";"Current policies";"Diesel"
"OPEX";"Taxes";"ES";"Excise Duty - Reduction Synthetic Diesel (E-Fuels)";"Tractor-Trailer";"PROG";"%";2050;"0.5";"Current policies";"Diesel"
"OPEX";"Taxes";"FR";"Excise Duty - Reduction Synthetic Diesel (E-Fuels)";"Rigid";"BAU";"%";2050;"0.5";"Current policies";"Diesel"
"OPEX";"Taxes";"FR";"Excise Duty - Reduction Synthetic Diesel (E-Fuels)";"Tractor-Trailer";"BAU";"%";2050;"0.5";"Current policies";"Diesel"
"OPEX";"Taxes";"FR";"Excise Duty - Reduction Synthetic Diesel (E-Fuels)";"Rigid";"PROG";"%";2050;"0.5";"Current policies";"Diesel"
"OPEX";"Taxes";"FR";"Excise Duty - Reduction Synthetic Diesel (E-Fuels)";"Tractor-Trailer";"PROG";"%";2050;"0.5";"Current policies";"Diesel"
"OPEX";"Taxes";"IT";"Excise Duty - Reduction Synthetic Diesel (E-Fuels)";"Rigid";"BAU";"%";2050;"0.5";"Current policies";"Diesel"
"OPEX";"Taxes";"IT";"Excise Duty - Reduction Synthetic Diesel (E-Fuels)";"Tractor-Trailer";"BAU";"%";2050;"0.5";"Current policies";"Diesel"
"OPEX";"Taxes";"IT";"Excise Duty - Reduction Synthetic Diesel (E-Fuels)";"Rigid";"PROG";"%";2050;"0.5";"Current policies";"Diesel"
"OPEX";"Taxes";"IT";"Excise Duty - Reduction Synthetic Diesel (E-Fuels)";"Tractor-Trailer";"PROG";"%";2050;"0.5";"Current policies";"Diesel"
"OPEX";"Taxes";"NL";"Excise Duty - Reduction Synthetic Diesel (E-Fuels)";"Rigid";"BAU";"%";2050;"0.5";"Current policies";"Diesel"
"OPEX";"Taxes";"NL";"Excise Duty - Reduction Synthetic Diesel (E-Fuels)";"Tractor-Trailer";"BAU";"%";2050;"0.5";"Current policies";"Diesel"
"OPEX";"Taxes";"NL";"Excise Duty - Reduction Synthetic Diesel (E-Fuels)";"Rigid";"PROG";"%";2050;"0.5";"Current policies";"Diesel"
"OPEX";"Taxes";"NL";"Excise Duty - Reduction Synthetic Diesel (E-Fuels)";"Tractor-Trailer";"PROG";"%";2050;"0.5";"Current policies";"Diesel"
"OPEX";"Taxes";"PL";"Excise Duty - Reduction Synthetic Diesel (E-Fuels)";"Rigid";"BAU";"%";2050;"0.5";"Current policies";"Diesel"
"OPEX";"Taxes";"PL";"Excise Duty - Reduction Synthetic Diesel (E-Fuels)";"Tractor-Trailer";"BAU";"%";2050;"0.5";"Current policies";"Diesel"
"OPEX";"Taxes";"PL";"Excise Duty - Reduction Synthetic Diesel (E-Fuels)";"Rigid";"PROG";"%";2050;"0.5";"Current policies";"Diesel"
"OPEX";"Taxes";"PL";"Excise Duty - Reduction Synthetic Diesel (E-Fuels)";"Tractor-Trailer";"PROG";"%";2050;"0.5";"Current policies";"Diesel"
"OPEX";"Taxes";"UK";"Excise Duty - Reduction Synthetic Diesel (E-Fuels)";"Rigid";"BAU";"%";2050;"0.5";"Current policies";"Diesel"
"OPEX";"Taxes";"UK";"Excise Duty - Reduction Synthetic Diesel (E-Fuels)";"Tractor-Trailer";"BAU";"%";2050;"0.5";"Current policies";"Diesel"
"OPEX";"Taxes";"UK";"Excise Duty - Reduction Synthetic Diesel (E-Fuels)";"Rigid";"PROG";"%";2050;"0.5";"Current policies";"Diesel"
"OPEX";"Taxes";"UK";"Excise Duty - Reduction Synthetic Diesel (E-Fuels)";"Tractor-Trailer";"PROG";"%";2050;"0.5";"Current policies";"Diesel"
"OPEX";"Taxes";"DE";"Taxes, Fees, Levies and charges - H2";"Rigid";"BAU";"EUR/kWh";2050;"0.015";"Current policies";"Hydrogen"
"OPEX";"Taxes";"DE";"Taxes, Fees, Levies and charges - H2";"Tractor-Trailer";"BAU";"EUR/kWh";2050;"0.015";"Current policies";"Hydrogen"
"OPEX";"Taxes";"DE";"Taxes, Fees, Levies and charges - H2";"Rigid";"PROG";"EUR/kWh";2050;"0.015";"Current policies";"Hydrogen"
"OPEX";"Taxes";"DE";"Taxes, Fees, Levies and charges - H2";"Tractor-Trailer";"PROG";"EUR/kWh";2050;"0.015";"Current policies";"Hydrogen"
"OPEX";"Taxes";"ES";"Taxes, Fees, Levies and charges - H2";"Rigid";"BAU";"EUR/kWh";2050;"0.008";"Current policies";"Hydrogen"
"OPEX";"Taxes";"ES";"Taxes, Fees, Levies and charges - H2";"Tractor-Trailer";"BAU";"EUR/kWh";2050;"0.008";"Current policies";"Hydrogen"
"OPEX";"Taxes";"ES";"Taxes, Fees, Levies and charges - H2";"Rigid";"PROG";"EUR/kWh";2050;"0.008";"Current policies";"Hydrogen"
"OPEX";"Taxes";"ES";"Taxes, Fees, Levies and charges - H2";"Tractor-Trailer";"PROG";"EUR/kWh";2050;"0.008";"Current policies";"Hydrogen"
"OPEX";"Taxes";"FR";"Taxes, Fees, Levies and charges - H2";"Rigid";"BAU";"EUR/kWh";2050;"0.012";"Current policies";"Hydrogen"
"OPEX";"Taxes";"FR";"Taxes, Fees, Levies and charges - H2";"Tractor-Trailer";"BAU";"EUR/kWh";2050;"0.012";"Current policies";"Hydrogen"
"OPEX";"Taxes";"FR";"Taxes, Fees, Levies and charges - H2";"Rigid";"PROG";"EUR/kWh";2050;"0.012";"Current policies";"Hydrogen"
"OPEX";"Taxes";"FR";"Taxes, Fees, Levies and charges - H2";"Tractor-Trailer";"PROG";"EUR/kWh";2050;"0.012";"Current policies";"Hydrogen"
"OPEX";"Taxes";"IT";"Taxes, Fees, Levies and charges - H2";"Rigid";"BAU";"EUR/kWh";2050;"0.009";"Current policies";"Hydrogen"
"OPEX";"Taxes";"IT";"Taxes, Fees, Levies and charges - H2";"Tractor-Trailer";"BAU";"EUR/kWh";2050;"0.009";"Current policies";"Hydrogen"
"OPEX";"Taxes";"IT";"Taxes, Fees, Levies and charges - H2";"Rigid";"PROG";"EUR/kWh";2050;"0.009";"Current policies";"Hydrogen"
"OPEX";"Taxes";"IT";"Taxes, Fees, Levies and charges - H2";"Tractor-Trailer";"PROG";"EUR/kWh";2050;"0.009";"Current policies";"Hydrogen"
"OPEX";"Taxes";"NL";"Taxes, Fees, Levies and charges - H2";"Rigid";"BAU";"EUR/kWh";2050;"0.024";"Current policies";"Hydrogen"
"OPEX";"Taxes";"NL";"Taxes, Fees, Levies and charges - H2";"Tractor-Trailer";"BAU";"EUR/kWh";2050;"0.024";"Current policies";"Hydrogen"
"OPEX";"Taxes";"NL";"Taxes, Fees, Levies and charges - H2";"Rigid";"PROG";"EUR/kWh";2050;"0.024";"Current policies";"Hydrogen"
"OPEX";"Taxes";"NL";"Taxes, Fees, Levies and charges - H2";"Tractor-Trailer";"PROG";"EUR/kWh";2050;"0.024";"Current policies";"Hydrogen"
"OPEX";"Taxes";"PL";"Taxes, Fees, Levies and charges - H2";"Rigid";"BAU";"EUR/kWh";2050;"0.009";"Current policies";"Hydrogen"
"OPEX";"Taxes";"PL";"Taxes, Fees, Levies and charges - H2";"Tractor-Trailer";"BAU";"EUR/kWh";2050;"0.009";"Current policies";"Hydrogen"
"OPEX";"Taxes";"PL";"Taxes, Fees, Levies and charges - H2";"Rigid";"PROG";"EUR/kWh";2050;"0.009";"Current policies";"Hydrogen"
"OPEX";"Taxes";"PL";"Taxes, Fees, Levies and charges - H2";"Tractor-Trailer";"PROG";"EUR/kWh";2050;"0.009";"Current policies";"Hydrogen"
"OPEX";"Taxes";"UK";"Taxes, Fees, Levies and charges - H2";"Rigid";"BAU";"EUR/kWh";2050;"0.006";"Current policies";"Hydrogen"
"OPEX";"Taxes";"UK";"Taxes, Fees, Levies and charges - H2";"Tractor-Trailer";"BAU";"EUR/kWh";2050;"0.006";"Current policies";"Hydrogen"
"OPEX";"Taxes";"UK";"Taxes, Fees, Levies and charges - H2";"Rigid";"PROG";"EUR/kWh";2050;"0.006";"Current policies";"Hydrogen"
"OPEX";"Taxes";"UK";"Taxes, Fees, Levies and charges - H2";"Tractor-Trailer";"PROG";"EUR/kWh";2050;"0.006";"Current policies";"Hydrogen"
"OPEX";"Charging Infrastructure";"DE";"MCS grid extension";"Rigid";"PROG";"EUR/kWh";2050;"0.035";"Current policies";"Electricity"
"OPEX";"Charging Infrastructure";"DE";"MCS grid extension";"Tractor-Trailer";"PROG";"EUR/kWh";2050;"0.035";"Current policies";"Electricity"
"OPEX";"Charging Infrastructure";"DE";"MCS grid extension";"Rigid";"BAU";"EUR/kWh";2050;"0.035";"Current policies";"Electricity"
"OPEX";"Charging Infrastructure";"DE";"MCS grid extension";"Tractor-Trailer";"BAU";"EUR/kWh";2050;"0.035";"Current policies";"Electricity"
"OPEX";"Charging Infrastructure";"ES";"MCS grid extension";"Rigid";"PROG";"EUR/kWh";2050;"0.035";"Current policies";"Electricity"
"OPEX";"Charging Infrastructure";"ES";"MCS grid extension";"Tractor-Trailer";"PROG";"EUR/kWh";2050;"0.035";"Current policies";"Electricity"
"OPEX";"Charging Infrastructure";"ES";"MCS grid extension";"Rigid";"BAU";"EUR/kWh";2050;"0.035";"Current policies";"Electricity"
"OPEX";"Charging Infrastructure";"ES";"MCS grid extension";"Tractor-Trailer";"BAU";"EUR/kWh";2050;"0.035";"Current policies";"Electricity"
"OPEX";"Charging Infrastructure";"FR";"MCS grid extension";"Rigid";"PROG";"EUR/kWh";2050;"0.035";"Current policies";"Electricity"
"OPEX";"Charging Infrastructure";"FR";"MCS grid extension";"Tractor-Trailer";"PROG";"EUR/kWh";2050;"0.035";"Current policies";"Electricity"
"OPEX";"Charging Infrastructure";"FR";"MCS grid extension";"Rigid";"BAU";"EUR/kWh";2050;"0.035";"Current policies";"Electricity"
"OPEX";"Charging Infrastructure";"FR";"MCS grid extension";"Tractor-Trailer";"BAU";"EUR/kWh";2050;"0.035";"Current policies";"Electricity"
"OPEX";"Charging Infrastructure";"IT";"MCS grid extension";"Rigid";"PROG";"EUR/kWh";2050;"0.035";"Current policies";"Electricity"
"OPEX";"Charging Infrastructure";"IT";"MCS grid extension";"Tractor-Trailer";"PROG";"EUR/kWh";2050;"0.035";"Current policies";"Electricity"
"OPEX";"Charging Infrastructure";"IT";"MCS grid extension";"Rigid";"BAU";"EUR/kWh";2050;"0.035";"Current policies";"Electricity"
"OPEX";"Charging Infrastructure";"IT";"MCS grid extension";"Tractor-Trailer";"BAU";"EUR/kWh";2050;"0.035";"Current policies";"Electricity"
"OPEX";"Charging Infrastructure";"NL";"MCS grid extension";"Rigid";"PROG";"EUR/kWh";2050;"0.035";"Current policies";"Electricity"
"OPEX";"Charging Infrastructure";"NL";"MCS grid extension";"Tractor-Trailer";"PROG";"EUR/kWh";2050;"0.035";"Current policies";"Electricity"
"OPEX";"Charging Infrastructure";"NL";"MCS grid extension";"Rigid";"BAU";"EUR/kWh";2050;"0.035";"Current policies";"Electricity"
"OPEX";"Charging Infrastructure";"NL";"MCS grid extension";"Tractor-Trailer";"BAU";"EUR/kWh";2050;"0.035";"Current policies";"Electricity"
"OPEX";"Charging Infrastructure";"PL";"MCS grid extension";"Rigid";"PROG";"EUR/kWh";2050;"0.035";"Current policies";"Electricity"
"OPEX";"Charging Infrastructure";"PL";"MCS grid extension";"Tractor-Trailer";"PROG";"EUR/kWh";2050;"0.035";"Current policies";"Electricity"
"OPEX";"Charging Infrastructure";"PL";"MCS grid extension";"Rigid";"BAU";"EUR/kWh";2050;"0.035";"Current policies";"Electricity"
"OPEX";"Charging Infrastructure";"PL";"MCS grid extension";"Tractor-Trailer";"BAU";"EUR/kWh";2050;"0.035";"Current policies";"Electricity"
"OPEX";"Charging Infrastructure";"UK";"MCS grid extension";"Rigid";"PROG";"EUR/kWh";2050;"0.035";"Current policies";"Electricity"
"OPEX";"Charging Infrastructure";"UK";"MCS grid extension";"Tractor-Trailer";"PROG";"EUR/kWh";2050;"0.035";"Current policies";"Electricity"
"OPEX";"Charging Infrastructure";"UK";"MCS grid extension";"Rigid";"BAU";"EUR/kWh";2050;"0.035";"Current policies";"Electricity"
"OPEX";"Charging Infrastructure";"UK";"MCS grid extension";"Tractor-Trailer";"BAU";"EUR/kWh";2050;"0.035";"Current policies";"Electricity"
"OPEX";"Charging Infrastructure";"DE";"MCS Profit and Mark-Up";"Rigid";"PROG";"%";2050;"0.1";"Current policies";"Electricity"
"OPEX";"Charging Infrastructure";"DE";"MCS Profit and Mark-Up";"Tractor-Trailer";"PROG";"%";2050;"0.1";"Current policies";"Electricity"
"OPEX";"Charging Infrastructure";"DE";"MCS Profit and Mark-Up";"Rigid";"BAU";"%";2050;"0.1";"Current policies";"Electricity"
"OPEX";"Charging Infrastructure";"DE";"MCS Profit and Mark-Up";"Tractor-Trailer";"BAU";"%";2050;"0.1";"Current policies";"Electricity"
"OPEX";"Charging Infrastructure";"ES";"MCS Profit and Mark-Up";"Rigid";"PROG";"%";2050;"0.1";"Current policies";"Electricity"
"OPEX";"Charging Infrastructure";"ES";"MCS Profit and Mark-Up";"Tractor-Trailer";"PROG";"%";2050;"0.1";"Current policies";"Electricity"
"OPEX";"Charging Infrastructure";"ES";"MCS Profit and Mark-Up";"Rigid";"BAU";"%";2050;"0.1";"Current policies";"Electricity"
"OPEX";"Charging Infrastructure";"ES";"MCS Profit and Mark-Up";"Tractor-Trailer";"BAU";"%";2050;"0.1";"Current policies";"Electricity"
"OPEX";"Charging Infrastructure";"FR";"MCS Profit and Mark-Up";"Rigid";"PROG";"%";2050;"0.1";"Current policies";"Electricity"
"OPEX";"Charging Infrastructure";"FR";"MCS Profit and Mark-Up";"Tractor-Trailer";"PROG";"%";2050;"0.1";"Current policies";"Electricity"
"OPEX";"Charging Infrastructure";"FR";"MCS Profit and Mark-Up";"Rigid";"BAU";"%";2050;"0.1";"Current policies";"Electricity"
"OPEX";"Charging Infrastructure";"FR";"MCS Profit and Mark-Up";"Tractor-Trailer";"BAU";"%";2050;"0.1";"Current policies";"Electricity"
"OPEX";"Charging Infrastructure";"IT";"MCS Profit and Mark-Up";"Rigid";"PROG";"%";2050;"0.1";"Current policies";"Electricity"
"OPEX";"Charging Infrastructure";"IT";"MCS Profit and Mark-Up";"Tractor-Trailer";"PROG";"%";2050;"0.1";"Current policies";"Electricity"
"OPEX";"Charging Infrastructure";"IT";"MCS Profit and Mark-Up";"Rigid";"BAU";"%";2050;"0.1";"Current policies";"Electricity"
"OPEX";"Charging Infrastructure";"IT";"MCS Profit and Mark-Up";"Tractor-Trailer";"BAU";"%";2050;"0.1";"Current policies";"Electricity"
"OPEX";"Charging Infrastructure";"NL";"MCS Profit and Mark-Up";"Rigid";"PROG";"%";2050;"0.1";"Current policies";"Electricity"
"OPEX";"Charging Infrastructure";"NL";"MCS Profit and Mark-Up";"Tractor-Trailer";"PROG";"%";2050;"0.1";"Current policies";"Electricity"
"OPEX";"Charging Infrastructure";"NL";"MCS Profit and Mark-Up";"Rigid";"BAU";"%";2050;"0.1";"Current policies";"Electricity"
"OPEX";"Charging Infrastructure";"NL";"MCS Profit and Mark-Up";"Tractor-Trailer";"BAU";"%";2050;"0.1";"Current policies";"Electricity"
"OPEX";"Charging Infrastructure";"PL";"MCS Profit and Mark-Up";"Rigid";"PROG";"%";2050;"0.1";"Current policies";"Electricity"
"OPEX";"Charging Infrastructure";"PL";"MCS Profit and Mark-Up";"Tractor-Trailer";"PROG";"%";2050;"0.1";"Current policies";"Electricity"
"OPEX";"Charging Infrastructure";"PL";"MCS Profit and Mark-Up";"Rigid";"BAU";"%";2050;"0.1";"Current policies";"Electricity"
"OPEX";"Charging Infrastructure";"PL";"MCS Profit and Mark-Up";"Tractor-Trailer";"BAU";"%";2050;"0.1";"Current policies";"Electricity"
"OPEX";"Charging Infrastructure";"UK";"MCS Profit and Mark-Up";"Rigid";"PROG";"%";2050;"0.1";"Current policies";"Electricity"
"OPEX";"Charging Infrastructure";"UK";"MCS Profit and Mark-Up";"Tractor-Trailer";"PROG";"%";2050;"0.1";"Current policies";"Electricity"
"OPEX";"Charging Infrastructure";"UK";"MCS Profit and Mark-Up";"Rigid";"BAU";"%";2050;"0.1";"Current policies";"Electricity"
"OPEX";"Charging Infrastructure";"UK";"MCS Profit and Mark-Up";"Tractor-Trailer";"BAU";"%";2050;"0.1";"Current policies";"Electricity"
"OPEX";"Charging Infrastructure";"DE";"CCS Station (Depot) - Incl. Overhead";"Rigid";"PROG";"EUR/kWh";2050;"0.019";"Current policies";"Electricity"
"OPEX";"Charging Infrastructure";"DE";"CCS Station (Depot) - Incl. Overhead";"Tractor-Trailer";"PROG";"EUR/kWh";2050;"0.019";"Current policies";"Electricity"
"OPEX";"Charging Infrastructure";"DE";"CCS Station (Depot) - Incl. Overhead";"Rigid";"BAU";"EUR/kWh";2050;"0.019";"Current policies";"Electricity"
"OPEX";"Charging Infrastructure";"DE";"CCS Station (Depot) - Incl. Overhead";"Tractor-Trailer";"BAU";"EUR/kWh";2050;"0.019";"Current policies";"Electricity"
"OPEX";"Charging Infrastructure";"ES";"CCS Station (Depot) - Incl. Overhead";"Rigid";"PROG";"EUR/kWh";2050;"0.019";"Current policies";"Electricity"
"OPEX";"Charging Infrastructure";"ES";"CCS Station (Depot) - Incl. Overhead";"Tractor-Trailer";"PROG";"EUR/kWh";2050;"0.019";"Current policies";"Electricity"
"OPEX";"Charging Infrastructure";"ES";"CCS Station (Depot) - Incl. Overhead";"Rigid";"BAU";"EUR/kWh";2050;"0.019";"Current policies";"Electricity"
"OPEX";"Charging Infrastructure";"ES";"CCS Station (Depot) - Incl. Overhead";"Tractor-Trailer";"BAU";"EUR/kWh";2050;"0.019";"Current policies";"Electricity"
"OPEX";"Charging Infrastructure";"FR";"CCS Station (Depot) - Incl. Overhead";"Rigid";"PROG";"EUR/kWh";2050;"0.019";"Current policies";"Electricity"
"OPEX";"Charging Infrastructure";"FR";"CCS Station (Depot) - Incl. Overhead";"Tractor-Trailer";"PROG";"EUR/kWh";2050;"0.019";"Current policies";"Electricity"
"OPEX";"Charging Infrastructure";"FR";"CCS Station (Depot) - Incl. Overhead";"Rigid";"BAU";"EUR/kWh";2050;"0.019";"Current policies";"Electricity"
"OPEX";"Charging Infrastructure";"FR";"CCS Station (Depot) - Incl. Overhead";"Tractor-Trailer";"BAU";"EUR/kWh";2050;"0.019";"Current policies";"Electricity"
"OPEX";"Charging Infrastructure";"IT";"CCS Station (Depot) - Incl. Overhead";"Rigid";"PROG";"EUR/kWh";2050;"0.019";"Current policies";"Electricity"
"OPEX";"Charging Infrastructure";"IT";"CCS Station (Depot) - Incl. Overhead";"Tractor-Trailer";"PROG";"EUR/kWh";2050;"0.019";"Current policies";"Electricity"
"OPEX";"Charging Infrastructure";"IT";"CCS Station (Depot) - Incl. Overhead";"Rigid";"BAU";"EUR/kWh";2050;"0.019";"Current policies";"Electricity"
"OPEX";"Charging Infrastructure";"IT";"CCS Station (Depot) - Incl. Overhead";"Tractor-Trailer";"BAU";"EUR/kWh";2050;"0.019";"Current policies";"Electricity"
"OPEX";"Charging Infrastructure";"NL";"CCS Station (Depot) - Incl. Overhead";"Rigid";"PROG";"EUR/kWh";2050;"0.019";"Current policies";"Electricity"
"OPEX";"Charging Infrastructure";"NL";"CCS Station (Depot) - Incl. Overhead";"Tractor-Trailer";"PROG";"EUR/kWh";2050;"0.019";"Current policies";"Electricity"
"OPEX";"Charging Infrastructure";"NL";"CCS Station (Depot) - Incl. Overhead";"Rigid";"BAU";"EUR/kWh";2050;"0.019";"Current policies";"Electricity"
"OPEX";"Charging Infrastructure";"NL";"CCS Station (Depot) - Incl. Overhead";"Tractor-Trailer";"BAU";"EUR/kWh";2050;"0.019";"Current policies";"Electricity"
"OPEX";"Charging Infrastructure";"PL";"CCS Station (Depot) - Incl. Overhead";"Rigid";"PROG";"EUR/kWh";2050;"0.019";"Current policies";"Electricity"
"OPEX";"Charging Infrastructure";"PL";"CCS Station (Depot) - Incl. Overhead";"Tractor-Trailer";"PROG";"EUR/kWh";2050;"0.019";"Current policies";"Electricity"
"OPEX";"Charging Infrastructure";"PL";"CCS Station (Depot) - Incl. Overhead";"Rigid";"BAU";"EUR/kWh";2050;"0.019";"Current policies";"Electricity"
"OPEX";"Charging Infrastructure";"PL";"CCS Station (Depot) - Incl. Overhead";"Tractor-Trailer";"BAU";"EUR/kWh";2050;"0.019";"Current policies";"Electricity"
"OPEX";"Charging Infrastructure";"UK";"CCS Station (Depot) - Incl. Overhead";"Rigid";"PROG";"EUR/kWh";2050;"0.019";"Current policies";"Electricity"
"OPEX";"Charging Infrastructure";"UK";"CCS Station (Depot) - Incl. Overhead";"Tractor-Trailer";"PROG";"EUR/kWh";2050;"0.019";"Current policies";"Electricity"
"OPEX";"Charging Infrastructure";"UK";"CCS Station (Depot) - Incl. Overhead";"Rigid";"BAU";"EUR/kWh";2050;"0.019";"Current policies";"Electricity"
"OPEX";"Charging Infrastructure";"UK";"CCS Station (Depot) - Incl. Overhead";"Tractor-Trailer";"BAU";"EUR/kWh";2050;"0.019";"Current policies";"Electricity"
"OPEX";"Charging Infrastructure";"DE";"CCS grid extension";"Rigid";"PROG";"EUR/kWh";2050;"0.045";"Current policies";"Electricity"
"OPEX";"Charging Infrastructure";"DE";"CCS grid extension";"Tractor-Trailer";"PROG";"EUR/kWh";2050;"0.045";"Current policies";"Electricity"
"OPEX";"Charging Infrastructure";"DE";"CCS grid extension";"Rigid";"BAU";"EUR/kWh";2050;"0.045";"Current policies";"Electricity"
"OPEX";"Charging Infrastructure";"DE";"CCS grid extension";"Tractor-Trailer";"BAU";"EUR/kWh";2050;"0.045";"Current policies";"Electricity"
"OPEX";"Charging Infrastructure";"ES";"CCS grid extension";"Rigid";"PROG";"EUR/kWh";2050;"0.045";"Current policies";"Electricity"
"OPEX";"Charging Infrastructure";"ES";"CCS grid extension";"Tractor-Trailer";"PROG";"EUR/kWh";2050;"0.045";"Current policies";"Electricity"
"OPEX";"Charging Infrastructure";"ES";"CCS grid extension";"Rigid";"BAU";"EUR/kWh";2050;"0.045";"Current policies";"Electricity"
"OPEX";"Charging Infrastructure";"ES";"CCS grid extension";"Tractor-Trailer";"BAU";"EUR/kWh";2050;"0.045";"Current policies";"Electricity"
"OPEX";"Charging Infrastructure";"FR";"CCS grid extension";"Rigid";"PROG";"EUR/kWh";2050;"0.045";"Current policies";"Electricity"
"OPEX";"Charging Infrastructure";"FR";"CCS grid extension";"Tractor-Trailer";"PROG";"EUR/kWh";2050;"0.045";"Current policies";"Electricity"
"OPEX";"Charging Infrastructure";"FR";"CCS grid extension";"Rigid";"BAU";"EUR/kWh";2050;"0.045";"Current policies";"Electricity"
"OPEX";"Charging Infrastructure";"FR";"CCS grid extension";"Tractor-Trailer";"BAU";"EUR/kWh";2050;"0.045";"Current policies";"Electricity"
"OPEX";"Charging Infrastructure";"IT";"CCS grid extension";"Rigid";"PROG";"EUR/kWh";2050;"0.045";"Current policies";"Electricity"
"OPEX";"Charging Infrastructure";"IT";"CCS grid extension";"Tractor-Trailer";"PROG";"EUR/kWh";2050;"0.045";"Current policies";"Electricity"
"OPEX";"Charging Infrastructure";"IT";"CCS grid extension";"Rigid";"BAU";"EUR/kWh";2050;"0.045";"Current policies";"Electricity"
"OPEX";"Charging Infrastructure";"IT";"CCS grid extension";"Tractor-Trailer";"BAU";"EUR/kWh";2050;"0.045";"Current policies";"Electricity"
"OPEX";"Charging Infrastructure";"NL";"CCS grid extension";"Rigid";"PROG";"EUR/kWh";2050;"0.045";"Current policies";"Electricity"
"OPEX";"Charging Infrastructure";"NL";"CCS grid extension";"Tractor-Trailer";"PROG";"EUR/kWh";2050;"0.045";"Current policies";"Electricity"
"OPEX";"Charging Infrastructure";"NL";"CCS grid extension";"Rigid";"BAU";"EUR/kWh";2050;"0.045";"Current policies";"Electricity"
"OPEX";"Charging Infrastructure";"NL";"CCS grid extension";"Tractor-Trailer";"BAU";"EUR/kWh";2050;"0.045";"Current policies";"Electricity"
"OPEX";"Charging Infrastructure";"PL";"CCS grid extension";"Rigid";"PROG";"EUR/kWh";2050;"0.045";"Current policies";"Electricity"
"OPEX";"Charging Infrastructure";"PL";"CCS grid extension";"Tractor-Trailer";"PROG";"EUR/kWh";2050;"0.045";"Current policies";"Electricity"
"OPEX";"Charging Infrastructure";"PL";"CCS grid extension";"Rigid";"BAU";"EUR/kWh";2050;"0.045";"Current policies";"Electricity"
"OPEX";"Charging Infrastructure";"PL";"CCS grid extension";"Tractor-Trailer";"BAU";"EUR/kWh";2050;"0.045";"Current policies";"Electricity"
"OPEX";"Charging Infrastructure";"UK";"CCS grid extension";"Rigid";"PROG";"EUR/kWh";2050;"0.045";"Current policies";"Electricity"
"OPEX";"Charging Infrastructure";"UK";"CCS grid extension";"Tractor-Trailer";"PROG";"EUR/kWh";2050;"0.045";"Current policies";"Electricity"
"OPEX";"Charging Infrastructure";"UK";"CCS grid extension";"Rigid";"BAU";"EUR/kWh";2050;"0.045";"Current policies";"Electricity"
"OPEX";"Charging Infrastructure";"UK";"CCS grid extension";"Tractor-Trailer";"BAU";"EUR/kWh";2050;"0.045";"Current policies";"Electricity"
"OPEX";"Diesel Infrastructure";"DE";"Total Diesel Mark-Up";"Rigid";"BAU";"EUR/kWh";2050;"0.018";"Current policies";"Diesel"
"OPEX";"Diesel Infrastructure";"DE";"Total Diesel Mark-Up";"Tractor-Trailer";"BAU";"EUR/kWh";2050;"0.018";"Current policies";"Diesel"
"OPEX";"Diesel Infrastructure";"DE";"Total Diesel Mark-Up";"Rigid";"PROG";"EUR/kWh";2050;"0.018";"Current policies";"Diesel"
"OPEX";"Diesel Infrastructure";"DE";"Total Diesel Mark-Up";"Tractor-Trailer";"PROG";"EUR/kWh";2050;"0.018";"Current policies";"Diesel"
"OPEX";"Diesel Infrastructure";"ES";"Total Diesel Mark-Up";"Rigid";"BAU";"EUR/kWh";2050;"0.018";"Current policies";"Diesel"
"OPEX";"Diesel Infrastructure";"ES";"Total Diesel Mark-Up";"Tractor-Trailer";"BAU";"EUR/kWh";2050;"0.018";"Current policies";"Diesel"
"OPEX";"Diesel Infrastructure";"ES";"Total Diesel Mark-Up";"Rigid";"PROG";"EUR/kWh";2050;"0.018";"Current policies";"Diesel"
"OPEX";"Diesel Infrastructure";"ES";"Total Diesel Mark-Up";"Tractor-Trailer";"PROG";"EUR/kWh";2050;"0.018";"Current policies";"Diesel"
"OPEX";"Diesel Infrastructure";"FR";"Total Diesel Mark-Up";"Rigid";"BAU";"EUR/kWh";2050;"0.018";"Current policies";"Diesel"
"OPEX";"Diesel Infrastructure";"FR";"Total Diesel Mark-Up";"Tractor-Trailer";"BAU";"EUR/kWh";2050;"0.018";"Current policies";"Diesel"
"OPEX";"Diesel Infrastructure";"FR";"Total Diesel Mark-Up";"Rigid";"PROG";"EUR/kWh";2050;"0.018";"Current policies";"Diesel"
"OPEX";"Diesel Infrastructure";"FR";"Total Diesel Mark-Up";"Tractor-Trailer";"PROG";"EUR/kWh";2050;"0.018";"Current policies";"Diesel"
"OPEX";"Diesel Infrastructure";"IT";"Total Diesel Mark-Up";"Rigid";"BAU";"EUR/kWh";2050;"0.018";"Current policies";"Diesel"
"OPEX";"Diesel Infrastructure";"IT";"Total Diesel Mark-Up";"Tractor-Trailer";"BAU";"EUR/kWh";2050;"0.018";"Current policies";"Diesel"
"OPEX";"Diesel Infrastructure";"IT";"Total Diesel Mark-Up";"Rigid";"PROG";"EUR/kWh";2050;"0.018";"Current policies";"Diesel"
"OPEX";"Diesel Infrastructure";"IT";"Total Diesel Mark-Up";"Tractor-Trailer";"PROG";"EUR/kWh";2050;"0.018";"Current policies";"Diesel"
"OPEX";"Diesel Infrastructure";"NL";"Total Diesel Mark-Up";"Rigid";"BAU";"EUR/kWh";2050;"0.018";"Current policies";"Diesel"
"OPEX";"Diesel Infrastructure";"NL";"Total Diesel Mark-Up";"Tractor-Trailer";"BAU";"EUR/kWh";2050;"0.018";"Current policies";"Diesel"
"OPEX";"Diesel Infrastructure";"NL";"Total Diesel Mark-Up";"Rigid";"PROG";"EUR/kWh";2050;"0.018";"Current policies";"Diesel"
"OPEX";"Diesel Infrastructure";"NL";"Total Diesel Mark-Up";"Tractor-Trailer";"PROG";"EUR/kWh";2050;"0.018";"Current policies";"Diesel"
"OPEX";"Diesel Infrastructure";"PL";"Total Diesel Mark-Up";"Rigid";"BAU";"EUR/kWh";2050;"0.018";"Current policies";"Diesel"
"OPEX";"Diesel Infrastructure";"PL";"Total Diesel Mark-Up";"Tractor-Trailer";"BAU";"EUR/kWh";2050;"0.018";"Current policies";"Diesel"
"OPEX";"Diesel Infrastructure";"PL";"Total Diesel Mark-Up";"Rigid";"PROG";"EUR/kWh";2050;"0.018";"Current policies";"Diesel"
"OPEX";"Diesel Infrastructure";"PL";"Total Diesel Mark-Up";"Tractor-Trailer";"PROG";"EUR/kWh";2050;"0.018";"Current policies";"Diesel"
"OPEX";"Diesel Infrastructure";"UK";"Total Diesel Mark-Up";"Rigid";"BAU";"EUR/kWh";2050;"0.018";"Current policies";"Diesel"
"OPEX";"Diesel Infrastructure";"UK";"Total Diesel Mark-Up";"Tractor-Trailer";"BAU";"EUR/kWh";2050;"0.018";"Current policies";"Diesel"
"OPEX";"Diesel Infrastructure";"UK";"Total Diesel Mark-Up";"Rigid";"PROG";"EUR/kWh";2050;"0.018";"Current policies";"Diesel"
"OPEX";"Diesel Infrastructure";"UK";"Total Diesel Mark-Up";"Tractor-Trailer";"PROG";"EUR/kWh";2050;"0.018";"Current policies";"Diesel"
"OPEX";"Diesel Infrastructure";"DE";"CO2 emission factor Biodiesel";"Rigid";"BAU";"%";2050;"0.152";"Current policies";"Diesel"
"OPEX";"Diesel Infrastructure";"DE";"CO2 emission factor Biodiesel";"Tractor-Trailer";"BAU";"%";2050;"0.152";"Current policies";"Diesel"
"OPEX";"Diesel Infrastructure";"DE";"CO2 emission factor Biodiesel";"Rigid";"PROG";"%";2050;"0.152";"Current policies";"Diesel"
"OPEX";"Diesel Infrastructure";"DE";"CO2 emission factor Biodiesel";"Tractor-Trailer";"PROG";"%";2050;"0.152";"Current policies";"Diesel"
"OPEX";"Diesel Infrastructure";"ES";"CO2 emission factor Biodiesel";"Rigid";"BAU";"%";2050;"0.152";"Current policies";"Diesel"
"OPEX";"Diesel Infrastructure";"ES";"CO2 emission factor Biodiesel";"Tractor-Trailer";"BAU";"%";2050;"0.152";"Current policies";"Diesel"
"OPEX";"Diesel Infrastructure";"ES";"CO2 emission factor Biodiesel";"Rigid";"PROG";"%";2050;"0.152";"Current policies";"Diesel"
"OPEX";"Diesel Infrastructure";"ES";"CO2 emission factor Biodiesel";"Tractor-Trailer";"PROG";"%";2050;"0.152";"Current policies";"Diesel"
"OPEX";"Diesel Infrastructure";"FR";"CO2 emission factor Biodiesel";"Rigid";"BAU";"%";2050;"0.152";"Current policies";"Diesel"
"OPEX";"Diesel Infrastructure";"FR";"CO2 emission factor Biodiesel";"Tractor-Trailer";"BAU";"%";2050;"0.152";"Current policies";"Diesel"
"OPEX";"Diesel Infrastructure";"FR";"CO2 emission factor Biodiesel";"Rigid";"PROG";"%";2050;"0.152";"Current policies";"Diesel"
"OPEX";"Diesel Infrastructure";"FR";"CO2 emission factor Biodiesel";"Tractor-Trailer";"PROG";"%";2050;"0.152";"Current policies";"Diesel"
"OPEX";"Diesel Infrastructure";"IT";"CO2 emission factor Biodiesel";"Rigid";"BAU";"%";2050;"0.152";"Current policies";"Diesel"
"OPEX";"Diesel Infrastructure";"IT";"CO2 emission factor Biodiesel";"Tractor-Trailer";"BAU";"%";2050;"0.152";"Current policies";"Diesel"
"OPEX";"Diesel Infrastructure";"IT";"CO2 emission factor Biodiesel";"Rigid";"PROG";"%";2050;"0.152";"Current policies";"Diesel"
"OPEX";"Diesel Infrastructure";"IT";"CO2 emission factor Biodiesel";"Tractor-Trailer";"PROG";"%";2050;"0.152";"Current policies";"Diesel"
"OPEX";"Diesel Infrastructure";"NL";"CO2 emission factor Biodiesel";"Rigid";"BAU";"%";2050;"0.152";"Current policies";"Diesel"
"OPEX";"Diesel Infrastructure";"NL";"CO2 emission factor Biodiesel";"Tractor-Trailer";"BAU";"%";2050;"0.152";"Current policies";"Diesel"
"OPEX";"Diesel Infrastructure";"NL";"CO2 emission factor Biodiesel";"Rigid";"PROG";"%";2050;"0.152";"Current policies";"Diesel"
"OPEX";"Diesel Infrastructure";"NL";"CO2 emission factor Biodiesel";"Tractor-Trailer";"PROG";"%";2050;"0.152";"Current policies";"Diesel"
"OPEX";"Diesel Infrastructure";"PL";"CO2 emission factor Biodiesel";"Rigid";"BAU";"%";2050;"0.152";"Current policies";"Diesel"
"OPEX";"Diesel Infrastructure";"PL";"CO2 emission factor Biodiesel";"Tractor-Trailer";"BAU";"%";2050;"0.152";"Current policies";"Diesel"
"OPEX";"Diesel Infrastructure";"PL";"CO2 emission factor Biodiesel";"Rigid";"PROG";"%";2050;"0.152";"Current policies";"Diesel"
"OPEX";"Diesel Infrastructure";"PL";"CO2 emission factor Biodiesel";"Tractor-Trailer";"PROG";"%";2050;"0.152";"Current policies";"Diesel"
"OPEX";"Diesel Infrastructure";"UK";"CO2 emission factor Biodiesel";"Rigid";"BAU";"%";2050;"0.152";"Current policies";"Diesel"
"OPEX";"Diesel Infrastructure";"UK";"CO2 emission factor Biodiesel";"Tractor-Trailer";"BAU";"%";2050;"0.152";"Current policies";"Diesel"
"OPEX";"Diesel Infrastructure";"UK";"CO2 emission factor Biodiesel";"Rigid";"PROG";"%";2050;"0.152";"Current policies";"Diesel"
"OPEX";"Diesel Infrastructure";"UK";"CO2 emission factor Biodiesel";"Tractor-Trailer";"PROG";"%";2050;"0.152";"Current policies";"Diesel"
"OPEX";"Diesel Infrastructure";"DE";"CO2 emission factor Pt-Diesel";"Rigid";"BAU";"%";2050;"0";"Current policies";"Diesel"
"OPEX";"Diesel Infrastructure";"DE";"CO2 emission factor Pt-Diesel";"Tractor-Trailer";"BAU";"%";2050;"0";"Current policies";"Diesel"
"OPEX";"Diesel Infrastructure";"DE";"CO2 emission factor Pt-Diesel";"Rigid";"PROG";"%";2050;"0";"Current policies";"Diesel"
"OPEX";"Diesel Infrastructure";"DE";"CO2 emission factor Pt-Diesel";"Tractor-Trailer";"PROG";"%";2050;"0";"Current policies";"Diesel"
"OPEX";"Diesel Infrastructure";"ES";"CO2 emission factor Pt-Diesel";"Rigid";"BAU";"%";2050;"0";"Current policies";"Diesel"
"OPEX";"Diesel Infrastructure";"ES";"CO2 emission factor Pt-Diesel";"Tractor-Trailer";"BAU";"%";2050;"0";"Current policies";"Diesel"
"OPEX";"Diesel Infrastructure";"ES";"CO2 emission factor Pt-Diesel";"Rigid";"PROG";"%";2050;"0";"Current policies";"Diesel"
"OPEX";"Diesel Infrastructure";"ES";"CO2 emission factor Pt-Diesel";"Tractor-Trailer";"PROG";"%";2050;"0";"Current policies";"Diesel"
"OPEX";"Diesel Infrastructure";"FR";"CO2 emission factor Pt-Diesel";"Rigid";"BAU";"%";2050;"0";"Current policies";"Diesel"
"OPEX";"Diesel Infrastructure";"FR";"CO2 emission factor Pt-Diesel";"Tractor-Trailer";"BAU";"%";2050;"0";"Current policies";"Diesel"
"OPEX";"Diesel Infrastructure";"FR";"CO2 emission factor Pt-Diesel";"Rigid";"PROG";"%";2050;"0";"Current policies";"Diesel"
"OPEX";"Diesel Infrastructure";"FR";"CO2 emission factor Pt-Diesel";"Tractor-Trailer";"PROG";"%";2050;"0";"Current policies";"Diesel"
"OPEX";"Diesel Infrastructure";"IT";"CO2 emission factor Pt-Diesel";"Rigid";"BAU";"%";2050;"0";"Current policies";"Diesel"
"OPEX";"Diesel Infrastructure";"IT";"CO2 emission factor Pt-Diesel";"Tractor-Trailer";"BAU";"%";2050;"0";"Current policies";"Diesel"
"OPEX";"Diesel Infrastructure";"IT";"CO2 emission factor Pt-Diesel";"Rigid";"PROG";"%";2050;"0";"Current policies";"Diesel"
"OPEX";"Diesel Infrastructure";"IT";"CO2 emission factor Pt-Diesel";"Tractor-Trailer";"PROG";"%";2050;"0";"Current policies";"Diesel"
"OPEX";"Diesel Infrastructure";"NL";"CO2 emission factor Pt-Diesel";"Rigid";"BAU";"%";2050;"0";"Current policies";"Diesel"
"OPEX";"Diesel Infrastructure";"NL";"CO2 emission factor Pt-Diesel";"Tractor-Trailer";"BAU";"%";2050;"0";"Current policies";"Diesel"
"OPEX";"Diesel Infrastructure";"NL";"CO2 emission factor Pt-Diesel";"Rigid";"PROG";"%";2050;"0";"Current policies";"Diesel"
"OPEX";"Diesel Infrastructure";"NL";"CO2 emission factor Pt-Diesel";"Tractor-Trailer";"PROG";"%";2050;"0";"Current policies";"Diesel"
"OPEX";"Diesel Infrastructure";"PL";"CO2 emission factor Pt-Diesel";"Rigid";"BAU";"%";2050;"0";"Current policies";"Diesel"
"OPEX";"Diesel Infrastructure";"PL";"CO2 emission factor Pt-Diesel";"Tractor-Trailer";"BAU";"%";2050;"0";"Current policies";"Diesel"
"OPEX";"Diesel Infrastructure";"PL";"CO2 emission factor Pt-Diesel";"Rigid";"PROG";"%";2050;"0";"Current policies";"Diesel"
"OPEX";"Diesel Infrastructure";"PL";"CO2 emission factor Pt-Diesel";"Tractor-Trailer";"PROG";"%";2050;"0";"Current policies";"Diesel"
"OPEX";"Diesel Infrastructure";"UK";"CO2 emission factor Pt-Diesel";"Rigid";"BAU";"%";2050;"0";"Current policies";"Diesel"
"OPEX";"Diesel Infrastructure";"UK";"CO2 emission factor Pt-Diesel";"Tractor-Trailer";"BAU";"%";2050;"0";"Current policies";"Diesel"
"OPEX";"Diesel Infrastructure";"UK";"CO2 emission factor Pt-Diesel";"Rigid";"PROG";"%";2050;"0";"Current policies";"Diesel"
"OPEX";"Diesel Infrastructure";"UK";"CO2 emission factor Pt-Diesel";"Tractor-Trailer";"PROG";"%";2050;"0";"Current policies";"Diesel"
"OPEX";"Taxes";"DE";"Network Costs - MCS";"Rigid";"BAU";"EUR/kWh";2050;"0.034";"Current policies";"Electricity"
"OPEX";"Taxes";"DE";"Network Costs - MCS";"Tractor-Trailer";"BAU";"EUR/kWh";2050;"0.034";"Current policies";"Electricity"
"OPEX";"Taxes";"ES";"Network Costs - MCS";"Rigid";"BAU";"EUR/kWh";2050;"0.018";"Current policies";"Electricity"
"OPEX";"Taxes";"ES";"Network Costs - MCS";"Tractor-Trailer";"BAU";"EUR/kWh";2050;"0.018";"Current policies";"Electricity"
"OPEX";"Taxes";"FR";"Network Costs - MCS";"Rigid";"BAU";"EUR/kWh";2050;"0.018";"Current policies";"Electricity"
"OPEX";"Taxes";"FR";"Network Costs - MCS";"Tractor-Trailer";"BAU";"EUR/kWh";2050;"0.018";"Current policies";"Electricity"
"OPEX";"Taxes";"IT";"Network Costs - MCS";"Rigid";"BAU";"EUR/kWh";2050;"0.015";"Current policies";"Electricity"
"OPEX";"Taxes";"IT";"Network Costs - MCS";"Tractor-Trailer";"BAU";"EUR/kWh";2050;"0.015";"Current policies";"Electricity"
"OPEX";"Taxes";"NL";"Network Costs - MCS";"Rigid";"BAU";"EUR/kWh";2050;"0.016";"Current policies";"Electricity"
"OPEX";"Taxes";"NL";"Network Costs - MCS";"Tractor-Trailer";"BAU";"EUR/kWh";2050;"0.016";"Current policies";"Electricity"
"OPEX";"Taxes";"PL";"Network Costs - MCS";"Rigid";"BAU";"EUR/kWh";2050;"0.019";"Current policies";"Electricity"
"OPEX";"Taxes";"PL";"Network Costs - MCS";"Tractor-Trailer";"BAU";"EUR/kWh";2050;"0.019";"Current policies";"Electricity"
"OPEX";"Taxes";"UK";"Network Costs - MCS";"Rigid";"BAU";"EUR/kWh";2050;"0.027";"Current policies";"Electricity"
"OPEX";"Taxes";"UK";"Network Costs - MCS";"Tractor-Trailer";"BAU";"EUR/kWh";2050;"0.027";"Current policies";"Electricity"
"OPEX";"Taxes";"DE";"Taxes, Fees, Levies and charges - MCS";"Rigid";"BAU";"EUR/kWh";2050;"0.056";"Current policies";"Electricity"
"OPEX";"Taxes";"DE";"Taxes, Fees, Levies and charges - MCS";"Tractor-Trailer";"BAU";"EUR/kWh";2050;"0.056";"Current policies";"Electricity"
"OPEX";"Taxes";"ES";"Taxes, Fees, Levies and charges - MCS";"Rigid";"BAU";"EUR/kWh";2050;"0.036";"Current policies";"Electricity"
"OPEX";"Taxes";"ES";"Taxes, Fees, Levies and charges - MCS";"Tractor-Trailer";"BAU";"EUR/kWh";2050;"0.036";"Current policies";"Electricity"
"OPEX";"Taxes";"FR";"Taxes, Fees, Levies and charges - MCS";"Rigid";"BAU";"EUR/kWh";2050;"0.03";"Current policies";"Electricity"
"OPEX";"Taxes";"FR";"Taxes, Fees, Levies and charges - MCS";"Tractor-Trailer";"BAU";"EUR/kWh";2050;"0.03";"Current policies";"Electricity"
"OPEX";"Taxes";"IT";"Taxes, Fees, Levies and charges - MCS";"Rigid";"BAU";"EUR/kWh";2050;"0.062";"Current policies";"Electricity"
"OPEX";"Taxes";"IT";"Taxes, Fees, Levies and charges - MCS";"Tractor-Trailer";"BAU";"EUR/kWh";2050;"0.062";"Current policies";"Electricity"
"OPEX";"Taxes";"NL";"Taxes, Fees, Levies and charges - MCS";"Rigid";"BAU";"EUR/kWh";2050;"0.055";"Current policies";"Electricity"
"OPEX";"Taxes";"NL";"Taxes, Fees, Levies and charges - MCS";"Tractor-Trailer";"BAU";"EUR/kWh";2050;"0.055";"Current policies";"Electricity"
"OPEX";"Taxes";"PL";"Taxes, Fees, Levies and charges - MCS";"Rigid";"BAU";"EUR/kWh";2050;"0.049";"Current policies";"Electricity"
"OPEX";"Taxes";"PL";"Taxes, Fees, Levies and charges - MCS";"Tractor-Trailer";"BAU";"EUR/kWh";2050;"0.049";"Current policies";"Electricity"
"OPEX";"Taxes";"UK";"Taxes, Fees, Levies and charges - MCS";"Rigid";"BAU";"EUR/kWh";2050;"0.077";"Current policies";"Electricity"
"OPEX";"Taxes";"UK";"Taxes, Fees, Levies and charges - MCS";"Tractor-Trailer";"BAU";"EUR/kWh";2050;"0.077";"Current policies";"Electricity"
"OPEX";"Taxes";"DE";"Network Costs - Depot";"Rigid";"BAU";"EUR/kWh";2050;"0.034";"Current policies";"Electricity"
"OPEX";"Taxes";"DE";"Network Costs - Depot";"Tractor-Trailer";"BAU";"EUR/kWh";2050;"0.034";"Current policies";"Electricity"
"OPEX";"Taxes";"ES";"Network Costs - Depot";"Rigid";"BAU";"EUR/kWh";2050;"0.018";"Current policies";"Electricity"
"OPEX";"Taxes";"ES";"Network Costs - Depot";"Tractor-Trailer";"BAU";"EUR/kWh";2050;"0.018";"Current policies";"Electricity"
"OPEX";"Taxes";"FR";"Network Costs - Depot";"Rigid";"BAU";"EUR/kWh";2050;"0.018";"Current policies";"Electricity"
"OPEX";"Taxes";"FR";"Network Costs - Depot";"Tractor-Trailer";"BAU";"EUR/kWh";2050;"0.018";"Current policies";"Electricity"
"OPEX";"Taxes";"IT";"Network Costs - Depot";"Rigid";"BAU";"EUR/kWh";2050;"0.016";"Current policies";"Electricity"
"OPEX";"Taxes";"IT";"Network Costs - Depot";"Tractor-Trailer";"BAU";"EUR/kWh";2050;"0.016";"Current policies";"Electricity"
"OPEX";"Taxes";"NL";"Network Costs - Depot";"Rigid";"BAU";"EUR/kWh";2050;"0.016";"Current policies";"Electricity"
"OPEX";"Taxes";"NL";"Network Costs - Depot";"Tractor-Trailer";"BAU";"EUR/kWh";2050;"0.016";"Current policies";"Electricity"
"OPEX";"Taxes";"PL";"Network Costs - Depot";"Rigid";"BAU";"EUR/kWh";2050;"0.019";"Current policies";"Electricity"
"OPEX";"Taxes";"PL";"Network Costs - Depot";"Tractor-Trailer";"BAU";"EUR/kWh";2050;"0.019";"Current policies";"Electricity"
"OPEX";"Taxes";"UK";"Network Costs - Depot";"Rigid";"BAU";"EUR/kWh";2050;"0.027";"Current policies";"Electricity"
"OPEX";"Taxes";"UK";"Network Costs - Depot";"Tractor-Trailer";"BAU";"EUR/kWh";2050;"0.027";"Current policies";"Electricity"
"OPEX";"Taxes";"DE";"Taxes, Fees, Levies and charges - Depot";"Rigid";"BAU";"EUR/kWh";2050;"0.056";"Current policies";"Electricity"
"OPEX";"Taxes";"DE";"Taxes, Fees, Levies and charges - Depot";"Tractor-Trailer";"BAU";"EUR/kWh";2050;"0.056";"Current policies";"Electricity"
"OPEX";"Taxes";"ES";"Taxes, Fees, Levies and charges - Depot";"Rigid";"BAU";"EUR/kWh";2050;"0.036";"Current policies";"Electricity"
"OPEX";"Taxes";"ES";"Taxes, Fees, Levies and charges - Depot";"Tractor-Trailer";"BAU";"EUR/kWh";2050;"0.036";"Current policies";"Electricity"
"OPEX";"Taxes";"FR";"Taxes, Fees, Levies and charges - Depot";"Rigid";"BAU";"EUR/kWh";2050;"0.03";"Current policies";"Electricity"
"OPEX";"Taxes";"FR";"Taxes, Fees, Levies and charges - Depot";"Tractor-Trailer";"BAU";"EUR/kWh";2050;"0.03";"Current policies";"Electricity"
"OPEX";"Taxes";"IT";"Taxes, Fees, Levies and charges - Depot";"Rigid";"BAU";"EUR/kWh";2050;"0.063";"Current policies";"Electricity"
"OPEX";"Taxes";"IT";"Taxes, Fees, Levies and charges - Depot";"Tractor-Trailer";"BAU";"EUR/kWh";2050;"0.063";"Current policies";"Electricity"
"OPEX";"Taxes";"NL";"Taxes, Fees, Levies and charges - Depot";"Rigid";"BAU";"EUR/kWh";2050;"0.055";"Current policies";"Electricity"
"OPEX";"Taxes";"NL";"Taxes, Fees, Levies and charges - Depot";"Tractor-Trailer";"BAU";"EUR/kWh";2050;"0.055";"Current policies";"Electricity"
"OPEX";"Taxes";"PL";"Taxes, Fees, Levies and charges - Depot";"Rigid";"BAU";"EUR/kWh";2050;"0.049";"Current policies";"Electricity"
"OPEX";"Taxes";"PL";"Taxes, Fees, Levies and charges - Depot";"Tractor-Trailer";"BAU";"EUR/kWh";2050;"0.049";"Current policies";"Electricity"
"OPEX";"Taxes";"UK";"Taxes, Fees, Levies and charges - Depot";"Rigid";"BAU";"EUR/kWh";2050;"0.077";"Current policies";"Electricity"
"OPEX";"Taxes";"UK";"Taxes, Fees, Levies and charges - Depot";"Tractor-Trailer";"BAU";"EUR/kWh";2050;"0.077";"Current policies";"Electricity"
"OPEX";"H2 Infrastructure";"DE";"HRS costs";"Rigid";"BAU";"EUR/kg H2";2050;"1";"Current policies";"Hydrogen"
"OPEX";"H2 Infrastructure";"DE";"HRS costs";"Tractor-Trailer";"BAU";"EUR/kg H2";2050;"1";"Current policies";"Hydrogen"
"OPEX";"H2 Infrastructure";"ES";"HRS costs";"Rigid";"BAU";"EUR/kg H2";2050;"1";"Current policies";"Hydrogen"
"OPEX";"H2 Infrastructure";"ES";"HRS costs";"Tractor-Trailer";"BAU";"EUR/kg H2";2050;"1";"Current policies";"Hydrogen"
"OPEX";"H2 Infrastructure";"FR";"HRS costs";"Rigid";"BAU";"EUR/kg H2";2050;"1";"Current policies";"Hydrogen"
"OPEX";"H2 Infrastructure";"FR";"HRS costs";"Tractor-Trailer";"BAU";"EUR/kg H2";2050;"1";"Current policies";"Hydrogen"
"OPEX";"H2 Infrastructure";"IT";"HRS costs";"Rigid";"BAU";"EUR/kg H2";2050;"1";"Current policies";"Hydrogen"
"OPEX";"H2 Infrastructure";"IT";"HRS costs";"Tractor-Trailer";"BAU";"EUR/kg H2";2050;"1";"Current policies";"Hydrogen"
"OPEX";"H2 Infrastructure";"NL";"HRS costs";"Rigid";"BAU";"EUR/kg H2";2050;"1";"Current policies";"Hydrogen"
"OPEX";"H2 Infrastructure";"NL";"HRS costs";"Tractor-Trailer";"BAU";"EUR/kg H2";2050;"1";"Current policies";"Hydrogen"
"OPEX";"H2 Infrastructure";"PL";"HRS costs";"Rigid";"BAU";"EUR/kg H2";2050;"1";"Current policies";"Hydrogen"
"OPEX";"H2 Infrastructure";"PL";"HRS costs";"Tractor-Trailer";"BAU";"EUR/kg H2";2050;"1";"Current policies";"Hydrogen"
"OPEX";"H2 Infrastructure";"UK";"HRS costs";"Rigid";"BAU";"EUR/kg H2";2050;"1";"Current policies";"Hydrogen"
"OPEX";"H2 Infrastructure";"UK";"HRS costs";"Tractor-Trailer";"BAU";"EUR/kg H2";2050;"1";"Current policies";"Hydrogen"
"OPEX";"H2 Infrastructure";"DE";"H2 transport and distribution";"Rigid";"BAU";"EUR/kg H2";2050;"1";"Current policies";"Hydrogen"
"OPEX";"H2 Infrastructure";"DE";"H2 transport and distribution";"Tractor-Trailer";"BAU";"EUR/kg H2";2050;"1";"Current policies";"Hydrogen"
"OPEX";"H2 Infrastructure";"ES";"H2 transport and distribution";"Rigid";"BAU";"EUR/kg H2";2050;"1";"Current policies";"Hydrogen"
"OPEX";"H2 Infrastructure";"ES";"H2 transport and distribution";"Tractor-Trailer";"BAU";"EUR/kg H2";2050;"1";"Current policies";"Hydrogen"
"OPEX";"H2 Infrastructure";"FR";"H2 transport and distribution";"Rigid";"BAU";"EUR/kg H2";2050;"1";"Current policies";"Hydrogen"
"OPEX";"H2 Infrastructure";"FR";"H2 transport and distribution";"Tractor-Trailer";"BAU";"EUR/kg H2";2050;"1";"Current policies";"Hydrogen"
"OPEX";"H2 Infrastructure";"IT";"H2 transport and distribution";"Rigid";"BAU";"EUR/kg H2";2050;"1";"Current policies";"Hydrogen"
"OPEX";"H2 Infrastructure";"IT";"H2 transport and distribution";"Tractor-Trailer";"BAU";"EUR/kg H2";2050;"1";"Current policies";"Hydrogen"
"OPEX";"H2 Infrastructure";"NL";"H2 transport and distribution";"Rigid";"BAU";"EUR/kg H2";2050;"1";"Current policies";"Hydrogen"
"OPEX";"H2 Infrastructure";"NL";"H2 transport and distribution";"Tractor-Trailer";"BAU";"EUR/kg H2";2050;"1";"Current policies";"Hydrogen"
"OPEX";"H2 Infrastructure";"PL";"H2 transport and distribution";"Rigid";"BAU";"EUR/kg H2";2050;"1";"Current policies";"Hydrogen"
"OPEX";"H2 Infrastructure";"PL";"H2 transport and distribution";"Tractor-Trailer";"BAU";"EUR/kg H2";2050;"1";"Current policies";"Hydrogen"
"OPEX";"H2 Infrastructure";"UK";"H2 transport and distribution";"Rigid";"BAU";"EUR/kg H2";2050;"1";"Current policies";"Hydrogen"
"OPEX";"H2 Infrastructure";"UK";"H2 transport and distribution";"Tractor-Trailer";"BAU";"EUR/kg H2";2050;"1";"Current policies";"Hydrogen"
"OPEX";"H2 Infrastructure";"DE";"HRS Overhead, Profit and Mark-Up";"Rigid";"BAU";"EUR/kg H2";2050;"0.25";"Current policies";"Hydrogen"
"OPEX";"H2 Infrastructure";"DE";"HRS Overhead, Profit and Mark-Up";"Tractor-Trailer";"BAU";"EUR/kg H2";2050;"0.25";"Current policies";"Hydrogen"
"OPEX";"H2 Infrastructure";"ES";"HRS Overhead, Profit and Mark-Up";"Rigid";"BAU";"EUR/kg H2";2050;"0.25";"Current policies";"Hydrogen"
"OPEX";"H2 Infrastructure";"ES";"HRS Overhead, Profit and Mark-Up";"Tractor-Trailer";"BAU";"EUR/kg H2";2050;"0.25";"Current policies";"Hydrogen"
"OPEX";"H2 Infrastructure";"FR";"HRS Overhead, Profit and Mark-Up";"Rigid";"BAU";"EUR/kg H2";2050;"0.25";"Current policies";"Hydrogen"
"OPEX";"H2 Infrastructure";"FR";"HRS Overhead, Profit and Mark-Up";"Tractor-Trailer";"BAU";"EUR/kg H2";2050;"0.25";"Current policies";"Hydrogen"
"OPEX";"H2 Infrastructure";"IT";"HRS Overhead, Profit and Mark-Up";"Rigid";"BAU";"EUR/kg H2";2050;"0.25";"Current policies";"Hydrogen"
"OPEX";"H2 Infrastructure";"IT";"HRS Overhead, Profit and Mark-Up";"Tractor-Trailer";"BAU";"EUR/kg H2";2050;"0.25";"Current policies";"Hydrogen"
"OPEX";"H2 Infrastructure";"NL";"HRS Overhead, Profit and Mark-Up";"Rigid";"BAU";"EUR/kg H2";2050;"0.25";"Current policies";"Hydrogen"
"OPEX";"H2 Infrastructure";"NL";"HRS Overhead, Profit and Mark-Up";"Tractor-Trailer";"BAU";"EUR/kg H2";2050;"0.25";"Current policies";"Hydrogen"
"OPEX";"H2 Infrastructure";"PL";"HRS Overhead, Profit and Mark-Up";"Rigid";"BAU";"EUR/kg H2";2050;"0.25";"Current policies";"Hydrogen"
"OPEX";"H2 Infrastructure";"PL";"HRS Overhead, Profit and Mark-Up";"Tractor-Trailer";"BAU";"EUR/kg H2";2050;"0.25";"Current policies";"Hydrogen"
"OPEX";"H2 Infrastructure";"UK";"HRS Overhead, Profit and Mark-Up";"Rigid";"BAU";"EUR/kg H2";2050;"0.25";"Current policies";"Hydrogen"
"OPEX";"H2 Infrastructure";"UK";"HRS Overhead, Profit and Mark-Up";"Tractor-Trailer";"BAU";"EUR/kg H2";2050;"0.25";"Current policies";"Hydrogen"
"OPEX";"Charging Infrastructure";"DE";"MCS Station (Public Charging) - Incl. Overhead";"Rigid";"BAU";"EUR/kWh";2050;"0.028";"Current policies";"Electricity"
"OPEX";"Charging Infrastructure";"DE";"MCS Station (Public Charging) - Incl. Overhead";"Tractor-Trailer";"BAU";"EUR/kWh";2050;"0.028";"Current policies";"Electricity"
"OPEX";"Charging Infrastructure";"ES";"MCS Station (Public Charging) - Incl. Overhead";"Rigid";"BAU";"EUR/kWh";2050;"0.028";"Current policies";"Electricity"
"OPEX";"Charging Infrastructure";"ES";"MCS Station (Public Charging) - Incl. Overhead";"Tractor-Trailer";"BAU";"EUR/kWh";2050;"0.028";"Current policies";"Electricity"
"OPEX";"Charging Infrastructure";"FR";"MCS Station (Public Charging) - Incl. Overhead";"Rigid";"BAU";"EUR/kWh";2050;"0.028";"Current policies";"Electricity"
"OPEX";"Charging Infrastructure";"FR";"MCS Station (Public Charging) - Incl. Overhead";"Tractor-Trailer";"BAU";"EUR/kWh";2050;"0.028";"Current policies";"Electricity"
"OPEX";"Charging Infrastructure";"IT";"MCS Station (Public Charging) - Incl. Overhead";"Rigid";"BAU";"EUR/kWh";2050;"0.028";"Current policies";"Electricity"
"OPEX";"Charging Infrastructure";"IT";"MCS Station (Public Charging) - Incl. Overhead";"Tractor-Trailer";"BAU";"EUR/kWh";2050;"0.028";"Current policies";"Electricity"
"OPEX";"Charging Infrastructure";"NL";"MCS Station (Public Charging) - Incl. Overhead";"Rigid";"BAU";"EUR/kWh";2050;"0.028";"Current policies";"Electricity"
"OPEX";"Charging Infrastructure";"NL";"MCS Station (Public Charging) - Incl. Overhead";"Tractor-Trailer";"BAU";"EUR/kWh";2050;"0.028";"Current policies";"Electricity"
"OPEX";"Charging Infrastructure";"PL";"MCS Station (Public Charging) - Incl. Overhead";"Rigid";"BAU";"EUR/kWh";2050;"0.028";"Current policies";"Electricity"
"OPEX";"Charging Infrastructure";"PL";"MCS Station (Public Charging) - Incl. Overhead";"Tractor-Trailer";"BAU";"EUR/kWh";2050;"0.028";"Current policies";"Electricity"
"OPEX";"Charging Infrastructure";"UK";"MCS Station (Public Charging) - Incl. Overhead";"Rigid";"BAU";"EUR/kWh";2050;"0.028";"Current policies";"Electricity"
"OPEX";"Charging Infrastructure";"UK";"MCS Station (Public Charging) - Incl. Overhead";"Tractor-Trailer";"BAU";"EUR/kWh";2050;"0.028";"Current policies";"Electricity"
"OPEX";"Charging Infrastructure";"DE";"Share MCS-Charging";"Rigid";"BAU";"%";2050;"0.2";"Current policies";"Electricity"
"OPEX";"Charging Infrastructure";"DE";"Share MCS-Charging";"Tractor-Trailer";"BAU";"%";2050;"0.2";"Current policies";"Electricity"
"OPEX";"Charging Infrastructure";"ES";"Share MCS-Charging";"Rigid";"BAU";"%";2050;"0.2";"Current policies";"Electricity"
"OPEX";"Charging Infrastructure";"ES";"Share MCS-Charging";"Tractor-Trailer";"BAU";"%";2050;"0.2";"Current policies";"Electricity"
"OPEX";"Charging Infrastructure";"FR";"Share MCS-Charging";"Rigid";"BAU";"%";2050;"0.2";"Current policies";"Electricity"
"OPEX";"Charging Infrastructure";"FR";"Share MCS-Charging";"Tractor-Trailer";"BAU";"%";2050;"0.2";"Current policies";"Electricity"
"OPEX";"Charging Infrastructure";"IT";"Share MCS-Charging";"Rigid";"BAU";"%";2050;"0.2";"Current policies";"Electricity"
"OPEX";"Charging Infrastructure";"IT";"Share MCS-Charging";"Tractor-Trailer";"BAU";"%";2050;"0.2";"Current policies";"Electricity"
"OPEX";"Charging Infrastructure";"NL";"Share MCS-Charging";"Rigid";"BAU";"%";2050;"0.2";"Current policies";"Electricity"
"OPEX";"Charging Infrastructure";"NL";"Share MCS-Charging";"Tractor-Trailer";"BAU";"%";2050;"0.2";"Current policies";"Electricity"
"OPEX";"Charging Infrastructure";"PL";"Share MCS-Charging";"Rigid";"BAU";"%";2050;"0.2";"Current policies";"Electricity"
"OPEX";"Charging Infrastructure";"PL";"Share MCS-Charging";"Tractor-Trailer";"BAU";"%";2050;"0.2";"Current policies";"Electricity"
"OPEX";"Charging Infrastructure";"UK";"Share MCS-Charging";"Rigid";"BAU";"%";2050;"0.2";"Current policies";"Electricity"
"OPEX";"Charging Infrastructure";"UK";"Share MCS-Charging";"Tractor-Trailer";"BAU";"%";2050;"0.2";"Current policies";"Electricity"
"OPEX";"Charging Infrastructure";"DE";"Depot - Network fees savings potential";"Rigid";"BAU";"EUR/kWh";2050;"0";"Current policies";"Electricity"
"OPEX";"Charging Infrastructure";"DE";"Depot - Network fees savings potential";"Tractor-Trailer";"BAU";"EUR/kWh";2050;"0";"Current policies";"Electricity"
"OPEX";"Charging Infrastructure";"ES";"Depot - Network fees savings potential";"Rigid";"BAU";"EUR/kWh";2050;"0";"Current policies";"Electricity"
"OPEX";"Charging Infrastructure";"ES";"Depot - Network fees savings potential";"Tractor-Trailer";"BAU";"EUR/kWh";2050;"0";"Current policies";"Electricity"
"OPEX";"Charging Infrastructure";"FR";"Depot - Network fees savings potential";"Rigid";"BAU";"EUR/kWh";2050;"0";"Current policies";"Electricity"
"OPEX";"Charging Infrastructure";"FR";"Depot - Network fees savings potential";"Tractor-Trailer";"BAU";"EUR/kWh";2050;"0";"Current policies";"Electricity"
"OPEX";"Charging Infrastructure";"IT";"Depot - Network fees savings potential";"Rigid";"BAU";"EUR/kWh";2050;"0";"Current policies";"Electricity"
"OPEX";"Charging Infrastructure";"IT";"Depot - Network fees savings potential";"Tractor-Trailer";"BAU";"EUR/kWh";2050;"0";"Current policies";"Electricity"
"OPEX";"Charging Infrastructure";"NL";"Depot - Network fees savings potential";"Rigid";"BAU";"EUR/kWh";2050;"0";"Current policies";"Electricity"
"OPEX";"Charging Infrastructure";"NL";"Depot - Network fees savings potential";"Tractor-Trailer";"BAU";"EUR/kWh";2050;"0";"Current policies";"Electricity"
"OPEX";"Charging Infrastructure";"PL";"Depot - Network fees savings potential";"Rigid";"BAU";"EUR/kWh";2050;"0";"Current policies";"Electricity"
"OPEX";"Charging Infrastructure";"PL";"Depot - Network fees savings potential";"Tractor-Trailer";"BAU";"EUR/kWh";2050;"0";"Current policies";"Electricity"
"OPEX";"Charging Infrastructure";"UK";"Depot - Network fees savings potential";"Rigid";"BAU";"EUR/kWh";2050;"0";"Current policies";"Electricity"
"OPEX";"Charging Infrastructure";"UK";"Depot - Network fees savings potential";"Tractor-Trailer";"BAU";"EUR/kWh";2050;"0";"Current policies";"Electricity"
"OPEX";"Taxes";"DE";"Tax reduction";"Rigid";"BAU";"%";2050;"0";"Current policies";"Hydrogen"
"OPEX";"Taxes";"DE";"Tax reduction";"Tractor-Trailer";"BAU";"%";2050;"0";"Current policies";"Hydrogen"
"OPEX";"Taxes";"ES";"Tax reduction";"Rigid";"BAU";"%";2050;"0";"Current policies";"Hydrogen"
"OPEX";"Taxes";"ES";"Tax reduction";"Tractor-Trailer";"BAU";"%";2050;"0";"Current policies";"Hydrogen"
"OPEX";"Taxes";"FR";"Tax reduction";"Rigid";"BAU";"%";2050;"0";"Current policies";"Hydrogen"
"OPEX";"Taxes";"FR";"Tax reduction";"Tractor-Trailer";"BAU";"%";2050;"0";"Current policies";"Hydrogen"
"OPEX";"Taxes";"IT";"Tax reduction";"Rigid";"BAU";"%";2050;"0";"Current policies";"Hydrogen"
"OPEX";"Taxes";"IT";"Tax reduction";"Tractor-Trailer";"BAU";"%";2050;"0";"Current policies";"Hydrogen"
"OPEX";"Taxes";"NL";"Tax reduction";"Rigid";"BAU";"%";2050;"0";"Current policies";"Hydrogen"
"OPEX";"Taxes";"NL";"Tax reduction";"Tractor-Trailer";"BAU";"%";2050;"0";"Current policies";"Hydrogen"
"OPEX";"Taxes";"PL";"Tax reduction";"Rigid";"BAU";"%";2050;"0";"Current policies";"Hydrogen"
"OPEX";"Taxes";"PL";"Tax reduction";"Tractor-Trailer";"BAU";"%";2050;"0";"Current policies";"Hydrogen"
"OPEX";"Taxes";"UK";"Tax reduction";"Rigid";"BAU";"%";2050;"0";"Current policies";"Hydrogen"
"OPEX";"Taxes";"UK";"Tax reduction";"Tractor-Trailer";"BAU";"%";2050;"0";"Current policies";"Hydrogen"
"OPEX";"Taxes";"DE";"Increasing grid fees";"Rigid";"PROG";"%";2050;"0.3";"Current policies";"Electricity"
"OPEX";"Taxes";"DE";"Increasing grid fees";"Tractor-Trailer";"PROG";"%";2050;"0.3";"Current policies";"Electricity"
"OPEX";"Taxes";"ES";"Increasing grid fees";"Rigid";"PROG";"%";2050;"0.3";"Current policies";"Electricity"
"OPEX";"Taxes";"ES";"Increasing grid fees";"Tractor-Trailer";"PROG";"%";2050;"0.3";"Current policies";"Electricity"
"OPEX";"Taxes";"FR";"Increasing grid fees";"Rigid";"PROG";"%";2050;"0.3";"Current policies";"Electricity"
"OPEX";"Taxes";"FR";"Increasing grid fees";"Tractor-Trailer";"PROG";"%";2050;"0.3";"Current policies";"Electricity"
"OPEX";"Taxes";"IT";"Increasing grid fees";"Rigid";"PROG";"%";2050;"0.3";"Current policies";"Electricity"
"OPEX";"Taxes";"IT";"Increasing grid fees";"Tractor-Trailer";"PROG";"%";2050;"0.3";"Current policies";"Electricity"
"OPEX";"Taxes";"NL";"Increasing grid fees";"Rigid";"PROG";"%";2050;"0.3";"Current policies";"Electricity"
"OPEX";"Taxes";"NL";"Increasing grid fees";"Tractor-Trailer";"PROG";"%";2050;"0.3";"Current policies";"Electricity"
"OPEX";"Taxes";"PL";"Increasing grid fees";"Rigid";"PROG";"%";2050;"0.3";"Current policies";"Electricity"
"OPEX";"Taxes";"PL";"Increasing grid fees";"Tractor-Trailer";"PROG";"%";2050;"0.3";"Current policies";"Electricity"
"OPEX";"Taxes";"UK";"Increasing grid fees";"Rigid";"PROG";"%";2050;"0.3";"Current policies";"Electricity"
"OPEX";"Taxes";"UK";"Increasing grid fees";"Tractor-Trailer";"PROG";"%";2050;"0.3";"Current policies";"Electricity"
"OPEX";"Taxes";"DE";"Increasing grid fees";"Rigid";"BAU";"%";2050;"0.5";"Current policies";"Electricity"
"OPEX";"Taxes";"DE";"Increasing grid fees";"Tractor-Trailer";"BAU";"%";2050;"0.5";"Current policies";"Electricity"
"OPEX";"Taxes";"ES";"Increasing grid fees";"Rigid";"BAU";"%";2050;"0.5";"Current policies";"Electricity"
"OPEX";"Taxes";"ES";"Increasing grid fees";"Tractor-Trailer";"BAU";"%";2050;"0.5";"Current policies";"Electricity"
"OPEX";"Taxes";"FR";"Increasing grid fees";"Rigid";"BAU";"%";2050;"0.5";"Current policies";"Electricity"
"OPEX";"Taxes";"FR";"Increasing grid fees";"Tractor-Trailer";"BAU";"%";2050;"0.5";"Current policies";"Electricity"
"OPEX";"Taxes";"IT";"Increasing grid fees";"Rigid";"BAU";"%";2050;"0.5";"Current policies";"Electricity"
"OPEX";"Taxes";"IT";"Increasing grid fees";"Tractor-Trailer";"BAU";"%";2050;"0.5";"Current policies";"Electricity"
"OPEX";"Taxes";"NL";"Increasing grid fees";"Rigid";"BAU";"%";2050;"0.5";"Current policies";"Electricity"
"OPEX";"Taxes";"NL";"Increasing grid fees";"Tractor-Trailer";"BAU";"%";2050;"0.5";"Current policies";"Electricity"
"OPEX";"Taxes";"PL";"Increasing grid fees";"Rigid";"BAU";"%";2050;"0.5";"Current policies";"Electricity"
"OPEX";"Taxes";"PL";"Increasing grid fees";"Tractor-Trailer";"BAU";"%";2050;"0.5";"Current policies";"Electricity"
"OPEX";"Taxes";"UK";"Increasing grid fees";"Rigid";"BAU";"%";2050;"0.5";"Current policies";"Electricity"
"OPEX";"Taxes";"UK";"Increasing grid fees";"Tractor-Trailer";"BAU";"%";2050;"0.5";"Current policies";"Electricity"
"OPEX";"Diesel";"FR";"Biodiesel Price";"Rigid";"PROG";"EUR/kWh";2030;"0.106";"Current policies";"Diesel"
"OPEX";"Diesel";"FR";"Biodiesel Price";"Tractor-Trailer";"PROG";"EUR/kWh";2030;"0.106";"Current policies";"Diesel"
"OPEX";"Diesel";"DE";"Biodiesel Price";"Rigid";"PROG";"EUR/kWh";2030;"0.106";"Current policies";"Diesel"
"OPEX";"Diesel";"DE";"Biodiesel Price";"Tractor-Trailer";"PROG";"EUR/kWh";2030;"0.106";"Current policies";"Diesel"
"OPEX";"Diesel";"ES";"Biodiesel Price";"Rigid";"PROG";"EUR/kWh";2030;"0.106";"Current policies";"Diesel"
"OPEX";"Diesel";"ES";"Biodiesel Price";"Tractor-Trailer";"PROG";"EUR/kWh";2030;"0.106";"Current policies";"Diesel"
"OPEX";"Diesel";"IT";"Biodiesel Price";"Rigid";"PROG";"EUR/kWh";2030;"0.106";"Current policies";"Diesel"
"OPEX";"Diesel";"IT";"Biodiesel Price";"Tractor-Trailer";"PROG";"EUR/kWh";2030;"0.106";"Current policies";"Diesel"
"OPEX";"Diesel";"NL";"Biodiesel Price";"Rigid";"PROG";"EUR/kWh";2030;"0.106";"Current policies";"Diesel"
"OPEX";"Diesel";"NL";"Biodiesel Price";"Tractor-Trailer";"PROG";"EUR/kWh";2030;"0.106";"Current policies";"Diesel"
"OPEX";"Diesel";"PL";"Biodiesel Price";"Rigid";"PROG";"EUR/kWh";2030;"0.106";"Current policies";"Diesel"
"OPEX";"Diesel";"PL";"Biodiesel Price";"Tractor-Trailer";"PROG";"EUR/kWh";2030;"0.106";"Current policies";"Diesel"
"OPEX";"Diesel";"UK";"Biodiesel Price";"Rigid";"PROG";"EUR/kWh";2030;"0.106";"Current policies";"Diesel"
"OPEX";"Diesel";"UK";"Biodiesel Price";"Tractor-Trailer";"PROG";"EUR/kWh";2030;"0.106";"Current policies";"Diesel"
"OPEX";"Diesel";"DE";"Pt-Diesel Price";"Rigid";"PROG";"EUR/kWh";2030;"0.244";"Current policies";"Diesel"
"OPEX";"Diesel";"DE";"Pt-Diesel Price";"Tractor-Trailer";"PROG";"EUR/kWh";2030;"0.244";"Current policies";"Diesel"
"OPEX";"Diesel";"ES";"Pt-Diesel Price";"Rigid";"PROG";"EUR/kWh";2030;"0.244";"Current policies";"Diesel"
"OPEX";"Diesel";"ES";"Pt-Diesel Price";"Tractor-Trailer";"PROG";"EUR/kWh";2030;"0.244";"Current policies";"Diesel"
"OPEX";"Diesel";"FR";"Pt-Diesel Price";"Rigid";"PROG";"EUR/kWh";2030;"0.244";"Current policies";"Diesel"
"OPEX";"Diesel";"FR";"Pt-Diesel Price";"Tractor-Trailer";"PROG";"EUR/kWh";2030;"0.244";"Current policies";"Diesel"
"OPEX";"Diesel";"IT";"Pt-Diesel Price";"Rigid";"PROG";"EUR/kWh";2030;"0.244";"Current policies";"Diesel"
"OPEX";"Diesel";"IT";"Pt-Diesel Price";"Tractor-Trailer";"PROG";"EUR/kWh";2030;"0.244";"Current policies";"Diesel"
"OPEX";"Diesel";"NL";"Pt-Diesel Price";"Rigid";"PROG";"EUR/kWh";2030;"0.244";"Current policies";"Diesel"
"OPEX";"Diesel";"NL";"Pt-Diesel Price";"Tractor-Trailer";"PROG";"EUR/kWh";2030;"0.244";"Current policies";"Diesel"
"OPEX";"Diesel";"PL";"Pt-Diesel Price";"Rigid";"PROG";"EUR/kWh";2030;"0.244";"Current policies";"Diesel"
"OPEX";"Diesel";"PL";"Pt-Diesel Price";"Tractor-Trailer";"PROG";"EUR/kWh";2030;"0.244";"Current policies";"Diesel"
"OPEX";"Diesel";"UK";"Pt-Diesel Price";"Rigid";"PROG";"EUR/kWh";2030;"0.244";"Current policies";"Diesel"
"OPEX";"Diesel";"UK";"Pt-Diesel Price";"Tractor-Trailer";"PROG";"EUR/kWh";2030;"0.244";"Current policies";"Diesel"
"OPEX";"Electricity";"DE";"Electricity Price";"Rigid";"PROG";"EUR/kWh";2030;"0.064";"Current policies";"Electricity"
"OPEX";"Electricity";"DE";"Electricity Price";"Tractor-Trailer";"PROG";"EUR/kWh";2030;"0.064";"Current policies";"Electricity"
"OPEX";"Electricity";"ES";"Electricity Price";"Rigid";"PROG";"EUR/kWh";2030;"0.064";"Current policies";"Electricity"
"OPEX";"Electricity";"ES";"Electricity Price";"Tractor-Trailer";"PROG";"EUR/kWh";2030;"0.064";"Current policies";"Electricity"
"OPEX";"Electricity";"FR";"Electricity Price";"Rigid";"PROG";"EUR/kWh";2030;"0.064";"Current policies";"Electricity"
"OPEX";"Electricity";"FR";"Electricity Price";"Tractor-Trailer";"PROG";"EUR/kWh";2030;"0.064";"Current policies";"Electricity"
"OPEX";"Electricity";"IT";"Electricity Price";"Rigid";"PROG";"EUR/kWh";2030;"0.064";"Current policies";"Electricity"
"OPEX";"Electricity";"IT";"Electricity Price";"Tractor-Trailer";"PROG";"EUR/kWh";2030;"0.064";"Current policies";"Electricity"
"OPEX";"Electricity";"NL";"Electricity Price";"Rigid";"PROG";"EUR/kWh";2030;"0.064";"Current policies";"Electricity"
"OPEX";"Electricity";"NL";"Electricity Price";"Tractor-Trailer";"PROG";"EUR/kWh";2030;"0.064";"Current policies";"Electricity"
"OPEX";"Electricity";"PL";"Electricity Price";"Rigid";"PROG";"EUR/kWh";2030;"0.064";"Current policies";"Electricity"
"OPEX";"Electricity";"PL";"Electricity Price";"Tractor-Trailer";"PROG";"EUR/kWh";2030;"0.064";"Current policies";"Electricity"
"OPEX";"Electricity";"UK";"Electricity Price";"Rigid";"PROG";"EUR/kWh";2030;"0.064";"Current policies";"Electricity"
"OPEX";"Electricity";"UK";"Electricity Price";"Tractor-Trailer";"PROG";"EUR/kWh";2030;"0.064";"Current policies";"Electricity"
"OPEX";"Hydrogen";"DE";"Hydrogen Price";"Rigid";"PROG";"EUR/kWh";2030;"0.129";"Current policies";"Hydrogen"
"OPEX";"Hydrogen";"DE";"Hydrogen Price";"Tractor-Trailer";"PROG";"EUR/kWh";2030;"0.129";"Current policies";"Hydrogen"
"OPEX";"Hydrogen";"ES";"Hydrogen Price";"Rigid";"PROG";"EUR/kWh";2030;"0.129";"Current policies";"Hydrogen"
"OPEX";"Hydrogen";"ES";"Hydrogen Price";"Tractor-Trailer";"PROG";"EUR/kWh";2030;"0.129";"Current policies";"Hydrogen"
"OPEX";"Hydrogen";"FR";"Hydrogen Price";"Rigid";"PROG";"EUR/kWh";2030;"0.129";"Current policies";"Hydrogen"
"OPEX";"Hydrogen";"FR";"Hydrogen Price";"Tractor-Trailer";"PROG";"EUR/kWh";2030;"0.129";"Current policies";"Hydrogen"
"OPEX";"Hydrogen";"IT";"Hydrogen Price";"Rigid";"PROG";"EUR/kWh";2030;"0.129";"Current policies";"Hydrogen"
"OPEX";"Hydrogen";"IT";"Hydrogen Price";"Tractor-Trailer";"PROG";"EUR/kWh";2030;"0.129";"Current policies";"Hydrogen"
"OPEX";"Hydrogen";"NL";"Hydrogen Price";"Rigid";"PROG";"EUR/kWh";2030;"0.129";"Current policies";"Hydrogen"
"OPEX";"Hydrogen";"NL";"Hydrogen Price";"Tractor-Trailer";"PROG";"EUR/kWh";2030;"0.129";"Current policies";"Hydrogen"
"OPEX";"Hydrogen";"PL";"Hydrogen Price";"Rigid";"PROG";"EUR/kWh";2030;"0.129";"Current policies";"Hydrogen"
"OPEX";"Hydrogen";"PL";"Hydrogen Price";"Tractor-Trailer";"PROG";"EUR/kWh";2030;"0.129";"Current policies";"Hydrogen"
"OPEX";"Hydrogen";"UK";"Hydrogen Price";"Rigid";"PROG";"EUR/kWh";2030;"0.129";"Current policies";"Hydrogen"
"OPEX";"Hydrogen";"UK";"Hydrogen Price";"Tractor-Trailer";"PROG";"EUR/kWh";2030;"0.129";"Current policies";"Hydrogen"
"OPEX";"Diesel";"FR";"Biodiesel Price";"Rigid";"PROG";"EUR/kWh";2035;"0.119";"Current policies";"Diesel"
"OPEX";"Diesel";"FR";"Biodiesel Price";"Tractor-Trailer";"PROG";"EUR/kWh";2035;"0.119";"Current policies";"Diesel"
"OPEX";"Diesel";"DE";"Biodiesel Price";"Rigid";"PROG";"EUR/kWh";2035;"0.119";"Current policies";"Diesel"
"OPEX";"Diesel";"DE";"Biodiesel Price";"Tractor-Trailer";"PROG";"EUR/kWh";2035;"0.119";"Current policies";"Diesel"
"OPEX";"Diesel";"ES";"Biodiesel Price";"Rigid";"PROG";"EUR/kWh";2035;"0.119";"Current policies";"Diesel"
"OPEX";"Diesel";"ES";"Biodiesel Price";"Tractor-Trailer";"PROG";"EUR/kWh";2035;"0.119";"Current policies";"Diesel"
"OPEX";"Diesel";"IT";"Biodiesel Price";"Rigid";"PROG";"EUR/kWh";2035;"0.119";"Current policies";"Diesel"
"OPEX";"Diesel";"IT";"Biodiesel Price";"Tractor-Trailer";"PROG";"EUR/kWh";2035;"0.119";"Current policies";"Diesel"
"OPEX";"Diesel";"NL";"Biodiesel Price";"Rigid";"PROG";"EUR/kWh";2035;"0.119";"Current policies";"Diesel"
"OPEX";"Diesel";"NL";"Biodiesel Price";"Tractor-Trailer";"PROG";"EUR/kWh";2035;"0.119";"Current policies";"Diesel"
"OPEX";"Diesel";"PL";"Biodiesel Price";"Rigid";"PROG";"EUR/kWh";2035;"0.119";"Current policies";"Diesel"
"OPEX";"Diesel";"PL";"Biodiesel Price";"Tractor-Trailer";"PROG";"EUR/kWh";2035;"0.119";"Current policies";"Diesel"
"OPEX";"Diesel";"UK";"Biodiesel Price";"Rigid";"PROG";"EUR/kWh";2035;"0.119";"Current policies";"Diesel"
"OPEX";"Diesel";"UK";"Biodiesel Price";"Tractor-Trailer";"PROG";"EUR/kWh";2035;"0.119";"Current policies";"Diesel"
"OPEX";"Diesel";"DE";"Pt-Diesel Price";"Rigid";"PROG";"EUR/kWh";2035;"0.215";"Current policies";"Diesel"
"OPEX";"Diesel";"DE";"Pt-Diesel Price";"Tractor-Trailer";"PROG";"EUR/kWh";2035;"0.215";"Current policies";"Diesel"
"OPEX";"Diesel";"ES";"Pt-Diesel Price";"Rigid";"PROG";"EUR/kWh";2035;"0.215";"Current policies";"Diesel"
"OPEX";"Diesel";"ES";"Pt-Diesel Price";"Tractor-Trailer";"PROG";"EUR/kWh";2035;"0.215";"Current policies";"Diesel"
"OPEX";"Diesel";"FR";"Pt-Diesel Price";"Rigid";"PROG";"EUR/kWh";2035;"0.215";"Current policies";"Diesel"
"OPEX";"Diesel";"FR";"Pt-Diesel Price";"Tractor-Trailer";"PROG";"EUR/kWh";2035;"0.215";"Current policies";"Diesel"
"OPEX";"Diesel";"IT";"Pt-Diesel Price";"Rigid";"PROG";"EUR/kWh";2035;"0.215";"Current policies";"Diesel"
"OPEX";"Diesel";"IT";"Pt-Diesel Price";"Tractor-Trailer";"PROG";"EUR/kWh";2035;"0.215";"Current policies";"Diesel"
"OPEX";"Diesel";"NL";"Pt-Diesel Price";"Rigid";"PROG";"EUR/kWh";2035;"0.215";"Current policies";"Diesel"
"OPEX";"Diesel";"NL";"Pt-Diesel Price";"Tractor-Trailer";"PROG";"EUR/kWh";2035;"0.215";"Current policies";"Diesel"
"OPEX";"Diesel";"PL";"Pt-Diesel Price";"Rigid";"PROG";"EUR/kWh";2035;"0.215";"Current policies";"Diesel"
"OPEX";"Diesel";"PL";"Pt-Diesel Price";"Tractor-Trailer";"PROG";"EUR/kWh";2035;"0.215";"Current policies";"Diesel"
"OPEX";"Diesel";"UK";"Pt-Diesel Price";"Rigid";"PROG";"EUR/kWh";2035;"0.215";"Current policies";"Diesel"
"OPEX";"Diesel";"UK";"Pt-Diesel Price";"Tractor-Trailer";"PROG";"EUR/kWh";2035;"0.215";"Current policies";"Diesel"
"OPEX";"Electricity";"DE";"Electricity Price";"Rigid";"PROG";"EUR/kWh";2035;"0.054";"Current policies";"Electricity"
"OPEX";"Electricity";"DE";"Electricity Price";"Tractor-Trailer";"PROG";"EUR/kWh";2035;"0.054";"Current policies";"Electricity"
"OPEX";"Electricity";"ES";"Electricity Price";"Rigid";"PROG";"EUR/kWh";2035;"0.054";"Current policies";"Electricity"
"OPEX";"Electricity";"ES";"Electricity Price";"Tractor-Trailer";"PROG";"EUR/kWh";2035;"0.054";"Current policies";"Electricity"
"OPEX";"Electricity";"FR";"Electricity Price";"Rigid";"PROG";"EUR/kWh";2035;"0.054";"Current policies";"Electricity"
"OPEX";"Electricity";"FR";"Electricity Price";"Tractor-Trailer";"PROG";"EUR/kWh";2035;"0.054";"Current policies";"Electricity"
"OPEX";"Electricity";"IT";"Electricity Price";"Rigid";"PROG";"EUR/kWh";2035;"0.054";"Current policies";"Electricity"
"OPEX";"Electricity";"IT";"Electricity Price";"Tractor-Trailer";"PROG";"EUR/kWh";2035;"0.054";"Current policies";"Electricity"
"OPEX";"Electricity";"NL";"Electricity Price";"Rigid";"PROG";"EUR/kWh";2035;"0.054";"Current policies";"Electricity"
"OPEX";"Electricity";"NL";"Electricity Price";"Tractor-Trailer";"PROG";"EUR/kWh";2035;"0.054";"Current policies";"Electricity"
"OPEX";"Electricity";"PL";"Electricity Price";"Rigid";"PROG";"EUR/kWh";2035;"0.054";"Current policies";"Electricity"
"OPEX";"Electricity";"PL";"Electricity Price";"Tractor-Trailer";"PROG";"EUR/kWh";2035;"0.054";"Current policies";"Electricity"
"OPEX";"Electricity";"UK";"Electricity Price";"Rigid";"PROG";"EUR/kWh";2035;"0.054";"Current policies";"Electricity"
"OPEX";"Electricity";"UK";"Electricity Price";"Tractor-Trailer";"PROG";"EUR/kWh";2035;"0.054";"Current policies";"Electricity"
"OPEX";"Hydrogen";"DE";"Hydrogen Price";"Rigid";"PROG";"EUR/kWh";2035;"0.112";"Current policies";"Hydrogen"
"OPEX";"Hydrogen";"DE";"Hydrogen Price";"Tractor-Trailer";"PROG";"EUR/kWh";2035;"0.112";"Current policies";"Hydrogen"
"OPEX";"Hydrogen";"ES";"Hydrogen Price";"Rigid";"PROG";"EUR/kWh";2035;"0.112";"Current policies";"Hydrogen"
"OPEX";"Hydrogen";"ES";"Hydrogen Price";"Tractor-Trailer";"PROG";"EUR/kWh";2035;"0.112";"Current policies";"Hydrogen"
"OPEX";"Hydrogen";"FR";"Hydrogen Price";"Rigid";"PROG";"EUR/kWh";2035;"0.112";"Current policies";"Hydrogen"
"OPEX";"Hydrogen";"FR";"Hydrogen Price";"Tractor-Trailer";"PROG";"EUR/kWh";2035;"0.112";"Current policies";"Hydrogen"
"OPEX";"Hydrogen";"IT";"Hydrogen Price";"Rigid";"PROG";"EUR/kWh";2035;"0.112";"Current policies";"Hydrogen"
"OPEX";"Hydrogen";"IT";"Hydrogen Price";"Tractor-Trailer";"PROG";"EUR/kWh";2035;"0.112";"Current policies";"Hydrogen"
"OPEX";"Hydrogen";"NL";"Hydrogen Price";"Rigid";"PROG";"EUR/kWh";2035;"0.112";"Current policies";"Hydrogen"
"OPEX";"Hydrogen";"NL";"Hydrogen Price";"Tractor-Trailer";"PROG";"EUR/kWh";2035;"0.112";"Current policies";"Hydrogen"
"OPEX";"Hydrogen";"PL";"Hydrogen Price";"Rigid";"PROG";"EUR/kWh";2035;"0.112";"Current policies";"Hydrogen"
"OPEX";"Hydrogen";"PL";"Hydrogen Price";"Tractor-Trailer";"PROG";"EUR/kWh";2035;"0.112";"Current policies";"Hydrogen"
"OPEX";"Hydrogen";"UK";"Hydrogen Price";"Rigid";"PROG";"EUR/kWh";2035;"0.112";"Current policies";"Hydrogen"
"OPEX";"Hydrogen";"UK";"Hydrogen Price";"Tractor-Trailer";"PROG";"EUR/kWh";2035;"0.112";"Current policies";"Hydrogen"
"OPEX";"Diesel";"FR";"Biodiesel Price";"Rigid";"PROG";"EUR/kWh";2040;"0.131";"Current policies";"Diesel"
"OPEX";"Diesel";"FR";"Biodiesel Price";"Tractor-Trailer";"PROG";"EUR/kWh";2040;"0.131";"Current policies";"Diesel"
"OPEX";"Diesel";"DE";"Biodiesel Price";"Rigid";"PROG";"EUR/kWh";2040;"0.131";"Current policies";"Diesel"
"OPEX";"Diesel";"DE";"Biodiesel Price";"Tractor-Trailer";"PROG";"EUR/kWh";2040;"0.131";"Current policies";"Diesel"
"OPEX";"Diesel";"ES";"Biodiesel Price";"Rigid";"PROG";"EUR/kWh";2040;"0.131";"Current policies";"Diesel"
"OPEX";"Diesel";"ES";"Biodiesel Price";"Tractor-Trailer";"PROG";"EUR/kWh";2040;"0.131";"Current policies";"Diesel"
"OPEX";"Diesel";"IT";"Biodiesel Price";"Rigid";"PROG";"EUR/kWh";2040;"0.131";"Current policies";"Diesel"
"OPEX";"Diesel";"IT";"Biodiesel Price";"Tractor-Trailer";"PROG";"EUR/kWh";2040;"0.131";"Current policies";"Diesel"
"OPEX";"Diesel";"NL";"Biodiesel Price";"Rigid";"PROG";"EUR/kWh";2040;"0.131";"Current policies";"Diesel"
"OPEX";"Diesel";"NL";"Biodiesel Price";"Tractor-Trailer";"PROG";"EUR/kWh";2040;"0.131";"Current policies";"Diesel"
"OPEX";"Diesel";"PL";"Biodiesel Price";"Rigid";"PROG";"EUR/kWh";2040;"0.131";"Current policies";"Diesel"
"OPEX";"Diesel";"PL";"Biodiesel Price";"Tractor-Trailer";"PROG";"EUR/kWh";2040;"0.131";"Current policies";"Diesel"
"OPEX";"Diesel";"UK";"Biodiesel Price";"Rigid";"PROG";"EUR/kWh";2040;"0.131";"Current policies";"Diesel"
"OPEX";"Diesel";"UK";"Biodiesel Price";"Tractor-Trailer";"PROG";"EUR/kWh";2040;"0.131";"Current policies";"Diesel"
"OPEX";"Diesel";"DE";"Pt-Diesel Price";"Rigid";"PROG";"EUR/kWh";2040;"0.186";"Current policies";"Diesel"
"OPEX";"Diesel";"DE";"Pt-Diesel Price";"Tractor-Trailer";"PROG";"EUR/kWh";2040;"0.186";"Current policies";"Diesel"
"OPEX";"Diesel";"ES";"Pt-Diesel Price";"Rigid";"PROG";"EUR/kWh";2040;"0.186";"Current policies";"Diesel"
"OPEX";"Diesel";"ES";"Pt-Diesel Price";"Tractor-Trailer";"PROG";"EUR/kWh";2040;"0.186";"Current policies";"Diesel"
"OPEX";"Diesel";"FR";"Pt-Diesel Price";"Rigid";"PROG";"EUR/kWh";2040;"0.186";"Current policies";"Diesel"
"OPEX";"Diesel";"FR";"Pt-Diesel Price";"Tractor-Trailer";"PROG";"EUR/kWh";2040;"0.186";"Current policies";"Diesel"
"OPEX";"Diesel";"IT";"Pt-Diesel Price";"Rigid";"PROG";"EUR/kWh";2040;"0.186";"Current policies";"Diesel"
"OPEX";"Diesel";"IT";"Pt-Diesel Price";"Tractor-Trailer";"PROG";"EUR/kWh";2040;"0.186";"Current policies";"Diesel"
"OPEX";"Diesel";"NL";"Pt-Diesel Price";"Rigid";"PROG";"EUR/kWh";2040;"0.186";"Current policies";"Diesel"
"OPEX";"Diesel";"NL";"Pt-Diesel Price";"Tractor-Trailer";"PROG";"EUR/kWh";2040;"0.186";"Current policies";"Diesel"
"OPEX";"Diesel";"PL";"Pt-Diesel Price";"Rigid";"PROG";"EUR/kWh";2040;"0.186";"Current policies";"Diesel"
"OPEX";"Diesel";"PL";"Pt-Diesel Price";"Tractor-Trailer";"PROG";"EUR/kWh";2040;"0.186";"Current policies";"Diesel"
"OPEX";"Diesel";"UK";"Pt-Diesel Price";"Rigid";"PROG";"EUR/kWh";2040;"0.186";"Current policies";"Diesel"
"OPEX";"Diesel";"UK";"Pt-Diesel Price";"Tractor-Trailer";"PROG";"EUR/kWh";2040;"0.186";"Current policies";"Diesel"
"OPEX";"Electricity";"DE";"Electricity Price";"Rigid";"PROG";"EUR/kWh";2040;"0.05";"Current policies";"Electricity"
"OPEX";"Electricity";"DE";"Electricity Price";"Tractor-Trailer";"PROG";"EUR/kWh";2040;"0.05";"Current policies";"Electricity"
"OPEX";"Electricity";"ES";"Electricity Price";"Rigid";"PROG";"EUR/kWh";2040;"0.05";"Current policies";"Electricity"
"OPEX";"Electricity";"ES";"Electricity Price";"Tractor-Trailer";"PROG";"EUR/kWh";2040;"0.05";"Current policies";"Electricity"
"OPEX";"Electricity";"FR";"Electricity Price";"Rigid";"PROG";"EUR/kWh";2040;"0.05";"Current policies";"Electricity"
"OPEX";"Electricity";"FR";"Electricity Price";"Tractor-Trailer";"PROG";"EUR/kWh";2040;"0.05";"Current policies";"Electricity"
"OPEX";"Electricity";"IT";"Electricity Price";"Rigid";"PROG";"EUR/kWh";2040;"0.05";"Current policies";"Electricity"
"OPEX";"Electricity";"IT";"Electricity Price";"Tractor-Trailer";"PROG";"EUR/kWh";2040;"0.05";"Current policies";"Electricity"
"OPEX";"Electricity";"NL";"Electricity Price";"Rigid";"PROG";"EUR/kWh";2040;"0.05";"Current policies";"Electricity"
"OPEX";"Electricity";"NL";"Electricity Price";"Tractor-Trailer";"PROG";"EUR/kWh";2040;"0.05";"Current policies";"Electricity"
"OPEX";"Electricity";"PL";"Electricity Price";"Rigid";"PROG";"EUR/kWh";2040;"0.05";"Current policies";"Electricity"
"OPEX";"Electricity";"PL";"Electricity Price";"Tractor-Trailer";"PROG";"EUR/kWh";2040;"0.05";"Current policies";"Electricity"
"OPEX";"Electricity";"UK";"Electricity Price";"Rigid";"PROG";"EUR/kWh";2040;"0.05";"Current policies";"Electricity"
"OPEX";"Electricity";"UK";"Electricity Price";"Tractor-Trailer";"PROG";"EUR/kWh";2040;"0.05";"Current policies";"Electricity"
"OPEX";"Hydrogen";"DE";"Hydrogen Price";"Rigid";"PROG";"EUR/kWh";2040;"0.096";"Current policies";"Hydrogen"
"OPEX";"Hydrogen";"DE";"Hydrogen Price";"Tractor-Trailer";"PROG";"EUR/kWh";2040;"0.096";"Current policies";"Hydrogen"
"OPEX";"Hydrogen";"ES";"Hydrogen Price";"Rigid";"PROG";"EUR/kWh";2040;"0.096";"Current policies";"Hydrogen"
"OPEX";"Hydrogen";"ES";"Hydrogen Price";"Tractor-Trailer";"PROG";"EUR/kWh";2040;"0.096";"Current policies";"Hydrogen"
"OPEX";"Hydrogen";"FR";"Hydrogen Price";"Rigid";"PROG";"EUR/kWh";2040;"0.096";"Current policies";"Hydrogen"
"OPEX";"Hydrogen";"FR";"Hydrogen Price";"Tractor-Trailer";"PROG";"EUR/kWh";2040;"0.096";"Current policies";"Hydrogen"
"OPEX";"Hydrogen";"IT";"Hydrogen Price";"Rigid";"PROG";"EUR/kWh";2040;"0.096";"Current policies";"Hydrogen"
"OPEX";"Hydrogen";"IT";"Hydrogen Price";"Tractor-Trailer";"PROG";"EUR/kWh";2040;"0.096";"Current policies";"Hydrogen"
"OPEX";"Hydrogen";"NL";"Hydrogen Price";"Rigid";"PROG";"EUR/kWh";2040;"0.096";"Current policies";"Hydrogen"
"OPEX";"Hydrogen";"NL";"Hydrogen Price";"Tractor-Trailer";"PROG";"EUR/kWh";2040;"0.096";"Current policies";"Hydrogen"
"OPEX";"Hydrogen";"PL";"Hydrogen Price";"Rigid";"PROG";"EUR/kWh";2040;"0.096";"Current policies";"Hydrogen"
"OPEX";"Hydrogen";"PL";"Hydrogen Price";"Tractor-Trailer";"PROG";"EUR/kWh";2040;"0.096";"Current policies";"Hydrogen"
"OPEX";"Hydrogen";"UK";"Hydrogen Price";"Rigid";"PROG";"EUR/kWh";2040;"0.096";"Current policies";"Hydrogen"
"OPEX";"Hydrogen";"UK";"Hydrogen Price";"Tractor-Trailer";"PROG";"EUR/kWh";2040;"0.096";"Current policies";"Hydrogen"
"OPEX";"Diesel";"FR";"Biodiesel Price";"Rigid";"PROG";"EUR/kWh";2045;"0.142";"Current policies";"Diesel"
"OPEX";"Diesel";"FR";"Biodiesel Price";"Tractor-Trailer";"PROG";"EUR/kWh";2045;"0.142";"Current policies";"Diesel"
"OPEX";"Diesel";"DE";"Biodiesel Price";"Rigid";"PROG";"EUR/kWh";2045;"0.142";"Current policies";"Diesel"
"OPEX";"Diesel";"DE";"Biodiesel Price";"Tractor-Trailer";"PROG";"EUR/kWh";2045;"0.142";"Current policies";"Diesel"
"OPEX";"Diesel";"ES";"Biodiesel Price";"Rigid";"PROG";"EUR/kWh";2045;"0.142";"Current policies";"Diesel"
"OPEX";"Diesel";"ES";"Biodiesel Price";"Tractor-Trailer";"PROG";"EUR/kWh";2045;"0.142";"Current policies";"Diesel"
"OPEX";"Diesel";"IT";"Biodiesel Price";"Rigid";"PROG";"EUR/kWh";2045;"0.142";"Current policies";"Diesel"
"OPEX";"Diesel";"IT";"Biodiesel Price";"Tractor-Trailer";"PROG";"EUR/kWh";2045;"0.142";"Current policies";"Diesel"
"OPEX";"Diesel";"NL";"Biodiesel Price";"Rigid";"PROG";"EUR/kWh";2045;"0.142";"Current policies";"Diesel"
"OPEX";"Diesel";"NL";"Biodiesel Price";"Tractor-Trailer";"PROG";"EUR/kWh";2045;"0.142";"Current policies";"Diesel"
"OPEX";"Diesel";"PL";"Biodiesel Price";"Rigid";"PROG";"EUR/kWh";2045;"0.142";"Current policies";"Diesel"
"OPEX";"Diesel";"PL";"Biodiesel Price";"Tractor-Trailer";"PROG";"EUR/kWh";2045;"0.142";"Current policies";"Diesel"
"OPEX";"Diesel";"UK";"Biodiesel Price";"Rigid";"PROG";"EUR/kWh";2045;"0.142";"Current policies";"Diesel"
"OPEX";"Diesel";"UK";"Biodiesel Price";"Tractor-Trailer";"PROG";"EUR/kWh";2045;"0.142";"Current policies";"Diesel"
"OPEX";"Diesel";"DE";"Pt-Diesel Price";"Rigid";"PROG";"EUR/kWh";2045;"0.156";"Current policies";"Diesel"
"OPEX";"Diesel";"DE";"Pt-Diesel Price";"Tractor-Trailer";"PROG";"EUR/kWh";2045;"0.156";"Current policies";"Diesel"
"OPEX";"Diesel";"ES";"Pt-Diesel Price";"Rigid";"PROG";"EUR/kWh";2045;"0.156";"Current policies";"Diesel"
"OPEX";"Diesel";"ES";"Pt-Diesel Price";"Tractor-Trailer";"PROG";"EUR/kWh";2045;"0.156";"Current policies";"Diesel"
"OPEX";"Diesel";"FR";"Pt-Diesel Price";"Rigid";"PROG";"EUR/kWh";2045;"0.156";"Current policies";"Diesel"
"OPEX";"Diesel";"FR";"Pt-Diesel Price";"Tractor-Trailer";"PROG";"EUR/kWh";2045;"0.156";"Current policies";"Diesel"
"OPEX";"Diesel";"IT";"Pt-Diesel Price";"Rigid";"PROG";"EUR/kWh";2045;"0.156";"Current policies";"Diesel"
"OPEX";"Diesel";"IT";"Pt-Diesel Price";"Tractor-Trailer";"PROG";"EUR/kWh";2045;"0.156";"Current policies";"Diesel"
"OPEX";"Diesel";"NL";"Pt-Diesel Price";"Rigid";"PROG";"EUR/kWh";2045;"0.156";"Current policies";"Diesel"
"OPEX";"Diesel";"NL";"Pt-Diesel Price";"Tractor-Trailer";"PROG";"EUR/kWh";2045;"0.156";"Current policies";"Diesel"
"OPEX";"Diesel";"PL";"Pt-Diesel Price";"Rigid";"PROG";"EUR/kWh";2045;"0.156";"Current policies";"Diesel"
"OPEX";"Diesel";"PL";"Pt-Diesel Price";"Tractor-Trailer";"PROG";"EUR/kWh";2045;"0.156";"Current policies";"Diesel"
"OPEX";"Diesel";"UK";"Pt-Diesel Price";"Rigid";"PROG";"EUR/kWh";2045;"0.156";"Current policies";"Diesel"
"OPEX";"Diesel";"UK";"Pt-Diesel Price";"Tractor-Trailer";"PROG";"EUR/kWh";2045;"0.156";"Current policies";"Diesel"
"OPEX";"Electricity";"DE";"Electricity Price";"Rigid";"PROG";"EUR/kWh";2045;"0.049";"Current policies";"Electricity"
"OPEX";"Electricity";"DE";"Electricity Price";"Tractor-Trailer";"PROG";"EUR/kWh";2045;"0.049";"Current policies";"Electricity"
"OPEX";"Electricity";"ES";"Electricity Price";"Rigid";"PROG";"EUR/kWh";2045;"0.049";"Current policies";"Electricity"
"OPEX";"Electricity";"ES";"Electricity Price";"Tractor-Trailer";"PROG";"EUR/kWh";2045;"0.049";"Current policies";"Electricity"
"OPEX";"Electricity";"FR";"Electricity Price";"Rigid";"PROG";"EUR/kWh";2045;"0.049";"Current policies";"Electricity"
"OPEX";"Electricity";"FR";"Electricity Price";"Tractor-Trailer";"PROG";"EUR/kWh";2045;"0.049";"Current policies";"Electricity"
"OPEX";"Electricity";"IT";"Electricity Price";"Rigid";"PROG";"EUR/kWh";2045;"0.049";"Current policies";"Electricity"
"OPEX";"Electricity";"IT";"Electricity Price";"Tractor-Trailer";"PROG";"EUR/kWh";2045;"0.049";"Current policies";"Electricity"
"OPEX";"Electricity";"NL";"Electricity Price";"Rigid";"PROG";"EUR/kWh";2045;"0.049";"Current policies";"Electricity"
"OPEX";"Electricity";"NL";"Electricity Price";"Tractor-Trailer";"PROG";"EUR/kWh";2045;"0.049";"Current policies";"Electricity"
"OPEX";"Electricity";"PL";"Electricity Price";"Rigid";"PROG";"EUR/kWh";2045;"0.049";"Current policies";"Electricity"
"OPEX";"Electricity";"PL";"Electricity Price";"Tractor-Trailer";"PROG";"EUR/kWh";2045;"0.049";"Current policies";"Electricity"
"OPEX";"Electricity";"UK";"Electricity Price";"Rigid";"PROG";"EUR/kWh";2045;"0.049";"Current policies";"Electricity"
"OPEX";"Electricity";"UK";"Electricity Price";"Tractor-Trailer";"PROG";"EUR/kWh";2045;"0.049";"Current policies";"Electricity"
"OPEX";"Hydrogen";"DE";"Hydrogen Price";"Rigid";"PROG";"EUR/kWh";2045;"0.081";"Current policies";"Hydrogen"
"OPEX";"Hydrogen";"DE";"Hydrogen Price";"Tractor-Trailer";"PROG";"EUR/kWh";2045;"0.081";"Current policies";"Hydrogen"
"OPEX";"Hydrogen";"ES";"Hydrogen Price";"Rigid";"PROG";"EUR/kWh";2045;"0.081";"Current policies";"Hydrogen"
"OPEX";"Hydrogen";"ES";"Hydrogen Price";"Tractor-Trailer";"PROG";"EUR/kWh";2045;"0.081";"Current policies";"Hydrogen"
"OPEX";"Hydrogen";"FR";"Hydrogen Price";"Rigid";"PROG";"EUR/kWh";2045;"0.081";"Current policies";"Hydrogen"
"OPEX";"Hydrogen";"FR";"Hydrogen Price";"Tractor-Trailer";"PROG";"EUR/kWh";2045;"0.081";"Current policies";"Hydrogen"
"OPEX";"Hydrogen";"IT";"Hydrogen Price";"Rigid";"PROG";"EUR/kWh";2045;"0.081";"Current policies";"Hydrogen"
"OPEX";"Hydrogen";"IT";"Hydrogen Price";"Tractor-Trailer";"PROG";"EUR/kWh";2045;"0.081";"Current policies";"Hydrogen"
"OPEX";"Hydrogen";"NL";"Hydrogen Price";"Rigid";"PROG";"EUR/kWh";2045;"0.081";"Current policies";"Hydrogen"
"OPEX";"Hydrogen";"NL";"Hydrogen Price";"Tractor-Trailer";"PROG";"EUR/kWh";2045;"0.081";"Current policies";"Hydrogen"
"OPEX";"Hydrogen";"PL";"Hydrogen Price";"Rigid";"PROG";"EUR/kWh";2045;"0.081";"Current policies";"Hydrogen"
"OPEX";"Hydrogen";"PL";"Hydrogen Price";"Tractor-Trailer";"PROG";"EUR/kWh";2045;"0.081";"Current policies";"Hydrogen"
"OPEX";"Hydrogen";"UK";"Hydrogen Price";"Rigid";"PROG";"EUR/kWh";2045;"0.081";"Current policies";"Hydrogen"
"OPEX";"Hydrogen";"UK";"Hydrogen Price";"Tractor-Trailer";"PROG";"EUR/kWh";2045;"0.081";"Current policies";"Hydrogen"
"OPEX";"Diesel";"FR";"Biodiesel Price";"Rigid";"PROG";"EUR/kWh";2050;"0.151";"Current policies";"Diesel"
"OPEX";"Diesel";"FR";"Biodiesel Price";"Tractor-Trailer";"PROG";"EUR/kWh";2050;"0.151";"Current policies";"Diesel"
"OPEX";"Diesel";"DE";"Biodiesel Price";"Rigid";"PROG";"EUR/kWh";2050;"0.151";"Current policies";"Diesel"
"OPEX";"Diesel";"DE";"Biodiesel Price";"Tractor-Trailer";"PROG";"EUR/kWh";2050;"0.151";"Current policies";"Diesel"
"OPEX";"Diesel";"ES";"Biodiesel Price";"Rigid";"PROG";"EUR/kWh";2050;"0.151";"Current policies";"Diesel"
"OPEX";"Diesel";"ES";"Biodiesel Price";"Tractor-Trailer";"PROG";"EUR/kWh";2050;"0.151";"Current policies";"Diesel"
"OPEX";"Diesel";"IT";"Biodiesel Price";"Rigid";"PROG";"EUR/kWh";2050;"0.151";"Current policies";"Diesel"
"OPEX";"Diesel";"IT";"Biodiesel Price";"Tractor-Trailer";"PROG";"EUR/kWh";2050;"0.151";"Current policies";"Diesel"
"OPEX";"Diesel";"NL";"Biodiesel Price";"Rigid";"PROG";"EUR/kWh";2050;"0.151";"Current policies";"Diesel"
"OPEX";"Diesel";"NL";"Biodiesel Price";"Tractor-Trailer";"PROG";"EUR/kWh";2050;"0.151";"Current policies";"Diesel"
"OPEX";"Diesel";"PL";"Biodiesel Price";"Rigid";"PROG";"EUR/kWh";2050;"0.151";"Current policies";"Diesel"
"OPEX";"Diesel";"PL";"Biodiesel Price";"Tractor-Trailer";"PROG";"EUR/kWh";2050;"0.151";"Current policies";"Diesel"
"OPEX";"Diesel";"UK";"Biodiesel Price";"Rigid";"PROG";"EUR/kWh";2050;"0.151";"Current policies";"Diesel"
"OPEX";"Diesel";"UK";"Biodiesel Price";"Tractor-Trailer";"PROG";"EUR/kWh";2050;"0.151";"Current policies";"Diesel"
"OPEX";"Diesel";"DE";"Pt-Diesel Price";"Rigid";"PROG";"EUR/kWh";2050;"0.127";"Current policies";"Diesel"
"OPEX";"Diesel";"DE";"Pt-Diesel Price";"Tractor-Trailer";"PROG";"EUR/kWh";2050;"0.127";"Current policies";"Diesel"
"OPEX";"Diesel";"ES";"Pt-Diesel Price";"Rigid";"PROG";"EUR/kWh";2050;"0.127";"Current policies";"Diesel"
"OPEX";"Diesel";"ES";"Pt-Diesel Price";"Tractor-Trailer";"PROG";"EUR/kWh";2050;"0.127";"Current policies";"Diesel"
"OPEX";"Diesel";"FR";"Pt-Diesel Price";"Rigid";"PROG";"EUR/kWh";2050;"0.127";"Current policies";"Diesel"
"OPEX";"Diesel";"FR";"Pt-Diesel Price";"Tractor-Trailer";"PROG";"EUR/kWh";2050;"0.127";"Current policies";"Diesel"
"OPEX";"Diesel";"IT";"Pt-Diesel Price";"Rigid";"PROG";"EUR/kWh";2050;"0.127";"Current policies";"Diesel"
"OPEX";"Diesel";"IT";"Pt-Diesel Price";"Tractor-Trailer";"PROG";"EUR/kWh";2050;"0.127";"Current policies";"Diesel"
"OPEX";"Diesel";"NL";"Pt-Diesel Price";"Rigid";"PROG";"EUR/kWh";2050;"0.127";"Current policies";"Diesel"
"OPEX";"Diesel";"NL";"Pt-Diesel Price";"Tractor-Trailer";"PROG";"EUR/kWh";2050;"0.127";"Current policies";"Diesel"
"OPEX";"Diesel";"PL";"Pt-Diesel Price";"Rigid";"PROG";"EUR/kWh";2050;"0.127";"Current policies";"Diesel"
"OPEX";"Diesel";"PL";"Pt-Diesel Price";"Tractor-Trailer";"PROG";"EUR/kWh";2050;"0.127";"Current policies";"Diesel"
"OPEX";"Diesel";"UK";"Pt-Diesel Price";"Rigid";"PROG";"EUR/kWh";2050;"0.127";"Current policies";"Diesel"
"OPEX";"Diesel";"UK";"Pt-Diesel Price";"Tractor-Trailer";"PROG";"EUR/kWh";2050;"0.127";"Current policies";"Diesel"
"OPEX";"Electricity";"DE";"Electricity Price";"Rigid";"PROG";"EUR/kWh";2050;"0.049";"Current policies";"Electricity"
"OPEX";"Electricity";"DE";"Electricity Price";"Tractor-Trailer";"PROG";"EUR/kWh";2050;"0.049";"Current policies";"Electricity"
"OPEX";"Electricity";"ES";"Electricity Price";"Rigid";"PROG";"EUR/kWh";2050;"0.049";"Current policies";"Electricity"
"OPEX";"Electricity";"ES";"Electricity Price";"Tractor-Trailer";"PROG";"EUR/kWh";2050;"0.049";"Current policies";"Electricity"
"OPEX";"Electricity";"FR";"Electricity Price";"Rigid";"PROG";"EUR/kWh";2050;"0.049";"Current policies";"Electricity"
"OPEX";"Electricity";"FR";"Electricity Price";"Tractor-Trailer";"PROG";"EUR/kWh";2050;"0.049";"Current policies";"Electricity"
"OPEX";"Electricity";"IT";"Electricity Price";"Rigid";"PROG";"EUR/kWh";2050;"0.049";"Current policies";"Electricity"
"OPEX";"Electricity";"IT";"Electricity Price";"Tractor-Trailer";"PROG";"EUR/kWh";2050;"0.049";"Current policies";"Electricity"
"OPEX";"Electricity";"NL";"Electricity Price";"Rigid";"PROG";"EUR/kWh";2050;"0.049";"Current policies";"Electricity"
"OPEX";"Electricity";"NL";"Electricity Price";"Tractor-Trailer";"PROG";"EUR/kWh";2050;"0.049";"Current policies";"Electricity"
"OPEX";"Electricity";"PL";"Electricity Price";"Rigid";"PROG";"EUR/kWh";2050;"0.049";"Current policies";"Electricity"
"OPEX";"Electricity";"PL";"Electricity Price";"Tractor-Trailer";"PROG";"EUR/kWh";2050;"0.049";"Current policies";"Electricity"
"OPEX";"Electricity";"UK";"Electricity Price";"Rigid";"PROG";"EUR/kWh";2050;"0.049";"Current policies";"Electricity"
"OPEX";"Electricity";"UK";"Electricity Price";"Tractor-Trailer";"PROG";"EUR/kWh";2050;"0.049";"Current policies";"Electricity"
"OPEX";"Hydrogen";"DE";"Hydrogen Price";"Rigid";"PROG";"EUR/kWh";2050;"0.066";"Current policies";"Hydrogen"
"OPEX";"Hydrogen";"DE";"Hydrogen Price";"Tractor-Trailer";"PROG";"EUR/kWh";2050;"0.066";"Current policies";"Hydrogen"
"OPEX";"Hydrogen";"ES";"Hydrogen Price";"Rigid";"PROG";"EUR/kWh";2050;"0.066";"Current policies";"Hydrogen"
"OPEX";"Hydrogen";"ES";"Hydrogen Price";"Tractor-Trailer";"PROG";"EUR/kWh";2050;"0.066";"Current policies";"Hydrogen"
"OPEX";"Hydrogen";"FR";"Hydrogen Price";"Rigid";"PROG";"EUR/kWh";2050;"0.066";"Current policies";"Hydrogen"
"OPEX";"Hydrogen";"FR";"Hydrogen Price";"Tractor-Trailer";"PROG";"EUR/kWh";2050;"0.066";"Current policies";"Hydrogen"
"OPEX";"Hydrogen";"IT";"Hydrogen Price";"Rigid";"PROG";"EUR/kWh";2050;"0.066";"Current policies";"Hydrogen"
"OPEX";"Hydrogen";"IT";"Hydrogen Price";"Tractor-Trailer";"PROG";"EUR/kWh";2050;"0.066";"Current policies";"Hydrogen"
"OPEX";"Hydrogen";"NL";"Hydrogen Price";"Rigid";"PROG";"EUR/kWh";2050;"0.066";"Current policies";"Hydrogen"
"OPEX";"Hydrogen";"NL";"Hydrogen Price";"Tractor-Trailer";"PROG";"EUR/kWh";2050;"0.066";"Current policies";"Hydrogen"
"OPEX";"Hydrogen";"PL";"Hydrogen Price";"Rigid";"PROG";"EUR/kWh";2050;"0.066";"Current policies";"Hydrogen"
"OPEX";"Hydrogen";"PL";"Hydrogen Price";"Tractor-Trailer";"PROG";"EUR/kWh";2050;"0.066";"Current policies";"Hydrogen"
"OPEX";"Hydrogen";"UK";"Hydrogen Price";"Rigid";"PROG";"EUR/kWh";2050;"0.066";"Current policies";"Hydrogen"
"OPEX";"Hydrogen";"UK";"Hydrogen Price";"Tractor-Trailer";"PROG";"EUR/kWh";2050;"0.066";"Current policies";"Hydrogen"
"OPEX";"Diesel";"FR";"Diesel Price";"Rigid";"BAU";"EUR/kWh";2030;"0.063";"Current policies";"Diesel"
"OPEX";"Diesel";"FR";"Diesel Price";"Tractor-Trailer";"BAU";"EUR/kWh";2030;"0.063";"Current policies";"Diesel"
"OPEX";"Diesel";"FR";"Diesel Price";"Rigid";"PROG";"EUR/kWh";2030;"0.063";"Current policies";"Diesel"
"OPEX";"Diesel";"FR";"Diesel Price";"Tractor-Trailer";"PROG";"EUR/kWh";2030;"0.063";"Current policies";"Diesel"
"OPEX";"Diesel";"DE";"Diesel Price";"Rigid";"BAU";"EUR/kWh";2030;"0.063";"Current policies";"Diesel"
"OPEX";"Diesel";"DE";"Diesel Price";"Tractor-Trailer";"BAU";"EUR/kWh";2030;"0.063";"Current policies";"Diesel"
"OPEX";"Diesel";"DE";"Diesel Price";"Rigid";"PROG";"EUR/kWh";2030;"0.063";"Current policies";"Diesel"
"OPEX";"Diesel";"DE";"Diesel Price";"Tractor-Trailer";"PROG";"EUR/kWh";2030;"0.063";"Current policies";"Diesel"
"OPEX";"Diesel";"ES";"Diesel Price";"Rigid";"BAU";"EUR/kWh";2030;"0.063";"Current policies";"Diesel"
"OPEX";"Diesel";"ES";"Diesel Price";"Tractor-Trailer";"BAU";"EUR/kWh";2030;"0.063";"Current policies";"Diesel"
"OPEX";"Diesel";"ES";"Diesel Price";"Rigid";"PROG";"EUR/kWh";2030;"0.063";"Current policies";"Diesel"
"OPEX";"Diesel";"ES";"Diesel Price";"Tractor-Trailer";"PROG";"EUR/kWh";2030;"0.063";"Current policies";"Diesel"
"OPEX";"Diesel";"IT";"Diesel Price";"Rigid";"BAU";"EUR/kWh";2030;"0.063";"Current policies";"Diesel"
"OPEX";"Diesel";"IT";"Diesel Price";"Tractor-Trailer";"BAU";"EUR/kWh";2030;"0.063";"Current policies";"Diesel"
"OPEX";"Diesel";"IT";"Diesel Price";"Rigid";"PROG";"EUR/kWh";2030;"0.063";"Current policies";"Diesel"
"OPEX";"Diesel";"IT";"Diesel Price";"Tractor-Trailer";"PROG";"EUR/kWh";2030;"0.063";"Current policies";"Diesel"
"OPEX";"Diesel";"NL";"Diesel Price";"Rigid";"BAU";"EUR/kWh";2030;"0.063";"Current policies";"Diesel"
"OPEX";"Diesel";"NL";"Diesel Price";"Tractor-Trailer";"BAU";"EUR/kWh";2030;"0.063";"Current policies";"Diesel"
"OPEX";"Diesel";"NL";"Diesel Price";"Rigid";"PROG";"EUR/kWh";2030;"0.063";"Current policies";"Diesel"
"OPEX";"Diesel";"NL";"Diesel Price";"Tractor-Trailer";"PROG";"EUR/kWh";2030;"0.063";"Current policies";"Diesel"
"OPEX";"Diesel";"PL";"Diesel Price";"Rigid";"BAU";"EUR/kWh";2030;"0.063";"Current policies";"Diesel"
"OPEX";"Diesel";"PL";"Diesel Price";"Tractor-Trailer";"BAU";"EUR/kWh";2030;"0.063";"Current policies";"Diesel"
"OPEX";"Diesel";"PL";"Diesel Price";"Rigid";"PROG";"EUR/kWh";2030;"0.063";"Current policies";"Diesel"
"OPEX";"Diesel";"PL";"Diesel Price";"Tractor-Trailer";"PROG";"EUR/kWh";2030;"0.063";"Current policies";"Diesel"
"OPEX";"Diesel";"UK";"Diesel Price";"Rigid";"BAU";"EUR/kWh";2030;"0.063";"Current policies";"Diesel"
"OPEX";"Diesel";"UK";"Diesel Price";"Tractor-Trailer";"BAU";"EUR/kWh";2030;"0.063";"Current policies";"Diesel"
"OPEX";"Diesel";"UK";"Diesel Price";"Rigid";"PROG";"EUR/kWh";2030;"0.063";"Current policies";"Diesel"
"OPEX";"Diesel";"UK";"Diesel Price";"Tractor-Trailer";"PROG";"EUR/kWh";2030;"0.063";"Current policies";"Diesel"
"OPEX";"Diesel";"FR";"Diesel Price";"Rigid";"BAU";"EUR/kWh";2035;"0.066";"Current policies";"Diesel"
"OPEX";"Diesel";"FR";"Diesel Price";"Tractor-Trailer";"BAU";"EUR/kWh";2035;"0.066";"Current policies";"Diesel"
"OPEX";"Diesel";"FR";"Diesel Price";"Rigid";"PROG";"EUR/kWh";2035;"0.066";"Current policies";"Diesel"
"OPEX";"Diesel";"FR";"Diesel Price";"Tractor-Trailer";"PROG";"EUR/kWh";2035;"0.066";"Current policies";"Diesel"
"OPEX";"Diesel";"DE";"Diesel Price";"Rigid";"BAU";"EUR/kWh";2035;"0.066";"Current policies";"Diesel"
"OPEX";"Diesel";"DE";"Diesel Price";"Tractor-Trailer";"BAU";"EUR/kWh";2035;"0.066";"Current policies";"Diesel"
"OPEX";"Diesel";"DE";"Diesel Price";"Rigid";"PROG";"EUR/kWh";2035;"0.066";"Current policies";"Diesel"
"OPEX";"Diesel";"DE";"Diesel Price";"Tractor-Trailer";"PROG";"EUR/kWh";2035;"0.066";"Current policies";"Diesel"
"OPEX";"Diesel";"ES";"Diesel Price";"Rigid";"BAU";"EUR/kWh";2035;"0.066";"Current policies";"Diesel"
"OPEX";"Diesel";"ES";"Diesel Price";"Tractor-Trailer";"BAU";"EUR/kWh";2035;"0.066";"Current policies";"Diesel"
"OPEX";"Diesel";"ES";"Diesel Price";"Rigid";"PROG";"EUR/kWh";2035;"0.066";"Current policies";"Diesel"
"OPEX";"Diesel";"ES";"Diesel Price";"Tractor-Trailer";"PROG";"EUR/kWh";2035;"0.066";"Current policies";"Diesel"
"OPEX";"Diesel";"IT";"Diesel Price";"Rigid";"BAU";"EUR/kWh";2035;"0.066";"Current policies";"Diesel"
"OPEX";"Diesel";"IT";"Diesel Price";"Tractor-Trailer";"BAU";"EUR/kWh";2035;"0.066";"Current policies";"Diesel"
"OPEX";"Diesel";"IT";"Diesel Price";"Rigid";"PROG";"EUR/kWh";2035;"0.066";"Current policies";"Diesel"
"OPEX";"Diesel";"IT";"Diesel Price";"Tractor-Trailer";"PROG";"EUR/kWh";2035;"0.066";"Current policies";"Diesel"
"OPEX";"Diesel";"NL";"Diesel Price";"Rigid";"BAU";"EUR/kWh";2035;"0.066";"Current policies";"Diesel"
"OPEX";"Diesel";"NL";"Diesel Price";"Tractor-Trailer";"BAU";"EUR/kWh";2035;"0.066";"Current policies";"Diesel"
"OPEX";"Diesel";"NL";"Diesel Price";"Rigid";"PROG";"EUR/kWh";2035;"0.066";"Current policies";"Diesel"
"OPEX";"Diesel";"NL";"Diesel Price";"Tractor-Trailer";"PROG";"EUR/kWh";2035;"0.066";"Current policies";"Diesel"
"OPEX";"Diesel";"PL";"Diesel Price";"Rigid";"BAU";"EUR/kWh";2035;"0.066";"Current policies";"Diesel"
"OPEX";"Diesel";"PL";"Diesel Price";"Tractor-Trailer";"BAU";"EUR/kWh";2035;"0.066";"Current policies";"Diesel"
"OPEX";"Diesel";"PL";"Diesel Price";"Rigid";"PROG";"EUR/kWh";2035;"0.066";"Current policies";"Diesel"
"OPEX";"Diesel";"PL";"Diesel Price";"Tractor-Trailer";"PROG";"EUR/kWh";2035;"0.066";"Current policies";"Diesel"
"OPEX";"Diesel";"UK";"Diesel Price";"Rigid";"BAU";"EUR/kWh";2035;"0.066";"Current policies";"Diesel"
"OPEX";"Diesel";"UK";"Diesel Price";"Tractor-Trailer";"BAU";"EUR/kWh";2035;"0.066";"Current policies";"Diesel"
"OPEX";"Diesel";"UK";"Diesel Price";"Rigid";"PROG";"EUR/kWh";2035;"0.066";"Current policies";"Diesel"
"OPEX";"Diesel";"UK";"Diesel Price";"Tractor-Trailer";"PROG";"EUR/kWh";2035;"0.066";"Current policies";"Diesel"
"OPEX";"Diesel";"FR";"Diesel Price";"Rigid";"BAU";"EUR/kWh";2040;"0.069";"Current policies";"Diesel"
"OPEX";"Diesel";"FR";"Diesel Price";"Tractor-Trailer";"BAU";"EUR/kWh";2040;"0.069";"Current policies";"Diesel"
"OPEX";"Diesel";"FR";"Diesel Price";"Rigid";"PROG";"EUR/kWh";2040;"0.069";"Current policies";"Diesel"
"OPEX";"Diesel";"FR";"Diesel Price";"Tractor-Trailer";"PROG";"EUR/kWh";2040;"0.069";"Current policies";"Diesel"
"OPEX";"Diesel";"DE";"Diesel Price";"Rigid";"BAU";"EUR/kWh";2040;"0.069";"Current policies";"Diesel"
"OPEX";"Diesel";"DE";"Diesel Price";"Tractor-Trailer";"BAU";"EUR/kWh";2040;"0.069";"Current policies";"Diesel"
"OPEX";"Diesel";"DE";"Diesel Price";"Rigid";"PROG";"EUR/kWh";2040;"0.069";"Current policies";"Diesel"
"OPEX";"Diesel";"DE";"Diesel Price";"Tractor-Trailer";"PROG";"EUR/kWh";2040;"0.069";"Current policies";"Diesel"
"OPEX";"Diesel";"ES";"Diesel Price";"Rigid";"BAU";"EUR/kWh";2040;"0.069";"Current policies";"Diesel"
"OPEX";"Diesel";"ES";"Diesel Price";"Tractor-Trailer";"BAU";"EUR/kWh";2040;"0.069";"Current policies";"Diesel"
"OPEX";"Diesel";"ES";"Diesel Price";"Rigid";"PROG";"EUR/kWh";2040;"0.069";"Current policies";"Diesel"
"OPEX";"Diesel";"ES";"Diesel Price";"Tractor-Trailer";"PROG";"EUR/kWh";2040;"0.069";"Current policies";"Diesel"
"OPEX";"Diesel";"IT";"Diesel Price";"Rigid";"BAU";"EUR/kWh";2040;"0.069";"Current policies";"Diesel"
"OPEX";"Diesel";"IT";"Diesel Price";"Tractor-Trailer";"BAU";"EUR/kWh";2040;"0.069";"Current policies";"Diesel"
"OPEX";"Diesel";"IT";"Diesel Price";"Rigid";"PROG";"EUR/kWh";2040;"0.069";"Current policies";"Diesel"
"OPEX";"Diesel";"IT";"Diesel Price";"Tractor-Trailer";"PROG";"EUR/kWh";2040;"0.069";"Current policies";"Diesel"
"OPEX";"Diesel";"NL";"Diesel Price";"Rigid";"BAU";"EUR/kWh";2040;"0.069";"Current policies";"Diesel"
"OPEX";"Diesel";"NL";"Diesel Price";"Tractor-Trailer";"BAU";"EUR/kWh";2040;"0.069";"Current policies";"Diesel"
"OPEX";"Diesel";"NL";"Diesel Price";"Rigid";"PROG";"EUR/kWh";2040;"0.069";"Current policies";"Diesel"
"OPEX";"Diesel";"NL";"Diesel Price";"Tractor-Trailer";"PROG";"EUR/kWh";2040;"0.069";"Current policies";"Diesel"
"OPEX";"Diesel";"PL";"Diesel Price";"Rigid";"BAU";"EUR/kWh";2040;"0.069";"Current policies";"Diesel"
"OPEX";"Diesel";"PL";"Diesel Price";"Tractor-Trailer";"BAU";"EUR/kWh";2040;"0.069";"Current policies";"Diesel"
"OPEX";"Diesel";"PL";"Diesel Price";"Rigid";"PROG";"EUR/kWh";2040;"0.069";"Current policies";"Diesel"
"OPEX";"Diesel";"PL";"Diesel Price";"Tractor-Trailer";"PROG";"EUR/kWh";2040;"0.069";"Current policies";"Diesel"
"OPEX";"Diesel";"UK";"Diesel Price";"Rigid";"BAU";"EUR/kWh";2040;"0.069";"Current policies";"Diesel"
"OPEX";"Diesel";"UK";"Diesel Price";"Tractor-Trailer";"BAU";"EUR/kWh";2040;"0.069";"Current policies";"Diesel"
"OPEX";"Diesel";"UK";"Diesel Price";"Rigid";"PROG";"EUR/kWh";2040;"0.069";"Current policies";"Diesel"
"OPEX";"Diesel";"UK";"Diesel Price";"Tractor-Trailer";"PROG";"EUR/kWh";2040;"0.069";"Current policies";"Diesel"
"OPEX";"Diesel";"FR";"Diesel Price";"Rigid";"BAU";"EUR/kWh";2045;"0.073";"Current policies";"Diesel"
"OPEX";"Diesel";"FR";"Diesel Price";"Tractor-Trailer";"BAU";"EUR/kWh";2045;"0.073";"Current policies";"Diesel"
"OPEX";"Diesel";"FR";"Diesel Price";"Rigid";"PROG";"EUR/kWh";2045;"0.073";"Current policies";"Diesel"
"OPEX";"Diesel";"FR";"Diesel Price";"Tractor-Trailer";"PROG";"EUR/kWh";2045;"0.073";"Current policies";"Diesel"
"OPEX";"Diesel";"DE";"Diesel Price";"Rigid";"BAU";"EUR/kWh";2045;"0.073";"Current policies";"Diesel"
"OPEX";"Diesel";"DE";"Diesel Price";"Tractor-Trailer";"BAU";"EUR/kWh";2045;"0.073";"Current policies";"Diesel"
"OPEX";"Diesel";"DE";"Diesel Price";"Rigid";"PROG";"EUR/kWh";2045;"0.073";"Current policies";"Diesel"
"OPEX";"Diesel";"DE";"Diesel Price";"Tractor-Trailer";"PROG";"EUR/kWh";2045;"0.073";"Current policies";"Diesel"
"OPEX";"Diesel";"ES";"Diesel Price";"Rigid";"BAU";"EUR/kWh";2045;"0.073";"Current policies";"Diesel"
"OPEX";"Diesel";"ES";"Diesel Price";"Tractor-Trailer";"BAU";"EUR/kWh";2045;"0.073";"Current policies";"Diesel"
"OPEX";"Diesel";"ES";"Diesel Price";"Rigid";"PROG";"EUR/kWh";2045;"0.073";"Current policies";"Diesel"
"OPEX";"Diesel";"ES";"Diesel Price";"Tractor-Trailer";"PROG";"EUR/kWh";2045;"0.073";"Current policies";"Diesel"
"OPEX";"Diesel";"IT";"Diesel Price";"Rigid";"BAU";"EUR/kWh";2045;"0.073";"Current policies";"Diesel"
"OPEX";"Diesel";"IT";"Diesel Price";"Tractor-Trailer";"BAU";"EUR/kWh";2045;"0.073";"Current policies";"Diesel"
"OPEX";"Diesel";"IT";"Diesel Price";"Rigid";"PROG";"EUR/kWh";2045;"0.073";"Current policies";"Diesel"
"OPEX";"Diesel";"IT";"Diesel Price";"Tractor-Trailer";"PROG";"EUR/kWh";2045;"0.073";"Current policies";"Diesel"
"OPEX";"Diesel";"NL";"Diesel Price";"Rigid";"BAU";"EUR/kWh";2045;"0.073";"Current policies";"Diesel"
"OPEX";"Diesel";"NL";"Diesel Price";"Tractor-Trailer";"BAU";"EUR/kWh";2045;"0.073";"Current policies";"Diesel"
"OPEX";"Diesel";"NL";"Diesel Price";"Rigid";"PROG";"EUR/kWh";2045;"0.073";"Current policies";"Diesel"
"OPEX";"Diesel";"NL";"Diesel Price";"Tractor-Trailer";"PROG";"EUR/kWh";2045;"0.073";"Current policies";"Diesel"
"OPEX";"Diesel";"PL";"Diesel Price";"Rigid";"BAU";"EUR/kWh";2045;"0.073";"Current policies";"Diesel"
"OPEX";"Diesel";"PL";"Diesel Price";"Tractor-Trailer";"BAU";"EUR/kWh";2045;"0.073";"Current policies";"Diesel"
"OPEX";"Diesel";"PL";"Diesel Price";"Rigid";"PROG";"EUR/kWh";2045;"0.073";"Current policies";"Diesel"
"OPEX";"Diesel";"PL";"Diesel Price";"Tractor-Trailer";"PROG";"EUR/kWh";2045;"0.073";"Current policies";"Diesel"
"OPEX";"Diesel";"UK";"Diesel Price";"Rigid";"BAU";"EUR/kWh";2045;"0.073";"Current policies";"Diesel"
"OPEX";"Diesel";"UK";"Diesel Price";"Tractor-Trailer";"BAU";"EUR/kWh";2045;"0.073";"Current policies";"Diesel"
"OPEX";"Diesel";"UK";"Diesel Price";"Rigid";"PROG";"EUR/kWh";2045;"0.073";"Current policies";"Diesel"
"OPEX";"Diesel";"UK";"Diesel Price";"Tractor-Trailer";"PROG";"EUR/kWh";2045;"0.073";"Current policies";"Diesel"
"OPEX";"Diesel";"FR";"Diesel Price";"Rigid";"BAU";"EUR/kWh";2050;"0.079";"Current policies";"Diesel"
"OPEX";"Diesel";"FR";"Diesel Price";"Tractor-Trailer";"BAU";"EUR/kWh";2050;"0.079";"Current policies";"Diesel"
"OPEX";"Diesel";"FR";"Diesel Price";"Rigid";"PROG";"EUR/kWh";2050;"0.079";"Current policies";"Diesel"
"OPEX";"Diesel";"FR";"Diesel Price";"Tractor-Trailer";"PROG";"EUR/kWh";2050;"0.079";"Current policies";"Diesel"
"OPEX";"Diesel";"DE";"Diesel Price";"Rigid";"BAU";"EUR/kWh";2050;"0.079";"Current policies";"Diesel"
"OPEX";"Diesel";"DE";"Diesel Price";"Tractor-Trailer";"BAU";"EUR/kWh";2050;"0.079";"Current policies";"Diesel"
"OPEX";"Diesel";"DE";"Diesel Price";"Rigid";"PROG";"EUR/kWh";2050;"0.079";"Current policies";"Diesel"
"OPEX";"Diesel";"DE";"Diesel Price";"Tractor-Trailer";"PROG";"EUR/kWh";2050;"0.079";"Current policies";"Diesel"
"OPEX";"Diesel";"ES";"Diesel Price";"Rigid";"BAU";"EUR/kWh";2050;"0.079";"Current policies";"Diesel"
"OPEX";"Diesel";"ES";"Diesel Price";"Tractor-Trailer";"BAU";"EUR/kWh";2050;"0.079";"Current policies";"Diesel"
"OPEX";"Diesel";"ES";"Diesel Price";"Rigid";"PROG";"EUR/kWh";2050;"0.079";"Current policies";"Diesel"
"OPEX";"Diesel";"ES";"Diesel Price";"Tractor-Trailer";"PROG";"EUR/kWh";2050;"0.079";"Current policies";"Diesel"
"OPEX";"Diesel";"IT";"Diesel Price";"Rigid";"BAU";"EUR/kWh";2050;"0.079";"Current policies";"Diesel"
"OPEX";"Diesel";"IT";"Diesel Price";"Tractor-Trailer";"BAU";"EUR/kWh";2050;"0.079";"Current policies";"Diesel"
"OPEX";"Diesel";"IT";"Diesel Price";"Rigid";"PROG";"EUR/kWh";2050;"0.079";"Current policies";"Diesel"
"OPEX";"Diesel";"IT";"Diesel Price";"Tractor-Trailer";"PROG";"EUR/kWh";2050;"0.079";"Current policies";"Diesel"
"OPEX";"Diesel";"NL";"Diesel Price";"Rigid";"BAU";"EUR/kWh";2050;"0.079";"Current policies";"Diesel"
"OPEX";"Diesel";"NL";"Diesel Price";"Tractor-Trailer";"BAU";"EUR/kWh";2050;"0.079";"Current policies";"Diesel"
"OPEX";"Diesel";"NL";"Diesel Price";"Rigid";"PROG";"EUR/kWh";2050;"0.079";"Current policies";"Diesel"
"OPEX";"Diesel";"NL";"Diesel Price";"Tractor-Trailer";"PROG";"EUR/kWh";2050;"0.079";"Current policies";"Diesel"
"OPEX";"Diesel";"PL";"Diesel Price";"Rigid";"BAU";"EUR/kWh";2050;"0.079";"Current policies";"Diesel"
"OPEX";"Diesel";"PL";"Diesel Price";"Tractor-Trailer";"BAU";"EUR/kWh";2050;"0.079";"Current policies";"Diesel"
"OPEX";"Diesel";"PL";"Diesel Price";"Rigid";"PROG";"EUR/kWh";2050;"0.079";"Current policies";"Diesel"
"OPEX";"Diesel";"PL";"Diesel Price";"Tractor-Trailer";"PROG";"EUR/kWh";2050;"0.079";"Current policies";"Diesel"
"OPEX";"Diesel";"UK";"Diesel Price";"Rigid";"BAU";"EUR/kWh";2050;"0.079";"Current policies";"Diesel"
"OPEX";"Diesel";"UK";"Diesel Price";"Tractor-Trailer";"BAU";"EUR/kWh";2050;"0.079";"Current policies";"Diesel"
"OPEX";"Diesel";"UK";"Diesel Price";"Rigid";"PROG";"EUR/kWh";2050;"0.079";"Current policies";"Diesel"
"OPEX";"Diesel";"UK";"Diesel Price";"Tractor-Trailer";"PROG";"EUR/kWh";2050;"0.079";"Current policies";"Diesel"
"OPEX";"Diesel";"FR";"Biodiesel Price";"Rigid";"BAU";"EUR/kWh";2030;"0.141";"Current policies";"Diesel"
"OPEX";"Diesel";"FR";"Biodiesel Price";"Tractor-Trailer";"BAU";"EUR/kWh";2030;"0.141";"Current policies";"Diesel"
"OPEX";"Diesel";"DE";"Biodiesel Price";"Rigid";"BAU";"EUR/kWh";2030;"0.141";"Current policies";"Diesel"
"OPEX";"Diesel";"DE";"Biodiesel Price";"Tractor-Trailer";"BAU";"EUR/kWh";2030;"0.141";"Current policies";"Diesel"
"OPEX";"Diesel";"ES";"Biodiesel Price";"Rigid";"BAU";"EUR/kWh";2030;"0.141";"Current policies";"Diesel"
"OPEX";"Diesel";"ES";"Biodiesel Price";"Tractor-Trailer";"BAU";"EUR/kWh";2030;"0.141";"Current policies";"Diesel"
"OPEX";"Diesel";"IT";"Biodiesel Price";"Rigid";"BAU";"EUR/kWh";2030;"0.141";"Current policies";"Diesel"
"OPEX";"Diesel";"IT";"Biodiesel Price";"Tractor-Trailer";"BAU";"EUR/kWh";2030;"0.141";"Current policies";"Diesel"
"OPEX";"Diesel";"NL";"Biodiesel Price";"Rigid";"BAU";"EUR/kWh";2030;"0.141";"Current policies";"Diesel"
"OPEX";"Diesel";"NL";"Biodiesel Price";"Tractor-Trailer";"BAU";"EUR/kWh";2030;"0.141";"Current policies";"Diesel"
"OPEX";"Diesel";"PL";"Biodiesel Price";"Rigid";"BAU";"EUR/kWh";2030;"0.141";"Current policies";"Diesel"
"OPEX";"Diesel";"PL";"Biodiesel Price";"Tractor-Trailer";"BAU";"EUR/kWh";2030;"0.141";"Current policies";"Diesel"
"OPEX";"Diesel";"UK";"Biodiesel Price";"Rigid";"BAU";"EUR/kWh";2030;"0.141";"Current policies";"Diesel"
"OPEX";"Diesel";"UK";"Biodiesel Price";"Tractor-Trailer";"BAU";"EUR/kWh";2030;"0.141";"Current policies";"Diesel"
"OPEX";"Diesel";"DE";"Pt-Diesel Price";"Rigid";"BAU";"EUR/kWh";2030;"0.26";"Current policies";"Diesel"
"OPEX";"Diesel";"DE";"Pt-Diesel Price";"Tractor-Trailer";"BAU";"EUR/kWh";2030;"0.26";"Current policies";"Diesel"
"OPEX";"Diesel";"ES";"Pt-Diesel Price";"Rigid";"BAU";"EUR/kWh";2030;"0.26";"Current policies";"Diesel"
"OPEX";"Diesel";"ES";"Pt-Diesel Price";"Tractor-Trailer";"BAU";"EUR/kWh";2030;"0.26";"Current policies";"Diesel"
"OPEX";"Diesel";"FR";"Pt-Diesel Price";"Rigid";"BAU";"EUR/kWh";2030;"0.26";"Current policies";"Diesel"
"OPEX";"Diesel";"FR";"Pt-Diesel Price";"Tractor-Trailer";"BAU";"EUR/kWh";2030;"0.26";"Current policies";"Diesel"
"OPEX";"Diesel";"IT";"Pt-Diesel Price";"Rigid";"BAU";"EUR/kWh";2030;"0.26";"Current policies";"Diesel"
"OPEX";"Diesel";"IT";"Pt-Diesel Price";"Tractor-Trailer";"BAU";"EUR/kWh";2030;"0.26";"Current policies";"Diesel"
"OPEX";"Diesel";"NL";"Pt-Diesel Price";"Rigid";"BAU";"EUR/kWh";2030;"0.26";"Current policies";"Diesel"
"OPEX";"Diesel";"NL";"Pt-Diesel Price";"Tractor-Trailer";"BAU";"EUR/kWh";2030;"0.26";"Current policies";"Diesel"
"OPEX";"Diesel";"PL";"Pt-Diesel Price";"Rigid";"BAU";"EUR/kWh";2030;"0.26";"Current policies";"Diesel"
"OPEX";"Diesel";"PL";"Pt-Diesel Price";"Tractor-Trailer";"BAU";"EUR/kWh";2030;"0.26";"Current policies";"Diesel"
"OPEX";"Diesel";"UK";"Pt-Diesel Price";"Rigid";"BAU";"EUR/kWh";2030;"0.26";"Current policies";"Diesel"
"OPEX";"Diesel";"UK";"Pt-Diesel Price";"Tractor-Trailer";"BAU";"EUR/kWh";2030;"0.26";"Current policies";"Diesel"
"OPEX";"Electricity";"DE";"Electricity Price";"Rigid";"BAU";"EUR/kWh";2030;"0.086";"Current policies";"Electricity"
"OPEX";"Electricity";"DE";"Electricity Price";"Tractor-Trailer";"BAU";"EUR/kWh";2030;"0.086";"Current policies";"Electricity"
"OPEX";"Electricity";"ES";"Electricity Price";"Rigid";"BAU";"EUR/kWh";2030;"0.086";"Current policies";"Electricity"
"OPEX";"Electricity";"ES";"Electricity Price";"Tractor-Trailer";"BAU";"EUR/kWh";2030;"0.086";"Current policies";"Electricity"
"OPEX";"Electricity";"FR";"Electricity Price";"Rigid";"BAU";"EUR/kWh";2030;"0.086";"Current policies";"Electricity"
"OPEX";"Electricity";"FR";"Electricity Price";"Tractor-Trailer";"BAU";"EUR/kWh";2030;"0.086";"Current policies";"Electricity"
"OPEX";"Electricity";"IT";"Electricity Price";"Rigid";"BAU";"EUR/kWh";2030;"0.086";"Current policies";"Electricity"
"OPEX";"Electricity";"IT";"Electricity Price";"Tractor-Trailer";"BAU";"EUR/kWh";2030;"0.086";"Current policies";"Electricity"
"OPEX";"Electricity";"NL";"Electricity Price";"Rigid";"BAU";"EUR/kWh";2030;"0.086";"Current policies";"Electricity"
"OPEX";"Electricity";"NL";"Electricity Price";"Tractor-Trailer";"BAU";"EUR/kWh";2030;"0.086";"Current policies";"Electricity"
"OPEX";"Electricity";"PL";"Electricity Price";"Rigid";"BAU";"EUR/kWh";2030;"0.086";"Current policies";"Electricity"
"OPEX";"Electricity";"PL";"Electricity Price";"Tractor-Trailer";"BAU";"EUR/kWh";2030;"0.086";"Current policies";"Electricity"
"OPEX";"Electricity";"UK";"Electricity Price";"Rigid";"BAU";"EUR/kWh";2030;"0.086";"Current policies";"Electricity"
"OPEX";"Electricity";"UK";"Electricity Price";"Tractor-Trailer";"BAU";"EUR/kWh";2030;"0.086";"Current policies";"Electricity"
"OPEX";"Hydrogen";"DE";"Hydrogen Price";"Rigid";"BAU";"EUR/kWh";2030;"0.168";"Current policies";"Hydrogen"
"OPEX";"Hydrogen";"DE";"Hydrogen Price";"Tractor-Trailer";"BAU";"EUR/kWh";2030;"0.168";"Current policies";"Hydrogen"
"OPEX";"Hydrogen";"ES";"Hydrogen Price";"Rigid";"BAU";"EUR/kWh";2030;"0.168";"Current policies";"Hydrogen"
"OPEX";"Hydrogen";"ES";"Hydrogen Price";"Tractor-Trailer";"BAU";"EUR/kWh";2030;"0.168";"Current policies";"Hydrogen"
"OPEX";"Hydrogen";"FR";"Hydrogen Price";"Rigid";"BAU";"EUR/kWh";2030;"0.168";"Current policies";"Hydrogen"
"OPEX";"Hydrogen";"FR";"Hydrogen Price";"Tractor-Trailer";"BAU";"EUR/kWh";2030;"0.168";"Current policies";"Hydrogen"
"OPEX";"Hydrogen";"IT";"Hydrogen Price";"Rigid";"BAU";"EUR/kWh";2030;"0.168";"Current policies";"Hydrogen"
"OPEX";"Hydrogen";"IT";"Hydrogen Price";"Tractor-Trailer";"BAU";"EUR/kWh";2030;"0.168";"Current policies";"Hydrogen"
"OPEX";"Hydrogen";"NL";"Hydrogen Price";"Rigid";"BAU";"EUR/kWh";2030;"0.168";"Current policies";"Hydrogen"
"OPEX";"Hydrogen";"NL";"Hydrogen Price";"Tractor-Trailer";"BAU";"EUR/kWh";2030;"0.168";"Current policies";"Hydrogen"
"OPEX";"Hydrogen";"PL";"Hydrogen Price";"Rigid";"BAU";"EUR/kWh";2030;"0.168";"Current policies";"Hydrogen"
"OPEX";"Hydrogen";"PL";"Hydrogen Price";"Tractor-Trailer";"BAU";"EUR/kWh";2030;"0.168";"Current policies";"Hydrogen"
"OPEX";"Hydrogen";"UK";"Hydrogen Price";"Rigid";"BAU";"EUR/kWh";2030;"0.168";"Current policies";"Hydrogen"
"OPEX";"Hydrogen";"UK";"Hydrogen Price";"Tractor-Trailer";"BAU";"EUR/kWh";2030;"0.168";"Current policies";"Hydrogen"
"OPEX";"Diesel";"FR";"Biodiesel Price";"Rigid";"BAU";"EUR/kWh";2035;"0.159";"Current policies";"Diesel"
"OPEX";"Diesel";"FR";"Biodiesel Price";"Tractor-Trailer";"BAU";"EUR/kWh";2035;"0.159";"Current policies";"Diesel"
"OPEX";"Diesel";"DE";"Biodiesel Price";"Rigid";"BAU";"EUR/kWh";2035;"0.159";"Current policies";"Diesel"
"OPEX";"Diesel";"DE";"Biodiesel Price";"Tractor-Trailer";"BAU";"EUR/kWh";2035;"0.159";"Current policies";"Diesel"
"OPEX";"Diesel";"ES";"Biodiesel Price";"Rigid";"BAU";"EUR/kWh";2035;"0.159";"Current policies";"Diesel"
"OPEX";"Diesel";"ES";"Biodiesel Price";"Tractor-Trailer";"BAU";"EUR/kWh";2035;"0.159";"Current policies";"Diesel"
"OPEX";"Diesel";"IT";"Biodiesel Price";"Rigid";"BAU";"EUR/kWh";2035;"0.159";"Current policies";"Diesel"
"OPEX";"Diesel";"IT";"Biodiesel Price";"Tractor-Trailer";"BAU";"EUR/kWh";2035;"0.159";"Current policies";"Diesel"
"OPEX";"Diesel";"NL";"Biodiesel Price";"Rigid";"BAU";"EUR/kWh";2035;"0.159";"Current policies";"Diesel"
"OPEX";"Diesel";"NL";"Biodiesel Price";"Tractor-Trailer";"BAU";"EUR/kWh";2035;"0.159";"Current policies";"Diesel"
"OPEX";"Diesel";"PL";"Biodiesel Price";"Rigid";"BAU";"EUR/kWh";2035;"0.159";"Current policies";"Diesel"
"OPEX";"Diesel";"PL";"Biodiesel Price";"Tractor-Trailer";"BAU";"EUR/kWh";2035;"0.159";"Current policies";"Diesel"
"OPEX";"Diesel";"UK";"Biodiesel Price";"Rigid";"BAU";"EUR/kWh";2035;"0.159";"Current policies";"Diesel"
"OPEX";"Diesel";"UK";"Biodiesel Price";"Tractor-Trailer";"BAU";"EUR/kWh";2035;"0.159";"Current policies";"Diesel"
"OPEX";"Diesel";"DE";"Pt-Diesel Price";"Rigid";"BAU";"EUR/kWh";2035;"0.239";"Current policies";"Diesel"
"OPEX";"Diesel";"DE";"Pt-Diesel Price";"Tractor-Trailer";"BAU";"EUR/kWh";2035;"0.239";"Current policies";"Diesel"
"OPEX";"Diesel";"ES";"Pt-Diesel Price";"Rigid";"BAU";"EUR/kWh";2035;"0.239";"Current policies";"Diesel"
"OPEX";"Diesel";"ES";"Pt-Diesel Price";"Tractor-Trailer";"BAU";"EUR/kWh";2035;"0.239";"Current policies";"Diesel"
"OPEX";"Diesel";"FR";"Pt-Diesel Price";"Rigid";"BAU";"EUR/kWh";2035;"0.239";"Current policies";"Diesel"
"OPEX";"Diesel";"FR";"Pt-Diesel Price";"Tractor-Trailer";"BAU";"EUR/kWh";2035;"0.239";"Current policies";"Diesel"
"OPEX";"Diesel";"IT";"Pt-Diesel Price";"Rigid";"BAU";"EUR/kWh";2035;"0.239";"Current policies";"Diesel"
"OPEX";"Diesel";"IT";"Pt-Diesel Price";"Tractor-Trailer";"BAU";"EUR/kWh";2035;"0.239";"Current policies";"Diesel"
"OPEX";"Diesel";"NL";"Pt-Diesel Price";"Rigid";"BAU";"EUR/kWh";2035;"0.239";"Current policies";"Diesel"
"OPEX";"Diesel";"NL";"Pt-Diesel Price";"Tractor-Trailer";"BAU";"EUR/kWh";2035;"0.239";"Current policies";"Diesel"
"OPEX";"Diesel";"PL";"Pt-Diesel Price";"Rigid";"BAU";"EUR/kWh";2035;"0.239";"Current policies";"Diesel"
"OPEX";"Diesel";"PL";"Pt-Diesel Price";"Tractor-Trailer";"BAU";"EUR/kWh";2035;"0.239";"Current policies";"Diesel"
"OPEX";"Diesel";"UK";"Pt-Diesel Price";"Rigid";"BAU";"EUR/kWh";2035;"0.239";"Current policies";"Diesel"
"OPEX";"Diesel";"UK";"Pt-Diesel Price";"Tractor-Trailer";"BAU";"EUR/kWh";2035;"0.239";"Current policies";"Diesel"
"OPEX";"Electricity";"DE";"Electricity Price";"Rigid";"BAU";"EUR/kWh";2035;"0.076";"Current policies";"Electricity"
"OPEX";"Electricity";"DE";"Electricity Price";"Tractor-Trailer";"BAU";"EUR/kWh";2035;"0.076";"Current policies";"Electricity"
"OPEX";"Electricity";"ES";"Electricity Price";"Rigid";"BAU";"EUR/kWh";2035;"0.076";"Current policies";"Electricity"
"OPEX";"Electricity";"ES";"Electricity Price";"Tractor-Trailer";"BAU";"EUR/kWh";2035;"0.076";"Current policies";"Electricity"
"OPEX";"Electricity";"FR";"Electricity Price";"Rigid";"BAU";"EUR/kWh";2035;"0.076";"Current policies";"Electricity"
"OPEX";"Electricity";"FR";"Electricity Price";"Tractor-Trailer";"BAU";"EUR/kWh";2035;"0.076";"Current policies";"Electricity"
"OPEX";"Electricity";"IT";"Electricity Price";"Rigid";"BAU";"EUR/kWh";2035;"0.076";"Current policies";"Electricity"
"OPEX";"Electricity";"IT";"Electricity Price";"Tractor-Trailer";"BAU";"EUR/kWh";2035;"0.076";"Current policies";"Electricity"
"OPEX";"Electricity";"NL";"Electricity Price";"Rigid";"BAU";"EUR/kWh";2035;"0.076";"Current policies";"Electricity"
"OPEX";"Electricity";"NL";"Electricity Price";"Tractor-Trailer";"BAU";"EUR/kWh";2035;"0.076";"Current policies";"Electricity"
"OPEX";"Electricity";"PL";"Electricity Price";"Rigid";"BAU";"EUR/kWh";2035;"0.076";"Current policies";"Electricity"
"OPEX";"Electricity";"PL";"Electricity Price";"Tractor-Trailer";"BAU";"EUR/kWh";2035;"0.076";"Current policies";"Electricity"
"OPEX";"Electricity";"UK";"Electricity Price";"Rigid";"BAU";"EUR/kWh";2035;"0.076";"Current policies";"Electricity"
"OPEX";"Electricity";"UK";"Electricity Price";"Tractor-Trailer";"BAU";"EUR/kWh";2035;"0.076";"Current policies";"Electricity"
"OPEX";"Hydrogen";"DE";"Hydrogen Price";"Rigid";"BAU";"EUR/kWh";2035;"0.151";"Current policies";"Hydrogen"
"OPEX";"Hydrogen";"DE";"Hydrogen Price";"Tractor-Trailer";"BAU";"EUR/kWh";2035;"0.151";"Current policies";"Hydrogen"
"OPEX";"Hydrogen";"ES";"Hydrogen Price";"Rigid";"BAU";"EUR/kWh";2035;"0.151";"Current policies";"Hydrogen"
"OPEX";"Hydrogen";"ES";"Hydrogen Price";"Tractor-Trailer";"BAU";"EUR/kWh";2035;"0.151";"Current policies";"Hydrogen"
"OPEX";"Hydrogen";"FR";"Hydrogen Price";"Rigid";"BAU";"EUR/kWh";2035;"0.151";"Current policies";"Hydrogen"
"OPEX";"Hydrogen";"FR";"Hydrogen Price";"Tractor-Trailer";"BAU";"EUR/kWh";2035;"0.151";"Current policies";"Hydrogen"
"OPEX";"Hydrogen";"IT";"Hydrogen Price";"Rigid";"BAU";"EUR/kWh";2035;"0.151";"Current policies";"Hydrogen"
"OPEX";"Hydrogen";"IT";"Hydrogen Price";"Tractor-Trailer";"BAU";"EUR/kWh";2035;"0.151";"Current policies";"Hydrogen"
"OPEX";"Hydrogen";"NL";"Hydrogen Price";"Rigid";"BAU";"EUR/kWh";2035;"0.151";"Current policies";"Hydrogen"
"OPEX";"Hydrogen";"NL";"Hydrogen Price";"Tractor-Trailer";"BAU";"EUR/kWh";2035;"0.151";"Current policies";"Hydrogen"
"OPEX";"Hydrogen";"PL";"Hydrogen Price";"Rigid";"BAU";"EUR/kWh";2035;"0.151";"Current policies";"Hydrogen"
"OPEX";"Hydrogen";"PL";"Hydrogen Price";"Tractor-Trailer";"BAU";"EUR/kWh";2035;"0.151";"Current policies";"Hydrogen"
"OPEX";"Hydrogen";"UK";"Hydrogen Price";"Rigid";"BAU";"EUR/kWh";2035;"0.151";"Current policies";"Hydrogen"
"OPEX";"Hydrogen";"UK";"Hydrogen Price";"Tractor-Trailer";"BAU";"EUR/kWh";2035;"0.151";"Current policies";"Hydrogen"
"OPEX";"Diesel";"FR";"Biodiesel Price";"Rigid";"BAU";"EUR/kWh";2040;"0.172";"Current policies";"Diesel"
"OPEX";"Diesel";"FR";"Biodiesel Price";"Tractor-Trailer";"BAU";"EUR/kWh";2040;"0.172";"Current policies";"Diesel"
"OPEX";"Diesel";"DE";"Biodiesel Price";"Rigid";"BAU";"EUR/kWh";2040;"0.172";"Current policies";"Diesel"
"OPEX";"Diesel";"DE";"Biodiesel Price";"Tractor-Trailer";"BAU";"EUR/kWh";2040;"0.172";"Current policies";"Diesel"
"OPEX";"Diesel";"ES";"Biodiesel Price";"Rigid";"BAU";"EUR/kWh";2040;"0.172";"Current policies";"Diesel"
"OPEX";"Diesel";"ES";"Biodiesel Price";"Tractor-Trailer";"BAU";"EUR/kWh";2040;"0.172";"Current policies";"Diesel"
"OPEX";"Diesel";"IT";"Biodiesel Price";"Rigid";"BAU";"EUR/kWh";2040;"0.172";"Current policies";"Diesel"
"OPEX";"Diesel";"IT";"Biodiesel Price";"Tractor-Trailer";"BAU";"EUR/kWh";2040;"0.172";"Current policies";"Diesel"
"OPEX";"Diesel";"NL";"Biodiesel Price";"Rigid";"BAU";"EUR/kWh";2040;"0.172";"Current policies";"Diesel"
"OPEX";"Diesel";"NL";"Biodiesel Price";"Tractor-Trailer";"BAU";"EUR/kWh";2040;"0.172";"Current policies";"Diesel"
"OPEX";"Diesel";"PL";"Biodiesel Price";"Rigid";"BAU";"EUR/kWh";2040;"0.172";"Current policies";"Diesel"
"OPEX";"Diesel";"PL";"Biodiesel Price";"Tractor-Trailer";"BAU";"EUR/kWh";2040;"0.172";"Current policies";"Diesel"
"OPEX";"Diesel";"UK";"Biodiesel Price";"Rigid";"BAU";"EUR/kWh";2040;"0.172";"Current policies";"Diesel"
"OPEX";"Diesel";"UK";"Biodiesel Price";"Tractor-Trailer";"BAU";"EUR/kWh";2040;"0.172";"Current policies";"Diesel"
"OPEX";"Diesel";"DE";"Pt-Diesel Price";"Rigid";"BAU";"EUR/kWh";2040;"0.218";"Current policies";"Diesel"
"OPEX";"Diesel";"DE";"Pt-Diesel Price";"Tractor-Trailer";"BAU";"EUR/kWh";2040;"0.218";"Current policies";"Diesel"
"OPEX";"Diesel";"ES";"Pt-Diesel Price";"Rigid";"BAU";"EUR/kWh";2040;"0.218";"Current policies";"Diesel"
"OPEX";"Diesel";"ES";"Pt-Diesel Price";"Tractor-Trailer";"BAU";"EUR/kWh";2040;"0.218";"Current policies";"Diesel"
"OPEX";"Diesel";"FR";"Pt-Diesel Price";"Rigid";"BAU";"EUR/kWh";2040;"0.218";"Current policies";"Diesel"
"OPEX";"Diesel";"FR";"Pt-Diesel Price";"Tractor-Trailer";"BAU";"EUR/kWh";2040;"0.218";"Current policies";"Diesel"
"OPEX";"Diesel";"IT";"Pt-Diesel Price";"Rigid";"BAU";"EUR/kWh";2040;"0.218";"Current policies";"Diesel"
"OPEX";"Diesel";"IT";"Pt-Diesel Price";"Tractor-Trailer";"BAU";"EUR/kWh";2040;"0.218";"Current policies";"Diesel"
"OPEX";"Diesel";"NL";"Pt-Diesel Price";"Rigid";"BAU";"EUR/kWh";2040;"0.218";"Current policies";"Diesel"
"OPEX";"Diesel";"NL";"Pt-Diesel Price";"Tractor-Trailer";"BAU";"EUR/kWh";2040;"0.218";"Current policies";"Diesel"
"OPEX";"Diesel";"PL";"Pt-Diesel Price";"Rigid";"BAU";"EUR/kWh";2040;"0.218";"Current policies";"Diesel"
"OPEX";"Diesel";"PL";"Pt-Diesel Price";"Tractor-Trailer";"BAU";"EUR/kWh";2040;"0.218";"Current policies";"Diesel"
"OPEX";"Diesel";"UK";"Pt-Diesel Price";"Rigid";"BAU";"EUR/kWh";2040;"0.218";"Current policies";"Diesel"
"OPEX";"Diesel";"UK";"Pt-Diesel Price";"Tractor-Trailer";"BAU";"EUR/kWh";2040;"0.218";"Current policies";"Diesel"
"OPEX";"Electricity";"DE";"Electricity Price";"Rigid";"BAU";"EUR/kWh";2040;"0.071";"Current policies";"Electricity"
"OPEX";"Electricity";"DE";"Electricity Price";"Tractor-Trailer";"BAU";"EUR/kWh";2040;"0.071";"Current policies";"Electricity"
"OPEX";"Electricity";"ES";"Electricity Price";"Rigid";"BAU";"EUR/kWh";2040;"0.071";"Current policies";"Electricity"
"OPEX";"Electricity";"ES";"Electricity Price";"Tractor-Trailer";"BAU";"EUR/kWh";2040;"0.071";"Current policies";"Electricity"
"OPEX";"Electricity";"FR";"Electricity Price";"Rigid";"BAU";"EUR/kWh";2040;"0.071";"Current policies";"Electricity"
"OPEX";"Electricity";"FR";"Electricity Price";"Tractor-Trailer";"BAU";"EUR/kWh";2040;"0.071";"Current policies";"Electricity"
"OPEX";"Electricity";"IT";"Electricity Price";"Rigid";"BAU";"EUR/kWh";2040;"0.071";"Current policies";"Electricity"
"OPEX";"Electricity";"IT";"Electricity Price";"Tractor-Trailer";"BAU";"EUR/kWh";2040;"0.071";"Current policies";"Electricity"
"OPEX";"Electricity";"NL";"Electricity Price";"Rigid";"BAU";"EUR/kWh";2040;"0.071";"Current policies";"Electricity"
"OPEX";"Electricity";"NL";"Electricity Price";"Tractor-Trailer";"BAU";"EUR/kWh";2040;"0.071";"Current policies";"Electricity"
"OPEX";"Electricity";"PL";"Electricity Price";"Rigid";"BAU";"EUR/kWh";2040;"0.071";"Current policies";"Electricity"
"OPEX";"Electricity";"PL";"Electricity Price";"Tractor-Trailer";"BAU";"EUR/kWh";2040;"0.071";"Current policies";"Electricity"
"OPEX";"Electricity";"UK";"Electricity Price";"Rigid";"BAU";"EUR/kWh";2040;"0.071";"Current policies";"Electricity"
"OPEX";"Electricity";"UK";"Electricity Price";"Tractor-Trailer";"BAU";"EUR/kWh";2040;"0.071";"Current policies";"Electricity"
"OPEX";"Hydrogen";"DE";"Hydrogen Price";"Rigid";"BAU";"EUR/kWh";2040;"0.134";"Current policies";"Hydrogen"
"OPEX";"Hydrogen";"DE";"Hydrogen Price";"Tractor-Trailer";"BAU";"EUR/kWh";2040;"0.134";"Current policies";"Hydrogen"
"OPEX";"Hydrogen";"ES";"Hydrogen Price";"Rigid";"BAU";"EUR/kWh";2040;"0.134";"Current policies";"Hydrogen"
"OPEX";"Hydrogen";"ES";"Hydrogen Price";"Tractor-Trailer";"BAU";"EUR/kWh";2040;"0.134";"Current policies";"Hydrogen"
"OPEX";"Hydrogen";"FR";"Hydrogen Price";"Rigid";"BAU";"EUR/kWh";2040;"0.134";"Current policies";"Hydrogen"
"OPEX";"Hydrogen";"FR";"Hydrogen Price";"Tractor-Trailer";"BAU";"EUR/kWh";2040;"0.134";"Current policies";"Hydrogen"
"OPEX";"Hydrogen";"IT";"Hydrogen Price";"Rigid";"BAU";"EUR/kWh";2040;"0.134";"Current policies";"Hydrogen"
"OPEX";"Hydrogen";"IT";"Hydrogen Price";"Tractor-Trailer";"BAU";"EUR/kWh";2040;"0.134";"Current policies";"Hydrogen"
"OPEX";"Hydrogen";"NL";"Hydrogen Price";"Rigid";"BAU";"EUR/kWh";2040;"0.134";"Current policies";"Hydrogen"
"OPEX";"Hydrogen";"NL";"Hydrogen Price";"Tractor-Trailer";"BAU";"EUR/kWh";2040;"0.134";"Current policies";"Hydrogen"
"OPEX";"Hydrogen";"PL";"Hydrogen Price";"Rigid";"BAU";"EUR/kWh";2040;"0.134";"Current policies";"Hydrogen"
"OPEX";"Hydrogen";"PL";"Hydrogen Price";"Tractor-Trailer";"BAU";"EUR/kWh";2040;"0.134";"Current policies";"Hydrogen"
"OPEX";"Hydrogen";"UK";"Hydrogen Price";"Rigid";"BAU";"EUR/kWh";2040;"0.134";"Current policies";"Hydrogen"
"OPEX";"Hydrogen";"UK";"Hydrogen Price";"Tractor-Trailer";"BAU";"EUR/kWh";2040;"0.134";"Current policies";"Hydrogen"
"OPEX";"Diesel";"FR";"Biodiesel Price";"Rigid";"BAU";"EUR/kWh";2045;"0.17";"Current policies";"Diesel"
"OPEX";"Diesel";"FR";"Biodiesel Price";"Tractor-Trailer";"BAU";"EUR/kWh";2045;"0.17";"Current policies";"Diesel"
"OPEX";"Diesel";"DE";"Biodiesel Price";"Rigid";"BAU";"EUR/kWh";2045;"0.17";"Current policies";"Diesel"
"OPEX";"Diesel";"DE";"Biodiesel Price";"Tractor-Trailer";"BAU";"EUR/kWh";2045;"0.17";"Current policies";"Diesel"
"OPEX";"Diesel";"ES";"Biodiesel Price";"Rigid";"BAU";"EUR/kWh";2045;"0.17";"Current policies";"Diesel"
"OPEX";"Diesel";"ES";"Biodiesel Price";"Tractor-Trailer";"BAU";"EUR/kWh";2045;"0.17";"Current policies";"Diesel"
"OPEX";"Diesel";"IT";"Biodiesel Price";"Rigid";"BAU";"EUR/kWh";2045;"0.17";"Current policies";"Diesel"
"OPEX";"Diesel";"IT";"Biodiesel Price";"Tractor-Trailer";"BAU";"EUR/kWh";2045;"0.17";"Current policies";"Diesel"
"OPEX";"Diesel";"NL";"Biodiesel Price";"Rigid";"BAU";"EUR/kWh";2045;"0.17";"Current policies";"Diesel"
"OPEX";"Diesel";"NL";"Biodiesel Price";"Tractor-Trailer";"BAU";"EUR/kWh";2045;"0.17";"Current policies";"Diesel"
"OPEX";"Diesel";"PL";"Biodiesel Price";"Rigid";"BAU";"EUR/kWh";2045;"0.17";"Current policies";"Diesel"
"OPEX";"Diesel";"PL";"Biodiesel Price";"Tractor-Trailer";"BAU";"EUR/kWh";2045;"0.17";"Current policies";"Diesel"
"OPEX";"Diesel";"UK";"Biodiesel Price";"Rigid";"BAU";"EUR/kWh";2045;"0.17";"Current policies";"Diesel"
"OPEX";"Diesel";"UK";"Biodiesel Price";"Tractor-Trailer";"BAU";"EUR/kWh";2045;"0.17";"Current policies";"Diesel"
"OPEX";"Diesel";"DE";"Pt-Diesel Price";"Rigid";"BAU";"EUR/kWh";2045;"0.196";"Current policies";"Diesel"
"OPEX";"Diesel";"DE";"Pt-Diesel Price";"Tractor-Trailer";"BAU";"EUR/kWh";2045;"0.196";"Current policies";"Diesel"
"OPEX";"Diesel";"ES";"Pt-Diesel Price";"Rigid";"BAU";"EUR/kWh";2045;"0.196";"Current policies";"Diesel"
"OPEX";"Diesel";"ES";"Pt-Diesel Price";"Tractor-Trailer";"BAU";"EUR/kWh";2045;"0.196";"Current policies";"Diesel"
"OPEX";"Diesel";"FR";"Pt-Diesel Price";"Rigid";"BAU";"EUR/kWh";2045;"0.196";"Current policies";"Diesel"
"OPEX";"Diesel";"FR";"Pt-Diesel Price";"Tractor-Trailer";"BAU";"EUR/kWh";2045;"0.196";"Current policies";"Diesel"
"OPEX";"Diesel";"IT";"Pt-Diesel Price";"Rigid";"BAU";"EUR/kWh";2045;"0.196";"Current policies";"Diesel"
"OPEX";"Diesel";"IT";"Pt-Diesel Price";"Tractor-Trailer";"BAU";"EUR/kWh";2045;"0.196";"Current policies";"Diesel"
"OPEX";"Diesel";"NL";"Pt-Diesel Price";"Rigid";"BAU";"EUR/kWh";2045;"0.196";"Current policies";"Diesel"
"OPEX";"Diesel";"NL";"Pt-Diesel Price";"Tractor-Trailer";"BAU";"EUR/kWh";2045;"0.196";"Current policies";"Diesel"
"OPEX";"Diesel";"PL";"Pt-Diesel Price";"Rigid";"BAU";"EUR/kWh";2045;"0.196";"Current policies";"Diesel"
"OPEX";"Diesel";"PL";"Pt-Diesel Price";"Tractor-Trailer";"BAU";"EUR/kWh";2045;"0.196";"Current policies";"Diesel"
"OPEX";"Diesel";"UK";"Pt-Diesel Price";"Rigid";"BAU";"EUR/kWh";2045;"0.196";"Current policies";"Diesel"
"OPEX";"Diesel";"UK";"Pt-Diesel Price";"Tractor-Trailer";"BAU";"EUR/kWh";2045;"0.196";"Current policies";"Diesel"
"OPEX";"Electricity";"DE";"Electricity Price";"Rigid";"BAU";"EUR/kWh";2045;"0.07";"Current policies";"Electricity"
"OPEX";"Electricity";"DE";"Electricity Price";"Tractor-Trailer";"BAU";"EUR/kWh";2045;"0.07";"Current policies";"Electricity"
"OPEX";"Electricity";"ES";"Electricity Price";"Rigid";"BAU";"EUR/kWh";2045;"0.07";"Current policies";"Electricity"
"OPEX";"Electricity";"ES";"Electricity Price";"Tractor-Trailer";"BAU";"EUR/kWh";2045;"0.07";"Current policies";"Electricity"
"OPEX";"Electricity";"FR";"Electricity Price";"Rigid";"BAU";"EUR/kWh";2045;"0.07";"Current policies";"Electricity"
"OPEX";"Electricity";"FR";"Electricity Price";"Tractor-Trailer";"BAU";"EUR/kWh";2045;"0.07";"Current policies";"Electricity"
"OPEX";"Electricity";"IT";"Electricity Price";"Rigid";"BAU";"EUR/kWh";2045;"0.07";"Current policies";"Electricity"
"OPEX";"Electricity";"IT";"Electricity Price";"Tractor-Trailer";"BAU";"EUR/kWh";2045;"0.07";"Current policies";"Electricity"
"OPEX";"Electricity";"NL";"Electricity Price";"Rigid";"BAU";"EUR/kWh";2045;"0.07";"Current policies";"Electricity"
"OPEX";"Electricity";"NL";"Electricity Price";"Tractor-Trailer";"BAU";"EUR/kWh";2045;"0.07";"Current policies";"Electricity"
"OPEX";"Electricity";"PL";"Electricity Price";"Rigid";"BAU";"EUR/kWh";2045;"0.07";"Current policies";"Electricity"
"OPEX";"Electricity";"PL";"Electricity Price";"Tractor-Trailer";"BAU";"EUR/kWh";2045;"0.07";"Current policies";"Electricity"
"OPEX";"Electricity";"UK";"Electricity Price";"Rigid";"BAU";"EUR/kWh";2045;"0.07";"Current policies";"Electricity"
"OPEX";"Electricity";"UK";"Electricity Price";"Tractor-Trailer";"BAU";"EUR/kWh";2045;"0.07";"Current policies";"Electricity"
"OPEX";"Hydrogen";"DE";"Hydrogen Price";"Rigid";"BAU";"EUR/kWh";2045;"0.118";"Current policies";"Hydrogen"
"OPEX";"Hydrogen";"DE";"Hydrogen Price";"Tractor-Trailer";"BAU";"EUR/kWh";2045;"0.118";"Current policies";"Hydrogen"
"OPEX";"Hydrogen";"ES";"Hydrogen Price";"Rigid";"BAU";"EUR/kWh";2045;"0.118";"Current policies";"Hydrogen"
"OPEX";"Hydrogen";"ES";"Hydrogen Price";"Tractor-Trailer";"BAU";"EUR/kWh";2045;"0.118";"Current policies";"Hydrogen"
"OPEX";"Hydrogen";"FR";"Hydrogen Price";"Rigid";"BAU";"EUR/kWh";2045;"0.118";"Current policies";"Hydrogen"
"OPEX";"Hydrogen";"FR";"Hydrogen Price";"Tractor-Trailer";"BAU";"EUR/kWh";2045;"0.118";"Current policies";"Hydrogen"
"OPEX";"Hydrogen";"IT";"Hydrogen Price";"Rigid";"BAU";"EUR/kWh";2045;"0.118";"Current policies";"Hydrogen"
"OPEX";"Hydrogen";"IT";"Hydrogen Price";"Tractor-Trailer";"BAU";"EUR/kWh";2045;"0.118";"Current policies";"Hydrogen"
"OPEX";"Hydrogen";"NL";"Hydrogen Price";"Rigid";"BAU";"EUR/kWh";2045;"0.118";"Current policies";"Hydrogen"
"OPEX";"Hydrogen";"NL";"Hydrogen Price";"Tractor-Trailer";"BAU";"EUR/kWh";2045;"0.118";"Current policies";"Hydrogen"
"OPEX";"Hydrogen";"PL";"Hydrogen Price";"Rigid";"BAU";"EUR/kWh";2045;"0.118";"Current policies";"Hydrogen"
"OPEX";"Hydrogen";"PL";"Hydrogen Price";"Tractor-Trailer";"BAU";"EUR/kWh";2045;"0.118";"Current policies";"Hydrogen"
"OPEX";"Hydrogen";"UK";"Hydrogen Price";"Rigid";"BAU";"EUR/kWh";2045;"0.118";"Current policies";"Hydrogen"
"OPEX";"Hydrogen";"UK";"Hydrogen Price";"Tractor-Trailer";"BAU";"EUR/kWh";2045;"0.118";"Current policies";"Hydrogen"
"OPEX";"Diesel";"FR";"Biodiesel Price";"Rigid";"BAU";"EUR/kWh";2050;"0.152";"Current policies";"Diesel"
"OPEX";"Diesel";"FR";"Biodiesel Price";"Tractor-Trailer";"BAU";"EUR/kWh";2050;"0.152";"Current policies";"Diesel"
"OPEX";"Diesel";"DE";"Biodiesel Price";"Rigid";"BAU";"EUR/kWh";2050;"0.152";"Current policies";"Diesel"
"OPEX";"Diesel";"DE";"Biodiesel Price";"Tractor-Trailer";"BAU";"EUR/kWh";2050;"0.152";"Current policies";"Diesel"
"OPEX";"Diesel";"ES";"Biodiesel Price";"Rigid";"BAU";"EUR/kWh";2050;"0.152";"Current policies";"Diesel"
"OPEX";"Diesel";"ES";"Biodiesel Price";"Tractor-Trailer";"BAU";"EUR/kWh";2050;"0.152";"Current policies";"Diesel"
"OPEX";"Diesel";"IT";"Biodiesel Price";"Rigid";"BAU";"EUR/kWh";2050;"0.152";"Current policies";"Diesel"
"OPEX";"Diesel";"IT";"Biodiesel Price";"Tractor-Trailer";"BAU";"EUR/kWh";2050;"0.152";"Current policies";"Diesel"
"OPEX";"Diesel";"NL";"Biodiesel Price";"Rigid";"BAU";"EUR/kWh";2050;"0.152";"Current policies";"Diesel"
"OPEX";"Diesel";"NL";"Biodiesel Price";"Tractor-Trailer";"BAU";"EUR/kWh";2050;"0.152";"Current policies";"Diesel"
"OPEX";"Diesel";"PL";"Biodiesel Price";"Rigid";"BAU";"EUR/kWh";2050;"0.152";"Current policies";"Diesel"
"OPEX";"Diesel";"PL";"Biodiesel Price";"Tractor-Trailer";"BAU";"EUR/kWh";2050;"0.152";"Current policies";"Diesel"
"OPEX";"Diesel";"UK";"Biodiesel Price";"Rigid";"BAU";"EUR/kWh";2050;"0.152";"Current policies";"Diesel"
"OPEX";"Diesel";"UK";"Biodiesel Price";"Tractor-Trailer";"BAU";"EUR/kWh";2050;"0.152";"Current policies";"Diesel"
"OPEX";"Diesel";"DE";"Pt-Diesel Price";"Rigid";"BAU";"EUR/kWh";2050;"0.175";"Current policies";"Diesel"
"OPEX";"Diesel";"DE";"Pt-Diesel Price";"Tractor-Trailer";"BAU";"EUR/kWh";2050;"0.175";"Current policies";"Diesel"
"OPEX";"Diesel";"ES";"Pt-Diesel Price";"Rigid";"BAU";"EUR/kWh";2050;"0.175";"Current policies";"Diesel"
"OPEX";"Diesel";"ES";"Pt-Diesel Price";"Tractor-Trailer";"BAU";"EUR/kWh";2050;"0.175";"Current policies";"Diesel"
"OPEX";"Diesel";"FR";"Pt-Diesel Price";"Rigid";"BAU";"EUR/kWh";2050;"0.175";"Current policies";"Diesel"
"OPEX";"Diesel";"FR";"Pt-Diesel Price";"Tractor-Trailer";"BAU";"EUR/kWh";2050;"0.175";"Current policies";"Diesel"
"OPEX";"Diesel";"IT";"Pt-Diesel Price";"Rigid";"BAU";"EUR/kWh";2050;"0.175";"Current policies";"Diesel"
"OPEX";"Diesel";"IT";"Pt-Diesel Price";"Tractor-Trailer";"BAU";"EUR/kWh";2050;"0.175";"Current policies";"Diesel"
"OPEX";"Diesel";"NL";"Pt-Diesel Price";"Rigid";"BAU";"EUR/kWh";2050;"0.175";"Current policies";"Diesel"
"OPEX";"Diesel";"NL";"Pt-Diesel Price";"Tractor-Trailer";"BAU";"EUR/kWh";2050;"0.175";"Current policies";"Diesel"
"OPEX";"Diesel";"PL";"Pt-Diesel Price";"Rigid";"BAU";"EUR/kWh";2050;"0.175";"Current policies";"Diesel"
"OPEX";"Diesel";"PL";"Pt-Diesel Price";"Tractor-Trailer";"BAU";"EUR/kWh";2050;"0.175";"Current policies";"Diesel"
"OPEX";"Diesel";"UK";"Pt-Diesel Price";"Rigid";"BAU";"EUR/kWh";2050;"0.175";"Current policies";"Diesel"
"OPEX";"Diesel";"UK";"Pt-Diesel Price";"Tractor-Trailer";"BAU";"EUR/kWh";2050;"0.175";"Current policies";"Diesel"
"OPEX";"Electricity";"DE";"Electricity Price";"Rigid";"BAU";"EUR/kWh";2050;"0.07";"Current policies";"Electricity"
"OPEX";"Electricity";"DE";"Electricity Price";"Tractor-Trailer";"BAU";"EUR/kWh";2050;"0.07";"Current policies";"Electricity"
"OPEX";"Electricity";"ES";"Electricity Price";"Rigid";"BAU";"EUR/kWh";2050;"0.07";"Current policies";"Electricity"
"OPEX";"Electricity";"ES";"Electricity Price";"Tractor-Trailer";"BAU";"EUR/kWh";2050;"0.07";"Current policies";"Electricity"
"OPEX";"Electricity";"FR";"Electricity Price";"Rigid";"BAU";"EUR/kWh";2050;"0.07";"Current policies";"Electricity"
"OPEX";"Electricity";"FR";"Electricity Price";"Tractor-Trailer";"BAU";"EUR/kWh";2050;"0.07";"Current policies";"Electricity"
"OPEX";"Electricity";"IT";"Electricity Price";"Rigid";"BAU";"EUR/kWh";2050;"0.07";"Current policies";"Electricity"
"OPEX";"Electricity";"IT";"Electricity Price";"Tractor-Trailer";"BAU";"EUR/kWh";2050;"0.07";"Current policies";"Electricity"
"OPEX";"Electricity";"NL";"Electricity Price";"Rigid";"BAU";"EUR/kWh";2050;"0.07";"Current policies";"Electricity"
"OPEX";"Electricity";"NL";"Electricity Price";"Tractor-Trailer";"BAU";"EUR/kWh";2050;"0.07";"Current policies";"Electricity"
"OPEX";"Electricity";"PL";"Electricity Price";"Rigid";"BAU";"EUR/kWh";2050;"0.07";"Current policies";"Electricity"
"OPEX";"Electricity";"PL";"Electricity Price";"Tractor-Trailer";"BAU";"EUR/kWh";2050;"0.07";"Current policies";"Electricity"
"OPEX";"Electricity";"UK";"Electricity Price";"Rigid";"BAU";"EUR/kWh";2050;"0.07";"Current policies";"Electricity"
"OPEX";"Electricity";"UK";"Electricity Price";"Tractor-Trailer";"BAU";"EUR/kWh";2050;"0.07";"Current policies";"Electricity"
"OPEX";"Hydrogen";"DE";"Hydrogen Price";"Rigid";"BAU";"EUR/kWh";2050;"0.101";"Current policies";"Hydrogen"
"OPEX";"Hydrogen";"DE";"Hydrogen Price";"Tractor-Trailer";"BAU";"EUR/kWh";2050;"0.101";"Current policies";"Hydrogen"
"OPEX";"Hydrogen";"ES";"Hydrogen Price";"Rigid";"BAU";"EUR/kWh";2050;"0.101";"Current policies";"Hydrogen"
"OPEX";"Hydrogen";"ES";"Hydrogen Price";"Tractor-Trailer";"BAU";"EUR/kWh";2050;"0.101";"Current policies";"Hydrogen"
"OPEX";"Hydrogen";"FR";"Hydrogen Price";"Rigid";"BAU";"EUR/kWh";2050;"0.101";"Current policies";"Hydrogen"
"OPEX";"Hydrogen";"FR";"Hydrogen Price";"Tractor-Trailer";"BAU";"EUR/kWh";2050;"0.101";"Current policies";"Hydrogen"
"OPEX";"Hydrogen";"IT";"Hydrogen Price";"Rigid";"BAU";"EUR/kWh";2050;"0.101";"Current policies";"Hydrogen"
"OPEX";"Hydrogen";"IT";"Hydrogen Price";"Tractor-Trailer";"BAU";"EUR/kWh";2050;"0.101";"Current policies";"Hydrogen"
"OPEX";"Hydrogen";"NL";"Hydrogen Price";"Rigid";"BAU";"EUR/kWh";2050;"0.101";"Current policies";"Hydrogen"
"OPEX";"Hydrogen";"NL";"Hydrogen Price";"Tractor-Trailer";"BAU";"EUR/kWh";2050;"0.101";"Current policies";"Hydrogen"
"OPEX";"Hydrogen";"PL";"Hydrogen Price";"Rigid";"BAU";"EUR/kWh";2050;"0.101";"Current policies";"Hydrogen"
"OPEX";"Hydrogen";"PL";"Hydrogen Price";"Tractor-Trailer";"BAU";"EUR/kWh";2050;"0.101";"Current policies";"Hydrogen"
"OPEX";"Hydrogen";"UK";"Hydrogen Price";"Rigid";"BAU";"EUR/kWh";2050;"0.101";"Current policies";"Hydrogen"
"OPEX";"Hydrogen";"UK";"Hydrogen Price";"Tractor-Trailer";"BAU";"EUR/kWh";2050;"0.101";"Current policies";"Hydrogen"
"OPEX";"Diesel";"DE";"Share Biodiesel";"Rigid";"BAU";"%";2030;"0.14";"Current policies";"Diesel"
"OPEX";"Diesel";"DE";"Share Biodiesel";"Tractor-Trailer";"BAU";"%";2030;"0.14";"Current policies";"Diesel"
"OPEX";"Diesel";"ES";"Share Biodiesel";"Rigid";"BAU";"%";2030;"0.14";"Current policies";"Diesel"
"OPEX";"Diesel";"ES";"Share Biodiesel";"Tractor-Trailer";"BAU";"%";2030;"0.14";"Current policies";"Diesel"
"OPEX";"Diesel";"FR";"Share Biodiesel";"Rigid";"BAU";"%";2030;"0.14";"Current policies";"Diesel"
"OPEX";"Diesel";"FR";"Share Biodiesel";"Tractor-Trailer";"BAU";"%";2030;"0.14";"Current policies";"Diesel"
"OPEX";"Diesel";"IT";"Share Biodiesel";"Rigid";"BAU";"%";2030;"0.14";"Current policies";"Diesel"
"OPEX";"Diesel";"IT";"Share Biodiesel";"Tractor-Trailer";"BAU";"%";2030;"0.14";"Current policies";"Diesel"
"OPEX";"Diesel";"NL";"Share Biodiesel";"Rigid";"BAU";"%";2030;"0.14";"Current policies";"Diesel"
"OPEX";"Diesel";"NL";"Share Biodiesel";"Tractor-Trailer";"BAU";"%";2030;"0.14";"Current policies";"Diesel"
"OPEX";"Diesel";"PL";"Share Biodiesel";"Rigid";"BAU";"%";2030;"0.14";"Current policies";"Diesel"
"OPEX";"Diesel";"PL";"Share Biodiesel";"Tractor-Trailer";"BAU";"%";2030;"0.14";"Current policies";"Diesel"
"OPEX";"Diesel";"UK";"Share Biodiesel";"Rigid";"BAU";"%";2030;"0.14";"Current policies";"Diesel"
"OPEX";"Diesel";"UK";"Share Biodiesel";"Tractor-Trailer";"BAU";"%";2030;"0.14";"Current policies";"Diesel"
"OPEX";"Diesel";"DE";"Share Biodiesel";"Rigid";"BAU";"%";2035;"0.23";"Current policies";"Diesel"
"OPEX";"Diesel";"DE";"Share Biodiesel";"Tractor-Trailer";"BAU";"%";2035;"0.23";"Current policies";"Diesel"
"OPEX";"Diesel";"ES";"Share Biodiesel";"Rigid";"BAU";"%";2035;"0.23";"Current policies";"Diesel"
"OPEX";"Diesel";"ES";"Share Biodiesel";"Tractor-Trailer";"BAU";"%";2035;"0.23";"Current policies";"Diesel"
"OPEX";"Diesel";"FR";"Share Biodiesel";"Rigid";"BAU";"%";2035;"0.23";"Current policies";"Diesel"
"OPEX";"Diesel";"FR";"Share Biodiesel";"Tractor-Trailer";"BAU";"%";2035;"0.23";"Current policies";"Diesel"
"OPEX";"Diesel";"IT";"Share Biodiesel";"Rigid";"BAU";"%";2035;"0.23";"Current policies";"Diesel"
"OPEX";"Diesel";"IT";"Share Biodiesel";"Tractor-Trailer";"BAU";"%";2035;"0.23";"Current policies";"Diesel"
"OPEX";"Diesel";"NL";"Share Biodiesel";"Rigid";"BAU";"%";2035;"0.23";"Current policies";"Diesel"
"OPEX";"Diesel";"NL";"Share Biodiesel";"Tractor-Trailer";"BAU";"%";2035;"0.23";"Current policies";"Diesel"
"OPEX";"Diesel";"PL";"Share Biodiesel";"Rigid";"BAU";"%";2035;"0.23";"Current policies";"Diesel"
"OPEX";"Diesel";"PL";"Share Biodiesel";"Tractor-Trailer";"BAU";"%";2035;"0.23";"Current policies";"Diesel"
"OPEX";"Diesel";"UK";"Share Biodiesel";"Rigid";"BAU";"%";2035;"0.23";"Current policies";"Diesel"
"OPEX";"Diesel";"UK";"Share Biodiesel";"Tractor-Trailer";"BAU";"%";2035;"0.23";"Current policies";"Diesel"
"OPEX";"Diesel";"DE";"Share Biodiesel";"Rigid";"BAU";"%";2040;"0.45";"Current policies";"Diesel"
"OPEX";"Diesel";"DE";"Share Biodiesel";"Tractor-Trailer";"BAU";"%";2040;"0.45";"Current policies";"Diesel"
"OPEX";"Diesel";"ES";"Share Biodiesel";"Rigid";"BAU";"%";2040;"0.45";"Current policies";"Diesel"
"OPEX";"Diesel";"ES";"Share Biodiesel";"Tractor-Trailer";"BAU";"%";2040;"0.45";"Current policies";"Diesel"
"OPEX";"Diesel";"FR";"Share Biodiesel";"Rigid";"BAU";"%";2040;"0.45";"Current policies";"Diesel"
"OPEX";"Diesel";"FR";"Share Biodiesel";"Tractor-Trailer";"BAU";"%";2040;"0.45";"Current policies";"Diesel"
"OPEX";"Diesel";"IT";"Share Biodiesel";"Rigid";"BAU";"%";2040;"0.45";"Current policies";"Diesel"
"OPEX";"Diesel";"IT";"Share Biodiesel";"Tractor-Trailer";"BAU";"%";2040;"0.45";"Current policies";"Diesel"
"OPEX";"Diesel";"NL";"Share Biodiesel";"Rigid";"BAU";"%";2040;"0.45";"Current policies";"Diesel"
"OPEX";"Diesel";"NL";"Share Biodiesel";"Tractor-Trailer";"BAU";"%";2040;"0.45";"Current policies";"Diesel"
"OPEX";"Diesel";"PL";"Share Biodiesel";"Rigid";"BAU";"%";2040;"0.45";"Current policies";"Diesel"
"OPEX";"Diesel";"PL";"Share Biodiesel";"Tractor-Trailer";"BAU";"%";2040;"0.45";"Current policies";"Diesel"
"OPEX";"Diesel";"UK";"Share Biodiesel";"Rigid";"BAU";"%";2040;"0.45";"Current policies";"Diesel"
"OPEX";"Diesel";"UK";"Share Biodiesel";"Tractor-Trailer";"BAU";"%";2040;"0.45";"Current policies";"Diesel"
"OPEX";"Diesel";"DE";"Share Biodiesel";"Rigid";"BAU";"%";2045;"0.53";"Current policies";"Diesel"
"OPEX";"Diesel";"DE";"Share Biodiesel";"Tractor-Trailer";"BAU";"%";2045;"0.53";"Current policies";"Diesel"
"OPEX";"Diesel";"ES";"Share Biodiesel";"Rigid";"BAU";"%";2045;"0.53";"Current policies";"Diesel"
"OPEX";"Diesel";"ES";"Share Biodiesel";"Tractor-Trailer";"BAU";"%";2045;"0.53";"Current policies";"Diesel"
"OPEX";"Diesel";"FR";"Share Biodiesel";"Rigid";"BAU";"%";2045;"0.53";"Current policies";"Diesel"
"OPEX";"Diesel";"FR";"Share Biodiesel";"Tractor-Trailer";"BAU";"%";2045;"0.53";"Current policies";"Diesel"
"OPEX";"Diesel";"IT";"Share Biodiesel";"Rigid";"BAU";"%";2045;"0.53";"Current policies";"Diesel"
"OPEX";"Diesel";"IT";"Share Biodiesel";"Tractor-Trailer";"BAU";"%";2045;"0.53";"Current policies";"Diesel"
"OPEX";"Diesel";"NL";"Share Biodiesel";"Rigid";"BAU";"%";2045;"0.53";"Current policies";"Diesel"
"OPEX";"Diesel";"NL";"Share Biodiesel";"Tractor-Trailer";"BAU";"%";2045;"0.53";"Current policies";"Diesel"
"OPEX";"Diesel";"PL";"Share Biodiesel";"Rigid";"BAU";"%";2045;"0.53";"Current policies";"Diesel"
"OPEX";"Diesel";"PL";"Share Biodiesel";"Tractor-Trailer";"BAU";"%";2045;"0.53";"Current policies";"Diesel"
"OPEX";"Diesel";"UK";"Share Biodiesel";"Rigid";"BAU";"%";2045;"0.53";"Current policies";"Diesel"
"OPEX";"Diesel";"UK";"Share Biodiesel";"Tractor-Trailer";"BAU";"%";2045;"0.53";"Current policies";"Diesel"
"OPEX";"Diesel";"DE";"Share Biodiesel";"Rigid";"BAU";"%";2050;"0.51";"Current policies";"Diesel"
"OPEX";"Diesel";"DE";"Share Biodiesel";"Tractor-Trailer";"BAU";"%";2050;"0.51";"Current policies";"Diesel"
"OPEX";"Diesel";"ES";"Share Biodiesel";"Rigid";"BAU";"%";2050;"0.51";"Current policies";"Diesel"
"OPEX";"Diesel";"ES";"Share Biodiesel";"Tractor-Trailer";"BAU";"%";2050;"0.51";"Current policies";"Diesel"
"OPEX";"Diesel";"FR";"Share Biodiesel";"Rigid";"BAU";"%";2050;"0.51";"Current policies";"Diesel"
"OPEX";"Diesel";"FR";"Share Biodiesel";"Tractor-Trailer";"BAU";"%";2050;"0.51";"Current policies";"Diesel"
"OPEX";"Diesel";"IT";"Share Biodiesel";"Rigid";"BAU";"%";2050;"0.51";"Current policies";"Diesel"
"OPEX";"Diesel";"IT";"Share Biodiesel";"Tractor-Trailer";"BAU";"%";2050;"0.51";"Current policies";"Diesel"
"OPEX";"Diesel";"NL";"Share Biodiesel";"Rigid";"BAU";"%";2050;"0.51";"Current policies";"Diesel"
"OPEX";"Diesel";"NL";"Share Biodiesel";"Tractor-Trailer";"BAU";"%";2050;"0.51";"Current policies";"Diesel"
"OPEX";"Diesel";"PL";"Share Biodiesel";"Rigid";"BAU";"%";2050;"0.51";"Current policies";"Diesel"
"OPEX";"Diesel";"PL";"Share Biodiesel";"Tractor-Trailer";"BAU";"%";2050;"0.51";"Current policies";"Diesel"
"OPEX";"Diesel";"UK";"Share Biodiesel";"Rigid";"BAU";"%";2050;"0.51";"Current policies";"Diesel"
"OPEX";"Diesel";"UK";"Share Biodiesel";"Tractor-Trailer";"BAU";"%";2050;"0.51";"Current policies";"Diesel"
"OPEX";"Diesel";"DE";"Share Biodiesel";"Rigid";"PROG";"%";2030;"0.18";"Current policies";"Diesel"
"OPEX";"Diesel";"DE";"Share Biodiesel";"Tractor-Trailer";"PROG";"%";2030;"0.18";"Current policies";"Diesel"
"OPEX";"Diesel";"ES";"Share Biodiesel";"Rigid";"PROG";"%";2030;"0.18";"Current policies";"Diesel"
"OPEX";"Diesel";"ES";"Share Biodiesel";"Tractor-Trailer";"PROG";"%";2030;"0.18";"Current policies";"Diesel"
"OPEX";"Diesel";"FR";"Share Biodiesel";"Rigid";"PROG";"%";2030;"0.18";"Current policies";"Diesel"
"OPEX";"Diesel";"FR";"Share Biodiesel";"Tractor-Trailer";"PROG";"%";2030;"0.18";"Current policies";"Diesel"
"OPEX";"Diesel";"IT";"Share Biodiesel";"Rigid";"PROG";"%";2030;"0.18";"Current policies";"Diesel"
"OPEX";"Diesel";"IT";"Share Biodiesel";"Tractor-Trailer";"PROG";"%";2030;"0.18";"Current policies";"Diesel"
"OPEX";"Diesel";"NL";"Share Biodiesel";"Rigid";"PROG";"%";2030;"0.18";"Current policies";"Diesel"
"OPEX";"Diesel";"NL";"Share Biodiesel";"Tractor-Trailer";"PROG";"%";2030;"0.18";"Current policies";"Diesel"
"OPEX";"Diesel";"PL";"Share Biodiesel";"Rigid";"PROG";"%";2030;"0.18";"Current policies";"Diesel"
"OPEX";"Diesel";"PL";"Share Biodiesel";"Tractor-Trailer";"PROG";"%";2030;"0.18";"Current policies";"Diesel"
"OPEX";"Diesel";"UK";"Share Biodiesel";"Rigid";"PROG";"%";2030;"0.18";"Current policies";"Diesel"
"OPEX";"Diesel";"UK";"Share Biodiesel";"Tractor-Trailer";"PROG";"%";2030;"0.18";"Current policies";"Diesel"
"OPEX";"Diesel";"DE";"Share Biodiesel";"Rigid";"PROG";"%";2035;"0.24";"Current policies";"Diesel"
"OPEX";"Diesel";"DE";"Share Biodiesel";"Tractor-Trailer";"PROG";"%";2035;"0.24";"Current policies";"Diesel"
"OPEX";"Diesel";"ES";"Share Biodiesel";"Rigid";"PROG";"%";2035;"0.24";"Current policies";"Diesel"
"OPEX";"Diesel";"ES";"Share Biodiesel";"Tractor-Trailer";"PROG";"%";2035;"0.24";"Current policies";"Diesel"
"OPEX";"Diesel";"FR";"Share Biodiesel";"Rigid";"PROG";"%";2035;"0.24";"Current policies";"Diesel"
"OPEX";"Diesel";"FR";"Share Biodiesel";"Tractor-Trailer";"PROG";"%";2035;"0.24";"Current policies";"Diesel"
"OPEX";"Diesel";"IT";"Share Biodiesel";"Rigid";"PROG";"%";2035;"0.24";"Current policies";"Diesel"
"OPEX";"Diesel";"IT";"Share Biodiesel";"Tractor-Trailer";"PROG";"%";2035;"0.24";"Current policies";"Diesel"
"OPEX";"Diesel";"NL";"Share Biodiesel";"Rigid";"PROG";"%";2035;"0.24";"Current policies";"Diesel"
"OPEX";"Diesel";"NL";"Share Biodiesel";"Tractor-Trailer";"PROG";"%";2035;"0.24";"Current policies";"Diesel"
"OPEX";"Diesel";"PL";"Share Biodiesel";"Rigid";"PROG";"%";2035;"0.24";"Current policies";"Diesel"
"OPEX";"Diesel";"PL";"Share Biodiesel";"Tractor-Trailer";"PROG";"%";2035;"0.24";"Current policies";"Diesel"
"OPEX";"Diesel";"UK";"Share Biodiesel";"Rigid";"PROG";"%";2035;"0.24";"Current policies";"Diesel"
"OPEX";"Diesel";"UK";"Share Biodiesel";"Tractor-Trailer";"PROG";"%";2035;"0.24";"Current policies";"Diesel"
"OPEX";"Diesel";"DE";"Share Biodiesel";"Rigid";"PROG";"%";2040;"0.32";"Current policies";"Diesel"
"OPEX";"Diesel";"DE";"Share Biodiesel";"Tractor-Trailer";"PROG";"%";2040;"0.32";"Current policies";"Diesel"
"OPEX";"Diesel";"ES";"Share Biodiesel";"Rigid";"PROG";"%";2040;"0.32";"Current policies";"Diesel"
"OPEX";"Diesel";"ES";"Share Biodiesel";"Tractor-Trailer";"PROG";"%";2040;"0.32";"Current policies";"Diesel"
"OPEX";"Diesel";"FR";"Share Biodiesel";"Rigid";"PROG";"%";2040;"0.32";"Current policies";"Diesel"
"OPEX";"Diesel";"FR";"Share Biodiesel";"Tractor-Trailer";"PROG";"%";2040;"0.32";"Current policies";"Diesel"
"OPEX";"Diesel";"IT";"Share Biodiesel";"Rigid";"PROG";"%";2040;"0.32";"Current policies";"Diesel"
"OPEX";"Diesel";"IT";"Share Biodiesel";"Tractor-Trailer";"PROG";"%";2040;"0.32";"Current policies";"Diesel"
"OPEX";"Diesel";"NL";"Share Biodiesel";"Rigid";"PROG";"%";2040;"0.32";"Current policies";"Diesel"
"OPEX";"Diesel";"NL";"Share Biodiesel";"Tractor-Trailer";"PROG";"%";2040;"0.32";"Current policies";"Diesel"
"OPEX";"Diesel";"PL";"Share Biodiesel";"Rigid";"PROG";"%";2040;"0.32";"Current policies";"Diesel"
"OPEX";"Diesel";"PL";"Share Biodiesel";"Tractor-Trailer";"PROG";"%";2040;"0.32";"Current policies";"Diesel"
"OPEX";"Diesel";"UK";"Share Biodiesel";"Rigid";"PROG";"%";2040;"0.32";"Current policies";"Diesel"
"OPEX";"Diesel";"UK";"Share Biodiesel";"Tractor-Trailer";"PROG";"%";2040;"0.32";"Current policies";"Diesel"
"OPEX";"Diesel";"DE";"Share Biodiesel";"Rigid";"PROG";"%";2045;"0.35";"Current policies";"Diesel"
"OPEX";"Diesel";"DE";"Share Biodiesel";"Tractor-Trailer";"PROG";"%";2045;"0.35";"Current policies";"Diesel"
"OPEX";"Diesel";"ES";"Share Biodiesel";"Rigid";"PROG";"%";2045;"0.35";"Current policies";"Diesel"
"OPEX";"Diesel";"ES";"Share Biodiesel";"Tractor-Trailer";"PROG";"%";2045;"0.35";"Current policies";"Diesel"
"OPEX";"Diesel";"FR";"Share Biodiesel";"Rigid";"PROG";"%";2045;"0.35";"Current policies";"Diesel"
"OPEX";"Diesel";"FR";"Share Biodiesel";"Tractor-Trailer";"PROG";"%";2045;"0.35";"Current policies";"Diesel"
"OPEX";"Diesel";"IT";"Share Biodiesel";"Rigid";"PROG";"%";2045;"0.35";"Current policies";"Diesel"
"OPEX";"Diesel";"IT";"Share Biodiesel";"Tractor-Trailer";"PROG";"%";2045;"0.35";"Current policies";"Diesel"
"OPEX";"Diesel";"NL";"Share Biodiesel";"Rigid";"PROG";"%";2045;"0.35";"Current policies";"Diesel"
"OPEX";"Diesel";"NL";"Share Biodiesel";"Tractor-Trailer";"PROG";"%";2045;"0.35";"Current policies";"Diesel"
"OPEX";"Diesel";"PL";"Share Biodiesel";"Rigid";"PROG";"%";2045;"0.35";"Current policies";"Diesel"
"OPEX";"Diesel";"PL";"Share Biodiesel";"Tractor-Trailer";"PROG";"%";2045;"0.35";"Current policies";"Diesel"
"OPEX";"Diesel";"UK";"Share Biodiesel";"Rigid";"PROG";"%";2045;"0.35";"Current policies";"Diesel"
"OPEX";"Diesel";"UK";"Share Biodiesel";"Tractor-Trailer";"PROG";"%";2045;"0.35";"Current policies";"Diesel"
"OPEX";"Diesel";"DE";"Share Biodiesel";"Rigid";"PROG";"%";2050;"0.33";"Current policies";"Diesel"
"OPEX";"Diesel";"DE";"Share Biodiesel";"Tractor-Trailer";"PROG";"%";2050;"0.33";"Current policies";"Diesel"
"OPEX";"Diesel";"ES";"Share Biodiesel";"Rigid";"PROG";"%";2050;"0.33";"Current policies";"Diesel"
"OPEX";"Diesel";"ES";"Share Biodiesel";"Tractor-Trailer";"PROG";"%";2050;"0.33";"Current policies";"Diesel"
"OPEX";"Diesel";"FR";"Share Biodiesel";"Rigid";"PROG";"%";2050;"0.33";"Current policies";"Diesel"
"OPEX";"Diesel";"FR";"Share Biodiesel";"Tractor-Trailer";"PROG";"%";2050;"0.33";"Current policies";"Diesel"
"OPEX";"Diesel";"IT";"Share Biodiesel";"Rigid";"PROG";"%";2050;"0.33";"Current policies";"Diesel"
"OPEX";"Diesel";"IT";"Share Biodiesel";"Tractor-Trailer";"PROG";"%";2050;"0.33";"Current policies";"Diesel"
"OPEX";"Diesel";"NL";"Share Biodiesel";"Rigid";"PROG";"%";2050;"0.33";"Current policies";"Diesel"
"OPEX";"Diesel";"NL";"Share Biodiesel";"Tractor-Trailer";"PROG";"%";2050;"0.33";"Current policies";"Diesel"
"OPEX";"Diesel";"PL";"Share Biodiesel";"Rigid";"PROG";"%";2050;"0.33";"Current policies";"Diesel"
"OPEX";"Diesel";"PL";"Share Biodiesel";"Tractor-Trailer";"PROG";"%";2050;"0.33";"Current policies";"Diesel"
"OPEX";"Diesel";"UK";"Share Biodiesel";"Rigid";"PROG";"%";2050;"0.33";"Current policies";"Diesel"
"OPEX";"Diesel";"UK";"Share Biodiesel";"Tractor-Trailer";"PROG";"%";2050;"0.33";"Current policies";"Diesel"
"OPEX";"Diesel";"DE";"Share Synthetic Diesel (E-Fuels)";"Rigid";"BAU";"%";2030;"0";"Current policies";"Diesel"
"OPEX";"Diesel";"DE";"Share Synthetic Diesel (E-Fuels)";"Tractor-Trailer";"BAU";"%";2030;"0";"Current policies";"Diesel"
"OPEX";"Diesel";"ES";"Share Synthetic Diesel (E-Fuels)";"Rigid";"BAU";"%";2030;"0";"Current policies";"Diesel"
"OPEX";"Diesel";"ES";"Share Synthetic Diesel (E-Fuels)";"Tractor-Trailer";"BAU";"%";2030;"0";"Current policies";"Diesel"
"OPEX";"Diesel";"FR";"Share Synthetic Diesel (E-Fuels)";"Rigid";"BAU";"%";2030;"0";"Current policies";"Diesel"
"OPEX";"Diesel";"FR";"Share Synthetic Diesel (E-Fuels)";"Tractor-Trailer";"BAU";"%";2030;"0";"Current policies";"Diesel"
"OPEX";"Diesel";"IT";"Share Synthetic Diesel (E-Fuels)";"Rigid";"BAU";"%";2030;"0";"Current policies";"Diesel"
"OPEX";"Diesel";"IT";"Share Synthetic Diesel (E-Fuels)";"Tractor-Trailer";"BAU";"%";2030;"0";"Current policies";"Diesel"
"OPEX";"Diesel";"NL";"Share Synthetic Diesel (E-Fuels)";"Rigid";"BAU";"%";2030;"0";"Current policies";"Diesel"
"OPEX";"Diesel";"NL";"Share Synthetic Diesel (E-Fuels)";"Tractor-Trailer";"BAU";"%";2030;"0";"Current policies";"Diesel"
"OPEX";"Diesel";"PL";"Share Synthetic Diesel (E-Fuels)";"Rigid";"BAU";"%";2030;"0";"Current policies";"Diesel"
"OPEX";"Diesel";"PL";"Share Synthetic Diesel (E-Fuels)";"Tractor-Trailer";"BAU";"%";2030;"0";"Current policies";"Diesel"
"OPEX";"Diesel";"UK";"Share Synthetic Diesel (E-Fuels)";"Rigid";"BAU";"%";2030;"0";"Current policies";"Diesel"
"OPEX";"Diesel";"UK";"Share Synthetic Diesel (E-Fuels)";"Tractor-Trailer";"BAU";"%";2030;"0";"Current policies";"Diesel"
"OPEX";"Diesel";"DE";"Share Synthetic Diesel (E-Fuels)";"Rigid";"BAU";"%";2035;"0";"Current policies";"Diesel"
"OPEX";"Diesel";"DE";"Share Synthetic Diesel (E-Fuels)";"Tractor-Trailer";"BAU";"%";2035;"0";"Current policies";"Diesel"
"OPEX";"Diesel";"ES";"Share Synthetic Diesel (E-Fuels)";"Rigid";"BAU";"%";2035;"0";"Current policies";"Diesel"
"OPEX";"Diesel";"ES";"Share Synthetic Diesel (E-Fuels)";"Tractor-Trailer";"BAU";"%";2035;"0";"Current policies";"Diesel"
"OPEX";"Diesel";"FR";"Share Synthetic Diesel (E-Fuels)";"Rigid";"BAU";"%";2035;"0";"Current policies";"Diesel"
"OPEX";"Diesel";"FR";"Share Synthetic Diesel (E-Fuels)";"Tractor-Trailer";"BAU";"%";2035;"0";"Current policies";"Diesel"
"OPEX";"Diesel";"IT";"Share Synthetic Diesel (E-Fuels)";"Rigid";"BAU";"%";2035;"0";"Current policies";"Diesel"
"OPEX";"Diesel";"IT";"Share Synthetic Diesel (E-Fuels)";"Tractor-Trailer";"BAU";"%";2035;"0";"Current policies";"Diesel"
"OPEX";"Diesel";"NL";"Share Synthetic Diesel (E-Fuels)";"Rigid";"BAU";"%";2035;"0";"Current policies";"Diesel"
"OPEX";"Diesel";"NL";"Share Synthetic Diesel (E-Fuels)";"Tractor-Trailer";"BAU";"%";2035;"0";"Current policies";"Diesel"
"OPEX";"Diesel";"PL";"Share Synthetic Diesel (E-Fuels)";"Rigid";"BAU";"%";2035;"0";"Current policies";"Diesel"
"OPEX";"Diesel";"PL";"Share Synthetic Diesel (E-Fuels)";"Tractor-Trailer";"BAU";"%";2035;"0";"Current policies";"Diesel"
"OPEX";"Diesel";"UK";"Share Synthetic Diesel (E-Fuels)";"Rigid";"BAU";"%";2035;"0";"Current policies";"Diesel"
"OPEX";"Diesel";"UK";"Share Synthetic Diesel (E-Fuels)";"Tractor-Trailer";"BAU";"%";2035;"0";"Current policies";"Diesel"
"OPEX";"Diesel";"DE";"Share Synthetic Diesel (E-Fuels)";"Rigid";"BAU";"%";2040;"0.2";"Current policies";"Diesel"
"OPEX";"Diesel";"DE";"Share Synthetic Diesel (E-Fuels)";"Tractor-Trailer";"BAU";"%";2040;"0.2";"Current policies";"Diesel"
"OPEX";"Diesel";"ES";"Share Synthetic Diesel (E-Fuels)";"Rigid";"BAU";"%";2040;"0.2";"Current policies";"Diesel"
"OPEX";"Diesel";"ES";"Share Synthetic Diesel (E-Fuels)";"Tractor-Trailer";"BAU";"%";2040;"0.2";"Current policies";"Diesel"
"OPEX";"Diesel";"FR";"Share Synthetic Diesel (E-Fuels)";"Rigid";"BAU";"%";2040;"0.2";"Current policies";"Diesel"
"OPEX";"Diesel";"FR";"Share Synthetic Diesel (E-Fuels)";"Tractor-Trailer";"BAU";"%";2040;"0.2";"Current policies";"Diesel"
"OPEX";"Diesel";"IT";"Share Synthetic Diesel (E-Fuels)";"Rigid";"BAU";"%";2040;"0.2";"Current policies";"Diesel"
"OPEX";"Diesel";"IT";"Share Synthetic Diesel (E-Fuels)";"Tractor-Trailer";"BAU";"%";2040;"0.2";"Current policies";"Diesel"
"OPEX";"Diesel";"NL";"Share Synthetic Diesel (E-Fuels)";"Rigid";"BAU";"%";2040;"0.2";"Current policies";"Diesel"
"OPEX";"Diesel";"NL";"Share Synthetic Diesel (E-Fuels)";"Tractor-Trailer";"BAU";"%";2040;"0.2";"Current policies";"Diesel"
"OPEX";"Diesel";"PL";"Share Synthetic Diesel (E-Fuels)";"Rigid";"BAU";"%";2040;"0.2";"Current policies";"Diesel"
"OPEX";"Diesel";"PL";"Share Synthetic Diesel (E-Fuels)";"Tractor-Trailer";"BAU";"%";2040;"0.2";"Current policies";"Diesel"
"OPEX";"Diesel";"UK";"Share Synthetic Diesel (E-Fuels)";"Rigid";"BAU";"%";2040;"0.2";"Current policies";"Diesel"
"OPEX";"Diesel";"UK";"Share Synthetic Diesel (E-Fuels)";"Tractor-Trailer";"BAU";"%";2040;"0.2";"Current policies";"Diesel"
"OPEX";"Diesel";"DE";"Share Synthetic Diesel (E-Fuels)";"Rigid";"BAU";"%";2045;"0.47";"Current policies";"Diesel"
"OPEX";"Diesel";"DE";"Share Synthetic Diesel (E-Fuels)";"Tractor-Trailer";"BAU";"%";2045;"0.47";"Current policies";"Diesel"
"OPEX";"Diesel";"ES";"Share Synthetic Diesel (E-Fuels)";"Rigid";"BAU";"%";2045;"0.47";"Current policies";"Diesel"
"OPEX";"Diesel";"ES";"Share Synthetic Diesel (E-Fuels)";"Tractor-Trailer";"BAU";"%";2045;"0.47";"Current policies";"Diesel"
"OPEX";"Diesel";"FR";"Share Synthetic Diesel (E-Fuels)";"Rigid";"BAU";"%";2045;"0.47";"Current policies";"Diesel"
"OPEX";"Diesel";"FR";"Share Synthetic Diesel (E-Fuels)";"Tractor-Trailer";"BAU";"%";2045;"0.47";"Current policies";"Diesel"
"OPEX";"Diesel";"IT";"Share Synthetic Diesel (E-Fuels)";"Rigid";"BAU";"%";2045;"0.47";"Current policies";"Diesel"
"OPEX";"Diesel";"IT";"Share Synthetic Diesel (E-Fuels)";"Tractor-Trailer";"BAU";"%";2045;"0.47";"Current policies";"Diesel"
"OPEX";"Diesel";"NL";"Share Synthetic Diesel (E-Fuels)";"Rigid";"BAU";"%";2045;"0.47";"Current policies";"Diesel"
"OPEX";"Diesel";"NL";"Share Synthetic Diesel (E-Fuels)";"Tractor-Trailer";"BAU";"%";2045;"0.47";"Current policies";"Diesel"
"OPEX";"Diesel";"PL";"Share Synthetic Diesel (E-Fuels)";"Rigid";"BAU";"%";2045;"0.47";"Current policies";"Diesel"
"OPEX";"Diesel";"PL";"Share Synthetic Diesel (E-Fuels)";"Tractor-Trailer";"BAU";"%";2045;"0.47";"Current policies";"Diesel"
"OPEX";"Diesel";"UK";"Share Synthetic Diesel (E-Fuels)";"Rigid";"BAU";"%";2045;"0.47";"Current policies";"Diesel"
"OPEX";"Diesel";"UK";"Share Synthetic Diesel (E-Fuels)";"Tractor-Trailer";"BAU";"%";2045;"0.47";"Current policies";"Diesel"
"OPEX";"Diesel";"DE";"Share Synthetic Diesel (E-Fuels)";"Rigid";"BAU";"%";2050;"0.49";"Current policies";"Diesel"
"OPEX";"Diesel";"DE";"Share Synthetic Diesel (E-Fuels)";"Tractor-Trailer";"BAU";"%";2050;"0.49";"Current policies";"Diesel"
"OPEX";"Diesel";"ES";"Share Synthetic Diesel (E-Fuels)";"Rigid";"BAU";"%";2050;"0.49";"Current policies";"Diesel"
"OPEX";"Diesel";"ES";"Share Synthetic Diesel (E-Fuels)";"Tractor-Trailer";"BAU";"%";2050;"0.49";"Current policies";"Diesel"
"OPEX";"Diesel";"FR";"Share Synthetic Diesel (E-Fuels)";"Rigid";"BAU";"%";2050;"0.49";"Current policies";"Diesel"
"OPEX";"Diesel";"FR";"Share Synthetic Diesel (E-Fuels)";"Tractor-Trailer";"BAU";"%";2050;"0.49";"Current policies";"Diesel"
"OPEX";"Diesel";"IT";"Share Synthetic Diesel (E-Fuels)";"Rigid";"BAU";"%";2050;"0.49";"Current policies";"Diesel"
"OPEX";"Diesel";"IT";"Share Synthetic Diesel (E-Fuels)";"Tractor-Trailer";"BAU";"%";2050;"0.49";"Current policies";"Diesel"
"OPEX";"Diesel";"NL";"Share Synthetic Diesel (E-Fuels)";"Rigid";"BAU";"%";2050;"0.49";"Current policies";"Diesel"
"OPEX";"Diesel";"NL";"Share Synthetic Diesel (E-Fuels)";"Tractor-Trailer";"BAU";"%";2050;"0.49";"Current policies";"Diesel"
"OPEX";"Diesel";"PL";"Share Synthetic Diesel (E-Fuels)";"Rigid";"BAU";"%";2050;"0.49";"Current policies";"Diesel"
"OPEX";"Diesel";"PL";"Share Synthetic Diesel (E-Fuels)";"Tractor-Trailer";"BAU";"%";2050;"0.49";"Current policies";"Diesel"
"OPEX";"Diesel";"UK";"Share Synthetic Diesel (E-Fuels)";"Rigid";"BAU";"%";2050;"0.49";"Current policies";"Diesel"
"OPEX";"Diesel";"UK";"Share Synthetic Diesel (E-Fuels)";"Tractor-Trailer";"BAU";"%";2050;"0.49";"Current policies";"Diesel"
"OPEX";"Diesel";"DE";"Share Synthetic Diesel (E-Fuels)";"Rigid";"PROG";"%";2030;"0.01";"Current policies";"Diesel"
"OPEX";"Diesel";"DE";"Share Synthetic Diesel (E-Fuels)";"Tractor-Trailer";"PROG";"%";2030;"0.01";"Current policies";"Diesel"
"OPEX";"Diesel";"ES";"Share Synthetic Diesel (E-Fuels)";"Rigid";"PROG";"%";2030;"0.01";"Current policies";"Diesel"
"OPEX";"Diesel";"ES";"Share Synthetic Diesel (E-Fuels)";"Tractor-Trailer";"PROG";"%";2030;"0.01";"Current policies";"Diesel"
"OPEX";"Diesel";"FR";"Share Synthetic Diesel (E-Fuels)";"Rigid";"PROG";"%";2030;"0.01";"Current policies";"Diesel"
"OPEX";"Diesel";"FR";"Share Synthetic Diesel (E-Fuels)";"Tractor-Trailer";"PROG";"%";2030;"0.01";"Current policies";"Diesel"
"OPEX";"Diesel";"IT";"Share Synthetic Diesel (E-Fuels)";"Rigid";"PROG";"%";2030;"0.01";"Current policies";"Diesel"
"OPEX";"Diesel";"IT";"Share Synthetic Diesel (E-Fuels)";"Tractor-Trailer";"PROG";"%";2030;"0.01";"Current policies";"Diesel"
"OPEX";"Diesel";"NL";"Share Synthetic Diesel (E-Fuels)";"Rigid";"PROG";"%";2030;"0.01";"Current policies";"Diesel"
"OPEX";"Diesel";"NL";"Share Synthetic Diesel (E-Fuels)";"Tractor-Trailer";"PROG";"%";2030;"0.01";"Current policies";"Diesel"
"OPEX";"Diesel";"PL";"Share Synthetic Diesel (E-Fuels)";"Rigid";"PROG";"%";2030;"0.01";"Current policies";"Diesel"
"OPEX";"Diesel";"PL";"Share Synthetic Diesel (E-Fuels)";"Tractor-Trailer";"PROG";"%";2030;"0.01";"Current policies";"Diesel"
"OPEX";"Diesel";"UK";"Share Synthetic Diesel (E-Fuels)";"Rigid";"PROG";"%";2030;"0.01";"Current policies";"Diesel"
"OPEX";"Diesel";"UK";"Share Synthetic Diesel (E-Fuels)";"Tractor-Trailer";"PROG";"%";2030;"0.01";"Current policies";"Diesel"
"OPEX";"Diesel";"DE";"Share Synthetic Diesel (E-Fuels)";"Rigid";"PROG";"%";2035;"0.12";"Current policies";"Diesel"
"OPEX";"Diesel";"DE";"Share Synthetic Diesel (E-Fuels)";"Tractor-Trailer";"PROG";"%";2035;"0.12";"Current policies";"Diesel"
"OPEX";"Diesel";"ES";"Share Synthetic Diesel (E-Fuels)";"Rigid";"PROG";"%";2035;"0.12";"Current policies";"Diesel"
"OPEX";"Diesel";"ES";"Share Synthetic Diesel (E-Fuels)";"Tractor-Trailer";"PROG";"%";2035;"0.12";"Current policies";"Diesel"
"OPEX";"Diesel";"FR";"Share Synthetic Diesel (E-Fuels)";"Rigid";"PROG";"%";2035;"0.12";"Current policies";"Diesel"
"OPEX";"Diesel";"FR";"Share Synthetic Diesel (E-Fuels)";"Tractor-Trailer";"PROG";"%";2035;"0.12";"Current policies";"Diesel"
"OPEX";"Diesel";"IT";"Share Synthetic Diesel (E-Fuels)";"Rigid";"PROG";"%";2035;"0.12";"Current policies";"Diesel"
"OPEX";"Diesel";"IT";"Share Synthetic Diesel (E-Fuels)";"Tractor-Trailer";"PROG";"%";2035;"0.12";"Current policies";"Diesel"
"OPEX";"Diesel";"NL";"Share Synthetic Diesel (E-Fuels)";"Rigid";"PROG";"%";2035;"0.12";"Current policies";"Diesel"
"OPEX";"Diesel";"NL";"Share Synthetic Diesel (E-Fuels)";"Tractor-Trailer";"PROG";"%";2035;"0.12";"Current policies";"Diesel"
"OPEX";"Diesel";"PL";"Share Synthetic Diesel (E-Fuels)";"Rigid";"PROG";"%";2035;"0.12";"Current policies";"Diesel"
"OPEX";"Diesel";"PL";"Share Synthetic Diesel (E-Fuels)";"Tractor-Trailer";"PROG";"%";2035;"0.12";"Current policies";"Diesel"
"OPEX";"Diesel";"UK";"Share Synthetic Diesel (E-Fuels)";"Rigid";"PROG";"%";2035;"0.12";"Current policies";"Diesel"
"OPEX";"Diesel";"UK";"Share Synthetic Diesel (E-Fuels)";"Tractor-Trailer";"PROG";"%";2035;"0.12";"Current policies";"Diesel"
"OPEX";"Diesel";"DE";"Share Synthetic Diesel (E-Fuels)";"Rigid";"PROG";"%";2040;"0.45";"Current policies";"Diesel"
"OPEX";"Diesel";"DE";"Share Synthetic Diesel (E-Fuels)";"Tractor-Trailer";"PROG";"%";2040;"0.45";"Current policies";"Diesel"
"OPEX";"Diesel";"ES";"Share Synthetic Diesel (E-Fuels)";"Rigid";"PROG";"%";2040;"0.45";"Current policies";"Diesel"
"OPEX";"Diesel";"ES";"Share Synthetic Diesel (E-Fuels)";"Tractor-Trailer";"PROG";"%";2040;"0.45";"Current policies";"Diesel"
"OPEX";"Diesel";"FR";"Share Synthetic Diesel (E-Fuels)";"Rigid";"PROG";"%";2040;"0.45";"Current policies";"Diesel"
"OPEX";"Diesel";"FR";"Share Synthetic Diesel (E-Fuels)";"Tractor-Trailer";"PROG";"%";2040;"0.45";"Current policies";"Diesel"
"OPEX";"Diesel";"IT";"Share Synthetic Diesel (E-Fuels)";"Rigid";"PROG";"%";2040;"0.45";"Current policies";"Diesel"
"OPEX";"Diesel";"IT";"Share Synthetic Diesel (E-Fuels)";"Tractor-Trailer";"PROG";"%";2040;"0.45";"Current policies";"Diesel"
"OPEX";"Diesel";"NL";"Share Synthetic Diesel (E-Fuels)";"Rigid";"PROG";"%";2040;"0.45";"Current policies";"Diesel"
"OPEX";"Diesel";"NL";"Share Synthetic Diesel (E-Fuels)";"Tractor-Trailer";"PROG";"%";2040;"0.45";"Current policies";"Diesel"
"OPEX";"Diesel";"PL";"Share Synthetic Diesel (E-Fuels)";"Rigid";"PROG";"%";2040;"0.45";"Current policies";"Diesel"
"OPEX";"Diesel";"PL";"Share Synthetic Diesel (E-Fuels)";"Tractor-Trailer";"PROG";"%";2040;"0.45";"Current policies";"Diesel"
"OPEX";"Diesel";"UK";"Share Synthetic Diesel (E-Fuels)";"Rigid";"PROG";"%";2040;"0.45";"Current policies";"Diesel"
"OPEX";"Diesel";"UK";"Share Synthetic Diesel (E-Fuels)";"Tractor-Trailer";"PROG";"%";2040;"0.45";"Current policies";"Diesel"
"OPEX";"Diesel";"DE";"Share Synthetic Diesel (E-Fuels)";"Rigid";"PROG";"%";2045;"0.65";"Current policies";"Diesel"
"OPEX";"Diesel";"DE";"Share Synthetic Diesel (E-Fuels)";"Tractor-Trailer";"PROG";"%";2045;"0.65";"Current policies";"Diesel"
"OPEX";"Diesel";"ES";"Share Synthetic Diesel (E-Fuels)";"Rigid";"PROG";"%";2045;"0.65";"Current policies";"Diesel"
"OPEX";"Diesel";"ES";"Share Synthetic Diesel (E-Fuels)";"Tractor-Trailer";"PROG";"%";2045;"0.65";"Current policies";"Diesel"
"OPEX";"Diesel";"FR";"Share Synthetic Diesel (E-Fuels)";"Rigid";"PROG";"%";2045;"0.65";"Current policies";"Diesel"
"OPEX";"Diesel";"FR";"Share Synthetic Diesel (E-Fuels)";"Tractor-Trailer";"PROG";"%";2045;"0.65";"Current policies";"Diesel"
"OPEX";"Diesel";"IT";"Share Synthetic Diesel (E-Fuels)";"Rigid";"PROG";"%";2045;"0.65";"Current policies";"Diesel"
"OPEX";"Diesel";"IT";"Share Synthetic Diesel (E-Fuels)";"Tractor-Trailer";"PROG";"%";2045;"0.65";"Current policies";"Diesel"
"OPEX";"Diesel";"NL";"Share Synthetic Diesel (E-Fuels)";"Rigid";"PROG";"%";2045;"0.65";"Current policies";"Diesel"
"OPEX";"Diesel";"NL";"Share Synthetic Diesel (E-Fuels)";"Tractor-Trailer";"PROG";"%";2045;"0.65";"Current policies";"Diesel"
"OPEX";"Diesel";"PL";"Share Synthetic Diesel (E-Fuels)";"Rigid";"PROG";"%";2045;"0.65";"Current policies";"Diesel"
"OPEX";"Diesel";"PL";"Share Synthetic Diesel (E-Fuels)";"Tractor-Trailer";"PROG";"%";2045;"0.65";"Current policies";"Diesel"
"OPEX";"Diesel";"UK";"Share Synthetic Diesel (E-Fuels)";"Rigid";"PROG";"%";2045;"0.65";"Current policies";"Diesel"
"OPEX";"Diesel";"UK";"Share Synthetic Diesel (E-Fuels)";"Tractor-Trailer";"PROG";"%";2045;"0.65";"Current policies";"Diesel"
"OPEX";"Diesel";"DE";"Share Synthetic Diesel (E-Fuels)";"Rigid";"PROG";"%";2050;"0.67";"Current policies";"Diesel"
"OPEX";"Diesel";"DE";"Share Synthetic Diesel (E-Fuels)";"Tractor-Trailer";"PROG";"%";2050;"0.67";"Current policies";"Diesel"
"OPEX";"Diesel";"ES";"Share Synthetic Diesel (E-Fuels)";"Rigid";"PROG";"%";2050;"0.67";"Current policies";"Diesel"
"OPEX";"Diesel";"ES";"Share Synthetic Diesel (E-Fuels)";"Tractor-Trailer";"PROG";"%";2050;"0.67";"Current policies";"Diesel"
"OPEX";"Diesel";"FR";"Share Synthetic Diesel (E-Fuels)";"Rigid";"PROG";"%";2050;"0.67";"Current policies";"Diesel"
"OPEX";"Diesel";"FR";"Share Synthetic Diesel (E-Fuels)";"Tractor-Trailer";"PROG";"%";2050;"0.67";"Current policies";"Diesel"
"OPEX";"Diesel";"IT";"Share Synthetic Diesel (E-Fuels)";"Rigid";"PROG";"%";2050;"0.67";"Current policies";"Diesel"
"OPEX";"Diesel";"IT";"Share Synthetic Diesel (E-Fuels)";"Tractor-Trailer";"PROG";"%";2050;"0.67";"Current policies";"Diesel"
"OPEX";"Diesel";"NL";"Share Synthetic Diesel (E-Fuels)";"Rigid";"PROG";"%";2050;"0.67";"Current policies";"Diesel"
"OPEX";"Diesel";"NL";"Share Synthetic Diesel (E-Fuels)";"Tractor-Trailer";"PROG";"%";2050;"0.67";"Current policies";"Diesel"
"OPEX";"Diesel";"PL";"Share Synthetic Diesel (E-Fuels)";"Rigid";"PROG";"%";2050;"0.67";"Current policies";"Diesel"
"OPEX";"Diesel";"PL";"Share Synthetic Diesel (E-Fuels)";"Tractor-Trailer";"PROG";"%";2050;"0.67";"Current policies";"Diesel"
"OPEX";"Diesel";"UK";"Share Synthetic Diesel (E-Fuels)";"Rigid";"PROG";"%";2050;"0.67";"Current policies";"Diesel"
"OPEX";"Diesel";"UK";"Share Synthetic Diesel (E-Fuels)";"Tractor-Trailer";"PROG";"%";2050;"0.67";"Current policies";"Diesel"
"OPEX";"Taxes";"DE";"Non-ETS CO2";"Rigid";"BAU";"EUR/tCO2";2030;"160";"Current policies";"Diesel"
"OPEX";"Taxes";"DE";"Non-ETS CO2";"Tractor-Trailer";"BAU";"EUR/tCO2";2030;"160";"Current policies";"Diesel"
"OPEX";"Taxes";"DE";"Non-ETS CO2";"Rigid";"PROG";"EUR/tCO2";2030;"160";"Current policies";"Diesel"
"OPEX";"Taxes";"DE";"Non-ETS CO2";"Tractor-Trailer";"PROG";"EUR/tCO2";2030;"160";"Current policies";"Diesel"
"OPEX";"Taxes";"ES";"Non-ETS CO2";"Rigid";"BAU";"EUR/tCO2";2030;"160";"Current policies";"Diesel"
"OPEX";"Taxes";"ES";"Non-ETS CO2";"Tractor-Trailer";"BAU";"EUR/tCO2";2030;"160";"Current policies";"Diesel"
"OPEX";"Taxes";"ES";"Non-ETS CO2";"Rigid";"PROG";"EUR/tCO2";2030;"160";"Current policies";"Diesel"
"OPEX";"Taxes";"ES";"Non-ETS CO2";"Tractor-Trailer";"PROG";"EUR/tCO2";2030;"160";"Current policies";"Diesel"
"OPEX";"Taxes";"FR";"Non-ETS CO2";"Rigid";"BAU";"EUR/tCO2";2030;"160";"Current policies";"Diesel"
"OPEX";"Taxes";"FR";"Non-ETS CO2";"Tractor-Trailer";"BAU";"EUR/tCO2";2030;"160";"Current policies";"Diesel"
"OPEX";"Taxes";"FR";"Non-ETS CO2";"Rigid";"PROG";"EUR/tCO2";2030;"160";"Current policies";"Diesel"
"OPEX";"Taxes";"FR";"Non-ETS CO2";"Tractor-Trailer";"PROG";"EUR/tCO2";2030;"160";"Current policies";"Diesel"
"OPEX";"Taxes";"IT";"Non-ETS CO2";"Rigid";"BAU";"EUR/tCO2";2030;"160";"Current policies";"Diesel"
"OPEX";"Taxes";"IT";"Non-ETS CO2";"Tractor-Trailer";"BAU";"EUR/tCO2";2030;"160";"Current policies";"Diesel"
"OPEX";"Taxes";"IT";"Non-ETS CO2";"Rigid";"PROG";"EUR/tCO2";2030;"160";"Current policies";"Diesel"
"OPEX";"Taxes";"IT";"Non-ETS CO2";"Tractor-Trailer";"PROG";"EUR/tCO2";2030;"160";"Current policies";"Diesel"
"OPEX";"Taxes";"NL";"Non-ETS CO2";"Rigid";"BAU";"EUR/tCO2";2030;"160";"Current policies";"Diesel"
"OPEX";"Taxes";"NL";"Non-ETS CO2";"Tractor-Trailer";"BAU";"EUR/tCO2";2030;"160";"Current policies";"Diesel"
"OPEX";"Taxes";"NL";"Non-ETS CO2";"Rigid";"PROG";"EUR/tCO2";2030;"160";"Current policies";"Diesel"
"OPEX";"Taxes";"NL";"Non-ETS CO2";"Tractor-Trailer";"PROG";"EUR/tCO2";2030;"160";"Current policies";"Diesel"
"OPEX";"Taxes";"PL";"Non-ETS CO2";"Rigid";"BAU";"EUR/tCO2";2030;"160";"Current policies";"Diesel"
"OPEX";"Taxes";"PL";"Non-ETS CO2";"Tractor-Trailer";"BAU";"EUR/tCO2";2030;"160";"Current policies";"Diesel"
"OPEX";"Taxes";"PL";"Non-ETS CO2";"Rigid";"PROG";"EUR/tCO2";2030;"160";"Current policies";"Diesel"
"OPEX";"Taxes";"PL";"Non-ETS CO2";"Tractor-Trailer";"PROG";"EUR/tCO2";2030;"160";"Current policies";"Diesel"
"OPEX";"Taxes";"UK";"Non-ETS CO2";"Rigid";"BAU";"EUR/tCO2";2030;"160";"Current policies";"Diesel"
"OPEX";"Taxes";"UK";"Non-ETS CO2";"Tractor-Trailer";"BAU";"EUR/tCO2";2030;"160";"Current policies";"Diesel"
"OPEX";"Taxes";"UK";"Non-ETS CO2";"Rigid";"PROG";"EUR/tCO2";2030;"160";"Current policies";"Diesel"
"OPEX";"Taxes";"UK";"Non-ETS CO2";"Tractor-Trailer";"PROG";"EUR/tCO2";2030;"160";"Current policies";"Diesel"
"OPEX";"Taxes";"DE";"Non-ETS CO2";"Rigid";"BAU";"EUR/tCO2";2035;"250";"Current policies";"Diesel"
"OPEX";"Taxes";"DE";"Non-ETS CO2";"Tractor-Trailer";"BAU";"EUR/tCO2";2035;"250";"Current policies";"Diesel"
"OPEX";"Taxes";"DE";"Non-ETS CO2";"Rigid";"PROG";"EUR/tCO2";2035;"250";"Current policies";"Diesel"
"OPEX";"Taxes";"DE";"Non-ETS CO2";"Tractor-Trailer";"PROG";"EUR/tCO2";2035;"250";"Current policies";"Diesel"
"OPEX";"Taxes";"ES";"Non-ETS CO2";"Rigid";"BAU";"EUR/tCO2";2035;"250";"Current policies";"Diesel"
"OPEX";"Taxes";"ES";"Non-ETS CO2";"Tractor-Trailer";"BAU";"EUR/tCO2";2035;"250";"Current policies";"Diesel"
"OPEX";"Taxes";"ES";"Non-ETS CO2";"Rigid";"PROG";"EUR/tCO2";2035;"250";"Current policies";"Diesel"
"OPEX";"Taxes";"ES";"Non-ETS CO2";"Tractor-Trailer";"PROG";"EUR/tCO2";2035;"250";"Current policies";"Diesel"
"OPEX";"Taxes";"FR";"Non-ETS CO2";"Rigid";"BAU";"EUR/tCO2";2035;"250";"Current policies";"Diesel"
"OPEX";"Taxes";"FR";"Non-ETS CO2";"Tractor-Trailer";"BAU";"EUR/tCO2";2035;"250";"Current policies";"Diesel"
"OPEX";"Taxes";"FR";"Non-ETS CO2";"Rigid";"PROG";"EUR/tCO2";2035;"250";"Current policies";"Diesel"
"OPEX";"Taxes";"FR";"Non-ETS CO2";"Tractor-Trailer";"PROG";"EUR/tCO2";2035;"250";"Current policies";"Diesel"
"OPEX";"Taxes";"IT";"Non-ETS CO2";"Rigid";"BAU";"EUR/tCO2";2035;"250";"Current policies";"Diesel"
"OPEX";"Taxes";"IT";"Non-ETS CO2";"Tractor-Trailer";"BAU";"EUR/tCO2";2035;"250";"Current policies";"Diesel"
"OPEX";"Taxes";"IT";"Non-ETS CO2";"Rigid";"PROG";"EUR/tCO2";2035;"250";"Current policies";"Diesel"
"OPEX";"Taxes";"IT";"Non-ETS CO2";"Tractor-Trailer";"PROG";"EUR/tCO2";2035;"250";"Current policies";"Diesel"
"OPEX";"Taxes";"NL";"Non-ETS CO2";"Rigid";"BAU";"EUR/tCO2";2035;"250";"Current policies";"Diesel"
"OPEX";"Taxes";"NL";"Non-ETS CO2";"Tractor-Trailer";"BAU";"EUR/tCO2";2035;"250";"Current policies";"Diesel"
"OPEX";"Taxes";"NL";"Non-ETS CO2";"Rigid";"PROG";"EUR/tCO2";2035;"250";"Current policies";"Diesel"
"OPEX";"Taxes";"NL";"Non-ETS CO2";"Tractor-Trailer";"PROG";"EUR/tCO2";2035;"250";"Current policies";"Diesel"
"OPEX";"Taxes";"PL";"Non-ETS CO2";"Rigid";"BAU";"EUR/tCO2";2035;"250";"Current policies";"Diesel"
"OPEX";"Taxes";"PL";"Non-ETS CO2";"Tractor-Trailer";"BAU";"EUR/tCO2";2035;"250";"Current policies";"Diesel"
"OPEX";"Taxes";"PL";"Non-ETS CO2";"Rigid";"PROG";"EUR/tCO2";2035;"250";"Current policies";"Diesel"
"OPEX";"Taxes";"PL";"Non-ETS CO2";"Tractor-Trailer";"PROG";"EUR/tCO2";2035;"250";"Current policies";"Diesel"
"OPEX";"Taxes";"UK";"Non-ETS CO2";"Rigid";"BAU";"EUR/tCO2";2035;"250";"Current policies";"Diesel"
"OPEX";"Taxes";"UK";"Non-ETS CO2";"Tractor-Trailer";"BAU";"EUR/tCO2";2035;"250";"Current policies";"Diesel"
"OPEX";"Taxes";"UK";"Non-ETS CO2";"Rigid";"PROG";"EUR/tCO2";2035;"250";"Current policies";"Diesel"
"OPEX";"Taxes";"UK";"Non-ETS CO2";"Tractor-Trailer";"PROG";"EUR/tCO2";2035;"250";"Current policies";"Diesel"
"OPEX";"Taxes";"DE";"Non-ETS CO2";"Rigid";"BAU";"EUR/tCO2";2040;"350";"Current policies";"Diesel"
"OPEX";"Taxes";"DE";"Non-ETS CO2";"Tractor-Trailer";"BAU";"EUR/tCO2";2040;"350";"Current policies";"Diesel"
"OPEX";"Taxes";"DE";"Non-ETS CO2";"Rigid";"PROG";"EUR/tCO2";2040;"350";"Current policies";"Diesel"
"OPEX";"Taxes";"DE";"Non-ETS CO2";"Tractor-Trailer";"PROG";"EUR/tCO2";2040;"350";"Current policies";"Diesel"
"OPEX";"Taxes";"ES";"Non-ETS CO2";"Rigid";"BAU";"EUR/tCO2";2040;"350";"Current policies";"Diesel"
"OPEX";"Taxes";"ES";"Non-ETS CO2";"Tractor-Trailer";"BAU";"EUR/tCO2";2040;"350";"Current policies";"Diesel"
"OPEX";"Taxes";"ES";"Non-ETS CO2";"Rigid";"PROG";"EUR/tCO2";2040;"350";"Current policies";"Diesel"
"OPEX";"Taxes";"ES";"Non-ETS CO2";"Tractor-Trailer";"PROG";"EUR/tCO2";2040;"350";"Current policies";"Diesel"
"OPEX";"Taxes";"FR";"Non-ETS CO2";"Rigid";"BAU";"EUR/tCO2";2040;"350";"Current policies";"Diesel"
"OPEX";"Taxes";"FR";"Non-ETS CO2";"Tractor-Trailer";"BAU";"EUR/tCO2";2040;"350";"Current policies";"Diesel"
"OPEX";"Taxes";"FR";"Non-ETS CO2";"Rigid";"PROG";"EUR/tCO2";2040;"350";"Current policies";"Diesel"
"OPEX";"Taxes";"FR";"Non-ETS CO2";"Tractor-Trailer";"PROG";"EUR/tCO2";2040;"350";"Current policies";"Diesel"
"OPEX";"Taxes";"IT";"Non-ETS CO2";"Rigid";"BAU";"EUR/tCO2";2040;"350";"Current policies";"Diesel"
"OPEX";"Taxes";"IT";"Non-ETS CO2";"Tractor-Trailer";"BAU";"EUR/tCO2";2040;"350";"Current policies";"Diesel"
"OPEX";"Taxes";"IT";"Non-ETS CO2";"Rigid";"PROG";"EUR/tCO2";2040;"350";"Current policies";"Diesel"
"OPEX";"Taxes";"IT";"Non-ETS CO2";"Tractor-Trailer";"PROG";"EUR/tCO2";2040;"350";"Current policies";"Diesel"
"OPEX";"Taxes";"NL";"Non-ETS CO2";"Rigid";"BAU";"EUR/tCO2";2040;"350";"Current policies";"Diesel"
"OPEX";"Taxes";"NL";"Non-ETS CO2";"Tractor-Trailer";"BAU";"EUR/tCO2";2040;"350";"Current policies";"Diesel"
"OPEX";"Taxes";"NL";"Non-ETS CO2";"Rigid";"PROG";"EUR/tCO2";2040;"350";"Current policies";"Diesel"
"OPEX";"Taxes";"NL";"Non-ETS CO2";"Tractor-Trailer";"PROG";"EUR/tCO2";2040;"350";"Current policies";"Diesel"
"OPEX";"Taxes";"PL";"Non-ETS CO2";"Rigid";"BAU";"EUR/tCO2";2040;"350";"Current policies";"Diesel"
"OPEX";"Taxes";"PL";"Non-ETS CO2";"Tractor-Trailer";"BAU";"EUR/tCO2";2040;"350";"Current policies";"Diesel"
"OPEX";"Taxes";"PL";"Non-ETS CO2";"Rigid";"PROG";"EUR/tCO2";2040;"350";"Current policies";"Diesel"
"OPEX";"Taxes";"PL";"Non-ETS CO2";"Tractor-Trailer";"PROG";"EUR/tCO2";2040;"350";"Current policies";"Diesel"
"OPEX";"Taxes";"UK";"Non-ETS CO2";"Rigid";"BAU";"EUR/tCO2";2040;"350";"Current policies";"Diesel"
"OPEX";"Taxes";"UK";"Non-ETS CO2";"Tractor-Trailer";"BAU";"EUR/tCO2";2040;"350";"Current policies";"Diesel"
"OPEX";"Taxes";"UK";"Non-ETS CO2";"Rigid";"PROG";"EUR/tCO2";2040;"350";"Current policies";"Diesel"
"OPEX";"Taxes";"UK";"Non-ETS CO2";"Tractor-Trailer";"PROG";"EUR/tCO2";2040;"350";"Current policies";"Diesel"
"OPEX";"Taxes";"DE";"Non-ETS CO2";"Rigid";"BAU";"EUR/tCO2";2045;"450";"Current policies";"Diesel"
"OPEX";"Taxes";"DE";"Non-ETS CO2";"Tractor-Trailer";"BAU";"EUR/tCO2";2045;"450";"Current policies";"Diesel"
"OPEX";"Taxes";"DE";"Non-ETS CO2";"Rigid";"PROG";"EUR/tCO2";2045;"450";"Current policies";"Diesel"
"OPEX";"Taxes";"DE";"Non-ETS CO2";"Tractor-Trailer";"PROG";"EUR/tCO2";2045;"450";"Current policies";"Diesel"
"OPEX";"Taxes";"ES";"Non-ETS CO2";"Rigid";"BAU";"EUR/tCO2";2045;"450";"Current policies";"Diesel"
"OPEX";"Taxes";"ES";"Non-ETS CO2";"Tractor-Trailer";"BAU";"EUR/tCO2";2045;"450";"Current policies";"Diesel"
"OPEX";"Taxes";"ES";"Non-ETS CO2";"Rigid";"PROG";"EUR/tCO2";2045;"450";"Current policies";"Diesel"
"OPEX";"Taxes";"ES";"Non-ETS CO2";"Tractor-Trailer";"PROG";"EUR/tCO2";2045;"450";"Current policies";"Diesel"
"OPEX";"Taxes";"FR";"Non-ETS CO2";"Rigid";"BAU";"EUR/tCO2";2045;"450";"Current policies";"Diesel"
"OPEX";"Taxes";"FR";"Non-ETS CO2";"Tractor-Trailer";"BAU";"EUR/tCO2";2045;"450";"Current policies";"Diesel"
"OPEX";"Taxes";"FR";"Non-ETS CO2";"Rigid";"PROG";"EUR/tCO2";2045;"450";"Current policies";"Diesel"
"OPEX";"Taxes";"FR";"Non-ETS CO2";"Tractor-Trailer";"PROG";"EUR/tCO2";2045;"450";"Current policies";"Diesel"
"OPEX";"Taxes";"IT";"Non-ETS CO2";"Rigid";"BAU";"EUR/tCO2";2045;"450";"Current policies";"Diesel"
"OPEX";"Taxes";"IT";"Non-ETS CO2";"Tractor-Trailer";"BAU";"EUR/tCO2";2045;"450";"Current policies";"Diesel"
"OPEX";"Taxes";"IT";"Non-ETS CO2";"Rigid";"PROG";"EUR/tCO2";2045;"450";"Current policies";"Diesel"
"OPEX";"Taxes";"IT";"Non-ETS CO2";"Tractor-Trailer";"PROG";"EUR/tCO2";2045;"450";"Current policies";"Diesel"
"OPEX";"Taxes";"NL";"Non-ETS CO2";"Rigid";"BAU";"EUR/tCO2";2045;"450";"Current policies";"Diesel"
"OPEX";"Taxes";"NL";"Non-ETS CO2";"Tractor-Trailer";"BAU";"EUR/tCO2";2045;"450";"Current policies";"Diesel"
"OPEX";"Taxes";"NL";"Non-ETS CO2";"Rigid";"PROG";"EUR/tCO2";2045;"450";"Current policies";"Diesel"
"OPEX";"Taxes";"NL";"Non-ETS CO2";"Tractor-Trailer";"PROG";"EUR/tCO2";2045;"450";"Current policies";"Diesel"
"OPEX";"Taxes";"PL";"Non-ETS CO2";"Rigid";"BAU";"EUR/tCO2";2045;"450";"Current policies";"Diesel"
"OPEX";"Taxes";"PL";"Non-ETS CO2";"Tractor-Trailer";"BAU";"EUR/tCO2";2045;"450";"Current policies";"Diesel"
"OPEX";"Taxes";"PL";"Non-ETS CO2";"Rigid";"PROG";"EUR/tCO2";2045;"450";"Current policies";"Diesel"
"OPEX";"Taxes";"PL";"Non-ETS CO2";"Tractor-Trailer";"PROG";"EUR/tCO2";2045;"450";"Current policies";"Diesel"
"OPEX";"Taxes";"UK";"Non-ETS CO2";"Rigid";"BAU";"EUR/tCO2";2045;"450";"Current policies";"Diesel"
"OPEX";"Taxes";"UK";"Non-ETS CO2";"Tractor-Trailer";"BAU";"EUR/tCO2";2045;"450";"Current policies";"Diesel"
"OPEX";"Taxes";"UK";"Non-ETS CO2";"Rigid";"PROG";"EUR/tCO2";2045;"450";"Current policies";"Diesel"
"OPEX";"Taxes";"UK";"Non-ETS CO2";"Tractor-Trailer";"PROG";"EUR/tCO2";2045;"450";"Current policies";"Diesel"
"OPEX";"Taxes";"DE";"Non-ETS CO2";"Rigid";"BAU";"EUR/tCO2";2050;"480";"Current policies";"Diesel"
"OPEX";"Taxes";"DE";"Non-ETS CO2";"Tractor-Trailer";"BAU";"EUR/tCO2";2050;"480";"Current policies";"Diesel"
"OPEX";"Taxes";"DE";"Non-ETS CO2";"Rigid";"PROG";"EUR/tCO2";2050;"480";"Current policies";"Diesel"
"OPEX";"Taxes";"DE";"Non-ETS CO2";"Tractor-Trailer";"PROG";"EUR/tCO2";2050;"480";"Current policies";"Diesel"
"OPEX";"Taxes";"ES";"Non-ETS CO2";"Rigid";"BAU";"EUR/tCO2";2050;"480";"Current policies";"Diesel"
"OPEX";"Taxes";"ES";"Non-ETS CO2";"Tractor-Trailer";"BAU";"EUR/tCO2";2050;"480";"Current policies";"Diesel"
"OPEX";"Taxes";"ES";"Non-ETS CO2";"Rigid";"PROG";"EUR/tCO2";2050;"480";"Current policies";"Diesel"
"OPEX";"Taxes";"ES";"Non-ETS CO2";"Tractor-Trailer";"PROG";"EUR/tCO2";2050;"480";"Current policies";"Diesel"
"OPEX";"Taxes";"FR";"Non-ETS CO2";"Rigid";"BAU";"EUR/tCO2";2050;"480";"Current policies";"Diesel"
"OPEX";"Taxes";"FR";"Non-ETS CO2";"Tractor-Trailer";"BAU";"EUR/tCO2";2050;"480";"Current policies";"Diesel"
"OPEX";"Taxes";"FR";"Non-ETS CO2";"Rigid";"PROG";"EUR/tCO2";2050;"480";"Current policies";"Diesel"
"OPEX";"Taxes";"FR";"Non-ETS CO2";"Tractor-Trailer";"PROG";"EUR/tCO2";2050;"480";"Current policies";"Diesel"
"OPEX";"Taxes";"IT";"Non-ETS CO2";"Rigid";"BAU";"EUR/tCO2";2050;"480";"Current policies";"Diesel"
"OPEX";"Taxes";"IT";"Non-ETS CO2";"Tractor-Trailer";"BAU";"EUR/tCO2";2050;"480";"Current policies";"Diesel"
"OPEX";"Taxes";"IT";"Non-ETS CO2";"Rigid";"PROG";"EUR/tCO2";2050;"480";"Current policies";"Diesel"
"OPEX";"Taxes";"IT";"Non-ETS CO2";"Tractor-Trailer";"PROG";"EUR/tCO2";2050;"480";"Current policies";"Diesel"
"OPEX";"Taxes";"NL";"Non-ETS CO2";"Rigid";"BAU";"EUR/tCO2";2050;"480";"Current policies";"Diesel"
"OPEX";"Taxes";"NL";"Non-ETS CO2";"Tractor-Trailer";"BAU";"EUR/tCO2";2050;"480";"Current policies";"Diesel"
"OPEX";"Taxes";"NL";"Non-ETS CO2";"Rigid";"PROG";"EUR/tCO2";2050;"480";"Current policies";"Diesel"
"OPEX";"Taxes";"NL";"Non-ETS CO2";"Tractor-Trailer";"PROG";"EUR/tCO2";2050;"480";"Current policies";"Diesel"
"OPEX";"Taxes";"PL";"Non-ETS CO2";"Rigid";"BAU";"EUR/tCO2";2050;"480";"Current policies";"Diesel"
"OPEX";"Taxes";"PL";"Non-ETS CO2";"Tractor-Trailer";"BAU";"EUR/tCO2";2050;"480";"Current policies";"Diesel"
"OPEX";"Taxes";"PL";"Non-ETS CO2";"Rigid";"PROG";"EUR/tCO2";2050;"480";"Current policies";"Diesel"
"OPEX";"Taxes";"PL";"Non-ETS CO2";"Tractor-Trailer";"PROG";"EUR/tCO2";2050;"480";"Current policies";"Diesel"
"OPEX";"Taxes";"UK";"Non-ETS CO2";"Rigid";"BAU";"EUR/tCO2";2050;"480";"Current policies";"Diesel"
"OPEX";"Taxes";"UK";"Non-ETS CO2";"Tractor-Trailer";"BAU";"EUR/tCO2";2050;"480";"Current policies";"Diesel"
"OPEX";"Taxes";"UK";"Non-ETS CO2";"Rigid";"PROG";"EUR/tCO2";2050;"480";"Current policies";"Diesel"
"OPEX";"Taxes";"UK";"Non-ETS CO2";"Tractor-Trailer";"PROG";"EUR/tCO2";2050;"480";"Current policies";"Diesel"
"OPEX";"Taxes";"DE";"Network Costs - MCS";"Rigid";"PROG";"EUR/kWh";2030;"0.038";"Removed policies";"Electricity"
"OPEX";"Taxes";"DE";"Network Costs - MCS";"Tractor-Trailer";"PROG";"EUR/kWh";2030;"0.038";"Removed policies";"Electricity"
"OPEX";"Taxes";"ES";"Network Costs - MCS";"Rigid";"PROG";"EUR/kWh";2030;"0.018";"Removed policies";"Electricity"
"OPEX";"Taxes";"ES";"Network Costs - MCS";"Tractor-Trailer";"PROG";"EUR/kWh";2030;"0.018";"Removed policies";"Electricity"
"OPEX";"Taxes";"FR";"Network Costs - MCS";"Rigid";"PROG";"EUR/kWh";2030;"0.018";"Removed policies";"Electricity"
"OPEX";"Taxes";"FR";"Network Costs - MCS";"Tractor-Trailer";"PROG";"EUR/kWh";2030;"0.018";"Removed policies";"Electricity"
"OPEX";"Taxes";"IT";"Network Costs - MCS";"Rigid";"PROG";"EUR/kWh";2030;"0.016";"Removed policies";"Electricity"
"OPEX";"Taxes";"IT";"Network Costs - MCS";"Tractor-Trailer";"PROG";"EUR/kWh";2030;"0.016";"Removed policies";"Electricity"
"OPEX";"Taxes";"NL";"Network Costs - MCS";"Rigid";"PROG";"EUR/kWh";2030;"0.016";"Removed policies";"Electricity"
"OPEX";"Taxes";"NL";"Network Costs - MCS";"Tractor-Trailer";"PROG";"EUR/kWh";2030;"0.016";"Removed policies";"Electricity"
"OPEX";"Taxes";"PL";"Network Costs - MCS";"Rigid";"PROG";"EUR/kWh";2030;"0.019";"Removed policies";"Electricity"
"OPEX";"Taxes";"PL";"Network Costs - MCS";"Tractor-Trailer";"PROG";"EUR/kWh";2030;"0.019";"Removed policies";"Electricity"
"OPEX";"Taxes";"UK";"Network Costs - MCS";"Rigid";"PROG";"EUR/kWh";2030;"0.027";"Removed policies";"Electricity"
"OPEX";"Taxes";"UK";"Network Costs - MCS";"Tractor-Trailer";"PROG";"EUR/kWh";2030;"0.027";"Removed policies";"Electricity"
"OPEX";"Taxes";"DE";"Taxes, Fees, Levies and charges - MCS";"Rigid";"PROG";"EUR/kWh";2030;"0.073";"Removed policies";"Electricity"
"OPEX";"Taxes";"DE";"Taxes, Fees, Levies and charges - MCS";"Tractor-Trailer";"PROG";"EUR/kWh";2030;"0.073";"Removed policies";"Electricity"
"OPEX";"Taxes";"ES";"Taxes, Fees, Levies and charges - MCS";"Rigid";"PROG";"EUR/kWh";2030;"0.036";"Removed policies";"Electricity"
"OPEX";"Taxes";"ES";"Taxes, Fees, Levies and charges - MCS";"Tractor-Trailer";"PROG";"EUR/kWh";2030;"0.036";"Removed policies";"Electricity"
"OPEX";"Taxes";"FR";"Taxes, Fees, Levies and charges - MCS";"Rigid";"PROG";"EUR/kWh";2030;"0.03";"Removed policies";"Electricity"
"OPEX";"Taxes";"FR";"Taxes, Fees, Levies and charges - MCS";"Tractor-Trailer";"PROG";"EUR/kWh";2030;"0.03";"Removed policies";"Electricity"
"OPEX";"Taxes";"IT";"Taxes, Fees, Levies and charges - MCS";"Rigid";"PROG";"EUR/kWh";2030;"0.063";"Removed policies";"Electricity"
"OPEX";"Taxes";"IT";"Taxes, Fees, Levies and charges - MCS";"Tractor-Trailer";"PROG";"EUR/kWh";2030;"0.063";"Removed policies";"Electricity"
"OPEX";"Taxes";"NL";"Taxes, Fees, Levies and charges - MCS";"Rigid";"PROG";"EUR/kWh";2030;"0.055";"Removed policies";"Electricity"
"OPEX";"Taxes";"NL";"Taxes, Fees, Levies and charges - MCS";"Tractor-Trailer";"PROG";"EUR/kWh";2030;"0.055";"Removed policies";"Electricity"
"OPEX";"Taxes";"PL";"Taxes, Fees, Levies and charges - MCS";"Rigid";"PROG";"EUR/kWh";2030;"0.049";"Removed policies";"Electricity"
"OPEX";"Taxes";"PL";"Taxes, Fees, Levies and charges - MCS";"Tractor-Trailer";"PROG";"EUR/kWh";2030;"0.049";"Removed policies";"Electricity"
"OPEX";"Taxes";"UK";"Taxes, Fees, Levies and charges - MCS";"Rigid";"PROG";"EUR/kWh";2030;"0.077";"Removed policies";"Electricity"
"OPEX";"Taxes";"UK";"Taxes, Fees, Levies and charges - MCS";"Tractor-Trailer";"PROG";"EUR/kWh";2030;"0.077";"Removed policies";"Electricity"
"OPEX";"Taxes";"DE";"Network Costs - Depot";"Rigid";"PROG";"EUR/kWh";2030;"0.044";"Removed policies";"Electricity"
"OPEX";"Taxes";"DE";"Network Costs - Depot";"Tractor-Trailer";"PROG";"EUR/kWh";2030;"0.044";"Removed policies";"Electricity"
"OPEX";"Taxes";"ES";"Network Costs - Depot";"Rigid";"PROG";"EUR/kWh";2030;"0.031";"Removed policies";"Electricity"
"OPEX";"Taxes";"ES";"Network Costs - Depot";"Tractor-Trailer";"PROG";"EUR/kWh";2030;"0.031";"Removed policies";"Electricity"
"OPEX";"Taxes";"FR";"Network Costs - Depot";"Rigid";"PROG";"EUR/kWh";2030;"0.024";"Removed policies";"Electricity"
"OPEX";"Taxes";"FR";"Network Costs - Depot";"Tractor-Trailer";"PROG";"EUR/kWh";2030;"0.024";"Removed policies";"Electricity"
"OPEX";"Taxes";"IT";"Network Costs - Depot";"Rigid";"PROG";"EUR/kWh";2030;"0.018";"Removed policies";"Electricity"
"OPEX";"Taxes";"IT";"Network Costs - Depot";"Tractor-Trailer";"PROG";"EUR/kWh";2030;"0.018";"Removed policies";"Electricity"
"OPEX";"Taxes";"NL";"Network Costs - Depot";"Rigid";"PROG";"EUR/kWh";2030;"0.019";"Removed policies";"Electricity"
"OPEX";"Taxes";"NL";"Network Costs - Depot";"Tractor-Trailer";"PROG";"EUR/kWh";2030;"0.019";"Removed policies";"Electricity"
"OPEX";"Taxes";"PL";"Network Costs - Depot";"Rigid";"PROG";"EUR/kWh";2030;"0.026";"Removed policies";"Electricity"
"OPEX";"Taxes";"PL";"Network Costs - Depot";"Tractor-Trailer";"PROG";"EUR/kWh";2030;"0.026";"Removed policies";"Electricity"
"OPEX";"Taxes";"UK";"Network Costs - Depot";"Rigid";"PROG";"EUR/kWh";2030;"0.029";"Removed policies";"Electricity"
"OPEX";"Taxes";"UK";"Network Costs - Depot";"Tractor-Trailer";"PROG";"EUR/kWh";2030;"0.029";"Removed policies";"Electricity"
"OPEX";"Taxes";"DE";"Taxes, Fees, Levies and charges - Depot";"Rigid";"PROG";"EUR/kWh";2030;"0.062";"Removed policies";"Electricity"
"OPEX";"Taxes";"DE";"Taxes, Fees, Levies and charges - Depot";"Tractor-Trailer";"PROG";"EUR/kWh";2030;"0.062";"Removed policies";"Electricity"
"OPEX";"Taxes";"ES";"Taxes, Fees, Levies and charges - Depot";"Rigid";"PROG";"EUR/kWh";2030;"0.054";"Removed policies";"Electricity"
"OPEX";"Taxes";"ES";"Taxes, Fees, Levies and charges - Depot";"Tractor-Trailer";"PROG";"EUR/kWh";2030;"0.054";"Removed policies";"Electricity"
"OPEX";"Taxes";"FR";"Taxes, Fees, Levies and charges - Depot";"Rigid";"PROG";"EUR/kWh";2030;"0.04";"Removed policies";"Electricity"
"OPEX";"Taxes";"FR";"Taxes, Fees, Levies and charges - Depot";"Tractor-Trailer";"PROG";"EUR/kWh";2030;"0.04";"Removed policies";"Electricity"
"OPEX";"Taxes";"IT";"Taxes, Fees, Levies and charges - Depot";"Rigid";"PROG";"EUR/kWh";2030;"0.088";"Removed policies";"Electricity"
"OPEX";"Taxes";"IT";"Taxes, Fees, Levies and charges - Depot";"Tractor-Trailer";"PROG";"EUR/kWh";2030;"0.088";"Removed policies";"Electricity"
"OPEX";"Taxes";"NL";"Taxes, Fees, Levies and charges - Depot";"Rigid";"PROG";"EUR/kWh";2030;"0.058";"Removed policies";"Electricity"
"OPEX";"Taxes";"NL";"Taxes, Fees, Levies and charges - Depot";"Tractor-Trailer";"PROG";"EUR/kWh";2030;"0.058";"Removed policies";"Electricity"
"OPEX";"Taxes";"PL";"Taxes, Fees, Levies and charges - Depot";"Rigid";"PROG";"EUR/kWh";2030;"0.053";"Removed policies";"Electricity"
"OPEX";"Taxes";"PL";"Taxes, Fees, Levies and charges - Depot";"Tractor-Trailer";"PROG";"EUR/kWh";2030;"0.053";"Removed policies";"Electricity"
"OPEX";"Taxes";"UK";"Taxes, Fees, Levies and charges - Depot";"Rigid";"PROG";"EUR/kWh";2030;"0.086";"Removed policies";"Electricity"
"OPEX";"Taxes";"UK";"Taxes, Fees, Levies and charges - Depot";"Tractor-Trailer";"PROG";"EUR/kWh";2030;"0.086";"Removed policies";"Electricity"
"OPEX";"H2 Infrastructure";"DE";"HRS costs";"Rigid";"PROG";"EUR/kg H2";2030;"1.1";"Removed policies";"Hydrogen"
"OPEX";"H2 Infrastructure";"DE";"HRS costs";"Tractor-Trailer";"PROG";"EUR/kg H2";2030;"1.1";"Removed policies";"Hydrogen"
"OPEX";"H2 Infrastructure";"ES";"HRS costs";"Rigid";"PROG";"EUR/kg H2";2030;"1.1";"Removed policies";"Hydrogen"
"OPEX";"H2 Infrastructure";"ES";"HRS costs";"Tractor-Trailer";"PROG";"EUR/kg H2";2030;"1.1";"Removed policies";"Hydrogen"
"OPEX";"H2 Infrastructure";"FR";"HRS costs";"Rigid";"PROG";"EUR/kg H2";2030;"1.1";"Removed policies";"Hydrogen"
"OPEX";"H2 Infrastructure";"FR";"HRS costs";"Tractor-Trailer";"PROG";"EUR/kg H2";2030;"1.1";"Removed policies";"Hydrogen"
"OPEX";"H2 Infrastructure";"IT";"HRS costs";"Rigid";"PROG";"EUR/kg H2";2030;"1.1";"Removed policies";"Hydrogen"
"OPEX";"H2 Infrastructure";"IT";"HRS costs";"Tractor-Trailer";"PROG";"EUR/kg H2";2030;"1.1";"Removed policies";"Hydrogen"
"OPEX";"H2 Infrastructure";"NL";"HRS costs";"Rigid";"PROG";"EUR/kg H2";2030;"1.1";"Removed policies";"Hydrogen"
"OPEX";"H2 Infrastructure";"NL";"HRS costs";"Tractor-Trailer";"PROG";"EUR/kg H2";2030;"1.1";"Removed policies";"Hydrogen"
"OPEX";"H2 Infrastructure";"PL";"HRS costs";"Rigid";"PROG";"EUR/kg H2";2030;"1.1";"Removed policies";"Hydrogen"
"OPEX";"H2 Infrastructure";"PL";"HRS costs";"Tractor-Trailer";"PROG";"EUR/kg H2";2030;"1.1";"Removed policies";"Hydrogen"
"OPEX";"H2 Infrastructure";"UK";"HRS costs";"Rigid";"PROG";"EUR/kg H2";2030;"1.1";"Removed policies";"Hydrogen"
"OPEX";"H2 Infrastructure";"UK";"HRS costs";"Tractor-Trailer";"PROG";"EUR/kg H2";2030;"1.1";"Removed policies";"Hydrogen"
"OPEX";"H2 Infrastructure";"DE";"H2 transport and distribution";"Rigid";"PROG";"EUR/kg H2";2030;"1";"Removed policies";"Hydrogen"
"OPEX";"H2 Infrastructure";"DE";"H2 transport and distribution";"Tractor-Trailer";"PROG";"EUR/kg H2";2030;"1";"Removed policies";"Hydrogen"
"OPEX";"H2 Infrastructure";"ES";"H2 transport and distribution";"Rigid";"PROG";"EUR/kg H2";2030;"1";"Removed policies";"Hydrogen"
"OPEX";"H2 Infrastructure";"ES";"H2 transport and distribution";"Tractor-Trailer";"PROG";"EUR/kg H2";2030;"1";"Removed policies";"Hydrogen"
"OPEX";"H2 Infrastructure";"FR";"H2 transport and distribution";"Rigid";"PROG";"EUR/kg H2";2030;"1";"Removed policies";"Hydrogen"
"OPEX";"H2 Infrastructure";"FR";"H2 transport and distribution";"Tractor-Trailer";"PROG";"EUR/kg H2";2030;"1";"Removed policies";"Hydrogen"
"OPEX";"H2 Infrastructure";"IT";"H2 transport and distribution";"Rigid";"PROG";"EUR/kg H2";2030;"1";"Removed policies";"Hydrogen"
"OPEX";"H2 Infrastructure";"IT";"H2 transport and distribution";"Tractor-Trailer";"PROG";"EUR/kg H2";2030;"1";"Removed policies";"Hydrogen"
"OPEX";"H2 Infrastructure";"NL";"H2 transport and distribution";"Rigid";"PROG";"EUR/kg H2";2030;"1";"Removed policies";"Hydrogen"
"OPEX";"H2 Infrastructure";"NL";"H2 transport and distribution";"Tractor-Trailer";"PROG";"EUR/kg H2";2030;"1";"Removed policies";"Hydrogen"
"OPEX";"H2 Infrastructure";"PL";"H2 transport and distribution";"Rigid";"PROG";"EUR/kg H2";2030;"1";"Removed policies";"Hydrogen"
"OPEX";"H2 Infrastructure";"PL";"H2 transport and distribution";"Tractor-Trailer";"PROG";"EUR/kg H2";2030;"1";"Removed policies";"Hydrogen"
"OPEX";"H2 Infrastructure";"UK";"H2 transport and distribution";"Rigid";"PROG";"EUR/kg H2";2030;"1";"Removed policies";"Hydrogen"
"OPEX";"H2 Infrastructure";"UK";"H2 transport and distribution";"Tractor-Trailer";"PROG";"EUR/kg H2";2030;"1";"Removed policies";"Hydrogen"
"OPEX";"H2 Infrastructure";"DE";"HRS Overhead, Profit and Mark-Up";"Rigid";"PROG";"EUR/kg H2";2030;"0.25";"Removed policies";"Hydrogen"
"OPEX";"H2 Infrastructure";"DE";"HRS Overhead, Profit and Mark-Up";"Tractor-Trailer";"PROG";"EUR/kg H2";2030;"0.25";"Removed policies";"Hydrogen"
"OPEX";"H2 Infrastructure";"ES";"HRS Overhead, Profit and Mark-Up";"Rigid";"PROG";"EUR/kg H2";2030;"0.25";"Removed policies";"Hydrogen"
"OPEX";"H2 Infrastructure";"ES";"HRS Overhead, Profit and Mark-Up";"Tractor-Trailer";"PROG";"EUR/kg H2";2030;"0.25";"Removed policies";"Hydrogen"
"OPEX";"H2 Infrastructure";"FR";"HRS Overhead, Profit and Mark-Up";"Rigid";"PROG";"EUR/kg H2";2030;"0.25";"Removed policies";"Hydrogen"
"OPEX";"H2 Infrastructure";"FR";"HRS Overhead, Profit and Mark-Up";"Tractor-Trailer";"PROG";"EUR/kg H2";2030;"0.25";"Removed policies";"Hydrogen"
"OPEX";"H2 Infrastructure";"IT";"HRS Overhead, Profit and Mark-Up";"Rigid";"PROG";"EUR/kg H2";2030;"0.25";"Removed policies";"Hydrogen"
"OPEX";"H2 Infrastructure";"IT";"HRS Overhead, Profit and Mark-Up";"Tractor-Trailer";"PROG";"EUR/kg H2";2030;"0.25";"Removed policies";"Hydrogen"
"OPEX";"H2 Infrastructure";"NL";"HRS Overhead, Profit and Mark-Up";"Rigid";"PROG";"EUR/kg H2";2030;"0.25";"Removed policies";"Hydrogen"
"OPEX";"H2 Infrastructure";"NL";"HRS Overhead, Profit and Mark-Up";"Tractor-Trailer";"PROG";"EUR/kg H2";2030;"0.25";"Removed policies";"Hydrogen"
"OPEX";"H2 Infrastructure";"PL";"HRS Overhead, Profit and Mark-Up";"Rigid";"PROG";"EUR/kg H2";2030;"0.25";"Removed policies";"Hydrogen"
"OPEX";"H2 Infrastructure";"PL";"HRS Overhead, Profit and Mark-Up";"Tractor-Trailer";"PROG";"EUR/kg H2";2030;"0.25";"Removed policies";"Hydrogen"
"OPEX";"H2 Infrastructure";"UK";"HRS Overhead, Profit and Mark-Up";"Rigid";"PROG";"EUR/kg H2";2030;"0.25";"Removed policies";"Hydrogen"
"OPEX";"H2 Infrastructure";"UK";"HRS Overhead, Profit and Mark-Up";"Tractor-Trailer";"PROG";"EUR/kg H2";2030;"0.25";"Removed policies";"Hydrogen"
"OPEX";"Charging Infrastructure";"DE";"MCS Station (Public Charging) - Incl. Overhead";"Rigid";"PROG";"EUR/kWh";2030;"0.053";"Removed policies";"Electricity"
"OPEX";"Charging Infrastructure";"DE";"MCS Station (Public Charging) - Incl. Overhead";"Tractor-Trailer";"PROG";"EUR/kWh";2030;"0.053";"Removed policies";"Electricity"
"OPEX";"Charging Infrastructure";"ES";"MCS Station (Public Charging) - Incl. Overhead";"Rigid";"PROG";"EUR/kWh";2030;"0.053";"Removed policies";"Electricity"
"OPEX";"Charging Infrastructure";"ES";"MCS Station (Public Charging) - Incl. Overhead";"Tractor-Trailer";"PROG";"EUR/kWh";2030;"0.053";"Removed policies";"Electricity"
"OPEX";"Charging Infrastructure";"FR";"MCS Station (Public Charging) - Incl. Overhead";"Rigid";"PROG";"EUR/kWh";2030;"0.053";"Removed policies";"Electricity"
"OPEX";"Charging Infrastructure";"FR";"MCS Station (Public Charging) - Incl. Overhead";"Tractor-Trailer";"PROG";"EUR/kWh";2030;"0.053";"Removed policies";"Electricity"
"OPEX";"Charging Infrastructure";"IT";"MCS Station (Public Charging) - Incl. Overhead";"Rigid";"PROG";"EUR/kWh";2030;"0.053";"Removed policies";"Electricity"
"OPEX";"Charging Infrastructure";"IT";"MCS Station (Public Charging) - Incl. Overhead";"Tractor-Trailer";"PROG";"EUR/kWh";2030;"0.053";"Removed policies";"Electricity"
"OPEX";"Charging Infrastructure";"NL";"MCS Station (Public Charging) - Incl. Overhead";"Rigid";"PROG";"EUR/kWh";2030;"0.053";"Removed policies";"Electricity"
"OPEX";"Charging Infrastructure";"NL";"MCS Station (Public Charging) - Incl. Overhead";"Tractor-Trailer";"PROG";"EUR/kWh";2030;"0.053";"Removed policies";"Electricity"
"OPEX";"Charging Infrastructure";"PL";"MCS Station (Public Charging) - Incl. Overhead";"Rigid";"PROG";"EUR/kWh";2030;"0.053";"Removed policies";"Electricity"
"OPEX";"Charging Infrastructure";"PL";"MCS Station (Public Charging) - Incl. Overhead";"Tractor-Trailer";"PROG";"EUR/kWh";2030;"0.053";"Removed policies";"Electricity"
"OPEX";"Charging Infrastructure";"UK";"MCS Station (Public Charging) - Incl. Overhead";"Rigid";"PROG";"EUR/kWh";2030;"0.053";"Removed policies";"Electricity"
"OPEX";"Charging Infrastructure";"UK";"MCS Station (Public Charging) - Incl. Overhead";"Tractor-Trailer";"PROG";"EUR/kWh";2030;"0.053";"Removed policies";"Electricity"
"OPEX";"Charging Infrastructure";"DE";"Share MCS-Charging";"Rigid";"PROG";"%";2030;"0.2";"Removed policies";"Electricity"
"OPEX";"Charging Infrastructure";"DE";"Share MCS-Charging";"Tractor-Trailer";"PROG";"%";2030;"0.2";"Removed policies";"Electricity"
"OPEX";"Charging Infrastructure";"ES";"Share MCS-Charging";"Rigid";"PROG";"%";2030;"0.2";"Removed policies";"Electricity"
"OPEX";"Charging Infrastructure";"ES";"Share MCS-Charging";"Tractor-Trailer";"PROG";"%";2030;"0.2";"Removed policies";"Electricity"
"OPEX";"Charging Infrastructure";"FR";"Share MCS-Charging";"Rigid";"PROG";"%";2030;"0.2";"Removed policies";"Electricity"
"OPEX";"Charging Infrastructure";"FR";"Share MCS-Charging";"Tractor-Trailer";"PROG";"%";2030;"0.2";"Removed policies";"Electricity"
"OPEX";"Charging Infrastructure";"IT";"Share MCS-Charging";"Rigid";"PROG";"%";2030;"0.2";"Removed policies";"Electricity"
"OPEX";"Charging Infrastructure";"IT";"Share MCS-Charging";"Tractor-Trailer";"PROG";"%";2030;"0.2";"Removed policies";"Electricity"
"OPEX";"Charging Infrastructure";"NL";"Share MCS-Charging";"Rigid";"PROG";"%";2030;"0.2";"Removed policies";"Electricity"
"OPEX";"Charging Infrastructure";"NL";"Share MCS-Charging";"Tractor-Trailer";"PROG";"%";2030;"0.2";"Removed policies";"Electricity"
"OPEX";"Charging Infrastructure";"PL";"Share MCS-Charging";"Rigid";"PROG";"%";2030;"0.2";"Removed policies";"Electricity"
"OPEX";"Charging Infrastructure";"PL";"Share MCS-Charging";"Tractor-Trailer";"PROG";"%";2030;"0.2";"Removed policies";"Electricity"
"OPEX";"Charging Infrastructure";"UK";"Share MCS-Charging";"Rigid";"PROG";"%";2030;"0.2";"Removed policies";"Electricity"
"OPEX";"Charging Infrastructure";"UK";"Share MCS-Charging";"Tractor-Trailer";"PROG";"%";2030;"0.2";"Removed policies";"Electricity"
"OPEX";"Charging Infrastructure";"DE";"Depot - Network fees savings potential";"Rigid";"PROG";"EUR/kWh";2030;"-0.01";"Removed policies";"Electricity"
"OPEX";"Charging Infrastructure";"DE";"Depot - Network fees savings potential";"Tractor-Trailer";"PROG";"EUR/kWh";2030;"-0.01";"Removed policies";"Electricity"
"OPEX";"Charging Infrastructure";"ES";"Depot - Network fees savings potential";"Rigid";"PROG";"EUR/kWh";2030;"-0.01";"Removed policies";"Electricity"
"OPEX";"Charging Infrastructure";"ES";"Depot - Network fees savings potential";"Tractor-Trailer";"PROG";"EUR/kWh";2030;"-0.01";"Removed policies";"Electricity"
"OPEX";"Charging Infrastructure";"FR";"Depot - Network fees savings potential";"Rigid";"PROG";"EUR/kWh";2030;"-0.01";"Removed policies";"Electricity"
"OPEX";"Charging Infrastructure";"FR";"Depot - Network fees savings potential";"Tractor-Trailer";"PROG";"EUR/kWh";2030;"-0.01";"Removed policies";"Electricity"
"OPEX";"Charging Infrastructure";"IT";"Depot - Network fees savings potential";"Rigid";"PROG";"EUR/kWh";2030;"-0.01";"Removed policies";"Electricity"
"OPEX";"Charging Infrastructure";"IT";"Depot - Network fees savings potential";"Tractor-Trailer";"PROG";"EUR/kWh";2030;"-0.01";"Removed policies";"Electricity"
"OPEX";"Charging Infrastructure";"NL";"Depot - Network fees savings potential";"Rigid";"PROG";"EUR/kWh";2030;"-0.01";"Removed policies";"Electricity"
"OPEX";"Charging Infrastructure";"NL";"Depot - Network fees savings potential";"Tractor-Trailer";"PROG";"EUR/kWh";2030;"-0.01";"Removed policies";"Electricity"
"OPEX";"Charging Infrastructure";"PL";"Depot - Network fees savings potential";"Rigid";"PROG";"EUR/kWh";2030;"-0.01";"Removed policies";"Electricity"
"OPEX";"Charging Infrastructure";"PL";"Depot - Network fees savings potential";"Tractor-Trailer";"PROG";"EUR/kWh";2030;"-0.01";"Removed policies";"Electricity"
"OPEX";"Charging Infrastructure";"UK";"Depot - Network fees savings potential";"Rigid";"PROG";"EUR/kWh";2030;"-0.01";"Removed policies";"Electricity"
"OPEX";"Charging Infrastructure";"UK";"Depot - Network fees savings potential";"Tractor-Trailer";"PROG";"EUR/kWh";2030;"-0.01";"Removed policies";"Electricity"
"OPEX";"Taxes";"DE";"Tax reduction";"Rigid";"PROG";"%";2030;"0";"Removed policies";"Hydrogen"
"OPEX";"Taxes";"DE";"Tax reduction";"Tractor-Trailer";"PROG";"%";2030;"0";"Removed policies";"Hydrogen"
"OPEX";"Taxes";"ES";"Tax reduction";"Rigid";"PROG";"%";2030;"0";"Removed policies";"Hydrogen"
"OPEX";"Taxes";"ES";"Tax reduction";"Tractor-Trailer";"PROG";"%";2030;"0";"Removed policies";"Hydrogen"
"OPEX";"Taxes";"FR";"Tax reduction";"Rigid";"PROG";"%";2030;"0";"Removed policies";"Hydrogen"
"OPEX";"Taxes";"FR";"Tax reduction";"Tractor-Trailer";"PROG";"%";2030;"0";"Removed policies";"Hydrogen"
"OPEX";"Taxes";"IT";"Tax reduction";"Rigid";"PROG";"%";2030;"0";"Removed policies";"Hydrogen"
"OPEX";"Taxes";"IT";"Tax reduction";"Tractor-Trailer";"PROG";"%";2030;"0";"Removed policies";"Hydrogen"
"OPEX";"Taxes";"NL";"Tax reduction";"Rigid";"PROG";"%";2030;"0";"Removed policies";"Hydrogen"
"OPEX";"Taxes";"NL";"Tax reduction";"Tractor-Trailer";"PROG";"%";2030;"0";"Removed policies";"Hydrogen"
"OPEX";"Taxes";"PL";"Tax reduction";"Rigid";"PROG";"%";2030;"0";"Removed policies";"Hydrogen"
"OPEX";"Taxes";"PL";"Tax reduction";"Tractor-Trailer";"PROG";"%";2030;"0";"Removed policies";"Hydrogen"
"OPEX";"Taxes";"UK";"Tax reduction";"Rigid";"PROG";"%";2030;"0";"Removed policies";"Hydrogen"
"OPEX";"Taxes";"UK";"Tax reduction";"Tractor-Trailer";"PROG";"%";2030;"0";"Removed policies";"Hydrogen"
"OPEX";"Taxes";"DE";"Excise Duty - Diesel";"Rigid";"BAU";"EUR/kWh";2030;"0.047";"Removed policies";"Diesel"
"OPEX";"Taxes";"DE";"Excise Duty - Diesel";"Tractor-Trailer";"BAU";"EUR/kWh";2030;"0.047";"Removed policies";"Diesel"
"OPEX";"Taxes";"DE";"Excise Duty - Diesel";"Rigid";"PROG";"EUR/kWh";2030;"0.047";"Removed policies";"Diesel"
"OPEX";"Taxes";"DE";"Excise Duty - Diesel";"Tractor-Trailer";"PROG";"EUR/kWh";2030;"0.047";"Removed policies";"Diesel"
"OPEX";"Taxes";"ES";"Excise Duty - Diesel";"Rigid";"BAU";"EUR/kWh";2030;"0.038";"Removed policies";"Diesel"
"OPEX";"Taxes";"ES";"Excise Duty - Diesel";"Tractor-Trailer";"BAU";"EUR/kWh";2030;"0.038";"Removed policies";"Diesel"
"OPEX";"Taxes";"ES";"Excise Duty - Diesel";"Rigid";"PROG";"EUR/kWh";2030;"0.038";"Removed policies";"Diesel"
"OPEX";"Taxes";"ES";"Excise Duty - Diesel";"Tractor-Trailer";"PROG";"EUR/kWh";2030;"0.038";"Removed policies";"Diesel"
"OPEX";"Taxes";"FR";"Excise Duty - Diesel";"Rigid";"BAU";"EUR/kWh";2030;"0.06";"Removed policies";"Diesel"
"OPEX";"Taxes";"FR";"Excise Duty - Diesel";"Tractor-Trailer";"BAU";"EUR/kWh";2030;"0.06";"Removed policies";"Diesel"
"OPEX";"Taxes";"FR";"Excise Duty - Diesel";"Rigid";"PROG";"EUR/kWh";2030;"0.06";"Removed policies";"Diesel"
"OPEX";"Taxes";"FR";"Excise Duty - Diesel";"Tractor-Trailer";"PROG";"EUR/kWh";2030;"0.06";"Removed policies";"Diesel"
"OPEX";"Taxes";"IT";"Excise Duty - Diesel";"Rigid";"BAU";"EUR/kWh";2030;"0.062";"Removed policies";"Diesel"
"OPEX";"Taxes";"IT";"Excise Duty - Diesel";"Tractor-Trailer";"BAU";"EUR/kWh";2030;"0.062";"Removed policies";"Diesel"
"OPEX";"Taxes";"IT";"Excise Duty - Diesel";"Rigid";"PROG";"EUR/kWh";2030;"0.062";"Removed policies";"Diesel"
"OPEX";"Taxes";"IT";"Excise Duty - Diesel";"Tractor-Trailer";"PROG";"EUR/kWh";2030;"0.062";"Removed policies";"Diesel"
"OPEX";"Taxes";"NL";"Excise Duty - Diesel";"Rigid";"BAU";"EUR/kWh";2030;"0.053";"Removed policies";"Diesel"
"OPEX";"Taxes";"NL";"Excise Duty - Diesel";"Tractor-Trailer";"BAU";"EUR/kWh";2030;"0.053";"Removed policies";"Diesel"
"OPEX";"Taxes";"NL";"Excise Duty - Diesel";"Rigid";"PROG";"EUR/kWh";2030;"0.053";"Removed policies";"Diesel"
"OPEX";"Taxes";"NL";"Excise Duty - Diesel";"Tractor-Trailer";"PROG";"EUR/kWh";2030;"0.053";"Removed policies";"Diesel"
"OPEX";"Taxes";"PL";"Excise Duty - Diesel";"Rigid";"BAU";"EUR/kWh";2030;"0.033";"Removed policies";"Diesel"
"OPEX";"Taxes";"PL";"Excise Duty - Diesel";"Tractor-Trailer";"BAU";"EUR/kWh";2030;"0.033";"Removed policies";"Diesel"
"OPEX";"Taxes";"PL";"Excise Duty - Diesel";"Rigid";"PROG";"EUR/kWh";2030;"0.033";"Removed policies";"Diesel"
"OPEX";"Taxes";"PL";"Excise Duty - Diesel";"Tractor-Trailer";"PROG";"EUR/kWh";2030;"0.033";"Removed policies";"Diesel"
"OPEX";"Taxes";"UK";"Excise Duty - Diesel";"Rigid";"BAU";"EUR/kWh";2030;"0.053";"Removed policies";"Diesel"
"OPEX";"Taxes";"UK";"Excise Duty - Diesel";"Tractor-Trailer";"BAU";"EUR/kWh";2030;"0.053";"Removed policies";"Diesel"
"OPEX";"Taxes";"UK";"Excise Duty - Diesel";"Rigid";"PROG";"EUR/kWh";2030;"0.053";"Removed policies";"Diesel"
"OPEX";"Taxes";"UK";"Excise Duty - Diesel";"Tractor-Trailer";"PROG";"EUR/kWh";2030;"0.053";"Removed policies";"Diesel"
"OPEX";"Taxes";"DE";"Excise Duty - Reduction biodiesel";"Rigid";"BAU";"%";2030;"0.5";"Removed policies";"Diesel"
"OPEX";"Taxes";"DE";"Excise Duty - Reduction biodiesel";"Tractor-Trailer";"BAU";"%";2030;"0.5";"Removed policies";"Diesel"
"OPEX";"Taxes";"DE";"Excise Duty - Reduction biodiesel";"Rigid";"PROG";"%";2030;"0.5";"Removed policies";"Diesel"
"OPEX";"Taxes";"DE";"Excise Duty - Reduction biodiesel";"Tractor-Trailer";"PROG";"%";2030;"0.5";"Removed policies";"Diesel"
"OPEX";"Taxes";"ES";"Excise Duty - Reduction biodiesel";"Rigid";"BAU";"%";2030;"0.5";"Removed policies";"Diesel"
"OPEX";"Taxes";"ES";"Excise Duty - Reduction biodiesel";"Tractor-Trailer";"BAU";"%";2030;"0.5";"Removed policies";"Diesel"
"OPEX";"Taxes";"ES";"Excise Duty - Reduction biodiesel";"Rigid";"PROG";"%";2030;"0.5";"Removed policies";"Diesel"
"OPEX";"Taxes";"ES";"Excise Duty - Reduction biodiesel";"Tractor-Trailer";"PROG";"%";2030;"0.5";"Removed policies";"Diesel"
"OPEX";"Taxes";"FR";"Excise Duty - Reduction biodiesel";"Rigid";"BAU";"%";2030;"0.5";"Removed policies";"Diesel"
"OPEX";"Taxes";"FR";"Excise Duty - Reduction biodiesel";"Tractor-Trailer";"BAU";"%";2030;"0.5";"Removed policies";"Diesel"
"OPEX";"Taxes";"FR";"Excise Duty - Reduction biodiesel";"Rigid";"PROG";"%";2030;"0.5";"Removed policies";"Diesel"
"OPEX";"Taxes";"FR";"Excise Duty - Reduction biodiesel";"Tractor-Trailer";"PROG";"%";2030;"0.5";"Removed policies";"Diesel"
"OPEX";"Taxes";"IT";"Excise Duty - Reduction biodiesel";"Rigid";"BAU";"%";2030;"0.5";"Removed policies";"Diesel"
"OPEX";"Taxes";"IT";"Excise Duty - Reduction biodiesel";"Tractor-Trailer";"BAU";"%";2030;"0.5";"Removed policies";"Diesel"
"OPEX";"Taxes";"IT";"Excise Duty - Reduction biodiesel";"Rigid";"PROG";"%";2030;"0.5";"Removed policies";"Diesel"
"OPEX";"Taxes";"IT";"Excise Duty - Reduction biodiesel";"Tractor-Trailer";"PROG";"%";2030;"0.5";"Removed policies";"Diesel"
"OPEX";"Taxes";"NL";"Excise Duty - Reduction biodiesel";"Rigid";"BAU";"%";2030;"0.5";"Removed policies";"Diesel"
"OPEX";"Taxes";"NL";"Excise Duty - Reduction biodiesel";"Tractor-Trailer";"BAU";"%";2030;"0.5";"Removed policies";"Diesel"
"OPEX";"Taxes";"NL";"Excise Duty - Reduction biodiesel";"Rigid";"PROG";"%";2030;"0.5";"Removed policies";"Diesel"
"OPEX";"Taxes";"NL";"Excise Duty - Reduction biodiesel";"Tractor-Trailer";"PROG";"%";2030;"0.5";"Removed policies";"Diesel"
"OPEX";"Taxes";"PL";"Excise Duty - Reduction biodiesel";"Rigid";"BAU";"%";2030;"0.5";"Removed policies";"Diesel"
"OPEX";"Taxes";"PL";"Excise Duty - Reduction biodiesel";"Tractor-Trailer";"BAU";"%";2030;"0.5";"Removed policies";"Diesel"
"OPEX";"Taxes";"PL";"Excise Duty - Reduction biodiesel";"Rigid";"PROG";"%";2030;"0.5";"Removed policies";"Diesel"
"OPEX";"Taxes";"PL";"Excise Duty - Reduction biodiesel";"Tractor-Trailer";"PROG";"%";2030;"0.5";"Removed policies";"Diesel"
"OPEX";"Taxes";"UK";"Excise Duty - Reduction biodiesel";"Rigid";"BAU";"%";2030;"0.5";"Removed policies";"Diesel"
"OPEX";"Taxes";"UK";"Excise Duty - Reduction biodiesel";"Tractor-Trailer";"BAU";"%";2030;"0.5";"Removed policies";"Diesel"
"OPEX";"Taxes";"UK";"Excise Duty - Reduction biodiesel";"Rigid";"PROG";"%";2030;"0.5";"Removed policies";"Diesel"
"OPEX";"Taxes";"UK";"Excise Duty - Reduction biodiesel";"Tractor-Trailer";"PROG";"%";2030;"0.5";"Removed policies";"Diesel"
"OPEX";"Taxes";"DE";"Excise Duty - Reduction Synthetic Diesel (E-Fuels)";"Rigid";"BAU";"%";2030;"0.5";"Removed policies";"Diesel"
"OPEX";"Taxes";"DE";"Excise Duty - Reduction Synthetic Diesel (E-Fuels)";"Tractor-Trailer";"BAU";"%";2030;"0.5";"Removed policies";"Diesel"
"OPEX";"Taxes";"DE";"Excise Duty - Reduction Synthetic Diesel (E-Fuels)";"Rigid";"PROG";"%";2030;"0.5";"Removed policies";"Diesel"
"OPEX";"Taxes";"DE";"Excise Duty - Reduction Synthetic Diesel (E-Fuels)";"Tractor-Trailer";"PROG";"%";2030;"0.5";"Removed policies";"Diesel"
"OPEX";"Taxes";"ES";"Excise Duty - Reduction Synthetic Diesel (E-Fuels)";"Rigid";"BAU";"%";2030;"0.5";"Removed policies";"Diesel"
"OPEX";"Taxes";"ES";"Excise Duty - Reduction Synthetic Diesel (E-Fuels)";"Tractor-Trailer";"BAU";"%";2030;"0.5";"Removed policies";"Diesel"
"OPEX";"Taxes";"ES";"Excise Duty - Reduction Synthetic Diesel (E-Fuels)";"Rigid";"PROG";"%";2030;"0.5";"Removed policies";"Diesel"
"OPEX";"Taxes";"ES";"Excise Duty - Reduction Synthetic Diesel (E-Fuels)";"Tractor-Trailer";"PROG";"%";2030;"0.5";"Removed policies";"Diesel"
"OPEX";"Taxes";"FR";"Excise Duty - Reduction Synthetic Diesel (E-Fuels)";"Rigid";"BAU";"%";2030;"0.5";"Removed policies";"Diesel"
"OPEX";"Taxes";"FR";"Excise Duty - Reduction Synthetic Diesel (E-Fuels)";"Tractor-Trailer";"BAU";"%";2030;"0.5";"Removed policies";"Diesel"
"OPEX";"Taxes";"FR";"Excise Duty - Reduction Synthetic Diesel (E-Fuels)";"Rigid";"PROG";"%";2030;"0.5";"Removed policies";"Diesel"
"OPEX";"Taxes";"FR";"Excise Duty - Reduction Synthetic Diesel (E-Fuels)";"Tractor-Trailer";"PROG";"%";2030;"0.5";"Removed policies";"Diesel"
"OPEX";"Taxes";"IT";"Excise Duty - Reduction Synthetic Diesel (E-Fuels)";"Rigid";"BAU";"%";2030;"0.5";"Removed policies";"Diesel"
"OPEX";"Taxes";"IT";"Excise Duty - Reduction Synthetic Diesel (E-Fuels)";"Tractor-Trailer";"BAU";"%";2030;"0.5";"Removed policies";"Diesel"
"OPEX";"Taxes";"IT";"Excise Duty - Reduction Synthetic Diesel (E-Fuels)";"Rigid";"PROG";"%";2030;"0.5";"Removed policies";"Diesel"
"OPEX";"Taxes";"IT";"Excise Duty - Reduction Synthetic Diesel (E-Fuels)";"Tractor-Trailer";"PROG";"%";2030;"0.5";"Removed policies";"Diesel"
"OPEX";"Taxes";"NL";"Excise Duty - Reduction Synthetic Diesel (E-Fuels)";"Rigid";"BAU";"%";2030;"0.5";"Removed policies";"Diesel"
"OPEX";"Taxes";"NL";"Excise Duty - Reduction Synthetic Diesel (E-Fuels)";"Tractor-Trailer";"BAU";"%";2030;"0.5";"Removed policies";"Diesel"
"OPEX";"Taxes";"NL";"Excise Duty - Reduction Synthetic Diesel (E-Fuels)";"Rigid";"PROG";"%";2030;"0.5";"Removed policies";"Diesel"
"OPEX";"Taxes";"NL";"Excise Duty - Reduction Synthetic Diesel (E-Fuels)";"Tractor-Trailer";"PROG";"%";2030;"0.5";"Removed policies";"Diesel"
"OPEX";"Taxes";"PL";"Excise Duty - Reduction Synthetic Diesel (E-Fuels)";"Rigid";"BAU";"%";2030;"0.5";"Removed policies";"Diesel"
"OPEX";"Taxes";"PL";"Excise Duty - Reduction Synthetic Diesel (E-Fuels)";"Tractor-Trailer";"BAU";"%";2030;"0.5";"Removed policies";"Diesel"
"OPEX";"Taxes";"PL";"Excise Duty - Reduction Synthetic Diesel (E-Fuels)";"Rigid";"PROG";"%";2030;"0.5";"Removed policies";"Diesel"
"OPEX";"Taxes";"PL";"Excise Duty - Reduction Synthetic Diesel (E-Fuels)";"Tractor-Trailer";"PROG";"%";2030;"0.5";"Removed policies";"Diesel"
"OPEX";"Taxes";"UK";"Excise Duty - Reduction Synthetic Diesel (E-Fuels)";"Rigid";"BAU";"%";2030;"0.5";"Removed policies";"Diesel"
"OPEX";"Taxes";"UK";"Excise Duty - Reduction Synthetic Diesel (E-Fuels)";"Tractor-Trailer";"BAU";"%";2030;"0.5";"Removed policies";"Diesel"
"OPEX";"Taxes";"UK";"Excise Duty - Reduction Synthetic Diesel (E-Fuels)";"Rigid";"PROG";"%";2030;"0.5";"Removed policies";"Diesel"
"OPEX";"Taxes";"UK";"Excise Duty - Reduction Synthetic Diesel (E-Fuels)";"Tractor-Trailer";"PROG";"%";2030;"0.5";"Removed policies";"Diesel"
"OPEX";"Taxes";"DE";"Taxes, Fees, Levies and charges - H2";"Rigid";"BAU";"EUR/kWh";2030;"0.015";"Removed policies";"Hydrogen"
"OPEX";"Taxes";"DE";"Taxes, Fees, Levies and charges - H2";"Tractor-Trailer";"BAU";"EUR/kWh";2030;"0.015";"Removed policies";"Hydrogen"
"OPEX";"Taxes";"DE";"Taxes, Fees, Levies and charges - H2";"Rigid";"PROG";"EUR/kWh";2030;"0.015";"Removed policies";"Hydrogen"
"OPEX";"Taxes";"DE";"Taxes, Fees, Levies and charges - H2";"Tractor-Trailer";"PROG";"EUR/kWh";2030;"0.015";"Removed policies";"Hydrogen"
"OPEX";"Taxes";"ES";"Taxes, Fees, Levies and charges - H2";"Rigid";"BAU";"EUR/kWh";2030;"0.008";"Removed policies";"Hydrogen"
"OPEX";"Taxes";"ES";"Taxes, Fees, Levies and charges - H2";"Tractor-Trailer";"BAU";"EUR/kWh";2030;"0.008";"Removed policies";"Hydrogen"
"OPEX";"Taxes";"ES";"Taxes, Fees, Levies and charges - H2";"Rigid";"PROG";"EUR/kWh";2030;"0.008";"Removed policies";"Hydrogen"
"OPEX";"Taxes";"ES";"Taxes, Fees, Levies and charges - H2";"Tractor-Trailer";"PROG";"EUR/kWh";2030;"0.008";"Removed policies";"Hydrogen"
"OPEX";"Taxes";"FR";"Taxes, Fees, Levies and charges - H2";"Rigid";"BAU";"EUR/kWh";2030;"0.012";"Removed policies";"Hydrogen"
"OPEX";"Taxes";"FR";"Taxes, Fees, Levies and charges - H2";"Tractor-Trailer";"BAU";"EUR/kWh";2030;"0.012";"Removed policies";"Hydrogen"
"OPEX";"Taxes";"FR";"Taxes, Fees, Levies and charges - H2";"Rigid";"PROG";"EUR/kWh";2030;"0.012";"Removed policies";"Hydrogen"
"OPEX";"Taxes";"FR";"Taxes, Fees, Levies and charges - H2";"Tractor-Trailer";"PROG";"EUR/kWh";2030;"0.012";"Removed policies";"Hydrogen"
"OPEX";"Taxes";"IT";"Taxes, Fees, Levies and charges - H2";"Rigid";"BAU";"EUR/kWh";2030;"0.009";"Removed policies";"Hydrogen"
"OPEX";"Taxes";"IT";"Taxes, Fees, Levies and charges - H2";"Tractor-Trailer";"BAU";"EUR/kWh";2030;"0.009";"Removed policies";"Hydrogen"
"OPEX";"Taxes";"IT";"Taxes, Fees, Levies and charges - H2";"Rigid";"PROG";"EUR/kWh";2030;"0.009";"Removed policies";"Hydrogen"
"OPEX";"Taxes";"IT";"Taxes, Fees, Levies and charges - H2";"Tractor-Trailer";"PROG";"EUR/kWh";2030;"0.009";"Removed policies";"Hydrogen"
"OPEX";"Taxes";"NL";"Taxes, Fees, Levies and charges - H2";"Rigid";"BAU";"EUR/kWh";2030;"0.024";"Removed policies";"Hydrogen"
"OPEX";"Taxes";"NL";"Taxes, Fees, Levies and charges - H2";"Tractor-Trailer";"BAU";"EUR/kWh";2030;"0.024";"Removed policies";"Hydrogen"
"OPEX";"Taxes";"NL";"Taxes, Fees, Levies and charges - H2";"Rigid";"PROG";"EUR/kWh";2030;"0.024";"Removed policies";"Hydrogen"
"OPEX";"Taxes";"NL";"Taxes, Fees, Levies and charges - H2";"Tractor-Trailer";"PROG";"EUR/kWh";2030;"0.024";"Removed policies";"Hydrogen"
"OPEX";"Taxes";"PL";"Taxes, Fees, Levies and charges - H2";"Rigid";"BAU";"EUR/kWh";2030;"0.009";"Removed policies";"Hydrogen"
"OPEX";"Taxes";"PL";"Taxes, Fees, Levies and charges - H2";"Tractor-Trailer";"BAU";"EUR/kWh";2030;"0.009";"Removed policies";"Hydrogen"
"OPEX";"Taxes";"PL";"Taxes, Fees, Levies and charges - H2";"Rigid";"PROG";"EUR/kWh";2030;"0.009";"Removed policies";"Hydrogen"
"OPEX";"Taxes";"PL";"Taxes, Fees, Levies and charges - H2";"Tractor-Trailer";"PROG";"EUR/kWh";2030;"0.009";"Removed policies";"Hydrogen"
"OPEX";"Taxes";"UK";"Taxes, Fees, Levies and charges - H2";"Rigid";"BAU";"EUR/kWh";2030;"0.006";"Removed policies";"Hydrogen"
"OPEX";"Taxes";"UK";"Taxes, Fees, Levies and charges - H2";"Tractor-Trailer";"BAU";"EUR/kWh";2030;"0.006";"Removed policies";"Hydrogen"
"OPEX";"Taxes";"UK";"Taxes, Fees, Levies and charges - H2";"Rigid";"PROG";"EUR/kWh";2030;"0.006";"Removed policies";"Hydrogen"
"OPEX";"Taxes";"UK";"Taxes, Fees, Levies and charges - H2";"Tractor-Trailer";"PROG";"EUR/kWh";2030;"0.006";"Removed policies";"Hydrogen"
"OPEX";"Charging Infrastructure";"DE";"MCS grid extension";"Rigid";"PROG";"EUR/kWh";2030;"0.075";"Removed policies";"Electricity"
"OPEX";"Charging Infrastructure";"DE";"MCS grid extension";"Tractor-Trailer";"PROG";"EUR/kWh";2030;"0.075";"Removed policies";"Electricity"
"OPEX";"Charging Infrastructure";"DE";"MCS grid extension";"Rigid";"BAU";"EUR/kWh";2030;"0.075";"Removed policies";"Electricity"
"OPEX";"Charging Infrastructure";"DE";"MCS grid extension";"Tractor-Trailer";"BAU";"EUR/kWh";2030;"0.075";"Removed policies";"Electricity"
"OPEX";"Charging Infrastructure";"ES";"MCS grid extension";"Rigid";"PROG";"EUR/kWh";2030;"0.075";"Removed policies";"Electricity"
"OPEX";"Charging Infrastructure";"ES";"MCS grid extension";"Tractor-Trailer";"PROG";"EUR/kWh";2030;"0.075";"Removed policies";"Electricity"
"OPEX";"Charging Infrastructure";"ES";"MCS grid extension";"Rigid";"BAU";"EUR/kWh";2030;"0.075";"Removed policies";"Electricity"
"OPEX";"Charging Infrastructure";"ES";"MCS grid extension";"Tractor-Trailer";"BAU";"EUR/kWh";2030;"0.075";"Removed policies";"Electricity"
"OPEX";"Charging Infrastructure";"FR";"MCS grid extension";"Rigid";"PROG";"EUR/kWh";2030;"0.075";"Removed policies";"Electricity"
"OPEX";"Charging Infrastructure";"FR";"MCS grid extension";"Tractor-Trailer";"PROG";"EUR/kWh";2030;"0.075";"Removed policies";"Electricity"
"OPEX";"Charging Infrastructure";"FR";"MCS grid extension";"Rigid";"BAU";"EUR/kWh";2030;"0.075";"Removed policies";"Electricity"
"OPEX";"Charging Infrastructure";"FR";"MCS grid extension";"Tractor-Trailer";"BAU";"EUR/kWh";2030;"0.075";"Removed policies";"Electricity"
"OPEX";"Charging Infrastructure";"IT";"MCS grid extension";"Rigid";"PROG";"EUR/kWh";2030;"0.075";"Removed policies";"Electricity"
"OPEX";"Charging Infrastructure";"IT";"MCS grid extension";"Tractor-Trailer";"PROG";"EUR/kWh";2030;"0.075";"Removed policies";"Electricity"
"OPEX";"Charging Infrastructure";"IT";"MCS grid extension";"Rigid";"BAU";"EUR/kWh";2030;"0.075";"Removed policies";"Electricity"
"OPEX";"Charging Infrastructure";"IT";"MCS grid extension";"Tractor-Trailer";"BAU";"EUR/kWh";2030;"0.075";"Removed policies";"Electricity"
"OPEX";"Charging Infrastructure";"NL";"MCS grid extension";"Rigid";"PROG";"EUR/kWh";2030;"0.075";"Removed policies";"Electricity"
"OPEX";"Charging Infrastructure";"NL";"MCS grid extension";"Tractor-Trailer";"PROG";"EUR/kWh";2030;"0.075";"Removed policies";"Electricity"
"OPEX";"Charging Infrastructure";"NL";"MCS grid extension";"Rigid";"BAU";"EUR/kWh";2030;"0.075";"Removed policies";"Electricity"
"OPEX";"Charging Infrastructure";"NL";"MCS grid extension";"Tractor-Trailer";"BAU";"EUR/kWh";2030;"0.075";"Removed policies";"Electricity"
"OPEX";"Charging Infrastructure";"PL";"MCS grid extension";"Rigid";"PROG";"EUR/kWh";2030;"0.075";"Removed policies";"Electricity"
"OPEX";"Charging Infrastructure";"PL";"MCS grid extension";"Tractor-Trailer";"PROG";"EUR/kWh";2030;"0.075";"Removed policies";"Electricity"
"OPEX";"Charging Infrastructure";"PL";"MCS grid extension";"Rigid";"BAU";"EUR/kWh";2030;"0.075";"Removed policies";"Electricity"
"OPEX";"Charging Infrastructure";"PL";"MCS grid extension";"Tractor-Trailer";"BAU";"EUR/kWh";2030;"0.075";"Removed policies";"Electricity"
"OPEX";"Charging Infrastructure";"UK";"MCS grid extension";"Rigid";"PROG";"EUR/kWh";2030;"0.075";"Removed policies";"Electricity"
"OPEX";"Charging Infrastructure";"UK";"MCS grid extension";"Tractor-Trailer";"PROG";"EUR/kWh";2030;"0.075";"Removed policies";"Electricity"
"OPEX";"Charging Infrastructure";"UK";"MCS grid extension";"Rigid";"BAU";"EUR/kWh";2030;"0.075";"Removed policies";"Electricity"
"OPEX";"Charging Infrastructure";"UK";"MCS grid extension";"Tractor-Trailer";"BAU";"EUR/kWh";2030;"0.075";"Removed policies";"Electricity"
"OPEX";"Charging Infrastructure";"DE";"MCS Profit and Mark-Up";"Rigid";"PROG";"%";2030;"0.1";"Removed policies";"Electricity"
"OPEX";"Charging Infrastructure";"DE";"MCS Profit and Mark-Up";"Tractor-Trailer";"PROG";"%";2030;"0.1";"Removed policies";"Electricity"
"OPEX";"Charging Infrastructure";"DE";"MCS Profit and Mark-Up";"Rigid";"BAU";"%";2030;"0.1";"Removed policies";"Electricity"
"OPEX";"Charging Infrastructure";"DE";"MCS Profit and Mark-Up";"Tractor-Trailer";"BAU";"%";2030;"0.1";"Removed policies";"Electricity"
"OPEX";"Charging Infrastructure";"ES";"MCS Profit and Mark-Up";"Rigid";"PROG";"%";2030;"0.1";"Removed policies";"Electricity"
"OPEX";"Charging Infrastructure";"ES";"MCS Profit and Mark-Up";"Tractor-Trailer";"PROG";"%";2030;"0.1";"Removed policies";"Electricity"
"OPEX";"Charging Infrastructure";"ES";"MCS Profit and Mark-Up";"Rigid";"BAU";"%";2030;"0.1";"Removed policies";"Electricity"
"OPEX";"Charging Infrastructure";"ES";"MCS Profit and Mark-Up";"Tractor-Trailer";"BAU";"%";2030;"0.1";"Removed policies";"Electricity"
"OPEX";"Charging Infrastructure";"FR";"MCS Profit and Mark-Up";"Rigid";"PROG";"%";2030;"0.1";"Removed policies";"Electricity"
"OPEX";"Charging Infrastructure";"FR";"MCS Profit and Mark-Up";"Tractor-Trailer";"PROG";"%";2030;"0.1";"Removed policies";"Electricity"
"OPEX";"Charging Infrastructure";"FR";"MCS Profit and Mark-Up";"Rigid";"BAU";"%";2030;"0.1";"Removed policies";"Electricity"
"OPEX";"Charging Infrastructure";"FR";"MCS Profit and Mark-Up";"Tractor-Trailer";"BAU";"%";2030;"0.1";"Removed policies";"Electricity"
"OPEX";"Charging Infrastructure";"IT";"MCS Profit and Mark-Up";"Rigid";"PROG";"%";2030;"0.1";"Removed policies";"Electricity"
"OPEX";"Charging Infrastructure";"IT";"MCS Profit and Mark-Up";"Tractor-Trailer";"PROG";"%";2030;"0.1";"Removed policies";"Electricity"
"OPEX";"Charging Infrastructure";"IT";"MCS Profit and Mark-Up";"Rigid";"BAU";"%";2030;"0.1";"Removed policies";"Electricity"
"OPEX";"Charging Infrastructure";"IT";"MCS Profit and Mark-Up";"Tractor-Trailer";"BAU";"%";2030;"0.1";"Removed policies";"Electricity"
"OPEX";"Charging Infrastructure";"NL";"MCS Profit and Mark-Up";"Rigid";"PROG";"%";2030;"0.1";"Removed policies";"Electricity"
"OPEX";"Charging Infrastructure";"NL";"MCS Profit and Mark-Up";"Tractor-Trailer";"PROG";"%";2030;"0.1";"Removed policies";"Electricity"
"OPEX";"Charging Infrastructure";"NL";"MCS Profit and Mark-Up";"Rigid";"BAU";"%";2030;"0.1";"Removed policies";"Electricity"
"OPEX";"Charging Infrastructure";"NL";"MCS Profit and Mark-Up";"Tractor-Trailer";"BAU";"%";2030;"0.1";"Removed policies";"Electricity"
"OPEX";"Charging Infrastructure";"PL";"MCS Profit and Mark-Up";"Rigid";"PROG";"%";2030;"0.1";"Removed policies";"Electricity"
"OPEX";"Charging Infrastructure";"PL";"MCS Profit and Mark-Up";"Tractor-Trailer";"PROG";"%";2030;"0.1";"Removed policies";"Electricity"
"OPEX";"Charging Infrastructure";"PL";"MCS Profit and Mark-Up";"Rigid";"BAU";"%";2030;"0.1";"Removed policies";"Electricity"
"OPEX";"Charging Infrastructure";"PL";"MCS Profit and Mark-Up";"Tractor-Trailer";"BAU";"%";2030;"0.1";"Removed policies";"Electricity"
"OPEX";"Charging Infrastructure";"UK";"MCS Profit and Mark-Up";"Rigid";"PROG";"%";2030;"0.1";"Removed policies";"Electricity"
"OPEX";"Charging Infrastructure";"UK";"MCS Profit and Mark-Up";"Tractor-Trailer";"PROG";"%";2030;"0.1";"Removed policies";"Electricity"
"OPEX";"Charging Infrastructure";"UK";"MCS Profit and Mark-Up";"Rigid";"BAU";"%";2030;"0.1";"Removed policies";"Electricity"
"OPEX";"Charging Infrastructure";"UK";"MCS Profit and Mark-Up";"Tractor-Trailer";"BAU";"%";2030;"0.1";"Removed policies";"Electricity"
"OPEX";"Charging Infrastructure";"DE";"CCS Station (Depot) - Incl. Overhead";"Rigid";"PROG";"EUR/kWh";2030;"0.029";"Removed policies";"Electricity"
"OPEX";"Charging Infrastructure";"DE";"CCS Station (Depot) - Incl. Overhead";"Tractor-Trailer";"PROG";"EUR/kWh";2030;"0.029";"Removed policies";"Electricity"
"OPEX";"Charging Infrastructure";"DE";"CCS Station (Depot) - Incl. Overhead";"Rigid";"BAU";"EUR/kWh";2030;"0.029";"Removed policies";"Electricity"
"OPEX";"Charging Infrastructure";"DE";"CCS Station (Depot) - Incl. Overhead";"Tractor-Trailer";"BAU";"EUR/kWh";2030;"0.029";"Removed policies";"Electricity"
"OPEX";"Charging Infrastructure";"ES";"CCS Station (Depot) - Incl. Overhead";"Rigid";"PROG";"EUR/kWh";2030;"0.029";"Removed policies";"Electricity"
"OPEX";"Charging Infrastructure";"ES";"CCS Station (Depot) - Incl. Overhead";"Tractor-Trailer";"PROG";"EUR/kWh";2030;"0.029";"Removed policies";"Electricity"
"OPEX";"Charging Infrastructure";"ES";"CCS Station (Depot) - Incl. Overhead";"Rigid";"BAU";"EUR/kWh";2030;"0.029";"Removed policies";"Electricity"
"OPEX";"Charging Infrastructure";"ES";"CCS Station (Depot) - Incl. Overhead";"Tractor-Trailer";"BAU";"EUR/kWh";2030;"0.029";"Removed policies";"Electricity"
"OPEX";"Charging Infrastructure";"FR";"CCS Station (Depot) - Incl. Overhead";"Rigid";"PROG";"EUR/kWh";2030;"0.029";"Removed policies";"Electricity"
"OPEX";"Charging Infrastructure";"FR";"CCS Station (Depot) - Incl. Overhead";"Tractor-Trailer";"PROG";"EUR/kWh";2030;"0.029";"Removed policies";"Electricity"
"OPEX";"Charging Infrastructure";"FR";"CCS Station (Depot) - Incl. Overhead";"Rigid";"BAU";"EUR/kWh";2030;"0.029";"Removed policies";"Electricity"
"OPEX";"Charging Infrastructure";"FR";"CCS Station (Depot) - Incl. Overhead";"Tractor-Trailer";"BAU";"EUR/kWh";2030;"0.029";"Removed policies";"Electricity"
"OPEX";"Charging Infrastructure";"IT";"CCS Station (Depot) - Incl. Overhead";"Rigid";"PROG";"EUR/kWh";2030;"0.029";"Removed policies";"Electricity"
"OPEX";"Charging Infrastructure";"IT";"CCS Station (Depot) - Incl. Overhead";"Tractor-Trailer";"PROG";"EUR/kWh";2030;"0.029";"Removed policies";"Electricity"
"OPEX";"Charging Infrastructure";"IT";"CCS Station (Depot) - Incl. Overhead";"Rigid";"BAU";"EUR/kWh";2030;"0.029";"Removed policies";"Electricity"
"OPEX";"Charging Infrastructure";"IT";"CCS Station (Depot) - Incl. Overhead";"Tractor-Trailer";"BAU";"EUR/kWh";2030;"0.029";"Removed policies";"Electricity"
"OPEX";"Charging Infrastructure";"NL";"CCS Station (Depot) - Incl. Overhead";"Rigid";"PROG";"EUR/kWh";2030;"0.029";"Removed policies";"Electricity"
"OPEX";"Charging Infrastructure";"NL";"CCS Station (Depot) - Incl. Overhead";"Tractor-Trailer";"PROG";"EUR/kWh";2030;"0.029";"Removed policies";"Electricity"
"OPEX";"Charging Infrastructure";"NL";"CCS Station (Depot) - Incl. Overhead";"Rigid";"BAU";"EUR/kWh";2030;"0.029";"Removed policies";"Electricity"
"OPEX";"Charging Infrastructure";"NL";"CCS Station (Depot) - Incl. Overhead";"Tractor-Trailer";"BAU";"EUR/kWh";2030;"0.029";"Removed policies";"Electricity"
"OPEX";"Charging Infrastructure";"PL";"CCS Station (Depot) - Incl. Overhead";"Rigid";"PROG";"EUR/kWh";2030;"0.029";"Removed policies";"Electricity"
"OPEX";"Charging Infrastructure";"PL";"CCS Station (Depot) - Incl. Overhead";"Tractor-Trailer";"PROG";"EUR/kWh";2030;"0.029";"Removed policies";"Electricity"
"OPEX";"Charging Infrastructure";"PL";"CCS Station (Depot) - Incl. Overhead";"Rigid";"BAU";"EUR/kWh";2030;"0.029";"Removed policies";"Electricity"
"OPEX";"Charging Infrastructure";"PL";"CCS Station (Depot) - Incl. Overhead";"Tractor-Trailer";"BAU";"EUR/kWh";2030;"0.029";"Removed policies";"Electricity"
"OPEX";"Charging Infrastructure";"UK";"CCS Station (Depot) - Incl. Overhead";"Rigid";"PROG";"EUR/kWh";2030;"0.029";"Removed policies";"Electricity"
"OPEX";"Charging Infrastructure";"UK";"CCS Station (Depot) - Incl. Overhead";"Tractor-Trailer";"PROG";"EUR/kWh";2030;"0.029";"Removed policies";"Electricity"
"OPEX";"Charging Infrastructure";"UK";"CCS Station (Depot) - Incl. Overhead";"Rigid";"BAU";"EUR/kWh";2030;"0.029";"Removed policies";"Electricity"
"OPEX";"Charging Infrastructure";"UK";"CCS Station (Depot) - Incl. Overhead";"Tractor-Trailer";"BAU";"EUR/kWh";2030;"0.029";"Removed policies";"Electricity"
"OPEX";"Charging Infrastructure";"DE";"CCS grid extension";"Rigid";"PROG";"EUR/kWh";2030;"0.045";"Removed policies";"Electricity"
"OPEX";"Charging Infrastructure";"DE";"CCS grid extension";"Tractor-Trailer";"PROG";"EUR/kWh";2030;"0.045";"Removed policies";"Electricity"
"OPEX";"Charging Infrastructure";"DE";"CCS grid extension";"Rigid";"BAU";"EUR/kWh";2030;"0.045";"Removed policies";"Electricity"
"OPEX";"Charging Infrastructure";"DE";"CCS grid extension";"Tractor-Trailer";"BAU";"EUR/kWh";2030;"0.045";"Removed policies";"Electricity"
"OPEX";"Charging Infrastructure";"ES";"CCS grid extension";"Rigid";"PROG";"EUR/kWh";2030;"0.045";"Removed policies";"Electricity"
"OPEX";"Charging Infrastructure";"ES";"CCS grid extension";"Tractor-Trailer";"PROG";"EUR/kWh";2030;"0.045";"Removed policies";"Electricity"
"OPEX";"Charging Infrastructure";"ES";"CCS grid extension";"Rigid";"BAU";"EUR/kWh";2030;"0.045";"Removed policies";"Electricity"
"OPEX";"Charging Infrastructure";"ES";"CCS grid extension";"Tractor-Trailer";"BAU";"EUR/kWh";2030;"0.045";"Removed policies";"Electricity"
"OPEX";"Charging Infrastructure";"FR";"CCS grid extension";"Rigid";"PROG";"EUR/kWh";2030;"0.045";"Removed policies";"Electricity"
"OPEX";"Charging Infrastructure";"FR";"CCS grid extension";"Tractor-Trailer";"PROG";"EUR/kWh";2030;"0.045";"Removed policies";"Electricity"
"OPEX";"Charging Infrastructure";"FR";"CCS grid extension";"Rigid";"BAU";"EUR/kWh";2030;"0.045";"Removed policies";"Electricity"
"OPEX";"Charging Infrastructure";"FR";"CCS grid extension";"Tractor-Trailer";"BAU";"EUR/kWh";2030;"0.045";"Removed policies";"Electricity"
"OPEX";"Charging Infrastructure";"IT";"CCS grid extension";"Rigid";"PROG";"EUR/kWh";2030;"0.045";"Removed policies";"Electricity"
"OPEX";"Charging Infrastructure";"IT";"CCS grid extension";"Tractor-Trailer";"PROG";"EUR/kWh";2030;"0.045";"Removed policies";"Electricity"
"OPEX";"Charging Infrastructure";"IT";"CCS grid extension";"Rigid";"BAU";"EUR/kWh";2030;"0.045";"Removed policies";"Electricity"
"OPEX";"Charging Infrastructure";"IT";"CCS grid extension";"Tractor-Trailer";"BAU";"EUR/kWh";2030;"0.045";"Removed policies";"Electricity"
"OPEX";"Charging Infrastructure";"NL";"CCS grid extension";"Rigid";"PROG";"EUR/kWh";2030;"0.045";"Removed policies";"Electricity"
"OPEX";"Charging Infrastructure";"NL";"CCS grid extension";"Tractor-Trailer";"PROG";"EUR/kWh";2030;"0.045";"Removed policies";"Electricity"
"OPEX";"Charging Infrastructure";"NL";"CCS grid extension";"Rigid";"BAU";"EUR/kWh";2030;"0.045";"Removed policies";"Electricity"
"OPEX";"Charging Infrastructure";"NL";"CCS grid extension";"Tractor-Trailer";"BAU";"EUR/kWh";2030;"0.045";"Removed policies";"Electricity"
"OPEX";"Charging Infrastructure";"PL";"CCS grid extension";"Rigid";"PROG";"EUR/kWh";2030;"0.045";"Removed policies";"Electricity"
"OPEX";"Charging Infrastructure";"PL";"CCS grid extension";"Tractor-Trailer";"PROG";"EUR/kWh";2030;"0.045";"Removed policies";"Electricity"
"OPEX";"Charging Infrastructure";"PL";"CCS grid extension";"Rigid";"BAU";"EUR/kWh";2030;"0.045";"Removed policies";"Electricity"
"OPEX";"Charging Infrastructure";"PL";"CCS grid extension";"Tractor-Trailer";"BAU";"EUR/kWh";2030;"0.045";"Removed policies";"Electricity"
"OPEX";"Charging Infrastructure";"UK";"CCS grid extension";"Rigid";"PROG";"EUR/kWh";2030;"0.045";"Removed policies";"Electricity"
"OPEX";"Charging Infrastructure";"UK";"CCS grid extension";"Tractor-Trailer";"PROG";"EUR/kWh";2030;"0.045";"Removed policies";"Electricity"
"OPEX";"Charging Infrastructure";"UK";"CCS grid extension";"Rigid";"BAU";"EUR/kWh";2030;"0.045";"Removed policies";"Electricity"
"OPEX";"Charging Infrastructure";"UK";"CCS grid extension";"Tractor-Trailer";"BAU";"EUR/kWh";2030;"0.045";"Removed policies";"Electricity"
"OPEX";"Diesel Infrastructure";"DE";"Total Diesel Mark-Up";"Rigid";"BAU";"EUR/kWh";2030;"0.018";"Removed policies";"Diesel"
"OPEX";"Diesel Infrastructure";"DE";"Total Diesel Mark-Up";"Tractor-Trailer";"BAU";"EUR/kWh";2030;"0.018";"Removed policies";"Diesel"
"OPEX";"Diesel Infrastructure";"DE";"Total Diesel Mark-Up";"Rigid";"PROG";"EUR/kWh";2030;"0.018";"Removed policies";"Diesel"
"OPEX";"Diesel Infrastructure";"DE";"Total Diesel Mark-Up";"Tractor-Trailer";"PROG";"EUR/kWh";2030;"0.018";"Removed policies";"Diesel"
"OPEX";"Diesel Infrastructure";"ES";"Total Diesel Mark-Up";"Rigid";"BAU";"EUR/kWh";2030;"0.018";"Removed policies";"Diesel"
"OPEX";"Diesel Infrastructure";"ES";"Total Diesel Mark-Up";"Tractor-Trailer";"BAU";"EUR/kWh";2030;"0.018";"Removed policies";"Diesel"
"OPEX";"Diesel Infrastructure";"ES";"Total Diesel Mark-Up";"Rigid";"PROG";"EUR/kWh";2030;"0.018";"Removed policies";"Diesel"
"OPEX";"Diesel Infrastructure";"ES";"Total Diesel Mark-Up";"Tractor-Trailer";"PROG";"EUR/kWh";2030;"0.018";"Removed policies";"Diesel"
"OPEX";"Diesel Infrastructure";"FR";"Total Diesel Mark-Up";"Rigid";"BAU";"EUR/kWh";2030;"0.018";"Removed policies";"Diesel"
"OPEX";"Diesel Infrastructure";"FR";"Total Diesel Mark-Up";"Tractor-Trailer";"BAU";"EUR/kWh";2030;"0.018";"Removed policies";"Diesel"
"OPEX";"Diesel Infrastructure";"FR";"Total Diesel Mark-Up";"Rigid";"PROG";"EUR/kWh";2030;"0.018";"Removed policies";"Diesel"
"OPEX";"Diesel Infrastructure";"FR";"Total Diesel Mark-Up";"Tractor-Trailer";"PROG";"EUR/kWh";2030;"0.018";"Removed policies";"Diesel"
"OPEX";"Diesel Infrastructure";"IT";"Total Diesel Mark-Up";"Rigid";"BAU";"EUR/kWh";2030;"0.018";"Removed policies";"Diesel"
"OPEX";"Diesel Infrastructure";"IT";"Total Diesel Mark-Up";"Tractor-Trailer";"BAU";"EUR/kWh";2030;"0.018";"Removed policies";"Diesel"
"OPEX";"Diesel Infrastructure";"IT";"Total Diesel Mark-Up";"Rigid";"PROG";"EUR/kWh";2030;"0.018";"Removed policies";"Diesel"
"OPEX";"Diesel Infrastructure";"IT";"Total Diesel Mark-Up";"Tractor-Trailer";"PROG";"EUR/kWh";2030;"0.018";"Removed policies";"Diesel"
"OPEX";"Diesel Infrastructure";"NL";"Total Diesel Mark-Up";"Rigid";"BAU";"EUR/kWh";2030;"0.018";"Removed policies";"Diesel"
"OPEX";"Diesel Infrastructure";"NL";"Total Diesel Mark-Up";"Tractor-Trailer";"BAU";"EUR/kWh";2030;"0.018";"Removed policies";"Diesel"
"OPEX";"Diesel Infrastructure";"NL";"Total Diesel Mark-Up";"Rigid";"PROG";"EUR/kWh";2030;"0.018";"Removed policies";"Diesel"
"OPEX";"Diesel Infrastructure";"NL";"Total Diesel Mark-Up";"Tractor-Trailer";"PROG";"EUR/kWh";2030;"0.018";"Removed policies";"Diesel"
"OPEX";"Diesel Infrastructure";"PL";"Total Diesel Mark-Up";"Rigid";"BAU";"EUR/kWh";2030;"0.018";"Removed policies";"Diesel"
"OPEX";"Diesel Infrastructure";"PL";"Total Diesel Mark-Up";"Tractor-Trailer";"BAU";"EUR/kWh";2030;"0.018";"Removed policies";"Diesel"
"OPEX";"Diesel Infrastructure";"PL";"Total Diesel Mark-Up";"Rigid";"PROG";"EUR/kWh";2030;"0.018";"Removed policies";"Diesel"
"OPEX";"Diesel Infrastructure";"PL";"Total Diesel Mark-Up";"Tractor-Trailer";"PROG";"EUR/kWh";2030;"0.018";"Removed policies";"Diesel"
"OPEX";"Diesel Infrastructure";"UK";"Total Diesel Mark-Up";"Rigid";"BAU";"EUR/kWh";2030;"0.018";"Removed policies";"Diesel"
"OPEX";"Diesel Infrastructure";"UK";"Total Diesel Mark-Up";"Tractor-Trailer";"BAU";"EUR/kWh";2030;"0.018";"Removed policies";"Diesel"
"OPEX";"Diesel Infrastructure";"UK";"Total Diesel Mark-Up";"Rigid";"PROG";"EUR/kWh";2030;"0.018";"Removed policies";"Diesel"
"OPEX";"Diesel Infrastructure";"UK";"Total Diesel Mark-Up";"Tractor-Trailer";"PROG";"EUR/kWh";2030;"0.018";"Removed policies";"Diesel"
"OPEX";"Diesel Infrastructure";"DE";"CO2 emission factor Biodiesel";"Rigid";"BAU";"%";2030;"0.166";"Removed policies";"Diesel"
"OPEX";"Diesel Infrastructure";"DE";"CO2 emission factor Biodiesel";"Tractor-Trailer";"BAU";"%";2030;"0.166";"Removed policies";"Diesel"
"OPEX";"Diesel Infrastructure";"DE";"CO2 emission factor Biodiesel";"Rigid";"PROG";"%";2030;"0.166";"Removed policies";"Diesel"
"OPEX";"Diesel Infrastructure";"DE";"CO2 emission factor Biodiesel";"Tractor-Trailer";"PROG";"%";2030;"0.166";"Removed policies";"Diesel"
"OPEX";"Diesel Infrastructure";"ES";"CO2 emission factor Biodiesel";"Rigid";"BAU";"%";2030;"0.166";"Removed policies";"Diesel"
"OPEX";"Diesel Infrastructure";"ES";"CO2 emission factor Biodiesel";"Tractor-Trailer";"BAU";"%";2030;"0.166";"Removed policies";"Diesel"
"OPEX";"Diesel Infrastructure";"ES";"CO2 emission factor Biodiesel";"Rigid";"PROG";"%";2030;"0.166";"Removed policies";"Diesel"
"OPEX";"Diesel Infrastructure";"ES";"CO2 emission factor Biodiesel";"Tractor-Trailer";"PROG";"%";2030;"0.166";"Removed policies";"Diesel"
"OPEX";"Diesel Infrastructure";"FR";"CO2 emission factor Biodiesel";"Rigid";"BAU";"%";2030;"0.166";"Removed policies";"Diesel"
"OPEX";"Diesel Infrastructure";"FR";"CO2 emission factor Biodiesel";"Tractor-Trailer";"BAU";"%";2030;"0.166";"Removed policies";"Diesel"
"OPEX";"Diesel Infrastructure";"FR";"CO2 emission factor Biodiesel";"Rigid";"PROG";"%";2030;"0.166";"Removed policies";"Diesel"
"OPEX";"Diesel Infrastructure";"FR";"CO2 emission factor Biodiesel";"Tractor-Trailer";"PROG";"%";2030;"0.166";"Removed policies";"Diesel"
"OPEX";"Diesel Infrastructure";"IT";"CO2 emission factor Biodiesel";"Rigid";"BAU";"%";2030;"0.166";"Removed policies";"Diesel"
"OPEX";"Diesel Infrastructure";"IT";"CO2 emission factor Biodiesel";"Tractor-Trailer";"BAU";"%";2030;"0.166";"Removed policies";"Diesel"
"OPEX";"Diesel Infrastructure";"IT";"CO2 emission factor Biodiesel";"Rigid";"PROG";"%";2030;"0.166";"Removed policies";"Diesel"
"OPEX";"Diesel Infrastructure";"IT";"CO2 emission factor Biodiesel";"Tractor-Trailer";"PROG";"%";2030;"0.166";"Removed policies";"Diesel"
"OPEX";"Diesel Infrastructure";"NL";"CO2 emission factor Biodiesel";"Rigid";"BAU";"%";2030;"0.166";"Removed policies";"Diesel"
"OPEX";"Diesel Infrastructure";"NL";"CO2 emission factor Biodiesel";"Tractor-Trailer";"BAU";"%";2030;"0.166";"Removed policies";"Diesel"
"OPEX";"Diesel Infrastructure";"NL";"CO2 emission factor Biodiesel";"Rigid";"PROG";"%";2030;"0.166";"Removed policies";"Diesel"
"OPEX";"Diesel Infrastructure";"NL";"CO2 emission factor Biodiesel";"Tractor-Trailer";"PROG";"%";2030;"0.166";"Removed policies";"Diesel"
"OPEX";"Diesel Infrastructure";"PL";"CO2 emission factor Biodiesel";"Rigid";"BAU";"%";2030;"0.166";"Removed policies";"Diesel"
"OPEX";"Diesel Infrastructure";"PL";"CO2 emission factor Biodiesel";"Tractor-Trailer";"BAU";"%";2030;"0.166";"Removed policies";"Diesel"
"OPEX";"Diesel Infrastructure";"PL";"CO2 emission factor Biodiesel";"Rigid";"PROG";"%";2030;"0.166";"Removed policies";"Diesel"
"OPEX";"Diesel Infrastructure";"PL";"CO2 emission factor Biodiesel";"Tractor-Trailer";"PROG";"%";2030;"0.166";"Removed policies";"Diesel"
"OPEX";"Diesel Infrastructure";"UK";"CO2 emission factor Biodiesel";"Rigid";"BAU";"%";2030;"0.166";"Removed policies";"Diesel"
"OPEX";"Diesel Infrastructure";"UK";"CO2 emission factor Biodiesel";"Tractor-Trailer";"BAU";"%";2030;"0.166";"Removed policies";"Diesel"
"OPEX";"Diesel Infrastructure";"UK";"CO2 emission factor Biodiesel";"Rigid";"PROG";"%";2030;"0.166";"Removed policies";"Diesel"
"OPEX";"Diesel Infrastructure";"UK";"CO2 emission factor Biodiesel";"Tractor-Trailer";"PROG";"%";2030;"0.166";"Removed policies";"Diesel"
"OPEX";"Diesel Infrastructure";"DE";"CO2 emission factor Pt-Diesel";"Rigid";"BAU";"%";2030;"0";"Removed policies";"Diesel"
"OPEX";"Diesel Infrastructure";"DE";"CO2 emission factor Pt-Diesel";"Tractor-Trailer";"BAU";"%";2030;"0";"Removed policies";"Diesel"
"OPEX";"Diesel Infrastructure";"DE";"CO2 emission factor Pt-Diesel";"Rigid";"PROG";"%";2030;"0";"Removed policies";"Diesel"
"OPEX";"Diesel Infrastructure";"DE";"CO2 emission factor Pt-Diesel";"Tractor-Trailer";"PROG";"%";2030;"0";"Removed policies";"Diesel"
"OPEX";"Diesel Infrastructure";"ES";"CO2 emission factor Pt-Diesel";"Rigid";"BAU";"%";2030;"0";"Removed policies";"Diesel"
"OPEX";"Diesel Infrastructure";"ES";"CO2 emission factor Pt-Diesel";"Tractor-Trailer";"BAU";"%";2030;"0";"Removed policies";"Diesel"
"OPEX";"Diesel Infrastructure";"ES";"CO2 emission factor Pt-Diesel";"Rigid";"PROG";"%";2030;"0";"Removed policies";"Diesel"
"OPEX";"Diesel Infrastructure";"ES";"CO2 emission factor Pt-Diesel";"Tractor-Trailer";"PROG";"%";2030;"0";"Removed policies";"Diesel"
"OPEX";"Diesel Infrastructure";"FR";"CO2 emission factor Pt-Diesel";"Rigid";"BAU";"%";2030;"0";"Removed policies";"Diesel"
"OPEX";"Diesel Infrastructure";"FR";"CO2 emission factor Pt-Diesel";"Tractor-Trailer";"BAU";"%";2030;"0";"Removed policies";"Diesel"
"OPEX";"Diesel Infrastructure";"FR";"CO2 emission factor Pt-Diesel";"Rigid";"PROG";"%";2030;"0";"Removed policies";"Diesel"
"OPEX";"Diesel Infrastructure";"FR";"CO2 emission factor Pt-Diesel";"Tractor-Trailer";"PROG";"%";2030;"0";"Removed policies";"Diesel"
"OPEX";"Diesel Infrastructure";"IT";"CO2 emission factor Pt-Diesel";"Rigid";"BAU";"%";2030;"0";"Removed policies";"Diesel"
"OPEX";"Diesel Infrastructure";"IT";"CO2 emission factor Pt-Diesel";"Tractor-Trailer";"BAU";"%";2030;"0";"Removed policies";"Diesel"
"OPEX";"Diesel Infrastructure";"IT";"CO2 emission factor Pt-Diesel";"Rigid";"PROG";"%";2030;"0";"Removed policies";"Diesel"
"OPEX";"Diesel Infrastructure";"IT";"CO2 emission factor Pt-Diesel";"Tractor-Trailer";"PROG";"%";2030;"0";"Removed policies";"Diesel"
"OPEX";"Diesel Infrastructure";"NL";"CO2 emission factor Pt-Diesel";"Rigid";"BAU";"%";2030;"0";"Removed policies";"Diesel"
"OPEX";"Diesel Infrastructure";"NL";"CO2 emission factor Pt-Diesel";"Tractor-Trailer";"BAU";"%";2030;"0";"Removed policies";"Diesel"
"OPEX";"Diesel Infrastructure";"NL";"CO2 emission factor Pt-Diesel";"Rigid";"PROG";"%";2030;"0";"Removed policies";"Diesel"
"OPEX";"Diesel Infrastructure";"NL";"CO2 emission factor Pt-Diesel";"Tractor-Trailer";"PROG";"%";2030;"0";"Removed policies";"Diesel"
"OPEX";"Diesel Infrastructure";"PL";"CO2 emission factor Pt-Diesel";"Rigid";"BAU";"%";2030;"0";"Removed policies";"Diesel"
"OPEX";"Diesel Infrastructure";"PL";"CO2 emission factor Pt-Diesel";"Tractor-Trailer";"BAU";"%";2030;"0";"Removed policies";"Diesel"
"OPEX";"Diesel Infrastructure";"PL";"CO2 emission factor Pt-Diesel";"Rigid";"PROG";"%";2030;"0";"Removed policies";"Diesel"
"OPEX";"Diesel Infrastructure";"PL";"CO2 emission factor Pt-Diesel";"Tractor-Trailer";"PROG";"%";2030;"0";"Removed policies";"Diesel"
"OPEX";"Diesel Infrastructure";"UK";"CO2 emission factor Pt-Diesel";"Rigid";"BAU";"%";2030;"0";"Removed policies";"Diesel"
"OPEX";"Diesel Infrastructure";"UK";"CO2 emission factor Pt-Diesel";"Tractor-Trailer";"BAU";"%";2030;"0";"Removed policies";"Diesel"
"OPEX";"Diesel Infrastructure";"UK";"CO2 emission factor Pt-Diesel";"Rigid";"PROG";"%";2030;"0";"Removed policies";"Diesel"
"OPEX";"Diesel Infrastructure";"UK";"CO2 emission factor Pt-Diesel";"Tractor-Trailer";"PROG";"%";2030;"0";"Removed policies";"Diesel"
"OPEX";"Taxes";"DE";"Network Costs - MCS";"Rigid";"BAU";"EUR/kWh";2030;"0.036";"Removed policies";"Electricity"
"OPEX";"Taxes";"DE";"Network Costs - MCS";"Tractor-Trailer";"BAU";"EUR/kWh";2030;"0.036";"Removed policies";"Electricity"
"OPEX";"Taxes";"ES";"Network Costs - MCS";"Rigid";"BAU";"EUR/kWh";2030;"0.02";"Removed policies";"Electricity"
"OPEX";"Taxes";"ES";"Network Costs - MCS";"Tractor-Trailer";"BAU";"EUR/kWh";2030;"0.02";"Removed policies";"Electricity"
"OPEX";"Taxes";"FR";"Network Costs - MCS";"Rigid";"BAU";"EUR/kWh";2030;"0.019";"Removed policies";"Electricity"
"OPEX";"Taxes";"FR";"Network Costs - MCS";"Tractor-Trailer";"BAU";"EUR/kWh";2030;"0.019";"Removed policies";"Electricity"
"OPEX";"Taxes";"IT";"Network Costs - MCS";"Rigid";"BAU";"EUR/kWh";2030;"0.016";"Removed policies";"Electricity"
"OPEX";"Taxes";"IT";"Network Costs - MCS";"Tractor-Trailer";"BAU";"EUR/kWh";2030;"0.016";"Removed policies";"Electricity"
"OPEX";"Taxes";"NL";"Network Costs - MCS";"Rigid";"BAU";"EUR/kWh";2030;"0.017";"Removed policies";"Electricity"
"OPEX";"Taxes";"NL";"Network Costs - MCS";"Tractor-Trailer";"BAU";"EUR/kWh";2030;"0.017";"Removed policies";"Electricity"
"OPEX";"Taxes";"PL";"Network Costs - MCS";"Rigid";"BAU";"EUR/kWh";2030;"0.02";"Removed policies";"Electricity"
"OPEX";"Taxes";"PL";"Network Costs - MCS";"Tractor-Trailer";"BAU";"EUR/kWh";2030;"0.02";"Removed policies";"Electricity"
"OPEX";"Taxes";"UK";"Network Costs - MCS";"Rigid";"BAU";"EUR/kWh";2030;"0.028";"Removed policies";"Electricity"
"OPEX";"Taxes";"UK";"Network Costs - MCS";"Tractor-Trailer";"BAU";"EUR/kWh";2030;"0.028";"Removed policies";"Electricity"
"OPEX";"Taxes";"DE";"Taxes, Fees, Levies and charges - MCS";"Rigid";"BAU";"EUR/kWh";2030;"0.068";"Removed policies";"Electricity"
"OPEX";"Taxes";"DE";"Taxes, Fees, Levies and charges - MCS";"Tractor-Trailer";"BAU";"EUR/kWh";2030;"0.068";"Removed policies";"Electricity"
"OPEX";"Taxes";"ES";"Taxes, Fees, Levies and charges - MCS";"Rigid";"BAU";"EUR/kWh";2030;"0.039";"Removed policies";"Electricity"
"OPEX";"Taxes";"ES";"Taxes, Fees, Levies and charges - MCS";"Tractor-Trailer";"BAU";"EUR/kWh";2030;"0.039";"Removed policies";"Electricity"
"OPEX";"Taxes";"FR";"Taxes, Fees, Levies and charges - MCS";"Rigid";"BAU";"EUR/kWh";2030;"0.032";"Removed policies";"Electricity"
"OPEX";"Taxes";"FR";"Taxes, Fees, Levies and charges - MCS";"Tractor-Trailer";"BAU";"EUR/kWh";2030;"0.032";"Removed policies";"Electricity"
"OPEX";"Taxes";"IT";"Taxes, Fees, Levies and charges - MCS";"Rigid";"BAU";"EUR/kWh";2030;"0.067";"Removed policies";"Electricity"
"OPEX";"Taxes";"IT";"Taxes, Fees, Levies and charges - MCS";"Tractor-Trailer";"BAU";"EUR/kWh";2030;"0.067";"Removed policies";"Electricity"
"OPEX";"Taxes";"NL";"Taxes, Fees, Levies and charges - MCS";"Rigid";"BAU";"EUR/kWh";2030;"0.055";"Removed policies";"Electricity"
"OPEX";"Taxes";"NL";"Taxes, Fees, Levies and charges - MCS";"Tractor-Trailer";"BAU";"EUR/kWh";2030;"0.055";"Removed policies";"Electricity"
"OPEX";"Taxes";"PL";"Taxes, Fees, Levies and charges - MCS";"Rigid";"BAU";"EUR/kWh";2030;"0.05";"Removed policies";"Electricity"
"OPEX";"Taxes";"PL";"Taxes, Fees, Levies and charges - MCS";"Tractor-Trailer";"BAU";"EUR/kWh";2030;"0.05";"Removed policies";"Electricity"
"OPEX";"Taxes";"UK";"Taxes, Fees, Levies and charges - MCS";"Rigid";"BAU";"EUR/kWh";2030;"0.078";"Removed policies";"Electricity"
"OPEX";"Taxes";"UK";"Taxes, Fees, Levies and charges - MCS";"Tractor-Trailer";"BAU";"EUR/kWh";2030;"0.078";"Removed policies";"Electricity"
"OPEX";"Taxes";"DE";"Network Costs - Depot";"Rigid";"BAU";"EUR/kWh";2030;"0.051";"Removed policies";"Electricity"
"OPEX";"Taxes";"DE";"Network Costs - Depot";"Tractor-Trailer";"BAU";"EUR/kWh";2030;"0.051";"Removed policies";"Electricity"
"OPEX";"Taxes";"ES";"Network Costs - Depot";"Rigid";"BAU";"EUR/kWh";2030;"0.041";"Removed policies";"Electricity"
"OPEX";"Taxes";"ES";"Network Costs - Depot";"Tractor-Trailer";"BAU";"EUR/kWh";2030;"0.041";"Removed policies";"Electricity"
"OPEX";"Taxes";"FR";"Network Costs - Depot";"Rigid";"BAU";"EUR/kWh";2030;"0.031";"Removed policies";"Electricity"
"OPEX";"Taxes";"FR";"Network Costs - Depot";"Tractor-Trailer";"BAU";"EUR/kWh";2030;"0.031";"Removed policies";"Electricity"
"OPEX";"Taxes";"IT";"Network Costs - Depot";"Rigid";"BAU";"EUR/kWh";2030;"0.021";"Removed policies";"Electricity"
"OPEX";"Taxes";"IT";"Network Costs - Depot";"Tractor-Trailer";"BAU";"EUR/kWh";2030;"0.021";"Removed policies";"Electricity"
"OPEX";"Taxes";"NL";"Network Costs - Depot";"Rigid";"BAU";"EUR/kWh";2030;"0.022";"Removed policies";"Electricity"
"OPEX";"Taxes";"NL";"Network Costs - Depot";"Tractor-Trailer";"BAU";"EUR/kWh";2030;"0.022";"Removed policies";"Electricity"
"OPEX";"Taxes";"PL";"Network Costs - Depot";"Rigid";"BAU";"EUR/kWh";2030;"0.032";"Removed policies";"Electricity"
"OPEX";"Taxes";"PL";"Network Costs - Depot";"Tractor-Trailer";"BAU";"EUR/kWh";2030;"0.032";"Removed policies";"Electricity"
"OPEX";"Taxes";"UK";"Network Costs - Depot";"Rigid";"BAU";"EUR/kWh";2030;"0.032";"Removed policies";"Electricity"
"OPEX";"Taxes";"UK";"Network Costs - Depot";"Tractor-Trailer";"BAU";"EUR/kWh";2030;"0.032";"Removed policies";"Electricity"
"OPEX";"Taxes";"DE";"Taxes, Fees, Levies and charges - Depot";"Rigid";"BAU";"EUR/kWh";2030;"0.078";"Removed policies";"Electricity"
"OPEX";"Taxes";"DE";"Taxes, Fees, Levies and charges - Depot";"Tractor-Trailer";"BAU";"EUR/kWh";2030;"0.078";"Removed policies";"Electricity"
"OPEX";"Taxes";"ES";"Taxes, Fees, Levies and charges - Depot";"Rigid";"BAU";"EUR/kWh";2030;"0.067";"Removed policies";"Electricity"
"OPEX";"Taxes";"ES";"Taxes, Fees, Levies and charges - Depot";"Tractor-Trailer";"BAU";"EUR/kWh";2030;"0.067";"Removed policies";"Electricity"
"OPEX";"Taxes";"FR";"Taxes, Fees, Levies and charges - Depot";"Rigid";"BAU";"EUR/kWh";2030;"0.048";"Removed policies";"Electricity"
"OPEX";"Taxes";"FR";"Taxes, Fees, Levies and charges - Depot";"Tractor-Trailer";"BAU";"EUR/kWh";2030;"0.048";"Removed policies";"Electricity"
"OPEX";"Taxes";"IT";"Taxes, Fees, Levies and charges - Depot";"Rigid";"BAU";"EUR/kWh";2030;"0.103";"Removed policies";"Electricity"
"OPEX";"Taxes";"IT";"Taxes, Fees, Levies and charges - Depot";"Tractor-Trailer";"BAU";"EUR/kWh";2030;"0.103";"Removed policies";"Electricity"
"OPEX";"Taxes";"NL";"Taxes, Fees, Levies and charges - Depot";"Rigid";"BAU";"EUR/kWh";2030;"0.062";"Removed policies";"Electricity"
"OPEX";"Taxes";"NL";"Taxes, Fees, Levies and charges - Depot";"Tractor-Trailer";"BAU";"EUR/kWh";2030;"0.062";"Removed policies";"Electricity"
"OPEX";"Taxes";"PL";"Taxes, Fees, Levies and charges - Depot";"Rigid";"BAU";"EUR/kWh";2030;"0.056";"Removed policies";"Electricity"
"OPEX";"Taxes";"PL";"Taxes, Fees, Levies and charges - Depot";"Tractor-Trailer";"BAU";"EUR/kWh";2030;"0.056";"Removed policies";"Electricity"
"OPEX";"Taxes";"UK";"Taxes, Fees, Levies and charges - Depot";"Rigid";"BAU";"EUR/kWh";2030;"0.086";"Removed policies";"Electricity"
"OPEX";"Taxes";"UK";"Taxes, Fees, Levies and charges - Depot";"Tractor-Trailer";"BAU";"EUR/kWh";2030;"0.086";"Removed policies";"Electricity"
"OPEX";"H2 Infrastructure";"DE";"HRS costs";"Rigid";"BAU";"EUR/kg H2";2030;"1.7";"Removed policies";"Hydrogen"
"OPEX";"H2 Infrastructure";"DE";"HRS costs";"Tractor-Trailer";"BAU";"EUR/kg H2";2030;"1.7";"Removed policies";"Hydrogen"
"OPEX";"H2 Infrastructure";"ES";"HRS costs";"Rigid";"BAU";"EUR/kg H2";2030;"1.7";"Removed policies";"Hydrogen"
"OPEX";"H2 Infrastructure";"ES";"HRS costs";"Tractor-Trailer";"BAU";"EUR/kg H2";2030;"1.7";"Removed policies";"Hydrogen"
"OPEX";"H2 Infrastructure";"FR";"HRS costs";"Rigid";"BAU";"EUR/kg H2";2030;"1.7";"Removed policies";"Hydrogen"
"OPEX";"H2 Infrastructure";"FR";"HRS costs";"Tractor-Trailer";"BAU";"EUR/kg H2";2030;"1.7";"Removed policies";"Hydrogen"
"OPEX";"H2 Infrastructure";"IT";"HRS costs";"Rigid";"BAU";"EUR/kg H2";2030;"1.7";"Removed policies";"Hydrogen"
"OPEX";"H2 Infrastructure";"IT";"HRS costs";"Tractor-Trailer";"BAU";"EUR/kg H2";2030;"1.7";"Removed policies";"Hydrogen"
"OPEX";"H2 Infrastructure";"NL";"HRS costs";"Rigid";"BAU";"EUR/kg H2";2030;"1.7";"Removed policies";"Hydrogen"
"OPEX";"H2 Infrastructure";"NL";"HRS costs";"Tractor-Trailer";"BAU";"EUR/kg H2";2030;"1.7";"Removed policies";"Hydrogen"
"OPEX";"H2 Infrastructure";"PL";"HRS costs";"Rigid";"BAU";"EUR/kg H2";2030;"1.7";"Removed policies";"Hydrogen"
"OPEX";"H2 Infrastructure";"PL";"HRS costs";"Tractor-Trailer";"BAU";"EUR/kg H2";2030;"1.7";"Removed policies";"Hydrogen"
"OPEX";"H2 Infrastructure";"UK";"HRS costs";"Rigid";"BAU";"EUR/kg H2";2030;"1.7";"Removed policies";"Hydrogen"
"OPEX";"H2 Infrastructure";"UK";"HRS costs";"Tractor-Trailer";"BAU";"EUR/kg H2";2030;"1.7";"Removed policies";"Hydrogen"
"OPEX";"H2 Infrastructure";"DE";"H2 transport and distribution";"Rigid";"BAU";"EUR/kg H2";2030;"1.5";"Removed policies";"Hydrogen"
"OPEX";"H2 Infrastructure";"DE";"H2 transport and distribution";"Tractor-Trailer";"BAU";"EUR/kg H2";2030;"1.5";"Removed policies";"Hydrogen"
"OPEX";"H2 Infrastructure";"ES";"H2 transport and distribution";"Rigid";"BAU";"EUR/kg H2";2030;"1.5";"Removed policies";"Hydrogen"
"OPEX";"H2 Infrastructure";"ES";"H2 transport and distribution";"Tractor-Trailer";"BAU";"EUR/kg H2";2030;"1.5";"Removed policies";"Hydrogen"
"OPEX";"H2 Infrastructure";"FR";"H2 transport and distribution";"Rigid";"BAU";"EUR/kg H2";2030;"1.5";"Removed policies";"Hydrogen"
"OPEX";"H2 Infrastructure";"FR";"H2 transport and distribution";"Tractor-Trailer";"BAU";"EUR/kg H2";2030;"1.5";"Removed policies";"Hydrogen"
"OPEX";"H2 Infrastructure";"IT";"H2 transport and distribution";"Rigid";"BAU";"EUR/kg H2";2030;"1.5";"Removed policies";"Hydrogen"
"OPEX";"H2 Infrastructure";"IT";"H2 transport and distribution";"Tractor-Trailer";"BAU";"EUR/kg H2";2030;"1.5";"Removed policies";"Hydrogen"
"OPEX";"H2 Infrastructure";"NL";"H2 transport and distribution";"Rigid";"BAU";"EUR/kg H2";2030;"1.5";"Removed policies";"Hydrogen"
"OPEX";"H2 Infrastructure";"NL";"H2 transport and distribution";"Tractor-Trailer";"BAU";"EUR/kg H2";2030;"1.5";"Removed policies";"Hydrogen"
"OPEX";"H2 Infrastructure";"PL";"H2 transport and distribution";"Rigid";"BAU";"EUR/kg H2";2030;"1.5";"Removed policies";"Hydrogen"
"OPEX";"H2 Infrastructure";"PL";"H2 transport and distribution";"Tractor-Trailer";"BAU";"EUR/kg H2";2030;"1.5";"Removed policies";"Hydrogen"
"OPEX";"H2 Infrastructure";"UK";"H2 transport and distribution";"Rigid";"BAU";"EUR/kg H2";2030;"1.5";"Removed policies";"Hydrogen"
"OPEX";"H2 Infrastructure";"UK";"H2 transport and distribution";"Tractor-Trailer";"BAU";"EUR/kg H2";2030;"1.5";"Removed policies";"Hydrogen"
"OPEX";"H2 Infrastructure";"DE";"HRS Overhead, Profit and Mark-Up";"Rigid";"BAU";"EUR/kg H2";2030;"0.25";"Removed policies";"Hydrogen"
"OPEX";"H2 Infrastructure";"DE";"HRS Overhead, Profit and Mark-Up";"Tractor-Trailer";"BAU";"EUR/kg H2";2030;"0.25";"Removed policies";"Hydrogen"
"OPEX";"H2 Infrastructure";"ES";"HRS Overhead, Profit and Mark-Up";"Rigid";"BAU";"EUR/kg H2";2030;"0.25";"Removed policies";"Hydrogen"
"OPEX";"H2 Infrastructure";"ES";"HRS Overhead, Profit and Mark-Up";"Tractor-Trailer";"BAU";"EUR/kg H2";2030;"0.25";"Removed policies";"Hydrogen"
"OPEX";"H2 Infrastructure";"FR";"HRS Overhead, Profit and Mark-Up";"Rigid";"BAU";"EUR/kg H2";2030;"0.25";"Removed policies";"Hydrogen"
"OPEX";"H2 Infrastructure";"FR";"HRS Overhead, Profit and Mark-Up";"Tractor-Trailer";"BAU";"EUR/kg H2";2030;"0.25";"Removed policies";"Hydrogen"
"OPEX";"H2 Infrastructure";"IT";"HRS Overhead, Profit and Mark-Up";"Rigid";"BAU";"EUR/kg H2";2030;"0.25";"Removed policies";"Hydrogen"
"OPEX";"H2 Infrastructure";"IT";"HRS Overhead, Profit and Mark-Up";"Tractor-Trailer";"BAU";"EUR/kg H2";2030;"0.25";"Removed policies";"Hydrogen"
"OPEX";"H2 Infrastructure";"NL";"HRS Overhead, Profit and Mark-Up";"Rigid";"BAU";"EUR/kg H2";2030;"0.25";"Removed policies";"Hydrogen"
"OPEX";"H2 Infrastructure";"NL";"HRS Overhead, Profit and Mark-Up";"Tractor-Trailer";"BAU";"EUR/kg H2";2030;"0.25";"Removed policies";"Hydrogen"
"OPEX";"H2 Infrastructure";"PL";"HRS Overhead, Profit and Mark-Up";"Rigid";"BAU";"EUR/kg H2";2030;"0.25";"Removed policies";"Hydrogen"
"OPEX";"H2 Infrastructure";"PL";"HRS Overhead, Profit and Mark-Up";"Tractor-Trailer";"BAU";"EUR/kg H2";2030;"0.25";"Removed policies";"Hydrogen"
"OPEX";"H2 Infrastructure";"UK";"HRS Overhead, Profit and Mark-Up";"Rigid";"BAU";"EUR/kg H2";2030;"0.25";"Removed policies";"Hydrogen"
"OPEX";"H2 Infrastructure";"UK";"HRS Overhead, Profit and Mark-Up";"Tractor-Trailer";"BAU";"EUR/kg H2";2030;"0.25";"Removed policies";"Hydrogen"
"OPEX";"Charging Infrastructure";"DE";"MCS Station (Public Charging) - Incl. Overhead";"Rigid";"BAU";"EUR/kWh";2030;"0.143";"Removed policies";"Electricity"
"OPEX";"Charging Infrastructure";"DE";"MCS Station (Public Charging) - Incl. Overhead";"Tractor-Trailer";"BAU";"EUR/kWh";2030;"0.143";"Removed policies";"Electricity"
"OPEX";"Charging Infrastructure";"ES";"MCS Station (Public Charging) - Incl. Overhead";"Rigid";"BAU";"EUR/kWh";2030;"0.143";"Removed policies";"Electricity"
"OPEX";"Charging Infrastructure";"ES";"MCS Station (Public Charging) - Incl. Overhead";"Tractor-Trailer";"BAU";"EUR/kWh";2030;"0.143";"Removed policies";"Electricity"
"OPEX";"Charging Infrastructure";"FR";"MCS Station (Public Charging) - Incl. Overhead";"Rigid";"BAU";"EUR/kWh";2030;"0.143";"Removed policies";"Electricity"
"OPEX";"Charging Infrastructure";"FR";"MCS Station (Public Charging) - Incl. Overhead";"Tractor-Trailer";"BAU";"EUR/kWh";2030;"0.143";"Removed policies";"Electricity"
"OPEX";"Charging Infrastructure";"IT";"MCS Station (Public Charging) - Incl. Overhead";"Rigid";"BAU";"EUR/kWh";2030;"0.143";"Removed policies";"Electricity"
"OPEX";"Charging Infrastructure";"IT";"MCS Station (Public Charging) - Incl. Overhead";"Tractor-Trailer";"BAU";"EUR/kWh";2030;"0.143";"Removed policies";"Electricity"
"OPEX";"Charging Infrastructure";"NL";"MCS Station (Public Charging) - Incl. Overhead";"Rigid";"BAU";"EUR/kWh";2030;"0.143";"Removed policies";"Electricity"
"OPEX";"Charging Infrastructure";"NL";"MCS Station (Public Charging) - Incl. Overhead";"Tractor-Trailer";"BAU";"EUR/kWh";2030;"0.143";"Removed policies";"Electricity"
"OPEX";"Charging Infrastructure";"PL";"MCS Station (Public Charging) - Incl. Overhead";"Rigid";"BAU";"EUR/kWh";2030;"0.143";"Removed policies";"Electricity"
"OPEX";"Charging Infrastructure";"PL";"MCS Station (Public Charging) - Incl. Overhead";"Tractor-Trailer";"BAU";"EUR/kWh";2030;"0.143";"Removed policies";"Electricity"
"OPEX";"Charging Infrastructure";"UK";"MCS Station (Public Charging) - Incl. Overhead";"Rigid";"BAU";"EUR/kWh";2030;"0.143";"Removed policies";"Electricity"
"OPEX";"Charging Infrastructure";"UK";"MCS Station (Public Charging) - Incl. Overhead";"Tractor-Trailer";"BAU";"EUR/kWh";2030;"0.143";"Removed policies";"Electricity"
"OPEX";"Charging Infrastructure";"DE";"Share MCS-Charging";"Rigid";"BAU";"%";2030;"0.2";"Removed policies";"Electricity"
"OPEX";"Charging Infrastructure";"DE";"Share MCS-Charging";"Tractor-Trailer";"BAU";"%";2030;"0.2";"Removed policies";"Electricity"
"OPEX";"Charging Infrastructure";"ES";"Share MCS-Charging";"Rigid";"BAU";"%";2030;"0.2";"Removed policies";"Electricity"
"OPEX";"Charging Infrastructure";"ES";"Share MCS-Charging";"Tractor-Trailer";"BAU";"%";2030;"0.2";"Removed policies";"Electricity"
"OPEX";"Charging Infrastructure";"FR";"Share MCS-Charging";"Rigid";"BAU";"%";2030;"0.2";"Removed policies";"Electricity"
"OPEX";"Charging Infrastructure";"FR";"Share MCS-Charging";"Tractor-Trailer";"BAU";"%";2030;"0.2";"Removed policies";"Electricity"
"OPEX";"Charging Infrastructure";"IT";"Share MCS-Charging";"Rigid";"BAU";"%";2030;"0.2";"Removed policies";"Electricity"
"OPEX";"Charging Infrastructure";"IT";"Share MCS-Charging";"Tractor-Trailer";"BAU";"%";2030;"0.2";"Removed policies";"Electricity"
"OPEX";"Charging Infrastructure";"NL";"Share MCS-Charging";"Rigid";"BAU";"%";2030;"0.2";"Removed policies";"Electricity"
"OPEX";"Charging Infrastructure";"NL";"Share MCS-Charging";"Tractor-Trailer";"BAU";"%";2030;"0.2";"Removed policies";"Electricity"
"OPEX";"Charging Infrastructure";"PL";"Share MCS-Charging";"Rigid";"BAU";"%";2030;"0.2";"Removed policies";"Electricity"
"OPEX";"Charging Infrastructure";"PL";"Share MCS-Charging";"Tractor-Trailer";"BAU";"%";2030;"0.2";"Removed policies";"Electricity"
"OPEX";"Charging Infrastructure";"UK";"Share MCS-Charging";"Rigid";"BAU";"%";2030;"0.2";"Removed policies";"Electricity"
"OPEX";"Charging Infrastructure";"UK";"Share MCS-Charging";"Tractor-Trailer";"BAU";"%";2030;"0.2";"Removed policies";"Electricity"
"OPEX";"Charging Infrastructure";"DE";"Depot - Network fees savings potential";"Rigid";"BAU";"EUR/kWh";2030;"0";"Removed policies";"Electricity"
"OPEX";"Charging Infrastructure";"DE";"Depot - Network fees savings potential";"Tractor-Trailer";"BAU";"EUR/kWh";2030;"0";"Removed policies";"Electricity"
"OPEX";"Charging Infrastructure";"ES";"Depot - Network fees savings potential";"Rigid";"BAU";"EUR/kWh";2030;"0";"Removed policies";"Electricity"
"OPEX";"Charging Infrastructure";"ES";"Depot - Network fees savings potential";"Tractor-Trailer";"BAU";"EUR/kWh";2030;"0";"Removed policies";"Electricity"
"OPEX";"Charging Infrastructure";"FR";"Depot - Network fees savings potential";"Rigid";"BAU";"EUR/kWh";2030;"0";"Removed policies";"Electricity"
"OPEX";"Charging Infrastructure";"FR";"Depot - Network fees savings potential";"Tractor-Trailer";"BAU";"EUR/kWh";2030;"0";"Removed policies";"Electricity"
"OPEX";"Charging Infrastructure";"IT";"Depot - Network fees savings potential";"Rigid";"BAU";"EUR/kWh";2030;"0";"Removed policies";"Electricity"
"OPEX";"Charging Infrastructure";"IT";"Depot - Network fees savings potential";"Tractor-Trailer";"BAU";"EUR/kWh";2030;"0";"Removed policies";"Electricity"
"OPEX";"Charging Infrastructure";"NL";"Depot - Network fees savings potential";"Rigid";"BAU";"EUR/kWh";2030;"0";"Removed policies";"Electricity"
"OPEX";"Charging Infrastructure";"NL";"Depot - Network fees savings potential";"Tractor-Trailer";"BAU";"EUR/kWh";2030;"0";"Removed policies";"Electricity"
"OPEX";"Charging Infrastructure";"PL";"Depot - Network fees savings potential";"Rigid";"BAU";"EUR/kWh";2030;"0";"Removed policies";"Electricity"
"OPEX";"Charging Infrastructure";"PL";"Depot - Network fees savings potential";"Tractor-Trailer";"BAU";"EUR/kWh";2030;"0";"Removed policies";"Electricity"
"OPEX";"Charging Infrastructure";"UK";"Depot - Network fees savings potential";"Rigid";"BAU";"EUR/kWh";2030;"0";"Removed policies";"Electricity"
"OPEX";"Charging Infrastructure";"UK";"Depot - Network fees savings potential";"Tractor-Trailer";"BAU";"EUR/kWh";2030;"0";"Removed policies";"Electricity"
"OPEX";"Taxes";"DE";"Tax reduction";"Rigid";"BAU";"%";2030;"0";"Removed policies";"Hydrogen"
"OPEX";"Taxes";"DE";"Tax reduction";"Tractor-Trailer";"BAU";"%";2030;"0";"Removed policies";"Hydrogen"
"OPEX";"Taxes";"ES";"Tax reduction";"Rigid";"BAU";"%";2030;"0";"Removed policies";"Hydrogen"
"OPEX";"Taxes";"ES";"Tax reduction";"Tractor-Trailer";"BAU";"%";2030;"0";"Removed policies";"Hydrogen"
"OPEX";"Taxes";"FR";"Tax reduction";"Rigid";"BAU";"%";2030;"0";"Removed policies";"Hydrogen"
"OPEX";"Taxes";"FR";"Tax reduction";"Tractor-Trailer";"BAU";"%";2030;"0";"Removed policies";"Hydrogen"
"OPEX";"Taxes";"IT";"Tax reduction";"Rigid";"BAU";"%";2030;"0";"Removed policies";"Hydrogen"
"OPEX";"Taxes";"IT";"Tax reduction";"Tractor-Trailer";"BAU";"%";2030;"0";"Removed policies";"Hydrogen"
"OPEX";"Taxes";"NL";"Tax reduction";"Rigid";"BAU";"%";2030;"0";"Removed policies";"Hydrogen"
"OPEX";"Taxes";"NL";"Tax reduction";"Tractor-Trailer";"BAU";"%";2030;"0";"Removed policies";"Hydrogen"
"OPEX";"Taxes";"PL";"Tax reduction";"Rigid";"BAU";"%";2030;"0";"Removed policies";"Hydrogen"
"OPEX";"Taxes";"PL";"Tax reduction";"Tractor-Trailer";"BAU";"%";2030;"0";"Removed policies";"Hydrogen"
"OPEX";"Taxes";"UK";"Tax reduction";"Rigid";"BAU";"%";2030;"0";"Removed policies";"Hydrogen"
"OPEX";"Taxes";"UK";"Tax reduction";"Tractor-Trailer";"BAU";"%";2030;"0";"Removed policies";"Hydrogen"
"OPEX";"Taxes";"DE";"Increasing grid fees";"Rigid";"PROG";"%";2030;"0.1";"Removed policies";"Electricity"
"OPEX";"Taxes";"DE";"Increasing grid fees";"Tractor-Trailer";"PROG";"%";2030;"0.1";"Removed policies";"Electricity"
"OPEX";"Taxes";"ES";"Increasing grid fees";"Rigid";"PROG";"%";2030;"0.1";"Removed policies";"Electricity"
"OPEX";"Taxes";"ES";"Increasing grid fees";"Tractor-Trailer";"PROG";"%";2030;"0.1";"Removed policies";"Electricity"
"OPEX";"Taxes";"FR";"Increasing grid fees";"Rigid";"PROG";"%";2030;"0.1";"Removed policies";"Electricity"
"OPEX";"Taxes";"FR";"Increasing grid fees";"Tractor-Trailer";"PROG";"%";2030;"0.1";"Removed policies";"Electricity"
"OPEX";"Taxes";"IT";"Increasing grid fees";"Rigid";"PROG";"%";2030;"0.1";"Removed policies";"Electricity"
"OPEX";"Taxes";"IT";"Increasing grid fees";"Tractor-Trailer";"PROG";"%";2030;"0.1";"Removed policies";"Electricity"
"OPEX";"Taxes";"NL";"Increasing grid fees";"Rigid";"PROG";"%";2030;"0.1";"Removed policies";"Electricity"
"OPEX";"Taxes";"NL";"Increasing grid fees";"Tractor-Trailer";"PROG";"%";2030;"0.1";"Removed policies";"Electricity"
"OPEX";"Taxes";"PL";"Increasing grid fees";"Rigid";"PROG";"%";2030;"0.1";"Removed policies";"Electricity"
"OPEX";"Taxes";"PL";"Increasing grid fees";"Tractor-Trailer";"PROG";"%";2030;"0.1";"Removed policies";"Electricity"
"OPEX";"Taxes";"UK";"Increasing grid fees";"Rigid";"PROG";"%";2030;"0.1";"Removed policies";"Electricity"
"OPEX";"Taxes";"UK";"Increasing grid fees";"Tractor-Trailer";"PROG";"%";2030;"0.1";"Removed policies";"Electricity"
"OPEX";"Taxes";"DE";"Increasing grid fees";"Rigid";"BAU";"%";2030;"0.167";"Removed policies";"Electricity"
"OPEX";"Taxes";"DE";"Increasing grid fees";"Tractor-Trailer";"BAU";"%";2030;"0.167";"Removed policies";"Electricity"
"OPEX";"Taxes";"ES";"Increasing grid fees";"Rigid";"BAU";"%";2030;"0.167";"Removed policies";"Electricity"
"OPEX";"Taxes";"ES";"Increasing grid fees";"Tractor-Trailer";"BAU";"%";2030;"0.167";"Removed policies";"Electricity"
"OPEX";"Taxes";"FR";"Increasing grid fees";"Rigid";"BAU";"%";2030;"0.167";"Removed policies";"Electricity"
"OPEX";"Taxes";"FR";"Increasing grid fees";"Tractor-Trailer";"BAU";"%";2030;"0.167";"Removed policies";"Electricity"
"OPEX";"Taxes";"IT";"Increasing grid fees";"Rigid";"BAU";"%";2030;"0.167";"Removed policies";"Electricity"
"OPEX";"Taxes";"IT";"Increasing grid fees";"Tractor-Trailer";"BAU";"%";2030;"0.167";"Removed policies";"Electricity"
"OPEX";"Taxes";"NL";"Increasing grid fees";"Rigid";"BAU";"%";2030;"0.167";"Removed policies";"Electricity"
"OPEX";"Taxes";"NL";"Increasing grid fees";"Tractor-Trailer";"BAU";"%";2030;"0.167";"Removed policies";"Electricity"
"OPEX";"Taxes";"PL";"Increasing grid fees";"Rigid";"BAU";"%";2030;"0.167";"Removed policies";"Electricity"
"OPEX";"Taxes";"PL";"Increasing grid fees";"Tractor-Trailer";"BAU";"%";2030;"0.167";"Removed policies";"Electricity"
"OPEX";"Taxes";"UK";"Increasing grid fees";"Rigid";"BAU";"%";2030;"0.167";"Removed policies";"Electricity"
"OPEX";"Taxes";"UK";"Increasing grid fees";"Tractor-Trailer";"BAU";"%";2030;"0.167";"Removed policies";"Electricity"
"OPEX";"Taxes";"DE";"Network Costs - MCS";"Rigid";"PROG";"EUR/kWh";2035;"0.034";"Removed policies";"Electricity"
"OPEX";"Taxes";"DE";"Network Costs - MCS";"Tractor-Trailer";"PROG";"EUR/kWh";2035;"0.034";"Removed policies";"Electricity"
"OPEX";"Taxes";"ES";"Network Costs - MCS";"Rigid";"PROG";"EUR/kWh";2035;"0.014";"Removed policies";"Electricity"
"OPEX";"Taxes";"ES";"Network Costs - MCS";"Tractor-Trailer";"PROG";"EUR/kWh";2035;"0.014";"Removed policies";"Electricity"
"OPEX";"Taxes";"FR";"Network Costs - MCS";"Rigid";"PROG";"EUR/kWh";2035;"0.016";"Removed policies";"Electricity"
"OPEX";"Taxes";"FR";"Network Costs - MCS";"Tractor-Trailer";"PROG";"EUR/kWh";2035;"0.016";"Removed policies";"Electricity"
"OPEX";"Taxes";"IT";"Network Costs - MCS";"Rigid";"PROG";"EUR/kWh";2035;"0.014";"Removed policies";"Electricity"
"OPEX";"Taxes";"IT";"Network Costs - MCS";"Tractor-Trailer";"PROG";"EUR/kWh";2035;"0.014";"Removed policies";"Electricity"
"OPEX";"Taxes";"NL";"Network Costs - MCS";"Rigid";"PROG";"EUR/kWh";2035;"0.015";"Removed policies";"Electricity"
"OPEX";"Taxes";"NL";"Network Costs - MCS";"Tractor-Trailer";"PROG";"EUR/kWh";2035;"0.015";"Removed policies";"Electricity"
"OPEX";"Taxes";"PL";"Network Costs - MCS";"Rigid";"PROG";"EUR/kWh";2035;"0.016";"Removed policies";"Electricity"
"OPEX";"Taxes";"PL";"Network Costs - MCS";"Tractor-Trailer";"PROG";"EUR/kWh";2035;"0.016";"Removed policies";"Electricity"
"OPEX";"Taxes";"UK";"Network Costs - MCS";"Rigid";"PROG";"EUR/kWh";2035;"0.025";"Removed policies";"Electricity"
"OPEX";"Taxes";"UK";"Network Costs - MCS";"Tractor-Trailer";"PROG";"EUR/kWh";2035;"0.025";"Removed policies";"Electricity"
"OPEX";"Taxes";"DE";"Taxes, Fees, Levies and charges - MCS";"Rigid";"PROG";"EUR/kWh";2035;"0.056";"Removed policies";"Electricity"
"OPEX";"Taxes";"DE";"Taxes, Fees, Levies and charges - MCS";"Tractor-Trailer";"PROG";"EUR/kWh";2035;"0.056";"Removed policies";"Electricity"
"OPEX";"Taxes";"ES";"Taxes, Fees, Levies and charges - MCS";"Rigid";"PROG";"EUR/kWh";2035;"0.03";"Removed policies";"Electricity"
"OPEX";"Taxes";"ES";"Taxes, Fees, Levies and charges - MCS";"Tractor-Trailer";"PROG";"EUR/kWh";2035;"0.03";"Removed policies";"Electricity"
"OPEX";"Taxes";"FR";"Taxes, Fees, Levies and charges - MCS";"Rigid";"PROG";"EUR/kWh";2035;"0.027";"Removed policies";"Electricity"
"OPEX";"Taxes";"FR";"Taxes, Fees, Levies and charges - MCS";"Tractor-Trailer";"PROG";"EUR/kWh";2035;"0.027";"Removed policies";"Electricity"
"OPEX";"Taxes";"IT";"Taxes, Fees, Levies and charges - MCS";"Rigid";"PROG";"EUR/kWh";2035;"0.052";"Removed policies";"Electricity"
"OPEX";"Taxes";"IT";"Taxes, Fees, Levies and charges - MCS";"Tractor-Trailer";"PROG";"EUR/kWh";2035;"0.052";"Removed policies";"Electricity"
"OPEX";"Taxes";"NL";"Taxes, Fees, Levies and charges - MCS";"Rigid";"PROG";"EUR/kWh";2035;"0.048";"Removed policies";"Electricity"
"OPEX";"Taxes";"NL";"Taxes, Fees, Levies and charges - MCS";"Tractor-Trailer";"PROG";"EUR/kWh";2035;"0.048";"Removed policies";"Electricity"
"OPEX";"Taxes";"PL";"Taxes, Fees, Levies and charges - MCS";"Rigid";"PROG";"EUR/kWh";2035;"0.047";"Removed policies";"Electricity"
"OPEX";"Taxes";"PL";"Taxes, Fees, Levies and charges - MCS";"Tractor-Trailer";"PROG";"EUR/kWh";2035;"0.047";"Removed policies";"Electricity"
"OPEX";"Taxes";"UK";"Taxes, Fees, Levies and charges - MCS";"Rigid";"PROG";"EUR/kWh";2035;"0.075";"Removed policies";"Electricity"
"OPEX";"Taxes";"UK";"Taxes, Fees, Levies and charges - MCS";"Tractor-Trailer";"PROG";"EUR/kWh";2035;"0.075";"Removed policies";"Electricity"
"OPEX";"Taxes";"DE";"Network Costs - Depot";"Rigid";"PROG";"EUR/kWh";2035;"0.034";"Removed policies";"Electricity"
"OPEX";"Taxes";"DE";"Network Costs - Depot";"Tractor-Trailer";"PROG";"EUR/kWh";2035;"0.034";"Removed policies";"Electricity"
"OPEX";"Taxes";"ES";"Network Costs - Depot";"Rigid";"PROG";"EUR/kWh";2035;"0.018";"Removed policies";"Electricity"
"OPEX";"Taxes";"ES";"Network Costs - Depot";"Tractor-Trailer";"PROG";"EUR/kWh";2035;"0.018";"Removed policies";"Electricity"
"OPEX";"Taxes";"FR";"Network Costs - Depot";"Rigid";"PROG";"EUR/kWh";2035;"0.018";"Removed policies";"Electricity"
"OPEX";"Taxes";"FR";"Network Costs - Depot";"Tractor-Trailer";"PROG";"EUR/kWh";2035;"0.018";"Removed policies";"Electricity"
"OPEX";"Taxes";"IT";"Network Costs - Depot";"Rigid";"PROG";"EUR/kWh";2035;"0.016";"Removed policies";"Electricity"
"OPEX";"Taxes";"IT";"Network Costs - Depot";"Tractor-Trailer";"PROG";"EUR/kWh";2035;"0.016";"Removed policies";"Electricity"
"OPEX";"Taxes";"NL";"Network Costs - Depot";"Rigid";"PROG";"EUR/kWh";2035;"0.016";"Removed policies";"Electricity"
"OPEX";"Taxes";"NL";"Network Costs - Depot";"Tractor-Trailer";"PROG";"EUR/kWh";2035;"0.016";"Removed policies";"Electricity"
"OPEX";"Taxes";"PL";"Network Costs - Depot";"Rigid";"PROG";"EUR/kWh";2035;"0.019";"Removed policies";"Electricity"
"OPEX";"Taxes";"PL";"Network Costs - Depot";"Tractor-Trailer";"PROG";"EUR/kWh";2035;"0.019";"Removed policies";"Electricity"
"OPEX";"Taxes";"UK";"Network Costs - Depot";"Rigid";"PROG";"EUR/kWh";2035;"0.027";"Removed policies";"Electricity"
"OPEX";"Taxes";"UK";"Network Costs - Depot";"Tractor-Trailer";"PROG";"EUR/kWh";2035;"0.027";"Removed policies";"Electricity"
"OPEX";"Taxes";"DE";"Taxes, Fees, Levies and charges - Depot";"Rigid";"PROG";"EUR/kWh";2035;"0.056";"Removed policies";"Electricity"
"OPEX";"Taxes";"DE";"Taxes, Fees, Levies and charges - Depot";"Tractor-Trailer";"PROG";"EUR/kWh";2035;"0.056";"Removed policies";"Electricity"
"OPEX";"Taxes";"ES";"Taxes, Fees, Levies and charges - Depot";"Rigid";"PROG";"EUR/kWh";2035;"0.036";"Removed policies";"Electricity"
"OPEX";"Taxes";"ES";"Taxes, Fees, Levies and charges - Depot";"Tractor-Trailer";"PROG";"EUR/kWh";2035;"0.036";"Removed policies";"Electricity"
"OPEX";"Taxes";"FR";"Taxes, Fees, Levies and charges - Depot";"Rigid";"PROG";"EUR/kWh";2035;"0.03";"Removed policies";"Electricity"
"OPEX";"Taxes";"FR";"Taxes, Fees, Levies and charges - Depot";"Tractor-Trailer";"PROG";"EUR/kWh";2035;"0.03";"Removed policies";"Electricity"
"OPEX";"Taxes";"IT";"Taxes, Fees, Levies and charges - Depot";"Rigid";"PROG";"EUR/kWh";2035;"0.063";"Removed policies";"Electricity"
"OPEX";"Taxes";"IT";"Taxes, Fees, Levies and charges - Depot";"Tractor-Trailer";"PROG";"EUR/kWh";2035;"0.063";"Removed policies";"Electricity"
"OPEX";"Taxes";"NL";"Taxes, Fees, Levies and charges - Depot";"Rigid";"PROG";"EUR/kWh";2035;"0.055";"Removed policies";"Electricity"
"OPEX";"Taxes";"NL";"Taxes, Fees, Levies and charges - Depot";"Tractor-Trailer";"PROG";"EUR/kWh";2035;"0.055";"Removed policies";"Electricity"
"OPEX";"Taxes";"PL";"Taxes, Fees, Levies and charges - Depot";"Rigid";"PROG";"EUR/kWh";2035;"0.049";"Removed policies";"Electricity"
"OPEX";"Taxes";"PL";"Taxes, Fees, Levies and charges - Depot";"Tractor-Trailer";"PROG";"EUR/kWh";2035;"0.049";"Removed policies";"Electricity"
"OPEX";"Taxes";"UK";"Taxes, Fees, Levies and charges - Depot";"Rigid";"PROG";"EUR/kWh";2035;"0.084";"Removed policies";"Electricity"
"OPEX";"Taxes";"UK";"Taxes, Fees, Levies and charges - Depot";"Tractor-Trailer";"PROG";"EUR/kWh";2035;"0.084";"Removed policies";"Electricity"
"OPEX";"H2 Infrastructure";"DE";"HRS costs";"Rigid";"PROG";"EUR/kg H2";2035;"0.9";"Removed policies";"Hydrogen"
"OPEX";"H2 Infrastructure";"DE";"HRS costs";"Tractor-Trailer";"PROG";"EUR/kg H2";2035;"0.9";"Removed policies";"Hydrogen"
"OPEX";"H2 Infrastructure";"ES";"HRS costs";"Rigid";"PROG";"EUR/kg H2";2035;"0.9";"Removed policies";"Hydrogen"
"OPEX";"H2 Infrastructure";"ES";"HRS costs";"Tractor-Trailer";"PROG";"EUR/kg H2";2035;"0.9";"Removed policies";"Hydrogen"
"OPEX";"H2 Infrastructure";"FR";"HRS costs";"Rigid";"PROG";"EUR/kg H2";2035;"0.9";"Removed policies";"Hydrogen"
"OPEX";"H2 Infrastructure";"FR";"HRS costs";"Tractor-Trailer";"PROG";"EUR/kg H2";2035;"0.9";"Removed policies";"Hydrogen"
"OPEX";"H2 Infrastructure";"IT";"HRS costs";"Rigid";"PROG";"EUR/kg H2";2035;"0.9";"Removed policies";"Hydrogen"
"OPEX";"H2 Infrastructure";"IT";"HRS costs";"Tractor-Trailer";"PROG";"EUR/kg H2";2035;"0.9";"Removed policies";"Hydrogen"
"OPEX";"H2 Infrastructure";"NL";"HRS costs";"Rigid";"PROG";"EUR/kg H2";2035;"0.9";"Removed policies";"Hydrogen"
"OPEX";"H2 Infrastructure";"NL";"HRS costs";"Tractor-Trailer";"PROG";"EUR/kg H2";2035;"0.9";"Removed policies";"Hydrogen"
"OPEX";"H2 Infrastructure";"PL";"HRS costs";"Rigid";"PROG";"EUR/kg H2";2035;"0.9";"Removed policies";"Hydrogen"
"OPEX";"H2 Infrastructure";"PL";"HRS costs";"Tractor-Trailer";"PROG";"EUR/kg H2";2035;"0.9";"Removed policies";"Hydrogen"
"OPEX";"H2 Infrastructure";"UK";"HRS costs";"Rigid";"PROG";"EUR/kg H2";2035;"0.9";"Removed policies";"Hydrogen"
"OPEX";"H2 Infrastructure";"UK";"HRS costs";"Tractor-Trailer";"PROG";"EUR/kg H2";2035;"0.9";"Removed policies";"Hydrogen"
"OPEX";"H2 Infrastructure";"DE";"H2 transport and distribution";"Rigid";"PROG";"EUR/kg H2";2035;"0.833";"Removed policies";"Hydrogen"
"OPEX";"H2 Infrastructure";"DE";"H2 transport and distribution";"Tractor-Trailer";"PROG";"EUR/kg H2";2035;"0.833";"Removed policies";"Hydrogen"
"OPEX";"H2 Infrastructure";"ES";"H2 transport and distribution";"Rigid";"PROG";"EUR/kg H2";2035;"0.833";"Removed policies";"Hydrogen"
"OPEX";"H2 Infrastructure";"ES";"H2 transport and distribution";"Tractor-Trailer";"PROG";"EUR/kg H2";2035;"0.833";"Removed policies";"Hydrogen"
"OPEX";"H2 Infrastructure";"FR";"H2 transport and distribution";"Rigid";"PROG";"EUR/kg H2";2035;"0.833";"Removed policies";"Hydrogen"
"OPEX";"H2 Infrastructure";"FR";"H2 transport and distribution";"Tractor-Trailer";"PROG";"EUR/kg H2";2035;"0.833";"Removed policies";"Hydrogen"
"OPEX";"H2 Infrastructure";"IT";"H2 transport and distribution";"Rigid";"PROG";"EUR/kg H2";2035;"0.833";"Removed policies";"Hydrogen"
"OPEX";"H2 Infrastructure";"IT";"H2 transport and distribution";"Tractor-Trailer";"PROG";"EUR/kg H2";2035;"0.833";"Removed policies";"Hydrogen"
"OPEX";"H2 Infrastructure";"NL";"H2 transport and distribution";"Rigid";"PROG";"EUR/kg H2";2035;"0.833";"Removed policies";"Hydrogen"
"OPEX";"H2 Infrastructure";"NL";"H2 transport and distribution";"Tractor-Trailer";"PROG";"EUR/kg H2";2035;"0.833";"Removed policies";"Hydrogen"
"OPEX";"H2 Infrastructure";"PL";"H2 transport and distribution";"Rigid";"PROG";"EUR/kg H2";2035;"0.833";"Removed policies";"Hydrogen"
"OPEX";"H2 Infrastructure";"PL";"H2 transport and distribution";"Tractor-Trailer";"PROG";"EUR/kg H2";2035;"0.833";"Removed policies";"Hydrogen"
"OPEX";"H2 Infrastructure";"UK";"H2 transport and distribution";"Rigid";"PROG";"EUR/kg H2";2035;"0.833";"Removed policies";"Hydrogen"
"OPEX";"H2 Infrastructure";"UK";"H2 transport and distribution";"Tractor-Trailer";"PROG";"EUR/kg H2";2035;"0.833";"Removed policies";"Hydrogen"
"OPEX";"H2 Infrastructure";"DE";"HRS Overhead, Profit and Mark-Up";"Rigid";"PROG";"EUR/kg H2";2035;"0.25";"Removed policies";"Hydrogen"
"OPEX";"H2 Infrastructure";"DE";"HRS Overhead, Profit and Mark-Up";"Tractor-Trailer";"PROG";"EUR/kg H2";2035;"0.25";"Removed policies";"Hydrogen"
"OPEX";"H2 Infrastructure";"ES";"HRS Overhead, Profit and Mark-Up";"Rigid";"PROG";"EUR/kg H2";2035;"0.25";"Removed policies";"Hydrogen"
"OPEX";"H2 Infrastructure";"ES";"HRS Overhead, Profit and Mark-Up";"Tractor-Trailer";"PROG";"EUR/kg H2";2035;"0.25";"Removed policies";"Hydrogen"
"OPEX";"H2 Infrastructure";"FR";"HRS Overhead, Profit and Mark-Up";"Rigid";"PROG";"EUR/kg H2";2035;"0.25";"Removed policies";"Hydrogen"
"OPEX";"H2 Infrastructure";"FR";"HRS Overhead, Profit and Mark-Up";"Tractor-Trailer";"PROG";"EUR/kg H2";2035;"0.25";"Removed policies";"Hydrogen"
"OPEX";"H2 Infrastructure";"IT";"HRS Overhead, Profit and Mark-Up";"Rigid";"PROG";"EUR/kg H2";2035;"0.25";"Removed policies";"Hydrogen"
"OPEX";"H2 Infrastructure";"IT";"HRS Overhead, Profit and Mark-Up";"Tractor-Trailer";"PROG";"EUR/kg H2";2035;"0.25";"Removed policies";"Hydrogen"
"OPEX";"H2 Infrastructure";"NL";"HRS Overhead, Profit and Mark-Up";"Rigid";"PROG";"EUR/kg H2";2035;"0.25";"Removed policies";"Hydrogen"
"OPEX";"H2 Infrastructure";"NL";"HRS Overhead, Profit and Mark-Up";"Tractor-Trailer";"PROG";"EUR/kg H2";2035;"0.25";"Removed policies";"Hydrogen"
"OPEX";"H2 Infrastructure";"PL";"HRS Overhead, Profit and Mark-Up";"Rigid";"PROG";"EUR/kg H2";2035;"0.25";"Removed policies";"Hydrogen"
"OPEX";"H2 Infrastructure";"PL";"HRS Overhead, Profit and Mark-Up";"Tractor-Trailer";"PROG";"EUR/kg H2";2035;"0.25";"Removed policies";"Hydrogen"
"OPEX";"H2 Infrastructure";"UK";"HRS Overhead, Profit and Mark-Up";"Rigid";"PROG";"EUR/kg H2";2035;"0.25";"Removed policies";"Hydrogen"
"OPEX";"H2 Infrastructure";"UK";"HRS Overhead, Profit and Mark-Up";"Tractor-Trailer";"PROG";"EUR/kg H2";2035;"0.25";"Removed policies";"Hydrogen"
"OPEX";"Charging Infrastructure";"DE";"MCS Station (Public Charging) - Incl. Overhead";"Rigid";"PROG";"EUR/kWh";2035;"0.031";"Removed policies";"Electricity"
"OPEX";"Charging Infrastructure";"DE";"MCS Station (Public Charging) - Incl. Overhead";"Tractor-Trailer";"PROG";"EUR/kWh";2035;"0.031";"Removed policies";"Electricity"
"OPEX";"Charging Infrastructure";"ES";"MCS Station (Public Charging) - Incl. Overhead";"Rigid";"PROG";"EUR/kWh";2035;"0.031";"Removed policies";"Electricity"
"OPEX";"Charging Infrastructure";"ES";"MCS Station (Public Charging) - Incl. Overhead";"Tractor-Trailer";"PROG";"EUR/kWh";2035;"0.031";"Removed policies";"Electricity"
"OPEX";"Charging Infrastructure";"FR";"MCS Station (Public Charging) - Incl. Overhead";"Rigid";"PROG";"EUR/kWh";2035;"0.031";"Removed policies";"Electricity"
"OPEX";"Charging Infrastructure";"FR";"MCS Station (Public Charging) - Incl. Overhead";"Tractor-Trailer";"PROG";"EUR/kWh";2035;"0.031";"Removed policies";"Electricity"
"OPEX";"Charging Infrastructure";"IT";"MCS Station (Public Charging) - Incl. Overhead";"Rigid";"PROG";"EUR/kWh";2035;"0.031";"Removed policies";"Electricity"
"OPEX";"Charging Infrastructure";"IT";"MCS Station (Public Charging) - Incl. Overhead";"Tractor-Trailer";"PROG";"EUR/kWh";2035;"0.031";"Removed policies";"Electricity"
"OPEX";"Charging Infrastructure";"NL";"MCS Station (Public Charging) - Incl. Overhead";"Rigid";"PROG";"EUR/kWh";2035;"0.031";"Removed policies";"Electricity"
"OPEX";"Charging Infrastructure";"NL";"MCS Station (Public Charging) - Incl. Overhead";"Tractor-Trailer";"PROG";"EUR/kWh";2035;"0.031";"Removed policies";"Electricity"
"OPEX";"Charging Infrastructure";"PL";"MCS Station (Public Charging) - Incl. Overhead";"Rigid";"PROG";"EUR/kWh";2035;"0.031";"Removed policies";"Electricity"
"OPEX";"Charging Infrastructure";"PL";"MCS Station (Public Charging) - Incl. Overhead";"Tractor-Trailer";"PROG";"EUR/kWh";2035;"0.031";"Removed policies";"Electricity"
"OPEX";"Charging Infrastructure";"UK";"MCS Station (Public Charging) - Incl. Overhead";"Rigid";"PROG";"EUR/kWh";2035;"0.031";"Removed policies";"Electricity"
"OPEX";"Charging Infrastructure";"UK";"MCS Station (Public Charging) - Incl. Overhead";"Tractor-Trailer";"PROG";"EUR/kWh";2035;"0.031";"Removed policies";"Electricity"
"OPEX";"Charging Infrastructure";"DE";"Share MCS-Charging";"Rigid";"PROG";"%";2035;"0.2";"Removed policies";"Electricity"
"OPEX";"Charging Infrastructure";"DE";"Share MCS-Charging";"Tractor-Trailer";"PROG";"%";2035;"0.2";"Removed policies";"Electricity"
"OPEX";"Charging Infrastructure";"ES";"Share MCS-Charging";"Rigid";"PROG";"%";2035;"0.2";"Removed policies";"Electricity"
"OPEX";"Charging Infrastructure";"ES";"Share MCS-Charging";"Tractor-Trailer";"PROG";"%";2035;"0.2";"Removed policies";"Electricity"
"OPEX";"Charging Infrastructure";"FR";"Share MCS-Charging";"Rigid";"PROG";"%";2035;"0.2";"Removed policies";"Electricity"
"OPEX";"Charging Infrastructure";"FR";"Share MCS-Charging";"Tractor-Trailer";"PROG";"%";2035;"0.2";"Removed policies";"Electricity"
"OPEX";"Charging Infrastructure";"IT";"Share MCS-Charging";"Rigid";"PROG";"%";2035;"0.2";"Removed policies";"Electricity"
"OPEX";"Charging Infrastructure";"IT";"Share MCS-Charging";"Tractor-Trailer";"PROG";"%";2035;"0.2";"Removed policies";"Electricity"
"OPEX";"Charging Infrastructure";"NL";"Share MCS-Charging";"Rigid";"PROG";"%";2035;"0.2";"Removed policies";"Electricity"
"OPEX";"Charging Infrastructure";"NL";"Share MCS-Charging";"Tractor-Trailer";"PROG";"%";2035;"0.2";"Removed policies";"Electricity"
"OPEX";"Charging Infrastructure";"PL";"Share MCS-Charging";"Rigid";"PROG";"%";2035;"0.2";"Removed policies";"Electricity"
"OPEX";"Charging Infrastructure";"PL";"Share MCS-Charging";"Tractor-Trailer";"PROG";"%";2035;"0.2";"Removed policies";"Electricity"
"OPEX";"Charging Infrastructure";"UK";"Share MCS-Charging";"Rigid";"PROG";"%";2035;"0.2";"Removed policies";"Electricity"
"OPEX";"Charging Infrastructure";"UK";"Share MCS-Charging";"Tractor-Trailer";"PROG";"%";2035;"0.2";"Removed policies";"Electricity"
"OPEX";"Charging Infrastructure";"DE";"Depot - Network fees savings potential";"Rigid";"PROG";"EUR/kWh";2035;"-0.01";"Removed policies";"Electricity"
"OPEX";"Charging Infrastructure";"DE";"Depot - Network fees savings potential";"Tractor-Trailer";"PROG";"EUR/kWh";2035;"-0.01";"Removed policies";"Electricity"
"OPEX";"Charging Infrastructure";"ES";"Depot - Network fees savings potential";"Rigid";"PROG";"EUR/kWh";2035;"-0.01";"Removed policies";"Electricity"
"OPEX";"Charging Infrastructure";"ES";"Depot - Network fees savings potential";"Tractor-Trailer";"PROG";"EUR/kWh";2035;"-0.01";"Removed policies";"Electricity"
"OPEX";"Charging Infrastructure";"FR";"Depot - Network fees savings potential";"Rigid";"PROG";"EUR/kWh";2035;"-0.01";"Removed policies";"Electricity"
"OPEX";"Charging Infrastructure";"FR";"Depot - Network fees savings potential";"Tractor-Trailer";"PROG";"EUR/kWh";2035;"-0.01";"Removed policies";"Electricity"
"OPEX";"Charging Infrastructure";"IT";"Depot - Network fees savings potential";"Rigid";"PROG";"EUR/kWh";2035;"-0.01";"Removed policies";"Electricity"
"OPEX";"Charging Infrastructure";"IT";"Depot - Network fees savings potential";"Tractor-Trailer";"PROG";"EUR/kWh";2035;"-0.01";"Removed policies";"Electricity"
"OPEX";"Charging Infrastructure";"NL";"Depot - Network fees savings potential";"Rigid";"PROG";"EUR/kWh";2035;"-0.01";"Removed policies";"Electricity"
"OPEX";"Charging Infrastructure";"NL";"Depot - Network fees savings potential";"Tractor-Trailer";"PROG";"EUR/kWh";2035;"-0.01";"Removed policies";"Electricity"
"OPEX";"Charging Infrastructure";"PL";"Depot - Network fees savings potential";"Rigid";"PROG";"EUR/kWh";2035;"-0.01";"Removed policies";"Electricity"
"OPEX";"Charging Infrastructure";"PL";"Depot - Network fees savings potential";"Tractor-Trailer";"PROG";"EUR/kWh";2035;"-0.01";"Removed policies";"Electricity"
"OPEX";"Charging Infrastructure";"UK";"Depot - Network fees savings potential";"Rigid";"PROG";"EUR/kWh";2035;"-0.01";"Removed policies";"Electricity"
"OPEX";"Charging Infrastructure";"UK";"Depot - Network fees savings potential";"Tractor-Trailer";"PROG";"EUR/kWh";2035;"-0.01";"Removed policies";"Electricity"
"OPEX";"Taxes";"DE";"Tax reduction";"Rigid";"PROG";"%";2035;"0";"Removed policies";"Hydrogen"
"OPEX";"Taxes";"DE";"Tax reduction";"Tractor-Trailer";"PROG";"%";2035;"0";"Removed policies";"Hydrogen"
"OPEX";"Taxes";"ES";"Tax reduction";"Rigid";"PROG";"%";2035;"0";"Removed policies";"Hydrogen"
"OPEX";"Taxes";"ES";"Tax reduction";"Tractor-Trailer";"PROG";"%";2035;"0";"Removed policies";"Hydrogen"
"OPEX";"Taxes";"FR";"Tax reduction";"Rigid";"PROG";"%";2035;"0";"Removed policies";"Hydrogen"
"OPEX";"Taxes";"FR";"Tax reduction";"Tractor-Trailer";"PROG";"%";2035;"0";"Removed policies";"Hydrogen"
"OPEX";"Taxes";"IT";"Tax reduction";"Rigid";"PROG";"%";2035;"0";"Removed policies";"Hydrogen"
"OPEX";"Taxes";"IT";"Tax reduction";"Tractor-Trailer";"PROG";"%";2035;"0";"Removed policies";"Hydrogen"
"OPEX";"Taxes";"NL";"Tax reduction";"Rigid";"PROG";"%";2035;"0";"Removed policies";"Hydrogen"
"OPEX";"Taxes";"NL";"Tax reduction";"Tractor-Trailer";"PROG";"%";2035;"0";"Removed policies";"Hydrogen"
"OPEX";"Taxes";"PL";"Tax reduction";"Rigid";"PROG";"%";2035;"0";"Removed policies";"Hydrogen"
"OPEX";"Taxes";"PL";"Tax reduction";"Tractor-Trailer";"PROG";"%";2035;"0";"Removed policies";"Hydrogen"
"OPEX";"Taxes";"UK";"Tax reduction";"Rigid";"PROG";"%";2035;"0";"Removed policies";"Hydrogen"
"OPEX";"Taxes";"UK";"Tax reduction";"Tractor-Trailer";"PROG";"%";2035;"0";"Removed policies";"Hydrogen"
"OPEX";"Taxes";"DE";"Excise Duty - Diesel";"Rigid";"BAU";"EUR/kWh";2035;"0.047";"Removed policies";"Diesel"
"OPEX";"Taxes";"DE";"Excise Duty - Diesel";"Tractor-Trailer";"BAU";"EUR/kWh";2035;"0.047";"Removed policies";"Diesel"
"OPEX";"Taxes";"DE";"Excise Duty - Diesel";"Rigid";"PROG";"EUR/kWh";2035;"0.047";"Removed policies";"Diesel"
"OPEX";"Taxes";"DE";"Excise Duty - Diesel";"Tractor-Trailer";"PROG";"EUR/kWh";2035;"0.047";"Removed policies";"Diesel"
"OPEX";"Taxes";"ES";"Excise Duty - Diesel";"Rigid";"BAU";"EUR/kWh";2035;"0.038";"Removed policies";"Diesel"
"OPEX";"Taxes";"ES";"Excise Duty - Diesel";"Tractor-Trailer";"BAU";"EUR/kWh";2035;"0.038";"Removed policies";"Diesel"
"OPEX";"Taxes";"ES";"Excise Duty - Diesel";"Rigid";"PROG";"EUR/kWh";2035;"0.038";"Removed policies";"Diesel"
"OPEX";"Taxes";"ES";"Excise Duty - Diesel";"Tractor-Trailer";"PROG";"EUR/kWh";2035;"0.038";"Removed policies";"Diesel"
"OPEX";"Taxes";"FR";"Excise Duty - Diesel";"Rigid";"BAU";"EUR/kWh";2035;"0.06";"Removed policies";"Diesel"
"OPEX";"Taxes";"FR";"Excise Duty - Diesel";"Tractor-Trailer";"BAU";"EUR/kWh";2035;"0.06";"Removed policies";"Diesel"
"OPEX";"Taxes";"FR";"Excise Duty - Diesel";"Rigid";"PROG";"EUR/kWh";2035;"0.06";"Removed policies";"Diesel"
"OPEX";"Taxes";"FR";"Excise Duty - Diesel";"Tractor-Trailer";"PROG";"EUR/kWh";2035;"0.06";"Removed policies";"Diesel"
"OPEX";"Taxes";"IT";"Excise Duty - Diesel";"Rigid";"BAU";"EUR/kWh";2035;"0.062";"Removed policies";"Diesel"
"OPEX";"Taxes";"IT";"Excise Duty - Diesel";"Tractor-Trailer";"BAU";"EUR/kWh";2035;"0.062";"Removed policies";"Diesel"
"OPEX";"Taxes";"IT";"Excise Duty - Diesel";"Rigid";"PROG";"EUR/kWh";2035;"0.062";"Removed policies";"Diesel"
"OPEX";"Taxes";"IT";"Excise Duty - Diesel";"Tractor-Trailer";"PROG";"EUR/kWh";2035;"0.062";"Removed policies";"Diesel"
"OPEX";"Taxes";"NL";"Excise Duty - Diesel";"Rigid";"BAU";"EUR/kWh";2035;"0.053";"Removed policies";"Diesel"
"OPEX";"Taxes";"NL";"Excise Duty - Diesel";"Tractor-Trailer";"BAU";"EUR/kWh";2035;"0.053";"Removed policies";"Diesel"
"OPEX";"Taxes";"NL";"Excise Duty - Diesel";"Rigid";"PROG";"EUR/kWh";2035;"0.053";"Removed policies";"Diesel"
"OPEX";"Taxes";"NL";"Excise Duty - Diesel";"Tractor-Trailer";"PROG";"EUR/kWh";2035;"0.053";"Removed policies";"Diesel"
"OPEX";"Taxes";"PL";"Excise Duty - Diesel";"Rigid";"BAU";"EUR/kWh";2035;"0.033";"Removed policies";"Diesel"
"OPEX";"Taxes";"PL";"Excise Duty - Diesel";"Tractor-Trailer";"BAU";"EUR/kWh";2035;"0.033";"Removed policies";"Diesel"
"OPEX";"Taxes";"PL";"Excise Duty - Diesel";"Rigid";"PROG";"EUR/kWh";2035;"0.033";"Removed policies";"Diesel"
"OPEX";"Taxes";"PL";"Excise Duty - Diesel";"Tractor-Trailer";"PROG";"EUR/kWh";2035;"0.033";"Removed policies";"Diesel"
"OPEX";"Taxes";"UK";"Excise Duty - Diesel";"Rigid";"BAU";"EUR/kWh";2035;"0.053";"Removed policies";"Diesel"
"OPEX";"Taxes";"UK";"Excise Duty - Diesel";"Tractor-Trailer";"BAU";"EUR/kWh";2035;"0.053";"Removed policies";"Diesel"
"OPEX";"Taxes";"UK";"Excise Duty - Diesel";"Rigid";"PROG";"EUR/kWh";2035;"0.053";"Removed policies";"Diesel"
"OPEX";"Taxes";"UK";"Excise Duty - Diesel";"Tractor-Trailer";"PROG";"EUR/kWh";2035;"0.053";"Removed policies";"Diesel"
"OPEX";"Taxes";"DE";"Excise Duty - Reduction biodiesel";"Rigid";"BAU";"%";2035;"0.5";"Removed policies";"Diesel"
"OPEX";"Taxes";"DE";"Excise Duty - Reduction biodiesel";"Tractor-Trailer";"BAU";"%";2035;"0.5";"Removed policies";"Diesel"
"OPEX";"Taxes";"DE";"Excise Duty - Reduction biodiesel";"Rigid";"PROG";"%";2035;"0.5";"Removed policies";"Diesel"
"OPEX";"Taxes";"DE";"Excise Duty - Reduction biodiesel";"Tractor-Trailer";"PROG";"%";2035;"0.5";"Removed policies";"Diesel"
"OPEX";"Taxes";"ES";"Excise Duty - Reduction biodiesel";"Rigid";"BAU";"%";2035;"0.5";"Removed policies";"Diesel"
"OPEX";"Taxes";"ES";"Excise Duty - Reduction biodiesel";"Tractor-Trailer";"BAU";"%";2035;"0.5";"Removed policies";"Diesel"
"OPEX";"Taxes";"ES";"Excise Duty - Reduction biodiesel";"Rigid";"PROG";"%";2035;"0.5";"Removed policies";"Diesel"
"OPEX";"Taxes";"ES";"Excise Duty - Reduction biodiesel";"Tractor-Trailer";"PROG";"%";2035;"0.5";"Removed policies";"Diesel"
"OPEX";"Taxes";"FR";"Excise Duty - Reduction biodiesel";"Rigid";"BAU";"%";2035;"0.5";"Removed policies";"Diesel"
"OPEX";"Taxes";"FR";"Excise Duty - Reduction biodiesel";"Tractor-Trailer";"BAU";"%";2035;"0.5";"Removed policies";"Diesel"
"OPEX";"Taxes";"FR";"Excise Duty - Reduction biodiesel";"Rigid";"PROG";"%";2035;"0.5";"Removed policies";"Diesel"
"OPEX";"Taxes";"FR";"Excise Duty - Reduction biodiesel";"Tractor-Trailer";"PROG";"%";2035;"0.5";"Removed policies";"Diesel"
"OPEX";"Taxes";"IT";"Excise Duty - Reduction biodiesel";"Rigid";"BAU";"%";2035;"0.5";"Removed policies";"Diesel"
"OPEX";"Taxes";"IT";"Excise Duty - Reduction biodiesel";"Tractor-Trailer";"BAU";"%";2035;"0.5";"Removed policies";"Diesel"
"OPEX";"Taxes";"IT";"Excise Duty - Reduction biodiesel";"Rigid";"PROG";"%";2035;"0.5";"Removed policies";"Diesel"
"OPEX";"Taxes";"IT";"Excise Duty - Reduction biodiesel";"Tractor-Trailer";"PROG";"%";2035;"0.5";"Removed policies";"Diesel"
"OPEX";"Taxes";"NL";"Excise Duty - Reduction biodiesel";"Rigid";"BAU";"%";2035;"0.5";"Removed policies";"Diesel"
"OPEX";"Taxes";"NL";"Excise Duty - Reduction biodiesel";"Tractor-Trailer";"BAU";"%";2035;"0.5";"Removed policies";"Diesel"
"OPEX";"Taxes";"NL";"Excise Duty - Reduction biodiesel";"Rigid";"PROG";"%";2035;"0.5";"Removed policies";"Diesel"
"OPEX";"Taxes";"NL";"Excise Duty - Reduction biodiesel";"Tractor-Trailer";"PROG";"%";2035;"0.5";"Removed policies";"Diesel"
"OPEX";"Taxes";"PL";"Excise Duty - Reduction biodiesel";"Rigid";"BAU";"%";2035;"0.5";"Removed policies";"Diesel"
"OPEX";"Taxes";"PL";"Excise Duty - Reduction biodiesel";"Tractor-Trailer";"BAU";"%";2035;"0.5";"Removed policies";"Diesel"
"OPEX";"Taxes";"PL";"Excise Duty - Reduction biodiesel";"Rigid";"PROG";"%";2035;"0.5";"Removed policies";"Diesel"
"OPEX";"Taxes";"PL";"Excise Duty - Reduction biodiesel";"Tractor-Trailer";"PROG";"%";2035;"0.5";"Removed policies";"Diesel"
"OPEX";"Taxes";"UK";"Excise Duty - Reduction biodiesel";"Rigid";"BAU";"%";2035;"0.5";"Removed policies";"Diesel"
"OPEX";"Taxes";"UK";"Excise Duty - Reduction biodiesel";"Tractor-Trailer";"BAU";"%";2035;"0.5";"Removed policies";"Diesel"
"OPEX";"Taxes";"UK";"Excise Duty - Reduction biodiesel";"Rigid";"PROG";"%";2035;"0.5";"Removed policies";"Diesel"
"OPEX";"Taxes";"UK";"Excise Duty - Reduction biodiesel";"Tractor-Trailer";"PROG";"%";2035;"0.5";"Removed policies";"Diesel"
"OPEX";"Taxes";"DE";"Excise Duty - Reduction Synthetic Diesel (E-Fuels)";"Rigid";"BAU";"%";2035;"0.5";"Removed policies";"Diesel"
"OPEX";"Taxes";"DE";"Excise Duty - Reduction Synthetic Diesel (E-Fuels)";"Tractor-Trailer";"BAU";"%";2035;"0.5";"Removed policies";"Diesel"
"OPEX";"Taxes";"DE";"Excise Duty - Reduction Synthetic Diesel (E-Fuels)";"Rigid";"PROG";"%";2035;"0.5";"Removed policies";"Diesel"
"OPEX";"Taxes";"DE";"Excise Duty - Reduction Synthetic Diesel (E-Fuels)";"Tractor-Trailer";"PROG";"%";2035;"0.5";"Removed policies";"Diesel"
"OPEX";"Taxes";"ES";"Excise Duty - Reduction Synthetic Diesel (E-Fuels)";"Rigid";"BAU";"%";2035;"0.5";"Removed policies";"Diesel"
"OPEX";"Taxes";"ES";"Excise Duty - Reduction Synthetic Diesel (E-Fuels)";"Tractor-Trailer";"BAU";"%";2035;"0.5";"Removed policies";"Diesel"
"OPEX";"Taxes";"ES";"Excise Duty - Reduction Synthetic Diesel (E-Fuels)";"Rigid";"PROG";"%";2035;"0.5";"Removed policies";"Diesel"
"OPEX";"Taxes";"ES";"Excise Duty - Reduction Synthetic Diesel (E-Fuels)";"Tractor-Trailer";"PROG";"%";2035;"0.5";"Removed policies";"Diesel"
"OPEX";"Taxes";"FR";"Excise Duty - Reduction Synthetic Diesel (E-Fuels)";"Rigid";"BAU";"%";2035;"0.5";"Removed policies";"Diesel"
"OPEX";"Taxes";"FR";"Excise Duty - Reduction Synthetic Diesel (E-Fuels)";"Tractor-Trailer";"BAU";"%";2035;"0.5";"Removed policies";"Diesel"
"OPEX";"Taxes";"FR";"Excise Duty - Reduction Synthetic Diesel (E-Fuels)";"Rigid";"PROG";"%";2035;"0.5";"Removed policies";"Diesel"
"OPEX";"Taxes";"FR";"Excise Duty - Reduction Synthetic Diesel (E-Fuels)";"Tractor-Trailer";"PROG";"%";2035;"0.5";"Removed policies";"Diesel"
"OPEX";"Taxes";"IT";"Excise Duty - Reduction Synthetic Diesel (E-Fuels)";"Rigid";"BAU";"%";2035;"0.5";"Removed policies";"Diesel"
"OPEX";"Taxes";"IT";"Excise Duty - Reduction Synthetic Diesel (E-Fuels)";"Tractor-Trailer";"BAU";"%";2035;"0.5";"Removed policies";"Diesel"
"OPEX";"Taxes";"IT";"Excise Duty - Reduction Synthetic Diesel (E-Fuels)";"Rigid";"PROG";"%";2035;"0.5";"Removed policies";"Diesel"
"OPEX";"Taxes";"IT";"Excise Duty - Reduction Synthetic Diesel (E-Fuels)";"Tractor-Trailer";"PROG";"%";2035;"0.5";"Removed policies";"Diesel"
"OPEX";"Taxes";"NL";"Excise Duty - Reduction Synthetic Diesel (E-Fuels)";"Rigid";"BAU";"%";2035;"0.5";"Removed policies";"Diesel"
"OPEX";"Taxes";"NL";"Excise Duty - Reduction Synthetic Diesel (E-Fuels)";"Tractor-Trailer";"BAU";"%";2035;"0.5";"Removed policies";"Diesel"
"OPEX";"Taxes";"NL";"Excise Duty - Reduction Synthetic Diesel (E-Fuels)";"Rigid";"PROG";"%";2035;"0.5";"Removed policies";"Diesel"
"OPEX";"Taxes";"NL";"Excise Duty - Reduction Synthetic Diesel (E-Fuels)";"Tractor-Trailer";"PROG";"%";2035;"0.5";"Removed policies";"Diesel"
"OPEX";"Taxes";"PL";"Excise Duty - Reduction Synthetic Diesel (E-Fuels)";"Rigid";"BAU";"%";2035;"0.5";"Removed policies";"Diesel"
"OPEX";"Taxes";"PL";"Excise Duty - Reduction Synthetic Diesel (E-Fuels)";"Tractor-Trailer";"BAU";"%";2035;"0.5";"Removed policies";"Diesel"
"OPEX";"Taxes";"PL";"Excise Duty - Reduction Synthetic Diesel (E-Fuels)";"Rigid";"PROG";"%";2035;"0.5";"Removed policies";"Diesel"
"OPEX";"Taxes";"PL";"Excise Duty - Reduction Synthetic Diesel (E-Fuels)";"Tractor-Trailer";"PROG";"%";2035;"0.5";"Removed policies";"Diesel"
"OPEX";"Taxes";"UK";"Excise Duty - Reduction Synthetic Diesel (E-Fuels)";"Rigid";"BAU";"%";2035;"0.5";"Removed policies";"Diesel"
"OPEX";"Taxes";"UK";"Excise Duty - Reduction Synthetic Diesel (E-Fuels)";"Tractor-Trailer";"BAU";"%";2035;"0.5";"Removed policies";"Diesel"
"OPEX";"Taxes";"UK";"Excise Duty - Reduction Synthetic Diesel (E-Fuels)";"Rigid";"PROG";"%";2035;"0.5";"Removed policies";"Diesel"
"OPEX";"Taxes";"UK";"Excise Duty - Reduction Synthetic Diesel (E-Fuels)";"Tractor-Trailer";"PROG";"%";2035;"0.5";"Removed policies";"Diesel"
"OPEX";"Taxes";"DE";"Taxes, Fees, Levies and charges - H2";"Rigid";"BAU";"EUR/kWh";2035;"0.015";"Removed policies";"Hydrogen"
"OPEX";"Taxes";"DE";"Taxes, Fees, Levies and charges - H2";"Tractor-Trailer";"BAU";"EUR/kWh";2035;"0.015";"Removed policies";"Hydrogen"
"OPEX";"Taxes";"DE";"Taxes, Fees, Levies and charges - H2";"Rigid";"PROG";"EUR/kWh";2035;"0.015";"Removed policies";"Hydrogen"
"OPEX";"Taxes";"DE";"Taxes, Fees, Levies and charges - H2";"Tractor-Trailer";"PROG";"EUR/kWh";2035;"0.015";"Removed policies";"Hydrogen"
"OPEX";"Taxes";"ES";"Taxes, Fees, Levies and charges - H2";"Rigid";"BAU";"EUR/kWh";2035;"0.008";"Removed policies";"Hydrogen"
"OPEX";"Taxes";"ES";"Taxes, Fees, Levies and charges - H2";"Tractor-Trailer";"BAU";"EUR/kWh";2035;"0.008";"Removed policies";"Hydrogen"
"OPEX";"Taxes";"ES";"Taxes, Fees, Levies and charges - H2";"Rigid";"PROG";"EUR/kWh";2035;"0.008";"Removed policies";"Hydrogen"
"OPEX";"Taxes";"ES";"Taxes, Fees, Levies and charges - H2";"Tractor-Trailer";"PROG";"EUR/kWh";2035;"0.008";"Removed policies";"Hydrogen"
"OPEX";"Taxes";"FR";"Taxes, Fees, Levies and charges - H2";"Rigid";"BAU";"EUR/kWh";2035;"0.012";"Removed policies";"Hydrogen"
"OPEX";"Taxes";"FR";"Taxes, Fees, Levies and charges - H2";"Tractor-Trailer";"BAU";"EUR/kWh";2035;"0.012";"Removed policies";"Hydrogen"
"OPEX";"Taxes";"FR";"Taxes, Fees, Levies and charges - H2";"Rigid";"PROG";"EUR/kWh";2035;"0.012";"Removed policies";"Hydrogen"
"OPEX";"Taxes";"FR";"Taxes, Fees, Levies and charges - H2";"Tractor-Trailer";"PROG";"EUR/kWh";2035;"0.012";"Removed policies";"Hydrogen"
"OPEX";"Taxes";"IT";"Taxes, Fees, Levies and charges - H2";"Rigid";"BAU";"EUR/kWh";2035;"0.009";"Removed policies";"Hydrogen"
"OPEX";"Taxes";"IT";"Taxes, Fees, Levies and charges - H2";"Tractor-Trailer";"BAU";"EUR/kWh";2035;"0.009";"Removed policies";"Hydrogen"
"OPEX";"Taxes";"IT";"Taxes, Fees, Levies and charges - H2";"Rigid";"PROG";"EUR/kWh";2035;"0.009";"Removed policies";"Hydrogen"
"OPEX";"Taxes";"IT";"Taxes, Fees, Levies and charges - H2";"Tractor-Trailer";"PROG";"EUR/kWh";2035;"0.009";"Removed policies";"Hydrogen"
"OPEX";"Taxes";"NL";"Taxes, Fees, Levies and charges - H2";"Rigid";"BAU";"EUR/kWh";2035;"0.024";"Removed policies";"Hydrogen"
"OPEX";"Taxes";"NL";"Taxes, Fees, Levies and charges - H2";"Tractor-Trailer";"BAU";"EUR/kWh";2035;"0.024";"Removed policies";"Hydrogen"
"OPEX";"Taxes";"NL";"Taxes, Fees, Levies and charges - H2";"Rigid";"PROG";"EUR/kWh";2035;"0.024";"Removed policies";"Hydrogen"
"OPEX";"Taxes";"NL";"Taxes, Fees, Levies and charges - H2";"Tractor-Trailer";"PROG";"EUR/kWh";2035;"0.024";"Removed policies";"Hydrogen"
"OPEX";"Taxes";"PL";"Taxes, Fees, Levies and charges - H2";"Rigid";"BAU";"EUR/kWh";2035;"0.009";"Removed policies";"Hydrogen"
"OPEX";"Taxes";"PL";"Taxes, Fees, Levies and charges - H2";"Tractor-Trailer";"BAU";"EUR/kWh";2035;"0.009";"Removed policies";"Hydrogen"
"OPEX";"Taxes";"PL";"Taxes, Fees, Levies and charges - H2";"Rigid";"PROG";"EUR/kWh";2035;"0.009";"Removed policies";"Hydrogen"
"OPEX";"Taxes";"PL";"Taxes, Fees, Levies and charges - H2";"Tractor-Trailer";"PROG";"EUR/kWh";2035;"0.009";"Removed policies";"Hydrogen"
"OPEX";"Taxes";"UK";"Taxes, Fees, Levies and charges - H2";"Rigid";"BAU";"EUR/kWh";2035;"0.006";"Removed policies";"Hydrogen"
"OPEX";"Taxes";"UK";"Taxes, Fees, Levies and charges - H2";"Tractor-Trailer";"BAU";"EUR/kWh";2035;"0.006";"Removed policies";"Hydrogen"
"OPEX";"Taxes";"UK";"Taxes, Fees, Levies and charges - H2";"Rigid";"PROG";"EUR/kWh";2035;"0.006";"Removed policies";"Hydrogen"
"OPEX";"Taxes";"UK";"Taxes, Fees, Levies and charges - H2";"Tractor-Trailer";"PROG";"EUR/kWh";2035;"0.006";"Removed policies";"Hydrogen"
"OPEX";"Charging Infrastructure";"DE";"MCS grid extension";"Rigid";"PROG";"EUR/kWh";2035;"0.065";"Removed policies";"Electricity"
"OPEX";"Charging Infrastructure";"DE";"MCS grid extension";"Tractor-Trailer";"PROG";"EUR/kWh";2035;"0.065";"Removed policies";"Electricity"
"OPEX";"Charging Infrastructure";"DE";"MCS grid extension";"Rigid";"BAU";"EUR/kWh";2035;"0.065";"Removed policies";"Electricity"
"OPEX";"Charging Infrastructure";"DE";"MCS grid extension";"Tractor-Trailer";"BAU";"EUR/kWh";2035;"0.065";"Removed policies";"Electricity"
"OPEX";"Charging Infrastructure";"ES";"MCS grid extension";"Rigid";"PROG";"EUR/kWh";2035;"0.065";"Removed policies";"Electricity"
"OPEX";"Charging Infrastructure";"ES";"MCS grid extension";"Tractor-Trailer";"PROG";"EUR/kWh";2035;"0.065";"Removed policies";"Electricity"
"OPEX";"Charging Infrastructure";"ES";"MCS grid extension";"Rigid";"BAU";"EUR/kWh";2035;"0.065";"Removed policies";"Electricity"
"OPEX";"Charging Infrastructure";"ES";"MCS grid extension";"Tractor-Trailer";"BAU";"EUR/kWh";2035;"0.065";"Removed policies";"Electricity"
"OPEX";"Charging Infrastructure";"FR";"MCS grid extension";"Rigid";"PROG";"EUR/kWh";2035;"0.065";"Removed policies";"Electricity"
"OPEX";"Charging Infrastructure";"FR";"MCS grid extension";"Tractor-Trailer";"PROG";"EUR/kWh";2035;"0.065";"Removed policies";"Electricity"
"OPEX";"Charging Infrastructure";"FR";"MCS grid extension";"Rigid";"BAU";"EUR/kWh";2035;"0.065";"Removed policies";"Electricity"
"OPEX";"Charging Infrastructure";"FR";"MCS grid extension";"Tractor-Trailer";"BAU";"EUR/kWh";2035;"0.065";"Removed policies";"Electricity"
"OPEX";"Charging Infrastructure";"IT";"MCS grid extension";"Rigid";"PROG";"EUR/kWh";2035;"0.065";"Removed policies";"Electricity"
"OPEX";"Charging Infrastructure";"IT";"MCS grid extension";"Tractor-Trailer";"PROG";"EUR/kWh";2035;"0.065";"Removed policies";"Electricity"
"OPEX";"Charging Infrastructure";"IT";"MCS grid extension";"Rigid";"BAU";"EUR/kWh";2035;"0.065";"Removed policies";"Electricity"
"OPEX";"Charging Infrastructure";"IT";"MCS grid extension";"Tractor-Trailer";"BAU";"EUR/kWh";2035;"0.065";"Removed policies";"Electricity"
"OPEX";"Charging Infrastructure";"NL";"MCS grid extension";"Rigid";"PROG";"EUR/kWh";2035;"0.065";"Removed policies";"Electricity"
"OPEX";"Charging Infrastructure";"NL";"MCS grid extension";"Tractor-Trailer";"PROG";"EUR/kWh";2035;"0.065";"Removed policies";"Electricity"
"OPEX";"Charging Infrastructure";"NL";"MCS grid extension";"Rigid";"BAU";"EUR/kWh";2035;"0.065";"Removed policies";"Electricity"
"OPEX";"Charging Infrastructure";"NL";"MCS grid extension";"Tractor-Trailer";"BAU";"EUR/kWh";2035;"0.065";"Removed policies";"Electricity"
"OPEX";"Charging Infrastructure";"PL";"MCS grid extension";"Rigid";"PROG";"EUR/kWh";2035;"0.065";"Removed policies";"Electricity"
"OPEX";"Charging Infrastructure";"PL";"MCS grid extension";"Tractor-Trailer";"PROG";"EUR/kWh";2035;"0.065";"Removed policies";"Electricity"
"OPEX";"Charging Infrastructure";"PL";"MCS grid extension";"Rigid";"BAU";"EUR/kWh";2035;"0.065";"Removed policies";"Electricity"
"OPEX";"Charging Infrastructure";"PL";"MCS grid extension";"Tractor-Trailer";"BAU";"EUR/kWh";2035;"0.065";"Removed policies";"Electricity"
"OPEX";"Charging Infrastructure";"UK";"MCS grid extension";"Rigid";"PROG";"EUR/kWh";2035;"0.065";"Removed policies";"Electricity"
"OPEX";"Charging Infrastructure";"UK";"MCS grid extension";"Tractor-Trailer";"PROG";"EUR/kWh";2035;"0.065";"Removed policies";"Electricity"
"OPEX";"Charging Infrastructure";"UK";"MCS grid extension";"Rigid";"BAU";"EUR/kWh";2035;"0.065";"Removed policies";"Electricity"
"OPEX";"Charging Infrastructure";"UK";"MCS grid extension";"Tractor-Trailer";"BAU";"EUR/kWh";2035;"0.065";"Removed policies";"Electricity"
"OPEX";"Charging Infrastructure";"DE";"MCS Profit and Mark-Up";"Rigid";"PROG";"%";2035;"0.1";"Removed policies";"Electricity"
"OPEX";"Charging Infrastructure";"DE";"MCS Profit and Mark-Up";"Tractor-Trailer";"PROG";"%";2035;"0.1";"Removed policies";"Electricity"
"OPEX";"Charging Infrastructure";"DE";"MCS Profit and Mark-Up";"Rigid";"BAU";"%";2035;"0.1";"Removed policies";"Electricity"
"OPEX";"Charging Infrastructure";"DE";"MCS Profit and Mark-Up";"Tractor-Trailer";"BAU";"%";2035;"0.1";"Removed policies";"Electricity"
"OPEX";"Charging Infrastructure";"ES";"MCS Profit and Mark-Up";"Rigid";"PROG";"%";2035;"0.1";"Removed policies";"Electricity"
"OPEX";"Charging Infrastructure";"ES";"MCS Profit and Mark-Up";"Tractor-Trailer";"PROG";"%";2035;"0.1";"Removed policies";"Electricity"
"OPEX";"Charging Infrastructure";"ES";"MCS Profit and Mark-Up";"Rigid";"BAU";"%";2035;"0.1";"Removed policies";"Electricity"
"OPEX";"Charging Infrastructure";"ES";"MCS Profit and Mark-Up";"Tractor-Trailer";"BAU";"%";2035;"0.1";"Removed policies";"Electricity"
"OPEX";"Charging Infrastructure";"FR";"MCS Profit and Mark-Up";"Rigid";"PROG";"%";2035;"0.1";"Removed policies";"Electricity"
"OPEX";"Charging Infrastructure";"FR";"MCS Profit and Mark-Up";"Tractor-Trailer";"PROG";"%";2035;"0.1";"Removed policies";"Electricity"
"OPEX";"Charging Infrastructure";"FR";"MCS Profit and Mark-Up";"Rigid";"BAU";"%";2035;"0.1";"Removed policies";"Electricity"
"OPEX";"Charging Infrastructure";"FR";"MCS Profit and Mark-Up";"Tractor-Trailer";"BAU";"%";2035;"0.1";"Removed policies";"Electricity"
"OPEX";"Charging Infrastructure";"IT";"MCS Profit and Mark-Up";"Rigid";"PROG";"%";2035;"0.1";"Removed policies";"Electricity"
"OPEX";"Charging Infrastructure";"IT";"MCS Profit and Mark-Up";"Tractor-Trailer";"PROG";"%";2035;"0.1";"Removed policies";"Electricity"
"OPEX";"Charging Infrastructure";"IT";"MCS Profit and Mark-Up";"Rigid";"BAU";"%";2035;"0.1";"Removed policies";"Electricity"
"OPEX";"Charging Infrastructure";"IT";"MCS Profit and Mark-Up";"Tractor-Trailer";"BAU";"%";2035;"0.1";"Removed policies";"Electricity"
"OPEX";"Charging Infrastructure";"NL";"MCS Profit and Mark-Up";"Rigid";"PROG";"%";2035;"0.1";"Removed policies";"Electricity"
"OPEX";"Charging Infrastructure";"NL";"MCS Profit and Mark-Up";"Tractor-Trailer";"PROG";"%";2035;"0.1";"Removed policies";"Electricity"
"OPEX";"Charging Infrastructure";"NL";"MCS Profit and Mark-Up";"Rigid";"BAU";"%";2035;"0.1";"Removed policies";"Electricity"
"OPEX";"Charging Infrastructure";"NL";"MCS Profit and Mark-Up";"Tractor-Trailer";"BAU";"%";2035;"0.1";"Removed policies";"Electricity"
"OPEX";"Charging Infrastructure";"PL";"MCS Profit and Mark-Up";"Rigid";"PROG";"%";2035;"0.1";"Removed policies";"Electricity"
"OPEX";"Charging Infrastructure";"PL";"MCS Profit and Mark-Up";"Tractor-Trailer";"PROG";"%";2035;"0.1";"Removed policies";"Electricity"
"OPEX";"Charging Infrastructure";"PL";"MCS Profit and Mark-Up";"Rigid";"BAU";"%";2035;"0.1";"Removed policies";"Electricity"
"OPEX";"Charging Infrastructure";"PL";"MCS Profit and Mark-Up";"Tractor-Trailer";"BAU";"%";2035;"0.1";"Removed policies";"Electricity"
"OPEX";"Charging Infrastructure";"UK";"MCS Profit and Mark-Up";"Rigid";"PROG";"%";2035;"0.1";"Removed policies";"Electricity"
"OPEX";"Charging Infrastructure";"UK";"MCS Profit and Mark-Up";"Tractor-Trailer";"PROG";"%";2035;"0.1";"Removed policies";"Electricity"
"OPEX";"Charging Infrastructure";"UK";"MCS Profit and Mark-Up";"Rigid";"BAU";"%";2035;"0.1";"Removed policies";"Electricity"
"OPEX";"Charging Infrastructure";"UK";"MCS Profit and Mark-Up";"Tractor-Trailer";"BAU";"%";2035;"0.1";"Removed policies";"Electricity"
"OPEX";"Charging Infrastructure";"DE";"CCS Station (Depot) - Incl. Overhead";"Rigid";"PROG";"EUR/kWh";2035;"0.027";"Removed policies";"Electricity"
"OPEX";"Charging Infrastructure";"DE";"CCS Station (Depot) - Incl. Overhead";"Tractor-Trailer";"PROG";"EUR/kWh";2035;"0.027";"Removed policies";"Electricity"
"OPEX";"Charging Infrastructure";"DE";"CCS Station (Depot) - Incl. Overhead";"Rigid";"BAU";"EUR/kWh";2035;"0.027";"Removed policies";"Electricity"
"OPEX";"Charging Infrastructure";"DE";"CCS Station (Depot) - Incl. Overhead";"Tractor-Trailer";"BAU";"EUR/kWh";2035;"0.027";"Removed policies";"Electricity"
"OPEX";"Charging Infrastructure";"ES";"CCS Station (Depot) - Incl. Overhead";"Rigid";"PROG";"EUR/kWh";2035;"0.027";"Removed policies";"Electricity"
"OPEX";"Charging Infrastructure";"ES";"CCS Station (Depot) - Incl. Overhead";"Tractor-Trailer";"PROG";"EUR/kWh";2035;"0.027";"Removed policies";"Electricity"
"OPEX";"Charging Infrastructure";"ES";"CCS Station (Depot) - Incl. Overhead";"Rigid";"BAU";"EUR/kWh";2035;"0.027";"Removed policies";"Electricity"
"OPEX";"Charging Infrastructure";"ES";"CCS Station (Depot) - Incl. Overhead";"Tractor-Trailer";"BAU";"EUR/kWh";2035;"0.027";"Removed policies";"Electricity"
"OPEX";"Charging Infrastructure";"FR";"CCS Station (Depot) - Incl. Overhead";"Rigid";"PROG";"EUR/kWh";2035;"0.027";"Removed policies";"Electricity"
"OPEX";"Charging Infrastructure";"FR";"CCS Station (Depot) - Incl. Overhead";"Tractor-Trailer";"PROG";"EUR/kWh";2035;"0.027";"Removed policies";"Electricity"
"OPEX";"Charging Infrastructure";"FR";"CCS Station (Depot) - Incl. Overhead";"Rigid";"BAU";"EUR/kWh";2035;"0.027";"Removed policies";"Electricity"
"OPEX";"Charging Infrastructure";"FR";"CCS Station (Depot) - Incl. Overhead";"Tractor-Trailer";"BAU";"EUR/kWh";2035;"0.027";"Removed policies";"Electricity"
"OPEX";"Charging Infrastructure";"IT";"CCS Station (Depot) - Incl. Overhead";"Rigid";"PROG";"EUR/kWh";2035;"0.027";"Removed policies";"Electricity"
"OPEX";"Charging Infrastructure";"IT";"CCS Station (Depot) - Incl. Overhead";"Tractor-Trailer";"PROG";"EUR/kWh";2035;"0.027";"Removed policies";"Electricity"
"OPEX";"Charging Infrastructure";"IT";"CCS Station (Depot) - Incl. Overhead";"Rigid";"BAU";"EUR/kWh";2035;"0.027";"Removed policies";"Electricity"
"OPEX";"Charging Infrastructure";"IT";"CCS Station (Depot) - Incl. Overhead";"Tractor-Trailer";"BAU";"EUR/kWh";2035;"0.027";"Removed policies";"Electricity"
"OPEX";"Charging Infrastructure";"NL";"CCS Station (Depot) - Incl. Overhead";"Rigid";"PROG";"EUR/kWh";2035;"0.027";"Removed policies";"Electricity"
"OPEX";"Charging Infrastructure";"NL";"CCS Station (Depot) - Incl. Overhead";"Tractor-Trailer";"PROG";"EUR/kWh";2035;"0.027";"Removed policies";"Electricity"
"OPEX";"Charging Infrastructure";"NL";"CCS Station (Depot) - Incl. Overhead";"Rigid";"BAU";"EUR/kWh";2035;"0.027";"Removed policies";"Electricity"
"OPEX";"Charging Infrastructure";"NL";"CCS Station (Depot) - Incl. Overhead";"Tractor-Trailer";"BAU";"EUR/kWh";2035;"0.027";"Removed policies";"Electricity"
"OPEX";"Charging Infrastructure";"PL";"CCS Station (Depot) - Incl. Overhead";"Rigid";"PROG";"EUR/kWh";2035;"0.027";"Removed policies";"Electricity"
"OPEX";"Charging Infrastructure";"PL";"CCS Station (Depot) - Incl. Overhead";"Tractor-Trailer";"PROG";"EUR/kWh";2035;"0.027";"Removed policies";"Electricity"
"OPEX";"Charging Infrastructure";"PL";"CCS Station (Depot) - Incl. Overhead";"Rigid";"BAU";"EUR/kWh";2035;"0.027";"Removed policies";"Electricity"
"OPEX";"Charging Infrastructure";"PL";"CCS Station (Depot) - Incl. Overhead";"Tractor-Trailer";"BAU";"EUR/kWh";2035;"0.027";"Removed policies";"Electricity"
"OPEX";"Charging Infrastructure";"UK";"CCS Station (Depot) - Incl. Overhead";"Rigid";"PROG";"EUR/kWh";2035;"0.027";"Removed policies";"Electricity"
"OPEX";"Charging Infrastructure";"UK";"CCS Station (Depot) - Incl. Overhead";"Tractor-Trailer";"PROG";"EUR/kWh";2035;"0.027";"Removed policies";"Electricity"
"OPEX";"Charging Infrastructure";"UK";"CCS Station (Depot) - Incl. Overhead";"Rigid";"BAU";"EUR/kWh";2035;"0.027";"Removed policies";"Electricity"
"OPEX";"Charging Infrastructure";"UK";"CCS Station (Depot) - Incl. Overhead";"Tractor-Trailer";"BAU";"EUR/kWh";2035;"0.027";"Removed policies";"Electricity"
"OPEX";"Charging Infrastructure";"DE";"CCS grid extension";"Rigid";"PROG";"EUR/kWh";2035;"0.045";"Removed policies";"Electricity"
"OPEX";"Charging Infrastructure";"DE";"CCS grid extension";"Tractor-Trailer";"PROG";"EUR/kWh";2035;"0.045";"Removed policies";"Electricity"
"OPEX";"Charging Infrastructure";"DE";"CCS grid extension";"Rigid";"BAU";"EUR/kWh";2035;"0.045";"Removed policies";"Electricity"
"OPEX";"Charging Infrastructure";"DE";"CCS grid extension";"Tractor-Trailer";"BAU";"EUR/kWh";2035;"0.045";"Removed policies";"Electricity"
"OPEX";"Charging Infrastructure";"ES";"CCS grid extension";"Rigid";"PROG";"EUR/kWh";2035;"0.045";"Removed policies";"Electricity"
"OPEX";"Charging Infrastructure";"ES";"CCS grid extension";"Tractor-Trailer";"PROG";"EUR/kWh";2035;"0.045";"Removed policies";"Electricity"
"OPEX";"Charging Infrastructure";"ES";"CCS grid extension";"Rigid";"BAU";"EUR/kWh";2035;"0.045";"Removed policies";"Electricity"
"OPEX";"Charging Infrastructure";"ES";"CCS grid extension";"Tractor-Trailer";"BAU";"EUR/kWh";2035;"0.045";"Removed policies";"Electricity"
"OPEX";"Charging Infrastructure";"FR";"CCS grid extension";"Rigid";"PROG";"EUR/kWh";2035;"0.045";"Removed policies";"Electricity"
"OPEX";"Charging Infrastructure";"FR";"CCS grid extension";"Tractor-Trailer";"PROG";"EUR/kWh";2035;"0.045";"Removed policies";"Electricity"
"OPEX";"Charging Infrastructure";"FR";"CCS grid extension";"Rigid";"BAU";"EUR/kWh";2035;"0.045";"Removed policies";"Electricity"
"OPEX";"Charging Infrastructure";"FR";"CCS grid extension";"Tractor-Trailer";"BAU";"EUR/kWh";2035;"0.045";"Removed policies";"Electricity"
"OPEX";"Charging Infrastructure";"IT";"CCS grid extension";"Rigid";"PROG";"EUR/kWh";2035;"0.045";"Removed policies";"Electricity"
"OPEX";"Charging Infrastructure";"IT";"CCS grid extension";"Tractor-Trailer";"PROG";"EUR/kWh";2035;"0.045";"Removed policies";"Electricity"
"OPEX";"Charging Infrastructure";"IT";"CCS grid extension";"Rigid";"BAU";"EUR/kWh";2035;"0.045";"Removed policies";"Electricity"
"OPEX";"Charging Infrastructure";"IT";"CCS grid extension";"Tractor-Trailer";"BAU";"EUR/kWh";2035;"0.045";"Removed policies";"Electricity"
"OPEX";"Charging Infrastructure";"NL";"CCS grid extension";"Rigid";"PROG";"EUR/kWh";2035;"0.045";"Removed policies";"Electricity"
"OPEX";"Charging Infrastructure";"NL";"CCS grid extension";"Tractor-Trailer";"PROG";"EUR/kWh";2035;"0.045";"Removed policies";"Electricity"
"OPEX";"Charging Infrastructure";"NL";"CCS grid extension";"Rigid";"BAU";"EUR/kWh";2035;"0.045";"Removed policies";"Electricity"
"OPEX";"Charging Infrastructure";"NL";"CCS grid extension";"Tractor-Trailer";"BAU";"EUR/kWh";2035;"0.045";"Removed policies";"Electricity"
"OPEX";"Charging Infrastructure";"PL";"CCS grid extension";"Rigid";"PROG";"EUR/kWh";2035;"0.045";"Removed policies";"Electricity"
"OPEX";"Charging Infrastructure";"PL";"CCS grid extension";"Tractor-Trailer";"PROG";"EUR/kWh";2035;"0.045";"Removed policies";"Electricity"
"OPEX";"Charging Infrastructure";"PL";"CCS grid extension";"Rigid";"BAU";"EUR/kWh";2035;"0.045";"Removed policies";"Electricity"
"OPEX";"Charging Infrastructure";"PL";"CCS grid extension";"Tractor-Trailer";"BAU";"EUR/kWh";2035;"0.045";"Removed policies";"Electricity"
"OPEX";"Charging Infrastructure";"UK";"CCS grid extension";"Rigid";"PROG";"EUR/kWh";2035;"0.045";"Removed policies";"Electricity"
"OPEX";"Charging Infrastructure";"UK";"CCS grid extension";"Tractor-Trailer";"PROG";"EUR/kWh";2035;"0.045";"Removed policies";"Electricity"
"OPEX";"Charging Infrastructure";"UK";"CCS grid extension";"Rigid";"BAU";"EUR/kWh";2035;"0.045";"Removed policies";"Electricity"
"OPEX";"Charging Infrastructure";"UK";"CCS grid extension";"Tractor-Trailer";"BAU";"EUR/kWh";2035;"0.045";"Removed policies";"Electricity"
"OPEX";"Diesel Infrastructure";"DE";"Total Diesel Mark-Up";"Rigid";"BAU";"EUR/kWh";2035;"0.018";"Removed policies";"Diesel"
"OPEX";"Diesel Infrastructure";"DE";"Total Diesel Mark-Up";"Tractor-Trailer";"BAU";"EUR/kWh";2035;"0.018";"Removed policies";"Diesel"
"OPEX";"Diesel Infrastructure";"DE";"Total Diesel Mark-Up";"Rigid";"PROG";"EUR/kWh";2035;"0.018";"Removed policies";"Diesel"
"OPEX";"Diesel Infrastructure";"DE";"Total Diesel Mark-Up";"Tractor-Trailer";"PROG";"EUR/kWh";2035;"0.018";"Removed policies";"Diesel"
"OPEX";"Diesel Infrastructure";"ES";"Total Diesel Mark-Up";"Rigid";"BAU";"EUR/kWh";2035;"0.018";"Removed policies";"Diesel"
"OPEX";"Diesel Infrastructure";"ES";"Total Diesel Mark-Up";"Tractor-Trailer";"BAU";"EUR/kWh";2035;"0.018";"Removed policies";"Diesel"
"OPEX";"Diesel Infrastructure";"ES";"Total Diesel Mark-Up";"Rigid";"PROG";"EUR/kWh";2035;"0.018";"Removed policies";"Diesel"
"OPEX";"Diesel Infrastructure";"ES";"Total Diesel Mark-Up";"Tractor-Trailer";"PROG";"EUR/kWh";2035;"0.018";"Removed policies";"Diesel"
"OPEX";"Diesel Infrastructure";"FR";"Total Diesel Mark-Up";"Rigid";"BAU";"EUR/kWh";2035;"0.018";"Removed policies";"Diesel"
"OPEX";"Diesel Infrastructure";"FR";"Total Diesel Mark-Up";"Tractor-Trailer";"BAU";"EUR/kWh";2035;"0.018";"Removed policies";"Diesel"
"OPEX";"Diesel Infrastructure";"FR";"Total Diesel Mark-Up";"Rigid";"PROG";"EUR/kWh";2035;"0.018";"Removed policies";"Diesel"
"OPEX";"Diesel Infrastructure";"FR";"Total Diesel Mark-Up";"Tractor-Trailer";"PROG";"EUR/kWh";2035;"0.018";"Removed policies";"Diesel"
"OPEX";"Diesel Infrastructure";"IT";"Total Diesel Mark-Up";"Rigid";"BAU";"EUR/kWh";2035;"0.018";"Removed policies";"Diesel"
"OPEX";"Diesel Infrastructure";"IT";"Total Diesel Mark-Up";"Tractor-Trailer";"BAU";"EUR/kWh";2035;"0.018";"Removed policies";"Diesel"
"OPEX";"Diesel Infrastructure";"IT";"Total Diesel Mark-Up";"Rigid";"PROG";"EUR/kWh";2035;"0.018";"Removed policies";"Diesel"
"OPEX";"Diesel Infrastructure";"IT";"Total Diesel Mark-Up";"Tractor-Trailer";"PROG";"EUR/kWh";2035;"0.018";"Removed policies";"Diesel"
"OPEX";"Diesel Infrastructure";"NL";"Total Diesel Mark-Up";"Rigid";"BAU";"EUR/kWh";2035;"0.018";"Removed policies";"Diesel"
"OPEX";"Diesel Infrastructure";"NL";"Total Diesel Mark-Up";"Tractor-Trailer";"BAU";"EUR/kWh";2035;"0.018";"Removed policies";"Diesel"
"OPEX";"Diesel Infrastructure";"NL";"Total Diesel Mark-Up";"Rigid";"PROG";"EUR/kWh";2035;"0.018";"Removed policies";"Diesel"
"OPEX";"Diesel Infrastructure";"NL";"Total Diesel Mark-Up";"Tractor-Trailer";"PROG";"EUR/kWh";2035;"0.018";"Removed policies";"Diesel"
"OPEX";"Diesel Infrastructure";"PL";"Total Diesel Mark-Up";"Rigid";"BAU";"EUR/kWh";2035;"0.018";"Removed policies";"Diesel"
"OPEX";"Diesel Infrastructure";"PL";"Total Diesel Mark-Up";"Tractor-Trailer";"BAU";"EUR/kWh";2035;"0.018";"Removed policies";"Diesel"
"OPEX";"Diesel Infrastructure";"PL";"Total Diesel Mark-Up";"Rigid";"PROG";"EUR/kWh";2035;"0.018";"Removed policies";"Diesel"
"OPEX";"Diesel Infrastructure";"PL";"Total Diesel Mark-Up";"Tractor-Trailer";"PROG";"EUR/kWh";2035;"0.018";"Removed policies";"Diesel"
"OPEX";"Diesel Infrastructure";"UK";"Total Diesel Mark-Up";"Rigid";"BAU";"EUR/kWh";2035;"0.018";"Removed policies";"Diesel"
"OPEX";"Diesel Infrastructure";"UK";"Total Diesel Mark-Up";"Tractor-Trailer";"BAU";"EUR/kWh";2035;"0.018";"Removed policies";"Diesel"
"OPEX";"Diesel Infrastructure";"UK";"Total Diesel Mark-Up";"Rigid";"PROG";"EUR/kWh";2035;"0.018";"Removed policies";"Diesel"
"OPEX";"Diesel Infrastructure";"UK";"Total Diesel Mark-Up";"Tractor-Trailer";"PROG";"EUR/kWh";2035;"0.018";"Removed policies";"Diesel"
"OPEX";"Diesel Infrastructure";"DE";"CO2 emission factor Biodiesel";"Rigid";"BAU";"%";2035;"0.161";"Removed policies";"Diesel"
"OPEX";"Diesel Infrastructure";"DE";"CO2 emission factor Biodiesel";"Tractor-Trailer";"BAU";"%";2035;"0.161";"Removed policies";"Diesel"
"OPEX";"Diesel Infrastructure";"DE";"CO2 emission factor Biodiesel";"Rigid";"PROG";"%";2035;"0.161";"Removed policies";"Diesel"
"OPEX";"Diesel Infrastructure";"DE";"CO2 emission factor Biodiesel";"Tractor-Trailer";"PROG";"%";2035;"0.161";"Removed policies";"Diesel"
"OPEX";"Diesel Infrastructure";"ES";"CO2 emission factor Biodiesel";"Rigid";"BAU";"%";2035;"0.161";"Removed policies";"Diesel"
"OPEX";"Diesel Infrastructure";"ES";"CO2 emission factor Biodiesel";"Tractor-Trailer";"BAU";"%";2035;"0.161";"Removed policies";"Diesel"
"OPEX";"Diesel Infrastructure";"ES";"CO2 emission factor Biodiesel";"Rigid";"PROG";"%";2035;"0.161";"Removed policies";"Diesel"
"OPEX";"Diesel Infrastructure";"ES";"CO2 emission factor Biodiesel";"Tractor-Trailer";"PROG";"%";2035;"0.161";"Removed policies";"Diesel"
"OPEX";"Diesel Infrastructure";"FR";"CO2 emission factor Biodiesel";"Rigid";"BAU";"%";2035;"0.161";"Removed policies";"Diesel"
"OPEX";"Diesel Infrastructure";"FR";"CO2 emission factor Biodiesel";"Tractor-Trailer";"BAU";"%";2035;"0.161";"Removed policies";"Diesel"
"OPEX";"Diesel Infrastructure";"FR";"CO2 emission factor Biodiesel";"Rigid";"PROG";"%";2035;"0.161";"Removed policies";"Diesel"
"OPEX";"Diesel Infrastructure";"FR";"CO2 emission factor Biodiesel";"Tractor-Trailer";"PROG";"%";2035;"0.161";"Removed policies";"Diesel"
"OPEX";"Diesel Infrastructure";"IT";"CO2 emission factor Biodiesel";"Rigid";"BAU";"%";2035;"0.161";"Removed policies";"Diesel"
"OPEX";"Diesel Infrastructure";"IT";"CO2 emission factor Biodiesel";"Tractor-Trailer";"BAU";"%";2035;"0.161";"Removed policies";"Diesel"
"OPEX";"Diesel Infrastructure";"IT";"CO2 emission factor Biodiesel";"Rigid";"PROG";"%";2035;"0.161";"Removed policies";"Diesel"
"OPEX";"Diesel Infrastructure";"IT";"CO2 emission factor Biodiesel";"Tractor-Trailer";"PROG";"%";2035;"0.161";"Removed policies";"Diesel"
"OPEX";"Diesel Infrastructure";"NL";"CO2 emission factor Biodiesel";"Rigid";"BAU";"%";2035;"0.161";"Removed policies";"Diesel"
"OPEX";"Diesel Infrastructure";"NL";"CO2 emission factor Biodiesel";"Tractor-Trailer";"BAU";"%";2035;"0.161";"Removed policies";"Diesel"
"OPEX";"Diesel Infrastructure";"NL";"CO2 emission factor Biodiesel";"Rigid";"PROG";"%";2035;"0.161";"Removed policies";"Diesel"
"OPEX";"Diesel Infrastructure";"NL";"CO2 emission factor Biodiesel";"Tractor-Trailer";"PROG";"%";2035;"0.161";"Removed policies";"Diesel"
"OPEX";"Diesel Infrastructure";"PL";"CO2 emission factor Biodiesel";"Rigid";"BAU";"%";2035;"0.161";"Removed policies";"Diesel"
"OPEX";"Diesel Infrastructure";"PL";"CO2 emission factor Biodiesel";"Tractor-Trailer";"BAU";"%";2035;"0.161";"Removed policies";"Diesel"
"OPEX";"Diesel Infrastructure";"PL";"CO2 emission factor Biodiesel";"Rigid";"PROG";"%";2035;"0.161";"Removed policies";"Diesel"
"OPEX";"Diesel Infrastructure";"PL";"CO2 emission factor Biodiesel";"Tractor-Trailer";"PROG";"%";2035;"0.161";"Removed policies";"Diesel"
"OPEX";"Diesel Infrastructure";"UK";"CO2 emission factor Biodiesel";"Rigid";"BAU";"%";2035;"0.161";"Removed policies";"Diesel"
"OPEX";"Diesel Infrastructure";"UK";"CO2 emission factor Biodiesel";"Tractor-Trailer";"BAU";"%";2035;"0.161";"Removed policies";"Diesel"
"OPEX";"Diesel Infrastructure";"UK";"CO2 emission factor Biodiesel";"Rigid";"PROG";"%";2035;"0.161";"Removed policies";"Diesel"
"OPEX";"Diesel Infrastructure";"UK";"CO2 emission factor Biodiesel";"Tractor-Trailer";"PROG";"%";2035;"0.161";"Removed policies";"Diesel"
"OPEX";"Diesel Infrastructure";"DE";"CO2 emission factor Pt-Diesel";"Rigid";"BAU";"%";2035;"0";"Removed policies";"Diesel"
"OPEX";"Diesel Infrastructure";"DE";"CO2 emission factor Pt-Diesel";"Tractor-Trailer";"BAU";"%";2035;"0";"Removed policies";"Diesel"
"OPEX";"Diesel Infrastructure";"DE";"CO2 emission factor Pt-Diesel";"Rigid";"PROG";"%";2035;"0";"Removed policies";"Diesel"
"OPEX";"Diesel Infrastructure";"DE";"CO2 emission factor Pt-Diesel";"Tractor-Trailer";"PROG";"%";2035;"0";"Removed policies";"Diesel"
"OPEX";"Diesel Infrastructure";"ES";"CO2 emission factor Pt-Diesel";"Rigid";"BAU";"%";2035;"0";"Removed policies";"Diesel"
"OPEX";"Diesel Infrastructure";"ES";"CO2 emission factor Pt-Diesel";"Tractor-Trailer";"BAU";"%";2035;"0";"Removed policies";"Diesel"
"OPEX";"Diesel Infrastructure";"ES";"CO2 emission factor Pt-Diesel";"Rigid";"PROG";"%";2035;"0";"Removed policies";"Diesel"
"OPEX";"Diesel Infrastructure";"ES";"CO2 emission factor Pt-Diesel";"Tractor-Trailer";"PROG";"%";2035;"0";"Removed policies";"Diesel"
"OPEX";"Diesel Infrastructure";"FR";"CO2 emission factor Pt-Diesel";"Rigid";"BAU";"%";2035;"0";"Removed policies";"Diesel"
"OPEX";"Diesel Infrastructure";"FR";"CO2 emission factor Pt-Diesel";"Tractor-Trailer";"BAU";"%";2035;"0";"Removed policies";"Diesel"
"OPEX";"Diesel Infrastructure";"FR";"CO2 emission factor Pt-Diesel";"Rigid";"PROG";"%";2035;"0";"Removed policies";"Diesel"
"OPEX";"Diesel Infrastructure";"FR";"CO2 emission factor Pt-Diesel";"Tractor-Trailer";"PROG";"%";2035;"0";"Removed policies";"Diesel"
"OPEX";"Diesel Infrastructure";"IT";"CO2 emission factor Pt-Diesel";"Rigid";"BAU";"%";2035;"0";"Removed policies";"Diesel"
"OPEX";"Diesel Infrastructure";"IT";"CO2 emission factor Pt-Diesel";"Tractor-Trailer";"BAU";"%";2035;"0";"Removed policies";"Diesel"
"OPEX";"Diesel Infrastructure";"IT";"CO2 emission factor Pt-Diesel";"Rigid";"PROG";"%";2035;"0";"Removed policies";"Diesel"
"OPEX";"Diesel Infrastructure";"IT";"CO2 emission factor Pt-Diesel";"Tractor-Trailer";"PROG";"%";2035;"0";"Removed policies";"Diesel"
"OPEX";"Diesel Infrastructure";"NL";"CO2 emission factor Pt-Diesel";"Rigid";"BAU";"%";2035;"0";"Removed policies";"Diesel"
"OPEX";"Diesel Infrastructure";"NL";"CO2 emission factor Pt-Diesel";"Tractor-Trailer";"BAU";"%";2035;"0";"Removed policies";"Diesel"
"OPEX";"Diesel Infrastructure";"NL";"CO2 emission factor Pt-Diesel";"Rigid";"PROG";"%";2035;"0";"Removed policies";"Diesel"
"OPEX";"Diesel Infrastructure";"NL";"CO2 emission factor Pt-Diesel";"Tractor-Trailer";"PROG";"%";2035;"0";"Removed policies";"Diesel"
"OPEX";"Diesel Infrastructure";"PL";"CO2 emission factor Pt-Diesel";"Rigid";"BAU";"%";2035;"0";"Removed policies";"Diesel"
"OPEX";"Diesel Infrastructure";"PL";"CO2 emission factor Pt-Diesel";"Tractor-Trailer";"BAU";"%";2035;"0";"Removed policies";"Diesel"
"OPEX";"Diesel Infrastructure";"PL";"CO2 emission factor Pt-Diesel";"Rigid";"PROG";"%";2035;"0";"Removed policies";"Diesel"
"OPEX";"Diesel Infrastructure";"PL";"CO2 emission factor Pt-Diesel";"Tractor-Trailer";"PROG";"%";2035;"0";"Removed policies";"Diesel"
"OPEX";"Diesel Infrastructure";"UK";"CO2 emission factor Pt-Diesel";"Rigid";"BAU";"%";2035;"0";"Removed policies";"Diesel"
"OPEX";"Diesel Infrastructure";"UK";"CO2 emission factor Pt-Diesel";"Tractor-Trailer";"BAU";"%";2035;"0";"Removed policies";"Diesel"
"OPEX";"Diesel Infrastructure";"UK";"CO2 emission factor Pt-Diesel";"Rigid";"PROG";"%";2035;"0";"Removed policies";"Diesel"
"OPEX";"Diesel Infrastructure";"UK";"CO2 emission factor Pt-Diesel";"Tractor-Trailer";"PROG";"%";2035;"0";"Removed policies";"Diesel"
"OPEX";"Taxes";"DE";"Network Costs - MCS";"Rigid";"BAU";"EUR/kWh";2035;"0.034";"Removed policies";"Electricity"
"OPEX";"Taxes";"DE";"Network Costs - MCS";"Tractor-Trailer";"BAU";"EUR/kWh";2035;"0.034";"Removed policies";"Electricity"
"OPEX";"Taxes";"ES";"Network Costs - MCS";"Rigid";"BAU";"EUR/kWh";2035;"0.018";"Removed policies";"Electricity"
"OPEX";"Taxes";"ES";"Network Costs - MCS";"Tractor-Trailer";"BAU";"EUR/kWh";2035;"0.018";"Removed policies";"Electricity"
"OPEX";"Taxes";"FR";"Network Costs - MCS";"Rigid";"BAU";"EUR/kWh";2035;"0.018";"Removed policies";"Electricity"
"OPEX";"Taxes";"FR";"Network Costs - MCS";"Tractor-Trailer";"BAU";"EUR/kWh";2035;"0.018";"Removed policies";"Electricity"
"OPEX";"Taxes";"IT";"Network Costs - MCS";"Rigid";"BAU";"EUR/kWh";2035;"0.016";"Removed policies";"Electricity"
"OPEX";"Taxes";"IT";"Network Costs - MCS";"Tractor-Trailer";"BAU";"EUR/kWh";2035;"0.016";"Removed policies";"Electricity"
"OPEX";"Taxes";"NL";"Network Costs - MCS";"Rigid";"BAU";"EUR/kWh";2035;"0.016";"Removed policies";"Electricity"
"OPEX";"Taxes";"NL";"Network Costs - MCS";"Tractor-Trailer";"BAU";"EUR/kWh";2035;"0.016";"Removed policies";"Electricity"
"OPEX";"Taxes";"PL";"Network Costs - MCS";"Rigid";"BAU";"EUR/kWh";2035;"0.019";"Removed policies";"Electricity"
"OPEX";"Taxes";"PL";"Network Costs - MCS";"Tractor-Trailer";"BAU";"EUR/kWh";2035;"0.019";"Removed policies";"Electricity"
"OPEX";"Taxes";"UK";"Network Costs - MCS";"Rigid";"BAU";"EUR/kWh";2035;"0.027";"Removed policies";"Electricity"
"OPEX";"Taxes";"UK";"Network Costs - MCS";"Tractor-Trailer";"BAU";"EUR/kWh";2035;"0.027";"Removed policies";"Electricity"
"OPEX";"Taxes";"DE";"Taxes, Fees, Levies and charges - MCS";"Rigid";"BAU";"EUR/kWh";2035;"0.056";"Removed policies";"Electricity"
"OPEX";"Taxes";"DE";"Taxes, Fees, Levies and charges - MCS";"Tractor-Trailer";"BAU";"EUR/kWh";2035;"0.056";"Removed policies";"Electricity"
"OPEX";"Taxes";"ES";"Taxes, Fees, Levies and charges - MCS";"Rigid";"BAU";"EUR/kWh";2035;"0.036";"Removed policies";"Electricity"
"OPEX";"Taxes";"ES";"Taxes, Fees, Levies and charges - MCS";"Tractor-Trailer";"BAU";"EUR/kWh";2035;"0.036";"Removed policies";"Electricity"
"OPEX";"Taxes";"FR";"Taxes, Fees, Levies and charges - MCS";"Rigid";"BAU";"EUR/kWh";2035;"0.03";"Removed policies";"Electricity"
"OPEX";"Taxes";"FR";"Taxes, Fees, Levies and charges - MCS";"Tractor-Trailer";"BAU";"EUR/kWh";2035;"0.03";"Removed policies";"Electricity"
"OPEX";"Taxes";"IT";"Taxes, Fees, Levies and charges - MCS";"Rigid";"BAU";"EUR/kWh";2035;"0.063";"Removed policies";"Electricity"
"OPEX";"Taxes";"IT";"Taxes, Fees, Levies and charges - MCS";"Tractor-Trailer";"BAU";"EUR/kWh";2035;"0.063";"Removed policies";"Electricity"
"OPEX";"Taxes";"NL";"Taxes, Fees, Levies and charges - MCS";"Rigid";"BAU";"EUR/kWh";2035;"0.055";"Removed policies";"Electricity"
"OPEX";"Taxes";"NL";"Taxes, Fees, Levies and charges - MCS";"Tractor-Trailer";"BAU";"EUR/kWh";2035;"0.055";"Removed policies";"Electricity"
"OPEX";"Taxes";"PL";"Taxes, Fees, Levies and charges - MCS";"Rigid";"BAU";"EUR/kWh";2035;"0.049";"Removed policies";"Electricity"
"OPEX";"Taxes";"PL";"Taxes, Fees, Levies and charges - MCS";"Tractor-Trailer";"BAU";"EUR/kWh";2035;"0.049";"Removed policies";"Electricity"
"OPEX";"Taxes";"UK";"Taxes, Fees, Levies and charges - MCS";"Rigid";"BAU";"EUR/kWh";2035;"0.077";"Removed policies";"Electricity"
"OPEX";"Taxes";"UK";"Taxes, Fees, Levies and charges - MCS";"Tractor-Trailer";"BAU";"EUR/kWh";2035;"0.077";"Removed policies";"Electricity"
"OPEX";"Taxes";"DE";"Network Costs - Depot";"Rigid";"BAU";"EUR/kWh";2035;"0.044";"Removed policies";"Electricity"
"OPEX";"Taxes";"DE";"Network Costs - Depot";"Tractor-Trailer";"BAU";"EUR/kWh";2035;"0.044";"Removed policies";"Electricity"
"OPEX";"Taxes";"ES";"Network Costs - Depot";"Rigid";"BAU";"EUR/kWh";2035;"0.031";"Removed policies";"Electricity"
"OPEX";"Taxes";"ES";"Network Costs - Depot";"Tractor-Trailer";"BAU";"EUR/kWh";2035;"0.031";"Removed policies";"Electricity"
"OPEX";"Taxes";"FR";"Network Costs - Depot";"Rigid";"BAU";"EUR/kWh";2035;"0.024";"Removed policies";"Electricity"
"OPEX";"Taxes";"FR";"Network Costs - Depot";"Tractor-Trailer";"BAU";"EUR/kWh";2035;"0.024";"Removed policies";"Electricity"
"OPEX";"Taxes";"IT";"Network Costs - Depot";"Rigid";"BAU";"EUR/kWh";2035;"0.018";"Removed policies";"Electricity"
"OPEX";"Taxes";"IT";"Network Costs - Depot";"Tractor-Trailer";"BAU";"EUR/kWh";2035;"0.018";"Removed policies";"Electricity"
"OPEX";"Taxes";"NL";"Network Costs - Depot";"Rigid";"BAU";"EUR/kWh";2035;"0.019";"Removed policies";"Electricity"
"OPEX";"Taxes";"NL";"Network Costs - Depot";"Tractor-Trailer";"BAU";"EUR/kWh";2035;"0.019";"Removed policies";"Electricity"
"OPEX";"Taxes";"PL";"Network Costs - Depot";"Rigid";"BAU";"EUR/kWh";2035;"0.026";"Removed policies";"Electricity"
"OPEX";"Taxes";"PL";"Network Costs - Depot";"Tractor-Trailer";"BAU";"EUR/kWh";2035;"0.026";"Removed policies";"Electricity"
"OPEX";"Taxes";"UK";"Network Costs - Depot";"Rigid";"BAU";"EUR/kWh";2035;"0.029";"Removed policies";"Electricity"
"OPEX";"Taxes";"UK";"Network Costs - Depot";"Tractor-Trailer";"BAU";"EUR/kWh";2035;"0.029";"Removed policies";"Electricity"
"OPEX";"Taxes";"DE";"Taxes, Fees, Levies and charges - Depot";"Rigid";"BAU";"EUR/kWh";2035;"0.062";"Removed policies";"Electricity"
"OPEX";"Taxes";"DE";"Taxes, Fees, Levies and charges - Depot";"Tractor-Trailer";"BAU";"EUR/kWh";2035;"0.062";"Removed policies";"Electricity"
"OPEX";"Taxes";"ES";"Taxes, Fees, Levies and charges - Depot";"Rigid";"BAU";"EUR/kWh";2035;"0.054";"Removed policies";"Electricity"
"OPEX";"Taxes";"ES";"Taxes, Fees, Levies and charges - Depot";"Tractor-Trailer";"BAU";"EUR/kWh";2035;"0.054";"Removed policies";"Electricity"
"OPEX";"Taxes";"FR";"Taxes, Fees, Levies and charges - Depot";"Rigid";"BAU";"EUR/kWh";2035;"0.04";"Removed policies";"Electricity"
"OPEX";"Taxes";"FR";"Taxes, Fees, Levies and charges - Depot";"Tractor-Trailer";"BAU";"EUR/kWh";2035;"0.04";"Removed policies";"Electricity"
"OPEX";"Taxes";"IT";"Taxes, Fees, Levies and charges - Depot";"Rigid";"BAU";"EUR/kWh";2035;"0.088";"Removed policies";"Electricity"
"OPEX";"Taxes";"IT";"Taxes, Fees, Levies and charges - Depot";"Tractor-Trailer";"BAU";"EUR/kWh";2035;"0.088";"Removed policies";"Electricity"
"OPEX";"Taxes";"NL";"Taxes, Fees, Levies and charges - Depot";"Rigid";"BAU";"EUR/kWh";2035;"0.058";"Removed policies";"Electricity"
"OPEX";"Taxes";"NL";"Taxes, Fees, Levies and charges - Depot";"Tractor-Trailer";"BAU";"EUR/kWh";2035;"0.058";"Removed policies";"Electricity"
"OPEX";"Taxes";"PL";"Taxes, Fees, Levies and charges - Depot";"Rigid";"BAU";"EUR/kWh";2035;"0.053";"Removed policies";"Electricity"
"OPEX";"Taxes";"PL";"Taxes, Fees, Levies and charges - Depot";"Tractor-Trailer";"BAU";"EUR/kWh";2035;"0.053";"Removed policies";"Electricity"
"OPEX";"Taxes";"UK";"Taxes, Fees, Levies and charges - Depot";"Rigid";"BAU";"EUR/kWh";2035;"0.084";"Removed policies";"Electricity"
"OPEX";"Taxes";"UK";"Taxes, Fees, Levies and charges - Depot";"Tractor-Trailer";"BAU";"EUR/kWh";2035;"0.084";"Removed policies";"Electricity"
"OPEX";"H2 Infrastructure";"DE";"HRS costs";"Rigid";"BAU";"EUR/kg H2";2035;"1.45";"Removed policies";"Hydrogen"
"OPEX";"H2 Infrastructure";"DE";"HRS costs";"Tractor-Trailer";"BAU";"EUR/kg H2";2035;"1.45";"Removed policies";"Hydrogen"
"OPEX";"H2 Infrastructure";"ES";"HRS costs";"Rigid";"BAU";"EUR/kg H2";2035;"1.45";"Removed policies";"Hydrogen"
"OPEX";"H2 Infrastructure";"ES";"HRS costs";"Tractor-Trailer";"BAU";"EUR/kg H2";2035;"1.45";"Removed policies";"Hydrogen"
"OPEX";"H2 Infrastructure";"FR";"HRS costs";"Rigid";"BAU";"EUR/kg H2";2035;"1.45";"Removed policies";"Hydrogen"
"OPEX";"H2 Infrastructure";"FR";"HRS costs";"Tractor-Trailer";"BAU";"EUR/kg H2";2035;"1.45";"Removed policies";"Hydrogen"
"OPEX";"H2 Infrastructure";"IT";"HRS costs";"Rigid";"BAU";"EUR/kg H2";2035;"1.45";"Removed policies";"Hydrogen"
"OPEX";"H2 Infrastructure";"IT";"HRS costs";"Tractor-Trailer";"BAU";"EUR/kg H2";2035;"1.45";"Removed policies";"Hydrogen"
"OPEX";"H2 Infrastructure";"NL";"HRS costs";"Rigid";"BAU";"EUR/kg H2";2035;"1.45";"Removed policies";"Hydrogen"
"OPEX";"H2 Infrastructure";"NL";"HRS costs";"Tractor-Trailer";"BAU";"EUR/kg H2";2035;"1.45";"Removed policies";"Hydrogen"
"OPEX";"H2 Infrastructure";"PL";"HRS costs";"Rigid";"BAU";"EUR/kg H2";2035;"1.45";"Removed policies";"Hydrogen"
"OPEX";"H2 Infrastructure";"PL";"HRS costs";"Tractor-Trailer";"BAU";"EUR/kg H2";2035;"1.45";"Removed policies";"Hydrogen"
"OPEX";"H2 Infrastructure";"UK";"HRS costs";"Rigid";"BAU";"EUR/kg H2";2035;"1.45";"Removed policies";"Hydrogen"
"OPEX";"H2 Infrastructure";"UK";"HRS costs";"Tractor-Trailer";"BAU";"EUR/kg H2";2035;"1.45";"Removed policies";"Hydrogen"
"OPEX";"H2 Infrastructure";"DE";"H2 transport and distribution";"Rigid";"BAU";"EUR/kg H2";2035;"1.333";"Removed policies";"Hydrogen"
"OPEX";"H2 Infrastructure";"DE";"H2 transport and distribution";"Tractor-Trailer";"BAU";"EUR/kg H2";2035;"1.333";"Removed policies";"Hydrogen"
"OPEX";"H2 Infrastructure";"ES";"H2 transport and distribution";"Rigid";"BAU";"EUR/kg H2";2035;"1.333";"Removed policies";"Hydrogen"
"OPEX";"H2 Infrastructure";"ES";"H2 transport and distribution";"Tractor-Trailer";"BAU";"EUR/kg H2";2035;"1.333";"Removed policies";"Hydrogen"
"OPEX";"H2 Infrastructure";"FR";"H2 transport and distribution";"Rigid";"BAU";"EUR/kg H2";2035;"1.333";"Removed policies";"Hydrogen"
"OPEX";"H2 Infrastructure";"FR";"H2 transport and distribution";"Tractor-Trailer";"BAU";"EUR/kg H2";2035;"1.333";"Removed policies";"Hydrogen"
"OPEX";"H2 Infrastructure";"IT";"H2 transport and distribution";"Rigid";"BAU";"EUR/kg H2";2035;"1.333";"Removed policies";"Hydrogen"
"OPEX";"H2 Infrastructure";"IT";"H2 transport and distribution";"Tractor-Trailer";"BAU";"EUR/kg H2";2035;"1.333";"Removed policies";"Hydrogen"
"OPEX";"H2 Infrastructure";"NL";"H2 transport and distribution";"Rigid";"BAU";"EUR/kg H2";2035;"1.333";"Removed policies";"Hydrogen"
"OPEX";"H2 Infrastructure";"NL";"H2 transport and distribution";"Tractor-Trailer";"BAU";"EUR/kg H2";2035;"1.333";"Removed policies";"Hydrogen"
"OPEX";"H2 Infrastructure";"PL";"H2 transport and distribution";"Rigid";"BAU";"EUR/kg H2";2035;"1.333";"Removed policies";"Hydrogen"
"OPEX";"H2 Infrastructure";"PL";"H2 transport and distribution";"Tractor-Trailer";"BAU";"EUR/kg H2";2035;"1.333";"Removed policies";"Hydrogen"
"OPEX";"H2 Infrastructure";"UK";"H2 transport and distribution";"Rigid";"BAU";"EUR/kg H2";2035;"1.333";"Removed policies";"Hydrogen"
"OPEX";"H2 Infrastructure";"UK";"H2 transport and distribution";"Tractor-Trailer";"BAU";"EUR/kg H2";2035;"1.333";"Removed policies";"Hydrogen"
"OPEX";"H2 Infrastructure";"DE";"HRS Overhead, Profit and Mark-Up";"Rigid";"BAU";"EUR/kg H2";2035;"0.25";"Removed policies";"Hydrogen"
"OPEX";"H2 Infrastructure";"DE";"HRS Overhead, Profit and Mark-Up";"Tractor-Trailer";"BAU";"EUR/kg H2";2035;"0.25";"Removed policies";"Hydrogen"
"OPEX";"H2 Infrastructure";"ES";"HRS Overhead, Profit and Mark-Up";"Rigid";"BAU";"EUR/kg H2";2035;"0.25";"Removed policies";"Hydrogen"
"OPEX";"H2 Infrastructure";"ES";"HRS Overhead, Profit and Mark-Up";"Tractor-Trailer";"BAU";"EUR/kg H2";2035;"0.25";"Removed policies";"Hydrogen"
"OPEX";"H2 Infrastructure";"FR";"HRS Overhead, Profit and Mark-Up";"Rigid";"BAU";"EUR/kg H2";2035;"0.25";"Removed policies";"Hydrogen"
"OPEX";"H2 Infrastructure";"FR";"HRS Overhead, Profit and Mark-Up";"Tractor-Trailer";"BAU";"EUR/kg H2";2035;"0.25";"Removed policies";"Hydrogen"
"OPEX";"H2 Infrastructure";"IT";"HRS Overhead, Profit and Mark-Up";"Rigid";"BAU";"EUR/kg H2";2035;"0.25";"Removed policies";"Hydrogen"
"OPEX";"H2 Infrastructure";"IT";"HRS Overhead, Profit and Mark-Up";"Tractor-Trailer";"BAU";"EUR/kg H2";2035;"0.25";"Removed policies";"Hydrogen"
"OPEX";"H2 Infrastructure";"NL";"HRS Overhead, Profit and Mark-Up";"Rigid";"BAU";"EUR/kg H2";2035;"0.25";"Removed policies";"Hydrogen"
"OPEX";"H2 Infrastructure";"NL";"HRS Overhead, Profit and Mark-Up";"Tractor-Trailer";"BAU";"EUR/kg H2";2035;"0.25";"Removed policies";"Hydrogen"
"OPEX";"H2 Infrastructure";"PL";"HRS Overhead, Profit and Mark-Up";"Rigid";"BAU";"EUR/kg H2";2035;"0.25";"Removed policies";"Hydrogen"
"OPEX";"H2 Infrastructure";"PL";"HRS Overhead, Profit and Mark-Up";"Tractor-Trailer";"BAU";"EUR/kg H2";2035;"0.25";"Removed policies";"Hydrogen"
"OPEX";"H2 Infrastructure";"UK";"HRS Overhead, Profit and Mark-Up";"Rigid";"BAU";"EUR/kg H2";2035;"0.25";"Removed policies";"Hydrogen"
"OPEX";"H2 Infrastructure";"UK";"HRS Overhead, Profit and Mark-Up";"Tractor-Trailer";"BAU";"EUR/kg H2";2035;"0.25";"Removed policies";"Hydrogen"
"OPEX";"Charging Infrastructure";"DE";"MCS Station (Public Charging) - Incl. Overhead";"Rigid";"BAU";"EUR/kWh";2035;"0.082";"Removed policies";"Electricity"
"OPEX";"Charging Infrastructure";"DE";"MCS Station (Public Charging) - Incl. Overhead";"Tractor-Trailer";"BAU";"EUR/kWh";2035;"0.082";"Removed policies";"Electricity"
"OPEX";"Charging Infrastructure";"ES";"MCS Station (Public Charging) - Incl. Overhead";"Rigid";"BAU";"EUR/kWh";2035;"0.082";"Removed policies";"Electricity"
"OPEX";"Charging Infrastructure";"ES";"MCS Station (Public Charging) - Incl. Overhead";"Tractor-Trailer";"BAU";"EUR/kWh";2035;"0.082";"Removed policies";"Electricity"
"OPEX";"Charging Infrastructure";"FR";"MCS Station (Public Charging) - Incl. Overhead";"Rigid";"BAU";"EUR/kWh";2035;"0.082";"Removed policies";"Electricity"
"OPEX";"Charging Infrastructure";"FR";"MCS Station (Public Charging) - Incl. Overhead";"Tractor-Trailer";"BAU";"EUR/kWh";2035;"0.082";"Removed policies";"Electricity"
"OPEX";"Charging Infrastructure";"IT";"MCS Station (Public Charging) - Incl. Overhead";"Rigid";"BAU";"EUR/kWh";2035;"0.082";"Removed policies";"Electricity"
"OPEX";"Charging Infrastructure";"IT";"MCS Station (Public Charging) - Incl. Overhead";"Tractor-Trailer";"BAU";"EUR/kWh";2035;"0.082";"Removed policies";"Electricity"
"OPEX";"Charging Infrastructure";"NL";"MCS Station (Public Charging) - Incl. Overhead";"Rigid";"BAU";"EUR/kWh";2035;"0.082";"Removed policies";"Electricity"
"OPEX";"Charging Infrastructure";"NL";"MCS Station (Public Charging) - Incl. Overhead";"Tractor-Trailer";"BAU";"EUR/kWh";2035;"0.082";"Removed policies";"Electricity"
"OPEX";"Charging Infrastructure";"PL";"MCS Station (Public Charging) - Incl. Overhead";"Rigid";"BAU";"EUR/kWh";2035;"0.082";"Removed policies";"Electricity"
"OPEX";"Charging Infrastructure";"PL";"MCS Station (Public Charging) - Incl. Overhead";"Tractor-Trailer";"BAU";"EUR/kWh";2035;"0.082";"Removed policies";"Electricity"
"OPEX";"Charging Infrastructure";"UK";"MCS Station (Public Charging) - Incl. Overhead";"Rigid";"BAU";"EUR/kWh";2035;"0.082";"Removed policies";"Electricity"
"OPEX";"Charging Infrastructure";"UK";"MCS Station (Public Charging) - Incl. Overhead";"Tractor-Trailer";"BAU";"EUR/kWh";2035;"0.082";"Removed policies";"Electricity"
"OPEX";"Charging Infrastructure";"DE";"Share MCS-Charging";"Rigid";"BAU";"%";2035;"0.2";"Removed policies";"Electricity"
"OPEX";"Charging Infrastructure";"DE";"Share MCS-Charging";"Tractor-Trailer";"BAU";"%";2035;"0.2";"Removed policies";"Electricity"
"OPEX";"Charging Infrastructure";"ES";"Share MCS-Charging";"Rigid";"BAU";"%";2035;"0.2";"Removed policies";"Electricity"
"OPEX";"Charging Infrastructure";"ES";"Share MCS-Charging";"Tractor-Trailer";"BAU";"%";2035;"0.2";"Removed policies";"Electricity"
"OPEX";"Charging Infrastructure";"FR";"Share MCS-Charging";"Rigid";"BAU";"%";2035;"0.2";"Removed policies";"Electricity"
"OPEX";"Charging Infrastructure";"FR";"Share MCS-Charging";"Tractor-Trailer";"BAU";"%";2035;"0.2";"Removed policies";"Electricity"
"OPEX";"Charging Infrastructure";"IT";"Share MCS-Charging";"Rigid";"BAU";"%";2035;"0.2";"Removed policies";"Electricity"
"OPEX";"Charging Infrastructure";"IT";"Share MCS-Charging";"Tractor-Trailer";"BAU";"%";2035;"0.2";"Removed policies";"Electricity"
"OPEX";"Charging Infrastructure";"NL";"Share MCS-Charging";"Rigid";"BAU";"%";2035;"0.2";"Removed policies";"Electricity"
"OPEX";"Charging Infrastructure";"NL";"Share MCS-Charging";"Tractor-Trailer";"BAU";"%";2035;"0.2";"Removed policies";"Electricity"
"OPEX";"Charging Infrastructure";"PL";"Share MCS-Charging";"Rigid";"BAU";"%";2035;"0.2";"Removed policies";"Electricity"
"OPEX";"Charging Infrastructure";"PL";"Share MCS-Charging";"Tractor-Trailer";"BAU";"%";2035;"0.2";"Removed policies";"Electricity"
"OPEX";"Charging Infrastructure";"UK";"Share MCS-Charging";"Rigid";"BAU";"%";2035;"0.2";"Removed policies";"Electricity"
"OPEX";"Charging Infrastructure";"UK";"Share MCS-Charging";"Tractor-Trailer";"BAU";"%";2035;"0.2";"Removed policies";"Electricity"
"OPEX";"Charging Infrastructure";"DE";"Depot - Network fees savings potential";"Rigid";"BAU";"EUR/kWh";2035;"0";"Removed policies";"Electricity"
"OPEX";"Charging Infrastructure";"DE";"Depot - Network fees savings potential";"Tractor-Trailer";"BAU";"EUR/kWh";2035;"0";"Removed policies";"Electricity"
"OPEX";"Charging Infrastructure";"ES";"Depot - Network fees savings potential";"Rigid";"BAU";"EUR/kWh";2035;"0";"Removed policies";"Electricity"
"OPEX";"Charging Infrastructure";"ES";"Depot - Network fees savings potential";"Tractor-Trailer";"BAU";"EUR/kWh";2035;"0";"Removed policies";"Electricity"
"OPEX";"Charging Infrastructure";"FR";"Depot - Network fees savings potential";"Rigid";"BAU";"EUR/kWh";2035;"0";"Removed policies";"Electricity"
"OPEX";"Charging Infrastructure";"FR";"Depot - Network fees savings potential";"Tractor-Trailer";"BAU";"EUR/kWh";2035;"0";"Removed policies";"Electricity"
"OPEX";"Charging Infrastructure";"IT";"Depot - Network fees savings potential";"Rigid";"BAU";"EUR/kWh";2035;"0";"Removed policies";"Electricity"
"OPEX";"Charging Infrastructure";"IT";"Depot - Network fees savings potential";"Tractor-Trailer";"BAU";"EUR/kWh";2035;"0";"Removed policies";"Electricity"
"OPEX";"Charging Infrastructure";"NL";"Depot - Network fees savings potential";"Rigid";"BAU";"EUR/kWh";2035;"0";"Removed policies";"Electricity"
"OPEX";"Charging Infrastructure";"NL";"Depot - Network fees savings potential";"Tractor-Trailer";"BAU";"EUR/kWh";2035;"0";"Removed policies";"Electricity"
"OPEX";"Charging Infrastructure";"PL";"Depot - Network fees savings potential";"Rigid";"BAU";"EUR/kWh";2035;"0";"Removed policies";"Electricity"
"OPEX";"Charging Infrastructure";"PL";"Depot - Network fees savings potential";"Tractor-Trailer";"BAU";"EUR/kWh";2035;"0";"Removed policies";"Electricity"
"OPEX";"Charging Infrastructure";"UK";"Depot - Network fees savings potential";"Rigid";"BAU";"EUR/kWh";2035;"0";"Removed policies";"Electricity"
"OPEX";"Charging Infrastructure";"UK";"Depot - Network fees savings potential";"Tractor-Trailer";"BAU";"EUR/kWh";2035;"0";"Removed policies";"Electricity"
"OPEX";"Taxes";"DE";"Tax reduction";"Rigid";"BAU";"%";2035;"0";"Removed policies";"Hydrogen"
"OPEX";"Taxes";"DE";"Tax reduction";"Tractor-Trailer";"BAU";"%";2035;"0";"Removed policies";"Hydrogen"
"OPEX";"Taxes";"ES";"Tax reduction";"Rigid";"BAU";"%";2035;"0";"Removed policies";"Hydrogen"
"OPEX";"Taxes";"ES";"Tax reduction";"Tractor-Trailer";"BAU";"%";2035;"0";"Removed policies";"Hydrogen"
"OPEX";"Taxes";"FR";"Tax reduction";"Rigid";"BAU";"%";2035;"0";"Removed policies";"Hydrogen"
"OPEX";"Taxes";"FR";"Tax reduction";"Tractor-Trailer";"BAU";"%";2035;"0";"Removed policies";"Hydrogen"
"OPEX";"Taxes";"IT";"Tax reduction";"Rigid";"BAU";"%";2035;"0";"Removed policies";"Hydrogen"
"OPEX";"Taxes";"IT";"Tax reduction";"Tractor-Trailer";"BAU";"%";2035;"0";"Removed policies";"Hydrogen"
"OPEX";"Taxes";"NL";"Tax reduction";"Rigid";"BAU";"%";2035;"0";"Removed policies";"Hydrogen"
"OPEX";"Taxes";"NL";"Tax reduction";"Tractor-Trailer";"BAU";"%";2035;"0";"Removed policies";"Hydrogen"
"OPEX";"Taxes";"PL";"Tax reduction";"Rigid";"BAU";"%";2035;"0";"Removed policies";"Hydrogen"
"OPEX";"Taxes";"PL";"Tax reduction";"Tractor-Trailer";"BAU";"%";2035;"0";"Removed policies";"Hydrogen"
"OPEX";"Taxes";"UK";"Tax reduction";"Rigid";"BAU";"%";2035;"0";"Removed policies";"Hydrogen"
"OPEX";"Taxes";"UK";"Tax reduction";"Tractor-Trailer";"BAU";"%";2035;"0";"Removed policies";"Hydrogen"
"OPEX";"Taxes";"DE";"Increasing grid fees";"Rigid";"PROG";"%";2035;"0.15";"Removed policies";"Electricity"
"OPEX";"Taxes";"DE";"Increasing grid fees";"Tractor-Trailer";"PROG";"%";2035;"0.15";"Removed policies";"Electricity"
"OPEX";"Taxes";"ES";"Increasing grid fees";"Rigid";"PROG";"%";2035;"0.15";"Removed policies";"Electricity"
"OPEX";"Taxes";"ES";"Increasing grid fees";"Tractor-Trailer";"PROG";"%";2035;"0.15";"Removed policies";"Electricity"
"OPEX";"Taxes";"FR";"Increasing grid fees";"Rigid";"PROG";"%";2035;"0.15";"Removed policies";"Electricity"
"OPEX";"Taxes";"FR";"Increasing grid fees";"Tractor-Trailer";"PROG";"%";2035;"0.15";"Removed policies";"Electricity"
"OPEX";"Taxes";"IT";"Increasing grid fees";"Rigid";"PROG";"%";2035;"0.15";"Removed policies";"Electricity"
"OPEX";"Taxes";"IT";"Increasing grid fees";"Tractor-Trailer";"PROG";"%";2035;"0.15";"Removed policies";"Electricity"
"OPEX";"Taxes";"NL";"Increasing grid fees";"Rigid";"PROG";"%";2035;"0.15";"Removed policies";"Electricity"
"OPEX";"Taxes";"NL";"Increasing grid fees";"Tractor-Trailer";"PROG";"%";2035;"0.15";"Removed policies";"Electricity"
"OPEX";"Taxes";"PL";"Increasing grid fees";"Rigid";"PROG";"%";2035;"0.15";"Removed policies";"Electricity"
"OPEX";"Taxes";"PL";"Increasing grid fees";"Tractor-Trailer";"PROG";"%";2035;"0.15";"Removed policies";"Electricity"
"OPEX";"Taxes";"UK";"Increasing grid fees";"Rigid";"PROG";"%";2035;"0.15";"Removed policies";"Electricity"
"OPEX";"Taxes";"UK";"Increasing grid fees";"Tractor-Trailer";"PROG";"%";2035;"0.15";"Removed policies";"Electricity"
"OPEX";"Taxes";"DE";"Increasing grid fees";"Rigid";"BAU";"%";2035;"0.25";"Removed policies";"Electricity"
"OPEX";"Taxes";"DE";"Increasing grid fees";"Tractor-Trailer";"BAU";"%";2035;"0.25";"Removed policies";"Electricity"
"OPEX";"Taxes";"ES";"Increasing grid fees";"Rigid";"BAU";"%";2035;"0.25";"Removed policies";"Electricity"
"OPEX";"Taxes";"ES";"Increasing grid fees";"Tractor-Trailer";"BAU";"%";2035;"0.25";"Removed policies";"Electricity"
"OPEX";"Taxes";"FR";"Increasing grid fees";"Rigid";"BAU";"%";2035;"0.25";"Removed policies";"Electricity"
"OPEX";"Taxes";"FR";"Increasing grid fees";"Tractor-Trailer";"BAU";"%";2035;"0.25";"Removed policies";"Electricity"
"OPEX";"Taxes";"IT";"Increasing grid fees";"Rigid";"BAU";"%";2035;"0.25";"Removed policies";"Electricity"
"OPEX";"Taxes";"IT";"Increasing grid fees";"Tractor-Trailer";"BAU";"%";2035;"0.25";"Removed policies";"Electricity"
"OPEX";"Taxes";"NL";"Increasing grid fees";"Rigid";"BAU";"%";2035;"0.25";"Removed policies";"Electricity"
"OPEX";"Taxes";"NL";"Increasing grid fees";"Tractor-Trailer";"BAU";"%";2035;"0.25";"Removed policies";"Electricity"
"OPEX";"Taxes";"PL";"Increasing grid fees";"Rigid";"BAU";"%";2035;"0.25";"Removed policies";"Electricity"
"OPEX";"Taxes";"PL";"Increasing grid fees";"Tractor-Trailer";"BAU";"%";2035;"0.25";"Removed policies";"Electricity"
"OPEX";"Taxes";"UK";"Increasing grid fees";"Rigid";"BAU";"%";2035;"0.25";"Removed policies";"Electricity"
"OPEX";"Taxes";"UK";"Increasing grid fees";"Tractor-Trailer";"BAU";"%";2035;"0.25";"Removed policies";"Electricity"
"OPEX";"Taxes";"DE";"Network Costs - MCS";"Rigid";"PROG";"EUR/kWh";2040;"0.03";"Removed policies";"Electricity"
"OPEX";"Taxes";"DE";"Network Costs - MCS";"Tractor-Trailer";"PROG";"EUR/kWh";2040;"0.03";"Removed policies";"Electricity"
"OPEX";"Taxes";"ES";"Network Costs - MCS";"Rigid";"PROG";"EUR/kWh";2040;"0.011";"Removed policies";"Electricity"
"OPEX";"Taxes";"ES";"Network Costs - MCS";"Tractor-Trailer";"PROG";"EUR/kWh";2040;"0.011";"Removed policies";"Electricity"
"OPEX";"Taxes";"FR";"Network Costs - MCS";"Rigid";"PROG";"EUR/kWh";2040;"0.014";"Removed policies";"Electricity"
"OPEX";"Taxes";"FR";"Network Costs - MCS";"Tractor-Trailer";"PROG";"EUR/kWh";2040;"0.014";"Removed policies";"Electricity"
"OPEX";"Taxes";"IT";"Network Costs - MCS";"Rigid";"PROG";"EUR/kWh";2040;"0.013";"Removed policies";"Electricity"
"OPEX";"Taxes";"IT";"Network Costs - MCS";"Tractor-Trailer";"PROG";"EUR/kWh";2040;"0.013";"Removed policies";"Electricity"
"OPEX";"Taxes";"NL";"Network Costs - MCS";"Rigid";"PROG";"EUR/kWh";2040;"0.015";"Removed policies";"Electricity"
"OPEX";"Taxes";"NL";"Network Costs - MCS";"Tractor-Trailer";"PROG";"EUR/kWh";2040;"0.015";"Removed policies";"Electricity"
"OPEX";"Taxes";"PL";"Network Costs - MCS";"Rigid";"PROG";"EUR/kWh";2040;"0.015";"Removed policies";"Electricity"
"OPEX";"Taxes";"PL";"Network Costs - MCS";"Tractor-Trailer";"PROG";"EUR/kWh";2040;"0.015";"Removed policies";"Electricity"
"OPEX";"Taxes";"UK";"Network Costs - MCS";"Rigid";"PROG";"EUR/kWh";2040;"0.022";"Removed policies";"Electricity"
"OPEX";"Taxes";"UK";"Network Costs - MCS";"Tractor-Trailer";"PROG";"EUR/kWh";2040;"0.022";"Removed policies";"Electricity"
"OPEX";"Taxes";"DE";"Taxes, Fees, Levies and charges - MCS";"Rigid";"PROG";"EUR/kWh";2040;"0.051";"Removed policies";"Electricity"
"OPEX";"Taxes";"DE";"Taxes, Fees, Levies and charges - MCS";"Tractor-Trailer";"PROG";"EUR/kWh";2040;"0.051";"Removed policies";"Electricity"
"OPEX";"Taxes";"ES";"Taxes, Fees, Levies and charges - MCS";"Rigid";"PROG";"EUR/kWh";2040;"0.027";"Removed policies";"Electricity"
"OPEX";"Taxes";"ES";"Taxes, Fees, Levies and charges - MCS";"Tractor-Trailer";"PROG";"EUR/kWh";2040;"0.027";"Removed policies";"Electricity"
"OPEX";"Taxes";"FR";"Taxes, Fees, Levies and charges - MCS";"Rigid";"PROG";"EUR/kWh";2040;"0.024";"Removed policies";"Electricity"
"OPEX";"Taxes";"FR";"Taxes, Fees, Levies and charges - MCS";"Tractor-Trailer";"PROG";"EUR/kWh";2040;"0.024";"Removed policies";"Electricity"
"OPEX";"Taxes";"IT";"Taxes, Fees, Levies and charges - MCS";"Rigid";"PROG";"EUR/kWh";2040;"0.042";"Removed policies";"Electricity"
"OPEX";"Taxes";"IT";"Taxes, Fees, Levies and charges - MCS";"Tractor-Trailer";"PROG";"EUR/kWh";2040;"0.042";"Removed policies";"Electricity"
"OPEX";"Taxes";"NL";"Taxes, Fees, Levies and charges - MCS";"Rigid";"PROG";"EUR/kWh";2040;"0.037";"Removed policies";"Electricity"
"OPEX";"Taxes";"NL";"Taxes, Fees, Levies and charges - MCS";"Tractor-Trailer";"PROG";"EUR/kWh";2040;"0.037";"Removed policies";"Electricity"
"OPEX";"Taxes";"PL";"Taxes, Fees, Levies and charges - MCS";"Rigid";"PROG";"EUR/kWh";2040;"0.046";"Removed policies";"Electricity"
"OPEX";"Taxes";"PL";"Taxes, Fees, Levies and charges - MCS";"Tractor-Trailer";"PROG";"EUR/kWh";2040;"0.046";"Removed policies";"Electricity"
"OPEX";"Taxes";"UK";"Taxes, Fees, Levies and charges - MCS";"Rigid";"PROG";"EUR/kWh";2040;"0.074";"Removed policies";"Electricity"
"OPEX";"Taxes";"UK";"Taxes, Fees, Levies and charges - MCS";"Tractor-Trailer";"PROG";"EUR/kWh";2040;"0.074";"Removed policies";"Electricity"
"OPEX";"Taxes";"DE";"Network Costs - Depot";"Rigid";"PROG";"EUR/kWh";2040;"0.034";"Removed policies";"Electricity"
"OPEX";"Taxes";"DE";"Network Costs - Depot";"Tractor-Trailer";"PROG";"EUR/kWh";2040;"0.034";"Removed policies";"Electricity"
"OPEX";"Taxes";"ES";"Network Costs - Depot";"Rigid";"PROG";"EUR/kWh";2040;"0.018";"Removed policies";"Electricity"
"OPEX";"Taxes";"ES";"Network Costs - Depot";"Tractor-Trailer";"PROG";"EUR/kWh";2040;"0.018";"Removed policies";"Electricity"
"OPEX";"Taxes";"FR";"Network Costs - Depot";"Rigid";"PROG";"EUR/kWh";2040;"0.018";"Removed policies";"Electricity"
"OPEX";"Taxes";"FR";"Network Costs - Depot";"Tractor-Trailer";"PROG";"EUR/kWh";2040;"0.018";"Removed policies";"Electricity"
"OPEX";"Taxes";"IT";"Network Costs - Depot";"Rigid";"PROG";"EUR/kWh";2040;"0.016";"Removed policies";"Electricity"
"OPEX";"Taxes";"IT";"Network Costs - Depot";"Tractor-Trailer";"PROG";"EUR/kWh";2040;"0.016";"Removed policies";"Electricity"
"OPEX";"Taxes";"NL";"Network Costs - Depot";"Rigid";"PROG";"EUR/kWh";2040;"0.016";"Removed policies";"Electricity"
"OPEX";"Taxes";"NL";"Network Costs - Depot";"Tractor-Trailer";"PROG";"EUR/kWh";2040;"0.016";"Removed policies";"Electricity"
"OPEX";"Taxes";"PL";"Network Costs - Depot";"Rigid";"PROG";"EUR/kWh";2040;"0.019";"Removed policies";"Electricity"
"OPEX";"Taxes";"PL";"Network Costs - Depot";"Tractor-Trailer";"PROG";"EUR/kWh";2040;"0.019";"Removed policies";"Electricity"
"OPEX";"Taxes";"UK";"Network Costs - Depot";"Rigid";"PROG";"EUR/kWh";2040;"0.027";"Removed policies";"Electricity"
"OPEX";"Taxes";"UK";"Network Costs - Depot";"Tractor-Trailer";"PROG";"EUR/kWh";2040;"0.027";"Removed policies";"Electricity"
"OPEX";"Taxes";"DE";"Taxes, Fees, Levies and charges - Depot";"Rigid";"PROG";"EUR/kWh";2040;"0.056";"Removed policies";"Electricity"
"OPEX";"Taxes";"DE";"Taxes, Fees, Levies and charges - Depot";"Tractor-Trailer";"PROG";"EUR/kWh";2040;"0.056";"Removed policies";"Electricity"
"OPEX";"Taxes";"ES";"Taxes, Fees, Levies and charges - Depot";"Rigid";"PROG";"EUR/kWh";2040;"0.036";"Removed policies";"Electricity"
"OPEX";"Taxes";"ES";"Taxes, Fees, Levies and charges - Depot";"Tractor-Trailer";"PROG";"EUR/kWh";2040;"0.036";"Removed policies";"Electricity"
"OPEX";"Taxes";"FR";"Taxes, Fees, Levies and charges - Depot";"Rigid";"PROG";"EUR/kWh";2040;"0.03";"Removed policies";"Electricity"
"OPEX";"Taxes";"FR";"Taxes, Fees, Levies and charges - Depot";"Tractor-Trailer";"PROG";"EUR/kWh";2040;"0.03";"Removed policies";"Electricity"
"OPEX";"Taxes";"IT";"Taxes, Fees, Levies and charges - Depot";"Rigid";"PROG";"EUR/kWh";2040;"0.063";"Removed policies";"Electricity"
"OPEX";"Taxes";"IT";"Taxes, Fees, Levies and charges - Depot";"Tractor-Trailer";"PROG";"EUR/kWh";2040;"0.063";"Removed policies";"Electricity"
"OPEX";"Taxes";"NL";"Taxes, Fees, Levies and charges - Depot";"Rigid";"PROG";"EUR/kWh";2040;"0.055";"Removed policies";"Electricity"
"OPEX";"Taxes";"NL";"Taxes, Fees, Levies and charges - Depot";"Tractor-Trailer";"PROG";"EUR/kWh";2040;"0.055";"Removed policies";"Electricity"
"OPEX";"Taxes";"PL";"Taxes, Fees, Levies and charges - Depot";"Rigid";"PROG";"EUR/kWh";2040;"0.049";"Removed policies";"Electricity"
"OPEX";"Taxes";"PL";"Taxes, Fees, Levies and charges - Depot";"Tractor-Trailer";"PROG";"EUR/kWh";2040;"0.049";"Removed policies";"Electricity"
"OPEX";"Taxes";"UK";"Taxes, Fees, Levies and charges - Depot";"Rigid";"PROG";"EUR/kWh";2040;"0.077";"Removed policies";"Electricity"
"OPEX";"Taxes";"UK";"Taxes, Fees, Levies and charges - Depot";"Tractor-Trailer";"PROG";"EUR/kWh";2040;"0.077";"Removed policies";"Electricity"
"OPEX";"H2 Infrastructure";"DE";"HRS costs";"Rigid";"PROG";"EUR/kg H2";2040;"0.7";"Removed policies";"Hydrogen"
"OPEX";"H2 Infrastructure";"DE";"HRS costs";"Tractor-Trailer";"PROG";"EUR/kg H2";2040;"0.7";"Removed policies";"Hydrogen"
"OPEX";"H2 Infrastructure";"ES";"HRS costs";"Rigid";"PROG";"EUR/kg H2";2040;"0.7";"Removed policies";"Hydrogen"
"OPEX";"H2 Infrastructure";"ES";"HRS costs";"Tractor-Trailer";"PROG";"EUR/kg H2";2040;"0.7";"Removed policies";"Hydrogen"
"OPEX";"H2 Infrastructure";"FR";"HRS costs";"Rigid";"PROG";"EUR/kg H2";2040;"0.7";"Removed policies";"Hydrogen"
"OPEX";"H2 Infrastructure";"FR";"HRS costs";"Tractor-Trailer";"PROG";"EUR/kg H2";2040;"0.7";"Removed policies";"Hydrogen"
"OPEX";"H2 Infrastructure";"IT";"HRS costs";"Rigid";"PROG";"EUR/kg H2";2040;"0.7";"Removed policies";"Hydrogen"
"OPEX";"H2 Infrastructure";"IT";"HRS costs";"Tractor-Trailer";"PROG";"EUR/kg H2";2040;"0.7";"Removed policies";"Hydrogen"
"OPEX";"H2 Infrastructure";"NL";"HRS costs";"Rigid";"PROG";"EUR/kg H2";2040;"0.7";"Removed policies";"Hydrogen"
"OPEX";"H2 Infrastructure";"NL";"HRS costs";"Tractor-Trailer";"PROG";"EUR/kg H2";2040;"0.7";"Removed policies";"Hydrogen"
"OPEX";"H2 Infrastructure";"PL";"HRS costs";"Rigid";"PROG";"EUR/kg H2";2040;"0.7";"Removed policies";"Hydrogen"
"OPEX";"H2 Infrastructure";"PL";"HRS costs";"Tractor-Trailer";"PROG";"EUR/kg H2";2040;"0.7";"Removed policies";"Hydrogen"
"OPEX";"H2 Infrastructure";"UK";"HRS costs";"Rigid";"PROG";"EUR/kg H2";2040;"0.7";"Removed policies";"Hydrogen"
"OPEX";"H2 Infrastructure";"UK";"HRS costs";"Tractor-Trailer";"PROG";"EUR/kg H2";2040;"0.7";"Removed policies";"Hydrogen"
"OPEX";"H2 Infrastructure";"DE";"H2 transport and distribution";"Rigid";"PROG";"EUR/kg H2";2040;"0.667";"Removed policies";"Hydrogen"
"OPEX";"H2 Infrastructure";"DE";"H2 transport and distribution";"Tractor-Trailer";"PROG";"EUR/kg H2";2040;"0.667";"Removed policies";"Hydrogen"
"OPEX";"H2 Infrastructure";"ES";"H2 transport and distribution";"Rigid";"PROG";"EUR/kg H2";2040;"0.667";"Removed policies";"Hydrogen"
"OPEX";"H2 Infrastructure";"ES";"H2 transport and distribution";"Tractor-Trailer";"PROG";"EUR/kg H2";2040;"0.667";"Removed policies";"Hydrogen"
"OPEX";"H2 Infrastructure";"FR";"H2 transport and distribution";"Rigid";"PROG";"EUR/kg H2";2040;"0.667";"Removed policies";"Hydrogen"
"OPEX";"H2 Infrastructure";"FR";"H2 transport and distribution";"Tractor-Trailer";"PROG";"EUR/kg H2";2040;"0.667";"Removed policies";"Hydrogen"
"OPEX";"H2 Infrastructure";"IT";"H2 transport and distribution";"Rigid";"PROG";"EUR/kg H2";2040;"0.667";"Removed policies";"Hydrogen"
"OPEX";"H2 Infrastructure";"IT";"H2 transport and distribution";"Tractor-Trailer";"PROG";"EUR/kg H2";2040;"0.667";"Removed policies";"Hydrogen"
"OPEX";"H2 Infrastructure";"NL";"H2 transport and distribution";"Rigid";"PROG";"EUR/kg H2";2040;"0.667";"Removed policies";"Hydrogen"
"OPEX";"H2 Infrastructure";"NL";"H2 transport and distribution";"Tractor-Trailer";"PROG";"EUR/kg H2";2040;"0.667";"Removed policies";"Hydrogen"
"OPEX";"H2 Infrastructure";"PL";"H2 transport and distribution";"Rigid";"PROG";"EUR/kg H2";2040;"0.667";"Removed policies";"Hydrogen"
"OPEX";"H2 Infrastructure";"PL";"H2 transport and distribution";"Tractor-Trailer";"PROG";"EUR/kg H2";2040;"0.667";"Removed policies";"Hydrogen"
"OPEX";"H2 Infrastructure";"UK";"H2 transport and distribution";"Rigid";"PROG";"EUR/kg H2";2040;"0.667";"Removed policies";"Hydrogen"
"OPEX";"H2 Infrastructure";"UK";"H2 transport and distribution";"Tractor-Trailer";"PROG";"EUR/kg H2";2040;"0.667";"Removed policies";"Hydrogen"
"OPEX";"H2 Infrastructure";"DE";"HRS Overhead, Profit and Mark-Up";"Rigid";"PROG";"EUR/kg H2";2040;"0.25";"Removed policies";"Hydrogen"
"OPEX";"H2 Infrastructure";"DE";"HRS Overhead, Profit and Mark-Up";"Tractor-Trailer";"PROG";"EUR/kg H2";2040;"0.25";"Removed policies";"Hydrogen"
"OPEX";"H2 Infrastructure";"ES";"HRS Overhead, Profit and Mark-Up";"Rigid";"PROG";"EUR/kg H2";2040;"0.25";"Removed policies";"Hydrogen"
"OPEX";"H2 Infrastructure";"ES";"HRS Overhead, Profit and Mark-Up";"Tractor-Trailer";"PROG";"EUR/kg H2";2040;"0.25";"Removed policies";"Hydrogen"
"OPEX";"H2 Infrastructure";"FR";"HRS Overhead, Profit and Mark-Up";"Rigid";"PROG";"EUR/kg H2";2040;"0.25";"Removed policies";"Hydrogen"
"OPEX";"H2 Infrastructure";"FR";"HRS Overhead, Profit and Mark-Up";"Tractor-Trailer";"PROG";"EUR/kg H2";2040;"0.25";"Removed policies";"Hydrogen"
"OPEX";"H2 Infrastructure";"IT";"HRS Overhead, Profit and Mark-Up";"Rigid";"PROG";"EUR/kg H2";2040;"0.25";"Removed policies";"Hydrogen"
"OPEX";"H2 Infrastructure";"IT";"HRS Overhead, Profit and Mark-Up";"Tractor-Trailer";"PROG";"EUR/kg H2";2040;"0.25";"Removed policies";"Hydrogen"
"OPEX";"H2 Infrastructure";"NL";"HRS Overhead, Profit and Mark-Up";"Rigid";"PROG";"EUR/kg H2";2040;"0.25";"Removed policies";"Hydrogen"
"OPEX";"H2 Infrastructure";"NL";"HRS Overhead, Profit and Mark-Up";"Tractor-Trailer";"PROG";"EUR/kg H2";2040;"0.25";"Removed policies";"Hydrogen"
"OPEX";"H2 Infrastructure";"PL";"HRS Overhead, Profit and Mark-Up";"Rigid";"PROG";"EUR/kg H2";2040;"0.25";"Removed policies";"Hydrogen"
"OPEX";"H2 Infrastructure";"PL";"HRS Overhead, Profit and Mark-Up";"Tractor-Trailer";"PROG";"EUR/kg H2";2040;"0.25";"Removed policies";"Hydrogen"
"OPEX";"H2 Infrastructure";"UK";"HRS Overhead, Profit and Mark-Up";"Rigid";"PROG";"EUR/kg H2";2040;"0.25";"Removed policies";"Hydrogen"
"OPEX";"H2 Infrastructure";"UK";"HRS Overhead, Profit and Mark-Up";"Tractor-Trailer";"PROG";"EUR/kg H2";2040;"0.25";"Removed policies";"Hydrogen"
"OPEX";"Charging Infrastructure";"DE";"MCS Station (Public Charging) - Incl. Overhead";"Rigid";"PROG";"EUR/kWh";2040;"0.02";"Removed policies";"Electricity"
"OPEX";"Charging Infrastructure";"DE";"MCS Station (Public Charging) - Incl. Overhead";"Tractor-Trailer";"PROG";"EUR/kWh";2040;"0.02";"Removed policies";"Electricity"
"OPEX";"Charging Infrastructure";"ES";"MCS Station (Public Charging) - Incl. Overhead";"Rigid";"PROG";"EUR/kWh";2040;"0.02";"Removed policies";"Electricity"
"OPEX";"Charging Infrastructure";"ES";"MCS Station (Public Charging) - Incl. Overhead";"Tractor-Trailer";"PROG";"EUR/kWh";2040;"0.02";"Removed policies";"Electricity"
"OPEX";"Charging Infrastructure";"FR";"MCS Station (Public Charging) - Incl. Overhead";"Rigid";"PROG";"EUR/kWh";2040;"0.02";"Removed policies";"Electricity"
"OPEX";"Charging Infrastructure";"FR";"MCS Station (Public Charging) - Incl. Overhead";"Tractor-Trailer";"PROG";"EUR/kWh";2040;"0.02";"Removed policies";"Electricity"
"OPEX";"Charging Infrastructure";"IT";"MCS Station (Public Charging) - Incl. Overhead";"Rigid";"PROG";"EUR/kWh";2040;"0.02";"Removed policies";"Electricity"
"OPEX";"Charging Infrastructure";"IT";"MCS Station (Public Charging) - Incl. Overhead";"Tractor-Trailer";"PROG";"EUR/kWh";2040;"0.02";"Removed policies";"Electricity"
"OPEX";"Charging Infrastructure";"NL";"MCS Station (Public Charging) - Incl. Overhead";"Rigid";"PROG";"EUR/kWh";2040;"0.02";"Removed policies";"Electricity"
"OPEX";"Charging Infrastructure";"NL";"MCS Station (Public Charging) - Incl. Overhead";"Tractor-Trailer";"PROG";"EUR/kWh";2040;"0.02";"Removed policies";"Electricity"
"OPEX";"Charging Infrastructure";"PL";"MCS Station (Public Charging) - Incl. Overhead";"Rigid";"PROG";"EUR/kWh";2040;"0.02";"Removed policies";"Electricity"
"OPEX";"Charging Infrastructure";"PL";"MCS Station (Public Charging) - Incl. Overhead";"Tractor-Trailer";"PROG";"EUR/kWh";2040;"0.02";"Removed policies";"Electricity"
"OPEX";"Charging Infrastructure";"UK";"MCS Station (Public Charging) - Incl. Overhead";"Rigid";"PROG";"EUR/kWh";2040;"0.02";"Removed policies";"Electricity"
"OPEX";"Charging Infrastructure";"UK";"MCS Station (Public Charging) - Incl. Overhead";"Tractor-Trailer";"PROG";"EUR/kWh";2040;"0.02";"Removed policies";"Electricity"
"OPEX";"Charging Infrastructure";"DE";"Share MCS-Charging";"Rigid";"PROG";"%";2040;"0.2";"Removed policies";"Electricity"
"OPEX";"Charging Infrastructure";"DE";"Share MCS-Charging";"Tractor-Trailer";"PROG";"%";2040;"0.2";"Removed policies";"Electricity"
"OPEX";"Charging Infrastructure";"ES";"Share MCS-Charging";"Rigid";"PROG";"%";2040;"0.2";"Removed policies";"Electricity"
"OPEX";"Charging Infrastructure";"ES";"Share MCS-Charging";"Tractor-Trailer";"PROG";"%";2040;"0.2";"Removed policies";"Electricity"
"OPEX";"Charging Infrastructure";"FR";"Share MCS-Charging";"Rigid";"PROG";"%";2040;"0.2";"Removed policies";"Electricity"
"OPEX";"Charging Infrastructure";"FR";"Share MCS-Charging";"Tractor-Trailer";"PROG";"%";2040;"0.2";"Removed policies";"Electricity"
"OPEX";"Charging Infrastructure";"IT";"Share MCS-Charging";"Rigid";"PROG";"%";2040;"0.2";"Removed policies";"Electricity"
"OPEX";"Charging Infrastructure";"IT";"Share MCS-Charging";"Tractor-Trailer";"PROG";"%";2040;"0.2";"Removed policies";"Electricity"
"OPEX";"Charging Infrastructure";"NL";"Share MCS-Charging";"Rigid";"PROG";"%";2040;"0.2";"Removed policies";"Electricity"
"OPEX";"Charging Infrastructure";"NL";"Share MCS-Charging";"Tractor-Trailer";"PROG";"%";2040;"0.2";"Removed policies";"Electricity"
"OPEX";"Charging Infrastructure";"PL";"Share MCS-Charging";"Rigid";"PROG";"%";2040;"0.2";"Removed policies";"Electricity"
"OPEX";"Charging Infrastructure";"PL";"Share MCS-Charging";"Tractor-Trailer";"PROG";"%";2040;"0.2";"Removed policies";"Electricity"
"OPEX";"Charging Infrastructure";"UK";"Share MCS-Charging";"Rigid";"PROG";"%";2040;"0.2";"Removed policies";"Electricity"
"OPEX";"Charging Infrastructure";"UK";"Share MCS-Charging";"Tractor-Trailer";"PROG";"%";2040;"0.2";"Removed policies";"Electricity"
"OPEX";"Charging Infrastructure";"DE";"Depot - Network fees savings potential";"Rigid";"PROG";"EUR/kWh";2040;"-0.01";"Removed policies";"Electricity"
"OPEX";"Charging Infrastructure";"DE";"Depot - Network fees savings potential";"Tractor-Trailer";"PROG";"EUR/kWh";2040;"-0.01";"Removed policies";"Electricity"
"OPEX";"Charging Infrastructure";"ES";"Depot - Network fees savings potential";"Rigid";"PROG";"EUR/kWh";2040;"-0.01";"Removed policies";"Electricity"
"OPEX";"Charging Infrastructure";"ES";"Depot - Network fees savings potential";"Tractor-Trailer";"PROG";"EUR/kWh";2040;"-0.01";"Removed policies";"Electricity"
"OPEX";"Charging Infrastructure";"FR";"Depot - Network fees savings potential";"Rigid";"PROG";"EUR/kWh";2040;"-0.01";"Removed policies";"Electricity"
"OPEX";"Charging Infrastructure";"FR";"Depot - Network fees savings potential";"Tractor-Trailer";"PROG";"EUR/kWh";2040;"-0.01";"Removed policies";"Electricity"
"OPEX";"Charging Infrastructure";"IT";"Depot - Network fees savings potential";"Rigid";"PROG";"EUR/kWh";2040;"-0.01";"Removed policies";"Electricity"
"OPEX";"Charging Infrastructure";"IT";"Depot - Network fees savings potential";"Tractor-Trailer";"PROG";"EUR/kWh";2040;"-0.01";"Removed policies";"Electricity"
"OPEX";"Charging Infrastructure";"NL";"Depot - Network fees savings potential";"Rigid";"PROG";"EUR/kWh";2040;"-0.01";"Removed policies";"Electricity"
"OPEX";"Charging Infrastructure";"NL";"Depot - Network fees savings potential";"Tractor-Trailer";"PROG";"EUR/kWh";2040;"-0.01";"Removed policies";"Electricity"
"OPEX";"Charging Infrastructure";"PL";"Depot - Network fees savings potential";"Rigid";"PROG";"EUR/kWh";2040;"-0.01";"Removed policies";"Electricity"
"OPEX";"Charging Infrastructure";"PL";"Depot - Network fees savings potential";"Tractor-Trailer";"PROG";"EUR/kWh";2040;"-0.01";"Removed policies";"Electricity"
"OPEX";"Charging Infrastructure";"UK";"Depot - Network fees savings potential";"Rigid";"PROG";"EUR/kWh";2040;"-0.01";"Removed policies";"Electricity"
"OPEX";"Charging Infrastructure";"UK";"Depot - Network fees savings potential";"Tractor-Trailer";"PROG";"EUR/kWh";2040;"-0.01";"Removed policies";"Electricity"
"OPEX";"Taxes";"DE";"Tax reduction";"Rigid";"PROG";"%";2040;"0";"Removed policies";"Hydrogen"
"OPEX";"Taxes";"DE";"Tax reduction";"Tractor-Trailer";"PROG";"%";2040;"0";"Removed policies";"Hydrogen"
"OPEX";"Taxes";"ES";"Tax reduction";"Rigid";"PROG";"%";2040;"0";"Removed policies";"Hydrogen"
"OPEX";"Taxes";"ES";"Tax reduction";"Tractor-Trailer";"PROG";"%";2040;"0";"Removed policies";"Hydrogen"
"OPEX";"Taxes";"FR";"Tax reduction";"Rigid";"PROG";"%";2040;"0";"Removed policies";"Hydrogen"
"OPEX";"Taxes";"FR";"Tax reduction";"Tractor-Trailer";"PROG";"%";2040;"0";"Removed policies";"Hydrogen"
"OPEX";"Taxes";"IT";"Tax reduction";"Rigid";"PROG";"%";2040;"0";"Removed policies";"Hydrogen"
"OPEX";"Taxes";"IT";"Tax reduction";"Tractor-Trailer";"PROG";"%";2040;"0";"Removed policies";"Hydrogen"
"OPEX";"Taxes";"NL";"Tax reduction";"Rigid";"PROG";"%";2040;"0";"Removed policies";"Hydrogen"
"OPEX";"Taxes";"NL";"Tax reduction";"Tractor-Trailer";"PROG";"%";2040;"0";"Removed policies";"Hydrogen"
"OPEX";"Taxes";"PL";"Tax reduction";"Rigid";"PROG";"%";2040;"0";"Removed policies";"Hydrogen"
"OPEX";"Taxes";"PL";"Tax reduction";"Tractor-Trailer";"PROG";"%";2040;"0";"Removed policies";"Hydrogen"
"OPEX";"Taxes";"UK";"Tax reduction";"Rigid";"PROG";"%";2040;"0";"Removed policies";"Hydrogen"
"OPEX";"Taxes";"UK";"Tax reduction";"Tractor-Trailer";"PROG";"%";2040;"0";"Removed policies";"Hydrogen"
"OPEX";"Taxes";"DE";"Excise Duty - Diesel";"Rigid";"BAU";"EUR/kWh";2040;"0.047";"Removed policies";"Diesel"
"OPEX";"Taxes";"DE";"Excise Duty - Diesel";"Tractor-Trailer";"BAU";"EUR/kWh";2040;"0.047";"Removed policies";"Diesel"
"OPEX";"Taxes";"DE";"Excise Duty - Diesel";"Rigid";"PROG";"EUR/kWh";2040;"0.047";"Removed policies";"Diesel"
"OPEX";"Taxes";"DE";"Excise Duty - Diesel";"Tractor-Trailer";"PROG";"EUR/kWh";2040;"0.047";"Removed policies";"Diesel"
"OPEX";"Taxes";"ES";"Excise Duty - Diesel";"Rigid";"BAU";"EUR/kWh";2040;"0.038";"Removed policies";"Diesel"
"OPEX";"Taxes";"ES";"Excise Duty - Diesel";"Tractor-Trailer";"BAU";"EUR/kWh";2040;"0.038";"Removed policies";"Diesel"
"OPEX";"Taxes";"ES";"Excise Duty - Diesel";"Rigid";"PROG";"EUR/kWh";2040;"0.038";"Removed policies";"Diesel"
"OPEX";"Taxes";"ES";"Excise Duty - Diesel";"Tractor-Trailer";"PROG";"EUR/kWh";2040;"0.038";"Removed policies";"Diesel"
"OPEX";"Taxes";"FR";"Excise Duty - Diesel";"Rigid";"BAU";"EUR/kWh";2040;"0.06";"Removed policies";"Diesel"
"OPEX";"Taxes";"FR";"Excise Duty - Diesel";"Tractor-Trailer";"BAU";"EUR/kWh";2040;"0.06";"Removed policies";"Diesel"
"OPEX";"Taxes";"FR";"Excise Duty - Diesel";"Rigid";"PROG";"EUR/kWh";2040;"0.06";"Removed policies";"Diesel"
"OPEX";"Taxes";"FR";"Excise Duty - Diesel";"Tractor-Trailer";"PROG";"EUR/kWh";2040;"0.06";"Removed policies";"Diesel"
"OPEX";"Taxes";"IT";"Excise Duty - Diesel";"Rigid";"BAU";"EUR/kWh";2040;"0.062";"Removed policies";"Diesel"
"OPEX";"Taxes";"IT";"Excise Duty - Diesel";"Tractor-Trailer";"BAU";"EUR/kWh";2040;"0.062";"Removed policies";"Diesel"
"OPEX";"Taxes";"IT";"Excise Duty - Diesel";"Rigid";"PROG";"EUR/kWh";2040;"0.062";"Removed policies";"Diesel"
"OPEX";"Taxes";"IT";"Excise Duty - Diesel";"Tractor-Trailer";"PROG";"EUR/kWh";2040;"0.062";"Removed policies";"Diesel"
"OPEX";"Taxes";"NL";"Excise Duty - Diesel";"Rigid";"BAU";"EUR/kWh";2040;"0.053";"Removed policies";"Diesel"
"OPEX";"Taxes";"NL";"Excise Duty - Diesel";"Tractor-Trailer";"BAU";"EUR/kWh";2040;"0.053";"Removed policies";"Diesel"
"OPEX";"Taxes";"NL";"Excise Duty - Diesel";"Rigid";"PROG";"EUR/kWh";2040;"0.053";"Removed policies";"Diesel"
"OPEX";"Taxes";"NL";"Excise Duty - Diesel";"Tractor-Trailer";"PROG";"EUR/kWh";2040;"0.053";"Removed policies";"Diesel"
"OPEX";"Taxes";"PL";"Excise Duty - Diesel";"Rigid";"BAU";"EUR/kWh";2040;"0.033";"Removed policies";"Diesel"
"OPEX";"Taxes";"PL";"Excise Duty - Diesel";"Tractor-Trailer";"BAU";"EUR/kWh";2040;"0.033";"Removed policies";"Diesel"
"OPEX";"Taxes";"PL";"Excise Duty - Diesel";"Rigid";"PROG";"EUR/kWh";2040;"0.033";"Removed policies";"Diesel"
"OPEX";"Taxes";"PL";"Excise Duty - Diesel";"Tractor-Trailer";"PROG";"EUR/kWh";2040;"0.033";"Removed policies";"Diesel"
"OPEX";"Taxes";"UK";"Excise Duty - Diesel";"Rigid";"BAU";"EUR/kWh";2040;"0.053";"Removed policies";"Diesel"
"OPEX";"Taxes";"UK";"Excise Duty - Diesel";"Tractor-Trailer";"BAU";"EUR/kWh";2040;"0.053";"Removed policies";"Diesel"
"OPEX";"Taxes";"UK";"Excise Duty - Diesel";"Rigid";"PROG";"EUR/kWh";2040;"0.053";"Removed policies";"Diesel"
"OPEX";"Taxes";"UK";"Excise Duty - Diesel";"Tractor-Trailer";"PROG";"EUR/kWh";2040;"0.053";"Removed policies";"Diesel"
"OPEX";"Taxes";"DE";"Excise Duty - Reduction biodiesel";"Rigid";"BAU";"%";2040;"0.5";"Removed policies";"Diesel"
"OPEX";"Taxes";"DE";"Excise Duty - Reduction biodiesel";"Tractor-Trailer";"BAU";"%";2040;"0.5";"Removed policies";"Diesel"
"OPEX";"Taxes";"DE";"Excise Duty - Reduction biodiesel";"Rigid";"PROG";"%";2040;"0.5";"Removed policies";"Diesel"
"OPEX";"Taxes";"DE";"Excise Duty - Reduction biodiesel";"Tractor-Trailer";"PROG";"%";2040;"0.5";"Removed policies";"Diesel"
"OPEX";"Taxes";"ES";"Excise Duty - Reduction biodiesel";"Rigid";"BAU";"%";2040;"0.5";"Removed policies";"Diesel"
"OPEX";"Taxes";"ES";"Excise Duty - Reduction biodiesel";"Tractor-Trailer";"BAU";"%";2040;"0.5";"Removed policies";"Diesel"
"OPEX";"Taxes";"ES";"Excise Duty - Reduction biodiesel";"Rigid";"PROG";"%";2040;"0.5";"Removed policies";"Diesel"
"OPEX";"Taxes";"ES";"Excise Duty - Reduction biodiesel";"Tractor-Trailer";"PROG";"%";2040;"0.5";"Removed policies";"Diesel"
"OPEX";"Taxes";"FR";"Excise Duty - Reduction biodiesel";"Rigid";"BAU";"%";2040;"0.5";"Removed policies";"Diesel"
"OPEX";"Taxes";"FR";"Excise Duty - Reduction biodiesel";"Tractor-Trailer";"BAU";"%";2040;"0.5";"Removed policies";"Diesel"
"OPEX";"Taxes";"FR";"Excise Duty - Reduction biodiesel";"Rigid";"PROG";"%";2040;"0.5";"Removed policies";"Diesel"
"OPEX";"Taxes";"FR";"Excise Duty - Reduction biodiesel";"Tractor-Trailer";"PROG";"%";2040;"0.5";"Removed policies";"Diesel"
"OPEX";"Taxes";"IT";"Excise Duty - Reduction biodiesel";"Rigid";"BAU";"%";2040;"0.5";"Removed policies";"Diesel"
"OPEX";"Taxes";"IT";"Excise Duty - Reduction biodiesel";"Tractor-Trailer";"BAU";"%";2040;"0.5";"Removed policies";"Diesel"
"OPEX";"Taxes";"IT";"Excise Duty - Reduction biodiesel";"Rigid";"PROG";"%";2040;"0.5";"Removed policies";"Diesel"
"OPEX";"Taxes";"IT";"Excise Duty - Reduction biodiesel";"Tractor-Trailer";"PROG";"%";2040;"0.5";"Removed policies";"Diesel"
"OPEX";"Taxes";"NL";"Excise Duty - Reduction biodiesel";"Rigid";"BAU";"%";2040;"0.5";"Removed policies";"Diesel"
"OPEX";"Taxes";"NL";"Excise Duty - Reduction biodiesel";"Tractor-Trailer";"BAU";"%";2040;"0.5";"Removed policies";"Diesel"
"OPEX";"Taxes";"NL";"Excise Duty - Reduction biodiesel";"Rigid";"PROG";"%";2040;"0.5";"Removed policies";"Diesel"
"OPEX";"Taxes";"NL";"Excise Duty - Reduction biodiesel";"Tractor-Trailer";"PROG";"%";2040;"0.5";"Removed policies";"Diesel"
"OPEX";"Taxes";"PL";"Excise Duty - Reduction biodiesel";"Rigid";"BAU";"%";2040;"0.5";"Removed policies";"Diesel"
"OPEX";"Taxes";"PL";"Excise Duty - Reduction biodiesel";"Tractor-Trailer";"BAU";"%";2040;"0.5";"Removed policies";"Diesel"
"OPEX";"Taxes";"PL";"Excise Duty - Reduction biodiesel";"Rigid";"PROG";"%";2040;"0.5";"Removed policies";"Diesel"
"OPEX";"Taxes";"PL";"Excise Duty - Reduction biodiesel";"Tractor-Trailer";"PROG";"%";2040;"0.5";"Removed policies";"Diesel"
"OPEX";"Taxes";"UK";"Excise Duty - Reduction biodiesel";"Rigid";"BAU";"%";2040;"0.5";"Removed policies";"Diesel"
"OPEX";"Taxes";"UK";"Excise Duty - Reduction biodiesel";"Tractor-Trailer";"BAU";"%";2040;"0.5";"Removed policies";"Diesel"
"OPEX";"Taxes";"UK";"Excise Duty - Reduction biodiesel";"Rigid";"PROG";"%";2040;"0.5";"Removed policies";"Diesel"
"OPEX";"Taxes";"UK";"Excise Duty - Reduction biodiesel";"Tractor-Trailer";"PROG";"%";2040;"0.5";"Removed policies";"Diesel"
"OPEX";"Taxes";"DE";"Excise Duty - Reduction Synthetic Diesel (E-Fuels)";"Rigid";"BAU";"%";2040;"0.5";"Removed policies";"Diesel"
"OPEX";"Taxes";"DE";"Excise Duty - Reduction Synthetic Diesel (E-Fuels)";"Tractor-Trailer";"BAU";"%";2040;"0.5";"Removed policies";"Diesel"
"OPEX";"Taxes";"DE";"Excise Duty - Reduction Synthetic Diesel (E-Fuels)";"Rigid";"PROG";"%";2040;"0.5";"Removed policies";"Diesel"
"OPEX";"Taxes";"DE";"Excise Duty - Reduction Synthetic Diesel (E-Fuels)";"Tractor-Trailer";"PROG";"%";2040;"0.5";"Removed policies";"Diesel"
"OPEX";"Taxes";"ES";"Excise Duty - Reduction Synthetic Diesel (E-Fuels)";"Rigid";"BAU";"%";2040;"0.5";"Removed policies";"Diesel"
"OPEX";"Taxes";"ES";"Excise Duty - Reduction Synthetic Diesel (E-Fuels)";"Tractor-Trailer";"BAU";"%";2040;"0.5";"Removed policies";"Diesel"
"OPEX";"Taxes";"ES";"Excise Duty - Reduction Synthetic Diesel (E-Fuels)";"Rigid";"PROG";"%";2040;"0.5";"Removed policies";"Diesel"
"OPEX";"Taxes";"ES";"Excise Duty - Reduction Synthetic Diesel (E-Fuels)";"Tractor-Trailer";"PROG";"%";2040;"0.5";"Removed policies";"Diesel"
"OPEX";"Taxes";"FR";"Excise Duty - Reduction Synthetic Diesel (E-Fuels)";"Rigid";"BAU";"%";2040;"0.5";"Removed policies";"Diesel"
"OPEX";"Taxes";"FR";"Excise Duty - Reduction Synthetic Diesel (E-Fuels)";"Tractor-Trailer";"BAU";"%";2040;"0.5";"Removed policies";"Diesel"
"OPEX";"Taxes";"FR";"Excise Duty - Reduction Synthetic Diesel (E-Fuels)";"Rigid";"PROG";"%";2040;"0.5";"Removed policies";"Diesel"
"OPEX";"Taxes";"FR";"Excise Duty - Reduction Synthetic Diesel (E-Fuels)";"Tractor-Trailer";"PROG";"%";2040;"0.5";"Removed policies";"Diesel"
"OPEX";"Taxes";"IT";"Excise Duty - Reduction Synthetic Diesel (E-Fuels)";"Rigid";"BAU";"%";2040;"0.5";"Removed policies";"Diesel"
"OPEX";"Taxes";"IT";"Excise Duty - Reduction Synthetic Diesel (E-Fuels)";"Tractor-Trailer";"BAU";"%";2040;"0.5";"Removed policies";"Diesel"
"OPEX";"Taxes";"IT";"Excise Duty - Reduction Synthetic Diesel (E-Fuels)";"Rigid";"PROG";"%";2040;"0.5";"Removed policies";"Diesel"
"OPEX";"Taxes";"IT";"Excise Duty - Reduction Synthetic Diesel (E-Fuels)";"Tractor-Trailer";"PROG";"%";2040;"0.5";"Removed policies";"Diesel"
"OPEX";"Taxes";"NL";"Excise Duty - Reduction Synthetic Diesel (E-Fuels)";"Rigid";"BAU";"%";2040;"0.5";"Removed policies";"Diesel"
"OPEX";"Taxes";"NL";"Excise Duty - Reduction Synthetic Diesel (E-Fuels)";"Tractor-Trailer";"BAU";"%";2040;"0.5";"Removed policies";"Diesel"
"OPEX";"Taxes";"NL";"Excise Duty - Reduction Synthetic Diesel (E-Fuels)";"Rigid";"PROG";"%";2040;"0.5";"Removed policies";"Diesel"
"OPEX";"Taxes";"NL";"Excise Duty - Reduction Synthetic Diesel (E-Fuels)";"Tractor-Trailer";"PROG";"%";2040;"0.5";"Removed policies";"Diesel"
"OPEX";"Taxes";"PL";"Excise Duty - Reduction Synthetic Diesel (E-Fuels)";"Rigid";"BAU";"%";2040;"0.5";"Removed policies";"Diesel"
"OPEX";"Taxes";"PL";"Excise Duty - Reduction Synthetic Diesel (E-Fuels)";"Tractor-Trailer";"BAU";"%";2040;"0.5";"Removed policies";"Diesel"
"OPEX";"Taxes";"PL";"Excise Duty - Reduction Synthetic Diesel (E-Fuels)";"Rigid";"PROG";"%";2040;"0.5";"Removed policies";"Diesel"
"OPEX";"Taxes";"PL";"Excise Duty - Reduction Synthetic Diesel (E-Fuels)";"Tractor-Trailer";"PROG";"%";2040;"0.5";"Removed policies";"Diesel"
"OPEX";"Taxes";"UK";"Excise Duty - Reduction Synthetic Diesel (E-Fuels)";"Rigid";"BAU";"%";2040;"0.5";"Removed policies";"Diesel"
"OPEX";"Taxes";"UK";"Excise Duty - Reduction Synthetic Diesel (E-Fuels)";"Tractor-Trailer";"BAU";"%";2040;"0.5";"Removed policies";"Diesel"
"OPEX";"Taxes";"UK";"Excise Duty - Reduction Synthetic Diesel (E-Fuels)";"Rigid";"PROG";"%";2040;"0.5";"Removed policies";"Diesel"
"OPEX";"Taxes";"UK";"Excise Duty - Reduction Synthetic Diesel (E-Fuels)";"Tractor-Trailer";"PROG";"%";2040;"0.5";"Removed policies";"Diesel"
"OPEX";"Taxes";"DE";"Taxes, Fees, Levies and charges - H2";"Rigid";"BAU";"EUR/kWh";2040;"0.015";"Removed policies";"Hydrogen"
"OPEX";"Taxes";"DE";"Taxes, Fees, Levies and charges - H2";"Tractor-Trailer";"BAU";"EUR/kWh";2040;"0.015";"Removed policies";"Hydrogen"
"OPEX";"Taxes";"DE";"Taxes, Fees, Levies and charges - H2";"Rigid";"PROG";"EUR/kWh";2040;"0.015";"Removed policies";"Hydrogen"
"OPEX";"Taxes";"DE";"Taxes, Fees, Levies and charges - H2";"Tractor-Trailer";"PROG";"EUR/kWh";2040;"0.015";"Removed policies";"Hydrogen"
"OPEX";"Taxes";"ES";"Taxes, Fees, Levies and charges - H2";"Rigid";"BAU";"EUR/kWh";2040;"0.008";"Removed policies";"Hydrogen"
"OPEX";"Taxes";"ES";"Taxes, Fees, Levies and charges - H2";"Tractor-Trailer";"BAU";"EUR/kWh";2040;"0.008";"Removed policies";"Hydrogen"
"OPEX";"Taxes";"ES";"Taxes, Fees, Levies and charges - H2";"Rigid";"PROG";"EUR/kWh";2040;"0.008";"Removed policies";"Hydrogen"
"OPEX";"Taxes";"ES";"Taxes, Fees, Levies and charges - H2";"Tractor-Trailer";"PROG";"EUR/kWh";2040;"0.008";"Removed policies";"Hydrogen"
"OPEX";"Taxes";"FR";"Taxes, Fees, Levies and charges - H2";"Rigid";"BAU";"EUR/kWh";2040;"0.012";"Removed policies";"Hydrogen"
"OPEX";"Taxes";"FR";"Taxes, Fees, Levies and charges - H2";"Tractor-Trailer";"BAU";"EUR/kWh";2040;"0.012";"Removed policies";"Hydrogen"
"OPEX";"Taxes";"FR";"Taxes, Fees, Levies and charges - H2";"Rigid";"PROG";"EUR/kWh";2040;"0.012";"Removed policies";"Hydrogen"
"OPEX";"Taxes";"FR";"Taxes, Fees, Levies and charges - H2";"Tractor-Trailer";"PROG";"EUR/kWh";2040;"0.012";"Removed policies";"Hydrogen"
"OPEX";"Taxes";"IT";"Taxes, Fees, Levies and charges - H2";"Rigid";"BAU";"EUR/kWh";2040;"0.009";"Removed policies";"Hydrogen"
"OPEX";"Taxes";"IT";"Taxes, Fees, Levies and charges - H2";"Tractor-Trailer";"BAU";"EUR/kWh";2040;"0.009";"Removed policies";"Hydrogen"
"OPEX";"Taxes";"IT";"Taxes, Fees, Levies and charges - H2";"Rigid";"PROG";"EUR/kWh";2040;"0.009";"Removed policies";"Hydrogen"
"OPEX";"Taxes";"IT";"Taxes, Fees, Levies and charges - H2";"Tractor-Trailer";"PROG";"EUR/kWh";2040;"0.009";"Removed policies";"Hydrogen"
"OPEX";"Taxes";"NL";"Taxes, Fees, Levies and charges - H2";"Rigid";"BAU";"EUR/kWh";2040;"0.024";"Removed policies";"Hydrogen"
"OPEX";"Taxes";"NL";"Taxes, Fees, Levies and charges - H2";"Tractor-Trailer";"BAU";"EUR/kWh";2040;"0.024";"Removed policies";"Hydrogen"
"OPEX";"Taxes";"NL";"Taxes, Fees, Levies and charges - H2";"Rigid";"PROG";"EUR/kWh";2040;"0.024";"Removed policies";"Hydrogen"
"OPEX";"Taxes";"NL";"Taxes, Fees, Levies and charges - H2";"Tractor-Trailer";"PROG";"EUR/kWh";2040;"0.024";"Removed policies";"Hydrogen"
"OPEX";"Taxes";"PL";"Taxes, Fees, Levies and charges - H2";"Rigid";"BAU";"EUR/kWh";2040;"0.009";"Removed policies";"Hydrogen"
"OPEX";"Taxes";"PL";"Taxes, Fees, Levies and charges - H2";"Tractor-Trailer";"BAU";"EUR/kWh";2040;"0.009";"Removed policies";"Hydrogen"
"OPEX";"Taxes";"PL";"Taxes, Fees, Levies and charges - H2";"Rigid";"PROG";"EUR/kWh";2040;"0.009";"Removed policies";"Hydrogen"
"OPEX";"Taxes";"PL";"Taxes, Fees, Levies and charges - H2";"Tractor-Trailer";"PROG";"EUR/kWh";2040;"0.009";"Removed policies";"Hydrogen"
"OPEX";"Taxes";"UK";"Taxes, Fees, Levies and charges - H2";"Rigid";"BAU";"EUR/kWh";2040;"0.006";"Removed policies";"Hydrogen"
"OPEX";"Taxes";"UK";"Taxes, Fees, Levies and charges - H2";"Tractor-Trailer";"BAU";"EUR/kWh";2040;"0.006";"Removed policies";"Hydrogen"
"OPEX";"Taxes";"UK";"Taxes, Fees, Levies and charges - H2";"Rigid";"PROG";"EUR/kWh";2040;"0.006";"Removed policies";"Hydrogen"
"OPEX";"Taxes";"UK";"Taxes, Fees, Levies and charges - H2";"Tractor-Trailer";"PROG";"EUR/kWh";2040;"0.006";"Removed policies";"Hydrogen"
"OPEX";"Charging Infrastructure";"DE";"MCS grid extension";"Rigid";"PROG";"EUR/kWh";2040;"0.055";"Removed policies";"Electricity"
"OPEX";"Charging Infrastructure";"DE";"MCS grid extension";"Tractor-Trailer";"PROG";"EUR/kWh";2040;"0.055";"Removed policies";"Electricity"
"OPEX";"Charging Infrastructure";"DE";"MCS grid extension";"Rigid";"BAU";"EUR/kWh";2040;"0.055";"Removed policies";"Electricity"
"OPEX";"Charging Infrastructure";"DE";"MCS grid extension";"Tractor-Trailer";"BAU";"EUR/kWh";2040;"0.055";"Removed policies";"Electricity"
"OPEX";"Charging Infrastructure";"ES";"MCS grid extension";"Rigid";"PROG";"EUR/kWh";2040;"0.055";"Removed policies";"Electricity"
"OPEX";"Charging Infrastructure";"ES";"MCS grid extension";"Tractor-Trailer";"PROG";"EUR/kWh";2040;"0.055";"Removed policies";"Electricity"
"OPEX";"Charging Infrastructure";"ES";"MCS grid extension";"Rigid";"BAU";"EUR/kWh";2040;"0.055";"Removed policies";"Electricity"
"OPEX";"Charging Infrastructure";"ES";"MCS grid extension";"Tractor-Trailer";"BAU";"EUR/kWh";2040;"0.055";"Removed policies";"Electricity"
"OPEX";"Charging Infrastructure";"FR";"MCS grid extension";"Rigid";"PROG";"EUR/kWh";2040;"0.055";"Removed policies";"Electricity"
"OPEX";"Charging Infrastructure";"FR";"MCS grid extension";"Tractor-Trailer";"PROG";"EUR/kWh";2040;"0.055";"Removed policies";"Electricity"
"OPEX";"Charging Infrastructure";"FR";"MCS grid extension";"Rigid";"BAU";"EUR/kWh";2040;"0.055";"Removed policies";"Electricity"
"OPEX";"Charging Infrastructure";"FR";"MCS grid extension";"Tractor-Trailer";"BAU";"EUR/kWh";2040;"0.055";"Removed policies";"Electricity"
"OPEX";"Charging Infrastructure";"IT";"MCS grid extension";"Rigid";"PROG";"EUR/kWh";2040;"0.055";"Removed policies";"Electricity"
"OPEX";"Charging Infrastructure";"IT";"MCS grid extension";"Tractor-Trailer";"PROG";"EUR/kWh";2040;"0.055";"Removed policies";"Electricity"
"OPEX";"Charging Infrastructure";"IT";"MCS grid extension";"Rigid";"BAU";"EUR/kWh";2040;"0.055";"Removed policies";"Electricity"
"OPEX";"Charging Infrastructure";"IT";"MCS grid extension";"Tractor-Trailer";"BAU";"EUR/kWh";2040;"0.055";"Removed policies";"Electricity"
"OPEX";"Charging Infrastructure";"NL";"MCS grid extension";"Rigid";"PROG";"EUR/kWh";2040;"0.055";"Removed policies";"Electricity"
"OPEX";"Charging Infrastructure";"NL";"MCS grid extension";"Tractor-Trailer";"PROG";"EUR/kWh";2040;"0.055";"Removed policies";"Electricity"
"OPEX";"Charging Infrastructure";"NL";"MCS grid extension";"Rigid";"BAU";"EUR/kWh";2040;"0.055";"Removed policies";"Electricity"
"OPEX";"Charging Infrastructure";"NL";"MCS grid extension";"Tractor-Trailer";"BAU";"EUR/kWh";2040;"0.055";"Removed policies";"Electricity"
"OPEX";"Charging Infrastructure";"PL";"MCS grid extension";"Rigid";"PROG";"EUR/kWh";2040;"0.055";"Removed policies";"Electricity"
"OPEX";"Charging Infrastructure";"PL";"MCS grid extension";"Tractor-Trailer";"PROG";"EUR/kWh";2040;"0.055";"Removed policies";"Electricity"
"OPEX";"Charging Infrastructure";"PL";"MCS grid extension";"Rigid";"BAU";"EUR/kWh";2040;"0.055";"Removed policies";"Electricity"
"OPEX";"Charging Infrastructure";"PL";"MCS grid extension";"Tractor-Trailer";"BAU";"EUR/kWh";2040;"0.055";"Removed policies";"Electricity"
"OPEX";"Charging Infrastructure";"UK";"MCS grid extension";"Rigid";"PROG";"EUR/kWh";2040;"0.055";"Removed policies";"Electricity"
"OPEX";"Charging Infrastructure";"UK";"MCS grid extension";"Tractor-Trailer";"PROG";"EUR/kWh";2040;"0.055";"Removed policies";"Electricity"
"OPEX";"Charging Infrastructure";"UK";"MCS grid extension";"Rigid";"BAU";"EUR/kWh";2040;"0.055";"Removed policies";"Electricity"
"OPEX";"Charging Infrastructure";"UK";"MCS grid extension";"Tractor-Trailer";"BAU";"EUR/kWh";2040;"0.055";"Removed policies";"Electricity"
"OPEX";"Charging Infrastructure";"DE";"MCS Profit and Mark-Up";"Rigid";"PROG";"%";2040;"0.1";"Removed policies";"Electricity"
"OPEX";"Charging Infrastructure";"DE";"MCS Profit and Mark-Up";"Tractor-Trailer";"PROG";"%";2040;"0.1";"Removed policies";"Electricity"
"OPEX";"Charging Infrastructure";"DE";"MCS Profit and Mark-Up";"Rigid";"BAU";"%";2040;"0.1";"Removed policies";"Electricity"
"OPEX";"Charging Infrastructure";"DE";"MCS Profit and Mark-Up";"Tractor-Trailer";"BAU";"%";2040;"0.1";"Removed policies";"Electricity"
"OPEX";"Charging Infrastructure";"ES";"MCS Profit and Mark-Up";"Rigid";"PROG";"%";2040;"0.1";"Removed policies";"Electricity"
"OPEX";"Charging Infrastructure";"ES";"MCS Profit and Mark-Up";"Tractor-Trailer";"PROG";"%";2040;"0.1";"Removed policies";"Electricity"
"OPEX";"Charging Infrastructure";"ES";"MCS Profit and Mark-Up";"Rigid";"BAU";"%";2040;"0.1";"Removed policies";"Electricity"
"OPEX";"Charging Infrastructure";"ES";"MCS Profit and Mark-Up";"Tractor-Trailer";"BAU";"%";2040;"0.1";"Removed policies";"Electricity"
"OPEX";"Charging Infrastructure";"FR";"MCS Profit and Mark-Up";"Rigid";"PROG";"%";2040;"0.1";"Removed policies";"Electricity"
"OPEX";"Charging Infrastructure";"FR";"MCS Profit and Mark-Up";"Tractor-Trailer";"PROG";"%";2040;"0.1";"Removed policies";"Electricity"
"OPEX";"Charging Infrastructure";"FR";"MCS Profit and Mark-Up";"Rigid";"BAU";"%";2040;"0.1";"Removed policies";"Electricity"
"OPEX";"Charging Infrastructure";"FR";"MCS Profit and Mark-Up";"Tractor-Trailer";"BAU";"%";2040;"0.1";"Removed policies";"Electricity"
"OPEX";"Charging Infrastructure";"IT";"MCS Profit and Mark-Up";"Rigid";"PROG";"%";2040;"0.1";"Removed policies";"Electricity"
"OPEX";"Charging Infrastructure";"IT";"MCS Profit and Mark-Up";"Tractor-Trailer";"PROG";"%";2040;"0.1";"Removed policies";"Electricity"
"OPEX";"Charging Infrastructure";"IT";"MCS Profit and Mark-Up";"Rigid";"BAU";"%";2040;"0.1";"Removed policies";"Electricity"
"OPEX";"Charging Infrastructure";"IT";"MCS Profit and Mark-Up";"Tractor-Trailer";"BAU";"%";2040;"0.1";"Removed policies";"Electricity"
"OPEX";"Charging Infrastructure";"NL";"MCS Profit and Mark-Up";"Rigid";"PROG";"%";2040;"0.1";"Removed policies";"Electricity"
"OPEX";"Charging Infrastructure";"NL";"MCS Profit and Mark-Up";"Tractor-Trailer";"PROG";"%";2040;"0.1";"Removed policies";"Electricity"
"OPEX";"Charging Infrastructure";"NL";"MCS Profit and Mark-Up";"Rigid";"BAU";"%";2040;"0.1";"Removed policies";"Electricity"
"OPEX";"Charging Infrastructure";"NL";"MCS Profit and Mark-Up";"Tractor-Trailer";"BAU";"%";2040;"0.1";"Removed policies";"Electricity"
"OPEX";"Charging Infrastructure";"PL";"MCS Profit and Mark-Up";"Rigid";"PROG";"%";2040;"0.1";"Removed policies";"Electricity"
"OPEX";"Charging Infrastructure";"PL";"MCS Profit and Mark-Up";"Tractor-Trailer";"PROG";"%";2040;"0.1";"Removed policies";"Electricity"
"OPEX";"Charging Infrastructure";"PL";"MCS Profit and Mark-Up";"Rigid";"BAU";"%";2040;"0.1";"Removed policies";"Electricity"
"OPEX";"Charging Infrastructure";"PL";"MCS Profit and Mark-Up";"Tractor-Trailer";"BAU";"%";2040;"0.1";"Removed policies";"Electricity"
"OPEX";"Charging Infrastructure";"UK";"MCS Profit and Mark-Up";"Rigid";"PROG";"%";2040;"0.1";"Removed policies";"Electricity"
"OPEX";"Charging Infrastructure";"UK";"MCS Profit and Mark-Up";"Tractor-Trailer";"PROG";"%";2040;"0.1";"Removed policies";"Electricity"
"OPEX";"Charging Infrastructure";"UK";"MCS Profit and Mark-Up";"Rigid";"BAU";"%";2040;"0.1";"Removed policies";"Electricity"
"OPEX";"Charging Infrastructure";"UK";"MCS Profit and Mark-Up";"Tractor-Trailer";"BAU";"%";2040;"0.1";"Removed policies";"Electricity"
"OPEX";"Charging Infrastructure";"DE";"CCS Station (Depot) - Incl. Overhead";"Rigid";"PROG";"EUR/kWh";2040;"0.024";"Removed policies";"Electricity"
"OPEX";"Charging Infrastructure";"DE";"CCS Station (Depot) - Incl. Overhead";"Tractor-Trailer";"PROG";"EUR/kWh";2040;"0.024";"Removed policies";"Electricity"
"OPEX";"Charging Infrastructure";"DE";"CCS Station (Depot) - Incl. Overhead";"Rigid";"BAU";"EUR/kWh";2040;"0.024";"Removed policies";"Electricity"
"OPEX";"Charging Infrastructure";"DE";"CCS Station (Depot) - Incl. Overhead";"Tractor-Trailer";"BAU";"EUR/kWh";2040;"0.024";"Removed policies";"Electricity"
"OPEX";"Charging Infrastructure";"ES";"CCS Station (Depot) - Incl. Overhead";"Rigid";"PROG";"EUR/kWh";2040;"0.024";"Removed policies";"Electricity"
"OPEX";"Charging Infrastructure";"ES";"CCS Station (Depot) - Incl. Overhead";"Tractor-Trailer";"PROG";"EUR/kWh";2040;"0.024";"Removed policies";"Electricity"
"OPEX";"Charging Infrastructure";"ES";"CCS Station (Depot) - Incl. Overhead";"Rigid";"BAU";"EUR/kWh";2040;"0.024";"Removed policies";"Electricity"
"OPEX";"Charging Infrastructure";"ES";"CCS Station (Depot) - Incl. Overhead";"Tractor-Trailer";"BAU";"EUR/kWh";2040;"0.024";"Removed policies";"Electricity"
"OPEX";"Charging Infrastructure";"FR";"CCS Station (Depot) - Incl. Overhead";"Rigid";"PROG";"EUR/kWh";2040;"0.024";"Removed policies";"Electricity"
"OPEX";"Charging Infrastructure";"FR";"CCS Station (Depot) - Incl. Overhead";"Tractor-Trailer";"PROG";"EUR/kWh";2040;"0.024";"Removed policies";"Electricity"
"OPEX";"Charging Infrastructure";"FR";"CCS Station (Depot) - Incl. Overhead";"Rigid";"BAU";"EUR/kWh";2040;"0.024";"Removed policies";"Electricity"
"OPEX";"Charging Infrastructure";"FR";"CCS Station (Depot) - Incl. Overhead";"Tractor-Trailer";"BAU";"EUR/kWh";2040;"0.024";"Removed policies";"Electricity"
"OPEX";"Charging Infrastructure";"IT";"CCS Station (Depot) - Incl. Overhead";"Rigid";"PROG";"EUR/kWh";2040;"0.024";"Removed policies";"Electricity"
"OPEX";"Charging Infrastructure";"IT";"CCS Station (Depot) - Incl. Overhead";"Tractor-Trailer";"PROG";"EUR/kWh";2040;"0.024";"Removed policies";"Electricity"
"OPEX";"Charging Infrastructure";"IT";"CCS Station (Depot) - Incl. Overhead";"Rigid";"BAU";"EUR/kWh";2040;"0.024";"Removed policies";"Electricity"
"OPEX";"Charging Infrastructure";"IT";"CCS Station (Depot) - Incl. Overhead";"Tractor-Trailer";"BAU";"EUR/kWh";2040;"0.024";"Removed policies";"Electricity"
"OPEX";"Charging Infrastructure";"NL";"CCS Station (Depot) - Incl. Overhead";"Rigid";"PROG";"EUR/kWh";2040;"0.024";"Removed policies";"Electricity"
"OPEX";"Charging Infrastructure";"NL";"CCS Station (Depot) - Incl. Overhead";"Tractor-Trailer";"PROG";"EUR/kWh";2040;"0.024";"Removed policies";"Electricity"
"OPEX";"Charging Infrastructure";"NL";"CCS Station (Depot) - Incl. Overhead";"Rigid";"BAU";"EUR/kWh";2040;"0.024";"Removed policies";"Electricity"
"OPEX";"Charging Infrastructure";"NL";"CCS Station (Depot) - Incl. Overhead";"Tractor-Trailer";"BAU";"EUR/kWh";2040;"0.024";"Removed policies";"Electricity"
"OPEX";"Charging Infrastructure";"PL";"CCS Station (Depot) - Incl. Overhead";"Rigid";"PROG";"EUR/kWh";2040;"0.024";"Removed policies";"Electricity"
"OPEX";"Charging Infrastructure";"PL";"CCS Station (Depot) - Incl. Overhead";"Tractor-Trailer";"PROG";"EUR/kWh";2040;"0.024";"Removed policies";"Electricity"
"OPEX";"Charging Infrastructure";"PL";"CCS Station (Depot) - Incl. Overhead";"Rigid";"BAU";"EUR/kWh";2040;"0.024";"Removed policies";"Electricity"
"OPEX";"Charging Infrastructure";"PL";"CCS Station (Depot) - Incl. Overhead";"Tractor-Trailer";"BAU";"EUR/kWh";2040;"0.024";"Removed policies";"Electricity"
"OPEX";"Charging Infrastructure";"UK";"CCS Station (Depot) - Incl. Overhead";"Rigid";"PROG";"EUR/kWh";2040;"0.024";"Removed policies";"Electricity"
"OPEX";"Charging Infrastructure";"UK";"CCS Station (Depot) - Incl. Overhead";"Tractor-Trailer";"PROG";"EUR/kWh";2040;"0.024";"Removed policies";"Electricity"
"OPEX";"Charging Infrastructure";"UK";"CCS Station (Depot) - Incl. Overhead";"Rigid";"BAU";"EUR/kWh";2040;"0.024";"Removed policies";"Electricity"
"OPEX";"Charging Infrastructure";"UK";"CCS Station (Depot) - Incl. Overhead";"Tractor-Trailer";"BAU";"EUR/kWh";2040;"0.024";"Removed policies";"Electricity"
"OPEX";"Charging Infrastructure";"DE";"CCS grid extension";"Rigid";"PROG";"EUR/kWh";2040;"0.045";"Removed policies";"Electricity"
"OPEX";"Charging Infrastructure";"DE";"CCS grid extension";"Tractor-Trailer";"PROG";"EUR/kWh";2040;"0.045";"Removed policies";"Electricity"
"OPEX";"Charging Infrastructure";"DE";"CCS grid extension";"Rigid";"BAU";"EUR/kWh";2040;"0.045";"Removed policies";"Electricity"
"OPEX";"Charging Infrastructure";"DE";"CCS grid extension";"Tractor-Trailer";"BAU";"EUR/kWh";2040;"0.045";"Removed policies";"Electricity"
"OPEX";"Charging Infrastructure";"ES";"CCS grid extension";"Rigid";"PROG";"EUR/kWh";2040;"0.045";"Removed policies";"Electricity"
"OPEX";"Charging Infrastructure";"ES";"CCS grid extension";"Tractor-Trailer";"PROG";"EUR/kWh";2040;"0.045";"Removed policies";"Electricity"
"OPEX";"Charging Infrastructure";"ES";"CCS grid extension";"Rigid";"BAU";"EUR/kWh";2040;"0.045";"Removed policies";"Electricity"
"OPEX";"Charging Infrastructure";"ES";"CCS grid extension";"Tractor-Trailer";"BAU";"EUR/kWh";2040;"0.045";"Removed policies";"Electricity"
"OPEX";"Charging Infrastructure";"FR";"CCS grid extension";"Rigid";"PROG";"EUR/kWh";2040;"0.045";"Removed policies";"Electricity"
"OPEX";"Charging Infrastructure";"FR";"CCS grid extension";"Tractor-Trailer";"PROG";"EUR/kWh";2040;"0.045";"Removed policies";"Electricity"
"OPEX";"Charging Infrastructure";"FR";"CCS grid extension";"Rigid";"BAU";"EUR/kWh";2040;"0.045";"Removed policies";"Electricity"
"OPEX";"Charging Infrastructure";"FR";"CCS grid extension";"Tractor-Trailer";"BAU";"EUR/kWh";2040;"0.045";"Removed policies";"Electricity"
"OPEX";"Charging Infrastructure";"IT";"CCS grid extension";"Rigid";"PROG";"EUR/kWh";2040;"0.045";"Removed policies";"Electricity"
"OPEX";"Charging Infrastructure";"IT";"CCS grid extension";"Tractor-Trailer";"PROG";"EUR/kWh";2040;"0.045";"Removed policies";"Electricity"
"OPEX";"Charging Infrastructure";"IT";"CCS grid extension";"Rigid";"BAU";"EUR/kWh";2040;"0.045";"Removed policies";"Electricity"
"OPEX";"Charging Infrastructure";"IT";"CCS grid extension";"Tractor-Trailer";"BAU";"EUR/kWh";2040;"0.045";"Removed policies";"Electricity"
"OPEX";"Charging Infrastructure";"NL";"CCS grid extension";"Rigid";"PROG";"EUR/kWh";2040;"0.045";"Removed policies";"Electricity"
"OPEX";"Charging Infrastructure";"NL";"CCS grid extension";"Tractor-Trailer";"PROG";"EUR/kWh";2040;"0.045";"Removed policies";"Electricity"
"OPEX";"Charging Infrastructure";"NL";"CCS grid extension";"Rigid";"BAU";"EUR/kWh";2040;"0.045";"Removed policies";"Electricity"
"OPEX";"Charging Infrastructure";"NL";"CCS grid extension";"Tractor-Trailer";"BAU";"EUR/kWh";2040;"0.045";"Removed policies";"Electricity"
"OPEX";"Charging Infrastructure";"PL";"CCS grid extension";"Rigid";"PROG";"EUR/kWh";2040;"0.045";"Removed policies";"Electricity"
"OPEX";"Charging Infrastructure";"PL";"CCS grid extension";"Tractor-Trailer";"PROG";"EUR/kWh";2040;"0.045";"Removed policies";"Electricity"
"OPEX";"Charging Infrastructure";"PL";"CCS grid extension";"Rigid";"BAU";"EUR/kWh";2040;"0.045";"Removed policies";"Electricity"
"OPEX";"Charging Infrastructure";"PL";"CCS grid extension";"Tractor-Trailer";"BAU";"EUR/kWh";2040;"0.045";"Removed policies";"Electricity"
"OPEX";"Charging Infrastructure";"UK";"CCS grid extension";"Rigid";"PROG";"EUR/kWh";2040;"0.045";"Removed policies";"Electricity"
"OPEX";"Charging Infrastructure";"UK";"CCS grid extension";"Tractor-Trailer";"PROG";"EUR/kWh";2040;"0.045";"Removed policies";"Electricity"
"OPEX";"Charging Infrastructure";"UK";"CCS grid extension";"Rigid";"BAU";"EUR/kWh";2040;"0.045";"Removed policies";"Electricity"
"OPEX";"Charging Infrastructure";"UK";"CCS grid extension";"Tractor-Trailer";"BAU";"EUR/kWh";2040;"0.045";"Removed policies";"Electricity"
"OPEX";"Diesel Infrastructure";"DE";"Total Diesel Mark-Up";"Rigid";"BAU";"EUR/kWh";2040;"0.018";"Removed policies";"Diesel"
"OPEX";"Diesel Infrastructure";"DE";"Total Diesel Mark-Up";"Tractor-Trailer";"BAU";"EUR/kWh";2040;"0.018";"Removed policies";"Diesel"
"OPEX";"Diesel Infrastructure";"DE";"Total Diesel Mark-Up";"Rigid";"PROG";"EUR/kWh";2040;"0.018";"Removed policies";"Diesel"
"OPEX";"Diesel Infrastructure";"DE";"Total Diesel Mark-Up";"Tractor-Trailer";"PROG";"EUR/kWh";2040;"0.018";"Removed policies";"Diesel"
"OPEX";"Diesel Infrastructure";"ES";"Total Diesel Mark-Up";"Rigid";"BAU";"EUR/kWh";2040;"0.018";"Removed policies";"Diesel"
"OPEX";"Diesel Infrastructure";"ES";"Total Diesel Mark-Up";"Tractor-Trailer";"BAU";"EUR/kWh";2040;"0.018";"Removed policies";"Diesel"
"OPEX";"Diesel Infrastructure";"ES";"Total Diesel Mark-Up";"Rigid";"PROG";"EUR/kWh";2040;"0.018";"Removed policies";"Diesel"
"OPEX";"Diesel Infrastructure";"ES";"Total Diesel Mark-Up";"Tractor-Trailer";"PROG";"EUR/kWh";2040;"0.018";"Removed policies";"Diesel"
"OPEX";"Diesel Infrastructure";"FR";"Total Diesel Mark-Up";"Rigid";"BAU";"EUR/kWh";2040;"0.018";"Removed policies";"Diesel"
"OPEX";"Diesel Infrastructure";"FR";"Total Diesel Mark-Up";"Tractor-Trailer";"BAU";"EUR/kWh";2040;"0.018";"Removed policies";"Diesel"
"OPEX";"Diesel Infrastructure";"FR";"Total Diesel Mark-Up";"Rigid";"PROG";"EUR/kWh";2040;"0.018";"Removed policies";"Diesel"
"OPEX";"Diesel Infrastructure";"FR";"Total Diesel Mark-Up";"Tractor-Trailer";"PROG";"EUR/kWh";2040;"0.018";"Removed policies";"Diesel"
"OPEX";"Diesel Infrastructure";"IT";"Total Diesel Mark-Up";"Rigid";"BAU";"EUR/kWh";2040;"0.018";"Removed policies";"Diesel"
"OPEX";"Diesel Infrastructure";"IT";"Total Diesel Mark-Up";"Tractor-Trailer";"BAU";"EUR/kWh";2040;"0.018";"Removed policies";"Diesel"
"OPEX";"Diesel Infrastructure";"IT";"Total Diesel Mark-Up";"Rigid";"PROG";"EUR/kWh";2040;"0.018";"Removed policies";"Diesel"
"OPEX";"Diesel Infrastructure";"IT";"Total Diesel Mark-Up";"Tractor-Trailer";"PROG";"EUR/kWh";2040;"0.018";"Removed policies";"Diesel"
"OPEX";"Diesel Infrastructure";"NL";"Total Diesel Mark-Up";"Rigid";"BAU";"EUR/kWh";2040;"0.018";"Removed policies";"Diesel"
"OPEX";"Diesel Infrastructure";"NL";"Total Diesel Mark-Up";"Tractor-Trailer";"BAU";"EUR/kWh";2040;"0.018";"Removed policies";"Diesel"
"OPEX";"Diesel Infrastructure";"NL";"Total Diesel Mark-Up";"Rigid";"PROG";"EUR/kWh";2040;"0.018";"Removed policies";"Diesel"
"OPEX";"Diesel Infrastructure";"NL";"Total Diesel Mark-Up";"Tractor-Trailer";"PROG";"EUR/kWh";2040;"0.018";"Removed policies";"Diesel"
"OPEX";"Diesel Infrastructure";"PL";"Total Diesel Mark-Up";"Rigid";"BAU";"EUR/kWh";2040;"0.018";"Removed policies";"Diesel"
"OPEX";"Diesel Infrastructure";"PL";"Total Diesel Mark-Up";"Tractor-Trailer";"BAU";"EUR/kWh";2040;"0.018";"Removed policies";"Diesel"
"OPEX";"Diesel Infrastructure";"PL";"Total Diesel Mark-Up";"Rigid";"PROG";"EUR/kWh";2040;"0.018";"Removed policies";"Diesel"
"OPEX";"Diesel Infrastructure";"PL";"Total Diesel Mark-Up";"Tractor-Trailer";"PROG";"EUR/kWh";2040;"0.018";"Removed policies";"Diesel"
"OPEX";"Diesel Infrastructure";"UK";"Total Diesel Mark-Up";"Rigid";"BAU";"EUR/kWh";2040;"0.018";"Removed policies";"Diesel"
"OPEX";"Diesel Infrastructure";"UK";"Total Diesel Mark-Up";"Tractor-Trailer";"BAU";"EUR/kWh";2040;"0.018";"Removed policies";"Diesel"
"OPEX";"Diesel Infrastructure";"UK";"Total Diesel Mark-Up";"Rigid";"PROG";"EUR/kWh";2040;"0.018";"Removed policies";"Diesel"
"OPEX";"Diesel Infrastructure";"UK";"Total Diesel Mark-Up";"Tractor-Trailer";"PROG";"EUR/kWh";2040;"0.018";"Removed policies";"Diesel"
"OPEX";"Diesel Infrastructure";"DE";"CO2 emission factor Biodiesel";"Rigid";"BAU";"%";2040;"0.155";"Removed policies";"Diesel"
"OPEX";"Diesel Infrastructure";"DE";"CO2 emission factor Biodiesel";"Tractor-Trailer";"BAU";"%";2040;"0.155";"Removed policies";"Diesel"
"OPEX";"Diesel Infrastructure";"DE";"CO2 emission factor Biodiesel";"Rigid";"PROG";"%";2040;"0.155";"Removed policies";"Diesel"
"OPEX";"Diesel Infrastructure";"DE";"CO2 emission factor Biodiesel";"Tractor-Trailer";"PROG";"%";2040;"0.155";"Removed policies";"Diesel"
"OPEX";"Diesel Infrastructure";"ES";"CO2 emission factor Biodiesel";"Rigid";"BAU";"%";2040;"0.155";"Removed policies";"Diesel"
"OPEX";"Diesel Infrastructure";"ES";"CO2 emission factor Biodiesel";"Tractor-Trailer";"BAU";"%";2040;"0.155";"Removed policies";"Diesel"
"OPEX";"Diesel Infrastructure";"ES";"CO2 emission factor Biodiesel";"Rigid";"PROG";"%";2040;"0.155";"Removed policies";"Diesel"
"OPEX";"Diesel Infrastructure";"ES";"CO2 emission factor Biodiesel";"Tractor-Trailer";"PROG";"%";2040;"0.155";"Removed policies";"Diesel"
"OPEX";"Diesel Infrastructure";"FR";"CO2 emission factor Biodiesel";"Rigid";"BAU";"%";2040;"0.155";"Removed policies";"Diesel"
"OPEX";"Diesel Infrastructure";"FR";"CO2 emission factor Biodiesel";"Tractor-Trailer";"BAU";"%";2040;"0.155";"Removed policies";"Diesel"
"OPEX";"Diesel Infrastructure";"FR";"CO2 emission factor Biodiesel";"Rigid";"PROG";"%";2040;"0.155";"Removed policies";"Diesel"
"OPEX";"Diesel Infrastructure";"FR";"CO2 emission factor Biodiesel";"Tractor-Trailer";"PROG";"%";2040;"0.155";"Removed policies";"Diesel"
"OPEX";"Diesel Infrastructure";"IT";"CO2 emission factor Biodiesel";"Rigid";"BAU";"%";2040;"0.155";"Removed policies";"Diesel"
"OPEX";"Diesel Infrastructure";"IT";"CO2 emission factor Biodiesel";"Tractor-Trailer";"BAU";"%";2040;"0.155";"Removed policies";"Diesel"
"OPEX";"Diesel Infrastructure";"IT";"CO2 emission factor Biodiesel";"Rigid";"PROG";"%";2040;"0.155";"Removed policies";"Diesel"
"OPEX";"Diesel Infrastructure";"IT";"CO2 emission factor Biodiesel";"Tractor-Trailer";"PROG";"%";2040;"0.155";"Removed policies";"Diesel"
"OPEX";"Diesel Infrastructure";"NL";"CO2 emission factor Biodiesel";"Rigid";"BAU";"%";2040;"0.155";"Removed policies";"Diesel"
"OPEX";"Diesel Infrastructure";"NL";"CO2 emission factor Biodiesel";"Tractor-Trailer";"BAU";"%";2040;"0.155";"Removed policies";"Diesel"
"OPEX";"Diesel Infrastructure";"NL";"CO2 emission factor Biodiesel";"Rigid";"PROG";"%";2040;"0.155";"Removed policies";"Diesel"
"OPEX";"Diesel Infrastructure";"NL";"CO2 emission factor Biodiesel";"Tractor-Trailer";"PROG";"%";2040;"0.155";"Removed policies";"Diesel"
"OPEX";"Diesel Infrastructure";"PL";"CO2 emission factor Biodiesel";"Rigid";"BAU";"%";2040;"0.155";"Removed policies";"Diesel"
"OPEX";"Diesel Infrastructure";"PL";"CO2 emission factor Biodiesel";"Tractor-Trailer";"BAU";"%";2040;"0.155";"Removed policies";"Diesel"
"OPEX";"Diesel Infrastructure";"PL";"CO2 emission factor Biodiesel";"Rigid";"PROG";"%";2040;"0.155";"Removed policies";"Diesel"
"OPEX";"Diesel Infrastructure";"PL";"CO2 emission factor Biodiesel";"Tractor-Trailer";"PROG";"%";2040;"0.155";"Removed policies";"Diesel"
"OPEX";"Diesel Infrastructure";"UK";"CO2 emission factor Biodiesel";"Rigid";"BAU";"%";2040;"0.155";"Removed policies";"Diesel"
"OPEX";"Diesel Infrastructure";"UK";"CO2 emission factor Biodiesel";"Tractor-Trailer";"BAU";"%";2040;"0.155";"Removed policies";"Diesel"
"OPEX";"Diesel Infrastructure";"UK";"CO2 emission factor Biodiesel";"Rigid";"PROG";"%";2040;"0.155";"Removed policies";"Diesel"
"OPEX";"Diesel Infrastructure";"UK";"CO2 emission factor Biodiesel";"Tractor-Trailer";"PROG";"%";2040;"0.155";"Removed policies";"Diesel"
"OPEX";"Diesel Infrastructure";"DE";"CO2 emission factor Pt-Diesel";"Rigid";"BAU";"%";2040;"0";"Removed policies";"Diesel"
"OPEX";"Diesel Infrastructure";"DE";"CO2 emission factor Pt-Diesel";"Tractor-Trailer";"BAU";"%";2040;"0";"Removed policies";"Diesel"
"OPEX";"Diesel Infrastructure";"DE";"CO2 emission factor Pt-Diesel";"Rigid";"PROG";"%";2040;"0";"Removed policies";"Diesel"
"OPEX";"Diesel Infrastructure";"DE";"CO2 emission factor Pt-Diesel";"Tractor-Trailer";"PROG";"%";2040;"0";"Removed policies";"Diesel"
"OPEX";"Diesel Infrastructure";"ES";"CO2 emission factor Pt-Diesel";"Rigid";"BAU";"%";2040;"0";"Removed policies";"Diesel"
"OPEX";"Diesel Infrastructure";"ES";"CO2 emission factor Pt-Diesel";"Tractor-Trailer";"BAU";"%";2040;"0";"Removed policies";"Diesel"
"OPEX";"Diesel Infrastructure";"ES";"CO2 emission factor Pt-Diesel";"Rigid";"PROG";"%";2040;"0";"Removed policies";"Diesel"
"OPEX";"Diesel Infrastructure";"ES";"CO2 emission factor Pt-Diesel";"Tractor-Trailer";"PROG";"%";2040;"0";"Removed policies";"Diesel"
"OPEX";"Diesel Infrastructure";"FR";"CO2 emission factor Pt-Diesel";"Rigid";"BAU";"%";2040;"0";"Removed policies";"Diesel"
"OPEX";"Diesel Infrastructure";"FR";"CO2 emission factor Pt-Diesel";"Tractor-Trailer";"BAU";"%";2040;"0";"Removed policies";"Diesel"
"OPEX";"Diesel Infrastructure";"FR";"CO2 emission factor Pt-Diesel";"Rigid";"PROG";"%";2040;"0";"Removed policies";"Diesel"
"OPEX";"Diesel Infrastructure";"FR";"CO2 emission factor Pt-Diesel";"Tractor-Trailer";"PROG";"%";2040;"0";"Removed policies";"Diesel"
"OPEX";"Diesel Infrastructure";"IT";"CO2 emission factor Pt-Diesel";"Rigid";"BAU";"%";2040;"0";"Removed policies";"Diesel"
"OPEX";"Diesel Infrastructure";"IT";"CO2 emission factor Pt-Diesel";"Tractor-Trailer";"BAU";"%";2040;"0";"Removed policies";"Diesel"
"OPEX";"Diesel Infrastructure";"IT";"CO2 emission factor Pt-Diesel";"Rigid";"PROG";"%";2040;"0";"Removed policies";"Diesel"
"OPEX";"Diesel Infrastructure";"IT";"CO2 emission factor Pt-Diesel";"Tractor-Trailer";"PROG";"%";2040;"0";"Removed policies";"Diesel"
"OPEX";"Diesel Infrastructure";"NL";"CO2 emission factor Pt-Diesel";"Rigid";"BAU";"%";2040;"0";"Removed policies";"Diesel"
"OPEX";"Diesel Infrastructure";"NL";"CO2 emission factor Pt-Diesel";"Tractor-Trailer";"BAU";"%";2040;"0";"Removed policies";"Diesel"
"OPEX";"Diesel Infrastructure";"NL";"CO2 emission factor Pt-Diesel";"Rigid";"PROG";"%";2040;"0";"Removed policies";"Diesel"
"OPEX";"Diesel Infrastructure";"NL";"CO2 emission factor Pt-Diesel";"Tractor-Trailer";"PROG";"%";2040;"0";"Removed policies";"Diesel"
"OPEX";"Diesel Infrastructure";"PL";"CO2 emission factor Pt-Diesel";"Rigid";"BAU";"%";2040;"0";"Removed policies";"Diesel"
"OPEX";"Diesel Infrastructure";"PL";"CO2 emission factor Pt-Diesel";"Tractor-Trailer";"BAU";"%";2040;"0";"Removed policies";"Diesel"
"OPEX";"Diesel Infrastructure";"PL";"CO2 emission factor Pt-Diesel";"Rigid";"PROG";"%";2040;"0";"Removed policies";"Diesel"
"OPEX";"Diesel Infrastructure";"PL";"CO2 emission factor Pt-Diesel";"Tractor-Trailer";"PROG";"%";2040;"0";"Removed policies";"Diesel"
"OPEX";"Diesel Infrastructure";"UK";"CO2 emission factor Pt-Diesel";"Rigid";"BAU";"%";2040;"0";"Removed policies";"Diesel"
"OPEX";"Diesel Infrastructure";"UK";"CO2 emission factor Pt-Diesel";"Tractor-Trailer";"BAU";"%";2040;"0";"Removed policies";"Diesel"
"OPEX";"Diesel Infrastructure";"UK";"CO2 emission factor Pt-Diesel";"Rigid";"PROG";"%";2040;"0";"Removed policies";"Diesel"
"OPEX";"Diesel Infrastructure";"UK";"CO2 emission factor Pt-Diesel";"Tractor-Trailer";"PROG";"%";2040;"0";"Removed policies";"Diesel"
"OPEX";"Taxes";"DE";"Network Costs - MCS";"Rigid";"BAU";"EUR/kWh";2040;"0.034";"Removed policies";"Electricity"
"OPEX";"Taxes";"DE";"Network Costs - MCS";"Tractor-Trailer";"BAU";"EUR/kWh";2040;"0.034";"Removed policies";"Electricity"
"OPEX";"Taxes";"ES";"Network Costs - MCS";"Rigid";"BAU";"EUR/kWh";2040;"0.018";"Removed policies";"Electricity"
"OPEX";"Taxes";"ES";"Network Costs - MCS";"Tractor-Trailer";"BAU";"EUR/kWh";2040;"0.018";"Removed policies";"Electricity"
"OPEX";"Taxes";"FR";"Network Costs - MCS";"Rigid";"BAU";"EUR/kWh";2040;"0.018";"Removed policies";"Electricity"
"OPEX";"Taxes";"FR";"Network Costs - MCS";"Tractor-Trailer";"BAU";"EUR/kWh";2040;"0.018";"Removed policies";"Electricity"
"OPEX";"Taxes";"IT";"Network Costs - MCS";"Rigid";"BAU";"EUR/kWh";2040;"0.015";"Removed policies";"Electricity"
"OPEX";"Taxes";"IT";"Network Costs - MCS";"Tractor-Trailer";"BAU";"EUR/kWh";2040;"0.015";"Removed policies";"Electricity"
"OPEX";"Taxes";"NL";"Network Costs - MCS";"Rigid";"BAU";"EUR/kWh";2040;"0.016";"Removed policies";"Electricity"
"OPEX";"Taxes";"NL";"Network Costs - MCS";"Tractor-Trailer";"BAU";"EUR/kWh";2040;"0.016";"Removed policies";"Electricity"
"OPEX";"Taxes";"PL";"Network Costs - MCS";"Rigid";"BAU";"EUR/kWh";2040;"0.019";"Removed policies";"Electricity"
"OPEX";"Taxes";"PL";"Network Costs - MCS";"Tractor-Trailer";"BAU";"EUR/kWh";2040;"0.019";"Removed policies";"Electricity"
"OPEX";"Taxes";"UK";"Network Costs - MCS";"Rigid";"BAU";"EUR/kWh";2040;"0.027";"Removed policies";"Electricity"
"OPEX";"Taxes";"UK";"Network Costs - MCS";"Tractor-Trailer";"BAU";"EUR/kWh";2040;"0.027";"Removed policies";"Electricity"
"OPEX";"Taxes";"DE";"Taxes, Fees, Levies and charges - MCS";"Rigid";"BAU";"EUR/kWh";2040;"0.056";"Removed policies";"Electricity"
"OPEX";"Taxes";"DE";"Taxes, Fees, Levies and charges - MCS";"Tractor-Trailer";"BAU";"EUR/kWh";2040;"0.056";"Removed policies";"Electricity"
"OPEX";"Taxes";"ES";"Taxes, Fees, Levies and charges - MCS";"Rigid";"BAU";"EUR/kWh";2040;"0.036";"Removed policies";"Electricity"
"OPEX";"Taxes";"ES";"Taxes, Fees, Levies and charges - MCS";"Tractor-Trailer";"BAU";"EUR/kWh";2040;"0.036";"Removed policies";"Electricity"
"OPEX";"Taxes";"FR";"Taxes, Fees, Levies and charges - MCS";"Rigid";"BAU";"EUR/kWh";2040;"0.03";"Removed policies";"Electricity"
"OPEX";"Taxes";"FR";"Taxes, Fees, Levies and charges - MCS";"Tractor-Trailer";"BAU";"EUR/kWh";2040;"0.03";"Removed policies";"Electricity"
"OPEX";"Taxes";"IT";"Taxes, Fees, Levies and charges - MCS";"Rigid";"BAU";"EUR/kWh";2040;"0.062";"Removed policies";"Electricity"
"OPEX";"Taxes";"IT";"Taxes, Fees, Levies and charges - MCS";"Tractor-Trailer";"BAU";"EUR/kWh";2040;"0.062";"Removed policies";"Electricity"
"OPEX";"Taxes";"NL";"Taxes, Fees, Levies and charges - MCS";"Rigid";"BAU";"EUR/kWh";2040;"0.055";"Removed policies";"Electricity"
"OPEX";"Taxes";"NL";"Taxes, Fees, Levies and charges - MCS";"Tractor-Trailer";"BAU";"EUR/kWh";2040;"0.055";"Removed policies";"Electricity"
"OPEX";"Taxes";"PL";"Taxes, Fees, Levies and charges - MCS";"Rigid";"BAU";"EUR/kWh";2040;"0.049";"Removed policies";"Electricity"
"OPEX";"Taxes";"PL";"Taxes, Fees, Levies and charges - MCS";"Tractor-Trailer";"BAU";"EUR/kWh";2040;"0.049";"Removed policies";"Electricity"
"OPEX";"Taxes";"UK";"Taxes, Fees, Levies and charges - MCS";"Rigid";"BAU";"EUR/kWh";2040;"0.077";"Removed policies";"Electricity"
"OPEX";"Taxes";"UK";"Taxes, Fees, Levies and charges - MCS";"Tractor-Trailer";"BAU";"EUR/kWh";2040;"0.077";"Removed policies";"Electricity"
"OPEX";"Taxes";"DE";"Network Costs - Depot";"Rigid";"BAU";"EUR/kWh";2040;"0.034";"Removed policies";"Electricity"
"OPEX";"Taxes";"DE";"Network Costs - Depot";"Tractor-Trailer";"BAU";"EUR/kWh";2040;"0.034";"Removed policies";"Electricity"
"OPEX";"Taxes";"ES";"Network Costs - Depot";"Rigid";"BAU";"EUR/kWh";2040;"0.018";"Removed policies";"Electricity"
"OPEX";"Taxes";"ES";"Network Costs - Depot";"Tractor-Trailer";"BAU";"EUR/kWh";2040;"0.018";"Removed policies";"Electricity"
"OPEX";"Taxes";"FR";"Network Costs - Depot";"Rigid";"BAU";"EUR/kWh";2040;"0.018";"Removed policies";"Electricity"
"OPEX";"Taxes";"FR";"Network Costs - Depot";"Tractor-Trailer";"BAU";"EUR/kWh";2040;"0.018";"Removed policies";"Electricity"
"OPEX";"Taxes";"IT";"Network Costs - Depot";"Rigid";"BAU";"EUR/kWh";2040;"0.016";"Removed policies";"Electricity"
"OPEX";"Taxes";"IT";"Network Costs - Depot";"Tractor-Trailer";"BAU";"EUR/kWh";2040;"0.016";"Removed policies";"Electricity"
"OPEX";"Taxes";"NL";"Network Costs - Depot";"Rigid";"BAU";"EUR/kWh";2040;"0.016";"Removed policies";"Electricity"
"OPEX";"Taxes";"NL";"Network Costs - Depot";"Tractor-Trailer";"BAU";"EUR/kWh";2040;"0.016";"Removed policies";"Electricity"
"OPEX";"Taxes";"PL";"Network Costs - Depot";"Rigid";"BAU";"EUR/kWh";2040;"0.019";"Removed policies";"Electricity"
"OPEX";"Taxes";"PL";"Network Costs - Depot";"Tractor-Trailer";"BAU";"EUR/kWh";2040;"0.019";"Removed policies";"Electricity"
"OPEX";"Taxes";"UK";"Network Costs - Depot";"Rigid";"BAU";"EUR/kWh";2040;"0.027";"Removed policies";"Electricity"
"OPEX";"Taxes";"UK";"Network Costs - Depot";"Tractor-Trailer";"BAU";"EUR/kWh";2040;"0.027";"Removed policies";"Electricity"
"OPEX";"Taxes";"DE";"Taxes, Fees, Levies and charges - Depot";"Rigid";"BAU";"EUR/kWh";2040;"0.056";"Removed policies";"Electricity"
"OPEX";"Taxes";"DE";"Taxes, Fees, Levies and charges - Depot";"Tractor-Trailer";"BAU";"EUR/kWh";2040;"0.056";"Removed policies";"Electricity"
"OPEX";"Taxes";"ES";"Taxes, Fees, Levies and charges - Depot";"Rigid";"BAU";"EUR/kWh";2040;"0.036";"Removed policies";"Electricity"
"OPEX";"Taxes";"ES";"Taxes, Fees, Levies and charges - Depot";"Tractor-Trailer";"BAU";"EUR/kWh";2040;"0.036";"Removed policies";"Electricity"
"OPEX";"Taxes";"FR";"Taxes, Fees, Levies and charges - Depot";"Rigid";"BAU";"EUR/kWh";2040;"0.03";"Removed policies";"Electricity"
"OPEX";"Taxes";"FR";"Taxes, Fees, Levies and charges - Depot";"Tractor-Trailer";"BAU";"EUR/kWh";2040;"0.03";"Removed policies";"Electricity"
"OPEX";"Taxes";"IT";"Taxes, Fees, Levies and charges - Depot";"Rigid";"BAU";"EUR/kWh";2040;"0.063";"Removed policies";"Electricity"
"OPEX";"Taxes";"IT";"Taxes, Fees, Levies and charges - Depot";"Tractor-Trailer";"BAU";"EUR/kWh";2040;"0.063";"Removed policies";"Electricity"
"OPEX";"Taxes";"NL";"Taxes, Fees, Levies and charges - Depot";"Rigid";"BAU";"EUR/kWh";2040;"0.055";"Removed policies";"Electricity"
"OPEX";"Taxes";"NL";"Taxes, Fees, Levies and charges - Depot";"Tractor-Trailer";"BAU";"EUR/kWh";2040;"0.055";"Removed policies";"Electricity"
"OPEX";"Taxes";"PL";"Taxes, Fees, Levies and charges - Depot";"Rigid";"BAU";"EUR/kWh";2040;"0.049";"Removed policies";"Electricity"
"OPEX";"Taxes";"PL";"Taxes, Fees, Levies and charges - Depot";"Tractor-Trailer";"BAU";"EUR/kWh";2040;"0.049";"Removed policies";"Electricity"
"OPEX";"Taxes";"UK";"Taxes, Fees, Levies and charges - Depot";"Rigid";"BAU";"EUR/kWh";2040;"0.077";"Removed policies";"Electricity"
"OPEX";"Taxes";"UK";"Taxes, Fees, Levies and charges - Depot";"Tractor-Trailer";"BAU";"EUR/kWh";2040;"0.077";"Removed policies";"Electricity"
"OPEX";"H2 Infrastructure";"DE";"HRS costs";"Rigid";"BAU";"EUR/kg H2";2040;"1.2";"Removed policies";"Hydrogen"
"OPEX";"H2 Infrastructure";"DE";"HRS costs";"Tractor-Trailer";"BAU";"EUR/kg H2";2040;"1.2";"Removed policies";"Hydrogen"
"OPEX";"H2 Infrastructure";"ES";"HRS costs";"Rigid";"BAU";"EUR/kg H2";2040;"1.2";"Removed policies";"Hydrogen"
"OPEX";"H2 Infrastructure";"ES";"HRS costs";"Tractor-Trailer";"BAU";"EUR/kg H2";2040;"1.2";"Removed policies";"Hydrogen"
"OPEX";"H2 Infrastructure";"FR";"HRS costs";"Rigid";"BAU";"EUR/kg H2";2040;"1.2";"Removed policies";"Hydrogen"
"OPEX";"H2 Infrastructure";"FR";"HRS costs";"Tractor-Trailer";"BAU";"EUR/kg H2";2040;"1.2";"Removed policies";"Hydrogen"
"OPEX";"H2 Infrastructure";"IT";"HRS costs";"Rigid";"BAU";"EUR/kg H2";2040;"1.2";"Removed policies";"Hydrogen"
"OPEX";"H2 Infrastructure";"IT";"HRS costs";"Tractor-Trailer";"BAU";"EUR/kg H2";2040;"1.2";"Removed policies";"Hydrogen"
"OPEX";"H2 Infrastructure";"NL";"HRS costs";"Rigid";"BAU";"EUR/kg H2";2040;"1.2";"Removed policies";"Hydrogen"
"OPEX";"H2 Infrastructure";"NL";"HRS costs";"Tractor-Trailer";"BAU";"EUR/kg H2";2040;"1.2";"Removed policies";"Hydrogen"
"OPEX";"H2 Infrastructure";"PL";"HRS costs";"Rigid";"BAU";"EUR/kg H2";2040;"1.2";"Removed policies";"Hydrogen"
"OPEX";"H2 Infrastructure";"PL";"HRS costs";"Tractor-Trailer";"BAU";"EUR/kg H2";2040;"1.2";"Removed policies";"Hydrogen"
"OPEX";"H2 Infrastructure";"UK";"HRS costs";"Rigid";"BAU";"EUR/kg H2";2040;"1.2";"Removed policies";"Hydrogen"
"OPEX";"H2 Infrastructure";"UK";"HRS costs";"Tractor-Trailer";"BAU";"EUR/kg H2";2040;"1.2";"Removed policies";"Hydrogen"
"OPEX";"H2 Infrastructure";"DE";"H2 transport and distribution";"Rigid";"BAU";"EUR/kg H2";2040;"1.167";"Removed policies";"Hydrogen"
"OPEX";"H2 Infrastructure";"DE";"H2 transport and distribution";"Tractor-Trailer";"BAU";"EUR/kg H2";2040;"1.167";"Removed policies";"Hydrogen"
"OPEX";"H2 Infrastructure";"ES";"H2 transport and distribution";"Rigid";"BAU";"EUR/kg H2";2040;"1.167";"Removed policies";"Hydrogen"
"OPEX";"H2 Infrastructure";"ES";"H2 transport and distribution";"Tractor-Trailer";"BAU";"EUR/kg H2";2040;"1.167";"Removed policies";"Hydrogen"
"OPEX";"H2 Infrastructure";"FR";"H2 transport and distribution";"Rigid";"BAU";"EUR/kg H2";2040;"1.167";"Removed policies";"Hydrogen"
"OPEX";"H2 Infrastructure";"FR";"H2 transport and distribution";"Tractor-Trailer";"BAU";"EUR/kg H2";2040;"1.167";"Removed policies";"Hydrogen"
"OPEX";"H2 Infrastructure";"IT";"H2 transport and distribution";"Rigid";"BAU";"EUR/kg H2";2040;"1.167";"Removed policies";"Hydrogen"
"OPEX";"H2 Infrastructure";"IT";"H2 transport and distribution";"Tractor-Trailer";"BAU";"EUR/kg H2";2040;"1.167";"Removed policies";"Hydrogen"
"OPEX";"H2 Infrastructure";"NL";"H2 transport and distribution";"Rigid";"BAU";"EUR/kg H2";2040;"1.167";"Removed policies";"Hydrogen"
"OPEX";"H2 Infrastructure";"NL";"H2 transport and distribution";"Tractor-Trailer";"BAU";"EUR/kg H2";2040;"1.167";"Removed policies";"Hydrogen"
"OPEX";"H2 Infrastructure";"PL";"H2 transport and distribution";"Rigid";"BAU";"EUR/kg H2";2040;"1.167";"Removed policies";"Hydrogen"
"OPEX";"H2 Infrastructure";"PL";"H2 transport and distribution";"Tractor-Trailer";"BAU";"EUR/kg H2";2040;"1.167";"Removed policies";"Hydrogen"
"OPEX";"H2 Infrastructure";"UK";"H2 transport and distribution";"Rigid";"BAU";"EUR/kg H2";2040;"1.167";"Removed policies";"Hydrogen"
"OPEX";"H2 Infrastructure";"UK";"H2 transport and distribution";"Tractor-Trailer";"BAU";"EUR/kg H2";2040;"1.167";"Removed policies";"Hydrogen"
"OPEX";"H2 Infrastructure";"DE";"HRS Overhead, Profit and Mark-Up";"Rigid";"BAU";"EUR/kg H2";2040;"0.25";"Removed policies";"Hydrogen"
"OPEX";"H2 Infrastructure";"DE";"HRS Overhead, Profit and Mark-Up";"Tractor-Trailer";"BAU";"EUR/kg H2";2040;"0.25";"Removed policies";"Hydrogen"
"OPEX";"H2 Infrastructure";"ES";"HRS Overhead, Profit and Mark-Up";"Rigid";"BAU";"EUR/kg H2";2040;"0.25";"Removed policies";"Hydrogen"
"OPEX";"H2 Infrastructure";"ES";"HRS Overhead, Profit and Mark-Up";"Tractor-Trailer";"BAU";"EUR/kg H2";2040;"0.25";"Removed policies";"Hydrogen"
"OPEX";"H2 Infrastructure";"FR";"HRS Overhead, Profit and Mark-Up";"Rigid";"BAU";"EUR/kg H2";2040;"0.25";"Removed policies";"Hydrogen"
"OPEX";"H2 Infrastructure";"FR";"HRS Overhead, Profit and Mark-Up";"Tractor-Trailer";"BAU";"EUR/kg H2";2040;"0.25";"Removed policies";"Hydrogen"
"OPEX";"H2 Infrastructure";"IT";"HRS Overhead, Profit and Mark-Up";"Rigid";"BAU";"EUR/kg H2";2040;"0.25";"Removed policies";"Hydrogen"
"OPEX";"H2 Infrastructure";"IT";"HRS Overhead, Profit and Mark-Up";"Tractor-Trailer";"BAU";"EUR/kg H2";2040;"0.25";"Removed policies";"Hydrogen"
"OPEX";"H2 Infrastructure";"NL";"HRS Overhead, Profit and Mark-Up";"Rigid";"BAU";"EUR/kg H2";2040;"0.25";"Removed policies";"Hydrogen"
"OPEX";"H2 Infrastructure";"NL";"HRS Overhead, Profit and Mark-Up";"Tractor-Trailer";"BAU";"EUR/kg H2";2040;"0.25";"Removed policies";"Hydrogen"
"OPEX";"H2 Infrastructure";"PL";"HRS Overhead, Profit and Mark-Up";"Rigid";"BAU";"EUR/kg H2";2040;"0.25";"Removed policies";"Hydrogen"
"OPEX";"H2 Infrastructure";"PL";"HRS Overhead, Profit and Mark-Up";"Tractor-Trailer";"BAU";"EUR/kg H2";2040;"0.25";"Removed policies";"Hydrogen"
"OPEX";"H2 Infrastructure";"UK";"HRS Overhead, Profit and Mark-Up";"Rigid";"BAU";"EUR/kg H2";2040;"0.25";"Removed policies";"Hydrogen"
"OPEX";"H2 Infrastructure";"UK";"HRS Overhead, Profit and Mark-Up";"Tractor-Trailer";"BAU";"EUR/kg H2";2040;"0.25";"Removed policies";"Hydrogen"
"OPEX";"Charging Infrastructure";"DE";"MCS Station (Public Charging) - Incl. Overhead";"Rigid";"BAU";"EUR/kWh";2040;"0.043";"Removed policies";"Electricity"
"OPEX";"Charging Infrastructure";"DE";"MCS Station (Public Charging) - Incl. Overhead";"Tractor-Trailer";"BAU";"EUR/kWh";2040;"0.043";"Removed policies";"Electricity"
"OPEX";"Charging Infrastructure";"ES";"MCS Station (Public Charging) - Incl. Overhead";"Rigid";"BAU";"EUR/kWh";2040;"0.043";"Removed policies";"Electricity"
"OPEX";"Charging Infrastructure";"ES";"MCS Station (Public Charging) - Incl. Overhead";"Tractor-Trailer";"BAU";"EUR/kWh";2040;"0.043";"Removed policies";"Electricity"
"OPEX";"Charging Infrastructure";"FR";"MCS Station (Public Charging) - Incl. Overhead";"Rigid";"BAU";"EUR/kWh";2040;"0.043";"Removed policies";"Electricity"
"OPEX";"Charging Infrastructure";"FR";"MCS Station (Public Charging) - Incl. Overhead";"Tractor-Trailer";"BAU";"EUR/kWh";2040;"0.043";"Removed policies";"Electricity"
"OPEX";"Charging Infrastructure";"IT";"MCS Station (Public Charging) - Incl. Overhead";"Rigid";"BAU";"EUR/kWh";2040;"0.043";"Removed policies";"Electricity"
"OPEX";"Charging Infrastructure";"IT";"MCS Station (Public Charging) - Incl. Overhead";"Tractor-Trailer";"BAU";"EUR/kWh";2040;"0.043";"Removed policies";"Electricity"
"OPEX";"Charging Infrastructure";"NL";"MCS Station (Public Charging) - Incl. Overhead";"Rigid";"BAU";"EUR/kWh";2040;"0.043";"Removed policies";"Electricity"
"OPEX";"Charging Infrastructure";"NL";"MCS Station (Public Charging) - Incl. Overhead";"Tractor-Trailer";"BAU";"EUR/kWh";2040;"0.043";"Removed policies";"Electricity"
"OPEX";"Charging Infrastructure";"PL";"MCS Station (Public Charging) - Incl. Overhead";"Rigid";"BAU";"EUR/kWh";2040;"0.043";"Removed policies";"Electricity"
"OPEX";"Charging Infrastructure";"PL";"MCS Station (Public Charging) - Incl. Overhead";"Tractor-Trailer";"BAU";"EUR/kWh";2040;"0.043";"Removed policies";"Electricity"
"OPEX";"Charging Infrastructure";"UK";"MCS Station (Public Charging) - Incl. Overhead";"Rigid";"BAU";"EUR/kWh";2040;"0.043";"Removed policies";"Electricity"
"OPEX";"Charging Infrastructure";"UK";"MCS Station (Public Charging) - Incl. Overhead";"Tractor-Trailer";"BAU";"EUR/kWh";2040;"0.043";"Removed policies";"Electricity"
"OPEX";"Charging Infrastructure";"DE";"Share MCS-Charging";"Rigid";"BAU";"%";2040;"0.2";"Removed policies";"Electricity"
"OPEX";"Charging Infrastructure";"DE";"Share MCS-Charging";"Tractor-Trailer";"BAU";"%";2040;"0.2";"Removed policies";"Electricity"
"OPEX";"Charging Infrastructure";"ES";"Share MCS-Charging";"Rigid";"BAU";"%";2040;"0.2";"Removed policies";"Electricity"
"OPEX";"Charging Infrastructure";"ES";"Share MCS-Charging";"Tractor-Trailer";"BAU";"%";2040;"0.2";"Removed policies";"Electricity"
"OPEX";"Charging Infrastructure";"FR";"Share MCS-Charging";"Rigid";"BAU";"%";2040;"0.2";"Removed policies";"Electricity"
"OPEX";"Charging Infrastructure";"FR";"Share MCS-Charging";"Tractor-Trailer";"BAU";"%";2040;"0.2";"Removed policies";"Electricity"
"OPEX";"Charging Infrastructure";"IT";"Share MCS-Charging";"Rigid";"BAU";"%";2040;"0.2";"Removed policies";"Electricity"
"OPEX";"Charging Infrastructure";"IT";"Share MCS-Charging";"Tractor-Trailer";"BAU";"%";2040;"0.2";"Removed policies";"Electricity"
"OPEX";"Charging Infrastructure";"NL";"Share MCS-Charging";"Rigid";"BAU";"%";2040;"0.2";"Removed policies";"Electricity"
"OPEX";"Charging Infrastructure";"NL";"Share MCS-Charging";"Tractor-Trailer";"BAU";"%";2040;"0.2";"Removed policies";"Electricity"
"OPEX";"Charging Infrastructure";"PL";"Share MCS-Charging";"Rigid";"BAU";"%";2040;"0.2";"Removed policies";"Electricity"
"OPEX";"Charging Infrastructure";"PL";"Share MCS-Charging";"Tractor-Trailer";"BAU";"%";2040;"0.2";"Removed policies";"Electricity"
"OPEX";"Charging Infrastructure";"UK";"Share MCS-Charging";"Rigid";"BAU";"%";2040;"0.2";"Removed policies";"Electricity"
"OPEX";"Charging Infrastructure";"UK";"Share MCS-Charging";"Tractor-Trailer";"BAU";"%";2040;"0.2";"Removed policies";"Electricity"
"OPEX";"Charging Infrastructure";"DE";"Depot - Network fees savings potential";"Rigid";"BAU";"EUR/kWh";2040;"0";"Removed policies";"Electricity"
"OPEX";"Charging Infrastructure";"DE";"Depot - Network fees savings potential";"Tractor-Trailer";"BAU";"EUR/kWh";2040;"0";"Removed policies";"Electricity"
"OPEX";"Charging Infrastructure";"ES";"Depot - Network fees savings potential";"Rigid";"BAU";"EUR/kWh";2040;"0";"Removed policies";"Electricity"
"OPEX";"Charging Infrastructure";"ES";"Depot - Network fees savings potential";"Tractor-Trailer";"BAU";"EUR/kWh";2040;"0";"Removed policies";"Electricity"
"OPEX";"Charging Infrastructure";"FR";"Depot - Network fees savings potential";"Rigid";"BAU";"EUR/kWh";2040;"0";"Removed policies";"Electricity"
"OPEX";"Charging Infrastructure";"FR";"Depot - Network fees savings potential";"Tractor-Trailer";"BAU";"EUR/kWh";2040;"0";"Removed policies";"Electricity"
"OPEX";"Charging Infrastructure";"IT";"Depot - Network fees savings potential";"Rigid";"BAU";"EUR/kWh";2040;"0";"Removed policies";"Electricity"
"OPEX";"Charging Infrastructure";"IT";"Depot - Network fees savings potential";"Tractor-Trailer";"BAU";"EUR/kWh";2040;"0";"Removed policies";"Electricity"
"OPEX";"Charging Infrastructure";"NL";"Depot - Network fees savings potential";"Rigid";"BAU";"EUR/kWh";2040;"0";"Removed policies";"Electricity"
"OPEX";"Charging Infrastructure";"NL";"Depot - Network fees savings potential";"Tractor-Trailer";"BAU";"EUR/kWh";2040;"0";"Removed policies";"Electricity"
"OPEX";"Charging Infrastructure";"PL";"Depot - Network fees savings potential";"Rigid";"BAU";"EUR/kWh";2040;"0";"Removed policies";"Electricity"
"OPEX";"Charging Infrastructure";"PL";"Depot - Network fees savings potential";"Tractor-Trailer";"BAU";"EUR/kWh";2040;"0";"Removed policies";"Electricity"
"OPEX";"Charging Infrastructure";"UK";"Depot - Network fees savings potential";"Rigid";"BAU";"EUR/kWh";2040;"0";"Removed policies";"Electricity"
"OPEX";"Charging Infrastructure";"UK";"Depot - Network fees savings potential";"Tractor-Trailer";"BAU";"EUR/kWh";2040;"0";"Removed policies";"Electricity"
"OPEX";"Taxes";"DE";"Tax reduction";"Rigid";"BAU";"%";2040;"0";"Removed policies";"Hydrogen"
"OPEX";"Taxes";"DE";"Tax reduction";"Tractor-Trailer";"BAU";"%";2040;"0";"Removed policies";"Hydrogen"
"OPEX";"Taxes";"ES";"Tax reduction";"Rigid";"BAU";"%";2040;"0";"Removed policies";"Hydrogen"
"OPEX";"Taxes";"ES";"Tax reduction";"Tractor-Trailer";"BAU";"%";2040;"0";"Removed policies";"Hydrogen"
"OPEX";"Taxes";"FR";"Tax reduction";"Rigid";"BAU";"%";2040;"0";"Removed policies";"Hydrogen"
"OPEX";"Taxes";"FR";"Tax reduction";"Tractor-Trailer";"BAU";"%";2040;"0";"Removed policies";"Hydrogen"
"OPEX";"Taxes";"IT";"Tax reduction";"Rigid";"BAU";"%";2040;"0";"Removed policies";"Hydrogen"
"OPEX";"Taxes";"IT";"Tax reduction";"Tractor-Trailer";"BAU";"%";2040;"0";"Removed policies";"Hydrogen"
"OPEX";"Taxes";"NL";"Tax reduction";"Rigid";"BAU";"%";2040;"0";"Removed policies";"Hydrogen"
"OPEX";"Taxes";"NL";"Tax reduction";"Tractor-Trailer";"BAU";"%";2040;"0";"Removed policies";"Hydrogen"
"OPEX";"Taxes";"PL";"Tax reduction";"Rigid";"BAU";"%";2040;"0";"Removed policies";"Hydrogen"
"OPEX";"Taxes";"PL";"Tax reduction";"Tractor-Trailer";"BAU";"%";2040;"0";"Removed policies";"Hydrogen"
"OPEX";"Taxes";"UK";"Tax reduction";"Rigid";"BAU";"%";2040;"0";"Removed policies";"Hydrogen"
"OPEX";"Taxes";"UK";"Tax reduction";"Tractor-Trailer";"BAU";"%";2040;"0";"Removed policies";"Hydrogen"
"OPEX";"Taxes";"DE";"Increasing grid fees";"Rigid";"PROG";"%";2040;"0.2";"Removed policies";"Electricity"
"OPEX";"Taxes";"DE";"Increasing grid fees";"Tractor-Trailer";"PROG";"%";2040;"0.2";"Removed policies";"Electricity"
"OPEX";"Taxes";"ES";"Increasing grid fees";"Rigid";"PROG";"%";2040;"0.2";"Removed policies";"Electricity"
"OPEX";"Taxes";"ES";"Increasing grid fees";"Tractor-Trailer";"PROG";"%";2040;"0.2";"Removed policies";"Electricity"
"OPEX";"Taxes";"FR";"Increasing grid fees";"Rigid";"PROG";"%";2040;"0.2";"Removed policies";"Electricity"
"OPEX";"Taxes";"FR";"Increasing grid fees";"Tractor-Trailer";"PROG";"%";2040;"0.2";"Removed policies";"Electricity"
"OPEX";"Taxes";"IT";"Increasing grid fees";"Rigid";"PROG";"%";2040;"0.2";"Removed policies";"Electricity"
"OPEX";"Taxes";"IT";"Increasing grid fees";"Tractor-Trailer";"PROG";"%";2040;"0.2";"Removed policies";"Electricity"
"OPEX";"Taxes";"NL";"Increasing grid fees";"Rigid";"PROG";"%";2040;"0.2";"Removed policies";"Electricity"
"OPEX";"Taxes";"NL";"Increasing grid fees";"Tractor-Trailer";"PROG";"%";2040;"0.2";"Removed policies";"Electricity"
"OPEX";"Taxes";"PL";"Increasing grid fees";"Rigid";"PROG";"%";2040;"0.2";"Removed policies";"Electricity"
"OPEX";"Taxes";"PL";"Increasing grid fees";"Tractor-Trailer";"PROG";"%";2040;"0.2";"Removed policies";"Electricity"
"OPEX";"Taxes";"UK";"Increasing grid fees";"Rigid";"PROG";"%";2040;"0.2";"Removed policies";"Electricity"
"OPEX";"Taxes";"UK";"Increasing grid fees";"Tractor-Trailer";"PROG";"%";2040;"0.2";"Removed policies";"Electricity"
"OPEX";"Taxes";"DE";"Increasing grid fees";"Rigid";"BAU";"%";2040;"0.333";"Removed policies";"Electricity"
"OPEX";"Taxes";"DE";"Increasing grid fees";"Tractor-Trailer";"BAU";"%";2040;"0.333";"Removed policies";"Electricity"
"OPEX";"Taxes";"ES";"Increasing grid fees";"Rigid";"BAU";"%";2040;"0.333";"Removed policies";"Electricity"
"OPEX";"Taxes";"ES";"Increasing grid fees";"Tractor-Trailer";"BAU";"%";2040;"0.333";"Removed policies";"Electricity"
"OPEX";"Taxes";"FR";"Increasing grid fees";"Rigid";"BAU";"%";2040;"0.333";"Removed policies";"Electricity"
"OPEX";"Taxes";"FR";"Increasing grid fees";"Tractor-Trailer";"BAU";"%";2040;"0.333";"Removed policies";"Electricity"
"OPEX";"Taxes";"IT";"Increasing grid fees";"Rigid";"BAU";"%";2040;"0.333";"Removed policies";"Electricity"
"OPEX";"Taxes";"IT";"Increasing grid fees";"Tractor-Trailer";"BAU";"%";2040;"0.333";"Removed policies";"Electricity"
"OPEX";"Taxes";"NL";"Increasing grid fees";"Rigid";"BAU";"%";2040;"0.333";"Removed policies";"Electricity"
"OPEX";"Taxes";"NL";"Increasing grid fees";"Tractor-Trailer";"BAU";"%";2040;"0.333";"Removed policies";"Electricity"
"OPEX";"Taxes";"PL";"Increasing grid fees";"Rigid";"BAU";"%";2040;"0.333";"Removed policies";"Electricity"
"OPEX";"Taxes";"PL";"Increasing grid fees";"Tractor-Trailer";"BAU";"%";2040;"0.333";"Removed policies";"Electricity"
"OPEX";"Taxes";"UK";"Increasing grid fees";"Rigid";"BAU";"%";2040;"0.333";"Removed policies";"Electricity"
"OPEX";"Taxes";"UK";"Increasing grid fees";"Tractor-Trailer";"BAU";"%";2040;"0.333";"Removed policies";"Electricity"
"OPEX";"Taxes";"DE";"Network Costs - MCS";"Rigid";"PROG";"EUR/kWh";2045;"0.026";"Removed policies";"Electricity"
"OPEX";"Taxes";"DE";"Network Costs - MCS";"Tractor-Trailer";"PROG";"EUR/kWh";2045;"0.026";"Removed policies";"Electricity"
"OPEX";"Taxes";"ES";"Network Costs - MCS";"Rigid";"PROG";"EUR/kWh";2045;"0.009";"Removed policies";"Electricity"
"OPEX";"Taxes";"ES";"Network Costs - MCS";"Tractor-Trailer";"PROG";"EUR/kWh";2045;"0.009";"Removed policies";"Electricity"
"OPEX";"Taxes";"FR";"Network Costs - MCS";"Rigid";"PROG";"EUR/kWh";2045;"0.014";"Removed policies";"Electricity"
"OPEX";"Taxes";"FR";"Network Costs - MCS";"Tractor-Trailer";"PROG";"EUR/kWh";2045;"0.014";"Removed policies";"Electricity"
"OPEX";"Taxes";"IT";"Network Costs - MCS";"Rigid";"PROG";"EUR/kWh";2045;"0.012";"Removed policies";"Electricity"
"OPEX";"Taxes";"IT";"Network Costs - MCS";"Tractor-Trailer";"PROG";"EUR/kWh";2045;"0.012";"Removed policies";"Electricity"
"OPEX";"Taxes";"NL";"Network Costs - MCS";"Rigid";"PROG";"EUR/kWh";2045;"0.015";"Removed policies";"Electricity"
"OPEX";"Taxes";"NL";"Network Costs - MCS";"Tractor-Trailer";"PROG";"EUR/kWh";2045;"0.015";"Removed policies";"Electricity"
"OPEX";"Taxes";"PL";"Network Costs - MCS";"Rigid";"PROG";"EUR/kWh";2045;"0.014";"Removed policies";"Electricity"
"OPEX";"Taxes";"PL";"Network Costs - MCS";"Tractor-Trailer";"PROG";"EUR/kWh";2045;"0.014";"Removed policies";"Electricity"
"OPEX";"Taxes";"UK";"Network Costs - MCS";"Rigid";"PROG";"EUR/kWh";2045;"0.018";"Removed policies";"Electricity"
"OPEX";"Taxes";"UK";"Network Costs - MCS";"Tractor-Trailer";"PROG";"EUR/kWh";2045;"0.018";"Removed policies";"Electricity"
"OPEX";"Taxes";"DE";"Taxes, Fees, Levies and charges - MCS";"Rigid";"PROG";"EUR/kWh";2045;"0.051";"Removed policies";"Electricity"
"OPEX";"Taxes";"DE";"Taxes, Fees, Levies and charges - MCS";"Tractor-Trailer";"PROG";"EUR/kWh";2045;"0.051";"Removed policies";"Electricity"
"OPEX";"Taxes";"ES";"Taxes, Fees, Levies and charges - MCS";"Rigid";"PROG";"EUR/kWh";2045;"0.026";"Removed policies";"Electricity"
"OPEX";"Taxes";"ES";"Taxes, Fees, Levies and charges - MCS";"Tractor-Trailer";"PROG";"EUR/kWh";2045;"0.026";"Removed policies";"Electricity"
"OPEX";"Taxes";"FR";"Taxes, Fees, Levies and charges - MCS";"Rigid";"PROG";"EUR/kWh";2045;"0.022";"Removed policies";"Electricity"
"OPEX";"Taxes";"FR";"Taxes, Fees, Levies and charges - MCS";"Tractor-Trailer";"PROG";"EUR/kWh";2045;"0.022";"Removed policies";"Electricity"
"OPEX";"Taxes";"IT";"Taxes, Fees, Levies and charges - MCS";"Rigid";"PROG";"EUR/kWh";2045;"0.034";"Removed policies";"Electricity"
"OPEX";"Taxes";"IT";"Taxes, Fees, Levies and charges - MCS";"Tractor-Trailer";"PROG";"EUR/kWh";2045;"0.034";"Removed policies";"Electricity"
"OPEX";"Taxes";"NL";"Taxes, Fees, Levies and charges - MCS";"Rigid";"PROG";"EUR/kWh";2045;"0.023";"Removed policies";"Electricity"
"OPEX";"Taxes";"NL";"Taxes, Fees, Levies and charges - MCS";"Tractor-Trailer";"PROG";"EUR/kWh";2045;"0.023";"Removed policies";"Electricity"
"OPEX";"Taxes";"PL";"Taxes, Fees, Levies and charges - MCS";"Rigid";"PROG";"EUR/kWh";2045;"0.045";"Removed policies";"Electricity"
"OPEX";"Taxes";"PL";"Taxes, Fees, Levies and charges - MCS";"Tractor-Trailer";"PROG";"EUR/kWh";2045;"0.045";"Removed policies";"Electricity"
"OPEX";"Taxes";"UK";"Taxes, Fees, Levies and charges - MCS";"Rigid";"PROG";"EUR/kWh";2045;"0.074";"Removed policies";"Electricity"
"OPEX";"Taxes";"UK";"Taxes, Fees, Levies and charges - MCS";"Tractor-Trailer";"PROG";"EUR/kWh";2045;"0.074";"Removed policies";"Electricity"
"OPEX";"Taxes";"DE";"Network Costs - Depot";"Rigid";"PROG";"EUR/kWh";2045;"0.034";"Removed policies";"Electricity"
"OPEX";"Taxes";"DE";"Network Costs - Depot";"Tractor-Trailer";"PROG";"EUR/kWh";2045;"0.034";"Removed policies";"Electricity"
"OPEX";"Taxes";"ES";"Network Costs - Depot";"Rigid";"PROG";"EUR/kWh";2045;"0.018";"Removed policies";"Electricity"
"OPEX";"Taxes";"ES";"Network Costs - Depot";"Tractor-Trailer";"PROG";"EUR/kWh";2045;"0.018";"Removed policies";"Electricity"
"OPEX";"Taxes";"FR";"Network Costs - Depot";"Rigid";"PROG";"EUR/kWh";2045;"0.018";"Removed policies";"Electricity"
"OPEX";"Taxes";"FR";"Network Costs - Depot";"Tractor-Trailer";"PROG";"EUR/kWh";2045;"0.018";"Removed policies";"Electricity"
"OPEX";"Taxes";"IT";"Network Costs - Depot";"Rigid";"PROG";"EUR/kWh";2045;"0.016";"Removed policies";"Electricity"
"OPEX";"Taxes";"IT";"Network Costs - Depot";"Tractor-Trailer";"PROG";"EUR/kWh";2045;"0.016";"Removed policies";"Electricity"
"OPEX";"Taxes";"NL";"Network Costs - Depot";"Rigid";"PROG";"EUR/kWh";2045;"0.016";"Removed policies";"Electricity"
"OPEX";"Taxes";"NL";"Network Costs - Depot";"Tractor-Trailer";"PROG";"EUR/kWh";2045;"0.016";"Removed policies";"Electricity"
"OPEX";"Taxes";"PL";"Network Costs - Depot";"Rigid";"PROG";"EUR/kWh";2045;"0.019";"Removed policies";"Electricity"
"OPEX";"Taxes";"PL";"Network Costs - Depot";"Tractor-Trailer";"PROG";"EUR/kWh";2045;"0.019";"Removed policies";"Electricity"
"OPEX";"Taxes";"UK";"Network Costs - Depot";"Rigid";"PROG";"EUR/kWh";2045;"0.027";"Removed policies";"Electricity"
"OPEX";"Taxes";"UK";"Network Costs - Depot";"Tractor-Trailer";"PROG";"EUR/kWh";2045;"0.027";"Removed policies";"Electricity"
"OPEX";"Taxes";"DE";"Taxes, Fees, Levies and charges - Depot";"Rigid";"PROG";"EUR/kWh";2045;"0.056";"Removed policies";"Electricity"
"OPEX";"Taxes";"DE";"Taxes, Fees, Levies and charges - Depot";"Tractor-Trailer";"PROG";"EUR/kWh";2045;"0.056";"Removed policies";"Electricity"
"OPEX";"Taxes";"ES";"Taxes, Fees, Levies and charges - Depot";"Rigid";"PROG";"EUR/kWh";2045;"0.036";"Removed policies";"Electricity"
"OPEX";"Taxes";"ES";"Taxes, Fees, Levies and charges - Depot";"Tractor-Trailer";"PROG";"EUR/kWh";2045;"0.036";"Removed policies";"Electricity"
"OPEX";"Taxes";"FR";"Taxes, Fees, Levies and charges - Depot";"Rigid";"PROG";"EUR/kWh";2045;"0.03";"Removed policies";"Electricity"
"OPEX";"Taxes";"FR";"Taxes, Fees, Levies and charges - Depot";"Tractor-Trailer";"PROG";"EUR/kWh";2045;"0.03";"Removed policies";"Electricity"
"OPEX";"Taxes";"IT";"Taxes, Fees, Levies and charges - Depot";"Rigid";"PROG";"EUR/kWh";2045;"0.063";"Removed policies";"Electricity"
"OPEX";"Taxes";"IT";"Taxes, Fees, Levies and charges - Depot";"Tractor-Trailer";"PROG";"EUR/kWh";2045;"0.063";"Removed policies";"Electricity"
"OPEX";"Taxes";"NL";"Taxes, Fees, Levies and charges - Depot";"Rigid";"PROG";"EUR/kWh";2045;"0.055";"Removed policies";"Electricity"
"OPEX";"Taxes";"NL";"Taxes, Fees, Levies and charges - Depot";"Tractor-Trailer";"PROG";"EUR/kWh";2045;"0.055";"Removed policies";"Electricity"
"OPEX";"Taxes";"PL";"Taxes, Fees, Levies and charges - Depot";"Rigid";"PROG";"EUR/kWh";2045;"0.049";"Removed policies";"Electricity"
"OPEX";"Taxes";"PL";"Taxes, Fees, Levies and charges - Depot";"Tractor-Trailer";"PROG";"EUR/kWh";2045;"0.049";"Removed policies";"Electricity"
"OPEX";"Taxes";"UK";"Taxes, Fees, Levies and charges - Depot";"Rigid";"PROG";"EUR/kWh";2045;"0.077";"Removed policies";"Electricity"
"OPEX";"Taxes";"UK";"Taxes, Fees, Levies and charges - Depot";"Tractor-Trailer";"PROG";"EUR/kWh";2045;"0.077";"Removed policies";"Electricity"
"OPEX";"H2 Infrastructure";"DE";"HRS costs";"Rigid";"PROG";"EUR/kg H2";2045;"0.65";"Removed policies";"Hydrogen"
"OPEX";"H2 Infrastructure";"DE";"HRS costs";"Tractor-Trailer";"PROG";"EUR/kg H2";2045;"0.65";"Removed policies";"Hydrogen"
"OPEX";"H2 Infrastructure";"ES";"HRS costs";"Rigid";"PROG";"EUR/kg H2";2045;"0.65";"Removed policies";"Hydrogen"
"OPEX";"H2 Infrastructure";"ES";"HRS costs";"Tractor-Trailer";"PROG";"EUR/kg H2";2045;"0.65";"Removed policies";"Hydrogen"
"OPEX";"H2 Infrastructure";"FR";"HRS costs";"Rigid";"PROG";"EUR/kg H2";2045;"0.65";"Removed policies";"Hydrogen"
"OPEX";"H2 Infrastructure";"FR";"HRS costs";"Tractor-Trailer";"PROG";"EUR/kg H2";2045;"0.65";"Removed policies";"Hydrogen"
"OPEX";"H2 Infrastructure";"IT";"HRS costs";"Rigid";"PROG";"EUR/kg H2";2045;"0.65";"Removed policies";"Hydrogen"
"OPEX";"H2 Infrastructure";"IT";"HRS costs";"Tractor-Trailer";"PROG";"EUR/kg H2";2045;"0.65";"Removed policies";"Hydrogen"
"OPEX";"H2 Infrastructure";"NL";"HRS costs";"Rigid";"PROG";"EUR/kg H2";2045;"0.65";"Removed policies";"Hydrogen"
"OPEX";"H2 Infrastructure";"NL";"HRS costs";"Tractor-Trailer";"PROG";"EUR/kg H2";2045;"0.65";"Removed policies";"Hydrogen"
"OPEX";"H2 Infrastructure";"PL";"HRS costs";"Rigid";"PROG";"EUR/kg H2";2045;"0.65";"Removed policies";"Hydrogen"
"OPEX";"H2 Infrastructure";"PL";"HRS costs";"Tractor-Trailer";"PROG";"EUR/kg H2";2045;"0.65";"Removed policies";"Hydrogen"
"OPEX";"H2 Infrastructure";"UK";"HRS costs";"Rigid";"PROG";"EUR/kg H2";2045;"0.65";"Removed policies";"Hydrogen"
"OPEX";"H2 Infrastructure";"UK";"HRS costs";"Tractor-Trailer";"PROG";"EUR/kg H2";2045;"0.65";"Removed policies";"Hydrogen"
"OPEX";"H2 Infrastructure";"DE";"H2 transport and distribution";"Rigid";"PROG";"EUR/kg H2";2045;"0.667";"Removed policies";"Hydrogen"
"OPEX";"H2 Infrastructure";"DE";"H2 transport and distribution";"Tractor-Trailer";"PROG";"EUR/kg H2";2045;"0.667";"Removed policies";"Hydrogen"
"OPEX";"H2 Infrastructure";"ES";"H2 transport and distribution";"Rigid";"PROG";"EUR/kg H2";2045;"0.667";"Removed policies";"Hydrogen"
"OPEX";"H2 Infrastructure";"ES";"H2 transport and distribution";"Tractor-Trailer";"PROG";"EUR/kg H2";2045;"0.667";"Removed policies";"Hydrogen"
"OPEX";"H2 Infrastructure";"FR";"H2 transport and distribution";"Rigid";"PROG";"EUR/kg H2";2045;"0.667";"Removed policies";"Hydrogen"
"OPEX";"H2 Infrastructure";"FR";"H2 transport and distribution";"Tractor-Trailer";"PROG";"EUR/kg H2";2045;"0.667";"Removed policies";"Hydrogen"
"OPEX";"H2 Infrastructure";"IT";"H2 transport and distribution";"Rigid";"PROG";"EUR/kg H2";2045;"0.667";"Removed policies";"Hydrogen"
"OPEX";"H2 Infrastructure";"IT";"H2 transport and distribution";"Tractor-Trailer";"PROG";"EUR/kg H2";2045;"0.667";"Removed policies";"Hydrogen"
"OPEX";"H2 Infrastructure";"NL";"H2 transport and distribution";"Rigid";"PROG";"EUR/kg H2";2045;"0.667";"Removed policies";"Hydrogen"
"OPEX";"H2 Infrastructure";"NL";"H2 transport and distribution";"Tractor-Trailer";"PROG";"EUR/kg H2";2045;"0.667";"Removed policies";"Hydrogen"
"OPEX";"H2 Infrastructure";"PL";"H2 transport and distribution";"Rigid";"PROG";"EUR/kg H2";2045;"0.667";"Removed policies";"Hydrogen"
"OPEX";"H2 Infrastructure";"PL";"H2 transport and distribution";"Tractor-Trailer";"PROG";"EUR/kg H2";2045;"0.667";"Removed policies";"Hydrogen"
"OPEX";"H2 Infrastructure";"UK";"H2 transport and distribution";"Rigid";"PROG";"EUR/kg H2";2045;"0.667";"Removed policies";"Hydrogen"
"OPEX";"H2 Infrastructure";"UK";"H2 transport and distribution";"Tractor-Trailer";"PROG";"EUR/kg H2";2045;"0.667";"Removed policies";"Hydrogen"
"OPEX";"H2 Infrastructure";"DE";"HRS Overhead, Profit and Mark-Up";"Rigid";"PROG";"EUR/kg H2";2045;"0.25";"Removed policies";"Hydrogen"
"OPEX";"H2 Infrastructure";"DE";"HRS Overhead, Profit and Mark-Up";"Tractor-Trailer";"PROG";"EUR/kg H2";2045;"0.25";"Removed policies";"Hydrogen"
"OPEX";"H2 Infrastructure";"ES";"HRS Overhead, Profit and Mark-Up";"Rigid";"PROG";"EUR/kg H2";2045;"0.25";"Removed policies";"Hydrogen"
"OPEX";"H2 Infrastructure";"ES";"HRS Overhead, Profit and Mark-Up";"Tractor-Trailer";"PROG";"EUR/kg H2";2045;"0.25";"Removed policies";"Hydrogen"
"OPEX";"H2 Infrastructure";"FR";"HRS Overhead, Profit and Mark-Up";"Rigid";"PROG";"EUR/kg H2";2045;"0.25";"Removed policies";"Hydrogen"
"OPEX";"H2 Infrastructure";"FR";"HRS Overhead, Profit and Mark-Up";"Tractor-Trailer";"PROG";"EUR/kg H2";2045;"0.25";"Removed policies";"Hydrogen"
"OPEX";"H2 Infrastructure";"IT";"HRS Overhead, Profit and Mark-Up";"Rigid";"PROG";"EUR/kg H2";2045;"0.25";"Removed policies";"Hydrogen"
"OPEX";"H2 Infrastructure";"IT";"HRS Overhead, Profit and Mark-Up";"Tractor-Trailer";"PROG";"EUR/kg H2";2045;"0.25";"Removed policies";"Hydrogen"
"OPEX";"H2 Infrastructure";"NL";"HRS Overhead, Profit and Mark-Up";"Rigid";"PROG";"EUR/kg H2";2045;"0.25";"Removed policies";"Hydrogen"
"OPEX";"H2 Infrastructure";"NL";"HRS Overhead, Profit and Mark-Up";"Tractor-Trailer";"PROG";"EUR/kg H2";2045;"0.25";"Removed policies";"Hydrogen"
"OPEX";"H2 Infrastructure";"PL";"HRS Overhead, Profit and Mark-Up";"Rigid";"PROG";"EUR/kg H2";2045;"0.25";"Removed policies";"Hydrogen"
"OPEX";"H2 Infrastructure";"PL";"HRS Overhead, Profit and Mark-Up";"Tractor-Trailer";"PROG";"EUR/kg H2";2045;"0.25";"Removed policies";"Hydrogen"
"OPEX";"H2 Infrastructure";"UK";"HRS Overhead, Profit and Mark-Up";"Rigid";"PROG";"EUR/kg H2";2045;"0.25";"Removed policies";"Hydrogen"
"OPEX";"H2 Infrastructure";"UK";"HRS Overhead, Profit and Mark-Up";"Tractor-Trailer";"PROG";"EUR/kg H2";2045;"0.25";"Removed policies";"Hydrogen"
"OPEX";"Charging Infrastructure";"DE";"MCS Station (Public Charging) - Incl. Overhead";"Rigid";"PROG";"EUR/kWh";2045;"0.015";"Removed policies";"Electricity"
"OPEX";"Charging Infrastructure";"DE";"MCS Station (Public Charging) - Incl. Overhead";"Tractor-Trailer";"PROG";"EUR/kWh";2045;"0.015";"Removed policies";"Electricity"
"OPEX";"Charging Infrastructure";"ES";"MCS Station (Public Charging) - Incl. Overhead";"Rigid";"PROG";"EUR/kWh";2045;"0.015";"Removed policies";"Electricity"
"OPEX";"Charging Infrastructure";"ES";"MCS Station (Public Charging) - Incl. Overhead";"Tractor-Trailer";"PROG";"EUR/kWh";2045;"0.015";"Removed policies";"Electricity"
"OPEX";"Charging Infrastructure";"FR";"MCS Station (Public Charging) - Incl. Overhead";"Rigid";"PROG";"EUR/kWh";2045;"0.015";"Removed policies";"Electricity"
"OPEX";"Charging Infrastructure";"FR";"MCS Station (Public Charging) - Incl. Overhead";"Tractor-Trailer";"PROG";"EUR/kWh";2045;"0.015";"Removed policies";"Electricity"
"OPEX";"Charging Infrastructure";"IT";"MCS Station (Public Charging) - Incl. Overhead";"Rigid";"PROG";"EUR/kWh";2045;"0.015";"Removed policies";"Electricity"
"OPEX";"Charging Infrastructure";"IT";"MCS Station (Public Charging) - Incl. Overhead";"Tractor-Trailer";"PROG";"EUR/kWh";2045;"0.015";"Removed policies";"Electricity"
"OPEX";"Charging Infrastructure";"NL";"MCS Station (Public Charging) - Incl. Overhead";"Rigid";"PROG";"EUR/kWh";2045;"0.015";"Removed policies";"Electricity"
"OPEX";"Charging Infrastructure";"NL";"MCS Station (Public Charging) - Incl. Overhead";"Tractor-Trailer";"PROG";"EUR/kWh";2045;"0.015";"Removed policies";"Electricity"
"OPEX";"Charging Infrastructure";"PL";"MCS Station (Public Charging) - Incl. Overhead";"Rigid";"PROG";"EUR/kWh";2045;"0.015";"Removed policies";"Electricity"
"OPEX";"Charging Infrastructure";"PL";"MCS Station (Public Charging) - Incl. Overhead";"Tractor-Trailer";"PROG";"EUR/kWh";2045;"0.015";"Removed policies";"Electricity"
"OPEX";"Charging Infrastructure";"UK";"MCS Station (Public Charging) - Incl. Overhead";"Rigid";"PROG";"EUR/kWh";2045;"0.015";"Removed policies";"Electricity"
"OPEX";"Charging Infrastructure";"UK";"MCS Station (Public Charging) - Incl. Overhead";"Tractor-Trailer";"PROG";"EUR/kWh";2045;"0.015";"Removed policies";"Electricity"
"OPEX";"Charging Infrastructure";"DE";"Share MCS-Charging";"Rigid";"PROG";"%";2045;"0.2";"Removed policies";"Electricity"
"OPEX";"Charging Infrastructure";"DE";"Share MCS-Charging";"Tractor-Trailer";"PROG";"%";2045;"0.2";"Removed policies";"Electricity"
"OPEX";"Charging Infrastructure";"ES";"Share MCS-Charging";"Rigid";"PROG";"%";2045;"0.2";"Removed policies";"Electricity"
"OPEX";"Charging Infrastructure";"ES";"Share MCS-Charging";"Tractor-Trailer";"PROG";"%";2045;"0.2";"Removed policies";"Electricity"
"OPEX";"Charging Infrastructure";"FR";"Share MCS-Charging";"Rigid";"PROG";"%";2045;"0.2";"Removed policies";"Electricity"
"OPEX";"Charging Infrastructure";"FR";"Share MCS-Charging";"Tractor-Trailer";"PROG";"%";2045;"0.2";"Removed policies";"Electricity"
"OPEX";"Charging Infrastructure";"IT";"Share MCS-Charging";"Rigid";"PROG";"%";2045;"0.2";"Removed policies";"Electricity"
"OPEX";"Charging Infrastructure";"IT";"Share MCS-Charging";"Tractor-Trailer";"PROG";"%";2045;"0.2";"Removed policies";"Electricity"
"OPEX";"Charging Infrastructure";"NL";"Share MCS-Charging";"Rigid";"PROG";"%";2045;"0.2";"Removed policies";"Electricity"
"OPEX";"Charging Infrastructure";"NL";"Share MCS-Charging";"Tractor-Trailer";"PROG";"%";2045;"0.2";"Removed policies";"Electricity"
"OPEX";"Charging Infrastructure";"PL";"Share MCS-Charging";"Rigid";"PROG";"%";2045;"0.2";"Removed policies";"Electricity"
"OPEX";"Charging Infrastructure";"PL";"Share MCS-Charging";"Tractor-Trailer";"PROG";"%";2045;"0.2";"Removed policies";"Electricity"
"OPEX";"Charging Infrastructure";"UK";"Share MCS-Charging";"Rigid";"PROG";"%";2045;"0.2";"Removed policies";"Electricity"
"OPEX";"Charging Infrastructure";"UK";"Share MCS-Charging";"Tractor-Trailer";"PROG";"%";2045;"0.2";"Removed policies";"Electricity"
"OPEX";"Charging Infrastructure";"DE";"Depot - Network fees savings potential";"Rigid";"PROG";"EUR/kWh";2045;"-0.01";"Removed policies";"Electricity"
"OPEX";"Charging Infrastructure";"DE";"Depot - Network fees savings potential";"Tractor-Trailer";"PROG";"EUR/kWh";2045;"-0.01";"Removed policies";"Electricity"
"OPEX";"Charging Infrastructure";"ES";"Depot - Network fees savings potential";"Rigid";"PROG";"EUR/kWh";2045;"-0.01";"Removed policies";"Electricity"
"OPEX";"Charging Infrastructure";"ES";"Depot - Network fees savings potential";"Tractor-Trailer";"PROG";"EUR/kWh";2045;"-0.01";"Removed policies";"Electricity"
"OPEX";"Charging Infrastructure";"FR";"Depot - Network fees savings potential";"Rigid";"PROG";"EUR/kWh";2045;"-0.01";"Removed policies";"Electricity"
"OPEX";"Charging Infrastructure";"FR";"Depot - Network fees savings potential";"Tractor-Trailer";"PROG";"EUR/kWh";2045;"-0.01";"Removed policies";"Electricity"
"OPEX";"Charging Infrastructure";"IT";"Depot - Network fees savings potential";"Rigid";"PROG";"EUR/kWh";2045;"-0.01";"Removed policies";"Electricity"
"OPEX";"Charging Infrastructure";"IT";"Depot - Network fees savings potential";"Tractor-Trailer";"PROG";"EUR/kWh";2045;"-0.01";"Removed policies";"Electricity"
"OPEX";"Charging Infrastructure";"NL";"Depot - Network fees savings potential";"Rigid";"PROG";"EUR/kWh";2045;"-0.01";"Removed policies";"Electricity"
"OPEX";"Charging Infrastructure";"NL";"Depot - Network fees savings potential";"Tractor-Trailer";"PROG";"EUR/kWh";2045;"-0.01";"Removed policies";"Electricity"
"OPEX";"Charging Infrastructure";"PL";"Depot - Network fees savings potential";"Rigid";"PROG";"EUR/kWh";2045;"-0.01";"Removed policies";"Electricity"
"OPEX";"Charging Infrastructure";"PL";"Depot - Network fees savings potential";"Tractor-Trailer";"PROG";"EUR/kWh";2045;"-0.01";"Removed policies";"Electricity"
"OPEX";"Charging Infrastructure";"UK";"Depot - Network fees savings potential";"Rigid";"PROG";"EUR/kWh";2045;"-0.01";"Removed policies";"Electricity"
"OPEX";"Charging Infrastructure";"UK";"Depot - Network fees savings potential";"Tractor-Trailer";"PROG";"EUR/kWh";2045;"-0.01";"Removed policies";"Electricity"
"OPEX";"Taxes";"DE";"Tax reduction";"Rigid";"PROG";"%";2045;"0";"Removed policies";"Hydrogen"
"OPEX";"Taxes";"DE";"Tax reduction";"Tractor-Trailer";"PROG";"%";2045;"0";"Removed policies";"Hydrogen"
"OPEX";"Taxes";"ES";"Tax reduction";"Rigid";"PROG";"%";2045;"0";"Removed policies";"Hydrogen"
"OPEX";"Taxes";"ES";"Tax reduction";"Tractor-Trailer";"PROG";"%";2045;"0";"Removed policies";"Hydrogen"
"OPEX";"Taxes";"FR";"Tax reduction";"Rigid";"PROG";"%";2045;"0";"Removed policies";"Hydrogen"
"OPEX";"Taxes";"FR";"Tax reduction";"Tractor-Trailer";"PROG";"%";2045;"0";"Removed policies";"Hydrogen"
"OPEX";"Taxes";"IT";"Tax reduction";"Rigid";"PROG";"%";2045;"0";"Removed policies";"Hydrogen"
"OPEX";"Taxes";"IT";"Tax reduction";"Tractor-Trailer";"PROG";"%";2045;"0";"Removed policies";"Hydrogen"
"OPEX";"Taxes";"NL";"Tax reduction";"Rigid";"PROG";"%";2045;"0";"Removed policies";"Hydrogen"
"OPEX";"Taxes";"NL";"Tax reduction";"Tractor-Trailer";"PROG";"%";2045;"0";"Removed policies";"Hydrogen"
"OPEX";"Taxes";"PL";"Tax reduction";"Rigid";"PROG";"%";2045;"0";"Removed policies";"Hydrogen"
"OPEX";"Taxes";"PL";"Tax reduction";"Tractor-Trailer";"PROG";"%";2045;"0";"Removed policies";"Hydrogen"
"OPEX";"Taxes";"UK";"Tax reduction";"Rigid";"PROG";"%";2045;"0";"Removed policies";"Hydrogen"
"OPEX";"Taxes";"UK";"Tax reduction";"Tractor-Trailer";"PROG";"%";2045;"0";"Removed policies";"Hydrogen"
"OPEX";"Taxes";"DE";"Excise Duty - Diesel";"Rigid";"BAU";"EUR/kWh";2045;"0.047";"Removed policies";"Diesel"
"OPEX";"Taxes";"DE";"Excise Duty - Diesel";"Tractor-Trailer";"BAU";"EUR/kWh";2045;"0.047";"Removed policies";"Diesel"
"OPEX";"Taxes";"DE";"Excise Duty - Diesel";"Rigid";"PROG";"EUR/kWh";2045;"0.047";"Removed policies";"Diesel"
"OPEX";"Taxes";"DE";"Excise Duty - Diesel";"Tractor-Trailer";"PROG";"EUR/kWh";2045;"0.047";"Removed policies";"Diesel"
"OPEX";"Taxes";"ES";"Excise Duty - Diesel";"Rigid";"BAU";"EUR/kWh";2045;"0.038";"Removed policies";"Diesel"
"OPEX";"Taxes";"ES";"Excise Duty - Diesel";"Tractor-Trailer";"BAU";"EUR/kWh";2045;"0.038";"Removed policies";"Diesel"
"OPEX";"Taxes";"ES";"Excise Duty - Diesel";"Rigid";"PROG";"EUR/kWh";2045;"0.038";"Removed policies";"Diesel"
"OPEX";"Taxes";"ES";"Excise Duty - Diesel";"Tractor-Trailer";"PROG";"EUR/kWh";2045;"0.038";"Removed policies";"Diesel"
"OPEX";"Taxes";"FR";"Excise Duty - Diesel";"Rigid";"BAU";"EUR/kWh";2045;"0.06";"Removed policies";"Diesel"
"OPEX";"Taxes";"FR";"Excise Duty - Diesel";"Tractor-Trailer";"BAU";"EUR/kWh";2045;"0.06";"Removed policies";"Diesel"
"OPEX";"Taxes";"FR";"Excise Duty - Diesel";"Rigid";"PROG";"EUR/kWh";2045;"0.06";"Removed policies";"Diesel"
"OPEX";"Taxes";"FR";"Excise Duty - Diesel";"Tractor-Trailer";"PROG";"EUR/kWh";2045;"0.06";"Removed policies";"Diesel"
"OPEX";"Taxes";"IT";"Excise Duty - Diesel";"Rigid";"BAU";"EUR/kWh";2045;"0.062";"Removed policies";"Diesel"
"OPEX";"Taxes";"IT";"Excise Duty - Diesel";"Tractor-Trailer";"BAU";"EUR/kWh";2045;"0.062";"Removed policies";"Diesel"
"OPEX";"Taxes";"IT";"Excise Duty - Diesel";"Rigid";"PROG";"EUR/kWh";2045;"0.062";"Removed policies";"Diesel"
"OPEX";"Taxes";"IT";"Excise Duty - Diesel";"Tractor-Trailer";"PROG";"EUR/kWh";2045;"0.062";"Removed policies";"Diesel"
"OPEX";"Taxes";"NL";"Excise Duty - Diesel";"Rigid";"BAU";"EUR/kWh";2045;"0.053";"Removed policies";"Diesel"
"OPEX";"Taxes";"NL";"Excise Duty - Diesel";"Tractor-Trailer";"BAU";"EUR/kWh";2045;"0.053";"Removed policies";"Diesel"
"OPEX";"Taxes";"NL";"Excise Duty - Diesel";"Rigid";"PROG";"EUR/kWh";2045;"0.053";"Removed policies";"Diesel"
"OPEX";"Taxes";"NL";"Excise Duty - Diesel";"Tractor-Trailer";"PROG";"EUR/kWh";2045;"0.053";"Removed policies";"Diesel"
"OPEX";"Taxes";"PL";"Excise Duty - Diesel";"Rigid";"BAU";"EUR/kWh";2045;"0.033";"Removed policies";"Diesel"
"OPEX";"Taxes";"PL";"Excise Duty - Diesel";"Tractor-Trailer";"BAU";"EUR/kWh";2045;"0.033";"Removed policies";"Diesel"
"OPEX";"Taxes";"PL";"Excise Duty - Diesel";"Rigid";"PROG";"EUR/kWh";2045;"0.033";"Removed policies";"Diesel"
"OPEX";"Taxes";"PL";"Excise Duty - Diesel";"Tractor-Trailer";"PROG";"EUR/kWh";2045;"0.033";"Removed policies";"Diesel"
"OPEX";"Taxes";"UK";"Excise Duty - Diesel";"Rigid";"BAU";"EUR/kWh";2045;"0.053";"Removed policies";"Diesel"
"OPEX";"Taxes";"UK";"Excise Duty - Diesel";"Tractor-Trailer";"BAU";"EUR/kWh";2045;"0.053";"Removed policies";"Diesel"
"OPEX";"Taxes";"UK";"Excise Duty - Diesel";"Rigid";"PROG";"EUR/kWh";2045;"0.053";"Removed policies";"Diesel"
"OPEX";"Taxes";"UK";"Excise Duty - Diesel";"Tractor-Trailer";"PROG";"EUR/kWh";2045;"0.053";"Removed policies";"Diesel"
"OPEX";"Taxes";"DE";"Excise Duty - Reduction biodiesel";"Rigid";"BAU";"%";2045;"0.5";"Removed policies";"Diesel"
"OPEX";"Taxes";"DE";"Excise Duty - Reduction biodiesel";"Tractor-Trailer";"BAU";"%";2045;"0.5";"Removed policies";"Diesel"
"OPEX";"Taxes";"DE";"Excise Duty - Reduction biodiesel";"Rigid";"PROG";"%";2045;"0.5";"Removed policies";"Diesel"
"OPEX";"Taxes";"DE";"Excise Duty - Reduction biodiesel";"Tractor-Trailer";"PROG";"%";2045;"0.5";"Removed policies";"Diesel"
"OPEX";"Taxes";"ES";"Excise Duty - Reduction biodiesel";"Rigid";"BAU";"%";2045;"0.5";"Removed policies";"Diesel"
"OPEX";"Taxes";"ES";"Excise Duty - Reduction biodiesel";"Tractor-Trailer";"BAU";"%";2045;"0.5";"Removed policies";"Diesel"
"OPEX";"Taxes";"ES";"Excise Duty - Reduction biodiesel";"Rigid";"PROG";"%";2045;"0.5";"Removed policies";"Diesel"
"OPEX";"Taxes";"ES";"Excise Duty - Reduction biodiesel";"Tractor-Trailer";"PROG";"%";2045;"0.5";"Removed policies";"Diesel"
"OPEX";"Taxes";"FR";"Excise Duty - Reduction biodiesel";"Rigid";"BAU";"%";2045;"0.5";"Removed policies";"Diesel"
"OPEX";"Taxes";"FR";"Excise Duty - Reduction biodiesel";"Tractor-Trailer";"BAU";"%";2045;"0.5";"Removed policies";"Diesel"
"OPEX";"Taxes";"FR";"Excise Duty - Reduction biodiesel";"Rigid";"PROG";"%";2045;"0.5";"Removed policies";"Diesel"
"OPEX";"Taxes";"FR";"Excise Duty - Reduction biodiesel";"Tractor-Trailer";"PROG";"%";2045;"0.5";"Removed policies";"Diesel"
"OPEX";"Taxes";"IT";"Excise Duty - Reduction biodiesel";"Rigid";"BAU";"%";2045;"0.5";"Removed policies";"Diesel"
"OPEX";"Taxes";"IT";"Excise Duty - Reduction biodiesel";"Tractor-Trailer";"BAU";"%";2045;"0.5";"Removed policies";"Diesel"
"OPEX";"Taxes";"IT";"Excise Duty - Reduction biodiesel";"Rigid";"PROG";"%";2045;"0.5";"Removed policies";"Diesel"
"OPEX";"Taxes";"IT";"Excise Duty - Reduction biodiesel";"Tractor-Trailer";"PROG";"%";2045;"0.5";"Removed policies";"Diesel"
"OPEX";"Taxes";"NL";"Excise Duty - Reduction biodiesel";"Rigid";"BAU";"%";2045;"0.5";"Removed policies";"Diesel"
"OPEX";"Taxes";"NL";"Excise Duty - Reduction biodiesel";"Tractor-Trailer";"BAU";"%";2045;"0.5";"Removed policies";"Diesel"
"OPEX";"Taxes";"NL";"Excise Duty - Reduction biodiesel";"Rigid";"PROG";"%";2045;"0.5";"Removed policies";"Diesel"
"OPEX";"Taxes";"NL";"Excise Duty - Reduction biodiesel";"Tractor-Trailer";"PROG";"%";2045;"0.5";"Removed policies";"Diesel"
"OPEX";"Taxes";"PL";"Excise Duty - Reduction biodiesel";"Rigid";"BAU";"%";2045;"0.5";"Removed policies";"Diesel"
"OPEX";"Taxes";"PL";"Excise Duty - Reduction biodiesel";"Tractor-Trailer";"BAU";"%";2045;"0.5";"Removed policies";"Diesel"
"OPEX";"Taxes";"PL";"Excise Duty - Reduction biodiesel";"Rigid";"PROG";"%";2045;"0.5";"Removed policies";"Diesel"
"OPEX";"Taxes";"PL";"Excise Duty - Reduction biodiesel";"Tractor-Trailer";"PROG";"%";2045;"0.5";"Removed policies";"Diesel"
"OPEX";"Taxes";"UK";"Excise Duty - Reduction biodiesel";"Rigid";"BAU";"%";2045;"0.5";"Removed policies";"Diesel"
"OPEX";"Taxes";"UK";"Excise Duty - Reduction biodiesel";"Tractor-Trailer";"BAU";"%";2045;"0.5";"Removed policies";"Diesel"
"OPEX";"Taxes";"UK";"Excise Duty - Reduction biodiesel";"Rigid";"PROG";"%";2045;"0.5";"Removed policies";"Diesel"
"OPEX";"Taxes";"UK";"Excise Duty - Reduction biodiesel";"Tractor-Trailer";"PROG";"%";2045;"0.5";"Removed policies";"Diesel"
"OPEX";"Taxes";"DE";"Excise Duty - Reduction Synthetic Diesel (E-Fuels)";"Rigid";"BAU";"%";2045;"0.5";"Removed policies";"Diesel"
"OPEX";"Taxes";"DE";"Excise Duty - Reduction Synthetic Diesel (E-Fuels)";"Tractor-Trailer";"BAU";"%";2045;"0.5";"Removed policies";"Diesel"
"OPEX";"Taxes";"DE";"Excise Duty - Reduction Synthetic Diesel (E-Fuels)";"Rigid";"PROG";"%";2045;"0.5";"Removed policies";"Diesel"
"OPEX";"Taxes";"DE";"Excise Duty - Reduction Synthetic Diesel (E-Fuels)";"Tractor-Trailer";"PROG";"%";2045;"0.5";"Removed policies";"Diesel"
"OPEX";"Taxes";"ES";"Excise Duty - Reduction Synthetic Diesel (E-Fuels)";"Rigid";"BAU";"%";2045;"0.5";"Removed policies";"Diesel"
"OPEX";"Taxes";"ES";"Excise Duty - Reduction Synthetic Diesel (E-Fuels)";"Tractor-Trailer";"BAU";"%";2045;"0.5";"Removed policies";"Diesel"
"OPEX";"Taxes";"ES";"Excise Duty - Reduction Synthetic Diesel (E-Fuels)";"Rigid";"PROG";"%";2045;"0.5";"Removed policies";"Diesel"
"OPEX";"Taxes";"ES";"Excise Duty - Reduction Synthetic Diesel (E-Fuels)";"Tractor-Trailer";"PROG";"%";2045;"0.5";"Removed policies";"Diesel"
"OPEX";"Taxes";"FR";"Excise Duty - Reduction Synthetic Diesel (E-Fuels)";"Rigid";"BAU";"%";2045;"0.5";"Removed policies";"Diesel"
"OPEX";"Taxes";"FR";"Excise Duty - Reduction Synthetic Diesel (E-Fuels)";"Tractor-Trailer";"BAU";"%";2045;"0.5";"Removed policies";"Diesel"
"OPEX";"Taxes";"FR";"Excise Duty - Reduction Synthetic Diesel (E-Fuels)";"Rigid";"PROG";"%";2045;"0.5";"Removed policies";"Diesel"
"OPEX";"Taxes";"FR";"Excise Duty - Reduction Synthetic Diesel (E-Fuels)";"Tractor-Trailer";"PROG";"%";2045;"0.5";"Removed policies";"Diesel"
"OPEX";"Taxes";"IT";"Excise Duty - Reduction Synthetic Diesel (E-Fuels)";"Rigid";"BAU";"%";2045;"0.5";"Removed policies";"Diesel"
"OPEX";"Taxes";"IT";"Excise Duty - Reduction Synthetic Diesel (E-Fuels)";"Tractor-Trailer";"BAU";"%";2045;"0.5";"Removed policies";"Diesel"
"OPEX";"Taxes";"IT";"Excise Duty - Reduction Synthetic Diesel (E-Fuels)";"Rigid";"PROG";"%";2045;"0.5";"Removed policies";"Diesel"
"OPEX";"Taxes";"IT";"Excise Duty - Reduction Synthetic Diesel (E-Fuels)";"Tractor-Trailer";"PROG";"%";2045;"0.5";"Removed policies";"Diesel"
"OPEX";"Taxes";"NL";"Excise Duty - Reduction Synthetic Diesel (E-Fuels)";"Rigid";"BAU";"%";2045;"0.5";"Removed policies";"Diesel"
"OPEX";"Taxes";"NL";"Excise Duty - Reduction Synthetic Diesel (E-Fuels)";"Tractor-Trailer";"BAU";"%";2045;"0.5";"Removed policies";"Diesel"
"OPEX";"Taxes";"NL";"Excise Duty - Reduction Synthetic Diesel (E-Fuels)";"Rigid";"PROG";"%";2045;"0.5";"Removed policies";"Diesel"
"OPEX";"Taxes";"NL";"Excise Duty - Reduction Synthetic Diesel (E-Fuels)";"Tractor-Trailer";"PROG";"%";2045;"0.5";"Removed policies";"Diesel"
"OPEX";"Taxes";"PL";"Excise Duty - Reduction Synthetic Diesel (E-Fuels)";"Rigid";"BAU";"%";2045;"0.5";"Removed policies";"Diesel"
"OPEX";"Taxes";"PL";"Excise Duty - Reduction Synthetic Diesel (E-Fuels)";"Tractor-Trailer";"BAU";"%";2045;"0.5";"Removed policies";"Diesel"
"OPEX";"Taxes";"PL";"Excise Duty - Reduction Synthetic Diesel (E-Fuels)";"Rigid";"PROG";"%";2045;"0.5";"Removed policies";"Diesel"
"OPEX";"Taxes";"PL";"Excise Duty - Reduction Synthetic Diesel (E-Fuels)";"Tractor-Trailer";"PROG";"%";2045;"0.5";"Removed policies";"Diesel"
"OPEX";"Taxes";"UK";"Excise Duty - Reduction Synthetic Diesel (E-Fuels)";"Rigid";"BAU";"%";2045;"0.5";"Removed policies";"Diesel"
"OPEX";"Taxes";"UK";"Excise Duty - Reduction Synthetic Diesel (E-Fuels)";"Tractor-Trailer";"BAU";"%";2045;"0.5";"Removed policies";"Diesel"
"OPEX";"Taxes";"UK";"Excise Duty - Reduction Synthetic Diesel (E-Fuels)";"Rigid";"PROG";"%";2045;"0.5";"Removed policies";"Diesel"
"OPEX";"Taxes";"UK";"Excise Duty - Reduction Synthetic Diesel (E-Fuels)";"Tractor-Trailer";"PROG";"%";2045;"0.5";"Removed policies";"Diesel"
"OPEX";"Taxes";"DE";"Taxes, Fees, Levies and charges - H2";"Rigid";"BAU";"EUR/kWh";2045;"0.015";"Removed policies";"Hydrogen"
"OPEX";"Taxes";"DE";"Taxes, Fees, Levies and charges - H2";"Tractor-Trailer";"BAU";"EUR/kWh";2045;"0.015";"Removed policies";"Hydrogen"
"OPEX";"Taxes";"DE";"Taxes, Fees, Levies and charges - H2";"Rigid";"PROG";"EUR/kWh";2045;"0.015";"Removed policies";"Hydrogen"
"OPEX";"Taxes";"DE";"Taxes, Fees, Levies and charges - H2";"Tractor-Trailer";"PROG";"EUR/kWh";2045;"0.015";"Removed policies";"Hydrogen"
"OPEX";"Taxes";"ES";"Taxes, Fees, Levies and charges - H2";"Rigid";"BAU";"EUR/kWh";2045;"0.008";"Removed policies";"Hydrogen"
"OPEX";"Taxes";"ES";"Taxes, Fees, Levies and charges - H2";"Tractor-Trailer";"BAU";"EUR/kWh";2045;"0.008";"Removed policies";"Hydrogen"
"OPEX";"Taxes";"ES";"Taxes, Fees, Levies and charges - H2";"Rigid";"PROG";"EUR/kWh";2045;"0.008";"Removed policies";"Hydrogen"
"OPEX";"Taxes";"ES";"Taxes, Fees, Levies and charges - H2";"Tractor-Trailer";"PROG";"EUR/kWh";2045;"0.008";"Removed policies";"Hydrogen"
"OPEX";"Taxes";"FR";"Taxes, Fees, Levies and charges - H2";"Rigid";"BAU";"EUR/kWh";2045;"0.012";"Removed policies";"Hydrogen"
"OPEX";"Taxes";"FR";"Taxes, Fees, Levies and charges - H2";"Tractor-Trailer";"BAU";"EUR/kWh";2045;"0.012";"Removed policies";"Hydrogen"
"OPEX";"Taxes";"FR";"Taxes, Fees, Levies and charges - H2";"Rigid";"PROG";"EUR/kWh";2045;"0.012";"Removed policies";"Hydrogen"
"OPEX";"Taxes";"FR";"Taxes, Fees, Levies and charges - H2";"Tractor-Trailer";"PROG";"EUR/kWh";2045;"0.012";"Removed policies";"Hydrogen"
"OPEX";"Taxes";"IT";"Taxes, Fees, Levies and charges - H2";"Rigid";"BAU";"EUR/kWh";2045;"0.009";"Removed policies";"Hydrogen"
"OPEX";"Taxes";"IT";"Taxes, Fees, Levies and charges - H2";"Tractor-Trailer";"BAU";"EUR/kWh";2045;"0.009";"Removed policies";"Hydrogen"
"OPEX";"Taxes";"IT";"Taxes, Fees, Levies and charges - H2";"Rigid";"PROG";"EUR/kWh";2045;"0.009";"Removed policies";"Hydrogen"
"OPEX";"Taxes";"IT";"Taxes, Fees, Levies and charges - H2";"Tractor-Trailer";"PROG";"EUR/kWh";2045;"0.009";"Removed policies";"Hydrogen"
"OPEX";"Taxes";"NL";"Taxes, Fees, Levies and charges - H2";"Rigid";"BAU";"EUR/kWh";2045;"0.024";"Removed policies";"Hydrogen"
"OPEX";"Taxes";"NL";"Taxes, Fees, Levies and charges - H2";"Tractor-Trailer";"BAU";"EUR/kWh";2045;"0.024";"Removed policies";"Hydrogen"
"OPEX";"Taxes";"NL";"Taxes, Fees, Levies and charges - H2";"Rigid";"PROG";"EUR/kWh";2045;"0.024";"Removed policies";"Hydrogen"
"OPEX";"Taxes";"NL";"Taxes, Fees, Levies and charges - H2";"Tractor-Trailer";"PROG";"EUR/kWh";2045;"0.024";"Removed policies";"Hydrogen"
"OPEX";"Taxes";"PL";"Taxes, Fees, Levies and charges - H2";"Rigid";"BAU";"EUR/kWh";2045;"0.009";"Removed policies";"Hydrogen"
"OPEX";"Taxes";"PL";"Taxes, Fees, Levies and charges - H2";"Tractor-Trailer";"BAU";"EUR/kWh";2045;"0.009";"Removed policies";"Hydrogen"
"OPEX";"Taxes";"PL";"Taxes, Fees, Levies and charges - H2";"Rigid";"PROG";"EUR/kWh";2045;"0.009";"Removed policies";"Hydrogen"
"OPEX";"Taxes";"PL";"Taxes, Fees, Levies and charges - H2";"Tractor-Trailer";"PROG";"EUR/kWh";2045;"0.009";"Removed policies";"Hydrogen"
"OPEX";"Taxes";"UK";"Taxes, Fees, Levies and charges - H2";"Rigid";"BAU";"EUR/kWh";2045;"0.006";"Removed policies";"Hydrogen"
"OPEX";"Taxes";"UK";"Taxes, Fees, Levies and charges - H2";"Tractor-Trailer";"BAU";"EUR/kWh";2045;"0.006";"Removed policies";"Hydrogen"
"OPEX";"Taxes";"UK";"Taxes, Fees, Levies and charges - H2";"Rigid";"PROG";"EUR/kWh";2045;"0.006";"Removed policies";"Hydrogen"
"OPEX";"Taxes";"UK";"Taxes, Fees, Levies and charges - H2";"Tractor-Trailer";"PROG";"EUR/kWh";2045;"0.006";"Removed policies";"Hydrogen"
"OPEX";"Charging Infrastructure";"DE";"MCS grid extension";"Rigid";"PROG";"EUR/kWh";2045;"0.045";"Removed policies";"Electricity"
"OPEX";"Charging Infrastructure";"DE";"MCS grid extension";"Tractor-Trailer";"PROG";"EUR/kWh";2045;"0.045";"Removed policies";"Electricity"
"OPEX";"Charging Infrastructure";"DE";"MCS grid extension";"Rigid";"BAU";"EUR/kWh";2045;"0.045";"Removed policies";"Electricity"
"OPEX";"Charging Infrastructure";"DE";"MCS grid extension";"Tractor-Trailer";"BAU";"EUR/kWh";2045;"0.045";"Removed policies";"Electricity"
"OPEX";"Charging Infrastructure";"ES";"MCS grid extension";"Rigid";"PROG";"EUR/kWh";2045;"0.045";"Removed policies";"Electricity"
"OPEX";"Charging Infrastructure";"ES";"MCS grid extension";"Tractor-Trailer";"PROG";"EUR/kWh";2045;"0.045";"Removed policies";"Electricity"
"OPEX";"Charging Infrastructure";"ES";"MCS grid extension";"Rigid";"BAU";"EUR/kWh";2045;"0.045";"Removed policies";"Electricity"
"OPEX";"Charging Infrastructure";"ES";"MCS grid extension";"Tractor-Trailer";"BAU";"EUR/kWh";2045;"0.045";"Removed policies";"Electricity"
"OPEX";"Charging Infrastructure";"FR";"MCS grid extension";"Rigid";"PROG";"EUR/kWh";2045;"0.045";"Removed policies";"Electricity"
"OPEX";"Charging Infrastructure";"FR";"MCS grid extension";"Tractor-Trailer";"PROG";"EUR/kWh";2045;"0.045";"Removed policies";"Electricity"
"OPEX";"Charging Infrastructure";"FR";"MCS grid extension";"Rigid";"BAU";"EUR/kWh";2045;"0.045";"Removed policies";"Electricity"
"OPEX";"Charging Infrastructure";"FR";"MCS grid extension";"Tractor-Trailer";"BAU";"EUR/kWh";2045;"0.045";"Removed policies";"Electricity"
"OPEX";"Charging Infrastructure";"IT";"MCS grid extension";"Rigid";"PROG";"EUR/kWh";2045;"0.045";"Removed policies";"Electricity"
"OPEX";"Charging Infrastructure";"IT";"MCS grid extension";"Tractor-Trailer";"PROG";"EUR/kWh";2045;"0.045";"Removed policies";"Electricity"
"OPEX";"Charging Infrastructure";"IT";"MCS grid extension";"Rigid";"BAU";"EUR/kWh";2045;"0.045";"Removed policies";"Electricity"
"OPEX";"Charging Infrastructure";"IT";"MCS grid extension";"Tractor-Trailer";"BAU";"EUR/kWh";2045;"0.045";"Removed policies";"Electricity"
"OPEX";"Charging Infrastructure";"NL";"MCS grid extension";"Rigid";"PROG";"EUR/kWh";2045;"0.045";"Removed policies";"Electricity"
"OPEX";"Charging Infrastructure";"NL";"MCS grid extension";"Tractor-Trailer";"PROG";"EUR/kWh";2045;"0.045";"Removed policies";"Electricity"
"OPEX";"Charging Infrastructure";"NL";"MCS grid extension";"Rigid";"BAU";"EUR/kWh";2045;"0.045";"Removed policies";"Electricity"
"OPEX";"Charging Infrastructure";"NL";"MCS grid extension";"Tractor-Trailer";"BAU";"EUR/kWh";2045;"0.045";"Removed policies";"Electricity"
"OPEX";"Charging Infrastructure";"PL";"MCS grid extension";"Rigid";"PROG";"EUR/kWh";2045;"0.045";"Removed policies";"Electricity"
"OPEX";"Charging Infrastructure";"PL";"MCS grid extension";"Tractor-Trailer";"PROG";"EUR/kWh";2045;"0.045";"Removed policies";"Electricity"
"OPEX";"Charging Infrastructure";"PL";"MCS grid extension";"Rigid";"BAU";"EUR/kWh";2045;"0.045";"Removed policies";"Electricity"
"OPEX";"Charging Infrastructure";"PL";"MCS grid extension";"Tractor-Trailer";"BAU";"EUR/kWh";2045;"0.045";"Removed policies";"Electricity"
"OPEX";"Charging Infrastructure";"UK";"MCS grid extension";"Rigid";"PROG";"EUR/kWh";2045;"0.045";"Removed policies";"Electricity"
"OPEX";"Charging Infrastructure";"UK";"MCS grid extension";"Tractor-Trailer";"PROG";"EUR/kWh";2045;"0.045";"Removed policies";"Electricity"
"OPEX";"Charging Infrastructure";"UK";"MCS grid extension";"Rigid";"BAU";"EUR/kWh";2045;"0.045";"Removed policies";"Electricity"
"OPEX";"Charging Infrastructure";"UK";"MCS grid extension";"Tractor-Trailer";"BAU";"EUR/kWh";2045;"0.045";"Removed policies";"Electricity"
"OPEX";"Charging Infrastructure";"DE";"MCS Profit and Mark-Up";"Rigid";"PROG";"%";2045;"0.1";"Removed policies";"Electricity"
"OPEX";"Charging Infrastructure";"DE";"MCS Profit and Mark-Up";"Tractor-Trailer";"PROG";"%";2045;"0.1";"Removed policies";"Electricity"
"OPEX";"Charging Infrastructure";"DE";"MCS Profit and Mark-Up";"Rigid";"BAU";"%";2045;"0.1";"Removed policies";"Electricity"
"OPEX";"Charging Infrastructure";"DE";"MCS Profit and Mark-Up";"Tractor-Trailer";"BAU";"%";2045;"0.1";"Removed policies";"Electricity"
"OPEX";"Charging Infrastructure";"ES";"MCS Profit and Mark-Up";"Rigid";"PROG";"%";2045;"0.1";"Removed policies";"Electricity"
"OPEX";"Charging Infrastructure";"ES";"MCS Profit and Mark-Up";"Tractor-Trailer";"PROG";"%";2045;"0.1";"Removed policies";"Electricity"
"OPEX";"Charging Infrastructure";"ES";"MCS Profit and Mark-Up";"Rigid";"BAU";"%";2045;"0.1";"Removed policies";"Electricity"
"OPEX";"Charging Infrastructure";"ES";"MCS Profit and Mark-Up";"Tractor-Trailer";"BAU";"%";2045;"0.1";"Removed policies";"Electricity"
"OPEX";"Charging Infrastructure";"FR";"MCS Profit and Mark-Up";"Rigid";"PROG";"%";2045;"0.1";"Removed policies";"Electricity"
"OPEX";"Charging Infrastructure";"FR";"MCS Profit and Mark-Up";"Tractor-Trailer";"PROG";"%";2045;"0.1";"Removed policies";"Electricity"
"OPEX";"Charging Infrastructure";"FR";"MCS Profit and Mark-Up";"Rigid";"BAU";"%";2045;"0.1";"Removed policies";"Electricity"
"OPEX";"Charging Infrastructure";"FR";"MCS Profit and Mark-Up";"Tractor-Trailer";"BAU";"%";2045;"0.1";"Removed policies";"Electricity"
"OPEX";"Charging Infrastructure";"IT";"MCS Profit and Mark-Up";"Rigid";"PROG";"%";2045;"0.1";"Removed policies";"Electricity"
"OPEX";"Charging Infrastructure";"IT";"MCS Profit and Mark-Up";"Tractor-Trailer";"PROG";"%";2045;"0.1";"Removed policies";"Electricity"
"OPEX";"Charging Infrastructure";"IT";"MCS Profit and Mark-Up";"Rigid";"BAU";"%";2045;"0.1";"Removed policies";"Electricity"
"OPEX";"Charging Infrastructure";"IT";"MCS Profit and Mark-Up";"Tractor-Trailer";"BAU";"%";2045;"0.1";"Removed policies";"Electricity"
"OPEX";"Charging Infrastructure";"NL";"MCS Profit and Mark-Up";"Rigid";"PROG";"%";2045;"0.1";"Removed policies";"Electricity"
"OPEX";"Charging Infrastructure";"NL";"MCS Profit and Mark-Up";"Tractor-Trailer";"PROG";"%";2045;"0.1";"Removed policies";"Electricity"
"OPEX";"Charging Infrastructure";"NL";"MCS Profit and Mark-Up";"Rigid";"BAU";"%";2045;"0.1";"Removed policies";"Electricity"
"OPEX";"Charging Infrastructure";"NL";"MCS Profit and Mark-Up";"Tractor-Trailer";"BAU";"%";2045;"0.1";"Removed policies";"Electricity"
"OPEX";"Charging Infrastructure";"PL";"MCS Profit and Mark-Up";"Rigid";"PROG";"%";2045;"0.1";"Removed policies";"Electricity"
"OPEX";"Charging Infrastructure";"PL";"MCS Profit and Mark-Up";"Tractor-Trailer";"PROG";"%";2045;"0.1";"Removed policies";"Electricity"
"OPEX";"Charging Infrastructure";"PL";"MCS Profit and Mark-Up";"Rigid";"BAU";"%";2045;"0.1";"Removed policies";"Electricity"
"OPEX";"Charging Infrastructure";"PL";"MCS Profit and Mark-Up";"Tractor-Trailer";"BAU";"%";2045;"0.1";"Removed policies";"Electricity"
"OPEX";"Charging Infrastructure";"UK";"MCS Profit and Mark-Up";"Rigid";"PROG";"%";2045;"0.1";"Removed policies";"Electricity"
"OPEX";"Charging Infrastructure";"UK";"MCS Profit and Mark-Up";"Tractor-Trailer";"PROG";"%";2045;"0.1";"Removed policies";"Electricity"
"OPEX";"Charging Infrastructure";"UK";"MCS Profit and Mark-Up";"Rigid";"BAU";"%";2045;"0.1";"Removed policies";"Electricity"
"OPEX";"Charging Infrastructure";"UK";"MCS Profit and Mark-Up";"Tractor-Trailer";"BAU";"%";2045;"0.1";"Removed policies";"Electricity"
"OPEX";"Charging Infrastructure";"DE";"CCS Station (Depot) - Incl. Overhead";"Rigid";"PROG";"EUR/kWh";2045;"0.021";"Removed policies";"Electricity"
"OPEX";"Charging Infrastructure";"DE";"CCS Station (Depot) - Incl. Overhead";"Tractor-Trailer";"PROG";"EUR/kWh";2045;"0.021";"Removed policies";"Electricity"
"OPEX";"Charging Infrastructure";"DE";"CCS Station (Depot) - Incl. Overhead";"Rigid";"BAU";"EUR/kWh";2045;"0.021";"Removed policies";"Electricity"
"OPEX";"Charging Infrastructure";"DE";"CCS Station (Depot) - Incl. Overhead";"Tractor-Trailer";"BAU";"EUR/kWh";2045;"0.021";"Removed policies";"Electricity"
"OPEX";"Charging Infrastructure";"ES";"CCS Station (Depot) - Incl. Overhead";"Rigid";"PROG";"EUR/kWh";2045;"0.021";"Removed policies";"Electricity"
"OPEX";"Charging Infrastructure";"ES";"CCS Station (Depot) - Incl. Overhead";"Tractor-Trailer";"PROG";"EUR/kWh";2045;"0.021";"Removed policies";"Electricity"
"OPEX";"Charging Infrastructure";"ES";"CCS Station (Depot) - Incl. Overhead";"Rigid";"BAU";"EUR/kWh";2045;"0.021";"Removed policies";"Electricity"
"OPEX";"Charging Infrastructure";"ES";"CCS Station (Depot) - Incl. Overhead";"Tractor-Trailer";"BAU";"EUR/kWh";2045;"0.021";"Removed policies";"Electricity"
"OPEX";"Charging Infrastructure";"FR";"CCS Station (Depot) - Incl. Overhead";"Rigid";"PROG";"EUR/kWh";2045;"0.021";"Removed policies";"Electricity"
"OPEX";"Charging Infrastructure";"FR";"CCS Station (Depot) - Incl. Overhead";"Tractor-Trailer";"PROG";"EUR/kWh";2045;"0.021";"Removed policies";"Electricity"
"OPEX";"Charging Infrastructure";"FR";"CCS Station (Depot) - Incl. Overhead";"Rigid";"BAU";"EUR/kWh";2045;"0.021";"Removed policies";"Electricity"
"OPEX";"Charging Infrastructure";"FR";"CCS Station (Depot) - Incl. Overhead";"Tractor-Trailer";"BAU";"EUR/kWh";2045;"0.021";"Removed policies";"Electricity"
"OPEX";"Charging Infrastructure";"IT";"CCS Station (Depot) - Incl. Overhead";"Rigid";"PROG";"EUR/kWh";2045;"0.021";"Removed policies";"Electricity"
"OPEX";"Charging Infrastructure";"IT";"CCS Station (Depot) - Incl. Overhead";"Tractor-Trailer";"PROG";"EUR/kWh";2045;"0.021";"Removed policies";"Electricity"
"OPEX";"Charging Infrastructure";"IT";"CCS Station (Depot) - Incl. Overhead";"Rigid";"BAU";"EUR/kWh";2045;"0.021";"Removed policies";"Electricity"
"OPEX";"Charging Infrastructure";"IT";"CCS Station (Depot) - Incl. Overhead";"Tractor-Trailer";"BAU";"EUR/kWh";2045;"0.021";"Removed policies";"Electricity"
"OPEX";"Charging Infrastructure";"NL";"CCS Station (Depot) - Incl. Overhead";"Rigid";"PROG";"EUR/kWh";2045;"0.021";"Removed policies";"Electricity"
"OPEX";"Charging Infrastructure";"NL";"CCS Station (Depot) - Incl. Overhead";"Tractor-Trailer";"PROG";"EUR/kWh";2045;"0.021";"Removed policies";"Electricity"
"OPEX";"Charging Infrastructure";"NL";"CCS Station (Depot) - Incl. Overhead";"Rigid";"BAU";"EUR/kWh";2045;"0.021";"Removed policies";"Electricity"
"OPEX";"Charging Infrastructure";"NL";"CCS Station (Depot) - Incl. Overhead";"Tractor-Trailer";"BAU";"EUR/kWh";2045;"0.021";"Removed policies";"Electricity"
"OPEX";"Charging Infrastructure";"PL";"CCS Station (Depot) - Incl. Overhead";"Rigid";"PROG";"EUR/kWh";2045;"0.021";"Removed policies";"Electricity"
"OPEX";"Charging Infrastructure";"PL";"CCS Station (Depot) - Incl. Overhead";"Tractor-Trailer";"PROG";"EUR/kWh";2045;"0.021";"Removed policies";"Electricity"
"OPEX";"Charging Infrastructure";"PL";"CCS Station (Depot) - Incl. Overhead";"Rigid";"BAU";"EUR/kWh";2045;"0.021";"Removed policies";"Electricity"
"OPEX";"Charging Infrastructure";"PL";"CCS Station (Depot) - Incl. Overhead";"Tractor-Trailer";"BAU";"EUR/kWh";2045;"0.021";"Removed policies";"Electricity"
"OPEX";"Charging Infrastructure";"UK";"CCS Station (Depot) - Incl. Overhead";"Rigid";"PROG";"EUR/kWh";2045;"0.021";"Removed policies";"Electricity"
"OPEX";"Charging Infrastructure";"UK";"CCS Station (Depot) - Incl. Overhead";"Tractor-Trailer";"PROG";"EUR/kWh";2045;"0.021";"Removed policies";"Electricity"
"OPEX";"Charging Infrastructure";"UK";"CCS Station (Depot) - Incl. Overhead";"Rigid";"BAU";"EUR/kWh";2045;"0.021";"Removed policies";"Electricity"
"OPEX";"Charging Infrastructure";"UK";"CCS Station (Depot) - Incl. Overhead";"Tractor-Trailer";"BAU";"EUR/kWh";2045;"0.021";"Removed policies";"Electricity"
"OPEX";"Charging Infrastructure";"DE";"CCS grid extension";"Rigid";"PROG";"EUR/kWh";2045;"0.045";"Removed policies";"Electricity"
"OPEX";"Charging Infrastructure";"DE";"CCS grid extension";"Tractor-Trailer";"PROG";"EUR/kWh";2045;"0.045";"Removed policies";"Electricity"
"OPEX";"Charging Infrastructure";"DE";"CCS grid extension";"Rigid";"BAU";"EUR/kWh";2045;"0.045";"Removed policies";"Electricity"
"OPEX";"Charging Infrastructure";"DE";"CCS grid extension";"Tractor-Trailer";"BAU";"EUR/kWh";2045;"0.045";"Removed policies";"Electricity"
"OPEX";"Charging Infrastructure";"ES";"CCS grid extension";"Rigid";"PROG";"EUR/kWh";2045;"0.045";"Removed policies";"Electricity"
"OPEX";"Charging Infrastructure";"ES";"CCS grid extension";"Tractor-Trailer";"PROG";"EUR/kWh";2045;"0.045";"Removed policies";"Electricity"
"OPEX";"Charging Infrastructure";"ES";"CCS grid extension";"Rigid";"BAU";"EUR/kWh";2045;"0.045";"Removed policies";"Electricity"
"OPEX";"Charging Infrastructure";"ES";"CCS grid extension";"Tractor-Trailer";"BAU";"EUR/kWh";2045;"0.045";"Removed policies";"Electricity"
"OPEX";"Charging Infrastructure";"FR";"CCS grid extension";"Rigid";"PROG";"EUR/kWh";2045;"0.045";"Removed policies";"Electricity"
"OPEX";"Charging Infrastructure";"FR";"CCS grid extension";"Tractor-Trailer";"PROG";"EUR/kWh";2045;"0.045";"Removed policies";"Electricity"
"OPEX";"Charging Infrastructure";"FR";"CCS grid extension";"Rigid";"BAU";"EUR/kWh";2045;"0.045";"Removed policies";"Electricity"
"OPEX";"Charging Infrastructure";"FR";"CCS grid extension";"Tractor-Trailer";"BAU";"EUR/kWh";2045;"0.045";"Removed policies";"Electricity"
"OPEX";"Charging Infrastructure";"IT";"CCS grid extension";"Rigid";"PROG";"EUR/kWh";2045;"0.045";"Removed policies";"Electricity"
"OPEX";"Charging Infrastructure";"IT";"CCS grid extension";"Tractor-Trailer";"PROG";"EUR/kWh";2045;"0.045";"Removed policies";"Electricity"
"OPEX";"Charging Infrastructure";"IT";"CCS grid extension";"Rigid";"BAU";"EUR/kWh";2045;"0.045";"Removed policies";"Electricity"
"OPEX";"Charging Infrastructure";"IT";"CCS grid extension";"Tractor-Trailer";"BAU";"EUR/kWh";2045;"0.045";"Removed policies";"Electricity"
"OPEX";"Charging Infrastructure";"NL";"CCS grid extension";"Rigid";"PROG";"EUR/kWh";2045;"0.045";"Removed policies";"Electricity"
"OPEX";"Charging Infrastructure";"NL";"CCS grid extension";"Tractor-Trailer";"PROG";"EUR/kWh";2045;"0.045";"Removed policies";"Electricity"
"OPEX";"Charging Infrastructure";"NL";"CCS grid extension";"Rigid";"BAU";"EUR/kWh";2045;"0.045";"Removed policies";"Electricity"
"OPEX";"Charging Infrastructure";"NL";"CCS grid extension";"Tractor-Trailer";"BAU";"EUR/kWh";2045;"0.045";"Removed policies";"Electricity"
"OPEX";"Charging Infrastructure";"PL";"CCS grid extension";"Rigid";"PROG";"EUR/kWh";2045;"0.045";"Removed policies";"Electricity"
"OPEX";"Charging Infrastructure";"PL";"CCS grid extension";"Tractor-Trailer";"PROG";"EUR/kWh";2045;"0.045";"Removed policies";"Electricity"
"OPEX";"Charging Infrastructure";"PL";"CCS grid extension";"Rigid";"BAU";"EUR/kWh";2045;"0.045";"Removed policies";"Electricity"
"OPEX";"Charging Infrastructure";"PL";"CCS grid extension";"Tractor-Trailer";"BAU";"EUR/kWh";2045;"0.045";"Removed policies";"Electricity"
"OPEX";"Charging Infrastructure";"UK";"CCS grid extension";"Rigid";"PROG";"EUR/kWh";2045;"0.045";"Removed policies";"Electricity"
"OPEX";"Charging Infrastructure";"UK";"CCS grid extension";"Tractor-Trailer";"PROG";"EUR/kWh";2045;"0.045";"Removed policies";"Electricity"
"OPEX";"Charging Infrastructure";"UK";"CCS grid extension";"Rigid";"BAU";"EUR/kWh";2045;"0.045";"Removed policies";"Electricity"
"OPEX";"Charging Infrastructure";"UK";"CCS grid extension";"Tractor-Trailer";"BAU";"EUR/kWh";2045;"0.045";"Removed policies";"Electricity"
"OPEX";"Diesel Infrastructure";"DE";"Total Diesel Mark-Up";"Rigid";"BAU";"EUR/kWh";2045;"0.018";"Removed policies";"Diesel"
"OPEX";"Diesel Infrastructure";"DE";"Total Diesel Mark-Up";"Tractor-Trailer";"BAU";"EUR/kWh";2045;"0.018";"Removed policies";"Diesel"
"OPEX";"Diesel Infrastructure";"DE";"Total Diesel Mark-Up";"Rigid";"PROG";"EUR/kWh";2045;"0.018";"Removed policies";"Diesel"
"OPEX";"Diesel Infrastructure";"DE";"Total Diesel Mark-Up";"Tractor-Trailer";"PROG";"EUR/kWh";2045;"0.018";"Removed policies";"Diesel"
"OPEX";"Diesel Infrastructure";"ES";"Total Diesel Mark-Up";"Rigid";"BAU";"EUR/kWh";2045;"0.018";"Removed policies";"Diesel"
"OPEX";"Diesel Infrastructure";"ES";"Total Diesel Mark-Up";"Tractor-Trailer";"BAU";"EUR/kWh";2045;"0.018";"Removed policies";"Diesel"
"OPEX";"Diesel Infrastructure";"ES";"Total Diesel Mark-Up";"Rigid";"PROG";"EUR/kWh";2045;"0.018";"Removed policies";"Diesel"
"OPEX";"Diesel Infrastructure";"ES";"Total Diesel Mark-Up";"Tractor-Trailer";"PROG";"EUR/kWh";2045;"0.018";"Removed policies";"Diesel"
"OPEX";"Diesel Infrastructure";"FR";"Total Diesel Mark-Up";"Rigid";"BAU";"EUR/kWh";2045;"0.018";"Removed policies";"Diesel"
"OPEX";"Diesel Infrastructure";"FR";"Total Diesel Mark-Up";"Tractor-Trailer";"BAU";"EUR/kWh";2045;"0.018";"Removed policies";"Diesel"
"OPEX";"Diesel Infrastructure";"FR";"Total Diesel Mark-Up";"Rigid";"PROG";"EUR/kWh";2045;"0.018";"Removed policies";"Diesel"
"OPEX";"Diesel Infrastructure";"FR";"Total Diesel Mark-Up";"Tractor-Trailer";"PROG";"EUR/kWh";2045;"0.018";"Removed policies";"Diesel"
"OPEX";"Diesel Infrastructure";"IT";"Total Diesel Mark-Up";"Rigid";"BAU";"EUR/kWh";2045;"0.018";"Removed policies";"Diesel"
"OPEX";"Diesel Infrastructure";"IT";"Total Diesel Mark-Up";"Tractor-Trailer";"BAU";"EUR/kWh";2045;"0.018";"Removed policies";"Diesel"
"OPEX";"Diesel Infrastructure";"IT";"Total Diesel Mark-Up";"Rigid";"PROG";"EUR/kWh";2045;"0.018";"Removed policies";"Diesel"
"OPEX";"Diesel Infrastructure";"IT";"Total Diesel Mark-Up";"Tractor-Trailer";"PROG";"EUR/kWh";2045;"0.018";"Removed policies";"Diesel"
"OPEX";"Diesel Infrastructure";"NL";"Total Diesel Mark-Up";"Rigid";"BAU";"EUR/kWh";2045;"0.018";"Removed policies";"Diesel"
"OPEX";"Diesel Infrastructure";"NL";"Total Diesel Mark-Up";"Tractor-Trailer";"BAU";"EUR/kWh";2045;"0.018";"Removed policies";"Diesel"
"OPEX";"Diesel Infrastructure";"NL";"Total Diesel Mark-Up";"Rigid";"PROG";"EUR/kWh";2045;"0.018";"Removed policies";"Diesel"
"OPEX";"Diesel Infrastructure";"NL";"Total Diesel Mark-Up";"Tractor-Trailer";"PROG";"EUR/kWh";2045;"0.018";"Removed policies";"Diesel"
"OPEX";"Diesel Infrastructure";"PL";"Total Diesel Mark-Up";"Rigid";"BAU";"EUR/kWh";2045;"0.018";"Removed policies";"Diesel"
"OPEX";"Diesel Infrastructure";"PL";"Total Diesel Mark-Up";"Tractor-Trailer";"BAU";"EUR/kWh";2045;"0.018";"Removed policies";"Diesel"
"OPEX";"Diesel Infrastructure";"PL";"Total Diesel Mark-Up";"Rigid";"PROG";"EUR/kWh";2045;"0.018";"Removed policies";"Diesel"
"OPEX";"Diesel Infrastructure";"PL";"Total Diesel Mark-Up";"Tractor-Trailer";"PROG";"EUR/kWh";2045;"0.018";"Removed policies";"Diesel"
"OPEX";"Diesel Infrastructure";"UK";"Total Diesel Mark-Up";"Rigid";"BAU";"EUR/kWh";2045;"0.018";"Removed policies";"Diesel"
"OPEX";"Diesel Infrastructure";"UK";"Total Diesel Mark-Up";"Tractor-Trailer";"BAU";"EUR/kWh";2045;"0.018";"Removed policies";"Diesel"
"OPEX";"Diesel Infrastructure";"UK";"Total Diesel Mark-Up";"Rigid";"PROG";"EUR/kWh";2045;"0.018";"Removed policies";"Diesel"
"OPEX";"Diesel Infrastructure";"UK";"Total Diesel Mark-Up";"Tractor-Trailer";"PROG";"EUR/kWh";2045;"0.018";"Removed policies";"Diesel"
"OPEX";"Diesel Infrastructure";"DE";"CO2 emission factor Biodiesel";"Rigid";"BAU";"%";2045;"0.154";"Removed policies";"Diesel"
"OPEX";"Diesel Infrastructure";"DE";"CO2 emission factor Biodiesel";"Tractor-Trailer";"BAU";"%";2045;"0.154";"Removed policies";"Diesel"
"OPEX";"Diesel Infrastructure";"DE";"CO2 emission factor Biodiesel";"Rigid";"PROG";"%";2045;"0.154";"Removed policies";"Diesel"
"OPEX";"Diesel Infrastructure";"DE";"CO2 emission factor Biodiesel";"Tractor-Trailer";"PROG";"%";2045;"0.154";"Removed policies";"Diesel"
"OPEX";"Diesel Infrastructure";"ES";"CO2 emission factor Biodiesel";"Rigid";"BAU";"%";2045;"0.154";"Removed policies";"Diesel"
"OPEX";"Diesel Infrastructure";"ES";"CO2 emission factor Biodiesel";"Tractor-Trailer";"BAU";"%";2045;"0.154";"Removed policies";"Diesel"
"OPEX";"Diesel Infrastructure";"ES";"CO2 emission factor Biodiesel";"Rigid";"PROG";"%";2045;"0.154";"Removed policies";"Diesel"
"OPEX";"Diesel Infrastructure";"ES";"CO2 emission factor Biodiesel";"Tractor-Trailer";"PROG";"%";2045;"0.154";"Removed policies";"Diesel"
"OPEX";"Diesel Infrastructure";"FR";"CO2 emission factor Biodiesel";"Rigid";"BAU";"%";2045;"0.154";"Removed policies";"Diesel"
"OPEX";"Diesel Infrastructure";"FR";"CO2 emission factor Biodiesel";"Tractor-Trailer";"BAU";"%";2045;"0.154";"Removed policies";"Diesel"
"OPEX";"Diesel Infrastructure";"FR";"CO2 emission factor Biodiesel";"Rigid";"PROG";"%";2045;"0.154";"Removed policies";"Diesel"
"OPEX";"Diesel Infrastructure";"FR";"CO2 emission factor Biodiesel";"Tractor-Trailer";"PROG";"%";2045;"0.154";"Removed policies";"Diesel"
"OPEX";"Diesel Infrastructure";"IT";"CO2 emission factor Biodiesel";"Rigid";"BAU";"%";2045;"0.154";"Removed policies";"Diesel"
"OPEX";"Diesel Infrastructure";"IT";"CO2 emission factor Biodiesel";"Tractor-Trailer";"BAU";"%";2045;"0.154";"Removed policies";"Diesel"
"OPEX";"Diesel Infrastructure";"IT";"CO2 emission factor Biodiesel";"Rigid";"PROG";"%";2045;"0.154";"Removed policies";"Diesel"
"OPEX";"Diesel Infrastructure";"IT";"CO2 emission factor Biodiesel";"Tractor-Trailer";"PROG";"%";2045;"0.154";"Removed policies";"Diesel"
"OPEX";"Diesel Infrastructure";"NL";"CO2 emission factor Biodiesel";"Rigid";"BAU";"%";2045;"0.154";"Removed policies";"Diesel"
"OPEX";"Diesel Infrastructure";"NL";"CO2 emission factor Biodiesel";"Tractor-Trailer";"BAU";"%";2045;"0.154";"Removed policies";"Diesel"
"OPEX";"Diesel Infrastructure";"NL";"CO2 emission factor Biodiesel";"Rigid";"PROG";"%";2045;"0.154";"Removed policies";"Diesel"
"OPEX";"Diesel Infrastructure";"NL";"CO2 emission factor Biodiesel";"Tractor-Trailer";"PROG";"%";2045;"0.154";"Removed policies";"Diesel"
"OPEX";"Diesel Infrastructure";"PL";"CO2 emission factor Biodiesel";"Rigid";"BAU";"%";2045;"0.154";"Removed policies";"Diesel"
"OPEX";"Diesel Infrastructure";"PL";"CO2 emission factor Biodiesel";"Tractor-Trailer";"BAU";"%";2045;"0.154";"Removed policies";"Diesel"
"OPEX";"Diesel Infrastructure";"PL";"CO2 emission factor Biodiesel";"Rigid";"PROG";"%";2045;"0.154";"Removed policies";"Diesel"
"OPEX";"Diesel Infrastructure";"PL";"CO2 emission factor Biodiesel";"Tractor-Trailer";"PROG";"%";2045;"0.154";"Removed policies";"Diesel"
"OPEX";"Diesel Infrastructure";"UK";"CO2 emission factor Biodiesel";"Rigid";"BAU";"%";2045;"0.154";"Removed policies";"Diesel"
"OPEX";"Diesel Infrastructure";"UK";"CO2 emission factor Biodiesel";"Tractor-Trailer";"BAU";"%";2045;"0.154";"Removed policies";"Diesel"
"OPEX";"Diesel Infrastructure";"UK";"CO2 emission factor Biodiesel";"Rigid";"PROG";"%";2045;"0.154";"Removed policies";"Diesel"
"OPEX";"Diesel Infrastructure";"UK";"CO2 emission factor Biodiesel";"Tractor-Trailer";"PROG";"%";2045;"0.154";"Removed policies";"Diesel"
"OPEX";"Diesel Infrastructure";"DE";"CO2 emission factor Pt-Diesel";"Rigid";"BAU";"%";2045;"0";"Removed policies";"Diesel"
"OPEX";"Diesel Infrastructure";"DE";"CO2 emission factor Pt-Diesel";"Tractor-Trailer";"BAU";"%";2045;"0";"Removed policies";"Diesel"
"OPEX";"Diesel Infrastructure";"DE";"CO2 emission factor Pt-Diesel";"Rigid";"PROG";"%";2045;"0";"Removed policies";"Diesel"
"OPEX";"Diesel Infrastructure";"DE";"CO2 emission factor Pt-Diesel";"Tractor-Trailer";"PROG";"%";2045;"0";"Removed policies";"Diesel"
"OPEX";"Diesel Infrastructure";"ES";"CO2 emission factor Pt-Diesel";"Rigid";"BAU";"%";2045;"0";"Removed policies";"Diesel"
"OPEX";"Diesel Infrastructure";"ES";"CO2 emission factor Pt-Diesel";"Tractor-Trailer";"BAU";"%";2045;"0";"Removed policies";"Diesel"
"OPEX";"Diesel Infrastructure";"ES";"CO2 emission factor Pt-Diesel";"Rigid";"PROG";"%";2045;"0";"Removed policies";"Diesel"
"OPEX";"Diesel Infrastructure";"ES";"CO2 emission factor Pt-Diesel";"Tractor-Trailer";"PROG";"%";2045;"0";"Removed policies";"Diesel"
"OPEX";"Diesel Infrastructure";"FR";"CO2 emission factor Pt-Diesel";"Rigid";"BAU";"%";2045;"0";"Removed policies";"Diesel"
"OPEX";"Diesel Infrastructure";"FR";"CO2 emission factor Pt-Diesel";"Tractor-Trailer";"BAU";"%";2045;"0";"Removed policies";"Diesel"
"OPEX";"Diesel Infrastructure";"FR";"CO2 emission factor Pt-Diesel";"Rigid";"PROG";"%";2045;"0";"Removed policies";"Diesel"
"OPEX";"Diesel Infrastructure";"FR";"CO2 emission factor Pt-Diesel";"Tractor-Trailer";"PROG";"%";2045;"0";"Removed policies";"Diesel"
"OPEX";"Diesel Infrastructure";"IT";"CO2 emission factor Pt-Diesel";"Rigid";"BAU";"%";2045;"0";"Removed policies";"Diesel"
"OPEX";"Diesel Infrastructure";"IT";"CO2 emission factor Pt-Diesel";"Tractor-Trailer";"BAU";"%";2045;"0";"Removed policies";"Diesel"
"OPEX";"Diesel Infrastructure";"IT";"CO2 emission factor Pt-Diesel";"Rigid";"PROG";"%";2045;"0";"Removed policies";"Diesel"
"OPEX";"Diesel Infrastructure";"IT";"CO2 emission factor Pt-Diesel";"Tractor-Trailer";"PROG";"%";2045;"0";"Removed policies";"Diesel"
"OPEX";"Diesel Infrastructure";"NL";"CO2 emission factor Pt-Diesel";"Rigid";"BAU";"%";2045;"0";"Removed policies";"Diesel"
"OPEX";"Diesel Infrastructure";"NL";"CO2 emission factor Pt-Diesel";"Tractor-Trailer";"BAU";"%";2045;"0";"Removed policies";"Diesel"
"OPEX";"Diesel Infrastructure";"NL";"CO2 emission factor Pt-Diesel";"Rigid";"PROG";"%";2045;"0";"Removed policies";"Diesel"
"OPEX";"Diesel Infrastructure";"NL";"CO2 emission factor Pt-Diesel";"Tractor-Trailer";"PROG";"%";2045;"0";"Removed policies";"Diesel"
"OPEX";"Diesel Infrastructure";"PL";"CO2 emission factor Pt-Diesel";"Rigid";"BAU";"%";2045;"0";"Removed policies";"Diesel"
"OPEX";"Diesel Infrastructure";"PL";"CO2 emission factor Pt-Diesel";"Tractor-Trailer";"BAU";"%";2045;"0";"Removed policies";"Diesel"
"OPEX";"Diesel Infrastructure";"PL";"CO2 emission factor Pt-Diesel";"Rigid";"PROG";"%";2045;"0";"Removed policies";"Diesel"
"OPEX";"Diesel Infrastructure";"PL";"CO2 emission factor Pt-Diesel";"Tractor-Trailer";"PROG";"%";2045;"0";"Removed policies";"Diesel"
"OPEX";"Diesel Infrastructure";"UK";"CO2 emission factor Pt-Diesel";"Rigid";"BAU";"%";2045;"0";"Removed policies";"Diesel"
"OPEX";"Diesel Infrastructure";"UK";"CO2 emission factor Pt-Diesel";"Tractor-Trailer";"BAU";"%";2045;"0";"Removed policies";"Diesel"
"OPEX";"Diesel Infrastructure";"UK";"CO2 emission factor Pt-Diesel";"Rigid";"PROG";"%";2045;"0";"Removed policies";"Diesel"
"OPEX";"Diesel Infrastructure";"UK";"CO2 emission factor Pt-Diesel";"Tractor-Trailer";"PROG";"%";2045;"0";"Removed policies";"Diesel"
"OPEX";"Taxes";"DE";"Network Costs - MCS";"Rigid";"BAU";"EUR/kWh";2045;"0.034";"Removed policies";"Electricity"
"OPEX";"Taxes";"DE";"Network Costs - MCS";"Tractor-Trailer";"BAU";"EUR/kWh";2045;"0.034";"Removed policies";"Electricity"
"OPEX";"Taxes";"ES";"Network Costs - MCS";"Rigid";"BAU";"EUR/kWh";2045;"0.018";"Removed policies";"Electricity"
"OPEX";"Taxes";"ES";"Network Costs - MCS";"Tractor-Trailer";"BAU";"EUR/kWh";2045;"0.018";"Removed policies";"Electricity"
"OPEX";"Taxes";"FR";"Network Costs - MCS";"Rigid";"BAU";"EUR/kWh";2045;"0.018";"Removed policies";"Electricity"
"OPEX";"Taxes";"FR";"Network Costs - MCS";"Tractor-Trailer";"BAU";"EUR/kWh";2045;"0.018";"Removed policies";"Electricity"
"OPEX";"Taxes";"IT";"Network Costs - MCS";"Rigid";"BAU";"EUR/kWh";2045;"0.015";"Removed policies";"Electricity"
"OPEX";"Taxes";"IT";"Network Costs - MCS";"Tractor-Trailer";"BAU";"EUR/kWh";2045;"0.015";"Removed policies";"Electricity"
"OPEX";"Taxes";"NL";"Network Costs - MCS";"Rigid";"BAU";"EUR/kWh";2045;"0.016";"Removed policies";"Electricity"
"OPEX";"Taxes";"NL";"Network Costs - MCS";"Tractor-Trailer";"BAU";"EUR/kWh";2045;"0.016";"Removed policies";"Electricity"
"OPEX";"Taxes";"PL";"Network Costs - MCS";"Rigid";"BAU";"EUR/kWh";2045;"0.019";"Removed policies";"Electricity"
"OPEX";"Taxes";"PL";"Network Costs - MCS";"Tractor-Trailer";"BAU";"EUR/kWh";2045;"0.019";"Removed policies";"Electricity"
"OPEX";"Taxes";"UK";"Network Costs - MCS";"Rigid";"BAU";"EUR/kWh";2045;"0.027";"Removed policies";"Electricity"
"OPEX";"Taxes";"UK";"Network Costs - MCS";"Tractor-Trailer";"BAU";"EUR/kWh";2045;"0.027";"Removed policies";"Electricity"
"OPEX";"Taxes";"DE";"Taxes, Fees, Levies and charges - MCS";"Rigid";"BAU";"EUR/kWh";2045;"0.056";"Removed policies";"Electricity"
"OPEX";"Taxes";"DE";"Taxes, Fees, Levies and charges - MCS";"Tractor-Trailer";"BAU";"EUR/kWh";2045;"0.056";"Removed policies";"Electricity"
"OPEX";"Taxes";"ES";"Taxes, Fees, Levies and charges - MCS";"Rigid";"BAU";"EUR/kWh";2045;"0.036";"Removed policies";"Electricity"
"OPEX";"Taxes";"ES";"Taxes, Fees, Levies and charges - MCS";"Tractor-Trailer";"BAU";"EUR/kWh";2045;"0.036";"Removed policies";"Electricity"
"OPEX";"Taxes";"FR";"Taxes, Fees, Levies and charges - MCS";"Rigid";"BAU";"EUR/kWh";2045;"0.03";"Removed policies";"Electricity"
"OPEX";"Taxes";"FR";"Taxes, Fees, Levies and charges - MCS";"Tractor-Trailer";"BAU";"EUR/kWh";2045;"0.03";"Removed policies";"Electricity"
"OPEX";"Taxes";"IT";"Taxes, Fees, Levies and charges - MCS";"Rigid";"BAU";"EUR/kWh";2045;"0.062";"Removed policies";"Electricity"
"OPEX";"Taxes";"IT";"Taxes, Fees, Levies and charges - MCS";"Tractor-Trailer";"BAU";"EUR/kWh";2045;"0.062";"Removed policies";"Electricity"
"OPEX";"Taxes";"NL";"Taxes, Fees, Levies and charges - MCS";"Rigid";"BAU";"EUR/kWh";2045;"0.055";"Removed policies";"Electricity"
"OPEX";"Taxes";"NL";"Taxes, Fees, Levies and charges - MCS";"Tractor-Trailer";"BAU";"EUR/kWh";2045;"0.055";"Removed policies";"Electricity"
"OPEX";"Taxes";"PL";"Taxes, Fees, Levies and charges - MCS";"Rigid";"BAU";"EUR/kWh";2045;"0.049";"Removed policies";"Electricity"
"OPEX";"Taxes";"PL";"Taxes, Fees, Levies and charges - MCS";"Tractor-Trailer";"BAU";"EUR/kWh";2045;"0.049";"Removed policies";"Electricity"
"OPEX";"Taxes";"UK";"Taxes, Fees, Levies and charges - MCS";"Rigid";"BAU";"EUR/kWh";2045;"0.077";"Removed policies";"Electricity"
"OPEX";"Taxes";"UK";"Taxes, Fees, Levies and charges - MCS";"Tractor-Trailer";"BAU";"EUR/kWh";2045;"0.077";"Removed policies";"Electricity"
"OPEX";"Taxes";"DE";"Network Costs - Depot";"Rigid";"BAU";"EUR/kWh";2045;"0.034";"Removed policies";"Electricity"
"OPEX";"Taxes";"DE";"Network Costs - Depot";"Tractor-Trailer";"BAU";"EUR/kWh";2045;"0.034";"Removed policies";"Electricity"
"OPEX";"Taxes";"ES";"Network Costs - Depot";"Rigid";"BAU";"EUR/kWh";2045;"0.018";"Removed policies";"Electricity"
"OPEX";"Taxes";"ES";"Network Costs - Depot";"Tractor-Trailer";"BAU";"EUR/kWh";2045;"0.018";"Removed policies";"Electricity"
"OPEX";"Taxes";"FR";"Network Costs - Depot";"Rigid";"BAU";"EUR/kWh";2045;"0.018";"Removed policies";"Electricity"
"OPEX";"Taxes";"FR";"Network Costs - Depot";"Tractor-Trailer";"BAU";"EUR/kWh";2045;"0.018";"Removed policies";"Electricity"
"OPEX";"Taxes";"IT";"Network Costs - Depot";"Rigid";"BAU";"EUR/kWh";2045;"0.016";"Removed policies";"Electricity"
"OPEX";"Taxes";"IT";"Network Costs - Depot";"Tractor-Trailer";"BAU";"EUR/kWh";2045;"0.016";"Removed policies";"Electricity"
"OPEX";"Taxes";"NL";"Network Costs - Depot";"Rigid";"BAU";"EUR/kWh";2045;"0.016";"Removed policies";"Electricity"
"OPEX";"Taxes";"NL";"Network Costs - Depot";"Tractor-Trailer";"BAU";"EUR/kWh";2045;"0.016";"Removed policies";"Electricity"
"OPEX";"Taxes";"PL";"Network Costs - Depot";"Rigid";"BAU";"EUR/kWh";2045;"0.019";"Removed policies";"Electricity"
"OPEX";"Taxes";"PL";"Network Costs - Depot";"Tractor-Trailer";"BAU";"EUR/kWh";2045;"0.019";"Removed policies";"Electricity"
"OPEX";"Taxes";"UK";"Network Costs - Depot";"Rigid";"BAU";"EUR/kWh";2045;"0.027";"Removed policies";"Electricity"
"OPEX";"Taxes";"UK";"Network Costs - Depot";"Tractor-Trailer";"BAU";"EUR/kWh";2045;"0.027";"Removed policies";"Electricity"
"OPEX";"Taxes";"DE";"Taxes, Fees, Levies and charges - Depot";"Rigid";"BAU";"EUR/kWh";2045;"0.056";"Removed policies";"Electricity"
"OPEX";"Taxes";"DE";"Taxes, Fees, Levies and charges - Depot";"Tractor-Trailer";"BAU";"EUR/kWh";2045;"0.056";"Removed policies";"Electricity"
"OPEX";"Taxes";"ES";"Taxes, Fees, Levies and charges - Depot";"Rigid";"BAU";"EUR/kWh";2045;"0.036";"Removed policies";"Electricity"
"OPEX";"Taxes";"ES";"Taxes, Fees, Levies and charges - Depot";"Tractor-Trailer";"BAU";"EUR/kWh";2045;"0.036";"Removed policies";"Electricity"
"OPEX";"Taxes";"FR";"Taxes, Fees, Levies and charges - Depot";"Rigid";"BAU";"EUR/kWh";2045;"0.03";"Removed policies";"Electricity"
"OPEX";"Taxes";"FR";"Taxes, Fees, Levies and charges - Depot";"Tractor-Trailer";"BAU";"EUR/kWh";2045;"0.03";"Removed policies";"Electricity"
"OPEX";"Taxes";"IT";"Taxes, Fees, Levies and charges - Depot";"Rigid";"BAU";"EUR/kWh";2045;"0.063";"Removed policies";"Electricity"
"OPEX";"Taxes";"IT";"Taxes, Fees, Levies and charges - Depot";"Tractor-Trailer";"BAU";"EUR/kWh";2045;"0.063";"Removed policies";"Electricity"
"OPEX";"Taxes";"NL";"Taxes, Fees, Levies and charges - Depot";"Rigid";"BAU";"EUR/kWh";2045;"0.055";"Removed policies";"Electricity"
"OPEX";"Taxes";"NL";"Taxes, Fees, Levies and charges - Depot";"Tractor-Trailer";"BAU";"EUR/kWh";2045;"0.055";"Removed policies";"Electricity"
"OPEX";"Taxes";"PL";"Taxes, Fees, Levies and charges - Depot";"Rigid";"BAU";"EUR/kWh";2045;"0.049";"Removed policies";"Electricity"
"OPEX";"Taxes";"PL";"Taxes, Fees, Levies and charges - Depot";"Tractor-Trailer";"BAU";"EUR/kWh";2045;"0.049";"Removed policies";"Electricity"
"OPEX";"Taxes";"UK";"Taxes, Fees, Levies and charges - Depot";"Rigid";"BAU";"EUR/kWh";2045;"0.077";"Removed policies";"Electricity"
"OPEX";"Taxes";"UK";"Taxes, Fees, Levies and charges - Depot";"Tractor-Trailer";"BAU";"EUR/kWh";2045;"0.077";"Removed policies";"Electricity"
"OPEX";"H2 Infrastructure";"DE";"HRS costs";"Rigid";"BAU";"EUR/kg H2";2045;"1.1";"Removed policies";"Hydrogen"
"OPEX";"H2 Infrastructure";"DE";"HRS costs";"Tractor-Trailer";"BAU";"EUR/kg H2";2045;"1.1";"Removed policies";"Hydrogen"
"OPEX";"H2 Infrastructure";"ES";"HRS costs";"Rigid";"BAU";"EUR/kg H2";2045;"1.1";"Removed policies";"Hydrogen"
"OPEX";"H2 Infrastructure";"ES";"HRS costs";"Tractor-Trailer";"BAU";"EUR/kg H2";2045;"1.1";"Removed policies";"Hydrogen"
"OPEX";"H2 Infrastructure";"FR";"HRS costs";"Rigid";"BAU";"EUR/kg H2";2045;"1.1";"Removed policies";"Hydrogen"
"OPEX";"H2 Infrastructure";"FR";"HRS costs";"Tractor-Trailer";"BAU";"EUR/kg H2";2045;"1.1";"Removed policies";"Hydrogen"
"OPEX";"H2 Infrastructure";"IT";"HRS costs";"Rigid";"BAU";"EUR/kg H2";2045;"1.1";"Removed policies";"Hydrogen"
"OPEX";"H2 Infrastructure";"IT";"HRS costs";"Tractor-Trailer";"BAU";"EUR/kg H2";2045;"1.1";"Removed policies";"Hydrogen"
"OPEX";"H2 Infrastructure";"NL";"HRS costs";"Rigid";"BAU";"EUR/kg H2";2045;"1.1";"Removed policies";"Hydrogen"
"OPEX";"H2 Infrastructure";"NL";"HRS costs";"Tractor-Trailer";"BAU";"EUR/kg H2";2045;"1.1";"Removed policies";"Hydrogen"
"OPEX";"H2 Infrastructure";"PL";"HRS costs";"Rigid";"BAU";"EUR/kg H2";2045;"1.1";"Removed policies";"Hydrogen"
"OPEX";"H2 Infrastructure";"PL";"HRS costs";"Tractor-Trailer";"BAU";"EUR/kg H2";2045;"1.1";"Removed policies";"Hydrogen"
"OPEX";"H2 Infrastructure";"UK";"HRS costs";"Rigid";"BAU";"EUR/kg H2";2045;"1.1";"Removed policies";"Hydrogen"
"OPEX";"H2 Infrastructure";"UK";"HRS costs";"Tractor-Trailer";"BAU";"EUR/kg H2";2045;"1.1";"Removed policies";"Hydrogen"
"OPEX";"H2 Infrastructure";"DE";"H2 transport and distribution";"Rigid";"BAU";"EUR/kg H2";2045;"1";"Removed policies";"Hydrogen"
"OPEX";"H2 Infrastructure";"DE";"H2 transport and distribution";"Tractor-Trailer";"BAU";"EUR/kg H2";2045;"1";"Removed policies";"Hydrogen"
"OPEX";"H2 Infrastructure";"ES";"H2 transport and distribution";"Rigid";"BAU";"EUR/kg H2";2045;"1";"Removed policies";"Hydrogen"
"OPEX";"H2 Infrastructure";"ES";"H2 transport and distribution";"Tractor-Trailer";"BAU";"EUR/kg H2";2045;"1";"Removed policies";"Hydrogen"
"OPEX";"H2 Infrastructure";"FR";"H2 transport and distribution";"Rigid";"BAU";"EUR/kg H2";2045;"1";"Removed policies";"Hydrogen"
"OPEX";"H2 Infrastructure";"FR";"H2 transport and distribution";"Tractor-Trailer";"BAU";"EUR/kg H2";2045;"1";"Removed policies";"Hydrogen"
"OPEX";"H2 Infrastructure";"IT";"H2 transport and distribution";"Rigid";"BAU";"EUR/kg H2";2045;"1";"Removed policies";"Hydrogen"
"OPEX";"H2 Infrastructure";"IT";"H2 transport and distribution";"Tractor-Trailer";"BAU";"EUR/kg H2";2045;"1";"Removed policies";"Hydrogen"
"OPEX";"H2 Infrastructure";"NL";"H2 transport and distribution";"Rigid";"BAU";"EUR/kg H2";2045;"1";"Removed policies";"Hydrogen"
"OPEX";"H2 Infrastructure";"NL";"H2 transport and distribution";"Tractor-Trailer";"BAU";"EUR/kg H2";2045;"1";"Removed policies";"Hydrogen"
"OPEX";"H2 Infrastructure";"PL";"H2 transport and distribution";"Rigid";"BAU";"EUR/kg H2";2045;"1";"Removed policies";"Hydrogen"
"OPEX";"H2 Infrastructure";"PL";"H2 transport and distribution";"Tractor-Trailer";"BAU";"EUR/kg H2";2045;"1";"Removed policies";"Hydrogen"
"OPEX";"H2 Infrastructure";"UK";"H2 transport and distribution";"Rigid";"BAU";"EUR/kg H2";2045;"1";"Removed policies";"Hydrogen"
"OPEX";"H2 Infrastructure";"UK";"H2 transport and distribution";"Tractor-Trailer";"BAU";"EUR/kg H2";2045;"1";"Removed policies";"Hydrogen"
"OPEX";"H2 Infrastructure";"DE";"HRS Overhead, Profit and Mark-Up";"Rigid";"BAU";"EUR/kg H2";2045;"0.25";"Removed policies";"Hydrogen"
"OPEX";"H2 Infrastructure";"DE";"HRS Overhead, Profit and Mark-Up";"Tractor-Trailer";"BAU";"EUR/kg H2";2045;"0.25";"Removed policies";"Hydrogen"
"OPEX";"H2 Infrastructure";"ES";"HRS Overhead, Profit and Mark-Up";"Rigid";"BAU";"EUR/kg H2";2045;"0.25";"Removed policies";"Hydrogen"
"OPEX";"H2 Infrastructure";"ES";"HRS Overhead, Profit and Mark-Up";"Tractor-Trailer";"BAU";"EUR/kg H2";2045;"0.25";"Removed policies";"Hydrogen"
"OPEX";"H2 Infrastructure";"FR";"HRS Overhead, Profit and Mark-Up";"Rigid";"BAU";"EUR/kg H2";2045;"0.25";"Removed policies";"Hydrogen"
"OPEX";"H2 Infrastructure";"FR";"HRS Overhead, Profit and Mark-Up";"Tractor-Trailer";"BAU";"EUR/kg H2";2045;"0.25";"Removed policies";"Hydrogen"
"OPEX";"H2 Infrastructure";"IT";"HRS Overhead, Profit and Mark-Up";"Rigid";"BAU";"EUR/kg H2";2045;"0.25";"Removed policies";"Hydrogen"
"OPEX";"H2 Infrastructure";"IT";"HRS Overhead, Profit and Mark-Up";"Tractor-Trailer";"BAU";"EUR/kg H2";2045;"0.25";"Removed policies";"Hydrogen"
"OPEX";"H2 Infrastructure";"NL";"HRS Overhead, Profit and Mark-Up";"Rigid";"BAU";"EUR/kg H2";2045;"0.25";"Removed policies";"Hydrogen"
"OPEX";"H2 Infrastructure";"NL";"HRS Overhead, Profit and Mark-Up";"Tractor-Trailer";"BAU";"EUR/kg H2";2045;"0.25";"Removed policies";"Hydrogen"
"OPEX";"H2 Infrastructure";"PL";"HRS Overhead, Profit and Mark-Up";"Rigid";"BAU";"EUR/kg H2";2045;"0.25";"Removed policies";"Hydrogen"
"OPEX";"H2 Infrastructure";"PL";"HRS Overhead, Profit and Mark-Up";"Tractor-Trailer";"BAU";"EUR/kg H2";2045;"0.25";"Removed policies";"Hydrogen"
"OPEX";"H2 Infrastructure";"UK";"HRS Overhead, Profit and Mark-Up";"Rigid";"BAU";"EUR/kg H2";2045;"0.25";"Removed policies";"Hydrogen"
"OPEX";"H2 Infrastructure";"UK";"HRS Overhead, Profit and Mark-Up";"Tractor-Trailer";"BAU";"EUR/kg H2";2045;"0.25";"Removed policies";"Hydrogen"
"OPEX";"Charging Infrastructure";"DE";"MCS Station (Public Charging) - Incl. Overhead";"Rigid";"BAU";"EUR/kWh";2045;"0.032";"Removed policies";"Electricity"
"OPEX";"Charging Infrastructure";"DE";"MCS Station (Public Charging) - Incl. Overhead";"Tractor-Trailer";"BAU";"EUR/kWh";2045;"0.032";"Removed policies";"Electricity"
"OPEX";"Charging Infrastructure";"ES";"MCS Station (Public Charging) - Incl. Overhead";"Rigid";"BAU";"EUR/kWh";2045;"0.032";"Removed policies";"Electricity"
"OPEX";"Charging Infrastructure";"ES";"MCS Station (Public Charging) - Incl. Overhead";"Tractor-Trailer";"BAU";"EUR/kWh";2045;"0.032";"Removed policies";"Electricity"
"OPEX";"Charging Infrastructure";"FR";"MCS Station (Public Charging) - Incl. Overhead";"Rigid";"BAU";"EUR/kWh";2045;"0.032";"Removed policies";"Electricity"
"OPEX";"Charging Infrastructure";"FR";"MCS Station (Public Charging) - Incl. Overhead";"Tractor-Trailer";"BAU";"EUR/kWh";2045;"0.032";"Removed policies";"Electricity"
"OPEX";"Charging Infrastructure";"IT";"MCS Station (Public Charging) - Incl. Overhead";"Rigid";"BAU";"EUR/kWh";2045;"0.032";"Removed policies";"Electricity"
"OPEX";"Charging Infrastructure";"IT";"MCS Station (Public Charging) - Incl. Overhead";"Tractor-Trailer";"BAU";"EUR/kWh";2045;"0.032";"Removed policies";"Electricity"
"OPEX";"Charging Infrastructure";"NL";"MCS Station (Public Charging) - Incl. Overhead";"Rigid";"BAU";"EUR/kWh";2045;"0.032";"Removed policies";"Electricity"
"OPEX";"Charging Infrastructure";"NL";"MCS Station (Public Charging) - Incl. Overhead";"Tractor-Trailer";"BAU";"EUR/kWh";2045;"0.032";"Removed policies";"Electricity"
"OPEX";"Charging Infrastructure";"PL";"MCS Station (Public Charging) - Incl. Overhead";"Rigid";"BAU";"EUR/kWh";2045;"0.032";"Removed policies";"Electricity"
"OPEX";"Charging Infrastructure";"PL";"MCS Station (Public Charging) - Incl. Overhead";"Tractor-Trailer";"BAU";"EUR/kWh";2045;"0.032";"Removed policies";"Electricity"
"OPEX";"Charging Infrastructure";"UK";"MCS Station (Public Charging) - Incl. Overhead";"Rigid";"BAU";"EUR/kWh";2045;"0.032";"Removed policies";"Electricity"
"OPEX";"Charging Infrastructure";"UK";"MCS Station (Public Charging) - Incl. Overhead";"Tractor-Trailer";"BAU";"EUR/kWh";2045;"0.032";"Removed policies";"Electricity"
"OPEX";"Charging Infrastructure";"DE";"Share MCS-Charging";"Rigid";"BAU";"%";2045;"0.2";"Removed policies";"Electricity"
"OPEX";"Charging Infrastructure";"DE";"Share MCS-Charging";"Tractor-Trailer";"BAU";"%";2045;"0.2";"Removed policies";"Electricity"
"OPEX";"Charging Infrastructure";"ES";"Share MCS-Charging";"Rigid";"BAU";"%";2045;"0.2";"Removed policies";"Electricity"
"OPEX";"Charging Infrastructure";"ES";"Share MCS-Charging";"Tractor-Trailer";"BAU";"%";2045;"0.2";"Removed policies";"Electricity"
"OPEX";"Charging Infrastructure";"FR";"Share MCS-Charging";"Rigid";"BAU";"%";2045;"0.2";"Removed policies";"Electricity"
"OPEX";"Charging Infrastructure";"FR";"Share MCS-Charging";"Tractor-Trailer";"BAU";"%";2045;"0.2";"Removed policies";"Electricity"
"OPEX";"Charging Infrastructure";"IT";"Share MCS-Charging";"Rigid";"BAU";"%";2045;"0.2";"Removed policies";"Electricity"
"OPEX";"Charging Infrastructure";"IT";"Share MCS-Charging";"Tractor-Trailer";"BAU";"%";2045;"0.2";"Removed policies";"Electricity"
"OPEX";"Charging Infrastructure";"NL";"Share MCS-Charging";"Rigid";"BAU";"%";2045;"0.2";"Removed policies";"Electricity"
"OPEX";"Charging Infrastructure";"NL";"Share MCS-Charging";"Tractor-Trailer";"BAU";"%";2045;"0.2";"Removed policies";"Electricity"
"OPEX";"Charging Infrastructure";"PL";"Share MCS-Charging";"Rigid";"BAU";"%";2045;"0.2";"Removed policies";"Electricity"
"OPEX";"Charging Infrastructure";"PL";"Share MCS-Charging";"Tractor-Trailer";"BAU";"%";2045;"0.2";"Removed policies";"Electricity"
"OPEX";"Charging Infrastructure";"UK";"Share MCS-Charging";"Rigid";"BAU";"%";2045;"0.2";"Removed policies";"Electricity"
"OPEX";"Charging Infrastructure";"UK";"Share MCS-Charging";"Tractor-Trailer";"BAU";"%";2045;"0.2";"Removed policies";"Electricity"
"OPEX";"Charging Infrastructure";"DE";"Depot - Network fees savings potential";"Rigid";"BAU";"EUR/kWh";2045;"0";"Removed policies";"Electricity"
"OPEX";"Charging Infrastructure";"DE";"Depot - Network fees savings potential";"Tractor-Trailer";"BAU";"EUR/kWh";2045;"0";"Removed policies";"Electricity"
"OPEX";"Charging Infrastructure";"ES";"Depot - Network fees savings potential";"Rigid";"BAU";"EUR/kWh";2045;"0";"Removed policies";"Electricity"
"OPEX";"Charging Infrastructure";"ES";"Depot - Network fees savings potential";"Tractor-Trailer";"BAU";"EUR/kWh";2045;"0";"Removed policies";"Electricity"
"OPEX";"Charging Infrastructure";"FR";"Depot - Network fees savings potential";"Rigid";"BAU";"EUR/kWh";2045;"0";"Removed policies";"Electricity"
"OPEX";"Charging Infrastructure";"FR";"Depot - Network fees savings potential";"Tractor-Trailer";"BAU";"EUR/kWh";2045;"0";"Removed policies";"Electricity"
"OPEX";"Charging Infrastructure";"IT";"Depot - Network fees savings potential";"Rigid";"BAU";"EUR/kWh";2045;"0";"Removed policies";"Electricity"
"OPEX";"Charging Infrastructure";"IT";"Depot - Network fees savings potential";"Tractor-Trailer";"BAU";"EUR/kWh";2045;"0";"Removed policies";"Electricity"
"OPEX";"Charging Infrastructure";"NL";"Depot - Network fees savings potential";"Rigid";"BAU";"EUR/kWh";2045;"0";"Removed policies";"Electricity"
"OPEX";"Charging Infrastructure";"NL";"Depot - Network fees savings potential";"Tractor-Trailer";"BAU";"EUR/kWh";2045;"0";"Removed policies";"Electricity"
"OPEX";"Charging Infrastructure";"PL";"Depot - Network fees savings potential";"Rigid";"BAU";"EUR/kWh";2045;"0";"Removed policies";"Electricity"
"OPEX";"Charging Infrastructure";"PL";"Depot - Network fees savings potential";"Tractor-Trailer";"BAU";"EUR/kWh";2045;"0";"Removed policies";"Electricity"
"OPEX";"Charging Infrastructure";"UK";"Depot - Network fees savings potential";"Rigid";"BAU";"EUR/kWh";2045;"0";"Removed policies";"Electricity"
"OPEX";"Charging Infrastructure";"UK";"Depot - Network fees savings potential";"Tractor-Trailer";"BAU";"EUR/kWh";2045;"0";"Removed policies";"Electricity"
"OPEX";"Taxes";"DE";"Tax reduction";"Rigid";"BAU";"%";2045;"0";"Removed policies";"Hydrogen"
"OPEX";"Taxes";"DE";"Tax reduction";"Tractor-Trailer";"BAU";"%";2045;"0";"Removed policies";"Hydrogen"
"OPEX";"Taxes";"ES";"Tax reduction";"Rigid";"BAU";"%";2045;"0";"Removed policies";"Hydrogen"
"OPEX";"Taxes";"ES";"Tax reduction";"Tractor-Trailer";"BAU";"%";2045;"0";"Removed policies";"Hydrogen"
"OPEX";"Taxes";"FR";"Tax reduction";"Rigid";"BAU";"%";2045;"0";"Removed policies";"Hydrogen"
"OPEX";"Taxes";"FR";"Tax reduction";"Tractor-Trailer";"BAU";"%";2045;"0";"Removed policies";"Hydrogen"
"OPEX";"Taxes";"IT";"Tax reduction";"Rigid";"BAU";"%";2045;"0";"Removed policies";"Hydrogen"
"OPEX";"Taxes";"IT";"Tax reduction";"Tractor-Trailer";"BAU";"%";2045;"0";"Removed policies";"Hydrogen"
"OPEX";"Taxes";"NL";"Tax reduction";"Rigid";"BAU";"%";2045;"0";"Removed policies";"Hydrogen"
"OPEX";"Taxes";"NL";"Tax reduction";"Tractor-Trailer";"BAU";"%";2045;"0";"Removed policies";"Hydrogen"
"OPEX";"Taxes";"PL";"Tax reduction";"Rigid";"BAU";"%";2045;"0";"Removed policies";"Hydrogen"
"OPEX";"Taxes";"PL";"Tax reduction";"Tractor-Trailer";"BAU";"%";2045;"0";"Removed policies";"Hydrogen"
"OPEX";"Taxes";"UK";"Tax reduction";"Rigid";"BAU";"%";2045;"0";"Removed policies";"Hydrogen"
"OPEX";"Taxes";"UK";"Tax reduction";"Tractor-Trailer";"BAU";"%";2045;"0";"Removed policies";"Hydrogen"
"OPEX";"Taxes";"DE";"Increasing grid fees";"Rigid";"PROG";"%";2045;"0.25";"Removed policies";"Electricity"
"OPEX";"Taxes";"DE";"Increasing grid fees";"Tractor-Trailer";"PROG";"%";2045;"0.25";"Removed policies";"Electricity"
"OPEX";"Taxes";"ES";"Increasing grid fees";"Rigid";"PROG";"%";2045;"0.25";"Removed policies";"Electricity"
"OPEX";"Taxes";"ES";"Increasing grid fees";"Tractor-Trailer";"PROG";"%";2045;"0.25";"Removed policies";"Electricity"
"OPEX";"Taxes";"FR";"Increasing grid fees";"Rigid";"PROG";"%";2045;"0.25";"Removed policies";"Electricity"
"OPEX";"Taxes";"FR";"Increasing grid fees";"Tractor-Trailer";"PROG";"%";2045;"0.25";"Removed policies";"Electricity"
"OPEX";"Taxes";"IT";"Increasing grid fees";"Rigid";"PROG";"%";2045;"0.25";"Removed policies";"Electricity"
"OPEX";"Taxes";"IT";"Increasing grid fees";"Tractor-Trailer";"PROG";"%";2045;"0.25";"Removed policies";"Electricity"
"OPEX";"Taxes";"NL";"Increasing grid fees";"Rigid";"PROG";"%";2045;"0.25";"Removed policies";"Electricity"
"OPEX";"Taxes";"NL";"Increasing grid fees";"Tractor-Trailer";"PROG";"%";2045;"0.25";"Removed policies";"Electricity"
"OPEX";"Taxes";"PL";"Increasing grid fees";"Rigid";"PROG";"%";2045;"0.25";"Removed policies";"Electricity"
"OPEX";"Taxes";"PL";"Increasing grid fees";"Tractor-Trailer";"PROG";"%";2045;"0.25";"Removed policies";"Electricity"
"OPEX";"Taxes";"UK";"Increasing grid fees";"Rigid";"PROG";"%";2045;"0.25";"Removed policies";"Electricity"
"OPEX";"Taxes";"UK";"Increasing grid fees";"Tractor-Trailer";"PROG";"%";2045;"0.25";"Removed policies";"Electricity"
"OPEX";"Taxes";"DE";"Increasing grid fees";"Rigid";"BAU";"%";2045;"0.417";"Removed policies";"Electricity"
"OPEX";"Taxes";"DE";"Increasing grid fees";"Tractor-Trailer";"BAU";"%";2045;"0.417";"Removed policies";"Electricity"
"OPEX";"Taxes";"ES";"Increasing grid fees";"Rigid";"BAU";"%";2045;"0.417";"Removed policies";"Electricity"
"OPEX";"Taxes";"ES";"Increasing grid fees";"Tractor-Trailer";"BAU";"%";2045;"0.417";"Removed policies";"Electricity"
"OPEX";"Taxes";"FR";"Increasing grid fees";"Rigid";"BAU";"%";2045;"0.417";"Removed policies";"Electricity"
"OPEX";"Taxes";"FR";"Increasing grid fees";"Tractor-Trailer";"BAU";"%";2045;"0.417";"Removed policies";"Electricity"
"OPEX";"Taxes";"IT";"Increasing grid fees";"Rigid";"BAU";"%";2045;"0.417";"Removed policies";"Electricity"
"OPEX";"Taxes";"IT";"Increasing grid fees";"Tractor-Trailer";"BAU";"%";2045;"0.417";"Removed policies";"Electricity"
"OPEX";"Taxes";"NL";"Increasing grid fees";"Rigid";"BAU";"%";2045;"0.417";"Removed policies";"Electricity"
"OPEX";"Taxes";"NL";"Increasing grid fees";"Tractor-Trailer";"BAU";"%";2045;"0.417";"Removed policies";"Electricity"
"OPEX";"Taxes";"PL";"Increasing grid fees";"Rigid";"BAU";"%";2045;"0.417";"Removed policies";"Electricity"
"OPEX";"Taxes";"PL";"Increasing grid fees";"Tractor-Trailer";"BAU";"%";2045;"0.417";"Removed policies";"Electricity"
"OPEX";"Taxes";"UK";"Increasing grid fees";"Rigid";"BAU";"%";2045;"0.417";"Removed policies";"Electricity"
"OPEX";"Taxes";"UK";"Increasing grid fees";"Tractor-Trailer";"BAU";"%";2045;"0.417";"Removed policies";"Electricity"
"OPEX";"Taxes";"DE";"Network Costs - MCS";"Rigid";"PROG";"EUR/kWh";2050;"0.021";"Removed policies";"Electricity"
"OPEX";"Taxes";"DE";"Network Costs - MCS";"Tractor-Trailer";"PROG";"EUR/kWh";2050;"0.021";"Removed policies";"Electricity"
"OPEX";"Taxes";"ES";"Network Costs - MCS";"Rigid";"PROG";"EUR/kWh";2050;"0.009";"Removed policies";"Electricity"
"OPEX";"Taxes";"ES";"Network Costs - MCS";"Tractor-Trailer";"PROG";"EUR/kWh";2050;"0.009";"Removed policies";"Electricity"
"OPEX";"Taxes";"FR";"Network Costs - MCS";"Rigid";"PROG";"EUR/kWh";2050;"0.014";"Removed policies";"Electricity"
"OPEX";"Taxes";"FR";"Network Costs - MCS";"Tractor-Trailer";"PROG";"EUR/kWh";2050;"0.014";"Removed policies";"Electricity"
"OPEX";"Taxes";"IT";"Network Costs - MCS";"Rigid";"PROG";"EUR/kWh";2050;"0.012";"Removed policies";"Electricity"
"OPEX";"Taxes";"IT";"Network Costs - MCS";"Tractor-Trailer";"PROG";"EUR/kWh";2050;"0.012";"Removed policies";"Electricity"
"OPEX";"Taxes";"NL";"Network Costs - MCS";"Rigid";"PROG";"EUR/kWh";2050;"0.015";"Removed policies";"Electricity"
"OPEX";"Taxes";"NL";"Network Costs - MCS";"Tractor-Trailer";"PROG";"EUR/kWh";2050;"0.015";"Removed policies";"Electricity"
"OPEX";"Taxes";"PL";"Network Costs - MCS";"Rigid";"PROG";"EUR/kWh";2050;"0.014";"Removed policies";"Electricity"
"OPEX";"Taxes";"PL";"Network Costs - MCS";"Tractor-Trailer";"PROG";"EUR/kWh";2050;"0.014";"Removed policies";"Electricity"
"OPEX";"Taxes";"UK";"Network Costs - MCS";"Rigid";"PROG";"EUR/kWh";2050;"0.018";"Removed policies";"Electricity"
"OPEX";"Taxes";"UK";"Network Costs - MCS";"Tractor-Trailer";"PROG";"EUR/kWh";2050;"0.018";"Removed policies";"Electricity"
"OPEX";"Taxes";"DE";"Taxes, Fees, Levies and charges - MCS";"Rigid";"PROG";"EUR/kWh";2050;"0.051";"Removed policies";"Electricity"
"OPEX";"Taxes";"DE";"Taxes, Fees, Levies and charges - MCS";"Tractor-Trailer";"PROG";"EUR/kWh";2050;"0.051";"Removed policies";"Electricity"
"OPEX";"Taxes";"ES";"Taxes, Fees, Levies and charges - MCS";"Rigid";"PROG";"EUR/kWh";2050;"0.026";"Removed policies";"Electricity"
"OPEX";"Taxes";"ES";"Taxes, Fees, Levies and charges - MCS";"Tractor-Trailer";"PROG";"EUR/kWh";2050;"0.026";"Removed policies";"Electricity"
"OPEX";"Taxes";"FR";"Taxes, Fees, Levies and charges - MCS";"Rigid";"PROG";"EUR/kWh";2050;"0.022";"Removed policies";"Electricity"
"OPEX";"Taxes";"FR";"Taxes, Fees, Levies and charges - MCS";"Tractor-Trailer";"PROG";"EUR/kWh";2050;"0.022";"Removed policies";"Electricity"
"OPEX";"Taxes";"IT";"Taxes, Fees, Levies and charges - MCS";"Rigid";"PROG";"EUR/kWh";2050;"0.034";"Removed policies";"Electricity"
"OPEX";"Taxes";"IT";"Taxes, Fees, Levies and charges - MCS";"Tractor-Trailer";"PROG";"EUR/kWh";2050;"0.034";"Removed policies";"Electricity"
"OPEX";"Taxes";"NL";"Taxes, Fees, Levies and charges - MCS";"Rigid";"PROG";"EUR/kWh";2050;"0.023";"Removed policies";"Electricity"
"OPEX";"Taxes";"NL";"Taxes, Fees, Levies and charges - MCS";"Tractor-Trailer";"PROG";"EUR/kWh";2050;"0.023";"Removed policies";"Electricity"
"OPEX";"Taxes";"PL";"Taxes, Fees, Levies and charges - MCS";"Rigid";"PROG";"EUR/kWh";2050;"0.045";"Removed policies";"Electricity"
"OPEX";"Taxes";"PL";"Taxes, Fees, Levies and charges - MCS";"Tractor-Trailer";"PROG";"EUR/kWh";2050;"0.045";"Removed policies";"Electricity"
"OPEX";"Taxes";"UK";"Taxes, Fees, Levies and charges - MCS";"Rigid";"PROG";"EUR/kWh";2050;"0.074";"Removed policies";"Electricity"
"OPEX";"Taxes";"UK";"Taxes, Fees, Levies and charges - MCS";"Tractor-Trailer";"PROG";"EUR/kWh";2050;"0.074";"Removed policies";"Electricity"
"OPEX";"Taxes";"DE";"Network Costs - Depot";"Rigid";"PROG";"EUR/kWh";2050;"0.034";"Removed policies";"Electricity"
"OPEX";"Taxes";"DE";"Network Costs - Depot";"Tractor-Trailer";"PROG";"EUR/kWh";2050;"0.034";"Removed policies";"Electricity"
"OPEX";"Taxes";"ES";"Network Costs - Depot";"Rigid";"PROG";"EUR/kWh";2050;"0.018";"Removed policies";"Electricity"
"OPEX";"Taxes";"ES";"Network Costs - Depot";"Tractor-Trailer";"PROG";"EUR/kWh";2050;"0.018";"Removed policies";"Electricity"
"OPEX";"Taxes";"FR";"Network Costs - Depot";"Rigid";"PROG";"EUR/kWh";2050;"0.018";"Removed policies";"Electricity"
"OPEX";"Taxes";"FR";"Network Costs - Depot";"Tractor-Trailer";"PROG";"EUR/kWh";2050;"0.018";"Removed policies";"Electricity"
"OPEX";"Taxes";"IT";"Network Costs - Depot";"Rigid";"PROG";"EUR/kWh";2050;"0.016";"Removed policies";"Electricity"
"OPEX";"Taxes";"IT";"Network Costs - Depot";"Tractor-Trailer";"PROG";"EUR/kWh";2050;"0.016";"Removed policies";"Electricity"
"OPEX";"Taxes";"NL";"Network Costs - Depot";"Rigid";"PROG";"EUR/kWh";2050;"0.016";"Removed policies";"Electricity"
"OPEX";"Taxes";"NL";"Network Costs - Depot";"Tractor-Trailer";"PROG";"EUR/kWh";2050;"0.016";"Removed policies";"Electricity"
"OPEX";"Taxes";"PL";"Network Costs - Depot";"Rigid";"PROG";"EUR/kWh";2050;"0.019";"Removed policies";"Electricity"
"OPEX";"Taxes";"PL";"Network Costs - Depot";"Tractor-Trailer";"PROG";"EUR/kWh";2050;"0.019";"Removed policies";"Electricity"
"OPEX";"Taxes";"UK";"Network Costs - Depot";"Rigid";"PROG";"EUR/kWh";2050;"0.027";"Removed policies";"Electricity"
"OPEX";"Taxes";"UK";"Network Costs - Depot";"Tractor-Trailer";"PROG";"EUR/kWh";2050;"0.027";"Removed policies";"Electricity"
"OPEX";"Taxes";"DE";"Taxes, Fees, Levies and charges - Depot";"Rigid";"PROG";"EUR/kWh";2050;"0.056";"Removed policies";"Electricity"
"OPEX";"Taxes";"DE";"Taxes, Fees, Levies and charges - Depot";"Tractor-Trailer";"PROG";"EUR/kWh";2050;"0.056";"Removed policies";"Electricity"
"OPEX";"Taxes";"ES";"Taxes, Fees, Levies and charges - Depot";"Rigid";"PROG";"EUR/kWh";2050;"0.036";"Removed policies";"Electricity"
"OPEX";"Taxes";"ES";"Taxes, Fees, Levies and charges - Depot";"Tractor-Trailer";"PROG";"EUR/kWh";2050;"0.036";"Removed policies";"Electricity"
"OPEX";"Taxes";"FR";"Taxes, Fees, Levies and charges - Depot";"Rigid";"PROG";"EUR/kWh";2050;"0.03";"Removed policies";"Electricity"
"OPEX";"Taxes";"FR";"Taxes, Fees, Levies and charges - Depot";"Tractor-Trailer";"PROG";"EUR/kWh";2050;"0.03";"Removed policies";"Electricity"
"OPEX";"Taxes";"IT";"Taxes, Fees, Levies and charges - Depot";"Rigid";"PROG";"EUR/kWh";2050;"0.063";"Removed policies";"Electricity"
"OPEX";"Taxes";"IT";"Taxes, Fees, Levies and charges - Depot";"Tractor-Trailer";"PROG";"EUR/kWh";2050;"0.063";"Removed policies";"Electricity"
"OPEX";"Taxes";"NL";"Taxes, Fees, Levies and charges - Depot";"Rigid";"PROG";"EUR/kWh";2050;"0.055";"Removed policies";"Electricity"
"OPEX";"Taxes";"NL";"Taxes, Fees, Levies and charges - Depot";"Tractor-Trailer";"PROG";"EUR/kWh";2050;"0.055";"Removed policies";"Electricity"
"OPEX";"Taxes";"PL";"Taxes, Fees, Levies and charges - Depot";"Rigid";"PROG";"EUR/kWh";2050;"0.049";"Removed policies";"Electricity"
"OPEX";"Taxes";"PL";"Taxes, Fees, Levies and charges - Depot";"Tractor-Trailer";"PROG";"EUR/kWh";2050;"0.049";"Removed policies";"Electricity"
"OPEX";"Taxes";"UK";"Taxes, Fees, Levies and charges - Depot";"Rigid";"PROG";"EUR/kWh";2050;"0.077";"Removed policies";"Electricity"
"OPEX";"Taxes";"UK";"Taxes, Fees, Levies and charges - Depot";"Tractor-Trailer";"PROG";"EUR/kWh";2050;"0.077";"Removed policies";"Electricity"
"OPEX";"H2 Infrastructure";"DE";"HRS costs";"Rigid";"PROG";"EUR/kg H2";2050;"0.6";"Removed policies";"Hydrogen"
"OPEX";"H2 Infrastructure";"DE";"HRS costs";"Tractor-Trailer";"PROG";"EUR/kg H2";2050;"0.6";"Removed policies";"Hydrogen"
"OPEX";"H2 Infrastructure";"ES";"HRS costs";"Rigid";"PROG";"EUR/kg H2";2050;"0.6";"Removed policies";"Hydrogen"
"OPEX";"H2 Infrastructure";"ES";"HRS costs";"Tractor-Trailer";"PROG";"EUR/kg H2";2050;"0.6";"Removed policies";"Hydrogen"
"OPEX";"H2 Infrastructure";"FR";"HRS costs";"Rigid";"PROG";"EUR/kg H2";2050;"0.6";"Removed policies";"Hydrogen"
"OPEX";"H2 Infrastructure";"FR";"HRS costs";"Tractor-Trailer";"PROG";"EUR/kg H2";2050;"0.6";"Removed policies";"Hydrogen"
"OPEX";"H2 Infrastructure";"IT";"HRS costs";"Rigid";"PROG";"EUR/kg H2";2050;"0.6";"Removed policies";"Hydrogen"
"OPEX";"H2 Infrastructure";"IT";"HRS costs";"Tractor-Trailer";"PROG";"EUR/kg H2";2050;"0.6";"Removed policies";"Hydrogen"
"OPEX";"H2 Infrastructure";"NL";"HRS costs";"Rigid";"PROG";"EUR/kg H2";2050;"0.6";"Removed policies";"Hydrogen"
"OPEX";"H2 Infrastructure";"NL";"HRS costs";"Tractor-Trailer";"PROG";"EUR/kg H2";2050;"0.6";"Removed policies";"Hydrogen"
"OPEX";"H2 Infrastructure";"PL";"HRS costs";"Rigid";"PROG";"EUR/kg H2";2050;"0.6";"Removed policies";"Hydrogen"
"OPEX";"H2 Infrastructure";"PL";"HRS costs";"Tractor-Trailer";"PROG";"EUR/kg H2";2050;"0.6";"Removed policies";"Hydrogen"
"OPEX";"H2 Infrastructure";"UK";"HRS costs";"Rigid";"PROG";"EUR/kg H2";2050;"0.6";"Removed policies";"Hydrogen"
"OPEX";"H2 Infrastructure";"UK";"HRS costs";"Tractor-Trailer";"PROG";"EUR/kg H2";2050;"0.6";"Removed policies";"Hydrogen"
"OPEX";"H2 Infrastructure";"DE";"H2 transport and distribution";"Rigid";"PROG";"EUR/kg H2";2050;"0.667";"Removed policies";"Hydrogen"
"OPEX";"H2 Infrastructure";"DE";"H2 transport and distribution";"Tractor-Trailer";"PROG";"EUR/kg H2";2050;"0.667";"Removed policies";"Hydrogen"
"OPEX";"H2 Infrastructure";"ES";"H2 transport and distribution";"Rigid";"PROG";"EUR/kg H2";2050;"0.667";"Removed policies";"Hydrogen"
"OPEX";"H2 Infrastructure";"ES";"H2 transport and distribution";"Tractor-Trailer";"PROG";"EUR/kg H2";2050;"0.667";"Removed policies";"Hydrogen"
"OPEX";"H2 Infrastructure";"FR";"H2 transport and distribution";"Rigid";"PROG";"EUR/kg H2";2050;"0.667";"Removed policies";"Hydrogen"
"OPEX";"H2 Infrastructure";"FR";"H2 transport and distribution";"Tractor-Trailer";"PROG";"EUR/kg H2";2050;"0.667";"Removed policies";"Hydrogen"
"OPEX";"H2 Infrastructure";"IT";"H2 transport and distribution";"Rigid";"PROG";"EUR/kg H2";2050;"0.667";"Removed policies";"Hydrogen"
"OPEX";"H2 Infrastructure";"IT";"H2 transport and distribution";"Tractor-Trailer";"PROG";"EUR/kg H2";2050;"0.667";"Removed policies";"Hydrogen"
"OPEX";"H2 Infrastructure";"NL";"H2 transport and distribution";"Rigid";"PROG";"EUR/kg H2";2050;"0.667";"Removed policies";"Hydrogen"
"OPEX";"H2 Infrastructure";"NL";"H2 transport and distribution";"Tractor-Trailer";"PROG";"EUR/kg H2";2050;"0.667";"Removed policies";"Hydrogen"
"OPEX";"H2 Infrastructure";"PL";"H2 transport and distribution";"Rigid";"PROG";"EUR/kg H2";2050;"0.667";"Removed policies";"Hydrogen"
"OPEX";"H2 Infrastructure";"PL";"H2 transport and distribution";"Tractor-Trailer";"PROG";"EUR/kg H2";2050;"0.667";"Removed policies";"Hydrogen"
"OPEX";"H2 Infrastructure";"UK";"H2 transport and distribution";"Rigid";"PROG";"EUR/kg H2";2050;"0.667";"Removed policies";"Hydrogen"
"OPEX";"H2 Infrastructure";"UK";"H2 transport and distribution";"Tractor-Trailer";"PROG";"EUR/kg H2";2050;"0.667";"Removed policies";"Hydrogen"
"OPEX";"H2 Infrastructure";"DE";"HRS Overhead, Profit and Mark-Up";"Rigid";"PROG";"EUR/kg H2";2050;"0.25";"Removed policies";"Hydrogen"
"OPEX";"H2 Infrastructure";"DE";"HRS Overhead, Profit and Mark-Up";"Tractor-Trailer";"PROG";"EUR/kg H2";2050;"0.25";"Removed policies";"Hydrogen"
"OPEX";"H2 Infrastructure";"ES";"HRS Overhead, Profit and Mark-Up";"Rigid";"PROG";"EUR/kg H2";2050;"0.25";"Removed policies";"Hydrogen"
"OPEX";"H2 Infrastructure";"ES";"HRS Overhead, Profit and Mark-Up";"Tractor-Trailer";"PROG";"EUR/kg H2";2050;"0.25";"Removed policies";"Hydrogen"
"OPEX";"H2 Infrastructure";"FR";"HRS Overhead, Profit and Mark-Up";"Rigid";"PROG";"EUR/kg H2";2050;"0.25";"Removed policies";"Hydrogen"
"OPEX";"H2 Infrastructure";"FR";"HRS Overhead, Profit and Mark-Up";"Tractor-Trailer";"PROG";"EUR/kg H2";2050;"0.25";"Removed policies";"Hydrogen"
"OPEX";"H2 Infrastructure";"IT";"HRS Overhead, Profit and Mark-Up";"Rigid";"PROG";"EUR/kg H2";2050;"0.25";"Removed policies";"Hydrogen"
"OPEX";"H2 Infrastructure";"IT";"HRS Overhead, Profit and Mark-Up";"Tractor-Trailer";"PROG";"EUR/kg H2";2050;"0.25";"Removed policies";"Hydrogen"
"OPEX";"H2 Infrastructure";"NL";"HRS Overhead, Profit and Mark-Up";"Rigid";"PROG";"EUR/kg H2";2050;"0.25";"Removed policies";"Hydrogen"
"OPEX";"H2 Infrastructure";"NL";"HRS Overhead, Profit and Mark-Up";"Tractor-Trailer";"PROG";"EUR/kg H2";2050;"0.25";"Removed policies";"Hydrogen"
"OPEX";"H2 Infrastructure";"PL";"HRS Overhead, Profit and Mark-Up";"Rigid";"PROG";"EUR/kg H2";2050;"0.25";"Removed policies";"Hydrogen"
"OPEX";"H2 Infrastructure";"PL";"HRS Overhead, Profit and Mark-Up";"Tractor-Trailer";"PROG";"EUR/kg H2";2050;"0.25";"Removed policies";"Hydrogen"
"OPEX";"H2 Infrastructure";"UK";"HRS Overhead, Profit and Mark-Up";"Rigid";"PROG";"EUR/kg H2";2050;"0.25";"Removed policies";"Hydrogen"
"OPEX";"H2 Infrastructure";"UK";"HRS Overhead, Profit and Mark-Up";"Tractor-Trailer";"PROG";"EUR/kg H2";2050;"0.25";"Removed policies";"Hydrogen"
"OPEX";"Charging Infrastructure";"DE";"MCS Station (Public Charging) - Incl. Overhead";"Rigid";"PROG";"EUR/kWh";2050;"0.013";"Removed policies";"Electricity"
"OPEX";"Charging Infrastructure";"DE";"MCS Station (Public Charging) - Incl. Overhead";"Tractor-Trailer";"PROG";"EUR/kWh";2050;"0.013";"Removed policies";"Electricity"
"OPEX";"Charging Infrastructure";"ES";"MCS Station (Public Charging) - Incl. Overhead";"Rigid";"PROG";"EUR/kWh";2050;"0.013";"Removed policies";"Electricity"
"OPEX";"Charging Infrastructure";"ES";"MCS Station (Public Charging) - Incl. Overhead";"Tractor-Trailer";"PROG";"EUR/kWh";2050;"0.013";"Removed policies";"Electricity"
"OPEX";"Charging Infrastructure";"FR";"MCS Station (Public Charging) - Incl. Overhead";"Rigid";"PROG";"EUR/kWh";2050;"0.013";"Removed policies";"Electricity"
"OPEX";"Charging Infrastructure";"FR";"MCS Station (Public Charging) - Incl. Overhead";"Tractor-Trailer";"PROG";"EUR/kWh";2050;"0.013";"Removed policies";"Electricity"
"OPEX";"Charging Infrastructure";"IT";"MCS Station (Public Charging) - Incl. Overhead";"Rigid";"PROG";"EUR/kWh";2050;"0.013";"Removed policies";"Electricity"
"OPEX";"Charging Infrastructure";"IT";"MCS Station (Public Charging) - Incl. Overhead";"Tractor-Trailer";"PROG";"EUR/kWh";2050;"0.013";"Removed policies";"Electricity"
"OPEX";"Charging Infrastructure";"NL";"MCS Station (Public Charging) - Incl. Overhead";"Rigid";"PROG";"EUR/kWh";2050;"0.013";"Removed policies";"Electricity"
"OPEX";"Charging Infrastructure";"NL";"MCS Station (Public Charging) - Incl. Overhead";"Tractor-Trailer";"PROG";"EUR/kWh";2050;"0.013";"Removed policies";"Electricity"
"OPEX";"Charging Infrastructure";"PL";"MCS Station (Public Charging) - Incl. Overhead";"Rigid";"PROG";"EUR/kWh";2050;"0.013";"Removed policies";"Electricity"
"OPEX";"Charging Infrastructure";"PL";"MCS Station (Public Charging) - Incl. Overhead";"Tractor-Trailer";"PROG";"EUR/kWh";2050;"0.013";"Removed policies";"Electricity"
"OPEX";"Charging Infrastructure";"UK";"MCS Station (Public Charging) - Incl. Overhead";"Rigid";"PROG";"EUR/kWh";2050;"0.013";"Removed policies";"Electricity"
"OPEX";"Charging Infrastructure";"UK";"MCS Station (Public Charging) - Incl. Overhead";"Tractor-Trailer";"PROG";"EUR/kWh";2050;"0.013";"Removed policies";"Electricity"
"OPEX";"Charging Infrastructure";"DE";"Share MCS-Charging";"Rigid";"PROG";"%";2050;"0.2";"Removed policies";"Electricity"
"OPEX";"Charging Infrastructure";"DE";"Share MCS-Charging";"Tractor-Trailer";"PROG";"%";2050;"0.2";"Removed policies";"Electricity"
"OPEX";"Charging Infrastructure";"ES";"Share MCS-Charging";"Rigid";"PROG";"%";2050;"0.2";"Removed policies";"Electricity"
"OPEX";"Charging Infrastructure";"ES";"Share MCS-Charging";"Tractor-Trailer";"PROG";"%";2050;"0.2";"Removed policies";"Electricity"
"OPEX";"Charging Infrastructure";"FR";"Share MCS-Charging";"Rigid";"PROG";"%";2050;"0.2";"Removed policies";"Electricity"
"OPEX";"Charging Infrastructure";"FR";"Share MCS-Charging";"Tractor-Trailer";"PROG";"%";2050;"0.2";"Removed policies";"Electricity"
"OPEX";"Charging Infrastructure";"IT";"Share MCS-Charging";"Rigid";"PROG";"%";2050;"0.2";"Removed policies";"Electricity"
"OPEX";"Charging Infrastructure";"IT";"Share MCS-Charging";"Tractor-Trailer";"PROG";"%";2050;"0.2";"Removed policies";"Electricity"
"OPEX";"Charging Infrastructure";"NL";"Share MCS-Charging";"Rigid";"PROG";"%";2050;"0.2";"Removed policies";"Electricity"
"OPEX";"Charging Infrastructure";"NL";"Share MCS-Charging";"Tractor-Trailer";"PROG";"%";2050;"0.2";"Removed policies";"Electricity"
"OPEX";"Charging Infrastructure";"PL";"Share MCS-Charging";"Rigid";"PROG";"%";2050;"0.2";"Removed policies";"Electricity"
"OPEX";"Charging Infrastructure";"PL";"Share MCS-Charging";"Tractor-Trailer";"PROG";"%";2050;"0.2";"Removed policies";"Electricity"
"OPEX";"Charging Infrastructure";"UK";"Share MCS-Charging";"Rigid";"PROG";"%";2050;"0.2";"Removed policies";"Electricity"
"OPEX";"Charging Infrastructure";"UK";"Share MCS-Charging";"Tractor-Trailer";"PROG";"%";2050;"0.2";"Removed policies";"Electricity"
"OPEX";"Charging Infrastructure";"DE";"Depot - Network fees savings potential";"Rigid";"PROG";"EUR/kWh";2050;"-0.01";"Removed policies";"Electricity"
"OPEX";"Charging Infrastructure";"DE";"Depot - Network fees savings potential";"Tractor-Trailer";"PROG";"EUR/kWh";2050;"-0.01";"Removed policies";"Electricity"
"OPEX";"Charging Infrastructure";"ES";"Depot - Network fees savings potential";"Rigid";"PROG";"EUR/kWh";2050;"-0.01";"Removed policies";"Electricity"
"OPEX";"Charging Infrastructure";"ES";"Depot - Network fees savings potential";"Tractor-Trailer";"PROG";"EUR/kWh";2050;"-0.01";"Removed policies";"Electricity"
"OPEX";"Charging Infrastructure";"FR";"Depot - Network fees savings potential";"Rigid";"PROG";"EUR/kWh";2050;"-0.01";"Removed policies";"Electricity"
"OPEX";"Charging Infrastructure";"FR";"Depot - Network fees savings potential";"Tractor-Trailer";"PROG";"EUR/kWh";2050;"-0.01";"Removed policies";"Electricity"
"OPEX";"Charging Infrastructure";"IT";"Depot - Network fees savings potential";"Rigid";"PROG";"EUR/kWh";2050;"-0.01";"Removed policies";"Electricity"
"OPEX";"Charging Infrastructure";"IT";"Depot - Network fees savings potential";"Tractor-Trailer";"PROG";"EUR/kWh";2050;"-0.01";"Removed policies";"Electricity"
"OPEX";"Charging Infrastructure";"NL";"Depot - Network fees savings potential";"Rigid";"PROG";"EUR/kWh";2050;"-0.01";"Removed policies";"Electricity"
"OPEX";"Charging Infrastructure";"NL";"Depot - Network fees savings potential";"Tractor-Trailer";"PROG";"EUR/kWh";2050;"-0.01";"Removed policies";"Electricity"
"OPEX";"Charging Infrastructure";"PL";"Depot - Network fees savings potential";"Rigid";"PROG";"EUR/kWh";2050;"-0.01";"Removed policies";"Electricity"
"OPEX";"Charging Infrastructure";"PL";"Depot - Network fees savings potential";"Tractor-Trailer";"PROG";"EUR/kWh";2050;"-0.01";"Removed policies";"Electricity"
"OPEX";"Charging Infrastructure";"UK";"Depot - Network fees savings potential";"Rigid";"PROG";"EUR/kWh";2050;"-0.01";"Removed policies";"Electricity"
"OPEX";"Charging Infrastructure";"UK";"Depot - Network fees savings potential";"Tractor-Trailer";"PROG";"EUR/kWh";2050;"-0.01";"Removed policies";"Electricity"
"OPEX";"Taxes";"DE";"Tax reduction";"Rigid";"PROG";"%";2050;"0";"Removed policies";"Hydrogen"
"OPEX";"Taxes";"DE";"Tax reduction";"Tractor-Trailer";"PROG";"%";2050;"0";"Removed policies";"Hydrogen"
"OPEX";"Taxes";"ES";"Tax reduction";"Rigid";"PROG";"%";2050;"0";"Removed policies";"Hydrogen"
"OPEX";"Taxes";"ES";"Tax reduction";"Tractor-Trailer";"PROG";"%";2050;"0";"Removed policies";"Hydrogen"
"OPEX";"Taxes";"FR";"Tax reduction";"Rigid";"PROG";"%";2050;"0";"Removed policies";"Hydrogen"
"OPEX";"Taxes";"FR";"Tax reduction";"Tractor-Trailer";"PROG";"%";2050;"0";"Removed policies";"Hydrogen"
"OPEX";"Taxes";"IT";"Tax reduction";"Rigid";"PROG";"%";2050;"0";"Removed policies";"Hydrogen"
"OPEX";"Taxes";"IT";"Tax reduction";"Tractor-Trailer";"PROG";"%";2050;"0";"Removed policies";"Hydrogen"
"OPEX";"Taxes";"NL";"Tax reduction";"Rigid";"PROG";"%";2050;"0";"Removed policies";"Hydrogen"
"OPEX";"Taxes";"NL";"Tax reduction";"Tractor-Trailer";"PROG";"%";2050;"0";"Removed policies";"Hydrogen"
"OPEX";"Taxes";"PL";"Tax reduction";"Rigid";"PROG";"%";2050;"0";"Removed policies";"Hydrogen"
"OPEX";"Taxes";"PL";"Tax reduction";"Tractor-Trailer";"PROG";"%";2050;"0";"Removed policies";"Hydrogen"
"OPEX";"Taxes";"UK";"Tax reduction";"Rigid";"PROG";"%";2050;"0";"Removed policies";"Hydrogen"
"OPEX";"Taxes";"UK";"Tax reduction";"Tractor-Trailer";"PROG";"%";2050;"0";"Removed policies";"Hydrogen"
"OPEX";"Taxes";"DE";"Excise Duty - Diesel";"Rigid";"BAU";"EUR/kWh";2050;"0.047";"Removed policies";"Diesel"
"OPEX";"Taxes";"DE";"Excise Duty - Diesel";"Tractor-Trailer";"BAU";"EUR/kWh";2050;"0.047";"Removed policies";"Diesel"
"OPEX";"Taxes";"DE";"Excise Duty - Diesel";"Rigid";"PROG";"EUR/kWh";2050;"0.047";"Removed policies";"Diesel"
"OPEX";"Taxes";"DE";"Excise Duty - Diesel";"Tractor-Trailer";"PROG";"EUR/kWh";2050;"0.047";"Removed policies";"Diesel"
"OPEX";"Taxes";"ES";"Excise Duty - Diesel";"Rigid";"BAU";"EUR/kWh";2050;"0.038";"Removed policies";"Diesel"
"OPEX";"Taxes";"ES";"Excise Duty - Diesel";"Tractor-Trailer";"BAU";"EUR/kWh";2050;"0.038";"Removed policies";"Diesel"
"OPEX";"Taxes";"ES";"Excise Duty - Diesel";"Rigid";"PROG";"EUR/kWh";2050;"0.038";"Removed policies";"Diesel"
"OPEX";"Taxes";"ES";"Excise Duty - Diesel";"Tractor-Trailer";"PROG";"EUR/kWh";2050;"0.038";"Removed policies";"Diesel"
"OPEX";"Taxes";"FR";"Excise Duty - Diesel";"Rigid";"BAU";"EUR/kWh";2050;"0.06";"Removed policies";"Diesel"
"OPEX";"Taxes";"FR";"Excise Duty - Diesel";"Tractor-Trailer";"BAU";"EUR/kWh";2050;"0.06";"Removed policies";"Diesel"
"OPEX";"Taxes";"FR";"Excise Duty - Diesel";"Rigid";"PROG";"EUR/kWh";2050;"0.06";"Removed policies";"Diesel"
"OPEX";"Taxes";"FR";"Excise Duty - Diesel";"Tractor-Trailer";"PROG";"EUR/kWh";2050;"0.06";"Removed policies";"Diesel"
"OPEX";"Taxes";"IT";"Excise Duty - Diesel";"Rigid";"BAU";"EUR/kWh";2050;"0.062";"Removed policies";"Diesel"
"OPEX";"Taxes";"IT";"Excise Duty - Diesel";"Tractor-Trailer";"BAU";"EUR/kWh";2050;"0.062";"Removed policies";"Diesel"
"OPEX";"Taxes";"IT";"Excise Duty - Diesel";"Rigid";"PROG";"EUR/kWh";2050;"0.062";"Removed policies";"Diesel"
"OPEX";"Taxes";"IT";"Excise Duty - Diesel";"Tractor-Trailer";"PROG";"EUR/kWh";2050;"0.062";"Removed policies";"Diesel"
"OPEX";"Taxes";"NL";"Excise Duty - Diesel";"Rigid";"BAU";"EUR/kWh";2050;"0.053";"Removed policies";"Diesel"
"OPEX";"Taxes";"NL";"Excise Duty - Diesel";"Tractor-Trailer";"BAU";"EUR/kWh";2050;"0.053";"Removed policies";"Diesel"
"OPEX";"Taxes";"NL";"Excise Duty - Diesel";"Rigid";"PROG";"EUR/kWh";2050;"0.053";"Removed policies";"Diesel"
"OPEX";"Taxes";"NL";"Excise Duty - Diesel";"Tractor-Trailer";"PROG";"EUR/kWh";2050;"0.053";"Removed policies";"Diesel"
"OPEX";"Taxes";"PL";"Excise Duty - Diesel";"Rigid";"BAU";"EUR/kWh";2050;"0.033";"Removed policies";"Diesel"
"OPEX";"Taxes";"PL";"Excise Duty - Diesel";"Tractor-Trailer";"BAU";"EUR/kWh";2050;"0.033";"Removed policies";"Diesel"
"OPEX";"Taxes";"PL";"Excise Duty - Diesel";"Rigid";"PROG";"EUR/kWh";2050;"0.033";"Removed policies";"Diesel"
"OPEX";"Taxes";"PL";"Excise Duty - Diesel";"Tractor-Trailer";"PROG";"EUR/kWh";2050;"0.033";"Removed policies";"Diesel"
"OPEX";"Taxes";"UK";"Excise Duty - Diesel";"Rigid";"BAU";"EUR/kWh";2050;"0.053";"Removed policies";"Diesel"
"OPEX";"Taxes";"UK";"Excise Duty - Diesel";"Tractor-Trailer";"BAU";"EUR/kWh";2050;"0.053";"Removed policies";"Diesel"
"OPEX";"Taxes";"UK";"Excise Duty - Diesel";"Rigid";"PROG";"EUR/kWh";2050;"0.053";"Removed policies";"Diesel"
"OPEX";"Taxes";"UK";"Excise Duty - Diesel";"Tractor-Trailer";"PROG";"EUR/kWh";2050;"0.053";"Removed policies";"Diesel"
"OPEX";"Taxes";"DE";"Excise Duty - Reduction biodiesel";"Rigid";"BAU";"%";2050;"0.5";"Removed policies";"Diesel"
"OPEX";"Taxes";"DE";"Excise Duty - Reduction biodiesel";"Tractor-Trailer";"BAU";"%";2050;"0.5";"Removed policies";"Diesel"
"OPEX";"Taxes";"DE";"Excise Duty - Reduction biodiesel";"Rigid";"PROG";"%";2050;"0.5";"Removed policies";"Diesel"
"OPEX";"Taxes";"DE";"Excise Duty - Reduction biodiesel";"Tractor-Trailer";"PROG";"%";2050;"0.5";"Removed policies";"Diesel"
"OPEX";"Taxes";"ES";"Excise Duty - Reduction biodiesel";"Rigid";"BAU";"%";2050;"0.5";"Removed policies";"Diesel"
"OPEX";"Taxes";"ES";"Excise Duty - Reduction biodiesel";"Tractor-Trailer";"BAU";"%";2050;"0.5";"Removed policies";"Diesel"
"OPEX";"Taxes";"ES";"Excise Duty - Reduction biodiesel";"Rigid";"PROG";"%";2050;"0.5";"Removed policies";"Diesel"
"OPEX";"Taxes";"ES";"Excise Duty - Reduction biodiesel";"Tractor-Trailer";"PROG";"%";2050;"0.5";"Removed policies";"Diesel"
"OPEX";"Taxes";"FR";"Excise Duty - Reduction biodiesel";"Rigid";"BAU";"%";2050;"0.5";"Removed policies";"Diesel"
"OPEX";"Taxes";"FR";"Excise Duty - Reduction biodiesel";"Tractor-Trailer";"BAU";"%";2050;"0.5";"Removed policies";"Diesel"
"OPEX";"Taxes";"FR";"Excise Duty - Reduction biodiesel";"Rigid";"PROG";"%";2050;"0.5";"Removed policies";"Diesel"
"OPEX";"Taxes";"FR";"Excise Duty - Reduction biodiesel";"Tractor-Trailer";"PROG";"%";2050;"0.5";"Removed policies";"Diesel"
"OPEX";"Taxes";"IT";"Excise Duty - Reduction biodiesel";"Rigid";"BAU";"%";2050;"0.5";"Removed policies";"Diesel"
"OPEX";"Taxes";"IT";"Excise Duty - Reduction biodiesel";"Tractor-Trailer";"BAU";"%";2050;"0.5";"Removed policies";"Diesel"
"OPEX";"Taxes";"IT";"Excise Duty - Reduction biodiesel";"Rigid";"PROG";"%";2050;"0.5";"Removed policies";"Diesel"
"OPEX";"Taxes";"IT";"Excise Duty - Reduction biodiesel";"Tractor-Trailer";"PROG";"%";2050;"0.5";"Removed policies";"Diesel"
"OPEX";"Taxes";"NL";"Excise Duty - Reduction biodiesel";"Rigid";"BAU";"%";2050;"0.5";"Removed policies";"Diesel"
"OPEX";"Taxes";"NL";"Excise Duty - Reduction biodiesel";"Tractor-Trailer";"BAU";"%";2050;"0.5";"Removed policies";"Diesel"
"OPEX";"Taxes";"NL";"Excise Duty - Reduction biodiesel";"Rigid";"PROG";"%";2050;"0.5";"Removed policies";"Diesel"
"OPEX";"Taxes";"NL";"Excise Duty - Reduction biodiesel";"Tractor-Trailer";"PROG";"%";2050;"0.5";"Removed policies";"Diesel"
"OPEX";"Taxes";"PL";"Excise Duty - Reduction biodiesel";"Rigid";"BAU";"%";2050;"0.5";"Removed policies";"Diesel"
"OPEX";"Taxes";"PL";"Excise Duty - Reduction biodiesel";"Tractor-Trailer";"BAU";"%";2050;"0.5";"Removed policies";"Diesel"
"OPEX";"Taxes";"PL";"Excise Duty - Reduction biodiesel";"Rigid";"PROG";"%";2050;"0.5";"Removed policies";"Diesel"
"OPEX";"Taxes";"PL";"Excise Duty - Reduction biodiesel";"Tractor-Trailer";"PROG";"%";2050;"0.5";"Removed policies";"Diesel"
"OPEX";"Taxes";"UK";"Excise Duty - Reduction biodiesel";"Rigid";"BAU";"%";2050;"0.5";"Removed policies";"Diesel"
"OPEX";"Taxes";"UK";"Excise Duty - Reduction biodiesel";"Tractor-Trailer";"BAU";"%";2050;"0.5";"Removed policies";"Diesel"
"OPEX";"Taxes";"UK";"Excise Duty - Reduction biodiesel";"Rigid";"PROG";"%";2050;"0.5";"Removed policies";"Diesel"
"OPEX";"Taxes";"UK";"Excise Duty - Reduction biodiesel";"Tractor-Trailer";"PROG";"%";2050;"0.5";"Removed policies";"Diesel"
"OPEX";"Taxes";"DE";"Excise Duty - Reduction Synthetic Diesel (E-Fuels)";"Rigid";"BAU";"%";2050;"0.5";"Removed policies";"Diesel"
"OPEX";"Taxes";"DE";"Excise Duty - Reduction Synthetic Diesel (E-Fuels)";"Tractor-Trailer";"BAU";"%";2050;"0.5";"Removed policies";"Diesel"
"OPEX";"Taxes";"DE";"Excise Duty - Reduction Synthetic Diesel (E-Fuels)";"Rigid";"PROG";"%";2050;"0.5";"Removed policies";"Diesel"
"OPEX";"Taxes";"DE";"Excise Duty - Reduction Synthetic Diesel (E-Fuels)";"Tractor-Trailer";"PROG";"%";2050;"0.5";"Removed policies";"Diesel"
"OPEX";"Taxes";"ES";"Excise Duty - Reduction Synthetic Diesel (E-Fuels)";"Rigid";"BAU";"%";2050;"0.5";"Removed policies";"Diesel"
"OPEX";"Taxes";"ES";"Excise Duty - Reduction Synthetic Diesel (E-Fuels)";"Tractor-Trailer";"BAU";"%";2050;"0.5";"Removed policies";"Diesel"
"OPEX";"Taxes";"ES";"Excise Duty - Reduction Synthetic Diesel (E-Fuels)";"Rigid";"PROG";"%";2050;"0.5";"Removed policies";"Diesel"
"OPEX";"Taxes";"ES";"Excise Duty - Reduction Synthetic Diesel (E-Fuels)";"Tractor-Trailer";"PROG";"%";2050;"0.5";"Removed policies";"Diesel"
"OPEX";"Taxes";"FR";"Excise Duty - Reduction Synthetic Diesel (E-Fuels)";"Rigid";"BAU";"%";2050;"0.5";"Removed policies";"Diesel"
"OPEX";"Taxes";"FR";"Excise Duty - Reduction Synthetic Diesel (E-Fuels)";"Tractor-Trailer";"BAU";"%";2050;"0.5";"Removed policies";"Diesel"
"OPEX";"Taxes";"FR";"Excise Duty - Reduction Synthetic Diesel (E-Fuels)";"Rigid";"PROG";"%";2050;"0.5";"Removed policies";"Diesel"
"OPEX";"Taxes";"FR";"Excise Duty - Reduction Synthetic Diesel (E-Fuels)";"Tractor-Trailer";"PROG";"%";2050;"0.5";"Removed policies";"Diesel"
"OPEX";"Taxes";"IT";"Excise Duty - Reduction Synthetic Diesel (E-Fuels)";"Rigid";"BAU";"%";2050;"0.5";"Removed policies";"Diesel"
"OPEX";"Taxes";"IT";"Excise Duty - Reduction Synthetic Diesel (E-Fuels)";"Tractor-Trailer";"BAU";"%";2050;"0.5";"Removed policies";"Diesel"
"OPEX";"Taxes";"IT";"Excise Duty - Reduction Synthetic Diesel (E-Fuels)";"Rigid";"PROG";"%";2050;"0.5";"Removed policies";"Diesel"
"OPEX";"Taxes";"IT";"Excise Duty - Reduction Synthetic Diesel (E-Fuels)";"Tractor-Trailer";"PROG";"%";2050;"0.5";"Removed policies";"Diesel"
"OPEX";"Taxes";"NL";"Excise Duty - Reduction Synthetic Diesel (E-Fuels)";"Rigid";"BAU";"%";2050;"0.5";"Removed policies";"Diesel"
"OPEX";"Taxes";"NL";"Excise Duty - Reduction Synthetic Diesel (E-Fuels)";"Tractor-Trailer";"BAU";"%";2050;"0.5";"Removed policies";"Diesel"
"OPEX";"Taxes";"NL";"Excise Duty - Reduction Synthetic Diesel (E-Fuels)";"Rigid";"PROG";"%";2050;"0.5";"Removed policies";"Diesel"
"OPEX";"Taxes";"NL";"Excise Duty - Reduction Synthetic Diesel (E-Fuels)";"Tractor-Trailer";"PROG";"%";2050;"0.5";"Removed policies";"Diesel"
"OPEX";"Taxes";"PL";"Excise Duty - Reduction Synthetic Diesel (E-Fuels)";"Rigid";"BAU";"%";2050;"0.5";"Removed policies";"Diesel"
"OPEX";"Taxes";"PL";"Excise Duty - Reduction Synthetic Diesel (E-Fuels)";"Tractor-Trailer";"BAU";"%";2050;"0.5";"Removed policies";"Diesel"
"OPEX";"Taxes";"PL";"Excise Duty - Reduction Synthetic Diesel (E-Fuels)";"Rigid";"PROG";"%";2050;"0.5";"Removed policies";"Diesel"
"OPEX";"Taxes";"PL";"Excise Duty - Reduction Synthetic Diesel (E-Fuels)";"Tractor-Trailer";"PROG";"%";2050;"0.5";"Removed policies";"Diesel"
"OPEX";"Taxes";"UK";"Excise Duty - Reduction Synthetic Diesel (E-Fuels)";"Rigid";"BAU";"%";2050;"0.5";"Removed policies";"Diesel"
"OPEX";"Taxes";"UK";"Excise Duty - Reduction Synthetic Diesel (E-Fuels)";"Tractor-Trailer";"BAU";"%";2050;"0.5";"Removed policies";"Diesel"
"OPEX";"Taxes";"UK";"Excise Duty - Reduction Synthetic Diesel (E-Fuels)";"Rigid";"PROG";"%";2050;"0.5";"Removed policies";"Diesel"
"OPEX";"Taxes";"UK";"Excise Duty - Reduction Synthetic Diesel (E-Fuels)";"Tractor-Trailer";"PROG";"%";2050;"0.5";"Removed policies";"Diesel"
"OPEX";"Taxes";"DE";"Taxes, Fees, Levies and charges - H2";"Rigid";"BAU";"EUR/kWh";2050;"0.015";"Removed policies";"Hydrogen"
"OPEX";"Taxes";"DE";"Taxes, Fees, Levies and charges - H2";"Tractor-Trailer";"BAU";"EUR/kWh";2050;"0.015";"Removed policies";"Hydrogen"
"OPEX";"Taxes";"DE";"Taxes, Fees, Levies and charges - H2";"Rigid";"PROG";"EUR/kWh";2050;"0.015";"Removed policies";"Hydrogen"
"OPEX";"Taxes";"DE";"Taxes, Fees, Levies and charges - H2";"Tractor-Trailer";"PROG";"EUR/kWh";2050;"0.015";"Removed policies";"Hydrogen"
"OPEX";"Taxes";"ES";"Taxes, Fees, Levies and charges - H2";"Rigid";"BAU";"EUR/kWh";2050;"0.008";"Removed policies";"Hydrogen"
"OPEX";"Taxes";"ES";"Taxes, Fees, Levies and charges - H2";"Tractor-Trailer";"BAU";"EUR/kWh";2050;"0.008";"Removed policies";"Hydrogen"
"OPEX";"Taxes";"ES";"Taxes, Fees, Levies and charges - H2";"Rigid";"PROG";"EUR/kWh";2050;"0.008";"Removed policies";"Hydrogen"
"OPEX";"Taxes";"ES";"Taxes, Fees, Levies and charges - H2";"Tractor-Trailer";"PROG";"EUR/kWh";2050;"0.008";"Removed policies";"Hydrogen"
"OPEX";"Taxes";"FR";"Taxes, Fees, Levies and charges - H2";"Rigid";"BAU";"EUR/kWh";2050;"0.012";"Removed policies";"Hydrogen"
"OPEX";"Taxes";"FR";"Taxes, Fees, Levies and charges - H2";"Tractor-Trailer";"BAU";"EUR/kWh";2050;"0.012";"Removed policies";"Hydrogen"
"OPEX";"Taxes";"FR";"Taxes, Fees, Levies and charges - H2";"Rigid";"PROG";"EUR/kWh";2050;"0.012";"Removed policies";"Hydrogen"
"OPEX";"Taxes";"FR";"Taxes, Fees, Levies and charges - H2";"Tractor-Trailer";"PROG";"EUR/kWh";2050;"0.012";"Removed policies";"Hydrogen"
"OPEX";"Taxes";"IT";"Taxes, Fees, Levies and charges - H2";"Rigid";"BAU";"EUR/kWh";2050;"0.009";"Removed policies";"Hydrogen"
"OPEX";"Taxes";"IT";"Taxes, Fees, Levies and charges - H2";"Tractor-Trailer";"BAU";"EUR/kWh";2050;"0.009";"Removed policies";"Hydrogen"
"OPEX";"Taxes";"IT";"Taxes, Fees, Levies and charges - H2";"Rigid";"PROG";"EUR/kWh";2050;"0.009";"Removed policies";"Hydrogen"
"OPEX";"Taxes";"IT";"Taxes, Fees, Levies and charges - H2";"Tractor-Trailer";"PROG";"EUR/kWh";2050;"0.009";"Removed policies";"Hydrogen"
"OPEX";"Taxes";"NL";"Taxes, Fees, Levies and charges - H2";"Rigid";"BAU";"EUR/kWh";2050;"0.024";"Removed policies";"Hydrogen"
"OPEX";"Taxes";"NL";"Taxes, Fees, Levies and charges - H2";"Tractor-Trailer";"BAU";"EUR/kWh";2050;"0.024";"Removed policies";"Hydrogen"
"OPEX";"Taxes";"NL";"Taxes, Fees, Levies and charges - H2";"Rigid";"PROG";"EUR/kWh";2050;"0.024";"Removed policies";"Hydrogen"
"OPEX";"Taxes";"NL";"Taxes, Fees, Levies and charges - H2";"Tractor-Trailer";"PROG";"EUR/kWh";2050;"0.024";"Removed policies";"Hydrogen"
"OPEX";"Taxes";"PL";"Taxes, Fees, Levies and charges - H2";"Rigid";"BAU";"EUR/kWh";2050;"0.009";"Removed policies";"Hydrogen"
"OPEX";"Taxes";"PL";"Taxes, Fees, Levies and charges - H2";"Tractor-Trailer";"BAU";"EUR/kWh";2050;"0.009";"Removed policies";"Hydrogen"
"OPEX";"Taxes";"PL";"Taxes, Fees, Levies and charges - H2";"Rigid";"PROG";"EUR/kWh";2050;"0.009";"Removed policies";"Hydrogen"
"OPEX";"Taxes";"PL";"Taxes, Fees, Levies and charges - H2";"Tractor-Trailer";"PROG";"EUR/kWh";2050;"0.009";"Removed policies";"Hydrogen"
"OPEX";"Taxes";"UK";"Taxes, Fees, Levies and charges - H2";"Rigid";"BAU";"EUR/kWh";2050;"0.006";"Removed policies";"Hydrogen"
"OPEX";"Taxes";"UK";"Taxes, Fees, Levies and charges - H2";"Tractor-Trailer";"BAU";"EUR/kWh";2050;"0.006";"Removed policies";"Hydrogen"
"OPEX";"Taxes";"UK";"Taxes, Fees, Levies and charges - H2";"Rigid";"PROG";"EUR/kWh";2050;"0.006";"Removed policies";"Hydrogen"
"OPEX";"Taxes";"UK";"Taxes, Fees, Levies and charges - H2";"Tractor-Trailer";"PROG";"EUR/kWh";2050;"0.006";"Removed policies";"Hydrogen"
"OPEX";"Charging Infrastructure";"DE";"MCS grid extension";"Rigid";"PROG";"EUR/kWh";2050;"0.035";"Removed policies";"Electricity"
"OPEX";"Charging Infrastructure";"DE";"MCS grid extension";"Tractor-Trailer";"PROG";"EUR/kWh";2050;"0.035";"Removed policies";"Electricity"
"OPEX";"Charging Infrastructure";"DE";"MCS grid extension";"Rigid";"BAU";"EUR/kWh";2050;"0.035";"Removed policies";"Electricity"
"OPEX";"Charging Infrastructure";"DE";"MCS grid extension";"Tractor-Trailer";"BAU";"EUR/kWh";2050;"0.035";"Removed policies";"Electricity"
"OPEX";"Charging Infrastructure";"ES";"MCS grid extension";"Rigid";"PROG";"EUR/kWh";2050;"0.035";"Removed policies";"Electricity"
"OPEX";"Charging Infrastructure";"ES";"MCS grid extension";"Tractor-Trailer";"PROG";"EUR/kWh";2050;"0.035";"Removed policies";"Electricity"
"OPEX";"Charging Infrastructure";"ES";"MCS grid extension";"Rigid";"BAU";"EUR/kWh";2050;"0.035";"Removed policies";"Electricity"
"OPEX";"Charging Infrastructure";"ES";"MCS grid extension";"Tractor-Trailer";"BAU";"EUR/kWh";2050;"0.035";"Removed policies";"Electricity"
"OPEX";"Charging Infrastructure";"FR";"MCS grid extension";"Rigid";"PROG";"EUR/kWh";2050;"0.035";"Removed policies";"Electricity"
"OPEX";"Charging Infrastructure";"FR";"MCS grid extension";"Tractor-Trailer";"PROG";"EUR/kWh";2050;"0.035";"Removed policies";"Electricity"
"OPEX";"Charging Infrastructure";"FR";"MCS grid extension";"Rigid";"BAU";"EUR/kWh";2050;"0.035";"Removed policies";"Electricity"
"OPEX";"Charging Infrastructure";"FR";"MCS grid extension";"Tractor-Trailer";"BAU";"EUR/kWh";2050;"0.035";"Removed policies";"Electricity"
"OPEX";"Charging Infrastructure";"IT";"MCS grid extension";"Rigid";"PROG";"EUR/kWh";2050;"0.035";"Removed policies";"Electricity"
"OPEX";"Charging Infrastructure";"IT";"MCS grid extension";"Tractor-Trailer";"PROG";"EUR/kWh";2050;"0.035";"Removed policies";"Electricity"
"OPEX";"Charging Infrastructure";"IT";"MCS grid extension";"Rigid";"BAU";"EUR/kWh";2050;"0.035";"Removed policies";"Electricity"
"OPEX";"Charging Infrastructure";"IT";"MCS grid extension";"Tractor-Trailer";"BAU";"EUR/kWh";2050;"0.035";"Removed policies";"Electricity"
"OPEX";"Charging Infrastructure";"NL";"MCS grid extension";"Rigid";"PROG";"EUR/kWh";2050;"0.035";"Removed policies";"Electricity"
"OPEX";"Charging Infrastructure";"NL";"MCS grid extension";"Tractor-Trailer";"PROG";"EUR/kWh";2050;"0.035";"Removed policies";"Electricity"
"OPEX";"Charging Infrastructure";"NL";"MCS grid extension";"Rigid";"BAU";"EUR/kWh";2050;"0.035";"Removed policies";"Electricity"
"OPEX";"Charging Infrastructure";"NL";"MCS grid extension";"Tractor-Trailer";"BAU";"EUR/kWh";2050;"0.035";"Removed policies";"Electricity"
"OPEX";"Charging Infrastructure";"PL";"MCS grid extension";"Rigid";"PROG";"EUR/kWh";2050;"0.035";"Removed policies";"Electricity"
"OPEX";"Charging Infrastructure";"PL";"MCS grid extension";"Tractor-Trailer";"PROG";"EUR/kWh";2050;"0.035";"Removed policies";"Electricity"
"OPEX";"Charging Infrastructure";"PL";"MCS grid extension";"Rigid";"BAU";"EUR/kWh";2050;"0.035";"Removed policies";"Electricity"
"OPEX";"Charging Infrastructure";"PL";"MCS grid extension";"Tractor-Trailer";"BAU";"EUR/kWh";2050;"0.035";"Removed policies";"Electricity"
"OPEX";"Charging Infrastructure";"UK";"MCS grid extension";"Rigid";"PROG";"EUR/kWh";2050;"0.035";"Removed policies";"Electricity"
"OPEX";"Charging Infrastructure";"UK";"MCS grid extension";"Tractor-Trailer";"PROG";"EUR/kWh";2050;"0.035";"Removed policies";"Electricity"
"OPEX";"Charging Infrastructure";"UK";"MCS grid extension";"Rigid";"BAU";"EUR/kWh";2050;"0.035";"Removed policies";"Electricity"
"OPEX";"Charging Infrastructure";"UK";"MCS grid extension";"Tractor-Trailer";"BAU";"EUR/kWh";2050;"0.035";"Removed policies";"Electricity"
"OPEX";"Charging Infrastructure";"DE";"MCS Profit and Mark-Up";"Rigid";"PROG";"%";2050;"0.1";"Removed policies";"Electricity"
"OPEX";"Charging Infrastructure";"DE";"MCS Profit and Mark-Up";"Tractor-Trailer";"PROG";"%";2050;"0.1";"Removed policies";"Electricity"
"OPEX";"Charging Infrastructure";"DE";"MCS Profit and Mark-Up";"Rigid";"BAU";"%";2050;"0.1";"Removed policies";"Electricity"
"OPEX";"Charging Infrastructure";"DE";"MCS Profit and Mark-Up";"Tractor-Trailer";"BAU";"%";2050;"0.1";"Removed policies";"Electricity"
"OPEX";"Charging Infrastructure";"ES";"MCS Profit and Mark-Up";"Rigid";"PROG";"%";2050;"0.1";"Removed policies";"Electricity"
"OPEX";"Charging Infrastructure";"ES";"MCS Profit and Mark-Up";"Tractor-Trailer";"PROG";"%";2050;"0.1";"Removed policies";"Electricity"
"OPEX";"Charging Infrastructure";"ES";"MCS Profit and Mark-Up";"Rigid";"BAU";"%";2050;"0.1";"Removed policies";"Electricity"
"OPEX";"Charging Infrastructure";"ES";"MCS Profit and Mark-Up";"Tractor-Trailer";"BAU";"%";2050;"0.1";"Removed policies";"Electricity"
"OPEX";"Charging Infrastructure";"FR";"MCS Profit and Mark-Up";"Rigid";"PROG";"%";2050;"0.1";"Removed policies";"Electricity"
"OPEX";"Charging Infrastructure";"FR";"MCS Profit and Mark-Up";"Tractor-Trailer";"PROG";"%";2050;"0.1";"Removed policies";"Electricity"
"OPEX";"Charging Infrastructure";"FR";"MCS Profit and Mark-Up";"Rigid";"BAU";"%";2050;"0.1";"Removed policies";"Electricity"
"OPEX";"Charging Infrastructure";"FR";"MCS Profit and Mark-Up";"Tractor-Trailer";"BAU";"%";2050;"0.1";"Removed policies";"Electricity"
"OPEX";"Charging Infrastructure";"IT";"MCS Profit and Mark-Up";"Rigid";"PROG";"%";2050;"0.1";"Removed policies";"Electricity"
"OPEX";"Charging Infrastructure";"IT";"MCS Profit and Mark-Up";"Tractor-Trailer";"PROG";"%";2050;"0.1";"Removed policies";"Electricity"
"OPEX";"Charging Infrastructure";"IT";"MCS Profit and Mark-Up";"Rigid";"BAU";"%";2050;"0.1";"Removed policies";"Electricity"
"OPEX";"Charging Infrastructure";"IT";"MCS Profit and Mark-Up";"Tractor-Trailer";"BAU";"%";2050;"0.1";"Removed policies";"Electricity"
"OPEX";"Charging Infrastructure";"NL";"MCS Profit and Mark-Up";"Rigid";"PROG";"%";2050;"0.1";"Removed policies";"Electricity"
"OPEX";"Charging Infrastructure";"NL";"MCS Profit and Mark-Up";"Tractor-Trailer";"PROG";"%";2050;"0.1";"Removed policies";"Electricity"
"OPEX";"Charging Infrastructure";"NL";"MCS Profit and Mark-Up";"Rigid";"BAU";"%";2050;"0.1";"Removed policies";"Electricity"
"OPEX";"Charging Infrastructure";"NL";"MCS Profit and Mark-Up";"Tractor-Trailer";"BAU";"%";2050;"0.1";"Removed policies";"Electricity"
"OPEX";"Charging Infrastructure";"PL";"MCS Profit and Mark-Up";"Rigid";"PROG";"%";2050;"0.1";"Removed policies";"Electricity"
"OPEX";"Charging Infrastructure";"PL";"MCS Profit and Mark-Up";"Tractor-Trailer";"PROG";"%";2050;"0.1";"Removed policies";"Electricity"
"OPEX";"Charging Infrastructure";"PL";"MCS Profit and Mark-Up";"Rigid";"BAU";"%";2050;"0.1";"Removed policies";"Electricity"
"OPEX";"Charging Infrastructure";"PL";"MCS Profit and Mark-Up";"Tractor-Trailer";"BAU";"%";2050;"0.1";"Removed policies";"Electricity"
"OPEX";"Charging Infrastructure";"UK";"MCS Profit and Mark-Up";"Rigid";"PROG";"%";2050;"0.1";"Removed policies";"Electricity"
"OPEX";"Charging Infrastructure";"UK";"MCS Profit and Mark-Up";"Tractor-Trailer";"PROG";"%";2050;"0.1";"Removed policies";"Electricity"
"OPEX";"Charging Infrastructure";"UK";"MCS Profit and Mark-Up";"Rigid";"BAU";"%";2050;"0.1";"Removed policies";"Electricity"
"OPEX";"Charging Infrastructure";"UK";"MCS Profit and Mark-Up";"Tractor-Trailer";"BAU";"%";2050;"0.1";"Removed policies";"Electricity"
"OPEX";"Charging Infrastructure";"DE";"CCS Station (Depot) - Incl. Overhead";"Rigid";"PROG";"EUR/kWh";2050;"0.019";"Removed policies";"Electricity"
"OPEX";"Charging Infrastructure";"DE";"CCS Station (Depot) - Incl. Overhead";"Tractor-Trailer";"PROG";"EUR/kWh";2050;"0.019";"Removed policies";"Electricity"
"OPEX";"Charging Infrastructure";"DE";"CCS Station (Depot) - Incl. Overhead";"Rigid";"BAU";"EUR/kWh";2050;"0.019";"Removed policies";"Electricity"
"OPEX";"Charging Infrastructure";"DE";"CCS Station (Depot) - Incl. Overhead";"Tractor-Trailer";"BAU";"EUR/kWh";2050;"0.019";"Removed policies";"Electricity"
"OPEX";"Charging Infrastructure";"ES";"CCS Station (Depot) - Incl. Overhead";"Rigid";"PROG";"EUR/kWh";2050;"0.019";"Removed policies";"Electricity"
"OPEX";"Charging Infrastructure";"ES";"CCS Station (Depot) - Incl. Overhead";"Tractor-Trailer";"PROG";"EUR/kWh";2050;"0.019";"Removed policies";"Electricity"
"OPEX";"Charging Infrastructure";"ES";"CCS Station (Depot) - Incl. Overhead";"Rigid";"BAU";"EUR/kWh";2050;"0.019";"Removed policies";"Electricity"
"OPEX";"Charging Infrastructure";"ES";"CCS Station (Depot) - Incl. Overhead";"Tractor-Trailer";"BAU";"EUR/kWh";2050;"0.019";"Removed policies";"Electricity"
"OPEX";"Charging Infrastructure";"FR";"CCS Station (Depot) - Incl. Overhead";"Rigid";"PROG";"EUR/kWh";2050;"0.019";"Removed policies";"Electricity"
"OPEX";"Charging Infrastructure";"FR";"CCS Station (Depot) - Incl. Overhead";"Tractor-Trailer";"PROG";"EUR/kWh";2050;"0.019";"Removed policies";"Electricity"
"OPEX";"Charging Infrastructure";"FR";"CCS Station (Depot) - Incl. Overhead";"Rigid";"BAU";"EUR/kWh";2050;"0.019";"Removed policies";"Electricity"
"OPEX";"Charging Infrastructure";"FR";"CCS Station (Depot) - Incl. Overhead";"Tractor-Trailer";"BAU";"EUR/kWh";2050;"0.019";"Removed policies";"Electricity"
"OPEX";"Charging Infrastructure";"IT";"CCS Station (Depot) - Incl. Overhead";"Rigid";"PROG";"EUR/kWh";2050;"0.019";"Removed policies";"Electricity"
"OPEX";"Charging Infrastructure";"IT";"CCS Station (Depot) - Incl. Overhead";"Tractor-Trailer";"PROG";"EUR/kWh";2050;"0.019";"Removed policies";"Electricity"
"OPEX";"Charging Infrastructure";"IT";"CCS Station (Depot) - Incl. Overhead";"Rigid";"BAU";"EUR/kWh";2050;"0.019";"Removed policies";"Electricity"
"OPEX";"Charging Infrastructure";"IT";"CCS Station (Depot) - Incl. Overhead";"Tractor-Trailer";"BAU";"EUR/kWh";2050;"0.019";"Removed policies";"Electricity"
"OPEX";"Charging Infrastructure";"NL";"CCS Station (Depot) - Incl. Overhead";"Rigid";"PROG";"EUR/kWh";2050;"0.019";"Removed policies";"Electricity"
"OPEX";"Charging Infrastructure";"NL";"CCS Station (Depot) - Incl. Overhead";"Tractor-Trailer";"PROG";"EUR/kWh";2050;"0.019";"Removed policies";"Electricity"
"OPEX";"Charging Infrastructure";"NL";"CCS Station (Depot) - Incl. Overhead";"Rigid";"BAU";"EUR/kWh";2050;"0.019";"Removed policies";"Electricity"
"OPEX";"Charging Infrastructure";"NL";"CCS Station (Depot) - Incl. Overhead";"Tractor-Trailer";"BAU";"EUR/kWh";2050;"0.019";"Removed policies";"Electricity"
"OPEX";"Charging Infrastructure";"PL";"CCS Station (Depot) - Incl. Overhead";"Rigid";"PROG";"EUR/kWh";2050;"0.019";"Removed policies";"Electricity"
"OPEX";"Charging Infrastructure";"PL";"CCS Station (Depot) - Incl. Overhead";"Tractor-Trailer";"PROG";"EUR/kWh";2050;"0.019";"Removed policies";"Electricity"
"OPEX";"Charging Infrastructure";"PL";"CCS Station (Depot) - Incl. Overhead";"Rigid";"BAU";"EUR/kWh";2050;"0.019";"Removed policies";"Electricity"
"OPEX";"Charging Infrastructure";"PL";"CCS Station (Depot) - Incl. Overhead";"Tractor-Trailer";"BAU";"EUR/kWh";2050;"0.019";"Removed policies";"Electricity"
"OPEX";"Charging Infrastructure";"UK";"CCS Station (Depot) - Incl. Overhead";"Rigid";"PROG";"EUR/kWh";2050;"0.019";"Removed policies";"Electricity"
"OPEX";"Charging Infrastructure";"UK";"CCS Station (Depot) - Incl. Overhead";"Tractor-Trailer";"PROG";"EUR/kWh";2050;"0.019";"Removed policies";"Electricity"
"OPEX";"Charging Infrastructure";"UK";"CCS Station (Depot) - Incl. Overhead";"Rigid";"BAU";"EUR/kWh";2050;"0.019";"Removed policies";"Electricity"
"OPEX";"Charging Infrastructure";"UK";"CCS Station (Depot) - Incl. Overhead";"Tractor-Trailer";"BAU";"EUR/kWh";2050;"0.019";"Removed policies";"Electricity"
"OPEX";"Charging Infrastructure";"DE";"CCS grid extension";"Rigid";"PROG";"EUR/kWh";2050;"0.045";"Removed policies";"Electricity"
"OPEX";"Charging Infrastructure";"DE";"CCS grid extension";"Tractor-Trailer";"PROG";"EUR/kWh";2050;"0.045";"Removed policies";"Electricity"
"OPEX";"Charging Infrastructure";"DE";"CCS grid extension";"Rigid";"BAU";"EUR/kWh";2050;"0.045";"Removed policies";"Electricity"
"OPEX";"Charging Infrastructure";"DE";"CCS grid extension";"Tractor-Trailer";"BAU";"EUR/kWh";2050;"0.045";"Removed policies";"Electricity"
"OPEX";"Charging Infrastructure";"ES";"CCS grid extension";"Rigid";"PROG";"EUR/kWh";2050;"0.045";"Removed policies";"Electricity"
"OPEX";"Charging Infrastructure";"ES";"CCS grid extension";"Tractor-Trailer";"PROG";"EUR/kWh";2050;"0.045";"Removed policies";"Electricity"
"OPEX";"Charging Infrastructure";"ES";"CCS grid extension";"Rigid";"BAU";"EUR/kWh";2050;"0.045";"Removed policies";"Electricity"
"OPEX";"Charging Infrastructure";"ES";"CCS grid extension";"Tractor-Trailer";"BAU";"EUR/kWh";2050;"0.045";"Removed policies";"Electricity"
"OPEX";"Charging Infrastructure";"FR";"CCS grid extension";"Rigid";"PROG";"EUR/kWh";2050;"0.045";"Removed policies";"Electricity"
"OPEX";"Charging Infrastructure";"FR";"CCS grid extension";"Tractor-Trailer";"PROG";"EUR/kWh";2050;"0.045";"Removed policies";"Electricity"
"OPEX";"Charging Infrastructure";"FR";"CCS grid extension";"Rigid";"BAU";"EUR/kWh";2050;"0.045";"Removed policies";"Electricity"
"OPEX";"Charging Infrastructure";"FR";"CCS grid extension";"Tractor-Trailer";"BAU";"EUR/kWh";2050;"0.045";"Removed policies";"Electricity"
"OPEX";"Charging Infrastructure";"IT";"CCS grid extension";"Rigid";"PROG";"EUR/kWh";2050;"0.045";"Removed policies";"Electricity"
"OPEX";"Charging Infrastructure";"IT";"CCS grid extension";"Tractor-Trailer";"PROG";"EUR/kWh";2050;"0.045";"Removed policies";"Electricity"
"OPEX";"Charging Infrastructure";"IT";"CCS grid extension";"Rigid";"BAU";"EUR/kWh";2050;"0.045";"Removed policies";"Electricity"
"OPEX";"Charging Infrastructure";"IT";"CCS grid extension";"Tractor-Trailer";"BAU";"EUR/kWh";2050;"0.045";"Removed policies";"Electricity"
"OPEX";"Charging Infrastructure";"NL";"CCS grid extension";"Rigid";"PROG";"EUR/kWh";2050;"0.045";"Removed policies";"Electricity"
"OPEX";"Charging Infrastructure";"NL";"CCS grid extension";"Tractor-Trailer";"PROG";"EUR/kWh";2050;"0.045";"Removed policies";"Electricity"
"OPEX";"Charging Infrastructure";"NL";"CCS grid extension";"Rigid";"BAU";"EUR/kWh";2050;"0.045";"Removed policies";"Electricity"
"OPEX";"Charging Infrastructure";"NL";"CCS grid extension";"Tractor-Trailer";"BAU";"EUR/kWh";2050;"0.045";"Removed policies";"Electricity"
"OPEX";"Charging Infrastructure";"PL";"CCS grid extension";"Rigid";"PROG";"EUR/kWh";2050;"0.045";"Removed policies";"Electricity"
"OPEX";"Charging Infrastructure";"PL";"CCS grid extension";"Tractor-Trailer";"PROG";"EUR/kWh";2050;"0.045";"Removed policies";"Electricity"
"OPEX";"Charging Infrastructure";"PL";"CCS grid extension";"Rigid";"BAU";"EUR/kWh";2050;"0.045";"Removed policies";"Electricity"
"OPEX";"Charging Infrastructure";"PL";"CCS grid extension";"Tractor-Trailer";"BAU";"EUR/kWh";2050;"0.045";"Removed policies";"Electricity"
"OPEX";"Charging Infrastructure";"UK";"CCS grid extension";"Rigid";"PROG";"EUR/kWh";2050;"0.045";"Removed policies";"Electricity"
"OPEX";"Charging Infrastructure";"UK";"CCS grid extension";"Tractor-Trailer";"PROG";"EUR/kWh";2050;"0.045";"Removed policies";"Electricity"
"OPEX";"Charging Infrastructure";"UK";"CCS grid extension";"Rigid";"BAU";"EUR/kWh";2050;"0.045";"Removed policies";"Electricity"
"OPEX";"Charging Infrastructure";"UK";"CCS grid extension";"Tractor-Trailer";"BAU";"EUR/kWh";2050;"0.045";"Removed policies";"Electricity"
"OPEX";"Diesel Infrastructure";"DE";"Total Diesel Mark-Up";"Rigid";"BAU";"EUR/kWh";2050;"0.018";"Removed policies";"Diesel"
"OPEX";"Diesel Infrastructure";"DE";"Total Diesel Mark-Up";"Tractor-Trailer";"BAU";"EUR/kWh";2050;"0.018";"Removed policies";"Diesel"
"OPEX";"Diesel Infrastructure";"DE";"Total Diesel Mark-Up";"Rigid";"PROG";"EUR/kWh";2050;"0.018";"Removed policies";"Diesel"
"OPEX";"Diesel Infrastructure";"DE";"Total Diesel Mark-Up";"Tractor-Trailer";"PROG";"EUR/kWh";2050;"0.018";"Removed policies";"Diesel"
"OPEX";"Diesel Infrastructure";"ES";"Total Diesel Mark-Up";"Rigid";"BAU";"EUR/kWh";2050;"0.018";"Removed policies";"Diesel"
"OPEX";"Diesel Infrastructure";"ES";"Total Diesel Mark-Up";"Tractor-Trailer";"BAU";"EUR/kWh";2050;"0.018";"Removed policies";"Diesel"
"OPEX";"Diesel Infrastructure";"ES";"Total Diesel Mark-Up";"Rigid";"PROG";"EUR/kWh";2050;"0.018";"Removed policies";"Diesel"
"OPEX";"Diesel Infrastructure";"ES";"Total Diesel Mark-Up";"Tractor-Trailer";"PROG";"EUR/kWh";2050;"0.018";"Removed policies";"Diesel"
"OPEX";"Diesel Infrastructure";"FR";"Total Diesel Mark-Up";"Rigid";"BAU";"EUR/kWh";2050;"0.018";"Removed policies";"Diesel"
"OPEX";"Diesel Infrastructure";"FR";"Total Diesel Mark-Up";"Tractor-Trailer";"BAU";"EUR/kWh";2050;"0.018";"Removed policies";"Diesel"
"OPEX";"Diesel Infrastructure";"FR";"Total Diesel Mark-Up";"Rigid";"PROG";"EUR/kWh";2050;"0.018";"Removed policies";"Diesel"
"OPEX";"Diesel Infrastructure";"FR";"Total Diesel Mark-Up";"Tractor-Trailer";"PROG";"EUR/kWh";2050;"0.018";"Removed policies";"Diesel"
"OPEX";"Diesel Infrastructure";"IT";"Total Diesel Mark-Up";"Rigid";"BAU";"EUR/kWh";2050;"0.018";"Removed policies";"Diesel"
"OPEX";"Diesel Infrastructure";"IT";"Total Diesel Mark-Up";"Tractor-Trailer";"BAU";"EUR/kWh";2050;"0.018";"Removed policies";"Diesel"
"OPEX";"Diesel Infrastructure";"IT";"Total Diesel Mark-Up";"Rigid";"PROG";"EUR/kWh";2050;"0.018";"Removed policies";"Diesel"
"OPEX";"Diesel Infrastructure";"IT";"Total Diesel Mark-Up";"Tractor-Trailer";"PROG";"EUR/kWh";2050;"0.018";"Removed policies";"Diesel"
"OPEX";"Diesel Infrastructure";"NL";"Total Diesel Mark-Up";"Rigid";"BAU";"EUR/kWh";2050;"0.018";"Removed policies";"Diesel"
"OPEX";"Diesel Infrastructure";"NL";"Total Diesel Mark-Up";"Tractor-Trailer";"BAU";"EUR/kWh";2050;"0.018";"Removed policies";"Diesel"
"OPEX";"Diesel Infrastructure";"NL";"Total Diesel Mark-Up";"Rigid";"PROG";"EUR/kWh";2050;"0.018";"Removed policies";"Diesel"
"OPEX";"Diesel Infrastructure";"NL";"Total Diesel Mark-Up";"Tractor-Trailer";"PROG";"EUR/kWh";2050;"0.018";"Removed policies";"Diesel"
"OPEX";"Diesel Infrastructure";"PL";"Total Diesel Mark-Up";"Rigid";"BAU";"EUR/kWh";2050;"0.018";"Removed policies";"Diesel"
"OPEX";"Diesel Infrastructure";"PL";"Total Diesel Mark-Up";"Tractor-Trailer";"BAU";"EUR/kWh";2050;"0.018";"Removed policies";"Diesel"
"OPEX";"Diesel Infrastructure";"PL";"Total Diesel Mark-Up";"Rigid";"PROG";"EUR/kWh";2050;"0.018";"Removed policies";"Diesel"
"OPEX";"Diesel Infrastructure";"PL";"Total Diesel Mark-Up";"Tractor-Trailer";"PROG";"EUR/kWh";2050;"0.018";"Removed policies";"Diesel"
"OPEX";"Diesel Infrastructure";"UK";"Total Diesel Mark-Up";"Rigid";"BAU";"EUR/kWh";2050;"0.018";"Removed policies";"Diesel"
"OPEX";"Diesel Infrastructure";"UK";"Total Diesel Mark-Up";"Tractor-Trailer";"BAU";"EUR/kWh";2050;"0.018";"Removed policies";"Diesel"
"OPEX";"Diesel Infrastructure";"UK";"Total Diesel Mark-Up";"Rigid";"PROG";"EUR/kWh";2050;"0.018";"Removed policies";"Diesel"
"OPEX";"Diesel Infrastructure";"UK";"Total Diesel Mark-Up";"Tractor-Trailer";"PROG";"EUR/kWh";2050;"0.018";"Removed policies";"Diesel"
"OPEX";"Diesel Infrastructure";"DE";"CO2 emission factor Biodiesel";"Rigid";"BAU";"%";2050;"0.152";"Removed policies";"Diesel"
"OPEX";"Diesel Infrastructure";"DE";"CO2 emission factor Biodiesel";"Tractor-Trailer";"BAU";"%";2050;"0.152";"Removed policies";"Diesel"
"OPEX";"Diesel Infrastructure";"DE";"CO2 emission factor Biodiesel";"Rigid";"PROG";"%";2050;"0.152";"Removed policies";"Diesel"
"OPEX";"Diesel Infrastructure";"DE";"CO2 emission factor Biodiesel";"Tractor-Trailer";"PROG";"%";2050;"0.152";"Removed policies";"Diesel"
"OPEX";"Diesel Infrastructure";"ES";"CO2 emission factor Biodiesel";"Rigid";"BAU";"%";2050;"0.152";"Removed policies";"Diesel"
"OPEX";"Diesel Infrastructure";"ES";"CO2 emission factor Biodiesel";"Tractor-Trailer";"BAU";"%";2050;"0.152";"Removed policies";"Diesel"
"OPEX";"Diesel Infrastructure";"ES";"CO2 emission factor Biodiesel";"Rigid";"PROG";"%";2050;"0.152";"Removed policies";"Diesel"
"OPEX";"Diesel Infrastructure";"ES";"CO2 emission factor Biodiesel";"Tractor-Trailer";"PROG";"%";2050;"0.152";"Removed policies";"Diesel"
"OPEX";"Diesel Infrastructure";"FR";"CO2 emission factor Biodiesel";"Rigid";"BAU";"%";2050;"0.152";"Removed policies";"Diesel"
"OPEX";"Diesel Infrastructure";"FR";"CO2 emission factor Biodiesel";"Tractor-Trailer";"BAU";"%";2050;"0.152";"Removed policies";"Diesel"
"OPEX";"Diesel Infrastructure";"FR";"CO2 emission factor Biodiesel";"Rigid";"PROG";"%";2050;"0.152";"Removed policies";"Diesel"
"OPEX";"Diesel Infrastructure";"FR";"CO2 emission factor Biodiesel";"Tractor-Trailer";"PROG";"%";2050;"0.152";"Removed policies";"Diesel"
"OPEX";"Diesel Infrastructure";"IT";"CO2 emission factor Biodiesel";"Rigid";"BAU";"%";2050;"0.152";"Removed policies";"Diesel"
"OPEX";"Diesel Infrastructure";"IT";"CO2 emission factor Biodiesel";"Tractor-Trailer";"BAU";"%";2050;"0.152";"Removed policies";"Diesel"
"OPEX";"Diesel Infrastructure";"IT";"CO2 emission factor Biodiesel";"Rigid";"PROG";"%";2050;"0.152";"Removed policies";"Diesel"
"OPEX";"Diesel Infrastructure";"IT";"CO2 emission factor Biodiesel";"Tractor-Trailer";"PROG";"%";2050;"0.152";"Removed policies";"Diesel"
"OPEX";"Diesel Infrastructure";"NL";"CO2 emission factor Biodiesel";"Rigid";"BAU";"%";2050;"0.152";"Removed policies";"Diesel"
"OPEX";"Diesel Infrastructure";"NL";"CO2 emission factor Biodiesel";"Tractor-Trailer";"BAU";"%";2050;"0.152";"Removed policies";"Diesel"
"OPEX";"Diesel Infrastructure";"NL";"CO2 emission factor Biodiesel";"Rigid";"PROG";"%";2050;"0.152";"Removed policies";"Diesel"
"OPEX";"Diesel Infrastructure";"NL";"CO2 emission factor Biodiesel";"Tractor-Trailer";"PROG";"%";2050;"0.152";"Removed policies";"Diesel"
"OPEX";"Diesel Infrastructure";"PL";"CO2 emission factor Biodiesel";"Rigid";"BAU";"%";2050;"0.152";"Removed policies";"Diesel"
"OPEX";"Diesel Infrastructure";"PL";"CO2 emission factor Biodiesel";"Tractor-Trailer";"BAU";"%";2050;"0.152";"Removed policies";"Diesel"
"OPEX";"Diesel Infrastructure";"PL";"CO2 emission factor Biodiesel";"Rigid";"PROG";"%";2050;"0.152";"Removed policies";"Diesel"
"OPEX";"Diesel Infrastructure";"PL";"CO2 emission factor Biodiesel";"Tractor-Trailer";"PROG";"%";2050;"0.152";"Removed policies";"Diesel"
"OPEX";"Diesel Infrastructure";"UK";"CO2 emission factor Biodiesel";"Rigid";"BAU";"%";2050;"0.152";"Removed policies";"Diesel"
"OPEX";"Diesel Infrastructure";"UK";"CO2 emission factor Biodiesel";"Tractor-Trailer";"BAU";"%";2050;"0.152";"Removed policies";"Diesel"
"OPEX";"Diesel Infrastructure";"UK";"CO2 emission factor Biodiesel";"Rigid";"PROG";"%";2050;"0.152";"Removed policies";"Diesel"
"OPEX";"Diesel Infrastructure";"UK";"CO2 emission factor Biodiesel";"Tractor-Trailer";"PROG";"%";2050;"0.152";"Removed policies";"Diesel"
"OPEX";"Diesel Infrastructure";"DE";"CO2 emission factor Pt-Diesel";"Rigid";"BAU";"%";2050;"0";"Removed policies";"Diesel"
"OPEX";"Diesel Infrastructure";"DE";"CO2 emission factor Pt-Diesel";"Tractor-Trailer";"BAU";"%";2050;"0";"Removed policies";"Diesel"
"OPEX";"Diesel Infrastructure";"DE";"CO2 emission factor Pt-Diesel";"Rigid";"PROG";"%";2050;"0";"Removed policies";"Diesel"
"OPEX";"Diesel Infrastructure";"DE";"CO2 emission factor Pt-Diesel";"Tractor-Trailer";"PROG";"%";2050;"0";"Removed policies";"Diesel"
"OPEX";"Diesel Infrastructure";"ES";"CO2 emission factor Pt-Diesel";"Rigid";"BAU";"%";2050;"0";"Removed policies";"Diesel"
"OPEX";"Diesel Infrastructure";"ES";"CO2 emission factor Pt-Diesel";"Tractor-Trailer";"BAU";"%";2050;"0";"Removed policies";"Diesel"
"OPEX";"Diesel Infrastructure";"ES";"CO2 emission factor Pt-Diesel";"Rigid";"PROG";"%";2050;"0";"Removed policies";"Diesel"
"OPEX";"Diesel Infrastructure";"ES";"CO2 emission factor Pt-Diesel";"Tractor-Trailer";"PROG";"%";2050;"0";"Removed policies";"Diesel"
"OPEX";"Diesel Infrastructure";"FR";"CO2 emission factor Pt-Diesel";"Rigid";"BAU";"%";2050;"0";"Removed policies";"Diesel"
"OPEX";"Diesel Infrastructure";"FR";"CO2 emission factor Pt-Diesel";"Tractor-Trailer";"BAU";"%";2050;"0";"Removed policies";"Diesel"
"OPEX";"Diesel Infrastructure";"FR";"CO2 emission factor Pt-Diesel";"Rigid";"PROG";"%";2050;"0";"Removed policies";"Diesel"
"OPEX";"Diesel Infrastructure";"FR";"CO2 emission factor Pt-Diesel";"Tractor-Trailer";"PROG";"%";2050;"0";"Removed policies";"Diesel"
"OPEX";"Diesel Infrastructure";"IT";"CO2 emission factor Pt-Diesel";"Rigid";"BAU";"%";2050;"0";"Removed policies";"Diesel"
"OPEX";"Diesel Infrastructure";"IT";"CO2 emission factor Pt-Diesel";"Tractor-Trailer";"BAU";"%";2050;"0";"Removed policies";"Diesel"
"OPEX";"Diesel Infrastructure";"IT";"CO2 emission factor Pt-Diesel";"Rigid";"PROG";"%";2050;"0";"Removed policies";"Diesel"
"OPEX";"Diesel Infrastructure";"IT";"CO2 emission factor Pt-Diesel";"Tractor-Trailer";"PROG";"%";2050;"0";"Removed policies";"Diesel"
"OPEX";"Diesel Infrastructure";"NL";"CO2 emission factor Pt-Diesel";"Rigid";"BAU";"%";2050;"0";"Removed policies";"Diesel"
"OPEX";"Diesel Infrastructure";"NL";"CO2 emission factor Pt-Diesel";"Tractor-Trailer";"BAU";"%";2050;"0";"Removed policies";"Diesel"
"OPEX";"Diesel Infrastructure";"NL";"CO2 emission factor Pt-Diesel";"Rigid";"PROG";"%";2050;"0";"Removed policies";"Diesel"
"OPEX";"Diesel Infrastructure";"NL";"CO2 emission factor Pt-Diesel";"Tractor-Trailer";"PROG";"%";2050;"0";"Removed policies";"Diesel"
"OPEX";"Diesel Infrastructure";"PL";"CO2 emission factor Pt-Diesel";"Rigid";"BAU";"%";2050;"0";"Removed policies";"Diesel"
"OPEX";"Diesel Infrastructure";"PL";"CO2 emission factor Pt-Diesel";"Tractor-Trailer";"BAU";"%";2050;"0";"Removed policies";"Diesel"
"OPEX";"Diesel Infrastructure";"PL";"CO2 emission factor Pt-Diesel";"Rigid";"PROG";"%";2050;"0";"Removed policies";"Diesel"
"OPEX";"Diesel Infrastructure";"PL";"CO2 emission factor Pt-Diesel";"Tractor-Trailer";"PROG";"%";2050;"0";"Removed policies";"Diesel"
"OPEX";"Diesel Infrastructure";"UK";"CO2 emission factor Pt-Diesel";"Rigid";"BAU";"%";2050;"0";"Removed policies";"Diesel"
"OPEX";"Diesel Infrastructure";"UK";"CO2 emission factor Pt-Diesel";"Tractor-Trailer";"BAU";"%";2050;"0";"Removed policies";"Diesel"
"OPEX";"Diesel Infrastructure";"UK";"CO2 emission factor Pt-Diesel";"Rigid";"PROG";"%";2050;"0";"Removed policies";"Diesel"
"OPEX";"Diesel Infrastructure";"UK";"CO2 emission factor Pt-Diesel";"Tractor-Trailer";"PROG";"%";2050;"0";"Removed policies";"Diesel"
"OPEX";"Taxes";"DE";"Network Costs - MCS";"Rigid";"BAU";"EUR/kWh";2050;"0.034";"Removed policies";"Electricity"
"OPEX";"Taxes";"DE";"Network Costs - MCS";"Tractor-Trailer";"BAU";"EUR/kWh";2050;"0.034";"Removed policies";"Electricity"
"OPEX";"Taxes";"ES";"Network Costs - MCS";"Rigid";"BAU";"EUR/kWh";2050;"0.018";"Removed policies";"Electricity"
"OPEX";"Taxes";"ES";"Network Costs - MCS";"Tractor-Trailer";"BAU";"EUR/kWh";2050;"0.018";"Removed policies";"Electricity"
"OPEX";"Taxes";"FR";"Network Costs - MCS";"Rigid";"BAU";"EUR/kWh";2050;"0.018";"Removed policies";"Electricity"
"OPEX";"Taxes";"FR";"Network Costs - MCS";"Tractor-Trailer";"BAU";"EUR/kWh";2050;"0.018";"Removed policies";"Electricity"
"OPEX";"Taxes";"IT";"Network Costs - MCS";"Rigid";"BAU";"EUR/kWh";2050;"0.015";"Removed policies";"Electricity"
"OPEX";"Taxes";"IT";"Network Costs - MCS";"Tractor-Trailer";"BAU";"EUR/kWh";2050;"0.015";"Removed policies";"Electricity"
"OPEX";"Taxes";"NL";"Network Costs - MCS";"Rigid";"BAU";"EUR/kWh";2050;"0.016";"Removed policies";"Electricity"
"OPEX";"Taxes";"NL";"Network Costs - MCS";"Tractor-Trailer";"BAU";"EUR/kWh";2050;"0.016";"Removed policies";"Electricity"
"OPEX";"Taxes";"PL";"Network Costs - MCS";"Rigid";"BAU";"EUR/kWh";2050;"0.019";"Removed policies";"Electricity"
"OPEX";"Taxes";"PL";"Network Costs - MCS";"Tractor-Trailer";"BAU";"EUR/kWh";2050;"0.019";"Removed policies";"Electricity"
"OPEX";"Taxes";"UK";"Network Costs - MCS";"Rigid";"BAU";"EUR/kWh";2050;"0.027";"Removed policies";"Electricity"
"OPEX";"Taxes";"UK";"Network Costs - MCS";"Tractor-Trailer";"BAU";"EUR/kWh";2050;"0.027";"Removed policies";"Electricity"
"OPEX";"Taxes";"DE";"Taxes, Fees, Levies and charges - MCS";"Rigid";"BAU";"EUR/kWh";2050;"0.056";"Removed policies";"Electricity"
"OPEX";"Taxes";"DE";"Taxes, Fees, Levies and charges - MCS";"Tractor-Trailer";"BAU";"EUR/kWh";2050;"0.056";"Removed policies";"Electricity"
"OPEX";"Taxes";"ES";"Taxes, Fees, Levies and charges - MCS";"Rigid";"BAU";"EUR/kWh";2050;"0.036";"Removed policies";"Electricity"
"OPEX";"Taxes";"ES";"Taxes, Fees, Levies and charges - MCS";"Tractor-Trailer";"BAU";"EUR/kWh";2050;"0.036";"Removed policies";"Electricity"
"OPEX";"Taxes";"FR";"Taxes, Fees, Levies and charges - MCS";"Rigid";"BAU";"EUR/kWh";2050;"0.03";"Removed policies";"Electricity"
"OPEX";"Taxes";"FR";"Taxes, Fees, Levies and charges - MCS";"Tractor-Trailer";"BAU";"EUR/kWh";2050;"0.03";"Removed policies";"Electricity"
"OPEX";"Taxes";"IT";"Taxes, Fees, Levies and charges - MCS";"Rigid";"BAU";"EUR/kWh";2050;"0.062";"Removed policies";"Electricity"
"OPEX";"Taxes";"IT";"Taxes, Fees, Levies and charges - MCS";"Tractor-Trailer";"BAU";"EUR/kWh";2050;"0.062";"Removed policies";"Electricity"
"OPEX";"Taxes";"NL";"Taxes, Fees, Levies and charges - MCS";"Rigid";"BAU";"EUR/kWh";2050;"0.055";"Removed policies";"Electricity"
"OPEX";"Taxes";"NL";"Taxes, Fees, Levies and charges - MCS";"Tractor-Trailer";"BAU";"EUR/kWh";2050;"0.055";"Removed policies";"Electricity"
"OPEX";"Taxes";"PL";"Taxes, Fees, Levies and charges - MCS";"Rigid";"BAU";"EUR/kWh";2050;"0.049";"Removed policies";"Electricity"
"OPEX";"Taxes";"PL";"Taxes, Fees, Levies and charges - MCS";"Tractor-Trailer";"BAU";"EUR/kWh";2050;"0.049";"Removed policies";"Electricity"
"OPEX";"Taxes";"UK";"Taxes, Fees, Levies and charges - MCS";"Rigid";"BAU";"EUR/kWh";2050;"0.077";"Removed policies";"Electricity"
"OPEX";"Taxes";"UK";"Taxes, Fees, Levies and charges - MCS";"Tractor-Trailer";"BAU";"EUR/kWh";2050;"0.077";"Removed policies";"Electricity"
"OPEX";"Taxes";"DE";"Network Costs - Depot";"Rigid";"BAU";"EUR/kWh";2050;"0.034";"Removed policies";"Electricity"
"OPEX";"Taxes";"DE";"Network Costs - Depot";"Tractor-Trailer";"BAU";"EUR/kWh";2050;"0.034";"Removed policies";"Electricity"
"OPEX";"Taxes";"ES";"Network Costs - Depot";"Rigid";"BAU";"EUR/kWh";2050;"0.018";"Removed policies";"Electricity"
"OPEX";"Taxes";"ES";"Network Costs - Depot";"Tractor-Trailer";"BAU";"EUR/kWh";2050;"0.018";"Removed policies";"Electricity"
"OPEX";"Taxes";"FR";"Network Costs - Depot";"Rigid";"BAU";"EUR/kWh";2050;"0.018";"Removed policies";"Electricity"
"OPEX";"Taxes";"FR";"Network Costs - Depot";"Tractor-Trailer";"BAU";"EUR/kWh";2050;"0.018";"Removed policies";"Electricity"
"OPEX";"Taxes";"IT";"Network Costs - Depot";"Rigid";"BAU";"EUR/kWh";2050;"0.016";"Removed policies";"Electricity"
"OPEX";"Taxes";"IT";"Network Costs - Depot";"Tractor-Trailer";"BAU";"EUR/kWh";2050;"0.016";"Removed policies";"Electricity"
"OPEX";"Taxes";"NL";"Network Costs - Depot";"Rigid";"BAU";"EUR/kWh";2050;"0.016";"Removed policies";"Electricity"
"OPEX";"Taxes";"NL";"Network Costs - Depot";"Tractor-Trailer";"BAU";"EUR/kWh";2050;"0.016";"Removed policies";"Electricity"
"OPEX";"Taxes";"PL";"Network Costs - Depot";"Rigid";"BAU";"EUR/kWh";2050;"0.019";"Removed policies";"Electricity"
"OPEX";"Taxes";"PL";"Network Costs - Depot";"Tractor-Trailer";"BAU";"EUR/kWh";2050;"0.019";"Removed policies";"Electricity"
"OPEX";"Taxes";"UK";"Network Costs - Depot";"Rigid";"BAU";"EUR/kWh";2050;"0.027";"Removed policies";"Electricity"
"OPEX";"Taxes";"UK";"Network Costs - Depot";"Tractor-Trailer";"BAU";"EUR/kWh";2050;"0.027";"Removed policies";"Electricity"
"OPEX";"Taxes";"DE";"Taxes, Fees, Levies and charges - Depot";"Rigid";"BAU";"EUR/kWh";2050;"0.056";"Removed policies";"Electricity"
"OPEX";"Taxes";"DE";"Taxes, Fees, Levies and charges - Depot";"Tractor-Trailer";"BAU";"EUR/kWh";2050;"0.056";"Removed policies";"Electricity"
"OPEX";"Taxes";"ES";"Taxes, Fees, Levies and charges - Depot";"Rigid";"BAU";"EUR/kWh";2050;"0.036";"Removed policies";"Electricity"
"OPEX";"Taxes";"ES";"Taxes, Fees, Levies and charges - Depot";"Tractor-Trailer";"BAU";"EUR/kWh";2050;"0.036";"Removed policies";"Electricity"
"OPEX";"Taxes";"FR";"Taxes, Fees, Levies and charges - Depot";"Rigid";"BAU";"EUR/kWh";2050;"0.03";"Removed policies";"Electricity"
"OPEX";"Taxes";"FR";"Taxes, Fees, Levies and charges - Depot";"Tractor-Trailer";"BAU";"EUR/kWh";2050;"0.03";"Removed policies";"Electricity"
"OPEX";"Taxes";"IT";"Taxes, Fees, Levies and charges - Depot";"Rigid";"BAU";"EUR/kWh";2050;"0.063";"Removed policies";"Electricity"
"OPEX";"Taxes";"IT";"Taxes, Fees, Levies and charges - Depot";"Tractor-Trailer";"BAU";"EUR/kWh";2050;"0.063";"Removed policies";"Electricity"
"OPEX";"Taxes";"NL";"Taxes, Fees, Levies and charges - Depot";"Rigid";"BAU";"EUR/kWh";2050;"0.055";"Removed policies";"Electricity"
"OPEX";"Taxes";"NL";"Taxes, Fees, Levies and charges - Depot";"Tractor-Trailer";"BAU";"EUR/kWh";2050;"0.055";"Removed policies";"Electricity"
"OPEX";"Taxes";"PL";"Taxes, Fees, Levies and charges - Depot";"Rigid";"BAU";"EUR/kWh";2050;"0.049";"Removed policies";"Electricity"
"OPEX";"Taxes";"PL";"Taxes, Fees, Levies and charges - Depot";"Tractor-Trailer";"BAU";"EUR/kWh";2050;"0.049";"Removed policies";"Electricity"
"OPEX";"Taxes";"UK";"Taxes, Fees, Levies and charges - Depot";"Rigid";"BAU";"EUR/kWh";2050;"0.077";"Removed policies";"Electricity"
"OPEX";"Taxes";"UK";"Taxes, Fees, Levies and charges - Depot";"Tractor-Trailer";"BAU";"EUR/kWh";2050;"0.077";"Removed policies";"Electricity"
"OPEX";"H2 Infrastructure";"DE";"HRS costs";"Rigid";"BAU";"EUR/kg H2";2050;"1";"Removed policies";"Hydrogen"
"OPEX";"H2 Infrastructure";"DE";"HRS costs";"Tractor-Trailer";"BAU";"EUR/kg H2";2050;"1";"Removed policies";"Hydrogen"
"OPEX";"H2 Infrastructure";"ES";"HRS costs";"Rigid";"BAU";"EUR/kg H2";2050;"1";"Removed policies";"Hydrogen"
"OPEX";"H2 Infrastructure";"ES";"HRS costs";"Tractor-Trailer";"BAU";"EUR/kg H2";2050;"1";"Removed policies";"Hydrogen"
"OPEX";"H2 Infrastructure";"FR";"HRS costs";"Rigid";"BAU";"EUR/kg H2";2050;"1";"Removed policies";"Hydrogen"
"OPEX";"H2 Infrastructure";"FR";"HRS costs";"Tractor-Trailer";"BAU";"EUR/kg H2";2050;"1";"Removed policies";"Hydrogen"
"OPEX";"H2 Infrastructure";"IT";"HRS costs";"Rigid";"BAU";"EUR/kg H2";2050;"1";"Removed policies";"Hydrogen"
"OPEX";"H2 Infrastructure";"IT";"HRS costs";"Tractor-Trailer";"BAU";"EUR/kg H2";2050;"1";"Removed policies";"Hydrogen"
"OPEX";"H2 Infrastructure";"NL";"HRS costs";"Rigid";"BAU";"EUR/kg H2";2050;"1";"Removed policies";"Hydrogen"
"OPEX";"H2 Infrastructure";"NL";"HRS costs";"Tractor-Trailer";"BAU";"EUR/kg H2";2050;"1";"Removed policies";"Hydrogen"
"OPEX";"H2 Infrastructure";"PL";"HRS costs";"Rigid";"BAU";"EUR/kg H2";2050;"1";"Removed policies";"Hydrogen"
"OPEX";"H2 Infrastructure";"PL";"HRS costs";"Tractor-Trailer";"BAU";"EUR/kg H2";2050;"1";"Removed policies";"Hydrogen"
"OPEX";"H2 Infrastructure";"UK";"HRS costs";"Rigid";"BAU";"EUR/kg H2";2050;"1";"Removed policies";"Hydrogen"
"OPEX";"H2 Infrastructure";"UK";"HRS costs";"Tractor-Trailer";"BAU";"EUR/kg H2";2050;"1";"Removed policies";"Hydrogen"
"OPEX";"H2 Infrastructure";"DE";"H2 transport and distribution";"Rigid";"BAU";"EUR/kg H2";2050;"1";"Removed policies";"Hydrogen"
"OPEX";"H2 Infrastructure";"DE";"H2 transport and distribution";"Tractor-Trailer";"BAU";"EUR/kg H2";2050;"1";"Removed policies";"Hydrogen"
"OPEX";"H2 Infrastructure";"ES";"H2 transport and distribution";"Rigid";"BAU";"EUR/kg H2";2050;"1";"Removed policies";"Hydrogen"
"OPEX";"H2 Infrastructure";"ES";"H2 transport and distribution";"Tractor-Trailer";"BAU";"EUR/kg H2";2050;"1";"Removed policies";"Hydrogen"
"OPEX";"H2 Infrastructure";"FR";"H2 transport and distribution";"Rigid";"BAU";"EUR/kg H2";2050;"1";"Removed policies";"Hydrogen"
"OPEX";"H2 Infrastructure";"FR";"H2 transport and distribution";"Tractor-Trailer";"BAU";"EUR/kg H2";2050;"1";"Removed policies";"Hydrogen"
"OPEX";"H2 Infrastructure";"IT";"H2 transport and distribution";"Rigid";"BAU";"EUR/kg H2";2050;"1";"Removed policies";"Hydrogen"
"OPEX";"H2 Infrastructure";"IT";"H2 transport and distribution";"Tractor-Trailer";"BAU";"EUR/kg H2";2050;"1";"Removed policies";"Hydrogen"
"OPEX";"H2 Infrastructure";"NL";"H2 transport and distribution";"Rigid";"BAU";"EUR/kg H2";2050;"1";"Removed policies";"Hydrogen"
"OPEX";"H2 Infrastructure";"NL";"H2 transport and distribution";"Tractor-Trailer";"BAU";"EUR/kg H2";2050;"1";"Removed policies";"Hydrogen"
"OPEX";"H2 Infrastructure";"PL";"H2 transport and distribution";"Rigid";"BAU";"EUR/kg H2";2050;"1";"Removed policies";"Hydrogen"
"OPEX";"H2 Infrastructure";"PL";"H2 transport and distribution";"Tractor-Trailer";"BAU";"EUR/kg H2";2050;"1";"Removed policies";"Hydrogen"
"OPEX";"H2 Infrastructure";"UK";"H2 transport and distribution";"Rigid";"BAU";"EUR/kg H2";2050;"1";"Removed policies";"Hydrogen"
"OPEX";"H2 Infrastructure";"UK";"H2 transport and distribution";"Tractor-Trailer";"BAU";"EUR/kg H2";2050;"1";"Removed policies";"Hydrogen"
"OPEX";"H2 Infrastructure";"DE";"HRS Overhead, Profit and Mark-Up";"Rigid";"BAU";"EUR/kg H2";2050;"0.25";"Removed policies";"Hydrogen"
"OPEX";"H2 Infrastructure";"DE";"HRS Overhead, Profit and Mark-Up";"Tractor-Trailer";"BAU";"EUR/kg H2";2050;"0.25";"Removed policies";"Hydrogen"
"OPEX";"H2 Infrastructure";"ES";"HRS Overhead, Profit and Mark-Up";"Rigid";"BAU";"EUR/kg H2";2050;"0.25";"Removed policies";"Hydrogen"
"OPEX";"H2 Infrastructure";"ES";"HRS Overhead, Profit and Mark-Up";"Tractor-Trailer";"BAU";"EUR/kg H2";2050;"0.25";"Removed policies";"Hydrogen"
"OPEX";"H2 Infrastructure";"FR";"HRS Overhead, Profit and Mark-Up";"Rigid";"BAU";"EUR/kg H2";2050;"0.25";"Removed policies";"Hydrogen"
"OPEX";"H2 Infrastructure";"FR";"HRS Overhead, Profit and Mark-Up";"Tractor-Trailer";"BAU";"EUR/kg H2";2050;"0.25";"Removed policies";"Hydrogen"
"OPEX";"H2 Infrastructure";"IT";"HRS Overhead, Profit and Mark-Up";"Rigid";"BAU";"EUR/kg H2";2050;"0.25";"Removed policies";"Hydrogen"
"OPEX";"H2 Infrastructure";"IT";"HRS Overhead, Profit and Mark-Up";"Tractor-Trailer";"BAU";"EUR/kg H2";2050;"0.25";"Removed policies";"Hydrogen"
"OPEX";"H2 Infrastructure";"NL";"HRS Overhead, Profit and Mark-Up";"Rigid";"BAU";"EUR/kg H2";2050;"0.25";"Removed policies";"Hydrogen"
"OPEX";"H2 Infrastructure";"NL";"HRS Overhead, Profit and Mark-Up";"Tractor-Trailer";"BAU";"EUR/kg H2";2050;"0.25";"Removed policies";"Hydrogen"
"OPEX";"H2 Infrastructure";"PL";"HRS Overhead, Profit and Mark-Up";"Rigid";"BAU";"EUR/kg H2";2050;"0.25";"Removed policies";"Hydrogen"
"OPEX";"H2 Infrastructure";"PL";"HRS Overhead, Profit and Mark-Up";"Tractor-Trailer";"BAU";"EUR/kg H2";2050;"0.25";"Removed policies";"Hydrogen"
"OPEX";"H2 Infrastructure";"UK";"HRS Overhead, Profit and Mark-Up";"Rigid";"BAU";"EUR/kg H2";2050;"0.25";"Removed policies";"Hydrogen"
"OPEX";"H2 Infrastructure";"UK";"HRS Overhead, Profit and Mark-Up";"Tractor-Trailer";"BAU";"EUR/kg H2";2050;"0.25";"Removed policies";"Hydrogen"
"OPEX";"Charging Infrastructure";"DE";"MCS Station (Public Charging) - Incl. Overhead";"Rigid";"BAU";"EUR/kWh";2050;"0.028";"Removed policies";"Electricity"
"OPEX";"Charging Infrastructure";"DE";"MCS Station (Public Charging) - Incl. Overhead";"Tractor-Trailer";"BAU";"EUR/kWh";2050;"0.028";"Removed policies";"Electricity"
"OPEX";"Charging Infrastructure";"ES";"MCS Station (Public Charging) - Incl. Overhead";"Rigid";"BAU";"EUR/kWh";2050;"0.028";"Removed policies";"Electricity"
"OPEX";"Charging Infrastructure";"ES";"MCS Station (Public Charging) - Incl. Overhead";"Tractor-Trailer";"BAU";"EUR/kWh";2050;"0.028";"Removed policies";"Electricity"
"OPEX";"Charging Infrastructure";"FR";"MCS Station (Public Charging) - Incl. Overhead";"Rigid";"BAU";"EUR/kWh";2050;"0.028";"Removed policies";"Electricity"
"OPEX";"Charging Infrastructure";"FR";"MCS Station (Public Charging) - Incl. Overhead";"Tractor-Trailer";"BAU";"EUR/kWh";2050;"0.028";"Removed policies";"Electricity"
"OPEX";"Charging Infrastructure";"IT";"MCS Station (Public Charging) - Incl. Overhead";"Rigid";"BAU";"EUR/kWh";2050;"0.028";"Removed policies";"Electricity"
"OPEX";"Charging Infrastructure";"IT";"MCS Station (Public Charging) - Incl. Overhead";"Tractor-Trailer";"BAU";"EUR/kWh";2050;"0.028";"Removed policies";"Electricity"
"OPEX";"Charging Infrastructure";"NL";"MCS Station (Public Charging) - Incl. Overhead";"Rigid";"BAU";"EUR/kWh";2050;"0.028";"Removed policies";"Electricity"
"OPEX";"Charging Infrastructure";"NL";"MCS Station (Public Charging) - Incl. Overhead";"Tractor-Trailer";"BAU";"EUR/kWh";2050;"0.028";"Removed policies";"Electricity"
"OPEX";"Charging Infrastructure";"PL";"MCS Station (Public Charging) - Incl. Overhead";"Rigid";"BAU";"EUR/kWh";2050;"0.028";"Removed policies";"Electricity"
"OPEX";"Charging Infrastructure";"PL";"MCS Station (Public Charging) - Incl. Overhead";"Tractor-Trailer";"BAU";"EUR/kWh";2050;"0.028";"Removed policies";"Electricity"
"OPEX";"Charging Infrastructure";"UK";"MCS Station (Public Charging) - Incl. Overhead";"Rigid";"BAU";"EUR/kWh";2050;"0.028";"Removed policies";"Electricity"
"OPEX";"Charging Infrastructure";"UK";"MCS Station (Public Charging) - Incl. Overhead";"Tractor-Trailer";"BAU";"EUR/kWh";2050;"0.028";"Removed policies";"Electricity"
"OPEX";"Charging Infrastructure";"DE";"Share MCS-Charging";"Rigid";"BAU";"%";2050;"0.2";"Removed policies";"Electricity"
"OPEX";"Charging Infrastructure";"DE";"Share MCS-Charging";"Tractor-Trailer";"BAU";"%";2050;"0.2";"Removed policies";"Electricity"
"OPEX";"Charging Infrastructure";"ES";"Share MCS-Charging";"Rigid";"BAU";"%";2050;"0.2";"Removed policies";"Electricity"
"OPEX";"Charging Infrastructure";"ES";"Share MCS-Charging";"Tractor-Trailer";"BAU";"%";2050;"0.2";"Removed policies";"Electricity"
"OPEX";"Charging Infrastructure";"FR";"Share MCS-Charging";"Rigid";"BAU";"%";2050;"0.2";"Removed policies";"Electricity"
"OPEX";"Charging Infrastructure";"FR";"Share MCS-Charging";"Tractor-Trailer";"BAU";"%";2050;"0.2";"Removed policies";"Electricity"
"OPEX";"Charging Infrastructure";"IT";"Share MCS-Charging";"Rigid";"BAU";"%";2050;"0.2";"Removed policies";"Electricity"
"OPEX";"Charging Infrastructure";"IT";"Share MCS-Charging";"Tractor-Trailer";"BAU";"%";2050;"0.2";"Removed policies";"Electricity"
"OPEX";"Charging Infrastructure";"NL";"Share MCS-Charging";"Rigid";"BAU";"%";2050;"0.2";"Removed policies";"Electricity"
"OPEX";"Charging Infrastructure";"NL";"Share MCS-Charging";"Tractor-Trailer";"BAU";"%";2050;"0.2";"Removed policies";"Electricity"
"OPEX";"Charging Infrastructure";"PL";"Share MCS-Charging";"Rigid";"BAU";"%";2050;"0.2";"Removed policies";"Electricity"
"OPEX";"Charging Infrastructure";"PL";"Share MCS-Charging";"Tractor-Trailer";"BAU";"%";2050;"0.2";"Removed policies";"Electricity"
"OPEX";"Charging Infrastructure";"UK";"Share MCS-Charging";"Rigid";"BAU";"%";2050;"0.2";"Removed policies";"Electricity"
"OPEX";"Charging Infrastructure";"UK";"Share MCS-Charging";"Tractor-Trailer";"BAU";"%";2050;"0.2";"Removed policies";"Electricity"
"OPEX";"Charging Infrastructure";"DE";"Depot - Network fees savings potential";"Rigid";"BAU";"EUR/kWh";2050;"0";"Removed policies";"Electricity"
"OPEX";"Charging Infrastructure";"DE";"Depot - Network fees savings potential";"Tractor-Trailer";"BAU";"EUR/kWh";2050;"0";"Removed policies";"Electricity"
"OPEX";"Charging Infrastructure";"ES";"Depot - Network fees savings potential";"Rigid";"BAU";"EUR/kWh";2050;"0";"Removed policies";"Electricity"
"OPEX";"Charging Infrastructure";"ES";"Depot - Network fees savings potential";"Tractor-Trailer";"BAU";"EUR/kWh";2050;"0";"Removed policies";"Electricity"
"OPEX";"Charging Infrastructure";"FR";"Depot - Network fees savings potential";"Rigid";"BAU";"EUR/kWh";2050;"0";"Removed policies";"Electricity"
"OPEX";"Charging Infrastructure";"FR";"Depot - Network fees savings potential";"Tractor-Trailer";"BAU";"EUR/kWh";2050;"0";"Removed policies";"Electricity"
"OPEX";"Charging Infrastructure";"IT";"Depot - Network fees savings potential";"Rigid";"BAU";"EUR/kWh";2050;"0";"Removed policies";"Electricity"
"OPEX";"Charging Infrastructure";"IT";"Depot - Network fees savings potential";"Tractor-Trailer";"BAU";"EUR/kWh";2050;"0";"Removed policies";"Electricity"
"OPEX";"Charging Infrastructure";"NL";"Depot - Network fees savings potential";"Rigid";"BAU";"EUR/kWh";2050;"0";"Removed policies";"Electricity"
"OPEX";"Charging Infrastructure";"NL";"Depot - Network fees savings potential";"Tractor-Trailer";"BAU";"EUR/kWh";2050;"0";"Removed policies";"Electricity"
"OPEX";"Charging Infrastructure";"PL";"Depot - Network fees savings potential";"Rigid";"BAU";"EUR/kWh";2050;"0";"Removed policies";"Electricity"
"OPEX";"Charging Infrastructure";"PL";"Depot - Network fees savings potential";"Tractor-Trailer";"BAU";"EUR/kWh";2050;"0";"Removed policies";"Electricity"
"OPEX";"Charging Infrastructure";"UK";"Depot - Network fees savings potential";"Rigid";"BAU";"EUR/kWh";2050;"0";"Removed policies";"Electricity"
"OPEX";"Charging Infrastructure";"UK";"Depot - Network fees savings potential";"Tractor-Trailer";"BAU";"EUR/kWh";2050;"0";"Removed policies";"Electricity"
"OPEX";"Taxes";"DE";"Tax reduction";"Rigid";"BAU";"%";2050;"0";"Removed policies";"Hydrogen"
"OPEX";"Taxes";"DE";"Tax reduction";"Tractor-Trailer";"BAU";"%";2050;"0";"Removed policies";"Hydrogen"
"OPEX";"Taxes";"ES";"Tax reduction";"Rigid";"BAU";"%";2050;"0";"Removed policies";"Hydrogen"
"OPEX";"Taxes";"ES";"Tax reduction";"Tractor-Trailer";"BAU";"%";2050;"0";"Removed policies";"Hydrogen"
"OPEX";"Taxes";"FR";"Tax reduction";"Rigid";"BAU";"%";2050;"0";"Removed policies";"Hydrogen"
"OPEX";"Taxes";"FR";"Tax reduction";"Tractor-Trailer";"BAU";"%";2050;"0";"Removed policies";"Hydrogen"
"OPEX";"Taxes";"IT";"Tax reduction";"Rigid";"BAU";"%";2050;"0";"Removed policies";"Hydrogen"
"OPEX";"Taxes";"IT";"Tax reduction";"Tractor-Trailer";"BAU";"%";2050;"0";"Removed policies";"Hydrogen"
"OPEX";"Taxes";"NL";"Tax reduction";"Rigid";"BAU";"%";2050;"0";"Removed policies";"Hydrogen"
"OPEX";"Taxes";"NL";"Tax reduction";"Tractor-Trailer";"BAU";"%";2050;"0";"Removed policies";"Hydrogen"
"OPEX";"Taxes";"PL";"Tax reduction";"Rigid";"BAU";"%";2050;"0";"Removed policies";"Hydrogen"
"OPEX";"Taxes";"PL";"Tax reduction";"Tractor-Trailer";"BAU";"%";2050;"0";"Removed policies";"Hydrogen"
"OPEX";"Taxes";"UK";"Tax reduction";"Rigid";"BAU";"%";2050;"0";"Removed policies";"Hydrogen"
"OPEX";"Taxes";"UK";"Tax reduction";"Tractor-Trailer";"BAU";"%";2050;"0";"Removed policies";"Hydrogen"
"OPEX";"Taxes";"DE";"Increasing grid fees";"Rigid";"PROG";"%";2050;"0.3";"Removed policies";"Electricity"
"OPEX";"Taxes";"DE";"Increasing grid fees";"Tractor-Trailer";"PROG";"%";2050;"0.3";"Removed policies";"Electricity"
"OPEX";"Taxes";"ES";"Increasing grid fees";"Rigid";"PROG";"%";2050;"0.3";"Removed policies";"Electricity"
"OPEX";"Taxes";"ES";"Increasing grid fees";"Tractor-Trailer";"PROG";"%";2050;"0.3";"Removed policies";"Electricity"
"OPEX";"Taxes";"FR";"Increasing grid fees";"Rigid";"PROG";"%";2050;"0.3";"Removed policies";"Electricity"
"OPEX";"Taxes";"FR";"Increasing grid fees";"Tractor-Trailer";"PROG";"%";2050;"0.3";"Removed policies";"Electricity"
"OPEX";"Taxes";"IT";"Increasing grid fees";"Rigid";"PROG";"%";2050;"0.3";"Removed policies";"Electricity"
"OPEX";"Taxes";"IT";"Increasing grid fees";"Tractor-Trailer";"PROG";"%";2050;"0.3";"Removed policies";"Electricity"
"OPEX";"Taxes";"NL";"Increasing grid fees";"Rigid";"PROG";"%";2050;"0.3";"Removed policies";"Electricity"
"OPEX";"Taxes";"NL";"Increasing grid fees";"Tractor-Trailer";"PROG";"%";2050;"0.3";"Removed policies";"Electricity"
"OPEX";"Taxes";"PL";"Increasing grid fees";"Rigid";"PROG";"%";2050;"0.3";"Removed policies";"Electricity"
"OPEX";"Taxes";"PL";"Increasing grid fees";"Tractor-Trailer";"PROG";"%";2050;"0.3";"Removed policies";"Electricity"
"OPEX";"Taxes";"UK";"Increasing grid fees";"Rigid";"PROG";"%";2050;"0.3";"Removed policies";"Electricity"
"OPEX";"Taxes";"UK";"Increasing grid fees";"Tractor-Trailer";"PROG";"%";2050;"0.3";"Removed policies";"Electricity"
"OPEX";"Taxes";"DE";"Increasing grid fees";"Rigid";"BAU";"%";2050;"0.5";"Removed policies";"Electricity"
"OPEX";"Taxes";"DE";"Increasing grid fees";"Tractor-Trailer";"BAU";"%";2050;"0.5";"Removed policies";"Electricity"
"OPEX";"Taxes";"ES";"Increasing grid fees";"Rigid";"BAU";"%";2050;"0.5";"Removed policies";"Electricity"
"OPEX";"Taxes";"ES";"Increasing grid fees";"Tractor-Trailer";"BAU";"%";2050;"0.5";"Removed policies";"Electricity"
"OPEX";"Taxes";"FR";"Increasing grid fees";"Rigid";"BAU";"%";2050;"0.5";"Removed policies";"Electricity"
"OPEX";"Taxes";"FR";"Increasing grid fees";"Tractor-Trailer";"BAU";"%";2050;"0.5";"Removed policies";"Electricity"
"OPEX";"Taxes";"IT";"Increasing grid fees";"Rigid";"BAU";"%";2050;"0.5";"Removed policies";"Electricity"
"OPEX";"Taxes";"IT";"Increasing grid fees";"Tractor-Trailer";"BAU";"%";2050;"0.5";"Removed policies";"Electricity"
"OPEX";"Taxes";"NL";"Increasing grid fees";"Rigid";"BAU";"%";2050;"0.5";"Removed policies";"Electricity"
"OPEX";"Taxes";"NL";"Increasing grid fees";"Tractor-Trailer";"BAU";"%";2050;"0.5";"Removed policies";"Electricity"
"OPEX";"Taxes";"PL";"Increasing grid fees";"Rigid";"BAU";"%";2050;"0.5";"Removed policies";"Electricity"
"OPEX";"Taxes";"PL";"Increasing grid fees";"Tractor-Trailer";"BAU";"%";2050;"0.5";"Removed policies";"Electricity"
"OPEX";"Taxes";"UK";"Increasing grid fees";"Rigid";"BAU";"%";2050;"0.5";"Removed policies";"Electricity"
"OPEX";"Taxes";"UK";"Increasing grid fees";"Tractor-Trailer";"BAU";"%";2050;"0.5";"Removed policies";"Electricity"
"OPEX";"Diesel";"FR";"Biodiesel Price";"Rigid";"PROG";"EUR/kWh";2030;"0.106";"Removed policies";"Diesel"
"OPEX";"Diesel";"FR";"Biodiesel Price";"Tractor-Trailer";"PROG";"EUR/kWh";2030;"0.106";"Removed policies";"Diesel"
"OPEX";"Diesel";"DE";"Biodiesel Price";"Rigid";"PROG";"EUR/kWh";2030;"0.106";"Removed policies";"Diesel"
"OPEX";"Diesel";"DE";"Biodiesel Price";"Tractor-Trailer";"PROG";"EUR/kWh";2030;"0.106";"Removed policies";"Diesel"
"OPEX";"Diesel";"ES";"Biodiesel Price";"Rigid";"PROG";"EUR/kWh";2030;"0.106";"Removed policies";"Diesel"
"OPEX";"Diesel";"ES";"Biodiesel Price";"Tractor-Trailer";"PROG";"EUR/kWh";2030;"0.106";"Removed policies";"Diesel"
"OPEX";"Diesel";"IT";"Biodiesel Price";"Rigid";"PROG";"EUR/kWh";2030;"0.106";"Removed policies";"Diesel"
"OPEX";"Diesel";"IT";"Biodiesel Price";"Tractor-Trailer";"PROG";"EUR/kWh";2030;"0.106";"Removed policies";"Diesel"
"OPEX";"Diesel";"NL";"Biodiesel Price";"Rigid";"PROG";"EUR/kWh";2030;"0.106";"Removed policies";"Diesel"
"OPEX";"Diesel";"NL";"Biodiesel Price";"Tractor-Trailer";"PROG";"EUR/kWh";2030;"0.106";"Removed policies";"Diesel"
"OPEX";"Diesel";"PL";"Biodiesel Price";"Rigid";"PROG";"EUR/kWh";2030;"0.106";"Removed policies";"Diesel"
"OPEX";"Diesel";"PL";"Biodiesel Price";"Tractor-Trailer";"PROG";"EUR/kWh";2030;"0.106";"Removed policies";"Diesel"
"OPEX";"Diesel";"UK";"Biodiesel Price";"Rigid";"PROG";"EUR/kWh";2030;"0.106";"Removed policies";"Diesel"
"OPEX";"Diesel";"UK";"Biodiesel Price";"Tractor-Trailer";"PROG";"EUR/kWh";2030;"0.106";"Removed policies";"Diesel"
"OPEX";"Diesel";"DE";"Pt-Diesel Price";"Rigid";"PROG";"EUR/kWh";2030;"0.244";"Removed policies";"Diesel"
"OPEX";"Diesel";"DE";"Pt-Diesel Price";"Tractor-Trailer";"PROG";"EUR/kWh";2030;"0.244";"Removed policies";"Diesel"
"OPEX";"Diesel";"ES";"Pt-Diesel Price";"Rigid";"PROG";"EUR/kWh";2030;"0.244";"Removed policies";"Diesel"
"OPEX";"Diesel";"ES";"Pt-Diesel Price";"Tractor-Trailer";"PROG";"EUR/kWh";2030;"0.244";"Removed policies";"Diesel"
"OPEX";"Diesel";"FR";"Pt-Diesel Price";"Rigid";"PROG";"EUR/kWh";2030;"0.244";"Removed policies";"Diesel"
"OPEX";"Diesel";"FR";"Pt-Diesel Price";"Tractor-Trailer";"PROG";"EUR/kWh";2030;"0.244";"Removed policies";"Diesel"
"OPEX";"Diesel";"IT";"Pt-Diesel Price";"Rigid";"PROG";"EUR/kWh";2030;"0.244";"Removed policies";"Diesel"
"OPEX";"Diesel";"IT";"Pt-Diesel Price";"Tractor-Trailer";"PROG";"EUR/kWh";2030;"0.244";"Removed policies";"Diesel"
"OPEX";"Diesel";"NL";"Pt-Diesel Price";"Rigid";"PROG";"EUR/kWh";2030;"0.244";"Removed policies";"Diesel"
"OPEX";"Diesel";"NL";"Pt-Diesel Price";"Tractor-Trailer";"PROG";"EUR/kWh";2030;"0.244";"Removed policies";"Diesel"
"OPEX";"Diesel";"PL";"Pt-Diesel Price";"Rigid";"PROG";"EUR/kWh";2030;"0.244";"Removed policies";"Diesel"
"OPEX";"Diesel";"PL";"Pt-Diesel Price";"Tractor-Trailer";"PROG";"EUR/kWh";2030;"0.244";"Removed policies";"Diesel"
"OPEX";"Diesel";"UK";"Pt-Diesel Price";"Rigid";"PROG";"EUR/kWh";2030;"0.244";"Removed policies";"Diesel"
"OPEX";"Diesel";"UK";"Pt-Diesel Price";"Tractor-Trailer";"PROG";"EUR/kWh";2030;"0.244";"Removed policies";"Diesel"
"OPEX";"Electricity";"DE";"Electricity Price";"Rigid";"PROG";"EUR/kWh";2030;"0.064";"Removed policies";"Electricity"
"OPEX";"Electricity";"DE";"Electricity Price";"Tractor-Trailer";"PROG";"EUR/kWh";2030;"0.064";"Removed policies";"Electricity"
"OPEX";"Electricity";"ES";"Electricity Price";"Rigid";"PROG";"EUR/kWh";2030;"0.064";"Removed policies";"Electricity"
"OPEX";"Electricity";"ES";"Electricity Price";"Tractor-Trailer";"PROG";"EUR/kWh";2030;"0.064";"Removed policies";"Electricity"
"OPEX";"Electricity";"FR";"Electricity Price";"Rigid";"PROG";"EUR/kWh";2030;"0.064";"Removed policies";"Electricity"
"OPEX";"Electricity";"FR";"Electricity Price";"Tractor-Trailer";"PROG";"EUR/kWh";2030;"0.064";"Removed policies";"Electricity"
"OPEX";"Electricity";"IT";"Electricity Price";"Rigid";"PROG";"EUR/kWh";2030;"0.064";"Removed policies";"Electricity"
"OPEX";"Electricity";"IT";"Electricity Price";"Tractor-Trailer";"PROG";"EUR/kWh";2030;"0.064";"Removed policies";"Electricity"
"OPEX";"Electricity";"NL";"Electricity Price";"Rigid";"PROG";"EUR/kWh";2030;"0.064";"Removed policies";"Electricity"
"OPEX";"Electricity";"NL";"Electricity Price";"Tractor-Trailer";"PROG";"EUR/kWh";2030;"0.064";"Removed policies";"Electricity"
"OPEX";"Electricity";"PL";"Electricity Price";"Rigid";"PROG";"EUR/kWh";2030;"0.064";"Removed policies";"Electricity"
"OPEX";"Electricity";"PL";"Electricity Price";"Tractor-Trailer";"PROG";"EUR/kWh";2030;"0.064";"Removed policies";"Electricity"
"OPEX";"Electricity";"UK";"Electricity Price";"Rigid";"PROG";"EUR/kWh";2030;"0.064";"Removed policies";"Electricity"
"OPEX";"Electricity";"UK";"Electricity Price";"Tractor-Trailer";"PROG";"EUR/kWh";2030;"0.064";"Removed policies";"Electricity"
"OPEX";"Hydrogen";"DE";"Hydrogen Price";"Rigid";"PROG";"EUR/kWh";2030;"0.129";"Removed policies";"Hydrogen"
"OPEX";"Hydrogen";"DE";"Hydrogen Price";"Tractor-Trailer";"PROG";"EUR/kWh";2030;"0.129";"Removed policies";"Hydrogen"
"OPEX";"Hydrogen";"ES";"Hydrogen Price";"Rigid";"PROG";"EUR/kWh";2030;"0.129";"Removed policies";"Hydrogen"
"OPEX";"Hydrogen";"ES";"Hydrogen Price";"Tractor-Trailer";"PROG";"EUR/kWh";2030;"0.129";"Removed policies";"Hydrogen"
"OPEX";"Hydrogen";"FR";"Hydrogen Price";"Rigid";"PROG";"EUR/kWh";2030;"0.129";"Removed policies";"Hydrogen"
"OPEX";"Hydrogen";"FR";"Hydrogen Price";"Tractor-Trailer";"PROG";"EUR/kWh";2030;"0.129";"Removed policies";"Hydrogen"
"OPEX";"Hydrogen";"IT";"Hydrogen Price";"Rigid";"PROG";"EUR/kWh";2030;"0.129";"Removed policies";"Hydrogen"
"OPEX";"Hydrogen";"IT";"Hydrogen Price";"Tractor-Trailer";"PROG";"EUR/kWh";2030;"0.129";"Removed policies";"Hydrogen"
"OPEX";"Hydrogen";"NL";"Hydrogen Price";"Rigid";"PROG";"EUR/kWh";2030;"0.129";"Removed policies";"Hydrogen"
"OPEX";"Hydrogen";"NL";"Hydrogen Price";"Tractor-Trailer";"PROG";"EUR/kWh";2030;"0.129";"Removed policies";"Hydrogen"
"OPEX";"Hydrogen";"PL";"Hydrogen Price";"Rigid";"PROG";"EUR/kWh";2030;"0.129";"Removed policies";"Hydrogen"
"OPEX";"Hydrogen";"PL";"Hydrogen Price";"Tractor-Trailer";"PROG";"EUR/kWh";2030;"0.129";"Removed policies";"Hydrogen"
"OPEX";"Hydrogen";"UK";"Hydrogen Price";"Rigid";"PROG";"EUR/kWh";2030;"0.129";"Removed policies";"Hydrogen"
"OPEX";"Hydrogen";"UK";"Hydrogen Price";"Tractor-Trailer";"PROG";"EUR/kWh";2030;"0.129";"Removed policies";"Hydrogen"
"OPEX";"Diesel";"FR";"Biodiesel Price";"Rigid";"PROG";"EUR/kWh";2035;"0.119";"Removed policies";"Diesel"
"OPEX";"Diesel";"FR";"Biodiesel Price";"Tractor-Trailer";"PROG";"EUR/kWh";2035;"0.119";"Removed policies";"Diesel"
"OPEX";"Diesel";"DE";"Biodiesel Price";"Rigid";"PROG";"EUR/kWh";2035;"0.119";"Removed policies";"Diesel"
"OPEX";"Diesel";"DE";"Biodiesel Price";"Tractor-Trailer";"PROG";"EUR/kWh";2035;"0.119";"Removed policies";"Diesel"
"OPEX";"Diesel";"ES";"Biodiesel Price";"Rigid";"PROG";"EUR/kWh";2035;"0.119";"Removed policies";"Diesel"
"OPEX";"Diesel";"ES";"Biodiesel Price";"Tractor-Trailer";"PROG";"EUR/kWh";2035;"0.119";"Removed policies";"Diesel"
"OPEX";"Diesel";"IT";"Biodiesel Price";"Rigid";"PROG";"EUR/kWh";2035;"0.119";"Removed policies";"Diesel"
"OPEX";"Diesel";"IT";"Biodiesel Price";"Tractor-Trailer";"PROG";"EUR/kWh";2035;"0.119";"Removed policies";"Diesel"
"OPEX";"Diesel";"NL";"Biodiesel Price";"Rigid";"PROG";"EUR/kWh";2035;"0.119";"Removed policies";"Diesel"
"OPEX";"Diesel";"NL";"Biodiesel Price";"Tractor-Trailer";"PROG";"EUR/kWh";2035;"0.119";"Removed policies";"Diesel"
"OPEX";"Diesel";"PL";"Biodiesel Price";"Rigid";"PROG";"EUR/kWh";2035;"0.119";"Removed policies";"Diesel"
"OPEX";"Diesel";"PL";"Biodiesel Price";"Tractor-Trailer";"PROG";"EUR/kWh";2035;"0.119";"Removed policies";"Diesel"
"OPEX";"Diesel";"UK";"Biodiesel Price";"Rigid";"PROG";"EUR/kWh";2035;"0.119";"Removed policies";"Diesel"
"OPEX";"Diesel";"UK";"Biodiesel Price";"Tractor-Trailer";"PROG";"EUR/kWh";2035;"0.119";"Removed policies";"Diesel"
"OPEX";"Diesel";"DE";"Pt-Diesel Price";"Rigid";"PROG";"EUR/kWh";2035;"0.215";"Removed policies";"Diesel"
"OPEX";"Diesel";"DE";"Pt-Diesel Price";"Tractor-Trailer";"PROG";"EUR/kWh";2035;"0.215";"Removed policies";"Diesel"
"OPEX";"Diesel";"ES";"Pt-Diesel Price";"Rigid";"PROG";"EUR/kWh";2035;"0.215";"Removed policies";"Diesel"
"OPEX";"Diesel";"ES";"Pt-Diesel Price";"Tractor-Trailer";"PROG";"EUR/kWh";2035;"0.215";"Removed policies";"Diesel"
"OPEX";"Diesel";"FR";"Pt-Diesel Price";"Rigid";"PROG";"EUR/kWh";2035;"0.215";"Removed policies";"Diesel"
"OPEX";"Diesel";"FR";"Pt-Diesel Price";"Tractor-Trailer";"PROG";"EUR/kWh";2035;"0.215";"Removed policies";"Diesel"
"OPEX";"Diesel";"IT";"Pt-Diesel Price";"Rigid";"PROG";"EUR/kWh";2035;"0.215";"Removed policies";"Diesel"
"OPEX";"Diesel";"IT";"Pt-Diesel Price";"Tractor-Trailer";"PROG";"EUR/kWh";2035;"0.215";"Removed policies";"Diesel"
"OPEX";"Diesel";"NL";"Pt-Diesel Price";"Rigid";"PROG";"EUR/kWh";2035;"0.215";"Removed policies";"Diesel"
"OPEX";"Diesel";"NL";"Pt-Diesel Price";"Tractor-Trailer";"PROG";"EUR/kWh";2035;"0.215";"Removed policies";"Diesel"
"OPEX";"Diesel";"PL";"Pt-Diesel Price";"Rigid";"PROG";"EUR/kWh";2035;"0.215";"Removed policies";"Diesel"
"OPEX";"Diesel";"PL";"Pt-Diesel Price";"Tractor-Trailer";"PROG";"EUR/kWh";2035;"0.215";"Removed policies";"Diesel"
"OPEX";"Diesel";"UK";"Pt-Diesel Price";"Rigid";"PROG";"EUR/kWh";2035;"0.215";"Removed policies";"Diesel"
"OPEX";"Diesel";"UK";"Pt-Diesel Price";"Tractor-Trailer";"PROG";"EUR/kWh";2035;"0.215";"Removed policies";"Diesel"
"OPEX";"Electricity";"DE";"Electricity Price";"Rigid";"PROG";"EUR/kWh";2035;"0.054";"Removed policies";"Electricity"
"OPEX";"Electricity";"DE";"Electricity Price";"Tractor-Trailer";"PROG";"EUR/kWh";2035;"0.054";"Removed policies";"Electricity"
"OPEX";"Electricity";"ES";"Electricity Price";"Rigid";"PROG";"EUR/kWh";2035;"0.054";"Removed policies";"Electricity"
"OPEX";"Electricity";"ES";"Electricity Price";"Tractor-Trailer";"PROG";"EUR/kWh";2035;"0.054";"Removed policies";"Electricity"
"OPEX";"Electricity";"FR";"Electricity Price";"Rigid";"PROG";"EUR/kWh";2035;"0.054";"Removed policies";"Electricity"
"OPEX";"Electricity";"FR";"Electricity Price";"Tractor-Trailer";"PROG";"EUR/kWh";2035;"0.054";"Removed policies";"Electricity"
"OPEX";"Electricity";"IT";"Electricity Price";"Rigid";"PROG";"EUR/kWh";2035;"0.054";"Removed policies";"Electricity"
"OPEX";"Electricity";"IT";"Electricity Price";"Tractor-Trailer";"PROG";"EUR/kWh";2035;"0.054";"Removed policies";"Electricity"
"OPEX";"Electricity";"NL";"Electricity Price";"Rigid";"PROG";"EUR/kWh";2035;"0.054";"Removed policies";"Electricity"
"OPEX";"Electricity";"NL";"Electricity Price";"Tractor-Trailer";"PROG";"EUR/kWh";2035;"0.054";"Removed policies";"Electricity"
"OPEX";"Electricity";"PL";"Electricity Price";"Rigid";"PROG";"EUR/kWh";2035;"0.054";"Removed policies";"Electricity"
"OPEX";"Electricity";"PL";"Electricity Price";"Tractor-Trailer";"PROG";"EUR/kWh";2035;"0.054";"Removed policies";"Electricity"
"OPEX";"Electricity";"UK";"Electricity Price";"Rigid";"PROG";"EUR/kWh";2035;"0.054";"Removed policies";"Electricity"
"OPEX";"Electricity";"UK";"Electricity Price";"Tractor-Trailer";"PROG";"EUR/kWh";2035;"0.054";"Removed policies";"Electricity"
"OPEX";"Hydrogen";"DE";"Hydrogen Price";"Rigid";"PROG";"EUR/kWh";2035;"0.112";"Removed policies";"Hydrogen"
"OPEX";"Hydrogen";"DE";"Hydrogen Price";"Tractor-Trailer";"PROG";"EUR/kWh";2035;"0.112";"Removed policies";"Hydrogen"
"OPEX";"Hydrogen";"ES";"Hydrogen Price";"Rigid";"PROG";"EUR/kWh";2035;"0.112";"Removed policies";"Hydrogen"
"OPEX";"Hydrogen";"ES";"Hydrogen Price";"Tractor-Trailer";"PROG";"EUR/kWh";2035;"0.112";"Removed policies";"Hydrogen"
"OPEX";"Hydrogen";"FR";"Hydrogen Price";"Rigid";"PROG";"EUR/kWh";2035;"0.112";"Removed policies";"Hydrogen"
"OPEX";"Hydrogen";"FR";"Hydrogen Price";"Tractor-Trailer";"PROG";"EUR/kWh";2035;"0.112";"Removed policies";"Hydrogen"
"OPEX";"Hydrogen";"IT";"Hydrogen Price";"Rigid";"PROG";"EUR/kWh";2035;"0.112";"Removed policies";"Hydrogen"
"OPEX";"Hydrogen";"IT";"Hydrogen Price";"Tractor-Trailer";"PROG";"EUR/kWh";2035;"0.112";"Removed policies";"Hydrogen"
"OPEX";"Hydrogen";"NL";"Hydrogen Price";"Rigid";"PROG";"EUR/kWh";2035;"0.112";"Removed policies";"Hydrogen"
"OPEX";"Hydrogen";"NL";"Hydrogen Price";"Tractor-Trailer";"PROG";"EUR/kWh";2035;"0.112";"Removed policies";"Hydrogen"
"OPEX";"Hydrogen";"PL";"Hydrogen Price";"Rigid";"PROG";"EUR/kWh";2035;"0.112";"Removed policies";"Hydrogen"
"OPEX";"Hydrogen";"PL";"Hydrogen Price";"Tractor-Trailer";"PROG";"EUR/kWh";2035;"0.112";"Removed policies";"Hydrogen"
"OPEX";"Hydrogen";"UK";"Hydrogen Price";"Rigid";"PROG";"EUR/kWh";2035;"0.112";"Removed policies";"Hydrogen"
"OPEX";"Hydrogen";"UK";"Hydrogen Price";"Tractor-Trailer";"PROG";"EUR/kWh";2035;"0.112";"Removed policies";"Hydrogen"
"OPEX";"Diesel";"FR";"Biodiesel Price";"Rigid";"PROG";"EUR/kWh";2040;"0.131";"Removed policies";"Diesel"
"OPEX";"Diesel";"FR";"Biodiesel Price";"Tractor-Trailer";"PROG";"EUR/kWh";2040;"0.131";"Removed policies";"Diesel"
"OPEX";"Diesel";"DE";"Biodiesel Price";"Rigid";"PROG";"EUR/kWh";2040;"0.131";"Removed policies";"Diesel"
"OPEX";"Diesel";"DE";"Biodiesel Price";"Tractor-Trailer";"PROG";"EUR/kWh";2040;"0.131";"Removed policies";"Diesel"
"OPEX";"Diesel";"ES";"Biodiesel Price";"Rigid";"PROG";"EUR/kWh";2040;"0.131";"Removed policies";"Diesel"
"OPEX";"Diesel";"ES";"Biodiesel Price";"Tractor-Trailer";"PROG";"EUR/kWh";2040;"0.131";"Removed policies";"Diesel"
"OPEX";"Diesel";"IT";"Biodiesel Price";"Rigid";"PROG";"EUR/kWh";2040;"0.131";"Removed policies";"Diesel"
"OPEX";"Diesel";"IT";"Biodiesel Price";"Tractor-Trailer";"PROG";"EUR/kWh";2040;"0.131";"Removed policies";"Diesel"
"OPEX";"Diesel";"NL";"Biodiesel Price";"Rigid";"PROG";"EUR/kWh";2040;"0.131";"Removed policies";"Diesel"
"OPEX";"Diesel";"NL";"Biodiesel Price";"Tractor-Trailer";"PROG";"EUR/kWh";2040;"0.131";"Removed policies";"Diesel"
"OPEX";"Diesel";"PL";"Biodiesel Price";"Rigid";"PROG";"EUR/kWh";2040;"0.131";"Removed policies";"Diesel"
"OPEX";"Diesel";"PL";"Biodiesel Price";"Tractor-Trailer";"PROG";"EUR/kWh";2040;"0.131";"Removed policies";"Diesel"
"OPEX";"Diesel";"UK";"Biodiesel Price";"Rigid";"PROG";"EUR/kWh";2040;"0.131";"Removed policies";"Diesel"
"OPEX";"Diesel";"UK";"Biodiesel Price";"Tractor-Trailer";"PROG";"EUR/kWh";2040;"0.131";"Removed policies";"Diesel"
"OPEX";"Diesel";"DE";"Pt-Diesel Price";"Rigid";"PROG";"EUR/kWh";2040;"0.186";"Removed policies";"Diesel"
"OPEX";"Diesel";"DE";"Pt-Diesel Price";"Tractor-Trailer";"PROG";"EUR/kWh";2040;"0.186";"Removed policies";"Diesel"
"OPEX";"Diesel";"ES";"Pt-Diesel Price";"Rigid";"PROG";"EUR/kWh";2040;"0.186";"Removed policies";"Diesel"
"OPEX";"Diesel";"ES";"Pt-Diesel Price";"Tractor-Trailer";"PROG";"EUR/kWh";2040;"0.186";"Removed policies";"Diesel"
"OPEX";"Diesel";"FR";"Pt-Diesel Price";"Rigid";"PROG";"EUR/kWh";2040;"0.186";"Removed policies";"Diesel"
"OPEX";"Diesel";"FR";"Pt-Diesel Price";"Tractor-Trailer";"PROG";"EUR/kWh";2040;"0.186";"Removed policies";"Diesel"
"OPEX";"Diesel";"IT";"Pt-Diesel Price";"Rigid";"PROG";"EUR/kWh";2040;"0.186";"Removed policies";"Diesel"
"OPEX";"Diesel";"IT";"Pt-Diesel Price";"Tractor-Trailer";"PROG";"EUR/kWh";2040;"0.186";"Removed policies";"Diesel"
"OPEX";"Diesel";"NL";"Pt-Diesel Price";"Rigid";"PROG";"EUR/kWh";2040;"0.186";"Removed policies";"Diesel"
"OPEX";"Diesel";"NL";"Pt-Diesel Price";"Tractor-Trailer";"PROG";"EUR/kWh";2040;"0.186";"Removed policies";"Diesel"
"OPEX";"Diesel";"PL";"Pt-Diesel Price";"Rigid";"PROG";"EUR/kWh";2040;"0.186";"Removed policies";"Diesel"
"OPEX";"Diesel";"PL";"Pt-Diesel Price";"Tractor-Trailer";"PROG";"EUR/kWh";2040;"0.186";"Removed policies";"Diesel"
"OPEX";"Diesel";"UK";"Pt-Diesel Price";"Rigid";"PROG";"EUR/kWh";2040;"0.186";"Removed policies";"Diesel"
"OPEX";"Diesel";"UK";"Pt-Diesel Price";"Tractor-Trailer";"PROG";"EUR/kWh";2040;"0.186";"Removed policies";"Diesel"
"OPEX";"Electricity";"DE";"Electricity Price";"Rigid";"PROG";"EUR/kWh";2040;"0.05";"Removed policies";"Electricity"
"OPEX";"Electricity";"DE";"Electricity Price";"Tractor-Trailer";"PROG";"EUR/kWh";2040;"0.05";"Removed policies";"Electricity"
"OPEX";"Electricity";"ES";"Electricity Price";"Rigid";"PROG";"EUR/kWh";2040;"0.05";"Removed policies";"Electricity"
"OPEX";"Electricity";"ES";"Electricity Price";"Tractor-Trailer";"PROG";"EUR/kWh";2040;"0.05";"Removed policies";"Electricity"
"OPEX";"Electricity";"FR";"Electricity Price";"Rigid";"PROG";"EUR/kWh";2040;"0.05";"Removed policies";"Electricity"
"OPEX";"Electricity";"FR";"Electricity Price";"Tractor-Trailer";"PROG";"EUR/kWh";2040;"0.05";"Removed policies";"Electricity"
"OPEX";"Electricity";"IT";"Electricity Price";"Rigid";"PROG";"EUR/kWh";2040;"0.05";"Removed policies";"Electricity"
"OPEX";"Electricity";"IT";"Electricity Price";"Tractor-Trailer";"PROG";"EUR/kWh";2040;"0.05";"Removed policies";"Electricity"
"OPEX";"Electricity";"NL";"Electricity Price";"Rigid";"PROG";"EUR/kWh";2040;"0.05";"Removed policies";"Electricity"
"OPEX";"Electricity";"NL";"Electricity Price";"Tractor-Trailer";"PROG";"EUR/kWh";2040;"0.05";"Removed policies";"Electricity"
"OPEX";"Electricity";"PL";"Electricity Price";"Rigid";"PROG";"EUR/kWh";2040;"0.05";"Removed policies";"Electricity"
"OPEX";"Electricity";"PL";"Electricity Price";"Tractor-Trailer";"PROG";"EUR/kWh";2040;"0.05";"Removed policies";"Electricity"
"OPEX";"Electricity";"UK";"Electricity Price";"Rigid";"PROG";"EUR/kWh";2040;"0.05";"Removed policies";"Electricity"
"OPEX";"Electricity";"UK";"Electricity Price";"Tractor-Trailer";"PROG";"EUR/kWh";2040;"0.05";"Removed policies";"Electricity"
"OPEX";"Hydrogen";"DE";"Hydrogen Price";"Rigid";"PROG";"EUR/kWh";2040;"0.096";"Removed policies";"Hydrogen"
"OPEX";"Hydrogen";"DE";"Hydrogen Price";"Tractor-Trailer";"PROG";"EUR/kWh";2040;"0.096";"Removed policies";"Hydrogen"
"OPEX";"Hydrogen";"ES";"Hydrogen Price";"Rigid";"PROG";"EUR/kWh";2040;"0.096";"Removed policies";"Hydrogen"
"OPEX";"Hydrogen";"ES";"Hydrogen Price";"Tractor-Trailer";"PROG";"EUR/kWh";2040;"0.096";"Removed policies";"Hydrogen"
"OPEX";"Hydrogen";"FR";"Hydrogen Price";"Rigid";"PROG";"EUR/kWh";2040;"0.096";"Removed policies";"Hydrogen"
"OPEX";"Hydrogen";"FR";"Hydrogen Price";"Tractor-Trailer";"PROG";"EUR/kWh";2040;"0.096";"Removed policies";"Hydrogen"
"OPEX";"Hydrogen";"IT";"Hydrogen Price";"Rigid";"PROG";"EUR/kWh";2040;"0.096";"Removed policies";"Hydrogen"
"OPEX";"Hydrogen";"IT";"Hydrogen Price";"Tractor-Trailer";"PROG";"EUR/kWh";2040;"0.096";"Removed policies";"Hydrogen"
"OPEX";"Hydrogen";"NL";"Hydrogen Price";"Rigid";"PROG";"EUR/kWh";2040;"0.096";"Removed policies";"Hydrogen"
"OPEX";"Hydrogen";"NL";"Hydrogen Price";"Tractor-Trailer";"PROG";"EUR/kWh";2040;"0.096";"Removed policies";"Hydrogen"
"OPEX";"Hydrogen";"PL";"Hydrogen Price";"Rigid";"PROG";"EUR/kWh";2040;"0.096";"Removed policies";"Hydrogen"
"OPEX";"Hydrogen";"PL";"Hydrogen Price";"Tractor-Trailer";"PROG";"EUR/kWh";2040;"0.096";"Removed policies";"Hydrogen"
"OPEX";"Hydrogen";"UK";"Hydrogen Price";"Rigid";"PROG";"EUR/kWh";2040;"0.096";"Removed policies";"Hydrogen"
"OPEX";"Hydrogen";"UK";"Hydrogen Price";"Tractor-Trailer";"PROG";"EUR/kWh";2040;"0.096";"Removed policies";"Hydrogen"
"OPEX";"Diesel";"FR";"Biodiesel Price";"Rigid";"PROG";"EUR/kWh";2045;"0.142";"Removed policies";"Diesel"
"OPEX";"Diesel";"FR";"Biodiesel Price";"Tractor-Trailer";"PROG";"EUR/kWh";2045;"0.142";"Removed policies";"Diesel"
"OPEX";"Diesel";"DE";"Biodiesel Price";"Rigid";"PROG";"EUR/kWh";2045;"0.142";"Removed policies";"Diesel"
"OPEX";"Diesel";"DE";"Biodiesel Price";"Tractor-Trailer";"PROG";"EUR/kWh";2045;"0.142";"Removed policies";"Diesel"
"OPEX";"Diesel";"ES";"Biodiesel Price";"Rigid";"PROG";"EUR/kWh";2045;"0.142";"Removed policies";"Diesel"
"OPEX";"Diesel";"ES";"Biodiesel Price";"Tractor-Trailer";"PROG";"EUR/kWh";2045;"0.142";"Removed policies";"Diesel"
"OPEX";"Diesel";"IT";"Biodiesel Price";"Rigid";"PROG";"EUR/kWh";2045;"0.142";"Removed policies";"Diesel"
"OPEX";"Diesel";"IT";"Biodiesel Price";"Tractor-Trailer";"PROG";"EUR/kWh";2045;"0.142";"Removed policies";"Diesel"
"OPEX";"Diesel";"NL";"Biodiesel Price";"Rigid";"PROG";"EUR/kWh";2045;"0.142";"Removed policies";"Diesel"
"OPEX";"Diesel";"NL";"Biodiesel Price";"Tractor-Trailer";"PROG";"EUR/kWh";2045;"0.142";"Removed policies";"Diesel"
"OPEX";"Diesel";"PL";"Biodiesel Price";"Rigid";"PROG";"EUR/kWh";2045;"0.142";"Removed policies";"Diesel"
"OPEX";"Diesel";"PL";"Biodiesel Price";"Tractor-Trailer";"PROG";"EUR/kWh";2045;"0.142";"Removed policies";"Diesel"
"OPEX";"Diesel";"UK";"Biodiesel Price";"Rigid";"PROG";"EUR/kWh";2045;"0.142";"Removed policies";"Diesel"
"OPEX";"Diesel";"UK";"Biodiesel Price";"Tractor-Trailer";"PROG";"EUR/kWh";2045;"0.142";"Removed policies";"Diesel"
"OPEX";"Diesel";"DE";"Pt-Diesel Price";"Rigid";"PROG";"EUR/kWh";2045;"0.156";"Removed policies";"Diesel"
"OPEX";"Diesel";"DE";"Pt-Diesel Price";"Tractor-Trailer";"PROG";"EUR/kWh";2045;"0.156";"Removed policies";"Diesel"
"OPEX";"Diesel";"ES";"Pt-Diesel Price";"Rigid";"PROG";"EUR/kWh";2045;"0.156";"Removed policies";"Diesel"
"OPEX";"Diesel";"ES";"Pt-Diesel Price";"Tractor-Trailer";"PROG";"EUR/kWh";2045;"0.156";"Removed policies";"Diesel"
"OPEX";"Diesel";"FR";"Pt-Diesel Price";"Rigid";"PROG";"EUR/kWh";2045;"0.156";"Removed policies";"Diesel"
"OPEX";"Diesel";"FR";"Pt-Diesel Price";"Tractor-Trailer";"PROG";"EUR/kWh";2045;"0.156";"Removed policies";"Diesel"
"OPEX";"Diesel";"IT";"Pt-Diesel Price";"Rigid";"PROG";"EUR/kWh";2045;"0.156";"Removed policies";"Diesel"
"OPEX";"Diesel";"IT";"Pt-Diesel Price";"Tractor-Trailer";"PROG";"EUR/kWh";2045;"0.156";"Removed policies";"Diesel"
"OPEX";"Diesel";"NL";"Pt-Diesel Price";"Rigid";"PROG";"EUR/kWh";2045;"0.156";"Removed policies";"Diesel"
"OPEX";"Diesel";"NL";"Pt-Diesel Price";"Tractor-Trailer";"PROG";"EUR/kWh";2045;"0.156";"Removed policies";"Diesel"
"OPEX";"Diesel";"PL";"Pt-Diesel Price";"Rigid";"PROG";"EUR/kWh";2045;"0.156";"Removed policies";"Diesel"
"OPEX";"Diesel";"PL";"Pt-Diesel Price";"Tractor-Trailer";"PROG";"EUR/kWh";2045;"0.156";"Removed policies";"Diesel"
"OPEX";"Diesel";"UK";"Pt-Diesel Price";"Rigid";"PROG";"EUR/kWh";2045;"0.156";"Removed policies";"Diesel"
"OPEX";"Diesel";"UK";"Pt-Diesel Price";"Tractor-Trailer";"PROG";"EUR/kWh";2045;"0.156";"Removed policies";"Diesel"
"OPEX";"Electricity";"DE";"Electricity Price";"Rigid";"PROG";"EUR/kWh";2045;"0.049";"Removed policies";"Electricity"
"OPEX";"Electricity";"DE";"Electricity Price";"Tractor-Trailer";"PROG";"EUR/kWh";2045;"0.049";"Removed policies";"Electricity"
"OPEX";"Electricity";"ES";"Electricity Price";"Rigid";"PROG";"EUR/kWh";2045;"0.049";"Removed policies";"Electricity"
"OPEX";"Electricity";"ES";"Electricity Price";"Tractor-Trailer";"PROG";"EUR/kWh";2045;"0.049";"Removed policies";"Electricity"
"OPEX";"Electricity";"FR";"Electricity Price";"Rigid";"PROG";"EUR/kWh";2045;"0.049";"Removed policies";"Electricity"
"OPEX";"Electricity";"FR";"Electricity Price";"Tractor-Trailer";"PROG";"EUR/kWh";2045;"0.049";"Removed policies";"Electricity"
"OPEX";"Electricity";"IT";"Electricity Price";"Rigid";"PROG";"EUR/kWh";2045;"0.049";"Removed policies";"Electricity"
"OPEX";"Electricity";"IT";"Electricity Price";"Tractor-Trailer";"PROG";"EUR/kWh";2045;"0.049";"Removed policies";"Electricity"
"OPEX";"Electricity";"NL";"Electricity Price";"Rigid";"PROG";"EUR/kWh";2045;"0.049";"Removed policies";"Electricity"
"OPEX";"Electricity";"NL";"Electricity Price";"Tractor-Trailer";"PROG";"EUR/kWh";2045;"0.049";"Removed policies";"Electricity"
"OPEX";"Electricity";"PL";"Electricity Price";"Rigid";"PROG";"EUR/kWh";2045;"0.049";"Removed policies";"Electricity"
"OPEX";"Electricity";"PL";"Electricity Price";"Tractor-Trailer";"PROG";"EUR/kWh";2045;"0.049";"Removed policies";"Electricity"
"OPEX";"Electricity";"UK";"Electricity Price";"Rigid";"PROG";"EUR/kWh";2045;"0.049";"Removed policies";"Electricity"
"OPEX";"Electricity";"UK";"Electricity Price";"Tractor-Trailer";"PROG";"EUR/kWh";2045;"0.049";"Removed policies";"Electricity"
"OPEX";"Hydrogen";"DE";"Hydrogen Price";"Rigid";"PROG";"EUR/kWh";2045;"0.081";"Removed policies";"Hydrogen"
"OPEX";"Hydrogen";"DE";"Hydrogen Price";"Tractor-Trailer";"PROG";"EUR/kWh";2045;"0.081";"Removed policies";"Hydrogen"
"OPEX";"Hydrogen";"ES";"Hydrogen Price";"Rigid";"PROG";"EUR/kWh";2045;"0.081";"Removed policies";"Hydrogen"
"OPEX";"Hydrogen";"ES";"Hydrogen Price";"Tractor-Trailer";"PROG";"EUR/kWh";2045;"0.081";"Removed policies";"Hydrogen"
"OPEX";"Hydrogen";"FR";"Hydrogen Price";"Rigid";"PROG";"EUR/kWh";2045;"0.081";"Removed policies";"Hydrogen"
"OPEX";"Hydrogen";"FR";"Hydrogen Price";"Tractor-Trailer";"PROG";"EUR/kWh";2045;"0.081";"Removed policies";"Hydrogen"
"OPEX";"Hydrogen";"IT";"Hydrogen Price";"Rigid";"PROG";"EUR/kWh";2045;"0.081";"Removed policies";"Hydrogen"
"OPEX";"Hydrogen";"IT";"Hydrogen Price";"Tractor-Trailer";"PROG";"EUR/kWh";2045;"0.081";"Removed policies";"Hydrogen"
"OPEX";"Hydrogen";"NL";"Hydrogen Price";"Rigid";"PROG";"EUR/kWh";2045;"0.081";"Removed policies";"Hydrogen"
"OPEX";"Hydrogen";"NL";"Hydrogen Price";"Tractor-Trailer";"PROG";"EUR/kWh";2045;"0.081";"Removed policies";"Hydrogen"
"OPEX";"Hydrogen";"PL";"Hydrogen Price";"Rigid";"PROG";"EUR/kWh";2045;"0.081";"Removed policies";"Hydrogen"
"OPEX";"Hydrogen";"PL";"Hydrogen Price";"Tractor-Trailer";"PROG";"EUR/kWh";2045;"0.081";"Removed policies";"Hydrogen"
"OPEX";"Hydrogen";"UK";"Hydrogen Price";"Rigid";"PROG";"EUR/kWh";2045;"0.081";"Removed policies";"Hydrogen"
"OPEX";"Hydrogen";"UK";"Hydrogen Price";"Tractor-Trailer";"PROG";"EUR/kWh";2045;"0.081";"Removed policies";"Hydrogen"
"OPEX";"Diesel";"FR";"Biodiesel Price";"Rigid";"PROG";"EUR/kWh";2050;"0.151";"Removed policies";"Diesel"
"OPEX";"Diesel";"FR";"Biodiesel Price";"Tractor-Trailer";"PROG";"EUR/kWh";2050;"0.151";"Removed policies";"Diesel"
"OPEX";"Diesel";"DE";"Biodiesel Price";"Rigid";"PROG";"EUR/kWh";2050;"0.151";"Removed policies";"Diesel"
"OPEX";"Diesel";"DE";"Biodiesel Price";"Tractor-Trailer";"PROG";"EUR/kWh";2050;"0.151";"Removed policies";"Diesel"
"OPEX";"Diesel";"ES";"Biodiesel Price";"Rigid";"PROG";"EUR/kWh";2050;"0.151";"Removed policies";"Diesel"
"OPEX";"Diesel";"ES";"Biodiesel Price";"Tractor-Trailer";"PROG";"EUR/kWh";2050;"0.151";"Removed policies";"Diesel"
"OPEX";"Diesel";"IT";"Biodiesel Price";"Rigid";"PROG";"EUR/kWh";2050;"0.151";"Removed policies";"Diesel"
"OPEX";"Diesel";"IT";"Biodiesel Price";"Tractor-Trailer";"PROG";"EUR/kWh";2050;"0.151";"Removed policies";"Diesel"
"OPEX";"Diesel";"NL";"Biodiesel Price";"Rigid";"PROG";"EUR/kWh";2050;"0.151";"Removed policies";"Diesel"
"OPEX";"Diesel";"NL";"Biodiesel Price";"Tractor-Trailer";"PROG";"EUR/kWh";2050;"0.151";"Removed policies";"Diesel"
"OPEX";"Diesel";"PL";"Biodiesel Price";"Rigid";"PROG";"EUR/kWh";2050;"0.151";"Removed policies";"Diesel"
"OPEX";"Diesel";"PL";"Biodiesel Price";"Tractor-Trailer";"PROG";"EUR/kWh";2050;"0.151";"Removed policies";"Diesel"
"OPEX";"Diesel";"UK";"Biodiesel Price";"Rigid";"PROG";"EUR/kWh";2050;"0.151";"Removed policies";"Diesel"
"OPEX";"Diesel";"UK";"Biodiesel Price";"Tractor-Trailer";"PROG";"EUR/kWh";2050;"0.151";"Removed policies";"Diesel"
"OPEX";"Diesel";"DE";"Pt-Diesel Price";"Rigid";"PROG";"EUR/kWh";2050;"0.127";"Removed policies";"Diesel"
"OPEX";"Diesel";"DE";"Pt-Diesel Price";"Tractor-Trailer";"PROG";"EUR/kWh";2050;"0.127";"Removed policies";"Diesel"
"OPEX";"Diesel";"ES";"Pt-Diesel Price";"Rigid";"PROG";"EUR/kWh";2050;"0.127";"Removed policies";"Diesel"
"OPEX";"Diesel";"ES";"Pt-Diesel Price";"Tractor-Trailer";"PROG";"EUR/kWh";2050;"0.127";"Removed policies";"Diesel"
"OPEX";"Diesel";"FR";"Pt-Diesel Price";"Rigid";"PROG";"EUR/kWh";2050;"0.127";"Removed policies";"Diesel"
"OPEX";"Diesel";"FR";"Pt-Diesel Price";"Tractor-Trailer";"PROG";"EUR/kWh";2050;"0.127";"Removed policies";"Diesel"
"OPEX";"Diesel";"IT";"Pt-Diesel Price";"Rigid";"PROG";"EUR/kWh";2050;"0.127";"Removed policies";"Diesel"
"OPEX";"Diesel";"IT";"Pt-Diesel Price";"Tractor-Trailer";"PROG";"EUR/kWh";2050;"0.127";"Removed policies";"Diesel"
"OPEX";"Diesel";"NL";"Pt-Diesel Price";"Rigid";"PROG";"EUR/kWh";2050;"0.127";"Removed policies";"Diesel"
"OPEX";"Diesel";"NL";"Pt-Diesel Price";"Tractor-Trailer";"PROG";"EUR/kWh";2050;"0.127";"Removed policies";"Diesel"
"OPEX";"Diesel";"PL";"Pt-Diesel Price";"Rigid";"PROG";"EUR/kWh";2050;"0.127";"Removed policies";"Diesel"
"OPEX";"Diesel";"PL";"Pt-Diesel Price";"Tractor-Trailer";"PROG";"EUR/kWh";2050;"0.127";"Removed policies";"Diesel"
"OPEX";"Diesel";"UK";"Pt-Diesel Price";"Rigid";"PROG";"EUR/kWh";2050;"0.127";"Removed policies";"Diesel"
"OPEX";"Diesel";"UK";"Pt-Diesel Price";"Tractor-Trailer";"PROG";"EUR/kWh";2050;"0.127";"Removed policies";"Diesel"
"OPEX";"Electricity";"DE";"Electricity Price";"Rigid";"PROG";"EUR/kWh";2050;"0.049";"Removed policies";"Electricity"
"OPEX";"Electricity";"DE";"Electricity Price";"Tractor-Trailer";"PROG";"EUR/kWh";2050;"0.049";"Removed policies";"Electricity"
"OPEX";"Electricity";"ES";"Electricity Price";"Rigid";"PROG";"EUR/kWh";2050;"0.049";"Removed policies";"Electricity"
"OPEX";"Electricity";"ES";"Electricity Price";"Tractor-Trailer";"PROG";"EUR/kWh";2050;"0.049";"Removed policies";"Electricity"
"OPEX";"Electricity";"FR";"Electricity Price";"Rigid";"PROG";"EUR/kWh";2050;"0.049";"Removed policies";"Electricity"
"OPEX";"Electricity";"FR";"Electricity Price";"Tractor-Trailer";"PROG";"EUR/kWh";2050;"0.049";"Removed policies";"Electricity"
"OPEX";"Electricity";"IT";"Electricity Price";"Rigid";"PROG";"EUR/kWh";2050;"0.049";"Removed policies";"Electricity"
"OPEX";"Electricity";"IT";"Electricity Price";"Tractor-Trailer";"PROG";"EUR/kWh";2050;"0.049";"Removed policies";"Electricity"
"OPEX";"Electricity";"NL";"Electricity Price";"Rigid";"PROG";"EUR/kWh";2050;"0.049";"Removed policies";"Electricity"
"OPEX";"Electricity";"NL";"Electricity Price";"Tractor-Trailer";"PROG";"EUR/kWh";2050;"0.049";"Removed policies";"Electricity"
"OPEX";"Electricity";"PL";"Electricity Price";"Rigid";"PROG";"EUR/kWh";2050;"0.049";"Removed policies";"Electricity"
"OPEX";"Electricity";"PL";"Electricity Price";"Tractor-Trailer";"PROG";"EUR/kWh";2050;"0.049";"Removed policies";"Electricity"
"OPEX";"Electricity";"UK";"Electricity Price";"Rigid";"PROG";"EUR/kWh";2050;"0.049";"Removed policies";"Electricity"
"OPEX";"Electricity";"UK";"Electricity Price";"Tractor-Trailer";"PROG";"EUR/kWh";2050;"0.049";"Removed policies";"Electricity"
"OPEX";"Hydrogen";"DE";"Hydrogen Price";"Rigid";"PROG";"EUR/kWh";2050;"0.066";"Removed policies";"Hydrogen"
"OPEX";"Hydrogen";"DE";"Hydrogen Price";"Tractor-Trailer";"PROG";"EUR/kWh";2050;"0.066";"Removed policies";"Hydrogen"
"OPEX";"Hydrogen";"ES";"Hydrogen Price";"Rigid";"PROG";"EUR/kWh";2050;"0.066";"Removed policies";"Hydrogen"
"OPEX";"Hydrogen";"ES";"Hydrogen Price";"Tractor-Trailer";"PROG";"EUR/kWh";2050;"0.066";"Removed policies";"Hydrogen"
"OPEX";"Hydrogen";"FR";"Hydrogen Price";"Rigid";"PROG";"EUR/kWh";2050;"0.066";"Removed policies";"Hydrogen"
"OPEX";"Hydrogen";"FR";"Hydrogen Price";"Tractor-Trailer";"PROG";"EUR/kWh";2050;"0.066";"Removed policies";"Hydrogen"
"OPEX";"Hydrogen";"IT";"Hydrogen Price";"Rigid";"PROG";"EUR/kWh";2050;"0.066";"Removed policies";"Hydrogen"
"OPEX";"Hydrogen";"IT";"Hydrogen Price";"Tractor-Trailer";"PROG";"EUR/kWh";2050;"0.066";"Removed policies";"Hydrogen"
"OPEX";"Hydrogen";"NL";"Hydrogen Price";"Rigid";"PROG";"EUR/kWh";2050;"0.066";"Removed policies";"Hydrogen"
"OPEX";"Hydrogen";"NL";"Hydrogen Price";"Tractor-Trailer";"PROG";"EUR/kWh";2050;"0.066";"Removed policies";"Hydrogen"
"OPEX";"Hydrogen";"PL";"Hydrogen Price";"Rigid";"PROG";"EUR/kWh";2050;"0.066";"Removed policies";"Hydrogen"
"OPEX";"Hydrogen";"PL";"Hydrogen Price";"Tractor-Trailer";"PROG";"EUR/kWh";2050;"0.066";"Removed policies";"Hydrogen"
"OPEX";"Hydrogen";"UK";"Hydrogen Price";"Rigid";"PROG";"EUR/kWh";2050;"0.066";"Removed policies";"Hydrogen"
"OPEX";"Hydrogen";"UK";"Hydrogen Price";"Tractor-Trailer";"PROG";"EUR/kWh";2050;"0.066";"Removed policies";"Hydrogen"
"OPEX";"Taxes";"DE";"Non-ETS CO2";"Rigid";"BAU";"EUR/tCO2";2030;"0";"Removed policies";"Diesel"
"OPEX";"Taxes";"DE";"Non-ETS CO2";"Tractor-Trailer";"BAU";"EUR/tCO2";2030;"0";"Removed policies";"Diesel"
"OPEX";"Taxes";"DE";"Non-ETS CO2";"Rigid";"PROG";"EUR/tCO2";2030;"0";"Removed policies";"Diesel"
"OPEX";"Taxes";"DE";"Non-ETS CO2";"Tractor-Trailer";"PROG";"EUR/tCO2";2030;"0";"Removed policies";"Diesel"
"OPEX";"Taxes";"ES";"Non-ETS CO2";"Rigid";"BAU";"EUR/tCO2";2030;"0";"Removed policies";"Diesel"
"OPEX";"Taxes";"ES";"Non-ETS CO2";"Tractor-Trailer";"BAU";"EUR/tCO2";2030;"0";"Removed policies";"Diesel"
"OPEX";"Taxes";"ES";"Non-ETS CO2";"Rigid";"PROG";"EUR/tCO2";2030;"0";"Removed policies";"Diesel"
"OPEX";"Taxes";"ES";"Non-ETS CO2";"Tractor-Trailer";"PROG";"EUR/tCO2";2030;"0";"Removed policies";"Diesel"
"OPEX";"Taxes";"FR";"Non-ETS CO2";"Rigid";"BAU";"EUR/tCO2";2030;"0";"Removed policies";"Diesel"
"OPEX";"Taxes";"FR";"Non-ETS CO2";"Tractor-Trailer";"BAU";"EUR/tCO2";2030;"0";"Removed policies";"Diesel"
"OPEX";"Taxes";"FR";"Non-ETS CO2";"Rigid";"PROG";"EUR/tCO2";2030;"0";"Removed policies";"Diesel"
"OPEX";"Taxes";"FR";"Non-ETS CO2";"Tractor-Trailer";"PROG";"EUR/tCO2";2030;"0";"Removed policies";"Diesel"
"OPEX";"Taxes";"IT";"Non-ETS CO2";"Rigid";"BAU";"EUR/tCO2";2030;"0";"Removed policies";"Diesel"
"OPEX";"Taxes";"IT";"Non-ETS CO2";"Tractor-Trailer";"BAU";"EUR/tCO2";2030;"0";"Removed policies";"Diesel"
"OPEX";"Taxes";"IT";"Non-ETS CO2";"Rigid";"PROG";"EUR/tCO2";2030;"0";"Removed policies";"Diesel"
"OPEX";"Taxes";"IT";"Non-ETS CO2";"Tractor-Trailer";"PROG";"EUR/tCO2";2030;"0";"Removed policies";"Diesel"
"OPEX";"Taxes";"NL";"Non-ETS CO2";"Rigid";"BAU";"EUR/tCO2";2030;"0";"Removed policies";"Diesel"
"OPEX";"Taxes";"NL";"Non-ETS CO2";"Tractor-Trailer";"BAU";"EUR/tCO2";2030;"0";"Removed policies";"Diesel"
"OPEX";"Taxes";"NL";"Non-ETS CO2";"Rigid";"PROG";"EUR/tCO2";2030;"0";"Removed policies";"Diesel"
"OPEX";"Taxes";"NL";"Non-ETS CO2";"Tractor-Trailer";"PROG";"EUR/tCO2";2030;"0";"Removed policies";"Diesel"
"OPEX";"Taxes";"PL";"Non-ETS CO2";"Rigid";"BAU";"EUR/tCO2";2030;"0";"Removed policies";"Diesel"
"OPEX";"Taxes";"PL";"Non-ETS CO2";"Tractor-Trailer";"BAU";"EUR/tCO2";2030;"0";"Removed policies";"Diesel"
"OPEX";"Taxes";"PL";"Non-ETS CO2";"Rigid";"PROG";"EUR/tCO2";2030;"0";"Removed policies";"Diesel"
"OPEX";"Taxes";"PL";"Non-ETS CO2";"Tractor-Trailer";"PROG";"EUR/tCO2";2030;"0";"Removed policies";"Diesel"
"OPEX";"Taxes";"UK";"Non-ETS CO2";"Rigid";"BAU";"EUR/tCO2";2030;"0";"Removed policies";"Diesel"
"OPEX";"Taxes";"UK";"Non-ETS CO2";"Tractor-Trailer";"BAU";"EUR/tCO2";2030;"0";"Removed policies";"Diesel"
"OPEX";"Taxes";"UK";"Non-ETS CO2";"Rigid";"PROG";"EUR/tCO2";2030;"0";"Removed policies";"Diesel"
"OPEX";"Taxes";"UK";"Non-ETS CO2";"Tractor-Trailer";"PROG";"EUR/tCO2";2030;"0";"Removed policies";"Diesel"
"OPEX";"Diesel";"FR";"Diesel Price";"Rigid";"BAU";"EUR/kWh";2030;"0.063";"Removed policies";"Diesel"
"OPEX";"Diesel";"FR";"Diesel Price";"Tractor-Trailer";"BAU";"EUR/kWh";2030;"0.063";"Removed policies";"Diesel"
"OPEX";"Diesel";"FR";"Diesel Price";"Rigid";"PROG";"EUR/kWh";2030;"0.063";"Removed policies";"Diesel"
"OPEX";"Diesel";"FR";"Diesel Price";"Tractor-Trailer";"PROG";"EUR/kWh";2030;"0.063";"Removed policies";"Diesel"
"OPEX";"Diesel";"DE";"Diesel Price";"Rigid";"BAU";"EUR/kWh";2030;"0.063";"Removed policies";"Diesel"
"OPEX";"Diesel";"DE";"Diesel Price";"Tractor-Trailer";"BAU";"EUR/kWh";2030;"0.063";"Removed policies";"Diesel"
"OPEX";"Diesel";"DE";"Diesel Price";"Rigid";"PROG";"EUR/kWh";2030;"0.063";"Removed policies";"Diesel"
"OPEX";"Diesel";"DE";"Diesel Price";"Tractor-Trailer";"PROG";"EUR/kWh";2030;"0.063";"Removed policies";"Diesel"
"OPEX";"Diesel";"ES";"Diesel Price";"Rigid";"BAU";"EUR/kWh";2030;"0.063";"Removed policies";"Diesel"
"OPEX";"Diesel";"ES";"Diesel Price";"Tractor-Trailer";"BAU";"EUR/kWh";2030;"0.063";"Removed policies";"Diesel"
"OPEX";"Diesel";"ES";"Diesel Price";"Rigid";"PROG";"EUR/kWh";2030;"0.063";"Removed policies";"Diesel"
"OPEX";"Diesel";"ES";"Diesel Price";"Tractor-Trailer";"PROG";"EUR/kWh";2030;"0.063";"Removed policies";"Diesel"
"OPEX";"Diesel";"IT";"Diesel Price";"Rigid";"BAU";"EUR/kWh";2030;"0.063";"Removed policies";"Diesel"
"OPEX";"Diesel";"IT";"Diesel Price";"Tractor-Trailer";"BAU";"EUR/kWh";2030;"0.063";"Removed policies";"Diesel"
"OPEX";"Diesel";"IT";"Diesel Price";"Rigid";"PROG";"EUR/kWh";2030;"0.063";"Removed policies";"Diesel"
"OPEX";"Diesel";"IT";"Diesel Price";"Tractor-Trailer";"PROG";"EUR/kWh";2030;"0.063";"Removed policies";"Diesel"
"OPEX";"Diesel";"NL";"Diesel Price";"Rigid";"BAU";"EUR/kWh";2030;"0.063";"Removed policies";"Diesel"
"OPEX";"Diesel";"NL";"Diesel Price";"Tractor-Trailer";"BAU";"EUR/kWh";2030;"0.063";"Removed policies";"Diesel"
"OPEX";"Diesel";"NL";"Diesel Price";"Rigid";"PROG";"EUR/kWh";2030;"0.063";"Removed policies";"Diesel"
"OPEX";"Diesel";"NL";"Diesel Price";"Tractor-Trailer";"PROG";"EUR/kWh";2030;"0.063";"Removed policies";"Diesel"
"OPEX";"Diesel";"PL";"Diesel Price";"Rigid";"BAU";"EUR/kWh";2030;"0.063";"Removed policies";"Diesel"
"OPEX";"Diesel";"PL";"Diesel Price";"Tractor-Trailer";"BAU";"EUR/kWh";2030;"0.063";"Removed policies";"Diesel"
"OPEX";"Diesel";"PL";"Diesel Price";"Rigid";"PROG";"EUR/kWh";2030;"0.063";"Removed policies";"Diesel"
"OPEX";"Diesel";"PL";"Diesel Price";"Tractor-Trailer";"PROG";"EUR/kWh";2030;"0.063";"Removed policies";"Diesel"
"OPEX";"Diesel";"UK";"Diesel Price";"Rigid";"BAU";"EUR/kWh";2030;"0.063";"Removed policies";"Diesel"
"OPEX";"Diesel";"UK";"Diesel Price";"Tractor-Trailer";"BAU";"EUR/kWh";2030;"0.063";"Removed policies";"Diesel"
"OPEX";"Diesel";"UK";"Diesel Price";"Rigid";"PROG";"EUR/kWh";2030;"0.063";"Removed policies";"Diesel"
"OPEX";"Diesel";"UK";"Diesel Price";"Tractor-Trailer";"PROG";"EUR/kWh";2030;"0.063";"Removed policies";"Diesel"
"OPEX";"Taxes";"DE";"Non-ETS CO2";"Rigid";"BAU";"EUR/tCO2";2035;"0";"Removed policies";"Diesel"
"OPEX";"Taxes";"DE";"Non-ETS CO2";"Tractor-Trailer";"BAU";"EUR/tCO2";2035;"0";"Removed policies";"Diesel"
"OPEX";"Taxes";"DE";"Non-ETS CO2";"Rigid";"PROG";"EUR/tCO2";2035;"0";"Removed policies";"Diesel"
"OPEX";"Taxes";"DE";"Non-ETS CO2";"Tractor-Trailer";"PROG";"EUR/tCO2";2035;"0";"Removed policies";"Diesel"
"OPEX";"Taxes";"ES";"Non-ETS CO2";"Rigid";"BAU";"EUR/tCO2";2035;"0";"Removed policies";"Diesel"
"OPEX";"Taxes";"ES";"Non-ETS CO2";"Tractor-Trailer";"BAU";"EUR/tCO2";2035;"0";"Removed policies";"Diesel"
"OPEX";"Taxes";"ES";"Non-ETS CO2";"Rigid";"PROG";"EUR/tCO2";2035;"0";"Removed policies";"Diesel"
"OPEX";"Taxes";"ES";"Non-ETS CO2";"Tractor-Trailer";"PROG";"EUR/tCO2";2035;"0";"Removed policies";"Diesel"
"OPEX";"Taxes";"FR";"Non-ETS CO2";"Rigid";"BAU";"EUR/tCO2";2035;"0";"Removed policies";"Diesel"
"OPEX";"Taxes";"FR";"Non-ETS CO2";"Tractor-Trailer";"BAU";"EUR/tCO2";2035;"0";"Removed policies";"Diesel"
"OPEX";"Taxes";"FR";"Non-ETS CO2";"Rigid";"PROG";"EUR/tCO2";2035;"0";"Removed policies";"Diesel"
"OPEX";"Taxes";"FR";"Non-ETS CO2";"Tractor-Trailer";"PROG";"EUR/tCO2";2035;"0";"Removed policies";"Diesel"
"OPEX";"Taxes";"IT";"Non-ETS CO2";"Rigid";"BAU";"EUR/tCO2";2035;"0";"Removed policies";"Diesel"
"OPEX";"Taxes";"IT";"Non-ETS CO2";"Tractor-Trailer";"BAU";"EUR/tCO2";2035;"0";"Removed policies";"Diesel"
"OPEX";"Taxes";"IT";"Non-ETS CO2";"Rigid";"PROG";"EUR/tCO2";2035;"0";"Removed policies";"Diesel"
"OPEX";"Taxes";"IT";"Non-ETS CO2";"Tractor-Trailer";"PROG";"EUR/tCO2";2035;"0";"Removed policies";"Diesel"
"OPEX";"Taxes";"NL";"Non-ETS CO2";"Rigid";"BAU";"EUR/tCO2";2035;"0";"Removed policies";"Diesel"
"OPEX";"Taxes";"NL";"Non-ETS CO2";"Tractor-Trailer";"BAU";"EUR/tCO2";2035;"0";"Removed policies";"Diesel"
"OPEX";"Taxes";"NL";"Non-ETS CO2";"Rigid";"PROG";"EUR/tCO2";2035;"0";"Removed policies";"Diesel"
"OPEX";"Taxes";"NL";"Non-ETS CO2";"Tractor-Trailer";"PROG";"EUR/tCO2";2035;"0";"Removed policies";"Diesel"
"OPEX";"Taxes";"PL";"Non-ETS CO2";"Rigid";"BAU";"EUR/tCO2";2035;"0";"Removed policies";"Diesel"
"OPEX";"Taxes";"PL";"Non-ETS CO2";"Tractor-Trailer";"BAU";"EUR/tCO2";2035;"0";"Removed policies";"Diesel"
"OPEX";"Taxes";"PL";"Non-ETS CO2";"Rigid";"PROG";"EUR/tCO2";2035;"0";"Removed policies";"Diesel"
"OPEX";"Taxes";"PL";"Non-ETS CO2";"Tractor-Trailer";"PROG";"EUR/tCO2";2035;"0";"Removed policies";"Diesel"
"OPEX";"Taxes";"UK";"Non-ETS CO2";"Rigid";"BAU";"EUR/tCO2";2035;"0";"Removed policies";"Diesel"
"OPEX";"Taxes";"UK";"Non-ETS CO2";"Tractor-Trailer";"BAU";"EUR/tCO2";2035;"0";"Removed policies";"Diesel"
"OPEX";"Taxes";"UK";"Non-ETS CO2";"Rigid";"PROG";"EUR/tCO2";2035;"0";"Removed policies";"Diesel"
"OPEX";"Taxes";"UK";"Non-ETS CO2";"Tractor-Trailer";"PROG";"EUR/tCO2";2035;"0";"Removed policies";"Diesel"
"OPEX";"Diesel";"FR";"Diesel Price";"Rigid";"BAU";"EUR/kWh";2035;"0.066";"Removed policies";"Diesel"
"OPEX";"Diesel";"FR";"Diesel Price";"Tractor-Trailer";"BAU";"EUR/kWh";2035;"0.066";"Removed policies";"Diesel"
"OPEX";"Diesel";"FR";"Diesel Price";"Rigid";"PROG";"EUR/kWh";2035;"0.066";"Removed policies";"Diesel"
"OPEX";"Diesel";"FR";"Diesel Price";"Tractor-Trailer";"PROG";"EUR/kWh";2035;"0.066";"Removed policies";"Diesel"
"OPEX";"Diesel";"DE";"Diesel Price";"Rigid";"BAU";"EUR/kWh";2035;"0.066";"Removed policies";"Diesel"
"OPEX";"Diesel";"DE";"Diesel Price";"Tractor-Trailer";"BAU";"EUR/kWh";2035;"0.066";"Removed policies";"Diesel"
"OPEX";"Diesel";"DE";"Diesel Price";"Rigid";"PROG";"EUR/kWh";2035;"0.066";"Removed policies";"Diesel"
"OPEX";"Diesel";"DE";"Diesel Price";"Tractor-Trailer";"PROG";"EUR/kWh";2035;"0.066";"Removed policies";"Diesel"
"OPEX";"Diesel";"ES";"Diesel Price";"Rigid";"BAU";"EUR/kWh";2035;"0.066";"Removed policies";"Diesel"
"OPEX";"Diesel";"ES";"Diesel Price";"Tractor-Trailer";"BAU";"EUR/kWh";2035;"0.066";"Removed policies";"Diesel"
"OPEX";"Diesel";"ES";"Diesel Price";"Rigid";"PROG";"EUR/kWh";2035;"0.066";"Removed policies";"Diesel"
"OPEX";"Diesel";"ES";"Diesel Price";"Tractor-Trailer";"PROG";"EUR/kWh";2035;"0.066";"Removed policies";"Diesel"
"OPEX";"Diesel";"IT";"Diesel Price";"Rigid";"BAU";"EUR/kWh";2035;"0.066";"Removed policies";"Diesel"
"OPEX";"Diesel";"IT";"Diesel Price";"Tractor-Trailer";"BAU";"EUR/kWh";2035;"0.066";"Removed policies";"Diesel"
"OPEX";"Diesel";"IT";"Diesel Price";"Rigid";"PROG";"EUR/kWh";2035;"0.066";"Removed policies";"Diesel"
"OPEX";"Diesel";"IT";"Diesel Price";"Tractor-Trailer";"PROG";"EUR/kWh";2035;"0.066";"Removed policies";"Diesel"
"OPEX";"Diesel";"NL";"Diesel Price";"Rigid";"BAU";"EUR/kWh";2035;"0.066";"Removed policies";"Diesel"
"OPEX";"Diesel";"NL";"Diesel Price";"Tractor-Trailer";"BAU";"EUR/kWh";2035;"0.066";"Removed policies";"Diesel"
"OPEX";"Diesel";"NL";"Diesel Price";"Rigid";"PROG";"EUR/kWh";2035;"0.066";"Removed policies";"Diesel"
"OPEX";"Diesel";"NL";"Diesel Price";"Tractor-Trailer";"PROG";"EUR/kWh";2035;"0.066";"Removed policies";"Diesel"
"OPEX";"Diesel";"PL";"Diesel Price";"Rigid";"BAU";"EUR/kWh";2035;"0.066";"Removed policies";"Diesel"
"OPEX";"Diesel";"PL";"Diesel Price";"Tractor-Trailer";"BAU";"EUR/kWh";2035;"0.066";"Removed policies";"Diesel"
"OPEX";"Diesel";"PL";"Diesel Price";"Rigid";"PROG";"EUR/kWh";2035;"0.066";"Removed policies";"Diesel"
"OPEX";"Diesel";"PL";"Diesel Price";"Tractor-Trailer";"PROG";"EUR/kWh";2035;"0.066";"Removed policies";"Diesel"
"OPEX";"Diesel";"UK";"Diesel Price";"Rigid";"BAU";"EUR/kWh";2035;"0.066";"Removed policies";"Diesel"
"OPEX";"Diesel";"UK";"Diesel Price";"Tractor-Trailer";"BAU";"EUR/kWh";2035;"0.066";"Removed policies";"Diesel"
"OPEX";"Diesel";"UK";"Diesel Price";"Rigid";"PROG";"EUR/kWh";2035;"0.066";"Removed policies";"Diesel"
"OPEX";"Diesel";"UK";"Diesel Price";"Tractor-Trailer";"PROG";"EUR/kWh";2035;"0.066";"Removed policies";"Diesel"
"OPEX";"Taxes";"DE";"Non-ETS CO2";"Rigid";"BAU";"EUR/tCO2";2040;"0";"Removed policies";"Diesel"
"OPEX";"Taxes";"DE";"Non-ETS CO2";"Tractor-Trailer";"BAU";"EUR/tCO2";2040;"0";"Removed policies";"Diesel"
"OPEX";"Taxes";"DE";"Non-ETS CO2";"Rigid";"PROG";"EUR/tCO2";2040;"0";"Removed policies";"Diesel"
"OPEX";"Taxes";"DE";"Non-ETS CO2";"Tractor-Trailer";"PROG";"EUR/tCO2";2040;"0";"Removed policies";"Diesel"
"OPEX";"Taxes";"ES";"Non-ETS CO2";"Rigid";"BAU";"EUR/tCO2";2040;"0";"Removed policies";"Diesel"
"OPEX";"Taxes";"ES";"Non-ETS CO2";"Tractor-Trailer";"BAU";"EUR/tCO2";2040;"0";"Removed policies";"Diesel"
"OPEX";"Taxes";"ES";"Non-ETS CO2";"Rigid";"PROG";"EUR/tCO2";2040;"0";"Removed policies";"Diesel"
"OPEX";"Taxes";"ES";"Non-ETS CO2";"Tractor-Trailer";"PROG";"EUR/tCO2";2040;"0";"Removed policies";"Diesel"
"OPEX";"Taxes";"FR";"Non-ETS CO2";"Rigid";"BAU";"EUR/tCO2";2040;"0";"Removed policies";"Diesel"
"OPEX";"Taxes";"FR";"Non-ETS CO2";"Tractor-Trailer";"BAU";"EUR/tCO2";2040;"0";"Removed policies";"Diesel"
"OPEX";"Taxes";"FR";"Non-ETS CO2";"Rigid";"PROG";"EUR/tCO2";2040;"0";"Removed policies";"Diesel"
"OPEX";"Taxes";"FR";"Non-ETS CO2";"Tractor-Trailer";"PROG";"EUR/tCO2";2040;"0";"Removed policies";"Diesel"
"OPEX";"Taxes";"IT";"Non-ETS CO2";"Rigid";"BAU";"EUR/tCO2";2040;"0";"Removed policies";"Diesel"
"OPEX";"Taxes";"IT";"Non-ETS CO2";"Tractor-Trailer";"BAU";"EUR/tCO2";2040;"0";"Removed policies";"Diesel"
"OPEX";"Taxes";"IT";"Non-ETS CO2";"Rigid";"PROG";"EUR/tCO2";2040;"0";"Removed policies";"Diesel"
"OPEX";"Taxes";"IT";"Non-ETS CO2";"Tractor-Trailer";"PROG";"EUR/tCO2";2040;"0";"Removed policies";"Diesel"
"OPEX";"Taxes";"NL";"Non-ETS CO2";"Rigid";"BAU";"EUR/tCO2";2040;"0";"Removed policies";"Diesel"
"OPEX";"Taxes";"NL";"Non-ETS CO2";"Tractor-Trailer";"BAU";"EUR/tCO2";2040;"0";"Removed policies";"Diesel"
"OPEX";"Taxes";"NL";"Non-ETS CO2";"Rigid";"PROG";"EUR/tCO2";2040;"0";"Removed policies";"Diesel"
"OPEX";"Taxes";"NL";"Non-ETS CO2";"Tractor-Trailer";"PROG";"EUR/tCO2";2040;"0";"Removed policies";"Diesel"
"OPEX";"Taxes";"PL";"Non-ETS CO2";"Rigid";"BAU";"EUR/tCO2";2040;"0";"Removed policies";"Diesel"
"OPEX";"Taxes";"PL";"Non-ETS CO2";"Tractor-Trailer";"BAU";"EUR/tCO2";2040;"0";"Removed policies";"Diesel"
"OPEX";"Taxes";"PL";"Non-ETS CO2";"Rigid";"PROG";"EUR/tCO2";2040;"0";"Removed policies";"Diesel"
"OPEX";"Taxes";"PL";"Non-ETS CO2";"Tractor-Trailer";"PROG";"EUR/tCO2";2040;"0";"Removed policies";"Diesel"
"OPEX";"Taxes";"UK";"Non-ETS CO2";"Rigid";"BAU";"EUR/tCO2";2040;"0";"Removed policies";"Diesel"
"OPEX";"Taxes";"UK";"Non-ETS CO2";"Tractor-Trailer";"BAU";"EUR/tCO2";2040;"0";"Removed policies";"Diesel"
"OPEX";"Taxes";"UK";"Non-ETS CO2";"Rigid";"PROG";"EUR/tCO2";2040;"0";"Removed policies";"Diesel"
"OPEX";"Taxes";"UK";"Non-ETS CO2";"Tractor-Trailer";"PROG";"EUR/tCO2";2040;"0";"Removed policies";"Diesel"
"OPEX";"Diesel";"FR";"Diesel Price";"Rigid";"BAU";"EUR/kWh";2040;"0.069";"Removed policies";"Diesel"
"OPEX";"Diesel";"FR";"Diesel Price";"Tractor-Trailer";"BAU";"EUR/kWh";2040;"0.069";"Removed policies";"Diesel"
"OPEX";"Diesel";"FR";"Diesel Price";"Rigid";"PROG";"EUR/kWh";2040;"0.069";"Removed policies";"Diesel"
"OPEX";"Diesel";"FR";"Diesel Price";"Tractor-Trailer";"PROG";"EUR/kWh";2040;"0.069";"Removed policies";"Diesel"
"OPEX";"Diesel";"DE";"Diesel Price";"Rigid";"BAU";"EUR/kWh";2040;"0.069";"Removed policies";"Diesel"
"OPEX";"Diesel";"DE";"Diesel Price";"Tractor-Trailer";"BAU";"EUR/kWh";2040;"0.069";"Removed policies";"Diesel"
"OPEX";"Diesel";"DE";"Diesel Price";"Rigid";"PROG";"EUR/kWh";2040;"0.069";"Removed policies";"Diesel"
"OPEX";"Diesel";"DE";"Diesel Price";"Tractor-Trailer";"PROG";"EUR/kWh";2040;"0.069";"Removed policies";"Diesel"
"OPEX";"Diesel";"ES";"Diesel Price";"Rigid";"BAU";"EUR/kWh";2040;"0.069";"Removed policies";"Diesel"
"OPEX";"Diesel";"ES";"Diesel Price";"Tractor-Trailer";"BAU";"EUR/kWh";2040;"0.069";"Removed policies";"Diesel"
"OPEX";"Diesel";"ES";"Diesel Price";"Rigid";"PROG";"EUR/kWh";2040;"0.069";"Removed policies";"Diesel"
"OPEX";"Diesel";"ES";"Diesel Price";"Tractor-Trailer";"PROG";"EUR/kWh";2040;"0.069";"Removed policies";"Diesel"
"OPEX";"Diesel";"IT";"Diesel Price";"Rigid";"BAU";"EUR/kWh";2040;"0.069";"Removed policies";"Diesel"
"OPEX";"Diesel";"IT";"Diesel Price";"Tractor-Trailer";"BAU";"EUR/kWh";2040;"0.069";"Removed policies";"Diesel"
"OPEX";"Diesel";"IT";"Diesel Price";"Rigid";"PROG";"EUR/kWh";2040;"0.069";"Removed policies";"Diesel"
"OPEX";"Diesel";"IT";"Diesel Price";"Tractor-Trailer";"PROG";"EUR/kWh";2040;"0.069";"Removed policies";"Diesel"
"OPEX";"Diesel";"NL";"Diesel Price";"Rigid";"BAU";"EUR/kWh";2040;"0.069";"Removed policies";"Diesel"
"OPEX";"Diesel";"NL";"Diesel Price";"Tractor-Trailer";"BAU";"EUR/kWh";2040;"0.069";"Removed policies";"Diesel"
"OPEX";"Diesel";"NL";"Diesel Price";"Rigid";"PROG";"EUR/kWh";2040;"0.069";"Removed policies";"Diesel"
"OPEX";"Diesel";"NL";"Diesel Price";"Tractor-Trailer";"PROG";"EUR/kWh";2040;"0.069";"Removed policies";"Diesel"
"OPEX";"Diesel";"PL";"Diesel Price";"Rigid";"BAU";"EUR/kWh";2040;"0.069";"Removed policies";"Diesel"
"OPEX";"Diesel";"PL";"Diesel Price";"Tractor-Trailer";"BAU";"EUR/kWh";2040;"0.069";"Removed policies";"Diesel"
"OPEX";"Diesel";"PL";"Diesel Price";"Rigid";"PROG";"EUR/kWh";2040;"0.069";"Removed policies";"Diesel"
"OPEX";"Diesel";"PL";"Diesel Price";"Tractor-Trailer";"PROG";"EUR/kWh";2040;"0.069";"Removed policies";"Diesel"
"OPEX";"Diesel";"UK";"Diesel Price";"Rigid";"BAU";"EUR/kWh";2040;"0.069";"Removed policies";"Diesel"
"OPEX";"Diesel";"UK";"Diesel Price";"Tractor-Trailer";"BAU";"EUR/kWh";2040;"0.069";"Removed policies";"Diesel"
"OPEX";"Diesel";"UK";"Diesel Price";"Rigid";"PROG";"EUR/kWh";2040;"0.069";"Removed policies";"Diesel"
"OPEX";"Diesel";"UK";"Diesel Price";"Tractor-Trailer";"PROG";"EUR/kWh";2040;"0.069";"Removed policies";"Diesel"
"OPEX";"Taxes";"DE";"Non-ETS CO2";"Rigid";"BAU";"EUR/tCO2";2045;"0";"Removed policies";"Diesel"
"OPEX";"Taxes";"DE";"Non-ETS CO2";"Tractor-Trailer";"BAU";"EUR/tCO2";2045;"0";"Removed policies";"Diesel"
"OPEX";"Taxes";"DE";"Non-ETS CO2";"Rigid";"PROG";"EUR/tCO2";2045;"0";"Removed policies";"Diesel"
"OPEX";"Taxes";"DE";"Non-ETS CO2";"Tractor-Trailer";"PROG";"EUR/tCO2";2045;"0";"Removed policies";"Diesel"
"OPEX";"Taxes";"ES";"Non-ETS CO2";"Rigid";"BAU";"EUR/tCO2";2045;"0";"Removed policies";"Diesel"
"OPEX";"Taxes";"ES";"Non-ETS CO2";"Tractor-Trailer";"BAU";"EUR/tCO2";2045;"0";"Removed policies";"Diesel"
"OPEX";"Taxes";"ES";"Non-ETS CO2";"Rigid";"PROG";"EUR/tCO2";2045;"0";"Removed policies";"Diesel"
"OPEX";"Taxes";"ES";"Non-ETS CO2";"Tractor-Trailer";"PROG";"EUR/tCO2";2045;"0";"Removed policies";"Diesel"
"OPEX";"Taxes";"FR";"Non-ETS CO2";"Rigid";"BAU";"EUR/tCO2";2045;"0";"Removed policies";"Diesel"
"OPEX";"Taxes";"FR";"Non-ETS CO2";"Tractor-Trailer";"BAU";"EUR/tCO2";2045;"0";"Removed policies";"Diesel"
"OPEX";"Taxes";"FR";"Non-ETS CO2";"Rigid";"PROG";"EUR/tCO2";2045;"0";"Removed policies";"Diesel"
"OPEX";"Taxes";"FR";"Non-ETS CO2";"Tractor-Trailer";"PROG";"EUR/tCO2";2045;"0";"Removed policies";"Diesel"
"OPEX";"Taxes";"IT";"Non-ETS CO2";"Rigid";"BAU";"EUR/tCO2";2045;"0";"Removed policies";"Diesel"
"OPEX";"Taxes";"IT";"Non-ETS CO2";"Tractor-Trailer";"BAU";"EUR/tCO2";2045;"0";"Removed policies";"Diesel"
"OPEX";"Taxes";"IT";"Non-ETS CO2";"Rigid";"PROG";"EUR/tCO2";2045;"0";"Removed policies";"Diesel"
"OPEX";"Taxes";"IT";"Non-ETS CO2";"Tractor-Trailer";"PROG";"EUR/tCO2";2045;"0";"Removed policies";"Diesel"
"OPEX";"Taxes";"NL";"Non-ETS CO2";"Rigid";"BAU";"EUR/tCO2";2045;"0";"Removed policies";"Diesel"
"OPEX";"Taxes";"NL";"Non-ETS CO2";"Tractor-Trailer";"BAU";"EUR/tCO2";2045;"0";"Removed policies";"Diesel"
"OPEX";"Taxes";"NL";"Non-ETS CO2";"Rigid";"PROG";"EUR/tCO2";2045;"0";"Removed policies";"Diesel"
"OPEX";"Taxes";"NL";"Non-ETS CO2";"Tractor-Trailer";"PROG";"EUR/tCO2";2045;"0";"Removed policies";"Diesel"
"OPEX";"Taxes";"PL";"Non-ETS CO2";"Rigid";"BAU";"EUR/tCO2";2045;"0";"Removed policies";"Diesel"
"OPEX";"Taxes";"PL";"Non-ETS CO2";"Tractor-Trailer";"BAU";"EUR/tCO2";2045;"0";"Removed policies";"Diesel"
"OPEX";"Taxes";"PL";"Non-ETS CO2";"Rigid";"PROG";"EUR/tCO2";2045;"0";"Removed policies";"Diesel"
"OPEX";"Taxes";"PL";"Non-ETS CO2";"Tractor-Trailer";"PROG";"EUR/tCO2";2045;"0";"Removed policies";"Diesel"
"OPEX";"Taxes";"UK";"Non-ETS CO2";"Rigid";"BAU";"EUR/tCO2";2045;"0";"Removed policies";"Diesel"
"OPEX";"Taxes";"UK";"Non-ETS CO2";"Tractor-Trailer";"BAU";"EUR/tCO2";2045;"0";"Removed policies";"Diesel"
"OPEX";"Taxes";"UK";"Non-ETS CO2";"Rigid";"PROG";"EUR/tCO2";2045;"0";"Removed policies";"Diesel"
"OPEX";"Taxes";"UK";"Non-ETS CO2";"Tractor-Trailer";"PROG";"EUR/tCO2";2045;"0";"Removed policies";"Diesel"
"OPEX";"Diesel";"FR";"Diesel Price";"Rigid";"BAU";"EUR/kWh";2045;"0.073";"Removed policies";"Diesel"
"OPEX";"Diesel";"FR";"Diesel Price";"Tractor-Trailer";"BAU";"EUR/kWh";2045;"0.073";"Removed policies";"Diesel"
"OPEX";"Diesel";"FR";"Diesel Price";"Rigid";"PROG";"EUR/kWh";2045;"0.073";"Removed policies";"Diesel"
"OPEX";"Diesel";"FR";"Diesel Price";"Tractor-Trailer";"PROG";"EUR/kWh";2045;"0.073";"Removed policies";"Diesel"
"OPEX";"Diesel";"DE";"Diesel Price";"Rigid";"BAU";"EUR/kWh";2045;"0.073";"Removed policies";"Diesel"
"OPEX";"Diesel";"DE";"Diesel Price";"Tractor-Trailer";"BAU";"EUR/kWh";2045;"0.073";"Removed policies";"Diesel"
"OPEX";"Diesel";"DE";"Diesel Price";"Rigid";"PROG";"EUR/kWh";2045;"0.073";"Removed policies";"Diesel"
"OPEX";"Diesel";"DE";"Diesel Price";"Tractor-Trailer";"PROG";"EUR/kWh";2045;"0.073";"Removed policies";"Diesel"
"OPEX";"Diesel";"ES";"Diesel Price";"Rigid";"BAU";"EUR/kWh";2045;"0.073";"Removed policies";"Diesel"
"OPEX";"Diesel";"ES";"Diesel Price";"Tractor-Trailer";"BAU";"EUR/kWh";2045;"0.073";"Removed policies";"Diesel"
"OPEX";"Diesel";"ES";"Diesel Price";"Rigid";"PROG";"EUR/kWh";2045;"0.073";"Removed policies";"Diesel"
"OPEX";"Diesel";"ES";"Diesel Price";"Tractor-Trailer";"PROG";"EUR/kWh";2045;"0.073";"Removed policies";"Diesel"
"OPEX";"Diesel";"IT";"Diesel Price";"Rigid";"BAU";"EUR/kWh";2045;"0.073";"Removed policies";"Diesel"
"OPEX";"Diesel";"IT";"Diesel Price";"Tractor-Trailer";"BAU";"EUR/kWh";2045;"0.073";"Removed policies";"Diesel"
"OPEX";"Diesel";"IT";"Diesel Price";"Rigid";"PROG";"EUR/kWh";2045;"0.073";"Removed policies";"Diesel"
"OPEX";"Diesel";"IT";"Diesel Price";"Tractor-Trailer";"PROG";"EUR/kWh";2045;"0.073";"Removed policies";"Diesel"
"OPEX";"Diesel";"NL";"Diesel Price";"Rigid";"BAU";"EUR/kWh";2045;"0.073";"Removed policies";"Diesel"
"OPEX";"Diesel";"NL";"Diesel Price";"Tractor-Trailer";"BAU";"EUR/kWh";2045;"0.073";"Removed policies";"Diesel"
"OPEX";"Diesel";"NL";"Diesel Price";"Rigid";"PROG";"EUR/kWh";2045;"0.073";"Removed policies";"Diesel"
"OPEX";"Diesel";"NL";"Diesel Price";"Tractor-Trailer";"PROG";"EUR/kWh";2045;"0.073";"Removed policies";"Diesel"
"OPEX";"Diesel";"PL";"Diesel Price";"Rigid";"BAU";"EUR/kWh";2045;"0.073";"Removed policies";"Diesel"
"OPEX";"Diesel";"PL";"Diesel Price";"Tractor-Trailer";"BAU";"EUR/kWh";2045;"0.073";"Removed policies";"Diesel"
"OPEX";"Diesel";"PL";"Diesel Price";"Rigid";"PROG";"EUR/kWh";2045;"0.073";"Removed policies";"Diesel"
"OPEX";"Diesel";"PL";"Diesel Price";"Tractor-Trailer";"PROG";"EUR/kWh";2045;"0.073";"Removed policies";"Diesel"
"OPEX";"Diesel";"UK";"Diesel Price";"Rigid";"BAU";"EUR/kWh";2045;"0.073";"Removed policies";"Diesel"
"OPEX";"Diesel";"UK";"Diesel Price";"Tractor-Trailer";"BAU";"EUR/kWh";2045;"0.073";"Removed policies";"Diesel"
"OPEX";"Diesel";"UK";"Diesel Price";"Rigid";"PROG";"EUR/kWh";2045;"0.073";"Removed policies";"Diesel"
"OPEX";"Diesel";"UK";"Diesel Price";"Tractor-Trailer";"PROG";"EUR/kWh";2045;"0.073";"Removed policies";"Diesel"
"OPEX";"Taxes";"DE";"Non-ETS CO2";"Rigid";"BAU";"EUR/tCO2";2050;"0";"Removed policies";"Diesel"
"OPEX";"Taxes";"DE";"Non-ETS CO2";"Tractor-Trailer";"BAU";"EUR/tCO2";2050;"0";"Removed policies";"Diesel"
"OPEX";"Taxes";"DE";"Non-ETS CO2";"Rigid";"PROG";"EUR/tCO2";2050;"0";"Removed policies";"Diesel"
"OPEX";"Taxes";"DE";"Non-ETS CO2";"Tractor-Trailer";"PROG";"EUR/tCO2";2050;"0";"Removed policies";"Diesel"
"OPEX";"Taxes";"ES";"Non-ETS CO2";"Rigid";"BAU";"EUR/tCO2";2050;"0";"Removed policies";"Diesel"
"OPEX";"Taxes";"ES";"Non-ETS CO2";"Tractor-Trailer";"BAU";"EUR/tCO2";2050;"0";"Removed policies";"Diesel"
"OPEX";"Taxes";"ES";"Non-ETS CO2";"Rigid";"PROG";"EUR/tCO2";2050;"0";"Removed policies";"Diesel"
"OPEX";"Taxes";"ES";"Non-ETS CO2";"Tractor-Trailer";"PROG";"EUR/tCO2";2050;"0";"Removed policies";"Diesel"
"OPEX";"Taxes";"FR";"Non-ETS CO2";"Rigid";"BAU";"EUR/tCO2";2050;"0";"Removed policies";"Diesel"
"OPEX";"Taxes";"FR";"Non-ETS CO2";"Tractor-Trailer";"BAU";"EUR/tCO2";2050;"0";"Removed policies";"Diesel"
"OPEX";"Taxes";"FR";"Non-ETS CO2";"Rigid";"PROG";"EUR/tCO2";2050;"0";"Removed policies";"Diesel"
"OPEX";"Taxes";"FR";"Non-ETS CO2";"Tractor-Trailer";"PROG";"EUR/tCO2";2050;"0";"Removed policies";"Diesel"
"OPEX";"Taxes";"IT";"Non-ETS CO2";"Rigid";"BAU";"EUR/tCO2";2050;"0";"Removed policies";"Diesel"
"OPEX";"Taxes";"IT";"Non-ETS CO2";"Tractor-Trailer";"BAU";"EUR/tCO2";2050;"0";"Removed policies";"Diesel"
"OPEX";"Taxes";"IT";"Non-ETS CO2";"Rigid";"PROG";"EUR/tCO2";2050;"0";"Removed policies";"Diesel"
"OPEX";"Taxes";"IT";"Non-ETS CO2";"Tractor-Trailer";"PROG";"EUR/tCO2";2050;"0";"Removed policies";"Diesel"
"OPEX";"Taxes";"NL";"Non-ETS CO2";"Rigid";"BAU";"EUR/tCO2";2050;"0";"Removed policies";"Diesel"
"OPEX";"Taxes";"NL";"Non-ETS CO2";"Tractor-Trailer";"BAU";"EUR/tCO2";2050;"0";"Removed policies";"Diesel"
"OPEX";"Taxes";"NL";"Non-ETS CO2";"Rigid";"PROG";"EUR/tCO2";2050;"0";"Removed policies";"Diesel"
"OPEX";"Taxes";"NL";"Non-ETS CO2";"Tractor-Trailer";"PROG";"EUR/tCO2";2050;"0";"Removed policies";"Diesel"
"OPEX";"Taxes";"PL";"Non-ETS CO2";"Rigid";"BAU";"EUR/tCO2";2050;"0";"Removed policies";"Diesel"
"OPEX";"Taxes";"PL";"Non-ETS CO2";"Tractor-Trailer";"BAU";"EUR/tCO2";2050;"0";"Removed policies";"Diesel"
"OPEX";"Taxes";"PL";"Non-ETS CO2";"Rigid";"PROG";"EUR/tCO2";2050;"0";"Removed policies";"Diesel"
"OPEX";"Taxes";"PL";"Non-ETS CO2";"Tractor-Trailer";"PROG";"EUR/tCO2";2050;"0";"Removed policies";"Diesel"
"OPEX";"Taxes";"UK";"Non-ETS CO2";"Rigid";"BAU";"EUR/tCO2";2050;"0";"Removed policies";"Diesel"
"OPEX";"Taxes";"UK";"Non-ETS CO2";"Tractor-Trailer";"BAU";"EUR/tCO2";2050;"0";"Removed policies";"Diesel"
"OPEX";"Taxes";"UK";"Non-ETS CO2";"Rigid";"PROG";"EUR/tCO2";2050;"0";"Removed policies";"Diesel"
"OPEX";"Taxes";"UK";"Non-ETS CO2";"Tractor-Trailer";"PROG";"EUR/tCO2";2050;"0";"Removed policies";"Diesel"
"OPEX";"Diesel";"FR";"Diesel Price";"Rigid";"BAU";"EUR/kWh";2050;"0.079";"Removed policies";"Diesel"
"OPEX";"Diesel";"FR";"Diesel Price";"Tractor-Trailer";"BAU";"EUR/kWh";2050;"0.079";"Removed policies";"Diesel"
"OPEX";"Diesel";"FR";"Diesel Price";"Rigid";"PROG";"EUR/kWh";2050;"0.079";"Removed policies";"Diesel"
"OPEX";"Diesel";"FR";"Diesel Price";"Tractor-Trailer";"PROG";"EUR/kWh";2050;"0.079";"Removed policies";"Diesel"
"OPEX";"Diesel";"DE";"Diesel Price";"Rigid";"BAU";"EUR/kWh";2050;"0.079";"Removed policies";"Diesel"
"OPEX";"Diesel";"DE";"Diesel Price";"Tractor-Trailer";"BAU";"EUR/kWh";2050;"0.079";"Removed policies";"Diesel"
"OPEX";"Diesel";"DE";"Diesel Price";"Rigid";"PROG";"EUR/kWh";2050;"0.079";"Removed policies";"Diesel"
"OPEX";"Diesel";"DE";"Diesel Price";"Tractor-Trailer";"PROG";"EUR/kWh";2050;"0.079";"Removed policies";"Diesel"
"OPEX";"Diesel";"ES";"Diesel Price";"Rigid";"BAU";"EUR/kWh";2050;"0.079";"Removed policies";"Diesel"
"OPEX";"Diesel";"ES";"Diesel Price";"Tractor-Trailer";"BAU";"EUR/kWh";2050;"0.079";"Removed policies";"Diesel"
"OPEX";"Diesel";"ES";"Diesel Price";"Rigid";"PROG";"EUR/kWh";2050;"0.079";"Removed policies";"Diesel"
"OPEX";"Diesel";"ES";"Diesel Price";"Tractor-Trailer";"PROG";"EUR/kWh";2050;"0.079";"Removed policies";"Diesel"
"OPEX";"Diesel";"IT";"Diesel Price";"Rigid";"BAU";"EUR/kWh";2050;"0.079";"Removed policies";"Diesel"
"OPEX";"Diesel";"IT";"Diesel Price";"Tractor-Trailer";"BAU";"EUR/kWh";2050;"0.079";"Removed policies";"Diesel"
"OPEX";"Diesel";"IT";"Diesel Price";"Rigid";"PROG";"EUR/kWh";2050;"0.079";"Removed policies";"Diesel"
"OPEX";"Diesel";"IT";"Diesel Price";"Tractor-Trailer";"PROG";"EUR/kWh";2050;"0.079";"Removed policies";"Diesel"
"OPEX";"Diesel";"NL";"Diesel Price";"Rigid";"BAU";"EUR/kWh";2050;"0.079";"Removed policies";"Diesel"
"OPEX";"Diesel";"NL";"Diesel Price";"Tractor-Trailer";"BAU";"EUR/kWh";2050;"0.079";"Removed policies";"Diesel"
"OPEX";"Diesel";"NL";"Diesel Price";"Rigid";"PROG";"EUR/kWh";2050;"0.079";"Removed policies";"Diesel"
"OPEX";"Diesel";"NL";"Diesel Price";"Tractor-Trailer";"PROG";"EUR/kWh";2050;"0.079";"Removed policies";"Diesel"
"OPEX";"Diesel";"PL";"Diesel Price";"Rigid";"BAU";"EUR/kWh";2050;"0.079";"Removed policies";"Diesel"
"OPEX";"Diesel";"PL";"Diesel Price";"Tractor-Trailer";"BAU";"EUR/kWh";2050;"0.079";"Removed policies";"Diesel"
"OPEX";"Diesel";"PL";"Diesel Price";"Rigid";"PROG";"EUR/kWh";2050;"0.079";"Removed policies";"Diesel"
"OPEX";"Diesel";"PL";"Diesel Price";"Tractor-Trailer";"PROG";"EUR/kWh";2050;"0.079";"Removed policies";"Diesel"
"OPEX";"Diesel";"UK";"Diesel Price";"Rigid";"BAU";"EUR/kWh";2050;"0.079";"Removed policies";"Diesel"
"OPEX";"Diesel";"UK";"Diesel Price";"Tractor-Trailer";"BAU";"EUR/kWh";2050;"0.079";"Removed policies";"Diesel"
"OPEX";"Diesel";"UK";"Diesel Price";"Rigid";"PROG";"EUR/kWh";2050;"0.079";"Removed policies";"Diesel"
"OPEX";"Diesel";"UK";"Diesel Price";"Tractor-Trailer";"PROG";"EUR/kWh";2050;"0.079";"Removed policies";"Diesel"
"OPEX";"Diesel";"FR";"Biodiesel Price";"Rigid";"BAU";"EUR/kWh";2030;"0.141";"Removed policies";"Diesel"
"OPEX";"Diesel";"FR";"Biodiesel Price";"Tractor-Trailer";"BAU";"EUR/kWh";2030;"0.141";"Removed policies";"Diesel"
"OPEX";"Diesel";"DE";"Biodiesel Price";"Rigid";"BAU";"EUR/kWh";2030;"0.141";"Removed policies";"Diesel"
"OPEX";"Diesel";"DE";"Biodiesel Price";"Tractor-Trailer";"BAU";"EUR/kWh";2030;"0.141";"Removed policies";"Diesel"
"OPEX";"Diesel";"ES";"Biodiesel Price";"Rigid";"BAU";"EUR/kWh";2030;"0.141";"Removed policies";"Diesel"
"OPEX";"Diesel";"ES";"Biodiesel Price";"Tractor-Trailer";"BAU";"EUR/kWh";2030;"0.141";"Removed policies";"Diesel"
"OPEX";"Diesel";"IT";"Biodiesel Price";"Rigid";"BAU";"EUR/kWh";2030;"0.141";"Removed policies";"Diesel"
"OPEX";"Diesel";"IT";"Biodiesel Price";"Tractor-Trailer";"BAU";"EUR/kWh";2030;"0.141";"Removed policies";"Diesel"
"OPEX";"Diesel";"NL";"Biodiesel Price";"Rigid";"BAU";"EUR/kWh";2030;"0.141";"Removed policies";"Diesel"
"OPEX";"Diesel";"NL";"Biodiesel Price";"Tractor-Trailer";"BAU";"EUR/kWh";2030;"0.141";"Removed policies";"Diesel"
"OPEX";"Diesel";"PL";"Biodiesel Price";"Rigid";"BAU";"EUR/kWh";2030;"0.141";"Removed policies";"Diesel"
"OPEX";"Diesel";"PL";"Biodiesel Price";"Tractor-Trailer";"BAU";"EUR/kWh";2030;"0.141";"Removed policies";"Diesel"
"OPEX";"Diesel";"UK";"Biodiesel Price";"Rigid";"BAU";"EUR/kWh";2030;"0.141";"Removed policies";"Diesel"
"OPEX";"Diesel";"UK";"Biodiesel Price";"Tractor-Trailer";"BAU";"EUR/kWh";2030;"0.141";"Removed policies";"Diesel"
"OPEX";"Diesel";"DE";"Pt-Diesel Price";"Rigid";"BAU";"EUR/kWh";2030;"0.26";"Removed policies";"Diesel"
"OPEX";"Diesel";"DE";"Pt-Diesel Price";"Tractor-Trailer";"BAU";"EUR/kWh";2030;"0.26";"Removed policies";"Diesel"
"OPEX";"Diesel";"ES";"Pt-Diesel Price";"Rigid";"BAU";"EUR/kWh";2030;"0.26";"Removed policies";"Diesel"
"OPEX";"Diesel";"ES";"Pt-Diesel Price";"Tractor-Trailer";"BAU";"EUR/kWh";2030;"0.26";"Removed policies";"Diesel"
"OPEX";"Diesel";"FR";"Pt-Diesel Price";"Rigid";"BAU";"EUR/kWh";2030;"0.26";"Removed policies";"Diesel"
"OPEX";"Diesel";"FR";"Pt-Diesel Price";"Tractor-Trailer";"BAU";"EUR/kWh";2030;"0.26";"Removed policies";"Diesel"
"OPEX";"Diesel";"IT";"Pt-Diesel Price";"Rigid";"BAU";"EUR/kWh";2030;"0.26";"Removed policies";"Diesel"
"OPEX";"Diesel";"IT";"Pt-Diesel Price";"Tractor-Trailer";"BAU";"EUR/kWh";2030;"0.26";"Removed policies";"Diesel"
"OPEX";"Diesel";"NL";"Pt-Diesel Price";"Rigid";"BAU";"EUR/kWh";2030;"0.26";"Removed policies";"Diesel"
"OPEX";"Diesel";"NL";"Pt-Diesel Price";"Tractor-Trailer";"BAU";"EUR/kWh";2030;"0.26";"Removed policies";"Diesel"
"OPEX";"Diesel";"PL";"Pt-Diesel Price";"Rigid";"BAU";"EUR/kWh";2030;"0.26";"Removed policies";"Diesel"
"OPEX";"Diesel";"PL";"Pt-Diesel Price";"Tractor-Trailer";"BAU";"EUR/kWh";2030;"0.26";"Removed policies";"Diesel"
"OPEX";"Diesel";"UK";"Pt-Diesel Price";"Rigid";"BAU";"EUR/kWh";2030;"0.26";"Removed policies";"Diesel"
"OPEX";"Diesel";"UK";"Pt-Diesel Price";"Tractor-Trailer";"BAU";"EUR/kWh";2030;"0.26";"Removed policies";"Diesel"
"OPEX";"Electricity";"DE";"Electricity Price";"Rigid";"BAU";"EUR/kWh";2030;"0.086";"Removed policies";"Electricity"
"OPEX";"Electricity";"DE";"Electricity Price";"Tractor-Trailer";"BAU";"EUR/kWh";2030;"0.086";"Removed policies";"Electricity"
"OPEX";"Electricity";"ES";"Electricity Price";"Rigid";"BAU";"EUR/kWh";2030;"0.086";"Removed policies";"Electricity"
"OPEX";"Electricity";"ES";"Electricity Price";"Tractor-Trailer";"BAU";"EUR/kWh";2030;"0.086";"Removed policies";"Electricity"
"OPEX";"Electricity";"FR";"Electricity Price";"Rigid";"BAU";"EUR/kWh";2030;"0.086";"Removed policies";"Electricity"
"OPEX";"Electricity";"FR";"Electricity Price";"Tractor-Trailer";"BAU";"EUR/kWh";2030;"0.086";"Removed policies";"Electricity"
"OPEX";"Electricity";"IT";"Electricity Price";"Rigid";"BAU";"EUR/kWh";2030;"0.086";"Removed policies";"Electricity"
"OPEX";"Electricity";"IT";"Electricity Price";"Tractor-Trailer";"BAU";"EUR/kWh";2030;"0.086";"Removed policies";"Electricity"
"OPEX";"Electricity";"NL";"Electricity Price";"Rigid";"BAU";"EUR/kWh";2030;"0.086";"Removed policies";"Electricity"
"OPEX";"Electricity";"NL";"Electricity Price";"Tractor-Trailer";"BAU";"EUR/kWh";2030;"0.086";"Removed policies";"Electricity"
"OPEX";"Electricity";"PL";"Electricity Price";"Rigid";"BAU";"EUR/kWh";2030;"0.086";"Removed policies";"Electricity"
"OPEX";"Electricity";"PL";"Electricity Price";"Tractor-Trailer";"BAU";"EUR/kWh";2030;"0.086";"Removed policies";"Electricity"
"OPEX";"Electricity";"UK";"Electricity Price";"Rigid";"BAU";"EUR/kWh";2030;"0.086";"Removed policies";"Electricity"
"OPEX";"Electricity";"UK";"Electricity Price";"Tractor-Trailer";"BAU";"EUR/kWh";2030;"0.086";"Removed policies";"Electricity"
"OPEX";"Hydrogen";"DE";"Hydrogen Price";"Rigid";"BAU";"EUR/kWh";2030;"0.168";"Removed policies";"Hydrogen"
"OPEX";"Hydrogen";"DE";"Hydrogen Price";"Tractor-Trailer";"BAU";"EUR/kWh";2030;"0.168";"Removed policies";"Hydrogen"
"OPEX";"Hydrogen";"ES";"Hydrogen Price";"Rigid";"BAU";"EUR/kWh";2030;"0.168";"Removed policies";"Hydrogen"
"OPEX";"Hydrogen";"ES";"Hydrogen Price";"Tractor-Trailer";"BAU";"EUR/kWh";2030;"0.168";"Removed policies";"Hydrogen"
"OPEX";"Hydrogen";"FR";"Hydrogen Price";"Rigid";"BAU";"EUR/kWh";2030;"0.168";"Removed policies";"Hydrogen"
"OPEX";"Hydrogen";"FR";"Hydrogen Price";"Tractor-Trailer";"BAU";"EUR/kWh";2030;"0.168";"Removed policies";"Hydrogen"
"OPEX";"Hydrogen";"IT";"Hydrogen Price";"Rigid";"BAU";"EUR/kWh";2030;"0.168";"Removed policies";"Hydrogen"
"OPEX";"Hydrogen";"IT";"Hydrogen Price";"Tractor-Trailer";"BAU";"EUR/kWh";2030;"0.168";"Removed policies";"Hydrogen"
"OPEX";"Hydrogen";"NL";"Hydrogen Price";"Rigid";"BAU";"EUR/kWh";2030;"0.168";"Removed policies";"Hydrogen"
"OPEX";"Hydrogen";"NL";"Hydrogen Price";"Tractor-Trailer";"BAU";"EUR/kWh";2030;"0.168";"Removed policies";"Hydrogen"
"OPEX";"Hydrogen";"PL";"Hydrogen Price";"Rigid";"BAU";"EUR/kWh";2030;"0.168";"Removed policies";"Hydrogen"
"OPEX";"Hydrogen";"PL";"Hydrogen Price";"Tractor-Trailer";"BAU";"EUR/kWh";2030;"0.168";"Removed policies";"Hydrogen"
"OPEX";"Hydrogen";"UK";"Hydrogen Price";"Rigid";"BAU";"EUR/kWh";2030;"0.168";"Removed policies";"Hydrogen"
"OPEX";"Hydrogen";"UK";"Hydrogen Price";"Tractor-Trailer";"BAU";"EUR/kWh";2030;"0.168";"Removed policies";"Hydrogen"
"OPEX";"Diesel";"FR";"Biodiesel Price";"Rigid";"BAU";"EUR/kWh";2035;"0.159";"Removed policies";"Diesel"
"OPEX";"Diesel";"FR";"Biodiesel Price";"Tractor-Trailer";"BAU";"EUR/kWh";2035;"0.159";"Removed policies";"Diesel"
"OPEX";"Diesel";"DE";"Biodiesel Price";"Rigid";"BAU";"EUR/kWh";2035;"0.159";"Removed policies";"Diesel"
"OPEX";"Diesel";"DE";"Biodiesel Price";"Tractor-Trailer";"BAU";"EUR/kWh";2035;"0.159";"Removed policies";"Diesel"
"OPEX";"Diesel";"ES";"Biodiesel Price";"Rigid";"BAU";"EUR/kWh";2035;"0.159";"Removed policies";"Diesel"
"OPEX";"Diesel";"ES";"Biodiesel Price";"Tractor-Trailer";"BAU";"EUR/kWh";2035;"0.159";"Removed policies";"Diesel"
"OPEX";"Diesel";"IT";"Biodiesel Price";"Rigid";"BAU";"EUR/kWh";2035;"0.159";"Removed policies";"Diesel"
"OPEX";"Diesel";"IT";"Biodiesel Price";"Tractor-Trailer";"BAU";"EUR/kWh";2035;"0.159";"Removed policies";"Diesel"
"OPEX";"Diesel";"NL";"Biodiesel Price";"Rigid";"BAU";"EUR/kWh";2035;"0.159";"Removed policies";"Diesel"
"OPEX";"Diesel";"NL";"Biodiesel Price";"Tractor-Trailer";"BAU";"EUR/kWh";2035;"0.159";"Removed policies";"Diesel"
"OPEX";"Diesel";"PL";"Biodiesel Price";"Rigid";"BAU";"EUR/kWh";2035;"0.159";"Removed policies";"Diesel"
"OPEX";"Diesel";"PL";"Biodiesel Price";"Tractor-Trailer";"BAU";"EUR/kWh";2035;"0.159";"Removed policies";"Diesel"
"OPEX";"Diesel";"UK";"Biodiesel Price";"Rigid";"BAU";"EUR/kWh";2035;"0.159";"Removed policies";"Diesel"
"OPEX";"Diesel";"UK";"Biodiesel Price";"Tractor-Trailer";"BAU";"EUR/kWh";2035;"0.159";"Removed policies";"Diesel"
"OPEX";"Diesel";"DE";"Pt-Diesel Price";"Rigid";"BAU";"EUR/kWh";2035;"0.239";"Removed policies";"Diesel"
"OPEX";"Diesel";"DE";"Pt-Diesel Price";"Tractor-Trailer";"BAU";"EUR/kWh";2035;"0.239";"Removed policies";"Diesel"
"OPEX";"Diesel";"ES";"Pt-Diesel Price";"Rigid";"BAU";"EUR/kWh";2035;"0.239";"Removed policies";"Diesel"
"OPEX";"Diesel";"ES";"Pt-Diesel Price";"Tractor-Trailer";"BAU";"EUR/kWh";2035;"0.239";"Removed policies";"Diesel"
"OPEX";"Diesel";"FR";"Pt-Diesel Price";"Rigid";"BAU";"EUR/kWh";2035;"0.239";"Removed policies";"Diesel"
"OPEX";"Diesel";"FR";"Pt-Diesel Price";"Tractor-Trailer";"BAU";"EUR/kWh";2035;"0.239";"Removed policies";"Diesel"
"OPEX";"Diesel";"IT";"Pt-Diesel Price";"Rigid";"BAU";"EUR/kWh";2035;"0.239";"Removed policies";"Diesel"
"OPEX";"Diesel";"IT";"Pt-Diesel Price";"Tractor-Trailer";"BAU";"EUR/kWh";2035;"0.239";"Removed policies";"Diesel"
"OPEX";"Diesel";"NL";"Pt-Diesel Price";"Rigid";"BAU";"EUR/kWh";2035;"0.239";"Removed policies";"Diesel"
"OPEX";"Diesel";"NL";"Pt-Diesel Price";"Tractor-Trailer";"BAU";"EUR/kWh";2035;"0.239";"Removed policies";"Diesel"
"OPEX";"Diesel";"PL";"Pt-Diesel Price";"Rigid";"BAU";"EUR/kWh";2035;"0.239";"Removed policies";"Diesel"
"OPEX";"Diesel";"PL";"Pt-Diesel Price";"Tractor-Trailer";"BAU";"EUR/kWh";2035;"0.239";"Removed policies";"Diesel"
"OPEX";"Diesel";"UK";"Pt-Diesel Price";"Rigid";"BAU";"EUR/kWh";2035;"0.239";"Removed policies";"Diesel"
"OPEX";"Diesel";"UK";"Pt-Diesel Price";"Tractor-Trailer";"BAU";"EUR/kWh";2035;"0.239";"Removed policies";"Diesel"
"OPEX";"Electricity";"DE";"Electricity Price";"Rigid";"BAU";"EUR/kWh";2035;"0.076";"Removed policies";"Electricity"
"OPEX";"Electricity";"DE";"Electricity Price";"Tractor-Trailer";"BAU";"EUR/kWh";2035;"0.076";"Removed policies";"Electricity"
"OPEX";"Electricity";"ES";"Electricity Price";"Rigid";"BAU";"EUR/kWh";2035;"0.076";"Removed policies";"Electricity"
"OPEX";"Electricity";"ES";"Electricity Price";"Tractor-Trailer";"BAU";"EUR/kWh";2035;"0.076";"Removed policies";"Electricity"
"OPEX";"Electricity";"FR";"Electricity Price";"Rigid";"BAU";"EUR/kWh";2035;"0.076";"Removed policies";"Electricity"
"OPEX";"Electricity";"FR";"Electricity Price";"Tractor-Trailer";"BAU";"EUR/kWh";2035;"0.076";"Removed policies";"Electricity"
"OPEX";"Electricity";"IT";"Electricity Price";"Rigid";"BAU";"EUR/kWh";2035;"0.076";"Removed policies";"Electricity"
"OPEX";"Electricity";"IT";"Electricity Price";"Tractor-Trailer";"BAU";"EUR/kWh";2035;"0.076";"Removed policies";"Electricity"
"OPEX";"Electricity";"NL";"Electricity Price";"Rigid";"BAU";"EUR/kWh";2035;"0.076";"Removed policies";"Electricity"
"OPEX";"Electricity";"NL";"Electricity Price";"Tractor-Trailer";"BAU";"EUR/kWh";2035;"0.076";"Removed policies";"Electricity"
"OPEX";"Electricity";"PL";"Electricity Price";"Rigid";"BAU";"EUR/kWh";2035;"0.076";"Removed policies";"Electricity"
"OPEX";"Electricity";"PL";"Electricity Price";"Tractor-Trailer";"BAU";"EUR/kWh";2035;"0.076";"Removed policies";"Electricity"
"OPEX";"Electricity";"UK";"Electricity Price";"Rigid";"BAU";"EUR/kWh";2035;"0.076";"Removed policies";"Electricity"
"OPEX";"Electricity";"UK";"Electricity Price";"Tractor-Trailer";"BAU";"EUR/kWh";2035;"0.076";"Removed policies";"Electricity"
"OPEX";"Hydrogen";"DE";"Hydrogen Price";"Rigid";"BAU";"EUR/kWh";2035;"0.151";"Removed policies";"Hydrogen"
"OPEX";"Hydrogen";"DE";"Hydrogen Price";"Tractor-Trailer";"BAU";"EUR/kWh";2035;"0.151";"Removed policies";"Hydrogen"
"OPEX";"Hydrogen";"ES";"Hydrogen Price";"Rigid";"BAU";"EUR/kWh";2035;"0.151";"Removed policies";"Hydrogen"
"OPEX";"Hydrogen";"ES";"Hydrogen Price";"Tractor-Trailer";"BAU";"EUR/kWh";2035;"0.151";"Removed policies";"Hydrogen"
"OPEX";"Hydrogen";"FR";"Hydrogen Price";"Rigid";"BAU";"EUR/kWh";2035;"0.151";"Removed policies";"Hydrogen"
"OPEX";"Hydrogen";"FR";"Hydrogen Price";"Tractor-Trailer";"BAU";"EUR/kWh";2035;"0.151";"Removed policies";"Hydrogen"
"OPEX";"Hydrogen";"IT";"Hydrogen Price";"Rigid";"BAU";"EUR/kWh";2035;"0.151";"Removed policies";"Hydrogen"
"OPEX";"Hydrogen";"IT";"Hydrogen Price";"Tractor-Trailer";"BAU";"EUR/kWh";2035;"0.151";"Removed policies";"Hydrogen"
"OPEX";"Hydrogen";"NL";"Hydrogen Price";"Rigid";"BAU";"EUR/kWh";2035;"0.151";"Removed policies";"Hydrogen"
"OPEX";"Hydrogen";"NL";"Hydrogen Price";"Tractor-Trailer";"BAU";"EUR/kWh";2035;"0.151";"Removed policies";"Hydrogen"
"OPEX";"Hydrogen";"PL";"Hydrogen Price";"Rigid";"BAU";"EUR/kWh";2035;"0.151";"Removed policies";"Hydrogen"
"OPEX";"Hydrogen";"PL";"Hydrogen Price";"Tractor-Trailer";"BAU";"EUR/kWh";2035;"0.151";"Removed policies";"Hydrogen"
"OPEX";"Hydrogen";"UK";"Hydrogen Price";"Rigid";"BAU";"EUR/kWh";2035;"0.151";"Removed policies";"Hydrogen"
"OPEX";"Hydrogen";"UK";"Hydrogen Price";"Tractor-Trailer";"BAU";"EUR/kWh";2035;"0.151";"Removed policies";"Hydrogen"
"OPEX";"Diesel";"FR";"Biodiesel Price";"Rigid";"BAU";"EUR/kWh";2040;"0.172";"Removed policies";"Diesel"
"OPEX";"Diesel";"FR";"Biodiesel Price";"Tractor-Trailer";"BAU";"EUR/kWh";2040;"0.172";"Removed policies";"Diesel"
"OPEX";"Diesel";"DE";"Biodiesel Price";"Rigid";"BAU";"EUR/kWh";2040;"0.172";"Removed policies";"Diesel"
"OPEX";"Diesel";"DE";"Biodiesel Price";"Tractor-Trailer";"BAU";"EUR/kWh";2040;"0.172";"Removed policies";"Diesel"
"OPEX";"Diesel";"ES";"Biodiesel Price";"Rigid";"BAU";"EUR/kWh";2040;"0.172";"Removed policies";"Diesel"
"OPEX";"Diesel";"ES";"Biodiesel Price";"Tractor-Trailer";"BAU";"EUR/kWh";2040;"0.172";"Removed policies";"Diesel"
"OPEX";"Diesel";"IT";"Biodiesel Price";"Rigid";"BAU";"EUR/kWh";2040;"0.172";"Removed policies";"Diesel"
"OPEX";"Diesel";"IT";"Biodiesel Price";"Tractor-Trailer";"BAU";"EUR/kWh";2040;"0.172";"Removed policies";"Diesel"
"OPEX";"Diesel";"NL";"Biodiesel Price";"Rigid";"BAU";"EUR/kWh";2040;"0.172";"Removed policies";"Diesel"
"OPEX";"Diesel";"NL";"Biodiesel Price";"Tractor-Trailer";"BAU";"EUR/kWh";2040;"0.172";"Removed policies";"Diesel"
"OPEX";"Diesel";"PL";"Biodiesel Price";"Rigid";"BAU";"EUR/kWh";2040;"0.172";"Removed policies";"Diesel"
"OPEX";"Diesel";"PL";"Biodiesel Price";"Tractor-Trailer";"BAU";"EUR/kWh";2040;"0.172";"Removed policies";"Diesel"
"OPEX";"Diesel";"UK";"Biodiesel Price";"Rigid";"BAU";"EUR/kWh";2040;"0.172";"Removed policies";"Diesel"
"OPEX";"Diesel";"UK";"Biodiesel Price";"Tractor-Trailer";"BAU";"EUR/kWh";2040;"0.172";"Removed policies";"Diesel"
"OPEX";"Diesel";"DE";"Pt-Diesel Price";"Rigid";"BAU";"EUR/kWh";2040;"0.218";"Removed policies";"Diesel"
"OPEX";"Diesel";"DE";"Pt-Diesel Price";"Tractor-Trailer";"BAU";"EUR/kWh";2040;"0.218";"Removed policies";"Diesel"
"OPEX";"Diesel";"ES";"Pt-Diesel Price";"Rigid";"BAU";"EUR/kWh";2040;"0.218";"Removed policies";"Diesel"
"OPEX";"Diesel";"ES";"Pt-Diesel Price";"Tractor-Trailer";"BAU";"EUR/kWh";2040;"0.218";"Removed policies";"Diesel"
"OPEX";"Diesel";"FR";"Pt-Diesel Price";"Rigid";"BAU";"EUR/kWh";2040;"0.218";"Removed policies";"Diesel"
"OPEX";"Diesel";"FR";"Pt-Diesel Price";"Tractor-Trailer";"BAU";"EUR/kWh";2040;"0.218";"Removed policies";"Diesel"
"OPEX";"Diesel";"IT";"Pt-Diesel Price";"Rigid";"BAU";"EUR/kWh";2040;"0.218";"Removed policies";"Diesel"
"OPEX";"Diesel";"IT";"Pt-Diesel Price";"Tractor-Trailer";"BAU";"EUR/kWh";2040;"0.218";"Removed policies";"Diesel"
"OPEX";"Diesel";"NL";"Pt-Diesel Price";"Rigid";"BAU";"EUR/kWh";2040;"0.218";"Removed policies";"Diesel"
"OPEX";"Diesel";"NL";"Pt-Diesel Price";"Tractor-Trailer";"BAU";"EUR/kWh";2040;"0.218";"Removed policies";"Diesel"
"OPEX";"Diesel";"PL";"Pt-Diesel Price";"Rigid";"BAU";"EUR/kWh";2040;"0.218";"Removed policies";"Diesel"
"OPEX";"Diesel";"PL";"Pt-Diesel Price";"Tractor-Trailer";"BAU";"EUR/kWh";2040;"0.218";"Removed policies";"Diesel"
"OPEX";"Diesel";"UK";"Pt-Diesel Price";"Rigid";"BAU";"EUR/kWh";2040;"0.218";"Removed policies";"Diesel"
"OPEX";"Diesel";"UK";"Pt-Diesel Price";"Tractor-Trailer";"BAU";"EUR/kWh";2040;"0.218";"Removed policies";"Diesel"
"OPEX";"Electricity";"DE";"Electricity Price";"Rigid";"BAU";"EUR/kWh";2040;"0.071";"Removed policies";"Electricity"
"OPEX";"Electricity";"DE";"Electricity Price";"Tractor-Trailer";"BAU";"EUR/kWh";2040;"0.071";"Removed policies";"Electricity"
"OPEX";"Electricity";"ES";"Electricity Price";"Rigid";"BAU";"EUR/kWh";2040;"0.071";"Removed policies";"Electricity"
"OPEX";"Electricity";"ES";"Electricity Price";"Tractor-Trailer";"BAU";"EUR/kWh";2040;"0.071";"Removed policies";"Electricity"
"OPEX";"Electricity";"FR";"Electricity Price";"Rigid";"BAU";"EUR/kWh";2040;"0.071";"Removed policies";"Electricity"
"OPEX";"Electricity";"FR";"Electricity Price";"Tractor-Trailer";"BAU";"EUR/kWh";2040;"0.071";"Removed policies";"Electricity"
"OPEX";"Electricity";"IT";"Electricity Price";"Rigid";"BAU";"EUR/kWh";2040;"0.071";"Removed policies";"Electricity"
"OPEX";"Electricity";"IT";"Electricity Price";"Tractor-Trailer";"BAU";"EUR/kWh";2040;"0.071";"Removed policies";"Electricity"
"OPEX";"Electricity";"NL";"Electricity Price";"Rigid";"BAU";"EUR/kWh";2040;"0.071";"Removed policies";"Electricity"
"OPEX";"Electricity";"NL";"Electricity Price";"Tractor-Trailer";"BAU";"EUR/kWh";2040;"0.071";"Removed policies";"Electricity"
"OPEX";"Electricity";"PL";"Electricity Price";"Rigid";"BAU";"EUR/kWh";2040;"0.071";"Removed policies";"Electricity"
"OPEX";"Electricity";"PL";"Electricity Price";"Tractor-Trailer";"BAU";"EUR/kWh";2040;"0.071";"Removed policies";"Electricity"
"OPEX";"Electricity";"UK";"Electricity Price";"Rigid";"BAU";"EUR/kWh";2040;"0.071";"Removed policies";"Electricity"
"OPEX";"Electricity";"UK";"Electricity Price";"Tractor-Trailer";"BAU";"EUR/kWh";2040;"0.071";"Removed policies";"Electricity"
"OPEX";"Hydrogen";"DE";"Hydrogen Price";"Rigid";"BAU";"EUR/kWh";2040;"0.134";"Removed policies";"Hydrogen"
"OPEX";"Hydrogen";"DE";"Hydrogen Price";"Tractor-Trailer";"BAU";"EUR/kWh";2040;"0.134";"Removed policies";"Hydrogen"
"OPEX";"Hydrogen";"ES";"Hydrogen Price";"Rigid";"BAU";"EUR/kWh";2040;"0.134";"Removed policies";"Hydrogen"
"OPEX";"Hydrogen";"ES";"Hydrogen Price";"Tractor-Trailer";"BAU";"EUR/kWh";2040;"0.134";"Removed policies";"Hydrogen"
"OPEX";"Hydrogen";"FR";"Hydrogen Price";"Rigid";"BAU";"EUR/kWh";2040;"0.134";"Removed policies";"Hydrogen"
"OPEX";"Hydrogen";"FR";"Hydrogen Price";"Tractor-Trailer";"BAU";"EUR/kWh";2040;"0.134";"Removed policies";"Hydrogen"
"OPEX";"Hydrogen";"IT";"Hydrogen Price";"Rigid";"BAU";"EUR/kWh";2040;"0.134";"Removed policies";"Hydrogen"
"OPEX";"Hydrogen";"IT";"Hydrogen Price";"Tractor-Trailer";"BAU";"EUR/kWh";2040;"0.134";"Removed policies";"Hydrogen"
"OPEX";"Hydrogen";"NL";"Hydrogen Price";"Rigid";"BAU";"EUR/kWh";2040;"0.134";"Removed policies";"Hydrogen"
"OPEX";"Hydrogen";"NL";"Hydrogen Price";"Tractor-Trailer";"BAU";"EUR/kWh";2040;"0.134";"Removed policies";"Hydrogen"
"OPEX";"Hydrogen";"PL";"Hydrogen Price";"Rigid";"BAU";"EUR/kWh";2040;"0.134";"Removed policies";"Hydrogen"
"OPEX";"Hydrogen";"PL";"Hydrogen Price";"Tractor-Trailer";"BAU";"EUR/kWh";2040;"0.134";"Removed policies";"Hydrogen"
"OPEX";"Hydrogen";"UK";"Hydrogen Price";"Rigid";"BAU";"EUR/kWh";2040;"0.134";"Removed policies";"Hydrogen"
"OPEX";"Hydrogen";"UK";"Hydrogen Price";"Tractor-Trailer";"BAU";"EUR/kWh";2040;"0.134";"Removed policies";"Hydrogen"
"OPEX";"Diesel";"FR";"Biodiesel Price";"Rigid";"BAU";"EUR/kWh";2045;"0.17";"Removed policies";"Diesel"
"OPEX";"Diesel";"FR";"Biodiesel Price";"Tractor-Trailer";"BAU";"EUR/kWh";2045;"0.17";"Removed policies";"Diesel"
"OPEX";"Diesel";"DE";"Biodiesel Price";"Rigid";"BAU";"EUR/kWh";2045;"0.17";"Removed policies";"Diesel"
"OPEX";"Diesel";"DE";"Biodiesel Price";"Tractor-Trailer";"BAU";"EUR/kWh";2045;"0.17";"Removed policies";"Diesel"
"OPEX";"Diesel";"ES";"Biodiesel Price";"Rigid";"BAU";"EUR/kWh";2045;"0.17";"Removed policies";"Diesel"
"OPEX";"Diesel";"ES";"Biodiesel Price";"Tractor-Trailer";"BAU";"EUR/kWh";2045;"0.17";"Removed policies";"Diesel"
"OPEX";"Diesel";"IT";"Biodiesel Price";"Rigid";"BAU";"EUR/kWh";2045;"0.17";"Removed policies";"Diesel"
"OPEX";"Diesel";"IT";"Biodiesel Price";"Tractor-Trailer";"BAU";"EUR/kWh";2045;"0.17";"Removed policies";"Diesel"
"OPEX";"Diesel";"NL";"Biodiesel Price";"Rigid";"BAU";"EUR/kWh";2045;"0.17";"Removed policies";"Diesel"
"OPEX";"Diesel";"NL";"Biodiesel Price";"Tractor-Trailer";"BAU";"EUR/kWh";2045;"0.17";"Removed policies";"Diesel"
"OPEX";"Diesel";"PL";"Biodiesel Price";"Rigid";"BAU";"EUR/kWh";2045;"0.17";"Removed policies";"Diesel"
"OPEX";"Diesel";"PL";"Biodiesel Price";"Tractor-Trailer";"BAU";"EUR/kWh";2045;"0.17";"Removed policies";"Diesel"
"OPEX";"Diesel";"UK";"Biodiesel Price";"Rigid";"BAU";"EUR/kWh";2045;"0.17";"Removed policies";"Diesel"
"OPEX";"Diesel";"UK";"Biodiesel Price";"Tractor-Trailer";"BAU";"EUR/kWh";2045;"0.17";"Removed policies";"Diesel"
"OPEX";"Diesel";"DE";"Pt-Diesel Price";"Rigid";"BAU";"EUR/kWh";2045;"0.196";"Removed policies";"Diesel"
"OPEX";"Diesel";"DE";"Pt-Diesel Price";"Tractor-Trailer";"BAU";"EUR/kWh";2045;"0.196";"Removed policies";"Diesel"
"OPEX";"Diesel";"ES";"Pt-Diesel Price";"Rigid";"BAU";"EUR/kWh";2045;"0.196";"Removed policies";"Diesel"
"OPEX";"Diesel";"ES";"Pt-Diesel Price";"Tractor-Trailer";"BAU";"EUR/kWh";2045;"0.196";"Removed policies";"Diesel"
"OPEX";"Diesel";"FR";"Pt-Diesel Price";"Rigid";"BAU";"EUR/kWh";2045;"0.196";"Removed policies";"Diesel"
"OPEX";"Diesel";"FR";"Pt-Diesel Price";"Tractor-Trailer";"BAU";"EUR/kWh";2045;"0.196";"Removed policies";"Diesel"
"OPEX";"Diesel";"IT";"Pt-Diesel Price";"Rigid";"BAU";"EUR/kWh";2045;"0.196";"Removed policies";"Diesel"
"OPEX";"Diesel";"IT";"Pt-Diesel Price";"Tractor-Trailer";"BAU";"EUR/kWh";2045;"0.196";"Removed policies";"Diesel"
"OPEX";"Diesel";"NL";"Pt-Diesel Price";"Rigid";"BAU";"EUR/kWh";2045;"0.196";"Removed policies";"Diesel"
"OPEX";"Diesel";"NL";"Pt-Diesel Price";"Tractor-Trailer";"BAU";"EUR/kWh";2045;"0.196";"Removed policies";"Diesel"
"OPEX";"Diesel";"PL";"Pt-Diesel Price";"Rigid";"BAU";"EUR/kWh";2045;"0.196";"Removed policies";"Diesel"
"OPEX";"Diesel";"PL";"Pt-Diesel Price";"Tractor-Trailer";"BAU";"EUR/kWh";2045;"0.196";"Removed policies";"Diesel"
"OPEX";"Diesel";"UK";"Pt-Diesel Price";"Rigid";"BAU";"EUR/kWh";2045;"0.196";"Removed policies";"Diesel"
"OPEX";"Diesel";"UK";"Pt-Diesel Price";"Tractor-Trailer";"BAU";"EUR/kWh";2045;"0.196";"Removed policies";"Diesel"
"OPEX";"Electricity";"DE";"Electricity Price";"Rigid";"BAU";"EUR/kWh";2045;"0.07";"Removed policies";"Electricity"
"OPEX";"Electricity";"DE";"Electricity Price";"Tractor-Trailer";"BAU";"EUR/kWh";2045;"0.07";"Removed policies";"Electricity"
"OPEX";"Electricity";"ES";"Electricity Price";"Rigid";"BAU";"EUR/kWh";2045;"0.07";"Removed policies";"Electricity"
"OPEX";"Electricity";"ES";"Electricity Price";"Tractor-Trailer";"BAU";"EUR/kWh";2045;"0.07";"Removed policies";"Electricity"
"OPEX";"Electricity";"FR";"Electricity Price";"Rigid";"BAU";"EUR/kWh";2045;"0.07";"Removed policies";"Electricity"
"OPEX";"Electricity";"FR";"Electricity Price";"Tractor-Trailer";"BAU";"EUR/kWh";2045;"0.07";"Removed policies";"Electricity"
"OPEX";"Electricity";"IT";"Electricity Price";"Rigid";"BAU";"EUR/kWh";2045;"0.07";"Removed policies";"Electricity"
"OPEX";"Electricity";"IT";"Electricity Price";"Tractor-Trailer";"BAU";"EUR/kWh";2045;"0.07";"Removed policies";"Electricity"
"OPEX";"Electricity";"NL";"Electricity Price";"Rigid";"BAU";"EUR/kWh";2045;"0.07";"Removed policies";"Electricity"
"OPEX";"Electricity";"NL";"Electricity Price";"Tractor-Trailer";"BAU";"EUR/kWh";2045;"0.07";"Removed policies";"Electricity"
"OPEX";"Electricity";"PL";"Electricity Price";"Rigid";"BAU";"EUR/kWh";2045;"0.07";"Removed policies";"Electricity"
"OPEX";"Electricity";"PL";"Electricity Price";"Tractor-Trailer";"BAU";"EUR/kWh";2045;"0.07";"Removed policies";"Electricity"
"OPEX";"Electricity";"UK";"Electricity Price";"Rigid";"BAU";"EUR/kWh";2045;"0.07";"Removed policies";"Electricity"
"OPEX";"Electricity";"UK";"Electricity Price";"Tractor-Trailer";"BAU";"EUR/kWh";2045;"0.07";"Removed policies";"Electricity"
"OPEX";"Hydrogen";"DE";"Hydrogen Price";"Rigid";"BAU";"EUR/kWh";2045;"0.118";"Removed policies";"Hydrogen"
"OPEX";"Hydrogen";"DE";"Hydrogen Price";"Tractor-Trailer";"BAU";"EUR/kWh";2045;"0.118";"Removed policies";"Hydrogen"
"OPEX";"Hydrogen";"ES";"Hydrogen Price";"Rigid";"BAU";"EUR/kWh";2045;"0.118";"Removed policies";"Hydrogen"
"OPEX";"Hydrogen";"ES";"Hydrogen Price";"Tractor-Trailer";"BAU";"EUR/kWh";2045;"0.118";"Removed policies";"Hydrogen"
"OPEX";"Hydrogen";"FR";"Hydrogen Price";"Rigid";"BAU";"EUR/kWh";2045;"0.118";"Removed policies";"Hydrogen"
"OPEX";"Hydrogen";"FR";"Hydrogen Price";"Tractor-Trailer";"BAU";"EUR/kWh";2045;"0.118";"Removed policies";"Hydrogen"
"OPEX";"Hydrogen";"IT";"Hydrogen Price";"Rigid";"BAU";"EUR/kWh";2045;"0.118";"Removed policies";"Hydrogen"
"OPEX";"Hydrogen";"IT";"Hydrogen Price";"Tractor-Trailer";"BAU";"EUR/kWh";2045;"0.118";"Removed policies";"Hydrogen"
"OPEX";"Hydrogen";"NL";"Hydrogen Price";"Rigid";"BAU";"EUR/kWh";2045;"0.118";"Removed policies";"Hydrogen"
"OPEX";"Hydrogen";"NL";"Hydrogen Price";"Tractor-Trailer";"BAU";"EUR/kWh";2045;"0.118";"Removed policies";"Hydrogen"
"OPEX";"Hydrogen";"PL";"Hydrogen Price";"Rigid";"BAU";"EUR/kWh";2045;"0.118";"Removed policies";"Hydrogen"
"OPEX";"Hydrogen";"PL";"Hydrogen Price";"Tractor-Trailer";"BAU";"EUR/kWh";2045;"0.118";"Removed policies";"Hydrogen"
"OPEX";"Hydrogen";"UK";"Hydrogen Price";"Rigid";"BAU";"EUR/kWh";2045;"0.118";"Removed policies";"Hydrogen"
"OPEX";"Hydrogen";"UK";"Hydrogen Price";"Tractor-Trailer";"BAU";"EUR/kWh";2045;"0.118";"Removed policies";"Hydrogen"
"OPEX";"Diesel";"FR";"Biodiesel Price";"Rigid";"BAU";"EUR/kWh";2050;"0.152";"Removed policies";"Diesel"
"OPEX";"Diesel";"FR";"Biodiesel Price";"Tractor-Trailer";"BAU";"EUR/kWh";2050;"0.152";"Removed policies";"Diesel"
"OPEX";"Diesel";"DE";"Biodiesel Price";"Rigid";"BAU";"EUR/kWh";2050;"0.152";"Removed policies";"Diesel"
"OPEX";"Diesel";"DE";"Biodiesel Price";"Tractor-Trailer";"BAU";"EUR/kWh";2050;"0.152";"Removed policies";"Diesel"
"OPEX";"Diesel";"ES";"Biodiesel Price";"Rigid";"BAU";"EUR/kWh";2050;"0.152";"Removed policies";"Diesel"
"OPEX";"Diesel";"ES";"Biodiesel Price";"Tractor-Trailer";"BAU";"EUR/kWh";2050;"0.152";"Removed policies";"Diesel"
"OPEX";"Diesel";"IT";"Biodiesel Price";"Rigid";"BAU";"EUR/kWh";2050;"0.152";"Removed policies";"Diesel"
"OPEX";"Diesel";"IT";"Biodiesel Price";"Tractor-Trailer";"BAU";"EUR/kWh";2050;"0.152";"Removed policies";"Diesel"
"OPEX";"Diesel";"NL";"Biodiesel Price";"Rigid";"BAU";"EUR/kWh";2050;"0.152";"Removed policies";"Diesel"
"OPEX";"Diesel";"NL";"Biodiesel Price";"Tractor-Trailer";"BAU";"EUR/kWh";2050;"0.152";"Removed policies";"Diesel"
"OPEX";"Diesel";"PL";"Biodiesel Price";"Rigid";"BAU";"EUR/kWh";2050;"0.152";"Removed policies";"Diesel"
"OPEX";"Diesel";"PL";"Biodiesel Price";"Tractor-Trailer";"BAU";"EUR/kWh";2050;"0.152";"Removed policies";"Diesel"
"OPEX";"Diesel";"UK";"Biodiesel Price";"Rigid";"BAU";"EUR/kWh";2050;"0.152";"Removed policies";"Diesel"
"OPEX";"Diesel";"UK";"Biodiesel Price";"Tractor-Trailer";"BAU";"EUR/kWh";2050;"0.152";"Removed policies";"Diesel"
"OPEX";"Diesel";"DE";"Pt-Diesel Price";"Rigid";"BAU";"EUR/kWh";2050;"0.175";"Removed policies";"Diesel"
"OPEX";"Diesel";"DE";"Pt-Diesel Price";"Tractor-Trailer";"BAU";"EUR/kWh";2050;"0.175";"Removed policies";"Diesel"
"OPEX";"Diesel";"ES";"Pt-Diesel Price";"Rigid";"BAU";"EUR/kWh";2050;"0.175";"Removed policies";"Diesel"
"OPEX";"Diesel";"ES";"Pt-Diesel Price";"Tractor-Trailer";"BAU";"EUR/kWh";2050;"0.175";"Removed policies";"Diesel"
"OPEX";"Diesel";"FR";"Pt-Diesel Price";"Rigid";"BAU";"EUR/kWh";2050;"0.175";"Removed policies";"Diesel"
"OPEX";"Diesel";"FR";"Pt-Diesel Price";"Tractor-Trailer";"BAU";"EUR/kWh";2050;"0.175";"Removed policies";"Diesel"
"OPEX";"Diesel";"IT";"Pt-Diesel Price";"Rigid";"BAU";"EUR/kWh";2050;"0.175";"Removed policies";"Diesel"
"OPEX";"Diesel";"IT";"Pt-Diesel Price";"Tractor-Trailer";"BAU";"EUR/kWh";2050;"0.175";"Removed policies";"Diesel"
"OPEX";"Diesel";"NL";"Pt-Diesel Price";"Rigid";"BAU";"EUR/kWh";2050;"0.175";"Removed policies";"Diesel"
"OPEX";"Diesel";"NL";"Pt-Diesel Price";"Tractor-Trailer";"BAU";"EUR/kWh";2050;"0.175";"Removed policies";"Diesel"
"OPEX";"Diesel";"PL";"Pt-Diesel Price";"Rigid";"BAU";"EUR/kWh";2050;"0.175";"Removed policies";"Diesel"
"OPEX";"Diesel";"PL";"Pt-Diesel Price";"Tractor-Trailer";"BAU";"EUR/kWh";2050;"0.175";"Removed policies";"Diesel"
"OPEX";"Diesel";"UK";"Pt-Diesel Price";"Rigid";"BAU";"EUR/kWh";2050;"0.175";"Removed policies";"Diesel"
"OPEX";"Diesel";"UK";"Pt-Diesel Price";"Tractor-Trailer";"BAU";"EUR/kWh";2050;"0.175";"Removed policies";"Diesel"
"OPEX";"Electricity";"DE";"Electricity Price";"Rigid";"BAU";"EUR/kWh";2050;"0.07";"Removed policies";"Electricity"
"OPEX";"Electricity";"DE";"Electricity Price";"Tractor-Trailer";"BAU";"EUR/kWh";2050;"0.07";"Removed policies";"Electricity"
"OPEX";"Electricity";"ES";"Electricity Price";"Rigid";"BAU";"EUR/kWh";2050;"0.07";"Removed policies";"Electricity"
"OPEX";"Electricity";"ES";"Electricity Price";"Tractor-Trailer";"BAU";"EUR/kWh";2050;"0.07";"Removed policies";"Electricity"
"OPEX";"Electricity";"FR";"Electricity Price";"Rigid";"BAU";"EUR/kWh";2050;"0.07";"Removed policies";"Electricity"
"OPEX";"Electricity";"FR";"Electricity Price";"Tractor-Trailer";"BAU";"EUR/kWh";2050;"0.07";"Removed policies";"Electricity"
"OPEX";"Electricity";"IT";"Electricity Price";"Rigid";"BAU";"EUR/kWh";2050;"0.07";"Removed policies";"Electricity"
"OPEX";"Electricity";"IT";"Electricity Price";"Tractor-Trailer";"BAU";"EUR/kWh";2050;"0.07";"Removed policies";"Electricity"
"OPEX";"Electricity";"NL";"Electricity Price";"Rigid";"BAU";"EUR/kWh";2050;"0.07";"Removed policies";"Electricity"
"OPEX";"Electricity";"NL";"Electricity Price";"Tractor-Trailer";"BAU";"EUR/kWh";2050;"0.07";"Removed policies";"Electricity"
"OPEX";"Electricity";"PL";"Electricity Price";"Rigid";"BAU";"EUR/kWh";2050;"0.07";"Removed policies";"Electricity"
"OPEX";"Electricity";"PL";"Electricity Price";"Tractor-Trailer";"BAU";"EUR/kWh";2050;"0.07";"Removed policies";"Electricity"
"OPEX";"Electricity";"UK";"Electricity Price";"Rigid";"BAU";"EUR/kWh";2050;"0.07";"Removed policies";"Electricity"
"OPEX";"Electricity";"UK";"Electricity Price";"Tractor-Trailer";"BAU";"EUR/kWh";2050;"0.07";"Removed policies";"Electricity"
"OPEX";"Hydrogen";"DE";"Hydrogen Price";"Rigid";"BAU";"EUR/kWh";2050;"0.101";"Removed policies";"Hydrogen"
"OPEX";"Hydrogen";"DE";"Hydrogen Price";"Tractor-Trailer";"BAU";"EUR/kWh";2050;"0.101";"Removed policies";"Hydrogen"
"OPEX";"Hydrogen";"ES";"Hydrogen Price";"Rigid";"BAU";"EUR/kWh";2050;"0.101";"Removed policies";"Hydrogen"
"OPEX";"Hydrogen";"ES";"Hydrogen Price";"Tractor-Trailer";"BAU";"EUR/kWh";2050;"0.101";"Removed policies";"Hydrogen"
"OPEX";"Hydrogen";"FR";"Hydrogen Price";"Rigid";"BAU";"EUR/kWh";2050;"0.101";"Removed policies";"Hydrogen"
"OPEX";"Hydrogen";"FR";"Hydrogen Price";"Tractor-Trailer";"BAU";"EUR/kWh";2050;"0.101";"Removed policies";"Hydrogen"
"OPEX";"Hydrogen";"IT";"Hydrogen Price";"Rigid";"BAU";"EUR/kWh";2050;"0.101";"Removed policies";"Hydrogen"
"OPEX";"Hydrogen";"IT";"Hydrogen Price";"Tractor-Trailer";"BAU";"EUR/kWh";2050;"0.101";"Removed policies";"Hydrogen"
"OPEX";"Hydrogen";"NL";"Hydrogen Price";"Rigid";"BAU";"EUR/kWh";2050;"0.101";"Removed policies";"Hydrogen"
"OPEX";"Hydrogen";"NL";"Hydrogen Price";"Tractor-Trailer";"BAU";"EUR/kWh";2050;"0.101";"Removed policies";"Hydrogen"
"OPEX";"Hydrogen";"PL";"Hydrogen Price";"Rigid";"BAU";"EUR/kWh";2050;"0.101";"Removed policies";"Hydrogen"
"OPEX";"Hydrogen";"PL";"Hydrogen Price";"Tractor-Trailer";"BAU";"EUR/kWh";2050;"0.101";"Removed policies";"Hydrogen"
"OPEX";"Hydrogen";"UK";"Hydrogen Price";"Rigid";"BAU";"EUR/kWh";2050;"0.101";"Removed policies";"Hydrogen"
"OPEX";"Hydrogen";"UK";"Hydrogen Price";"Tractor-Trailer";"BAU";"EUR/kWh";2050;"0.101";"Removed policies";"Hydrogen"
"OPEX";"Diesel";"DE";"Share Biodiesel";"Rigid";"PROG";"%";2030;"0.114";"Removed policies";"Diesel"
"OPEX";"Diesel";"DE";"Share Biodiesel";"Tractor-Trailer";"PROG";"%";2030;"0.114";"Removed policies";"Diesel"
"OPEX";"Diesel";"ES";"Share Biodiesel";"Rigid";"PROG";"%";2030;"0.114";"Removed policies";"Diesel"
"OPEX";"Diesel";"ES";"Share Biodiesel";"Tractor-Trailer";"PROG";"%";2030;"0.114";"Removed policies";"Diesel"
"OPEX";"Diesel";"FR";"Share Biodiesel";"Rigid";"PROG";"%";2030;"0.114";"Removed policies";"Diesel"
"OPEX";"Diesel";"FR";"Share Biodiesel";"Tractor-Trailer";"PROG";"%";2030;"0.114";"Removed policies";"Diesel"
"OPEX";"Diesel";"IT";"Share Biodiesel";"Rigid";"PROG";"%";2030;"0.114";"Removed policies";"Diesel"
"OPEX";"Diesel";"IT";"Share Biodiesel";"Tractor-Trailer";"PROG";"%";2030;"0.114";"Removed policies";"Diesel"
"OPEX";"Diesel";"NL";"Share Biodiesel";"Rigid";"PROG";"%";2030;"0.114";"Removed policies";"Diesel"
"OPEX";"Diesel";"NL";"Share Biodiesel";"Tractor-Trailer";"PROG";"%";2030;"0.114";"Removed policies";"Diesel"
"OPEX";"Diesel";"PL";"Share Biodiesel";"Rigid";"PROG";"%";2030;"0.114";"Removed policies";"Diesel"
"OPEX";"Diesel";"PL";"Share Biodiesel";"Tractor-Trailer";"PROG";"%";2030;"0.114";"Removed policies";"Diesel"
"OPEX";"Diesel";"UK";"Share Biodiesel";"Rigid";"PROG";"%";2030;"0.114";"Removed policies";"Diesel"
"OPEX";"Diesel";"UK";"Share Biodiesel";"Tractor-Trailer";"PROG";"%";2030;"0.114";"Removed policies";"Diesel"
"OPEX";"Diesel";"DE";"Share Synthetic Diesel (E-Fuels)";"Rigid";"PROG";"%";2030;"0";"Removed policies";"Diesel"
"OPEX";"Diesel";"DE";"Share Synthetic Diesel (E-Fuels)";"Tractor-Trailer";"PROG";"%";2030;"0";"Removed policies";"Diesel"
"OPEX";"Diesel";"ES";"Share Synthetic Diesel (E-Fuels)";"Rigid";"PROG";"%";2030;"0";"Removed policies";"Diesel"
"OPEX";"Diesel";"ES";"Share Synthetic Diesel (E-Fuels)";"Tractor-Trailer";"PROG";"%";2030;"0";"Removed policies";"Diesel"
"OPEX";"Diesel";"FR";"Share Synthetic Diesel (E-Fuels)";"Rigid";"PROG";"%";2030;"0";"Removed policies";"Diesel"
"OPEX";"Diesel";"FR";"Share Synthetic Diesel (E-Fuels)";"Tractor-Trailer";"PROG";"%";2030;"0";"Removed policies";"Diesel"
"OPEX";"Diesel";"IT";"Share Synthetic Diesel (E-Fuels)";"Rigid";"PROG";"%";2030;"0";"Removed policies";"Diesel"
"OPEX";"Diesel";"IT";"Share Synthetic Diesel (E-Fuels)";"Tractor-Trailer";"PROG";"%";2030;"0";"Removed policies";"Diesel"
"OPEX";"Diesel";"NL";"Share Synthetic Diesel (E-Fuels)";"Rigid";"PROG";"%";2030;"0";"Removed policies";"Diesel"
"OPEX";"Diesel";"NL";"Share Synthetic Diesel (E-Fuels)";"Tractor-Trailer";"PROG";"%";2030;"0";"Removed policies";"Diesel"
"OPEX";"Diesel";"PL";"Share Synthetic Diesel (E-Fuels)";"Rigid";"PROG";"%";2030;"0";"Removed policies";"Diesel"
"OPEX";"Diesel";"PL";"Share Synthetic Diesel (E-Fuels)";"Tractor-Trailer";"PROG";"%";2030;"0";"Removed policies";"Diesel"
"OPEX";"Diesel";"UK";"Share Synthetic Diesel (E-Fuels)";"Rigid";"PROG";"%";2030;"0";"Removed policies";"Diesel"
"OPEX";"Diesel";"UK";"Share Synthetic Diesel (E-Fuels)";"Tractor-Trailer";"PROG";"%";2030;"0";"Removed policies";"Diesel"
"OPEX";"Diesel";"DE";"Share Biodiesel";"Rigid";"PROG";"%";2035;"0.114";"Removed policies";"Diesel"
"OPEX";"Diesel";"DE";"Share Biodiesel";"Tractor-Trailer";"PROG";"%";2035;"0.114";"Removed policies";"Diesel"
"OPEX";"Diesel";"ES";"Share Biodiesel";"Rigid";"PROG";"%";2035;"0.114";"Removed policies";"Diesel"
"OPEX";"Diesel";"ES";"Share Biodiesel";"Tractor-Trailer";"PROG";"%";2035;"0.114";"Removed policies";"Diesel"
"OPEX";"Diesel";"FR";"Share Biodiesel";"Rigid";"PROG";"%";2035;"0.114";"Removed policies";"Diesel"
"OPEX";"Diesel";"FR";"Share Biodiesel";"Tractor-Trailer";"PROG";"%";2035;"0.114";"Removed policies";"Diesel"
"OPEX";"Diesel";"IT";"Share Biodiesel";"Rigid";"PROG";"%";2035;"0.114";"Removed policies";"Diesel"
"OPEX";"Diesel";"IT";"Share Biodiesel";"Tractor-Trailer";"PROG";"%";2035;"0.114";"Removed policies";"Diesel"
"OPEX";"Diesel";"NL";"Share Biodiesel";"Rigid";"PROG";"%";2035;"0.114";"Removed policies";"Diesel"
"OPEX";"Diesel";"NL";"Share Biodiesel";"Tractor-Trailer";"PROG";"%";2035;"0.114";"Removed policies";"Diesel"
"OPEX";"Diesel";"PL";"Share Biodiesel";"Rigid";"PROG";"%";2035;"0.114";"Removed policies";"Diesel"
"OPEX";"Diesel";"PL";"Share Biodiesel";"Tractor-Trailer";"PROG";"%";2035;"0.114";"Removed policies";"Diesel"
"OPEX";"Diesel";"UK";"Share Biodiesel";"Rigid";"PROG";"%";2035;"0.114";"Removed policies";"Diesel"
"OPEX";"Diesel";"UK";"Share Biodiesel";"Tractor-Trailer";"PROG";"%";2035;"0.114";"Removed policies";"Diesel"
"OPEX";"Diesel";"DE";"Share Synthetic Diesel (E-Fuels)";"Rigid";"PROG";"%";2035;"0";"Removed policies";"Diesel"
"OPEX";"Diesel";"DE";"Share Synthetic Diesel (E-Fuels)";"Tractor-Trailer";"PROG";"%";2035;"0";"Removed policies";"Diesel"
"OPEX";"Diesel";"ES";"Share Synthetic Diesel (E-Fuels)";"Rigid";"PROG";"%";2035;"0";"Removed policies";"Diesel"
"OPEX";"Diesel";"ES";"Share Synthetic Diesel (E-Fuels)";"Tractor-Trailer";"PROG";"%";2035;"0";"Removed policies";"Diesel"
"OPEX";"Diesel";"FR";"Share Synthetic Diesel (E-Fuels)";"Rigid";"PROG";"%";2035;"0";"Removed policies";"Diesel"
"OPEX";"Diesel";"FR";"Share Synthetic Diesel (E-Fuels)";"Tractor-Trailer";"PROG";"%";2035;"0";"Removed policies";"Diesel"
"OPEX";"Diesel";"IT";"Share Synthetic Diesel (E-Fuels)";"Rigid";"PROG";"%";2035;"0";"Removed policies";"Diesel"
"OPEX";"Diesel";"IT";"Share Synthetic Diesel (E-Fuels)";"Tractor-Trailer";"PROG";"%";2035;"0";"Removed policies";"Diesel"
"OPEX";"Diesel";"NL";"Share Synthetic Diesel (E-Fuels)";"Rigid";"PROG";"%";2035;"0";"Removed policies";"Diesel"
"OPEX";"Diesel";"NL";"Share Synthetic Diesel (E-Fuels)";"Tractor-Trailer";"PROG";"%";2035;"0";"Removed policies";"Diesel"
"OPEX";"Diesel";"PL";"Share Synthetic Diesel (E-Fuels)";"Rigid";"PROG";"%";2035;"0";"Removed policies";"Diesel"
"OPEX";"Diesel";"PL";"Share Synthetic Diesel (E-Fuels)";"Tractor-Trailer";"PROG";"%";2035;"0";"Removed policies";"Diesel"
"OPEX";"Diesel";"UK";"Share Synthetic Diesel (E-Fuels)";"Rigid";"PROG";"%";2035;"0";"Removed policies";"Diesel"
"OPEX";"Diesel";"UK";"Share Synthetic Diesel (E-Fuels)";"Tractor-Trailer";"PROG";"%";2035;"0";"Removed policies";"Diesel"
"OPEX";"Diesel";"DE";"Share Biodiesel";"Rigid";"PROG";"%";2040;"0.114";"Removed policies";"Diesel"
"OPEX";"Diesel";"DE";"Share Biodiesel";"Tractor-Trailer";"PROG";"%";2040;"0.114";"Removed policies";"Diesel"
"OPEX";"Diesel";"ES";"Share Biodiesel";"Rigid";"PROG";"%";2040;"0.114";"Removed policies";"Diesel"
"OPEX";"Diesel";"ES";"Share Biodiesel";"Tractor-Trailer";"PROG";"%";2040;"0.114";"Removed policies";"Diesel"
"OPEX";"Diesel";"FR";"Share Biodiesel";"Rigid";"PROG";"%";2040;"0.114";"Removed policies";"Diesel"
"OPEX";"Diesel";"FR";"Share Biodiesel";"Tractor-Trailer";"PROG";"%";2040;"0.114";"Removed policies";"Diesel"
"OPEX";"Diesel";"IT";"Share Biodiesel";"Rigid";"PROG";"%";2040;"0.114";"Removed policies";"Diesel"
"OPEX";"Diesel";"IT";"Share Biodiesel";"Tractor-Trailer";"PROG";"%";2040;"0.114";"Removed policies";"Diesel"
"OPEX";"Diesel";"NL";"Share Biodiesel";"Rigid";"PROG";"%";2040;"0.114";"Removed policies";"Diesel"
"OPEX";"Diesel";"NL";"Share Biodiesel";"Tractor-Trailer";"PROG";"%";2040;"0.114";"Removed policies";"Diesel"
"OPEX";"Diesel";"PL";"Share Biodiesel";"Rigid";"PROG";"%";2040;"0.114";"Removed policies";"Diesel"
"OPEX";"Diesel";"PL";"Share Biodiesel";"Tractor-Trailer";"PROG";"%";2040;"0.114";"Removed policies";"Diesel"
"OPEX";"Diesel";"UK";"Share Biodiesel";"Rigid";"PROG";"%";2040;"0.114";"Removed policies";"Diesel"
"OPEX";"Diesel";"UK";"Share Biodiesel";"Tractor-Trailer";"PROG";"%";2040;"0.114";"Removed policies";"Diesel"
"OPEX";"Diesel";"DE";"Share Synthetic Diesel (E-Fuels)";"Rigid";"PROG";"%";2040;"0";"Removed policies";"Diesel"
"OPEX";"Diesel";"DE";"Share Synthetic Diesel (E-Fuels)";"Tractor-Trailer";"PROG";"%";2040;"0";"Removed policies";"Diesel"
"OPEX";"Diesel";"ES";"Share Synthetic Diesel (E-Fuels)";"Rigid";"PROG";"%";2040;"0";"Removed policies";"Diesel"
"OPEX";"Diesel";"ES";"Share Synthetic Diesel (E-Fuels)";"Tractor-Trailer";"PROG";"%";2040;"0";"Removed policies";"Diesel"
"OPEX";"Diesel";"FR";"Share Synthetic Diesel (E-Fuels)";"Rigid";"PROG";"%";2040;"0";"Removed policies";"Diesel"
"OPEX";"Diesel";"FR";"Share Synthetic Diesel (E-Fuels)";"Tractor-Trailer";"PROG";"%";2040;"0";"Removed policies";"Diesel"
"OPEX";"Diesel";"IT";"Share Synthetic Diesel (E-Fuels)";"Rigid";"PROG";"%";2040;"0";"Removed policies";"Diesel"
"OPEX";"Diesel";"IT";"Share Synthetic Diesel (E-Fuels)";"Tractor-Trailer";"PROG";"%";2040;"0";"Removed policies";"Diesel"
"OPEX";"Diesel";"NL";"Share Synthetic Diesel (E-Fuels)";"Rigid";"PROG";"%";2040;"0";"Removed policies";"Diesel"
"OPEX";"Diesel";"NL";"Share Synthetic Diesel (E-Fuels)";"Tractor-Trailer";"PROG";"%";2040;"0";"Removed policies";"Diesel"
"OPEX";"Diesel";"PL";"Share Synthetic Diesel (E-Fuels)";"Rigid";"PROG";"%";2040;"0";"Removed policies";"Diesel"
"OPEX";"Diesel";"PL";"Share Synthetic Diesel (E-Fuels)";"Tractor-Trailer";"PROG";"%";2040;"0";"Removed policies";"Diesel"
"OPEX";"Diesel";"UK";"Share Synthetic Diesel (E-Fuels)";"Rigid";"PROG";"%";2040;"0";"Removed policies";"Diesel"
"OPEX";"Diesel";"UK";"Share Synthetic Diesel (E-Fuels)";"Tractor-Trailer";"PROG";"%";2040;"0";"Removed policies";"Diesel"
"OPEX";"Diesel";"DE";"Share Biodiesel";"Rigid";"PROG";"%";2045;"0.114";"Removed policies";"Diesel"
"OPEX";"Diesel";"DE";"Share Biodiesel";"Tractor-Trailer";"PROG";"%";2045;"0.114";"Removed policies";"Diesel"
"OPEX";"Diesel";"ES";"Share Biodiesel";"Rigid";"PROG";"%";2045;"0.114";"Removed policies";"Diesel"
"OPEX";"Diesel";"ES";"Share Biodiesel";"Tractor-Trailer";"PROG";"%";2045;"0.114";"Removed policies";"Diesel"
"OPEX";"Diesel";"FR";"Share Biodiesel";"Rigid";"PROG";"%";2045;"0.114";"Removed policies";"Diesel"
"OPEX";"Diesel";"FR";"Share Biodiesel";"Tractor-Trailer";"PROG";"%";2045;"0.114";"Removed policies";"Diesel"
"OPEX";"Diesel";"IT";"Share Biodiesel";"Rigid";"PROG";"%";2045;"0.114";"Removed policies";"Diesel"
"OPEX";"Diesel";"IT";"Share Biodiesel";"Tractor-Trailer";"PROG";"%";2045;"0.114";"Removed policies";"Diesel"
"OPEX";"Diesel";"NL";"Share Biodiesel";"Rigid";"PROG";"%";2045;"0.114";"Removed policies";"Diesel"
"OPEX";"Diesel";"NL";"Share Biodiesel";"Tractor-Trailer";"PROG";"%";2045;"0.114";"Removed policies";"Diesel"
"OPEX";"Diesel";"PL";"Share Biodiesel";"Rigid";"PROG";"%";2045;"0.114";"Removed policies";"Diesel"
"OPEX";"Diesel";"PL";"Share Biodiesel";"Tractor-Trailer";"PROG";"%";2045;"0.114";"Removed policies";"Diesel"
"OPEX";"Diesel";"UK";"Share Biodiesel";"Rigid";"PROG";"%";2045;"0.114";"Removed policies";"Diesel"
"OPEX";"Diesel";"UK";"Share Biodiesel";"Tractor-Trailer";"PROG";"%";2045;"0.114";"Removed policies";"Diesel"
"OPEX";"Diesel";"DE";"Share Synthetic Diesel (E-Fuels)";"Rigid";"PROG";"%";2045;"0";"Removed policies";"Diesel"
"OPEX";"Diesel";"DE";"Share Synthetic Diesel (E-Fuels)";"Tractor-Trailer";"PROG";"%";2045;"0";"Removed policies";"Diesel"
"OPEX";"Diesel";"ES";"Share Synthetic Diesel (E-Fuels)";"Rigid";"PROG";"%";2045;"0";"Removed policies";"Diesel"
"OPEX";"Diesel";"ES";"Share Synthetic Diesel (E-Fuels)";"Tractor-Trailer";"PROG";"%";2045;"0";"Removed policies";"Diesel"
"OPEX";"Diesel";"FR";"Share Synthetic Diesel (E-Fuels)";"Rigid";"PROG";"%";2045;"0";"Removed policies";"Diesel"
"OPEX";"Diesel";"FR";"Share Synthetic Diesel (E-Fuels)";"Tractor-Trailer";"PROG";"%";2045;"0";"Removed policies";"Diesel"
"OPEX";"Diesel";"IT";"Share Synthetic Diesel (E-Fuels)";"Rigid";"PROG";"%";2045;"0";"Removed policies";"Diesel"
"OPEX";"Diesel";"IT";"Share Synthetic Diesel (E-Fuels)";"Tractor-Trailer";"PROG";"%";2045;"0";"Removed policies";"Diesel"
"OPEX";"Diesel";"NL";"Share Synthetic Diesel (E-Fuels)";"Rigid";"PROG";"%";2045;"0";"Removed policies";"Diesel"
"OPEX";"Diesel";"NL";"Share Synthetic Diesel (E-Fuels)";"Tractor-Trailer";"PROG";"%";2045;"0";"Removed policies";"Diesel"
"OPEX";"Diesel";"PL";"Share Synthetic Diesel (E-Fuels)";"Rigid";"PROG";"%";2045;"0";"Removed policies";"Diesel"
"OPEX";"Diesel";"PL";"Share Synthetic Diesel (E-Fuels)";"Tractor-Trailer";"PROG";"%";2045;"0";"Removed policies";"Diesel"
"OPEX";"Diesel";"UK";"Share Synthetic Diesel (E-Fuels)";"Rigid";"PROG";"%";2045;"0";"Removed policies";"Diesel"
"OPEX";"Diesel";"UK";"Share Synthetic Diesel (E-Fuels)";"Tractor-Trailer";"PROG";"%";2045;"0";"Removed policies";"Diesel"
"OPEX";"Diesel";"DE";"Share Biodiesel";"Rigid";"PROG";"%";2050;"0.114";"Removed policies";"Diesel"
"OPEX";"Diesel";"DE";"Share Biodiesel";"Tractor-Trailer";"PROG";"%";2050;"0.114";"Removed policies";"Diesel"
"OPEX";"Diesel";"ES";"Share Biodiesel";"Rigid";"PROG";"%";2050;"0.114";"Removed policies";"Diesel"
"OPEX";"Diesel";"ES";"Share Biodiesel";"Tractor-Trailer";"PROG";"%";2050;"0.114";"Removed policies";"Diesel"
"OPEX";"Diesel";"FR";"Share Biodiesel";"Rigid";"PROG";"%";2050;"0.114";"Removed policies";"Diesel"
"OPEX";"Diesel";"FR";"Share Biodiesel";"Tractor-Trailer";"PROG";"%";2050;"0.114";"Removed policies";"Diesel"
"OPEX";"Diesel";"IT";"Share Biodiesel";"Rigid";"PROG";"%";2050;"0.114";"Removed policies";"Diesel"
"OPEX";"Diesel";"IT";"Share Biodiesel";"Tractor-Trailer";"PROG";"%";2050;"0.114";"Removed policies";"Diesel"
"OPEX";"Diesel";"NL";"Share Biodiesel";"Rigid";"PROG";"%";2050;"0.114";"Removed policies";"Diesel"
"OPEX";"Diesel";"NL";"Share Biodiesel";"Tractor-Trailer";"PROG";"%";2050;"0.114";"Removed policies";"Diesel"
"OPEX";"Diesel";"PL";"Share Biodiesel";"Rigid";"PROG";"%";2050;"0.114";"Removed policies";"Diesel"
"OPEX";"Diesel";"PL";"Share Biodiesel";"Tractor-Trailer";"PROG";"%";2050;"0.114";"Removed policies";"Diesel"
"OPEX";"Diesel";"UK";"Share Biodiesel";"Rigid";"PROG";"%";2050;"0.114";"Removed policies";"Diesel"
"OPEX";"Diesel";"UK";"Share Biodiesel";"Tractor-Trailer";"PROG";"%";2050;"0.114";"Removed policies";"Diesel"
"OPEX";"Diesel";"DE";"Share Synthetic Diesel (E-Fuels)";"Rigid";"PROG";"%";2050;"0";"Removed policies";"Diesel"
"OPEX";"Diesel";"DE";"Share Synthetic Diesel (E-Fuels)";"Tractor-Trailer";"PROG";"%";2050;"0";"Removed policies";"Diesel"
"OPEX";"Diesel";"ES";"Share Synthetic Diesel (E-Fuels)";"Rigid";"PROG";"%";2050;"0";"Removed policies";"Diesel"
"OPEX";"Diesel";"ES";"Share Synthetic Diesel (E-Fuels)";"Tractor-Trailer";"PROG";"%";2050;"0";"Removed policies";"Diesel"
"OPEX";"Diesel";"FR";"Share Synthetic Diesel (E-Fuels)";"Rigid";"PROG";"%";2050;"0";"Removed policies";"Diesel"
"OPEX";"Diesel";"FR";"Share Synthetic Diesel (E-Fuels)";"Tractor-Trailer";"PROG";"%";2050;"0";"Removed policies";"Diesel"
"OPEX";"Diesel";"IT";"Share Synthetic Diesel (E-Fuels)";"Rigid";"PROG";"%";2050;"0";"Removed policies";"Diesel"
"OPEX";"Diesel";"IT";"Share Synthetic Diesel (E-Fuels)";"Tractor-Trailer";"PROG";"%";2050;"0";"Removed policies";"Diesel"
"OPEX";"Diesel";"NL";"Share Synthetic Diesel (E-Fuels)";"Rigid";"PROG";"%";2050;"0";"Removed policies";"Diesel"
"OPEX";"Diesel";"NL";"Share Synthetic Diesel (E-Fuels)";"Tractor-Trailer";"PROG";"%";2050;"0";"Removed policies";"Diesel"
"OPEX";"Diesel";"PL";"Share Synthetic Diesel (E-Fuels)";"Rigid";"PROG";"%";2050;"0";"Removed policies";"Diesel"
"OPEX";"Diesel";"PL";"Share Synthetic Diesel (E-Fuels)";"Tractor-Trailer";"PROG";"%";2050;"0";"Removed policies";"Diesel"
"OPEX";"Diesel";"UK";"Share Synthetic Diesel (E-Fuels)";"Rigid";"PROG";"%";2050;"0";"Removed policies";"Diesel"
"OPEX";"Diesel";"UK";"Share Synthetic Diesel (E-Fuels)";"Tractor-Trailer";"PROG";"%";2050;"0";"Removed policies";"Diesel"
"OPEX";"Diesel";"DE";"Share Biodiesel";"Rigid";"BAU";"%";2030;"0.082";"Removed policies";"Diesel"
"OPEX";"Diesel";"DE";"Share Biodiesel";"Tractor-Trailer";"BAU";"%";2030;"0.082";"Removed policies";"Diesel"
"OPEX";"Diesel";"ES";"Share Biodiesel";"Rigid";"BAU";"%";2030;"0.082";"Removed policies";"Diesel"
"OPEX";"Diesel";"ES";"Share Biodiesel";"Tractor-Trailer";"BAU";"%";2030;"0.082";"Removed policies";"Diesel"
"OPEX";"Diesel";"FR";"Share Biodiesel";"Rigid";"BAU";"%";2030;"0.082";"Removed policies";"Diesel"
"OPEX";"Diesel";"FR";"Share Biodiesel";"Tractor-Trailer";"BAU";"%";2030;"0.082";"Removed policies";"Diesel"
"OPEX";"Diesel";"IT";"Share Biodiesel";"Rigid";"BAU";"%";2030;"0.082";"Removed policies";"Diesel"
"OPEX";"Diesel";"IT";"Share Biodiesel";"Tractor-Trailer";"BAU";"%";2030;"0.082";"Removed policies";"Diesel"
"OPEX";"Diesel";"NL";"Share Biodiesel";"Rigid";"BAU";"%";2030;"0.082";"Removed policies";"Diesel"
"OPEX";"Diesel";"NL";"Share Biodiesel";"Tractor-Trailer";"BAU";"%";2030;"0.082";"Removed policies";"Diesel"
"OPEX";"Diesel";"PL";"Share Biodiesel";"Rigid";"BAU";"%";2030;"0.082";"Removed policies";"Diesel"
"OPEX";"Diesel";"PL";"Share Biodiesel";"Tractor-Trailer";"BAU";"%";2030;"0.082";"Removed policies";"Diesel"
"OPEX";"Diesel";"UK";"Share Biodiesel";"Rigid";"BAU";"%";2030;"0.082";"Removed policies";"Diesel"
"OPEX";"Diesel";"UK";"Share Biodiesel";"Tractor-Trailer";"BAU";"%";2030;"0.082";"Removed policies";"Diesel"
"OPEX";"Diesel";"DE";"Share Synthetic Diesel (E-Fuels)";"Rigid";"BAU";"%";2030;"0";"Removed policies";"Diesel"
"OPEX";"Diesel";"DE";"Share Synthetic Diesel (E-Fuels)";"Tractor-Trailer";"BAU";"%";2030;"0";"Removed policies";"Diesel"
"OPEX";"Diesel";"ES";"Share Synthetic Diesel (E-Fuels)";"Rigid";"BAU";"%";2030;"0";"Removed policies";"Diesel"
"OPEX";"Diesel";"ES";"Share Synthetic Diesel (E-Fuels)";"Tractor-Trailer";"BAU";"%";2030;"0";"Removed policies";"Diesel"
"OPEX";"Diesel";"FR";"Share Synthetic Diesel (E-Fuels)";"Rigid";"BAU";"%";2030;"0";"Removed policies";"Diesel"
"OPEX";"Diesel";"FR";"Share Synthetic Diesel (E-Fuels)";"Tractor-Trailer";"BAU";"%";2030;"0";"Removed policies";"Diesel"
"OPEX";"Diesel";"IT";"Share Synthetic Diesel (E-Fuels)";"Rigid";"BAU";"%";2030;"0";"Removed policies";"Diesel"
"OPEX";"Diesel";"IT";"Share Synthetic Diesel (E-Fuels)";"Tractor-Trailer";"BAU";"%";2030;"0";"Removed policies";"Diesel"
"OPEX";"Diesel";"NL";"Share Synthetic Diesel (E-Fuels)";"Rigid";"BAU";"%";2030;"0";"Removed policies";"Diesel"
"OPEX";"Diesel";"NL";"Share Synthetic Diesel (E-Fuels)";"Tractor-Trailer";"BAU";"%";2030;"0";"Removed policies";"Diesel"
"OPEX";"Diesel";"PL";"Share Synthetic Diesel (E-Fuels)";"Rigid";"BAU";"%";2030;"0";"Removed policies";"Diesel"
"OPEX";"Diesel";"PL";"Share Synthetic Diesel (E-Fuels)";"Tractor-Trailer";"BAU";"%";2030;"0";"Removed policies";"Diesel"
"OPEX";"Diesel";"UK";"Share Synthetic Diesel (E-Fuels)";"Rigid";"BAU";"%";2030;"0";"Removed policies";"Diesel"
"OPEX";"Diesel";"UK";"Share Synthetic Diesel (E-Fuels)";"Tractor-Trailer";"BAU";"%";2030;"0";"Removed policies";"Diesel"
"OPEX";"Diesel";"DE";"Share Biodiesel";"Rigid";"BAU";"%";2035;"0.082";"Removed policies";"Diesel"
"OPEX";"Diesel";"DE";"Share Biodiesel";"Tractor-Trailer";"BAU";"%";2035;"0.082";"Removed policies";"Diesel"
"OPEX";"Diesel";"ES";"Share Biodiesel";"Rigid";"BAU";"%";2035;"0.082";"Removed policies";"Diesel"
"OPEX";"Diesel";"ES";"Share Biodiesel";"Tractor-Trailer";"BAU";"%";2035;"0.082";"Removed policies";"Diesel"
"OPEX";"Diesel";"FR";"Share Biodiesel";"Rigid";"BAU";"%";2035;"0.082";"Removed policies";"Diesel"
"OPEX";"Diesel";"FR";"Share Biodiesel";"Tractor-Trailer";"BAU";"%";2035;"0.082";"Removed policies";"Diesel"
"OPEX";"Diesel";"IT";"Share Biodiesel";"Rigid";"BAU";"%";2035;"0.082";"Removed policies";"Diesel"
"OPEX";"Diesel";"IT";"Share Biodiesel";"Tractor-Trailer";"BAU";"%";2035;"0.082";"Removed policies";"Diesel"
"OPEX";"Diesel";"NL";"Share Biodiesel";"Rigid";"BAU";"%";2035;"0.082";"Removed policies";"Diesel"
"OPEX";"Diesel";"NL";"Share Biodiesel";"Tractor-Trailer";"BAU";"%";2035;"0.082";"Removed policies";"Diesel"
"OPEX";"Diesel";"PL";"Share Biodiesel";"Rigid";"BAU";"%";2035;"0.082";"Removed policies";"Diesel"
"OPEX";"Diesel";"PL";"Share Biodiesel";"Tractor-Trailer";"BAU";"%";2035;"0.082";"Removed policies";"Diesel"
"OPEX";"Diesel";"UK";"Share Biodiesel";"Rigid";"BAU";"%";2035;"0.082";"Removed policies";"Diesel"
"OPEX";"Diesel";"UK";"Share Biodiesel";"Tractor-Trailer";"BAU";"%";2035;"0.082";"Removed policies";"Diesel"
"OPEX";"Diesel";"DE";"Share Synthetic Diesel (E-Fuels)";"Rigid";"BAU";"%";2035;"0";"Removed policies";"Diesel"
"OPEX";"Diesel";"DE";"Share Synthetic Diesel (E-Fuels)";"Tractor-Trailer";"BAU";"%";2035;"0";"Removed policies";"Diesel"
"OPEX";"Diesel";"ES";"Share Synthetic Diesel (E-Fuels)";"Rigid";"BAU";"%";2035;"0";"Removed policies";"Diesel"
"OPEX";"Diesel";"ES";"Share Synthetic Diesel (E-Fuels)";"Tractor-Trailer";"BAU";"%";2035;"0";"Removed policies";"Diesel"
"OPEX";"Diesel";"FR";"Share Synthetic Diesel (E-Fuels)";"Rigid";"BAU";"%";2035;"0";"Removed policies";"Diesel"
"OPEX";"Diesel";"FR";"Share Synthetic Diesel (E-Fuels)";"Tractor-Trailer";"BAU";"%";2035;"0";"Removed policies";"Diesel"
"OPEX";"Diesel";"IT";"Share Synthetic Diesel (E-Fuels)";"Rigid";"BAU";"%";2035;"0";"Removed policies";"Diesel"
"OPEX";"Diesel";"IT";"Share Synthetic Diesel (E-Fuels)";"Tractor-Trailer";"BAU";"%";2035;"0";"Removed policies";"Diesel"
"OPEX";"Diesel";"NL";"Share Synthetic Diesel (E-Fuels)";"Rigid";"BAU";"%";2035;"0";"Removed policies";"Diesel"
"OPEX";"Diesel";"NL";"Share Synthetic Diesel (E-Fuels)";"Tractor-Trailer";"BAU";"%";2035;"0";"Removed policies";"Diesel"
"OPEX";"Diesel";"PL";"Share Synthetic Diesel (E-Fuels)";"Rigid";"BAU";"%";2035;"0";"Removed policies";"Diesel"
"OPEX";"Diesel";"PL";"Share Synthetic Diesel (E-Fuels)";"Tractor-Trailer";"BAU";"%";2035;"0";"Removed policies";"Diesel"
"OPEX";"Diesel";"UK";"Share Synthetic Diesel (E-Fuels)";"Rigid";"BAU";"%";2035;"0";"Removed policies";"Diesel"
"OPEX";"Diesel";"UK";"Share Synthetic Diesel (E-Fuels)";"Tractor-Trailer";"BAU";"%";2035;"0";"Removed policies";"Diesel"
"OPEX";"Diesel";"DE";"Share Biodiesel";"Rigid";"BAU";"%";2040;"0.082";"Removed policies";"Diesel"
"OPEX";"Diesel";"DE";"Share Biodiesel";"Tractor-Trailer";"BAU";"%";2040;"0.082";"Removed policies";"Diesel"
"OPEX";"Diesel";"ES";"Share Biodiesel";"Rigid";"BAU";"%";2040;"0.082";"Removed policies";"Diesel"
"OPEX";"Diesel";"ES";"Share Biodiesel";"Tractor-Trailer";"BAU";"%";2040;"0.082";"Removed policies";"Diesel"
"OPEX";"Diesel";"FR";"Share Biodiesel";"Rigid";"BAU";"%";2040;"0.082";"Removed policies";"Diesel"
"OPEX";"Diesel";"FR";"Share Biodiesel";"Tractor-Trailer";"BAU";"%";2040;"0.082";"Removed policies";"Diesel"
"OPEX";"Diesel";"IT";"Share Biodiesel";"Rigid";"BAU";"%";2040;"0.082";"Removed policies";"Diesel"
"OPEX";"Diesel";"IT";"Share Biodiesel";"Tractor-Trailer";"BAU";"%";2040;"0.082";"Removed policies";"Diesel"
"OPEX";"Diesel";"NL";"Share Biodiesel";"Rigid";"BAU";"%";2040;"0.082";"Removed policies";"Diesel"
"OPEX";"Diesel";"NL";"Share Biodiesel";"Tractor-Trailer";"BAU";"%";2040;"0.082";"Removed policies";"Diesel"
"OPEX";"Diesel";"PL";"Share Biodiesel";"Rigid";"BAU";"%";2040;"0.082";"Removed policies";"Diesel"
"OPEX";"Diesel";"PL";"Share Biodiesel";"Tractor-Trailer";"BAU";"%";2040;"0.082";"Removed policies";"Diesel"
"OPEX";"Diesel";"UK";"Share Biodiesel";"Rigid";"BAU";"%";2040;"0.082";"Removed policies";"Diesel"
"OPEX";"Diesel";"UK";"Share Biodiesel";"Tractor-Trailer";"BAU";"%";2040;"0.082";"Removed policies";"Diesel"
"OPEX";"Diesel";"DE";"Share Synthetic Diesel (E-Fuels)";"Rigid";"BAU";"%";2040;"0";"Removed policies";"Diesel"
"OPEX";"Diesel";"DE";"Share Synthetic Diesel (E-Fuels)";"Tractor-Trailer";"BAU";"%";2040;"0";"Removed policies";"Diesel"
"OPEX";"Diesel";"ES";"Share Synthetic Diesel (E-Fuels)";"Rigid";"BAU";"%";2040;"0";"Removed policies";"Diesel"
"OPEX";"Diesel";"ES";"Share Synthetic Diesel (E-Fuels)";"Tractor-Trailer";"BAU";"%";2040;"0";"Removed policies";"Diesel"
"OPEX";"Diesel";"FR";"Share Synthetic Diesel (E-Fuels)";"Rigid";"BAU";"%";2040;"0";"Removed policies";"Diesel"
"OPEX";"Diesel";"FR";"Share Synthetic Diesel (E-Fuels)";"Tractor-Trailer";"BAU";"%";2040;"0";"Removed policies";"Diesel"
"OPEX";"Diesel";"IT";"Share Synthetic Diesel (E-Fuels)";"Rigid";"BAU";"%";2040;"0";"Removed policies";"Diesel"
"OPEX";"Diesel";"IT";"Share Synthetic Diesel (E-Fuels)";"Tractor-Trailer";"BAU";"%";2040;"0";"Removed policies";"Diesel"
"OPEX";"Diesel";"NL";"Share Synthetic Diesel (E-Fuels)";"Rigid";"BAU";"%";2040;"0";"Removed policies";"Diesel"
"OPEX";"Diesel";"NL";"Share Synthetic Diesel (E-Fuels)";"Tractor-Trailer";"BAU";"%";2040;"0";"Removed policies";"Diesel"
"OPEX";"Diesel";"PL";"Share Synthetic Diesel (E-Fuels)";"Rigid";"BAU";"%";2040;"0";"Removed policies";"Diesel"
"OPEX";"Diesel";"PL";"Share Synthetic Diesel (E-Fuels)";"Tractor-Trailer";"BAU";"%";2040;"0";"Removed policies";"Diesel"
"OPEX";"Diesel";"UK";"Share Synthetic Diesel (E-Fuels)";"Rigid";"BAU";"%";2040;"0";"Removed policies";"Diesel"
"OPEX";"Diesel";"UK";"Share Synthetic Diesel (E-Fuels)";"Tractor-Trailer";"BAU";"%";2040;"0";"Removed policies";"Diesel"
"OPEX";"Diesel";"DE";"Share Biodiesel";"Rigid";"BAU";"%";2045;"0.082";"Removed policies";"Diesel"
"OPEX";"Diesel";"DE";"Share Biodiesel";"Tractor-Trailer";"BAU";"%";2045;"0.082";"Removed policies";"Diesel"
"OPEX";"Diesel";"ES";"Share Biodiesel";"Rigid";"BAU";"%";2045;"0.082";"Removed policies";"Diesel"
"OPEX";"Diesel";"ES";"Share Biodiesel";"Tractor-Trailer";"BAU";"%";2045;"0.082";"Removed policies";"Diesel"
"OPEX";"Diesel";"FR";"Share Biodiesel";"Rigid";"BAU";"%";2045;"0.082";"Removed policies";"Diesel"
"OPEX";"Diesel";"FR";"Share Biodiesel";"Tractor-Trailer";"BAU";"%";2045;"0.082";"Removed policies";"Diesel"
"OPEX";"Diesel";"IT";"Share Biodiesel";"Rigid";"BAU";"%";2045;"0.082";"Removed policies";"Diesel"
"OPEX";"Diesel";"IT";"Share Biodiesel";"Tractor-Trailer";"BAU";"%";2045;"0.082";"Removed policies";"Diesel"
"OPEX";"Diesel";"NL";"Share Biodiesel";"Rigid";"BAU";"%";2045;"0.082";"Removed policies";"Diesel"
"OPEX";"Diesel";"NL";"Share Biodiesel";"Tractor-Trailer";"BAU";"%";2045;"0.082";"Removed policies";"Diesel"
"OPEX";"Diesel";"PL";"Share Biodiesel";"Rigid";"BAU";"%";2045;"0.082";"Removed policies";"Diesel"
"OPEX";"Diesel";"PL";"Share Biodiesel";"Tractor-Trailer";"BAU";"%";2045;"0.082";"Removed policies";"Diesel"
"OPEX";"Diesel";"UK";"Share Biodiesel";"Rigid";"BAU";"%";2045;"0.082";"Removed policies";"Diesel"
"OPEX";"Diesel";"UK";"Share Biodiesel";"Tractor-Trailer";"BAU";"%";2045;"0.082";"Removed policies";"Diesel"
"OPEX";"Diesel";"DE";"Share Synthetic Diesel (E-Fuels)";"Rigid";"BAU";"%";2045;"0";"Removed policies";"Diesel"
"OPEX";"Diesel";"DE";"Share Synthetic Diesel (E-Fuels)";"Tractor-Trailer";"BAU";"%";2045;"0";"Removed policies";"Diesel"
"OPEX";"Diesel";"ES";"Share Synthetic Diesel (E-Fuels)";"Rigid";"BAU";"%";2045;"0";"Removed policies";"Diesel"
"OPEX";"Diesel";"ES";"Share Synthetic Diesel (E-Fuels)";"Tractor-Trailer";"BAU";"%";2045;"0";"Removed policies";"Diesel"
"OPEX";"Diesel";"FR";"Share Synthetic Diesel (E-Fuels)";"Rigid";"BAU";"%";2045;"0";"Removed policies";"Diesel"
"OPEX";"Diesel";"FR";"Share Synthetic Diesel (E-Fuels)";"Tractor-Trailer";"BAU";"%";2045;"0";"Removed policies";"Diesel"
"OPEX";"Diesel";"IT";"Share Synthetic Diesel (E-Fuels)";"Rigid";"BAU";"%";2045;"0";"Removed policies";"Diesel"
"OPEX";"Diesel";"IT";"Share Synthetic Diesel (E-Fuels)";"Tractor-Trailer";"BAU";"%";2045;"0";"Removed policies";"Diesel"
"OPEX";"Diesel";"NL";"Share Synthetic Diesel (E-Fuels)";"Rigid";"BAU";"%";2045;"0";"Removed policies";"Diesel"
"OPEX";"Diesel";"NL";"Share Synthetic Diesel (E-Fuels)";"Tractor-Trailer";"BAU";"%";2045;"0";"Removed policies";"Diesel"
"OPEX";"Diesel";"PL";"Share Synthetic Diesel (E-Fuels)";"Rigid";"BAU";"%";2045;"0";"Removed policies";"Diesel"
"OPEX";"Diesel";"PL";"Share Synthetic Diesel (E-Fuels)";"Tractor-Trailer";"BAU";"%";2045;"0";"Removed policies";"Diesel"
"OPEX";"Diesel";"UK";"Share Synthetic Diesel (E-Fuels)";"Rigid";"BAU";"%";2045;"0";"Removed policies";"Diesel"
"OPEX";"Diesel";"UK";"Share Synthetic Diesel (E-Fuels)";"Tractor-Trailer";"BAU";"%";2045;"0";"Removed policies";"Diesel"
"OPEX";"Diesel";"DE";"Share Biodiesel";"Rigid";"BAU";"%";2050;"0.082";"Removed policies";"Diesel"
"OPEX";"Diesel";"DE";"Share Biodiesel";"Tractor-Trailer";"BAU";"%";2050;"0.082";"Removed policies";"Diesel"
"OPEX";"Diesel";"ES";"Share Biodiesel";"Rigid";"BAU";"%";2050;"0.082";"Removed policies";"Diesel"
"OPEX";"Diesel";"ES";"Share Biodiesel";"Tractor-Trailer";"BAU";"%";2050;"0.082";"Removed policies";"Diesel"
"OPEX";"Diesel";"FR";"Share Biodiesel";"Rigid";"BAU";"%";2050;"0.082";"Removed policies";"Diesel"
"OPEX";"Diesel";"FR";"Share Biodiesel";"Tractor-Trailer";"BAU";"%";2050;"0.082";"Removed policies";"Diesel"
"OPEX";"Diesel";"IT";"Share Biodiesel";"Rigid";"BAU";"%";2050;"0.082";"Removed policies";"Diesel"
"OPEX";"Diesel";"IT";"Share Biodiesel";"Tractor-Trailer";"BAU";"%";2050;"0.082";"Removed policies";"Diesel"
"OPEX";"Diesel";"NL";"Share Biodiesel";"Rigid";"BAU";"%";2050;"0.082";"Removed policies";"Diesel"
"OPEX";"Diesel";"NL";"Share Biodiesel";"Tractor-Trailer";"BAU";"%";2050;"0.082";"Removed policies";"Diesel"
"OPEX";"Diesel";"PL";"Share Biodiesel";"Rigid";"BAU";"%";2050;"0.082";"Removed policies";"Diesel"
"OPEX";"Diesel";"PL";"Share Biodiesel";"Tractor-Trailer";"BAU";"%";2050;"0.082";"Removed policies";"Diesel"
"OPEX";"Diesel";"UK";"Share Biodiesel";"Rigid";"BAU";"%";2050;"0.082";"Removed policies";"Diesel"
"OPEX";"Diesel";"UK";"Share Biodiesel";"Tractor-Trailer";"BAU";"%";2050;"0.082";"Removed policies";"Diesel"
"OPEX";"Diesel";"DE";"Share Synthetic Diesel (E-Fuels)";"Rigid";"BAU";"%";2050;"0";"Removed policies";"Diesel"
"OPEX";"Diesel";"DE";"Share Synthetic Diesel (E-Fuels)";"Tractor-Trailer";"BAU";"%";2050;"0";"Removed policies";"Diesel"
"OPEX";"Diesel";"ES";"Share Synthetic Diesel (E-Fuels)";"Rigid";"BAU";"%";2050;"0";"Removed policies";"Diesel"
"OPEX";"Diesel";"ES";"Share Synthetic Diesel (E-Fuels)";"Tractor-Trailer";"BAU";"%";2050;"0";"Removed policies";"Diesel"
"OPEX";"Diesel";"FR";"Share Synthetic Diesel (E-Fuels)";"Rigid";"BAU";"%";2050;"0";"Removed policies";"Diesel"
"OPEX";"Diesel";"FR";"Share Synthetic Diesel (E-Fuels)";"Tractor-Trailer";"BAU";"%";2050;"0";"Removed policies";"Diesel"
"OPEX";"Diesel";"IT";"Share Synthetic Diesel (E-Fuels)";"Rigid";"BAU";"%";2050;"0";"Removed policies";"Diesel"
"OPEX";"Diesel";"IT";"Share Synthetic Diesel (E-Fuels)";"Tractor-Trailer";"BAU";"%";2050;"0";"Removed policies";"Diesel"
"OPEX";"Diesel";"NL";"Share Synthetic Diesel (E-Fuels)";"Rigid";"BAU";"%";2050;"0";"Removed policies";"Diesel"
"OPEX";"Diesel";"NL";"Share Synthetic Diesel (E-Fuels)";"Tractor-Trailer";"BAU";"%";2050;"0";"Removed policies";"Diesel"
"OPEX";"Diesel";"PL";"Share Synthetic Diesel (E-Fuels)";"Rigid";"BAU";"%";2050;"0";"Removed policies";"Diesel"
"OPEX";"Diesel";"PL";"Share Synthetic Diesel (E-Fuels)";"Tractor-Trailer";"BAU";"%";2050;"0";"Removed policies";"Diesel"
"OPEX";"Diesel";"UK";"Share Synthetic Diesel (E-Fuels)";"Rigid";"BAU";"%";2050;"0";"Removed policies";"Diesel"
"OPEX";"Diesel";"UK";"Share Synthetic Diesel (E-Fuels)";"Tractor-Trailer";"BAU";"%";2050;"0";"Removed policies";"Diesel"
"OPEX";"Taxes";"DE";"Network Costs - MCS";"Rigid";"PROG";"EUR/kWh";2030;"0.038";"Sensitivity | Current Policies | Urban depot-only charging";"Electricity"
"OPEX";"Taxes";"DE";"Network Costs - MCS";"Tractor-Trailer";"PROG";"EUR/kWh";2030;"0.038";"Sensitivity | Current Policies | Urban depot-only charging";"Electricity"
"OPEX";"Taxes";"ES";"Network Costs - MCS";"Rigid";"PROG";"EUR/kWh";2030;"0.018";"Sensitivity | Current Policies | Urban depot-only charging";"Electricity"
"OPEX";"Taxes";"ES";"Network Costs - MCS";"Tractor-Trailer";"PROG";"EUR/kWh";2030;"0.018";"Sensitivity | Current Policies | Urban depot-only charging";"Electricity"
"OPEX";"Taxes";"FR";"Network Costs - MCS";"Rigid";"PROG";"EUR/kWh";2030;"0.018";"Sensitivity | Current Policies | Urban depot-only charging";"Electricity"
"OPEX";"Taxes";"FR";"Network Costs - MCS";"Tractor-Trailer";"PROG";"EUR/kWh";2030;"0.018";"Sensitivity | Current Policies | Urban depot-only charging";"Electricity"
"OPEX";"Taxes";"IT";"Network Costs - MCS";"Rigid";"PROG";"EUR/kWh";2030;"0.016";"Sensitivity | Current Policies | Urban depot-only charging";"Electricity"
"OPEX";"Taxes";"IT";"Network Costs - MCS";"Tractor-Trailer";"PROG";"EUR/kWh";2030;"0.016";"Sensitivity | Current Policies | Urban depot-only charging";"Electricity"
"OPEX";"Taxes";"NL";"Network Costs - MCS";"Rigid";"PROG";"EUR/kWh";2030;"0.016";"Sensitivity | Current Policies | Urban depot-only charging";"Electricity"
"OPEX";"Taxes";"NL";"Network Costs - MCS";"Tractor-Trailer";"PROG";"EUR/kWh";2030;"0.016";"Sensitivity | Current Policies | Urban depot-only charging";"Electricity"
"OPEX";"Taxes";"PL";"Network Costs - MCS";"Rigid";"PROG";"EUR/kWh";2030;"0.019";"Sensitivity | Current Policies | Urban depot-only charging";"Electricity"
"OPEX";"Taxes";"PL";"Network Costs - MCS";"Tractor-Trailer";"PROG";"EUR/kWh";2030;"0.019";"Sensitivity | Current Policies | Urban depot-only charging";"Electricity"
"OPEX";"Taxes";"UK";"Network Costs - MCS";"Rigid";"PROG";"EUR/kWh";2030;"0.027";"Sensitivity | Current Policies | Urban depot-only charging";"Electricity"
"OPEX";"Taxes";"UK";"Network Costs - MCS";"Tractor-Trailer";"PROG";"EUR/kWh";2030;"0.027";"Sensitivity | Current Policies | Urban depot-only charging";"Electricity"
"OPEX";"Taxes";"DE";"Taxes, Fees, Levies and charges - MCS";"Rigid";"PROG";"EUR/kWh";2030;"0.073";"Sensitivity | Current Policies | Urban depot-only charging";"Electricity"
"OPEX";"Taxes";"DE";"Taxes, Fees, Levies and charges - MCS";"Tractor-Trailer";"PROG";"EUR/kWh";2030;"0.073";"Sensitivity | Current Policies | Urban depot-only charging";"Electricity"
"OPEX";"Taxes";"ES";"Taxes, Fees, Levies and charges - MCS";"Rigid";"PROG";"EUR/kWh";2030;"0.036";"Sensitivity | Current Policies | Urban depot-only charging";"Electricity"
"OPEX";"Taxes";"ES";"Taxes, Fees, Levies and charges - MCS";"Tractor-Trailer";"PROG";"EUR/kWh";2030;"0.036";"Sensitivity | Current Policies | Urban depot-only charging";"Electricity"
"OPEX";"Taxes";"FR";"Taxes, Fees, Levies and charges - MCS";"Rigid";"PROG";"EUR/kWh";2030;"0.03";"Sensitivity | Current Policies | Urban depot-only charging";"Electricity"
"OPEX";"Taxes";"FR";"Taxes, Fees, Levies and charges - MCS";"Tractor-Trailer";"PROG";"EUR/kWh";2030;"0.03";"Sensitivity | Current Policies | Urban depot-only charging";"Electricity"
"OPEX";"Taxes";"IT";"Taxes, Fees, Levies and charges - MCS";"Rigid";"PROG";"EUR/kWh";2030;"0.063";"Sensitivity | Current Policies | Urban depot-only charging";"Electricity"
"OPEX";"Taxes";"IT";"Taxes, Fees, Levies and charges - MCS";"Tractor-Trailer";"PROG";"EUR/kWh";2030;"0.063";"Sensitivity | Current Policies | Urban depot-only charging";"Electricity"
"OPEX";"Taxes";"NL";"Taxes, Fees, Levies and charges - MCS";"Rigid";"PROG";"EUR/kWh";2030;"0.055";"Sensitivity | Current Policies | Urban depot-only charging";"Electricity"
"OPEX";"Taxes";"NL";"Taxes, Fees, Levies and charges - MCS";"Tractor-Trailer";"PROG";"EUR/kWh";2030;"0.055";"Sensitivity | Current Policies | Urban depot-only charging";"Electricity"
"OPEX";"Taxes";"PL";"Taxes, Fees, Levies and charges - MCS";"Rigid";"PROG";"EUR/kWh";2030;"0.049";"Sensitivity | Current Policies | Urban depot-only charging";"Electricity"
"OPEX";"Taxes";"PL";"Taxes, Fees, Levies and charges - MCS";"Tractor-Trailer";"PROG";"EUR/kWh";2030;"0.049";"Sensitivity | Current Policies | Urban depot-only charging";"Electricity"
"OPEX";"Taxes";"UK";"Taxes, Fees, Levies and charges - MCS";"Rigid";"PROG";"EUR/kWh";2030;"0.077";"Sensitivity | Current Policies | Urban depot-only charging";"Electricity"
"OPEX";"Taxes";"UK";"Taxes, Fees, Levies and charges - MCS";"Tractor-Trailer";"PROG";"EUR/kWh";2030;"0.077";"Sensitivity | Current Policies | Urban depot-only charging";"Electricity"
"OPEX";"Taxes";"DE";"Network Costs - Depot";"Rigid";"PROG";"EUR/kWh";2030;"0.044";"Sensitivity | Current Policies | Urban depot-only charging";"Electricity"
"OPEX";"Taxes";"DE";"Network Costs - Depot";"Tractor-Trailer";"PROG";"EUR/kWh";2030;"0.044";"Sensitivity | Current Policies | Urban depot-only charging";"Electricity"
"OPEX";"Taxes";"ES";"Network Costs - Depot";"Rigid";"PROG";"EUR/kWh";2030;"0.031";"Sensitivity | Current Policies | Urban depot-only charging";"Electricity"
"OPEX";"Taxes";"ES";"Network Costs - Depot";"Tractor-Trailer";"PROG";"EUR/kWh";2030;"0.031";"Sensitivity | Current Policies | Urban depot-only charging";"Electricity"
"OPEX";"Taxes";"FR";"Network Costs - Depot";"Rigid";"PROG";"EUR/kWh";2030;"0.024";"Sensitivity | Current Policies | Urban depot-only charging";"Electricity"
"OPEX";"Taxes";"FR";"Network Costs - Depot";"Tractor-Trailer";"PROG";"EUR/kWh";2030;"0.024";"Sensitivity | Current Policies | Urban depot-only charging";"Electricity"
"OPEX";"Taxes";"IT";"Network Costs - Depot";"Rigid";"PROG";"EUR/kWh";2030;"0.018";"Sensitivity | Current Policies | Urban depot-only charging";"Electricity"
"OPEX";"Taxes";"IT";"Network Costs - Depot";"Tractor-Trailer";"PROG";"EUR/kWh";2030;"0.018";"Sensitivity | Current Policies | Urban depot-only charging";"Electricity"
"OPEX";"Taxes";"NL";"Network Costs - Depot";"Rigid";"PROG";"EUR/kWh";2030;"0.019";"Sensitivity | Current Policies | Urban depot-only charging";"Electricity"
"OPEX";"Taxes";"NL";"Network Costs - Depot";"Tractor-Trailer";"PROG";"EUR/kWh";2030;"0.019";"Sensitivity | Current Policies | Urban depot-only charging";"Electricity"
"OPEX";"Taxes";"PL";"Network Costs - Depot";"Rigid";"PROG";"EUR/kWh";2030;"0.026";"Sensitivity | Current Policies | Urban depot-only charging";"Electricity"
"OPEX";"Taxes";"PL";"Network Costs - Depot";"Tractor-Trailer";"PROG";"EUR/kWh";2030;"0.026";"Sensitivity | Current Policies | Urban depot-only charging";"Electricity"
"OPEX";"Taxes";"UK";"Network Costs - Depot";"Rigid";"PROG";"EUR/kWh";2030;"0.029";"Sensitivity | Current Policies | Urban depot-only charging";"Electricity"
"OPEX";"Taxes";"UK";"Network Costs - Depot";"Tractor-Trailer";"PROG";"EUR/kWh";2030;"0.029";"Sensitivity | Current Policies | Urban depot-only charging";"Electricity"
"OPEX";"Taxes";"DE";"Taxes, Fees, Levies and charges - Depot";"Rigid";"PROG";"EUR/kWh";2030;"0.062";"Sensitivity | Current Policies | Urban depot-only charging";"Electricity"
"OPEX";"Taxes";"DE";"Taxes, Fees, Levies and charges - Depot";"Tractor-Trailer";"PROG";"EUR/kWh";2030;"0.062";"Sensitivity | Current Policies | Urban depot-only charging";"Electricity"
"OPEX";"Taxes";"ES";"Taxes, Fees, Levies and charges - Depot";"Rigid";"PROG";"EUR/kWh";2030;"0.054";"Sensitivity | Current Policies | Urban depot-only charging";"Electricity"
"OPEX";"Taxes";"ES";"Taxes, Fees, Levies and charges - Depot";"Tractor-Trailer";"PROG";"EUR/kWh";2030;"0.054";"Sensitivity | Current Policies | Urban depot-only charging";"Electricity"
"OPEX";"Taxes";"FR";"Taxes, Fees, Levies and charges - Depot";"Rigid";"PROG";"EUR/kWh";2030;"0.04";"Sensitivity | Current Policies | Urban depot-only charging";"Electricity"
"OPEX";"Taxes";"FR";"Taxes, Fees, Levies and charges - Depot";"Tractor-Trailer";"PROG";"EUR/kWh";2030;"0.04";"Sensitivity | Current Policies | Urban depot-only charging";"Electricity"
"OPEX";"Taxes";"IT";"Taxes, Fees, Levies and charges - Depot";"Rigid";"PROG";"EUR/kWh";2030;"0.088";"Sensitivity | Current Policies | Urban depot-only charging";"Electricity"
"OPEX";"Taxes";"IT";"Taxes, Fees, Levies and charges - Depot";"Tractor-Trailer";"PROG";"EUR/kWh";2030;"0.088";"Sensitivity | Current Policies | Urban depot-only charging";"Electricity"
"OPEX";"Taxes";"NL";"Taxes, Fees, Levies and charges - Depot";"Rigid";"PROG";"EUR/kWh";2030;"0.058";"Sensitivity | Current Policies | Urban depot-only charging";"Electricity"
"OPEX";"Taxes";"NL";"Taxes, Fees, Levies and charges - Depot";"Tractor-Trailer";"PROG";"EUR/kWh";2030;"0.058";"Sensitivity | Current Policies | Urban depot-only charging";"Electricity"
"OPEX";"Taxes";"PL";"Taxes, Fees, Levies and charges - Depot";"Rigid";"PROG";"EUR/kWh";2030;"0.053";"Sensitivity | Current Policies | Urban depot-only charging";"Electricity"
"OPEX";"Taxes";"PL";"Taxes, Fees, Levies and charges - Depot";"Tractor-Trailer";"PROG";"EUR/kWh";2030;"0.053";"Sensitivity | Current Policies | Urban depot-only charging";"Electricity"
"OPEX";"Taxes";"UK";"Taxes, Fees, Levies and charges - Depot";"Rigid";"PROG";"EUR/kWh";2030;"0.086";"Sensitivity | Current Policies | Urban depot-only charging";"Electricity"
"OPEX";"Taxes";"UK";"Taxes, Fees, Levies and charges - Depot";"Tractor-Trailer";"PROG";"EUR/kWh";2030;"0.086";"Sensitivity | Current Policies | Urban depot-only charging";"Electricity"
"OPEX";"H2 Infrastructure";"DE";"HRS costs";"Rigid";"PROG";"EUR/kg H2";2030;"1.1";"Sensitivity | Current Policies | Urban depot-only charging";"Hydrogen"
"OPEX";"H2 Infrastructure";"DE";"HRS costs";"Tractor-Trailer";"PROG";"EUR/kg H2";2030;"1.1";"Sensitivity | Current Policies | Urban depot-only charging";"Hydrogen"
"OPEX";"H2 Infrastructure";"ES";"HRS costs";"Rigid";"PROG";"EUR/kg H2";2030;"1.1";"Sensitivity | Current Policies | Urban depot-only charging";"Hydrogen"
"OPEX";"H2 Infrastructure";"ES";"HRS costs";"Tractor-Trailer";"PROG";"EUR/kg H2";2030;"1.1";"Sensitivity | Current Policies | Urban depot-only charging";"Hydrogen"
"OPEX";"H2 Infrastructure";"FR";"HRS costs";"Rigid";"PROG";"EUR/kg H2";2030;"1.1";"Sensitivity | Current Policies | Urban depot-only charging";"Hydrogen"
"OPEX";"H2 Infrastructure";"FR";"HRS costs";"Tractor-Trailer";"PROG";"EUR/kg H2";2030;"1.1";"Sensitivity | Current Policies | Urban depot-only charging";"Hydrogen"
"OPEX";"H2 Infrastructure";"IT";"HRS costs";"Rigid";"PROG";"EUR/kg H2";2030;"1.1";"Sensitivity | Current Policies | Urban depot-only charging";"Hydrogen"
"OPEX";"H2 Infrastructure";"IT";"HRS costs";"Tractor-Trailer";"PROG";"EUR/kg H2";2030;"1.1";"Sensitivity | Current Policies | Urban depot-only charging";"Hydrogen"
"OPEX";"H2 Infrastructure";"NL";"HRS costs";"Rigid";"PROG";"EUR/kg H2";2030;"1.1";"Sensitivity | Current Policies | Urban depot-only charging";"Hydrogen"
"OPEX";"H2 Infrastructure";"NL";"HRS costs";"Tractor-Trailer";"PROG";"EUR/kg H2";2030;"1.1";"Sensitivity | Current Policies | Urban depot-only charging";"Hydrogen"
"OPEX";"H2 Infrastructure";"PL";"HRS costs";"Rigid";"PROG";"EUR/kg H2";2030;"1.1";"Sensitivity | Current Policies | Urban depot-only charging";"Hydrogen"
"OPEX";"H2 Infrastructure";"PL";"HRS costs";"Tractor-Trailer";"PROG";"EUR/kg H2";2030;"1.1";"Sensitivity | Current Policies | Urban depot-only charging";"Hydrogen"
"OPEX";"H2 Infrastructure";"UK";"HRS costs";"Rigid";"PROG";"EUR/kg H2";2030;"1.1";"Sensitivity | Current Policies | Urban depot-only charging";"Hydrogen"
"OPEX";"H2 Infrastructure";"UK";"HRS costs";"Tractor-Trailer";"PROG";"EUR/kg H2";2030;"1.1";"Sensitivity | Current Policies | Urban depot-only charging";"Hydrogen"
"OPEX";"H2 Infrastructure";"DE";"H2 transport and distribution";"Rigid";"PROG";"EUR/kg H2";2030;"1";"Sensitivity | Current Policies | Urban depot-only charging";"Hydrogen"
"OPEX";"H2 Infrastructure";"DE";"H2 transport and distribution";"Tractor-Trailer";"PROG";"EUR/kg H2";2030;"1";"Sensitivity | Current Policies | Urban depot-only charging";"Hydrogen"
"OPEX";"H2 Infrastructure";"ES";"H2 transport and distribution";"Rigid";"PROG";"EUR/kg H2";2030;"1";"Sensitivity | Current Policies | Urban depot-only charging";"Hydrogen"
"OPEX";"H2 Infrastructure";"ES";"H2 transport and distribution";"Tractor-Trailer";"PROG";"EUR/kg H2";2030;"1";"Sensitivity | Current Policies | Urban depot-only charging";"Hydrogen"
"OPEX";"H2 Infrastructure";"FR";"H2 transport and distribution";"Rigid";"PROG";"EUR/kg H2";2030;"1";"Sensitivity | Current Policies | Urban depot-only charging";"Hydrogen"
"OPEX";"H2 Infrastructure";"FR";"H2 transport and distribution";"Tractor-Trailer";"PROG";"EUR/kg H2";2030;"1";"Sensitivity | Current Policies | Urban depot-only charging";"Hydrogen"
"OPEX";"H2 Infrastructure";"IT";"H2 transport and distribution";"Rigid";"PROG";"EUR/kg H2";2030;"1";"Sensitivity | Current Policies | Urban depot-only charging";"Hydrogen"
"OPEX";"H2 Infrastructure";"IT";"H2 transport and distribution";"Tractor-Trailer";"PROG";"EUR/kg H2";2030;"1";"Sensitivity | Current Policies | Urban depot-only charging";"Hydrogen"
"OPEX";"H2 Infrastructure";"NL";"H2 transport and distribution";"Rigid";"PROG";"EUR/kg H2";2030;"1";"Sensitivity | Current Policies | Urban depot-only charging";"Hydrogen"
"OPEX";"H2 Infrastructure";"NL";"H2 transport and distribution";"Tractor-Trailer";"PROG";"EUR/kg H2";2030;"1";"Sensitivity | Current Policies | Urban depot-only charging";"Hydrogen"
"OPEX";"H2 Infrastructure";"PL";"H2 transport and distribution";"Rigid";"PROG";"EUR/kg H2";2030;"1";"Sensitivity | Current Policies | Urban depot-only charging";"Hydrogen"
"OPEX";"H2 Infrastructure";"PL";"H2 transport and distribution";"Tractor-Trailer";"PROG";"EUR/kg H2";2030;"1";"Sensitivity | Current Policies | Urban depot-only charging";"Hydrogen"
"OPEX";"H2 Infrastructure";"UK";"H2 transport and distribution";"Rigid";"PROG";"EUR/kg H2";2030;"1";"Sensitivity | Current Policies | Urban depot-only charging";"Hydrogen"
"OPEX";"H2 Infrastructure";"UK";"H2 transport and distribution";"Tractor-Trailer";"PROG";"EUR/kg H2";2030;"1";"Sensitivity | Current Policies | Urban depot-only charging";"Hydrogen"
"OPEX";"H2 Infrastructure";"DE";"HRS Overhead, Profit and Mark-Up";"Rigid";"PROG";"EUR/kg H2";2030;"0.25";"Sensitivity | Current Policies | Urban depot-only charging";"Hydrogen"
"OPEX";"H2 Infrastructure";"DE";"HRS Overhead, Profit and Mark-Up";"Tractor-Trailer";"PROG";"EUR/kg H2";2030;"0.25";"Sensitivity | Current Policies | Urban depot-only charging";"Hydrogen"
"OPEX";"H2 Infrastructure";"ES";"HRS Overhead, Profit and Mark-Up";"Rigid";"PROG";"EUR/kg H2";2030;"0.25";"Sensitivity | Current Policies | Urban depot-only charging";"Hydrogen"
"OPEX";"H2 Infrastructure";"ES";"HRS Overhead, Profit and Mark-Up";"Tractor-Trailer";"PROG";"EUR/kg H2";2030;"0.25";"Sensitivity | Current Policies | Urban depot-only charging";"Hydrogen"
"OPEX";"H2 Infrastructure";"FR";"HRS Overhead, Profit and Mark-Up";"Rigid";"PROG";"EUR/kg H2";2030;"0.25";"Sensitivity | Current Policies | Urban depot-only charging";"Hydrogen"
"OPEX";"H2 Infrastructure";"FR";"HRS Overhead, Profit and Mark-Up";"Tractor-Trailer";"PROG";"EUR/kg H2";2030;"0.25";"Sensitivity | Current Policies | Urban depot-only charging";"Hydrogen"
"OPEX";"H2 Infrastructure";"IT";"HRS Overhead, Profit and Mark-Up";"Rigid";"PROG";"EUR/kg H2";2030;"0.25";"Sensitivity | Current Policies | Urban depot-only charging";"Hydrogen"
"OPEX";"H2 Infrastructure";"IT";"HRS Overhead, Profit and Mark-Up";"Tractor-Trailer";"PROG";"EUR/kg H2";2030;"0.25";"Sensitivity | Current Policies | Urban depot-only charging";"Hydrogen"
"OPEX";"H2 Infrastructure";"NL";"HRS Overhead, Profit and Mark-Up";"Rigid";"PROG";"EUR/kg H2";2030;"0.25";"Sensitivity | Current Policies | Urban depot-only charging";"Hydrogen"
"OPEX";"H2 Infrastructure";"NL";"HRS Overhead, Profit and Mark-Up";"Tractor-Trailer";"PROG";"EUR/kg H2";2030;"0.25";"Sensitivity | Current Policies | Urban depot-only charging";"Hydrogen"
"OPEX";"H2 Infrastructure";"PL";"HRS Overhead, Profit and Mark-Up";"Rigid";"PROG";"EUR/kg H2";2030;"0.25";"Sensitivity | Current Policies | Urban depot-only charging";"Hydrogen"
"OPEX";"H2 Infrastructure";"PL";"HRS Overhead, Profit and Mark-Up";"Tractor-Trailer";"PROG";"EUR/kg H2";2030;"0.25";"Sensitivity | Current Policies | Urban depot-only charging";"Hydrogen"
"OPEX";"H2 Infrastructure";"UK";"HRS Overhead, Profit and Mark-Up";"Rigid";"PROG";"EUR/kg H2";2030;"0.25";"Sensitivity | Current Policies | Urban depot-only charging";"Hydrogen"
"OPEX";"H2 Infrastructure";"UK";"HRS Overhead, Profit and Mark-Up";"Tractor-Trailer";"PROG";"EUR/kg H2";2030;"0.25";"Sensitivity | Current Policies | Urban depot-only charging";"Hydrogen"
"OPEX";"Charging Infrastructure";"DE";"MCS Station (Public Charging) - Incl. Overhead";"Rigid";"PROG";"EUR/kWh";2030;"0.053";"Sensitivity | Current Policies | Urban depot-only charging";"Electricity"
"OPEX";"Charging Infrastructure";"DE";"MCS Station (Public Charging) - Incl. Overhead";"Tractor-Trailer";"PROG";"EUR/kWh";2030;"0.053";"Sensitivity | Current Policies | Urban depot-only charging";"Electricity"
"OPEX";"Charging Infrastructure";"ES";"MCS Station (Public Charging) - Incl. Overhead";"Rigid";"PROG";"EUR/kWh";2030;"0.053";"Sensitivity | Current Policies | Urban depot-only charging";"Electricity"
"OPEX";"Charging Infrastructure";"ES";"MCS Station (Public Charging) - Incl. Overhead";"Tractor-Trailer";"PROG";"EUR/kWh";2030;"0.053";"Sensitivity | Current Policies | Urban depot-only charging";"Electricity"
"OPEX";"Charging Infrastructure";"FR";"MCS Station (Public Charging) - Incl. Overhead";"Rigid";"PROG";"EUR/kWh";2030;"0.053";"Sensitivity | Current Policies | Urban depot-only charging";"Electricity"
"OPEX";"Charging Infrastructure";"FR";"MCS Station (Public Charging) - Incl. Overhead";"Tractor-Trailer";"PROG";"EUR/kWh";2030;"0.053";"Sensitivity | Current Policies | Urban depot-only charging";"Electricity"
"OPEX";"Charging Infrastructure";"IT";"MCS Station (Public Charging) - Incl. Overhead";"Rigid";"PROG";"EUR/kWh";2030;"0.053";"Sensitivity | Current Policies | Urban depot-only charging";"Electricity"
"OPEX";"Charging Infrastructure";"IT";"MCS Station (Public Charging) - Incl. Overhead";"Tractor-Trailer";"PROG";"EUR/kWh";2030;"0.053";"Sensitivity | Current Policies | Urban depot-only charging";"Electricity"
"OPEX";"Charging Infrastructure";"NL";"MCS Station (Public Charging) - Incl. Overhead";"Rigid";"PROG";"EUR/kWh";2030;"0.053";"Sensitivity | Current Policies | Urban depot-only charging";"Electricity"
"OPEX";"Charging Infrastructure";"NL";"MCS Station (Public Charging) - Incl. Overhead";"Tractor-Trailer";"PROG";"EUR/kWh";2030;"0.053";"Sensitivity | Current Policies | Urban depot-only charging";"Electricity"
"OPEX";"Charging Infrastructure";"PL";"MCS Station (Public Charging) - Incl. Overhead";"Rigid";"PROG";"EUR/kWh";2030;"0.053";"Sensitivity | Current Policies | Urban depot-only charging";"Electricity"
"OPEX";"Charging Infrastructure";"PL";"MCS Station (Public Charging) - Incl. Overhead";"Tractor-Trailer";"PROG";"EUR/kWh";2030;"0.053";"Sensitivity | Current Policies | Urban depot-only charging";"Electricity"
"OPEX";"Charging Infrastructure";"UK";"MCS Station (Public Charging) - Incl. Overhead";"Rigid";"PROG";"EUR/kWh";2030;"0.053";"Sensitivity | Current Policies | Urban depot-only charging";"Electricity"
"OPEX";"Charging Infrastructure";"UK";"MCS Station (Public Charging) - Incl. Overhead";"Tractor-Trailer";"PROG";"EUR/kWh";2030;"0.053";"Sensitivity | Current Policies | Urban depot-only charging";"Electricity"
"OPEX";"Charging Infrastructure";"DE";"Share MCS-Charging";"Rigid";"PROG";"%";2030;"0";"Sensitivity | Current Policies | Urban depot-only charging";"Electricity"
"OPEX";"Charging Infrastructure";"DE";"Share MCS-Charging";"Tractor-Trailer";"PROG";"%";2030;"0";"Sensitivity | Current Policies | Urban depot-only charging";"Electricity"
"OPEX";"Charging Infrastructure";"ES";"Share MCS-Charging";"Rigid";"PROG";"%";2030;"0";"Sensitivity | Current Policies | Urban depot-only charging";"Electricity"
"OPEX";"Charging Infrastructure";"ES";"Share MCS-Charging";"Tractor-Trailer";"PROG";"%";2030;"0";"Sensitivity | Current Policies | Urban depot-only charging";"Electricity"
"OPEX";"Charging Infrastructure";"FR";"Share MCS-Charging";"Rigid";"PROG";"%";2030;"0";"Sensitivity | Current Policies | Urban depot-only charging";"Electricity"
"OPEX";"Charging Infrastructure";"FR";"Share MCS-Charging";"Tractor-Trailer";"PROG";"%";2030;"0";"Sensitivity | Current Policies | Urban depot-only charging";"Electricity"
"OPEX";"Charging Infrastructure";"IT";"Share MCS-Charging";"Rigid";"PROG";"%";2030;"0";"Sensitivity | Current Policies | Urban depot-only charging";"Electricity"
"OPEX";"Charging Infrastructure";"IT";"Share MCS-Charging";"Tractor-Trailer";"PROG";"%";2030;"0";"Sensitivity | Current Policies | Urban depot-only charging";"Electricity"
"OPEX";"Charging Infrastructure";"NL";"Share MCS-Charging";"Rigid";"PROG";"%";2030;"0";"Sensitivity | Current Policies | Urban depot-only charging";"Electricity"
"OPEX";"Charging Infrastructure";"NL";"Share MCS-Charging";"Tractor-Trailer";"PROG";"%";2030;"0";"Sensitivity | Current Policies | Urban depot-only charging";"Electricity"
"OPEX";"Charging Infrastructure";"PL";"Share MCS-Charging";"Rigid";"PROG";"%";2030;"0";"Sensitivity | Current Policies | Urban depot-only charging";"Electricity"
"OPEX";"Charging Infrastructure";"PL";"Share MCS-Charging";"Tractor-Trailer";"PROG";"%";2030;"0";"Sensitivity | Current Policies | Urban depot-only charging";"Electricity"
"OPEX";"Charging Infrastructure";"UK";"Share MCS-Charging";"Rigid";"PROG";"%";2030;"0";"Sensitivity | Current Policies | Urban depot-only charging";"Electricity"
"OPEX";"Charging Infrastructure";"UK";"Share MCS-Charging";"Tractor-Trailer";"PROG";"%";2030;"0";"Sensitivity | Current Policies | Urban depot-only charging";"Electricity"
"OPEX";"Charging Infrastructure";"DE";"Depot - Network fees savings potential";"Rigid";"PROG";"EUR/kWh";2030;"-0.01";"Sensitivity | Current Policies | Urban depot-only charging";"Electricity"
"OPEX";"Charging Infrastructure";"DE";"Depot - Network fees savings potential";"Tractor-Trailer";"PROG";"EUR/kWh";2030;"-0.01";"Sensitivity | Current Policies | Urban depot-only charging";"Electricity"
"OPEX";"Charging Infrastructure";"ES";"Depot - Network fees savings potential";"Rigid";"PROG";"EUR/kWh";2030;"-0.01";"Sensitivity | Current Policies | Urban depot-only charging";"Electricity"
"OPEX";"Charging Infrastructure";"ES";"Depot - Network fees savings potential";"Tractor-Trailer";"PROG";"EUR/kWh";2030;"-0.01";"Sensitivity | Current Policies | Urban depot-only charging";"Electricity"
"OPEX";"Charging Infrastructure";"FR";"Depot - Network fees savings potential";"Rigid";"PROG";"EUR/kWh";2030;"-0.01";"Sensitivity | Current Policies | Urban depot-only charging";"Electricity"
"OPEX";"Charging Infrastructure";"FR";"Depot - Network fees savings potential";"Tractor-Trailer";"PROG";"EUR/kWh";2030;"-0.01";"Sensitivity | Current Policies | Urban depot-only charging";"Electricity"
"OPEX";"Charging Infrastructure";"IT";"Depot - Network fees savings potential";"Rigid";"PROG";"EUR/kWh";2030;"-0.01";"Sensitivity | Current Policies | Urban depot-only charging";"Electricity"
"OPEX";"Charging Infrastructure";"IT";"Depot - Network fees savings potential";"Tractor-Trailer";"PROG";"EUR/kWh";2030;"-0.01";"Sensitivity | Current Policies | Urban depot-only charging";"Electricity"
"OPEX";"Charging Infrastructure";"NL";"Depot - Network fees savings potential";"Rigid";"PROG";"EUR/kWh";2030;"-0.01";"Sensitivity | Current Policies | Urban depot-only charging";"Electricity"
"OPEX";"Charging Infrastructure";"NL";"Depot - Network fees savings potential";"Tractor-Trailer";"PROG";"EUR/kWh";2030;"-0.01";"Sensitivity | Current Policies | Urban depot-only charging";"Electricity"
"OPEX";"Charging Infrastructure";"PL";"Depot - Network fees savings potential";"Rigid";"PROG";"EUR/kWh";2030;"-0.01";"Sensitivity | Current Policies | Urban depot-only charging";"Electricity"
"OPEX";"Charging Infrastructure";"PL";"Depot - Network fees savings potential";"Tractor-Trailer";"PROG";"EUR/kWh";2030;"-0.01";"Sensitivity | Current Policies | Urban depot-only charging";"Electricity"
"OPEX";"Charging Infrastructure";"UK";"Depot - Network fees savings potential";"Rigid";"PROG";"EUR/kWh";2030;"-0.01";"Sensitivity | Current Policies | Urban depot-only charging";"Electricity"
"OPEX";"Charging Infrastructure";"UK";"Depot - Network fees savings potential";"Tractor-Trailer";"PROG";"EUR/kWh";2030;"-0.01";"Sensitivity | Current Policies | Urban depot-only charging";"Electricity"
"OPEX";"Taxes";"DE";"Tax reduction";"Rigid";"PROG";"%";2030;"-1";"Sensitivity | Current Policies | Urban depot-only charging";"Hydrogen"
"OPEX";"Taxes";"DE";"Tax reduction";"Tractor-Trailer";"PROG";"%";2030;"-1";"Sensitivity | Current Policies | Urban depot-only charging";"Hydrogen"
"OPEX";"Taxes";"ES";"Tax reduction";"Rigid";"PROG";"%";2030;"-1";"Sensitivity | Current Policies | Urban depot-only charging";"Hydrogen"
"OPEX";"Taxes";"ES";"Tax reduction";"Tractor-Trailer";"PROG";"%";2030;"-1";"Sensitivity | Current Policies | Urban depot-only charging";"Hydrogen"
"OPEX";"Taxes";"FR";"Tax reduction";"Rigid";"PROG";"%";2030;"-1";"Sensitivity | Current Policies | Urban depot-only charging";"Hydrogen"
"OPEX";"Taxes";"FR";"Tax reduction";"Tractor-Trailer";"PROG";"%";2030;"-1";"Sensitivity | Current Policies | Urban depot-only charging";"Hydrogen"
"OPEX";"Taxes";"IT";"Tax reduction";"Rigid";"PROG";"%";2030;"-1";"Sensitivity | Current Policies | Urban depot-only charging";"Hydrogen"
"OPEX";"Taxes";"IT";"Tax reduction";"Tractor-Trailer";"PROG";"%";2030;"-1";"Sensitivity | Current Policies | Urban depot-only charging";"Hydrogen"
"OPEX";"Taxes";"NL";"Tax reduction";"Rigid";"PROG";"%";2030;"-1";"Sensitivity | Current Policies | Urban depot-only charging";"Hydrogen"
"OPEX";"Taxes";"NL";"Tax reduction";"Tractor-Trailer";"PROG";"%";2030;"-1";"Sensitivity | Current Policies | Urban depot-only charging";"Hydrogen"
"OPEX";"Taxes";"PL";"Tax reduction";"Rigid";"PROG";"%";2030;"-1";"Sensitivity | Current Policies | Urban depot-only charging";"Hydrogen"
"OPEX";"Taxes";"PL";"Tax reduction";"Tractor-Trailer";"PROG";"%";2030;"-1";"Sensitivity | Current Policies | Urban depot-only charging";"Hydrogen"
"OPEX";"Taxes";"UK";"Tax reduction";"Rigid";"PROG";"%";2030;"-1";"Sensitivity | Current Policies | Urban depot-only charging";"Hydrogen"
"OPEX";"Taxes";"UK";"Tax reduction";"Tractor-Trailer";"PROG";"%";2030;"-1";"Sensitivity | Current Policies | Urban depot-only charging";"Hydrogen"
"OPEX";"Taxes";"DE";"Excise Duty - Diesel";"Rigid";"BAU";"EUR/kWh";2030;"0.047";"Sensitivity | Current Policies | Urban depot-only charging";"Diesel"
"OPEX";"Taxes";"DE";"Excise Duty - Diesel";"Tractor-Trailer";"BAU";"EUR/kWh";2030;"0.047";"Sensitivity | Current Policies | Urban depot-only charging";"Diesel"
"OPEX";"Taxes";"DE";"Excise Duty - Diesel";"Rigid";"PROG";"EUR/kWh";2030;"0.047";"Sensitivity | Current Policies | Urban depot-only charging";"Diesel"
"OPEX";"Taxes";"DE";"Excise Duty - Diesel";"Tractor-Trailer";"PROG";"EUR/kWh";2030;"0.047";"Sensitivity | Current Policies | Urban depot-only charging";"Diesel"
"OPEX";"Taxes";"ES";"Excise Duty - Diesel";"Rigid";"BAU";"EUR/kWh";2030;"0.038";"Sensitivity | Current Policies | Urban depot-only charging";"Diesel"
"OPEX";"Taxes";"ES";"Excise Duty - Diesel";"Tractor-Trailer";"BAU";"EUR/kWh";2030;"0.038";"Sensitivity | Current Policies | Urban depot-only charging";"Diesel"
"OPEX";"Taxes";"ES";"Excise Duty - Diesel";"Rigid";"PROG";"EUR/kWh";2030;"0.038";"Sensitivity | Current Policies | Urban depot-only charging";"Diesel"
"OPEX";"Taxes";"ES";"Excise Duty - Diesel";"Tractor-Trailer";"PROG";"EUR/kWh";2030;"0.038";"Sensitivity | Current Policies | Urban depot-only charging";"Diesel"
"OPEX";"Taxes";"FR";"Excise Duty - Diesel";"Rigid";"BAU";"EUR/kWh";2030;"0.06";"Sensitivity | Current Policies | Urban depot-only charging";"Diesel"
"OPEX";"Taxes";"FR";"Excise Duty - Diesel";"Tractor-Trailer";"BAU";"EUR/kWh";2030;"0.06";"Sensitivity | Current Policies | Urban depot-only charging";"Diesel"
"OPEX";"Taxes";"FR";"Excise Duty - Diesel";"Rigid";"PROG";"EUR/kWh";2030;"0.06";"Sensitivity | Current Policies | Urban depot-only charging";"Diesel"
"OPEX";"Taxes";"FR";"Excise Duty - Diesel";"Tractor-Trailer";"PROG";"EUR/kWh";2030;"0.06";"Sensitivity | Current Policies | Urban depot-only charging";"Diesel"
"OPEX";"Taxes";"IT";"Excise Duty - Diesel";"Rigid";"BAU";"EUR/kWh";2030;"0.062";"Sensitivity | Current Policies | Urban depot-only charging";"Diesel"
"OPEX";"Taxes";"IT";"Excise Duty - Diesel";"Tractor-Trailer";"BAU";"EUR/kWh";2030;"0.062";"Sensitivity | Current Policies | Urban depot-only charging";"Diesel"
"OPEX";"Taxes";"IT";"Excise Duty - Diesel";"Rigid";"PROG";"EUR/kWh";2030;"0.062";"Sensitivity | Current Policies | Urban depot-only charging";"Diesel"
"OPEX";"Taxes";"IT";"Excise Duty - Diesel";"Tractor-Trailer";"PROG";"EUR/kWh";2030;"0.062";"Sensitivity | Current Policies | Urban depot-only charging";"Diesel"
"OPEX";"Taxes";"NL";"Excise Duty - Diesel";"Rigid";"BAU";"EUR/kWh";2030;"0.053";"Sensitivity | Current Policies | Urban depot-only charging";"Diesel"
"OPEX";"Taxes";"NL";"Excise Duty - Diesel";"Tractor-Trailer";"BAU";"EUR/kWh";2030;"0.053";"Sensitivity | Current Policies | Urban depot-only charging";"Diesel"
"OPEX";"Taxes";"NL";"Excise Duty - Diesel";"Rigid";"PROG";"EUR/kWh";2030;"0.053";"Sensitivity | Current Policies | Urban depot-only charging";"Diesel"
"OPEX";"Taxes";"NL";"Excise Duty - Diesel";"Tractor-Trailer";"PROG";"EUR/kWh";2030;"0.053";"Sensitivity | Current Policies | Urban depot-only charging";"Diesel"
"OPEX";"Taxes";"PL";"Excise Duty - Diesel";"Rigid";"BAU";"EUR/kWh";2030;"0.033";"Sensitivity | Current Policies | Urban depot-only charging";"Diesel"
"OPEX";"Taxes";"PL";"Excise Duty - Diesel";"Tractor-Trailer";"BAU";"EUR/kWh";2030;"0.033";"Sensitivity | Current Policies | Urban depot-only charging";"Diesel"
"OPEX";"Taxes";"PL";"Excise Duty - Diesel";"Rigid";"PROG";"EUR/kWh";2030;"0.033";"Sensitivity | Current Policies | Urban depot-only charging";"Diesel"
"OPEX";"Taxes";"PL";"Excise Duty - Diesel";"Tractor-Trailer";"PROG";"EUR/kWh";2030;"0.033";"Sensitivity | Current Policies | Urban depot-only charging";"Diesel"
"OPEX";"Taxes";"UK";"Excise Duty - Diesel";"Rigid";"BAU";"EUR/kWh";2030;"0.053";"Sensitivity | Current Policies | Urban depot-only charging";"Diesel"
"OPEX";"Taxes";"UK";"Excise Duty - Diesel";"Tractor-Trailer";"BAU";"EUR/kWh";2030;"0.053";"Sensitivity | Current Policies | Urban depot-only charging";"Diesel"
"OPEX";"Taxes";"UK";"Excise Duty - Diesel";"Rigid";"PROG";"EUR/kWh";2030;"0.053";"Sensitivity | Current Policies | Urban depot-only charging";"Diesel"
"OPEX";"Taxes";"UK";"Excise Duty - Diesel";"Tractor-Trailer";"PROG";"EUR/kWh";2030;"0.053";"Sensitivity | Current Policies | Urban depot-only charging";"Diesel"
"OPEX";"Taxes";"DE";"Excise Duty - Reduction biodiesel";"Rigid";"BAU";"%";2030;"0.5";"Sensitivity | Current Policies | Urban depot-only charging";"Diesel"
"OPEX";"Taxes";"DE";"Excise Duty - Reduction biodiesel";"Tractor-Trailer";"BAU";"%";2030;"0.5";"Sensitivity | Current Policies | Urban depot-only charging";"Diesel"
"OPEX";"Taxes";"DE";"Excise Duty - Reduction biodiesel";"Rigid";"PROG";"%";2030;"0.5";"Sensitivity | Current Policies | Urban depot-only charging";"Diesel"
"OPEX";"Taxes";"DE";"Excise Duty - Reduction biodiesel";"Tractor-Trailer";"PROG";"%";2030;"0.5";"Sensitivity | Current Policies | Urban depot-only charging";"Diesel"
"OPEX";"Taxes";"ES";"Excise Duty - Reduction biodiesel";"Rigid";"BAU";"%";2030;"0.5";"Sensitivity | Current Policies | Urban depot-only charging";"Diesel"
"OPEX";"Taxes";"ES";"Excise Duty - Reduction biodiesel";"Tractor-Trailer";"BAU";"%";2030;"0.5";"Sensitivity | Current Policies | Urban depot-only charging";"Diesel"
"OPEX";"Taxes";"ES";"Excise Duty - Reduction biodiesel";"Rigid";"PROG";"%";2030;"0.5";"Sensitivity | Current Policies | Urban depot-only charging";"Diesel"
"OPEX";"Taxes";"ES";"Excise Duty - Reduction biodiesel";"Tractor-Trailer";"PROG";"%";2030;"0.5";"Sensitivity | Current Policies | Urban depot-only charging";"Diesel"
"OPEX";"Taxes";"FR";"Excise Duty - Reduction biodiesel";"Rigid";"BAU";"%";2030;"0.5";"Sensitivity | Current Policies | Urban depot-only charging";"Diesel"
"OPEX";"Taxes";"FR";"Excise Duty - Reduction biodiesel";"Tractor-Trailer";"BAU";"%";2030;"0.5";"Sensitivity | Current Policies | Urban depot-only charging";"Diesel"
"OPEX";"Taxes";"FR";"Excise Duty - Reduction biodiesel";"Rigid";"PROG";"%";2030;"0.5";"Sensitivity | Current Policies | Urban depot-only charging";"Diesel"
"OPEX";"Taxes";"FR";"Excise Duty - Reduction biodiesel";"Tractor-Trailer";"PROG";"%";2030;"0.5";"Sensitivity | Current Policies | Urban depot-only charging";"Diesel"
"OPEX";"Taxes";"IT";"Excise Duty - Reduction biodiesel";"Rigid";"BAU";"%";2030;"0.5";"Sensitivity | Current Policies | Urban depot-only charging";"Diesel"
"OPEX";"Taxes";"IT";"Excise Duty - Reduction biodiesel";"Tractor-Trailer";"BAU";"%";2030;"0.5";"Sensitivity | Current Policies | Urban depot-only charging";"Diesel"
"OPEX";"Taxes";"IT";"Excise Duty - Reduction biodiesel";"Rigid";"PROG";"%";2030;"0.5";"Sensitivity | Current Policies | Urban depot-only charging";"Diesel"
"OPEX";"Taxes";"IT";"Excise Duty - Reduction biodiesel";"Tractor-Trailer";"PROG";"%";2030;"0.5";"Sensitivity | Current Policies | Urban depot-only charging";"Diesel"
"OPEX";"Taxes";"NL";"Excise Duty - Reduction biodiesel";"Rigid";"BAU";"%";2030;"0.5";"Sensitivity | Current Policies | Urban depot-only charging";"Diesel"
"OPEX";"Taxes";"NL";"Excise Duty - Reduction biodiesel";"Tractor-Trailer";"BAU";"%";2030;"0.5";"Sensitivity | Current Policies | Urban depot-only charging";"Diesel"
"OPEX";"Taxes";"NL";"Excise Duty - Reduction biodiesel";"Rigid";"PROG";"%";2030;"0.5";"Sensitivity | Current Policies | Urban depot-only charging";"Diesel"
"OPEX";"Taxes";"NL";"Excise Duty - Reduction biodiesel";"Tractor-Trailer";"PROG";"%";2030;"0.5";"Sensitivity | Current Policies | Urban depot-only charging";"Diesel"
"OPEX";"Taxes";"PL";"Excise Duty - Reduction biodiesel";"Rigid";"BAU";"%";2030;"0.5";"Sensitivity | Current Policies | Urban depot-only charging";"Diesel"
"OPEX";"Taxes";"PL";"Excise Duty - Reduction biodiesel";"Tractor-Trailer";"BAU";"%";2030;"0.5";"Sensitivity | Current Policies | Urban depot-only charging";"Diesel"
"OPEX";"Taxes";"PL";"Excise Duty - Reduction biodiesel";"Rigid";"PROG";"%";2030;"0.5";"Sensitivity | Current Policies | Urban depot-only charging";"Diesel"
"OPEX";"Taxes";"PL";"Excise Duty - Reduction biodiesel";"Tractor-Trailer";"PROG";"%";2030;"0.5";"Sensitivity | Current Policies | Urban depot-only charging";"Diesel"
"OPEX";"Taxes";"UK";"Excise Duty - Reduction biodiesel";"Rigid";"BAU";"%";2030;"0.5";"Sensitivity | Current Policies | Urban depot-only charging";"Diesel"
"OPEX";"Taxes";"UK";"Excise Duty - Reduction biodiesel";"Tractor-Trailer";"BAU";"%";2030;"0.5";"Sensitivity | Current Policies | Urban depot-only charging";"Diesel"
"OPEX";"Taxes";"UK";"Excise Duty - Reduction biodiesel";"Rigid";"PROG";"%";2030;"0.5";"Sensitivity | Current Policies | Urban depot-only charging";"Diesel"
"OPEX";"Taxes";"UK";"Excise Duty - Reduction biodiesel";"Tractor-Trailer";"PROG";"%";2030;"0.5";"Sensitivity | Current Policies | Urban depot-only charging";"Diesel"
"OPEX";"Taxes";"DE";"Excise Duty - Reduction Synthetic Diesel (E-Fuels)";"Rigid";"BAU";"%";2030;"0.5";"Sensitivity | Current Policies | Urban depot-only charging";"Diesel"
"OPEX";"Taxes";"DE";"Excise Duty - Reduction Synthetic Diesel (E-Fuels)";"Tractor-Trailer";"BAU";"%";2030;"0.5";"Sensitivity | Current Policies | Urban depot-only charging";"Diesel"
"OPEX";"Taxes";"DE";"Excise Duty - Reduction Synthetic Diesel (E-Fuels)";"Rigid";"PROG";"%";2030;"0.5";"Sensitivity | Current Policies | Urban depot-only charging";"Diesel"
"OPEX";"Taxes";"DE";"Excise Duty - Reduction Synthetic Diesel (E-Fuels)";"Tractor-Trailer";"PROG";"%";2030;"0.5";"Sensitivity | Current Policies | Urban depot-only charging";"Diesel"
"OPEX";"Taxes";"ES";"Excise Duty - Reduction Synthetic Diesel (E-Fuels)";"Rigid";"BAU";"%";2030;"0.5";"Sensitivity | Current Policies | Urban depot-only charging";"Diesel"
"OPEX";"Taxes";"ES";"Excise Duty - Reduction Synthetic Diesel (E-Fuels)";"Tractor-Trailer";"BAU";"%";2030;"0.5";"Sensitivity | Current Policies | Urban depot-only charging";"Diesel"
"OPEX";"Taxes";"ES";"Excise Duty - Reduction Synthetic Diesel (E-Fuels)";"Rigid";"PROG";"%";2030;"0.5";"Sensitivity | Current Policies | Urban depot-only charging";"Diesel"
"OPEX";"Taxes";"ES";"Excise Duty - Reduction Synthetic Diesel (E-Fuels)";"Tractor-Trailer";"PROG";"%";2030;"0.5";"Sensitivity | Current Policies | Urban depot-only charging";"Diesel"
"OPEX";"Taxes";"FR";"Excise Duty - Reduction Synthetic Diesel (E-Fuels)";"Rigid";"BAU";"%";2030;"0.5";"Sensitivity | Current Policies | Urban depot-only charging";"Diesel"
"OPEX";"Taxes";"FR";"Excise Duty - Reduction Synthetic Diesel (E-Fuels)";"Tractor-Trailer";"BAU";"%";2030;"0.5";"Sensitivity | Current Policies | Urban depot-only charging";"Diesel"
"OPEX";"Taxes";"FR";"Excise Duty - Reduction Synthetic Diesel (E-Fuels)";"Rigid";"PROG";"%";2030;"0.5";"Sensitivity | Current Policies | Urban depot-only charging";"Diesel"
"OPEX";"Taxes";"FR";"Excise Duty - Reduction Synthetic Diesel (E-Fuels)";"Tractor-Trailer";"PROG";"%";2030;"0.5";"Sensitivity | Current Policies | Urban depot-only charging";"Diesel"
"OPEX";"Taxes";"IT";"Excise Duty - Reduction Synthetic Diesel (E-Fuels)";"Rigid";"BAU";"%";2030;"0.5";"Sensitivity | Current Policies | Urban depot-only charging";"Diesel"
"OPEX";"Taxes";"IT";"Excise Duty - Reduction Synthetic Diesel (E-Fuels)";"Tractor-Trailer";"BAU";"%";2030;"0.5";"Sensitivity | Current Policies | Urban depot-only charging";"Diesel"
"OPEX";"Taxes";"IT";"Excise Duty - Reduction Synthetic Diesel (E-Fuels)";"Rigid";"PROG";"%";2030;"0.5";"Sensitivity | Current Policies | Urban depot-only charging";"Diesel"
"OPEX";"Taxes";"IT";"Excise Duty - Reduction Synthetic Diesel (E-Fuels)";"Tractor-Trailer";"PROG";"%";2030;"0.5";"Sensitivity | Current Policies | Urban depot-only charging";"Diesel"
"OPEX";"Taxes";"NL";"Excise Duty - Reduction Synthetic Diesel (E-Fuels)";"Rigid";"BAU";"%";2030;"0.5";"Sensitivity | Current Policies | Urban depot-only charging";"Diesel"
"OPEX";"Taxes";"NL";"Excise Duty - Reduction Synthetic Diesel (E-Fuels)";"Tractor-Trailer";"BAU";"%";2030;"0.5";"Sensitivity | Current Policies | Urban depot-only charging";"Diesel"
"OPEX";"Taxes";"NL";"Excise Duty - Reduction Synthetic Diesel (E-Fuels)";"Rigid";"PROG";"%";2030;"0.5";"Sensitivity | Current Policies | Urban depot-only charging";"Diesel"
"OPEX";"Taxes";"NL";"Excise Duty - Reduction Synthetic Diesel (E-Fuels)";"Tractor-Trailer";"PROG";"%";2030;"0.5";"Sensitivity | Current Policies | Urban depot-only charging";"Diesel"
"OPEX";"Taxes";"PL";"Excise Duty - Reduction Synthetic Diesel (E-Fuels)";"Rigid";"BAU";"%";2030;"0.5";"Sensitivity | Current Policies | Urban depot-only charging";"Diesel"
"OPEX";"Taxes";"PL";"Excise Duty - Reduction Synthetic Diesel (E-Fuels)";"Tractor-Trailer";"BAU";"%";2030;"0.5";"Sensitivity | Current Policies | Urban depot-only charging";"Diesel"
"OPEX";"Taxes";"PL";"Excise Duty - Reduction Synthetic Diesel (E-Fuels)";"Rigid";"PROG";"%";2030;"0.5";"Sensitivity | Current Policies | Urban depot-only charging";"Diesel"
"OPEX";"Taxes";"PL";"Excise Duty - Reduction Synthetic Diesel (E-Fuels)";"Tractor-Trailer";"PROG";"%";2030;"0.5";"Sensitivity | Current Policies | Urban depot-only charging";"Diesel"
"OPEX";"Taxes";"UK";"Excise Duty - Reduction Synthetic Diesel (E-Fuels)";"Rigid";"BAU";"%";2030;"0.5";"Sensitivity | Current Policies | Urban depot-only charging";"Diesel"
"OPEX";"Taxes";"UK";"Excise Duty - Reduction Synthetic Diesel (E-Fuels)";"Tractor-Trailer";"BAU";"%";2030;"0.5";"Sensitivity | Current Policies | Urban depot-only charging";"Diesel"
"OPEX";"Taxes";"UK";"Excise Duty - Reduction Synthetic Diesel (E-Fuels)";"Rigid";"PROG";"%";2030;"0.5";"Sensitivity | Current Policies | Urban depot-only charging";"Diesel"
"OPEX";"Taxes";"UK";"Excise Duty - Reduction Synthetic Diesel (E-Fuels)";"Tractor-Trailer";"PROG";"%";2030;"0.5";"Sensitivity | Current Policies | Urban depot-only charging";"Diesel"
"OPEX";"Taxes";"DE";"Taxes, Fees, Levies and charges - H2";"Rigid";"BAU";"EUR/kWh";2030;"0.015";"Sensitivity | Current Policies | Urban depot-only charging";"Hydrogen"
"OPEX";"Taxes";"DE";"Taxes, Fees, Levies and charges - H2";"Tractor-Trailer";"BAU";"EUR/kWh";2030;"0.015";"Sensitivity | Current Policies | Urban depot-only charging";"Hydrogen"
"OPEX";"Taxes";"DE";"Taxes, Fees, Levies and charges - H2";"Rigid";"PROG";"EUR/kWh";2030;"0.015";"Sensitivity | Current Policies | Urban depot-only charging";"Hydrogen"
"OPEX";"Taxes";"DE";"Taxes, Fees, Levies and charges - H2";"Tractor-Trailer";"PROG";"EUR/kWh";2030;"0.015";"Sensitivity | Current Policies | Urban depot-only charging";"Hydrogen"
"OPEX";"Taxes";"ES";"Taxes, Fees, Levies and charges - H2";"Rigid";"BAU";"EUR/kWh";2030;"0.008";"Sensitivity | Current Policies | Urban depot-only charging";"Hydrogen"
"OPEX";"Taxes";"ES";"Taxes, Fees, Levies and charges - H2";"Tractor-Trailer";"BAU";"EUR/kWh";2030;"0.008";"Sensitivity | Current Policies | Urban depot-only charging";"Hydrogen"
"OPEX";"Taxes";"ES";"Taxes, Fees, Levies and charges - H2";"Rigid";"PROG";"EUR/kWh";2030;"0.008";"Sensitivity | Current Policies | Urban depot-only charging";"Hydrogen"
"OPEX";"Taxes";"ES";"Taxes, Fees, Levies and charges - H2";"Tractor-Trailer";"PROG";"EUR/kWh";2030;"0.008";"Sensitivity | Current Policies | Urban depot-only charging";"Hydrogen"
"OPEX";"Taxes";"FR";"Taxes, Fees, Levies and charges - H2";"Rigid";"BAU";"EUR/kWh";2030;"0.012";"Sensitivity | Current Policies | Urban depot-only charging";"Hydrogen"
"OPEX";"Taxes";"FR";"Taxes, Fees, Levies and charges - H2";"Tractor-Trailer";"BAU";"EUR/kWh";2030;"0.012";"Sensitivity | Current Policies | Urban depot-only charging";"Hydrogen"
"OPEX";"Taxes";"FR";"Taxes, Fees, Levies and charges - H2";"Rigid";"PROG";"EUR/kWh";2030;"0.012";"Sensitivity | Current Policies | Urban depot-only charging";"Hydrogen"
"OPEX";"Taxes";"FR";"Taxes, Fees, Levies and charges - H2";"Tractor-Trailer";"PROG";"EUR/kWh";2030;"0.012";"Sensitivity | Current Policies | Urban depot-only charging";"Hydrogen"
"OPEX";"Taxes";"IT";"Taxes, Fees, Levies and charges - H2";"Rigid";"BAU";"EUR/kWh";2030;"0.009";"Sensitivity | Current Policies | Urban depot-only charging";"Hydrogen"
"OPEX";"Taxes";"IT";"Taxes, Fees, Levies and charges - H2";"Tractor-Trailer";"BAU";"EUR/kWh";2030;"0.009";"Sensitivity | Current Policies | Urban depot-only charging";"Hydrogen"
"OPEX";"Taxes";"IT";"Taxes, Fees, Levies and charges - H2";"Rigid";"PROG";"EUR/kWh";2030;"0.009";"Sensitivity | Current Policies | Urban depot-only charging";"Hydrogen"
"OPEX";"Taxes";"IT";"Taxes, Fees, Levies and charges - H2";"Tractor-Trailer";"PROG";"EUR/kWh";2030;"0.009";"Sensitivity | Current Policies | Urban depot-only charging";"Hydrogen"
"OPEX";"Taxes";"NL";"Taxes, Fees, Levies and charges - H2";"Rigid";"BAU";"EUR/kWh";2030;"0.024";"Sensitivity | Current Policies | Urban depot-only charging";"Hydrogen"
"OPEX";"Taxes";"NL";"Taxes, Fees, Levies and charges - H2";"Tractor-Trailer";"BAU";"EUR/kWh";2030;"0.024";"Sensitivity | Current Policies | Urban depot-only charging";"Hydrogen"
"OPEX";"Taxes";"NL";"Taxes, Fees, Levies and charges - H2";"Rigid";"PROG";"EUR/kWh";2030;"0.024";"Sensitivity | Current Policies | Urban depot-only charging";"Hydrogen"
"OPEX";"Taxes";"NL";"Taxes, Fees, Levies and charges - H2";"Tractor-Trailer";"PROG";"EUR/kWh";2030;"0.024";"Sensitivity | Current Policies | Urban depot-only charging";"Hydrogen"
"OPEX";"Taxes";"PL";"Taxes, Fees, Levies and charges - H2";"Rigid";"BAU";"EUR/kWh";2030;"0.009";"Sensitivity | Current Policies | Urban depot-only charging";"Hydrogen"
"OPEX";"Taxes";"PL";"Taxes, Fees, Levies and charges - H2";"Tractor-Trailer";"BAU";"EUR/kWh";2030;"0.009";"Sensitivity | Current Policies | Urban depot-only charging";"Hydrogen"
"OPEX";"Taxes";"PL";"Taxes, Fees, Levies and charges - H2";"Rigid";"PROG";"EUR/kWh";2030;"0.009";"Sensitivity | Current Policies | Urban depot-only charging";"Hydrogen"
"OPEX";"Taxes";"PL";"Taxes, Fees, Levies and charges - H2";"Tractor-Trailer";"PROG";"EUR/kWh";2030;"0.009";"Sensitivity | Current Policies | Urban depot-only charging";"Hydrogen"
"OPEX";"Taxes";"UK";"Taxes, Fees, Levies and charges - H2";"Rigid";"BAU";"EUR/kWh";2030;"0.006";"Sensitivity | Current Policies | Urban depot-only charging";"Hydrogen"
"OPEX";"Taxes";"UK";"Taxes, Fees, Levies and charges - H2";"Tractor-Trailer";"BAU";"EUR/kWh";2030;"0.006";"Sensitivity | Current Policies | Urban depot-only charging";"Hydrogen"
"OPEX";"Taxes";"UK";"Taxes, Fees, Levies and charges - H2";"Rigid";"PROG";"EUR/kWh";2030;"0.006";"Sensitivity | Current Policies | Urban depot-only charging";"Hydrogen"
"OPEX";"Taxes";"UK";"Taxes, Fees, Levies and charges - H2";"Tractor-Trailer";"PROG";"EUR/kWh";2030;"0.006";"Sensitivity | Current Policies | Urban depot-only charging";"Hydrogen"
"OPEX";"Charging Infrastructure";"DE";"MCS grid extension";"Rigid";"PROG";"EUR/kWh";2030;"0.075";"Sensitivity | Current Policies | Urban depot-only charging";"Electricity"
"OPEX";"Charging Infrastructure";"DE";"MCS grid extension";"Tractor-Trailer";"PROG";"EUR/kWh";2030;"0.075";"Sensitivity | Current Policies | Urban depot-only charging";"Electricity"
"OPEX";"Charging Infrastructure";"DE";"MCS grid extension";"Rigid";"BAU";"EUR/kWh";2030;"0.075";"Sensitivity | Current Policies | Urban depot-only charging";"Electricity"
"OPEX";"Charging Infrastructure";"DE";"MCS grid extension";"Tractor-Trailer";"BAU";"EUR/kWh";2030;"0.075";"Sensitivity | Current Policies | Urban depot-only charging";"Electricity"
"OPEX";"Charging Infrastructure";"ES";"MCS grid extension";"Rigid";"PROG";"EUR/kWh";2030;"0.075";"Sensitivity | Current Policies | Urban depot-only charging";"Electricity"
"OPEX";"Charging Infrastructure";"ES";"MCS grid extension";"Tractor-Trailer";"PROG";"EUR/kWh";2030;"0.075";"Sensitivity | Current Policies | Urban depot-only charging";"Electricity"
"OPEX";"Charging Infrastructure";"ES";"MCS grid extension";"Rigid";"BAU";"EUR/kWh";2030;"0.075";"Sensitivity | Current Policies | Urban depot-only charging";"Electricity"
"OPEX";"Charging Infrastructure";"ES";"MCS grid extension";"Tractor-Trailer";"BAU";"EUR/kWh";2030;"0.075";"Sensitivity | Current Policies | Urban depot-only charging";"Electricity"
"OPEX";"Charging Infrastructure";"FR";"MCS grid extension";"Rigid";"PROG";"EUR/kWh";2030;"0.075";"Sensitivity | Current Policies | Urban depot-only charging";"Electricity"
"OPEX";"Charging Infrastructure";"FR";"MCS grid extension";"Tractor-Trailer";"PROG";"EUR/kWh";2030;"0.075";"Sensitivity | Current Policies | Urban depot-only charging";"Electricity"
"OPEX";"Charging Infrastructure";"FR";"MCS grid extension";"Rigid";"BAU";"EUR/kWh";2030;"0.075";"Sensitivity | Current Policies | Urban depot-only charging";"Electricity"
"OPEX";"Charging Infrastructure";"FR";"MCS grid extension";"Tractor-Trailer";"BAU";"EUR/kWh";2030;"0.075";"Sensitivity | Current Policies | Urban depot-only charging";"Electricity"
"OPEX";"Charging Infrastructure";"IT";"MCS grid extension";"Rigid";"PROG";"EUR/kWh";2030;"0.075";"Sensitivity | Current Policies | Urban depot-only charging";"Electricity"
"OPEX";"Charging Infrastructure";"IT";"MCS grid extension";"Tractor-Trailer";"PROG";"EUR/kWh";2030;"0.075";"Sensitivity | Current Policies | Urban depot-only charging";"Electricity"
"OPEX";"Charging Infrastructure";"IT";"MCS grid extension";"Rigid";"BAU";"EUR/kWh";2030;"0.075";"Sensitivity | Current Policies | Urban depot-only charging";"Electricity"
"OPEX";"Charging Infrastructure";"IT";"MCS grid extension";"Tractor-Trailer";"BAU";"EUR/kWh";2030;"0.075";"Sensitivity | Current Policies | Urban depot-only charging";"Electricity"
"OPEX";"Charging Infrastructure";"NL";"MCS grid extension";"Rigid";"PROG";"EUR/kWh";2030;"0.075";"Sensitivity | Current Policies | Urban depot-only charging";"Electricity"
"OPEX";"Charging Infrastructure";"NL";"MCS grid extension";"Tractor-Trailer";"PROG";"EUR/kWh";2030;"0.075";"Sensitivity | Current Policies | Urban depot-only charging";"Electricity"
"OPEX";"Charging Infrastructure";"NL";"MCS grid extension";"Rigid";"BAU";"EUR/kWh";2030;"0.075";"Sensitivity | Current Policies | Urban depot-only charging";"Electricity"
"OPEX";"Charging Infrastructure";"NL";"MCS grid extension";"Tractor-Trailer";"BAU";"EUR/kWh";2030;"0.075";"Sensitivity | Current Policies | Urban depot-only charging";"Electricity"
"OPEX";"Charging Infrastructure";"PL";"MCS grid extension";"Rigid";"PROG";"EUR/kWh";2030;"0.075";"Sensitivity | Current Policies | Urban depot-only charging";"Electricity"
"OPEX";"Charging Infrastructure";"PL";"MCS grid extension";"Tractor-Trailer";"PROG";"EUR/kWh";2030;"0.075";"Sensitivity | Current Policies | Urban depot-only charging";"Electricity"
"OPEX";"Charging Infrastructure";"PL";"MCS grid extension";"Rigid";"BAU";"EUR/kWh";2030;"0.075";"Sensitivity | Current Policies | Urban depot-only charging";"Electricity"
"OPEX";"Charging Infrastructure";"PL";"MCS grid extension";"Tractor-Trailer";"BAU";"EUR/kWh";2030;"0.075";"Sensitivity | Current Policies | Urban depot-only charging";"Electricity"
"OPEX";"Charging Infrastructure";"UK";"MCS grid extension";"Rigid";"PROG";"EUR/kWh";2030;"0.075";"Sensitivity | Current Policies | Urban depot-only charging";"Electricity"
"OPEX";"Charging Infrastructure";"UK";"MCS grid extension";"Tractor-Trailer";"PROG";"EUR/kWh";2030;"0.075";"Sensitivity | Current Policies | Urban depot-only charging";"Electricity"
"OPEX";"Charging Infrastructure";"UK";"MCS grid extension";"Rigid";"BAU";"EUR/kWh";2030;"0.075";"Sensitivity | Current Policies | Urban depot-only charging";"Electricity"
"OPEX";"Charging Infrastructure";"UK";"MCS grid extension";"Tractor-Trailer";"BAU";"EUR/kWh";2030;"0.075";"Sensitivity | Current Policies | Urban depot-only charging";"Electricity"
"OPEX";"Charging Infrastructure";"DE";"MCS Profit and Mark-Up";"Rigid";"PROG";"%";2030;"0.1";"Sensitivity | Current Policies | Urban depot-only charging";"Electricity"
"OPEX";"Charging Infrastructure";"DE";"MCS Profit and Mark-Up";"Tractor-Trailer";"PROG";"%";2030;"0.1";"Sensitivity | Current Policies | Urban depot-only charging";"Electricity"
"OPEX";"Charging Infrastructure";"DE";"MCS Profit and Mark-Up";"Rigid";"BAU";"%";2030;"0.1";"Sensitivity | Current Policies | Urban depot-only charging";"Electricity"
"OPEX";"Charging Infrastructure";"DE";"MCS Profit and Mark-Up";"Tractor-Trailer";"BAU";"%";2030;"0.1";"Sensitivity | Current Policies | Urban depot-only charging";"Electricity"
"OPEX";"Charging Infrastructure";"ES";"MCS Profit and Mark-Up";"Rigid";"PROG";"%";2030;"0.1";"Sensitivity | Current Policies | Urban depot-only charging";"Electricity"
"OPEX";"Charging Infrastructure";"ES";"MCS Profit and Mark-Up";"Tractor-Trailer";"PROG";"%";2030;"0.1";"Sensitivity | Current Policies | Urban depot-only charging";"Electricity"
"OPEX";"Charging Infrastructure";"ES";"MCS Profit and Mark-Up";"Rigid";"BAU";"%";2030;"0.1";"Sensitivity | Current Policies | Urban depot-only charging";"Electricity"
"OPEX";"Charging Infrastructure";"ES";"MCS Profit and Mark-Up";"Tractor-Trailer";"BAU";"%";2030;"0.1";"Sensitivity | Current Policies | Urban depot-only charging";"Electricity"
"OPEX";"Charging Infrastructure";"FR";"MCS Profit and Mark-Up";"Rigid";"PROG";"%";2030;"0.1";"Sensitivity | Current Policies | Urban depot-only charging";"Electricity"
"OPEX";"Charging Infrastructure";"FR";"MCS Profit and Mark-Up";"Tractor-Trailer";"PROG";"%";2030;"0.1";"Sensitivity | Current Policies | Urban depot-only charging";"Electricity"
"OPEX";"Charging Infrastructure";"FR";"MCS Profit and Mark-Up";"Rigid";"BAU";"%";2030;"0.1";"Sensitivity | Current Policies | Urban depot-only charging";"Electricity"
"OPEX";"Charging Infrastructure";"FR";"MCS Profit and Mark-Up";"Tractor-Trailer";"BAU";"%";2030;"0.1";"Sensitivity | Current Policies | Urban depot-only charging";"Electricity"
"OPEX";"Charging Infrastructure";"IT";"MCS Profit and Mark-Up";"Rigid";"PROG";"%";2030;"0.1";"Sensitivity | Current Policies | Urban depot-only charging";"Electricity"
"OPEX";"Charging Infrastructure";"IT";"MCS Profit and Mark-Up";"Tractor-Trailer";"PROG";"%";2030;"0.1";"Sensitivity | Current Policies | Urban depot-only charging";"Electricity"
"OPEX";"Charging Infrastructure";"IT";"MCS Profit and Mark-Up";"Rigid";"BAU";"%";2030;"0.1";"Sensitivity | Current Policies | Urban depot-only charging";"Electricity"
"OPEX";"Charging Infrastructure";"IT";"MCS Profit and Mark-Up";"Tractor-Trailer";"BAU";"%";2030;"0.1";"Sensitivity | Current Policies | Urban depot-only charging";"Electricity"
"OPEX";"Charging Infrastructure";"NL";"MCS Profit and Mark-Up";"Rigid";"PROG";"%";2030;"0.1";"Sensitivity | Current Policies | Urban depot-only charging";"Electricity"
"OPEX";"Charging Infrastructure";"NL";"MCS Profit and Mark-Up";"Tractor-Trailer";"PROG";"%";2030;"0.1";"Sensitivity | Current Policies | Urban depot-only charging";"Electricity"
"OPEX";"Charging Infrastructure";"NL";"MCS Profit and Mark-Up";"Rigid";"BAU";"%";2030;"0.1";"Sensitivity | Current Policies | Urban depot-only charging";"Electricity"
"OPEX";"Charging Infrastructure";"NL";"MCS Profit and Mark-Up";"Tractor-Trailer";"BAU";"%";2030;"0.1";"Sensitivity | Current Policies | Urban depot-only charging";"Electricity"
"OPEX";"Charging Infrastructure";"PL";"MCS Profit and Mark-Up";"Rigid";"PROG";"%";2030;"0.1";"Sensitivity | Current Policies | Urban depot-only charging";"Electricity"
"OPEX";"Charging Infrastructure";"PL";"MCS Profit and Mark-Up";"Tractor-Trailer";"PROG";"%";2030;"0.1";"Sensitivity | Current Policies | Urban depot-only charging";"Electricity"
"OPEX";"Charging Infrastructure";"PL";"MCS Profit and Mark-Up";"Rigid";"BAU";"%";2030;"0.1";"Sensitivity | Current Policies | Urban depot-only charging";"Electricity"
"OPEX";"Charging Infrastructure";"PL";"MCS Profit and Mark-Up";"Tractor-Trailer";"BAU";"%";2030;"0.1";"Sensitivity | Current Policies | Urban depot-only charging";"Electricity"
"OPEX";"Charging Infrastructure";"UK";"MCS Profit and Mark-Up";"Rigid";"PROG";"%";2030;"0.1";"Sensitivity | Current Policies | Urban depot-only charging";"Electricity"
"OPEX";"Charging Infrastructure";"UK";"MCS Profit and Mark-Up";"Tractor-Trailer";"PROG";"%";2030;"0.1";"Sensitivity | Current Policies | Urban depot-only charging";"Electricity"
"OPEX";"Charging Infrastructure";"UK";"MCS Profit and Mark-Up";"Rigid";"BAU";"%";2030;"0.1";"Sensitivity | Current Policies | Urban depot-only charging";"Electricity"
"OPEX";"Charging Infrastructure";"UK";"MCS Profit and Mark-Up";"Tractor-Trailer";"BAU";"%";2030;"0.1";"Sensitivity | Current Policies | Urban depot-only charging";"Electricity"
"OPEX";"Charging Infrastructure";"DE";"CCS Station (Depot) - Incl. Overhead";"Rigid";"PROG";"EUR/kWh";2030;"0.029";"Sensitivity | Current Policies | Urban depot-only charging";"Electricity"
"OPEX";"Charging Infrastructure";"DE";"CCS Station (Depot) - Incl. Overhead";"Tractor-Trailer";"PROG";"EUR/kWh";2030;"0.029";"Sensitivity | Current Policies | Urban depot-only charging";"Electricity"
"OPEX";"Charging Infrastructure";"DE";"CCS Station (Depot) - Incl. Overhead";"Rigid";"BAU";"EUR/kWh";2030;"0.029";"Sensitivity | Current Policies | Urban depot-only charging";"Electricity"
"OPEX";"Charging Infrastructure";"DE";"CCS Station (Depot) - Incl. Overhead";"Tractor-Trailer";"BAU";"EUR/kWh";2030;"0.029";"Sensitivity | Current Policies | Urban depot-only charging";"Electricity"
"OPEX";"Charging Infrastructure";"ES";"CCS Station (Depot) - Incl. Overhead";"Rigid";"PROG";"EUR/kWh";2030;"0.029";"Sensitivity | Current Policies | Urban depot-only charging";"Electricity"
"OPEX";"Charging Infrastructure";"ES";"CCS Station (Depot) - Incl. Overhead";"Tractor-Trailer";"PROG";"EUR/kWh";2030;"0.029";"Sensitivity | Current Policies | Urban depot-only charging";"Electricity"
"OPEX";"Charging Infrastructure";"ES";"CCS Station (Depot) - Incl. Overhead";"Rigid";"BAU";"EUR/kWh";2030;"0.029";"Sensitivity | Current Policies | Urban depot-only charging";"Electricity"
"OPEX";"Charging Infrastructure";"ES";"CCS Station (Depot) - Incl. Overhead";"Tractor-Trailer";"BAU";"EUR/kWh";2030;"0.029";"Sensitivity | Current Policies | Urban depot-only charging";"Electricity"
"OPEX";"Charging Infrastructure";"FR";"CCS Station (Depot) - Incl. Overhead";"Rigid";"PROG";"EUR/kWh";2030;"0.029";"Sensitivity | Current Policies | Urban depot-only charging";"Electricity"
"OPEX";"Charging Infrastructure";"FR";"CCS Station (Depot) - Incl. Overhead";"Tractor-Trailer";"PROG";"EUR/kWh";2030;"0.029";"Sensitivity | Current Policies | Urban depot-only charging";"Electricity"
"OPEX";"Charging Infrastructure";"FR";"CCS Station (Depot) - Incl. Overhead";"Rigid";"BAU";"EUR/kWh";2030;"0.029";"Sensitivity | Current Policies | Urban depot-only charging";"Electricity"
"OPEX";"Charging Infrastructure";"FR";"CCS Station (Depot) - Incl. Overhead";"Tractor-Trailer";"BAU";"EUR/kWh";2030;"0.029";"Sensitivity | Current Policies | Urban depot-only charging";"Electricity"
"OPEX";"Charging Infrastructure";"IT";"CCS Station (Depot) - Incl. Overhead";"Rigid";"PROG";"EUR/kWh";2030;"0.029";"Sensitivity | Current Policies | Urban depot-only charging";"Electricity"
"OPEX";"Charging Infrastructure";"IT";"CCS Station (Depot) - Incl. Overhead";"Tractor-Trailer";"PROG";"EUR/kWh";2030;"0.029";"Sensitivity | Current Policies | Urban depot-only charging";"Electricity"
"OPEX";"Charging Infrastructure";"IT";"CCS Station (Depot) - Incl. Overhead";"Rigid";"BAU";"EUR/kWh";2030;"0.029";"Sensitivity | Current Policies | Urban depot-only charging";"Electricity"
"OPEX";"Charging Infrastructure";"IT";"CCS Station (Depot) - Incl. Overhead";"Tractor-Trailer";"BAU";"EUR/kWh";2030;"0.029";"Sensitivity | Current Policies | Urban depot-only charging";"Electricity"
"OPEX";"Charging Infrastructure";"NL";"CCS Station (Depot) - Incl. Overhead";"Rigid";"PROG";"EUR/kWh";2030;"0.029";"Sensitivity | Current Policies | Urban depot-only charging";"Electricity"
"OPEX";"Charging Infrastructure";"NL";"CCS Station (Depot) - Incl. Overhead";"Tractor-Trailer";"PROG";"EUR/kWh";2030;"0.029";"Sensitivity | Current Policies | Urban depot-only charging";"Electricity"
"OPEX";"Charging Infrastructure";"NL";"CCS Station (Depot) - Incl. Overhead";"Rigid";"BAU";"EUR/kWh";2030;"0.029";"Sensitivity | Current Policies | Urban depot-only charging";"Electricity"
"OPEX";"Charging Infrastructure";"NL";"CCS Station (Depot) - Incl. Overhead";"Tractor-Trailer";"BAU";"EUR/kWh";2030;"0.029";"Sensitivity | Current Policies | Urban depot-only charging";"Electricity"
"OPEX";"Charging Infrastructure";"PL";"CCS Station (Depot) - Incl. Overhead";"Rigid";"PROG";"EUR/kWh";2030;"0.029";"Sensitivity | Current Policies | Urban depot-only charging";"Electricity"
"OPEX";"Charging Infrastructure";"PL";"CCS Station (Depot) - Incl. Overhead";"Tractor-Trailer";"PROG";"EUR/kWh";2030;"0.029";"Sensitivity | Current Policies | Urban depot-only charging";"Electricity"
"OPEX";"Charging Infrastructure";"PL";"CCS Station (Depot) - Incl. Overhead";"Rigid";"BAU";"EUR/kWh";2030;"0.029";"Sensitivity | Current Policies | Urban depot-only charging";"Electricity"
"OPEX";"Charging Infrastructure";"PL";"CCS Station (Depot) - Incl. Overhead";"Tractor-Trailer";"BAU";"EUR/kWh";2030;"0.029";"Sensitivity | Current Policies | Urban depot-only charging";"Electricity"
"OPEX";"Charging Infrastructure";"UK";"CCS Station (Depot) - Incl. Overhead";"Rigid";"PROG";"EUR/kWh";2030;"0.029";"Sensitivity | Current Policies | Urban depot-only charging";"Electricity"
"OPEX";"Charging Infrastructure";"UK";"CCS Station (Depot) - Incl. Overhead";"Tractor-Trailer";"PROG";"EUR/kWh";2030;"0.029";"Sensitivity | Current Policies | Urban depot-only charging";"Electricity"
"OPEX";"Charging Infrastructure";"UK";"CCS Station (Depot) - Incl. Overhead";"Rigid";"BAU";"EUR/kWh";2030;"0.029";"Sensitivity | Current Policies | Urban depot-only charging";"Electricity"
"OPEX";"Charging Infrastructure";"UK";"CCS Station (Depot) - Incl. Overhead";"Tractor-Trailer";"BAU";"EUR/kWh";2030;"0.029";"Sensitivity | Current Policies | Urban depot-only charging";"Electricity"
"OPEX";"Charging Infrastructure";"DE";"CCS grid extension";"Rigid";"PROG";"EUR/kWh";2030;"0.045";"Sensitivity | Current Policies | Urban depot-only charging";"Electricity"
"OPEX";"Charging Infrastructure";"DE";"CCS grid extension";"Tractor-Trailer";"PROG";"EUR/kWh";2030;"0.045";"Sensitivity | Current Policies | Urban depot-only charging";"Electricity"
"OPEX";"Charging Infrastructure";"DE";"CCS grid extension";"Rigid";"BAU";"EUR/kWh";2030;"0.045";"Sensitivity | Current Policies | Urban depot-only charging";"Electricity"
"OPEX";"Charging Infrastructure";"DE";"CCS grid extension";"Tractor-Trailer";"BAU";"EUR/kWh";2030;"0.045";"Sensitivity | Current Policies | Urban depot-only charging";"Electricity"
"OPEX";"Charging Infrastructure";"ES";"CCS grid extension";"Rigid";"PROG";"EUR/kWh";2030;"0.045";"Sensitivity | Current Policies | Urban depot-only charging";"Electricity"
"OPEX";"Charging Infrastructure";"ES";"CCS grid extension";"Tractor-Trailer";"PROG";"EUR/kWh";2030;"0.045";"Sensitivity | Current Policies | Urban depot-only charging";"Electricity"
"OPEX";"Charging Infrastructure";"ES";"CCS grid extension";"Rigid";"BAU";"EUR/kWh";2030;"0.045";"Sensitivity | Current Policies | Urban depot-only charging";"Electricity"
"OPEX";"Charging Infrastructure";"ES";"CCS grid extension";"Tractor-Trailer";"BAU";"EUR/kWh";2030;"0.045";"Sensitivity | Current Policies | Urban depot-only charging";"Electricity"
"OPEX";"Charging Infrastructure";"FR";"CCS grid extension";"Rigid";"PROG";"EUR/kWh";2030;"0.045";"Sensitivity | Current Policies | Urban depot-only charging";"Electricity"
"OPEX";"Charging Infrastructure";"FR";"CCS grid extension";"Tractor-Trailer";"PROG";"EUR/kWh";2030;"0.045";"Sensitivity | Current Policies | Urban depot-only charging";"Electricity"
"OPEX";"Charging Infrastructure";"FR";"CCS grid extension";"Rigid";"BAU";"EUR/kWh";2030;"0.045";"Sensitivity | Current Policies | Urban depot-only charging";"Electricity"
"OPEX";"Charging Infrastructure";"FR";"CCS grid extension";"Tractor-Trailer";"BAU";"EUR/kWh";2030;"0.045";"Sensitivity | Current Policies | Urban depot-only charging";"Electricity"
"OPEX";"Charging Infrastructure";"IT";"CCS grid extension";"Rigid";"PROG";"EUR/kWh";2030;"0.045";"Sensitivity | Current Policies | Urban depot-only charging";"Electricity"
"OPEX";"Charging Infrastructure";"IT";"CCS grid extension";"Tractor-Trailer";"PROG";"EUR/kWh";2030;"0.045";"Sensitivity | Current Policies | Urban depot-only charging";"Electricity"
"OPEX";"Charging Infrastructure";"IT";"CCS grid extension";"Rigid";"BAU";"EUR/kWh";2030;"0.045";"Sensitivity | Current Policies | Urban depot-only charging";"Electricity"
"OPEX";"Charging Infrastructure";"IT";"CCS grid extension";"Tractor-Trailer";"BAU";"EUR/kWh";2030;"0.045";"Sensitivity | Current Policies | Urban depot-only charging";"Electricity"
"OPEX";"Charging Infrastructure";"NL";"CCS grid extension";"Rigid";"PROG";"EUR/kWh";2030;"0.045";"Sensitivity | Current Policies | Urban depot-only charging";"Electricity"
"OPEX";"Charging Infrastructure";"NL";"CCS grid extension";"Tractor-Trailer";"PROG";"EUR/kWh";2030;"0.045";"Sensitivity | Current Policies | Urban depot-only charging";"Electricity"
"OPEX";"Charging Infrastructure";"NL";"CCS grid extension";"Rigid";"BAU";"EUR/kWh";2030;"0.045";"Sensitivity | Current Policies | Urban depot-only charging";"Electricity"
"OPEX";"Charging Infrastructure";"NL";"CCS grid extension";"Tractor-Trailer";"BAU";"EUR/kWh";2030;"0.045";"Sensitivity | Current Policies | Urban depot-only charging";"Electricity"
"OPEX";"Charging Infrastructure";"PL";"CCS grid extension";"Rigid";"PROG";"EUR/kWh";2030;"0.045";"Sensitivity | Current Policies | Urban depot-only charging";"Electricity"
"OPEX";"Charging Infrastructure";"PL";"CCS grid extension";"Tractor-Trailer";"PROG";"EUR/kWh";2030;"0.045";"Sensitivity | Current Policies | Urban depot-only charging";"Electricity"
"OPEX";"Charging Infrastructure";"PL";"CCS grid extension";"Rigid";"BAU";"EUR/kWh";2030;"0.045";"Sensitivity | Current Policies | Urban depot-only charging";"Electricity"
"OPEX";"Charging Infrastructure";"PL";"CCS grid extension";"Tractor-Trailer";"BAU";"EUR/kWh";2030;"0.045";"Sensitivity | Current Policies | Urban depot-only charging";"Electricity"
"OPEX";"Charging Infrastructure";"UK";"CCS grid extension";"Rigid";"PROG";"EUR/kWh";2030;"0.045";"Sensitivity | Current Policies | Urban depot-only charging";"Electricity"
"OPEX";"Charging Infrastructure";"UK";"CCS grid extension";"Tractor-Trailer";"PROG";"EUR/kWh";2030;"0.045";"Sensitivity | Current Policies | Urban depot-only charging";"Electricity"
"OPEX";"Charging Infrastructure";"UK";"CCS grid extension";"Rigid";"BAU";"EUR/kWh";2030;"0.045";"Sensitivity | Current Policies | Urban depot-only charging";"Electricity"
"OPEX";"Charging Infrastructure";"UK";"CCS grid extension";"Tractor-Trailer";"BAU";"EUR/kWh";2030;"0.045";"Sensitivity | Current Policies | Urban depot-only charging";"Electricity"
"OPEX";"Diesel Infrastructure";"DE";"Total Diesel Mark-Up";"Rigid";"BAU";"EUR/kWh";2030;"0.018";"Sensitivity | Current Policies | Urban depot-only charging";"Diesel"
"OPEX";"Diesel Infrastructure";"DE";"Total Diesel Mark-Up";"Tractor-Trailer";"BAU";"EUR/kWh";2030;"0.018";"Sensitivity | Current Policies | Urban depot-only charging";"Diesel"
"OPEX";"Diesel Infrastructure";"DE";"Total Diesel Mark-Up";"Rigid";"PROG";"EUR/kWh";2030;"0.018";"Sensitivity | Current Policies | Urban depot-only charging";"Diesel"
"OPEX";"Diesel Infrastructure";"DE";"Total Diesel Mark-Up";"Tractor-Trailer";"PROG";"EUR/kWh";2030;"0.018";"Sensitivity | Current Policies | Urban depot-only charging";"Diesel"
"OPEX";"Diesel Infrastructure";"ES";"Total Diesel Mark-Up";"Rigid";"BAU";"EUR/kWh";2030;"0.018";"Sensitivity | Current Policies | Urban depot-only charging";"Diesel"
"OPEX";"Diesel Infrastructure";"ES";"Total Diesel Mark-Up";"Tractor-Trailer";"BAU";"EUR/kWh";2030;"0.018";"Sensitivity | Current Policies | Urban depot-only charging";"Diesel"
"OPEX";"Diesel Infrastructure";"ES";"Total Diesel Mark-Up";"Rigid";"PROG";"EUR/kWh";2030;"0.018";"Sensitivity | Current Policies | Urban depot-only charging";"Diesel"
"OPEX";"Diesel Infrastructure";"ES";"Total Diesel Mark-Up";"Tractor-Trailer";"PROG";"EUR/kWh";2030;"0.018";"Sensitivity | Current Policies | Urban depot-only charging";"Diesel"
"OPEX";"Diesel Infrastructure";"FR";"Total Diesel Mark-Up";"Rigid";"BAU";"EUR/kWh";2030;"0.018";"Sensitivity | Current Policies | Urban depot-only charging";"Diesel"
"OPEX";"Diesel Infrastructure";"FR";"Total Diesel Mark-Up";"Tractor-Trailer";"BAU";"EUR/kWh";2030;"0.018";"Sensitivity | Current Policies | Urban depot-only charging";"Diesel"
"OPEX";"Diesel Infrastructure";"FR";"Total Diesel Mark-Up";"Rigid";"PROG";"EUR/kWh";2030;"0.018";"Sensitivity | Current Policies | Urban depot-only charging";"Diesel"
"OPEX";"Diesel Infrastructure";"FR";"Total Diesel Mark-Up";"Tractor-Trailer";"PROG";"EUR/kWh";2030;"0.018";"Sensitivity | Current Policies | Urban depot-only charging";"Diesel"
"OPEX";"Diesel Infrastructure";"IT";"Total Diesel Mark-Up";"Rigid";"BAU";"EUR/kWh";2030;"0.018";"Sensitivity | Current Policies | Urban depot-only charging";"Diesel"
"OPEX";"Diesel Infrastructure";"IT";"Total Diesel Mark-Up";"Tractor-Trailer";"BAU";"EUR/kWh";2030;"0.018";"Sensitivity | Current Policies | Urban depot-only charging";"Diesel"
"OPEX";"Diesel Infrastructure";"IT";"Total Diesel Mark-Up";"Rigid";"PROG";"EUR/kWh";2030;"0.018";"Sensitivity | Current Policies | Urban depot-only charging";"Diesel"
"OPEX";"Diesel Infrastructure";"IT";"Total Diesel Mark-Up";"Tractor-Trailer";"PROG";"EUR/kWh";2030;"0.018";"Sensitivity | Current Policies | Urban depot-only charging";"Diesel"
"OPEX";"Diesel Infrastructure";"NL";"Total Diesel Mark-Up";"Rigid";"BAU";"EUR/kWh";2030;"0.018";"Sensitivity | Current Policies | Urban depot-only charging";"Diesel"
"OPEX";"Diesel Infrastructure";"NL";"Total Diesel Mark-Up";"Tractor-Trailer";"BAU";"EUR/kWh";2030;"0.018";"Sensitivity | Current Policies | Urban depot-only charging";"Diesel"
"OPEX";"Diesel Infrastructure";"NL";"Total Diesel Mark-Up";"Rigid";"PROG";"EUR/kWh";2030;"0.018";"Sensitivity | Current Policies | Urban depot-only charging";"Diesel"
"OPEX";"Diesel Infrastructure";"NL";"Total Diesel Mark-Up";"Tractor-Trailer";"PROG";"EUR/kWh";2030;"0.018";"Sensitivity | Current Policies | Urban depot-only charging";"Diesel"
"OPEX";"Diesel Infrastructure";"PL";"Total Diesel Mark-Up";"Rigid";"BAU";"EUR/kWh";2030;"0.018";"Sensitivity | Current Policies | Urban depot-only charging";"Diesel"
"OPEX";"Diesel Infrastructure";"PL";"Total Diesel Mark-Up";"Tractor-Trailer";"BAU";"EUR/kWh";2030;"0.018";"Sensitivity | Current Policies | Urban depot-only charging";"Diesel"
"OPEX";"Diesel Infrastructure";"PL";"Total Diesel Mark-Up";"Rigid";"PROG";"EUR/kWh";2030;"0.018";"Sensitivity | Current Policies | Urban depot-only charging";"Diesel"
"OPEX";"Diesel Infrastructure";"PL";"Total Diesel Mark-Up";"Tractor-Trailer";"PROG";"EUR/kWh";2030;"0.018";"Sensitivity | Current Policies | Urban depot-only charging";"Diesel"
"OPEX";"Diesel Infrastructure";"UK";"Total Diesel Mark-Up";"Rigid";"BAU";"EUR/kWh";2030;"0.018";"Sensitivity | Current Policies | Urban depot-only charging";"Diesel"
"OPEX";"Diesel Infrastructure";"UK";"Total Diesel Mark-Up";"Tractor-Trailer";"BAU";"EUR/kWh";2030;"0.018";"Sensitivity | Current Policies | Urban depot-only charging";"Diesel"
"OPEX";"Diesel Infrastructure";"UK";"Total Diesel Mark-Up";"Rigid";"PROG";"EUR/kWh";2030;"0.018";"Sensitivity | Current Policies | Urban depot-only charging";"Diesel"
"OPEX";"Diesel Infrastructure";"UK";"Total Diesel Mark-Up";"Tractor-Trailer";"PROG";"EUR/kWh";2030;"0.018";"Sensitivity | Current Policies | Urban depot-only charging";"Diesel"
"OPEX";"Diesel Infrastructure";"DE";"CO2 emission factor Biodiesel";"Rigid";"BAU";"%";2030;"0.166";"Sensitivity | Current Policies | Urban depot-only charging";"Diesel"
"OPEX";"Diesel Infrastructure";"DE";"CO2 emission factor Biodiesel";"Tractor-Trailer";"BAU";"%";2030;"0.166";"Sensitivity | Current Policies | Urban depot-only charging";"Diesel"
"OPEX";"Diesel Infrastructure";"DE";"CO2 emission factor Biodiesel";"Rigid";"PROG";"%";2030;"0.166";"Sensitivity | Current Policies | Urban depot-only charging";"Diesel"
"OPEX";"Diesel Infrastructure";"DE";"CO2 emission factor Biodiesel";"Tractor-Trailer";"PROG";"%";2030;"0.166";"Sensitivity | Current Policies | Urban depot-only charging";"Diesel"
"OPEX";"Diesel Infrastructure";"ES";"CO2 emission factor Biodiesel";"Rigid";"BAU";"%";2030;"0.166";"Sensitivity | Current Policies | Urban depot-only charging";"Diesel"
"OPEX";"Diesel Infrastructure";"ES";"CO2 emission factor Biodiesel";"Tractor-Trailer";"BAU";"%";2030;"0.166";"Sensitivity | Current Policies | Urban depot-only charging";"Diesel"
"OPEX";"Diesel Infrastructure";"ES";"CO2 emission factor Biodiesel";"Rigid";"PROG";"%";2030;"0.166";"Sensitivity | Current Policies | Urban depot-only charging";"Diesel"
"OPEX";"Diesel Infrastructure";"ES";"CO2 emission factor Biodiesel";"Tractor-Trailer";"PROG";"%";2030;"0.166";"Sensitivity | Current Policies | Urban depot-only charging";"Diesel"
"OPEX";"Diesel Infrastructure";"FR";"CO2 emission factor Biodiesel";"Rigid";"BAU";"%";2030;"0.166";"Sensitivity | Current Policies | Urban depot-only charging";"Diesel"
"OPEX";"Diesel Infrastructure";"FR";"CO2 emission factor Biodiesel";"Tractor-Trailer";"BAU";"%";2030;"0.166";"Sensitivity | Current Policies | Urban depot-only charging";"Diesel"
"OPEX";"Diesel Infrastructure";"FR";"CO2 emission factor Biodiesel";"Rigid";"PROG";"%";2030;"0.166";"Sensitivity | Current Policies | Urban depot-only charging";"Diesel"
"OPEX";"Diesel Infrastructure";"FR";"CO2 emission factor Biodiesel";"Tractor-Trailer";"PROG";"%";2030;"0.166";"Sensitivity | Current Policies | Urban depot-only charging";"Diesel"
"OPEX";"Diesel Infrastructure";"IT";"CO2 emission factor Biodiesel";"Rigid";"BAU";"%";2030;"0.166";"Sensitivity | Current Policies | Urban depot-only charging";"Diesel"
"OPEX";"Diesel Infrastructure";"IT";"CO2 emission factor Biodiesel";"Tractor-Trailer";"BAU";"%";2030;"0.166";"Sensitivity | Current Policies | Urban depot-only charging";"Diesel"
"OPEX";"Diesel Infrastructure";"IT";"CO2 emission factor Biodiesel";"Rigid";"PROG";"%";2030;"0.166";"Sensitivity | Current Policies | Urban depot-only charging";"Diesel"
"OPEX";"Diesel Infrastructure";"IT";"CO2 emission factor Biodiesel";"Tractor-Trailer";"PROG";"%";2030;"0.166";"Sensitivity | Current Policies | Urban depot-only charging";"Diesel"
"OPEX";"Diesel Infrastructure";"NL";"CO2 emission factor Biodiesel";"Rigid";"BAU";"%";2030;"0.166";"Sensitivity | Current Policies | Urban depot-only charging";"Diesel"
"OPEX";"Diesel Infrastructure";"NL";"CO2 emission factor Biodiesel";"Tractor-Trailer";"BAU";"%";2030;"0.166";"Sensitivity | Current Policies | Urban depot-only charging";"Diesel"
"OPEX";"Diesel Infrastructure";"NL";"CO2 emission factor Biodiesel";"Rigid";"PROG";"%";2030;"0.166";"Sensitivity | Current Policies | Urban depot-only charging";"Diesel"
"OPEX";"Diesel Infrastructure";"NL";"CO2 emission factor Biodiesel";"Tractor-Trailer";"PROG";"%";2030;"0.166";"Sensitivity | Current Policies | Urban depot-only charging";"Diesel"
"OPEX";"Diesel Infrastructure";"PL";"CO2 emission factor Biodiesel";"Rigid";"BAU";"%";2030;"0.166";"Sensitivity | Current Policies | Urban depot-only charging";"Diesel"
"OPEX";"Diesel Infrastructure";"PL";"CO2 emission factor Biodiesel";"Tractor-Trailer";"BAU";"%";2030;"0.166";"Sensitivity | Current Policies | Urban depot-only charging";"Diesel"
"OPEX";"Diesel Infrastructure";"PL";"CO2 emission factor Biodiesel";"Rigid";"PROG";"%";2030;"0.166";"Sensitivity | Current Policies | Urban depot-only charging";"Diesel"
"OPEX";"Diesel Infrastructure";"PL";"CO2 emission factor Biodiesel";"Tractor-Trailer";"PROG";"%";2030;"0.166";"Sensitivity | Current Policies | Urban depot-only charging";"Diesel"
"OPEX";"Diesel Infrastructure";"UK";"CO2 emission factor Biodiesel";"Rigid";"BAU";"%";2030;"0.166";"Sensitivity | Current Policies | Urban depot-only charging";"Diesel"
"OPEX";"Diesel Infrastructure";"UK";"CO2 emission factor Biodiesel";"Tractor-Trailer";"BAU";"%";2030;"0.166";"Sensitivity | Current Policies | Urban depot-only charging";"Diesel"
"OPEX";"Diesel Infrastructure";"UK";"CO2 emission factor Biodiesel";"Rigid";"PROG";"%";2030;"0.166";"Sensitivity | Current Policies | Urban depot-only charging";"Diesel"
"OPEX";"Diesel Infrastructure";"UK";"CO2 emission factor Biodiesel";"Tractor-Trailer";"PROG";"%";2030;"0.166";"Sensitivity | Current Policies | Urban depot-only charging";"Diesel"
"OPEX";"Diesel Infrastructure";"DE";"CO2 emission factor Pt-Diesel";"Rigid";"BAU";"%";2030;"0";"Sensitivity | Current Policies | Urban depot-only charging";"Diesel"
"OPEX";"Diesel Infrastructure";"DE";"CO2 emission factor Pt-Diesel";"Tractor-Trailer";"BAU";"%";2030;"0";"Sensitivity | Current Policies | Urban depot-only charging";"Diesel"
"OPEX";"Diesel Infrastructure";"DE";"CO2 emission factor Pt-Diesel";"Rigid";"PROG";"%";2030;"0";"Sensitivity | Current Policies | Urban depot-only charging";"Diesel"
"OPEX";"Diesel Infrastructure";"DE";"CO2 emission factor Pt-Diesel";"Tractor-Trailer";"PROG";"%";2030;"0";"Sensitivity | Current Policies | Urban depot-only charging";"Diesel"
"OPEX";"Diesel Infrastructure";"ES";"CO2 emission factor Pt-Diesel";"Rigid";"BAU";"%";2030;"0";"Sensitivity | Current Policies | Urban depot-only charging";"Diesel"
"OPEX";"Diesel Infrastructure";"ES";"CO2 emission factor Pt-Diesel";"Tractor-Trailer";"BAU";"%";2030;"0";"Sensitivity | Current Policies | Urban depot-only charging";"Diesel"
"OPEX";"Diesel Infrastructure";"ES";"CO2 emission factor Pt-Diesel";"Rigid";"PROG";"%";2030;"0";"Sensitivity | Current Policies | Urban depot-only charging";"Diesel"
"OPEX";"Diesel Infrastructure";"ES";"CO2 emission factor Pt-Diesel";"Tractor-Trailer";"PROG";"%";2030;"0";"Sensitivity | Current Policies | Urban depot-only charging";"Diesel"
"OPEX";"Diesel Infrastructure";"FR";"CO2 emission factor Pt-Diesel";"Rigid";"BAU";"%";2030;"0";"Sensitivity | Current Policies | Urban depot-only charging";"Diesel"
"OPEX";"Diesel Infrastructure";"FR";"CO2 emission factor Pt-Diesel";"Tractor-Trailer";"BAU";"%";2030;"0";"Sensitivity | Current Policies | Urban depot-only charging";"Diesel"
"OPEX";"Diesel Infrastructure";"FR";"CO2 emission factor Pt-Diesel";"Rigid";"PROG";"%";2030;"0";"Sensitivity | Current Policies | Urban depot-only charging";"Diesel"
"OPEX";"Diesel Infrastructure";"FR";"CO2 emission factor Pt-Diesel";"Tractor-Trailer";"PROG";"%";2030;"0";"Sensitivity | Current Policies | Urban depot-only charging";"Diesel"
"OPEX";"Diesel Infrastructure";"IT";"CO2 emission factor Pt-Diesel";"Rigid";"BAU";"%";2030;"0";"Sensitivity | Current Policies | Urban depot-only charging";"Diesel"
"OPEX";"Diesel Infrastructure";"IT";"CO2 emission factor Pt-Diesel";"Tractor-Trailer";"BAU";"%";2030;"0";"Sensitivity | Current Policies | Urban depot-only charging";"Diesel"
"OPEX";"Diesel Infrastructure";"IT";"CO2 emission factor Pt-Diesel";"Rigid";"PROG";"%";2030;"0";"Sensitivity | Current Policies | Urban depot-only charging";"Diesel"
"OPEX";"Diesel Infrastructure";"IT";"CO2 emission factor Pt-Diesel";"Tractor-Trailer";"PROG";"%";2030;"0";"Sensitivity | Current Policies | Urban depot-only charging";"Diesel"
"OPEX";"Diesel Infrastructure";"NL";"CO2 emission factor Pt-Diesel";"Rigid";"BAU";"%";2030;"0";"Sensitivity | Current Policies | Urban depot-only charging";"Diesel"
"OPEX";"Diesel Infrastructure";"NL";"CO2 emission factor Pt-Diesel";"Tractor-Trailer";"BAU";"%";2030;"0";"Sensitivity | Current Policies | Urban depot-only charging";"Diesel"
"OPEX";"Diesel Infrastructure";"NL";"CO2 emission factor Pt-Diesel";"Rigid";"PROG";"%";2030;"0";"Sensitivity | Current Policies | Urban depot-only charging";"Diesel"
"OPEX";"Diesel Infrastructure";"NL";"CO2 emission factor Pt-Diesel";"Tractor-Trailer";"PROG";"%";2030;"0";"Sensitivity | Current Policies | Urban depot-only charging";"Diesel"
"OPEX";"Diesel Infrastructure";"PL";"CO2 emission factor Pt-Diesel";"Rigid";"BAU";"%";2030;"0";"Sensitivity | Current Policies | Urban depot-only charging";"Diesel"
"OPEX";"Diesel Infrastructure";"PL";"CO2 emission factor Pt-Diesel";"Tractor-Trailer";"BAU";"%";2030;"0";"Sensitivity | Current Policies | Urban depot-only charging";"Diesel"
"OPEX";"Diesel Infrastructure";"PL";"CO2 emission factor Pt-Diesel";"Rigid";"PROG";"%";2030;"0";"Sensitivity | Current Policies | Urban depot-only charging";"Diesel"
"OPEX";"Diesel Infrastructure";"PL";"CO2 emission factor Pt-Diesel";"Tractor-Trailer";"PROG";"%";2030;"0";"Sensitivity | Current Policies | Urban depot-only charging";"Diesel"
"OPEX";"Diesel Infrastructure";"UK";"CO2 emission factor Pt-Diesel";"Rigid";"BAU";"%";2030;"0";"Sensitivity | Current Policies | Urban depot-only charging";"Diesel"
"OPEX";"Diesel Infrastructure";"UK";"CO2 emission factor Pt-Diesel";"Tractor-Trailer";"BAU";"%";2030;"0";"Sensitivity | Current Policies | Urban depot-only charging";"Diesel"
"OPEX";"Diesel Infrastructure";"UK";"CO2 emission factor Pt-Diesel";"Rigid";"PROG";"%";2030;"0";"Sensitivity | Current Policies | Urban depot-only charging";"Diesel"
"OPEX";"Diesel Infrastructure";"UK";"CO2 emission factor Pt-Diesel";"Tractor-Trailer";"PROG";"%";2030;"0";"Sensitivity | Current Policies | Urban depot-only charging";"Diesel"
"OPEX";"Taxes";"DE";"Network Costs - MCS";"Rigid";"BAU";"EUR/kWh";2030;"0.036";"Sensitivity | Current Policies | Urban depot-only charging";"Electricity"
"OPEX";"Taxes";"DE";"Network Costs - MCS";"Tractor-Trailer";"BAU";"EUR/kWh";2030;"0.036";"Sensitivity | Current Policies | Urban depot-only charging";"Electricity"
"OPEX";"Taxes";"ES";"Network Costs - MCS";"Rigid";"BAU";"EUR/kWh";2030;"0.02";"Sensitivity | Current Policies | Urban depot-only charging";"Electricity"
"OPEX";"Taxes";"ES";"Network Costs - MCS";"Tractor-Trailer";"BAU";"EUR/kWh";2030;"0.02";"Sensitivity | Current Policies | Urban depot-only charging";"Electricity"
"OPEX";"Taxes";"FR";"Network Costs - MCS";"Rigid";"BAU";"EUR/kWh";2030;"0.019";"Sensitivity | Current Policies | Urban depot-only charging";"Electricity"
"OPEX";"Taxes";"FR";"Network Costs - MCS";"Tractor-Trailer";"BAU";"EUR/kWh";2030;"0.019";"Sensitivity | Current Policies | Urban depot-only charging";"Electricity"
"OPEX";"Taxes";"IT";"Network Costs - MCS";"Rigid";"BAU";"EUR/kWh";2030;"0.016";"Sensitivity | Current Policies | Urban depot-only charging";"Electricity"
"OPEX";"Taxes";"IT";"Network Costs - MCS";"Tractor-Trailer";"BAU";"EUR/kWh";2030;"0.016";"Sensitivity | Current Policies | Urban depot-only charging";"Electricity"
"OPEX";"Taxes";"NL";"Network Costs - MCS";"Rigid";"BAU";"EUR/kWh";2030;"0.017";"Sensitivity | Current Policies | Urban depot-only charging";"Electricity"
"OPEX";"Taxes";"NL";"Network Costs - MCS";"Tractor-Trailer";"BAU";"EUR/kWh";2030;"0.017";"Sensitivity | Current Policies | Urban depot-only charging";"Electricity"
"OPEX";"Taxes";"PL";"Network Costs - MCS";"Rigid";"BAU";"EUR/kWh";2030;"0.02";"Sensitivity | Current Policies | Urban depot-only charging";"Electricity"
"OPEX";"Taxes";"PL";"Network Costs - MCS";"Tractor-Trailer";"BAU";"EUR/kWh";2030;"0.02";"Sensitivity | Current Policies | Urban depot-only charging";"Electricity"
"OPEX";"Taxes";"UK";"Network Costs - MCS";"Rigid";"BAU";"EUR/kWh";2030;"0.028";"Sensitivity | Current Policies | Urban depot-only charging";"Electricity"
"OPEX";"Taxes";"UK";"Network Costs - MCS";"Tractor-Trailer";"BAU";"EUR/kWh";2030;"0.028";"Sensitivity | Current Policies | Urban depot-only charging";"Electricity"
"OPEX";"Taxes";"DE";"Taxes, Fees, Levies and charges - MCS";"Rigid";"BAU";"EUR/kWh";2030;"0.068";"Sensitivity | Current Policies | Urban depot-only charging";"Electricity"
"OPEX";"Taxes";"DE";"Taxes, Fees, Levies and charges - MCS";"Tractor-Trailer";"BAU";"EUR/kWh";2030;"0.068";"Sensitivity | Current Policies | Urban depot-only charging";"Electricity"
"OPEX";"Taxes";"ES";"Taxes, Fees, Levies and charges - MCS";"Rigid";"BAU";"EUR/kWh";2030;"0.039";"Sensitivity | Current Policies | Urban depot-only charging";"Electricity"
"OPEX";"Taxes";"ES";"Taxes, Fees, Levies and charges - MCS";"Tractor-Trailer";"BAU";"EUR/kWh";2030;"0.039";"Sensitivity | Current Policies | Urban depot-only charging";"Electricity"
"OPEX";"Taxes";"FR";"Taxes, Fees, Levies and charges - MCS";"Rigid";"BAU";"EUR/kWh";2030;"0.032";"Sensitivity | Current Policies | Urban depot-only charging";"Electricity"
"OPEX";"Taxes";"FR";"Taxes, Fees, Levies and charges - MCS";"Tractor-Trailer";"BAU";"EUR/kWh";2030;"0.032";"Sensitivity | Current Policies | Urban depot-only charging";"Electricity"
"OPEX";"Taxes";"IT";"Taxes, Fees, Levies and charges - MCS";"Rigid";"BAU";"EUR/kWh";2030;"0.067";"Sensitivity | Current Policies | Urban depot-only charging";"Electricity"
"OPEX";"Taxes";"IT";"Taxes, Fees, Levies and charges - MCS";"Tractor-Trailer";"BAU";"EUR/kWh";2030;"0.067";"Sensitivity | Current Policies | Urban depot-only charging";"Electricity"
"OPEX";"Taxes";"NL";"Taxes, Fees, Levies and charges - MCS";"Rigid";"BAU";"EUR/kWh";2030;"0.055";"Sensitivity | Current Policies | Urban depot-only charging";"Electricity"
"OPEX";"Taxes";"NL";"Taxes, Fees, Levies and charges - MCS";"Tractor-Trailer";"BAU";"EUR/kWh";2030;"0.055";"Sensitivity | Current Policies | Urban depot-only charging";"Electricity"
"OPEX";"Taxes";"PL";"Taxes, Fees, Levies and charges - MCS";"Rigid";"BAU";"EUR/kWh";2030;"0.05";"Sensitivity | Current Policies | Urban depot-only charging";"Electricity"
"OPEX";"Taxes";"PL";"Taxes, Fees, Levies and charges - MCS";"Tractor-Trailer";"BAU";"EUR/kWh";2030;"0.05";"Sensitivity | Current Policies | Urban depot-only charging";"Electricity"
"OPEX";"Taxes";"UK";"Taxes, Fees, Levies and charges - MCS";"Rigid";"BAU";"EUR/kWh";2030;"0.078";"Sensitivity | Current Policies | Urban depot-only charging";"Electricity"
"OPEX";"Taxes";"UK";"Taxes, Fees, Levies and charges - MCS";"Tractor-Trailer";"BAU";"EUR/kWh";2030;"0.078";"Sensitivity | Current Policies | Urban depot-only charging";"Electricity"
"OPEX";"Taxes";"DE";"Network Costs - Depot";"Rigid";"BAU";"EUR/kWh";2030;"0.051";"Sensitivity | Current Policies | Urban depot-only charging";"Electricity"
"OPEX";"Taxes";"DE";"Network Costs - Depot";"Tractor-Trailer";"BAU";"EUR/kWh";2030;"0.051";"Sensitivity | Current Policies | Urban depot-only charging";"Electricity"
"OPEX";"Taxes";"ES";"Network Costs - Depot";"Rigid";"BAU";"EUR/kWh";2030;"0.041";"Sensitivity | Current Policies | Urban depot-only charging";"Electricity"
"OPEX";"Taxes";"ES";"Network Costs - Depot";"Tractor-Trailer";"BAU";"EUR/kWh";2030;"0.041";"Sensitivity | Current Policies | Urban depot-only charging";"Electricity"
"OPEX";"Taxes";"FR";"Network Costs - Depot";"Rigid";"BAU";"EUR/kWh";2030;"0.031";"Sensitivity | Current Policies | Urban depot-only charging";"Electricity"
"OPEX";"Taxes";"FR";"Network Costs - Depot";"Tractor-Trailer";"BAU";"EUR/kWh";2030;"0.031";"Sensitivity | Current Policies | Urban depot-only charging";"Electricity"
"OPEX";"Taxes";"IT";"Network Costs - Depot";"Rigid";"BAU";"EUR/kWh";2030;"0.021";"Sensitivity | Current Policies | Urban depot-only charging";"Electricity"
"OPEX";"Taxes";"IT";"Network Costs - Depot";"Tractor-Trailer";"BAU";"EUR/kWh";2030;"0.021";"Sensitivity | Current Policies | Urban depot-only charging";"Electricity"
"OPEX";"Taxes";"NL";"Network Costs - Depot";"Rigid";"BAU";"EUR/kWh";2030;"0.022";"Sensitivity | Current Policies | Urban depot-only charging";"Electricity"
"OPEX";"Taxes";"NL";"Network Costs - Depot";"Tractor-Trailer";"BAU";"EUR/kWh";2030;"0.022";"Sensitivity | Current Policies | Urban depot-only charging";"Electricity"
"OPEX";"Taxes";"PL";"Network Costs - Depot";"Rigid";"BAU";"EUR/kWh";2030;"0.032";"Sensitivity | Current Policies | Urban depot-only charging";"Electricity"
"OPEX";"Taxes";"PL";"Network Costs - Depot";"Tractor-Trailer";"BAU";"EUR/kWh";2030;"0.032";"Sensitivity | Current Policies | Urban depot-only charging";"Electricity"
"OPEX";"Taxes";"UK";"Network Costs - Depot";"Rigid";"BAU";"EUR/kWh";2030;"0.032";"Sensitivity | Current Policies | Urban depot-only charging";"Electricity"
"OPEX";"Taxes";"UK";"Network Costs - Depot";"Tractor-Trailer";"BAU";"EUR/kWh";2030;"0.032";"Sensitivity | Current Policies | Urban depot-only charging";"Electricity"
"OPEX";"Taxes";"DE";"Taxes, Fees, Levies and charges - Depot";"Rigid";"BAU";"EUR/kWh";2030;"0.078";"Sensitivity | Current Policies | Urban depot-only charging";"Electricity"
"OPEX";"Taxes";"DE";"Taxes, Fees, Levies and charges - Depot";"Tractor-Trailer";"BAU";"EUR/kWh";2030;"0.078";"Sensitivity | Current Policies | Urban depot-only charging";"Electricity"
"OPEX";"Taxes";"ES";"Taxes, Fees, Levies and charges - Depot";"Rigid";"BAU";"EUR/kWh";2030;"0.067";"Sensitivity | Current Policies | Urban depot-only charging";"Electricity"
"OPEX";"Taxes";"ES";"Taxes, Fees, Levies and charges - Depot";"Tractor-Trailer";"BAU";"EUR/kWh";2030;"0.067";"Sensitivity | Current Policies | Urban depot-only charging";"Electricity"
"OPEX";"Taxes";"FR";"Taxes, Fees, Levies and charges - Depot";"Rigid";"BAU";"EUR/kWh";2030;"0.048";"Sensitivity | Current Policies | Urban depot-only charging";"Electricity"
"OPEX";"Taxes";"FR";"Taxes, Fees, Levies and charges - Depot";"Tractor-Trailer";"BAU";"EUR/kWh";2030;"0.048";"Sensitivity | Current Policies | Urban depot-only charging";"Electricity"
"OPEX";"Taxes";"IT";"Taxes, Fees, Levies and charges - Depot";"Rigid";"BAU";"EUR/kWh";2030;"0.103";"Sensitivity | Current Policies | Urban depot-only charging";"Electricity"
"OPEX";"Taxes";"IT";"Taxes, Fees, Levies and charges - Depot";"Tractor-Trailer";"BAU";"EUR/kWh";2030;"0.103";"Sensitivity | Current Policies | Urban depot-only charging";"Electricity"
"OPEX";"Taxes";"NL";"Taxes, Fees, Levies and charges - Depot";"Rigid";"BAU";"EUR/kWh";2030;"0.062";"Sensitivity | Current Policies | Urban depot-only charging";"Electricity"
"OPEX";"Taxes";"NL";"Taxes, Fees, Levies and charges - Depot";"Tractor-Trailer";"BAU";"EUR/kWh";2030;"0.062";"Sensitivity | Current Policies | Urban depot-only charging";"Electricity"
"OPEX";"Taxes";"PL";"Taxes, Fees, Levies and charges - Depot";"Rigid";"BAU";"EUR/kWh";2030;"0.056";"Sensitivity | Current Policies | Urban depot-only charging";"Electricity"
"OPEX";"Taxes";"PL";"Taxes, Fees, Levies and charges - Depot";"Tractor-Trailer";"BAU";"EUR/kWh";2030;"0.056";"Sensitivity | Current Policies | Urban depot-only charging";"Electricity"
"OPEX";"Taxes";"UK";"Taxes, Fees, Levies and charges - Depot";"Rigid";"BAU";"EUR/kWh";2030;"0.086";"Sensitivity | Current Policies | Urban depot-only charging";"Electricity"
"OPEX";"Taxes";"UK";"Taxes, Fees, Levies and charges - Depot";"Tractor-Trailer";"BAU";"EUR/kWh";2030;"0.086";"Sensitivity | Current Policies | Urban depot-only charging";"Electricity"
"OPEX";"H2 Infrastructure";"DE";"HRS costs";"Rigid";"BAU";"EUR/kg H2";2030;"1.7";"Sensitivity | Current Policies | Urban depot-only charging";"Hydrogen"
"OPEX";"H2 Infrastructure";"DE";"HRS costs";"Tractor-Trailer";"BAU";"EUR/kg H2";2030;"1.7";"Sensitivity | Current Policies | Urban depot-only charging";"Hydrogen"
"OPEX";"H2 Infrastructure";"ES";"HRS costs";"Rigid";"BAU";"EUR/kg H2";2030;"1.7";"Sensitivity | Current Policies | Urban depot-only charging";"Hydrogen"
"OPEX";"H2 Infrastructure";"ES";"HRS costs";"Tractor-Trailer";"BAU";"EUR/kg H2";2030;"1.7";"Sensitivity | Current Policies | Urban depot-only charging";"Hydrogen"
"OPEX";"H2 Infrastructure";"FR";"HRS costs";"Rigid";"BAU";"EUR/kg H2";2030;"1.7";"Sensitivity | Current Policies | Urban depot-only charging";"Hydrogen"
"OPEX";"H2 Infrastructure";"FR";"HRS costs";"Tractor-Trailer";"BAU";"EUR/kg H2";2030;"1.7";"Sensitivity | Current Policies | Urban depot-only charging";"Hydrogen"
"OPEX";"H2 Infrastructure";"IT";"HRS costs";"Rigid";"BAU";"EUR/kg H2";2030;"1.7";"Sensitivity | Current Policies | Urban depot-only charging";"Hydrogen"
"OPEX";"H2 Infrastructure";"IT";"HRS costs";"Tractor-Trailer";"BAU";"EUR/kg H2";2030;"1.7";"Sensitivity | Current Policies | Urban depot-only charging";"Hydrogen"
"OPEX";"H2 Infrastructure";"NL";"HRS costs";"Rigid";"BAU";"EUR/kg H2";2030;"1.7";"Sensitivity | Current Policies | Urban depot-only charging";"Hydrogen"
"OPEX";"H2 Infrastructure";"NL";"HRS costs";"Tractor-Trailer";"BAU";"EUR/kg H2";2030;"1.7";"Sensitivity | Current Policies | Urban depot-only charging";"Hydrogen"
"OPEX";"H2 Infrastructure";"PL";"HRS costs";"Rigid";"BAU";"EUR/kg H2";2030;"1.7";"Sensitivity | Current Policies | Urban depot-only charging";"Hydrogen"
"OPEX";"H2 Infrastructure";"PL";"HRS costs";"Tractor-Trailer";"BAU";"EUR/kg H2";2030;"1.7";"Sensitivity | Current Policies | Urban depot-only charging";"Hydrogen"
"OPEX";"H2 Infrastructure";"UK";"HRS costs";"Rigid";"BAU";"EUR/kg H2";2030;"1.7";"Sensitivity | Current Policies | Urban depot-only charging";"Hydrogen"
"OPEX";"H2 Infrastructure";"UK";"HRS costs";"Tractor-Trailer";"BAU";"EUR/kg H2";2030;"1.7";"Sensitivity | Current Policies | Urban depot-only charging";"Hydrogen"
"OPEX";"H2 Infrastructure";"DE";"H2 transport and distribution";"Rigid";"BAU";"EUR/kg H2";2030;"1.5";"Sensitivity | Current Policies | Urban depot-only charging";"Hydrogen"
"OPEX";"H2 Infrastructure";"DE";"H2 transport and distribution";"Tractor-Trailer";"BAU";"EUR/kg H2";2030;"1.5";"Sensitivity | Current Policies | Urban depot-only charging";"Hydrogen"
"OPEX";"H2 Infrastructure";"ES";"H2 transport and distribution";"Rigid";"BAU";"EUR/kg H2";2030;"1.5";"Sensitivity | Current Policies | Urban depot-only charging";"Hydrogen"
"OPEX";"H2 Infrastructure";"ES";"H2 transport and distribution";"Tractor-Trailer";"BAU";"EUR/kg H2";2030;"1.5";"Sensitivity | Current Policies | Urban depot-only charging";"Hydrogen"
"OPEX";"H2 Infrastructure";"FR";"H2 transport and distribution";"Rigid";"BAU";"EUR/kg H2";2030;"1.5";"Sensitivity | Current Policies | Urban depot-only charging";"Hydrogen"
"OPEX";"H2 Infrastructure";"FR";"H2 transport and distribution";"Tractor-Trailer";"BAU";"EUR/kg H2";2030;"1.5";"Sensitivity | Current Policies | Urban depot-only charging";"Hydrogen"
"OPEX";"H2 Infrastructure";"IT";"H2 transport and distribution";"Rigid";"BAU";"EUR/kg H2";2030;"1.5";"Sensitivity | Current Policies | Urban depot-only charging";"Hydrogen"
"OPEX";"H2 Infrastructure";"IT";"H2 transport and distribution";"Tractor-Trailer";"BAU";"EUR/kg H2";2030;"1.5";"Sensitivity | Current Policies | Urban depot-only charging";"Hydrogen"
"OPEX";"H2 Infrastructure";"NL";"H2 transport and distribution";"Rigid";"BAU";"EUR/kg H2";2030;"1.5";"Sensitivity | Current Policies | Urban depot-only charging";"Hydrogen"
"OPEX";"H2 Infrastructure";"NL";"H2 transport and distribution";"Tractor-Trailer";"BAU";"EUR/kg H2";2030;"1.5";"Sensitivity | Current Policies | Urban depot-only charging";"Hydrogen"
"OPEX";"H2 Infrastructure";"PL";"H2 transport and distribution";"Rigid";"BAU";"EUR/kg H2";2030;"1.5";"Sensitivity | Current Policies | Urban depot-only charging";"Hydrogen"
"OPEX";"H2 Infrastructure";"PL";"H2 transport and distribution";"Tractor-Trailer";"BAU";"EUR/kg H2";2030;"1.5";"Sensitivity | Current Policies | Urban depot-only charging";"Hydrogen"
"OPEX";"H2 Infrastructure";"UK";"H2 transport and distribution";"Rigid";"BAU";"EUR/kg H2";2030;"1.5";"Sensitivity | Current Policies | Urban depot-only charging";"Hydrogen"
"OPEX";"H2 Infrastructure";"UK";"H2 transport and distribution";"Tractor-Trailer";"BAU";"EUR/kg H2";2030;"1.5";"Sensitivity | Current Policies | Urban depot-only charging";"Hydrogen"
"OPEX";"H2 Infrastructure";"DE";"HRS Overhead, Profit and Mark-Up";"Rigid";"BAU";"EUR/kg H2";2030;"0.25";"Sensitivity | Current Policies | Urban depot-only charging";"Hydrogen"
"OPEX";"H2 Infrastructure";"DE";"HRS Overhead, Profit and Mark-Up";"Tractor-Trailer";"BAU";"EUR/kg H2";2030;"0.25";"Sensitivity | Current Policies | Urban depot-only charging";"Hydrogen"
"OPEX";"H2 Infrastructure";"ES";"HRS Overhead, Profit and Mark-Up";"Rigid";"BAU";"EUR/kg H2";2030;"0.25";"Sensitivity | Current Policies | Urban depot-only charging";"Hydrogen"
"OPEX";"H2 Infrastructure";"ES";"HRS Overhead, Profit and Mark-Up";"Tractor-Trailer";"BAU";"EUR/kg H2";2030;"0.25";"Sensitivity | Current Policies | Urban depot-only charging";"Hydrogen"
"OPEX";"H2 Infrastructure";"FR";"HRS Overhead, Profit and Mark-Up";"Rigid";"BAU";"EUR/kg H2";2030;"0.25";"Sensitivity | Current Policies | Urban depot-only charging";"Hydrogen"
"OPEX";"H2 Infrastructure";"FR";"HRS Overhead, Profit and Mark-Up";"Tractor-Trailer";"BAU";"EUR/kg H2";2030;"0.25";"Sensitivity | Current Policies | Urban depot-only charging";"Hydrogen"
"OPEX";"H2 Infrastructure";"IT";"HRS Overhead, Profit and Mark-Up";"Rigid";"BAU";"EUR/kg H2";2030;"0.25";"Sensitivity | Current Policies | Urban depot-only charging";"Hydrogen"
"OPEX";"H2 Infrastructure";"IT";"HRS Overhead, Profit and Mark-Up";"Tractor-Trailer";"BAU";"EUR/kg H2";2030;"0.25";"Sensitivity | Current Policies | Urban depot-only charging";"Hydrogen"
"OPEX";"H2 Infrastructure";"NL";"HRS Overhead, Profit and Mark-Up";"Rigid";"BAU";"EUR/kg H2";2030;"0.25";"Sensitivity | Current Policies | Urban depot-only charging";"Hydrogen"
"OPEX";"H2 Infrastructure";"NL";"HRS Overhead, Profit and Mark-Up";"Tractor-Trailer";"BAU";"EUR/kg H2";2030;"0.25";"Sensitivity | Current Policies | Urban depot-only charging";"Hydrogen"
"OPEX";"H2 Infrastructure";"PL";"HRS Overhead, Profit and Mark-Up";"Rigid";"BAU";"EUR/kg H2";2030;"0.25";"Sensitivity | Current Policies | Urban depot-only charging";"Hydrogen"
"OPEX";"H2 Infrastructure";"PL";"HRS Overhead, Profit and Mark-Up";"Tractor-Trailer";"BAU";"EUR/kg H2";2030;"0.25";"Sensitivity | Current Policies | Urban depot-only charging";"Hydrogen"
"OPEX";"H2 Infrastructure";"UK";"HRS Overhead, Profit and Mark-Up";"Rigid";"BAU";"EUR/kg H2";2030;"0.25";"Sensitivity | Current Policies | Urban depot-only charging";"Hydrogen"
"OPEX";"H2 Infrastructure";"UK";"HRS Overhead, Profit and Mark-Up";"Tractor-Trailer";"BAU";"EUR/kg H2";2030;"0.25";"Sensitivity | Current Policies | Urban depot-only charging";"Hydrogen"
"OPEX";"Charging Infrastructure";"DE";"MCS Station (Public Charging) - Incl. Overhead";"Rigid";"BAU";"EUR/kWh";2030;"0.143";"Sensitivity | Current Policies | Urban depot-only charging";"Electricity"
"OPEX";"Charging Infrastructure";"DE";"MCS Station (Public Charging) - Incl. Overhead";"Tractor-Trailer";"BAU";"EUR/kWh";2030;"0.143";"Sensitivity | Current Policies | Urban depot-only charging";"Electricity"
"OPEX";"Charging Infrastructure";"ES";"MCS Station (Public Charging) - Incl. Overhead";"Rigid";"BAU";"EUR/kWh";2030;"0.143";"Sensitivity | Current Policies | Urban depot-only charging";"Electricity"
"OPEX";"Charging Infrastructure";"ES";"MCS Station (Public Charging) - Incl. Overhead";"Tractor-Trailer";"BAU";"EUR/kWh";2030;"0.143";"Sensitivity | Current Policies | Urban depot-only charging";"Electricity"
"OPEX";"Charging Infrastructure";"FR";"MCS Station (Public Charging) - Incl. Overhead";"Rigid";"BAU";"EUR/kWh";2030;"0.143";"Sensitivity | Current Policies | Urban depot-only charging";"Electricity"
"OPEX";"Charging Infrastructure";"FR";"MCS Station (Public Charging) - Incl. Overhead";"Tractor-Trailer";"BAU";"EUR/kWh";2030;"0.143";"Sensitivity | Current Policies | Urban depot-only charging";"Electricity"
"OPEX";"Charging Infrastructure";"IT";"MCS Station (Public Charging) - Incl. Overhead";"Rigid";"BAU";"EUR/kWh";2030;"0.143";"Sensitivity | Current Policies | Urban depot-only charging";"Electricity"
"OPEX";"Charging Infrastructure";"IT";"MCS Station (Public Charging) - Incl. Overhead";"Tractor-Trailer";"BAU";"EUR/kWh";2030;"0.143";"Sensitivity | Current Policies | Urban depot-only charging";"Electricity"
"OPEX";"Charging Infrastructure";"NL";"MCS Station (Public Charging) - Incl. Overhead";"Rigid";"BAU";"EUR/kWh";2030;"0.143";"Sensitivity | Current Policies | Urban depot-only charging";"Electricity"
"OPEX";"Charging Infrastructure";"NL";"MCS Station (Public Charging) - Incl. Overhead";"Tractor-Trailer";"BAU";"EUR/kWh";2030;"0.143";"Sensitivity | Current Policies | Urban depot-only charging";"Electricity"
"OPEX";"Charging Infrastructure";"PL";"MCS Station (Public Charging) - Incl. Overhead";"Rigid";"BAU";"EUR/kWh";2030;"0.143";"Sensitivity | Current Policies | Urban depot-only charging";"Electricity"
"OPEX";"Charging Infrastructure";"PL";"MCS Station (Public Charging) - Incl. Overhead";"Tractor-Trailer";"BAU";"EUR/kWh";2030;"0.143";"Sensitivity | Current Policies | Urban depot-only charging";"Electricity"
"OPEX";"Charging Infrastructure";"UK";"MCS Station (Public Charging) - Incl. Overhead";"Rigid";"BAU";"EUR/kWh";2030;"0.143";"Sensitivity | Current Policies | Urban depot-only charging";"Electricity"
"OPEX";"Charging Infrastructure";"UK";"MCS Station (Public Charging) - Incl. Overhead";"Tractor-Trailer";"BAU";"EUR/kWh";2030;"0.143";"Sensitivity | Current Policies | Urban depot-only charging";"Electricity"
"OPEX";"Charging Infrastructure";"DE";"Share MCS-Charging";"Rigid";"BAU";"%";2030;"0";"Sensitivity | Current Policies | Urban depot-only charging";"Electricity"
"OPEX";"Charging Infrastructure";"DE";"Share MCS-Charging";"Tractor-Trailer";"BAU";"%";2030;"0";"Sensitivity | Current Policies | Urban depot-only charging";"Electricity"
"OPEX";"Charging Infrastructure";"ES";"Share MCS-Charging";"Rigid";"BAU";"%";2030;"0";"Sensitivity | Current Policies | Urban depot-only charging";"Electricity"
"OPEX";"Charging Infrastructure";"ES";"Share MCS-Charging";"Tractor-Trailer";"BAU";"%";2030;"0";"Sensitivity | Current Policies | Urban depot-only charging";"Electricity"
"OPEX";"Charging Infrastructure";"FR";"Share MCS-Charging";"Rigid";"BAU";"%";2030;"0";"Sensitivity | Current Policies | Urban depot-only charging";"Electricity"
"OPEX";"Charging Infrastructure";"FR";"Share MCS-Charging";"Tractor-Trailer";"BAU";"%";2030;"0";"Sensitivity | Current Policies | Urban depot-only charging";"Electricity"
"OPEX";"Charging Infrastructure";"IT";"Share MCS-Charging";"Rigid";"BAU";"%";2030;"0";"Sensitivity | Current Policies | Urban depot-only charging";"Electricity"
"OPEX";"Charging Infrastructure";"IT";"Share MCS-Charging";"Tractor-Trailer";"BAU";"%";2030;"0";"Sensitivity | Current Policies | Urban depot-only charging";"Electricity"
"OPEX";"Charging Infrastructure";"NL";"Share MCS-Charging";"Rigid";"BAU";"%";2030;"0";"Sensitivity | Current Policies | Urban depot-only charging";"Electricity"
"OPEX";"Charging Infrastructure";"NL";"Share MCS-Charging";"Tractor-Trailer";"BAU";"%";2030;"0";"Sensitivity | Current Policies | Urban depot-only charging";"Electricity"
"OPEX";"Charging Infrastructure";"PL";"Share MCS-Charging";"Rigid";"BAU";"%";2030;"0";"Sensitivity | Current Policies | Urban depot-only charging";"Electricity"
"OPEX";"Charging Infrastructure";"PL";"Share MCS-Charging";"Tractor-Trailer";"BAU";"%";2030;"0";"Sensitivity | Current Policies | Urban depot-only charging";"Electricity"
"OPEX";"Charging Infrastructure";"UK";"Share MCS-Charging";"Rigid";"BAU";"%";2030;"0";"Sensitivity | Current Policies | Urban depot-only charging";"Electricity"
"OPEX";"Charging Infrastructure";"UK";"Share MCS-Charging";"Tractor-Trailer";"BAU";"%";2030;"0";"Sensitivity | Current Policies | Urban depot-only charging";"Electricity"
"OPEX";"Charging Infrastructure";"DE";"Depot - Network fees savings potential";"Rigid";"BAU";"EUR/kWh";2030;"0";"Sensitivity | Current Policies | Urban depot-only charging";"Electricity"
"OPEX";"Charging Infrastructure";"DE";"Depot - Network fees savings potential";"Tractor-Trailer";"BAU";"EUR/kWh";2030;"0";"Sensitivity | Current Policies | Urban depot-only charging";"Electricity"
"OPEX";"Charging Infrastructure";"ES";"Depot - Network fees savings potential";"Rigid";"BAU";"EUR/kWh";2030;"0";"Sensitivity | Current Policies | Urban depot-only charging";"Electricity"
"OPEX";"Charging Infrastructure";"ES";"Depot - Network fees savings potential";"Tractor-Trailer";"BAU";"EUR/kWh";2030;"0";"Sensitivity | Current Policies | Urban depot-only charging";"Electricity"
"OPEX";"Charging Infrastructure";"FR";"Depot - Network fees savings potential";"Rigid";"BAU";"EUR/kWh";2030;"0";"Sensitivity | Current Policies | Urban depot-only charging";"Electricity"
"OPEX";"Charging Infrastructure";"FR";"Depot - Network fees savings potential";"Tractor-Trailer";"BAU";"EUR/kWh";2030;"0";"Sensitivity | Current Policies | Urban depot-only charging";"Electricity"
"OPEX";"Charging Infrastructure";"IT";"Depot - Network fees savings potential";"Rigid";"BAU";"EUR/kWh";2030;"0";"Sensitivity | Current Policies | Urban depot-only charging";"Electricity"
"OPEX";"Charging Infrastructure";"IT";"Depot - Network fees savings potential";"Tractor-Trailer";"BAU";"EUR/kWh";2030;"0";"Sensitivity | Current Policies | Urban depot-only charging";"Electricity"
"OPEX";"Charging Infrastructure";"NL";"Depot - Network fees savings potential";"Rigid";"BAU";"EUR/kWh";2030;"0";"Sensitivity | Current Policies | Urban depot-only charging";"Electricity"
"OPEX";"Charging Infrastructure";"NL";"Depot - Network fees savings potential";"Tractor-Trailer";"BAU";"EUR/kWh";2030;"0";"Sensitivity | Current Policies | Urban depot-only charging";"Electricity"
"OPEX";"Charging Infrastructure";"PL";"Depot - Network fees savings potential";"Rigid";"BAU";"EUR/kWh";2030;"0";"Sensitivity | Current Policies | Urban depot-only charging";"Electricity"
"OPEX";"Charging Infrastructure";"PL";"Depot - Network fees savings potential";"Tractor-Trailer";"BAU";"EUR/kWh";2030;"0";"Sensitivity | Current Policies | Urban depot-only charging";"Electricity"
"OPEX";"Charging Infrastructure";"UK";"Depot - Network fees savings potential";"Rigid";"BAU";"EUR/kWh";2030;"0";"Sensitivity | Current Policies | Urban depot-only charging";"Electricity"
"OPEX";"Charging Infrastructure";"UK";"Depot - Network fees savings potential";"Tractor-Trailer";"BAU";"EUR/kWh";2030;"0";"Sensitivity | Current Policies | Urban depot-only charging";"Electricity"
"OPEX";"Taxes";"DE";"Tax reduction";"Rigid";"BAU";"%";2030;"-1";"Sensitivity | Current Policies | Urban depot-only charging";"Hydrogen"
"OPEX";"Taxes";"DE";"Tax reduction";"Tractor-Trailer";"BAU";"%";2030;"-1";"Sensitivity | Current Policies | Urban depot-only charging";"Hydrogen"
"OPEX";"Taxes";"ES";"Tax reduction";"Rigid";"BAU";"%";2030;"-1";"Sensitivity | Current Policies | Urban depot-only charging";"Hydrogen"
"OPEX";"Taxes";"ES";"Tax reduction";"Tractor-Trailer";"BAU";"%";2030;"-1";"Sensitivity | Current Policies | Urban depot-only charging";"Hydrogen"
"OPEX";"Taxes";"FR";"Tax reduction";"Rigid";"BAU";"%";2030;"-1";"Sensitivity | Current Policies | Urban depot-only charging";"Hydrogen"
"OPEX";"Taxes";"FR";"Tax reduction";"Tractor-Trailer";"BAU";"%";2030;"-1";"Sensitivity | Current Policies | Urban depot-only charging";"Hydrogen"
"OPEX";"Taxes";"IT";"Tax reduction";"Rigid";"BAU";"%";2030;"-1";"Sensitivity | Current Policies | Urban depot-only charging";"Hydrogen"
"OPEX";"Taxes";"IT";"Tax reduction";"Tractor-Trailer";"BAU";"%";2030;"-1";"Sensitivity | Current Policies | Urban depot-only charging";"Hydrogen"
"OPEX";"Taxes";"NL";"Tax reduction";"Rigid";"BAU";"%";2030;"-1";"Sensitivity | Current Policies | Urban depot-only charging";"Hydrogen"
"OPEX";"Taxes";"NL";"Tax reduction";"Tractor-Trailer";"BAU";"%";2030;"-1";"Sensitivity | Current Policies | Urban depot-only charging";"Hydrogen"
"OPEX";"Taxes";"PL";"Tax reduction";"Rigid";"BAU";"%";2030;"-1";"Sensitivity | Current Policies | Urban depot-only charging";"Hydrogen"
"OPEX";"Taxes";"PL";"Tax reduction";"Tractor-Trailer";"BAU";"%";2030;"-1";"Sensitivity | Current Policies | Urban depot-only charging";"Hydrogen"
"OPEX";"Taxes";"UK";"Tax reduction";"Rigid";"BAU";"%";2030;"-1";"Sensitivity | Current Policies | Urban depot-only charging";"Hydrogen"
"OPEX";"Taxes";"UK";"Tax reduction";"Tractor-Trailer";"BAU";"%";2030;"-1";"Sensitivity | Current Policies | Urban depot-only charging";"Hydrogen"
"OPEX";"Taxes";"DE";"Increasing grid fees";"Rigid";"PROG";"%";2030;"0.1";"Sensitivity | Current Policies | Urban depot-only charging";"Electricity"
"OPEX";"Taxes";"DE";"Increasing grid fees";"Tractor-Trailer";"PROG";"%";2030;"0.1";"Sensitivity | Current Policies | Urban depot-only charging";"Electricity"
"OPEX";"Taxes";"ES";"Increasing grid fees";"Rigid";"PROG";"%";2030;"0.1";"Sensitivity | Current Policies | Urban depot-only charging";"Electricity"
"OPEX";"Taxes";"ES";"Increasing grid fees";"Tractor-Trailer";"PROG";"%";2030;"0.1";"Sensitivity | Current Policies | Urban depot-only charging";"Electricity"
"OPEX";"Taxes";"FR";"Increasing grid fees";"Rigid";"PROG";"%";2030;"0.1";"Sensitivity | Current Policies | Urban depot-only charging";"Electricity"
"OPEX";"Taxes";"FR";"Increasing grid fees";"Tractor-Trailer";"PROG";"%";2030;"0.1";"Sensitivity | Current Policies | Urban depot-only charging";"Electricity"
"OPEX";"Taxes";"IT";"Increasing grid fees";"Rigid";"PROG";"%";2030;"0.1";"Sensitivity | Current Policies | Urban depot-only charging";"Electricity"
"OPEX";"Taxes";"IT";"Increasing grid fees";"Tractor-Trailer";"PROG";"%";2030;"0.1";"Sensitivity | Current Policies | Urban depot-only charging";"Electricity"
"OPEX";"Taxes";"NL";"Increasing grid fees";"Rigid";"PROG";"%";2030;"0.1";"Sensitivity | Current Policies | Urban depot-only charging";"Electricity"
"OPEX";"Taxes";"NL";"Increasing grid fees";"Tractor-Trailer";"PROG";"%";2030;"0.1";"Sensitivity | Current Policies | Urban depot-only charging";"Electricity"
"OPEX";"Taxes";"PL";"Increasing grid fees";"Rigid";"PROG";"%";2030;"0.1";"Sensitivity | Current Policies | Urban depot-only charging";"Electricity"
"OPEX";"Taxes";"PL";"Increasing grid fees";"Tractor-Trailer";"PROG";"%";2030;"0.1";"Sensitivity | Current Policies | Urban depot-only charging";"Electricity"
"OPEX";"Taxes";"UK";"Increasing grid fees";"Rigid";"PROG";"%";2030;"0.1";"Sensitivity | Current Policies | Urban depot-only charging";"Electricity"
"OPEX";"Taxes";"UK";"Increasing grid fees";"Tractor-Trailer";"PROG";"%";2030;"0.1";"Sensitivity | Current Policies | Urban depot-only charging";"Electricity"
"OPEX";"Taxes";"DE";"Increasing grid fees";"Rigid";"BAU";"%";2030;"0.167";"Sensitivity | Current Policies | Urban depot-only charging";"Electricity"
"OPEX";"Taxes";"DE";"Increasing grid fees";"Tractor-Trailer";"BAU";"%";2030;"0.167";"Sensitivity | Current Policies | Urban depot-only charging";"Electricity"
"OPEX";"Taxes";"ES";"Increasing grid fees";"Rigid";"BAU";"%";2030;"0.167";"Sensitivity | Current Policies | Urban depot-only charging";"Electricity"
"OPEX";"Taxes";"ES";"Increasing grid fees";"Tractor-Trailer";"BAU";"%";2030;"0.167";"Sensitivity | Current Policies | Urban depot-only charging";"Electricity"
"OPEX";"Taxes";"FR";"Increasing grid fees";"Rigid";"BAU";"%";2030;"0.167";"Sensitivity | Current Policies | Urban depot-only charging";"Electricity"
"OPEX";"Taxes";"FR";"Increasing grid fees";"Tractor-Trailer";"BAU";"%";2030;"0.167";"Sensitivity | Current Policies | Urban depot-only charging";"Electricity"
"OPEX";"Taxes";"IT";"Increasing grid fees";"Rigid";"BAU";"%";2030;"0.167";"Sensitivity | Current Policies | Urban depot-only charging";"Electricity"
"OPEX";"Taxes";"IT";"Increasing grid fees";"Tractor-Trailer";"BAU";"%";2030;"0.167";"Sensitivity | Current Policies | Urban depot-only charging";"Electricity"
"OPEX";"Taxes";"NL";"Increasing grid fees";"Rigid";"BAU";"%";2030;"0.167";"Sensitivity | Current Policies | Urban depot-only charging";"Electricity"
"OPEX";"Taxes";"NL";"Increasing grid fees";"Tractor-Trailer";"BAU";"%";2030;"0.167";"Sensitivity | Current Policies | Urban depot-only charging";"Electricity"
"OPEX";"Taxes";"PL";"Increasing grid fees";"Rigid";"BAU";"%";2030;"0.167";"Sensitivity | Current Policies | Urban depot-only charging";"Electricity"
"OPEX";"Taxes";"PL";"Increasing grid fees";"Tractor-Trailer";"BAU";"%";2030;"0.167";"Sensitivity | Current Policies | Urban depot-only charging";"Electricity"
"OPEX";"Taxes";"UK";"Increasing grid fees";"Rigid";"BAU";"%";2030;"0.167";"Sensitivity | Current Policies | Urban depot-only charging";"Electricity"
"OPEX";"Taxes";"UK";"Increasing grid fees";"Tractor-Trailer";"BAU";"%";2030;"0.167";"Sensitivity | Current Policies | Urban depot-only charging";"Electricity"
"OPEX";"Taxes";"DE";"Network Costs - MCS";"Rigid";"PROG";"EUR/kWh";2035;"0.034";"Sensitivity | Current Policies | Urban depot-only charging";"Electricity"
"OPEX";"Taxes";"DE";"Network Costs - MCS";"Tractor-Trailer";"PROG";"EUR/kWh";2035;"0.034";"Sensitivity | Current Policies | Urban depot-only charging";"Electricity"
"OPEX";"Taxes";"ES";"Network Costs - MCS";"Rigid";"PROG";"EUR/kWh";2035;"0.014";"Sensitivity | Current Policies | Urban depot-only charging";"Electricity"
"OPEX";"Taxes";"ES";"Network Costs - MCS";"Tractor-Trailer";"PROG";"EUR/kWh";2035;"0.014";"Sensitivity | Current Policies | Urban depot-only charging";"Electricity"
"OPEX";"Taxes";"FR";"Network Costs - MCS";"Rigid";"PROG";"EUR/kWh";2035;"0.016";"Sensitivity | Current Policies | Urban depot-only charging";"Electricity"
"OPEX";"Taxes";"FR";"Network Costs - MCS";"Tractor-Trailer";"PROG";"EUR/kWh";2035;"0.016";"Sensitivity | Current Policies | Urban depot-only charging";"Electricity"
"OPEX";"Taxes";"IT";"Network Costs - MCS";"Rigid";"PROG";"EUR/kWh";2035;"0.014";"Sensitivity | Current Policies | Urban depot-only charging";"Electricity"
"OPEX";"Taxes";"IT";"Network Costs - MCS";"Tractor-Trailer";"PROG";"EUR/kWh";2035;"0.014";"Sensitivity | Current Policies | Urban depot-only charging";"Electricity"
"OPEX";"Taxes";"NL";"Network Costs - MCS";"Rigid";"PROG";"EUR/kWh";2035;"0.015";"Sensitivity | Current Policies | Urban depot-only charging";"Electricity"
"OPEX";"Taxes";"NL";"Network Costs - MCS";"Tractor-Trailer";"PROG";"EUR/kWh";2035;"0.015";"Sensitivity | Current Policies | Urban depot-only charging";"Electricity"
"OPEX";"Taxes";"PL";"Network Costs - MCS";"Rigid";"PROG";"EUR/kWh";2035;"0.016";"Sensitivity | Current Policies | Urban depot-only charging";"Electricity"
"OPEX";"Taxes";"PL";"Network Costs - MCS";"Tractor-Trailer";"PROG";"EUR/kWh";2035;"0.016";"Sensitivity | Current Policies | Urban depot-only charging";"Electricity"
"OPEX";"Taxes";"UK";"Network Costs - MCS";"Rigid";"PROG";"EUR/kWh";2035;"0.025";"Sensitivity | Current Policies | Urban depot-only charging";"Electricity"
"OPEX";"Taxes";"UK";"Network Costs - MCS";"Tractor-Trailer";"PROG";"EUR/kWh";2035;"0.025";"Sensitivity | Current Policies | Urban depot-only charging";"Electricity"
"OPEX";"Taxes";"DE";"Taxes, Fees, Levies and charges - MCS";"Rigid";"PROG";"EUR/kWh";2035;"0.056";"Sensitivity | Current Policies | Urban depot-only charging";"Electricity"
"OPEX";"Taxes";"DE";"Taxes, Fees, Levies and charges - MCS";"Tractor-Trailer";"PROG";"EUR/kWh";2035;"0.056";"Sensitivity | Current Policies | Urban depot-only charging";"Electricity"
"OPEX";"Taxes";"ES";"Taxes, Fees, Levies and charges - MCS";"Rigid";"PROG";"EUR/kWh";2035;"0.03";"Sensitivity | Current Policies | Urban depot-only charging";"Electricity"
"OPEX";"Taxes";"ES";"Taxes, Fees, Levies and charges - MCS";"Tractor-Trailer";"PROG";"EUR/kWh";2035;"0.03";"Sensitivity | Current Policies | Urban depot-only charging";"Electricity"
"OPEX";"Taxes";"FR";"Taxes, Fees, Levies and charges - MCS";"Rigid";"PROG";"EUR/kWh";2035;"0.027";"Sensitivity | Current Policies | Urban depot-only charging";"Electricity"
"OPEX";"Taxes";"FR";"Taxes, Fees, Levies and charges - MCS";"Tractor-Trailer";"PROG";"EUR/kWh";2035;"0.027";"Sensitivity | Current Policies | Urban depot-only charging";"Electricity"
"OPEX";"Taxes";"IT";"Taxes, Fees, Levies and charges - MCS";"Rigid";"PROG";"EUR/kWh";2035;"0.052";"Sensitivity | Current Policies | Urban depot-only charging";"Electricity"
"OPEX";"Taxes";"IT";"Taxes, Fees, Levies and charges - MCS";"Tractor-Trailer";"PROG";"EUR/kWh";2035;"0.052";"Sensitivity | Current Policies | Urban depot-only charging";"Electricity"
"OPEX";"Taxes";"NL";"Taxes, Fees, Levies and charges - MCS";"Rigid";"PROG";"EUR/kWh";2035;"0.048";"Sensitivity | Current Policies | Urban depot-only charging";"Electricity"
"OPEX";"Taxes";"NL";"Taxes, Fees, Levies and charges - MCS";"Tractor-Trailer";"PROG";"EUR/kWh";2035;"0.048";"Sensitivity | Current Policies | Urban depot-only charging";"Electricity"
"OPEX";"Taxes";"PL";"Taxes, Fees, Levies and charges - MCS";"Rigid";"PROG";"EUR/kWh";2035;"0.047";"Sensitivity | Current Policies | Urban depot-only charging";"Electricity"
"OPEX";"Taxes";"PL";"Taxes, Fees, Levies and charges - MCS";"Tractor-Trailer";"PROG";"EUR/kWh";2035;"0.047";"Sensitivity | Current Policies | Urban depot-only charging";"Electricity"
"OPEX";"Taxes";"UK";"Taxes, Fees, Levies and charges - MCS";"Rigid";"PROG";"EUR/kWh";2035;"0.075";"Sensitivity | Current Policies | Urban depot-only charging";"Electricity"
"OPEX";"Taxes";"UK";"Taxes, Fees, Levies and charges - MCS";"Tractor-Trailer";"PROG";"EUR/kWh";2035;"0.075";"Sensitivity | Current Policies | Urban depot-only charging";"Electricity"
"OPEX";"Taxes";"DE";"Network Costs - Depot";"Rigid";"PROG";"EUR/kWh";2035;"0.034";"Sensitivity | Current Policies | Urban depot-only charging";"Electricity"
"OPEX";"Taxes";"DE";"Network Costs - Depot";"Tractor-Trailer";"PROG";"EUR/kWh";2035;"0.034";"Sensitivity | Current Policies | Urban depot-only charging";"Electricity"
"OPEX";"Taxes";"ES";"Network Costs - Depot";"Rigid";"PROG";"EUR/kWh";2035;"0.018";"Sensitivity | Current Policies | Urban depot-only charging";"Electricity"
"OPEX";"Taxes";"ES";"Network Costs - Depot";"Tractor-Trailer";"PROG";"EUR/kWh";2035;"0.018";"Sensitivity | Current Policies | Urban depot-only charging";"Electricity"
"OPEX";"Taxes";"FR";"Network Costs - Depot";"Rigid";"PROG";"EUR/kWh";2035;"0.018";"Sensitivity | Current Policies | Urban depot-only charging";"Electricity"
"OPEX";"Taxes";"FR";"Network Costs - Depot";"Tractor-Trailer";"PROG";"EUR/kWh";2035;"0.018";"Sensitivity | Current Policies | Urban depot-only charging";"Electricity"
"OPEX";"Taxes";"IT";"Network Costs - Depot";"Rigid";"PROG";"EUR/kWh";2035;"0.016";"Sensitivity | Current Policies | Urban depot-only charging";"Electricity"
"OPEX";"Taxes";"IT";"Network Costs - Depot";"Tractor-Trailer";"PROG";"EUR/kWh";2035;"0.016";"Sensitivity | Current Policies | Urban depot-only charging";"Electricity"
"OPEX";"Taxes";"NL";"Network Costs - Depot";"Rigid";"PROG";"EUR/kWh";2035;"0.016";"Sensitivity | Current Policies | Urban depot-only charging";"Electricity"
"OPEX";"Taxes";"NL";"Network Costs - Depot";"Tractor-Trailer";"PROG";"EUR/kWh";2035;"0.016";"Sensitivity | Current Policies | Urban depot-only charging";"Electricity"
"OPEX";"Taxes";"PL";"Network Costs - Depot";"Rigid";"PROG";"EUR/kWh";2035;"0.019";"Sensitivity | Current Policies | Urban depot-only charging";"Electricity"
"OPEX";"Taxes";"PL";"Network Costs - Depot";"Tractor-Trailer";"PROG";"EUR/kWh";2035;"0.019";"Sensitivity | Current Policies | Urban depot-only charging";"Electricity"
"OPEX";"Taxes";"UK";"Network Costs - Depot";"Rigid";"PROG";"EUR/kWh";2035;"0.027";"Sensitivity | Current Policies | Urban depot-only charging";"Electricity"
"OPEX";"Taxes";"UK";"Network Costs - Depot";"Tractor-Trailer";"PROG";"EUR/kWh";2035;"0.027";"Sensitivity | Current Policies | Urban depot-only charging";"Electricity"
"OPEX";"Taxes";"DE";"Taxes, Fees, Levies and charges - Depot";"Rigid";"PROG";"EUR/kWh";2035;"0.056";"Sensitivity | Current Policies | Urban depot-only charging";"Electricity"
"OPEX";"Taxes";"DE";"Taxes, Fees, Levies and charges - Depot";"Tractor-Trailer";"PROG";"EUR/kWh";2035;"0.056";"Sensitivity | Current Policies | Urban depot-only charging";"Electricity"
"OPEX";"Taxes";"ES";"Taxes, Fees, Levies and charges - Depot";"Rigid";"PROG";"EUR/kWh";2035;"0.036";"Sensitivity | Current Policies | Urban depot-only charging";"Electricity"
"OPEX";"Taxes";"ES";"Taxes, Fees, Levies and charges - Depot";"Tractor-Trailer";"PROG";"EUR/kWh";2035;"0.036";"Sensitivity | Current Policies | Urban depot-only charging";"Electricity"
"OPEX";"Taxes";"FR";"Taxes, Fees, Levies and charges - Depot";"Rigid";"PROG";"EUR/kWh";2035;"0.03";"Sensitivity | Current Policies | Urban depot-only charging";"Electricity"
"OPEX";"Taxes";"FR";"Taxes, Fees, Levies and charges - Depot";"Tractor-Trailer";"PROG";"EUR/kWh";2035;"0.03";"Sensitivity | Current Policies | Urban depot-only charging";"Electricity"
"OPEX";"Taxes";"IT";"Taxes, Fees, Levies and charges - Depot";"Rigid";"PROG";"EUR/kWh";2035;"0.063";"Sensitivity | Current Policies | Urban depot-only charging";"Electricity"
"OPEX";"Taxes";"IT";"Taxes, Fees, Levies and charges - Depot";"Tractor-Trailer";"PROG";"EUR/kWh";2035;"0.063";"Sensitivity | Current Policies | Urban depot-only charging";"Electricity"
"OPEX";"Taxes";"NL";"Taxes, Fees, Levies and charges - Depot";"Rigid";"PROG";"EUR/kWh";2035;"0.055";"Sensitivity | Current Policies | Urban depot-only charging";"Electricity"
"OPEX";"Taxes";"NL";"Taxes, Fees, Levies and charges - Depot";"Tractor-Trailer";"PROG";"EUR/kWh";2035;"0.055";"Sensitivity | Current Policies | Urban depot-only charging";"Electricity"
"OPEX";"Taxes";"PL";"Taxes, Fees, Levies and charges - Depot";"Rigid";"PROG";"EUR/kWh";2035;"0.049";"Sensitivity | Current Policies | Urban depot-only charging";"Electricity"
"OPEX";"Taxes";"PL";"Taxes, Fees, Levies and charges - Depot";"Tractor-Trailer";"PROG";"EUR/kWh";2035;"0.049";"Sensitivity | Current Policies | Urban depot-only charging";"Electricity"
"OPEX";"Taxes";"UK";"Taxes, Fees, Levies and charges - Depot";"Rigid";"PROG";"EUR/kWh";2035;"0.084";"Sensitivity | Current Policies | Urban depot-only charging";"Electricity"
"OPEX";"Taxes";"UK";"Taxes, Fees, Levies and charges - Depot";"Tractor-Trailer";"PROG";"EUR/kWh";2035;"0.084";"Sensitivity | Current Policies | Urban depot-only charging";"Electricity"
"OPEX";"H2 Infrastructure";"DE";"HRS costs";"Rigid";"PROG";"EUR/kg H2";2035;"0.9";"Sensitivity | Current Policies | Urban depot-only charging";"Hydrogen"
"OPEX";"H2 Infrastructure";"DE";"HRS costs";"Tractor-Trailer";"PROG";"EUR/kg H2";2035;"0.9";"Sensitivity | Current Policies | Urban depot-only charging";"Hydrogen"
"OPEX";"H2 Infrastructure";"ES";"HRS costs";"Rigid";"PROG";"EUR/kg H2";2035;"0.9";"Sensitivity | Current Policies | Urban depot-only charging";"Hydrogen"
"OPEX";"H2 Infrastructure";"ES";"HRS costs";"Tractor-Trailer";"PROG";"EUR/kg H2";2035;"0.9";"Sensitivity | Current Policies | Urban depot-only charging";"Hydrogen"
"OPEX";"H2 Infrastructure";"FR";"HRS costs";"Rigid";"PROG";"EUR/kg H2";2035;"0.9";"Sensitivity | Current Policies | Urban depot-only charging";"Hydrogen"
"OPEX";"H2 Infrastructure";"FR";"HRS costs";"Tractor-Trailer";"PROG";"EUR/kg H2";2035;"0.9";"Sensitivity | Current Policies | Urban depot-only charging";"Hydrogen"
"OPEX";"H2 Infrastructure";"IT";"HRS costs";"Rigid";"PROG";"EUR/kg H2";2035;"0.9";"Sensitivity | Current Policies | Urban depot-only charging";"Hydrogen"
"OPEX";"H2 Infrastructure";"IT";"HRS costs";"Tractor-Trailer";"PROG";"EUR/kg H2";2035;"0.9";"Sensitivity | Current Policies | Urban depot-only charging";"Hydrogen"
"OPEX";"H2 Infrastructure";"NL";"HRS costs";"Rigid";"PROG";"EUR/kg H2";2035;"0.9";"Sensitivity | Current Policies | Urban depot-only charging";"Hydrogen"
"OPEX";"H2 Infrastructure";"NL";"HRS costs";"Tractor-Trailer";"PROG";"EUR/kg H2";2035;"0.9";"Sensitivity | Current Policies | Urban depot-only charging";"Hydrogen"
"OPEX";"H2 Infrastructure";"PL";"HRS costs";"Rigid";"PROG";"EUR/kg H2";2035;"0.9";"Sensitivity | Current Policies | Urban depot-only charging";"Hydrogen"
"OPEX";"H2 Infrastructure";"PL";"HRS costs";"Tractor-Trailer";"PROG";"EUR/kg H2";2035;"0.9";"Sensitivity | Current Policies | Urban depot-only charging";"Hydrogen"
"OPEX";"H2 Infrastructure";"UK";"HRS costs";"Rigid";"PROG";"EUR/kg H2";2035;"0.9";"Sensitivity | Current Policies | Urban depot-only charging";"Hydrogen"
"OPEX";"H2 Infrastructure";"UK";"HRS costs";"Tractor-Trailer";"PROG";"EUR/kg H2";2035;"0.9";"Sensitivity | Current Policies | Urban depot-only charging";"Hydrogen"
"OPEX";"H2 Infrastructure";"DE";"H2 transport and distribution";"Rigid";"PROG";"EUR/kg H2";2035;"0.833";"Sensitivity | Current Policies | Urban depot-only charging";"Hydrogen"
"OPEX";"H2 Infrastructure";"DE";"H2 transport and distribution";"Tractor-Trailer";"PROG";"EUR/kg H2";2035;"0.833";"Sensitivity | Current Policies | Urban depot-only charging";"Hydrogen"
"OPEX";"H2 Infrastructure";"ES";"H2 transport and distribution";"Rigid";"PROG";"EUR/kg H2";2035;"0.833";"Sensitivity | Current Policies | Urban depot-only charging";"Hydrogen"
"OPEX";"H2 Infrastructure";"ES";"H2 transport and distribution";"Tractor-Trailer";"PROG";"EUR/kg H2";2035;"0.833";"Sensitivity | Current Policies | Urban depot-only charging";"Hydrogen"
"OPEX";"H2 Infrastructure";"FR";"H2 transport and distribution";"Rigid";"PROG";"EUR/kg H2";2035;"0.833";"Sensitivity | Current Policies | Urban depot-only charging";"Hydrogen"
"OPEX";"H2 Infrastructure";"FR";"H2 transport and distribution";"Tractor-Trailer";"PROG";"EUR/kg H2";2035;"0.833";"Sensitivity | Current Policies | Urban depot-only charging";"Hydrogen"
"OPEX";"H2 Infrastructure";"IT";"H2 transport and distribution";"Rigid";"PROG";"EUR/kg H2";2035;"0.833";"Sensitivity | Current Policies | Urban depot-only charging";"Hydrogen"
"OPEX";"H2 Infrastructure";"IT";"H2 transport and distribution";"Tractor-Trailer";"PROG";"EUR/kg H2";2035;"0.833";"Sensitivity | Current Policies | Urban depot-only charging";"Hydrogen"
"OPEX";"H2 Infrastructure";"NL";"H2 transport and distribution";"Rigid";"PROG";"EUR/kg H2";2035;"0.833";"Sensitivity | Current Policies | Urban depot-only charging";"Hydrogen"
"OPEX";"H2 Infrastructure";"NL";"H2 transport and distribution";"Tractor-Trailer";"PROG";"EUR/kg H2";2035;"0.833";"Sensitivity | Current Policies | Urban depot-only charging";"Hydrogen"
"OPEX";"H2 Infrastructure";"PL";"H2 transport and distribution";"Rigid";"PROG";"EUR/kg H2";2035;"0.833";"Sensitivity | Current Policies | Urban depot-only charging";"Hydrogen"
"OPEX";"H2 Infrastructure";"PL";"H2 transport and distribution";"Tractor-Trailer";"PROG";"EUR/kg H2";2035;"0.833";"Sensitivity | Current Policies | Urban depot-only charging";"Hydrogen"
"OPEX";"H2 Infrastructure";"UK";"H2 transport and distribution";"Rigid";"PROG";"EUR/kg H2";2035;"0.833";"Sensitivity | Current Policies | Urban depot-only charging";"Hydrogen"
"OPEX";"H2 Infrastructure";"UK";"H2 transport and distribution";"Tractor-Trailer";"PROG";"EUR/kg H2";2035;"0.833";"Sensitivity | Current Policies | Urban depot-only charging";"Hydrogen"
"OPEX";"H2 Infrastructure";"DE";"HRS Overhead, Profit and Mark-Up";"Rigid";"PROG";"EUR/kg H2";2035;"0.25";"Sensitivity | Current Policies | Urban depot-only charging";"Hydrogen"
"OPEX";"H2 Infrastructure";"DE";"HRS Overhead, Profit and Mark-Up";"Tractor-Trailer";"PROG";"EUR/kg H2";2035;"0.25";"Sensitivity | Current Policies | Urban depot-only charging";"Hydrogen"
"OPEX";"H2 Infrastructure";"ES";"HRS Overhead, Profit and Mark-Up";"Rigid";"PROG";"EUR/kg H2";2035;"0.25";"Sensitivity | Current Policies | Urban depot-only charging";"Hydrogen"
"OPEX";"H2 Infrastructure";"ES";"HRS Overhead, Profit and Mark-Up";"Tractor-Trailer";"PROG";"EUR/kg H2";2035;"0.25";"Sensitivity | Current Policies | Urban depot-only charging";"Hydrogen"
"OPEX";"H2 Infrastructure";"FR";"HRS Overhead, Profit and Mark-Up";"Rigid";"PROG";"EUR/kg H2";2035;"0.25";"Sensitivity | Current Policies | Urban depot-only charging";"Hydrogen"
"OPEX";"H2 Infrastructure";"FR";"HRS Overhead, Profit and Mark-Up";"Tractor-Trailer";"PROG";"EUR/kg H2";2035;"0.25";"Sensitivity | Current Policies | Urban depot-only charging";"Hydrogen"
"OPEX";"H2 Infrastructure";"IT";"HRS Overhead, Profit and Mark-Up";"Rigid";"PROG";"EUR/kg H2";2035;"0.25";"Sensitivity | Current Policies | Urban depot-only charging";"Hydrogen"
"OPEX";"H2 Infrastructure";"IT";"HRS Overhead, Profit and Mark-Up";"Tractor-Trailer";"PROG";"EUR/kg H2";2035;"0.25";"Sensitivity | Current Policies | Urban depot-only charging";"Hydrogen"
"OPEX";"H2 Infrastructure";"NL";"HRS Overhead, Profit and Mark-Up";"Rigid";"PROG";"EUR/kg H2";2035;"0.25";"Sensitivity | Current Policies | Urban depot-only charging";"Hydrogen"
"OPEX";"H2 Infrastructure";"NL";"HRS Overhead, Profit and Mark-Up";"Tractor-Trailer";"PROG";"EUR/kg H2";2035;"0.25";"Sensitivity | Current Policies | Urban depot-only charging";"Hydrogen"
"OPEX";"H2 Infrastructure";"PL";"HRS Overhead, Profit and Mark-Up";"Rigid";"PROG";"EUR/kg H2";2035;"0.25";"Sensitivity | Current Policies | Urban depot-only charging";"Hydrogen"
"OPEX";"H2 Infrastructure";"PL";"HRS Overhead, Profit and Mark-Up";"Tractor-Trailer";"PROG";"EUR/kg H2";2035;"0.25";"Sensitivity | Current Policies | Urban depot-only charging";"Hydrogen"
"OPEX";"H2 Infrastructure";"UK";"HRS Overhead, Profit and Mark-Up";"Rigid";"PROG";"EUR/kg H2";2035;"0.25";"Sensitivity | Current Policies | Urban depot-only charging";"Hydrogen"
"OPEX";"H2 Infrastructure";"UK";"HRS Overhead, Profit and Mark-Up";"Tractor-Trailer";"PROG";"EUR/kg H2";2035;"0.25";"Sensitivity | Current Policies | Urban depot-only charging";"Hydrogen"
"OPEX";"Charging Infrastructure";"DE";"MCS Station (Public Charging) - Incl. Overhead";"Rigid";"PROG";"EUR/kWh";2035;"0.031";"Sensitivity | Current Policies | Urban depot-only charging";"Electricity"
"OPEX";"Charging Infrastructure";"DE";"MCS Station (Public Charging) - Incl. Overhead";"Tractor-Trailer";"PROG";"EUR/kWh";2035;"0.031";"Sensitivity | Current Policies | Urban depot-only charging";"Electricity"
"OPEX";"Charging Infrastructure";"ES";"MCS Station (Public Charging) - Incl. Overhead";"Rigid";"PROG";"EUR/kWh";2035;"0.031";"Sensitivity | Current Policies | Urban depot-only charging";"Electricity"
"OPEX";"Charging Infrastructure";"ES";"MCS Station (Public Charging) - Incl. Overhead";"Tractor-Trailer";"PROG";"EUR/kWh";2035;"0.031";"Sensitivity | Current Policies | Urban depot-only charging";"Electricity"
"OPEX";"Charging Infrastructure";"FR";"MCS Station (Public Charging) - Incl. Overhead";"Rigid";"PROG";"EUR/kWh";2035;"0.031";"Sensitivity | Current Policies | Urban depot-only charging";"Electricity"
"OPEX";"Charging Infrastructure";"FR";"MCS Station (Public Charging) - Incl. Overhead";"Tractor-Trailer";"PROG";"EUR/kWh";2035;"0.031";"Sensitivity | Current Policies | Urban depot-only charging";"Electricity"
"OPEX";"Charging Infrastructure";"IT";"MCS Station (Public Charging) - Incl. Overhead";"Rigid";"PROG";"EUR/kWh";2035;"0.031";"Sensitivity | Current Policies | Urban depot-only charging";"Electricity"
"OPEX";"Charging Infrastructure";"IT";"MCS Station (Public Charging) - Incl. Overhead";"Tractor-Trailer";"PROG";"EUR/kWh";2035;"0.031";"Sensitivity | Current Policies | Urban depot-only charging";"Electricity"
"OPEX";"Charging Infrastructure";"NL";"MCS Station (Public Charging) - Incl. Overhead";"Rigid";"PROG";"EUR/kWh";2035;"0.031";"Sensitivity | Current Policies | Urban depot-only charging";"Electricity"
"OPEX";"Charging Infrastructure";"NL";"MCS Station (Public Charging) - Incl. Overhead";"Tractor-Trailer";"PROG";"EUR/kWh";2035;"0.031";"Sensitivity | Current Policies | Urban depot-only charging";"Electricity"
"OPEX";"Charging Infrastructure";"PL";"MCS Station (Public Charging) - Incl. Overhead";"Rigid";"PROG";"EUR/kWh";2035;"0.031";"Sensitivity | Current Policies | Urban depot-only charging";"Electricity"
"OPEX";"Charging Infrastructure";"PL";"MCS Station (Public Charging) - Incl. Overhead";"Tractor-Trailer";"PROG";"EUR/kWh";2035;"0.031";"Sensitivity | Current Policies | Urban depot-only charging";"Electricity"
"OPEX";"Charging Infrastructure";"UK";"MCS Station (Public Charging) - Incl. Overhead";"Rigid";"PROG";"EUR/kWh";2035;"0.031";"Sensitivity | Current Policies | Urban depot-only charging";"Electricity"
"OPEX";"Charging Infrastructure";"UK";"MCS Station (Public Charging) - Incl. Overhead";"Tractor-Trailer";"PROG";"EUR/kWh";2035;"0.031";"Sensitivity | Current Policies | Urban depot-only charging";"Electricity"
"OPEX";"Charging Infrastructure";"DE";"Share MCS-Charging";"Rigid";"PROG";"%";2035;"0";"Sensitivity | Current Policies | Urban depot-only charging";"Electricity"
"OPEX";"Charging Infrastructure";"DE";"Share MCS-Charging";"Tractor-Trailer";"PROG";"%";2035;"0";"Sensitivity | Current Policies | Urban depot-only charging";"Electricity"
"OPEX";"Charging Infrastructure";"ES";"Share MCS-Charging";"Rigid";"PROG";"%";2035;"0";"Sensitivity | Current Policies | Urban depot-only charging";"Electricity"
"OPEX";"Charging Infrastructure";"ES";"Share MCS-Charging";"Tractor-Trailer";"PROG";"%";2035;"0";"Sensitivity | Current Policies | Urban depot-only charging";"Electricity"
"OPEX";"Charging Infrastructure";"FR";"Share MCS-Charging";"Rigid";"PROG";"%";2035;"0";"Sensitivity | Current Policies | Urban depot-only charging";"Electricity"
"OPEX";"Charging Infrastructure";"FR";"Share MCS-Charging";"Tractor-Trailer";"PROG";"%";2035;"0";"Sensitivity | Current Policies | Urban depot-only charging";"Electricity"
"OPEX";"Charging Infrastructure";"IT";"Share MCS-Charging";"Rigid";"PROG";"%";2035;"0";"Sensitivity | Current Policies | Urban depot-only charging";"Electricity"
"OPEX";"Charging Infrastructure";"IT";"Share MCS-Charging";"Tractor-Trailer";"PROG";"%";2035;"0";"Sensitivity | Current Policies | Urban depot-only charging";"Electricity"
"OPEX";"Charging Infrastructure";"NL";"Share MCS-Charging";"Rigid";"PROG";"%";2035;"0";"Sensitivity | Current Policies | Urban depot-only charging";"Electricity"
"OPEX";"Charging Infrastructure";"NL";"Share MCS-Charging";"Tractor-Trailer";"PROG";"%";2035;"0";"Sensitivity | Current Policies | Urban depot-only charging";"Electricity"
"OPEX";"Charging Infrastructure";"PL";"Share MCS-Charging";"Rigid";"PROG";"%";2035;"0";"Sensitivity | Current Policies | Urban depot-only charging";"Electricity"
"OPEX";"Charging Infrastructure";"PL";"Share MCS-Charging";"Tractor-Trailer";"PROG";"%";2035;"0";"Sensitivity | Current Policies | Urban depot-only charging";"Electricity"
"OPEX";"Charging Infrastructure";"UK";"Share MCS-Charging";"Rigid";"PROG";"%";2035;"0";"Sensitivity | Current Policies | Urban depot-only charging";"Electricity"
"OPEX";"Charging Infrastructure";"UK";"Share MCS-Charging";"Tractor-Trailer";"PROG";"%";2035;"0";"Sensitivity | Current Policies | Urban depot-only charging";"Electricity"
"OPEX";"Charging Infrastructure";"DE";"Depot - Network fees savings potential";"Rigid";"PROG";"EUR/kWh";2035;"-0.01";"Sensitivity | Current Policies | Urban depot-only charging";"Electricity"
"OPEX";"Charging Infrastructure";"DE";"Depot - Network fees savings potential";"Tractor-Trailer";"PROG";"EUR/kWh";2035;"-0.01";"Sensitivity | Current Policies | Urban depot-only charging";"Electricity"
"OPEX";"Charging Infrastructure";"ES";"Depot - Network fees savings potential";"Rigid";"PROG";"EUR/kWh";2035;"-0.01";"Sensitivity | Current Policies | Urban depot-only charging";"Electricity"
"OPEX";"Charging Infrastructure";"ES";"Depot - Network fees savings potential";"Tractor-Trailer";"PROG";"EUR/kWh";2035;"-0.01";"Sensitivity | Current Policies | Urban depot-only charging";"Electricity"
"OPEX";"Charging Infrastructure";"FR";"Depot - Network fees savings potential";"Rigid";"PROG";"EUR/kWh";2035;"-0.01";"Sensitivity | Current Policies | Urban depot-only charging";"Electricity"
"OPEX";"Charging Infrastructure";"FR";"Depot - Network fees savings potential";"Tractor-Trailer";"PROG";"EUR/kWh";2035;"-0.01";"Sensitivity | Current Policies | Urban depot-only charging";"Electricity"
"OPEX";"Charging Infrastructure";"IT";"Depot - Network fees savings potential";"Rigid";"PROG";"EUR/kWh";2035;"-0.01";"Sensitivity | Current Policies | Urban depot-only charging";"Electricity"
"OPEX";"Charging Infrastructure";"IT";"Depot - Network fees savings potential";"Tractor-Trailer";"PROG";"EUR/kWh";2035;"-0.01";"Sensitivity | Current Policies | Urban depot-only charging";"Electricity"
"OPEX";"Charging Infrastructure";"NL";"Depot - Network fees savings potential";"Rigid";"PROG";"EUR/kWh";2035;"-0.01";"Sensitivity | Current Policies | Urban depot-only charging";"Electricity"
"OPEX";"Charging Infrastructure";"NL";"Depot - Network fees savings potential";"Tractor-Trailer";"PROG";"EUR/kWh";2035;"-0.01";"Sensitivity | Current Policies | Urban depot-only charging";"Electricity"
"OPEX";"Charging Infrastructure";"PL";"Depot - Network fees savings potential";"Rigid";"PROG";"EUR/kWh";2035;"-0.01";"Sensitivity | Current Policies | Urban depot-only charging";"Electricity"
"OPEX";"Charging Infrastructure";"PL";"Depot - Network fees savings potential";"Tractor-Trailer";"PROG";"EUR/kWh";2035;"-0.01";"Sensitivity | Current Policies | Urban depot-only charging";"Electricity"
"OPEX";"Charging Infrastructure";"UK";"Depot - Network fees savings potential";"Rigid";"PROG";"EUR/kWh";2035;"-0.01";"Sensitivity | Current Policies | Urban depot-only charging";"Electricity"
"OPEX";"Charging Infrastructure";"UK";"Depot - Network fees savings potential";"Tractor-Trailer";"PROG";"EUR/kWh";2035;"-0.01";"Sensitivity | Current Policies | Urban depot-only charging";"Electricity"
"OPEX";"Taxes";"DE";"Tax reduction";"Rigid";"PROG";"%";2035;"0";"Sensitivity | Current Policies | Urban depot-only charging";"Hydrogen"
"OPEX";"Taxes";"DE";"Tax reduction";"Tractor-Trailer";"PROG";"%";2035;"0";"Sensitivity | Current Policies | Urban depot-only charging";"Hydrogen"
"OPEX";"Taxes";"ES";"Tax reduction";"Rigid";"PROG";"%";2035;"0";"Sensitivity | Current Policies | Urban depot-only charging";"Hydrogen"
"OPEX";"Taxes";"ES";"Tax reduction";"Tractor-Trailer";"PROG";"%";2035;"0";"Sensitivity | Current Policies | Urban depot-only charging";"Hydrogen"
"OPEX";"Taxes";"FR";"Tax reduction";"Rigid";"PROG";"%";2035;"0";"Sensitivity | Current Policies | Urban depot-only charging";"Hydrogen"
"OPEX";"Taxes";"FR";"Tax reduction";"Tractor-Trailer";"PROG";"%";2035;"0";"Sensitivity | Current Policies | Urban depot-only charging";"Hydrogen"
"OPEX";"Taxes";"IT";"Tax reduction";"Rigid";"PROG";"%";2035;"0";"Sensitivity | Current Policies | Urban depot-only charging";"Hydrogen"
"OPEX";"Taxes";"IT";"Tax reduction";"Tractor-Trailer";"PROG";"%";2035;"0";"Sensitivity | Current Policies | Urban depot-only charging";"Hydrogen"
"OPEX";"Taxes";"NL";"Tax reduction";"Rigid";"PROG";"%";2035;"0";"Sensitivity | Current Policies | Urban depot-only charging";"Hydrogen"
"OPEX";"Taxes";"NL";"Tax reduction";"Tractor-Trailer";"PROG";"%";2035;"0";"Sensitivity | Current Policies | Urban depot-only charging";"Hydrogen"
"OPEX";"Taxes";"PL";"Tax reduction";"Rigid";"PROG";"%";2035;"0";"Sensitivity | Current Policies | Urban depot-only charging";"Hydrogen"
"OPEX";"Taxes";"PL";"Tax reduction";"Tractor-Trailer";"PROG";"%";2035;"0";"Sensitivity | Current Policies | Urban depot-only charging";"Hydrogen"
"OPEX";"Taxes";"UK";"Tax reduction";"Rigid";"PROG";"%";2035;"0";"Sensitivity | Current Policies | Urban depot-only charging";"Hydrogen"
"OPEX";"Taxes";"UK";"Tax reduction";"Tractor-Trailer";"PROG";"%";2035;"0";"Sensitivity | Current Policies | Urban depot-only charging";"Hydrogen"
"OPEX";"Taxes";"DE";"Excise Duty - Diesel";"Rigid";"BAU";"EUR/kWh";2035;"0.047";"Sensitivity | Current Policies | Urban depot-only charging";"Diesel"
"OPEX";"Taxes";"DE";"Excise Duty - Diesel";"Tractor-Trailer";"BAU";"EUR/kWh";2035;"0.047";"Sensitivity | Current Policies | Urban depot-only charging";"Diesel"
"OPEX";"Taxes";"DE";"Excise Duty - Diesel";"Rigid";"PROG";"EUR/kWh";2035;"0.047";"Sensitivity | Current Policies | Urban depot-only charging";"Diesel"
"OPEX";"Taxes";"DE";"Excise Duty - Diesel";"Tractor-Trailer";"PROG";"EUR/kWh";2035;"0.047";"Sensitivity | Current Policies | Urban depot-only charging";"Diesel"
"OPEX";"Taxes";"ES";"Excise Duty - Diesel";"Rigid";"BAU";"EUR/kWh";2035;"0.038";"Sensitivity | Current Policies | Urban depot-only charging";"Diesel"
"OPEX";"Taxes";"ES";"Excise Duty - Diesel";"Tractor-Trailer";"BAU";"EUR/kWh";2035;"0.038";"Sensitivity | Current Policies | Urban depot-only charging";"Diesel"
"OPEX";"Taxes";"ES";"Excise Duty - Diesel";"Rigid";"PROG";"EUR/kWh";2035;"0.038";"Sensitivity | Current Policies | Urban depot-only charging";"Diesel"
"OPEX";"Taxes";"ES";"Excise Duty - Diesel";"Tractor-Trailer";"PROG";"EUR/kWh";2035;"0.038";"Sensitivity | Current Policies | Urban depot-only charging";"Diesel"
"OPEX";"Taxes";"FR";"Excise Duty - Diesel";"Rigid";"BAU";"EUR/kWh";2035;"0.06";"Sensitivity | Current Policies | Urban depot-only charging";"Diesel"
"OPEX";"Taxes";"FR";"Excise Duty - Diesel";"Tractor-Trailer";"BAU";"EUR/kWh";2035;"0.06";"Sensitivity | Current Policies | Urban depot-only charging";"Diesel"
"OPEX";"Taxes";"FR";"Excise Duty - Diesel";"Rigid";"PROG";"EUR/kWh";2035;"0.06";"Sensitivity | Current Policies | Urban depot-only charging";"Diesel"
"OPEX";"Taxes";"FR";"Excise Duty - Diesel";"Tractor-Trailer";"PROG";"EUR/kWh";2035;"0.06";"Sensitivity | Current Policies | Urban depot-only charging";"Diesel"
"OPEX";"Taxes";"IT";"Excise Duty - Diesel";"Rigid";"BAU";"EUR/kWh";2035;"0.062";"Sensitivity | Current Policies | Urban depot-only charging";"Diesel"
"OPEX";"Taxes";"IT";"Excise Duty - Diesel";"Tractor-Trailer";"BAU";"EUR/kWh";2035;"0.062";"Sensitivity | Current Policies | Urban depot-only charging";"Diesel"
"OPEX";"Taxes";"IT";"Excise Duty - Diesel";"Rigid";"PROG";"EUR/kWh";2035;"0.062";"Sensitivity | Current Policies | Urban depot-only charging";"Diesel"
"OPEX";"Taxes";"IT";"Excise Duty - Diesel";"Tractor-Trailer";"PROG";"EUR/kWh";2035;"0.062";"Sensitivity | Current Policies | Urban depot-only charging";"Diesel"
"OPEX";"Taxes";"NL";"Excise Duty - Diesel";"Rigid";"BAU";"EUR/kWh";2035;"0.053";"Sensitivity | Current Policies | Urban depot-only charging";"Diesel"
"OPEX";"Taxes";"NL";"Excise Duty - Diesel";"Tractor-Trailer";"BAU";"EUR/kWh";2035;"0.053";"Sensitivity | Current Policies | Urban depot-only charging";"Diesel"
"OPEX";"Taxes";"NL";"Excise Duty - Diesel";"Rigid";"PROG";"EUR/kWh";2035;"0.053";"Sensitivity | Current Policies | Urban depot-only charging";"Diesel"
"OPEX";"Taxes";"NL";"Excise Duty - Diesel";"Tractor-Trailer";"PROG";"EUR/kWh";2035;"0.053";"Sensitivity | Current Policies | Urban depot-only charging";"Diesel"
"OPEX";"Taxes";"PL";"Excise Duty - Diesel";"Rigid";"BAU";"EUR/kWh";2035;"0.033";"Sensitivity | Current Policies | Urban depot-only charging";"Diesel"
"OPEX";"Taxes";"PL";"Excise Duty - Diesel";"Tractor-Trailer";"BAU";"EUR/kWh";2035;"0.033";"Sensitivity | Current Policies | Urban depot-only charging";"Diesel"
"OPEX";"Taxes";"PL";"Excise Duty - Diesel";"Rigid";"PROG";"EUR/kWh";2035;"0.033";"Sensitivity | Current Policies | Urban depot-only charging";"Diesel"
"OPEX";"Taxes";"PL";"Excise Duty - Diesel";"Tractor-Trailer";"PROG";"EUR/kWh";2035;"0.033";"Sensitivity | Current Policies | Urban depot-only charging";"Diesel"
"OPEX";"Taxes";"UK";"Excise Duty - Diesel";"Rigid";"BAU";"EUR/kWh";2035;"0.053";"Sensitivity | Current Policies | Urban depot-only charging";"Diesel"
"OPEX";"Taxes";"UK";"Excise Duty - Diesel";"Tractor-Trailer";"BAU";"EUR/kWh";2035;"0.053";"Sensitivity | Current Policies | Urban depot-only charging";"Diesel"
"OPEX";"Taxes";"UK";"Excise Duty - Diesel";"Rigid";"PROG";"EUR/kWh";2035;"0.053";"Sensitivity | Current Policies | Urban depot-only charging";"Diesel"
"OPEX";"Taxes";"UK";"Excise Duty - Diesel";"Tractor-Trailer";"PROG";"EUR/kWh";2035;"0.053";"Sensitivity | Current Policies | Urban depot-only charging";"Diesel"
"OPEX";"Taxes";"DE";"Excise Duty - Reduction biodiesel";"Rigid";"BAU";"%";2035;"0.5";"Sensitivity | Current Policies | Urban depot-only charging";"Diesel"
"OPEX";"Taxes";"DE";"Excise Duty - Reduction biodiesel";"Tractor-Trailer";"BAU";"%";2035;"0.5";"Sensitivity | Current Policies | Urban depot-only charging";"Diesel"
"OPEX";"Taxes";"DE";"Excise Duty - Reduction biodiesel";"Rigid";"PROG";"%";2035;"0.5";"Sensitivity | Current Policies | Urban depot-only charging";"Diesel"
"OPEX";"Taxes";"DE";"Excise Duty - Reduction biodiesel";"Tractor-Trailer";"PROG";"%";2035;"0.5";"Sensitivity | Current Policies | Urban depot-only charging";"Diesel"
"OPEX";"Taxes";"ES";"Excise Duty - Reduction biodiesel";"Rigid";"BAU";"%";2035;"0.5";"Sensitivity | Current Policies | Urban depot-only charging";"Diesel"
"OPEX";"Taxes";"ES";"Excise Duty - Reduction biodiesel";"Tractor-Trailer";"BAU";"%";2035;"0.5";"Sensitivity | Current Policies | Urban depot-only charging";"Diesel"
"OPEX";"Taxes";"ES";"Excise Duty - Reduction biodiesel";"Rigid";"PROG";"%";2035;"0.5";"Sensitivity | Current Policies | Urban depot-only charging";"Diesel"
"OPEX";"Taxes";"ES";"Excise Duty - Reduction biodiesel";"Tractor-Trailer";"PROG";"%";2035;"0.5";"Sensitivity | Current Policies | Urban depot-only charging";"Diesel"
"OPEX";"Taxes";"FR";"Excise Duty - Reduction biodiesel";"Rigid";"BAU";"%";2035;"0.5";"Sensitivity | Current Policies | Urban depot-only charging";"Diesel"
"OPEX";"Taxes";"FR";"Excise Duty - Reduction biodiesel";"Tractor-Trailer";"BAU";"%";2035;"0.5";"Sensitivity | Current Policies | Urban depot-only charging";"Diesel"
"OPEX";"Taxes";"FR";"Excise Duty - Reduction biodiesel";"Rigid";"PROG";"%";2035;"0.5";"Sensitivity | Current Policies | Urban depot-only charging";"Diesel"
"OPEX";"Taxes";"FR";"Excise Duty - Reduction biodiesel";"Tractor-Trailer";"PROG";"%";2035;"0.5";"Sensitivity | Current Policies | Urban depot-only charging";"Diesel"
"OPEX";"Taxes";"IT";"Excise Duty - Reduction biodiesel";"Rigid";"BAU";"%";2035;"0.5";"Sensitivity | Current Policies | Urban depot-only charging";"Diesel"
"OPEX";"Taxes";"IT";"Excise Duty - Reduction biodiesel";"Tractor-Trailer";"BAU";"%";2035;"0.5";"Sensitivity | Current Policies | Urban depot-only charging";"Diesel"
"OPEX";"Taxes";"IT";"Excise Duty - Reduction biodiesel";"Rigid";"PROG";"%";2035;"0.5";"Sensitivity | Current Policies | Urban depot-only charging";"Diesel"
"OPEX";"Taxes";"IT";"Excise Duty - Reduction biodiesel";"Tractor-Trailer";"PROG";"%";2035;"0.5";"Sensitivity | Current Policies | Urban depot-only charging";"Diesel"
"OPEX";"Taxes";"NL";"Excise Duty - Reduction biodiesel";"Rigid";"BAU";"%";2035;"0.5";"Sensitivity | Current Policies | Urban depot-only charging";"Diesel"
"OPEX";"Taxes";"NL";"Excise Duty - Reduction biodiesel";"Tractor-Trailer";"BAU";"%";2035;"0.5";"Sensitivity | Current Policies | Urban depot-only charging";"Diesel"
"OPEX";"Taxes";"NL";"Excise Duty - Reduction biodiesel";"Rigid";"PROG";"%";2035;"0.5";"Sensitivity | Current Policies | Urban depot-only charging";"Diesel"
"OPEX";"Taxes";"NL";"Excise Duty - Reduction biodiesel";"Tractor-Trailer";"PROG";"%";2035;"0.5";"Sensitivity | Current Policies | Urban depot-only charging";"Diesel"
"OPEX";"Taxes";"PL";"Excise Duty - Reduction biodiesel";"Rigid";"BAU";"%";2035;"0.5";"Sensitivity | Current Policies | Urban depot-only charging";"Diesel"
"OPEX";"Taxes";"PL";"Excise Duty - Reduction biodiesel";"Tractor-Trailer";"BAU";"%";2035;"0.5";"Sensitivity | Current Policies | Urban depot-only charging";"Diesel"
"OPEX";"Taxes";"PL";"Excise Duty - Reduction biodiesel";"Rigid";"PROG";"%";2035;"0.5";"Sensitivity | Current Policies | Urban depot-only charging";"Diesel"
"OPEX";"Taxes";"PL";"Excise Duty - Reduction biodiesel";"Tractor-Trailer";"PROG";"%";2035;"0.5";"Sensitivity | Current Policies | Urban depot-only charging";"Diesel"
"OPEX";"Taxes";"UK";"Excise Duty - Reduction biodiesel";"Rigid";"BAU";"%";2035;"0.5";"Sensitivity | Current Policies | Urban depot-only charging";"Diesel"
"OPEX";"Taxes";"UK";"Excise Duty - Reduction biodiesel";"Tractor-Trailer";"BAU";"%";2035;"0.5";"Sensitivity | Current Policies | Urban depot-only charging";"Diesel"
"OPEX";"Taxes";"UK";"Excise Duty - Reduction biodiesel";"Rigid";"PROG";"%";2035;"0.5";"Sensitivity | Current Policies | Urban depot-only charging";"Diesel"
"OPEX";"Taxes";"UK";"Excise Duty - Reduction biodiesel";"Tractor-Trailer";"PROG";"%";2035;"0.5";"Sensitivity | Current Policies | Urban depot-only charging";"Diesel"
"OPEX";"Taxes";"DE";"Excise Duty - Reduction Synthetic Diesel (E-Fuels)";"Rigid";"BAU";"%";2035;"0.5";"Sensitivity | Current Policies | Urban depot-only charging";"Diesel"
"OPEX";"Taxes";"DE";"Excise Duty - Reduction Synthetic Diesel (E-Fuels)";"Tractor-Trailer";"BAU";"%";2035;"0.5";"Sensitivity | Current Policies | Urban depot-only charging";"Diesel"
"OPEX";"Taxes";"DE";"Excise Duty - Reduction Synthetic Diesel (E-Fuels)";"Rigid";"PROG";"%";2035;"0.5";"Sensitivity | Current Policies | Urban depot-only charging";"Diesel"
"OPEX";"Taxes";"DE";"Excise Duty - Reduction Synthetic Diesel (E-Fuels)";"Tractor-Trailer";"PROG";"%";2035;"0.5";"Sensitivity | Current Policies | Urban depot-only charging";"Diesel"
"OPEX";"Taxes";"ES";"Excise Duty - Reduction Synthetic Diesel (E-Fuels)";"Rigid";"BAU";"%";2035;"0.5";"Sensitivity | Current Policies | Urban depot-only charging";"Diesel"
"OPEX";"Taxes";"ES";"Excise Duty - Reduction Synthetic Diesel (E-Fuels)";"Tractor-Trailer";"BAU";"%";2035;"0.5";"Sensitivity | Current Policies | Urban depot-only charging";"Diesel"
"OPEX";"Taxes";"ES";"Excise Duty - Reduction Synthetic Diesel (E-Fuels)";"Rigid";"PROG";"%";2035;"0.5";"Sensitivity | Current Policies | Urban depot-only charging";"Diesel"
"OPEX";"Taxes";"ES";"Excise Duty - Reduction Synthetic Diesel (E-Fuels)";"Tractor-Trailer";"PROG";"%";2035;"0.5";"Sensitivity | Current Policies | Urban depot-only charging";"Diesel"
"OPEX";"Taxes";"FR";"Excise Duty - Reduction Synthetic Diesel (E-Fuels)";"Rigid";"BAU";"%";2035;"0.5";"Sensitivity | Current Policies | Urban depot-only charging";"Diesel"
"OPEX";"Taxes";"FR";"Excise Duty - Reduction Synthetic Diesel (E-Fuels)";"Tractor-Trailer";"BAU";"%";2035;"0.5";"Sensitivity | Current Policies | Urban depot-only charging";"Diesel"
"OPEX";"Taxes";"FR";"Excise Duty - Reduction Synthetic Diesel (E-Fuels)";"Rigid";"PROG";"%";2035;"0.5";"Sensitivity | Current Policies | Urban depot-only charging";"Diesel"
"OPEX";"Taxes";"FR";"Excise Duty - Reduction Synthetic Diesel (E-Fuels)";"Tractor-Trailer";"PROG";"%";2035;"0.5";"Sensitivity | Current Policies | Urban depot-only charging";"Diesel"
"OPEX";"Taxes";"IT";"Excise Duty - Reduction Synthetic Diesel (E-Fuels)";"Rigid";"BAU";"%";2035;"0.5";"Sensitivity | Current Policies | Urban depot-only charging";"Diesel"
"OPEX";"Taxes";"IT";"Excise Duty - Reduction Synthetic Diesel (E-Fuels)";"Tractor-Trailer";"BAU";"%";2035;"0.5";"Sensitivity | Current Policies | Urban depot-only charging";"Diesel"
"OPEX";"Taxes";"IT";"Excise Duty - Reduction Synthetic Diesel (E-Fuels)";"Rigid";"PROG";"%";2035;"0.5";"Sensitivity | Current Policies | Urban depot-only charging";"Diesel"
"OPEX";"Taxes";"IT";"Excise Duty - Reduction Synthetic Diesel (E-Fuels)";"Tractor-Trailer";"PROG";"%";2035;"0.5";"Sensitivity | Current Policies | Urban depot-only charging";"Diesel"
"OPEX";"Taxes";"NL";"Excise Duty - Reduction Synthetic Diesel (E-Fuels)";"Rigid";"BAU";"%";2035;"0.5";"Sensitivity | Current Policies | Urban depot-only charging";"Diesel"
"OPEX";"Taxes";"NL";"Excise Duty - Reduction Synthetic Diesel (E-Fuels)";"Tractor-Trailer";"BAU";"%";2035;"0.5";"Sensitivity | Current Policies | Urban depot-only charging";"Diesel"
"OPEX";"Taxes";"NL";"Excise Duty - Reduction Synthetic Diesel (E-Fuels)";"Rigid";"PROG";"%";2035;"0.5";"Sensitivity | Current Policies | Urban depot-only charging";"Diesel"
"OPEX";"Taxes";"NL";"Excise Duty - Reduction Synthetic Diesel (E-Fuels)";"Tractor-Trailer";"PROG";"%";2035;"0.5";"Sensitivity | Current Policies | Urban depot-only charging";"Diesel"
"OPEX";"Taxes";"PL";"Excise Duty - Reduction Synthetic Diesel (E-Fuels)";"Rigid";"BAU";"%";2035;"0.5";"Sensitivity | Current Policies | Urban depot-only charging";"Diesel"
"OPEX";"Taxes";"PL";"Excise Duty - Reduction Synthetic Diesel (E-Fuels)";"Tractor-Trailer";"BAU";"%";2035;"0.5";"Sensitivity | Current Policies | Urban depot-only charging";"Diesel"
"OPEX";"Taxes";"PL";"Excise Duty - Reduction Synthetic Diesel (E-Fuels)";"Rigid";"PROG";"%";2035;"0.5";"Sensitivity | Current Policies | Urban depot-only charging";"Diesel"
"OPEX";"Taxes";"PL";"Excise Duty - Reduction Synthetic Diesel (E-Fuels)";"Tractor-Trailer";"PROG";"%";2035;"0.5";"Sensitivity | Current Policies | Urban depot-only charging";"Diesel"
"OPEX";"Taxes";"UK";"Excise Duty - Reduction Synthetic Diesel (E-Fuels)";"Rigid";"BAU";"%";2035;"0.5";"Sensitivity | Current Policies | Urban depot-only charging";"Diesel"
"OPEX";"Taxes";"UK";"Excise Duty - Reduction Synthetic Diesel (E-Fuels)";"Tractor-Trailer";"BAU";"%";2035;"0.5";"Sensitivity | Current Policies | Urban depot-only charging";"Diesel"
"OPEX";"Taxes";"UK";"Excise Duty - Reduction Synthetic Diesel (E-Fuels)";"Rigid";"PROG";"%";2035;"0.5";"Sensitivity | Current Policies | Urban depot-only charging";"Diesel"
"OPEX";"Taxes";"UK";"Excise Duty - Reduction Synthetic Diesel (E-Fuels)";"Tractor-Trailer";"PROG";"%";2035;"0.5";"Sensitivity | Current Policies | Urban depot-only charging";"Diesel"
"OPEX";"Taxes";"DE";"Taxes, Fees, Levies and charges - H2";"Rigid";"BAU";"EUR/kWh";2035;"0.015";"Sensitivity | Current Policies | Urban depot-only charging";"Hydrogen"
"OPEX";"Taxes";"DE";"Taxes, Fees, Levies and charges - H2";"Tractor-Trailer";"BAU";"EUR/kWh";2035;"0.015";"Sensitivity | Current Policies | Urban depot-only charging";"Hydrogen"
"OPEX";"Taxes";"DE";"Taxes, Fees, Levies and charges - H2";"Rigid";"PROG";"EUR/kWh";2035;"0.015";"Sensitivity | Current Policies | Urban depot-only charging";"Hydrogen"
"OPEX";"Taxes";"DE";"Taxes, Fees, Levies and charges - H2";"Tractor-Trailer";"PROG";"EUR/kWh";2035;"0.015";"Sensitivity | Current Policies | Urban depot-only charging";"Hydrogen"
"OPEX";"Taxes";"ES";"Taxes, Fees, Levies and charges - H2";"Rigid";"BAU";"EUR/kWh";2035;"0.008";"Sensitivity | Current Policies | Urban depot-only charging";"Hydrogen"
"OPEX";"Taxes";"ES";"Taxes, Fees, Levies and charges - H2";"Tractor-Trailer";"BAU";"EUR/kWh";2035;"0.008";"Sensitivity | Current Policies | Urban depot-only charging";"Hydrogen"
"OPEX";"Taxes";"ES";"Taxes, Fees, Levies and charges - H2";"Rigid";"PROG";"EUR/kWh";2035;"0.008";"Sensitivity | Current Policies | Urban depot-only charging";"Hydrogen"
"OPEX";"Taxes";"ES";"Taxes, Fees, Levies and charges - H2";"Tractor-Trailer";"PROG";"EUR/kWh";2035;"0.008";"Sensitivity | Current Policies | Urban depot-only charging";"Hydrogen"
"OPEX";"Taxes";"FR";"Taxes, Fees, Levies and charges - H2";"Rigid";"BAU";"EUR/kWh";2035;"0.012";"Sensitivity | Current Policies | Urban depot-only charging";"Hydrogen"
"OPEX";"Taxes";"FR";"Taxes, Fees, Levies and charges - H2";"Tractor-Trailer";"BAU";"EUR/kWh";2035;"0.012";"Sensitivity | Current Policies | Urban depot-only charging";"Hydrogen"
"OPEX";"Taxes";"FR";"Taxes, Fees, Levies and charges - H2";"Rigid";"PROG";"EUR/kWh";2035;"0.012";"Sensitivity | Current Policies | Urban depot-only charging";"Hydrogen"
"OPEX";"Taxes";"FR";"Taxes, Fees, Levies and charges - H2";"Tractor-Trailer";"PROG";"EUR/kWh";2035;"0.012";"Sensitivity | Current Policies | Urban depot-only charging";"Hydrogen"
"OPEX";"Taxes";"IT";"Taxes, Fees, Levies and charges - H2";"Rigid";"BAU";"EUR/kWh";2035;"0.009";"Sensitivity | Current Policies | Urban depot-only charging";"Hydrogen"
"OPEX";"Taxes";"IT";"Taxes, Fees, Levies and charges - H2";"Tractor-Trailer";"BAU";"EUR/kWh";2035;"0.009";"Sensitivity | Current Policies | Urban depot-only charging";"Hydrogen"
"OPEX";"Taxes";"IT";"Taxes, Fees, Levies and charges - H2";"Rigid";"PROG";"EUR/kWh";2035;"0.009";"Sensitivity | Current Policies | Urban depot-only charging";"Hydrogen"
"OPEX";"Taxes";"IT";"Taxes, Fees, Levies and charges - H2";"Tractor-Trailer";"PROG";"EUR/kWh";2035;"0.009";"Sensitivity | Current Policies | Urban depot-only charging";"Hydrogen"
"OPEX";"Taxes";"NL";"Taxes, Fees, Levies and charges - H2";"Rigid";"BAU";"EUR/kWh";2035;"0.024";"Sensitivity | Current Policies | Urban depot-only charging";"Hydrogen"
"OPEX";"Taxes";"NL";"Taxes, Fees, Levies and charges - H2";"Tractor-Trailer";"BAU";"EUR/kWh";2035;"0.024";"Sensitivity | Current Policies | Urban depot-only charging";"Hydrogen"
"OPEX";"Taxes";"NL";"Taxes, Fees, Levies and charges - H2";"Rigid";"PROG";"EUR/kWh";2035;"0.024";"Sensitivity | Current Policies | Urban depot-only charging";"Hydrogen"
"OPEX";"Taxes";"NL";"Taxes, Fees, Levies and charges - H2";"Tractor-Trailer";"PROG";"EUR/kWh";2035;"0.024";"Sensitivity | Current Policies | Urban depot-only charging";"Hydrogen"
"OPEX";"Taxes";"PL";"Taxes, Fees, Levies and charges - H2";"Rigid";"BAU";"EUR/kWh";2035;"0.009";"Sensitivity | Current Policies | Urban depot-only charging";"Hydrogen"
"OPEX";"Taxes";"PL";"Taxes, Fees, Levies and charges - H2";"Tractor-Trailer";"BAU";"EUR/kWh";2035;"0.009";"Sensitivity | Current Policies | Urban depot-only charging";"Hydrogen"
"OPEX";"Taxes";"PL";"Taxes, Fees, Levies and charges - H2";"Rigid";"PROG";"EUR/kWh";2035;"0.009";"Sensitivity | Current Policies | Urban depot-only charging";"Hydrogen"
"OPEX";"Taxes";"PL";"Taxes, Fees, Levies and charges - H2";"Tractor-Trailer";"PROG";"EUR/kWh";2035;"0.009";"Sensitivity | Current Policies | Urban depot-only charging";"Hydrogen"
"OPEX";"Taxes";"UK";"Taxes, Fees, Levies and charges - H2";"Rigid";"BAU";"EUR/kWh";2035;"0.006";"Sensitivity | Current Policies | Urban depot-only charging";"Hydrogen"
"OPEX";"Taxes";"UK";"Taxes, Fees, Levies and charges - H2";"Tractor-Trailer";"BAU";"EUR/kWh";2035;"0.006";"Sensitivity | Current Policies | Urban depot-only charging";"Hydrogen"
"OPEX";"Taxes";"UK";"Taxes, Fees, Levies and charges - H2";"Rigid";"PROG";"EUR/kWh";2035;"0.006";"Sensitivity | Current Policies | Urban depot-only charging";"Hydrogen"
"OPEX";"Taxes";"UK";"Taxes, Fees, Levies and charges - H2";"Tractor-Trailer";"PROG";"EUR/kWh";2035;"0.006";"Sensitivity | Current Policies | Urban depot-only charging";"Hydrogen"
"OPEX";"Charging Infrastructure";"DE";"MCS grid extension";"Rigid";"PROG";"EUR/kWh";2035;"0.065";"Sensitivity | Current Policies | Urban depot-only charging";"Electricity"
"OPEX";"Charging Infrastructure";"DE";"MCS grid extension";"Tractor-Trailer";"PROG";"EUR/kWh";2035;"0.065";"Sensitivity | Current Policies | Urban depot-only charging";"Electricity"
"OPEX";"Charging Infrastructure";"DE";"MCS grid extension";"Rigid";"BAU";"EUR/kWh";2035;"0.065";"Sensitivity | Current Policies | Urban depot-only charging";"Electricity"
"OPEX";"Charging Infrastructure";"DE";"MCS grid extension";"Tractor-Trailer";"BAU";"EUR/kWh";2035;"0.065";"Sensitivity | Current Policies | Urban depot-only charging";"Electricity"
"OPEX";"Charging Infrastructure";"ES";"MCS grid extension";"Rigid";"PROG";"EUR/kWh";2035;"0.065";"Sensitivity | Current Policies | Urban depot-only charging";"Electricity"
"OPEX";"Charging Infrastructure";"ES";"MCS grid extension";"Tractor-Trailer";"PROG";"EUR/kWh";2035;"0.065";"Sensitivity | Current Policies | Urban depot-only charging";"Electricity"
"OPEX";"Charging Infrastructure";"ES";"MCS grid extension";"Rigid";"BAU";"EUR/kWh";2035;"0.065";"Sensitivity | Current Policies | Urban depot-only charging";"Electricity"
"OPEX";"Charging Infrastructure";"ES";"MCS grid extension";"Tractor-Trailer";"BAU";"EUR/kWh";2035;"0.065";"Sensitivity | Current Policies | Urban depot-only charging";"Electricity"
"OPEX";"Charging Infrastructure";"FR";"MCS grid extension";"Rigid";"PROG";"EUR/kWh";2035;"0.065";"Sensitivity | Current Policies | Urban depot-only charging";"Electricity"
"OPEX";"Charging Infrastructure";"FR";"MCS grid extension";"Tractor-Trailer";"PROG";"EUR/kWh";2035;"0.065";"Sensitivity | Current Policies | Urban depot-only charging";"Electricity"
"OPEX";"Charging Infrastructure";"FR";"MCS grid extension";"Rigid";"BAU";"EUR/kWh";2035;"0.065";"Sensitivity | Current Policies | Urban depot-only charging";"Electricity"
"OPEX";"Charging Infrastructure";"FR";"MCS grid extension";"Tractor-Trailer";"BAU";"EUR/kWh";2035;"0.065";"Sensitivity | Current Policies | Urban depot-only charging";"Electricity"
"OPEX";"Charging Infrastructure";"IT";"MCS grid extension";"Rigid";"PROG";"EUR/kWh";2035;"0.065";"Sensitivity | Current Policies | Urban depot-only charging";"Electricity"
"OPEX";"Charging Infrastructure";"IT";"MCS grid extension";"Tractor-Trailer";"PROG";"EUR/kWh";2035;"0.065";"Sensitivity | Current Policies | Urban depot-only charging";"Electricity"
"OPEX";"Charging Infrastructure";"IT";"MCS grid extension";"Rigid";"BAU";"EUR/kWh";2035;"0.065";"Sensitivity | Current Policies | Urban depot-only charging";"Electricity"
"OPEX";"Charging Infrastructure";"IT";"MCS grid extension";"Tractor-Trailer";"BAU";"EUR/kWh";2035;"0.065";"Sensitivity | Current Policies | Urban depot-only charging";"Electricity"
"OPEX";"Charging Infrastructure";"NL";"MCS grid extension";"Rigid";"PROG";"EUR/kWh";2035;"0.065";"Sensitivity | Current Policies | Urban depot-only charging";"Electricity"
"OPEX";"Charging Infrastructure";"NL";"MCS grid extension";"Tractor-Trailer";"PROG";"EUR/kWh";2035;"0.065";"Sensitivity | Current Policies | Urban depot-only charging";"Electricity"
"OPEX";"Charging Infrastructure";"NL";"MCS grid extension";"Rigid";"BAU";"EUR/kWh";2035;"0.065";"Sensitivity | Current Policies | Urban depot-only charging";"Electricity"
"OPEX";"Charging Infrastructure";"NL";"MCS grid extension";"Tractor-Trailer";"BAU";"EUR/kWh";2035;"0.065";"Sensitivity | Current Policies | Urban depot-only charging";"Electricity"
"OPEX";"Charging Infrastructure";"PL";"MCS grid extension";"Rigid";"PROG";"EUR/kWh";2035;"0.065";"Sensitivity | Current Policies | Urban depot-only charging";"Electricity"
"OPEX";"Charging Infrastructure";"PL";"MCS grid extension";"Tractor-Trailer";"PROG";"EUR/kWh";2035;"0.065";"Sensitivity | Current Policies | Urban depot-only charging";"Electricity"
"OPEX";"Charging Infrastructure";"PL";"MCS grid extension";"Rigid";"BAU";"EUR/kWh";2035;"0.065";"Sensitivity | Current Policies | Urban depot-only charging";"Electricity"
"OPEX";"Charging Infrastructure";"PL";"MCS grid extension";"Tractor-Trailer";"BAU";"EUR/kWh";2035;"0.065";"Sensitivity | Current Policies | Urban depot-only charging";"Electricity"
"OPEX";"Charging Infrastructure";"UK";"MCS grid extension";"Rigid";"PROG";"EUR/kWh";2035;"0.065";"Sensitivity | Current Policies | Urban depot-only charging";"Electricity"
"OPEX";"Charging Infrastructure";"UK";"MCS grid extension";"Tractor-Trailer";"PROG";"EUR/kWh";2035;"0.065";"Sensitivity | Current Policies | Urban depot-only charging";"Electricity"
"OPEX";"Charging Infrastructure";"UK";"MCS grid extension";"Rigid";"BAU";"EUR/kWh";2035;"0.065";"Sensitivity | Current Policies | Urban depot-only charging";"Electricity"
"OPEX";"Charging Infrastructure";"UK";"MCS grid extension";"Tractor-Trailer";"BAU";"EUR/kWh";2035;"0.065";"Sensitivity | Current Policies | Urban depot-only charging";"Electricity"
"OPEX";"Charging Infrastructure";"DE";"MCS Profit and Mark-Up";"Rigid";"PROG";"%";2035;"0.1";"Sensitivity | Current Policies | Urban depot-only charging";"Electricity"
"OPEX";"Charging Infrastructure";"DE";"MCS Profit and Mark-Up";"Tractor-Trailer";"PROG";"%";2035;"0.1";"Sensitivity | Current Policies | Urban depot-only charging";"Electricity"
"OPEX";"Charging Infrastructure";"DE";"MCS Profit and Mark-Up";"Rigid";"BAU";"%";2035;"0.1";"Sensitivity | Current Policies | Urban depot-only charging";"Electricity"
"OPEX";"Charging Infrastructure";"DE";"MCS Profit and Mark-Up";"Tractor-Trailer";"BAU";"%";2035;"0.1";"Sensitivity | Current Policies | Urban depot-only charging";"Electricity"
"OPEX";"Charging Infrastructure";"ES";"MCS Profit and Mark-Up";"Rigid";"PROG";"%";2035;"0.1";"Sensitivity | Current Policies | Urban depot-only charging";"Electricity"
"OPEX";"Charging Infrastructure";"ES";"MCS Profit and Mark-Up";"Tractor-Trailer";"PROG";"%";2035;"0.1";"Sensitivity | Current Policies | Urban depot-only charging";"Electricity"
"OPEX";"Charging Infrastructure";"ES";"MCS Profit and Mark-Up";"Rigid";"BAU";"%";2035;"0.1";"Sensitivity | Current Policies | Urban depot-only charging";"Electricity"
"OPEX";"Charging Infrastructure";"ES";"MCS Profit and Mark-Up";"Tractor-Trailer";"BAU";"%";2035;"0.1";"Sensitivity | Current Policies | Urban depot-only charging";"Electricity"
"OPEX";"Charging Infrastructure";"FR";"MCS Profit and Mark-Up";"Rigid";"PROG";"%";2035;"0.1";"Sensitivity | Current Policies | Urban depot-only charging";"Electricity"
"OPEX";"Charging Infrastructure";"FR";"MCS Profit and Mark-Up";"Tractor-Trailer";"PROG";"%";2035;"0.1";"Sensitivity | Current Policies | Urban depot-only charging";"Electricity"
"OPEX";"Charging Infrastructure";"FR";"MCS Profit and Mark-Up";"Rigid";"BAU";"%";2035;"0.1";"Sensitivity | Current Policies | Urban depot-only charging";"Electricity"
"OPEX";"Charging Infrastructure";"FR";"MCS Profit and Mark-Up";"Tractor-Trailer";"BAU";"%";2035;"0.1";"Sensitivity | Current Policies | Urban depot-only charging";"Electricity"
"OPEX";"Charging Infrastructure";"IT";"MCS Profit and Mark-Up";"Rigid";"PROG";"%";2035;"0.1";"Sensitivity | Current Policies | Urban depot-only charging";"Electricity"
"OPEX";"Charging Infrastructure";"IT";"MCS Profit and Mark-Up";"Tractor-Trailer";"PROG";"%";2035;"0.1";"Sensitivity | Current Policies | Urban depot-only charging";"Electricity"
"OPEX";"Charging Infrastructure";"IT";"MCS Profit and Mark-Up";"Rigid";"BAU";"%";2035;"0.1";"Sensitivity | Current Policies | Urban depot-only charging";"Electricity"
"OPEX";"Charging Infrastructure";"IT";"MCS Profit and Mark-Up";"Tractor-Trailer";"BAU";"%";2035;"0.1";"Sensitivity | Current Policies | Urban depot-only charging";"Electricity"
"OPEX";"Charging Infrastructure";"NL";"MCS Profit and Mark-Up";"Rigid";"PROG";"%";2035;"0.1";"Sensitivity | Current Policies | Urban depot-only charging";"Electricity"
"OPEX";"Charging Infrastructure";"NL";"MCS Profit and Mark-Up";"Tractor-Trailer";"PROG";"%";2035;"0.1";"Sensitivity | Current Policies | Urban depot-only charging";"Electricity"
"OPEX";"Charging Infrastructure";"NL";"MCS Profit and Mark-Up";"Rigid";"BAU";"%";2035;"0.1";"Sensitivity | Current Policies | Urban depot-only charging";"Electricity"
"OPEX";"Charging Infrastructure";"NL";"MCS Profit and Mark-Up";"Tractor-Trailer";"BAU";"%";2035;"0.1";"Sensitivity | Current Policies | Urban depot-only charging";"Electricity"
"OPEX";"Charging Infrastructure";"PL";"MCS Profit and Mark-Up";"Rigid";"PROG";"%";2035;"0.1";"Sensitivity | Current Policies | Urban depot-only charging";"Electricity"
"OPEX";"Charging Infrastructure";"PL";"MCS Profit and Mark-Up";"Tractor-Trailer";"PROG";"%";2035;"0.1";"Sensitivity | Current Policies | Urban depot-only charging";"Electricity"
"OPEX";"Charging Infrastructure";"PL";"MCS Profit and Mark-Up";"Rigid";"BAU";"%";2035;"0.1";"Sensitivity | Current Policies | Urban depot-only charging";"Electricity"
"OPEX";"Charging Infrastructure";"PL";"MCS Profit and Mark-Up";"Tractor-Trailer";"BAU";"%";2035;"0.1";"Sensitivity | Current Policies | Urban depot-only charging";"Electricity"
"OPEX";"Charging Infrastructure";"UK";"MCS Profit and Mark-Up";"Rigid";"PROG";"%";2035;"0.1";"Sensitivity | Current Policies | Urban depot-only charging";"Electricity"
"OPEX";"Charging Infrastructure";"UK";"MCS Profit and Mark-Up";"Tractor-Trailer";"PROG";"%";2035;"0.1";"Sensitivity | Current Policies | Urban depot-only charging";"Electricity"
"OPEX";"Charging Infrastructure";"UK";"MCS Profit and Mark-Up";"Rigid";"BAU";"%";2035;"0.1";"Sensitivity | Current Policies | Urban depot-only charging";"Electricity"
"OPEX";"Charging Infrastructure";"UK";"MCS Profit and Mark-Up";"Tractor-Trailer";"BAU";"%";2035;"0.1";"Sensitivity | Current Policies | Urban depot-only charging";"Electricity"
"OPEX";"Charging Infrastructure";"DE";"CCS Station (Depot) - Incl. Overhead";"Rigid";"PROG";"EUR/kWh";2035;"0.027";"Sensitivity | Current Policies | Urban depot-only charging";"Electricity"
"OPEX";"Charging Infrastructure";"DE";"CCS Station (Depot) - Incl. Overhead";"Tractor-Trailer";"PROG";"EUR/kWh";2035;"0.027";"Sensitivity | Current Policies | Urban depot-only charging";"Electricity"
"OPEX";"Charging Infrastructure";"DE";"CCS Station (Depot) - Incl. Overhead";"Rigid";"BAU";"EUR/kWh";2035;"0.027";"Sensitivity | Current Policies | Urban depot-only charging";"Electricity"
"OPEX";"Charging Infrastructure";"DE";"CCS Station (Depot) - Incl. Overhead";"Tractor-Trailer";"BAU";"EUR/kWh";2035;"0.027";"Sensitivity | Current Policies | Urban depot-only charging";"Electricity"
"OPEX";"Charging Infrastructure";"ES";"CCS Station (Depot) - Incl. Overhead";"Rigid";"PROG";"EUR/kWh";2035;"0.027";"Sensitivity | Current Policies | Urban depot-only charging";"Electricity"
"OPEX";"Charging Infrastructure";"ES";"CCS Station (Depot) - Incl. Overhead";"Tractor-Trailer";"PROG";"EUR/kWh";2035;"0.027";"Sensitivity | Current Policies | Urban depot-only charging";"Electricity"
"OPEX";"Charging Infrastructure";"ES";"CCS Station (Depot) - Incl. Overhead";"Rigid";"BAU";"EUR/kWh";2035;"0.027";"Sensitivity | Current Policies | Urban depot-only charging";"Electricity"
"OPEX";"Charging Infrastructure";"ES";"CCS Station (Depot) - Incl. Overhead";"Tractor-Trailer";"BAU";"EUR/kWh";2035;"0.027";"Sensitivity | Current Policies | Urban depot-only charging";"Electricity"
"OPEX";"Charging Infrastructure";"FR";"CCS Station (Depot) - Incl. Overhead";"Rigid";"PROG";"EUR/kWh";2035;"0.027";"Sensitivity | Current Policies | Urban depot-only charging";"Electricity"
"OPEX";"Charging Infrastructure";"FR";"CCS Station (Depot) - Incl. Overhead";"Tractor-Trailer";"PROG";"EUR/kWh";2035;"0.027";"Sensitivity | Current Policies | Urban depot-only charging";"Electricity"
"OPEX";"Charging Infrastructure";"FR";"CCS Station (Depot) - Incl. Overhead";"Rigid";"BAU";"EUR/kWh";2035;"0.027";"Sensitivity | Current Policies | Urban depot-only charging";"Electricity"
"OPEX";"Charging Infrastructure";"FR";"CCS Station (Depot) - Incl. Overhead";"Tractor-Trailer";"BAU";"EUR/kWh";2035;"0.027";"Sensitivity | Current Policies | Urban depot-only charging";"Electricity"
"OPEX";"Charging Infrastructure";"IT";"CCS Station (Depot) - Incl. Overhead";"Rigid";"PROG";"EUR/kWh";2035;"0.027";"Sensitivity | Current Policies | Urban depot-only charging";"Electricity"
"OPEX";"Charging Infrastructure";"IT";"CCS Station (Depot) - Incl. Overhead";"Tractor-Trailer";"PROG";"EUR/kWh";2035;"0.027";"Sensitivity | Current Policies | Urban depot-only charging";"Electricity"
"OPEX";"Charging Infrastructure";"IT";"CCS Station (Depot) - Incl. Overhead";"Rigid";"BAU";"EUR/kWh";2035;"0.027";"Sensitivity | Current Policies | Urban depot-only charging";"Electricity"
"OPEX";"Charging Infrastructure";"IT";"CCS Station (Depot) - Incl. Overhead";"Tractor-Trailer";"BAU";"EUR/kWh";2035;"0.027";"Sensitivity | Current Policies | Urban depot-only charging";"Electricity"
"OPEX";"Charging Infrastructure";"NL";"CCS Station (Depot) - Incl. Overhead";"Rigid";"PROG";"EUR/kWh";2035;"0.027";"Sensitivity | Current Policies | Urban depot-only charging";"Electricity"
"OPEX";"Charging Infrastructure";"NL";"CCS Station (Depot) - Incl. Overhead";"Tractor-Trailer";"PROG";"EUR/kWh";2035;"0.027";"Sensitivity | Current Policies | Urban depot-only charging";"Electricity"
"OPEX";"Charging Infrastructure";"NL";"CCS Station (Depot) - Incl. Overhead";"Rigid";"BAU";"EUR/kWh";2035;"0.027";"Sensitivity | Current Policies | Urban depot-only charging";"Electricity"
"OPEX";"Charging Infrastructure";"NL";"CCS Station (Depot) - Incl. Overhead";"Tractor-Trailer";"BAU";"EUR/kWh";2035;"0.027";"Sensitivity | Current Policies | Urban depot-only charging";"Electricity"
"OPEX";"Charging Infrastructure";"PL";"CCS Station (Depot) - Incl. Overhead";"Rigid";"PROG";"EUR/kWh";2035;"0.027";"Sensitivity | Current Policies | Urban depot-only charging";"Electricity"
"OPEX";"Charging Infrastructure";"PL";"CCS Station (Depot) - Incl. Overhead";"Tractor-Trailer";"PROG";"EUR/kWh";2035;"0.027";"Sensitivity | Current Policies | Urban depot-only charging";"Electricity"
"OPEX";"Charging Infrastructure";"PL";"CCS Station (Depot) - Incl. Overhead";"Rigid";"BAU";"EUR/kWh";2035;"0.027";"Sensitivity | Current Policies | Urban depot-only charging";"Electricity"
"OPEX";"Charging Infrastructure";"PL";"CCS Station (Depot) - Incl. Overhead";"Tractor-Trailer";"BAU";"EUR/kWh";2035;"0.027";"Sensitivity | Current Policies | Urban depot-only charging";"Electricity"
"OPEX";"Charging Infrastructure";"UK";"CCS Station (Depot) - Incl. Overhead";"Rigid";"PROG";"EUR/kWh";2035;"0.027";"Sensitivity | Current Policies | Urban depot-only charging";"Electricity"
"OPEX";"Charging Infrastructure";"UK";"CCS Station (Depot) - Incl. Overhead";"Tractor-Trailer";"PROG";"EUR/kWh";2035;"0.027";"Sensitivity | Current Policies | Urban depot-only charging";"Electricity"
"OPEX";"Charging Infrastructure";"UK";"CCS Station (Depot) - Incl. Overhead";"Rigid";"BAU";"EUR/kWh";2035;"0.027";"Sensitivity | Current Policies | Urban depot-only charging";"Electricity"
"OPEX";"Charging Infrastructure";"UK";"CCS Station (Depot) - Incl. Overhead";"Tractor-Trailer";"BAU";"EUR/kWh";2035;"0.027";"Sensitivity | Current Policies | Urban depot-only charging";"Electricity"
"OPEX";"Charging Infrastructure";"DE";"CCS grid extension";"Rigid";"PROG";"EUR/kWh";2035;"0.045";"Sensitivity | Current Policies | Urban depot-only charging";"Electricity"
"OPEX";"Charging Infrastructure";"DE";"CCS grid extension";"Tractor-Trailer";"PROG";"EUR/kWh";2035;"0.045";"Sensitivity | Current Policies | Urban depot-only charging";"Electricity"
"OPEX";"Charging Infrastructure";"DE";"CCS grid extension";"Rigid";"BAU";"EUR/kWh";2035;"0.045";"Sensitivity | Current Policies | Urban depot-only charging";"Electricity"
"OPEX";"Charging Infrastructure";"DE";"CCS grid extension";"Tractor-Trailer";"BAU";"EUR/kWh";2035;"0.045";"Sensitivity | Current Policies | Urban depot-only charging";"Electricity"
"OPEX";"Charging Infrastructure";"ES";"CCS grid extension";"Rigid";"PROG";"EUR/kWh";2035;"0.045";"Sensitivity | Current Policies | Urban depot-only charging";"Electricity"
"OPEX";"Charging Infrastructure";"ES";"CCS grid extension";"Tractor-Trailer";"PROG";"EUR/kWh";2035;"0.045";"Sensitivity | Current Policies | Urban depot-only charging";"Electricity"
"OPEX";"Charging Infrastructure";"ES";"CCS grid extension";"Rigid";"BAU";"EUR/kWh";2035;"0.045";"Sensitivity | Current Policies | Urban depot-only charging";"Electricity"
"OPEX";"Charging Infrastructure";"ES";"CCS grid extension";"Tractor-Trailer";"BAU";"EUR/kWh";2035;"0.045";"Sensitivity | Current Policies | Urban depot-only charging";"Electricity"
"OPEX";"Charging Infrastructure";"FR";"CCS grid extension";"Rigid";"PROG";"EUR/kWh";2035;"0.045";"Sensitivity | Current Policies | Urban depot-only charging";"Electricity"
"OPEX";"Charging Infrastructure";"FR";"CCS grid extension";"Tractor-Trailer";"PROG";"EUR/kWh";2035;"0.045";"Sensitivity | Current Policies | Urban depot-only charging";"Electricity"
"OPEX";"Charging Infrastructure";"FR";"CCS grid extension";"Rigid";"BAU";"EUR/kWh";2035;"0.045";"Sensitivity | Current Policies | Urban depot-only charging";"Electricity"
"OPEX";"Charging Infrastructure";"FR";"CCS grid extension";"Tractor-Trailer";"BAU";"EUR/kWh";2035;"0.045";"Sensitivity | Current Policies | Urban depot-only charging";"Electricity"
"OPEX";"Charging Infrastructure";"IT";"CCS grid extension";"Rigid";"PROG";"EUR/kWh";2035;"0.045";"Sensitivity | Current Policies | Urban depot-only charging";"Electricity"
"OPEX";"Charging Infrastructure";"IT";"CCS grid extension";"Tractor-Trailer";"PROG";"EUR/kWh";2035;"0.045";"Sensitivity | Current Policies | Urban depot-only charging";"Electricity"
"OPEX";"Charging Infrastructure";"IT";"CCS grid extension";"Rigid";"BAU";"EUR/kWh";2035;"0.045";"Sensitivity | Current Policies | Urban depot-only charging";"Electricity"
"OPEX";"Charging Infrastructure";"IT";"CCS grid extension";"Tractor-Trailer";"BAU";"EUR/kWh";2035;"0.045";"Sensitivity | Current Policies | Urban depot-only charging";"Electricity"
"OPEX";"Charging Infrastructure";"NL";"CCS grid extension";"Rigid";"PROG";"EUR/kWh";2035;"0.045";"Sensitivity | Current Policies | Urban depot-only charging";"Electricity"
"OPEX";"Charging Infrastructure";"NL";"CCS grid extension";"Tractor-Trailer";"PROG";"EUR/kWh";2035;"0.045";"Sensitivity | Current Policies | Urban depot-only charging";"Electricity"
"OPEX";"Charging Infrastructure";"NL";"CCS grid extension";"Rigid";"BAU";"EUR/kWh";2035;"0.045";"Sensitivity | Current Policies | Urban depot-only charging";"Electricity"
"OPEX";"Charging Infrastructure";"NL";"CCS grid extension";"Tractor-Trailer";"BAU";"EUR/kWh";2035;"0.045";"Sensitivity | Current Policies | Urban depot-only charging";"Electricity"
"OPEX";"Charging Infrastructure";"PL";"CCS grid extension";"Rigid";"PROG";"EUR/kWh";2035;"0.045";"Sensitivity | Current Policies | Urban depot-only charging";"Electricity"
"OPEX";"Charging Infrastructure";"PL";"CCS grid extension";"Tractor-Trailer";"PROG";"EUR/kWh";2035;"0.045";"Sensitivity | Current Policies | Urban depot-only charging";"Electricity"
"OPEX";"Charging Infrastructure";"PL";"CCS grid extension";"Rigid";"BAU";"EUR/kWh";2035;"0.045";"Sensitivity | Current Policies | Urban depot-only charging";"Electricity"
"OPEX";"Charging Infrastructure";"PL";"CCS grid extension";"Tractor-Trailer";"BAU";"EUR/kWh";2035;"0.045";"Sensitivity | Current Policies | Urban depot-only charging";"Electricity"
"OPEX";"Charging Infrastructure";"UK";"CCS grid extension";"Rigid";"PROG";"EUR/kWh";2035;"0.045";"Sensitivity | Current Policies | Urban depot-only charging";"Electricity"
"OPEX";"Charging Infrastructure";"UK";"CCS grid extension";"Tractor-Trailer";"PROG";"EUR/kWh";2035;"0.045";"Sensitivity | Current Policies | Urban depot-only charging";"Electricity"
"OPEX";"Charging Infrastructure";"UK";"CCS grid extension";"Rigid";"BAU";"EUR/kWh";2035;"0.045";"Sensitivity | Current Policies | Urban depot-only charging";"Electricity"
"OPEX";"Charging Infrastructure";"UK";"CCS grid extension";"Tractor-Trailer";"BAU";"EUR/kWh";2035;"0.045";"Sensitivity | Current Policies | Urban depot-only charging";"Electricity"
"OPEX";"Diesel Infrastructure";"DE";"Total Diesel Mark-Up";"Rigid";"BAU";"EUR/kWh";2035;"0.018";"Sensitivity | Current Policies | Urban depot-only charging";"Diesel"
"OPEX";"Diesel Infrastructure";"DE";"Total Diesel Mark-Up";"Tractor-Trailer";"BAU";"EUR/kWh";2035;"0.018";"Sensitivity | Current Policies | Urban depot-only charging";"Diesel"
"OPEX";"Diesel Infrastructure";"DE";"Total Diesel Mark-Up";"Rigid";"PROG";"EUR/kWh";2035;"0.018";"Sensitivity | Current Policies | Urban depot-only charging";"Diesel"
"OPEX";"Diesel Infrastructure";"DE";"Total Diesel Mark-Up";"Tractor-Trailer";"PROG";"EUR/kWh";2035;"0.018";"Sensitivity | Current Policies | Urban depot-only charging";"Diesel"
"OPEX";"Diesel Infrastructure";"ES";"Total Diesel Mark-Up";"Rigid";"BAU";"EUR/kWh";2035;"0.018";"Sensitivity | Current Policies | Urban depot-only charging";"Diesel"
"OPEX";"Diesel Infrastructure";"ES";"Total Diesel Mark-Up";"Tractor-Trailer";"BAU";"EUR/kWh";2035;"0.018";"Sensitivity | Current Policies | Urban depot-only charging";"Diesel"
"OPEX";"Diesel Infrastructure";"ES";"Total Diesel Mark-Up";"Rigid";"PROG";"EUR/kWh";2035;"0.018";"Sensitivity | Current Policies | Urban depot-only charging";"Diesel"
"OPEX";"Diesel Infrastructure";"ES";"Total Diesel Mark-Up";"Tractor-Trailer";"PROG";"EUR/kWh";2035;"0.018";"Sensitivity | Current Policies | Urban depot-only charging";"Diesel"
"OPEX";"Diesel Infrastructure";"FR";"Total Diesel Mark-Up";"Rigid";"BAU";"EUR/kWh";2035;"0.018";"Sensitivity | Current Policies | Urban depot-only charging";"Diesel"
"OPEX";"Diesel Infrastructure";"FR";"Total Diesel Mark-Up";"Tractor-Trailer";"BAU";"EUR/kWh";2035;"0.018";"Sensitivity | Current Policies | Urban depot-only charging";"Diesel"
"OPEX";"Diesel Infrastructure";"FR";"Total Diesel Mark-Up";"Rigid";"PROG";"EUR/kWh";2035;"0.018";"Sensitivity | Current Policies | Urban depot-only charging";"Diesel"
"OPEX";"Diesel Infrastructure";"FR";"Total Diesel Mark-Up";"Tractor-Trailer";"PROG";"EUR/kWh";2035;"0.018";"Sensitivity | Current Policies | Urban depot-only charging";"Diesel"
"OPEX";"Diesel Infrastructure";"IT";"Total Diesel Mark-Up";"Rigid";"BAU";"EUR/kWh";2035;"0.018";"Sensitivity | Current Policies | Urban depot-only charging";"Diesel"
"OPEX";"Diesel Infrastructure";"IT";"Total Diesel Mark-Up";"Tractor-Trailer";"BAU";"EUR/kWh";2035;"0.018";"Sensitivity | Current Policies | Urban depot-only charging";"Diesel"
"OPEX";"Diesel Infrastructure";"IT";"Total Diesel Mark-Up";"Rigid";"PROG";"EUR/kWh";2035;"0.018";"Sensitivity | Current Policies | Urban depot-only charging";"Diesel"
"OPEX";"Diesel Infrastructure";"IT";"Total Diesel Mark-Up";"Tractor-Trailer";"PROG";"EUR/kWh";2035;"0.018";"Sensitivity | Current Policies | Urban depot-only charging";"Diesel"
"OPEX";"Diesel Infrastructure";"NL";"Total Diesel Mark-Up";"Rigid";"BAU";"EUR/kWh";2035;"0.018";"Sensitivity | Current Policies | Urban depot-only charging";"Diesel"
"OPEX";"Diesel Infrastructure";"NL";"Total Diesel Mark-Up";"Tractor-Trailer";"BAU";"EUR/kWh";2035;"0.018";"Sensitivity | Current Policies | Urban depot-only charging";"Diesel"
"OPEX";"Diesel Infrastructure";"NL";"Total Diesel Mark-Up";"Rigid";"PROG";"EUR/kWh";2035;"0.018";"Sensitivity | Current Policies | Urban depot-only charging";"Diesel"
"OPEX";"Diesel Infrastructure";"NL";"Total Diesel Mark-Up";"Tractor-Trailer";"PROG";"EUR/kWh";2035;"0.018";"Sensitivity | Current Policies | Urban depot-only charging";"Diesel"
"OPEX";"Diesel Infrastructure";"PL";"Total Diesel Mark-Up";"Rigid";"BAU";"EUR/kWh";2035;"0.018";"Sensitivity | Current Policies | Urban depot-only charging";"Diesel"
"OPEX";"Diesel Infrastructure";"PL";"Total Diesel Mark-Up";"Tractor-Trailer";"BAU";"EUR/kWh";2035;"0.018";"Sensitivity | Current Policies | Urban depot-only charging";"Diesel"
"OPEX";"Diesel Infrastructure";"PL";"Total Diesel Mark-Up";"Rigid";"PROG";"EUR/kWh";2035;"0.018";"Sensitivity | Current Policies | Urban depot-only charging";"Diesel"
"OPEX";"Diesel Infrastructure";"PL";"Total Diesel Mark-Up";"Tractor-Trailer";"PROG";"EUR/kWh";2035;"0.018";"Sensitivity | Current Policies | Urban depot-only charging";"Diesel"
"OPEX";"Diesel Infrastructure";"UK";"Total Diesel Mark-Up";"Rigid";"BAU";"EUR/kWh";2035;"0.018";"Sensitivity | Current Policies | Urban depot-only charging";"Diesel"
"OPEX";"Diesel Infrastructure";"UK";"Total Diesel Mark-Up";"Tractor-Trailer";"BAU";"EUR/kWh";2035;"0.018";"Sensitivity | Current Policies | Urban depot-only charging";"Diesel"
"OPEX";"Diesel Infrastructure";"UK";"Total Diesel Mark-Up";"Rigid";"PROG";"EUR/kWh";2035;"0.018";"Sensitivity | Current Policies | Urban depot-only charging";"Diesel"
"OPEX";"Diesel Infrastructure";"UK";"Total Diesel Mark-Up";"Tractor-Trailer";"PROG";"EUR/kWh";2035;"0.018";"Sensitivity | Current Policies | Urban depot-only charging";"Diesel"
"OPEX";"Diesel Infrastructure";"DE";"CO2 emission factor Biodiesel";"Rigid";"BAU";"%";2035;"0.161";"Sensitivity | Current Policies | Urban depot-only charging";"Diesel"
"OPEX";"Diesel Infrastructure";"DE";"CO2 emission factor Biodiesel";"Tractor-Trailer";"BAU";"%";2035;"0.161";"Sensitivity | Current Policies | Urban depot-only charging";"Diesel"
"OPEX";"Diesel Infrastructure";"DE";"CO2 emission factor Biodiesel";"Rigid";"PROG";"%";2035;"0.161";"Sensitivity | Current Policies | Urban depot-only charging";"Diesel"
"OPEX";"Diesel Infrastructure";"DE";"CO2 emission factor Biodiesel";"Tractor-Trailer";"PROG";"%";2035;"0.161";"Sensitivity | Current Policies | Urban depot-only charging";"Diesel"
"OPEX";"Diesel Infrastructure";"ES";"CO2 emission factor Biodiesel";"Rigid";"BAU";"%";2035;"0.161";"Sensitivity | Current Policies | Urban depot-only charging";"Diesel"
"OPEX";"Diesel Infrastructure";"ES";"CO2 emission factor Biodiesel";"Tractor-Trailer";"BAU";"%";2035;"0.161";"Sensitivity | Current Policies | Urban depot-only charging";"Diesel"
"OPEX";"Diesel Infrastructure";"ES";"CO2 emission factor Biodiesel";"Rigid";"PROG";"%";2035;"0.161";"Sensitivity | Current Policies | Urban depot-only charging";"Diesel"
"OPEX";"Diesel Infrastructure";"ES";"CO2 emission factor Biodiesel";"Tractor-Trailer";"PROG";"%";2035;"0.161";"Sensitivity | Current Policies | Urban depot-only charging";"Diesel"
"OPEX";"Diesel Infrastructure";"FR";"CO2 emission factor Biodiesel";"Rigid";"BAU";"%";2035;"0.161";"Sensitivity | Current Policies | Urban depot-only charging";"Diesel"
"OPEX";"Diesel Infrastructure";"FR";"CO2 emission factor Biodiesel";"Tractor-Trailer";"BAU";"%";2035;"0.161";"Sensitivity | Current Policies | Urban depot-only charging";"Diesel"
"OPEX";"Diesel Infrastructure";"FR";"CO2 emission factor Biodiesel";"Rigid";"PROG";"%";2035;"0.161";"Sensitivity | Current Policies | Urban depot-only charging";"Diesel"
"OPEX";"Diesel Infrastructure";"FR";"CO2 emission factor Biodiesel";"Tractor-Trailer";"PROG";"%";2035;"0.161";"Sensitivity | Current Policies | Urban depot-only charging";"Diesel"
"OPEX";"Diesel Infrastructure";"IT";"CO2 emission factor Biodiesel";"Rigid";"BAU";"%";2035;"0.161";"Sensitivity | Current Policies | Urban depot-only charging";"Diesel"
"OPEX";"Diesel Infrastructure";"IT";"CO2 emission factor Biodiesel";"Tractor-Trailer";"BAU";"%";2035;"0.161";"Sensitivity | Current Policies | Urban depot-only charging";"Diesel"
"OPEX";"Diesel Infrastructure";"IT";"CO2 emission factor Biodiesel";"Rigid";"PROG";"%";2035;"0.161";"Sensitivity | Current Policies | Urban depot-only charging";"Diesel"
"OPEX";"Diesel Infrastructure";"IT";"CO2 emission factor Biodiesel";"Tractor-Trailer";"PROG";"%";2035;"0.161";"Sensitivity | Current Policies | Urban depot-only charging";"Diesel"
"OPEX";"Diesel Infrastructure";"NL";"CO2 emission factor Biodiesel";"Rigid";"BAU";"%";2035;"0.161";"Sensitivity | Current Policies | Urban depot-only charging";"Diesel"
"OPEX";"Diesel Infrastructure";"NL";"CO2 emission factor Biodiesel";"Tractor-Trailer";"BAU";"%";2035;"0.161";"Sensitivity | Current Policies | Urban depot-only charging";"Diesel"
"OPEX";"Diesel Infrastructure";"NL";"CO2 emission factor Biodiesel";"Rigid";"PROG";"%";2035;"0.161";"Sensitivity | Current Policies | Urban depot-only charging";"Diesel"
"OPEX";"Diesel Infrastructure";"NL";"CO2 emission factor Biodiesel";"Tractor-Trailer";"PROG";"%";2035;"0.161";"Sensitivity | Current Policies | Urban depot-only charging";"Diesel"
"OPEX";"Diesel Infrastructure";"PL";"CO2 emission factor Biodiesel";"Rigid";"BAU";"%";2035;"0.161";"Sensitivity | Current Policies | Urban depot-only charging";"Diesel"
"OPEX";"Diesel Infrastructure";"PL";"CO2 emission factor Biodiesel";"Tractor-Trailer";"BAU";"%";2035;"0.161";"Sensitivity | Current Policies | Urban depot-only charging";"Diesel"
"OPEX";"Diesel Infrastructure";"PL";"CO2 emission factor Biodiesel";"Rigid";"PROG";"%";2035;"0.161";"Sensitivity | Current Policies | Urban depot-only charging";"Diesel"
"OPEX";"Diesel Infrastructure";"PL";"CO2 emission factor Biodiesel";"Tractor-Trailer";"PROG";"%";2035;"0.161";"Sensitivity | Current Policies | Urban depot-only charging";"Diesel"
"OPEX";"Diesel Infrastructure";"UK";"CO2 emission factor Biodiesel";"Rigid";"BAU";"%";2035;"0.161";"Sensitivity | Current Policies | Urban depot-only charging";"Diesel"
"OPEX";"Diesel Infrastructure";"UK";"CO2 emission factor Biodiesel";"Tractor-Trailer";"BAU";"%";2035;"0.161";"Sensitivity | Current Policies | Urban depot-only charging";"Diesel"
"OPEX";"Diesel Infrastructure";"UK";"CO2 emission factor Biodiesel";"Rigid";"PROG";"%";2035;"0.161";"Sensitivity | Current Policies | Urban depot-only charging";"Diesel"
"OPEX";"Diesel Infrastructure";"UK";"CO2 emission factor Biodiesel";"Tractor-Trailer";"PROG";"%";2035;"0.161";"Sensitivity | Current Policies | Urban depot-only charging";"Diesel"
"OPEX";"Diesel Infrastructure";"DE";"CO2 emission factor Pt-Diesel";"Rigid";"BAU";"%";2035;"0";"Sensitivity | Current Policies | Urban depot-only charging";"Diesel"
"OPEX";"Diesel Infrastructure";"DE";"CO2 emission factor Pt-Diesel";"Tractor-Trailer";"BAU";"%";2035;"0";"Sensitivity | Current Policies | Urban depot-only charging";"Diesel"
"OPEX";"Diesel Infrastructure";"DE";"CO2 emission factor Pt-Diesel";"Rigid";"PROG";"%";2035;"0";"Sensitivity | Current Policies | Urban depot-only charging";"Diesel"
"OPEX";"Diesel Infrastructure";"DE";"CO2 emission factor Pt-Diesel";"Tractor-Trailer";"PROG";"%";2035;"0";"Sensitivity | Current Policies | Urban depot-only charging";"Diesel"
"OPEX";"Diesel Infrastructure";"ES";"CO2 emission factor Pt-Diesel";"Rigid";"BAU";"%";2035;"0";"Sensitivity | Current Policies | Urban depot-only charging";"Diesel"
"OPEX";"Diesel Infrastructure";"ES";"CO2 emission factor Pt-Diesel";"Tractor-Trailer";"BAU";"%";2035;"0";"Sensitivity | Current Policies | Urban depot-only charging";"Diesel"
"OPEX";"Diesel Infrastructure";"ES";"CO2 emission factor Pt-Diesel";"Rigid";"PROG";"%";2035;"0";"Sensitivity | Current Policies | Urban depot-only charging";"Diesel"
"OPEX";"Diesel Infrastructure";"ES";"CO2 emission factor Pt-Diesel";"Tractor-Trailer";"PROG";"%";2035;"0";"Sensitivity | Current Policies | Urban depot-only charging";"Diesel"
"OPEX";"Diesel Infrastructure";"FR";"CO2 emission factor Pt-Diesel";"Rigid";"BAU";"%";2035;"0";"Sensitivity | Current Policies | Urban depot-only charging";"Diesel"
"OPEX";"Diesel Infrastructure";"FR";"CO2 emission factor Pt-Diesel";"Tractor-Trailer";"BAU";"%";2035;"0";"Sensitivity | Current Policies | Urban depot-only charging";"Diesel"
"OPEX";"Diesel Infrastructure";"FR";"CO2 emission factor Pt-Diesel";"Rigid";"PROG";"%";2035;"0";"Sensitivity | Current Policies | Urban depot-only charging";"Diesel"
"OPEX";"Diesel Infrastructure";"FR";"CO2 emission factor Pt-Diesel";"Tractor-Trailer";"PROG";"%";2035;"0";"Sensitivity | Current Policies | Urban depot-only charging";"Diesel"
"OPEX";"Diesel Infrastructure";"IT";"CO2 emission factor Pt-Diesel";"Rigid";"BAU";"%";2035;"0";"Sensitivity | Current Policies | Urban depot-only charging";"Diesel"
"OPEX";"Diesel Infrastructure";"IT";"CO2 emission factor Pt-Diesel";"Tractor-Trailer";"BAU";"%";2035;"0";"Sensitivity | Current Policies | Urban depot-only charging";"Diesel"
"OPEX";"Diesel Infrastructure";"IT";"CO2 emission factor Pt-Diesel";"Rigid";"PROG";"%";2035;"0";"Sensitivity | Current Policies | Urban depot-only charging";"Diesel"
"OPEX";"Diesel Infrastructure";"IT";"CO2 emission factor Pt-Diesel";"Tractor-Trailer";"PROG";"%";2035;"0";"Sensitivity | Current Policies | Urban depot-only charging";"Diesel"
"OPEX";"Diesel Infrastructure";"NL";"CO2 emission factor Pt-Diesel";"Rigid";"BAU";"%";2035;"0";"Sensitivity | Current Policies | Urban depot-only charging";"Diesel"
"OPEX";"Diesel Infrastructure";"NL";"CO2 emission factor Pt-Diesel";"Tractor-Trailer";"BAU";"%";2035;"0";"Sensitivity | Current Policies | Urban depot-only charging";"Diesel"
"OPEX";"Diesel Infrastructure";"NL";"CO2 emission factor Pt-Diesel";"Rigid";"PROG";"%";2035;"0";"Sensitivity | Current Policies | Urban depot-only charging";"Diesel"
"OPEX";"Diesel Infrastructure";"NL";"CO2 emission factor Pt-Diesel";"Tractor-Trailer";"PROG";"%";2035;"0";"Sensitivity | Current Policies | Urban depot-only charging";"Diesel"
"OPEX";"Diesel Infrastructure";"PL";"CO2 emission factor Pt-Diesel";"Rigid";"BAU";"%";2035;"0";"Sensitivity | Current Policies | Urban depot-only charging";"Diesel"
"OPEX";"Diesel Infrastructure";"PL";"CO2 emission factor Pt-Diesel";"Tractor-Trailer";"BAU";"%";2035;"0";"Sensitivity | Current Policies | Urban depot-only charging";"Diesel"
"OPEX";"Diesel Infrastructure";"PL";"CO2 emission factor Pt-Diesel";"Rigid";"PROG";"%";2035;"0";"Sensitivity | Current Policies | Urban depot-only charging";"Diesel"
"OPEX";"Diesel Infrastructure";"PL";"CO2 emission factor Pt-Diesel";"Tractor-Trailer";"PROG";"%";2035;"0";"Sensitivity | Current Policies | Urban depot-only charging";"Diesel"
"OPEX";"Diesel Infrastructure";"UK";"CO2 emission factor Pt-Diesel";"Rigid";"BAU";"%";2035;"0";"Sensitivity | Current Policies | Urban depot-only charging";"Diesel"
"OPEX";"Diesel Infrastructure";"UK";"CO2 emission factor Pt-Diesel";"Tractor-Trailer";"BAU";"%";2035;"0";"Sensitivity | Current Policies | Urban depot-only charging";"Diesel"
"OPEX";"Diesel Infrastructure";"UK";"CO2 emission factor Pt-Diesel";"Rigid";"PROG";"%";2035;"0";"Sensitivity | Current Policies | Urban depot-only charging";"Diesel"
"OPEX";"Diesel Infrastructure";"UK";"CO2 emission factor Pt-Diesel";"Tractor-Trailer";"PROG";"%";2035;"0";"Sensitivity | Current Policies | Urban depot-only charging";"Diesel"
"OPEX";"Taxes";"DE";"Network Costs - MCS";"Rigid";"BAU";"EUR/kWh";2035;"0.034";"Sensitivity | Current Policies | Urban depot-only charging";"Electricity"
"OPEX";"Taxes";"DE";"Network Costs - MCS";"Tractor-Trailer";"BAU";"EUR/kWh";2035;"0.034";"Sensitivity | Current Policies | Urban depot-only charging";"Electricity"
"OPEX";"Taxes";"ES";"Network Costs - MCS";"Rigid";"BAU";"EUR/kWh";2035;"0.018";"Sensitivity | Current Policies | Urban depot-only charging";"Electricity"
"OPEX";"Taxes";"ES";"Network Costs - MCS";"Tractor-Trailer";"BAU";"EUR/kWh";2035;"0.018";"Sensitivity | Current Policies | Urban depot-only charging";"Electricity"
"OPEX";"Taxes";"FR";"Network Costs - MCS";"Rigid";"BAU";"EUR/kWh";2035;"0.018";"Sensitivity | Current Policies | Urban depot-only charging";"Electricity"
"OPEX";"Taxes";"FR";"Network Costs - MCS";"Tractor-Trailer";"BAU";"EUR/kWh";2035;"0.018";"Sensitivity | Current Policies | Urban depot-only charging";"Electricity"
"OPEX";"Taxes";"IT";"Network Costs - MCS";"Rigid";"BAU";"EUR/kWh";2035;"0.016";"Sensitivity | Current Policies | Urban depot-only charging";"Electricity"
"OPEX";"Taxes";"IT";"Network Costs - MCS";"Tractor-Trailer";"BAU";"EUR/kWh";2035;"0.016";"Sensitivity | Current Policies | Urban depot-only charging";"Electricity"
"OPEX";"Taxes";"NL";"Network Costs - MCS";"Rigid";"BAU";"EUR/kWh";2035;"0.016";"Sensitivity | Current Policies | Urban depot-only charging";"Electricity"
"OPEX";"Taxes";"NL";"Network Costs - MCS";"Tractor-Trailer";"BAU";"EUR/kWh";2035;"0.016";"Sensitivity | Current Policies | Urban depot-only charging";"Electricity"
"OPEX";"Taxes";"PL";"Network Costs - MCS";"Rigid";"BAU";"EUR/kWh";2035;"0.019";"Sensitivity | Current Policies | Urban depot-only charging";"Electricity"
"OPEX";"Taxes";"PL";"Network Costs - MCS";"Tractor-Trailer";"BAU";"EUR/kWh";2035;"0.019";"Sensitivity | Current Policies | Urban depot-only charging";"Electricity"
"OPEX";"Taxes";"UK";"Network Costs - MCS";"Rigid";"BAU";"EUR/kWh";2035;"0.027";"Sensitivity | Current Policies | Urban depot-only charging";"Electricity"
"OPEX";"Taxes";"UK";"Network Costs - MCS";"Tractor-Trailer";"BAU";"EUR/kWh";2035;"0.027";"Sensitivity | Current Policies | Urban depot-only charging";"Electricity"
"OPEX";"Taxes";"DE";"Taxes, Fees, Levies and charges - MCS";"Rigid";"BAU";"EUR/kWh";2035;"0.056";"Sensitivity | Current Policies | Urban depot-only charging";"Electricity"
"OPEX";"Taxes";"DE";"Taxes, Fees, Levies and charges - MCS";"Tractor-Trailer";"BAU";"EUR/kWh";2035;"0.056";"Sensitivity | Current Policies | Urban depot-only charging";"Electricity"
"OPEX";"Taxes";"ES";"Taxes, Fees, Levies and charges - MCS";"Rigid";"BAU";"EUR/kWh";2035;"0.036";"Sensitivity | Current Policies | Urban depot-only charging";"Electricity"
"OPEX";"Taxes";"ES";"Taxes, Fees, Levies and charges - MCS";"Tractor-Trailer";"BAU";"EUR/kWh";2035;"0.036";"Sensitivity | Current Policies | Urban depot-only charging";"Electricity"
"OPEX";"Taxes";"FR";"Taxes, Fees, Levies and charges - MCS";"Rigid";"BAU";"EUR/kWh";2035;"0.03";"Sensitivity | Current Policies | Urban depot-only charging";"Electricity"
"OPEX";"Taxes";"FR";"Taxes, Fees, Levies and charges - MCS";"Tractor-Trailer";"BAU";"EUR/kWh";2035;"0.03";"Sensitivity | Current Policies | Urban depot-only charging";"Electricity"
"OPEX";"Taxes";"IT";"Taxes, Fees, Levies and charges - MCS";"Rigid";"BAU";"EUR/kWh";2035;"0.063";"Sensitivity | Current Policies | Urban depot-only charging";"Electricity"
"OPEX";"Taxes";"IT";"Taxes, Fees, Levies and charges - MCS";"Tractor-Trailer";"BAU";"EUR/kWh";2035;"0.063";"Sensitivity | Current Policies | Urban depot-only charging";"Electricity"
"OPEX";"Taxes";"NL";"Taxes, Fees, Levies and charges - MCS";"Rigid";"BAU";"EUR/kWh";2035;"0.055";"Sensitivity | Current Policies | Urban depot-only charging";"Electricity"
"OPEX";"Taxes";"NL";"Taxes, Fees, Levies and charges - MCS";"Tractor-Trailer";"BAU";"EUR/kWh";2035;"0.055";"Sensitivity | Current Policies | Urban depot-only charging";"Electricity"
"OPEX";"Taxes";"PL";"Taxes, Fees, Levies and charges - MCS";"Rigid";"BAU";"EUR/kWh";2035;"0.049";"Sensitivity | Current Policies | Urban depot-only charging";"Electricity"
"OPEX";"Taxes";"PL";"Taxes, Fees, Levies and charges - MCS";"Tractor-Trailer";"BAU";"EUR/kWh";2035;"0.049";"Sensitivity | Current Policies | Urban depot-only charging";"Electricity"
"OPEX";"Taxes";"UK";"Taxes, Fees, Levies and charges - MCS";"Rigid";"BAU";"EUR/kWh";2035;"0.077";"Sensitivity | Current Policies | Urban depot-only charging";"Electricity"
"OPEX";"Taxes";"UK";"Taxes, Fees, Levies and charges - MCS";"Tractor-Trailer";"BAU";"EUR/kWh";2035;"0.077";"Sensitivity | Current Policies | Urban depot-only charging";"Electricity"
"OPEX";"Taxes";"DE";"Network Costs - Depot";"Rigid";"BAU";"EUR/kWh";2035;"0.044";"Sensitivity | Current Policies | Urban depot-only charging";"Electricity"
"OPEX";"Taxes";"DE";"Network Costs - Depot";"Tractor-Trailer";"BAU";"EUR/kWh";2035;"0.044";"Sensitivity | Current Policies | Urban depot-only charging";"Electricity"
"OPEX";"Taxes";"ES";"Network Costs - Depot";"Rigid";"BAU";"EUR/kWh";2035;"0.031";"Sensitivity | Current Policies | Urban depot-only charging";"Electricity"
"OPEX";"Taxes";"ES";"Network Costs - Depot";"Tractor-Trailer";"BAU";"EUR/kWh";2035;"0.031";"Sensitivity | Current Policies | Urban depot-only charging";"Electricity"
"OPEX";"Taxes";"FR";"Network Costs - Depot";"Rigid";"BAU";"EUR/kWh";2035;"0.024";"Sensitivity | Current Policies | Urban depot-only charging";"Electricity"
"OPEX";"Taxes";"FR";"Network Costs - Depot";"Tractor-Trailer";"BAU";"EUR/kWh";2035;"0.024";"Sensitivity | Current Policies | Urban depot-only charging";"Electricity"
"OPEX";"Taxes";"IT";"Network Costs - Depot";"Rigid";"BAU";"EUR/kWh";2035;"0.018";"Sensitivity | Current Policies | Urban depot-only charging";"Electricity"
"OPEX";"Taxes";"IT";"Network Costs - Depot";"Tractor-Trailer";"BAU";"EUR/kWh";2035;"0.018";"Sensitivity | Current Policies | Urban depot-only charging";"Electricity"
"OPEX";"Taxes";"NL";"Network Costs - Depot";"Rigid";"BAU";"EUR/kWh";2035;"0.019";"Sensitivity | Current Policies | Urban depot-only charging";"Electricity"
"OPEX";"Taxes";"NL";"Network Costs - Depot";"Tractor-Trailer";"BAU";"EUR/kWh";2035;"0.019";"Sensitivity | Current Policies | Urban depot-only charging";"Electricity"
"OPEX";"Taxes";"PL";"Network Costs - Depot";"Rigid";"BAU";"EUR/kWh";2035;"0.026";"Sensitivity | Current Policies | Urban depot-only charging";"Electricity"
"OPEX";"Taxes";"PL";"Network Costs - Depot";"Tractor-Trailer";"BAU";"EUR/kWh";2035;"0.026";"Sensitivity | Current Policies | Urban depot-only charging";"Electricity"
"OPEX";"Taxes";"UK";"Network Costs - Depot";"Rigid";"BAU";"EUR/kWh";2035;"0.029";"Sensitivity | Current Policies | Urban depot-only charging";"Electricity"
"OPEX";"Taxes";"UK";"Network Costs - Depot";"Tractor-Trailer";"BAU";"EUR/kWh";2035;"0.029";"Sensitivity | Current Policies | Urban depot-only charging";"Electricity"
"OPEX";"Taxes";"DE";"Taxes, Fees, Levies and charges - Depot";"Rigid";"BAU";"EUR/kWh";2035;"0.062";"Sensitivity | Current Policies | Urban depot-only charging";"Electricity"
"OPEX";"Taxes";"DE";"Taxes, Fees, Levies and charges - Depot";"Tractor-Trailer";"BAU";"EUR/kWh";2035;"0.062";"Sensitivity | Current Policies | Urban depot-only charging";"Electricity"
"OPEX";"Taxes";"ES";"Taxes, Fees, Levies and charges - Depot";"Rigid";"BAU";"EUR/kWh";2035;"0.054";"Sensitivity | Current Policies | Urban depot-only charging";"Electricity"
"OPEX";"Taxes";"ES";"Taxes, Fees, Levies and charges - Depot";"Tractor-Trailer";"BAU";"EUR/kWh";2035;"0.054";"Sensitivity | Current Policies | Urban depot-only charging";"Electricity"
"OPEX";"Taxes";"FR";"Taxes, Fees, Levies and charges - Depot";"Rigid";"BAU";"EUR/kWh";2035;"0.04";"Sensitivity | Current Policies | Urban depot-only charging";"Electricity"
"OPEX";"Taxes";"FR";"Taxes, Fees, Levies and charges - Depot";"Tractor-Trailer";"BAU";"EUR/kWh";2035;"0.04";"Sensitivity | Current Policies | Urban depot-only charging";"Electricity"
"OPEX";"Taxes";"IT";"Taxes, Fees, Levies and charges - Depot";"Rigid";"BAU";"EUR/kWh";2035;"0.088";"Sensitivity | Current Policies | Urban depot-only charging";"Electricity"
"OPEX";"Taxes";"IT";"Taxes, Fees, Levies and charges - Depot";"Tractor-Trailer";"BAU";"EUR/kWh";2035;"0.088";"Sensitivity | Current Policies | Urban depot-only charging";"Electricity"
"OPEX";"Taxes";"NL";"Taxes, Fees, Levies and charges - Depot";"Rigid";"BAU";"EUR/kWh";2035;"0.058";"Sensitivity | Current Policies | Urban depot-only charging";"Electricity"
"OPEX";"Taxes";"NL";"Taxes, Fees, Levies and charges - Depot";"Tractor-Trailer";"BAU";"EUR/kWh";2035;"0.058";"Sensitivity | Current Policies | Urban depot-only charging";"Electricity"
"OPEX";"Taxes";"PL";"Taxes, Fees, Levies and charges - Depot";"Rigid";"BAU";"EUR/kWh";2035;"0.053";"Sensitivity | Current Policies | Urban depot-only charging";"Electricity"
"OPEX";"Taxes";"PL";"Taxes, Fees, Levies and charges - Depot";"Tractor-Trailer";"BAU";"EUR/kWh";2035;"0.053";"Sensitivity | Current Policies | Urban depot-only charging";"Electricity"
"OPEX";"Taxes";"UK";"Taxes, Fees, Levies and charges - Depot";"Rigid";"BAU";"EUR/kWh";2035;"0.084";"Sensitivity | Current Policies | Urban depot-only charging";"Electricity"
"OPEX";"Taxes";"UK";"Taxes, Fees, Levies and charges - Depot";"Tractor-Trailer";"BAU";"EUR/kWh";2035;"0.084";"Sensitivity | Current Policies | Urban depot-only charging";"Electricity"
"OPEX";"H2 Infrastructure";"DE";"HRS costs";"Rigid";"BAU";"EUR/kg H2";2035;"1.45";"Sensitivity | Current Policies | Urban depot-only charging";"Hydrogen"
"OPEX";"H2 Infrastructure";"DE";"HRS costs";"Tractor-Trailer";"BAU";"EUR/kg H2";2035;"1.45";"Sensitivity | Current Policies | Urban depot-only charging";"Hydrogen"
"OPEX";"H2 Infrastructure";"ES";"HRS costs";"Rigid";"BAU";"EUR/kg H2";2035;"1.45";"Sensitivity | Current Policies | Urban depot-only charging";"Hydrogen"
"OPEX";"H2 Infrastructure";"ES";"HRS costs";"Tractor-Trailer";"BAU";"EUR/kg H2";2035;"1.45";"Sensitivity | Current Policies | Urban depot-only charging";"Hydrogen"
"OPEX";"H2 Infrastructure";"FR";"HRS costs";"Rigid";"BAU";"EUR/kg H2";2035;"1.45";"Sensitivity | Current Policies | Urban depot-only charging";"Hydrogen"
"OPEX";"H2 Infrastructure";"FR";"HRS costs";"Tractor-Trailer";"BAU";"EUR/kg H2";2035;"1.45";"Sensitivity | Current Policies | Urban depot-only charging";"Hydrogen"
"OPEX";"H2 Infrastructure";"IT";"HRS costs";"Rigid";"BAU";"EUR/kg H2";2035;"1.45";"Sensitivity | Current Policies | Urban depot-only charging";"Hydrogen"
"OPEX";"H2 Infrastructure";"IT";"HRS costs";"Tractor-Trailer";"BAU";"EUR/kg H2";2035;"1.45";"Sensitivity | Current Policies | Urban depot-only charging";"Hydrogen"
"OPEX";"H2 Infrastructure";"NL";"HRS costs";"Rigid";"BAU";"EUR/kg H2";2035;"1.45";"Sensitivity | Current Policies | Urban depot-only charging";"Hydrogen"
"OPEX";"H2 Infrastructure";"NL";"HRS costs";"Tractor-Trailer";"BAU";"EUR/kg H2";2035;"1.45";"Sensitivity | Current Policies | Urban depot-only charging";"Hydrogen"
"OPEX";"H2 Infrastructure";"PL";"HRS costs";"Rigid";"BAU";"EUR/kg H2";2035;"1.45";"Sensitivity | Current Policies | Urban depot-only charging";"Hydrogen"
"OPEX";"H2 Infrastructure";"PL";"HRS costs";"Tractor-Trailer";"BAU";"EUR/kg H2";2035;"1.45";"Sensitivity | Current Policies | Urban depot-only charging";"Hydrogen"
"OPEX";"H2 Infrastructure";"UK";"HRS costs";"Rigid";"BAU";"EUR/kg H2";2035;"1.45";"Sensitivity | Current Policies | Urban depot-only charging";"Hydrogen"
"OPEX";"H2 Infrastructure";"UK";"HRS costs";"Tractor-Trailer";"BAU";"EUR/kg H2";2035;"1.45";"Sensitivity | Current Policies | Urban depot-only charging";"Hydrogen"
"OPEX";"H2 Infrastructure";"DE";"H2 transport and distribution";"Rigid";"BAU";"EUR/kg H2";2035;"1.333";"Sensitivity | Current Policies | Urban depot-only charging";"Hydrogen"
"OPEX";"H2 Infrastructure";"DE";"H2 transport and distribution";"Tractor-Trailer";"BAU";"EUR/kg H2";2035;"1.333";"Sensitivity | Current Policies | Urban depot-only charging";"Hydrogen"
"OPEX";"H2 Infrastructure";"ES";"H2 transport and distribution";"Rigid";"BAU";"EUR/kg H2";2035;"1.333";"Sensitivity | Current Policies | Urban depot-only charging";"Hydrogen"
"OPEX";"H2 Infrastructure";"ES";"H2 transport and distribution";"Tractor-Trailer";"BAU";"EUR/kg H2";2035;"1.333";"Sensitivity | Current Policies | Urban depot-only charging";"Hydrogen"
"OPEX";"H2 Infrastructure";"FR";"H2 transport and distribution";"Rigid";"BAU";"EUR/kg H2";2035;"1.333";"Sensitivity | Current Policies | Urban depot-only charging";"Hydrogen"
"OPEX";"H2 Infrastructure";"FR";"H2 transport and distribution";"Tractor-Trailer";"BAU";"EUR/kg H2";2035;"1.333";"Sensitivity | Current Policies | Urban depot-only charging";"Hydrogen"
"OPEX";"H2 Infrastructure";"IT";"H2 transport and distribution";"Rigid";"BAU";"EUR/kg H2";2035;"1.333";"Sensitivity | Current Policies | Urban depot-only charging";"Hydrogen"
"OPEX";"H2 Infrastructure";"IT";"H2 transport and distribution";"Tractor-Trailer";"BAU";"EUR/kg H2";2035;"1.333";"Sensitivity | Current Policies | Urban depot-only charging";"Hydrogen"
"OPEX";"H2 Infrastructure";"NL";"H2 transport and distribution";"Rigid";"BAU";"EUR/kg H2";2035;"1.333";"Sensitivity | Current Policies | Urban depot-only charging";"Hydrogen"
"OPEX";"H2 Infrastructure";"NL";"H2 transport and distribution";"Tractor-Trailer";"BAU";"EUR/kg H2";2035;"1.333";"Sensitivity | Current Policies | Urban depot-only charging";"Hydrogen"
"OPEX";"H2 Infrastructure";"PL";"H2 transport and distribution";"Rigid";"BAU";"EUR/kg H2";2035;"1.333";"Sensitivity | Current Policies | Urban depot-only charging";"Hydrogen"
"OPEX";"H2 Infrastructure";"PL";"H2 transport and distribution";"Tractor-Trailer";"BAU";"EUR/kg H2";2035;"1.333";"Sensitivity | Current Policies | Urban depot-only charging";"Hydrogen"
"OPEX";"H2 Infrastructure";"UK";"H2 transport and distribution";"Rigid";"BAU";"EUR/kg H2";2035;"1.333";"Sensitivity | Current Policies | Urban depot-only charging";"Hydrogen"
"OPEX";"H2 Infrastructure";"UK";"H2 transport and distribution";"Tractor-Trailer";"BAU";"EUR/kg H2";2035;"1.333";"Sensitivity | Current Policies | Urban depot-only charging";"Hydrogen"
"OPEX";"H2 Infrastructure";"DE";"HRS Overhead, Profit and Mark-Up";"Rigid";"BAU";"EUR/kg H2";2035;"0.25";"Sensitivity | Current Policies | Urban depot-only charging";"Hydrogen"
"OPEX";"H2 Infrastructure";"DE";"HRS Overhead, Profit and Mark-Up";"Tractor-Trailer";"BAU";"EUR/kg H2";2035;"0.25";"Sensitivity | Current Policies | Urban depot-only charging";"Hydrogen"
"OPEX";"H2 Infrastructure";"ES";"HRS Overhead, Profit and Mark-Up";"Rigid";"BAU";"EUR/kg H2";2035;"0.25";"Sensitivity | Current Policies | Urban depot-only charging";"Hydrogen"
"OPEX";"H2 Infrastructure";"ES";"HRS Overhead, Profit and Mark-Up";"Tractor-Trailer";"BAU";"EUR/kg H2";2035;"0.25";"Sensitivity | Current Policies | Urban depot-only charging";"Hydrogen"
"OPEX";"H2 Infrastructure";"FR";"HRS Overhead, Profit and Mark-Up";"Rigid";"BAU";"EUR/kg H2";2035;"0.25";"Sensitivity | Current Policies | Urban depot-only charging";"Hydrogen"
"OPEX";"H2 Infrastructure";"FR";"HRS Overhead, Profit and Mark-Up";"Tractor-Trailer";"BAU";"EUR/kg H2";2035;"0.25";"Sensitivity | Current Policies | Urban depot-only charging";"Hydrogen"
"OPEX";"H2 Infrastructure";"IT";"HRS Overhead, Profit and Mark-Up";"Rigid";"BAU";"EUR/kg H2";2035;"0.25";"Sensitivity | Current Policies | Urban depot-only charging";"Hydrogen"
"OPEX";"H2 Infrastructure";"IT";"HRS Overhead, Profit and Mark-Up";"Tractor-Trailer";"BAU";"EUR/kg H2";2035;"0.25";"Sensitivity | Current Policies | Urban depot-only charging";"Hydrogen"
"OPEX";"H2 Infrastructure";"NL";"HRS Overhead, Profit and Mark-Up";"Rigid";"BAU";"EUR/kg H2";2035;"0.25";"Sensitivity | Current Policies | Urban depot-only charging";"Hydrogen"
"OPEX";"H2 Infrastructure";"NL";"HRS Overhead, Profit and Mark-Up";"Tractor-Trailer";"BAU";"EUR/kg H2";2035;"0.25";"Sensitivity | Current Policies | Urban depot-only charging";"Hydrogen"
"OPEX";"H2 Infrastructure";"PL";"HRS Overhead, Profit and Mark-Up";"Rigid";"BAU";"EUR/kg H2";2035;"0.25";"Sensitivity | Current Policies | Urban depot-only charging";"Hydrogen"
"OPEX";"H2 Infrastructure";"PL";"HRS Overhead, Profit and Mark-Up";"Tractor-Trailer";"BAU";"EUR/kg H2";2035;"0.25";"Sensitivity | Current Policies | Urban depot-only charging";"Hydrogen"
"OPEX";"H2 Infrastructure";"UK";"HRS Overhead, Profit and Mark-Up";"Rigid";"BAU";"EUR/kg H2";2035;"0.25";"Sensitivity | Current Policies | Urban depot-only charging";"Hydrogen"
"OPEX";"H2 Infrastructure";"UK";"HRS Overhead, Profit and Mark-Up";"Tractor-Trailer";"BAU";"EUR/kg H2";2035;"0.25";"Sensitivity | Current Policies | Urban depot-only charging";"Hydrogen"
"OPEX";"Charging Infrastructure";"DE";"MCS Station (Public Charging) - Incl. Overhead";"Rigid";"BAU";"EUR/kWh";2035;"0.082";"Sensitivity | Current Policies | Urban depot-only charging";"Electricity"
"OPEX";"Charging Infrastructure";"DE";"MCS Station (Public Charging) - Incl. Overhead";"Tractor-Trailer";"BAU";"EUR/kWh";2035;"0.082";"Sensitivity | Current Policies | Urban depot-only charging";"Electricity"
"OPEX";"Charging Infrastructure";"ES";"MCS Station (Public Charging) - Incl. Overhead";"Rigid";"BAU";"EUR/kWh";2035;"0.082";"Sensitivity | Current Policies | Urban depot-only charging";"Electricity"
"OPEX";"Charging Infrastructure";"ES";"MCS Station (Public Charging) - Incl. Overhead";"Tractor-Trailer";"BAU";"EUR/kWh";2035;"0.082";"Sensitivity | Current Policies | Urban depot-only charging";"Electricity"
"OPEX";"Charging Infrastructure";"FR";"MCS Station (Public Charging) - Incl. Overhead";"Rigid";"BAU";"EUR/kWh";2035;"0.082";"Sensitivity | Current Policies | Urban depot-only charging";"Electricity"
"OPEX";"Charging Infrastructure";"FR";"MCS Station (Public Charging) - Incl. Overhead";"Tractor-Trailer";"BAU";"EUR/kWh";2035;"0.082";"Sensitivity | Current Policies | Urban depot-only charging";"Electricity"
"OPEX";"Charging Infrastructure";"IT";"MCS Station (Public Charging) - Incl. Overhead";"Rigid";"BAU";"EUR/kWh";2035;"0.082";"Sensitivity | Current Policies | Urban depot-only charging";"Electricity"
"OPEX";"Charging Infrastructure";"IT";"MCS Station (Public Charging) - Incl. Overhead";"Tractor-Trailer";"BAU";"EUR/kWh";2035;"0.082";"Sensitivity | Current Policies | Urban depot-only charging";"Electricity"
"OPEX";"Charging Infrastructure";"NL";"MCS Station (Public Charging) - Incl. Overhead";"Rigid";"BAU";"EUR/kWh";2035;"0.082";"Sensitivity | Current Policies | Urban depot-only charging";"Electricity"
"OPEX";"Charging Infrastructure";"NL";"MCS Station (Public Charging) - Incl. Overhead";"Tractor-Trailer";"BAU";"EUR/kWh";2035;"0.082";"Sensitivity | Current Policies | Urban depot-only charging";"Electricity"
"OPEX";"Charging Infrastructure";"PL";"MCS Station (Public Charging) - Incl. Overhead";"Rigid";"BAU";"EUR/kWh";2035;"0.082";"Sensitivity | Current Policies | Urban depot-only charging";"Electricity"
"OPEX";"Charging Infrastructure";"PL";"MCS Station (Public Charging) - Incl. Overhead";"Tractor-Trailer";"BAU";"EUR/kWh";2035;"0.082";"Sensitivity | Current Policies | Urban depot-only charging";"Electricity"
"OPEX";"Charging Infrastructure";"UK";"MCS Station (Public Charging) - Incl. Overhead";"Rigid";"BAU";"EUR/kWh";2035;"0.082";"Sensitivity | Current Policies | Urban depot-only charging";"Electricity"
"OPEX";"Charging Infrastructure";"UK";"MCS Station (Public Charging) - Incl. Overhead";"Tractor-Trailer";"BAU";"EUR/kWh";2035;"0.082";"Sensitivity | Current Policies | Urban depot-only charging";"Electricity"
"OPEX";"Charging Infrastructure";"DE";"Share MCS-Charging";"Rigid";"BAU";"%";2035;"0";"Sensitivity | Current Policies | Urban depot-only charging";"Electricity"
"OPEX";"Charging Infrastructure";"DE";"Share MCS-Charging";"Tractor-Trailer";"BAU";"%";2035;"0";"Sensitivity | Current Policies | Urban depot-only charging";"Electricity"
"OPEX";"Charging Infrastructure";"ES";"Share MCS-Charging";"Rigid";"BAU";"%";2035;"0";"Sensitivity | Current Policies | Urban depot-only charging";"Electricity"
"OPEX";"Charging Infrastructure";"ES";"Share MCS-Charging";"Tractor-Trailer";"BAU";"%";2035;"0";"Sensitivity | Current Policies | Urban depot-only charging";"Electricity"
"OPEX";"Charging Infrastructure";"FR";"Share MCS-Charging";"Rigid";"BAU";"%";2035;"0";"Sensitivity | Current Policies | Urban depot-only charging";"Electricity"
"OPEX";"Charging Infrastructure";"FR";"Share MCS-Charging";"Tractor-Trailer";"BAU";"%";2035;"0";"Sensitivity | Current Policies | Urban depot-only charging";"Electricity"
"OPEX";"Charging Infrastructure";"IT";"Share MCS-Charging";"Rigid";"BAU";"%";2035;"0";"Sensitivity | Current Policies | Urban depot-only charging";"Electricity"
"OPEX";"Charging Infrastructure";"IT";"Share MCS-Charging";"Tractor-Trailer";"BAU";"%";2035;"0";"Sensitivity | Current Policies | Urban depot-only charging";"Electricity"
"OPEX";"Charging Infrastructure";"NL";"Share MCS-Charging";"Rigid";"BAU";"%";2035;"0";"Sensitivity | Current Policies | Urban depot-only charging";"Electricity"
"OPEX";"Charging Infrastructure";"NL";"Share MCS-Charging";"Tractor-Trailer";"BAU";"%";2035;"0";"Sensitivity | Current Policies | Urban depot-only charging";"Electricity"
"OPEX";"Charging Infrastructure";"PL";"Share MCS-Charging";"Rigid";"BAU";"%";2035;"0";"Sensitivity | Current Policies | Urban depot-only charging";"Electricity"
"OPEX";"Charging Infrastructure";"PL";"Share MCS-Charging";"Tractor-Trailer";"BAU";"%";2035;"0";"Sensitivity | Current Policies | Urban depot-only charging";"Electricity"
"OPEX";"Charging Infrastructure";"UK";"Share MCS-Charging";"Rigid";"BAU";"%";2035;"0";"Sensitivity | Current Policies | Urban depot-only charging";"Electricity"
"OPEX";"Charging Infrastructure";"UK";"Share MCS-Charging";"Tractor-Trailer";"BAU";"%";2035;"0";"Sensitivity | Current Policies | Urban depot-only charging";"Electricity"
"OPEX";"Charging Infrastructure";"DE";"Depot - Network fees savings potential";"Rigid";"BAU";"EUR/kWh";2035;"0";"Sensitivity | Current Policies | Urban depot-only charging";"Electricity"
"OPEX";"Charging Infrastructure";"DE";"Depot - Network fees savings potential";"Tractor-Trailer";"BAU";"EUR/kWh";2035;"0";"Sensitivity | Current Policies | Urban depot-only charging";"Electricity"
"OPEX";"Charging Infrastructure";"ES";"Depot - Network fees savings potential";"Rigid";"BAU";"EUR/kWh";2035;"0";"Sensitivity | Current Policies | Urban depot-only charging";"Electricity"
"OPEX";"Charging Infrastructure";"ES";"Depot - Network fees savings potential";"Tractor-Trailer";"BAU";"EUR/kWh";2035;"0";"Sensitivity | Current Policies | Urban depot-only charging";"Electricity"
"OPEX";"Charging Infrastructure";"FR";"Depot - Network fees savings potential";"Rigid";"BAU";"EUR/kWh";2035;"0";"Sensitivity | Current Policies | Urban depot-only charging";"Electricity"
"OPEX";"Charging Infrastructure";"FR";"Depot - Network fees savings potential";"Tractor-Trailer";"BAU";"EUR/kWh";2035;"0";"Sensitivity | Current Policies | Urban depot-only charging";"Electricity"
"OPEX";"Charging Infrastructure";"IT";"Depot - Network fees savings potential";"Rigid";"BAU";"EUR/kWh";2035;"0";"Sensitivity | Current Policies | Urban depot-only charging";"Electricity"
"OPEX";"Charging Infrastructure";"IT";"Depot - Network fees savings potential";"Tractor-Trailer";"BAU";"EUR/kWh";2035;"0";"Sensitivity | Current Policies | Urban depot-only charging";"Electricity"
"OPEX";"Charging Infrastructure";"NL";"Depot - Network fees savings potential";"Rigid";"BAU";"EUR/kWh";2035;"0";"Sensitivity | Current Policies | Urban depot-only charging";"Electricity"
"OPEX";"Charging Infrastructure";"NL";"Depot - Network fees savings potential";"Tractor-Trailer";"BAU";"EUR/kWh";2035;"0";"Sensitivity | Current Policies | Urban depot-only charging";"Electricity"
"OPEX";"Charging Infrastructure";"PL";"Depot - Network fees savings potential";"Rigid";"BAU";"EUR/kWh";2035;"0";"Sensitivity | Current Policies | Urban depot-only charging";"Electricity"
"OPEX";"Charging Infrastructure";"PL";"Depot - Network fees savings potential";"Tractor-Trailer";"BAU";"EUR/kWh";2035;"0";"Sensitivity | Current Policies | Urban depot-only charging";"Electricity"
"OPEX";"Charging Infrastructure";"UK";"Depot - Network fees savings potential";"Rigid";"BAU";"EUR/kWh";2035;"0";"Sensitivity | Current Policies | Urban depot-only charging";"Electricity"
"OPEX";"Charging Infrastructure";"UK";"Depot - Network fees savings potential";"Tractor-Trailer";"BAU";"EUR/kWh";2035;"0";"Sensitivity | Current Policies | Urban depot-only charging";"Electricity"
"OPEX";"Taxes";"DE";"Tax reduction";"Rigid";"BAU";"%";2035;"-1";"Sensitivity | Current Policies | Urban depot-only charging";"Hydrogen"
"OPEX";"Taxes";"DE";"Tax reduction";"Tractor-Trailer";"BAU";"%";2035;"-1";"Sensitivity | Current Policies | Urban depot-only charging";"Hydrogen"
"OPEX";"Taxes";"ES";"Tax reduction";"Rigid";"BAU";"%";2035;"-1";"Sensitivity | Current Policies | Urban depot-only charging";"Hydrogen"
"OPEX";"Taxes";"ES";"Tax reduction";"Tractor-Trailer";"BAU";"%";2035;"-1";"Sensitivity | Current Policies | Urban depot-only charging";"Hydrogen"
"OPEX";"Taxes";"FR";"Tax reduction";"Rigid";"BAU";"%";2035;"-1";"Sensitivity | Current Policies | Urban depot-only charging";"Hydrogen"
"OPEX";"Taxes";"FR";"Tax reduction";"Tractor-Trailer";"BAU";"%";2035;"-1";"Sensitivity | Current Policies | Urban depot-only charging";"Hydrogen"
"OPEX";"Taxes";"IT";"Tax reduction";"Rigid";"BAU";"%";2035;"-1";"Sensitivity | Current Policies | Urban depot-only charging";"Hydrogen"
"OPEX";"Taxes";"IT";"Tax reduction";"Tractor-Trailer";"BAU";"%";2035;"-1";"Sensitivity | Current Policies | Urban depot-only charging";"Hydrogen"
"OPEX";"Taxes";"NL";"Tax reduction";"Rigid";"BAU";"%";2035;"-1";"Sensitivity | Current Policies | Urban depot-only charging";"Hydrogen"
"OPEX";"Taxes";"NL";"Tax reduction";"Tractor-Trailer";"BAU";"%";2035;"-1";"Sensitivity | Current Policies | Urban depot-only charging";"Hydrogen"
"OPEX";"Taxes";"PL";"Tax reduction";"Rigid";"BAU";"%";2035;"-1";"Sensitivity | Current Policies | Urban depot-only charging";"Hydrogen"
"OPEX";"Taxes";"PL";"Tax reduction";"Tractor-Trailer";"BAU";"%";2035;"-1";"Sensitivity | Current Policies | Urban depot-only charging";"Hydrogen"
"OPEX";"Taxes";"UK";"Tax reduction";"Rigid";"BAU";"%";2035;"-1";"Sensitivity | Current Policies | Urban depot-only charging";"Hydrogen"
"OPEX";"Taxes";"UK";"Tax reduction";"Tractor-Trailer";"BAU";"%";2035;"-1";"Sensitivity | Current Policies | Urban depot-only charging";"Hydrogen"
"OPEX";"Taxes";"DE";"Increasing grid fees";"Rigid";"PROG";"%";2035;"0.15";"Sensitivity | Current Policies | Urban depot-only charging";"Electricity"
"OPEX";"Taxes";"DE";"Increasing grid fees";"Tractor-Trailer";"PROG";"%";2035;"0.15";"Sensitivity | Current Policies | Urban depot-only charging";"Electricity"
"OPEX";"Taxes";"ES";"Increasing grid fees";"Rigid";"PROG";"%";2035;"0.15";"Sensitivity | Current Policies | Urban depot-only charging";"Electricity"
"OPEX";"Taxes";"ES";"Increasing grid fees";"Tractor-Trailer";"PROG";"%";2035;"0.15";"Sensitivity | Current Policies | Urban depot-only charging";"Electricity"
"OPEX";"Taxes";"FR";"Increasing grid fees";"Rigid";"PROG";"%";2035;"0.15";"Sensitivity | Current Policies | Urban depot-only charging";"Electricity"
"OPEX";"Taxes";"FR";"Increasing grid fees";"Tractor-Trailer";"PROG";"%";2035;"0.15";"Sensitivity | Current Policies | Urban depot-only charging";"Electricity"
"OPEX";"Taxes";"IT";"Increasing grid fees";"Rigid";"PROG";"%";2035;"0.15";"Sensitivity | Current Policies | Urban depot-only charging";"Electricity"
"OPEX";"Taxes";"IT";"Increasing grid fees";"Tractor-Trailer";"PROG";"%";2035;"0.15";"Sensitivity | Current Policies | Urban depot-only charging";"Electricity"
"OPEX";"Taxes";"NL";"Increasing grid fees";"Rigid";"PROG";"%";2035;"0.15";"Sensitivity | Current Policies | Urban depot-only charging";"Electricity"
"OPEX";"Taxes";"NL";"Increasing grid fees";"Tractor-Trailer";"PROG";"%";2035;"0.15";"Sensitivity | Current Policies | Urban depot-only charging";"Electricity"
"OPEX";"Taxes";"PL";"Increasing grid fees";"Rigid";"PROG";"%";2035;"0.15";"Sensitivity | Current Policies | Urban depot-only charging";"Electricity"
"OPEX";"Taxes";"PL";"Increasing grid fees";"Tractor-Trailer";"PROG";"%";2035;"0.15";"Sensitivity | Current Policies | Urban depot-only charging";"Electricity"
"OPEX";"Taxes";"UK";"Increasing grid fees";"Rigid";"PROG";"%";2035;"0.15";"Sensitivity | Current Policies | Urban depot-only charging";"Electricity"
"OPEX";"Taxes";"UK";"Increasing grid fees";"Tractor-Trailer";"PROG";"%";2035;"0.15";"Sensitivity | Current Policies | Urban depot-only charging";"Electricity"
"OPEX";"Taxes";"DE";"Increasing grid fees";"Rigid";"BAU";"%";2035;"0.25";"Sensitivity | Current Policies | Urban depot-only charging";"Electricity"
"OPEX";"Taxes";"DE";"Increasing grid fees";"Tractor-Trailer";"BAU";"%";2035;"0.25";"Sensitivity | Current Policies | Urban depot-only charging";"Electricity"
"OPEX";"Taxes";"ES";"Increasing grid fees";"Rigid";"BAU";"%";2035;"0.25";"Sensitivity | Current Policies | Urban depot-only charging";"Electricity"
"OPEX";"Taxes";"ES";"Increasing grid fees";"Tractor-Trailer";"BAU";"%";2035;"0.25";"Sensitivity | Current Policies | Urban depot-only charging";"Electricity"
"OPEX";"Taxes";"FR";"Increasing grid fees";"Rigid";"BAU";"%";2035;"0.25";"Sensitivity | Current Policies | Urban depot-only charging";"Electricity"
"OPEX";"Taxes";"FR";"Increasing grid fees";"Tractor-Trailer";"BAU";"%";2035;"0.25";"Sensitivity | Current Policies | Urban depot-only charging";"Electricity"
"OPEX";"Taxes";"IT";"Increasing grid fees";"Rigid";"BAU";"%";2035;"0.25";"Sensitivity | Current Policies | Urban depot-only charging";"Electricity"
"OPEX";"Taxes";"IT";"Increasing grid fees";"Tractor-Trailer";"BAU";"%";2035;"0.25";"Sensitivity | Current Policies | Urban depot-only charging";"Electricity"
"OPEX";"Taxes";"NL";"Increasing grid fees";"Rigid";"BAU";"%";2035;"0.25";"Sensitivity | Current Policies | Urban depot-only charging";"Electricity"
"OPEX";"Taxes";"NL";"Increasing grid fees";"Tractor-Trailer";"BAU";"%";2035;"0.25";"Sensitivity | Current Policies | Urban depot-only charging";"Electricity"
"OPEX";"Taxes";"PL";"Increasing grid fees";"Rigid";"BAU";"%";2035;"0.25";"Sensitivity | Current Policies | Urban depot-only charging";"Electricity"
"OPEX";"Taxes";"PL";"Increasing grid fees";"Tractor-Trailer";"BAU";"%";2035;"0.25";"Sensitivity | Current Policies | Urban depot-only charging";"Electricity"
"OPEX";"Taxes";"UK";"Increasing grid fees";"Rigid";"BAU";"%";2035;"0.25";"Sensitivity | Current Policies | Urban depot-only charging";"Electricity"
"OPEX";"Taxes";"UK";"Increasing grid fees";"Tractor-Trailer";"BAU";"%";2035;"0.25";"Sensitivity | Current Policies | Urban depot-only charging";"Electricity"
"OPEX";"Taxes";"DE";"Network Costs - MCS";"Rigid";"PROG";"EUR/kWh";2040;"0.03";"Sensitivity | Current Policies | Urban depot-only charging";"Electricity"
"OPEX";"Taxes";"DE";"Network Costs - MCS";"Tractor-Trailer";"PROG";"EUR/kWh";2040;"0.03";"Sensitivity | Current Policies | Urban depot-only charging";"Electricity"
"OPEX";"Taxes";"ES";"Network Costs - MCS";"Rigid";"PROG";"EUR/kWh";2040;"0.011";"Sensitivity | Current Policies | Urban depot-only charging";"Electricity"
"OPEX";"Taxes";"ES";"Network Costs - MCS";"Tractor-Trailer";"PROG";"EUR/kWh";2040;"0.011";"Sensitivity | Current Policies | Urban depot-only charging";"Electricity"
"OPEX";"Taxes";"FR";"Network Costs - MCS";"Rigid";"PROG";"EUR/kWh";2040;"0.014";"Sensitivity | Current Policies | Urban depot-only charging";"Electricity"
"OPEX";"Taxes";"FR";"Network Costs - MCS";"Tractor-Trailer";"PROG";"EUR/kWh";2040;"0.014";"Sensitivity | Current Policies | Urban depot-only charging";"Electricity"
"OPEX";"Taxes";"IT";"Network Costs - MCS";"Rigid";"PROG";"EUR/kWh";2040;"0.013";"Sensitivity | Current Policies | Urban depot-only charging";"Electricity"
"OPEX";"Taxes";"IT";"Network Costs - MCS";"Tractor-Trailer";"PROG";"EUR/kWh";2040;"0.013";"Sensitivity | Current Policies | Urban depot-only charging";"Electricity"
"OPEX";"Taxes";"NL";"Network Costs - MCS";"Rigid";"PROG";"EUR/kWh";2040;"0.015";"Sensitivity | Current Policies | Urban depot-only charging";"Electricity"
"OPEX";"Taxes";"NL";"Network Costs - MCS";"Tractor-Trailer";"PROG";"EUR/kWh";2040;"0.015";"Sensitivity | Current Policies | Urban depot-only charging";"Electricity"
"OPEX";"Taxes";"PL";"Network Costs - MCS";"Rigid";"PROG";"EUR/kWh";2040;"0.015";"Sensitivity | Current Policies | Urban depot-only charging";"Electricity"
"OPEX";"Taxes";"PL";"Network Costs - MCS";"Tractor-Trailer";"PROG";"EUR/kWh";2040;"0.015";"Sensitivity | Current Policies | Urban depot-only charging";"Electricity"
"OPEX";"Taxes";"UK";"Network Costs - MCS";"Rigid";"PROG";"EUR/kWh";2040;"0.022";"Sensitivity | Current Policies | Urban depot-only charging";"Electricity"
"OPEX";"Taxes";"UK";"Network Costs - MCS";"Tractor-Trailer";"PROG";"EUR/kWh";2040;"0.022";"Sensitivity | Current Policies | Urban depot-only charging";"Electricity"
"OPEX";"Taxes";"DE";"Taxes, Fees, Levies and charges - MCS";"Rigid";"PROG";"EUR/kWh";2040;"0.051";"Sensitivity | Current Policies | Urban depot-only charging";"Electricity"
"OPEX";"Taxes";"DE";"Taxes, Fees, Levies and charges - MCS";"Tractor-Trailer";"PROG";"EUR/kWh";2040;"0.051";"Sensitivity | Current Policies | Urban depot-only charging";"Electricity"
"OPEX";"Taxes";"ES";"Taxes, Fees, Levies and charges - MCS";"Rigid";"PROG";"EUR/kWh";2040;"0.027";"Sensitivity | Current Policies | Urban depot-only charging";"Electricity"
"OPEX";"Taxes";"ES";"Taxes, Fees, Levies and charges - MCS";"Tractor-Trailer";"PROG";"EUR/kWh";2040;"0.027";"Sensitivity | Current Policies | Urban depot-only charging";"Electricity"
"OPEX";"Taxes";"FR";"Taxes, Fees, Levies and charges - MCS";"Rigid";"PROG";"EUR/kWh";2040;"0.024";"Sensitivity | Current Policies | Urban depot-only charging";"Electricity"
"OPEX";"Taxes";"FR";"Taxes, Fees, Levies and charges - MCS";"Tractor-Trailer";"PROG";"EUR/kWh";2040;"0.024";"Sensitivity | Current Policies | Urban depot-only charging";"Electricity"
"OPEX";"Taxes";"IT";"Taxes, Fees, Levies and charges - MCS";"Rigid";"PROG";"EUR/kWh";2040;"0.042";"Sensitivity | Current Policies | Urban depot-only charging";"Electricity"
"OPEX";"Taxes";"IT";"Taxes, Fees, Levies and charges - MCS";"Tractor-Trailer";"PROG";"EUR/kWh";2040;"0.042";"Sensitivity | Current Policies | Urban depot-only charging";"Electricity"
"OPEX";"Taxes";"NL";"Taxes, Fees, Levies and charges - MCS";"Rigid";"PROG";"EUR/kWh";2040;"0.037";"Sensitivity | Current Policies | Urban depot-only charging";"Electricity"
"OPEX";"Taxes";"NL";"Taxes, Fees, Levies and charges - MCS";"Tractor-Trailer";"PROG";"EUR/kWh";2040;"0.037";"Sensitivity | Current Policies | Urban depot-only charging";"Electricity"
"OPEX";"Taxes";"PL";"Taxes, Fees, Levies and charges - MCS";"Rigid";"PROG";"EUR/kWh";2040;"0.046";"Sensitivity | Current Policies | Urban depot-only charging";"Electricity"
"OPEX";"Taxes";"PL";"Taxes, Fees, Levies and charges - MCS";"Tractor-Trailer";"PROG";"EUR/kWh";2040;"0.046";"Sensitivity | Current Policies | Urban depot-only charging";"Electricity"
"OPEX";"Taxes";"UK";"Taxes, Fees, Levies and charges - MCS";"Rigid";"PROG";"EUR/kWh";2040;"0.074";"Sensitivity | Current Policies | Urban depot-only charging";"Electricity"
"OPEX";"Taxes";"UK";"Taxes, Fees, Levies and charges - MCS";"Tractor-Trailer";"PROG";"EUR/kWh";2040;"0.074";"Sensitivity | Current Policies | Urban depot-only charging";"Electricity"
"OPEX";"Taxes";"DE";"Network Costs - Depot";"Rigid";"PROG";"EUR/kWh";2040;"0.034";"Sensitivity | Current Policies | Urban depot-only charging";"Electricity"
"OPEX";"Taxes";"DE";"Network Costs - Depot";"Tractor-Trailer";"PROG";"EUR/kWh";2040;"0.034";"Sensitivity | Current Policies | Urban depot-only charging";"Electricity"
"OPEX";"Taxes";"ES";"Network Costs - Depot";"Rigid";"PROG";"EUR/kWh";2040;"0.018";"Sensitivity | Current Policies | Urban depot-only charging";"Electricity"
"OPEX";"Taxes";"ES";"Network Costs - Depot";"Tractor-Trailer";"PROG";"EUR/kWh";2040;"0.018";"Sensitivity | Current Policies | Urban depot-only charging";"Electricity"
"OPEX";"Taxes";"FR";"Network Costs - Depot";"Rigid";"PROG";"EUR/kWh";2040;"0.018";"Sensitivity | Current Policies | Urban depot-only charging";"Electricity"
"OPEX";"Taxes";"FR";"Network Costs - Depot";"Tractor-Trailer";"PROG";"EUR/kWh";2040;"0.018";"Sensitivity | Current Policies | Urban depot-only charging";"Electricity"
"OPEX";"Taxes";"IT";"Network Costs - Depot";"Rigid";"PROG";"EUR/kWh";2040;"0.016";"Sensitivity | Current Policies | Urban depot-only charging";"Electricity"
"OPEX";"Taxes";"IT";"Network Costs - Depot";"Tractor-Trailer";"PROG";"EUR/kWh";2040;"0.016";"Sensitivity | Current Policies | Urban depot-only charging";"Electricity"
"OPEX";"Taxes";"NL";"Network Costs - Depot";"Rigid";"PROG";"EUR/kWh";2040;"0.016";"Sensitivity | Current Policies | Urban depot-only charging";"Electricity"
"OPEX";"Taxes";"NL";"Network Costs - Depot";"Tractor-Trailer";"PROG";"EUR/kWh";2040;"0.016";"Sensitivity | Current Policies | Urban depot-only charging";"Electricity"
"OPEX";"Taxes";"PL";"Network Costs - Depot";"Rigid";"PROG";"EUR/kWh";2040;"0.019";"Sensitivity | Current Policies | Urban depot-only charging";"Electricity"
"OPEX";"Taxes";"PL";"Network Costs - Depot";"Tractor-Trailer";"PROG";"EUR/kWh";2040;"0.019";"Sensitivity | Current Policies | Urban depot-only charging";"Electricity"
"OPEX";"Taxes";"UK";"Network Costs - Depot";"Rigid";"PROG";"EUR/kWh";2040;"0.027";"Sensitivity | Current Policies | Urban depot-only charging";"Electricity"
"OPEX";"Taxes";"UK";"Network Costs - Depot";"Tractor-Trailer";"PROG";"EUR/kWh";2040;"0.027";"Sensitivity | Current Policies | Urban depot-only charging";"Electricity"
"OPEX";"Taxes";"DE";"Taxes, Fees, Levies and charges - Depot";"Rigid";"PROG";"EUR/kWh";2040;"0.056";"Sensitivity | Current Policies | Urban depot-only charging";"Electricity"
"OPEX";"Taxes";"DE";"Taxes, Fees, Levies and charges - Depot";"Tractor-Trailer";"PROG";"EUR/kWh";2040;"0.056";"Sensitivity | Current Policies | Urban depot-only charging";"Electricity"
"OPEX";"Taxes";"ES";"Taxes, Fees, Levies and charges - Depot";"Rigid";"PROG";"EUR/kWh";2040;"0.036";"Sensitivity | Current Policies | Urban depot-only charging";"Electricity"
"OPEX";"Taxes";"ES";"Taxes, Fees, Levies and charges - Depot";"Tractor-Trailer";"PROG";"EUR/kWh";2040;"0.036";"Sensitivity | Current Policies | Urban depot-only charging";"Electricity"
"OPEX";"Taxes";"FR";"Taxes, Fees, Levies and charges - Depot";"Rigid";"PROG";"EUR/kWh";2040;"0.03";"Sensitivity | Current Policies | Urban depot-only charging";"Electricity"
"OPEX";"Taxes";"FR";"Taxes, Fees, Levies and charges - Depot";"Tractor-Trailer";"PROG";"EUR/kWh";2040;"0.03";"Sensitivity | Current Policies | Urban depot-only charging";"Electricity"
"OPEX";"Taxes";"IT";"Taxes, Fees, Levies and charges - Depot";"Rigid";"PROG";"EUR/kWh";2040;"0.063";"Sensitivity | Current Policies | Urban depot-only charging";"Electricity"
"OPEX";"Taxes";"IT";"Taxes, Fees, Levies and charges - Depot";"Tractor-Trailer";"PROG";"EUR/kWh";2040;"0.063";"Sensitivity | Current Policies | Urban depot-only charging";"Electricity"
"OPEX";"Taxes";"NL";"Taxes, Fees, Levies and charges - Depot";"Rigid";"PROG";"EUR/kWh";2040;"0.055";"Sensitivity | Current Policies | Urban depot-only charging";"Electricity"
"OPEX";"Taxes";"NL";"Taxes, Fees, Levies and charges - Depot";"Tractor-Trailer";"PROG";"EUR/kWh";2040;"0.055";"Sensitivity | Current Policies | Urban depot-only charging";"Electricity"
"OPEX";"Taxes";"PL";"Taxes, Fees, Levies and charges - Depot";"Rigid";"PROG";"EUR/kWh";2040;"0.049";"Sensitivity | Current Policies | Urban depot-only charging";"Electricity"
"OPEX";"Taxes";"PL";"Taxes, Fees, Levies and charges - Depot";"Tractor-Trailer";"PROG";"EUR/kWh";2040;"0.049";"Sensitivity | Current Policies | Urban depot-only charging";"Electricity"
"OPEX";"Taxes";"UK";"Taxes, Fees, Levies and charges - Depot";"Rigid";"PROG";"EUR/kWh";2040;"0.077";"Sensitivity | Current Policies | Urban depot-only charging";"Electricity"
"OPEX";"Taxes";"UK";"Taxes, Fees, Levies and charges - Depot";"Tractor-Trailer";"PROG";"EUR/kWh";2040;"0.077";"Sensitivity | Current Policies | Urban depot-only charging";"Electricity"
"OPEX";"H2 Infrastructure";"DE";"HRS costs";"Rigid";"PROG";"EUR/kg H2";2040;"0.7";"Sensitivity | Current Policies | Urban depot-only charging";"Hydrogen"
"OPEX";"H2 Infrastructure";"DE";"HRS costs";"Tractor-Trailer";"PROG";"EUR/kg H2";2040;"0.7";"Sensitivity | Current Policies | Urban depot-only charging";"Hydrogen"
"OPEX";"H2 Infrastructure";"ES";"HRS costs";"Rigid";"PROG";"EUR/kg H2";2040;"0.7";"Sensitivity | Current Policies | Urban depot-only charging";"Hydrogen"
"OPEX";"H2 Infrastructure";"ES";"HRS costs";"Tractor-Trailer";"PROG";"EUR/kg H2";2040;"0.7";"Sensitivity | Current Policies | Urban depot-only charging";"Hydrogen"
"OPEX";"H2 Infrastructure";"FR";"HRS costs";"Rigid";"PROG";"EUR/kg H2";2040;"0.7";"Sensitivity | Current Policies | Urban depot-only charging";"Hydrogen"
"OPEX";"H2 Infrastructure";"FR";"HRS costs";"Tractor-Trailer";"PROG";"EUR/kg H2";2040;"0.7";"Sensitivity | Current Policies | Urban depot-only charging";"Hydrogen"
"OPEX";"H2 Infrastructure";"IT";"HRS costs";"Rigid";"PROG";"EUR/kg H2";2040;"0.7";"Sensitivity | Current Policies | Urban depot-only charging";"Hydrogen"
"OPEX";"H2 Infrastructure";"IT";"HRS costs";"Tractor-Trailer";"PROG";"EUR/kg H2";2040;"0.7";"Sensitivity | Current Policies | Urban depot-only charging";"Hydrogen"
"OPEX";"H2 Infrastructure";"NL";"HRS costs";"Rigid";"PROG";"EUR/kg H2";2040;"0.7";"Sensitivity | Current Policies | Urban depot-only charging";"Hydrogen"
"OPEX";"H2 Infrastructure";"NL";"HRS costs";"Tractor-Trailer";"PROG";"EUR/kg H2";2040;"0.7";"Sensitivity | Current Policies | Urban depot-only charging";"Hydrogen"
"OPEX";"H2 Infrastructure";"PL";"HRS costs";"Rigid";"PROG";"EUR/kg H2";2040;"0.7";"Sensitivity | Current Policies | Urban depot-only charging";"Hydrogen"
"OPEX";"H2 Infrastructure";"PL";"HRS costs";"Tractor-Trailer";"PROG";"EUR/kg H2";2040;"0.7";"Sensitivity | Current Policies | Urban depot-only charging";"Hydrogen"
"OPEX";"H2 Infrastructure";"UK";"HRS costs";"Rigid";"PROG";"EUR/kg H2";2040;"0.7";"Sensitivity | Current Policies | Urban depot-only charging";"Hydrogen"
"OPEX";"H2 Infrastructure";"UK";"HRS costs";"Tractor-Trailer";"PROG";"EUR/kg H2";2040;"0.7";"Sensitivity | Current Policies | Urban depot-only charging";"Hydrogen"
"OPEX";"H2 Infrastructure";"DE";"H2 transport and distribution";"Rigid";"PROG";"EUR/kg H2";2040;"0.667";"Sensitivity | Current Policies | Urban depot-only charging";"Hydrogen"
"OPEX";"H2 Infrastructure";"DE";"H2 transport and distribution";"Tractor-Trailer";"PROG";"EUR/kg H2";2040;"0.667";"Sensitivity | Current Policies | Urban depot-only charging";"Hydrogen"
"OPEX";"H2 Infrastructure";"ES";"H2 transport and distribution";"Rigid";"PROG";"EUR/kg H2";2040;"0.667";"Sensitivity | Current Policies | Urban depot-only charging";"Hydrogen"
"OPEX";"H2 Infrastructure";"ES";"H2 transport and distribution";"Tractor-Trailer";"PROG";"EUR/kg H2";2040;"0.667";"Sensitivity | Current Policies | Urban depot-only charging";"Hydrogen"
"OPEX";"H2 Infrastructure";"FR";"H2 transport and distribution";"Rigid";"PROG";"EUR/kg H2";2040;"0.667";"Sensitivity | Current Policies | Urban depot-only charging";"Hydrogen"
"OPEX";"H2 Infrastructure";"FR";"H2 transport and distribution";"Tractor-Trailer";"PROG";"EUR/kg H2";2040;"0.667";"Sensitivity | Current Policies | Urban depot-only charging";"Hydrogen"
"OPEX";"H2 Infrastructure";"IT";"H2 transport and distribution";"Rigid";"PROG";"EUR/kg H2";2040;"0.667";"Sensitivity | Current Policies | Urban depot-only charging";"Hydrogen"
"OPEX";"H2 Infrastructure";"IT";"H2 transport and distribution";"Tractor-Trailer";"PROG";"EUR/kg H2";2040;"0.667";"Sensitivity | Current Policies | Urban depot-only charging";"Hydrogen"
"OPEX";"H2 Infrastructure";"NL";"H2 transport and distribution";"Rigid";"PROG";"EUR/kg H2";2040;"0.667";"Sensitivity | Current Policies | Urban depot-only charging";"Hydrogen"
"OPEX";"H2 Infrastructure";"NL";"H2 transport and distribution";"Tractor-Trailer";"PROG";"EUR/kg H2";2040;"0.667";"Sensitivity | Current Policies | Urban depot-only charging";"Hydrogen"
"OPEX";"H2 Infrastructure";"PL";"H2 transport and distribution";"Rigid";"PROG";"EUR/kg H2";2040;"0.667";"Sensitivity | Current Policies | Urban depot-only charging";"Hydrogen"
"OPEX";"H2 Infrastructure";"PL";"H2 transport and distribution";"Tractor-Trailer";"PROG";"EUR/kg H2";2040;"0.667";"Sensitivity | Current Policies | Urban depot-only charging";"Hydrogen"
"OPEX";"H2 Infrastructure";"UK";"H2 transport and distribution";"Rigid";"PROG";"EUR/kg H2";2040;"0.667";"Sensitivity | Current Policies | Urban depot-only charging";"Hydrogen"
"OPEX";"H2 Infrastructure";"UK";"H2 transport and distribution";"Tractor-Trailer";"PROG";"EUR/kg H2";2040;"0.667";"Sensitivity | Current Policies | Urban depot-only charging";"Hydrogen"
"OPEX";"H2 Infrastructure";"DE";"HRS Overhead, Profit and Mark-Up";"Rigid";"PROG";"EUR/kg H2";2040;"0.25";"Sensitivity | Current Policies | Urban depot-only charging";"Hydrogen"
"OPEX";"H2 Infrastructure";"DE";"HRS Overhead, Profit and Mark-Up";"Tractor-Trailer";"PROG";"EUR/kg H2";2040;"0.25";"Sensitivity | Current Policies | Urban depot-only charging";"Hydrogen"
"OPEX";"H2 Infrastructure";"ES";"HRS Overhead, Profit and Mark-Up";"Rigid";"PROG";"EUR/kg H2";2040;"0.25";"Sensitivity | Current Policies | Urban depot-only charging";"Hydrogen"
"OPEX";"H2 Infrastructure";"ES";"HRS Overhead, Profit and Mark-Up";"Tractor-Trailer";"PROG";"EUR/kg H2";2040;"0.25";"Sensitivity | Current Policies | Urban depot-only charging";"Hydrogen"
"OPEX";"H2 Infrastructure";"FR";"HRS Overhead, Profit and Mark-Up";"Rigid";"PROG";"EUR/kg H2";2040;"0.25";"Sensitivity | Current Policies | Urban depot-only charging";"Hydrogen"
"OPEX";"H2 Infrastructure";"FR";"HRS Overhead, Profit and Mark-Up";"Tractor-Trailer";"PROG";"EUR/kg H2";2040;"0.25";"Sensitivity | Current Policies | Urban depot-only charging";"Hydrogen"
"OPEX";"H2 Infrastructure";"IT";"HRS Overhead, Profit and Mark-Up";"Rigid";"PROG";"EUR/kg H2";2040;"0.25";"Sensitivity | Current Policies | Urban depot-only charging";"Hydrogen"
"OPEX";"H2 Infrastructure";"IT";"HRS Overhead, Profit and Mark-Up";"Tractor-Trailer";"PROG";"EUR/kg H2";2040;"0.25";"Sensitivity | Current Policies | Urban depot-only charging";"Hydrogen"
"OPEX";"H2 Infrastructure";"NL";"HRS Overhead, Profit and Mark-Up";"Rigid";"PROG";"EUR/kg H2";2040;"0.25";"Sensitivity | Current Policies | Urban depot-only charging";"Hydrogen"
"OPEX";"H2 Infrastructure";"NL";"HRS Overhead, Profit and Mark-Up";"Tractor-Trailer";"PROG";"EUR/kg H2";2040;"0.25";"Sensitivity | Current Policies | Urban depot-only charging";"Hydrogen"
"OPEX";"H2 Infrastructure";"PL";"HRS Overhead, Profit and Mark-Up";"Rigid";"PROG";"EUR/kg H2";2040;"0.25";"Sensitivity | Current Policies | Urban depot-only charging";"Hydrogen"
"OPEX";"H2 Infrastructure";"PL";"HRS Overhead, Profit and Mark-Up";"Tractor-Trailer";"PROG";"EUR/kg H2";2040;"0.25";"Sensitivity | Current Policies | Urban depot-only charging";"Hydrogen"
"OPEX";"H2 Infrastructure";"UK";"HRS Overhead, Profit and Mark-Up";"Rigid";"PROG";"EUR/kg H2";2040;"0.25";"Sensitivity | Current Policies | Urban depot-only charging";"Hydrogen"
"OPEX";"H2 Infrastructure";"UK";"HRS Overhead, Profit and Mark-Up";"Tractor-Trailer";"PROG";"EUR/kg H2";2040;"0.25";"Sensitivity | Current Policies | Urban depot-only charging";"Hydrogen"
"OPEX";"Charging Infrastructure";"DE";"MCS Station (Public Charging) - Incl. Overhead";"Rigid";"PROG";"EUR/kWh";2040;"0.02";"Sensitivity | Current Policies | Urban depot-only charging";"Electricity"
"OPEX";"Charging Infrastructure";"DE";"MCS Station (Public Charging) - Incl. Overhead";"Tractor-Trailer";"PROG";"EUR/kWh";2040;"0.02";"Sensitivity | Current Policies | Urban depot-only charging";"Electricity"
"OPEX";"Charging Infrastructure";"ES";"MCS Station (Public Charging) - Incl. Overhead";"Rigid";"PROG";"EUR/kWh";2040;"0.02";"Sensitivity | Current Policies | Urban depot-only charging";"Electricity"
"OPEX";"Charging Infrastructure";"ES";"MCS Station (Public Charging) - Incl. Overhead";"Tractor-Trailer";"PROG";"EUR/kWh";2040;"0.02";"Sensitivity | Current Policies | Urban depot-only charging";"Electricity"
"OPEX";"Charging Infrastructure";"FR";"MCS Station (Public Charging) - Incl. Overhead";"Rigid";"PROG";"EUR/kWh";2040;"0.02";"Sensitivity | Current Policies | Urban depot-only charging";"Electricity"
"OPEX";"Charging Infrastructure";"FR";"MCS Station (Public Charging) - Incl. Overhead";"Tractor-Trailer";"PROG";"EUR/kWh";2040;"0.02";"Sensitivity | Current Policies | Urban depot-only charging";"Electricity"
"OPEX";"Charging Infrastructure";"IT";"MCS Station (Public Charging) - Incl. Overhead";"Rigid";"PROG";"EUR/kWh";2040;"0.02";"Sensitivity | Current Policies | Urban depot-only charging";"Electricity"
"OPEX";"Charging Infrastructure";"IT";"MCS Station (Public Charging) - Incl. Overhead";"Tractor-Trailer";"PROG";"EUR/kWh";2040;"0.02";"Sensitivity | Current Policies | Urban depot-only charging";"Electricity"
"OPEX";"Charging Infrastructure";"NL";"MCS Station (Public Charging) - Incl. Overhead";"Rigid";"PROG";"EUR/kWh";2040;"0.02";"Sensitivity | Current Policies | Urban depot-only charging";"Electricity"
"OPEX";"Charging Infrastructure";"NL";"MCS Station (Public Charging) - Incl. Overhead";"Tractor-Trailer";"PROG";"EUR/kWh";2040;"0.02";"Sensitivity | Current Policies | Urban depot-only charging";"Electricity"
"OPEX";"Charging Infrastructure";"PL";"MCS Station (Public Charging) - Incl. Overhead";"Rigid";"PROG";"EUR/kWh";2040;"0.02";"Sensitivity | Current Policies | Urban depot-only charging";"Electricity"
"OPEX";"Charging Infrastructure";"PL";"MCS Station (Public Charging) - Incl. Overhead";"Tractor-Trailer";"PROG";"EUR/kWh";2040;"0.02";"Sensitivity | Current Policies | Urban depot-only charging";"Electricity"
"OPEX";"Charging Infrastructure";"UK";"MCS Station (Public Charging) - Incl. Overhead";"Rigid";"PROG";"EUR/kWh";2040;"0.02";"Sensitivity | Current Policies | Urban depot-only charging";"Electricity"
"OPEX";"Charging Infrastructure";"UK";"MCS Station (Public Charging) - Incl. Overhead";"Tractor-Trailer";"PROG";"EUR/kWh";2040;"0.02";"Sensitivity | Current Policies | Urban depot-only charging";"Electricity"
"OPEX";"Charging Infrastructure";"DE";"Share MCS-Charging";"Rigid";"PROG";"%";2040;"0";"Sensitivity | Current Policies | Urban depot-only charging";"Electricity"
"OPEX";"Charging Infrastructure";"DE";"Share MCS-Charging";"Tractor-Trailer";"PROG";"%";2040;"0";"Sensitivity | Current Policies | Urban depot-only charging";"Electricity"
"OPEX";"Charging Infrastructure";"ES";"Share MCS-Charging";"Rigid";"PROG";"%";2040;"0";"Sensitivity | Current Policies | Urban depot-only charging";"Electricity"
"OPEX";"Charging Infrastructure";"ES";"Share MCS-Charging";"Tractor-Trailer";"PROG";"%";2040;"0";"Sensitivity | Current Policies | Urban depot-only charging";"Electricity"
"OPEX";"Charging Infrastructure";"FR";"Share MCS-Charging";"Rigid";"PROG";"%";2040;"0";"Sensitivity | Current Policies | Urban depot-only charging";"Electricity"
"OPEX";"Charging Infrastructure";"FR";"Share MCS-Charging";"Tractor-Trailer";"PROG";"%";2040;"0";"Sensitivity | Current Policies | Urban depot-only charging";"Electricity"
"OPEX";"Charging Infrastructure";"IT";"Share MCS-Charging";"Rigid";"PROG";"%";2040;"0";"Sensitivity | Current Policies | Urban depot-only charging";"Electricity"
"OPEX";"Charging Infrastructure";"IT";"Share MCS-Charging";"Tractor-Trailer";"PROG";"%";2040;"0";"Sensitivity | Current Policies | Urban depot-only charging";"Electricity"
"OPEX";"Charging Infrastructure";"NL";"Share MCS-Charging";"Rigid";"PROG";"%";2040;"0";"Sensitivity | Current Policies | Urban depot-only charging";"Electricity"
"OPEX";"Charging Infrastructure";"NL";"Share MCS-Charging";"Tractor-Trailer";"PROG";"%";2040;"0";"Sensitivity | Current Policies | Urban depot-only charging";"Electricity"
"OPEX";"Charging Infrastructure";"PL";"Share MCS-Charging";"Rigid";"PROG";"%";2040;"0";"Sensitivity | Current Policies | Urban depot-only charging";"Electricity"
"OPEX";"Charging Infrastructure";"PL";"Share MCS-Charging";"Tractor-Trailer";"PROG";"%";2040;"0";"Sensitivity | Current Policies | Urban depot-only charging";"Electricity"
"OPEX";"Charging Infrastructure";"UK";"Share MCS-Charging";"Rigid";"PROG";"%";2040;"0";"Sensitivity | Current Policies | Urban depot-only charging";"Electricity"
"OPEX";"Charging Infrastructure";"UK";"Share MCS-Charging";"Tractor-Trailer";"PROG";"%";2040;"0";"Sensitivity | Current Policies | Urban depot-only charging";"Electricity"
"OPEX";"Charging Infrastructure";"DE";"Depot - Network fees savings potential";"Rigid";"PROG";"EUR/kWh";2040;"-0.01";"Sensitivity | Current Policies | Urban depot-only charging";"Electricity"
"OPEX";"Charging Infrastructure";"DE";"Depot - Network fees savings potential";"Tractor-Trailer";"PROG";"EUR/kWh";2040;"-0.01";"Sensitivity | Current Policies | Urban depot-only charging";"Electricity"
"OPEX";"Charging Infrastructure";"ES";"Depot - Network fees savings potential";"Rigid";"PROG";"EUR/kWh";2040;"-0.01";"Sensitivity | Current Policies | Urban depot-only charging";"Electricity"
"OPEX";"Charging Infrastructure";"ES";"Depot - Network fees savings potential";"Tractor-Trailer";"PROG";"EUR/kWh";2040;"-0.01";"Sensitivity | Current Policies | Urban depot-only charging";"Electricity"
"OPEX";"Charging Infrastructure";"FR";"Depot - Network fees savings potential";"Rigid";"PROG";"EUR/kWh";2040;"-0.01";"Sensitivity | Current Policies | Urban depot-only charging";"Electricity"
"OPEX";"Charging Infrastructure";"FR";"Depot - Network fees savings potential";"Tractor-Trailer";"PROG";"EUR/kWh";2040;"-0.01";"Sensitivity | Current Policies | Urban depot-only charging";"Electricity"
"OPEX";"Charging Infrastructure";"IT";"Depot - Network fees savings potential";"Rigid";"PROG";"EUR/kWh";2040;"-0.01";"Sensitivity | Current Policies | Urban depot-only charging";"Electricity"
"OPEX";"Charging Infrastructure";"IT";"Depot - Network fees savings potential";"Tractor-Trailer";"PROG";"EUR/kWh";2040;"-0.01";"Sensitivity | Current Policies | Urban depot-only charging";"Electricity"
"OPEX";"Charging Infrastructure";"NL";"Depot - Network fees savings potential";"Rigid";"PROG";"EUR/kWh";2040;"-0.01";"Sensitivity | Current Policies | Urban depot-only charging";"Electricity"
"OPEX";"Charging Infrastructure";"NL";"Depot - Network fees savings potential";"Tractor-Trailer";"PROG";"EUR/kWh";2040;"-0.01";"Sensitivity | Current Policies | Urban depot-only charging";"Electricity"
"OPEX";"Charging Infrastructure";"PL";"Depot - Network fees savings potential";"Rigid";"PROG";"EUR/kWh";2040;"-0.01";"Sensitivity | Current Policies | Urban depot-only charging";"Electricity"
"OPEX";"Charging Infrastructure";"PL";"Depot - Network fees savings potential";"Tractor-Trailer";"PROG";"EUR/kWh";2040;"-0.01";"Sensitivity | Current Policies | Urban depot-only charging";"Electricity"
"OPEX";"Charging Infrastructure";"UK";"Depot - Network fees savings potential";"Rigid";"PROG";"EUR/kWh";2040;"-0.01";"Sensitivity | Current Policies | Urban depot-only charging";"Electricity"
"OPEX";"Charging Infrastructure";"UK";"Depot - Network fees savings potential";"Tractor-Trailer";"PROG";"EUR/kWh";2040;"-0.01";"Sensitivity | Current Policies | Urban depot-only charging";"Electricity"
"OPEX";"Taxes";"DE";"Tax reduction";"Rigid";"PROG";"%";2040;"0";"Sensitivity | Current Policies | Urban depot-only charging";"Hydrogen"
"OPEX";"Taxes";"DE";"Tax reduction";"Tractor-Trailer";"PROG";"%";2040;"0";"Sensitivity | Current Policies | Urban depot-only charging";"Hydrogen"
"OPEX";"Taxes";"ES";"Tax reduction";"Rigid";"PROG";"%";2040;"0";"Sensitivity | Current Policies | Urban depot-only charging";"Hydrogen"
"OPEX";"Taxes";"ES";"Tax reduction";"Tractor-Trailer";"PROG";"%";2040;"0";"Sensitivity | Current Policies | Urban depot-only charging";"Hydrogen"
"OPEX";"Taxes";"FR";"Tax reduction";"Rigid";"PROG";"%";2040;"0";"Sensitivity | Current Policies | Urban depot-only charging";"Hydrogen"
"OPEX";"Taxes";"FR";"Tax reduction";"Tractor-Trailer";"PROG";"%";2040;"0";"Sensitivity | Current Policies | Urban depot-only charging";"Hydrogen"
"OPEX";"Taxes";"IT";"Tax reduction";"Rigid";"PROG";"%";2040;"0";"Sensitivity | Current Policies | Urban depot-only charging";"Hydrogen"
"OPEX";"Taxes";"IT";"Tax reduction";"Tractor-Trailer";"PROG";"%";2040;"0";"Sensitivity | Current Policies | Urban depot-only charging";"Hydrogen"
"OPEX";"Taxes";"NL";"Tax reduction";"Rigid";"PROG";"%";2040;"0";"Sensitivity | Current Policies | Urban depot-only charging";"Hydrogen"
"OPEX";"Taxes";"NL";"Tax reduction";"Tractor-Trailer";"PROG";"%";2040;"0";"Sensitivity | Current Policies | Urban depot-only charging";"Hydrogen"
"OPEX";"Taxes";"PL";"Tax reduction";"Rigid";"PROG";"%";2040;"0";"Sensitivity | Current Policies | Urban depot-only charging";"Hydrogen"
"OPEX";"Taxes";"PL";"Tax reduction";"Tractor-Trailer";"PROG";"%";2040;"0";"Sensitivity | Current Policies | Urban depot-only charging";"Hydrogen"
"OPEX";"Taxes";"UK";"Tax reduction";"Rigid";"PROG";"%";2040;"0";"Sensitivity | Current Policies | Urban depot-only charging";"Hydrogen"
"OPEX";"Taxes";"UK";"Tax reduction";"Tractor-Trailer";"PROG";"%";2040;"0";"Sensitivity | Current Policies | Urban depot-only charging";"Hydrogen"
"OPEX";"Taxes";"DE";"Excise Duty - Diesel";"Rigid";"BAU";"EUR/kWh";2040;"0.047";"Sensitivity | Current Policies | Urban depot-only charging";"Diesel"
"OPEX";"Taxes";"DE";"Excise Duty - Diesel";"Tractor-Trailer";"BAU";"EUR/kWh";2040;"0.047";"Sensitivity | Current Policies | Urban depot-only charging";"Diesel"
"OPEX";"Taxes";"DE";"Excise Duty - Diesel";"Rigid";"PROG";"EUR/kWh";2040;"0.047";"Sensitivity | Current Policies | Urban depot-only charging";"Diesel"
"OPEX";"Taxes";"DE";"Excise Duty - Diesel";"Tractor-Trailer";"PROG";"EUR/kWh";2040;"0.047";"Sensitivity | Current Policies | Urban depot-only charging";"Diesel"
"OPEX";"Taxes";"ES";"Excise Duty - Diesel";"Rigid";"BAU";"EUR/kWh";2040;"0.038";"Sensitivity | Current Policies | Urban depot-only charging";"Diesel"
"OPEX";"Taxes";"ES";"Excise Duty - Diesel";"Tractor-Trailer";"BAU";"EUR/kWh";2040;"0.038";"Sensitivity | Current Policies | Urban depot-only charging";"Diesel"
"OPEX";"Taxes";"ES";"Excise Duty - Diesel";"Rigid";"PROG";"EUR/kWh";2040;"0.038";"Sensitivity | Current Policies | Urban depot-only charging";"Diesel"
"OPEX";"Taxes";"ES";"Excise Duty - Diesel";"Tractor-Trailer";"PROG";"EUR/kWh";2040;"0.038";"Sensitivity | Current Policies | Urban depot-only charging";"Diesel"
"OPEX";"Taxes";"FR";"Excise Duty - Diesel";"Rigid";"BAU";"EUR/kWh";2040;"0.06";"Sensitivity | Current Policies | Urban depot-only charging";"Diesel"
"OPEX";"Taxes";"FR";"Excise Duty - Diesel";"Tractor-Trailer";"BAU";"EUR/kWh";2040;"0.06";"Sensitivity | Current Policies | Urban depot-only charging";"Diesel"
"OPEX";"Taxes";"FR";"Excise Duty - Diesel";"Rigid";"PROG";"EUR/kWh";2040;"0.06";"Sensitivity | Current Policies | Urban depot-only charging";"Diesel"
"OPEX";"Taxes";"FR";"Excise Duty - Diesel";"Tractor-Trailer";"PROG";"EUR/kWh";2040;"0.06";"Sensitivity | Current Policies | Urban depot-only charging";"Diesel"
"OPEX";"Taxes";"IT";"Excise Duty - Diesel";"Rigid";"BAU";"EUR/kWh";2040;"0.062";"Sensitivity | Current Policies | Urban depot-only charging";"Diesel"
"OPEX";"Taxes";"IT";"Excise Duty - Diesel";"Tractor-Trailer";"BAU";"EUR/kWh";2040;"0.062";"Sensitivity | Current Policies | Urban depot-only charging";"Diesel"
"OPEX";"Taxes";"IT";"Excise Duty - Diesel";"Rigid";"PROG";"EUR/kWh";2040;"0.062";"Sensitivity | Current Policies | Urban depot-only charging";"Diesel"
"OPEX";"Taxes";"IT";"Excise Duty - Diesel";"Tractor-Trailer";"PROG";"EUR/kWh";2040;"0.062";"Sensitivity | Current Policies | Urban depot-only charging";"Diesel"
"OPEX";"Taxes";"NL";"Excise Duty - Diesel";"Rigid";"BAU";"EUR/kWh";2040;"0.053";"Sensitivity | Current Policies | Urban depot-only charging";"Diesel"
"OPEX";"Taxes";"NL";"Excise Duty - Diesel";"Tractor-Trailer";"BAU";"EUR/kWh";2040;"0.053";"Sensitivity | Current Policies | Urban depot-only charging";"Diesel"
"OPEX";"Taxes";"NL";"Excise Duty - Diesel";"Rigid";"PROG";"EUR/kWh";2040;"0.053";"Sensitivity | Current Policies | Urban depot-only charging";"Diesel"
"OPEX";"Taxes";"NL";"Excise Duty - Diesel";"Tractor-Trailer";"PROG";"EUR/kWh";2040;"0.053";"Sensitivity | Current Policies | Urban depot-only charging";"Diesel"
"OPEX";"Taxes";"PL";"Excise Duty - Diesel";"Rigid";"BAU";"EUR/kWh";2040;"0.033";"Sensitivity | Current Policies | Urban depot-only charging";"Diesel"
"OPEX";"Taxes";"PL";"Excise Duty - Diesel";"Tractor-Trailer";"BAU";"EUR/kWh";2040;"0.033";"Sensitivity | Current Policies | Urban depot-only charging";"Diesel"
"OPEX";"Taxes";"PL";"Excise Duty - Diesel";"Rigid";"PROG";"EUR/kWh";2040;"0.033";"Sensitivity | Current Policies | Urban depot-only charging";"Diesel"
"OPEX";"Taxes";"PL";"Excise Duty - Diesel";"Tractor-Trailer";"PROG";"EUR/kWh";2040;"0.033";"Sensitivity | Current Policies | Urban depot-only charging";"Diesel"
"OPEX";"Taxes";"UK";"Excise Duty - Diesel";"Rigid";"BAU";"EUR/kWh";2040;"0.053";"Sensitivity | Current Policies | Urban depot-only charging";"Diesel"
"OPEX";"Taxes";"UK";"Excise Duty - Diesel";"Tractor-Trailer";"BAU";"EUR/kWh";2040;"0.053";"Sensitivity | Current Policies | Urban depot-only charging";"Diesel"
"OPEX";"Taxes";"UK";"Excise Duty - Diesel";"Rigid";"PROG";"EUR/kWh";2040;"0.053";"Sensitivity | Current Policies | Urban depot-only charging";"Diesel"
"OPEX";"Taxes";"UK";"Excise Duty - Diesel";"Tractor-Trailer";"PROG";"EUR/kWh";2040;"0.053";"Sensitivity | Current Policies | Urban depot-only charging";"Diesel"
"OPEX";"Taxes";"DE";"Excise Duty - Reduction biodiesel";"Rigid";"BAU";"%";2040;"0.5";"Sensitivity | Current Policies | Urban depot-only charging";"Diesel"
"OPEX";"Taxes";"DE";"Excise Duty - Reduction biodiesel";"Tractor-Trailer";"BAU";"%";2040;"0.5";"Sensitivity | Current Policies | Urban depot-only charging";"Diesel"
"OPEX";"Taxes";"DE";"Excise Duty - Reduction biodiesel";"Rigid";"PROG";"%";2040;"0.5";"Sensitivity | Current Policies | Urban depot-only charging";"Diesel"
"OPEX";"Taxes";"DE";"Excise Duty - Reduction biodiesel";"Tractor-Trailer";"PROG";"%";2040;"0.5";"Sensitivity | Current Policies | Urban depot-only charging";"Diesel"
"OPEX";"Taxes";"ES";"Excise Duty - Reduction biodiesel";"Rigid";"BAU";"%";2040;"0.5";"Sensitivity | Current Policies | Urban depot-only charging";"Diesel"
"OPEX";"Taxes";"ES";"Excise Duty - Reduction biodiesel";"Tractor-Trailer";"BAU";"%";2040;"0.5";"Sensitivity | Current Policies | Urban depot-only charging";"Diesel"
"OPEX";"Taxes";"ES";"Excise Duty - Reduction biodiesel";"Rigid";"PROG";"%";2040;"0.5";"Sensitivity | Current Policies | Urban depot-only charging";"Diesel"
"OPEX";"Taxes";"ES";"Excise Duty - Reduction biodiesel";"Tractor-Trailer";"PROG";"%";2040;"0.5";"Sensitivity | Current Policies | Urban depot-only charging";"Diesel"
"OPEX";"Taxes";"FR";"Excise Duty - Reduction biodiesel";"Rigid";"BAU";"%";2040;"0.5";"Sensitivity | Current Policies | Urban depot-only charging";"Diesel"
"OPEX";"Taxes";"FR";"Excise Duty - Reduction biodiesel";"Tractor-Trailer";"BAU";"%";2040;"0.5";"Sensitivity | Current Policies | Urban depot-only charging";"Diesel"
"OPEX";"Taxes";"FR";"Excise Duty - Reduction biodiesel";"Rigid";"PROG";"%";2040;"0.5";"Sensitivity | Current Policies | Urban depot-only charging";"Diesel"
"OPEX";"Taxes";"FR";"Excise Duty - Reduction biodiesel";"Tractor-Trailer";"PROG";"%";2040;"0.5";"Sensitivity | Current Policies | Urban depot-only charging";"Diesel"
"OPEX";"Taxes";"IT";"Excise Duty - Reduction biodiesel";"Rigid";"BAU";"%";2040;"0.5";"Sensitivity | Current Policies | Urban depot-only charging";"Diesel"
"OPEX";"Taxes";"IT";"Excise Duty - Reduction biodiesel";"Tractor-Trailer";"BAU";"%";2040;"0.5";"Sensitivity | Current Policies | Urban depot-only charging";"Diesel"
"OPEX";"Taxes";"IT";"Excise Duty - Reduction biodiesel";"Rigid";"PROG";"%";2040;"0.5";"Sensitivity | Current Policies | Urban depot-only charging";"Diesel"
"OPEX";"Taxes";"IT";"Excise Duty - Reduction biodiesel";"Tractor-Trailer";"PROG";"%";2040;"0.5";"Sensitivity | Current Policies | Urban depot-only charging";"Diesel"
"OPEX";"Taxes";"NL";"Excise Duty - Reduction biodiesel";"Rigid";"BAU";"%";2040;"0.5";"Sensitivity | Current Policies | Urban depot-only charging";"Diesel"
"OPEX";"Taxes";"NL";"Excise Duty - Reduction biodiesel";"Tractor-Trailer";"BAU";"%";2040;"0.5";"Sensitivity | Current Policies | Urban depot-only charging";"Diesel"
"OPEX";"Taxes";"NL";"Excise Duty - Reduction biodiesel";"Rigid";"PROG";"%";2040;"0.5";"Sensitivity | Current Policies | Urban depot-only charging";"Diesel"
"OPEX";"Taxes";"NL";"Excise Duty - Reduction biodiesel";"Tractor-Trailer";"PROG";"%";2040;"0.5";"Sensitivity | Current Policies | Urban depot-only charging";"Diesel"
"OPEX";"Taxes";"PL";"Excise Duty - Reduction biodiesel";"Rigid";"BAU";"%";2040;"0.5";"Sensitivity | Current Policies | Urban depot-only charging";"Diesel"
"OPEX";"Taxes";"PL";"Excise Duty - Reduction biodiesel";"Tractor-Trailer";"BAU";"%";2040;"0.5";"Sensitivity | Current Policies | Urban depot-only charging";"Diesel"
"OPEX";"Taxes";"PL";"Excise Duty - Reduction biodiesel";"Rigid";"PROG";"%";2040;"0.5";"Sensitivity | Current Policies | Urban depot-only charging";"Diesel"
"OPEX";"Taxes";"PL";"Excise Duty - Reduction biodiesel";"Tractor-Trailer";"PROG";"%";2040;"0.5";"Sensitivity | Current Policies | Urban depot-only charging";"Diesel"
"OPEX";"Taxes";"UK";"Excise Duty - Reduction biodiesel";"Rigid";"BAU";"%";2040;"0.5";"Sensitivity | Current Policies | Urban depot-only charging";"Diesel"
"OPEX";"Taxes";"UK";"Excise Duty - Reduction biodiesel";"Tractor-Trailer";"BAU";"%";2040;"0.5";"Sensitivity | Current Policies | Urban depot-only charging";"Diesel"
"OPEX";"Taxes";"UK";"Excise Duty - Reduction biodiesel";"Rigid";"PROG";"%";2040;"0.5";"Sensitivity | Current Policies | Urban depot-only charging";"Diesel"
"OPEX";"Taxes";"UK";"Excise Duty - Reduction biodiesel";"Tractor-Trailer";"PROG";"%";2040;"0.5";"Sensitivity | Current Policies | Urban depot-only charging";"Diesel"
"OPEX";"Taxes";"DE";"Excise Duty - Reduction Synthetic Diesel (E-Fuels)";"Rigid";"BAU";"%";2040;"0.5";"Sensitivity | Current Policies | Urban depot-only charging";"Diesel"
"OPEX";"Taxes";"DE";"Excise Duty - Reduction Synthetic Diesel (E-Fuels)";"Tractor-Trailer";"BAU";"%";2040;"0.5";"Sensitivity | Current Policies | Urban depot-only charging";"Diesel"
"OPEX";"Taxes";"DE";"Excise Duty - Reduction Synthetic Diesel (E-Fuels)";"Rigid";"PROG";"%";2040;"0.5";"Sensitivity | Current Policies | Urban depot-only charging";"Diesel"
"OPEX";"Taxes";"DE";"Excise Duty - Reduction Synthetic Diesel (E-Fuels)";"Tractor-Trailer";"PROG";"%";2040;"0.5";"Sensitivity | Current Policies | Urban depot-only charging";"Diesel"
"OPEX";"Taxes";"ES";"Excise Duty - Reduction Synthetic Diesel (E-Fuels)";"Rigid";"BAU";"%";2040;"0.5";"Sensitivity | Current Policies | Urban depot-only charging";"Diesel"
"OPEX";"Taxes";"ES";"Excise Duty - Reduction Synthetic Diesel (E-Fuels)";"Tractor-Trailer";"BAU";"%";2040;"0.5";"Sensitivity | Current Policies | Urban depot-only charging";"Diesel"
"OPEX";"Taxes";"ES";"Excise Duty - Reduction Synthetic Diesel (E-Fuels)";"Rigid";"PROG";"%";2040;"0.5";"Sensitivity | Current Policies | Urban depot-only charging";"Diesel"
"OPEX";"Taxes";"ES";"Excise Duty - Reduction Synthetic Diesel (E-Fuels)";"Tractor-Trailer";"PROG";"%";2040;"0.5";"Sensitivity | Current Policies | Urban depot-only charging";"Diesel"
"OPEX";"Taxes";"FR";"Excise Duty - Reduction Synthetic Diesel (E-Fuels)";"Rigid";"BAU";"%";2040;"0.5";"Sensitivity | Current Policies | Urban depot-only charging";"Diesel"
"OPEX";"Taxes";"FR";"Excise Duty - Reduction Synthetic Diesel (E-Fuels)";"Tractor-Trailer";"BAU";"%";2040;"0.5";"Sensitivity | Current Policies | Urban depot-only charging";"Diesel"
"OPEX";"Taxes";"FR";"Excise Duty - Reduction Synthetic Diesel (E-Fuels)";"Rigid";"PROG";"%";2040;"0.5";"Sensitivity | Current Policies | Urban depot-only charging";"Diesel"
"OPEX";"Taxes";"FR";"Excise Duty - Reduction Synthetic Diesel (E-Fuels)";"Tractor-Trailer";"PROG";"%";2040;"0.5";"Sensitivity | Current Policies | Urban depot-only charging";"Diesel"
"OPEX";"Taxes";"IT";"Excise Duty - Reduction Synthetic Diesel (E-Fuels)";"Rigid";"BAU";"%";2040;"0.5";"Sensitivity | Current Policies | Urban depot-only charging";"Diesel"
"OPEX";"Taxes";"IT";"Excise Duty - Reduction Synthetic Diesel (E-Fuels)";"Tractor-Trailer";"BAU";"%";2040;"0.5";"Sensitivity | Current Policies | Urban depot-only charging";"Diesel"
"OPEX";"Taxes";"IT";"Excise Duty - Reduction Synthetic Diesel (E-Fuels)";"Rigid";"PROG";"%";2040;"0.5";"Sensitivity | Current Policies | Urban depot-only charging";"Diesel"
"OPEX";"Taxes";"IT";"Excise Duty - Reduction Synthetic Diesel (E-Fuels)";"Tractor-Trailer";"PROG";"%";2040;"0.5";"Sensitivity | Current Policies | Urban depot-only charging";"Diesel"
"OPEX";"Taxes";"NL";"Excise Duty - Reduction Synthetic Diesel (E-Fuels)";"Rigid";"BAU";"%";2040;"0.5";"Sensitivity | Current Policies | Urban depot-only charging";"Diesel"
"OPEX";"Taxes";"NL";"Excise Duty - Reduction Synthetic Diesel (E-Fuels)";"Tractor-Trailer";"BAU";"%";2040;"0.5";"Sensitivity | Current Policies | Urban depot-only charging";"Diesel"
"OPEX";"Taxes";"NL";"Excise Duty - Reduction Synthetic Diesel (E-Fuels)";"Rigid";"PROG";"%";2040;"0.5";"Sensitivity | Current Policies | Urban depot-only charging";"Diesel"
"OPEX";"Taxes";"NL";"Excise Duty - Reduction Synthetic Diesel (E-Fuels)";"Tractor-Trailer";"PROG";"%";2040;"0.5";"Sensitivity | Current Policies | Urban depot-only charging";"Diesel"
"OPEX";"Taxes";"PL";"Excise Duty - Reduction Synthetic Diesel (E-Fuels)";"Rigid";"BAU";"%";2040;"0.5";"Sensitivity | Current Policies | Urban depot-only charging";"Diesel"
"OPEX";"Taxes";"PL";"Excise Duty - Reduction Synthetic Diesel (E-Fuels)";"Tractor-Trailer";"BAU";"%";2040;"0.5";"Sensitivity | Current Policies | Urban depot-only charging";"Diesel"
"OPEX";"Taxes";"PL";"Excise Duty - Reduction Synthetic Diesel (E-Fuels)";"Rigid";"PROG";"%";2040;"0.5";"Sensitivity | Current Policies | Urban depot-only charging";"Diesel"
"OPEX";"Taxes";"PL";"Excise Duty - Reduction Synthetic Diesel (E-Fuels)";"Tractor-Trailer";"PROG";"%";2040;"0.5";"Sensitivity | Current Policies | Urban depot-only charging";"Diesel"
"OPEX";"Taxes";"UK";"Excise Duty - Reduction Synthetic Diesel (E-Fuels)";"Rigid";"BAU";"%";2040;"0.5";"Sensitivity | Current Policies | Urban depot-only charging";"Diesel"
"OPEX";"Taxes";"UK";"Excise Duty - Reduction Synthetic Diesel (E-Fuels)";"Tractor-Trailer";"BAU";"%";2040;"0.5";"Sensitivity | Current Policies | Urban depot-only charging";"Diesel"
"OPEX";"Taxes";"UK";"Excise Duty - Reduction Synthetic Diesel (E-Fuels)";"Rigid";"PROG";"%";2040;"0.5";"Sensitivity | Current Policies | Urban depot-only charging";"Diesel"
"OPEX";"Taxes";"UK";"Excise Duty - Reduction Synthetic Diesel (E-Fuels)";"Tractor-Trailer";"PROG";"%";2040;"0.5";"Sensitivity | Current Policies | Urban depot-only charging";"Diesel"
"OPEX";"Taxes";"DE";"Taxes, Fees, Levies and charges - H2";"Rigid";"BAU";"EUR/kWh";2040;"0.015";"Sensitivity | Current Policies | Urban depot-only charging";"Hydrogen"
"OPEX";"Taxes";"DE";"Taxes, Fees, Levies and charges - H2";"Tractor-Trailer";"BAU";"EUR/kWh";2040;"0.015";"Sensitivity | Current Policies | Urban depot-only charging";"Hydrogen"
"OPEX";"Taxes";"DE";"Taxes, Fees, Levies and charges - H2";"Rigid";"PROG";"EUR/kWh";2040;"0.015";"Sensitivity | Current Policies | Urban depot-only charging";"Hydrogen"
"OPEX";"Taxes";"DE";"Taxes, Fees, Levies and charges - H2";"Tractor-Trailer";"PROG";"EUR/kWh";2040;"0.015";"Sensitivity | Current Policies | Urban depot-only charging";"Hydrogen"
"OPEX";"Taxes";"ES";"Taxes, Fees, Levies and charges - H2";"Rigid";"BAU";"EUR/kWh";2040;"0.008";"Sensitivity | Current Policies | Urban depot-only charging";"Hydrogen"
"OPEX";"Taxes";"ES";"Taxes, Fees, Levies and charges - H2";"Tractor-Trailer";"BAU";"EUR/kWh";2040;"0.008";"Sensitivity | Current Policies | Urban depot-only charging";"Hydrogen"
"OPEX";"Taxes";"ES";"Taxes, Fees, Levies and charges - H2";"Rigid";"PROG";"EUR/kWh";2040;"0.008";"Sensitivity | Current Policies | Urban depot-only charging";"Hydrogen"
"OPEX";"Taxes";"ES";"Taxes, Fees, Levies and charges - H2";"Tractor-Trailer";"PROG";"EUR/kWh";2040;"0.008";"Sensitivity | Current Policies | Urban depot-only charging";"Hydrogen"
"OPEX";"Taxes";"FR";"Taxes, Fees, Levies and charges - H2";"Rigid";"BAU";"EUR/kWh";2040;"0.012";"Sensitivity | Current Policies | Urban depot-only charging";"Hydrogen"
"OPEX";"Taxes";"FR";"Taxes, Fees, Levies and charges - H2";"Tractor-Trailer";"BAU";"EUR/kWh";2040;"0.012";"Sensitivity | Current Policies | Urban depot-only charging";"Hydrogen"
"OPEX";"Taxes";"FR";"Taxes, Fees, Levies and charges - H2";"Rigid";"PROG";"EUR/kWh";2040;"0.012";"Sensitivity | Current Policies | Urban depot-only charging";"Hydrogen"
"OPEX";"Taxes";"FR";"Taxes, Fees, Levies and charges - H2";"Tractor-Trailer";"PROG";"EUR/kWh";2040;"0.012";"Sensitivity | Current Policies | Urban depot-only charging";"Hydrogen"
"OPEX";"Taxes";"IT";"Taxes, Fees, Levies and charges - H2";"Rigid";"BAU";"EUR/kWh";2040;"0.009";"Sensitivity | Current Policies | Urban depot-only charging";"Hydrogen"
"OPEX";"Taxes";"IT";"Taxes, Fees, Levies and charges - H2";"Tractor-Trailer";"BAU";"EUR/kWh";2040;"0.009";"Sensitivity | Current Policies | Urban depot-only charging";"Hydrogen"
"OPEX";"Taxes";"IT";"Taxes, Fees, Levies and charges - H2";"Rigid";"PROG";"EUR/kWh";2040;"0.009";"Sensitivity | Current Policies | Urban depot-only charging";"Hydrogen"
"OPEX";"Taxes";"IT";"Taxes, Fees, Levies and charges - H2";"Tractor-Trailer";"PROG";"EUR/kWh";2040;"0.009";"Sensitivity | Current Policies | Urban depot-only charging";"Hydrogen"
"OPEX";"Taxes";"NL";"Taxes, Fees, Levies and charges - H2";"Rigid";"BAU";"EUR/kWh";2040;"0.024";"Sensitivity | Current Policies | Urban depot-only charging";"Hydrogen"
"OPEX";"Taxes";"NL";"Taxes, Fees, Levies and charges - H2";"Tractor-Trailer";"BAU";"EUR/kWh";2040;"0.024";"Sensitivity | Current Policies | Urban depot-only charging";"Hydrogen"
"OPEX";"Taxes";"NL";"Taxes, Fees, Levies and charges - H2";"Rigid";"PROG";"EUR/kWh";2040;"0.024";"Sensitivity | Current Policies | Urban depot-only charging";"Hydrogen"
"OPEX";"Taxes";"NL";"Taxes, Fees, Levies and charges - H2";"Tractor-Trailer";"PROG";"EUR/kWh";2040;"0.024";"Sensitivity | Current Policies | Urban depot-only charging";"Hydrogen"
"OPEX";"Taxes";"PL";"Taxes, Fees, Levies and charges - H2";"Rigid";"BAU";"EUR/kWh";2040;"0.009";"Sensitivity | Current Policies | Urban depot-only charging";"Hydrogen"
"OPEX";"Taxes";"PL";"Taxes, Fees, Levies and charges - H2";"Tractor-Trailer";"BAU";"EUR/kWh";2040;"0.009";"Sensitivity | Current Policies | Urban depot-only charging";"Hydrogen"
"OPEX";"Taxes";"PL";"Taxes, Fees, Levies and charges - H2";"Rigid";"PROG";"EUR/kWh";2040;"0.009";"Sensitivity | Current Policies | Urban depot-only charging";"Hydrogen"
"OPEX";"Taxes";"PL";"Taxes, Fees, Levies and charges - H2";"Tractor-Trailer";"PROG";"EUR/kWh";2040;"0.009";"Sensitivity | Current Policies | Urban depot-only charging";"Hydrogen"
"OPEX";"Taxes";"UK";"Taxes, Fees, Levies and charges - H2";"Rigid";"BAU";"EUR/kWh";2040;"0.006";"Sensitivity | Current Policies | Urban depot-only charging";"Hydrogen"
"OPEX";"Taxes";"UK";"Taxes, Fees, Levies and charges - H2";"Tractor-Trailer";"BAU";"EUR/kWh";2040;"0.006";"Sensitivity | Current Policies | Urban depot-only charging";"Hydrogen"
"OPEX";"Taxes";"UK";"Taxes, Fees, Levies and charges - H2";"Rigid";"PROG";"EUR/kWh";2040;"0.006";"Sensitivity | Current Policies | Urban depot-only charging";"Hydrogen"
"OPEX";"Taxes";"UK";"Taxes, Fees, Levies and charges - H2";"Tractor-Trailer";"PROG";"EUR/kWh";2040;"0.006";"Sensitivity | Current Policies | Urban depot-only charging";"Hydrogen"
"OPEX";"Charging Infrastructure";"DE";"MCS grid extension";"Rigid";"PROG";"EUR/kWh";2040;"0.055";"Sensitivity | Current Policies | Urban depot-only charging";"Electricity"
"OPEX";"Charging Infrastructure";"DE";"MCS grid extension";"Tractor-Trailer";"PROG";"EUR/kWh";2040;"0.055";"Sensitivity | Current Policies | Urban depot-only charging";"Electricity"
"OPEX";"Charging Infrastructure";"DE";"MCS grid extension";"Rigid";"BAU";"EUR/kWh";2040;"0.055";"Sensitivity | Current Policies | Urban depot-only charging";"Electricity"
"OPEX";"Charging Infrastructure";"DE";"MCS grid extension";"Tractor-Trailer";"BAU";"EUR/kWh";2040;"0.055";"Sensitivity | Current Policies | Urban depot-only charging";"Electricity"
"OPEX";"Charging Infrastructure";"ES";"MCS grid extension";"Rigid";"PROG";"EUR/kWh";2040;"0.055";"Sensitivity | Current Policies | Urban depot-only charging";"Electricity"
"OPEX";"Charging Infrastructure";"ES";"MCS grid extension";"Tractor-Trailer";"PROG";"EUR/kWh";2040;"0.055";"Sensitivity | Current Policies | Urban depot-only charging";"Electricity"
"OPEX";"Charging Infrastructure";"ES";"MCS grid extension";"Rigid";"BAU";"EUR/kWh";2040;"0.055";"Sensitivity | Current Policies | Urban depot-only charging";"Electricity"
"OPEX";"Charging Infrastructure";"ES";"MCS grid extension";"Tractor-Trailer";"BAU";"EUR/kWh";2040;"0.055";"Sensitivity | Current Policies | Urban depot-only charging";"Electricity"
"OPEX";"Charging Infrastructure";"FR";"MCS grid extension";"Rigid";"PROG";"EUR/kWh";2040;"0.055";"Sensitivity | Current Policies | Urban depot-only charging";"Electricity"
"OPEX";"Charging Infrastructure";"FR";"MCS grid extension";"Tractor-Trailer";"PROG";"EUR/kWh";2040;"0.055";"Sensitivity | Current Policies | Urban depot-only charging";"Electricity"
"OPEX";"Charging Infrastructure";"FR";"MCS grid extension";"Rigid";"BAU";"EUR/kWh";2040;"0.055";"Sensitivity | Current Policies | Urban depot-only charging";"Electricity"
"OPEX";"Charging Infrastructure";"FR";"MCS grid extension";"Tractor-Trailer";"BAU";"EUR/kWh";2040;"0.055";"Sensitivity | Current Policies | Urban depot-only charging";"Electricity"
"OPEX";"Charging Infrastructure";"IT";"MCS grid extension";"Rigid";"PROG";"EUR/kWh";2040;"0.055";"Sensitivity | Current Policies | Urban depot-only charging";"Electricity"
"OPEX";"Charging Infrastructure";"IT";"MCS grid extension";"Tractor-Trailer";"PROG";"EUR/kWh";2040;"0.055";"Sensitivity | Current Policies | Urban depot-only charging";"Electricity"
"OPEX";"Charging Infrastructure";"IT";"MCS grid extension";"Rigid";"BAU";"EUR/kWh";2040;"0.055";"Sensitivity | Current Policies | Urban depot-only charging";"Electricity"
"OPEX";"Charging Infrastructure";"IT";"MCS grid extension";"Tractor-Trailer";"BAU";"EUR/kWh";2040;"0.055";"Sensitivity | Current Policies | Urban depot-only charging";"Electricity"
"OPEX";"Charging Infrastructure";"NL";"MCS grid extension";"Rigid";"PROG";"EUR/kWh";2040;"0.055";"Sensitivity | Current Policies | Urban depot-only charging";"Electricity"
"OPEX";"Charging Infrastructure";"NL";"MCS grid extension";"Tractor-Trailer";"PROG";"EUR/kWh";2040;"0.055";"Sensitivity | Current Policies | Urban depot-only charging";"Electricity"
"OPEX";"Charging Infrastructure";"NL";"MCS grid extension";"Rigid";"BAU";"EUR/kWh";2040;"0.055";"Sensitivity | Current Policies | Urban depot-only charging";"Electricity"
"OPEX";"Charging Infrastructure";"NL";"MCS grid extension";"Tractor-Trailer";"BAU";"EUR/kWh";2040;"0.055";"Sensitivity | Current Policies | Urban depot-only charging";"Electricity"
"OPEX";"Charging Infrastructure";"PL";"MCS grid extension";"Rigid";"PROG";"EUR/kWh";2040;"0.055";"Sensitivity | Current Policies | Urban depot-only charging";"Electricity"
"OPEX";"Charging Infrastructure";"PL";"MCS grid extension";"Tractor-Trailer";"PROG";"EUR/kWh";2040;"0.055";"Sensitivity | Current Policies | Urban depot-only charging";"Electricity"
"OPEX";"Charging Infrastructure";"PL";"MCS grid extension";"Rigid";"BAU";"EUR/kWh";2040;"0.055";"Sensitivity | Current Policies | Urban depot-only charging";"Electricity"
"OPEX";"Charging Infrastructure";"PL";"MCS grid extension";"Tractor-Trailer";"BAU";"EUR/kWh";2040;"0.055";"Sensitivity | Current Policies | Urban depot-only charging";"Electricity"
"OPEX";"Charging Infrastructure";"UK";"MCS grid extension";"Rigid";"PROG";"EUR/kWh";2040;"0.055";"Sensitivity | Current Policies | Urban depot-only charging";"Electricity"
"OPEX";"Charging Infrastructure";"UK";"MCS grid extension";"Tractor-Trailer";"PROG";"EUR/kWh";2040;"0.055";"Sensitivity | Current Policies | Urban depot-only charging";"Electricity"
"OPEX";"Charging Infrastructure";"UK";"MCS grid extension";"Rigid";"BAU";"EUR/kWh";2040;"0.055";"Sensitivity | Current Policies | Urban depot-only charging";"Electricity"
"OPEX";"Charging Infrastructure";"UK";"MCS grid extension";"Tractor-Trailer";"BAU";"EUR/kWh";2040;"0.055";"Sensitivity | Current Policies | Urban depot-only charging";"Electricity"
"OPEX";"Charging Infrastructure";"DE";"MCS Profit and Mark-Up";"Rigid";"PROG";"%";2040;"0.1";"Sensitivity | Current Policies | Urban depot-only charging";"Electricity"
"OPEX";"Charging Infrastructure";"DE";"MCS Profit and Mark-Up";"Tractor-Trailer";"PROG";"%";2040;"0.1";"Sensitivity | Current Policies | Urban depot-only charging";"Electricity"
"OPEX";"Charging Infrastructure";"DE";"MCS Profit and Mark-Up";"Rigid";"BAU";"%";2040;"0.1";"Sensitivity | Current Policies | Urban depot-only charging";"Electricity"
"OPEX";"Charging Infrastructure";"DE";"MCS Profit and Mark-Up";"Tractor-Trailer";"BAU";"%";2040;"0.1";"Sensitivity | Current Policies | Urban depot-only charging";"Electricity"
"OPEX";"Charging Infrastructure";"ES";"MCS Profit and Mark-Up";"Rigid";"PROG";"%";2040;"0.1";"Sensitivity | Current Policies | Urban depot-only charging";"Electricity"
"OPEX";"Charging Infrastructure";"ES";"MCS Profit and Mark-Up";"Tractor-Trailer";"PROG";"%";2040;"0.1";"Sensitivity | Current Policies | Urban depot-only charging";"Electricity"
"OPEX";"Charging Infrastructure";"ES";"MCS Profit and Mark-Up";"Rigid";"BAU";"%";2040;"0.1";"Sensitivity | Current Policies | Urban depot-only charging";"Electricity"
"OPEX";"Charging Infrastructure";"ES";"MCS Profit and Mark-Up";"Tractor-Trailer";"BAU";"%";2040;"0.1";"Sensitivity | Current Policies | Urban depot-only charging";"Electricity"
"OPEX";"Charging Infrastructure";"FR";"MCS Profit and Mark-Up";"Rigid";"PROG";"%";2040;"0.1";"Sensitivity | Current Policies | Urban depot-only charging";"Electricity"
"OPEX";"Charging Infrastructure";"FR";"MCS Profit and Mark-Up";"Tractor-Trailer";"PROG";"%";2040;"0.1";"Sensitivity | Current Policies | Urban depot-only charging";"Electricity"
"OPEX";"Charging Infrastructure";"FR";"MCS Profit and Mark-Up";"Rigid";"BAU";"%";2040;"0.1";"Sensitivity | Current Policies | Urban depot-only charging";"Electricity"
"OPEX";"Charging Infrastructure";"FR";"MCS Profit and Mark-Up";"Tractor-Trailer";"BAU";"%";2040;"0.1";"Sensitivity | Current Policies | Urban depot-only charging";"Electricity"
"OPEX";"Charging Infrastructure";"IT";"MCS Profit and Mark-Up";"Rigid";"PROG";"%";2040;"0.1";"Sensitivity | Current Policies | Urban depot-only charging";"Electricity"
"OPEX";"Charging Infrastructure";"IT";"MCS Profit and Mark-Up";"Tractor-Trailer";"PROG";"%";2040;"0.1";"Sensitivity | Current Policies | Urban depot-only charging";"Electricity"
"OPEX";"Charging Infrastructure";"IT";"MCS Profit and Mark-Up";"Rigid";"BAU";"%";2040;"0.1";"Sensitivity | Current Policies | Urban depot-only charging";"Electricity"
"OPEX";"Charging Infrastructure";"IT";"MCS Profit and Mark-Up";"Tractor-Trailer";"BAU";"%";2040;"0.1";"Sensitivity | Current Policies | Urban depot-only charging";"Electricity"
"OPEX";"Charging Infrastructure";"NL";"MCS Profit and Mark-Up";"Rigid";"PROG";"%";2040;"0.1";"Sensitivity | Current Policies | Urban depot-only charging";"Electricity"
"OPEX";"Charging Infrastructure";"NL";"MCS Profit and Mark-Up";"Tractor-Trailer";"PROG";"%";2040;"0.1";"Sensitivity | Current Policies | Urban depot-only charging";"Electricity"
"OPEX";"Charging Infrastructure";"NL";"MCS Profit and Mark-Up";"Rigid";"BAU";"%";2040;"0.1";"Sensitivity | Current Policies | Urban depot-only charging";"Electricity"
"OPEX";"Charging Infrastructure";"NL";"MCS Profit and Mark-Up";"Tractor-Trailer";"BAU";"%";2040;"0.1";"Sensitivity | Current Policies | Urban depot-only charging";"Electricity"
"OPEX";"Charging Infrastructure";"PL";"MCS Profit and Mark-Up";"Rigid";"PROG";"%";2040;"0.1";"Sensitivity | Current Policies | Urban depot-only charging";"Electricity"
"OPEX";"Charging Infrastructure";"PL";"MCS Profit and Mark-Up";"Tractor-Trailer";"PROG";"%";2040;"0.1";"Sensitivity | Current Policies | Urban depot-only charging";"Electricity"
"OPEX";"Charging Infrastructure";"PL";"MCS Profit and Mark-Up";"Rigid";"BAU";"%";2040;"0.1";"Sensitivity | Current Policies | Urban depot-only charging";"Electricity"
"OPEX";"Charging Infrastructure";"PL";"MCS Profit and Mark-Up";"Tractor-Trailer";"BAU";"%";2040;"0.1";"Sensitivity | Current Policies | Urban depot-only charging";"Electricity"
"OPEX";"Charging Infrastructure";"UK";"MCS Profit and Mark-Up";"Rigid";"PROG";"%";2040;"0.1";"Sensitivity | Current Policies | Urban depot-only charging";"Electricity"
"OPEX";"Charging Infrastructure";"UK";"MCS Profit and Mark-Up";"Tractor-Trailer";"PROG";"%";2040;"0.1";"Sensitivity | Current Policies | Urban depot-only charging";"Electricity"
"OPEX";"Charging Infrastructure";"UK";"MCS Profit and Mark-Up";"Rigid";"BAU";"%";2040;"0.1";"Sensitivity | Current Policies | Urban depot-only charging";"Electricity"
"OPEX";"Charging Infrastructure";"UK";"MCS Profit and Mark-Up";"Tractor-Trailer";"BAU";"%";2040;"0.1";"Sensitivity | Current Policies | Urban depot-only charging";"Electricity"
"OPEX";"Charging Infrastructure";"DE";"CCS Station (Depot) - Incl. Overhead";"Rigid";"PROG";"EUR/kWh";2040;"0.024";"Sensitivity | Current Policies | Urban depot-only charging";"Electricity"
"OPEX";"Charging Infrastructure";"DE";"CCS Station (Depot) - Incl. Overhead";"Tractor-Trailer";"PROG";"EUR/kWh";2040;"0.024";"Sensitivity | Current Policies | Urban depot-only charging";"Electricity"
"OPEX";"Charging Infrastructure";"DE";"CCS Station (Depot) - Incl. Overhead";"Rigid";"BAU";"EUR/kWh";2040;"0.024";"Sensitivity | Current Policies | Urban depot-only charging";"Electricity"
"OPEX";"Charging Infrastructure";"DE";"CCS Station (Depot) - Incl. Overhead";"Tractor-Trailer";"BAU";"EUR/kWh";2040;"0.024";"Sensitivity | Current Policies | Urban depot-only charging";"Electricity"
"OPEX";"Charging Infrastructure";"ES";"CCS Station (Depot) - Incl. Overhead";"Rigid";"PROG";"EUR/kWh";2040;"0.024";"Sensitivity | Current Policies | Urban depot-only charging";"Electricity"
"OPEX";"Charging Infrastructure";"ES";"CCS Station (Depot) - Incl. Overhead";"Tractor-Trailer";"PROG";"EUR/kWh";2040;"0.024";"Sensitivity | Current Policies | Urban depot-only charging";"Electricity"
"OPEX";"Charging Infrastructure";"ES";"CCS Station (Depot) - Incl. Overhead";"Rigid";"BAU";"EUR/kWh";2040;"0.024";"Sensitivity | Current Policies | Urban depot-only charging";"Electricity"
"OPEX";"Charging Infrastructure";"ES";"CCS Station (Depot) - Incl. Overhead";"Tractor-Trailer";"BAU";"EUR/kWh";2040;"0.024";"Sensitivity | Current Policies | Urban depot-only charging";"Electricity"
"OPEX";"Charging Infrastructure";"FR";"CCS Station (Depot) - Incl. Overhead";"Rigid";"PROG";"EUR/kWh";2040;"0.024";"Sensitivity | Current Policies | Urban depot-only charging";"Electricity"
"OPEX";"Charging Infrastructure";"FR";"CCS Station (Depot) - Incl. Overhead";"Tractor-Trailer";"PROG";"EUR/kWh";2040;"0.024";"Sensitivity | Current Policies | Urban depot-only charging";"Electricity"
"OPEX";"Charging Infrastructure";"FR";"CCS Station (Depot) - Incl. Overhead";"Rigid";"BAU";"EUR/kWh";2040;"0.024";"Sensitivity | Current Policies | Urban depot-only charging";"Electricity"
"OPEX";"Charging Infrastructure";"FR";"CCS Station (Depot) - Incl. Overhead";"Tractor-Trailer";"BAU";"EUR/kWh";2040;"0.024";"Sensitivity | Current Policies | Urban depot-only charging";"Electricity"
"OPEX";"Charging Infrastructure";"IT";"CCS Station (Depot) - Incl. Overhead";"Rigid";"PROG";"EUR/kWh";2040;"0.024";"Sensitivity | Current Policies | Urban depot-only charging";"Electricity"
"OPEX";"Charging Infrastructure";"IT";"CCS Station (Depot) - Incl. Overhead";"Tractor-Trailer";"PROG";"EUR/kWh";2040;"0.024";"Sensitivity | Current Policies | Urban depot-only charging";"Electricity"
"OPEX";"Charging Infrastructure";"IT";"CCS Station (Depot) - Incl. Overhead";"Rigid";"BAU";"EUR/kWh";2040;"0.024";"Sensitivity | Current Policies | Urban depot-only charging";"Electricity"
"OPEX";"Charging Infrastructure";"IT";"CCS Station (Depot) - Incl. Overhead";"Tractor-Trailer";"BAU";"EUR/kWh";2040;"0.024";"Sensitivity | Current Policies | Urban depot-only charging";"Electricity"
"OPEX";"Charging Infrastructure";"NL";"CCS Station (Depot) - Incl. Overhead";"Rigid";"PROG";"EUR/kWh";2040;"0.024";"Sensitivity | Current Policies | Urban depot-only charging";"Electricity"
"OPEX";"Charging Infrastructure";"NL";"CCS Station (Depot) - Incl. Overhead";"Tractor-Trailer";"PROG";"EUR/kWh";2040;"0.024";"Sensitivity | Current Policies | Urban depot-only charging";"Electricity"
"OPEX";"Charging Infrastructure";"NL";"CCS Station (Depot) - Incl. Overhead";"Rigid";"BAU";"EUR/kWh";2040;"0.024";"Sensitivity | Current Policies | Urban depot-only charging";"Electricity"
"OPEX";"Charging Infrastructure";"NL";"CCS Station (Depot) - Incl. Overhead";"Tractor-Trailer";"BAU";"EUR/kWh";2040;"0.024";"Sensitivity | Current Policies | Urban depot-only charging";"Electricity"
"OPEX";"Charging Infrastructure";"PL";"CCS Station (Depot) - Incl. Overhead";"Rigid";"PROG";"EUR/kWh";2040;"0.024";"Sensitivity | Current Policies | Urban depot-only charging";"Electricity"
"OPEX";"Charging Infrastructure";"PL";"CCS Station (Depot) - Incl. Overhead";"Tractor-Trailer";"PROG";"EUR/kWh";2040;"0.024";"Sensitivity | Current Policies | Urban depot-only charging";"Electricity"
"OPEX";"Charging Infrastructure";"PL";"CCS Station (Depot) - Incl. Overhead";"Rigid";"BAU";"EUR/kWh";2040;"0.024";"Sensitivity | Current Policies | Urban depot-only charging";"Electricity"
"OPEX";"Charging Infrastructure";"PL";"CCS Station (Depot) - Incl. Overhead";"Tractor-Trailer";"BAU";"EUR/kWh";2040;"0.024";"Sensitivity | Current Policies | Urban depot-only charging";"Electricity"
"OPEX";"Charging Infrastructure";"UK";"CCS Station (Depot) - Incl. Overhead";"Rigid";"PROG";"EUR/kWh";2040;"0.024";"Sensitivity | Current Policies | Urban depot-only charging";"Electricity"
"OPEX";"Charging Infrastructure";"UK";"CCS Station (Depot) - Incl. Overhead";"Tractor-Trailer";"PROG";"EUR/kWh";2040;"0.024";"Sensitivity | Current Policies | Urban depot-only charging";"Electricity"
"OPEX";"Charging Infrastructure";"UK";"CCS Station (Depot) - Incl. Overhead";"Rigid";"BAU";"EUR/kWh";2040;"0.024";"Sensitivity | Current Policies | Urban depot-only charging";"Electricity"
"OPEX";"Charging Infrastructure";"UK";"CCS Station (Depot) - Incl. Overhead";"Tractor-Trailer";"BAU";"EUR/kWh";2040;"0.024";"Sensitivity | Current Policies | Urban depot-only charging";"Electricity"
"OPEX";"Charging Infrastructure";"DE";"CCS grid extension";"Rigid";"PROG";"EUR/kWh";2040;"0.045";"Sensitivity | Current Policies | Urban depot-only charging";"Electricity"
"OPEX";"Charging Infrastructure";"DE";"CCS grid extension";"Tractor-Trailer";"PROG";"EUR/kWh";2040;"0.045";"Sensitivity | Current Policies | Urban depot-only charging";"Electricity"
"OPEX";"Charging Infrastructure";"DE";"CCS grid extension";"Rigid";"BAU";"EUR/kWh";2040;"0.045";"Sensitivity | Current Policies | Urban depot-only charging";"Electricity"
"OPEX";"Charging Infrastructure";"DE";"CCS grid extension";"Tractor-Trailer";"BAU";"EUR/kWh";2040;"0.045";"Sensitivity | Current Policies | Urban depot-only charging";"Electricity"
"OPEX";"Charging Infrastructure";"ES";"CCS grid extension";"Rigid";"PROG";"EUR/kWh";2040;"0.045";"Sensitivity | Current Policies | Urban depot-only charging";"Electricity"
"OPEX";"Charging Infrastructure";"ES";"CCS grid extension";"Tractor-Trailer";"PROG";"EUR/kWh";2040;"0.045";"Sensitivity | Current Policies | Urban depot-only charging";"Electricity"
"OPEX";"Charging Infrastructure";"ES";"CCS grid extension";"Rigid";"BAU";"EUR/kWh";2040;"0.045";"Sensitivity | Current Policies | Urban depot-only charging";"Electricity"
"OPEX";"Charging Infrastructure";"ES";"CCS grid extension";"Tractor-Trailer";"BAU";"EUR/kWh";2040;"0.045";"Sensitivity | Current Policies | Urban depot-only charging";"Electricity"
"OPEX";"Charging Infrastructure";"FR";"CCS grid extension";"Rigid";"PROG";"EUR/kWh";2040;"0.045";"Sensitivity | Current Policies | Urban depot-only charging";"Electricity"
"OPEX";"Charging Infrastructure";"FR";"CCS grid extension";"Tractor-Trailer";"PROG";"EUR/kWh";2040;"0.045";"Sensitivity | Current Policies | Urban depot-only charging";"Electricity"
"OPEX";"Charging Infrastructure";"FR";"CCS grid extension";"Rigid";"BAU";"EUR/kWh";2040;"0.045";"Sensitivity | Current Policies | Urban depot-only charging";"Electricity"
"OPEX";"Charging Infrastructure";"FR";"CCS grid extension";"Tractor-Trailer";"BAU";"EUR/kWh";2040;"0.045";"Sensitivity | Current Policies | Urban depot-only charging";"Electricity"
"OPEX";"Charging Infrastructure";"IT";"CCS grid extension";"Rigid";"PROG";"EUR/kWh";2040;"0.045";"Sensitivity | Current Policies | Urban depot-only charging";"Electricity"
"OPEX";"Charging Infrastructure";"IT";"CCS grid extension";"Tractor-Trailer";"PROG";"EUR/kWh";2040;"0.045";"Sensitivity | Current Policies | Urban depot-only charging";"Electricity"
"OPEX";"Charging Infrastructure";"IT";"CCS grid extension";"Rigid";"BAU";"EUR/kWh";2040;"0.045";"Sensitivity | Current Policies | Urban depot-only charging";"Electricity"
"OPEX";"Charging Infrastructure";"IT";"CCS grid extension";"Tractor-Trailer";"BAU";"EUR/kWh";2040;"0.045";"Sensitivity | Current Policies | Urban depot-only charging";"Electricity"
"OPEX";"Charging Infrastructure";"NL";"CCS grid extension";"Rigid";"PROG";"EUR/kWh";2040;"0.045";"Sensitivity | Current Policies | Urban depot-only charging";"Electricity"
"OPEX";"Charging Infrastructure";"NL";"CCS grid extension";"Tractor-Trailer";"PROG";"EUR/kWh";2040;"0.045";"Sensitivity | Current Policies | Urban depot-only charging";"Electricity"
"OPEX";"Charging Infrastructure";"NL";"CCS grid extension";"Rigid";"BAU";"EUR/kWh";2040;"0.045";"Sensitivity | Current Policies | Urban depot-only charging";"Electricity"
"OPEX";"Charging Infrastructure";"NL";"CCS grid extension";"Tractor-Trailer";"BAU";"EUR/kWh";2040;"0.045";"Sensitivity | Current Policies | Urban depot-only charging";"Electricity"
"OPEX";"Charging Infrastructure";"PL";"CCS grid extension";"Rigid";"PROG";"EUR/kWh";2040;"0.045";"Sensitivity | Current Policies | Urban depot-only charging";"Electricity"
"OPEX";"Charging Infrastructure";"PL";"CCS grid extension";"Tractor-Trailer";"PROG";"EUR/kWh";2040;"0.045";"Sensitivity | Current Policies | Urban depot-only charging";"Electricity"
"OPEX";"Charging Infrastructure";"PL";"CCS grid extension";"Rigid";"BAU";"EUR/kWh";2040;"0.045";"Sensitivity | Current Policies | Urban depot-only charging";"Electricity"
"OPEX";"Charging Infrastructure";"PL";"CCS grid extension";"Tractor-Trailer";"BAU";"EUR/kWh";2040;"0.045";"Sensitivity | Current Policies | Urban depot-only charging";"Electricity"
"OPEX";"Charging Infrastructure";"UK";"CCS grid extension";"Rigid";"PROG";"EUR/kWh";2040;"0.045";"Sensitivity | Current Policies | Urban depot-only charging";"Electricity"
"OPEX";"Charging Infrastructure";"UK";"CCS grid extension";"Tractor-Trailer";"PROG";"EUR/kWh";2040;"0.045";"Sensitivity | Current Policies | Urban depot-only charging";"Electricity"
"OPEX";"Charging Infrastructure";"UK";"CCS grid extension";"Rigid";"BAU";"EUR/kWh";2040;"0.045";"Sensitivity | Current Policies | Urban depot-only charging";"Electricity"
"OPEX";"Charging Infrastructure";"UK";"CCS grid extension";"Tractor-Trailer";"BAU";"EUR/kWh";2040;"0.045";"Sensitivity | Current Policies | Urban depot-only charging";"Electricity"
"OPEX";"Diesel Infrastructure";"DE";"Total Diesel Mark-Up";"Rigid";"BAU";"EUR/kWh";2040;"0.018";"Sensitivity | Current Policies | Urban depot-only charging";"Diesel"
"OPEX";"Diesel Infrastructure";"DE";"Total Diesel Mark-Up";"Tractor-Trailer";"BAU";"EUR/kWh";2040;"0.018";"Sensitivity | Current Policies | Urban depot-only charging";"Diesel"
"OPEX";"Diesel Infrastructure";"DE";"Total Diesel Mark-Up";"Rigid";"PROG";"EUR/kWh";2040;"0.018";"Sensitivity | Current Policies | Urban depot-only charging";"Diesel"
"OPEX";"Diesel Infrastructure";"DE";"Total Diesel Mark-Up";"Tractor-Trailer";"PROG";"EUR/kWh";2040;"0.018";"Sensitivity | Current Policies | Urban depot-only charging";"Diesel"
"OPEX";"Diesel Infrastructure";"ES";"Total Diesel Mark-Up";"Rigid";"BAU";"EUR/kWh";2040;"0.018";"Sensitivity | Current Policies | Urban depot-only charging";"Diesel"
"OPEX";"Diesel Infrastructure";"ES";"Total Diesel Mark-Up";"Tractor-Trailer";"BAU";"EUR/kWh";2040;"0.018";"Sensitivity | Current Policies | Urban depot-only charging";"Diesel"
"OPEX";"Diesel Infrastructure";"ES";"Total Diesel Mark-Up";"Rigid";"PROG";"EUR/kWh";2040;"0.018";"Sensitivity | Current Policies | Urban depot-only charging";"Diesel"
"OPEX";"Diesel Infrastructure";"ES";"Total Diesel Mark-Up";"Tractor-Trailer";"PROG";"EUR/kWh";2040;"0.018";"Sensitivity | Current Policies | Urban depot-only charging";"Diesel"
"OPEX";"Diesel Infrastructure";"FR";"Total Diesel Mark-Up";"Rigid";"BAU";"EUR/kWh";2040;"0.018";"Sensitivity | Current Policies | Urban depot-only charging";"Diesel"
"OPEX";"Diesel Infrastructure";"FR";"Total Diesel Mark-Up";"Tractor-Trailer";"BAU";"EUR/kWh";2040;"0.018";"Sensitivity | Current Policies | Urban depot-only charging";"Diesel"
"OPEX";"Diesel Infrastructure";"FR";"Total Diesel Mark-Up";"Rigid";"PROG";"EUR/kWh";2040;"0.018";"Sensitivity | Current Policies | Urban depot-only charging";"Diesel"
"OPEX";"Diesel Infrastructure";"FR";"Total Diesel Mark-Up";"Tractor-Trailer";"PROG";"EUR/kWh";2040;"0.018";"Sensitivity | Current Policies | Urban depot-only charging";"Diesel"
"OPEX";"Diesel Infrastructure";"IT";"Total Diesel Mark-Up";"Rigid";"BAU";"EUR/kWh";2040;"0.018";"Sensitivity | Current Policies | Urban depot-only charging";"Diesel"
"OPEX";"Diesel Infrastructure";"IT";"Total Diesel Mark-Up";"Tractor-Trailer";"BAU";"EUR/kWh";2040;"0.018";"Sensitivity | Current Policies | Urban depot-only charging";"Diesel"
"OPEX";"Diesel Infrastructure";"IT";"Total Diesel Mark-Up";"Rigid";"PROG";"EUR/kWh";2040;"0.018";"Sensitivity | Current Policies | Urban depot-only charging";"Diesel"
"OPEX";"Diesel Infrastructure";"IT";"Total Diesel Mark-Up";"Tractor-Trailer";"PROG";"EUR/kWh";2040;"0.018";"Sensitivity | Current Policies | Urban depot-only charging";"Diesel"
"OPEX";"Diesel Infrastructure";"NL";"Total Diesel Mark-Up";"Rigid";"BAU";"EUR/kWh";2040;"0.018";"Sensitivity | Current Policies | Urban depot-only charging";"Diesel"
"OPEX";"Diesel Infrastructure";"NL";"Total Diesel Mark-Up";"Tractor-Trailer";"BAU";"EUR/kWh";2040;"0.018";"Sensitivity | Current Policies | Urban depot-only charging";"Diesel"
"OPEX";"Diesel Infrastructure";"NL";"Total Diesel Mark-Up";"Rigid";"PROG";"EUR/kWh";2040;"0.018";"Sensitivity | Current Policies | Urban depot-only charging";"Diesel"
"OPEX";"Diesel Infrastructure";"NL";"Total Diesel Mark-Up";"Tractor-Trailer";"PROG";"EUR/kWh";2040;"0.018";"Sensitivity | Current Policies | Urban depot-only charging";"Diesel"
"OPEX";"Diesel Infrastructure";"PL";"Total Diesel Mark-Up";"Rigid";"BAU";"EUR/kWh";2040;"0.018";"Sensitivity | Current Policies | Urban depot-only charging";"Diesel"
"OPEX";"Diesel Infrastructure";"PL";"Total Diesel Mark-Up";"Tractor-Trailer";"BAU";"EUR/kWh";2040;"0.018";"Sensitivity | Current Policies | Urban depot-only charging";"Diesel"
"OPEX";"Diesel Infrastructure";"PL";"Total Diesel Mark-Up";"Rigid";"PROG";"EUR/kWh";2040;"0.018";"Sensitivity | Current Policies | Urban depot-only charging";"Diesel"
"OPEX";"Diesel Infrastructure";"PL";"Total Diesel Mark-Up";"Tractor-Trailer";"PROG";"EUR/kWh";2040;"0.018";"Sensitivity | Current Policies | Urban depot-only charging";"Diesel"
"OPEX";"Diesel Infrastructure";"UK";"Total Diesel Mark-Up";"Rigid";"BAU";"EUR/kWh";2040;"0.018";"Sensitivity | Current Policies | Urban depot-only charging";"Diesel"
"OPEX";"Diesel Infrastructure";"UK";"Total Diesel Mark-Up";"Tractor-Trailer";"BAU";"EUR/kWh";2040;"0.018";"Sensitivity | Current Policies | Urban depot-only charging";"Diesel"
"OPEX";"Diesel Infrastructure";"UK";"Total Diesel Mark-Up";"Rigid";"PROG";"EUR/kWh";2040;"0.018";"Sensitivity | Current Policies | Urban depot-only charging";"Diesel"
"OPEX";"Diesel Infrastructure";"UK";"Total Diesel Mark-Up";"Tractor-Trailer";"PROG";"EUR/kWh";2040;"0.018";"Sensitivity | Current Policies | Urban depot-only charging";"Diesel"
"OPEX";"Diesel Infrastructure";"DE";"CO2 emission factor Biodiesel";"Rigid";"BAU";"%";2040;"0.155";"Sensitivity | Current Policies | Urban depot-only charging";"Diesel"
"OPEX";"Diesel Infrastructure";"DE";"CO2 emission factor Biodiesel";"Tractor-Trailer";"BAU";"%";2040;"0.155";"Sensitivity | Current Policies | Urban depot-only charging";"Diesel"
"OPEX";"Diesel Infrastructure";"DE";"CO2 emission factor Biodiesel";"Rigid";"PROG";"%";2040;"0.155";"Sensitivity | Current Policies | Urban depot-only charging";"Diesel"
"OPEX";"Diesel Infrastructure";"DE";"CO2 emission factor Biodiesel";"Tractor-Trailer";"PROG";"%";2040;"0.155";"Sensitivity | Current Policies | Urban depot-only charging";"Diesel"
"OPEX";"Diesel Infrastructure";"ES";"CO2 emission factor Biodiesel";"Rigid";"BAU";"%";2040;"0.155";"Sensitivity | Current Policies | Urban depot-only charging";"Diesel"
"OPEX";"Diesel Infrastructure";"ES";"CO2 emission factor Biodiesel";"Tractor-Trailer";"BAU";"%";2040;"0.155";"Sensitivity | Current Policies | Urban depot-only charging";"Diesel"
"OPEX";"Diesel Infrastructure";"ES";"CO2 emission factor Biodiesel";"Rigid";"PROG";"%";2040;"0.155";"Sensitivity | Current Policies | Urban depot-only charging";"Diesel"
"OPEX";"Diesel Infrastructure";"ES";"CO2 emission factor Biodiesel";"Tractor-Trailer";"PROG";"%";2040;"0.155";"Sensitivity | Current Policies | Urban depot-only charging";"Diesel"
"OPEX";"Diesel Infrastructure";"FR";"CO2 emission factor Biodiesel";"Rigid";"BAU";"%";2040;"0.155";"Sensitivity | Current Policies | Urban depot-only charging";"Diesel"
"OPEX";"Diesel Infrastructure";"FR";"CO2 emission factor Biodiesel";"Tractor-Trailer";"BAU";"%";2040;"0.155";"Sensitivity | Current Policies | Urban depot-only charging";"Diesel"
"OPEX";"Diesel Infrastructure";"FR";"CO2 emission factor Biodiesel";"Rigid";"PROG";"%";2040;"0.155";"Sensitivity | Current Policies | Urban depot-only charging";"Diesel"
"OPEX";"Diesel Infrastructure";"FR";"CO2 emission factor Biodiesel";"Tractor-Trailer";"PROG";"%";2040;"0.155";"Sensitivity | Current Policies | Urban depot-only charging";"Diesel"
"OPEX";"Diesel Infrastructure";"IT";"CO2 emission factor Biodiesel";"Rigid";"BAU";"%";2040;"0.155";"Sensitivity | Current Policies | Urban depot-only charging";"Diesel"
"OPEX";"Diesel Infrastructure";"IT";"CO2 emission factor Biodiesel";"Tractor-Trailer";"BAU";"%";2040;"0.155";"Sensitivity | Current Policies | Urban depot-only charging";"Diesel"
"OPEX";"Diesel Infrastructure";"IT";"CO2 emission factor Biodiesel";"Rigid";"PROG";"%";2040;"0.155";"Sensitivity | Current Policies | Urban depot-only charging";"Diesel"
"OPEX";"Diesel Infrastructure";"IT";"CO2 emission factor Biodiesel";"Tractor-Trailer";"PROG";"%";2040;"0.155";"Sensitivity | Current Policies | Urban depot-only charging";"Diesel"
"OPEX";"Diesel Infrastructure";"NL";"CO2 emission factor Biodiesel";"Rigid";"BAU";"%";2040;"0.155";"Sensitivity | Current Policies | Urban depot-only charging";"Diesel"
"OPEX";"Diesel Infrastructure";"NL";"CO2 emission factor Biodiesel";"Tractor-Trailer";"BAU";"%";2040;"0.155";"Sensitivity | Current Policies | Urban depot-only charging";"Diesel"
"OPEX";"Diesel Infrastructure";"NL";"CO2 emission factor Biodiesel";"Rigid";"PROG";"%";2040;"0.155";"Sensitivity | Current Policies | Urban depot-only charging";"Diesel"
"OPEX";"Diesel Infrastructure";"NL";"CO2 emission factor Biodiesel";"Tractor-Trailer";"PROG";"%";2040;"0.155";"Sensitivity | Current Policies | Urban depot-only charging";"Diesel"
"OPEX";"Diesel Infrastructure";"PL";"CO2 emission factor Biodiesel";"Rigid";"BAU";"%";2040;"0.155";"Sensitivity | Current Policies | Urban depot-only charging";"Diesel"
"OPEX";"Diesel Infrastructure";"PL";"CO2 emission factor Biodiesel";"Tractor-Trailer";"BAU";"%";2040;"0.155";"Sensitivity | Current Policies | Urban depot-only charging";"Diesel"
"OPEX";"Diesel Infrastructure";"PL";"CO2 emission factor Biodiesel";"Rigid";"PROG";"%";2040;"0.155";"Sensitivity | Current Policies | Urban depot-only charging";"Diesel"
"OPEX";"Diesel Infrastructure";"PL";"CO2 emission factor Biodiesel";"Tractor-Trailer";"PROG";"%";2040;"0.155";"Sensitivity | Current Policies | Urban depot-only charging";"Diesel"
"OPEX";"Diesel Infrastructure";"UK";"CO2 emission factor Biodiesel";"Rigid";"BAU";"%";2040;"0.155";"Sensitivity | Current Policies | Urban depot-only charging";"Diesel"
"OPEX";"Diesel Infrastructure";"UK";"CO2 emission factor Biodiesel";"Tractor-Trailer";"BAU";"%";2040;"0.155";"Sensitivity | Current Policies | Urban depot-only charging";"Diesel"
"OPEX";"Diesel Infrastructure";"UK";"CO2 emission factor Biodiesel";"Rigid";"PROG";"%";2040;"0.155";"Sensitivity | Current Policies | Urban depot-only charging";"Diesel"
"OPEX";"Diesel Infrastructure";"UK";"CO2 emission factor Biodiesel";"Tractor-Trailer";"PROG";"%";2040;"0.155";"Sensitivity | Current Policies | Urban depot-only charging";"Diesel"
"OPEX";"Diesel Infrastructure";"DE";"CO2 emission factor Pt-Diesel";"Rigid";"BAU";"%";2040;"0";"Sensitivity | Current Policies | Urban depot-only charging";"Diesel"
"OPEX";"Diesel Infrastructure";"DE";"CO2 emission factor Pt-Diesel";"Tractor-Trailer";"BAU";"%";2040;"0";"Sensitivity | Current Policies | Urban depot-only charging";"Diesel"
"OPEX";"Diesel Infrastructure";"DE";"CO2 emission factor Pt-Diesel";"Rigid";"PROG";"%";2040;"0";"Sensitivity | Current Policies | Urban depot-only charging";"Diesel"
"OPEX";"Diesel Infrastructure";"DE";"CO2 emission factor Pt-Diesel";"Tractor-Trailer";"PROG";"%";2040;"0";"Sensitivity | Current Policies | Urban depot-only charging";"Diesel"
"OPEX";"Diesel Infrastructure";"ES";"CO2 emission factor Pt-Diesel";"Rigid";"BAU";"%";2040;"0";"Sensitivity | Current Policies | Urban depot-only charging";"Diesel"
"OPEX";"Diesel Infrastructure";"ES";"CO2 emission factor Pt-Diesel";"Tractor-Trailer";"BAU";"%";2040;"0";"Sensitivity | Current Policies | Urban depot-only charging";"Diesel"
"OPEX";"Diesel Infrastructure";"ES";"CO2 emission factor Pt-Diesel";"Rigid";"PROG";"%";2040;"0";"Sensitivity | Current Policies | Urban depot-only charging";"Diesel"
"OPEX";"Diesel Infrastructure";"ES";"CO2 emission factor Pt-Diesel";"Tractor-Trailer";"PROG";"%";2040;"0";"Sensitivity | Current Policies | Urban depot-only charging";"Diesel"
"OPEX";"Diesel Infrastructure";"FR";"CO2 emission factor Pt-Diesel";"Rigid";"BAU";"%";2040;"0";"Sensitivity | Current Policies | Urban depot-only charging";"Diesel"
"OPEX";"Diesel Infrastructure";"FR";"CO2 emission factor Pt-Diesel";"Tractor-Trailer";"BAU";"%";2040;"0";"Sensitivity | Current Policies | Urban depot-only charging";"Diesel"
"OPEX";"Diesel Infrastructure";"FR";"CO2 emission factor Pt-Diesel";"Rigid";"PROG";"%";2040;"0";"Sensitivity | Current Policies | Urban depot-only charging";"Diesel"
"OPEX";"Diesel Infrastructure";"FR";"CO2 emission factor Pt-Diesel";"Tractor-Trailer";"PROG";"%";2040;"0";"Sensitivity | Current Policies | Urban depot-only charging";"Diesel"
"OPEX";"Diesel Infrastructure";"IT";"CO2 emission factor Pt-Diesel";"Rigid";"BAU";"%";2040;"0";"Sensitivity | Current Policies | Urban depot-only charging";"Diesel"
"OPEX";"Diesel Infrastructure";"IT";"CO2 emission factor Pt-Diesel";"Tractor-Trailer";"BAU";"%";2040;"0";"Sensitivity | Current Policies | Urban depot-only charging";"Diesel"
"OPEX";"Diesel Infrastructure";"IT";"CO2 emission factor Pt-Diesel";"Rigid";"PROG";"%";2040;"0";"Sensitivity | Current Policies | Urban depot-only charging";"Diesel"
"OPEX";"Diesel Infrastructure";"IT";"CO2 emission factor Pt-Diesel";"Tractor-Trailer";"PROG";"%";2040;"0";"Sensitivity | Current Policies | Urban depot-only charging";"Diesel"
"OPEX";"Diesel Infrastructure";"NL";"CO2 emission factor Pt-Diesel";"Rigid";"BAU";"%";2040;"0";"Sensitivity | Current Policies | Urban depot-only charging";"Diesel"
"OPEX";"Diesel Infrastructure";"NL";"CO2 emission factor Pt-Diesel";"Tractor-Trailer";"BAU";"%";2040;"0";"Sensitivity | Current Policies | Urban depot-only charging";"Diesel"
"OPEX";"Diesel Infrastructure";"NL";"CO2 emission factor Pt-Diesel";"Rigid";"PROG";"%";2040;"0";"Sensitivity | Current Policies | Urban depot-only charging";"Diesel"
"OPEX";"Diesel Infrastructure";"NL";"CO2 emission factor Pt-Diesel";"Tractor-Trailer";"PROG";"%";2040;"0";"Sensitivity | Current Policies | Urban depot-only charging";"Diesel"
"OPEX";"Diesel Infrastructure";"PL";"CO2 emission factor Pt-Diesel";"Rigid";"BAU";"%";2040;"0";"Sensitivity | Current Policies | Urban depot-only charging";"Diesel"
"OPEX";"Diesel Infrastructure";"PL";"CO2 emission factor Pt-Diesel";"Tractor-Trailer";"BAU";"%";2040;"0";"Sensitivity | Current Policies | Urban depot-only charging";"Diesel"
"OPEX";"Diesel Infrastructure";"PL";"CO2 emission factor Pt-Diesel";"Rigid";"PROG";"%";2040;"0";"Sensitivity | Current Policies | Urban depot-only charging";"Diesel"
"OPEX";"Diesel Infrastructure";"PL";"CO2 emission factor Pt-Diesel";"Tractor-Trailer";"PROG";"%";2040;"0";"Sensitivity | Current Policies | Urban depot-only charging";"Diesel"
"OPEX";"Diesel Infrastructure";"UK";"CO2 emission factor Pt-Diesel";"Rigid";"BAU";"%";2040;"0";"Sensitivity | Current Policies | Urban depot-only charging";"Diesel"
"OPEX";"Diesel Infrastructure";"UK";"CO2 emission factor Pt-Diesel";"Tractor-Trailer";"BAU";"%";2040;"0";"Sensitivity | Current Policies | Urban depot-only charging";"Diesel"
"OPEX";"Diesel Infrastructure";"UK";"CO2 emission factor Pt-Diesel";"Rigid";"PROG";"%";2040;"0";"Sensitivity | Current Policies | Urban depot-only charging";"Diesel"
"OPEX";"Diesel Infrastructure";"UK";"CO2 emission factor Pt-Diesel";"Tractor-Trailer";"PROG";"%";2040;"0";"Sensitivity | Current Policies | Urban depot-only charging";"Diesel"
"OPEX";"Taxes";"DE";"Network Costs - MCS";"Rigid";"BAU";"EUR/kWh";2040;"0.034";"Sensitivity | Current Policies | Urban depot-only charging";"Electricity"
"OPEX";"Taxes";"DE";"Network Costs - MCS";"Tractor-Trailer";"BAU";"EUR/kWh";2040;"0.034";"Sensitivity | Current Policies | Urban depot-only charging";"Electricity"
"OPEX";"Taxes";"ES";"Network Costs - MCS";"Rigid";"BAU";"EUR/kWh";2040;"0.018";"Sensitivity | Current Policies | Urban depot-only charging";"Electricity"
"OPEX";"Taxes";"ES";"Network Costs - MCS";"Tractor-Trailer";"BAU";"EUR/kWh";2040;"0.018";"Sensitivity | Current Policies | Urban depot-only charging";"Electricity"
"OPEX";"Taxes";"FR";"Network Costs - MCS";"Rigid";"BAU";"EUR/kWh";2040;"0.018";"Sensitivity | Current Policies | Urban depot-only charging";"Electricity"
"OPEX";"Taxes";"FR";"Network Costs - MCS";"Tractor-Trailer";"BAU";"EUR/kWh";2040;"0.018";"Sensitivity | Current Policies | Urban depot-only charging";"Electricity"
"OPEX";"Taxes";"IT";"Network Costs - MCS";"Rigid";"BAU";"EUR/kWh";2040;"0.015";"Sensitivity | Current Policies | Urban depot-only charging";"Electricity"
"OPEX";"Taxes";"IT";"Network Costs - MCS";"Tractor-Trailer";"BAU";"EUR/kWh";2040;"0.015";"Sensitivity | Current Policies | Urban depot-only charging";"Electricity"
"OPEX";"Taxes";"NL";"Network Costs - MCS";"Rigid";"BAU";"EUR/kWh";2040;"0.016";"Sensitivity | Current Policies | Urban depot-only charging";"Electricity"
"OPEX";"Taxes";"NL";"Network Costs - MCS";"Tractor-Trailer";"BAU";"EUR/kWh";2040;"0.016";"Sensitivity | Current Policies | Urban depot-only charging";"Electricity"
"OPEX";"Taxes";"PL";"Network Costs - MCS";"Rigid";"BAU";"EUR/kWh";2040;"0.019";"Sensitivity | Current Policies | Urban depot-only charging";"Electricity"
"OPEX";"Taxes";"PL";"Network Costs - MCS";"Tractor-Trailer";"BAU";"EUR/kWh";2040;"0.019";"Sensitivity | Current Policies | Urban depot-only charging";"Electricity"
"OPEX";"Taxes";"UK";"Network Costs - MCS";"Rigid";"BAU";"EUR/kWh";2040;"0.027";"Sensitivity | Current Policies | Urban depot-only charging";"Electricity"
"OPEX";"Taxes";"UK";"Network Costs - MCS";"Tractor-Trailer";"BAU";"EUR/kWh";2040;"0.027";"Sensitivity | Current Policies | Urban depot-only charging";"Electricity"
"OPEX";"Taxes";"DE";"Taxes, Fees, Levies and charges - MCS";"Rigid";"BAU";"EUR/kWh";2040;"0.056";"Sensitivity | Current Policies | Urban depot-only charging";"Electricity"
"OPEX";"Taxes";"DE";"Taxes, Fees, Levies and charges - MCS";"Tractor-Trailer";"BAU";"EUR/kWh";2040;"0.056";"Sensitivity | Current Policies | Urban depot-only charging";"Electricity"
"OPEX";"Taxes";"ES";"Taxes, Fees, Levies and charges - MCS";"Rigid";"BAU";"EUR/kWh";2040;"0.036";"Sensitivity | Current Policies | Urban depot-only charging";"Electricity"
"OPEX";"Taxes";"ES";"Taxes, Fees, Levies and charges - MCS";"Tractor-Trailer";"BAU";"EUR/kWh";2040;"0.036";"Sensitivity | Current Policies | Urban depot-only charging";"Electricity"
"OPEX";"Taxes";"FR";"Taxes, Fees, Levies and charges - MCS";"Rigid";"BAU";"EUR/kWh";2040;"0.03";"Sensitivity | Current Policies | Urban depot-only charging";"Electricity"
"OPEX";"Taxes";"FR";"Taxes, Fees, Levies and charges - MCS";"Tractor-Trailer";"BAU";"EUR/kWh";2040;"0.03";"Sensitivity | Current Policies | Urban depot-only charging";"Electricity"
"OPEX";"Taxes";"IT";"Taxes, Fees, Levies and charges - MCS";"Rigid";"BAU";"EUR/kWh";2040;"0.062";"Sensitivity | Current Policies | Urban depot-only charging";"Electricity"
"OPEX";"Taxes";"IT";"Taxes, Fees, Levies and charges - MCS";"Tractor-Trailer";"BAU";"EUR/kWh";2040;"0.062";"Sensitivity | Current Policies | Urban depot-only charging";"Electricity"
"OPEX";"Taxes";"NL";"Taxes, Fees, Levies and charges - MCS";"Rigid";"BAU";"EUR/kWh";2040;"0.055";"Sensitivity | Current Policies | Urban depot-only charging";"Electricity"
"OPEX";"Taxes";"NL";"Taxes, Fees, Levies and charges - MCS";"Tractor-Trailer";"BAU";"EUR/kWh";2040;"0.055";"Sensitivity | Current Policies | Urban depot-only charging";"Electricity"
"OPEX";"Taxes";"PL";"Taxes, Fees, Levies and charges - MCS";"Rigid";"BAU";"EUR/kWh";2040;"0.049";"Sensitivity | Current Policies | Urban depot-only charging";"Electricity"
"OPEX";"Taxes";"PL";"Taxes, Fees, Levies and charges - MCS";"Tractor-Trailer";"BAU";"EUR/kWh";2040;"0.049";"Sensitivity | Current Policies | Urban depot-only charging";"Electricity"
"OPEX";"Taxes";"UK";"Taxes, Fees, Levies and charges - MCS";"Rigid";"BAU";"EUR/kWh";2040;"0.077";"Sensitivity | Current Policies | Urban depot-only charging";"Electricity"
"OPEX";"Taxes";"UK";"Taxes, Fees, Levies and charges - MCS";"Tractor-Trailer";"BAU";"EUR/kWh";2040;"0.077";"Sensitivity | Current Policies | Urban depot-only charging";"Electricity"
"OPEX";"Taxes";"DE";"Network Costs - Depot";"Rigid";"BAU";"EUR/kWh";2040;"0.034";"Sensitivity | Current Policies | Urban depot-only charging";"Electricity"
"OPEX";"Taxes";"DE";"Network Costs - Depot";"Tractor-Trailer";"BAU";"EUR/kWh";2040;"0.034";"Sensitivity | Current Policies | Urban depot-only charging";"Electricity"
"OPEX";"Taxes";"ES";"Network Costs - Depot";"Rigid";"BAU";"EUR/kWh";2040;"0.018";"Sensitivity | Current Policies | Urban depot-only charging";"Electricity"
"OPEX";"Taxes";"ES";"Network Costs - Depot";"Tractor-Trailer";"BAU";"EUR/kWh";2040;"0.018";"Sensitivity | Current Policies | Urban depot-only charging";"Electricity"
"OPEX";"Taxes";"FR";"Network Costs - Depot";"Rigid";"BAU";"EUR/kWh";2040;"0.018";"Sensitivity | Current Policies | Urban depot-only charging";"Electricity"
"OPEX";"Taxes";"FR";"Network Costs - Depot";"Tractor-Trailer";"BAU";"EUR/kWh";2040;"0.018";"Sensitivity | Current Policies | Urban depot-only charging";"Electricity"
"OPEX";"Taxes";"IT";"Network Costs - Depot";"Rigid";"BAU";"EUR/kWh";2040;"0.016";"Sensitivity | Current Policies | Urban depot-only charging";"Electricity"
"OPEX";"Taxes";"IT";"Network Costs - Depot";"Tractor-Trailer";"BAU";"EUR/kWh";2040;"0.016";"Sensitivity | Current Policies | Urban depot-only charging";"Electricity"
"OPEX";"Taxes";"NL";"Network Costs - Depot";"Rigid";"BAU";"EUR/kWh";2040;"0.016";"Sensitivity | Current Policies | Urban depot-only charging";"Electricity"
"OPEX";"Taxes";"NL";"Network Costs - Depot";"Tractor-Trailer";"BAU";"EUR/kWh";2040;"0.016";"Sensitivity | Current Policies | Urban depot-only charging";"Electricity"
"OPEX";"Taxes";"PL";"Network Costs - Depot";"Rigid";"BAU";"EUR/kWh";2040;"0.019";"Sensitivity | Current Policies | Urban depot-only charging";"Electricity"
"OPEX";"Taxes";"PL";"Network Costs - Depot";"Tractor-Trailer";"BAU";"EUR/kWh";2040;"0.019";"Sensitivity | Current Policies | Urban depot-only charging";"Electricity"
"OPEX";"Taxes";"UK";"Network Costs - Depot";"Rigid";"BAU";"EUR/kWh";2040;"0.027";"Sensitivity | Current Policies | Urban depot-only charging";"Electricity"
"OPEX";"Taxes";"UK";"Network Costs - Depot";"Tractor-Trailer";"BAU";"EUR/kWh";2040;"0.027";"Sensitivity | Current Policies | Urban depot-only charging";"Electricity"
"OPEX";"Taxes";"DE";"Taxes, Fees, Levies and charges - Depot";"Rigid";"BAU";"EUR/kWh";2040;"0.056";"Sensitivity | Current Policies | Urban depot-only charging";"Electricity"
"OPEX";"Taxes";"DE";"Taxes, Fees, Levies and charges - Depot";"Tractor-Trailer";"BAU";"EUR/kWh";2040;"0.056";"Sensitivity | Current Policies | Urban depot-only charging";"Electricity"
"OPEX";"Taxes";"ES";"Taxes, Fees, Levies and charges - Depot";"Rigid";"BAU";"EUR/kWh";2040;"0.036";"Sensitivity | Current Policies | Urban depot-only charging";"Electricity"
"OPEX";"Taxes";"ES";"Taxes, Fees, Levies and charges - Depot";"Tractor-Trailer";"BAU";"EUR/kWh";2040;"0.036";"Sensitivity | Current Policies | Urban depot-only charging";"Electricity"
"OPEX";"Taxes";"FR";"Taxes, Fees, Levies and charges - Depot";"Rigid";"BAU";"EUR/kWh";2040;"0.03";"Sensitivity | Current Policies | Urban depot-only charging";"Electricity"
"OPEX";"Taxes";"FR";"Taxes, Fees, Levies and charges - Depot";"Tractor-Trailer";"BAU";"EUR/kWh";2040;"0.03";"Sensitivity | Current Policies | Urban depot-only charging";"Electricity"
"OPEX";"Taxes";"IT";"Taxes, Fees, Levies and charges - Depot";"Rigid";"BAU";"EUR/kWh";2040;"0.063";"Sensitivity | Current Policies | Urban depot-only charging";"Electricity"
"OPEX";"Taxes";"IT";"Taxes, Fees, Levies and charges - Depot";"Tractor-Trailer";"BAU";"EUR/kWh";2040;"0.063";"Sensitivity | Current Policies | Urban depot-only charging";"Electricity"
"OPEX";"Taxes";"NL";"Taxes, Fees, Levies and charges - Depot";"Rigid";"BAU";"EUR/kWh";2040;"0.055";"Sensitivity | Current Policies | Urban depot-only charging";"Electricity"
"OPEX";"Taxes";"NL";"Taxes, Fees, Levies and charges - Depot";"Tractor-Trailer";"BAU";"EUR/kWh";2040;"0.055";"Sensitivity | Current Policies | Urban depot-only charging";"Electricity"
"OPEX";"Taxes";"PL";"Taxes, Fees, Levies and charges - Depot";"Rigid";"BAU";"EUR/kWh";2040;"0.049";"Sensitivity | Current Policies | Urban depot-only charging";"Electricity"
"OPEX";"Taxes";"PL";"Taxes, Fees, Levies and charges - Depot";"Tractor-Trailer";"BAU";"EUR/kWh";2040;"0.049";"Sensitivity | Current Policies | Urban depot-only charging";"Electricity"
"OPEX";"Taxes";"UK";"Taxes, Fees, Levies and charges - Depot";"Rigid";"BAU";"EUR/kWh";2040;"0.077";"Sensitivity | Current Policies | Urban depot-only charging";"Electricity"
"OPEX";"Taxes";"UK";"Taxes, Fees, Levies and charges - Depot";"Tractor-Trailer";"BAU";"EUR/kWh";2040;"0.077";"Sensitivity | Current Policies | Urban depot-only charging";"Electricity"
"OPEX";"H2 Infrastructure";"DE";"HRS costs";"Rigid";"BAU";"EUR/kg H2";2040;"1.2";"Sensitivity | Current Policies | Urban depot-only charging";"Hydrogen"
"OPEX";"H2 Infrastructure";"DE";"HRS costs";"Tractor-Trailer";"BAU";"EUR/kg H2";2040;"1.2";"Sensitivity | Current Policies | Urban depot-only charging";"Hydrogen"
"OPEX";"H2 Infrastructure";"ES";"HRS costs";"Rigid";"BAU";"EUR/kg H2";2040;"1.2";"Sensitivity | Current Policies | Urban depot-only charging";"Hydrogen"
"OPEX";"H2 Infrastructure";"ES";"HRS costs";"Tractor-Trailer";"BAU";"EUR/kg H2";2040;"1.2";"Sensitivity | Current Policies | Urban depot-only charging";"Hydrogen"
"OPEX";"H2 Infrastructure";"FR";"HRS costs";"Rigid";"BAU";"EUR/kg H2";2040;"1.2";"Sensitivity | Current Policies | Urban depot-only charging";"Hydrogen"
"OPEX";"H2 Infrastructure";"FR";"HRS costs";"Tractor-Trailer";"BAU";"EUR/kg H2";2040;"1.2";"Sensitivity | Current Policies | Urban depot-only charging";"Hydrogen"
"OPEX";"H2 Infrastructure";"IT";"HRS costs";"Rigid";"BAU";"EUR/kg H2";2040;"1.2";"Sensitivity | Current Policies | Urban depot-only charging";"Hydrogen"
"OPEX";"H2 Infrastructure";"IT";"HRS costs";"Tractor-Trailer";"BAU";"EUR/kg H2";2040;"1.2";"Sensitivity | Current Policies | Urban depot-only charging";"Hydrogen"
"OPEX";"H2 Infrastructure";"NL";"HRS costs";"Rigid";"BAU";"EUR/kg H2";2040;"1.2";"Sensitivity | Current Policies | Urban depot-only charging";"Hydrogen"
"OPEX";"H2 Infrastructure";"NL";"HRS costs";"Tractor-Trailer";"BAU";"EUR/kg H2";2040;"1.2";"Sensitivity | Current Policies | Urban depot-only charging";"Hydrogen"
"OPEX";"H2 Infrastructure";"PL";"HRS costs";"Rigid";"BAU";"EUR/kg H2";2040;"1.2";"Sensitivity | Current Policies | Urban depot-only charging";"Hydrogen"
"OPEX";"H2 Infrastructure";"PL";"HRS costs";"Tractor-Trailer";"BAU";"EUR/kg H2";2040;"1.2";"Sensitivity | Current Policies | Urban depot-only charging";"Hydrogen"
"OPEX";"H2 Infrastructure";"UK";"HRS costs";"Rigid";"BAU";"EUR/kg H2";2040;"1.2";"Sensitivity | Current Policies | Urban depot-only charging";"Hydrogen"
"OPEX";"H2 Infrastructure";"UK";"HRS costs";"Tractor-Trailer";"BAU";"EUR/kg H2";2040;"1.2";"Sensitivity | Current Policies | Urban depot-only charging";"Hydrogen"
"OPEX";"H2 Infrastructure";"DE";"H2 transport and distribution";"Rigid";"BAU";"EUR/kg H2";2040;"1.167";"Sensitivity | Current Policies | Urban depot-only charging";"Hydrogen"
"OPEX";"H2 Infrastructure";"DE";"H2 transport and distribution";"Tractor-Trailer";"BAU";"EUR/kg H2";2040;"1.167";"Sensitivity | Current Policies | Urban depot-only charging";"Hydrogen"
"OPEX";"H2 Infrastructure";"ES";"H2 transport and distribution";"Rigid";"BAU";"EUR/kg H2";2040;"1.167";"Sensitivity | Current Policies | Urban depot-only charging";"Hydrogen"
"OPEX";"H2 Infrastructure";"ES";"H2 transport and distribution";"Tractor-Trailer";"BAU";"EUR/kg H2";2040;"1.167";"Sensitivity | Current Policies | Urban depot-only charging";"Hydrogen"
"OPEX";"H2 Infrastructure";"FR";"H2 transport and distribution";"Rigid";"BAU";"EUR/kg H2";2040;"1.167";"Sensitivity | Current Policies | Urban depot-only charging";"Hydrogen"
"OPEX";"H2 Infrastructure";"FR";"H2 transport and distribution";"Tractor-Trailer";"BAU";"EUR/kg H2";2040;"1.167";"Sensitivity | Current Policies | Urban depot-only charging";"Hydrogen"
"OPEX";"H2 Infrastructure";"IT";"H2 transport and distribution";"Rigid";"BAU";"EUR/kg H2";2040;"1.167";"Sensitivity | Current Policies | Urban depot-only charging";"Hydrogen"
"OPEX";"H2 Infrastructure";"IT";"H2 transport and distribution";"Tractor-Trailer";"BAU";"EUR/kg H2";2040;"1.167";"Sensitivity | Current Policies | Urban depot-only charging";"Hydrogen"
"OPEX";"H2 Infrastructure";"NL";"H2 transport and distribution";"Rigid";"BAU";"EUR/kg H2";2040;"1.167";"Sensitivity | Current Policies | Urban depot-only charging";"Hydrogen"
"OPEX";"H2 Infrastructure";"NL";"H2 transport and distribution";"Tractor-Trailer";"BAU";"EUR/kg H2";2040;"1.167";"Sensitivity | Current Policies | Urban depot-only charging";"Hydrogen"
"OPEX";"H2 Infrastructure";"PL";"H2 transport and distribution";"Rigid";"BAU";"EUR/kg H2";2040;"1.167";"Sensitivity | Current Policies | Urban depot-only charging";"Hydrogen"
"OPEX";"H2 Infrastructure";"PL";"H2 transport and distribution";"Tractor-Trailer";"BAU";"EUR/kg H2";2040;"1.167";"Sensitivity | Current Policies | Urban depot-only charging";"Hydrogen"
"OPEX";"H2 Infrastructure";"UK";"H2 transport and distribution";"Rigid";"BAU";"EUR/kg H2";2040;"1.167";"Sensitivity | Current Policies | Urban depot-only charging";"Hydrogen"
"OPEX";"H2 Infrastructure";"UK";"H2 transport and distribution";"Tractor-Trailer";"BAU";"EUR/kg H2";2040;"1.167";"Sensitivity | Current Policies | Urban depot-only charging";"Hydrogen"
"OPEX";"H2 Infrastructure";"DE";"HRS Overhead, Profit and Mark-Up";"Rigid";"BAU";"EUR/kg H2";2040;"0.25";"Sensitivity | Current Policies | Urban depot-only charging";"Hydrogen"
"OPEX";"H2 Infrastructure";"DE";"HRS Overhead, Profit and Mark-Up";"Tractor-Trailer";"BAU";"EUR/kg H2";2040;"0.25";"Sensitivity | Current Policies | Urban depot-only charging";"Hydrogen"
"OPEX";"H2 Infrastructure";"ES";"HRS Overhead, Profit and Mark-Up";"Rigid";"BAU";"EUR/kg H2";2040;"0.25";"Sensitivity | Current Policies | Urban depot-only charging";"Hydrogen"
"OPEX";"H2 Infrastructure";"ES";"HRS Overhead, Profit and Mark-Up";"Tractor-Trailer";"BAU";"EUR/kg H2";2040;"0.25";"Sensitivity | Current Policies | Urban depot-only charging";"Hydrogen"
"OPEX";"H2 Infrastructure";"FR";"HRS Overhead, Profit and Mark-Up";"Rigid";"BAU";"EUR/kg H2";2040;"0.25";"Sensitivity | Current Policies | Urban depot-only charging";"Hydrogen"
"OPEX";"H2 Infrastructure";"FR";"HRS Overhead, Profit and Mark-Up";"Tractor-Trailer";"BAU";"EUR/kg H2";2040;"0.25";"Sensitivity | Current Policies | Urban depot-only charging";"Hydrogen"
"OPEX";"H2 Infrastructure";"IT";"HRS Overhead, Profit and Mark-Up";"Rigid";"BAU";"EUR/kg H2";2040;"0.25";"Sensitivity | Current Policies | Urban depot-only charging";"Hydrogen"
"OPEX";"H2 Infrastructure";"IT";"HRS Overhead, Profit and Mark-Up";"Tractor-Trailer";"BAU";"EUR/kg H2";2040;"0.25";"Sensitivity | Current Policies | Urban depot-only charging";"Hydrogen"
"OPEX";"H2 Infrastructure";"NL";"HRS Overhead, Profit and Mark-Up";"Rigid";"BAU";"EUR/kg H2";2040;"0.25";"Sensitivity | Current Policies | Urban depot-only charging";"Hydrogen"
"OPEX";"H2 Infrastructure";"NL";"HRS Overhead, Profit and Mark-Up";"Tractor-Trailer";"BAU";"EUR/kg H2";2040;"0.25";"Sensitivity | Current Policies | Urban depot-only charging";"Hydrogen"
"OPEX";"H2 Infrastructure";"PL";"HRS Overhead, Profit and Mark-Up";"Rigid";"BAU";"EUR/kg H2";2040;"0.25";"Sensitivity | Current Policies | Urban depot-only charging";"Hydrogen"
"OPEX";"H2 Infrastructure";"PL";"HRS Overhead, Profit and Mark-Up";"Tractor-Trailer";"BAU";"EUR/kg H2";2040;"0.25";"Sensitivity | Current Policies | Urban depot-only charging";"Hydrogen"
"OPEX";"H2 Infrastructure";"UK";"HRS Overhead, Profit and Mark-Up";"Rigid";"BAU";"EUR/kg H2";2040;"0.25";"Sensitivity | Current Policies | Urban depot-only charging";"Hydrogen"
"OPEX";"H2 Infrastructure";"UK";"HRS Overhead, Profit and Mark-Up";"Tractor-Trailer";"BAU";"EUR/kg H2";2040;"0.25";"Sensitivity | Current Policies | Urban depot-only charging";"Hydrogen"
"OPEX";"Charging Infrastructure";"DE";"MCS Station (Public Charging) - Incl. Overhead";"Rigid";"BAU";"EUR/kWh";2040;"0.043";"Sensitivity | Current Policies | Urban depot-only charging";"Electricity"
"OPEX";"Charging Infrastructure";"DE";"MCS Station (Public Charging) - Incl. Overhead";"Tractor-Trailer";"BAU";"EUR/kWh";2040;"0.043";"Sensitivity | Current Policies | Urban depot-only charging";"Electricity"
"OPEX";"Charging Infrastructure";"ES";"MCS Station (Public Charging) - Incl. Overhead";"Rigid";"BAU";"EUR/kWh";2040;"0.043";"Sensitivity | Current Policies | Urban depot-only charging";"Electricity"
"OPEX";"Charging Infrastructure";"ES";"MCS Station (Public Charging) - Incl. Overhead";"Tractor-Trailer";"BAU";"EUR/kWh";2040;"0.043";"Sensitivity | Current Policies | Urban depot-only charging";"Electricity"
"OPEX";"Charging Infrastructure";"FR";"MCS Station (Public Charging) - Incl. Overhead";"Rigid";"BAU";"EUR/kWh";2040;"0.043";"Sensitivity | Current Policies | Urban depot-only charging";"Electricity"
"OPEX";"Charging Infrastructure";"FR";"MCS Station (Public Charging) - Incl. Overhead";"Tractor-Trailer";"BAU";"EUR/kWh";2040;"0.043";"Sensitivity | Current Policies | Urban depot-only charging";"Electricity"
"OPEX";"Charging Infrastructure";"IT";"MCS Station (Public Charging) - Incl. Overhead";"Rigid";"BAU";"EUR/kWh";2040;"0.043";"Sensitivity | Current Policies | Urban depot-only charging";"Electricity"
"OPEX";"Charging Infrastructure";"IT";"MCS Station (Public Charging) - Incl. Overhead";"Tractor-Trailer";"BAU";"EUR/kWh";2040;"0.043";"Sensitivity | Current Policies | Urban depot-only charging";"Electricity"
"OPEX";"Charging Infrastructure";"NL";"MCS Station (Public Charging) - Incl. Overhead";"Rigid";"BAU";"EUR/kWh";2040;"0.043";"Sensitivity | Current Policies | Urban depot-only charging";"Electricity"
"OPEX";"Charging Infrastructure";"NL";"MCS Station (Public Charging) - Incl. Overhead";"Tractor-Trailer";"BAU";"EUR/kWh";2040;"0.043";"Sensitivity | Current Policies | Urban depot-only charging";"Electricity"
"OPEX";"Charging Infrastructure";"PL";"MCS Station (Public Charging) - Incl. Overhead";"Rigid";"BAU";"EUR/kWh";2040;"0.043";"Sensitivity | Current Policies | Urban depot-only charging";"Electricity"
"OPEX";"Charging Infrastructure";"PL";"MCS Station (Public Charging) - Incl. Overhead";"Tractor-Trailer";"BAU";"EUR/kWh";2040;"0.043";"Sensitivity | Current Policies | Urban depot-only charging";"Electricity"
"OPEX";"Charging Infrastructure";"UK";"MCS Station (Public Charging) - Incl. Overhead";"Rigid";"BAU";"EUR/kWh";2040;"0.043";"Sensitivity | Current Policies | Urban depot-only charging";"Electricity"
"OPEX";"Charging Infrastructure";"UK";"MCS Station (Public Charging) - Incl. Overhead";"Tractor-Trailer";"BAU";"EUR/kWh";2040;"0.043";"Sensitivity | Current Policies | Urban depot-only charging";"Electricity"
"OPEX";"Charging Infrastructure";"DE";"Share MCS-Charging";"Rigid";"BAU";"%";2040;"0";"Sensitivity | Current Policies | Urban depot-only charging";"Electricity"
"OPEX";"Charging Infrastructure";"DE";"Share MCS-Charging";"Tractor-Trailer";"BAU";"%";2040;"0";"Sensitivity | Current Policies | Urban depot-only charging";"Electricity"
"OPEX";"Charging Infrastructure";"ES";"Share MCS-Charging";"Rigid";"BAU";"%";2040;"0";"Sensitivity | Current Policies | Urban depot-only charging";"Electricity"
"OPEX";"Charging Infrastructure";"ES";"Share MCS-Charging";"Tractor-Trailer";"BAU";"%";2040;"0";"Sensitivity | Current Policies | Urban depot-only charging";"Electricity"
"OPEX";"Charging Infrastructure";"FR";"Share MCS-Charging";"Rigid";"BAU";"%";2040;"0";"Sensitivity | Current Policies | Urban depot-only charging";"Electricity"
"OPEX";"Charging Infrastructure";"FR";"Share MCS-Charging";"Tractor-Trailer";"BAU";"%";2040;"0";"Sensitivity | Current Policies | Urban depot-only charging";"Electricity"
"OPEX";"Charging Infrastructure";"IT";"Share MCS-Charging";"Rigid";"BAU";"%";2040;"0";"Sensitivity | Current Policies | Urban depot-only charging";"Electricity"
"OPEX";"Charging Infrastructure";"IT";"Share MCS-Charging";"Tractor-Trailer";"BAU";"%";2040;"0";"Sensitivity | Current Policies | Urban depot-only charging";"Electricity"
"OPEX";"Charging Infrastructure";"NL";"Share MCS-Charging";"Rigid";"BAU";"%";2040;"0";"Sensitivity | Current Policies | Urban depot-only charging";"Electricity"
"OPEX";"Charging Infrastructure";"NL";"Share MCS-Charging";"Tractor-Trailer";"BAU";"%";2040;"0";"Sensitivity | Current Policies | Urban depot-only charging";"Electricity"
"OPEX";"Charging Infrastructure";"PL";"Share MCS-Charging";"Rigid";"BAU";"%";2040;"0";"Sensitivity | Current Policies | Urban depot-only charging";"Electricity"
"OPEX";"Charging Infrastructure";"PL";"Share MCS-Charging";"Tractor-Trailer";"BAU";"%";2040;"0";"Sensitivity | Current Policies | Urban depot-only charging";"Electricity"
"OPEX";"Charging Infrastructure";"UK";"Share MCS-Charging";"Rigid";"BAU";"%";2040;"0";"Sensitivity | Current Policies | Urban depot-only charging";"Electricity"
"OPEX";"Charging Infrastructure";"UK";"Share MCS-Charging";"Tractor-Trailer";"BAU";"%";2040;"0";"Sensitivity | Current Policies | Urban depot-only charging";"Electricity"
"OPEX";"Charging Infrastructure";"DE";"Depot - Network fees savings potential";"Rigid";"BAU";"EUR/kWh";2040;"0";"Sensitivity | Current Policies | Urban depot-only charging";"Electricity"
"OPEX";"Charging Infrastructure";"DE";"Depot - Network fees savings potential";"Tractor-Trailer";"BAU";"EUR/kWh";2040;"0";"Sensitivity | Current Policies | Urban depot-only charging";"Electricity"
"OPEX";"Charging Infrastructure";"ES";"Depot - Network fees savings potential";"Rigid";"BAU";"EUR/kWh";2040;"0";"Sensitivity | Current Policies | Urban depot-only charging";"Electricity"
"OPEX";"Charging Infrastructure";"ES";"Depot - Network fees savings potential";"Tractor-Trailer";"BAU";"EUR/kWh";2040;"0";"Sensitivity | Current Policies | Urban depot-only charging";"Electricity"
"OPEX";"Charging Infrastructure";"FR";"Depot - Network fees savings potential";"Rigid";"BAU";"EUR/kWh";2040;"0";"Sensitivity | Current Policies | Urban depot-only charging";"Electricity"
"OPEX";"Charging Infrastructure";"FR";"Depot - Network fees savings potential";"Tractor-Trailer";"BAU";"EUR/kWh";2040;"0";"Sensitivity | Current Policies | Urban depot-only charging";"Electricity"
"OPEX";"Charging Infrastructure";"IT";"Depot - Network fees savings potential";"Rigid";"BAU";"EUR/kWh";2040;"0";"Sensitivity | Current Policies | Urban depot-only charging";"Electricity"
"OPEX";"Charging Infrastructure";"IT";"Depot - Network fees savings potential";"Tractor-Trailer";"BAU";"EUR/kWh";2040;"0";"Sensitivity | Current Policies | Urban depot-only charging";"Electricity"
"OPEX";"Charging Infrastructure";"NL";"Depot - Network fees savings potential";"Rigid";"BAU";"EUR/kWh";2040;"0";"Sensitivity | Current Policies | Urban depot-only charging";"Electricity"
"OPEX";"Charging Infrastructure";"NL";"Depot - Network fees savings potential";"Tractor-Trailer";"BAU";"EUR/kWh";2040;"0";"Sensitivity | Current Policies | Urban depot-only charging";"Electricity"
"OPEX";"Charging Infrastructure";"PL";"Depot - Network fees savings potential";"Rigid";"BAU";"EUR/kWh";2040;"0";"Sensitivity | Current Policies | Urban depot-only charging";"Electricity"
"OPEX";"Charging Infrastructure";"PL";"Depot - Network fees savings potential";"Tractor-Trailer";"BAU";"EUR/kWh";2040;"0";"Sensitivity | Current Policies | Urban depot-only charging";"Electricity"
"OPEX";"Charging Infrastructure";"UK";"Depot - Network fees savings potential";"Rigid";"BAU";"EUR/kWh";2040;"0";"Sensitivity | Current Policies | Urban depot-only charging";"Electricity"
"OPEX";"Charging Infrastructure";"UK";"Depot - Network fees savings potential";"Tractor-Trailer";"BAU";"EUR/kWh";2040;"0";"Sensitivity | Current Policies | Urban depot-only charging";"Electricity"
"OPEX";"Taxes";"DE";"Tax reduction";"Rigid";"BAU";"%";2040;"0";"Sensitivity | Current Policies | Urban depot-only charging";"Hydrogen"
"OPEX";"Taxes";"DE";"Tax reduction";"Tractor-Trailer";"BAU";"%";2040;"0";"Sensitivity | Current Policies | Urban depot-only charging";"Hydrogen"
"OPEX";"Taxes";"ES";"Tax reduction";"Rigid";"BAU";"%";2040;"0";"Sensitivity | Current Policies | Urban depot-only charging";"Hydrogen"
"OPEX";"Taxes";"ES";"Tax reduction";"Tractor-Trailer";"BAU";"%";2040;"0";"Sensitivity | Current Policies | Urban depot-only charging";"Hydrogen"
"OPEX";"Taxes";"FR";"Tax reduction";"Rigid";"BAU";"%";2040;"0";"Sensitivity | Current Policies | Urban depot-only charging";"Hydrogen"
"OPEX";"Taxes";"FR";"Tax reduction";"Tractor-Trailer";"BAU";"%";2040;"0";"Sensitivity | Current Policies | Urban depot-only charging";"Hydrogen"
"OPEX";"Taxes";"IT";"Tax reduction";"Rigid";"BAU";"%";2040;"0";"Sensitivity | Current Policies | Urban depot-only charging";"Hydrogen"
"OPEX";"Taxes";"IT";"Tax reduction";"Tractor-Trailer";"BAU";"%";2040;"0";"Sensitivity | Current Policies | Urban depot-only charging";"Hydrogen"
"OPEX";"Taxes";"NL";"Tax reduction";"Rigid";"BAU";"%";2040;"0";"Sensitivity | Current Policies | Urban depot-only charging";"Hydrogen"
"OPEX";"Taxes";"NL";"Tax reduction";"Tractor-Trailer";"BAU";"%";2040;"0";"Sensitivity | Current Policies | Urban depot-only charging";"Hydrogen"
"OPEX";"Taxes";"PL";"Tax reduction";"Rigid";"BAU";"%";2040;"0";"Sensitivity | Current Policies | Urban depot-only charging";"Hydrogen"
"OPEX";"Taxes";"PL";"Tax reduction";"Tractor-Trailer";"BAU";"%";2040;"0";"Sensitivity | Current Policies | Urban depot-only charging";"Hydrogen"
"OPEX";"Taxes";"UK";"Tax reduction";"Rigid";"BAU";"%";2040;"0";"Sensitivity | Current Policies | Urban depot-only charging";"Hydrogen"
"OPEX";"Taxes";"UK";"Tax reduction";"Tractor-Trailer";"BAU";"%";2040;"0";"Sensitivity | Current Policies | Urban depot-only charging";"Hydrogen"
"OPEX";"Taxes";"DE";"Increasing grid fees";"Rigid";"PROG";"%";2040;"0.2";"Sensitivity | Current Policies | Urban depot-only charging";"Electricity"
"OPEX";"Taxes";"DE";"Increasing grid fees";"Tractor-Trailer";"PROG";"%";2040;"0.2";"Sensitivity | Current Policies | Urban depot-only charging";"Electricity"
"OPEX";"Taxes";"ES";"Increasing grid fees";"Rigid";"PROG";"%";2040;"0.2";"Sensitivity | Current Policies | Urban depot-only charging";"Electricity"
"OPEX";"Taxes";"ES";"Increasing grid fees";"Tractor-Trailer";"PROG";"%";2040;"0.2";"Sensitivity | Current Policies | Urban depot-only charging";"Electricity"
"OPEX";"Taxes";"FR";"Increasing grid fees";"Rigid";"PROG";"%";2040;"0.2";"Sensitivity | Current Policies | Urban depot-only charging";"Electricity"
"OPEX";"Taxes";"FR";"Increasing grid fees";"Tractor-Trailer";"PROG";"%";2040;"0.2";"Sensitivity | Current Policies | Urban depot-only charging";"Electricity"
"OPEX";"Taxes";"IT";"Increasing grid fees";"Rigid";"PROG";"%";2040;"0.2";"Sensitivity | Current Policies | Urban depot-only charging";"Electricity"
"OPEX";"Taxes";"IT";"Increasing grid fees";"Tractor-Trailer";"PROG";"%";2040;"0.2";"Sensitivity | Current Policies | Urban depot-only charging";"Electricity"
"OPEX";"Taxes";"NL";"Increasing grid fees";"Rigid";"PROG";"%";2040;"0.2";"Sensitivity | Current Policies | Urban depot-only charging";"Electricity"
"OPEX";"Taxes";"NL";"Increasing grid fees";"Tractor-Trailer";"PROG";"%";2040;"0.2";"Sensitivity | Current Policies | Urban depot-only charging";"Electricity"
"OPEX";"Taxes";"PL";"Increasing grid fees";"Rigid";"PROG";"%";2040;"0.2";"Sensitivity | Current Policies | Urban depot-only charging";"Electricity"
"OPEX";"Taxes";"PL";"Increasing grid fees";"Tractor-Trailer";"PROG";"%";2040;"0.2";"Sensitivity | Current Policies | Urban depot-only charging";"Electricity"
"OPEX";"Taxes";"UK";"Increasing grid fees";"Rigid";"PROG";"%";2040;"0.2";"Sensitivity | Current Policies | Urban depot-only charging";"Electricity"
"OPEX";"Taxes";"UK";"Increasing grid fees";"Tractor-Trailer";"PROG";"%";2040;"0.2";"Sensitivity | Current Policies | Urban depot-only charging";"Electricity"
"OPEX";"Taxes";"DE";"Increasing grid fees";"Rigid";"BAU";"%";2040;"0.333";"Sensitivity | Current Policies | Urban depot-only charging";"Electricity"
"OPEX";"Taxes";"DE";"Increasing grid fees";"Tractor-Trailer";"BAU";"%";2040;"0.333";"Sensitivity | Current Policies | Urban depot-only charging";"Electricity"
"OPEX";"Taxes";"ES";"Increasing grid fees";"Rigid";"BAU";"%";2040;"0.333";"Sensitivity | Current Policies | Urban depot-only charging";"Electricity"
"OPEX";"Taxes";"ES";"Increasing grid fees";"Tractor-Trailer";"BAU";"%";2040;"0.333";"Sensitivity | Current Policies | Urban depot-only charging";"Electricity"
"OPEX";"Taxes";"FR";"Increasing grid fees";"Rigid";"BAU";"%";2040;"0.333";"Sensitivity | Current Policies | Urban depot-only charging";"Electricity"
"OPEX";"Taxes";"FR";"Increasing grid fees";"Tractor-Trailer";"BAU";"%";2040;"0.333";"Sensitivity | Current Policies | Urban depot-only charging";"Electricity"
"OPEX";"Taxes";"IT";"Increasing grid fees";"Rigid";"BAU";"%";2040;"0.333";"Sensitivity | Current Policies | Urban depot-only charging";"Electricity"
"OPEX";"Taxes";"IT";"Increasing grid fees";"Tractor-Trailer";"BAU";"%";2040;"0.333";"Sensitivity | Current Policies | Urban depot-only charging";"Electricity"
"OPEX";"Taxes";"NL";"Increasing grid fees";"Rigid";"BAU";"%";2040;"0.333";"Sensitivity | Current Policies | Urban depot-only charging";"Electricity"
"OPEX";"Taxes";"NL";"Increasing grid fees";"Tractor-Trailer";"BAU";"%";2040;"0.333";"Sensitivity | Current Policies | Urban depot-only charging";"Electricity"
"OPEX";"Taxes";"PL";"Increasing grid fees";"Rigid";"BAU";"%";2040;"0.333";"Sensitivity | Current Policies | Urban depot-only charging";"Electricity"
"OPEX";"Taxes";"PL";"Increasing grid fees";"Tractor-Trailer";"BAU";"%";2040;"0.333";"Sensitivity | Current Policies | Urban depot-only charging";"Electricity"
"OPEX";"Taxes";"UK";"Increasing grid fees";"Rigid";"BAU";"%";2040;"0.333";"Sensitivity | Current Policies | Urban depot-only charging";"Electricity"
"OPEX";"Taxes";"UK";"Increasing grid fees";"Tractor-Trailer";"BAU";"%";2040;"0.333";"Sensitivity | Current Policies | Urban depot-only charging";"Electricity"
"OPEX";"Taxes";"DE";"Network Costs - MCS";"Rigid";"PROG";"EUR/kWh";2045;"0.026";"Sensitivity | Current Policies | Urban depot-only charging";"Electricity"
"OPEX";"Taxes";"DE";"Network Costs - MCS";"Tractor-Trailer";"PROG";"EUR/kWh";2045;"0.026";"Sensitivity | Current Policies | Urban depot-only charging";"Electricity"
"OPEX";"Taxes";"ES";"Network Costs - MCS";"Rigid";"PROG";"EUR/kWh";2045;"0.009";"Sensitivity | Current Policies | Urban depot-only charging";"Electricity"
"OPEX";"Taxes";"ES";"Network Costs - MCS";"Tractor-Trailer";"PROG";"EUR/kWh";2045;"0.009";"Sensitivity | Current Policies | Urban depot-only charging";"Electricity"
"OPEX";"Taxes";"FR";"Network Costs - MCS";"Rigid";"PROG";"EUR/kWh";2045;"0.014";"Sensitivity | Current Policies | Urban depot-only charging";"Electricity"
"OPEX";"Taxes";"FR";"Network Costs - MCS";"Tractor-Trailer";"PROG";"EUR/kWh";2045;"0.014";"Sensitivity | Current Policies | Urban depot-only charging";"Electricity"
"OPEX";"Taxes";"IT";"Network Costs - MCS";"Rigid";"PROG";"EUR/kWh";2045;"0.012";"Sensitivity | Current Policies | Urban depot-only charging";"Electricity"
"OPEX";"Taxes";"IT";"Network Costs - MCS";"Tractor-Trailer";"PROG";"EUR/kWh";2045;"0.012";"Sensitivity | Current Policies | Urban depot-only charging";"Electricity"
"OPEX";"Taxes";"NL";"Network Costs - MCS";"Rigid";"PROG";"EUR/kWh";2045;"0.015";"Sensitivity | Current Policies | Urban depot-only charging";"Electricity"
"OPEX";"Taxes";"NL";"Network Costs - MCS";"Tractor-Trailer";"PROG";"EUR/kWh";2045;"0.015";"Sensitivity | Current Policies | Urban depot-only charging";"Electricity"
"OPEX";"Taxes";"PL";"Network Costs - MCS";"Rigid";"PROG";"EUR/kWh";2045;"0.014";"Sensitivity | Current Policies | Urban depot-only charging";"Electricity"
"OPEX";"Taxes";"PL";"Network Costs - MCS";"Tractor-Trailer";"PROG";"EUR/kWh";2045;"0.014";"Sensitivity | Current Policies | Urban depot-only charging";"Electricity"
"OPEX";"Taxes";"UK";"Network Costs - MCS";"Rigid";"PROG";"EUR/kWh";2045;"0.018";"Sensitivity | Current Policies | Urban depot-only charging";"Electricity"
"OPEX";"Taxes";"UK";"Network Costs - MCS";"Tractor-Trailer";"PROG";"EUR/kWh";2045;"0.018";"Sensitivity | Current Policies | Urban depot-only charging";"Electricity"
"OPEX";"Taxes";"DE";"Taxes, Fees, Levies and charges - MCS";"Rigid";"PROG";"EUR/kWh";2045;"0.051";"Sensitivity | Current Policies | Urban depot-only charging";"Electricity"
"OPEX";"Taxes";"DE";"Taxes, Fees, Levies and charges - MCS";"Tractor-Trailer";"PROG";"EUR/kWh";2045;"0.051";"Sensitivity | Current Policies | Urban depot-only charging";"Electricity"
"OPEX";"Taxes";"ES";"Taxes, Fees, Levies and charges - MCS";"Rigid";"PROG";"EUR/kWh";2045;"0.026";"Sensitivity | Current Policies | Urban depot-only charging";"Electricity"
"OPEX";"Taxes";"ES";"Taxes, Fees, Levies and charges - MCS";"Tractor-Trailer";"PROG";"EUR/kWh";2045;"0.026";"Sensitivity | Current Policies | Urban depot-only charging";"Electricity"
"OPEX";"Taxes";"FR";"Taxes, Fees, Levies and charges - MCS";"Rigid";"PROG";"EUR/kWh";2045;"0.022";"Sensitivity | Current Policies | Urban depot-only charging";"Electricity"
"OPEX";"Taxes";"FR";"Taxes, Fees, Levies and charges - MCS";"Tractor-Trailer";"PROG";"EUR/kWh";2045;"0.022";"Sensitivity | Current Policies | Urban depot-only charging";"Electricity"
"OPEX";"Taxes";"IT";"Taxes, Fees, Levies and charges - MCS";"Rigid";"PROG";"EUR/kWh";2045;"0.034";"Sensitivity | Current Policies | Urban depot-only charging";"Electricity"
"OPEX";"Taxes";"IT";"Taxes, Fees, Levies and charges - MCS";"Tractor-Trailer";"PROG";"EUR/kWh";2045;"0.034";"Sensitivity | Current Policies | Urban depot-only charging";"Electricity"
"OPEX";"Taxes";"NL";"Taxes, Fees, Levies and charges - MCS";"Rigid";"PROG";"EUR/kWh";2045;"0.023";"Sensitivity | Current Policies | Urban depot-only charging";"Electricity"
"OPEX";"Taxes";"NL";"Taxes, Fees, Levies and charges - MCS";"Tractor-Trailer";"PROG";"EUR/kWh";2045;"0.023";"Sensitivity | Current Policies | Urban depot-only charging";"Electricity"
"OPEX";"Taxes";"PL";"Taxes, Fees, Levies and charges - MCS";"Rigid";"PROG";"EUR/kWh";2045;"0.045";"Sensitivity | Current Policies | Urban depot-only charging";"Electricity"
"OPEX";"Taxes";"PL";"Taxes, Fees, Levies and charges - MCS";"Tractor-Trailer";"PROG";"EUR/kWh";2045;"0.045";"Sensitivity | Current Policies | Urban depot-only charging";"Electricity"
"OPEX";"Taxes";"UK";"Taxes, Fees, Levies and charges - MCS";"Rigid";"PROG";"EUR/kWh";2045;"0.074";"Sensitivity | Current Policies | Urban depot-only charging";"Electricity"
"OPEX";"Taxes";"UK";"Taxes, Fees, Levies and charges - MCS";"Tractor-Trailer";"PROG";"EUR/kWh";2045;"0.074";"Sensitivity | Current Policies | Urban depot-only charging";"Electricity"
"OPEX";"Taxes";"DE";"Network Costs - Depot";"Rigid";"PROG";"EUR/kWh";2045;"0.034";"Sensitivity | Current Policies | Urban depot-only charging";"Electricity"
"OPEX";"Taxes";"DE";"Network Costs - Depot";"Tractor-Trailer";"PROG";"EUR/kWh";2045;"0.034";"Sensitivity | Current Policies | Urban depot-only charging";"Electricity"
"OPEX";"Taxes";"ES";"Network Costs - Depot";"Rigid";"PROG";"EUR/kWh";2045;"0.018";"Sensitivity | Current Policies | Urban depot-only charging";"Electricity"
"OPEX";"Taxes";"ES";"Network Costs - Depot";"Tractor-Trailer";"PROG";"EUR/kWh";2045;"0.018";"Sensitivity | Current Policies | Urban depot-only charging";"Electricity"
"OPEX";"Taxes";"FR";"Network Costs - Depot";"Rigid";"PROG";"EUR/kWh";2045;"0.018";"Sensitivity | Current Policies | Urban depot-only charging";"Electricity"
"OPEX";"Taxes";"FR";"Network Costs - Depot";"Tractor-Trailer";"PROG";"EUR/kWh";2045;"0.018";"Sensitivity | Current Policies | Urban depot-only charging";"Electricity"
"OPEX";"Taxes";"IT";"Network Costs - Depot";"Rigid";"PROG";"EUR/kWh";2045;"0.016";"Sensitivity | Current Policies | Urban depot-only charging";"Electricity"
"OPEX";"Taxes";"IT";"Network Costs - Depot";"Tractor-Trailer";"PROG";"EUR/kWh";2045;"0.016";"Sensitivity | Current Policies | Urban depot-only charging";"Electricity"
"OPEX";"Taxes";"NL";"Network Costs - Depot";"Rigid";"PROG";"EUR/kWh";2045;"0.016";"Sensitivity | Current Policies | Urban depot-only charging";"Electricity"
"OPEX";"Taxes";"NL";"Network Costs - Depot";"Tractor-Trailer";"PROG";"EUR/kWh";2045;"0.016";"Sensitivity | Current Policies | Urban depot-only charging";"Electricity"
"OPEX";"Taxes";"PL";"Network Costs - Depot";"Rigid";"PROG";"EUR/kWh";2045;"0.019";"Sensitivity | Current Policies | Urban depot-only charging";"Electricity"
"OPEX";"Taxes";"PL";"Network Costs - Depot";"Tractor-Trailer";"PROG";"EUR/kWh";2045;"0.019";"Sensitivity | Current Policies | Urban depot-only charging";"Electricity"
"OPEX";"Taxes";"UK";"Network Costs - Depot";"Rigid";"PROG";"EUR/kWh";2045;"0.027";"Sensitivity | Current Policies | Urban depot-only charging";"Electricity"
"OPEX";"Taxes";"UK";"Network Costs - Depot";"Tractor-Trailer";"PROG";"EUR/kWh";2045;"0.027";"Sensitivity | Current Policies | Urban depot-only charging";"Electricity"
"OPEX";"Taxes";"DE";"Taxes, Fees, Levies and charges - Depot";"Rigid";"PROG";"EUR/kWh";2045;"0.056";"Sensitivity | Current Policies | Urban depot-only charging";"Electricity"
"OPEX";"Taxes";"DE";"Taxes, Fees, Levies and charges - Depot";"Tractor-Trailer";"PROG";"EUR/kWh";2045;"0.056";"Sensitivity | Current Policies | Urban depot-only charging";"Electricity"
"OPEX";"Taxes";"ES";"Taxes, Fees, Levies and charges - Depot";"Rigid";"PROG";"EUR/kWh";2045;"0.036";"Sensitivity | Current Policies | Urban depot-only charging";"Electricity"
"OPEX";"Taxes";"ES";"Taxes, Fees, Levies and charges - Depot";"Tractor-Trailer";"PROG";"EUR/kWh";2045;"0.036";"Sensitivity | Current Policies | Urban depot-only charging";"Electricity"
"OPEX";"Taxes";"FR";"Taxes, Fees, Levies and charges - Depot";"Rigid";"PROG";"EUR/kWh";2045;"0.03";"Sensitivity | Current Policies | Urban depot-only charging";"Electricity"
"OPEX";"Taxes";"FR";"Taxes, Fees, Levies and charges - Depot";"Tractor-Trailer";"PROG";"EUR/kWh";2045;"0.03";"Sensitivity | Current Policies | Urban depot-only charging";"Electricity"
"OPEX";"Taxes";"IT";"Taxes, Fees, Levies and charges - Depot";"Rigid";"PROG";"EUR/kWh";2045;"0.063";"Sensitivity | Current Policies | Urban depot-only charging";"Electricity"
"OPEX";"Taxes";"IT";"Taxes, Fees, Levies and charges - Depot";"Tractor-Trailer";"PROG";"EUR/kWh";2045;"0.063";"Sensitivity | Current Policies | Urban depot-only charging";"Electricity"
"OPEX";"Taxes";"NL";"Taxes, Fees, Levies and charges - Depot";"Rigid";"PROG";"EUR/kWh";2045;"0.055";"Sensitivity | Current Policies | Urban depot-only charging";"Electricity"
"OPEX";"Taxes";"NL";"Taxes, Fees, Levies and charges - Depot";"Tractor-Trailer";"PROG";"EUR/kWh";2045;"0.055";"Sensitivity | Current Policies | Urban depot-only charging";"Electricity"
"OPEX";"Taxes";"PL";"Taxes, Fees, Levies and charges - Depot";"Rigid";"PROG";"EUR/kWh";2045;"0.049";"Sensitivity | Current Policies | Urban depot-only charging";"Electricity"
"OPEX";"Taxes";"PL";"Taxes, Fees, Levies and charges - Depot";"Tractor-Trailer";"PROG";"EUR/kWh";2045;"0.049";"Sensitivity | Current Policies | Urban depot-only charging";"Electricity"
"OPEX";"Taxes";"UK";"Taxes, Fees, Levies and charges - Depot";"Rigid";"PROG";"EUR/kWh";2045;"0.077";"Sensitivity | Current Policies | Urban depot-only charging";"Electricity"
"OPEX";"Taxes";"UK";"Taxes, Fees, Levies and charges - Depot";"Tractor-Trailer";"PROG";"EUR/kWh";2045;"0.077";"Sensitivity | Current Policies | Urban depot-only charging";"Electricity"
"OPEX";"H2 Infrastructure";"DE";"HRS costs";"Rigid";"PROG";"EUR/kg H2";2045;"0.65";"Sensitivity | Current Policies | Urban depot-only charging";"Hydrogen"
"OPEX";"H2 Infrastructure";"DE";"HRS costs";"Tractor-Trailer";"PROG";"EUR/kg H2";2045;"0.65";"Sensitivity | Current Policies | Urban depot-only charging";"Hydrogen"
"OPEX";"H2 Infrastructure";"ES";"HRS costs";"Rigid";"PROG";"EUR/kg H2";2045;"0.65";"Sensitivity | Current Policies | Urban depot-only charging";"Hydrogen"
"OPEX";"H2 Infrastructure";"ES";"HRS costs";"Tractor-Trailer";"PROG";"EUR/kg H2";2045;"0.65";"Sensitivity | Current Policies | Urban depot-only charging";"Hydrogen"
"OPEX";"H2 Infrastructure";"FR";"HRS costs";"Rigid";"PROG";"EUR/kg H2";2045;"0.65";"Sensitivity | Current Policies | Urban depot-only charging";"Hydrogen"
"OPEX";"H2 Infrastructure";"FR";"HRS costs";"Tractor-Trailer";"PROG";"EUR/kg H2";2045;"0.65";"Sensitivity | Current Policies | Urban depot-only charging";"Hydrogen"
"OPEX";"H2 Infrastructure";"IT";"HRS costs";"Rigid";"PROG";"EUR/kg H2";2045;"0.65";"Sensitivity | Current Policies | Urban depot-only charging";"Hydrogen"
"OPEX";"H2 Infrastructure";"IT";"HRS costs";"Tractor-Trailer";"PROG";"EUR/kg H2";2045;"0.65";"Sensitivity | Current Policies | Urban depot-only charging";"Hydrogen"
"OPEX";"H2 Infrastructure";"NL";"HRS costs";"Rigid";"PROG";"EUR/kg H2";2045;"0.65";"Sensitivity | Current Policies | Urban depot-only charging";"Hydrogen"
"OPEX";"H2 Infrastructure";"NL";"HRS costs";"Tractor-Trailer";"PROG";"EUR/kg H2";2045;"0.65";"Sensitivity | Current Policies | Urban depot-only charging";"Hydrogen"
"OPEX";"H2 Infrastructure";"PL";"HRS costs";"Rigid";"PROG";"EUR/kg H2";2045;"0.65";"Sensitivity | Current Policies | Urban depot-only charging";"Hydrogen"
"OPEX";"H2 Infrastructure";"PL";"HRS costs";"Tractor-Trailer";"PROG";"EUR/kg H2";2045;"0.65";"Sensitivity | Current Policies | Urban depot-only charging";"Hydrogen"
"OPEX";"H2 Infrastructure";"UK";"HRS costs";"Rigid";"PROG";"EUR/kg H2";2045;"0.65";"Sensitivity | Current Policies | Urban depot-only charging";"Hydrogen"
"OPEX";"H2 Infrastructure";"UK";"HRS costs";"Tractor-Trailer";"PROG";"EUR/kg H2";2045;"0.65";"Sensitivity | Current Policies | Urban depot-only charging";"Hydrogen"
"OPEX";"H2 Infrastructure";"DE";"H2 transport and distribution";"Rigid";"PROG";"EUR/kg H2";2045;"0.667";"Sensitivity | Current Policies | Urban depot-only charging";"Hydrogen"
"OPEX";"H2 Infrastructure";"DE";"H2 transport and distribution";"Tractor-Trailer";"PROG";"EUR/kg H2";2045;"0.667";"Sensitivity | Current Policies | Urban depot-only charging";"Hydrogen"
"OPEX";"H2 Infrastructure";"ES";"H2 transport and distribution";"Rigid";"PROG";"EUR/kg H2";2045;"0.667";"Sensitivity | Current Policies | Urban depot-only charging";"Hydrogen"
"OPEX";"H2 Infrastructure";"ES";"H2 transport and distribution";"Tractor-Trailer";"PROG";"EUR/kg H2";2045;"0.667";"Sensitivity | Current Policies | Urban depot-only charging";"Hydrogen"
"OPEX";"H2 Infrastructure";"FR";"H2 transport and distribution";"Rigid";"PROG";"EUR/kg H2";2045;"0.667";"Sensitivity | Current Policies | Urban depot-only charging";"Hydrogen"
"OPEX";"H2 Infrastructure";"FR";"H2 transport and distribution";"Tractor-Trailer";"PROG";"EUR/kg H2";2045;"0.667";"Sensitivity | Current Policies | Urban depot-only charging";"Hydrogen"
"OPEX";"H2 Infrastructure";"IT";"H2 transport and distribution";"Rigid";"PROG";"EUR/kg H2";2045;"0.667";"Sensitivity | Current Policies | Urban depot-only charging";"Hydrogen"
"OPEX";"H2 Infrastructure";"IT";"H2 transport and distribution";"Tractor-Trailer";"PROG";"EUR/kg H2";2045;"0.667";"Sensitivity | Current Policies | Urban depot-only charging";"Hydrogen"
"OPEX";"H2 Infrastructure";"NL";"H2 transport and distribution";"Rigid";"PROG";"EUR/kg H2";2045;"0.667";"Sensitivity | Current Policies | Urban depot-only charging";"Hydrogen"
"OPEX";"H2 Infrastructure";"NL";"H2 transport and distribution";"Tractor-Trailer";"PROG";"EUR/kg H2";2045;"0.667";"Sensitivity | Current Policies | Urban depot-only charging";"Hydrogen"
"OPEX";"H2 Infrastructure";"PL";"H2 transport and distribution";"Rigid";"PROG";"EUR/kg H2";2045;"0.667";"Sensitivity | Current Policies | Urban depot-only charging";"Hydrogen"
"OPEX";"H2 Infrastructure";"PL";"H2 transport and distribution";"Tractor-Trailer";"PROG";"EUR/kg H2";2045;"0.667";"Sensitivity | Current Policies | Urban depot-only charging";"Hydrogen"
"OPEX";"H2 Infrastructure";"UK";"H2 transport and distribution";"Rigid";"PROG";"EUR/kg H2";2045;"0.667";"Sensitivity | Current Policies | Urban depot-only charging";"Hydrogen"
"OPEX";"H2 Infrastructure";"UK";"H2 transport and distribution";"Tractor-Trailer";"PROG";"EUR/kg H2";2045;"0.667";"Sensitivity | Current Policies | Urban depot-only charging";"Hydrogen"
"OPEX";"H2 Infrastructure";"DE";"HRS Overhead, Profit and Mark-Up";"Rigid";"PROG";"EUR/kg H2";2045;"0.25";"Sensitivity | Current Policies | Urban depot-only charging";"Hydrogen"
"OPEX";"H2 Infrastructure";"DE";"HRS Overhead, Profit and Mark-Up";"Tractor-Trailer";"PROG";"EUR/kg H2";2045;"0.25";"Sensitivity | Current Policies | Urban depot-only charging";"Hydrogen"
"OPEX";"H2 Infrastructure";"ES";"HRS Overhead, Profit and Mark-Up";"Rigid";"PROG";"EUR/kg H2";2045;"0.25";"Sensitivity | Current Policies | Urban depot-only charging";"Hydrogen"
"OPEX";"H2 Infrastructure";"ES";"HRS Overhead, Profit and Mark-Up";"Tractor-Trailer";"PROG";"EUR/kg H2";2045;"0.25";"Sensitivity | Current Policies | Urban depot-only charging";"Hydrogen"
"OPEX";"H2 Infrastructure";"FR";"HRS Overhead, Profit and Mark-Up";"Rigid";"PROG";"EUR/kg H2";2045;"0.25";"Sensitivity | Current Policies | Urban depot-only charging";"Hydrogen"
"OPEX";"H2 Infrastructure";"FR";"HRS Overhead, Profit and Mark-Up";"Tractor-Trailer";"PROG";"EUR/kg H2";2045;"0.25";"Sensitivity | Current Policies | Urban depot-only charging";"Hydrogen"
"OPEX";"H2 Infrastructure";"IT";"HRS Overhead, Profit and Mark-Up";"Rigid";"PROG";"EUR/kg H2";2045;"0.25";"Sensitivity | Current Policies | Urban depot-only charging";"Hydrogen"
"OPEX";"H2 Infrastructure";"IT";"HRS Overhead, Profit and Mark-Up";"Tractor-Trailer";"PROG";"EUR/kg H2";2045;"0.25";"Sensitivity | Current Policies | Urban depot-only charging";"Hydrogen"
"OPEX";"H2 Infrastructure";"NL";"HRS Overhead, Profit and Mark-Up";"Rigid";"PROG";"EUR/kg H2";2045;"0.25";"Sensitivity | Current Policies | Urban depot-only charging";"Hydrogen"
"OPEX";"H2 Infrastructure";"NL";"HRS Overhead, Profit and Mark-Up";"Tractor-Trailer";"PROG";"EUR/kg H2";2045;"0.25";"Sensitivity | Current Policies | Urban depot-only charging";"Hydrogen"
"OPEX";"H2 Infrastructure";"PL";"HRS Overhead, Profit and Mark-Up";"Rigid";"PROG";"EUR/kg H2";2045;"0.25";"Sensitivity | Current Policies | Urban depot-only charging";"Hydrogen"
"OPEX";"H2 Infrastructure";"PL";"HRS Overhead, Profit and Mark-Up";"Tractor-Trailer";"PROG";"EUR/kg H2";2045;"0.25";"Sensitivity | Current Policies | Urban depot-only charging";"Hydrogen"
"OPEX";"H2 Infrastructure";"UK";"HRS Overhead, Profit and Mark-Up";"Rigid";"PROG";"EUR/kg H2";2045;"0.25";"Sensitivity | Current Policies | Urban depot-only charging";"Hydrogen"
"OPEX";"H2 Infrastructure";"UK";"HRS Overhead, Profit and Mark-Up";"Tractor-Trailer";"PROG";"EUR/kg H2";2045;"0.25";"Sensitivity | Current Policies | Urban depot-only charging";"Hydrogen"
"OPEX";"Charging Infrastructure";"DE";"MCS Station (Public Charging) - Incl. Overhead";"Rigid";"PROG";"EUR/kWh";2045;"0.015";"Sensitivity | Current Policies | Urban depot-only charging";"Electricity"
"OPEX";"Charging Infrastructure";"DE";"MCS Station (Public Charging) - Incl. Overhead";"Tractor-Trailer";"PROG";"EUR/kWh";2045;"0.015";"Sensitivity | Current Policies | Urban depot-only charging";"Electricity"
"OPEX";"Charging Infrastructure";"ES";"MCS Station (Public Charging) - Incl. Overhead";"Rigid";"PROG";"EUR/kWh";2045;"0.015";"Sensitivity | Current Policies | Urban depot-only charging";"Electricity"
"OPEX";"Charging Infrastructure";"ES";"MCS Station (Public Charging) - Incl. Overhead";"Tractor-Trailer";"PROG";"EUR/kWh";2045;"0.015";"Sensitivity | Current Policies | Urban depot-only charging";"Electricity"
"OPEX";"Charging Infrastructure";"FR";"MCS Station (Public Charging) - Incl. Overhead";"Rigid";"PROG";"EUR/kWh";2045;"0.015";"Sensitivity | Current Policies | Urban depot-only charging";"Electricity"
"OPEX";"Charging Infrastructure";"FR";"MCS Station (Public Charging) - Incl. Overhead";"Tractor-Trailer";"PROG";"EUR/kWh";2045;"0.015";"Sensitivity | Current Policies | Urban depot-only charging";"Electricity"
"OPEX";"Charging Infrastructure";"IT";"MCS Station (Public Charging) - Incl. Overhead";"Rigid";"PROG";"EUR/kWh";2045;"0.015";"Sensitivity | Current Policies | Urban depot-only charging";"Electricity"
"OPEX";"Charging Infrastructure";"IT";"MCS Station (Public Charging) - Incl. Overhead";"Tractor-Trailer";"PROG";"EUR/kWh";2045;"0.015";"Sensitivity | Current Policies | Urban depot-only charging";"Electricity"
"OPEX";"Charging Infrastructure";"NL";"MCS Station (Public Charging) - Incl. Overhead";"Rigid";"PROG";"EUR/kWh";2045;"0.015";"Sensitivity | Current Policies | Urban depot-only charging";"Electricity"
"OPEX";"Charging Infrastructure";"NL";"MCS Station (Public Charging) - Incl. Overhead";"Tractor-Trailer";"PROG";"EUR/kWh";2045;"0.015";"Sensitivity | Current Policies | Urban depot-only charging";"Electricity"
"OPEX";"Charging Infrastructure";"PL";"MCS Station (Public Charging) - Incl. Overhead";"Rigid";"PROG";"EUR/kWh";2045;"0.015";"Sensitivity | Current Policies | Urban depot-only charging";"Electricity"
"OPEX";"Charging Infrastructure";"PL";"MCS Station (Public Charging) - Incl. Overhead";"Tractor-Trailer";"PROG";"EUR/kWh";2045;"0.015";"Sensitivity | Current Policies | Urban depot-only charging";"Electricity"
"OPEX";"Charging Infrastructure";"UK";"MCS Station (Public Charging) - Incl. Overhead";"Rigid";"PROG";"EUR/kWh";2045;"0.015";"Sensitivity | Current Policies | Urban depot-only charging";"Electricity"
"OPEX";"Charging Infrastructure";"UK";"MCS Station (Public Charging) - Incl. Overhead";"Tractor-Trailer";"PROG";"EUR/kWh";2045;"0.015";"Sensitivity | Current Policies | Urban depot-only charging";"Electricity"
"OPEX";"Charging Infrastructure";"DE";"Share MCS-Charging";"Rigid";"PROG";"%";2045;"0";"Sensitivity | Current Policies | Urban depot-only charging";"Electricity"
"OPEX";"Charging Infrastructure";"DE";"Share MCS-Charging";"Tractor-Trailer";"PROG";"%";2045;"0";"Sensitivity | Current Policies | Urban depot-only charging";"Electricity"
"OPEX";"Charging Infrastructure";"ES";"Share MCS-Charging";"Rigid";"PROG";"%";2045;"0";"Sensitivity | Current Policies | Urban depot-only charging";"Electricity"
"OPEX";"Charging Infrastructure";"ES";"Share MCS-Charging";"Tractor-Trailer";"PROG";"%";2045;"0";"Sensitivity | Current Policies | Urban depot-only charging";"Electricity"
"OPEX";"Charging Infrastructure";"FR";"Share MCS-Charging";"Rigid";"PROG";"%";2045;"0";"Sensitivity | Current Policies | Urban depot-only charging";"Electricity"
"OPEX";"Charging Infrastructure";"FR";"Share MCS-Charging";"Tractor-Trailer";"PROG";"%";2045;"0";"Sensitivity | Current Policies | Urban depot-only charging";"Electricity"
"OPEX";"Charging Infrastructure";"IT";"Share MCS-Charging";"Rigid";"PROG";"%";2045;"0";"Sensitivity | Current Policies | Urban depot-only charging";"Electricity"
"OPEX";"Charging Infrastructure";"IT";"Share MCS-Charging";"Tractor-Trailer";"PROG";"%";2045;"0";"Sensitivity | Current Policies | Urban depot-only charging";"Electricity"
"OPEX";"Charging Infrastructure";"NL";"Share MCS-Charging";"Rigid";"PROG";"%";2045;"0";"Sensitivity | Current Policies | Urban depot-only charging";"Electricity"
"OPEX";"Charging Infrastructure";"NL";"Share MCS-Charging";"Tractor-Trailer";"PROG";"%";2045;"0";"Sensitivity | Current Policies | Urban depot-only charging";"Electricity"
"OPEX";"Charging Infrastructure";"PL";"Share MCS-Charging";"Rigid";"PROG";"%";2045;"0";"Sensitivity | Current Policies | Urban depot-only charging";"Electricity"
"OPEX";"Charging Infrastructure";"PL";"Share MCS-Charging";"Tractor-Trailer";"PROG";"%";2045;"0";"Sensitivity | Current Policies | Urban depot-only charging";"Electricity"
"OPEX";"Charging Infrastructure";"UK";"Share MCS-Charging";"Rigid";"PROG";"%";2045;"0";"Sensitivity | Current Policies | Urban depot-only charging";"Electricity"
"OPEX";"Charging Infrastructure";"UK";"Share MCS-Charging";"Tractor-Trailer";"PROG";"%";2045;"0";"Sensitivity | Current Policies | Urban depot-only charging";"Electricity"
"OPEX";"Charging Infrastructure";"DE";"Depot - Network fees savings potential";"Rigid";"PROG";"EUR/kWh";2045;"-0.01";"Sensitivity | Current Policies | Urban depot-only charging";"Electricity"
"OPEX";"Charging Infrastructure";"DE";"Depot - Network fees savings potential";"Tractor-Trailer";"PROG";"EUR/kWh";2045;"-0.01";"Sensitivity | Current Policies | Urban depot-only charging";"Electricity"
"OPEX";"Charging Infrastructure";"ES";"Depot - Network fees savings potential";"Rigid";"PROG";"EUR/kWh";2045;"-0.01";"Sensitivity | Current Policies | Urban depot-only charging";"Electricity"
"OPEX";"Charging Infrastructure";"ES";"Depot - Network fees savings potential";"Tractor-Trailer";"PROG";"EUR/kWh";2045;"-0.01";"Sensitivity | Current Policies | Urban depot-only charging";"Electricity"
"OPEX";"Charging Infrastructure";"FR";"Depot - Network fees savings potential";"Rigid";"PROG";"EUR/kWh";2045;"-0.01";"Sensitivity | Current Policies | Urban depot-only charging";"Electricity"
"OPEX";"Charging Infrastructure";"FR";"Depot - Network fees savings potential";"Tractor-Trailer";"PROG";"EUR/kWh";2045;"-0.01";"Sensitivity | Current Policies | Urban depot-only charging";"Electricity"
"OPEX";"Charging Infrastructure";"IT";"Depot - Network fees savings potential";"Rigid";"PROG";"EUR/kWh";2045;"-0.01";"Sensitivity | Current Policies | Urban depot-only charging";"Electricity"
"OPEX";"Charging Infrastructure";"IT";"Depot - Network fees savings potential";"Tractor-Trailer";"PROG";"EUR/kWh";2045;"-0.01";"Sensitivity | Current Policies | Urban depot-only charging";"Electricity"
"OPEX";"Charging Infrastructure";"NL";"Depot - Network fees savings potential";"Rigid";"PROG";"EUR/kWh";2045;"-0.01";"Sensitivity | Current Policies | Urban depot-only charging";"Electricity"
"OPEX";"Charging Infrastructure";"NL";"Depot - Network fees savings potential";"Tractor-Trailer";"PROG";"EUR/kWh";2045;"-0.01";"Sensitivity | Current Policies | Urban depot-only charging";"Electricity"
"OPEX";"Charging Infrastructure";"PL";"Depot - Network fees savings potential";"Rigid";"PROG";"EUR/kWh";2045;"-0.01";"Sensitivity | Current Policies | Urban depot-only charging";"Electricity"
"OPEX";"Charging Infrastructure";"PL";"Depot - Network fees savings potential";"Tractor-Trailer";"PROG";"EUR/kWh";2045;"-0.01";"Sensitivity | Current Policies | Urban depot-only charging";"Electricity"
"OPEX";"Charging Infrastructure";"UK";"Depot - Network fees savings potential";"Rigid";"PROG";"EUR/kWh";2045;"-0.01";"Sensitivity | Current Policies | Urban depot-only charging";"Electricity"
"OPEX";"Charging Infrastructure";"UK";"Depot - Network fees savings potential";"Tractor-Trailer";"PROG";"EUR/kWh";2045;"-0.01";"Sensitivity | Current Policies | Urban depot-only charging";"Electricity"
"OPEX";"Taxes";"DE";"Tax reduction";"Rigid";"PROG";"%";2045;"0";"Sensitivity | Current Policies | Urban depot-only charging";"Hydrogen"
"OPEX";"Taxes";"DE";"Tax reduction";"Tractor-Trailer";"PROG";"%";2045;"0";"Sensitivity | Current Policies | Urban depot-only charging";"Hydrogen"
"OPEX";"Taxes";"ES";"Tax reduction";"Rigid";"PROG";"%";2045;"0";"Sensitivity | Current Policies | Urban depot-only charging";"Hydrogen"
"OPEX";"Taxes";"ES";"Tax reduction";"Tractor-Trailer";"PROG";"%";2045;"0";"Sensitivity | Current Policies | Urban depot-only charging";"Hydrogen"
"OPEX";"Taxes";"FR";"Tax reduction";"Rigid";"PROG";"%";2045;"0";"Sensitivity | Current Policies | Urban depot-only charging";"Hydrogen"
"OPEX";"Taxes";"FR";"Tax reduction";"Tractor-Trailer";"PROG";"%";2045;"0";"Sensitivity | Current Policies | Urban depot-only charging";"Hydrogen"
"OPEX";"Taxes";"IT";"Tax reduction";"Rigid";"PROG";"%";2045;"0";"Sensitivity | Current Policies | Urban depot-only charging";"Hydrogen"
"OPEX";"Taxes";"IT";"Tax reduction";"Tractor-Trailer";"PROG";"%";2045;"0";"Sensitivity | Current Policies | Urban depot-only charging";"Hydrogen"
"OPEX";"Taxes";"NL";"Tax reduction";"Rigid";"PROG";"%";2045;"0";"Sensitivity | Current Policies | Urban depot-only charging";"Hydrogen"
"OPEX";"Taxes";"NL";"Tax reduction";"Tractor-Trailer";"PROG";"%";2045;"0";"Sensitivity | Current Policies | Urban depot-only charging";"Hydrogen"
"OPEX";"Taxes";"PL";"Tax reduction";"Rigid";"PROG";"%";2045;"0";"Sensitivity | Current Policies | Urban depot-only charging";"Hydrogen"
"OPEX";"Taxes";"PL";"Tax reduction";"Tractor-Trailer";"PROG";"%";2045;"0";"Sensitivity | Current Policies | Urban depot-only charging";"Hydrogen"
"OPEX";"Taxes";"UK";"Tax reduction";"Rigid";"PROG";"%";2045;"0";"Sensitivity | Current Policies | Urban depot-only charging";"Hydrogen"
"OPEX";"Taxes";"UK";"Tax reduction";"Tractor-Trailer";"PROG";"%";2045;"0";"Sensitivity | Current Policies | Urban depot-only charging";"Hydrogen"
"OPEX";"Taxes";"DE";"Excise Duty - Diesel";"Rigid";"BAU";"EUR/kWh";2045;"0.047";"Sensitivity | Current Policies | Urban depot-only charging";"Diesel"
"OPEX";"Taxes";"DE";"Excise Duty - Diesel";"Tractor-Trailer";"BAU";"EUR/kWh";2045;"0.047";"Sensitivity | Current Policies | Urban depot-only charging";"Diesel"
"OPEX";"Taxes";"DE";"Excise Duty - Diesel";"Rigid";"PROG";"EUR/kWh";2045;"0.047";"Sensitivity | Current Policies | Urban depot-only charging";"Diesel"
"OPEX";"Taxes";"DE";"Excise Duty - Diesel";"Tractor-Trailer";"PROG";"EUR/kWh";2045;"0.047";"Sensitivity | Current Policies | Urban depot-only charging";"Diesel"
"OPEX";"Taxes";"ES";"Excise Duty - Diesel";"Rigid";"BAU";"EUR/kWh";2045;"0.038";"Sensitivity | Current Policies | Urban depot-only charging";"Diesel"
"OPEX";"Taxes";"ES";"Excise Duty - Diesel";"Tractor-Trailer";"BAU";"EUR/kWh";2045;"0.038";"Sensitivity | Current Policies | Urban depot-only charging";"Diesel"
"OPEX";"Taxes";"ES";"Excise Duty - Diesel";"Rigid";"PROG";"EUR/kWh";2045;"0.038";"Sensitivity | Current Policies | Urban depot-only charging";"Diesel"
"OPEX";"Taxes";"ES";"Excise Duty - Diesel";"Tractor-Trailer";"PROG";"EUR/kWh";2045;"0.038";"Sensitivity | Current Policies | Urban depot-only charging";"Diesel"
"OPEX";"Taxes";"FR";"Excise Duty - Diesel";"Rigid";"BAU";"EUR/kWh";2045;"0.06";"Sensitivity | Current Policies | Urban depot-only charging";"Diesel"
"OPEX";"Taxes";"FR";"Excise Duty - Diesel";"Tractor-Trailer";"BAU";"EUR/kWh";2045;"0.06";"Sensitivity | Current Policies | Urban depot-only charging";"Diesel"
"OPEX";"Taxes";"FR";"Excise Duty - Diesel";"Rigid";"PROG";"EUR/kWh";2045;"0.06";"Sensitivity | Current Policies | Urban depot-only charging";"Diesel"
"OPEX";"Taxes";"FR";"Excise Duty - Diesel";"Tractor-Trailer";"PROG";"EUR/kWh";2045;"0.06";"Sensitivity | Current Policies | Urban depot-only charging";"Diesel"
"OPEX";"Taxes";"IT";"Excise Duty - Diesel";"Rigid";"BAU";"EUR/kWh";2045;"0.062";"Sensitivity | Current Policies | Urban depot-only charging";"Diesel"
"OPEX";"Taxes";"IT";"Excise Duty - Diesel";"Tractor-Trailer";"BAU";"EUR/kWh";2045;"0.062";"Sensitivity | Current Policies | Urban depot-only charging";"Diesel"
"OPEX";"Taxes";"IT";"Excise Duty - Diesel";"Rigid";"PROG";"EUR/kWh";2045;"0.062";"Sensitivity | Current Policies | Urban depot-only charging";"Diesel"
"OPEX";"Taxes";"IT";"Excise Duty - Diesel";"Tractor-Trailer";"PROG";"EUR/kWh";2045;"0.062";"Sensitivity | Current Policies | Urban depot-only charging";"Diesel"
"OPEX";"Taxes";"NL";"Excise Duty - Diesel";"Rigid";"BAU";"EUR/kWh";2045;"0.053";"Sensitivity | Current Policies | Urban depot-only charging";"Diesel"
"OPEX";"Taxes";"NL";"Excise Duty - Diesel";"Tractor-Trailer";"BAU";"EUR/kWh";2045;"0.053";"Sensitivity | Current Policies | Urban depot-only charging";"Diesel"
"OPEX";"Taxes";"NL";"Excise Duty - Diesel";"Rigid";"PROG";"EUR/kWh";2045;"0.053";"Sensitivity | Current Policies | Urban depot-only charging";"Diesel"
"OPEX";"Taxes";"NL";"Excise Duty - Diesel";"Tractor-Trailer";"PROG";"EUR/kWh";2045;"0.053";"Sensitivity | Current Policies | Urban depot-only charging";"Diesel"
"OPEX";"Taxes";"PL";"Excise Duty - Diesel";"Rigid";"BAU";"EUR/kWh";2045;"0.033";"Sensitivity | Current Policies | Urban depot-only charging";"Diesel"
"OPEX";"Taxes";"PL";"Excise Duty - Diesel";"Tractor-Trailer";"BAU";"EUR/kWh";2045;"0.033";"Sensitivity | Current Policies | Urban depot-only charging";"Diesel"
"OPEX";"Taxes";"PL";"Excise Duty - Diesel";"Rigid";"PROG";"EUR/kWh";2045;"0.033";"Sensitivity | Current Policies | Urban depot-only charging";"Diesel"
"OPEX";"Taxes";"PL";"Excise Duty - Diesel";"Tractor-Trailer";"PROG";"EUR/kWh";2045;"0.033";"Sensitivity | Current Policies | Urban depot-only charging";"Diesel"
"OPEX";"Taxes";"UK";"Excise Duty - Diesel";"Rigid";"BAU";"EUR/kWh";2045;"0.053";"Sensitivity | Current Policies | Urban depot-only charging";"Diesel"
"OPEX";"Taxes";"UK";"Excise Duty - Diesel";"Tractor-Trailer";"BAU";"EUR/kWh";2045;"0.053";"Sensitivity | Current Policies | Urban depot-only charging";"Diesel"
"OPEX";"Taxes";"UK";"Excise Duty - Diesel";"Rigid";"PROG";"EUR/kWh";2045;"0.053";"Sensitivity | Current Policies | Urban depot-only charging";"Diesel"
"OPEX";"Taxes";"UK";"Excise Duty - Diesel";"Tractor-Trailer";"PROG";"EUR/kWh";2045;"0.053";"Sensitivity | Current Policies | Urban depot-only charging";"Diesel"
"OPEX";"Taxes";"DE";"Excise Duty - Reduction biodiesel";"Rigid";"BAU";"%";2045;"0.5";"Sensitivity | Current Policies | Urban depot-only charging";"Diesel"
"OPEX";"Taxes";"DE";"Excise Duty - Reduction biodiesel";"Tractor-Trailer";"BAU";"%";2045;"0.5";"Sensitivity | Current Policies | Urban depot-only charging";"Diesel"
"OPEX";"Taxes";"DE";"Excise Duty - Reduction biodiesel";"Rigid";"PROG";"%";2045;"0.5";"Sensitivity | Current Policies | Urban depot-only charging";"Diesel"
"OPEX";"Taxes";"DE";"Excise Duty - Reduction biodiesel";"Tractor-Trailer";"PROG";"%";2045;"0.5";"Sensitivity | Current Policies | Urban depot-only charging";"Diesel"
"OPEX";"Taxes";"ES";"Excise Duty - Reduction biodiesel";"Rigid";"BAU";"%";2045;"0.5";"Sensitivity | Current Policies | Urban depot-only charging";"Diesel"
"OPEX";"Taxes";"ES";"Excise Duty - Reduction biodiesel";"Tractor-Trailer";"BAU";"%";2045;"0.5";"Sensitivity | Current Policies | Urban depot-only charging";"Diesel"
"OPEX";"Taxes";"ES";"Excise Duty - Reduction biodiesel";"Rigid";"PROG";"%";2045;"0.5";"Sensitivity | Current Policies | Urban depot-only charging";"Diesel"
"OPEX";"Taxes";"ES";"Excise Duty - Reduction biodiesel";"Tractor-Trailer";"PROG";"%";2045;"0.5";"Sensitivity | Current Policies | Urban depot-only charging";"Diesel"
"OPEX";"Taxes";"FR";"Excise Duty - Reduction biodiesel";"Rigid";"BAU";"%";2045;"0.5";"Sensitivity | Current Policies | Urban depot-only charging";"Diesel"
"OPEX";"Taxes";"FR";"Excise Duty - Reduction biodiesel";"Tractor-Trailer";"BAU";"%";2045;"0.5";"Sensitivity | Current Policies | Urban depot-only charging";"Diesel"
"OPEX";"Taxes";"FR";"Excise Duty - Reduction biodiesel";"Rigid";"PROG";"%";2045;"0.5";"Sensitivity | Current Policies | Urban depot-only charging";"Diesel"
"OPEX";"Taxes";"FR";"Excise Duty - Reduction biodiesel";"Tractor-Trailer";"PROG";"%";2045;"0.5";"Sensitivity | Current Policies | Urban depot-only charging";"Diesel"
"OPEX";"Taxes";"IT";"Excise Duty - Reduction biodiesel";"Rigid";"BAU";"%";2045;"0.5";"Sensitivity | Current Policies | Urban depot-only charging";"Diesel"
"OPEX";"Taxes";"IT";"Excise Duty - Reduction biodiesel";"Tractor-Trailer";"BAU";"%";2045;"0.5";"Sensitivity | Current Policies | Urban depot-only charging";"Diesel"
"OPEX";"Taxes";"IT";"Excise Duty - Reduction biodiesel";"Rigid";"PROG";"%";2045;"0.5";"Sensitivity | Current Policies | Urban depot-only charging";"Diesel"
"OPEX";"Taxes";"IT";"Excise Duty - Reduction biodiesel";"Tractor-Trailer";"PROG";"%";2045;"0.5";"Sensitivity | Current Policies | Urban depot-only charging";"Diesel"
"OPEX";"Taxes";"NL";"Excise Duty - Reduction biodiesel";"Rigid";"BAU";"%";2045;"0.5";"Sensitivity | Current Policies | Urban depot-only charging";"Diesel"
"OPEX";"Taxes";"NL";"Excise Duty - Reduction biodiesel";"Tractor-Trailer";"BAU";"%";2045;"0.5";"Sensitivity | Current Policies | Urban depot-only charging";"Diesel"
"OPEX";"Taxes";"NL";"Excise Duty - Reduction biodiesel";"Rigid";"PROG";"%";2045;"0.5";"Sensitivity | Current Policies | Urban depot-only charging";"Diesel"
"OPEX";"Taxes";"NL";"Excise Duty - Reduction biodiesel";"Tractor-Trailer";"PROG";"%";2045;"0.5";"Sensitivity | Current Policies | Urban depot-only charging";"Diesel"
"OPEX";"Taxes";"PL";"Excise Duty - Reduction biodiesel";"Rigid";"BAU";"%";2045;"0.5";"Sensitivity | Current Policies | Urban depot-only charging";"Diesel"
"OPEX";"Taxes";"PL";"Excise Duty - Reduction biodiesel";"Tractor-Trailer";"BAU";"%";2045;"0.5";"Sensitivity | Current Policies | Urban depot-only charging";"Diesel"
"OPEX";"Taxes";"PL";"Excise Duty - Reduction biodiesel";"Rigid";"PROG";"%";2045;"0.5";"Sensitivity | Current Policies | Urban depot-only charging";"Diesel"
"OPEX";"Taxes";"PL";"Excise Duty - Reduction biodiesel";"Tractor-Trailer";"PROG";"%";2045;"0.5";"Sensitivity | Current Policies | Urban depot-only charging";"Diesel"
"OPEX";"Taxes";"UK";"Excise Duty - Reduction biodiesel";"Rigid";"BAU";"%";2045;"0.5";"Sensitivity | Current Policies | Urban depot-only charging";"Diesel"
"OPEX";"Taxes";"UK";"Excise Duty - Reduction biodiesel";"Tractor-Trailer";"BAU";"%";2045;"0.5";"Sensitivity | Current Policies | Urban depot-only charging";"Diesel"
"OPEX";"Taxes";"UK";"Excise Duty - Reduction biodiesel";"Rigid";"PROG";"%";2045;"0.5";"Sensitivity | Current Policies | Urban depot-only charging";"Diesel"
"OPEX";"Taxes";"UK";"Excise Duty - Reduction biodiesel";"Tractor-Trailer";"PROG";"%";2045;"0.5";"Sensitivity | Current Policies | Urban depot-only charging";"Diesel"
"OPEX";"Taxes";"DE";"Excise Duty - Reduction Synthetic Diesel (E-Fuels)";"Rigid";"BAU";"%";2045;"0.5";"Sensitivity | Current Policies | Urban depot-only charging";"Diesel"
"OPEX";"Taxes";"DE";"Excise Duty - Reduction Synthetic Diesel (E-Fuels)";"Tractor-Trailer";"BAU";"%";2045;"0.5";"Sensitivity | Current Policies | Urban depot-only charging";"Diesel"
"OPEX";"Taxes";"DE";"Excise Duty - Reduction Synthetic Diesel (E-Fuels)";"Rigid";"PROG";"%";2045;"0.5";"Sensitivity | Current Policies | Urban depot-only charging";"Diesel"
"OPEX";"Taxes";"DE";"Excise Duty - Reduction Synthetic Diesel (E-Fuels)";"Tractor-Trailer";"PROG";"%";2045;"0.5";"Sensitivity | Current Policies | Urban depot-only charging";"Diesel"
"OPEX";"Taxes";"ES";"Excise Duty - Reduction Synthetic Diesel (E-Fuels)";"Rigid";"BAU";"%";2045;"0.5";"Sensitivity | Current Policies | Urban depot-only charging";"Diesel"
"OPEX";"Taxes";"ES";"Excise Duty - Reduction Synthetic Diesel (E-Fuels)";"Tractor-Trailer";"BAU";"%";2045;"0.5";"Sensitivity | Current Policies | Urban depot-only charging";"Diesel"
"OPEX";"Taxes";"ES";"Excise Duty - Reduction Synthetic Diesel (E-Fuels)";"Rigid";"PROG";"%";2045;"0.5";"Sensitivity | Current Policies | Urban depot-only charging";"Diesel"
"OPEX";"Taxes";"ES";"Excise Duty - Reduction Synthetic Diesel (E-Fuels)";"Tractor-Trailer";"PROG";"%";2045;"0.5";"Sensitivity | Current Policies | Urban depot-only charging";"Diesel"
"OPEX";"Taxes";"FR";"Excise Duty - Reduction Synthetic Diesel (E-Fuels)";"Rigid";"BAU";"%";2045;"0.5";"Sensitivity | Current Policies | Urban depot-only charging";"Diesel"
"OPEX";"Taxes";"FR";"Excise Duty - Reduction Synthetic Diesel (E-Fuels)";"Tractor-Trailer";"BAU";"%";2045;"0.5";"Sensitivity | Current Policies | Urban depot-only charging";"Diesel"
"OPEX";"Taxes";"FR";"Excise Duty - Reduction Synthetic Diesel (E-Fuels)";"Rigid";"PROG";"%";2045;"0.5";"Sensitivity | Current Policies | Urban depot-only charging";"Diesel"
"OPEX";"Taxes";"FR";"Excise Duty - Reduction Synthetic Diesel (E-Fuels)";"Tractor-Trailer";"PROG";"%";2045;"0.5";"Sensitivity | Current Policies | Urban depot-only charging";"Diesel"
"OPEX";"Taxes";"IT";"Excise Duty - Reduction Synthetic Diesel (E-Fuels)";"Rigid";"BAU";"%";2045;"0.5";"Sensitivity | Current Policies | Urban depot-only charging";"Diesel"
"OPEX";"Taxes";"IT";"Excise Duty - Reduction Synthetic Diesel (E-Fuels)";"Tractor-Trailer";"BAU";"%";2045;"0.5";"Sensitivity | Current Policies | Urban depot-only charging";"Diesel"
"OPEX";"Taxes";"IT";"Excise Duty - Reduction Synthetic Diesel (E-Fuels)";"Rigid";"PROG";"%";2045;"0.5";"Sensitivity | Current Policies | Urban depot-only charging";"Diesel"
"OPEX";"Taxes";"IT";"Excise Duty - Reduction Synthetic Diesel (E-Fuels)";"Tractor-Trailer";"PROG";"%";2045;"0.5";"Sensitivity | Current Policies | Urban depot-only charging";"Diesel"
"OPEX";"Taxes";"NL";"Excise Duty - Reduction Synthetic Diesel (E-Fuels)";"Rigid";"BAU";"%";2045;"0.5";"Sensitivity | Current Policies | Urban depot-only charging";"Diesel"
"OPEX";"Taxes";"NL";"Excise Duty - Reduction Synthetic Diesel (E-Fuels)";"Tractor-Trailer";"BAU";"%";2045;"0.5";"Sensitivity | Current Policies | Urban depot-only charging";"Diesel"
"OPEX";"Taxes";"NL";"Excise Duty - Reduction Synthetic Diesel (E-Fuels)";"Rigid";"PROG";"%";2045;"0.5";"Sensitivity | Current Policies | Urban depot-only charging";"Diesel"
"OPEX";"Taxes";"NL";"Excise Duty - Reduction Synthetic Diesel (E-Fuels)";"Tractor-Trailer";"PROG";"%";2045;"0.5";"Sensitivity | Current Policies | Urban depot-only charging";"Diesel"
"OPEX";"Taxes";"PL";"Excise Duty - Reduction Synthetic Diesel (E-Fuels)";"Rigid";"BAU";"%";2045;"0.5";"Sensitivity | Current Policies | Urban depot-only charging";"Diesel"
"OPEX";"Taxes";"PL";"Excise Duty - Reduction Synthetic Diesel (E-Fuels)";"Tractor-Trailer";"BAU";"%";2045;"0.5";"Sensitivity | Current Policies | Urban depot-only charging";"Diesel"
"OPEX";"Taxes";"PL";"Excise Duty - Reduction Synthetic Diesel (E-Fuels)";"Rigid";"PROG";"%";2045;"0.5";"Sensitivity | Current Policies | Urban depot-only charging";"Diesel"
"OPEX";"Taxes";"PL";"Excise Duty - Reduction Synthetic Diesel (E-Fuels)";"Tractor-Trailer";"PROG";"%";2045;"0.5";"Sensitivity | Current Policies | Urban depot-only charging";"Diesel"
"OPEX";"Taxes";"UK";"Excise Duty - Reduction Synthetic Diesel (E-Fuels)";"Rigid";"BAU";"%";2045;"0.5";"Sensitivity | Current Policies | Urban depot-only charging";"Diesel"
"OPEX";"Taxes";"UK";"Excise Duty - Reduction Synthetic Diesel (E-Fuels)";"Tractor-Trailer";"BAU";"%";2045;"0.5";"Sensitivity | Current Policies | Urban depot-only charging";"Diesel"
"OPEX";"Taxes";"UK";"Excise Duty - Reduction Synthetic Diesel (E-Fuels)";"Rigid";"PROG";"%";2045;"0.5";"Sensitivity | Current Policies | Urban depot-only charging";"Diesel"
"OPEX";"Taxes";"UK";"Excise Duty - Reduction Synthetic Diesel (E-Fuels)";"Tractor-Trailer";"PROG";"%";2045;"0.5";"Sensitivity | Current Policies | Urban depot-only charging";"Diesel"
"OPEX";"Taxes";"DE";"Taxes, Fees, Levies and charges - H2";"Rigid";"BAU";"EUR/kWh";2045;"0.015";"Sensitivity | Current Policies | Urban depot-only charging";"Hydrogen"
"OPEX";"Taxes";"DE";"Taxes, Fees, Levies and charges - H2";"Tractor-Trailer";"BAU";"EUR/kWh";2045;"0.015";"Sensitivity | Current Policies | Urban depot-only charging";"Hydrogen"
"OPEX";"Taxes";"DE";"Taxes, Fees, Levies and charges - H2";"Rigid";"PROG";"EUR/kWh";2045;"0.015";"Sensitivity | Current Policies | Urban depot-only charging";"Hydrogen"
"OPEX";"Taxes";"DE";"Taxes, Fees, Levies and charges - H2";"Tractor-Trailer";"PROG";"EUR/kWh";2045;"0.015";"Sensitivity | Current Policies | Urban depot-only charging";"Hydrogen"
"OPEX";"Taxes";"ES";"Taxes, Fees, Levies and charges - H2";"Rigid";"BAU";"EUR/kWh";2045;"0.008";"Sensitivity | Current Policies | Urban depot-only charging";"Hydrogen"
"OPEX";"Taxes";"ES";"Taxes, Fees, Levies and charges - H2";"Tractor-Trailer";"BAU";"EUR/kWh";2045;"0.008";"Sensitivity | Current Policies | Urban depot-only charging";"Hydrogen"
"OPEX";"Taxes";"ES";"Taxes, Fees, Levies and charges - H2";"Rigid";"PROG";"EUR/kWh";2045;"0.008";"Sensitivity | Current Policies | Urban depot-only charging";"Hydrogen"
"OPEX";"Taxes";"ES";"Taxes, Fees, Levies and charges - H2";"Tractor-Trailer";"PROG";"EUR/kWh";2045;"0.008";"Sensitivity | Current Policies | Urban depot-only charging";"Hydrogen"
"OPEX";"Taxes";"FR";"Taxes, Fees, Levies and charges - H2";"Rigid";"BAU";"EUR/kWh";2045;"0.012";"Sensitivity | Current Policies | Urban depot-only charging";"Hydrogen"
"OPEX";"Taxes";"FR";"Taxes, Fees, Levies and charges - H2";"Tractor-Trailer";"BAU";"EUR/kWh";2045;"0.012";"Sensitivity | Current Policies | Urban depot-only charging";"Hydrogen"
"OPEX";"Taxes";"FR";"Taxes, Fees, Levies and charges - H2";"Rigid";"PROG";"EUR/kWh";2045;"0.012";"Sensitivity | Current Policies | Urban depot-only charging";"Hydrogen"
"OPEX";"Taxes";"FR";"Taxes, Fees, Levies and charges - H2";"Tractor-Trailer";"PROG";"EUR/kWh";2045;"0.012";"Sensitivity | Current Policies | Urban depot-only charging";"Hydrogen"
"OPEX";"Taxes";"IT";"Taxes, Fees, Levies and charges - H2";"Rigid";"BAU";"EUR/kWh";2045;"0.009";"Sensitivity | Current Policies | Urban depot-only charging";"Hydrogen"
"OPEX";"Taxes";"IT";"Taxes, Fees, Levies and charges - H2";"Tractor-Trailer";"BAU";"EUR/kWh";2045;"0.009";"Sensitivity | Current Policies | Urban depot-only charging";"Hydrogen"
"OPEX";"Taxes";"IT";"Taxes, Fees, Levies and charges - H2";"Rigid";"PROG";"EUR/kWh";2045;"0.009";"Sensitivity | Current Policies | Urban depot-only charging";"Hydrogen"
"OPEX";"Taxes";"IT";"Taxes, Fees, Levies and charges - H2";"Tractor-Trailer";"PROG";"EUR/kWh";2045;"0.009";"Sensitivity | Current Policies | Urban depot-only charging";"Hydrogen"
"OPEX";"Taxes";"NL";"Taxes, Fees, Levies and charges - H2";"Rigid";"BAU";"EUR/kWh";2045;"0.024";"Sensitivity | Current Policies | Urban depot-only charging";"Hydrogen"
"OPEX";"Taxes";"NL";"Taxes, Fees, Levies and charges - H2";"Tractor-Trailer";"BAU";"EUR/kWh";2045;"0.024";"Sensitivity | Current Policies | Urban depot-only charging";"Hydrogen"
"OPEX";"Taxes";"NL";"Taxes, Fees, Levies and charges - H2";"Rigid";"PROG";"EUR/kWh";2045;"0.024";"Sensitivity | Current Policies | Urban depot-only charging";"Hydrogen"
"OPEX";"Taxes";"NL";"Taxes, Fees, Levies and charges - H2";"Tractor-Trailer";"PROG";"EUR/kWh";2045;"0.024";"Sensitivity | Current Policies | Urban depot-only charging";"Hydrogen"
"OPEX";"Taxes";"PL";"Taxes, Fees, Levies and charges - H2";"Rigid";"BAU";"EUR/kWh";2045;"0.009";"Sensitivity | Current Policies | Urban depot-only charging";"Hydrogen"
"OPEX";"Taxes";"PL";"Taxes, Fees, Levies and charges - H2";"Tractor-Trailer";"BAU";"EUR/kWh";2045;"0.009";"Sensitivity | Current Policies | Urban depot-only charging";"Hydrogen"
"OPEX";"Taxes";"PL";"Taxes, Fees, Levies and charges - H2";"Rigid";"PROG";"EUR/kWh";2045;"0.009";"Sensitivity | Current Policies | Urban depot-only charging";"Hydrogen"
"OPEX";"Taxes";"PL";"Taxes, Fees, Levies and charges - H2";"Tractor-Trailer";"PROG";"EUR/kWh";2045;"0.009";"Sensitivity | Current Policies | Urban depot-only charging";"Hydrogen"
"OPEX";"Taxes";"UK";"Taxes, Fees, Levies and charges - H2";"Rigid";"BAU";"EUR/kWh";2045;"0.006";"Sensitivity | Current Policies | Urban depot-only charging";"Hydrogen"
"OPEX";"Taxes";"UK";"Taxes, Fees, Levies and charges - H2";"Tractor-Trailer";"BAU";"EUR/kWh";2045;"0.006";"Sensitivity | Current Policies | Urban depot-only charging";"Hydrogen"
"OPEX";"Taxes";"UK";"Taxes, Fees, Levies and charges - H2";"Rigid";"PROG";"EUR/kWh";2045;"0.006";"Sensitivity | Current Policies | Urban depot-only charging";"Hydrogen"
"OPEX";"Taxes";"UK";"Taxes, Fees, Levies and charges - H2";"Tractor-Trailer";"PROG";"EUR/kWh";2045;"0.006";"Sensitivity | Current Policies | Urban depot-only charging";"Hydrogen"
"OPEX";"Charging Infrastructure";"DE";"MCS grid extension";"Rigid";"PROG";"EUR/kWh";2045;"0.045";"Sensitivity | Current Policies | Urban depot-only charging";"Electricity"
"OPEX";"Charging Infrastructure";"DE";"MCS grid extension";"Tractor-Trailer";"PROG";"EUR/kWh";2045;"0.045";"Sensitivity | Current Policies | Urban depot-only charging";"Electricity"
"OPEX";"Charging Infrastructure";"DE";"MCS grid extension";"Rigid";"BAU";"EUR/kWh";2045;"0.045";"Sensitivity | Current Policies | Urban depot-only charging";"Electricity"
"OPEX";"Charging Infrastructure";"DE";"MCS grid extension";"Tractor-Trailer";"BAU";"EUR/kWh";2045;"0.045";"Sensitivity | Current Policies | Urban depot-only charging";"Electricity"
"OPEX";"Charging Infrastructure";"ES";"MCS grid extension";"Rigid";"PROG";"EUR/kWh";2045;"0.045";"Sensitivity | Current Policies | Urban depot-only charging";"Electricity"
"OPEX";"Charging Infrastructure";"ES";"MCS grid extension";"Tractor-Trailer";"PROG";"EUR/kWh";2045;"0.045";"Sensitivity | Current Policies | Urban depot-only charging";"Electricity"
"OPEX";"Charging Infrastructure";"ES";"MCS grid extension";"Rigid";"BAU";"EUR/kWh";2045;"0.045";"Sensitivity | Current Policies | Urban depot-only charging";"Electricity"
"OPEX";"Charging Infrastructure";"ES";"MCS grid extension";"Tractor-Trailer";"BAU";"EUR/kWh";2045;"0.045";"Sensitivity | Current Policies | Urban depot-only charging";"Electricity"
"OPEX";"Charging Infrastructure";"FR";"MCS grid extension";"Rigid";"PROG";"EUR/kWh";2045;"0.045";"Sensitivity | Current Policies | Urban depot-only charging";"Electricity"
"OPEX";"Charging Infrastructure";"FR";"MCS grid extension";"Tractor-Trailer";"PROG";"EUR/kWh";2045;"0.045";"Sensitivity | Current Policies | Urban depot-only charging";"Electricity"
"OPEX";"Charging Infrastructure";"FR";"MCS grid extension";"Rigid";"BAU";"EUR/kWh";2045;"0.045";"Sensitivity | Current Policies | Urban depot-only charging";"Electricity"
"OPEX";"Charging Infrastructure";"FR";"MCS grid extension";"Tractor-Trailer";"BAU";"EUR/kWh";2045;"0.045";"Sensitivity | Current Policies | Urban depot-only charging";"Electricity"
"OPEX";"Charging Infrastructure";"IT";"MCS grid extension";"Rigid";"PROG";"EUR/kWh";2045;"0.045";"Sensitivity | Current Policies | Urban depot-only charging";"Electricity"
"OPEX";"Charging Infrastructure";"IT";"MCS grid extension";"Tractor-Trailer";"PROG";"EUR/kWh";2045;"0.045";"Sensitivity | Current Policies | Urban depot-only charging";"Electricity"
"OPEX";"Charging Infrastructure";"IT";"MCS grid extension";"Rigid";"BAU";"EUR/kWh";2045;"0.045";"Sensitivity | Current Policies | Urban depot-only charging";"Electricity"
"OPEX";"Charging Infrastructure";"IT";"MCS grid extension";"Tractor-Trailer";"BAU";"EUR/kWh";2045;"0.045";"Sensitivity | Current Policies | Urban depot-only charging";"Electricity"
"OPEX";"Charging Infrastructure";"NL";"MCS grid extension";"Rigid";"PROG";"EUR/kWh";2045;"0.045";"Sensitivity | Current Policies | Urban depot-only charging";"Electricity"
"OPEX";"Charging Infrastructure";"NL";"MCS grid extension";"Tractor-Trailer";"PROG";"EUR/kWh";2045;"0.045";"Sensitivity | Current Policies | Urban depot-only charging";"Electricity"
"OPEX";"Charging Infrastructure";"NL";"MCS grid extension";"Rigid";"BAU";"EUR/kWh";2045;"0.045";"Sensitivity | Current Policies | Urban depot-only charging";"Electricity"
"OPEX";"Charging Infrastructure";"NL";"MCS grid extension";"Tractor-Trailer";"BAU";"EUR/kWh";2045;"0.045";"Sensitivity | Current Policies | Urban depot-only charging";"Electricity"
"OPEX";"Charging Infrastructure";"PL";"MCS grid extension";"Rigid";"PROG";"EUR/kWh";2045;"0.045";"Sensitivity | Current Policies | Urban depot-only charging";"Electricity"
"OPEX";"Charging Infrastructure";"PL";"MCS grid extension";"Tractor-Trailer";"PROG";"EUR/kWh";2045;"0.045";"Sensitivity | Current Policies | Urban depot-only charging";"Electricity"
"OPEX";"Charging Infrastructure";"PL";"MCS grid extension";"Rigid";"BAU";"EUR/kWh";2045;"0.045";"Sensitivity | Current Policies | Urban depot-only charging";"Electricity"
"OPEX";"Charging Infrastructure";"PL";"MCS grid extension";"Tractor-Trailer";"BAU";"EUR/kWh";2045;"0.045";"Sensitivity | Current Policies | Urban depot-only charging";"Electricity"
"OPEX";"Charging Infrastructure";"UK";"MCS grid extension";"Rigid";"PROG";"EUR/kWh";2045;"0.045";"Sensitivity | Current Policies | Urban depot-only charging";"Electricity"
"OPEX";"Charging Infrastructure";"UK";"MCS grid extension";"Tractor-Trailer";"PROG";"EUR/kWh";2045;"0.045";"Sensitivity | Current Policies | Urban depot-only charging";"Electricity"
"OPEX";"Charging Infrastructure";"UK";"MCS grid extension";"Rigid";"BAU";"EUR/kWh";2045;"0.045";"Sensitivity | Current Policies | Urban depot-only charging";"Electricity"
"OPEX";"Charging Infrastructure";"UK";"MCS grid extension";"Tractor-Trailer";"BAU";"EUR/kWh";2045;"0.045";"Sensitivity | Current Policies | Urban depot-only charging";"Electricity"
"OPEX";"Charging Infrastructure";"DE";"MCS Profit and Mark-Up";"Rigid";"PROG";"%";2045;"0.1";"Sensitivity | Current Policies | Urban depot-only charging";"Electricity"
"OPEX";"Charging Infrastructure";"DE";"MCS Profit and Mark-Up";"Tractor-Trailer";"PROG";"%";2045;"0.1";"Sensitivity | Current Policies | Urban depot-only charging";"Electricity"
"OPEX";"Charging Infrastructure";"DE";"MCS Profit and Mark-Up";"Rigid";"BAU";"%";2045;"0.1";"Sensitivity | Current Policies | Urban depot-only charging";"Electricity"
"OPEX";"Charging Infrastructure";"DE";"MCS Profit and Mark-Up";"Tractor-Trailer";"BAU";"%";2045;"0.1";"Sensitivity | Current Policies | Urban depot-only charging";"Electricity"
"OPEX";"Charging Infrastructure";"ES";"MCS Profit and Mark-Up";"Rigid";"PROG";"%";2045;"0.1";"Sensitivity | Current Policies | Urban depot-only charging";"Electricity"
"OPEX";"Charging Infrastructure";"ES";"MCS Profit and Mark-Up";"Tractor-Trailer";"PROG";"%";2045;"0.1";"Sensitivity | Current Policies | Urban depot-only charging";"Electricity"
"OPEX";"Charging Infrastructure";"ES";"MCS Profit and Mark-Up";"Rigid";"BAU";"%";2045;"0.1";"Sensitivity | Current Policies | Urban depot-only charging";"Electricity"
"OPEX";"Charging Infrastructure";"ES";"MCS Profit and Mark-Up";"Tractor-Trailer";"BAU";"%";2045;"0.1";"Sensitivity | Current Policies | Urban depot-only charging";"Electricity"
"OPEX";"Charging Infrastructure";"FR";"MCS Profit and Mark-Up";"Rigid";"PROG";"%";2045;"0.1";"Sensitivity | Current Policies | Urban depot-only charging";"Electricity"
"OPEX";"Charging Infrastructure";"FR";"MCS Profit and Mark-Up";"Tractor-Trailer";"PROG";"%";2045;"0.1";"Sensitivity | Current Policies | Urban depot-only charging";"Electricity"
"OPEX";"Charging Infrastructure";"FR";"MCS Profit and Mark-Up";"Rigid";"BAU";"%";2045;"0.1";"Sensitivity | Current Policies | Urban depot-only charging";"Electricity"
"OPEX";"Charging Infrastructure";"FR";"MCS Profit and Mark-Up";"Tractor-Trailer";"BAU";"%";2045;"0.1";"Sensitivity | Current Policies | Urban depot-only charging";"Electricity"
"OPEX";"Charging Infrastructure";"IT";"MCS Profit and Mark-Up";"Rigid";"PROG";"%";2045;"0.1";"Sensitivity | Current Policies | Urban depot-only charging";"Electricity"
"OPEX";"Charging Infrastructure";"IT";"MCS Profit and Mark-Up";"Tractor-Trailer";"PROG";"%";2045;"0.1";"Sensitivity | Current Policies | Urban depot-only charging";"Electricity"
"OPEX";"Charging Infrastructure";"IT";"MCS Profit and Mark-Up";"Rigid";"BAU";"%";2045;"0.1";"Sensitivity | Current Policies | Urban depot-only charging";"Electricity"
"OPEX";"Charging Infrastructure";"IT";"MCS Profit and Mark-Up";"Tractor-Trailer";"BAU";"%";2045;"0.1";"Sensitivity | Current Policies | Urban depot-only charging";"Electricity"
"OPEX";"Charging Infrastructure";"NL";"MCS Profit and Mark-Up";"Rigid";"PROG";"%";2045;"0.1";"Sensitivity | Current Policies | Urban depot-only charging";"Electricity"
"OPEX";"Charging Infrastructure";"NL";"MCS Profit and Mark-Up";"Tractor-Trailer";"PROG";"%";2045;"0.1";"Sensitivity | Current Policies | Urban depot-only charging";"Electricity"
"OPEX";"Charging Infrastructure";"NL";"MCS Profit and Mark-Up";"Rigid";"BAU";"%";2045;"0.1";"Sensitivity | Current Policies | Urban depot-only charging";"Electricity"
"OPEX";"Charging Infrastructure";"NL";"MCS Profit and Mark-Up";"Tractor-Trailer";"BAU";"%";2045;"0.1";"Sensitivity | Current Policies | Urban depot-only charging";"Electricity"
"OPEX";"Charging Infrastructure";"PL";"MCS Profit and Mark-Up";"Rigid";"PROG";"%";2045;"0.1";"Sensitivity | Current Policies | Urban depot-only charging";"Electricity"
"OPEX";"Charging Infrastructure";"PL";"MCS Profit and Mark-Up";"Tractor-Trailer";"PROG";"%";2045;"0.1";"Sensitivity | Current Policies | Urban depot-only charging";"Electricity"
"OPEX";"Charging Infrastructure";"PL";"MCS Profit and Mark-Up";"Rigid";"BAU";"%";2045;"0.1";"Sensitivity | Current Policies | Urban depot-only charging";"Electricity"
"OPEX";"Charging Infrastructure";"PL";"MCS Profit and Mark-Up";"Tractor-Trailer";"BAU";"%";2045;"0.1";"Sensitivity | Current Policies | Urban depot-only charging";"Electricity"
"OPEX";"Charging Infrastructure";"UK";"MCS Profit and Mark-Up";"Rigid";"PROG";"%";2045;"0.1";"Sensitivity | Current Policies | Urban depot-only charging";"Electricity"
"OPEX";"Charging Infrastructure";"UK";"MCS Profit and Mark-Up";"Tractor-Trailer";"PROG";"%";2045;"0.1";"Sensitivity | Current Policies | Urban depot-only charging";"Electricity"
"OPEX";"Charging Infrastructure";"UK";"MCS Profit and Mark-Up";"Rigid";"BAU";"%";2045;"0.1";"Sensitivity | Current Policies | Urban depot-only charging";"Electricity"
"OPEX";"Charging Infrastructure";"UK";"MCS Profit and Mark-Up";"Tractor-Trailer";"BAU";"%";2045;"0.1";"Sensitivity | Current Policies | Urban depot-only charging";"Electricity"
"OPEX";"Charging Infrastructure";"DE";"CCS Station (Depot) - Incl. Overhead";"Rigid";"PROG";"EUR/kWh";2045;"0.021";"Sensitivity | Current Policies | Urban depot-only charging";"Electricity"
"OPEX";"Charging Infrastructure";"DE";"CCS Station (Depot) - Incl. Overhead";"Tractor-Trailer";"PROG";"EUR/kWh";2045;"0.021";"Sensitivity | Current Policies | Urban depot-only charging";"Electricity"
"OPEX";"Charging Infrastructure";"DE";"CCS Station (Depot) - Incl. Overhead";"Rigid";"BAU";"EUR/kWh";2045;"0.021";"Sensitivity | Current Policies | Urban depot-only charging";"Electricity"
"OPEX";"Charging Infrastructure";"DE";"CCS Station (Depot) - Incl. Overhead";"Tractor-Trailer";"BAU";"EUR/kWh";2045;"0.021";"Sensitivity | Current Policies | Urban depot-only charging";"Electricity"
"OPEX";"Charging Infrastructure";"ES";"CCS Station (Depot) - Incl. Overhead";"Rigid";"PROG";"EUR/kWh";2045;"0.021";"Sensitivity | Current Policies | Urban depot-only charging";"Electricity"
"OPEX";"Charging Infrastructure";"ES";"CCS Station (Depot) - Incl. Overhead";"Tractor-Trailer";"PROG";"EUR/kWh";2045;"0.021";"Sensitivity | Current Policies | Urban depot-only charging";"Electricity"
"OPEX";"Charging Infrastructure";"ES";"CCS Station (Depot) - Incl. Overhead";"Rigid";"BAU";"EUR/kWh";2045;"0.021";"Sensitivity | Current Policies | Urban depot-only charging";"Electricity"
"OPEX";"Charging Infrastructure";"ES";"CCS Station (Depot) - Incl. Overhead";"Tractor-Trailer";"BAU";"EUR/kWh";2045;"0.021";"Sensitivity | Current Policies | Urban depot-only charging";"Electricity"
"OPEX";"Charging Infrastructure";"FR";"CCS Station (Depot) - Incl. Overhead";"Rigid";"PROG";"EUR/kWh";2045;"0.021";"Sensitivity | Current Policies | Urban depot-only charging";"Electricity"
"OPEX";"Charging Infrastructure";"FR";"CCS Station (Depot) - Incl. Overhead";"Tractor-Trailer";"PROG";"EUR/kWh";2045;"0.021";"Sensitivity | Current Policies | Urban depot-only charging";"Electricity"
"OPEX";"Charging Infrastructure";"FR";"CCS Station (Depot) - Incl. Overhead";"Rigid";"BAU";"EUR/kWh";2045;"0.021";"Sensitivity | Current Policies | Urban depot-only charging";"Electricity"
"OPEX";"Charging Infrastructure";"FR";"CCS Station (Depot) - Incl. Overhead";"Tractor-Trailer";"BAU";"EUR/kWh";2045;"0.021";"Sensitivity | Current Policies | Urban depot-only charging";"Electricity"
"OPEX";"Charging Infrastructure";"IT";"CCS Station (Depot) - Incl. Overhead";"Rigid";"PROG";"EUR/kWh";2045;"0.021";"Sensitivity | Current Policies | Urban depot-only charging";"Electricity"
"OPEX";"Charging Infrastructure";"IT";"CCS Station (Depot) - Incl. Overhead";"Tractor-Trailer";"PROG";"EUR/kWh";2045;"0.021";"Sensitivity | Current Policies | Urban depot-only charging";"Electricity"
"OPEX";"Charging Infrastructure";"IT";"CCS Station (Depot) - Incl. Overhead";"Rigid";"BAU";"EUR/kWh";2045;"0.021";"Sensitivity | Current Policies | Urban depot-only charging";"Electricity"
"OPEX";"Charging Infrastructure";"IT";"CCS Station (Depot) - Incl. Overhead";"Tractor-Trailer";"BAU";"EUR/kWh";2045;"0.021";"Sensitivity | Current Policies | Urban depot-only charging";"Electricity"
"OPEX";"Charging Infrastructure";"NL";"CCS Station (Depot) - Incl. Overhead";"Rigid";"PROG";"EUR/kWh";2045;"0.021";"Sensitivity | Current Policies | Urban depot-only charging";"Electricity"
"OPEX";"Charging Infrastructure";"NL";"CCS Station (Depot) - Incl. Overhead";"Tractor-Trailer";"PROG";"EUR/kWh";2045;"0.021";"Sensitivity | Current Policies | Urban depot-only charging";"Electricity"
"OPEX";"Charging Infrastructure";"NL";"CCS Station (Depot) - Incl. Overhead";"Rigid";"BAU";"EUR/kWh";2045;"0.021";"Sensitivity | Current Policies | Urban depot-only charging";"Electricity"
"OPEX";"Charging Infrastructure";"NL";"CCS Station (Depot) - Incl. Overhead";"Tractor-Trailer";"BAU";"EUR/kWh";2045;"0.021";"Sensitivity | Current Policies | Urban depot-only charging";"Electricity"
"OPEX";"Charging Infrastructure";"PL";"CCS Station (Depot) - Incl. Overhead";"Rigid";"PROG";"EUR/kWh";2045;"0.021";"Sensitivity | Current Policies | Urban depot-only charging";"Electricity"
"OPEX";"Charging Infrastructure";"PL";"CCS Station (Depot) - Incl. Overhead";"Tractor-Trailer";"PROG";"EUR/kWh";2045;"0.021";"Sensitivity | Current Policies | Urban depot-only charging";"Electricity"
"OPEX";"Charging Infrastructure";"PL";"CCS Station (Depot) - Incl. Overhead";"Rigid";"BAU";"EUR/kWh";2045;"0.021";"Sensitivity | Current Policies | Urban depot-only charging";"Electricity"
"OPEX";"Charging Infrastructure";"PL";"CCS Station (Depot) - Incl. Overhead";"Tractor-Trailer";"BAU";"EUR/kWh";2045;"0.021";"Sensitivity | Current Policies | Urban depot-only charging";"Electricity"
"OPEX";"Charging Infrastructure";"UK";"CCS Station (Depot) - Incl. Overhead";"Rigid";"PROG";"EUR/kWh";2045;"0.021";"Sensitivity | Current Policies | Urban depot-only charging";"Electricity"
"OPEX";"Charging Infrastructure";"UK";"CCS Station (Depot) - Incl. Overhead";"Tractor-Trailer";"PROG";"EUR/kWh";2045;"0.021";"Sensitivity | Current Policies | Urban depot-only charging";"Electricity"
"OPEX";"Charging Infrastructure";"UK";"CCS Station (Depot) - Incl. Overhead";"Rigid";"BAU";"EUR/kWh";2045;"0.021";"Sensitivity | Current Policies | Urban depot-only charging";"Electricity"
"OPEX";"Charging Infrastructure";"UK";"CCS Station (Depot) - Incl. Overhead";"Tractor-Trailer";"BAU";"EUR/kWh";2045;"0.021";"Sensitivity | Current Policies | Urban depot-only charging";"Electricity"
"OPEX";"Charging Infrastructure";"DE";"CCS grid extension";"Rigid";"PROG";"EUR/kWh";2045;"0.045";"Sensitivity | Current Policies | Urban depot-only charging";"Electricity"
"OPEX";"Charging Infrastructure";"DE";"CCS grid extension";"Tractor-Trailer";"PROG";"EUR/kWh";2045;"0.045";"Sensitivity | Current Policies | Urban depot-only charging";"Electricity"
"OPEX";"Charging Infrastructure";"DE";"CCS grid extension";"Rigid";"BAU";"EUR/kWh";2045;"0.045";"Sensitivity | Current Policies | Urban depot-only charging";"Electricity"
"OPEX";"Charging Infrastructure";"DE";"CCS grid extension";"Tractor-Trailer";"BAU";"EUR/kWh";2045;"0.045";"Sensitivity | Current Policies | Urban depot-only charging";"Electricity"
"OPEX";"Charging Infrastructure";"ES";"CCS grid extension";"Rigid";"PROG";"EUR/kWh";2045;"0.045";"Sensitivity | Current Policies | Urban depot-only charging";"Electricity"
"OPEX";"Charging Infrastructure";"ES";"CCS grid extension";"Tractor-Trailer";"PROG";"EUR/kWh";2045;"0.045";"Sensitivity | Current Policies | Urban depot-only charging";"Electricity"
"OPEX";"Charging Infrastructure";"ES";"CCS grid extension";"Rigid";"BAU";"EUR/kWh";2045;"0.045";"Sensitivity | Current Policies | Urban depot-only charging";"Electricity"
"OPEX";"Charging Infrastructure";"ES";"CCS grid extension";"Tractor-Trailer";"BAU";"EUR/kWh";2045;"0.045";"Sensitivity | Current Policies | Urban depot-only charging";"Electricity"
"OPEX";"Charging Infrastructure";"FR";"CCS grid extension";"Rigid";"PROG";"EUR/kWh";2045;"0.045";"Sensitivity | Current Policies | Urban depot-only charging";"Electricity"
"OPEX";"Charging Infrastructure";"FR";"CCS grid extension";"Tractor-Trailer";"PROG";"EUR/kWh";2045;"0.045";"Sensitivity | Current Policies | Urban depot-only charging";"Electricity"
"OPEX";"Charging Infrastructure";"FR";"CCS grid extension";"Rigid";"BAU";"EUR/kWh";2045;"0.045";"Sensitivity | Current Policies | Urban depot-only charging";"Electricity"
"OPEX";"Charging Infrastructure";"FR";"CCS grid extension";"Tractor-Trailer";"BAU";"EUR/kWh";2045;"0.045";"Sensitivity | Current Policies | Urban depot-only charging";"Electricity"
"OPEX";"Charging Infrastructure";"IT";"CCS grid extension";"Rigid";"PROG";"EUR/kWh";2045;"0.045";"Sensitivity | Current Policies | Urban depot-only charging";"Electricity"
"OPEX";"Charging Infrastructure";"IT";"CCS grid extension";"Tractor-Trailer";"PROG";"EUR/kWh";2045;"0.045";"Sensitivity | Current Policies | Urban depot-only charging";"Electricity"
"OPEX";"Charging Infrastructure";"IT";"CCS grid extension";"Rigid";"BAU";"EUR/kWh";2045;"0.045";"Sensitivity | Current Policies | Urban depot-only charging";"Electricity"
"OPEX";"Charging Infrastructure";"IT";"CCS grid extension";"Tractor-Trailer";"BAU";"EUR/kWh";2045;"0.045";"Sensitivity | Current Policies | Urban depot-only charging";"Electricity"
"OPEX";"Charging Infrastructure";"NL";"CCS grid extension";"Rigid";"PROG";"EUR/kWh";2045;"0.045";"Sensitivity | Current Policies | Urban depot-only charging";"Electricity"
"OPEX";"Charging Infrastructure";"NL";"CCS grid extension";"Tractor-Trailer";"PROG";"EUR/kWh";2045;"0.045";"Sensitivity | Current Policies | Urban depot-only charging";"Electricity"
"OPEX";"Charging Infrastructure";"NL";"CCS grid extension";"Rigid";"BAU";"EUR/kWh";2045;"0.045";"Sensitivity | Current Policies | Urban depot-only charging";"Electricity"
"OPEX";"Charging Infrastructure";"NL";"CCS grid extension";"Tractor-Trailer";"BAU";"EUR/kWh";2045;"0.045";"Sensitivity | Current Policies | Urban depot-only charging";"Electricity"
"OPEX";"Charging Infrastructure";"PL";"CCS grid extension";"Rigid";"PROG";"EUR/kWh";2045;"0.045";"Sensitivity | Current Policies | Urban depot-only charging";"Electricity"
"OPEX";"Charging Infrastructure";"PL";"CCS grid extension";"Tractor-Trailer";"PROG";"EUR/kWh";2045;"0.045";"Sensitivity | Current Policies | Urban depot-only charging";"Electricity"
"OPEX";"Charging Infrastructure";"PL";"CCS grid extension";"Rigid";"BAU";"EUR/kWh";2045;"0.045";"Sensitivity | Current Policies | Urban depot-only charging";"Electricity"
"OPEX";"Charging Infrastructure";"PL";"CCS grid extension";"Tractor-Trailer";"BAU";"EUR/kWh";2045;"0.045";"Sensitivity | Current Policies | Urban depot-only charging";"Electricity"
"OPEX";"Charging Infrastructure";"UK";"CCS grid extension";"Rigid";"PROG";"EUR/kWh";2045;"0.045";"Sensitivity | Current Policies | Urban depot-only charging";"Electricity"
"OPEX";"Charging Infrastructure";"UK";"CCS grid extension";"Tractor-Trailer";"PROG";"EUR/kWh";2045;"0.045";"Sensitivity | Current Policies | Urban depot-only charging";"Electricity"
"OPEX";"Charging Infrastructure";"UK";"CCS grid extension";"Rigid";"BAU";"EUR/kWh";2045;"0.045";"Sensitivity | Current Policies | Urban depot-only charging";"Electricity"
"OPEX";"Charging Infrastructure";"UK";"CCS grid extension";"Tractor-Trailer";"BAU";"EUR/kWh";2045;"0.045";"Sensitivity | Current Policies | Urban depot-only charging";"Electricity"
"OPEX";"Diesel Infrastructure";"DE";"Total Diesel Mark-Up";"Rigid";"BAU";"EUR/kWh";2045;"0.018";"Sensitivity | Current Policies | Urban depot-only charging";"Diesel"
"OPEX";"Diesel Infrastructure";"DE";"Total Diesel Mark-Up";"Tractor-Trailer";"BAU";"EUR/kWh";2045;"0.018";"Sensitivity | Current Policies | Urban depot-only charging";"Diesel"
"OPEX";"Diesel Infrastructure";"DE";"Total Diesel Mark-Up";"Rigid";"PROG";"EUR/kWh";2045;"0.018";"Sensitivity | Current Policies | Urban depot-only charging";"Diesel"
"OPEX";"Diesel Infrastructure";"DE";"Total Diesel Mark-Up";"Tractor-Trailer";"PROG";"EUR/kWh";2045;"0.018";"Sensitivity | Current Policies | Urban depot-only charging";"Diesel"
"OPEX";"Diesel Infrastructure";"ES";"Total Diesel Mark-Up";"Rigid";"BAU";"EUR/kWh";2045;"0.018";"Sensitivity | Current Policies | Urban depot-only charging";"Diesel"
"OPEX";"Diesel Infrastructure";"ES";"Total Diesel Mark-Up";"Tractor-Trailer";"BAU";"EUR/kWh";2045;"0.018";"Sensitivity | Current Policies | Urban depot-only charging";"Diesel"
"OPEX";"Diesel Infrastructure";"ES";"Total Diesel Mark-Up";"Rigid";"PROG";"EUR/kWh";2045;"0.018";"Sensitivity | Current Policies | Urban depot-only charging";"Diesel"
"OPEX";"Diesel Infrastructure";"ES";"Total Diesel Mark-Up";"Tractor-Trailer";"PROG";"EUR/kWh";2045;"0.018";"Sensitivity | Current Policies | Urban depot-only charging";"Diesel"
"OPEX";"Diesel Infrastructure";"FR";"Total Diesel Mark-Up";"Rigid";"BAU";"EUR/kWh";2045;"0.018";"Sensitivity | Current Policies | Urban depot-only charging";"Diesel"
"OPEX";"Diesel Infrastructure";"FR";"Total Diesel Mark-Up";"Tractor-Trailer";"BAU";"EUR/kWh";2045;"0.018";"Sensitivity | Current Policies | Urban depot-only charging";"Diesel"
"OPEX";"Diesel Infrastructure";"FR";"Total Diesel Mark-Up";"Rigid";"PROG";"EUR/kWh";2045;"0.018";"Sensitivity | Current Policies | Urban depot-only charging";"Diesel"
"OPEX";"Diesel Infrastructure";"FR";"Total Diesel Mark-Up";"Tractor-Trailer";"PROG";"EUR/kWh";2045;"0.018";"Sensitivity | Current Policies | Urban depot-only charging";"Diesel"
"OPEX";"Diesel Infrastructure";"IT";"Total Diesel Mark-Up";"Rigid";"BAU";"EUR/kWh";2045;"0.018";"Sensitivity | Current Policies | Urban depot-only charging";"Diesel"
"OPEX";"Diesel Infrastructure";"IT";"Total Diesel Mark-Up";"Tractor-Trailer";"BAU";"EUR/kWh";2045;"0.018";"Sensitivity | Current Policies | Urban depot-only charging";"Diesel"
"OPEX";"Diesel Infrastructure";"IT";"Total Diesel Mark-Up";"Rigid";"PROG";"EUR/kWh";2045;"0.018";"Sensitivity | Current Policies | Urban depot-only charging";"Diesel"
"OPEX";"Diesel Infrastructure";"IT";"Total Diesel Mark-Up";"Tractor-Trailer";"PROG";"EUR/kWh";2045;"0.018";"Sensitivity | Current Policies | Urban depot-only charging";"Diesel"
"OPEX";"Diesel Infrastructure";"NL";"Total Diesel Mark-Up";"Rigid";"BAU";"EUR/kWh";2045;"0.018";"Sensitivity | Current Policies | Urban depot-only charging";"Diesel"
"OPEX";"Diesel Infrastructure";"NL";"Total Diesel Mark-Up";"Tractor-Trailer";"BAU";"EUR/kWh";2045;"0.018";"Sensitivity | Current Policies | Urban depot-only charging";"Diesel"
"OPEX";"Diesel Infrastructure";"NL";"Total Diesel Mark-Up";"Rigid";"PROG";"EUR/kWh";2045;"0.018";"Sensitivity | Current Policies | Urban depot-only charging";"Diesel"
"OPEX";"Diesel Infrastructure";"NL";"Total Diesel Mark-Up";"Tractor-Trailer";"PROG";"EUR/kWh";2045;"0.018";"Sensitivity | Current Policies | Urban depot-only charging";"Diesel"
"OPEX";"Diesel Infrastructure";"PL";"Total Diesel Mark-Up";"Rigid";"BAU";"EUR/kWh";2045;"0.018";"Sensitivity | Current Policies | Urban depot-only charging";"Diesel"
"OPEX";"Diesel Infrastructure";"PL";"Total Diesel Mark-Up";"Tractor-Trailer";"BAU";"EUR/kWh";2045;"0.018";"Sensitivity | Current Policies | Urban depot-only charging";"Diesel"
"OPEX";"Diesel Infrastructure";"PL";"Total Diesel Mark-Up";"Rigid";"PROG";"EUR/kWh";2045;"0.018";"Sensitivity | Current Policies | Urban depot-only charging";"Diesel"
"OPEX";"Diesel Infrastructure";"PL";"Total Diesel Mark-Up";"Tractor-Trailer";"PROG";"EUR/kWh";2045;"0.018";"Sensitivity | Current Policies | Urban depot-only charging";"Diesel"
"OPEX";"Diesel Infrastructure";"UK";"Total Diesel Mark-Up";"Rigid";"BAU";"EUR/kWh";2045;"0.018";"Sensitivity | Current Policies | Urban depot-only charging";"Diesel"
"OPEX";"Diesel Infrastructure";"UK";"Total Diesel Mark-Up";"Tractor-Trailer";"BAU";"EUR/kWh";2045;"0.018";"Sensitivity | Current Policies | Urban depot-only charging";"Diesel"
"OPEX";"Diesel Infrastructure";"UK";"Total Diesel Mark-Up";"Rigid";"PROG";"EUR/kWh";2045;"0.018";"Sensitivity | Current Policies | Urban depot-only charging";"Diesel"
"OPEX";"Diesel Infrastructure";"UK";"Total Diesel Mark-Up";"Tractor-Trailer";"PROG";"EUR/kWh";2045;"0.018";"Sensitivity | Current Policies | Urban depot-only charging";"Diesel"
"OPEX";"Diesel Infrastructure";"DE";"CO2 emission factor Biodiesel";"Rigid";"BAU";"%";2045;"0.154";"Sensitivity | Current Policies | Urban depot-only charging";"Diesel"
"OPEX";"Diesel Infrastructure";"DE";"CO2 emission factor Biodiesel";"Tractor-Trailer";"BAU";"%";2045;"0.154";"Sensitivity | Current Policies | Urban depot-only charging";"Diesel"
"OPEX";"Diesel Infrastructure";"DE";"CO2 emission factor Biodiesel";"Rigid";"PROG";"%";2045;"0.154";"Sensitivity | Current Policies | Urban depot-only charging";"Diesel"
"OPEX";"Diesel Infrastructure";"DE";"CO2 emission factor Biodiesel";"Tractor-Trailer";"PROG";"%";2045;"0.154";"Sensitivity | Current Policies | Urban depot-only charging";"Diesel"
"OPEX";"Diesel Infrastructure";"ES";"CO2 emission factor Biodiesel";"Rigid";"BAU";"%";2045;"0.154";"Sensitivity | Current Policies | Urban depot-only charging";"Diesel"
"OPEX";"Diesel Infrastructure";"ES";"CO2 emission factor Biodiesel";"Tractor-Trailer";"BAU";"%";2045;"0.154";"Sensitivity | Current Policies | Urban depot-only charging";"Diesel"
"OPEX";"Diesel Infrastructure";"ES";"CO2 emission factor Biodiesel";"Rigid";"PROG";"%";2045;"0.154";"Sensitivity | Current Policies | Urban depot-only charging";"Diesel"
"OPEX";"Diesel Infrastructure";"ES";"CO2 emission factor Biodiesel";"Tractor-Trailer";"PROG";"%";2045;"0.154";"Sensitivity | Current Policies | Urban depot-only charging";"Diesel"
"OPEX";"Diesel Infrastructure";"FR";"CO2 emission factor Biodiesel";"Rigid";"BAU";"%";2045;"0.154";"Sensitivity | Current Policies | Urban depot-only charging";"Diesel"
"OPEX";"Diesel Infrastructure";"FR";"CO2 emission factor Biodiesel";"Tractor-Trailer";"BAU";"%";2045;"0.154";"Sensitivity | Current Policies | Urban depot-only charging";"Diesel"
"OPEX";"Diesel Infrastructure";"FR";"CO2 emission factor Biodiesel";"Rigid";"PROG";"%";2045;"0.154";"Sensitivity | Current Policies | Urban depot-only charging";"Diesel"
"OPEX";"Diesel Infrastructure";"FR";"CO2 emission factor Biodiesel";"Tractor-Trailer";"PROG";"%";2045;"0.154";"Sensitivity | Current Policies | Urban depot-only charging";"Diesel"
"OPEX";"Diesel Infrastructure";"IT";"CO2 emission factor Biodiesel";"Rigid";"BAU";"%";2045;"0.154";"Sensitivity | Current Policies | Urban depot-only charging";"Diesel"
"OPEX";"Diesel Infrastructure";"IT";"CO2 emission factor Biodiesel";"Tractor-Trailer";"BAU";"%";2045;"0.154";"Sensitivity | Current Policies | Urban depot-only charging";"Diesel"
"OPEX";"Diesel Infrastructure";"IT";"CO2 emission factor Biodiesel";"Rigid";"PROG";"%";2045;"0.154";"Sensitivity | Current Policies | Urban depot-only charging";"Diesel"
"OPEX";"Diesel Infrastructure";"IT";"CO2 emission factor Biodiesel";"Tractor-Trailer";"PROG";"%";2045;"0.154";"Sensitivity | Current Policies | Urban depot-only charging";"Diesel"
"OPEX";"Diesel Infrastructure";"NL";"CO2 emission factor Biodiesel";"Rigid";"BAU";"%";2045;"0.154";"Sensitivity | Current Policies | Urban depot-only charging";"Diesel"
"OPEX";"Diesel Infrastructure";"NL";"CO2 emission factor Biodiesel";"Tractor-Trailer";"BAU";"%";2045;"0.154";"Sensitivity | Current Policies | Urban depot-only charging";"Diesel"
"OPEX";"Diesel Infrastructure";"NL";"CO2 emission factor Biodiesel";"Rigid";"PROG";"%";2045;"0.154";"Sensitivity | Current Policies | Urban depot-only charging";"Diesel"
"OPEX";"Diesel Infrastructure";"NL";"CO2 emission factor Biodiesel";"Tractor-Trailer";"PROG";"%";2045;"0.154";"Sensitivity | Current Policies | Urban depot-only charging";"Diesel"
"OPEX";"Diesel Infrastructure";"PL";"CO2 emission factor Biodiesel";"Rigid";"BAU";"%";2045;"0.154";"Sensitivity | Current Policies | Urban depot-only charging";"Diesel"
"OPEX";"Diesel Infrastructure";"PL";"CO2 emission factor Biodiesel";"Tractor-Trailer";"BAU";"%";2045;"0.154";"Sensitivity | Current Policies | Urban depot-only charging";"Diesel"
"OPEX";"Diesel Infrastructure";"PL";"CO2 emission factor Biodiesel";"Rigid";"PROG";"%";2045;"0.154";"Sensitivity | Current Policies | Urban depot-only charging";"Diesel"
"OPEX";"Diesel Infrastructure";"PL";"CO2 emission factor Biodiesel";"Tractor-Trailer";"PROG";"%";2045;"0.154";"Sensitivity | Current Policies | Urban depot-only charging";"Diesel"
"OPEX";"Diesel Infrastructure";"UK";"CO2 emission factor Biodiesel";"Rigid";"BAU";"%";2045;"0.154";"Sensitivity | Current Policies | Urban depot-only charging";"Diesel"
"OPEX";"Diesel Infrastructure";"UK";"CO2 emission factor Biodiesel";"Tractor-Trailer";"BAU";"%";2045;"0.154";"Sensitivity | Current Policies | Urban depot-only charging";"Diesel"
"OPEX";"Diesel Infrastructure";"UK";"CO2 emission factor Biodiesel";"Rigid";"PROG";"%";2045;"0.154";"Sensitivity | Current Policies | Urban depot-only charging";"Diesel"
"OPEX";"Diesel Infrastructure";"UK";"CO2 emission factor Biodiesel";"Tractor-Trailer";"PROG";"%";2045;"0.154";"Sensitivity | Current Policies | Urban depot-only charging";"Diesel"
"OPEX";"Diesel Infrastructure";"DE";"CO2 emission factor Pt-Diesel";"Rigid";"BAU";"%";2045;"0";"Sensitivity | Current Policies | Urban depot-only charging";"Diesel"
"OPEX";"Diesel Infrastructure";"DE";"CO2 emission factor Pt-Diesel";"Tractor-Trailer";"BAU";"%";2045;"0";"Sensitivity | Current Policies | Urban depot-only charging";"Diesel"
"OPEX";"Diesel Infrastructure";"DE";"CO2 emission factor Pt-Diesel";"Rigid";"PROG";"%";2045;"0";"Sensitivity | Current Policies | Urban depot-only charging";"Diesel"
"OPEX";"Diesel Infrastructure";"DE";"CO2 emission factor Pt-Diesel";"Tractor-Trailer";"PROG";"%";2045;"0";"Sensitivity | Current Policies | Urban depot-only charging";"Diesel"
"OPEX";"Diesel Infrastructure";"ES";"CO2 emission factor Pt-Diesel";"Rigid";"BAU";"%";2045;"0";"Sensitivity | Current Policies | Urban depot-only charging";"Diesel"
"OPEX";"Diesel Infrastructure";"ES";"CO2 emission factor Pt-Diesel";"Tractor-Trailer";"BAU";"%";2045;"0";"Sensitivity | Current Policies | Urban depot-only charging";"Diesel"
"OPEX";"Diesel Infrastructure";"ES";"CO2 emission factor Pt-Diesel";"Rigid";"PROG";"%";2045;"0";"Sensitivity | Current Policies | Urban depot-only charging";"Diesel"
"OPEX";"Diesel Infrastructure";"ES";"CO2 emission factor Pt-Diesel";"Tractor-Trailer";"PROG";"%";2045;"0";"Sensitivity | Current Policies | Urban depot-only charging";"Diesel"
"OPEX";"Diesel Infrastructure";"FR";"CO2 emission factor Pt-Diesel";"Rigid";"BAU";"%";2045;"0";"Sensitivity | Current Policies | Urban depot-only charging";"Diesel"
"OPEX";"Diesel Infrastructure";"FR";"CO2 emission factor Pt-Diesel";"Tractor-Trailer";"BAU";"%";2045;"0";"Sensitivity | Current Policies | Urban depot-only charging";"Diesel"
"OPEX";"Diesel Infrastructure";"FR";"CO2 emission factor Pt-Diesel";"Rigid";"PROG";"%";2045;"0";"Sensitivity | Current Policies | Urban depot-only charging";"Diesel"
"OPEX";"Diesel Infrastructure";"FR";"CO2 emission factor Pt-Diesel";"Tractor-Trailer";"PROG";"%";2045;"0";"Sensitivity | Current Policies | Urban depot-only charging";"Diesel"
"OPEX";"Diesel Infrastructure";"IT";"CO2 emission factor Pt-Diesel";"Rigid";"BAU";"%";2045;"0";"Sensitivity | Current Policies | Urban depot-only charging";"Diesel"
"OPEX";"Diesel Infrastructure";"IT";"CO2 emission factor Pt-Diesel";"Tractor-Trailer";"BAU";"%";2045;"0";"Sensitivity | Current Policies | Urban depot-only charging";"Diesel"
"OPEX";"Diesel Infrastructure";"IT";"CO2 emission factor Pt-Diesel";"Rigid";"PROG";"%";2045;"0";"Sensitivity | Current Policies | Urban depot-only charging";"Diesel"
"OPEX";"Diesel Infrastructure";"IT";"CO2 emission factor Pt-Diesel";"Tractor-Trailer";"PROG";"%";2045;"0";"Sensitivity | Current Policies | Urban depot-only charging";"Diesel"
"OPEX";"Diesel Infrastructure";"NL";"CO2 emission factor Pt-Diesel";"Rigid";"BAU";"%";2045;"0";"Sensitivity | Current Policies | Urban depot-only charging";"Diesel"
"OPEX";"Diesel Infrastructure";"NL";"CO2 emission factor Pt-Diesel";"Tractor-Trailer";"BAU";"%";2045;"0";"Sensitivity | Current Policies | Urban depot-only charging";"Diesel"
"OPEX";"Diesel Infrastructure";"NL";"CO2 emission factor Pt-Diesel";"Rigid";"PROG";"%";2045;"0";"Sensitivity | Current Policies | Urban depot-only charging";"Diesel"
"OPEX";"Diesel Infrastructure";"NL";"CO2 emission factor Pt-Diesel";"Tractor-Trailer";"PROG";"%";2045;"0";"Sensitivity | Current Policies | Urban depot-only charging";"Diesel"
"OPEX";"Diesel Infrastructure";"PL";"CO2 emission factor Pt-Diesel";"Rigid";"BAU";"%";2045;"0";"Sensitivity | Current Policies | Urban depot-only charging";"Diesel"
"OPEX";"Diesel Infrastructure";"PL";"CO2 emission factor Pt-Diesel";"Tractor-Trailer";"BAU";"%";2045;"0";"Sensitivity | Current Policies | Urban depot-only charging";"Diesel"
"OPEX";"Diesel Infrastructure";"PL";"CO2 emission factor Pt-Diesel";"Rigid";"PROG";"%";2045;"0";"Sensitivity | Current Policies | Urban depot-only charging";"Diesel"
"OPEX";"Diesel Infrastructure";"PL";"CO2 emission factor Pt-Diesel";"Tractor-Trailer";"PROG";"%";2045;"0";"Sensitivity | Current Policies | Urban depot-only charging";"Diesel"
"OPEX";"Diesel Infrastructure";"UK";"CO2 emission factor Pt-Diesel";"Rigid";"BAU";"%";2045;"0";"Sensitivity | Current Policies | Urban depot-only charging";"Diesel"
"OPEX";"Diesel Infrastructure";"UK";"CO2 emission factor Pt-Diesel";"Tractor-Trailer";"BAU";"%";2045;"0";"Sensitivity | Current Policies | Urban depot-only charging";"Diesel"
"OPEX";"Diesel Infrastructure";"UK";"CO2 emission factor Pt-Diesel";"Rigid";"PROG";"%";2045;"0";"Sensitivity | Current Policies | Urban depot-only charging";"Diesel"
"OPEX";"Diesel Infrastructure";"UK";"CO2 emission factor Pt-Diesel";"Tractor-Trailer";"PROG";"%";2045;"0";"Sensitivity | Current Policies | Urban depot-only charging";"Diesel"
"OPEX";"Taxes";"DE";"Network Costs - MCS";"Rigid";"BAU";"EUR/kWh";2045;"0.034";"Sensitivity | Current Policies | Urban depot-only charging";"Electricity"
"OPEX";"Taxes";"DE";"Network Costs - MCS";"Tractor-Trailer";"BAU";"EUR/kWh";2045;"0.034";"Sensitivity | Current Policies | Urban depot-only charging";"Electricity"
"OPEX";"Taxes";"ES";"Network Costs - MCS";"Rigid";"BAU";"EUR/kWh";2045;"0.018";"Sensitivity | Current Policies | Urban depot-only charging";"Electricity"
"OPEX";"Taxes";"ES";"Network Costs - MCS";"Tractor-Trailer";"BAU";"EUR/kWh";2045;"0.018";"Sensitivity | Current Policies | Urban depot-only charging";"Electricity"
"OPEX";"Taxes";"FR";"Network Costs - MCS";"Rigid";"BAU";"EUR/kWh";2045;"0.018";"Sensitivity | Current Policies | Urban depot-only charging";"Electricity"
"OPEX";"Taxes";"FR";"Network Costs - MCS";"Tractor-Trailer";"BAU";"EUR/kWh";2045;"0.018";"Sensitivity | Current Policies | Urban depot-only charging";"Electricity"
"OPEX";"Taxes";"IT";"Network Costs - MCS";"Rigid";"BAU";"EUR/kWh";2045;"0.015";"Sensitivity | Current Policies | Urban depot-only charging";"Electricity"
"OPEX";"Taxes";"IT";"Network Costs - MCS";"Tractor-Trailer";"BAU";"EUR/kWh";2045;"0.015";"Sensitivity | Current Policies | Urban depot-only charging";"Electricity"
"OPEX";"Taxes";"NL";"Network Costs - MCS";"Rigid";"BAU";"EUR/kWh";2045;"0.016";"Sensitivity | Current Policies | Urban depot-only charging";"Electricity"
"OPEX";"Taxes";"NL";"Network Costs - MCS";"Tractor-Trailer";"BAU";"EUR/kWh";2045;"0.016";"Sensitivity | Current Policies | Urban depot-only charging";"Electricity"
"OPEX";"Taxes";"PL";"Network Costs - MCS";"Rigid";"BAU";"EUR/kWh";2045;"0.019";"Sensitivity | Current Policies | Urban depot-only charging";"Electricity"
"OPEX";"Taxes";"PL";"Network Costs - MCS";"Tractor-Trailer";"BAU";"EUR/kWh";2045;"0.019";"Sensitivity | Current Policies | Urban depot-only charging";"Electricity"
"OPEX";"Taxes";"UK";"Network Costs - MCS";"Rigid";"BAU";"EUR/kWh";2045;"0.027";"Sensitivity | Current Policies | Urban depot-only charging";"Electricity"
"OPEX";"Taxes";"UK";"Network Costs - MCS";"Tractor-Trailer";"BAU";"EUR/kWh";2045;"0.027";"Sensitivity | Current Policies | Urban depot-only charging";"Electricity"
"OPEX";"Taxes";"DE";"Taxes, Fees, Levies and charges - MCS";"Rigid";"BAU";"EUR/kWh";2045;"0.056";"Sensitivity | Current Policies | Urban depot-only charging";"Electricity"
"OPEX";"Taxes";"DE";"Taxes, Fees, Levies and charges - MCS";"Tractor-Trailer";"BAU";"EUR/kWh";2045;"0.056";"Sensitivity | Current Policies | Urban depot-only charging";"Electricity"
"OPEX";"Taxes";"ES";"Taxes, Fees, Levies and charges - MCS";"Rigid";"BAU";"EUR/kWh";2045;"0.036";"Sensitivity | Current Policies | Urban depot-only charging";"Electricity"
"OPEX";"Taxes";"ES";"Taxes, Fees, Levies and charges - MCS";"Tractor-Trailer";"BAU";"EUR/kWh";2045;"0.036";"Sensitivity | Current Policies | Urban depot-only charging";"Electricity"
"OPEX";"Taxes";"FR";"Taxes, Fees, Levies and charges - MCS";"Rigid";"BAU";"EUR/kWh";2045;"0.03";"Sensitivity | Current Policies | Urban depot-only charging";"Electricity"
"OPEX";"Taxes";"FR";"Taxes, Fees, Levies and charges - MCS";"Tractor-Trailer";"BAU";"EUR/kWh";2045;"0.03";"Sensitivity | Current Policies | Urban depot-only charging";"Electricity"
"OPEX";"Taxes";"IT";"Taxes, Fees, Levies and charges - MCS";"Rigid";"BAU";"EUR/kWh";2045;"0.062";"Sensitivity | Current Policies | Urban depot-only charging";"Electricity"
"OPEX";"Taxes";"IT";"Taxes, Fees, Levies and charges - MCS";"Tractor-Trailer";"BAU";"EUR/kWh";2045;"0.062";"Sensitivity | Current Policies | Urban depot-only charging";"Electricity"
"OPEX";"Taxes";"NL";"Taxes, Fees, Levies and charges - MCS";"Rigid";"BAU";"EUR/kWh";2045;"0.055";"Sensitivity | Current Policies | Urban depot-only charging";"Electricity"
"OPEX";"Taxes";"NL";"Taxes, Fees, Levies and charges - MCS";"Tractor-Trailer";"BAU";"EUR/kWh";2045;"0.055";"Sensitivity | Current Policies | Urban depot-only charging";"Electricity"
"OPEX";"Taxes";"PL";"Taxes, Fees, Levies and charges - MCS";"Rigid";"BAU";"EUR/kWh";2045;"0.049";"Sensitivity | Current Policies | Urban depot-only charging";"Electricity"
"OPEX";"Taxes";"PL";"Taxes, Fees, Levies and charges - MCS";"Tractor-Trailer";"BAU";"EUR/kWh";2045;"0.049";"Sensitivity | Current Policies | Urban depot-only charging";"Electricity"
"OPEX";"Taxes";"UK";"Taxes, Fees, Levies and charges - MCS";"Rigid";"BAU";"EUR/kWh";2045;"0.077";"Sensitivity | Current Policies | Urban depot-only charging";"Electricity"
"OPEX";"Taxes";"UK";"Taxes, Fees, Levies and charges - MCS";"Tractor-Trailer";"BAU";"EUR/kWh";2045;"0.077";"Sensitivity | Current Policies | Urban depot-only charging";"Electricity"
"OPEX";"Taxes";"DE";"Network Costs - Depot";"Rigid";"BAU";"EUR/kWh";2045;"0.034";"Sensitivity | Current Policies | Urban depot-only charging";"Electricity"
"OPEX";"Taxes";"DE";"Network Costs - Depot";"Tractor-Trailer";"BAU";"EUR/kWh";2045;"0.034";"Sensitivity | Current Policies | Urban depot-only charging";"Electricity"
"OPEX";"Taxes";"ES";"Network Costs - Depot";"Rigid";"BAU";"EUR/kWh";2045;"0.018";"Sensitivity | Current Policies | Urban depot-only charging";"Electricity"
"OPEX";"Taxes";"ES";"Network Costs - Depot";"Tractor-Trailer";"BAU";"EUR/kWh";2045;"0.018";"Sensitivity | Current Policies | Urban depot-only charging";"Electricity"
"OPEX";"Taxes";"FR";"Network Costs - Depot";"Rigid";"BAU";"EUR/kWh";2045;"0.018";"Sensitivity | Current Policies | Urban depot-only charging";"Electricity"
"OPEX";"Taxes";"FR";"Network Costs - Depot";"Tractor-Trailer";"BAU";"EUR/kWh";2045;"0.018";"Sensitivity | Current Policies | Urban depot-only charging";"Electricity"
"OPEX";"Taxes";"IT";"Network Costs - Depot";"Rigid";"BAU";"EUR/kWh";2045;"0.016";"Sensitivity | Current Policies | Urban depot-only charging";"Electricity"
"OPEX";"Taxes";"IT";"Network Costs - Depot";"Tractor-Trailer";"BAU";"EUR/kWh";2045;"0.016";"Sensitivity | Current Policies | Urban depot-only charging";"Electricity"
"OPEX";"Taxes";"NL";"Network Costs - Depot";"Rigid";"BAU";"EUR/kWh";2045;"0.016";"Sensitivity | Current Policies | Urban depot-only charging";"Electricity"
"OPEX";"Taxes";"NL";"Network Costs - Depot";"Tractor-Trailer";"BAU";"EUR/kWh";2045;"0.016";"Sensitivity | Current Policies | Urban depot-only charging";"Electricity"
"OPEX";"Taxes";"PL";"Network Costs - Depot";"Rigid";"BAU";"EUR/kWh";2045;"0.019";"Sensitivity | Current Policies | Urban depot-only charging";"Electricity"
"OPEX";"Taxes";"PL";"Network Costs - Depot";"Tractor-Trailer";"BAU";"EUR/kWh";2045;"0.019";"Sensitivity | Current Policies | Urban depot-only charging";"Electricity"
"OPEX";"Taxes";"UK";"Network Costs - Depot";"Rigid";"BAU";"EUR/kWh";2045;"0.027";"Sensitivity | Current Policies | Urban depot-only charging";"Electricity"
"OPEX";"Taxes";"UK";"Network Costs - Depot";"Tractor-Trailer";"BAU";"EUR/kWh";2045;"0.027";"Sensitivity | Current Policies | Urban depot-only charging";"Electricity"
"OPEX";"Taxes";"DE";"Taxes, Fees, Levies and charges - Depot";"Rigid";"BAU";"EUR/kWh";2045;"0.056";"Sensitivity | Current Policies | Urban depot-only charging";"Electricity"
"OPEX";"Taxes";"DE";"Taxes, Fees, Levies and charges - Depot";"Tractor-Trailer";"BAU";"EUR/kWh";2045;"0.056";"Sensitivity | Current Policies | Urban depot-only charging";"Electricity"
"OPEX";"Taxes";"ES";"Taxes, Fees, Levies and charges - Depot";"Rigid";"BAU";"EUR/kWh";2045;"0.036";"Sensitivity | Current Policies | Urban depot-only charging";"Electricity"
"OPEX";"Taxes";"ES";"Taxes, Fees, Levies and charges - Depot";"Tractor-Trailer";"BAU";"EUR/kWh";2045;"0.036";"Sensitivity | Current Policies | Urban depot-only charging";"Electricity"
"OPEX";"Taxes";"FR";"Taxes, Fees, Levies and charges - Depot";"Rigid";"BAU";"EUR/kWh";2045;"0.03";"Sensitivity | Current Policies | Urban depot-only charging";"Electricity"
"OPEX";"Taxes";"FR";"Taxes, Fees, Levies and charges - Depot";"Tractor-Trailer";"BAU";"EUR/kWh";2045;"0.03";"Sensitivity | Current Policies | Urban depot-only charging";"Electricity"
"OPEX";"Taxes";"IT";"Taxes, Fees, Levies and charges - Depot";"Rigid";"BAU";"EUR/kWh";2045;"0.063";"Sensitivity | Current Policies | Urban depot-only charging";"Electricity"
"OPEX";"Taxes";"IT";"Taxes, Fees, Levies and charges - Depot";"Tractor-Trailer";"BAU";"EUR/kWh";2045;"0.063";"Sensitivity | Current Policies | Urban depot-only charging";"Electricity"
"OPEX";"Taxes";"NL";"Taxes, Fees, Levies and charges - Depot";"Rigid";"BAU";"EUR/kWh";2045;"0.055";"Sensitivity | Current Policies | Urban depot-only charging";"Electricity"
"OPEX";"Taxes";"NL";"Taxes, Fees, Levies and charges - Depot";"Tractor-Trailer";"BAU";"EUR/kWh";2045;"0.055";"Sensitivity | Current Policies | Urban depot-only charging";"Electricity"
"OPEX";"Taxes";"PL";"Taxes, Fees, Levies and charges - Depot";"Rigid";"BAU";"EUR/kWh";2045;"0.049";"Sensitivity | Current Policies | Urban depot-only charging";"Electricity"
"OPEX";"Taxes";"PL";"Taxes, Fees, Levies and charges - Depot";"Tractor-Trailer";"BAU";"EUR/kWh";2045;"0.049";"Sensitivity | Current Policies | Urban depot-only charging";"Electricity"
"OPEX";"Taxes";"UK";"Taxes, Fees, Levies and charges - Depot";"Rigid";"BAU";"EUR/kWh";2045;"0.077";"Sensitivity | Current Policies | Urban depot-only charging";"Electricity"
"OPEX";"Taxes";"UK";"Taxes, Fees, Levies and charges - Depot";"Tractor-Trailer";"BAU";"EUR/kWh";2045;"0.077";"Sensitivity | Current Policies | Urban depot-only charging";"Electricity"
"OPEX";"H2 Infrastructure";"DE";"HRS costs";"Rigid";"BAU";"EUR/kg H2";2045;"1.1";"Sensitivity | Current Policies | Urban depot-only charging";"Hydrogen"
"OPEX";"H2 Infrastructure";"DE";"HRS costs";"Tractor-Trailer";"BAU";"EUR/kg H2";2045;"1.1";"Sensitivity | Current Policies | Urban depot-only charging";"Hydrogen"
"OPEX";"H2 Infrastructure";"ES";"HRS costs";"Rigid";"BAU";"EUR/kg H2";2045;"1.1";"Sensitivity | Current Policies | Urban depot-only charging";"Hydrogen"
"OPEX";"H2 Infrastructure";"ES";"HRS costs";"Tractor-Trailer";"BAU";"EUR/kg H2";2045;"1.1";"Sensitivity | Current Policies | Urban depot-only charging";"Hydrogen"
"OPEX";"H2 Infrastructure";"FR";"HRS costs";"Rigid";"BAU";"EUR/kg H2";2045;"1.1";"Sensitivity | Current Policies | Urban depot-only charging";"Hydrogen"
"OPEX";"H2 Infrastructure";"FR";"HRS costs";"Tractor-Trailer";"BAU";"EUR/kg H2";2045;"1.1";"Sensitivity | Current Policies | Urban depot-only charging";"Hydrogen"
"OPEX";"H2 Infrastructure";"IT";"HRS costs";"Rigid";"BAU";"EUR/kg H2";2045;"1.1";"Sensitivity | Current Policies | Urban depot-only charging";"Hydrogen"
"OPEX";"H2 Infrastructure";"IT";"HRS costs";"Tractor-Trailer";"BAU";"EUR/kg H2";2045;"1.1";"Sensitivity | Current Policies | Urban depot-only charging";"Hydrogen"
"OPEX";"H2 Infrastructure";"NL";"HRS costs";"Rigid";"BAU";"EUR/kg H2";2045;"1.1";"Sensitivity | Current Policies | Urban depot-only charging";"Hydrogen"
"OPEX";"H2 Infrastructure";"NL";"HRS costs";"Tractor-Trailer";"BAU";"EUR/kg H2";2045;"1.1";"Sensitivity | Current Policies | Urban depot-only charging";"Hydrogen"
"OPEX";"H2 Infrastructure";"PL";"HRS costs";"Rigid";"BAU";"EUR/kg H2";2045;"1.1";"Sensitivity | Current Policies | Urban depot-only charging";"Hydrogen"
"OPEX";"H2 Infrastructure";"PL";"HRS costs";"Tractor-Trailer";"BAU";"EUR/kg H2";2045;"1.1";"Sensitivity | Current Policies | Urban depot-only charging";"Hydrogen"
"OPEX";"H2 Infrastructure";"UK";"HRS costs";"Rigid";"BAU";"EUR/kg H2";2045;"1.1";"Sensitivity | Current Policies | Urban depot-only charging";"Hydrogen"
"OPEX";"H2 Infrastructure";"UK";"HRS costs";"Tractor-Trailer";"BAU";"EUR/kg H2";2045;"1.1";"Sensitivity | Current Policies | Urban depot-only charging";"Hydrogen"
"OPEX";"H2 Infrastructure";"DE";"H2 transport and distribution";"Rigid";"BAU";"EUR/kg H2";2045;"1";"Sensitivity | Current Policies | Urban depot-only charging";"Hydrogen"
"OPEX";"H2 Infrastructure";"DE";"H2 transport and distribution";"Tractor-Trailer";"BAU";"EUR/kg H2";2045;"1";"Sensitivity | Current Policies | Urban depot-only charging";"Hydrogen"
"OPEX";"H2 Infrastructure";"ES";"H2 transport and distribution";"Rigid";"BAU";"EUR/kg H2";2045;"1";"Sensitivity | Current Policies | Urban depot-only charging";"Hydrogen"
"OPEX";"H2 Infrastructure";"ES";"H2 transport and distribution";"Tractor-Trailer";"BAU";"EUR/kg H2";2045;"1";"Sensitivity | Current Policies | Urban depot-only charging";"Hydrogen"
"OPEX";"H2 Infrastructure";"FR";"H2 transport and distribution";"Rigid";"BAU";"EUR/kg H2";2045;"1";"Sensitivity | Current Policies | Urban depot-only charging";"Hydrogen"
"OPEX";"H2 Infrastructure";"FR";"H2 transport and distribution";"Tractor-Trailer";"BAU";"EUR/kg H2";2045;"1";"Sensitivity | Current Policies | Urban depot-only charging";"Hydrogen"
"OPEX";"H2 Infrastructure";"IT";"H2 transport and distribution";"Rigid";"BAU";"EUR/kg H2";2045;"1";"Sensitivity | Current Policies | Urban depot-only charging";"Hydrogen"
"OPEX";"H2 Infrastructure";"IT";"H2 transport and distribution";"Tractor-Trailer";"BAU";"EUR/kg H2";2045;"1";"Sensitivity | Current Policies | Urban depot-only charging";"Hydrogen"
"OPEX";"H2 Infrastructure";"NL";"H2 transport and distribution";"Rigid";"BAU";"EUR/kg H2";2045;"1";"Sensitivity | Current Policies | Urban depot-only charging";"Hydrogen"
"OPEX";"H2 Infrastructure";"NL";"H2 transport and distribution";"Tractor-Trailer";"BAU";"EUR/kg H2";2045;"1";"Sensitivity | Current Policies | Urban depot-only charging";"Hydrogen"
"OPEX";"H2 Infrastructure";"PL";"H2 transport and distribution";"Rigid";"BAU";"EUR/kg H2";2045;"1";"Sensitivity | Current Policies | Urban depot-only charging";"Hydrogen"
"OPEX";"H2 Infrastructure";"PL";"H2 transport and distribution";"Tractor-Trailer";"BAU";"EUR/kg H2";2045;"1";"Sensitivity | Current Policies | Urban depot-only charging";"Hydrogen"
"OPEX";"H2 Infrastructure";"UK";"H2 transport and distribution";"Rigid";"BAU";"EUR/kg H2";2045;"1";"Sensitivity | Current Policies | Urban depot-only charging";"Hydrogen"
"OPEX";"H2 Infrastructure";"UK";"H2 transport and distribution";"Tractor-Trailer";"BAU";"EUR/kg H2";2045;"1";"Sensitivity | Current Policies | Urban depot-only charging";"Hydrogen"
"OPEX";"H2 Infrastructure";"DE";"HRS Overhead, Profit and Mark-Up";"Rigid";"BAU";"EUR/kg H2";2045;"0.25";"Sensitivity | Current Policies | Urban depot-only charging";"Hydrogen"
"OPEX";"H2 Infrastructure";"DE";"HRS Overhead, Profit and Mark-Up";"Tractor-Trailer";"BAU";"EUR/kg H2";2045;"0.25";"Sensitivity | Current Policies | Urban depot-only charging";"Hydrogen"
"OPEX";"H2 Infrastructure";"ES";"HRS Overhead, Profit and Mark-Up";"Rigid";"BAU";"EUR/kg H2";2045;"0.25";"Sensitivity | Current Policies | Urban depot-only charging";"Hydrogen"
"OPEX";"H2 Infrastructure";"ES";"HRS Overhead, Profit and Mark-Up";"Tractor-Trailer";"BAU";"EUR/kg H2";2045;"0.25";"Sensitivity | Current Policies | Urban depot-only charging";"Hydrogen"
"OPEX";"H2 Infrastructure";"FR";"HRS Overhead, Profit and Mark-Up";"Rigid";"BAU";"EUR/kg H2";2045;"0.25";"Sensitivity | Current Policies | Urban depot-only charging";"Hydrogen"
"OPEX";"H2 Infrastructure";"FR";"HRS Overhead, Profit and Mark-Up";"Tractor-Trailer";"BAU";"EUR/kg H2";2045;"0.25";"Sensitivity | Current Policies | Urban depot-only charging";"Hydrogen"
"OPEX";"H2 Infrastructure";"IT";"HRS Overhead, Profit and Mark-Up";"Rigid";"BAU";"EUR/kg H2";2045;"0.25";"Sensitivity | Current Policies | Urban depot-only charging";"Hydrogen"
"OPEX";"H2 Infrastructure";"IT";"HRS Overhead, Profit and Mark-Up";"Tractor-Trailer";"BAU";"EUR/kg H2";2045;"0.25";"Sensitivity | Current Policies | Urban depot-only charging";"Hydrogen"
"OPEX";"H2 Infrastructure";"NL";"HRS Overhead, Profit and Mark-Up";"Rigid";"BAU";"EUR/kg H2";2045;"0.25";"Sensitivity | Current Policies | Urban depot-only charging";"Hydrogen"
"OPEX";"H2 Infrastructure";"NL";"HRS Overhead, Profit and Mark-Up";"Tractor-Trailer";"BAU";"EUR/kg H2";2045;"0.25";"Sensitivity | Current Policies | Urban depot-only charging";"Hydrogen"
"OPEX";"H2 Infrastructure";"PL";"HRS Overhead, Profit and Mark-Up";"Rigid";"BAU";"EUR/kg H2";2045;"0.25";"Sensitivity | Current Policies | Urban depot-only charging";"Hydrogen"
"OPEX";"H2 Infrastructure";"PL";"HRS Overhead, Profit and Mark-Up";"Tractor-Trailer";"BAU";"EUR/kg H2";2045;"0.25";"Sensitivity | Current Policies | Urban depot-only charging";"Hydrogen"
"OPEX";"H2 Infrastructure";"UK";"HRS Overhead, Profit and Mark-Up";"Rigid";"BAU";"EUR/kg H2";2045;"0.25";"Sensitivity | Current Policies | Urban depot-only charging";"Hydrogen"
"OPEX";"H2 Infrastructure";"UK";"HRS Overhead, Profit and Mark-Up";"Tractor-Trailer";"BAU";"EUR/kg H2";2045;"0.25";"Sensitivity | Current Policies | Urban depot-only charging";"Hydrogen"
"OPEX";"Charging Infrastructure";"DE";"MCS Station (Public Charging) - Incl. Overhead";"Rigid";"BAU";"EUR/kWh";2045;"0.032";"Sensitivity | Current Policies | Urban depot-only charging";"Electricity"
"OPEX";"Charging Infrastructure";"DE";"MCS Station (Public Charging) - Incl. Overhead";"Tractor-Trailer";"BAU";"EUR/kWh";2045;"0.032";"Sensitivity | Current Policies | Urban depot-only charging";"Electricity"
"OPEX";"Charging Infrastructure";"ES";"MCS Station (Public Charging) - Incl. Overhead";"Rigid";"BAU";"EUR/kWh";2045;"0.032";"Sensitivity | Current Policies | Urban depot-only charging";"Electricity"
"OPEX";"Charging Infrastructure";"ES";"MCS Station (Public Charging) - Incl. Overhead";"Tractor-Trailer";"BAU";"EUR/kWh";2045;"0.032";"Sensitivity | Current Policies | Urban depot-only charging";"Electricity"
"OPEX";"Charging Infrastructure";"FR";"MCS Station (Public Charging) - Incl. Overhead";"Rigid";"BAU";"EUR/kWh";2045;"0.032";"Sensitivity | Current Policies | Urban depot-only charging";"Electricity"
"OPEX";"Charging Infrastructure";"FR";"MCS Station (Public Charging) - Incl. Overhead";"Tractor-Trailer";"BAU";"EUR/kWh";2045;"0.032";"Sensitivity | Current Policies | Urban depot-only charging";"Electricity"
"OPEX";"Charging Infrastructure";"IT";"MCS Station (Public Charging) - Incl. Overhead";"Rigid";"BAU";"EUR/kWh";2045;"0.032";"Sensitivity | Current Policies | Urban depot-only charging";"Electricity"
"OPEX";"Charging Infrastructure";"IT";"MCS Station (Public Charging) - Incl. Overhead";"Tractor-Trailer";"BAU";"EUR/kWh";2045;"0.032";"Sensitivity | Current Policies | Urban depot-only charging";"Electricity"
"OPEX";"Charging Infrastructure";"NL";"MCS Station (Public Charging) - Incl. Overhead";"Rigid";"BAU";"EUR/kWh";2045;"0.032";"Sensitivity | Current Policies | Urban depot-only charging";"Electricity"
"OPEX";"Charging Infrastructure";"NL";"MCS Station (Public Charging) - Incl. Overhead";"Tractor-Trailer";"BAU";"EUR/kWh";2045;"0.032";"Sensitivity | Current Policies | Urban depot-only charging";"Electricity"
"OPEX";"Charging Infrastructure";"PL";"MCS Station (Public Charging) - Incl. Overhead";"Rigid";"BAU";"EUR/kWh";2045;"0.032";"Sensitivity | Current Policies | Urban depot-only charging";"Electricity"
"OPEX";"Charging Infrastructure";"PL";"MCS Station (Public Charging) - Incl. Overhead";"Tractor-Trailer";"BAU";"EUR/kWh";2045;"0.032";"Sensitivity | Current Policies | Urban depot-only charging";"Electricity"
"OPEX";"Charging Infrastructure";"UK";"MCS Station (Public Charging) - Incl. Overhead";"Rigid";"BAU";"EUR/kWh";2045;"0.032";"Sensitivity | Current Policies | Urban depot-only charging";"Electricity"
"OPEX";"Charging Infrastructure";"UK";"MCS Station (Public Charging) - Incl. Overhead";"Tractor-Trailer";"BAU";"EUR/kWh";2045;"0.032";"Sensitivity | Current Policies | Urban depot-only charging";"Electricity"
"OPEX";"Charging Infrastructure";"DE";"Share MCS-Charging";"Rigid";"BAU";"%";2045;"0";"Sensitivity | Current Policies | Urban depot-only charging";"Electricity"
"OPEX";"Charging Infrastructure";"DE";"Share MCS-Charging";"Tractor-Trailer";"BAU";"%";2045;"0";"Sensitivity | Current Policies | Urban depot-only charging";"Electricity"
"OPEX";"Charging Infrastructure";"ES";"Share MCS-Charging";"Rigid";"BAU";"%";2045;"0";"Sensitivity | Current Policies | Urban depot-only charging";"Electricity"
"OPEX";"Charging Infrastructure";"ES";"Share MCS-Charging";"Tractor-Trailer";"BAU";"%";2045;"0";"Sensitivity | Current Policies | Urban depot-only charging";"Electricity"
"OPEX";"Charging Infrastructure";"FR";"Share MCS-Charging";"Rigid";"BAU";"%";2045;"0";"Sensitivity | Current Policies | Urban depot-only charging";"Electricity"
"OPEX";"Charging Infrastructure";"FR";"Share MCS-Charging";"Tractor-Trailer";"BAU";"%";2045;"0";"Sensitivity | Current Policies | Urban depot-only charging";"Electricity"
"OPEX";"Charging Infrastructure";"IT";"Share MCS-Charging";"Rigid";"BAU";"%";2045;"0";"Sensitivity | Current Policies | Urban depot-only charging";"Electricity"
"OPEX";"Charging Infrastructure";"IT";"Share MCS-Charging";"Tractor-Trailer";"BAU";"%";2045;"0";"Sensitivity | Current Policies | Urban depot-only charging";"Electricity"
"OPEX";"Charging Infrastructure";"NL";"Share MCS-Charging";"Rigid";"BAU";"%";2045;"0";"Sensitivity | Current Policies | Urban depot-only charging";"Electricity"
"OPEX";"Charging Infrastructure";"NL";"Share MCS-Charging";"Tractor-Trailer";"BAU";"%";2045;"0";"Sensitivity | Current Policies | Urban depot-only charging";"Electricity"
"OPEX";"Charging Infrastructure";"PL";"Share MCS-Charging";"Rigid";"BAU";"%";2045;"0";"Sensitivity | Current Policies | Urban depot-only charging";"Electricity"
"OPEX";"Charging Infrastructure";"PL";"Share MCS-Charging";"Tractor-Trailer";"BAU";"%";2045;"0";"Sensitivity | Current Policies | Urban depot-only charging";"Electricity"
"OPEX";"Charging Infrastructure";"UK";"Share MCS-Charging";"Rigid";"BAU";"%";2045;"0";"Sensitivity | Current Policies | Urban depot-only charging";"Electricity"
"OPEX";"Charging Infrastructure";"UK";"Share MCS-Charging";"Tractor-Trailer";"BAU";"%";2045;"0";"Sensitivity | Current Policies | Urban depot-only charging";"Electricity"
"OPEX";"Charging Infrastructure";"DE";"Depot - Network fees savings potential";"Rigid";"BAU";"EUR/kWh";2045;"0";"Sensitivity | Current Policies | Urban depot-only charging";"Electricity"
"OPEX";"Charging Infrastructure";"DE";"Depot - Network fees savings potential";"Tractor-Trailer";"BAU";"EUR/kWh";2045;"0";"Sensitivity | Current Policies | Urban depot-only charging";"Electricity"
"OPEX";"Charging Infrastructure";"ES";"Depot - Network fees savings potential";"Rigid";"BAU";"EUR/kWh";2045;"0";"Sensitivity | Current Policies | Urban depot-only charging";"Electricity"
"OPEX";"Charging Infrastructure";"ES";"Depot - Network fees savings potential";"Tractor-Trailer";"BAU";"EUR/kWh";2045;"0";"Sensitivity | Current Policies | Urban depot-only charging";"Electricity"
"OPEX";"Charging Infrastructure";"FR";"Depot - Network fees savings potential";"Rigid";"BAU";"EUR/kWh";2045;"0";"Sensitivity | Current Policies | Urban depot-only charging";"Electricity"
"OPEX";"Charging Infrastructure";"FR";"Depot - Network fees savings potential";"Tractor-Trailer";"BAU";"EUR/kWh";2045;"0";"Sensitivity | Current Policies | Urban depot-only charging";"Electricity"
"OPEX";"Charging Infrastructure";"IT";"Depot - Network fees savings potential";"Rigid";"BAU";"EUR/kWh";2045;"0";"Sensitivity | Current Policies | Urban depot-only charging";"Electricity"
"OPEX";"Charging Infrastructure";"IT";"Depot - Network fees savings potential";"Tractor-Trailer";"BAU";"EUR/kWh";2045;"0";"Sensitivity | Current Policies | Urban depot-only charging";"Electricity"
"OPEX";"Charging Infrastructure";"NL";"Depot - Network fees savings potential";"Rigid";"BAU";"EUR/kWh";2045;"0";"Sensitivity | Current Policies | Urban depot-only charging";"Electricity"
"OPEX";"Charging Infrastructure";"NL";"Depot - Network fees savings potential";"Tractor-Trailer";"BAU";"EUR/kWh";2045;"0";"Sensitivity | Current Policies | Urban depot-only charging";"Electricity"
"OPEX";"Charging Infrastructure";"PL";"Depot - Network fees savings potential";"Rigid";"BAU";"EUR/kWh";2045;"0";"Sensitivity | Current Policies | Urban depot-only charging";"Electricity"
"OPEX";"Charging Infrastructure";"PL";"Depot - Network fees savings potential";"Tractor-Trailer";"BAU";"EUR/kWh";2045;"0";"Sensitivity | Current Policies | Urban depot-only charging";"Electricity"
"OPEX";"Charging Infrastructure";"UK";"Depot - Network fees savings potential";"Rigid";"BAU";"EUR/kWh";2045;"0";"Sensitivity | Current Policies | Urban depot-only charging";"Electricity"
"OPEX";"Charging Infrastructure";"UK";"Depot - Network fees savings potential";"Tractor-Trailer";"BAU";"EUR/kWh";2045;"0";"Sensitivity | Current Policies | Urban depot-only charging";"Electricity"
"OPEX";"Taxes";"DE";"Tax reduction";"Rigid";"BAU";"%";2045;"0";"Sensitivity | Current Policies | Urban depot-only charging";"Hydrogen"
"OPEX";"Taxes";"DE";"Tax reduction";"Tractor-Trailer";"BAU";"%";2045;"0";"Sensitivity | Current Policies | Urban depot-only charging";"Hydrogen"
"OPEX";"Taxes";"ES";"Tax reduction";"Rigid";"BAU";"%";2045;"0";"Sensitivity | Current Policies | Urban depot-only charging";"Hydrogen"
"OPEX";"Taxes";"ES";"Tax reduction";"Tractor-Trailer";"BAU";"%";2045;"0";"Sensitivity | Current Policies | Urban depot-only charging";"Hydrogen"
"OPEX";"Taxes";"FR";"Tax reduction";"Rigid";"BAU";"%";2045;"0";"Sensitivity | Current Policies | Urban depot-only charging";"Hydrogen"
"OPEX";"Taxes";"FR";"Tax reduction";"Tractor-Trailer";"BAU";"%";2045;"0";"Sensitivity | Current Policies | Urban depot-only charging";"Hydrogen"
"OPEX";"Taxes";"IT";"Tax reduction";"Rigid";"BAU";"%";2045;"0";"Sensitivity | Current Policies | Urban depot-only charging";"Hydrogen"
"OPEX";"Taxes";"IT";"Tax reduction";"Tractor-Trailer";"BAU";"%";2045;"0";"Sensitivity | Current Policies | Urban depot-only charging";"Hydrogen"
"OPEX";"Taxes";"NL";"Tax reduction";"Rigid";"BAU";"%";2045;"0";"Sensitivity | Current Policies | Urban depot-only charging";"Hydrogen"
"OPEX";"Taxes";"NL";"Tax reduction";"Tractor-Trailer";"BAU";"%";2045;"0";"Sensitivity | Current Policies | Urban depot-only charging";"Hydrogen"
"OPEX";"Taxes";"PL";"Tax reduction";"Rigid";"BAU";"%";2045;"0";"Sensitivity | Current Policies | Urban depot-only charging";"Hydrogen"
"OPEX";"Taxes";"PL";"Tax reduction";"Tractor-Trailer";"BAU";"%";2045;"0";"Sensitivity | Current Policies | Urban depot-only charging";"Hydrogen"
"OPEX";"Taxes";"UK";"Tax reduction";"Rigid";"BAU";"%";2045;"0";"Sensitivity | Current Policies | Urban depot-only charging";"Hydrogen"
"OPEX";"Taxes";"UK";"Tax reduction";"Tractor-Trailer";"BAU";"%";2045;"0";"Sensitivity | Current Policies | Urban depot-only charging";"Hydrogen"
"OPEX";"Taxes";"DE";"Increasing grid fees";"Rigid";"PROG";"%";2045;"0.25";"Sensitivity | Current Policies | Urban depot-only charging";"Electricity"
"OPEX";"Taxes";"DE";"Increasing grid fees";"Tractor-Trailer";"PROG";"%";2045;"0.25";"Sensitivity | Current Policies | Urban depot-only charging";"Electricity"
"OPEX";"Taxes";"ES";"Increasing grid fees";"Rigid";"PROG";"%";2045;"0.25";"Sensitivity | Current Policies | Urban depot-only charging";"Electricity"
"OPEX";"Taxes";"ES";"Increasing grid fees";"Tractor-Trailer";"PROG";"%";2045;"0.25";"Sensitivity | Current Policies | Urban depot-only charging";"Electricity"
"OPEX";"Taxes";"FR";"Increasing grid fees";"Rigid";"PROG";"%";2045;"0.25";"Sensitivity | Current Policies | Urban depot-only charging";"Electricity"
"OPEX";"Taxes";"FR";"Increasing grid fees";"Tractor-Trailer";"PROG";"%";2045;"0.25";"Sensitivity | Current Policies | Urban depot-only charging";"Electricity"
"OPEX";"Taxes";"IT";"Increasing grid fees";"Rigid";"PROG";"%";2045;"0.25";"Sensitivity | Current Policies | Urban depot-only charging";"Electricity"
"OPEX";"Taxes";"IT";"Increasing grid fees";"Tractor-Trailer";"PROG";"%";2045;"0.25";"Sensitivity | Current Policies | Urban depot-only charging";"Electricity"
"OPEX";"Taxes";"NL";"Increasing grid fees";"Rigid";"PROG";"%";2045;"0.25";"Sensitivity | Current Policies | Urban depot-only charging";"Electricity"
"OPEX";"Taxes";"NL";"Increasing grid fees";"Tractor-Trailer";"PROG";"%";2045;"0.25";"Sensitivity | Current Policies | Urban depot-only charging";"Electricity"
"OPEX";"Taxes";"PL";"Increasing grid fees";"Rigid";"PROG";"%";2045;"0.25";"Sensitivity | Current Policies | Urban depot-only charging";"Electricity"
"OPEX";"Taxes";"PL";"Increasing grid fees";"Tractor-Trailer";"PROG";"%";2045;"0.25";"Sensitivity | Current Policies | Urban depot-only charging";"Electricity"
"OPEX";"Taxes";"UK";"Increasing grid fees";"Rigid";"PROG";"%";2045;"0.25";"Sensitivity | Current Policies | Urban depot-only charging";"Electricity"
"OPEX";"Taxes";"UK";"Increasing grid fees";"Tractor-Trailer";"PROG";"%";2045;"0.25";"Sensitivity | Current Policies | Urban depot-only charging";"Electricity"
"OPEX";"Taxes";"DE";"Increasing grid fees";"Rigid";"BAU";"%";2045;"0.417";"Sensitivity | Current Policies | Urban depot-only charging";"Electricity"
"OPEX";"Taxes";"DE";"Increasing grid fees";"Tractor-Trailer";"BAU";"%";2045;"0.417";"Sensitivity | Current Policies | Urban depot-only charging";"Electricity"
"OPEX";"Taxes";"ES";"Increasing grid fees";"Rigid";"BAU";"%";2045;"0.417";"Sensitivity | Current Policies | Urban depot-only charging";"Electricity"
"OPEX";"Taxes";"ES";"Increasing grid fees";"Tractor-Trailer";"BAU";"%";2045;"0.417";"Sensitivity | Current Policies | Urban depot-only charging";"Electricity"
"OPEX";"Taxes";"FR";"Increasing grid fees";"Rigid";"BAU";"%";2045;"0.417";"Sensitivity | Current Policies | Urban depot-only charging";"Electricity"
"OPEX";"Taxes";"FR";"Increasing grid fees";"Tractor-Trailer";"BAU";"%";2045;"0.417";"Sensitivity | Current Policies | Urban depot-only charging";"Electricity"
"OPEX";"Taxes";"IT";"Increasing grid fees";"Rigid";"BAU";"%";2045;"0.417";"Sensitivity | Current Policies | Urban depot-only charging";"Electricity"
"OPEX";"Taxes";"IT";"Increasing grid fees";"Tractor-Trailer";"BAU";"%";2045;"0.417";"Sensitivity | Current Policies | Urban depot-only charging";"Electricity"
"OPEX";"Taxes";"NL";"Increasing grid fees";"Rigid";"BAU";"%";2045;"0.417";"Sensitivity | Current Policies | Urban depot-only charging";"Electricity"
"OPEX";"Taxes";"NL";"Increasing grid fees";"Tractor-Trailer";"BAU";"%";2045;"0.417";"Sensitivity | Current Policies | Urban depot-only charging";"Electricity"
"OPEX";"Taxes";"PL";"Increasing grid fees";"Rigid";"BAU";"%";2045;"0.417";"Sensitivity | Current Policies | Urban depot-only charging";"Electricity"
"OPEX";"Taxes";"PL";"Increasing grid fees";"Tractor-Trailer";"BAU";"%";2045;"0.417";"Sensitivity | Current Policies | Urban depot-only charging";"Electricity"
"OPEX";"Taxes";"UK";"Increasing grid fees";"Rigid";"BAU";"%";2045;"0.417";"Sensitivity | Current Policies | Urban depot-only charging";"Electricity"
"OPEX";"Taxes";"UK";"Increasing grid fees";"Tractor-Trailer";"BAU";"%";2045;"0.417";"Sensitivity | Current Policies | Urban depot-only charging";"Electricity"
"OPEX";"Taxes";"DE";"Network Costs - MCS";"Rigid";"PROG";"EUR/kWh";2050;"0.021";"Sensitivity | Current Policies | Urban depot-only charging";"Electricity"
"OPEX";"Taxes";"DE";"Network Costs - MCS";"Tractor-Trailer";"PROG";"EUR/kWh";2050;"0.021";"Sensitivity | Current Policies | Urban depot-only charging";"Electricity"
"OPEX";"Taxes";"ES";"Network Costs - MCS";"Rigid";"PROG";"EUR/kWh";2050;"0.009";"Sensitivity | Current Policies | Urban depot-only charging";"Electricity"
"OPEX";"Taxes";"ES";"Network Costs - MCS";"Tractor-Trailer";"PROG";"EUR/kWh";2050;"0.009";"Sensitivity | Current Policies | Urban depot-only charging";"Electricity"
"OPEX";"Taxes";"FR";"Network Costs - MCS";"Rigid";"PROG";"EUR/kWh";2050;"0.014";"Sensitivity | Current Policies | Urban depot-only charging";"Electricity"
"OPEX";"Taxes";"FR";"Network Costs - MCS";"Tractor-Trailer";"PROG";"EUR/kWh";2050;"0.014";"Sensitivity | Current Policies | Urban depot-only charging";"Electricity"
"OPEX";"Taxes";"IT";"Network Costs - MCS";"Rigid";"PROG";"EUR/kWh";2050;"0.012";"Sensitivity | Current Policies | Urban depot-only charging";"Electricity"
"OPEX";"Taxes";"IT";"Network Costs - MCS";"Tractor-Trailer";"PROG";"EUR/kWh";2050;"0.012";"Sensitivity | Current Policies | Urban depot-only charging";"Electricity"
"OPEX";"Taxes";"NL";"Network Costs - MCS";"Rigid";"PROG";"EUR/kWh";2050;"0.015";"Sensitivity | Current Policies | Urban depot-only charging";"Electricity"
"OPEX";"Taxes";"NL";"Network Costs - MCS";"Tractor-Trailer";"PROG";"EUR/kWh";2050;"0.015";"Sensitivity | Current Policies | Urban depot-only charging";"Electricity"
"OPEX";"Taxes";"PL";"Network Costs - MCS";"Rigid";"PROG";"EUR/kWh";2050;"0.014";"Sensitivity | Current Policies | Urban depot-only charging";"Electricity"
"OPEX";"Taxes";"PL";"Network Costs - MCS";"Tractor-Trailer";"PROG";"EUR/kWh";2050;"0.014";"Sensitivity | Current Policies | Urban depot-only charging";"Electricity"
"OPEX";"Taxes";"UK";"Network Costs - MCS";"Rigid";"PROG";"EUR/kWh";2050;"0.018";"Sensitivity | Current Policies | Urban depot-only charging";"Electricity"
"OPEX";"Taxes";"UK";"Network Costs - MCS";"Tractor-Trailer";"PROG";"EUR/kWh";2050;"0.018";"Sensitivity | Current Policies | Urban depot-only charging";"Electricity"
"OPEX";"Taxes";"DE";"Taxes, Fees, Levies and charges - MCS";"Rigid";"PROG";"EUR/kWh";2050;"0.051";"Sensitivity | Current Policies | Urban depot-only charging";"Electricity"
"OPEX";"Taxes";"DE";"Taxes, Fees, Levies and charges - MCS";"Tractor-Trailer";"PROG";"EUR/kWh";2050;"0.051";"Sensitivity | Current Policies | Urban depot-only charging";"Electricity"
"OPEX";"Taxes";"ES";"Taxes, Fees, Levies and charges - MCS";"Rigid";"PROG";"EUR/kWh";2050;"0.026";"Sensitivity | Current Policies | Urban depot-only charging";"Electricity"
"OPEX";"Taxes";"ES";"Taxes, Fees, Levies and charges - MCS";"Tractor-Trailer";"PROG";"EUR/kWh";2050;"0.026";"Sensitivity | Current Policies | Urban depot-only charging";"Electricity"
"OPEX";"Taxes";"FR";"Taxes, Fees, Levies and charges - MCS";"Rigid";"PROG";"EUR/kWh";2050;"0.022";"Sensitivity | Current Policies | Urban depot-only charging";"Electricity"
"OPEX";"Taxes";"FR";"Taxes, Fees, Levies and charges - MCS";"Tractor-Trailer";"PROG";"EUR/kWh";2050;"0.022";"Sensitivity | Current Policies | Urban depot-only charging";"Electricity"
"OPEX";"Taxes";"IT";"Taxes, Fees, Levies and charges - MCS";"Rigid";"PROG";"EUR/kWh";2050;"0.034";"Sensitivity | Current Policies | Urban depot-only charging";"Electricity"
"OPEX";"Taxes";"IT";"Taxes, Fees, Levies and charges - MCS";"Tractor-Trailer";"PROG";"EUR/kWh";2050;"0.034";"Sensitivity | Current Policies | Urban depot-only charging";"Electricity"
"OPEX";"Taxes";"NL";"Taxes, Fees, Levies and charges - MCS";"Rigid";"PROG";"EUR/kWh";2050;"0.023";"Sensitivity | Current Policies | Urban depot-only charging";"Electricity"
"OPEX";"Taxes";"NL";"Taxes, Fees, Levies and charges - MCS";"Tractor-Trailer";"PROG";"EUR/kWh";2050;"0.023";"Sensitivity | Current Policies | Urban depot-only charging";"Electricity"
"OPEX";"Taxes";"PL";"Taxes, Fees, Levies and charges - MCS";"Rigid";"PROG";"EUR/kWh";2050;"0.045";"Sensitivity | Current Policies | Urban depot-only charging";"Electricity"
"OPEX";"Taxes";"PL";"Taxes, Fees, Levies and charges - MCS";"Tractor-Trailer";"PROG";"EUR/kWh";2050;"0.045";"Sensitivity | Current Policies | Urban depot-only charging";"Electricity"
"OPEX";"Taxes";"UK";"Taxes, Fees, Levies and charges - MCS";"Rigid";"PROG";"EUR/kWh";2050;"0.074";"Sensitivity | Current Policies | Urban depot-only charging";"Electricity"
"OPEX";"Taxes";"UK";"Taxes, Fees, Levies and charges - MCS";"Tractor-Trailer";"PROG";"EUR/kWh";2050;"0.074";"Sensitivity | Current Policies | Urban depot-only charging";"Electricity"
"OPEX";"Taxes";"DE";"Network Costs - Depot";"Rigid";"PROG";"EUR/kWh";2050;"0.034";"Sensitivity | Current Policies | Urban depot-only charging";"Electricity"
"OPEX";"Taxes";"DE";"Network Costs - Depot";"Tractor-Trailer";"PROG";"EUR/kWh";2050;"0.034";"Sensitivity | Current Policies | Urban depot-only charging";"Electricity"
"OPEX";"Taxes";"ES";"Network Costs - Depot";"Rigid";"PROG";"EUR/kWh";2050;"0.018";"Sensitivity | Current Policies | Urban depot-only charging";"Electricity"
"OPEX";"Taxes";"ES";"Network Costs - Depot";"Tractor-Trailer";"PROG";"EUR/kWh";2050;"0.018";"Sensitivity | Current Policies | Urban depot-only charging";"Electricity"
"OPEX";"Taxes";"FR";"Network Costs - Depot";"Rigid";"PROG";"EUR/kWh";2050;"0.018";"Sensitivity | Current Policies | Urban depot-only charging";"Electricity"
"OPEX";"Taxes";"FR";"Network Costs - Depot";"Tractor-Trailer";"PROG";"EUR/kWh";2050;"0.018";"Sensitivity | Current Policies | Urban depot-only charging";"Electricity"
"OPEX";"Taxes";"IT";"Network Costs - Depot";"Rigid";"PROG";"EUR/kWh";2050;"0.016";"Sensitivity | Current Policies | Urban depot-only charging";"Electricity"
"OPEX";"Taxes";"IT";"Network Costs - Depot";"Tractor-Trailer";"PROG";"EUR/kWh";2050;"0.016";"Sensitivity | Current Policies | Urban depot-only charging";"Electricity"
"OPEX";"Taxes";"NL";"Network Costs - Depot";"Rigid";"PROG";"EUR/kWh";2050;"0.016";"Sensitivity | Current Policies | Urban depot-only charging";"Electricity"
"OPEX";"Taxes";"NL";"Network Costs - Depot";"Tractor-Trailer";"PROG";"EUR/kWh";2050;"0.016";"Sensitivity | Current Policies | Urban depot-only charging";"Electricity"
"OPEX";"Taxes";"PL";"Network Costs - Depot";"Rigid";"PROG";"EUR/kWh";2050;"0.019";"Sensitivity | Current Policies | Urban depot-only charging";"Electricity"
"OPEX";"Taxes";"PL";"Network Costs - Depot";"Tractor-Trailer";"PROG";"EUR/kWh";2050;"0.019";"Sensitivity | Current Policies | Urban depot-only charging";"Electricity"
"OPEX";"Taxes";"UK";"Network Costs - Depot";"Rigid";"PROG";"EUR/kWh";2050;"0.027";"Sensitivity | Current Policies | Urban depot-only charging";"Electricity"
"OPEX";"Taxes";"UK";"Network Costs - Depot";"Tractor-Trailer";"PROG";"EUR/kWh";2050;"0.027";"Sensitivity | Current Policies | Urban depot-only charging";"Electricity"
"OPEX";"Taxes";"DE";"Taxes, Fees, Levies and charges - Depot";"Rigid";"PROG";"EUR/kWh";2050;"0.056";"Sensitivity | Current Policies | Urban depot-only charging";"Electricity"
"OPEX";"Taxes";"DE";"Taxes, Fees, Levies and charges - Depot";"Tractor-Trailer";"PROG";"EUR/kWh";2050;"0.056";"Sensitivity | Current Policies | Urban depot-only charging";"Electricity"
"OPEX";"Taxes";"ES";"Taxes, Fees, Levies and charges - Depot";"Rigid";"PROG";"EUR/kWh";2050;"0.036";"Sensitivity | Current Policies | Urban depot-only charging";"Electricity"
"OPEX";"Taxes";"ES";"Taxes, Fees, Levies and charges - Depot";"Tractor-Trailer";"PROG";"EUR/kWh";2050;"0.036";"Sensitivity | Current Policies | Urban depot-only charging";"Electricity"
"OPEX";"Taxes";"FR";"Taxes, Fees, Levies and charges - Depot";"Rigid";"PROG";"EUR/kWh";2050;"0.03";"Sensitivity | Current Policies | Urban depot-only charging";"Electricity"
"OPEX";"Taxes";"FR";"Taxes, Fees, Levies and charges - Depot";"Tractor-Trailer";"PROG";"EUR/kWh";2050;"0.03";"Sensitivity | Current Policies | Urban depot-only charging";"Electricity"
"OPEX";"Taxes";"IT";"Taxes, Fees, Levies and charges - Depot";"Rigid";"PROG";"EUR/kWh";2050;"0.063";"Sensitivity | Current Policies | Urban depot-only charging";"Electricity"
"OPEX";"Taxes";"IT";"Taxes, Fees, Levies and charges - Depot";"Tractor-Trailer";"PROG";"EUR/kWh";2050;"0.063";"Sensitivity | Current Policies | Urban depot-only charging";"Electricity"
"OPEX";"Taxes";"NL";"Taxes, Fees, Levies and charges - Depot";"Rigid";"PROG";"EUR/kWh";2050;"0.055";"Sensitivity | Current Policies | Urban depot-only charging";"Electricity"
"OPEX";"Taxes";"NL";"Taxes, Fees, Levies and charges - Depot";"Tractor-Trailer";"PROG";"EUR/kWh";2050;"0.055";"Sensitivity | Current Policies | Urban depot-only charging";"Electricity"
"OPEX";"Taxes";"PL";"Taxes, Fees, Levies and charges - Depot";"Rigid";"PROG";"EUR/kWh";2050;"0.049";"Sensitivity | Current Policies | Urban depot-only charging";"Electricity"
"OPEX";"Taxes";"PL";"Taxes, Fees, Levies and charges - Depot";"Tractor-Trailer";"PROG";"EUR/kWh";2050;"0.049";"Sensitivity | Current Policies | Urban depot-only charging";"Electricity"
"OPEX";"Taxes";"UK";"Taxes, Fees, Levies and charges - Depot";"Rigid";"PROG";"EUR/kWh";2050;"0.077";"Sensitivity | Current Policies | Urban depot-only charging";"Electricity"
"OPEX";"Taxes";"UK";"Taxes, Fees, Levies and charges - Depot";"Tractor-Trailer";"PROG";"EUR/kWh";2050;"0.077";"Sensitivity | Current Policies | Urban depot-only charging";"Electricity"
"OPEX";"H2 Infrastructure";"DE";"HRS costs";"Rigid";"PROG";"EUR/kg H2";2050;"0.6";"Sensitivity | Current Policies | Urban depot-only charging";"Hydrogen"
"OPEX";"H2 Infrastructure";"DE";"HRS costs";"Tractor-Trailer";"PROG";"EUR/kg H2";2050;"0.6";"Sensitivity | Current Policies | Urban depot-only charging";"Hydrogen"
"OPEX";"H2 Infrastructure";"ES";"HRS costs";"Rigid";"PROG";"EUR/kg H2";2050;"0.6";"Sensitivity | Current Policies | Urban depot-only charging";"Hydrogen"
"OPEX";"H2 Infrastructure";"ES";"HRS costs";"Tractor-Trailer";"PROG";"EUR/kg H2";2050;"0.6";"Sensitivity | Current Policies | Urban depot-only charging";"Hydrogen"
"OPEX";"H2 Infrastructure";"FR";"HRS costs";"Rigid";"PROG";"EUR/kg H2";2050;"0.6";"Sensitivity | Current Policies | Urban depot-only charging";"Hydrogen"
"OPEX";"H2 Infrastructure";"FR";"HRS costs";"Tractor-Trailer";"PROG";"EUR/kg H2";2050;"0.6";"Sensitivity | Current Policies | Urban depot-only charging";"Hydrogen"
"OPEX";"H2 Infrastructure";"IT";"HRS costs";"Rigid";"PROG";"EUR/kg H2";2050;"0.6";"Sensitivity | Current Policies | Urban depot-only charging";"Hydrogen"
"OPEX";"H2 Infrastructure";"IT";"HRS costs";"Tractor-Trailer";"PROG";"EUR/kg H2";2050;"0.6";"Sensitivity | Current Policies | Urban depot-only charging";"Hydrogen"
"OPEX";"H2 Infrastructure";"NL";"HRS costs";"Rigid";"PROG";"EUR/kg H2";2050;"0.6";"Sensitivity | Current Policies | Urban depot-only charging";"Hydrogen"
"OPEX";"H2 Infrastructure";"NL";"HRS costs";"Tractor-Trailer";"PROG";"EUR/kg H2";2050;"0.6";"Sensitivity | Current Policies | Urban depot-only charging";"Hydrogen"
"OPEX";"H2 Infrastructure";"PL";"HRS costs";"Rigid";"PROG";"EUR/kg H2";2050;"0.6";"Sensitivity | Current Policies | Urban depot-only charging";"Hydrogen"
"OPEX";"H2 Infrastructure";"PL";"HRS costs";"Tractor-Trailer";"PROG";"EUR/kg H2";2050;"0.6";"Sensitivity | Current Policies | Urban depot-only charging";"Hydrogen"
"OPEX";"H2 Infrastructure";"UK";"HRS costs";"Rigid";"PROG";"EUR/kg H2";2050;"0.6";"Sensitivity | Current Policies | Urban depot-only charging";"Hydrogen"
"OPEX";"H2 Infrastructure";"UK";"HRS costs";"Tractor-Trailer";"PROG";"EUR/kg H2";2050;"0.6";"Sensitivity | Current Policies | Urban depot-only charging";"Hydrogen"
"OPEX";"H2 Infrastructure";"DE";"H2 transport and distribution";"Rigid";"PROG";"EUR/kg H2";2050;"0.667";"Sensitivity | Current Policies | Urban depot-only charging";"Hydrogen"
"OPEX";"H2 Infrastructure";"DE";"H2 transport and distribution";"Tractor-Trailer";"PROG";"EUR/kg H2";2050;"0.667";"Sensitivity | Current Policies | Urban depot-only charging";"Hydrogen"
"OPEX";"H2 Infrastructure";"ES";"H2 transport and distribution";"Rigid";"PROG";"EUR/kg H2";2050;"0.667";"Sensitivity | Current Policies | Urban depot-only charging";"Hydrogen"
"OPEX";"H2 Infrastructure";"ES";"H2 transport and distribution";"Tractor-Trailer";"PROG";"EUR/kg H2";2050;"0.667";"Sensitivity | Current Policies | Urban depot-only charging";"Hydrogen"
"OPEX";"H2 Infrastructure";"FR";"H2 transport and distribution";"Rigid";"PROG";"EUR/kg H2";2050;"0.667";"Sensitivity | Current Policies | Urban depot-only charging";"Hydrogen"
"OPEX";"H2 Infrastructure";"FR";"H2 transport and distribution";"Tractor-Trailer";"PROG";"EUR/kg H2";2050;"0.667";"Sensitivity | Current Policies | Urban depot-only charging";"Hydrogen"
"OPEX";"H2 Infrastructure";"IT";"H2 transport and distribution";"Rigid";"PROG";"EUR/kg H2";2050;"0.667";"Sensitivity | Current Policies | Urban depot-only charging";"Hydrogen"
"OPEX";"H2 Infrastructure";"IT";"H2 transport and distribution";"Tractor-Trailer";"PROG";"EUR/kg H2";2050;"0.667";"Sensitivity | Current Policies | Urban depot-only charging";"Hydrogen"
"OPEX";"H2 Infrastructure";"NL";"H2 transport and distribution";"Rigid";"PROG";"EUR/kg H2";2050;"0.667";"Sensitivity | Current Policies | Urban depot-only charging";"Hydrogen"
"OPEX";"H2 Infrastructure";"NL";"H2 transport and distribution";"Tractor-Trailer";"PROG";"EUR/kg H2";2050;"0.667";"Sensitivity | Current Policies | Urban depot-only charging";"Hydrogen"
"OPEX";"H2 Infrastructure";"PL";"H2 transport and distribution";"Rigid";"PROG";"EUR/kg H2";2050;"0.667";"Sensitivity | Current Policies | Urban depot-only charging";"Hydrogen"
"OPEX";"H2 Infrastructure";"PL";"H2 transport and distribution";"Tractor-Trailer";"PROG";"EUR/kg H2";2050;"0.667";"Sensitivity | Current Policies | Urban depot-only charging";"Hydrogen"
"OPEX";"H2 Infrastructure";"UK";"H2 transport and distribution";"Rigid";"PROG";"EUR/kg H2";2050;"0.667";"Sensitivity | Current Policies | Urban depot-only charging";"Hydrogen"
"OPEX";"H2 Infrastructure";"UK";"H2 transport and distribution";"Tractor-Trailer";"PROG";"EUR/kg H2";2050;"0.667";"Sensitivity | Current Policies | Urban depot-only charging";"Hydrogen"
"OPEX";"H2 Infrastructure";"DE";"HRS Overhead, Profit and Mark-Up";"Rigid";"PROG";"EUR/kg H2";2050;"0.25";"Sensitivity | Current Policies | Urban depot-only charging";"Hydrogen"
"OPEX";"H2 Infrastructure";"DE";"HRS Overhead, Profit and Mark-Up";"Tractor-Trailer";"PROG";"EUR/kg H2";2050;"0.25";"Sensitivity | Current Policies | Urban depot-only charging";"Hydrogen"
"OPEX";"H2 Infrastructure";"ES";"HRS Overhead, Profit and Mark-Up";"Rigid";"PROG";"EUR/kg H2";2050;"0.25";"Sensitivity | Current Policies | Urban depot-only charging";"Hydrogen"
"OPEX";"H2 Infrastructure";"ES";"HRS Overhead, Profit and Mark-Up";"Tractor-Trailer";"PROG";"EUR/kg H2";2050;"0.25";"Sensitivity | Current Policies | Urban depot-only charging";"Hydrogen"
"OPEX";"H2 Infrastructure";"FR";"HRS Overhead, Profit and Mark-Up";"Rigid";"PROG";"EUR/kg H2";2050;"0.25";"Sensitivity | Current Policies | Urban depot-only charging";"Hydrogen"
"OPEX";"H2 Infrastructure";"FR";"HRS Overhead, Profit and Mark-Up";"Tractor-Trailer";"PROG";"EUR/kg H2";2050;"0.25";"Sensitivity | Current Policies | Urban depot-only charging";"Hydrogen"
"OPEX";"H2 Infrastructure";"IT";"HRS Overhead, Profit and Mark-Up";"Rigid";"PROG";"EUR/kg H2";2050;"0.25";"Sensitivity | Current Policies | Urban depot-only charging";"Hydrogen"
"OPEX";"H2 Infrastructure";"IT";"HRS Overhead, Profit and Mark-Up";"Tractor-Trailer";"PROG";"EUR/kg H2";2050;"0.25";"Sensitivity | Current Policies | Urban depot-only charging";"Hydrogen"
"OPEX";"H2 Infrastructure";"NL";"HRS Overhead, Profit and Mark-Up";"Rigid";"PROG";"EUR/kg H2";2050;"0.25";"Sensitivity | Current Policies | Urban depot-only charging";"Hydrogen"
"OPEX";"H2 Infrastructure";"NL";"HRS Overhead, Profit and Mark-Up";"Tractor-Trailer";"PROG";"EUR/kg H2";2050;"0.25";"Sensitivity | Current Policies | Urban depot-only charging";"Hydrogen"
"OPEX";"H2 Infrastructure";"PL";"HRS Overhead, Profit and Mark-Up";"Rigid";"PROG";"EUR/kg H2";2050;"0.25";"Sensitivity | Current Policies | Urban depot-only charging";"Hydrogen"
"OPEX";"H2 Infrastructure";"PL";"HRS Overhead, Profit and Mark-Up";"Tractor-Trailer";"PROG";"EUR/kg H2";2050;"0.25";"Sensitivity | Current Policies | Urban depot-only charging";"Hydrogen"
"OPEX";"H2 Infrastructure";"UK";"HRS Overhead, Profit and Mark-Up";"Rigid";"PROG";"EUR/kg H2";2050;"0.25";"Sensitivity | Current Policies | Urban depot-only charging";"Hydrogen"
"OPEX";"H2 Infrastructure";"UK";"HRS Overhead, Profit and Mark-Up";"Tractor-Trailer";"PROG";"EUR/kg H2";2050;"0.25";"Sensitivity | Current Policies | Urban depot-only charging";"Hydrogen"
"OPEX";"Charging Infrastructure";"DE";"MCS Station (Public Charging) - Incl. Overhead";"Rigid";"PROG";"EUR/kWh";2050;"0.013";"Sensitivity | Current Policies | Urban depot-only charging";"Electricity"
"OPEX";"Charging Infrastructure";"DE";"MCS Station (Public Charging) - Incl. Overhead";"Tractor-Trailer";"PROG";"EUR/kWh";2050;"0.013";"Sensitivity | Current Policies | Urban depot-only charging";"Electricity"
"OPEX";"Charging Infrastructure";"ES";"MCS Station (Public Charging) - Incl. Overhead";"Rigid";"PROG";"EUR/kWh";2050;"0.013";"Sensitivity | Current Policies | Urban depot-only charging";"Electricity"
"OPEX";"Charging Infrastructure";"ES";"MCS Station (Public Charging) - Incl. Overhead";"Tractor-Trailer";"PROG";"EUR/kWh";2050;"0.013";"Sensitivity | Current Policies | Urban depot-only charging";"Electricity"
"OPEX";"Charging Infrastructure";"FR";"MCS Station (Public Charging) - Incl. Overhead";"Rigid";"PROG";"EUR/kWh";2050;"0.013";"Sensitivity | Current Policies | Urban depot-only charging";"Electricity"
"OPEX";"Charging Infrastructure";"FR";"MCS Station (Public Charging) - Incl. Overhead";"Tractor-Trailer";"PROG";"EUR/kWh";2050;"0.013";"Sensitivity | Current Policies | Urban depot-only charging";"Electricity"
"OPEX";"Charging Infrastructure";"IT";"MCS Station (Public Charging) - Incl. Overhead";"Rigid";"PROG";"EUR/kWh";2050;"0.013";"Sensitivity | Current Policies | Urban depot-only charging";"Electricity"
"OPEX";"Charging Infrastructure";"IT";"MCS Station (Public Charging) - Incl. Overhead";"Tractor-Trailer";"PROG";"EUR/kWh";2050;"0.013";"Sensitivity | Current Policies | Urban depot-only charging";"Electricity"
"OPEX";"Charging Infrastructure";"NL";"MCS Station (Public Charging) - Incl. Overhead";"Rigid";"PROG";"EUR/kWh";2050;"0.013";"Sensitivity | Current Policies | Urban depot-only charging";"Electricity"
"OPEX";"Charging Infrastructure";"NL";"MCS Station (Public Charging) - Incl. Overhead";"Tractor-Trailer";"PROG";"EUR/kWh";2050;"0.013";"Sensitivity | Current Policies | Urban depot-only charging";"Electricity"
"OPEX";"Charging Infrastructure";"PL";"MCS Station (Public Charging) - Incl. Overhead";"Rigid";"PROG";"EUR/kWh";2050;"0.013";"Sensitivity | Current Policies | Urban depot-only charging";"Electricity"
"OPEX";"Charging Infrastructure";"PL";"MCS Station (Public Charging) - Incl. Overhead";"Tractor-Trailer";"PROG";"EUR/kWh";2050;"0.013";"Sensitivity | Current Policies | Urban depot-only charging";"Electricity"
"OPEX";"Charging Infrastructure";"UK";"MCS Station (Public Charging) - Incl. Overhead";"Rigid";"PROG";"EUR/kWh";2050;"0.013";"Sensitivity | Current Policies | Urban depot-only charging";"Electricity"
"OPEX";"Charging Infrastructure";"UK";"MCS Station (Public Charging) - Incl. Overhead";"Tractor-Trailer";"PROG";"EUR/kWh";2050;"0.013";"Sensitivity | Current Policies | Urban depot-only charging";"Electricity"
"OPEX";"Charging Infrastructure";"DE";"Share MCS-Charging";"Rigid";"PROG";"%";2050;"0";"Sensitivity | Current Policies | Urban depot-only charging";"Electricity"
"OPEX";"Charging Infrastructure";"DE";"Share MCS-Charging";"Tractor-Trailer";"PROG";"%";2050;"0";"Sensitivity | Current Policies | Urban depot-only charging";"Electricity"
"OPEX";"Charging Infrastructure";"ES";"Share MCS-Charging";"Rigid";"PROG";"%";2050;"0";"Sensitivity | Current Policies | Urban depot-only charging";"Electricity"
"OPEX";"Charging Infrastructure";"ES";"Share MCS-Charging";"Tractor-Trailer";"PROG";"%";2050;"0";"Sensitivity | Current Policies | Urban depot-only charging";"Electricity"
"OPEX";"Charging Infrastructure";"FR";"Share MCS-Charging";"Rigid";"PROG";"%";2050;"0";"Sensitivity | Current Policies | Urban depot-only charging";"Electricity"
"OPEX";"Charging Infrastructure";"FR";"Share MCS-Charging";"Tractor-Trailer";"PROG";"%";2050;"0";"Sensitivity | Current Policies | Urban depot-only charging";"Electricity"
"OPEX";"Charging Infrastructure";"IT";"Share MCS-Charging";"Rigid";"PROG";"%";2050;"0";"Sensitivity | Current Policies | Urban depot-only charging";"Electricity"
"OPEX";"Charging Infrastructure";"IT";"Share MCS-Charging";"Tractor-Trailer";"PROG";"%";2050;"0";"Sensitivity | Current Policies | Urban depot-only charging";"Electricity"
"OPEX";"Charging Infrastructure";"NL";"Share MCS-Charging";"Rigid";"PROG";"%";2050;"0";"Sensitivity | Current Policies | Urban depot-only charging";"Electricity"
"OPEX";"Charging Infrastructure";"NL";"Share MCS-Charging";"Tractor-Trailer";"PROG";"%";2050;"0";"Sensitivity | Current Policies | Urban depot-only charging";"Electricity"
"OPEX";"Charging Infrastructure";"PL";"Share MCS-Charging";"Rigid";"PROG";"%";2050;"0";"Sensitivity | Current Policies | Urban depot-only charging";"Electricity"
"OPEX";"Charging Infrastructure";"PL";"Share MCS-Charging";"Tractor-Trailer";"PROG";"%";2050;"0";"Sensitivity | Current Policies | Urban depot-only charging";"Electricity"
"OPEX";"Charging Infrastructure";"UK";"Share MCS-Charging";"Rigid";"PROG";"%";2050;"0";"Sensitivity | Current Policies | Urban depot-only charging";"Electricity"
"OPEX";"Charging Infrastructure";"UK";"Share MCS-Charging";"Tractor-Trailer";"PROG";"%";2050;"0";"Sensitivity | Current Policies | Urban depot-only charging";"Electricity"
"OPEX";"Charging Infrastructure";"DE";"Depot - Network fees savings potential";"Rigid";"PROG";"EUR/kWh";2050;"-0.01";"Sensitivity | Current Policies | Urban depot-only charging";"Electricity"
"OPEX";"Charging Infrastructure";"DE";"Depot - Network fees savings potential";"Tractor-Trailer";"PROG";"EUR/kWh";2050;"-0.01";"Sensitivity | Current Policies | Urban depot-only charging";"Electricity"
"OPEX";"Charging Infrastructure";"ES";"Depot - Network fees savings potential";"Rigid";"PROG";"EUR/kWh";2050;"-0.01";"Sensitivity | Current Policies | Urban depot-only charging";"Electricity"
"OPEX";"Charging Infrastructure";"ES";"Depot - Network fees savings potential";"Tractor-Trailer";"PROG";"EUR/kWh";2050;"-0.01";"Sensitivity | Current Policies | Urban depot-only charging";"Electricity"
"OPEX";"Charging Infrastructure";"FR";"Depot - Network fees savings potential";"Rigid";"PROG";"EUR/kWh";2050;"-0.01";"Sensitivity | Current Policies | Urban depot-only charging";"Electricity"
"OPEX";"Charging Infrastructure";"FR";"Depot - Network fees savings potential";"Tractor-Trailer";"PROG";"EUR/kWh";2050;"-0.01";"Sensitivity | Current Policies | Urban depot-only charging";"Electricity"
"OPEX";"Charging Infrastructure";"IT";"Depot - Network fees savings potential";"Rigid";"PROG";"EUR/kWh";2050;"-0.01";"Sensitivity | Current Policies | Urban depot-only charging";"Electricity"
"OPEX";"Charging Infrastructure";"IT";"Depot - Network fees savings potential";"Tractor-Trailer";"PROG";"EUR/kWh";2050;"-0.01";"Sensitivity | Current Policies | Urban depot-only charging";"Electricity"
"OPEX";"Charging Infrastructure";"NL";"Depot - Network fees savings potential";"Rigid";"PROG";"EUR/kWh";2050;"-0.01";"Sensitivity | Current Policies | Urban depot-only charging";"Electricity"
"OPEX";"Charging Infrastructure";"NL";"Depot - Network fees savings potential";"Tractor-Trailer";"PROG";"EUR/kWh";2050;"-0.01";"Sensitivity | Current Policies | Urban depot-only charging";"Electricity"
"OPEX";"Charging Infrastructure";"PL";"Depot - Network fees savings potential";"Rigid";"PROG";"EUR/kWh";2050;"-0.01";"Sensitivity | Current Policies | Urban depot-only charging";"Electricity"
"OPEX";"Charging Infrastructure";"PL";"Depot - Network fees savings potential";"Tractor-Trailer";"PROG";"EUR/kWh";2050;"-0.01";"Sensitivity | Current Policies | Urban depot-only charging";"Electricity"
"OPEX";"Charging Infrastructure";"UK";"Depot - Network fees savings potential";"Rigid";"PROG";"EUR/kWh";2050;"-0.01";"Sensitivity | Current Policies | Urban depot-only charging";"Electricity"
"OPEX";"Charging Infrastructure";"UK";"Depot - Network fees savings potential";"Tractor-Trailer";"PROG";"EUR/kWh";2050;"-0.01";"Sensitivity | Current Policies | Urban depot-only charging";"Electricity"
"OPEX";"Taxes";"DE";"Tax reduction";"Rigid";"PROG";"%";2050;"0";"Sensitivity | Current Policies | Urban depot-only charging";"Hydrogen"
"OPEX";"Taxes";"DE";"Tax reduction";"Tractor-Trailer";"PROG";"%";2050;"0";"Sensitivity | Current Policies | Urban depot-only charging";"Hydrogen"
"OPEX";"Taxes";"ES";"Tax reduction";"Rigid";"PROG";"%";2050;"0";"Sensitivity | Current Policies | Urban depot-only charging";"Hydrogen"
"OPEX";"Taxes";"ES";"Tax reduction";"Tractor-Trailer";"PROG";"%";2050;"0";"Sensitivity | Current Policies | Urban depot-only charging";"Hydrogen"
"OPEX";"Taxes";"FR";"Tax reduction";"Rigid";"PROG";"%";2050;"0";"Sensitivity | Current Policies | Urban depot-only charging";"Hydrogen"
"OPEX";"Taxes";"FR";"Tax reduction";"Tractor-Trailer";"PROG";"%";2050;"0";"Sensitivity | Current Policies | Urban depot-only charging";"Hydrogen"
"OPEX";"Taxes";"IT";"Tax reduction";"Rigid";"PROG";"%";2050;"0";"Sensitivity | Current Policies | Urban depot-only charging";"Hydrogen"
"OPEX";"Taxes";"IT";"Tax reduction";"Tractor-Trailer";"PROG";"%";2050;"0";"Sensitivity | Current Policies | Urban depot-only charging";"Hydrogen"
"OPEX";"Taxes";"NL";"Tax reduction";"Rigid";"PROG";"%";2050;"0";"Sensitivity | Current Policies | Urban depot-only charging";"Hydrogen"
"OPEX";"Taxes";"NL";"Tax reduction";"Tractor-Trailer";"PROG";"%";2050;"0";"Sensitivity | Current Policies | Urban depot-only charging";"Hydrogen"
"OPEX";"Taxes";"PL";"Tax reduction";"Rigid";"PROG";"%";2050;"0";"Sensitivity | Current Policies | Urban depot-only charging";"Hydrogen"
"OPEX";"Taxes";"PL";"Tax reduction";"Tractor-Trailer";"PROG";"%";2050;"0";"Sensitivity | Current Policies | Urban depot-only charging";"Hydrogen"
"OPEX";"Taxes";"UK";"Tax reduction";"Rigid";"PROG";"%";2050;"0";"Sensitivity | Current Policies | Urban depot-only charging";"Hydrogen"
"OPEX";"Taxes";"UK";"Tax reduction";"Tractor-Trailer";"PROG";"%";2050;"0";"Sensitivity | Current Policies | Urban depot-only charging";"Hydrogen"
"OPEX";"Taxes";"DE";"Excise Duty - Diesel";"Rigid";"BAU";"EUR/kWh";2050;"0.047";"Sensitivity | Current Policies | Urban depot-only charging";"Diesel"
"OPEX";"Taxes";"DE";"Excise Duty - Diesel";"Tractor-Trailer";"BAU";"EUR/kWh";2050;"0.047";"Sensitivity | Current Policies | Urban depot-only charging";"Diesel"
"OPEX";"Taxes";"DE";"Excise Duty - Diesel";"Rigid";"PROG";"EUR/kWh";2050;"0.047";"Sensitivity | Current Policies | Urban depot-only charging";"Diesel"
"OPEX";"Taxes";"DE";"Excise Duty - Diesel";"Tractor-Trailer";"PROG";"EUR/kWh";2050;"0.047";"Sensitivity | Current Policies | Urban depot-only charging";"Diesel"
"OPEX";"Taxes";"ES";"Excise Duty - Diesel";"Rigid";"BAU";"EUR/kWh";2050;"0.038";"Sensitivity | Current Policies | Urban depot-only charging";"Diesel"
"OPEX";"Taxes";"ES";"Excise Duty - Diesel";"Tractor-Trailer";"BAU";"EUR/kWh";2050;"0.038";"Sensitivity | Current Policies | Urban depot-only charging";"Diesel"
"OPEX";"Taxes";"ES";"Excise Duty - Diesel";"Rigid";"PROG";"EUR/kWh";2050;"0.038";"Sensitivity | Current Policies | Urban depot-only charging";"Diesel"
"OPEX";"Taxes";"ES";"Excise Duty - Diesel";"Tractor-Trailer";"PROG";"EUR/kWh";2050;"0.038";"Sensitivity | Current Policies | Urban depot-only charging";"Diesel"
"OPEX";"Taxes";"FR";"Excise Duty - Diesel";"Rigid";"BAU";"EUR/kWh";2050;"0.06";"Sensitivity | Current Policies | Urban depot-only charging";"Diesel"
"OPEX";"Taxes";"FR";"Excise Duty - Diesel";"Tractor-Trailer";"BAU";"EUR/kWh";2050;"0.06";"Sensitivity | Current Policies | Urban depot-only charging";"Diesel"
"OPEX";"Taxes";"FR";"Excise Duty - Diesel";"Rigid";"PROG";"EUR/kWh";2050;"0.06";"Sensitivity | Current Policies | Urban depot-only charging";"Diesel"
"OPEX";"Taxes";"FR";"Excise Duty - Diesel";"Tractor-Trailer";"PROG";"EUR/kWh";2050;"0.06";"Sensitivity | Current Policies | Urban depot-only charging";"Diesel"
"OPEX";"Taxes";"IT";"Excise Duty - Diesel";"Rigid";"BAU";"EUR/kWh";2050;"0.062";"Sensitivity | Current Policies | Urban depot-only charging";"Diesel"
"OPEX";"Taxes";"IT";"Excise Duty - Diesel";"Tractor-Trailer";"BAU";"EUR/kWh";2050;"0.062";"Sensitivity | Current Policies | Urban depot-only charging";"Diesel"
"OPEX";"Taxes";"IT";"Excise Duty - Diesel";"Rigid";"PROG";"EUR/kWh";2050;"0.062";"Sensitivity | Current Policies | Urban depot-only charging";"Diesel"
"OPEX";"Taxes";"IT";"Excise Duty - Diesel";"Tractor-Trailer";"PROG";"EUR/kWh";2050;"0.062";"Sensitivity | Current Policies | Urban depot-only charging";"Diesel"
"OPEX";"Taxes";"NL";"Excise Duty - Diesel";"Rigid";"BAU";"EUR/kWh";2050;"0.053";"Sensitivity | Current Policies | Urban depot-only charging";"Diesel"
"OPEX";"Taxes";"NL";"Excise Duty - Diesel";"Tractor-Trailer";"BAU";"EUR/kWh";2050;"0.053";"Sensitivity | Current Policies | Urban depot-only charging";"Diesel"
"OPEX";"Taxes";"NL";"Excise Duty - Diesel";"Rigid";"PROG";"EUR/kWh";2050;"0.053";"Sensitivity | Current Policies | Urban depot-only charging";"Diesel"
"OPEX";"Taxes";"NL";"Excise Duty - Diesel";"Tractor-Trailer";"PROG";"EUR/kWh";2050;"0.053";"Sensitivity | Current Policies | Urban depot-only charging";"Diesel"
"OPEX";"Taxes";"PL";"Excise Duty - Diesel";"Rigid";"BAU";"EUR/kWh";2050;"0.033";"Sensitivity | Current Policies | Urban depot-only charging";"Diesel"
"OPEX";"Taxes";"PL";"Excise Duty - Diesel";"Tractor-Trailer";"BAU";"EUR/kWh";2050;"0.033";"Sensitivity | Current Policies | Urban depot-only charging";"Diesel"
"OPEX";"Taxes";"PL";"Excise Duty - Diesel";"Rigid";"PROG";"EUR/kWh";2050;"0.033";"Sensitivity | Current Policies | Urban depot-only charging";"Diesel"
"OPEX";"Taxes";"PL";"Excise Duty - Diesel";"Tractor-Trailer";"PROG";"EUR/kWh";2050;"0.033";"Sensitivity | Current Policies | Urban depot-only charging";"Diesel"
"OPEX";"Taxes";"UK";"Excise Duty - Diesel";"Rigid";"BAU";"EUR/kWh";2050;"0.053";"Sensitivity | Current Policies | Urban depot-only charging";"Diesel"
"OPEX";"Taxes";"UK";"Excise Duty - Diesel";"Tractor-Trailer";"BAU";"EUR/kWh";2050;"0.053";"Sensitivity | Current Policies | Urban depot-only charging";"Diesel"
"OPEX";"Taxes";"UK";"Excise Duty - Diesel";"Rigid";"PROG";"EUR/kWh";2050;"0.053";"Sensitivity | Current Policies | Urban depot-only charging";"Diesel"
"OPEX";"Taxes";"UK";"Excise Duty - Diesel";"Tractor-Trailer";"PROG";"EUR/kWh";2050;"0.053";"Sensitivity | Current Policies | Urban depot-only charging";"Diesel"
"OPEX";"Taxes";"DE";"Excise Duty - Reduction biodiesel";"Rigid";"BAU";"%";2050;"0.5";"Sensitivity | Current Policies | Urban depot-only charging";"Diesel"
"OPEX";"Taxes";"DE";"Excise Duty - Reduction biodiesel";"Tractor-Trailer";"BAU";"%";2050;"0.5";"Sensitivity | Current Policies | Urban depot-only charging";"Diesel"
"OPEX";"Taxes";"DE";"Excise Duty - Reduction biodiesel";"Rigid";"PROG";"%";2050;"0.5";"Sensitivity | Current Policies | Urban depot-only charging";"Diesel"
"OPEX";"Taxes";"DE";"Excise Duty - Reduction biodiesel";"Tractor-Trailer";"PROG";"%";2050;"0.5";"Sensitivity | Current Policies | Urban depot-only charging";"Diesel"
"OPEX";"Taxes";"ES";"Excise Duty - Reduction biodiesel";"Rigid";"BAU";"%";2050;"0.5";"Sensitivity | Current Policies | Urban depot-only charging";"Diesel"
"OPEX";"Taxes";"ES";"Excise Duty - Reduction biodiesel";"Tractor-Trailer";"BAU";"%";2050;"0.5";"Sensitivity | Current Policies | Urban depot-only charging";"Diesel"
"OPEX";"Taxes";"ES";"Excise Duty - Reduction biodiesel";"Rigid";"PROG";"%";2050;"0.5";"Sensitivity | Current Policies | Urban depot-only charging";"Diesel"
"OPEX";"Taxes";"ES";"Excise Duty - Reduction biodiesel";"Tractor-Trailer";"PROG";"%";2050;"0.5";"Sensitivity | Current Policies | Urban depot-only charging";"Diesel"
"OPEX";"Taxes";"FR";"Excise Duty - Reduction biodiesel";"Rigid";"BAU";"%";2050;"0.5";"Sensitivity | Current Policies | Urban depot-only charging";"Diesel"
"OPEX";"Taxes";"FR";"Excise Duty - Reduction biodiesel";"Tractor-Trailer";"BAU";"%";2050;"0.5";"Sensitivity | Current Policies | Urban depot-only charging";"Diesel"
"OPEX";"Taxes";"FR";"Excise Duty - Reduction biodiesel";"Rigid";"PROG";"%";2050;"0.5";"Sensitivity | Current Policies | Urban depot-only charging";"Diesel"
"OPEX";"Taxes";"FR";"Excise Duty - Reduction biodiesel";"Tractor-Trailer";"PROG";"%";2050;"0.5";"Sensitivity | Current Policies | Urban depot-only charging";"Diesel"
"OPEX";"Taxes";"IT";"Excise Duty - Reduction biodiesel";"Rigid";"BAU";"%";2050;"0.5";"Sensitivity | Current Policies | Urban depot-only charging";"Diesel"
"OPEX";"Taxes";"IT";"Excise Duty - Reduction biodiesel";"Tractor-Trailer";"BAU";"%";2050;"0.5";"Sensitivity | Current Policies | Urban depot-only charging";"Diesel"
"OPEX";"Taxes";"IT";"Excise Duty - Reduction biodiesel";"Rigid";"PROG";"%";2050;"0.5";"Sensitivity | Current Policies | Urban depot-only charging";"Diesel"
"OPEX";"Taxes";"IT";"Excise Duty - Reduction biodiesel";"Tractor-Trailer";"PROG";"%";2050;"0.5";"Sensitivity | Current Policies | Urban depot-only charging";"Diesel"
"OPEX";"Taxes";"NL";"Excise Duty - Reduction biodiesel";"Rigid";"BAU";"%";2050;"0.5";"Sensitivity | Current Policies | Urban depot-only charging";"Diesel"
"OPEX";"Taxes";"NL";"Excise Duty - Reduction biodiesel";"Tractor-Trailer";"BAU";"%";2050;"0.5";"Sensitivity | Current Policies | Urban depot-only charging";"Diesel"
"OPEX";"Taxes";"NL";"Excise Duty - Reduction biodiesel";"Rigid";"PROG";"%";2050;"0.5";"Sensitivity | Current Policies | Urban depot-only charging";"Diesel"
"OPEX";"Taxes";"NL";"Excise Duty - Reduction biodiesel";"Tractor-Trailer";"PROG";"%";2050;"0.5";"Sensitivity | Current Policies | Urban depot-only charging";"Diesel"
"OPEX";"Taxes";"PL";"Excise Duty - Reduction biodiesel";"Rigid";"BAU";"%";2050;"0.5";"Sensitivity | Current Policies | Urban depot-only charging";"Diesel"
"OPEX";"Taxes";"PL";"Excise Duty - Reduction biodiesel";"Tractor-Trailer";"BAU";"%";2050;"0.5";"Sensitivity | Current Policies | Urban depot-only charging";"Diesel"
"OPEX";"Taxes";"PL";"Excise Duty - Reduction biodiesel";"Rigid";"PROG";"%";2050;"0.5";"Sensitivity | Current Policies | Urban depot-only charging";"Diesel"
"OPEX";"Taxes";"PL";"Excise Duty - Reduction biodiesel";"Tractor-Trailer";"PROG";"%";2050;"0.5";"Sensitivity | Current Policies | Urban depot-only charging";"Diesel"
"OPEX";"Taxes";"UK";"Excise Duty - Reduction biodiesel";"Rigid";"BAU";"%";2050;"0.5";"Sensitivity | Current Policies | Urban depot-only charging";"Diesel"
"OPEX";"Taxes";"UK";"Excise Duty - Reduction biodiesel";"Tractor-Trailer";"BAU";"%";2050;"0.5";"Sensitivity | Current Policies | Urban depot-only charging";"Diesel"
"OPEX";"Taxes";"UK";"Excise Duty - Reduction biodiesel";"Rigid";"PROG";"%";2050;"0.5";"Sensitivity | Current Policies | Urban depot-only charging";"Diesel"
"OPEX";"Taxes";"UK";"Excise Duty - Reduction biodiesel";"Tractor-Trailer";"PROG";"%";2050;"0.5";"Sensitivity | Current Policies | Urban depot-only charging";"Diesel"
"OPEX";"Taxes";"DE";"Excise Duty - Reduction Synthetic Diesel (E-Fuels)";"Rigid";"BAU";"%";2050;"0.5";"Sensitivity | Current Policies | Urban depot-only charging";"Diesel"
"OPEX";"Taxes";"DE";"Excise Duty - Reduction Synthetic Diesel (E-Fuels)";"Tractor-Trailer";"BAU";"%";2050;"0.5";"Sensitivity | Current Policies | Urban depot-only charging";"Diesel"
"OPEX";"Taxes";"DE";"Excise Duty - Reduction Synthetic Diesel (E-Fuels)";"Rigid";"PROG";"%";2050;"0.5";"Sensitivity | Current Policies | Urban depot-only charging";"Diesel"
"OPEX";"Taxes";"DE";"Excise Duty - Reduction Synthetic Diesel (E-Fuels)";"Tractor-Trailer";"PROG";"%";2050;"0.5";"Sensitivity | Current Policies | Urban depot-only charging";"Diesel"
"OPEX";"Taxes";"ES";"Excise Duty - Reduction Synthetic Diesel (E-Fuels)";"Rigid";"BAU";"%";2050;"0.5";"Sensitivity | Current Policies | Urban depot-only charging";"Diesel"
"OPEX";"Taxes";"ES";"Excise Duty - Reduction Synthetic Diesel (E-Fuels)";"Tractor-Trailer";"BAU";"%";2050;"0.5";"Sensitivity | Current Policies | Urban depot-only charging";"Diesel"
"OPEX";"Taxes";"ES";"Excise Duty - Reduction Synthetic Diesel (E-Fuels)";"Rigid";"PROG";"%";2050;"0.5";"Sensitivity | Current Policies | Urban depot-only charging";"Diesel"
"OPEX";"Taxes";"ES";"Excise Duty - Reduction Synthetic Diesel (E-Fuels)";"Tractor-Trailer";"PROG";"%";2050;"0.5";"Sensitivity | Current Policies | Urban depot-only charging";"Diesel"
"OPEX";"Taxes";"FR";"Excise Duty - Reduction Synthetic Diesel (E-Fuels)";"Rigid";"BAU";"%";2050;"0.5";"Sensitivity | Current Policies | Urban depot-only charging";"Diesel"
"OPEX";"Taxes";"FR";"Excise Duty - Reduction Synthetic Diesel (E-Fuels)";"Tractor-Trailer";"BAU";"%";2050;"0.5";"Sensitivity | Current Policies | Urban depot-only charging";"Diesel"
"OPEX";"Taxes";"FR";"Excise Duty - Reduction Synthetic Diesel (E-Fuels)";"Rigid";"PROG";"%";2050;"0.5";"Sensitivity | Current Policies | Urban depot-only charging";"Diesel"
"OPEX";"Taxes";"FR";"Excise Duty - Reduction Synthetic Diesel (E-Fuels)";"Tractor-Trailer";"PROG";"%";2050;"0.5";"Sensitivity | Current Policies | Urban depot-only charging";"Diesel"
"OPEX";"Taxes";"IT";"Excise Duty - Reduction Synthetic Diesel (E-Fuels)";"Rigid";"BAU";"%";2050;"0.5";"Sensitivity | Current Policies | Urban depot-only charging";"Diesel"
"OPEX";"Taxes";"IT";"Excise Duty - Reduction Synthetic Diesel (E-Fuels)";"Tractor-Trailer";"BAU";"%";2050;"0.5";"Sensitivity | Current Policies | Urban depot-only charging";"Diesel"
"OPEX";"Taxes";"IT";"Excise Duty - Reduction Synthetic Diesel (E-Fuels)";"Rigid";"PROG";"%";2050;"0.5";"Sensitivity | Current Policies | Urban depot-only charging";"Diesel"
"OPEX";"Taxes";"IT";"Excise Duty - Reduction Synthetic Diesel (E-Fuels)";"Tractor-Trailer";"PROG";"%";2050;"0.5";"Sensitivity | Current Policies | Urban depot-only charging";"Diesel"
"OPEX";"Taxes";"NL";"Excise Duty - Reduction Synthetic Diesel (E-Fuels)";"Rigid";"BAU";"%";2050;"0.5";"Sensitivity | Current Policies | Urban depot-only charging";"Diesel"
"OPEX";"Taxes";"NL";"Excise Duty - Reduction Synthetic Diesel (E-Fuels)";"Tractor-Trailer";"BAU";"%";2050;"0.5";"Sensitivity | Current Policies | Urban depot-only charging";"Diesel"
"OPEX";"Taxes";"NL";"Excise Duty - Reduction Synthetic Diesel (E-Fuels)";"Rigid";"PROG";"%";2050;"0.5";"Sensitivity | Current Policies | Urban depot-only charging";"Diesel"
"OPEX";"Taxes";"NL";"Excise Duty - Reduction Synthetic Diesel (E-Fuels)";"Tractor-Trailer";"PROG";"%";2050;"0.5";"Sensitivity | Current Policies | Urban depot-only charging";"Diesel"
"OPEX";"Taxes";"PL";"Excise Duty - Reduction Synthetic Diesel (E-Fuels)";"Rigid";"BAU";"%";2050;"0.5";"Sensitivity | Current Policies | Urban depot-only charging";"Diesel"
"OPEX";"Taxes";"PL";"Excise Duty - Reduction Synthetic Diesel (E-Fuels)";"Tractor-Trailer";"BAU";"%";2050;"0.5";"Sensitivity | Current Policies | Urban depot-only charging";"Diesel"
"OPEX";"Taxes";"PL";"Excise Duty - Reduction Synthetic Diesel (E-Fuels)";"Rigid";"PROG";"%";2050;"0.5";"Sensitivity | Current Policies | Urban depot-only charging";"Diesel"
"OPEX";"Taxes";"PL";"Excise Duty - Reduction Synthetic Diesel (E-Fuels)";"Tractor-Trailer";"PROG";"%";2050;"0.5";"Sensitivity | Current Policies | Urban depot-only charging";"Diesel"
"OPEX";"Taxes";"UK";"Excise Duty - Reduction Synthetic Diesel (E-Fuels)";"Rigid";"BAU";"%";2050;"0.5";"Sensitivity | Current Policies | Urban depot-only charging";"Diesel"
"OPEX";"Taxes";"UK";"Excise Duty - Reduction Synthetic Diesel (E-Fuels)";"Tractor-Trailer";"BAU";"%";2050;"0.5";"Sensitivity | Current Policies | Urban depot-only charging";"Diesel"
"OPEX";"Taxes";"UK";"Excise Duty - Reduction Synthetic Diesel (E-Fuels)";"Rigid";"PROG";"%";2050;"0.5";"Sensitivity | Current Policies | Urban depot-only charging";"Diesel"
"OPEX";"Taxes";"UK";"Excise Duty - Reduction Synthetic Diesel (E-Fuels)";"Tractor-Trailer";"PROG";"%";2050;"0.5";"Sensitivity | Current Policies | Urban depot-only charging";"Diesel"
"OPEX";"Taxes";"DE";"Taxes, Fees, Levies and charges - H2";"Rigid";"BAU";"EUR/kWh";2050;"0.015";"Sensitivity | Current Policies | Urban depot-only charging";"Hydrogen"
"OPEX";"Taxes";"DE";"Taxes, Fees, Levies and charges - H2";"Tractor-Trailer";"BAU";"EUR/kWh";2050;"0.015";"Sensitivity | Current Policies | Urban depot-only charging";"Hydrogen"
"OPEX";"Taxes";"DE";"Taxes, Fees, Levies and charges - H2";"Rigid";"PROG";"EUR/kWh";2050;"0.015";"Sensitivity | Current Policies | Urban depot-only charging";"Hydrogen"
"OPEX";"Taxes";"DE";"Taxes, Fees, Levies and charges - H2";"Tractor-Trailer";"PROG";"EUR/kWh";2050;"0.015";"Sensitivity | Current Policies | Urban depot-only charging";"Hydrogen"
"OPEX";"Taxes";"ES";"Taxes, Fees, Levies and charges - H2";"Rigid";"BAU";"EUR/kWh";2050;"0.008";"Sensitivity | Current Policies | Urban depot-only charging";"Hydrogen"
"OPEX";"Taxes";"ES";"Taxes, Fees, Levies and charges - H2";"Tractor-Trailer";"BAU";"EUR/kWh";2050;"0.008";"Sensitivity | Current Policies | Urban depot-only charging";"Hydrogen"
"OPEX";"Taxes";"ES";"Taxes, Fees, Levies and charges - H2";"Rigid";"PROG";"EUR/kWh";2050;"0.008";"Sensitivity | Current Policies | Urban depot-only charging";"Hydrogen"
"OPEX";"Taxes";"ES";"Taxes, Fees, Levies and charges - H2";"Tractor-Trailer";"PROG";"EUR/kWh";2050;"0.008";"Sensitivity | Current Policies | Urban depot-only charging";"Hydrogen"
"OPEX";"Taxes";"FR";"Taxes, Fees, Levies and charges - H2";"Rigid";"BAU";"EUR/kWh";2050;"0.012";"Sensitivity | Current Policies | Urban depot-only charging";"Hydrogen"
"OPEX";"Taxes";"FR";"Taxes, Fees, Levies and charges - H2";"Tractor-Trailer";"BAU";"EUR/kWh";2050;"0.012";"Sensitivity | Current Policies | Urban depot-only charging";"Hydrogen"
"OPEX";"Taxes";"FR";"Taxes, Fees, Levies and charges - H2";"Rigid";"PROG";"EUR/kWh";2050;"0.012";"Sensitivity | Current Policies | Urban depot-only charging";"Hydrogen"
"OPEX";"Taxes";"FR";"Taxes, Fees, Levies and charges - H2";"Tractor-Trailer";"PROG";"EUR/kWh";2050;"0.012";"Sensitivity | Current Policies | Urban depot-only charging";"Hydrogen"
"OPEX";"Taxes";"IT";"Taxes, Fees, Levies and charges - H2";"Rigid";"BAU";"EUR/kWh";2050;"0.009";"Sensitivity | Current Policies | Urban depot-only charging";"Hydrogen"
"OPEX";"Taxes";"IT";"Taxes, Fees, Levies and charges - H2";"Tractor-Trailer";"BAU";"EUR/kWh";2050;"0.009";"Sensitivity | Current Policies | Urban depot-only charging";"Hydrogen"
"OPEX";"Taxes";"IT";"Taxes, Fees, Levies and charges - H2";"Rigid";"PROG";"EUR/kWh";2050;"0.009";"Sensitivity | Current Policies | Urban depot-only charging";"Hydrogen"
"OPEX";"Taxes";"IT";"Taxes, Fees, Levies and charges - H2";"Tractor-Trailer";"PROG";"EUR/kWh";2050;"0.009";"Sensitivity | Current Policies | Urban depot-only charging";"Hydrogen"
"OPEX";"Taxes";"NL";"Taxes, Fees, Levies and charges - H2";"Rigid";"BAU";"EUR/kWh";2050;"0.024";"Sensitivity | Current Policies | Urban depot-only charging";"Hydrogen"
"OPEX";"Taxes";"NL";"Taxes, Fees, Levies and charges - H2";"Tractor-Trailer";"BAU";"EUR/kWh";2050;"0.024";"Sensitivity | Current Policies | Urban depot-only charging";"Hydrogen"
"OPEX";"Taxes";"NL";"Taxes, Fees, Levies and charges - H2";"Rigid";"PROG";"EUR/kWh";2050;"0.024";"Sensitivity | Current Policies | Urban depot-only charging";"Hydrogen"
"OPEX";"Taxes";"NL";"Taxes, Fees, Levies and charges - H2";"Tractor-Trailer";"PROG";"EUR/kWh";2050;"0.024";"Sensitivity | Current Policies | Urban depot-only charging";"Hydrogen"
"OPEX";"Taxes";"PL";"Taxes, Fees, Levies and charges - H2";"Rigid";"BAU";"EUR/kWh";2050;"0.009";"Sensitivity | Current Policies | Urban depot-only charging";"Hydrogen"
"OPEX";"Taxes";"PL";"Taxes, Fees, Levies and charges - H2";"Tractor-Trailer";"BAU";"EUR/kWh";2050;"0.009";"Sensitivity | Current Policies | Urban depot-only charging";"Hydrogen"
"OPEX";"Taxes";"PL";"Taxes, Fees, Levies and charges - H2";"Rigid";"PROG";"EUR/kWh";2050;"0.009";"Sensitivity | Current Policies | Urban depot-only charging";"Hydrogen"
"OPEX";"Taxes";"PL";"Taxes, Fees, Levies and charges - H2";"Tractor-Trailer";"PROG";"EUR/kWh";2050;"0.009";"Sensitivity | Current Policies | Urban depot-only charging";"Hydrogen"
"OPEX";"Taxes";"UK";"Taxes, Fees, Levies and charges - H2";"Rigid";"BAU";"EUR/kWh";2050;"0.006";"Sensitivity | Current Policies | Urban depot-only charging";"Hydrogen"
"OPEX";"Taxes";"UK";"Taxes, Fees, Levies and charges - H2";"Tractor-Trailer";"BAU";"EUR/kWh";2050;"0.006";"Sensitivity | Current Policies | Urban depot-only charging";"Hydrogen"
"OPEX";"Taxes";"UK";"Taxes, Fees, Levies and charges - H2";"Rigid";"PROG";"EUR/kWh";2050;"0.006";"Sensitivity | Current Policies | Urban depot-only charging";"Hydrogen"
"OPEX";"Taxes";"UK";"Taxes, Fees, Levies and charges - H2";"Tractor-Trailer";"PROG";"EUR/kWh";2050;"0.006";"Sensitivity | Current Policies | Urban depot-only charging";"Hydrogen"
"OPEX";"Charging Infrastructure";"DE";"MCS grid extension";"Rigid";"PROG";"EUR/kWh";2050;"0.035";"Sensitivity | Current Policies | Urban depot-only charging";"Electricity"
"OPEX";"Charging Infrastructure";"DE";"MCS grid extension";"Tractor-Trailer";"PROG";"EUR/kWh";2050;"0.035";"Sensitivity | Current Policies | Urban depot-only charging";"Electricity"
"OPEX";"Charging Infrastructure";"DE";"MCS grid extension";"Rigid";"BAU";"EUR/kWh";2050;"0.035";"Sensitivity | Current Policies | Urban depot-only charging";"Electricity"
"OPEX";"Charging Infrastructure";"DE";"MCS grid extension";"Tractor-Trailer";"BAU";"EUR/kWh";2050;"0.035";"Sensitivity | Current Policies | Urban depot-only charging";"Electricity"
"OPEX";"Charging Infrastructure";"ES";"MCS grid extension";"Rigid";"PROG";"EUR/kWh";2050;"0.035";"Sensitivity | Current Policies | Urban depot-only charging";"Electricity"
"OPEX";"Charging Infrastructure";"ES";"MCS grid extension";"Tractor-Trailer";"PROG";"EUR/kWh";2050;"0.035";"Sensitivity | Current Policies | Urban depot-only charging";"Electricity"
"OPEX";"Charging Infrastructure";"ES";"MCS grid extension";"Rigid";"BAU";"EUR/kWh";2050;"0.035";"Sensitivity | Current Policies | Urban depot-only charging";"Electricity"
"OPEX";"Charging Infrastructure";"ES";"MCS grid extension";"Tractor-Trailer";"BAU";"EUR/kWh";2050;"0.035";"Sensitivity | Current Policies | Urban depot-only charging";"Electricity"
"OPEX";"Charging Infrastructure";"FR";"MCS grid extension";"Rigid";"PROG";"EUR/kWh";2050;"0.035";"Sensitivity | Current Policies | Urban depot-only charging";"Electricity"
"OPEX";"Charging Infrastructure";"FR";"MCS grid extension";"Tractor-Trailer";"PROG";"EUR/kWh";2050;"0.035";"Sensitivity | Current Policies | Urban depot-only charging";"Electricity"
"OPEX";"Charging Infrastructure";"FR";"MCS grid extension";"Rigid";"BAU";"EUR/kWh";2050;"0.035";"Sensitivity | Current Policies | Urban depot-only charging";"Electricity"
"OPEX";"Charging Infrastructure";"FR";"MCS grid extension";"Tractor-Trailer";"BAU";"EUR/kWh";2050;"0.035";"Sensitivity | Current Policies | Urban depot-only charging";"Electricity"
"OPEX";"Charging Infrastructure";"IT";"MCS grid extension";"Rigid";"PROG";"EUR/kWh";2050;"0.035";"Sensitivity | Current Policies | Urban depot-only charging";"Electricity"
"OPEX";"Charging Infrastructure";"IT";"MCS grid extension";"Tractor-Trailer";"PROG";"EUR/kWh";2050;"0.035";"Sensitivity | Current Policies | Urban depot-only charging";"Electricity"
"OPEX";"Charging Infrastructure";"IT";"MCS grid extension";"Rigid";"BAU";"EUR/kWh";2050;"0.035";"Sensitivity | Current Policies | Urban depot-only charging";"Electricity"
"OPEX";"Charging Infrastructure";"IT";"MCS grid extension";"Tractor-Trailer";"BAU";"EUR/kWh";2050;"0.035";"Sensitivity | Current Policies | Urban depot-only charging";"Electricity"
"OPEX";"Charging Infrastructure";"NL";"MCS grid extension";"Rigid";"PROG";"EUR/kWh";2050;"0.035";"Sensitivity | Current Policies | Urban depot-only charging";"Electricity"
"OPEX";"Charging Infrastructure";"NL";"MCS grid extension";"Tractor-Trailer";"PROG";"EUR/kWh";2050;"0.035";"Sensitivity | Current Policies | Urban depot-only charging";"Electricity"
"OPEX";"Charging Infrastructure";"NL";"MCS grid extension";"Rigid";"BAU";"EUR/kWh";2050;"0.035";"Sensitivity | Current Policies | Urban depot-only charging";"Electricity"
"OPEX";"Charging Infrastructure";"NL";"MCS grid extension";"Tractor-Trailer";"BAU";"EUR/kWh";2050;"0.035";"Sensitivity | Current Policies | Urban depot-only charging";"Electricity"
"OPEX";"Charging Infrastructure";"PL";"MCS grid extension";"Rigid";"PROG";"EUR/kWh";2050;"0.035";"Sensitivity | Current Policies | Urban depot-only charging";"Electricity"
"OPEX";"Charging Infrastructure";"PL";"MCS grid extension";"Tractor-Trailer";"PROG";"EUR/kWh";2050;"0.035";"Sensitivity | Current Policies | Urban depot-only charging";"Electricity"
"OPEX";"Charging Infrastructure";"PL";"MCS grid extension";"Rigid";"BAU";"EUR/kWh";2050;"0.035";"Sensitivity | Current Policies | Urban depot-only charging";"Electricity"
"OPEX";"Charging Infrastructure";"PL";"MCS grid extension";"Tractor-Trailer";"BAU";"EUR/kWh";2050;"0.035";"Sensitivity | Current Policies | Urban depot-only charging";"Electricity"
"OPEX";"Charging Infrastructure";"UK";"MCS grid extension";"Rigid";"PROG";"EUR/kWh";2050;"0.035";"Sensitivity | Current Policies | Urban depot-only charging";"Electricity"
"OPEX";"Charging Infrastructure";"UK";"MCS grid extension";"Tractor-Trailer";"PROG";"EUR/kWh";2050;"0.035";"Sensitivity | Current Policies | Urban depot-only charging";"Electricity"
"OPEX";"Charging Infrastructure";"UK";"MCS grid extension";"Rigid";"BAU";"EUR/kWh";2050;"0.035";"Sensitivity | Current Policies | Urban depot-only charging";"Electricity"
"OPEX";"Charging Infrastructure";"UK";"MCS grid extension";"Tractor-Trailer";"BAU";"EUR/kWh";2050;"0.035";"Sensitivity | Current Policies | Urban depot-only charging";"Electricity"
"OPEX";"Charging Infrastructure";"DE";"MCS Profit and Mark-Up";"Rigid";"PROG";"%";2050;"0.1";"Sensitivity | Current Policies | Urban depot-only charging";"Electricity"
"OPEX";"Charging Infrastructure";"DE";"MCS Profit and Mark-Up";"Tractor-Trailer";"PROG";"%";2050;"0.1";"Sensitivity | Current Policies | Urban depot-only charging";"Electricity"
"OPEX";"Charging Infrastructure";"DE";"MCS Profit and Mark-Up";"Rigid";"BAU";"%";2050;"0.1";"Sensitivity | Current Policies | Urban depot-only charging";"Electricity"
"OPEX";"Charging Infrastructure";"DE";"MCS Profit and Mark-Up";"Tractor-Trailer";"BAU";"%";2050;"0.1";"Sensitivity | Current Policies | Urban depot-only charging";"Electricity"
"OPEX";"Charging Infrastructure";"ES";"MCS Profit and Mark-Up";"Rigid";"PROG";"%";2050;"0.1";"Sensitivity | Current Policies | Urban depot-only charging";"Electricity"
"OPEX";"Charging Infrastructure";"ES";"MCS Profit and Mark-Up";"Tractor-Trailer";"PROG";"%";2050;"0.1";"Sensitivity | Current Policies | Urban depot-only charging";"Electricity"
"OPEX";"Charging Infrastructure";"ES";"MCS Profit and Mark-Up";"Rigid";"BAU";"%";2050;"0.1";"Sensitivity | Current Policies | Urban depot-only charging";"Electricity"
"OPEX";"Charging Infrastructure";"ES";"MCS Profit and Mark-Up";"Tractor-Trailer";"BAU";"%";2050;"0.1";"Sensitivity | Current Policies | Urban depot-only charging";"Electricity"
"OPEX";"Charging Infrastructure";"FR";"MCS Profit and Mark-Up";"Rigid";"PROG";"%";2050;"0.1";"Sensitivity | Current Policies | Urban depot-only charging";"Electricity"
"OPEX";"Charging Infrastructure";"FR";"MCS Profit and Mark-Up";"Tractor-Trailer";"PROG";"%";2050;"0.1";"Sensitivity | Current Policies | Urban depot-only charging";"Electricity"
"OPEX";"Charging Infrastructure";"FR";"MCS Profit and Mark-Up";"Rigid";"BAU";"%";2050;"0.1";"Sensitivity | Current Policies | Urban depot-only charging";"Electricity"
"OPEX";"Charging Infrastructure";"FR";"MCS Profit and Mark-Up";"Tractor-Trailer";"BAU";"%";2050;"0.1";"Sensitivity | Current Policies | Urban depot-only charging";"Electricity"
"OPEX";"Charging Infrastructure";"IT";"MCS Profit and Mark-Up";"Rigid";"PROG";"%";2050;"0.1";"Sensitivity | Current Policies | Urban depot-only charging";"Electricity"
"OPEX";"Charging Infrastructure";"IT";"MCS Profit and Mark-Up";"Tractor-Trailer";"PROG";"%";2050;"0.1";"Sensitivity | Current Policies | Urban depot-only charging";"Electricity"
"OPEX";"Charging Infrastructure";"IT";"MCS Profit and Mark-Up";"Rigid";"BAU";"%";2050;"0.1";"Sensitivity | Current Policies | Urban depot-only charging";"Electricity"
"OPEX";"Charging Infrastructure";"IT";"MCS Profit and Mark-Up";"Tractor-Trailer";"BAU";"%";2050;"0.1";"Sensitivity | Current Policies | Urban depot-only charging";"Electricity"
"OPEX";"Charging Infrastructure";"NL";"MCS Profit and Mark-Up";"Rigid";"PROG";"%";2050;"0.1";"Sensitivity | Current Policies | Urban depot-only charging";"Electricity"
"OPEX";"Charging Infrastructure";"NL";"MCS Profit and Mark-Up";"Tractor-Trailer";"PROG";"%";2050;"0.1";"Sensitivity | Current Policies | Urban depot-only charging";"Electricity"
"OPEX";"Charging Infrastructure";"NL";"MCS Profit and Mark-Up";"Rigid";"BAU";"%";2050;"0.1";"Sensitivity | Current Policies | Urban depot-only charging";"Electricity"
"OPEX";"Charging Infrastructure";"NL";"MCS Profit and Mark-Up";"Tractor-Trailer";"BAU";"%";2050;"0.1";"Sensitivity | Current Policies | Urban depot-only charging";"Electricity"
"OPEX";"Charging Infrastructure";"PL";"MCS Profit and Mark-Up";"Rigid";"PROG";"%";2050;"0.1";"Sensitivity | Current Policies | Urban depot-only charging";"Electricity"
"OPEX";"Charging Infrastructure";"PL";"MCS Profit and Mark-Up";"Tractor-Trailer";"PROG";"%";2050;"0.1";"Sensitivity | Current Policies | Urban depot-only charging";"Electricity"
"OPEX";"Charging Infrastructure";"PL";"MCS Profit and Mark-Up";"Rigid";"BAU";"%";2050;"0.1";"Sensitivity | Current Policies | Urban depot-only charging";"Electricity"
"OPEX";"Charging Infrastructure";"PL";"MCS Profit and Mark-Up";"Tractor-Trailer";"BAU";"%";2050;"0.1";"Sensitivity | Current Policies | Urban depot-only charging";"Electricity"
"OPEX";"Charging Infrastructure";"UK";"MCS Profit and Mark-Up";"Rigid";"PROG";"%";2050;"0.1";"Sensitivity | Current Policies | Urban depot-only charging";"Electricity"
"OPEX";"Charging Infrastructure";"UK";"MCS Profit and Mark-Up";"Tractor-Trailer";"PROG";"%";2050;"0.1";"Sensitivity | Current Policies | Urban depot-only charging";"Electricity"
"OPEX";"Charging Infrastructure";"UK";"MCS Profit and Mark-Up";"Rigid";"BAU";"%";2050;"0.1";"Sensitivity | Current Policies | Urban depot-only charging";"Electricity"
"OPEX";"Charging Infrastructure";"UK";"MCS Profit and Mark-Up";"Tractor-Trailer";"BAU";"%";2050;"0.1";"Sensitivity | Current Policies | Urban depot-only charging";"Electricity"
"OPEX";"Charging Infrastructure";"DE";"CCS Station (Depot) - Incl. Overhead";"Rigid";"PROG";"EUR/kWh";2050;"0.019";"Sensitivity | Current Policies | Urban depot-only charging";"Electricity"
"OPEX";"Charging Infrastructure";"DE";"CCS Station (Depot) - Incl. Overhead";"Tractor-Trailer";"PROG";"EUR/kWh";2050;"0.019";"Sensitivity | Current Policies | Urban depot-only charging";"Electricity"
"OPEX";"Charging Infrastructure";"DE";"CCS Station (Depot) - Incl. Overhead";"Rigid";"BAU";"EUR/kWh";2050;"0.019";"Sensitivity | Current Policies | Urban depot-only charging";"Electricity"
"OPEX";"Charging Infrastructure";"DE";"CCS Station (Depot) - Incl. Overhead";"Tractor-Trailer";"BAU";"EUR/kWh";2050;"0.019";"Sensitivity | Current Policies | Urban depot-only charging";"Electricity"
"OPEX";"Charging Infrastructure";"ES";"CCS Station (Depot) - Incl. Overhead";"Rigid";"PROG";"EUR/kWh";2050;"0.019";"Sensitivity | Current Policies | Urban depot-only charging";"Electricity"
"OPEX";"Charging Infrastructure";"ES";"CCS Station (Depot) - Incl. Overhead";"Tractor-Trailer";"PROG";"EUR/kWh";2050;"0.019";"Sensitivity | Current Policies | Urban depot-only charging";"Electricity"
"OPEX";"Charging Infrastructure";"ES";"CCS Station (Depot) - Incl. Overhead";"Rigid";"BAU";"EUR/kWh";2050;"0.019";"Sensitivity | Current Policies | Urban depot-only charging";"Electricity"
"OPEX";"Charging Infrastructure";"ES";"CCS Station (Depot) - Incl. Overhead";"Tractor-Trailer";"BAU";"EUR/kWh";2050;"0.019";"Sensitivity | Current Policies | Urban depot-only charging";"Electricity"
"OPEX";"Charging Infrastructure";"FR";"CCS Station (Depot) - Incl. Overhead";"Rigid";"PROG";"EUR/kWh";2050;"0.019";"Sensitivity | Current Policies | Urban depot-only charging";"Electricity"
"OPEX";"Charging Infrastructure";"FR";"CCS Station (Depot) - Incl. Overhead";"Tractor-Trailer";"PROG";"EUR/kWh";2050;"0.019";"Sensitivity | Current Policies | Urban depot-only charging";"Electricity"
"OPEX";"Charging Infrastructure";"FR";"CCS Station (Depot) - Incl. Overhead";"Rigid";"BAU";"EUR/kWh";2050;"0.019";"Sensitivity | Current Policies | Urban depot-only charging";"Electricity"
"OPEX";"Charging Infrastructure";"FR";"CCS Station (Depot) - Incl. Overhead";"Tractor-Trailer";"BAU";"EUR/kWh";2050;"0.019";"Sensitivity | Current Policies | Urban depot-only charging";"Electricity"
"OPEX";"Charging Infrastructure";"IT";"CCS Station (Depot) - Incl. Overhead";"Rigid";"PROG";"EUR/kWh";2050;"0.019";"Sensitivity | Current Policies | Urban depot-only charging";"Electricity"
"OPEX";"Charging Infrastructure";"IT";"CCS Station (Depot) - Incl. Overhead";"Tractor-Trailer";"PROG";"EUR/kWh";2050;"0.019";"Sensitivity | Current Policies | Urban depot-only charging";"Electricity"
"OPEX";"Charging Infrastructure";"IT";"CCS Station (Depot) - Incl. Overhead";"Rigid";"BAU";"EUR/kWh";2050;"0.019";"Sensitivity | Current Policies | Urban depot-only charging";"Electricity"
"OPEX";"Charging Infrastructure";"IT";"CCS Station (Depot) - Incl. Overhead";"Tractor-Trailer";"BAU";"EUR/kWh";2050;"0.019";"Sensitivity | Current Policies | Urban depot-only charging";"Electricity"
"OPEX";"Charging Infrastructure";"NL";"CCS Station (Depot) - Incl. Overhead";"Rigid";"PROG";"EUR/kWh";2050;"0.019";"Sensitivity | Current Policies | Urban depot-only charging";"Electricity"
"OPEX";"Charging Infrastructure";"NL";"CCS Station (Depot) - Incl. Overhead";"Tractor-Trailer";"PROG";"EUR/kWh";2050;"0.019";"Sensitivity | Current Policies | Urban depot-only charging";"Electricity"
"OPEX";"Charging Infrastructure";"NL";"CCS Station (Depot) - Incl. Overhead";"Rigid";"BAU";"EUR/kWh";2050;"0.019";"Sensitivity | Current Policies | Urban depot-only charging";"Electricity"
"OPEX";"Charging Infrastructure";"NL";"CCS Station (Depot) - Incl. Overhead";"Tractor-Trailer";"BAU";"EUR/kWh";2050;"0.019";"Sensitivity | Current Policies | Urban depot-only charging";"Electricity"
"OPEX";"Charging Infrastructure";"PL";"CCS Station (Depot) - Incl. Overhead";"Rigid";"PROG";"EUR/kWh";2050;"0.019";"Sensitivity | Current Policies | Urban depot-only charging";"Electricity"
"OPEX";"Charging Infrastructure";"PL";"CCS Station (Depot) - Incl. Overhead";"Tractor-Trailer";"PROG";"EUR/kWh";2050;"0.019";"Sensitivity | Current Policies | Urban depot-only charging";"Electricity"
"OPEX";"Charging Infrastructure";"PL";"CCS Station (Depot) - Incl. Overhead";"Rigid";"BAU";"EUR/kWh";2050;"0.019";"Sensitivity | Current Policies | Urban depot-only charging";"Electricity"
"OPEX";"Charging Infrastructure";"PL";"CCS Station (Depot) - Incl. Overhead";"Tractor-Trailer";"BAU";"EUR/kWh";2050;"0.019";"Sensitivity | Current Policies | Urban depot-only charging";"Electricity"
"OPEX";"Charging Infrastructure";"UK";"CCS Station (Depot) - Incl. Overhead";"Rigid";"PROG";"EUR/kWh";2050;"0.019";"Sensitivity | Current Policies | Urban depot-only charging";"Electricity"
"OPEX";"Charging Infrastructure";"UK";"CCS Station (Depot) - Incl. Overhead";"Tractor-Trailer";"PROG";"EUR/kWh";2050;"0.019";"Sensitivity | Current Policies | Urban depot-only charging";"Electricity"
"OPEX";"Charging Infrastructure";"UK";"CCS Station (Depot) - Incl. Overhead";"Rigid";"BAU";"EUR/kWh";2050;"0.019";"Sensitivity | Current Policies | Urban depot-only charging";"Electricity"
"OPEX";"Charging Infrastructure";"UK";"CCS Station (Depot) - Incl. Overhead";"Tractor-Trailer";"BAU";"EUR/kWh";2050;"0.019";"Sensitivity | Current Policies | Urban depot-only charging";"Electricity"
"OPEX";"Charging Infrastructure";"DE";"CCS grid extension";"Rigid";"PROG";"EUR/kWh";2050;"0.045";"Sensitivity | Current Policies | Urban depot-only charging";"Electricity"
"OPEX";"Charging Infrastructure";"DE";"CCS grid extension";"Tractor-Trailer";"PROG";"EUR/kWh";2050;"0.045";"Sensitivity | Current Policies | Urban depot-only charging";"Electricity"
"OPEX";"Charging Infrastructure";"DE";"CCS grid extension";"Rigid";"BAU";"EUR/kWh";2050;"0.045";"Sensitivity | Current Policies | Urban depot-only charging";"Electricity"
"OPEX";"Charging Infrastructure";"DE";"CCS grid extension";"Tractor-Trailer";"BAU";"EUR/kWh";2050;"0.045";"Sensitivity | Current Policies | Urban depot-only charging";"Electricity"
"OPEX";"Charging Infrastructure";"ES";"CCS grid extension";"Rigid";"PROG";"EUR/kWh";2050;"0.045";"Sensitivity | Current Policies | Urban depot-only charging";"Electricity"
"OPEX";"Charging Infrastructure";"ES";"CCS grid extension";"Tractor-Trailer";"PROG";"EUR/kWh";2050;"0.045";"Sensitivity | Current Policies | Urban depot-only charging";"Electricity"
"OPEX";"Charging Infrastructure";"ES";"CCS grid extension";"Rigid";"BAU";"EUR/kWh";2050;"0.045";"Sensitivity | Current Policies | Urban depot-only charging";"Electricity"
"OPEX";"Charging Infrastructure";"ES";"CCS grid extension";"Tractor-Trailer";"BAU";"EUR/kWh";2050;"0.045";"Sensitivity | Current Policies | Urban depot-only charging";"Electricity"
"OPEX";"Charging Infrastructure";"FR";"CCS grid extension";"Rigid";"PROG";"EUR/kWh";2050;"0.045";"Sensitivity | Current Policies | Urban depot-only charging";"Electricity"
"OPEX";"Charging Infrastructure";"FR";"CCS grid extension";"Tractor-Trailer";"PROG";"EUR/kWh";2050;"0.045";"Sensitivity | Current Policies | Urban depot-only charging";"Electricity"
"OPEX";"Charging Infrastructure";"FR";"CCS grid extension";"Rigid";"BAU";"EUR/kWh";2050;"0.045";"Sensitivity | Current Policies | Urban depot-only charging";"Electricity"
"OPEX";"Charging Infrastructure";"FR";"CCS grid extension";"Tractor-Trailer";"BAU";"EUR/kWh";2050;"0.045";"Sensitivity | Current Policies | Urban depot-only charging";"Electricity"
"OPEX";"Charging Infrastructure";"IT";"CCS grid extension";"Rigid";"PROG";"EUR/kWh";2050;"0.045";"Sensitivity | Current Policies | Urban depot-only charging";"Electricity"
"OPEX";"Charging Infrastructure";"IT";"CCS grid extension";"Tractor-Trailer";"PROG";"EUR/kWh";2050;"0.045";"Sensitivity | Current Policies | Urban depot-only charging";"Electricity"
"OPEX";"Charging Infrastructure";"IT";"CCS grid extension";"Rigid";"BAU";"EUR/kWh";2050;"0.045";"Sensitivity | Current Policies | Urban depot-only charging";"Electricity"
"OPEX";"Charging Infrastructure";"IT";"CCS grid extension";"Tractor-Trailer";"BAU";"EUR/kWh";2050;"0.045";"Sensitivity | Current Policies | Urban depot-only charging";"Electricity"
"OPEX";"Charging Infrastructure";"NL";"CCS grid extension";"Rigid";"PROG";"EUR/kWh";2050;"0.045";"Sensitivity | Current Policies | Urban depot-only charging";"Electricity"
"OPEX";"Charging Infrastructure";"NL";"CCS grid extension";"Tractor-Trailer";"PROG";"EUR/kWh";2050;"0.045";"Sensitivity | Current Policies | Urban depot-only charging";"Electricity"
"OPEX";"Charging Infrastructure";"NL";"CCS grid extension";"Rigid";"BAU";"EUR/kWh";2050;"0.045";"Sensitivity | Current Policies | Urban depot-only charging";"Electricity"
"OPEX";"Charging Infrastructure";"NL";"CCS grid extension";"Tractor-Trailer";"BAU";"EUR/kWh";2050;"0.045";"Sensitivity | Current Policies | Urban depot-only charging";"Electricity"
"OPEX";"Charging Infrastructure";"PL";"CCS grid extension";"Rigid";"PROG";"EUR/kWh";2050;"0.045";"Sensitivity | Current Policies | Urban depot-only charging";"Electricity"
"OPEX";"Charging Infrastructure";"PL";"CCS grid extension";"Tractor-Trailer";"PROG";"EUR/kWh";2050;"0.045";"Sensitivity | Current Policies | Urban depot-only charging";"Electricity"
"OPEX";"Charging Infrastructure";"PL";"CCS grid extension";"Rigid";"BAU";"EUR/kWh";2050;"0.045";"Sensitivity | Current Policies | Urban depot-only charging";"Electricity"
"OPEX";"Charging Infrastructure";"PL";"CCS grid extension";"Tractor-Trailer";"BAU";"EUR/kWh";2050;"0.045";"Sensitivity | Current Policies | Urban depot-only charging";"Electricity"
"OPEX";"Charging Infrastructure";"UK";"CCS grid extension";"Rigid";"PROG";"EUR/kWh";2050;"0.045";"Sensitivity | Current Policies | Urban depot-only charging";"Electricity"
"OPEX";"Charging Infrastructure";"UK";"CCS grid extension";"Tractor-Trailer";"PROG";"EUR/kWh";2050;"0.045";"Sensitivity | Current Policies | Urban depot-only charging";"Electricity"
"OPEX";"Charging Infrastructure";"UK";"CCS grid extension";"Rigid";"BAU";"EUR/kWh";2050;"0.045";"Sensitivity | Current Policies | Urban depot-only charging";"Electricity"
"OPEX";"Charging Infrastructure";"UK";"CCS grid extension";"Tractor-Trailer";"BAU";"EUR/kWh";2050;"0.045";"Sensitivity | Current Policies | Urban depot-only charging";"Electricity"
"OPEX";"Diesel Infrastructure";"DE";"Total Diesel Mark-Up";"Rigid";"BAU";"EUR/kWh";2050;"0.018";"Sensitivity | Current Policies | Urban depot-only charging";"Diesel"
"OPEX";"Diesel Infrastructure";"DE";"Total Diesel Mark-Up";"Tractor-Trailer";"BAU";"EUR/kWh";2050;"0.018";"Sensitivity | Current Policies | Urban depot-only charging";"Diesel"
"OPEX";"Diesel Infrastructure";"DE";"Total Diesel Mark-Up";"Rigid";"PROG";"EUR/kWh";2050;"0.018";"Sensitivity | Current Policies | Urban depot-only charging";"Diesel"
"OPEX";"Diesel Infrastructure";"DE";"Total Diesel Mark-Up";"Tractor-Trailer";"PROG";"EUR/kWh";2050;"0.018";"Sensitivity | Current Policies | Urban depot-only charging";"Diesel"
"OPEX";"Diesel Infrastructure";"ES";"Total Diesel Mark-Up";"Rigid";"BAU";"EUR/kWh";2050;"0.018";"Sensitivity | Current Policies | Urban depot-only charging";"Diesel"
"OPEX";"Diesel Infrastructure";"ES";"Total Diesel Mark-Up";"Tractor-Trailer";"BAU";"EUR/kWh";2050;"0.018";"Sensitivity | Current Policies | Urban depot-only charging";"Diesel"
"OPEX";"Diesel Infrastructure";"ES";"Total Diesel Mark-Up";"Rigid";"PROG";"EUR/kWh";2050;"0.018";"Sensitivity | Current Policies | Urban depot-only charging";"Diesel"
"OPEX";"Diesel Infrastructure";"ES";"Total Diesel Mark-Up";"Tractor-Trailer";"PROG";"EUR/kWh";2050;"0.018";"Sensitivity | Current Policies | Urban depot-only charging";"Diesel"
"OPEX";"Diesel Infrastructure";"FR";"Total Diesel Mark-Up";"Rigid";"BAU";"EUR/kWh";2050;"0.018";"Sensitivity | Current Policies | Urban depot-only charging";"Diesel"
"OPEX";"Diesel Infrastructure";"FR";"Total Diesel Mark-Up";"Tractor-Trailer";"BAU";"EUR/kWh";2050;"0.018";"Sensitivity | Current Policies | Urban depot-only charging";"Diesel"
"OPEX";"Diesel Infrastructure";"FR";"Total Diesel Mark-Up";"Rigid";"PROG";"EUR/kWh";2050;"0.018";"Sensitivity | Current Policies | Urban depot-only charging";"Diesel"
"OPEX";"Diesel Infrastructure";"FR";"Total Diesel Mark-Up";"Tractor-Trailer";"PROG";"EUR/kWh";2050;"0.018";"Sensitivity | Current Policies | Urban depot-only charging";"Diesel"
"OPEX";"Diesel Infrastructure";"IT";"Total Diesel Mark-Up";"Rigid";"BAU";"EUR/kWh";2050;"0.018";"Sensitivity | Current Policies | Urban depot-only charging";"Diesel"
"OPEX";"Diesel Infrastructure";"IT";"Total Diesel Mark-Up";"Tractor-Trailer";"BAU";"EUR/kWh";2050;"0.018";"Sensitivity | Current Policies | Urban depot-only charging";"Diesel"
"OPEX";"Diesel Infrastructure";"IT";"Total Diesel Mark-Up";"Rigid";"PROG";"EUR/kWh";2050;"0.018";"Sensitivity | Current Policies | Urban depot-only charging";"Diesel"
"OPEX";"Diesel Infrastructure";"IT";"Total Diesel Mark-Up";"Tractor-Trailer";"PROG";"EUR/kWh";2050;"0.018";"Sensitivity | Current Policies | Urban depot-only charging";"Diesel"
"OPEX";"Diesel Infrastructure";"NL";"Total Diesel Mark-Up";"Rigid";"BAU";"EUR/kWh";2050;"0.018";"Sensitivity | Current Policies | Urban depot-only charging";"Diesel"
"OPEX";"Diesel Infrastructure";"NL";"Total Diesel Mark-Up";"Tractor-Trailer";"BAU";"EUR/kWh";2050;"0.018";"Sensitivity | Current Policies | Urban depot-only charging";"Diesel"
"OPEX";"Diesel Infrastructure";"NL";"Total Diesel Mark-Up";"Rigid";"PROG";"EUR/kWh";2050;"0.018";"Sensitivity | Current Policies | Urban depot-only charging";"Diesel"
"OPEX";"Diesel Infrastructure";"NL";"Total Diesel Mark-Up";"Tractor-Trailer";"PROG";"EUR/kWh";2050;"0.018";"Sensitivity | Current Policies | Urban depot-only charging";"Diesel"
"OPEX";"Diesel Infrastructure";"PL";"Total Diesel Mark-Up";"Rigid";"BAU";"EUR/kWh";2050;"0.018";"Sensitivity | Current Policies | Urban depot-only charging";"Diesel"
"OPEX";"Diesel Infrastructure";"PL";"Total Diesel Mark-Up";"Tractor-Trailer";"BAU";"EUR/kWh";2050;"0.018";"Sensitivity | Current Policies | Urban depot-only charging";"Diesel"
"OPEX";"Diesel Infrastructure";"PL";"Total Diesel Mark-Up";"Rigid";"PROG";"EUR/kWh";2050;"0.018";"Sensitivity | Current Policies | Urban depot-only charging";"Diesel"
"OPEX";"Diesel Infrastructure";"PL";"Total Diesel Mark-Up";"Tractor-Trailer";"PROG";"EUR/kWh";2050;"0.018";"Sensitivity | Current Policies | Urban depot-only charging";"Diesel"
"OPEX";"Diesel Infrastructure";"UK";"Total Diesel Mark-Up";"Rigid";"BAU";"EUR/kWh";2050;"0.018";"Sensitivity | Current Policies | Urban depot-only charging";"Diesel"
"OPEX";"Diesel Infrastructure";"UK";"Total Diesel Mark-Up";"Tractor-Trailer";"BAU";"EUR/kWh";2050;"0.018";"Sensitivity | Current Policies | Urban depot-only charging";"Diesel"
"OPEX";"Diesel Infrastructure";"UK";"Total Diesel Mark-Up";"Rigid";"PROG";"EUR/kWh";2050;"0.018";"Sensitivity | Current Policies | Urban depot-only charging";"Diesel"
"OPEX";"Diesel Infrastructure";"UK";"Total Diesel Mark-Up";"Tractor-Trailer";"PROG";"EUR/kWh";2050;"0.018";"Sensitivity | Current Policies | Urban depot-only charging";"Diesel"
"OPEX";"Diesel Infrastructure";"DE";"CO2 emission factor Biodiesel";"Rigid";"BAU";"%";2050;"0.152";"Sensitivity | Current Policies | Urban depot-only charging";"Diesel"
"OPEX";"Diesel Infrastructure";"DE";"CO2 emission factor Biodiesel";"Tractor-Trailer";"BAU";"%";2050;"0.152";"Sensitivity | Current Policies | Urban depot-only charging";"Diesel"
"OPEX";"Diesel Infrastructure";"DE";"CO2 emission factor Biodiesel";"Rigid";"PROG";"%";2050;"0.152";"Sensitivity | Current Policies | Urban depot-only charging";"Diesel"
"OPEX";"Diesel Infrastructure";"DE";"CO2 emission factor Biodiesel";"Tractor-Trailer";"PROG";"%";2050;"0.152";"Sensitivity | Current Policies | Urban depot-only charging";"Diesel"
"OPEX";"Diesel Infrastructure";"ES";"CO2 emission factor Biodiesel";"Rigid";"BAU";"%";2050;"0.152";"Sensitivity | Current Policies | Urban depot-only charging";"Diesel"
"OPEX";"Diesel Infrastructure";"ES";"CO2 emission factor Biodiesel";"Tractor-Trailer";"BAU";"%";2050;"0.152";"Sensitivity | Current Policies | Urban depot-only charging";"Diesel"
"OPEX";"Diesel Infrastructure";"ES";"CO2 emission factor Biodiesel";"Rigid";"PROG";"%";2050;"0.152";"Sensitivity | Current Policies | Urban depot-only charging";"Diesel"
"OPEX";"Diesel Infrastructure";"ES";"CO2 emission factor Biodiesel";"Tractor-Trailer";"PROG";"%";2050;"0.152";"Sensitivity | Current Policies | Urban depot-only charging";"Diesel"
"OPEX";"Diesel Infrastructure";"FR";"CO2 emission factor Biodiesel";"Rigid";"BAU";"%";2050;"0.152";"Sensitivity | Current Policies | Urban depot-only charging";"Diesel"
"OPEX";"Diesel Infrastructure";"FR";"CO2 emission factor Biodiesel";"Tractor-Trailer";"BAU";"%";2050;"0.152";"Sensitivity | Current Policies | Urban depot-only charging";"Diesel"
"OPEX";"Diesel Infrastructure";"FR";"CO2 emission factor Biodiesel";"Rigid";"PROG";"%";2050;"0.152";"Sensitivity | Current Policies | Urban depot-only charging";"Diesel"
"OPEX";"Diesel Infrastructure";"FR";"CO2 emission factor Biodiesel";"Tractor-Trailer";"PROG";"%";2050;"0.152";"Sensitivity | Current Policies | Urban depot-only charging";"Diesel"
"OPEX";"Diesel Infrastructure";"IT";"CO2 emission factor Biodiesel";"Rigid";"BAU";"%";2050;"0.152";"Sensitivity | Current Policies | Urban depot-only charging";"Diesel"
"OPEX";"Diesel Infrastructure";"IT";"CO2 emission factor Biodiesel";"Tractor-Trailer";"BAU";"%";2050;"0.152";"Sensitivity | Current Policies | Urban depot-only charging";"Diesel"
"OPEX";"Diesel Infrastructure";"IT";"CO2 emission factor Biodiesel";"Rigid";"PROG";"%";2050;"0.152";"Sensitivity | Current Policies | Urban depot-only charging";"Diesel"
"OPEX";"Diesel Infrastructure";"IT";"CO2 emission factor Biodiesel";"Tractor-Trailer";"PROG";"%";2050;"0.152";"Sensitivity | Current Policies | Urban depot-only charging";"Diesel"
"OPEX";"Diesel Infrastructure";"NL";"CO2 emission factor Biodiesel";"Rigid";"BAU";"%";2050;"0.152";"Sensitivity | Current Policies | Urban depot-only charging";"Diesel"
"OPEX";"Diesel Infrastructure";"NL";"CO2 emission factor Biodiesel";"Tractor-Trailer";"BAU";"%";2050;"0.152";"Sensitivity | Current Policies | Urban depot-only charging";"Diesel"
"OPEX";"Diesel Infrastructure";"NL";"CO2 emission factor Biodiesel";"Rigid";"PROG";"%";2050;"0.152";"Sensitivity | Current Policies | Urban depot-only charging";"Diesel"
"OPEX";"Diesel Infrastructure";"NL";"CO2 emission factor Biodiesel";"Tractor-Trailer";"PROG";"%";2050;"0.152";"Sensitivity | Current Policies | Urban depot-only charging";"Diesel"
"OPEX";"Diesel Infrastructure";"PL";"CO2 emission factor Biodiesel";"Rigid";"BAU";"%";2050;"0.152";"Sensitivity | Current Policies | Urban depot-only charging";"Diesel"
"OPEX";"Diesel Infrastructure";"PL";"CO2 emission factor Biodiesel";"Tractor-Trailer";"BAU";"%";2050;"0.152";"Sensitivity | Current Policies | Urban depot-only charging";"Diesel"
"OPEX";"Diesel Infrastructure";"PL";"CO2 emission factor Biodiesel";"Rigid";"PROG";"%";2050;"0.152";"Sensitivity | Current Policies | Urban depot-only charging";"Diesel"
"OPEX";"Diesel Infrastructure";"PL";"CO2 emission factor Biodiesel";"Tractor-Trailer";"PROG";"%";2050;"0.152";"Sensitivity | Current Policies | Urban depot-only charging";"Diesel"
"OPEX";"Diesel Infrastructure";"UK";"CO2 emission factor Biodiesel";"Rigid";"BAU";"%";2050;"0.152";"Sensitivity | Current Policies | Urban depot-only charging";"Diesel"
"OPEX";"Diesel Infrastructure";"UK";"CO2 emission factor Biodiesel";"Tractor-Trailer";"BAU";"%";2050;"0.152";"Sensitivity | Current Policies | Urban depot-only charging";"Diesel"
"OPEX";"Diesel Infrastructure";"UK";"CO2 emission factor Biodiesel";"Rigid";"PROG";"%";2050;"0.152";"Sensitivity | Current Policies | Urban depot-only charging";"Diesel"
"OPEX";"Diesel Infrastructure";"UK";"CO2 emission factor Biodiesel";"Tractor-Trailer";"PROG";"%";2050;"0.152";"Sensitivity | Current Policies | Urban depot-only charging";"Diesel"
"OPEX";"Diesel Infrastructure";"DE";"CO2 emission factor Pt-Diesel";"Rigid";"BAU";"%";2050;"0";"Sensitivity | Current Policies | Urban depot-only charging";"Diesel"
"OPEX";"Diesel Infrastructure";"DE";"CO2 emission factor Pt-Diesel";"Tractor-Trailer";"BAU";"%";2050;"0";"Sensitivity | Current Policies | Urban depot-only charging";"Diesel"
"OPEX";"Diesel Infrastructure";"DE";"CO2 emission factor Pt-Diesel";"Rigid";"PROG";"%";2050;"0";"Sensitivity | Current Policies | Urban depot-only charging";"Diesel"
"OPEX";"Diesel Infrastructure";"DE";"CO2 emission factor Pt-Diesel";"Tractor-Trailer";"PROG";"%";2050;"0";"Sensitivity | Current Policies | Urban depot-only charging";"Diesel"
"OPEX";"Diesel Infrastructure";"ES";"CO2 emission factor Pt-Diesel";"Rigid";"BAU";"%";2050;"0";"Sensitivity | Current Policies | Urban depot-only charging";"Diesel"
"OPEX";"Diesel Infrastructure";"ES";"CO2 emission factor Pt-Diesel";"Tractor-Trailer";"BAU";"%";2050;"0";"Sensitivity | Current Policies | Urban depot-only charging";"Diesel"
"OPEX";"Diesel Infrastructure";"ES";"CO2 emission factor Pt-Diesel";"Rigid";"PROG";"%";2050;"0";"Sensitivity | Current Policies | Urban depot-only charging";"Diesel"
"OPEX";"Diesel Infrastructure";"ES";"CO2 emission factor Pt-Diesel";"Tractor-Trailer";"PROG";"%";2050;"0";"Sensitivity | Current Policies | Urban depot-only charging";"Diesel"
"OPEX";"Diesel Infrastructure";"FR";"CO2 emission factor Pt-Diesel";"Rigid";"BAU";"%";2050;"0";"Sensitivity | Current Policies | Urban depot-only charging";"Diesel"
"OPEX";"Diesel Infrastructure";"FR";"CO2 emission factor Pt-Diesel";"Tractor-Trailer";"BAU";"%";2050;"0";"Sensitivity | Current Policies | Urban depot-only charging";"Diesel"
"OPEX";"Diesel Infrastructure";"FR";"CO2 emission factor Pt-Diesel";"Rigid";"PROG";"%";2050;"0";"Sensitivity | Current Policies | Urban depot-only charging";"Diesel"
"OPEX";"Diesel Infrastructure";"FR";"CO2 emission factor Pt-Diesel";"Tractor-Trailer";"PROG";"%";2050;"0";"Sensitivity | Current Policies | Urban depot-only charging";"Diesel"
"OPEX";"Diesel Infrastructure";"IT";"CO2 emission factor Pt-Diesel";"Rigid";"BAU";"%";2050;"0";"Sensitivity | Current Policies | Urban depot-only charging";"Diesel"
"OPEX";"Diesel Infrastructure";"IT";"CO2 emission factor Pt-Diesel";"Tractor-Trailer";"BAU";"%";2050;"0";"Sensitivity | Current Policies | Urban depot-only charging";"Diesel"
"OPEX";"Diesel Infrastructure";"IT";"CO2 emission factor Pt-Diesel";"Rigid";"PROG";"%";2050;"0";"Sensitivity | Current Policies | Urban depot-only charging";"Diesel"
"OPEX";"Diesel Infrastructure";"IT";"CO2 emission factor Pt-Diesel";"Tractor-Trailer";"PROG";"%";2050;"0";"Sensitivity | Current Policies | Urban depot-only charging";"Diesel"
"OPEX";"Diesel Infrastructure";"NL";"CO2 emission factor Pt-Diesel";"Rigid";"BAU";"%";2050;"0";"Sensitivity | Current Policies | Urban depot-only charging";"Diesel"
"OPEX";"Diesel Infrastructure";"NL";"CO2 emission factor Pt-Diesel";"Tractor-Trailer";"BAU";"%";2050;"0";"Sensitivity | Current Policies | Urban depot-only charging";"Diesel"
"OPEX";"Diesel Infrastructure";"NL";"CO2 emission factor Pt-Diesel";"Rigid";"PROG";"%";2050;"0";"Sensitivity | Current Policies | Urban depot-only charging";"Diesel"
"OPEX";"Diesel Infrastructure";"NL";"CO2 emission factor Pt-Diesel";"Tractor-Trailer";"PROG";"%";2050;"0";"Sensitivity | Current Policies | Urban depot-only charging";"Diesel"
"OPEX";"Diesel Infrastructure";"PL";"CO2 emission factor Pt-Diesel";"Rigid";"BAU";"%";2050;"0";"Sensitivity | Current Policies | Urban depot-only charging";"Diesel"
"OPEX";"Diesel Infrastructure";"PL";"CO2 emission factor Pt-Diesel";"Tractor-Trailer";"BAU";"%";2050;"0";"Sensitivity | Current Policies | Urban depot-only charging";"Diesel"
"OPEX";"Diesel Infrastructure";"PL";"CO2 emission factor Pt-Diesel";"Rigid";"PROG";"%";2050;"0";"Sensitivity | Current Policies | Urban depot-only charging";"Diesel"
"OPEX";"Diesel Infrastructure";"PL";"CO2 emission factor Pt-Diesel";"Tractor-Trailer";"PROG";"%";2050;"0";"Sensitivity | Current Policies | Urban depot-only charging";"Diesel"
"OPEX";"Diesel Infrastructure";"UK";"CO2 emission factor Pt-Diesel";"Rigid";"BAU";"%";2050;"0";"Sensitivity | Current Policies | Urban depot-only charging";"Diesel"
"OPEX";"Diesel Infrastructure";"UK";"CO2 emission factor Pt-Diesel";"Tractor-Trailer";"BAU";"%";2050;"0";"Sensitivity | Current Policies | Urban depot-only charging";"Diesel"
"OPEX";"Diesel Infrastructure";"UK";"CO2 emission factor Pt-Diesel";"Rigid";"PROG";"%";2050;"0";"Sensitivity | Current Policies | Urban depot-only charging";"Diesel"
"OPEX";"Diesel Infrastructure";"UK";"CO2 emission factor Pt-Diesel";"Tractor-Trailer";"PROG";"%";2050;"0";"Sensitivity | Current Policies | Urban depot-only charging";"Diesel"
"OPEX";"Taxes";"DE";"Network Costs - MCS";"Rigid";"BAU";"EUR/kWh";2050;"0.034";"Sensitivity | Current Policies | Urban depot-only charging";"Electricity"
"OPEX";"Taxes";"DE";"Network Costs - MCS";"Tractor-Trailer";"BAU";"EUR/kWh";2050;"0.034";"Sensitivity | Current Policies | Urban depot-only charging";"Electricity"
"OPEX";"Taxes";"ES";"Network Costs - MCS";"Rigid";"BAU";"EUR/kWh";2050;"0.018";"Sensitivity | Current Policies | Urban depot-only charging";"Electricity"
"OPEX";"Taxes";"ES";"Network Costs - MCS";"Tractor-Trailer";"BAU";"EUR/kWh";2050;"0.018";"Sensitivity | Current Policies | Urban depot-only charging";"Electricity"
"OPEX";"Taxes";"FR";"Network Costs - MCS";"Rigid";"BAU";"EUR/kWh";2050;"0.018";"Sensitivity | Current Policies | Urban depot-only charging";"Electricity"
"OPEX";"Taxes";"FR";"Network Costs - MCS";"Tractor-Trailer";"BAU";"EUR/kWh";2050;"0.018";"Sensitivity | Current Policies | Urban depot-only charging";"Electricity"
"OPEX";"Taxes";"IT";"Network Costs - MCS";"Rigid";"BAU";"EUR/kWh";2050;"0.015";"Sensitivity | Current Policies | Urban depot-only charging";"Electricity"
"OPEX";"Taxes";"IT";"Network Costs - MCS";"Tractor-Trailer";"BAU";"EUR/kWh";2050;"0.015";"Sensitivity | Current Policies | Urban depot-only charging";"Electricity"
"OPEX";"Taxes";"NL";"Network Costs - MCS";"Rigid";"BAU";"EUR/kWh";2050;"0.016";"Sensitivity | Current Policies | Urban depot-only charging";"Electricity"
"OPEX";"Taxes";"NL";"Network Costs - MCS";"Tractor-Trailer";"BAU";"EUR/kWh";2050;"0.016";"Sensitivity | Current Policies | Urban depot-only charging";"Electricity"
"OPEX";"Taxes";"PL";"Network Costs - MCS";"Rigid";"BAU";"EUR/kWh";2050;"0.019";"Sensitivity | Current Policies | Urban depot-only charging";"Electricity"
"OPEX";"Taxes";"PL";"Network Costs - MCS";"Tractor-Trailer";"BAU";"EUR/kWh";2050;"0.019";"Sensitivity | Current Policies | Urban depot-only charging";"Electricity"
"OPEX";"Taxes";"UK";"Network Costs - MCS";"Rigid";"BAU";"EUR/kWh";2050;"0.027";"Sensitivity | Current Policies | Urban depot-only charging";"Electricity"
"OPEX";"Taxes";"UK";"Network Costs - MCS";"Tractor-Trailer";"BAU";"EUR/kWh";2050;"0.027";"Sensitivity | Current Policies | Urban depot-only charging";"Electricity"
"OPEX";"Taxes";"DE";"Taxes, Fees, Levies and charges - MCS";"Rigid";"BAU";"EUR/kWh";2050;"0.056";"Sensitivity | Current Policies | Urban depot-only charging";"Electricity"
"OPEX";"Taxes";"DE";"Taxes, Fees, Levies and charges - MCS";"Tractor-Trailer";"BAU";"EUR/kWh";2050;"0.056";"Sensitivity | Current Policies | Urban depot-only charging";"Electricity"
"OPEX";"Taxes";"ES";"Taxes, Fees, Levies and charges - MCS";"Rigid";"BAU";"EUR/kWh";2050;"0.036";"Sensitivity | Current Policies | Urban depot-only charging";"Electricity"
"OPEX";"Taxes";"ES";"Taxes, Fees, Levies and charges - MCS";"Tractor-Trailer";"BAU";"EUR/kWh";2050;"0.036";"Sensitivity | Current Policies | Urban depot-only charging";"Electricity"
"OPEX";"Taxes";"FR";"Taxes, Fees, Levies and charges - MCS";"Rigid";"BAU";"EUR/kWh";2050;"0.03";"Sensitivity | Current Policies | Urban depot-only charging";"Electricity"
"OPEX";"Taxes";"FR";"Taxes, Fees, Levies and charges - MCS";"Tractor-Trailer";"BAU";"EUR/kWh";2050;"0.03";"Sensitivity | Current Policies | Urban depot-only charging";"Electricity"
"OPEX";"Taxes";"IT";"Taxes, Fees, Levies and charges - MCS";"Rigid";"BAU";"EUR/kWh";2050;"0.062";"Sensitivity | Current Policies | Urban depot-only charging";"Electricity"
"OPEX";"Taxes";"IT";"Taxes, Fees, Levies and charges - MCS";"Tractor-Trailer";"BAU";"EUR/kWh";2050;"0.062";"Sensitivity | Current Policies | Urban depot-only charging";"Electricity"
"OPEX";"Taxes";"NL";"Taxes, Fees, Levies and charges - MCS";"Rigid";"BAU";"EUR/kWh";2050;"0.055";"Sensitivity | Current Policies | Urban depot-only charging";"Electricity"
"OPEX";"Taxes";"NL";"Taxes, Fees, Levies and charges - MCS";"Tractor-Trailer";"BAU";"EUR/kWh";2050;"0.055";"Sensitivity | Current Policies | Urban depot-only charging";"Electricity"
"OPEX";"Taxes";"PL";"Taxes, Fees, Levies and charges - MCS";"Rigid";"BAU";"EUR/kWh";2050;"0.049";"Sensitivity | Current Policies | Urban depot-only charging";"Electricity"
"OPEX";"Taxes";"PL";"Taxes, Fees, Levies and charges - MCS";"Tractor-Trailer";"BAU";"EUR/kWh";2050;"0.049";"Sensitivity | Current Policies | Urban depot-only charging";"Electricity"
"OPEX";"Taxes";"UK";"Taxes, Fees, Levies and charges - MCS";"Rigid";"BAU";"EUR/kWh";2050;"0.077";"Sensitivity | Current Policies | Urban depot-only charging";"Electricity"
"OPEX";"Taxes";"UK";"Taxes, Fees, Levies and charges - MCS";"Tractor-Trailer";"BAU";"EUR/kWh";2050;"0.077";"Sensitivity | Current Policies | Urban depot-only charging";"Electricity"
"OPEX";"Taxes";"DE";"Network Costs - Depot";"Rigid";"BAU";"EUR/kWh";2050;"0.034";"Sensitivity | Current Policies | Urban depot-only charging";"Electricity"
"OPEX";"Taxes";"DE";"Network Costs - Depot";"Tractor-Trailer";"BAU";"EUR/kWh";2050;"0.034";"Sensitivity | Current Policies | Urban depot-only charging";"Electricity"
"OPEX";"Taxes";"ES";"Network Costs - Depot";"Rigid";"BAU";"EUR/kWh";2050;"0.018";"Sensitivity | Current Policies | Urban depot-only charging";"Electricity"
"OPEX";"Taxes";"ES";"Network Costs - Depot";"Tractor-Trailer";"BAU";"EUR/kWh";2050;"0.018";"Sensitivity | Current Policies | Urban depot-only charging";"Electricity"
"OPEX";"Taxes";"FR";"Network Costs - Depot";"Rigid";"BAU";"EUR/kWh";2050;"0.018";"Sensitivity | Current Policies | Urban depot-only charging";"Electricity"
"OPEX";"Taxes";"FR";"Network Costs - Depot";"Tractor-Trailer";"BAU";"EUR/kWh";2050;"0.018";"Sensitivity | Current Policies | Urban depot-only charging";"Electricity"
"OPEX";"Taxes";"IT";"Network Costs - Depot";"Rigid";"BAU";"EUR/kWh";2050;"0.016";"Sensitivity | Current Policies | Urban depot-only charging";"Electricity"
"OPEX";"Taxes";"IT";"Network Costs - Depot";"Tractor-Trailer";"BAU";"EUR/kWh";2050;"0.016";"Sensitivity | Current Policies | Urban depot-only charging";"Electricity"
"OPEX";"Taxes";"NL";"Network Costs - Depot";"Rigid";"BAU";"EUR/kWh";2050;"0.016";"Sensitivity | Current Policies | Urban depot-only charging";"Electricity"
"OPEX";"Taxes";"NL";"Network Costs - Depot";"Tractor-Trailer";"BAU";"EUR/kWh";2050;"0.016";"Sensitivity | Current Policies | Urban depot-only charging";"Electricity"
"OPEX";"Taxes";"PL";"Network Costs - Depot";"Rigid";"BAU";"EUR/kWh";2050;"0.019";"Sensitivity | Current Policies | Urban depot-only charging";"Electricity"
"OPEX";"Taxes";"PL";"Network Costs - Depot";"Tractor-Trailer";"BAU";"EUR/kWh";2050;"0.019";"Sensitivity | Current Policies | Urban depot-only charging";"Electricity"
"OPEX";"Taxes";"UK";"Network Costs - Depot";"Rigid";"BAU";"EUR/kWh";2050;"0.027";"Sensitivity | Current Policies | Urban depot-only charging";"Electricity"
"OPEX";"Taxes";"UK";"Network Costs - Depot";"Tractor-Trailer";"BAU";"EUR/kWh";2050;"0.027";"Sensitivity | Current Policies | Urban depot-only charging";"Electricity"
"OPEX";"Taxes";"DE";"Taxes, Fees, Levies and charges - Depot";"Rigid";"BAU";"EUR/kWh";2050;"0.056";"Sensitivity | Current Policies | Urban depot-only charging";"Electricity"
"OPEX";"Taxes";"DE";"Taxes, Fees, Levies and charges - Depot";"Tractor-Trailer";"BAU";"EUR/kWh";2050;"0.056";"Sensitivity | Current Policies | Urban depot-only charging";"Electricity"
"OPEX";"Taxes";"ES";"Taxes, Fees, Levies and charges - Depot";"Rigid";"BAU";"EUR/kWh";2050;"0.036";"Sensitivity | Current Policies | Urban depot-only charging";"Electricity"
"OPEX";"Taxes";"ES";"Taxes, Fees, Levies and charges - Depot";"Tractor-Trailer";"BAU";"EUR/kWh";2050;"0.036";"Sensitivity | Current Policies | Urban depot-only charging";"Electricity"
"OPEX";"Taxes";"FR";"Taxes, Fees, Levies and charges - Depot";"Rigid";"BAU";"EUR/kWh";2050;"0.03";"Sensitivity | Current Policies | Urban depot-only charging";"Electricity"
"OPEX";"Taxes";"FR";"Taxes, Fees, Levies and charges - Depot";"Tractor-Trailer";"BAU";"EUR/kWh";2050;"0.03";"Sensitivity | Current Policies | Urban depot-only charging";"Electricity"
"OPEX";"Taxes";"IT";"Taxes, Fees, Levies and charges - Depot";"Rigid";"BAU";"EUR/kWh";2050;"0.063";"Sensitivity | Current Policies | Urban depot-only charging";"Electricity"
"OPEX";"Taxes";"IT";"Taxes, Fees, Levies and charges - Depot";"Tractor-Trailer";"BAU";"EUR/kWh";2050;"0.063";"Sensitivity | Current Policies | Urban depot-only charging";"Electricity"
"OPEX";"Taxes";"NL";"Taxes, Fees, Levies and charges - Depot";"Rigid";"BAU";"EUR/kWh";2050;"0.055";"Sensitivity | Current Policies | Urban depot-only charging";"Electricity"
"OPEX";"Taxes";"NL";"Taxes, Fees, Levies and charges - Depot";"Tractor-Trailer";"BAU";"EUR/kWh";2050;"0.055";"Sensitivity | Current Policies | Urban depot-only charging";"Electricity"
"OPEX";"Taxes";"PL";"Taxes, Fees, Levies and charges - Depot";"Rigid";"BAU";"EUR/kWh";2050;"0.049";"Sensitivity | Current Policies | Urban depot-only charging";"Electricity"
"OPEX";"Taxes";"PL";"Taxes, Fees, Levies and charges - Depot";"Tractor-Trailer";"BAU";"EUR/kWh";2050;"0.049";"Sensitivity | Current Policies | Urban depot-only charging";"Electricity"
"OPEX";"Taxes";"UK";"Taxes, Fees, Levies and charges - Depot";"Rigid";"BAU";"EUR/kWh";2050;"0.077";"Sensitivity | Current Policies | Urban depot-only charging";"Electricity"
"OPEX";"Taxes";"UK";"Taxes, Fees, Levies and charges - Depot";"Tractor-Trailer";"BAU";"EUR/kWh";2050;"0.077";"Sensitivity | Current Policies | Urban depot-only charging";"Electricity"
"OPEX";"H2 Infrastructure";"DE";"HRS costs";"Rigid";"BAU";"EUR/kg H2";2050;"1";"Sensitivity | Current Policies | Urban depot-only charging";"Hydrogen"
"OPEX";"H2 Infrastructure";"DE";"HRS costs";"Tractor-Trailer";"BAU";"EUR/kg H2";2050;"1";"Sensitivity | Current Policies | Urban depot-only charging";"Hydrogen"
"OPEX";"H2 Infrastructure";"ES";"HRS costs";"Rigid";"BAU";"EUR/kg H2";2050;"1";"Sensitivity | Current Policies | Urban depot-only charging";"Hydrogen"
"OPEX";"H2 Infrastructure";"ES";"HRS costs";"Tractor-Trailer";"BAU";"EUR/kg H2";2050;"1";"Sensitivity | Current Policies | Urban depot-only charging";"Hydrogen"
"OPEX";"H2 Infrastructure";"FR";"HRS costs";"Rigid";"BAU";"EUR/kg H2";2050;"1";"Sensitivity | Current Policies | Urban depot-only charging";"Hydrogen"
"OPEX";"H2 Infrastructure";"FR";"HRS costs";"Tractor-Trailer";"BAU";"EUR/kg H2";2050;"1";"Sensitivity | Current Policies | Urban depot-only charging";"Hydrogen"
"OPEX";"H2 Infrastructure";"IT";"HRS costs";"Rigid";"BAU";"EUR/kg H2";2050;"1";"Sensitivity | Current Policies | Urban depot-only charging";"Hydrogen"
"OPEX";"H2 Infrastructure";"IT";"HRS costs";"Tractor-Trailer";"BAU";"EUR/kg H2";2050;"1";"Sensitivity | Current Policies | Urban depot-only charging";"Hydrogen"
"OPEX";"H2 Infrastructure";"NL";"HRS costs";"Rigid";"BAU";"EUR/kg H2";2050;"1";"Sensitivity | Current Policies | Urban depot-only charging";"Hydrogen"
"OPEX";"H2 Infrastructure";"NL";"HRS costs";"Tractor-Trailer";"BAU";"EUR/kg H2";2050;"1";"Sensitivity | Current Policies | Urban depot-only charging";"Hydrogen"
"OPEX";"H2 Infrastructure";"PL";"HRS costs";"Rigid";"BAU";"EUR/kg H2";2050;"1";"Sensitivity | Current Policies | Urban depot-only charging";"Hydrogen"
"OPEX";"H2 Infrastructure";"PL";"HRS costs";"Tractor-Trailer";"BAU";"EUR/kg H2";2050;"1";"Sensitivity | Current Policies | Urban depot-only charging";"Hydrogen"
"OPEX";"H2 Infrastructure";"UK";"HRS costs";"Rigid";"BAU";"EUR/kg H2";2050;"1";"Sensitivity | Current Policies | Urban depot-only charging";"Hydrogen"
"OPEX";"H2 Infrastructure";"UK";"HRS costs";"Tractor-Trailer";"BAU";"EUR/kg H2";2050;"1";"Sensitivity | Current Policies | Urban depot-only charging";"Hydrogen"
"OPEX";"H2 Infrastructure";"DE";"H2 transport and distribution";"Rigid";"BAU";"EUR/kg H2";2050;"1";"Sensitivity | Current Policies | Urban depot-only charging";"Hydrogen"
"OPEX";"H2 Infrastructure";"DE";"H2 transport and distribution";"Tractor-Trailer";"BAU";"EUR/kg H2";2050;"1";"Sensitivity | Current Policies | Urban depot-only charging";"Hydrogen"
"OPEX";"H2 Infrastructure";"ES";"H2 transport and distribution";"Rigid";"BAU";"EUR/kg H2";2050;"1";"Sensitivity | Current Policies | Urban depot-only charging";"Hydrogen"
"OPEX";"H2 Infrastructure";"ES";"H2 transport and distribution";"Tractor-Trailer";"BAU";"EUR/kg H2";2050;"1";"Sensitivity | Current Policies | Urban depot-only charging";"Hydrogen"
"OPEX";"H2 Infrastructure";"FR";"H2 transport and distribution";"Rigid";"BAU";"EUR/kg H2";2050;"1";"Sensitivity | Current Policies | Urban depot-only charging";"Hydrogen"
"OPEX";"H2 Infrastructure";"FR";"H2 transport and distribution";"Tractor-Trailer";"BAU";"EUR/kg H2";2050;"1";"Sensitivity | Current Policies | Urban depot-only charging";"Hydrogen"
"OPEX";"H2 Infrastructure";"IT";"H2 transport and distribution";"Rigid";"BAU";"EUR/kg H2";2050;"1";"Sensitivity | Current Policies | Urban depot-only charging";"Hydrogen"
"OPEX";"H2 Infrastructure";"IT";"H2 transport and distribution";"Tractor-Trailer";"BAU";"EUR/kg H2";2050;"1";"Sensitivity | Current Policies | Urban depot-only charging";"Hydrogen"
"OPEX";"H2 Infrastructure";"NL";"H2 transport and distribution";"Rigid";"BAU";"EUR/kg H2";2050;"1";"Sensitivity | Current Policies | Urban depot-only charging";"Hydrogen"
"OPEX";"H2 Infrastructure";"NL";"H2 transport and distribution";"Tractor-Trailer";"BAU";"EUR/kg H2";2050;"1";"Sensitivity | Current Policies | Urban depot-only charging";"Hydrogen"
"OPEX";"H2 Infrastructure";"PL";"H2 transport and distribution";"Rigid";"BAU";"EUR/kg H2";2050;"1";"Sensitivity | Current Policies | Urban depot-only charging";"Hydrogen"
"OPEX";"H2 Infrastructure";"PL";"H2 transport and distribution";"Tractor-Trailer";"BAU";"EUR/kg H2";2050;"1";"Sensitivity | Current Policies | Urban depot-only charging";"Hydrogen"
"OPEX";"H2 Infrastructure";"UK";"H2 transport and distribution";"Rigid";"BAU";"EUR/kg H2";2050;"1";"Sensitivity | Current Policies | Urban depot-only charging";"Hydrogen"
"OPEX";"H2 Infrastructure";"UK";"H2 transport and distribution";"Tractor-Trailer";"BAU";"EUR/kg H2";2050;"1";"Sensitivity | Current Policies | Urban depot-only charging";"Hydrogen"
"OPEX";"H2 Infrastructure";"DE";"HRS Overhead, Profit and Mark-Up";"Rigid";"BAU";"EUR/kg H2";2050;"0.25";"Sensitivity | Current Policies | Urban depot-only charging";"Hydrogen"
"OPEX";"H2 Infrastructure";"DE";"HRS Overhead, Profit and Mark-Up";"Tractor-Trailer";"BAU";"EUR/kg H2";2050;"0.25";"Sensitivity | Current Policies | Urban depot-only charging";"Hydrogen"
"OPEX";"H2 Infrastructure";"ES";"HRS Overhead, Profit and Mark-Up";"Rigid";"BAU";"EUR/kg H2";2050;"0.25";"Sensitivity | Current Policies | Urban depot-only charging";"Hydrogen"
"OPEX";"H2 Infrastructure";"ES";"HRS Overhead, Profit and Mark-Up";"Tractor-Trailer";"BAU";"EUR/kg H2";2050;"0.25";"Sensitivity | Current Policies | Urban depot-only charging";"Hydrogen"
"OPEX";"H2 Infrastructure";"FR";"HRS Overhead, Profit and Mark-Up";"Rigid";"BAU";"EUR/kg H2";2050;"0.25";"Sensitivity | Current Policies | Urban depot-only charging";"Hydrogen"
"OPEX";"H2 Infrastructure";"FR";"HRS Overhead, Profit and Mark-Up";"Tractor-Trailer";"BAU";"EUR/kg H2";2050;"0.25";"Sensitivity | Current Policies | Urban depot-only charging";"Hydrogen"
"OPEX";"H2 Infrastructure";"IT";"HRS Overhead, Profit and Mark-Up";"Rigid";"BAU";"EUR/kg H2";2050;"0.25";"Sensitivity | Current Policies | Urban depot-only charging";"Hydrogen"
"OPEX";"H2 Infrastructure";"IT";"HRS Overhead, Profit and Mark-Up";"Tractor-Trailer";"BAU";"EUR/kg H2";2050;"0.25";"Sensitivity | Current Policies | Urban depot-only charging";"Hydrogen"
"OPEX";"H2 Infrastructure";"NL";"HRS Overhead, Profit and Mark-Up";"Rigid";"BAU";"EUR/kg H2";2050;"0.25";"Sensitivity | Current Policies | Urban depot-only charging";"Hydrogen"
"OPEX";"H2 Infrastructure";"NL";"HRS Overhead, Profit and Mark-Up";"Tractor-Trailer";"BAU";"EUR/kg H2";2050;"0.25";"Sensitivity | Current Policies | Urban depot-only charging";"Hydrogen"
"OPEX";"H2 Infrastructure";"PL";"HRS Overhead, Profit and Mark-Up";"Rigid";"BAU";"EUR/kg H2";2050;"0.25";"Sensitivity | Current Policies | Urban depot-only charging";"Hydrogen"
"OPEX";"H2 Infrastructure";"PL";"HRS Overhead, Profit and Mark-Up";"Tractor-Trailer";"BAU";"EUR/kg H2";2050;"0.25";"Sensitivity | Current Policies | Urban depot-only charging";"Hydrogen"
"OPEX";"H2 Infrastructure";"UK";"HRS Overhead, Profit and Mark-Up";"Rigid";"BAU";"EUR/kg H2";2050;"0.25";"Sensitivity | Current Policies | Urban depot-only charging";"Hydrogen"
"OPEX";"H2 Infrastructure";"UK";"HRS Overhead, Profit and Mark-Up";"Tractor-Trailer";"BAU";"EUR/kg H2";2050;"0.25";"Sensitivity | Current Policies | Urban depot-only charging";"Hydrogen"
"OPEX";"Charging Infrastructure";"DE";"MCS Station (Public Charging) - Incl. Overhead";"Rigid";"BAU";"EUR/kWh";2050;"0.028";"Sensitivity | Current Policies | Urban depot-only charging";"Electricity"
"OPEX";"Charging Infrastructure";"DE";"MCS Station (Public Charging) - Incl. Overhead";"Tractor-Trailer";"BAU";"EUR/kWh";2050;"0.028";"Sensitivity | Current Policies | Urban depot-only charging";"Electricity"
"OPEX";"Charging Infrastructure";"ES";"MCS Station (Public Charging) - Incl. Overhead";"Rigid";"BAU";"EUR/kWh";2050;"0.028";"Sensitivity | Current Policies | Urban depot-only charging";"Electricity"
"OPEX";"Charging Infrastructure";"ES";"MCS Station (Public Charging) - Incl. Overhead";"Tractor-Trailer";"BAU";"EUR/kWh";2050;"0.028";"Sensitivity | Current Policies | Urban depot-only charging";"Electricity"
"OPEX";"Charging Infrastructure";"FR";"MCS Station (Public Charging) - Incl. Overhead";"Rigid";"BAU";"EUR/kWh";2050;"0.028";"Sensitivity | Current Policies | Urban depot-only charging";"Electricity"
"OPEX";"Charging Infrastructure";"FR";"MCS Station (Public Charging) - Incl. Overhead";"Tractor-Trailer";"BAU";"EUR/kWh";2050;"0.028";"Sensitivity | Current Policies | Urban depot-only charging";"Electricity"
"OPEX";"Charging Infrastructure";"IT";"MCS Station (Public Charging) - Incl. Overhead";"Rigid";"BAU";"EUR/kWh";2050;"0.028";"Sensitivity | Current Policies | Urban depot-only charging";"Electricity"
"OPEX";"Charging Infrastructure";"IT";"MCS Station (Public Charging) - Incl. Overhead";"Tractor-Trailer";"BAU";"EUR/kWh";2050;"0.028";"Sensitivity | Current Policies | Urban depot-only charging";"Electricity"
"OPEX";"Charging Infrastructure";"NL";"MCS Station (Public Charging) - Incl. Overhead";"Rigid";"BAU";"EUR/kWh";2050;"0.028";"Sensitivity | Current Policies | Urban depot-only charging";"Electricity"
"OPEX";"Charging Infrastructure";"NL";"MCS Station (Public Charging) - Incl. Overhead";"Tractor-Trailer";"BAU";"EUR/kWh";2050;"0.028";"Sensitivity | Current Policies | Urban depot-only charging";"Electricity"
"OPEX";"Charging Infrastructure";"PL";"MCS Station (Public Charging) - Incl. Overhead";"Rigid";"BAU";"EUR/kWh";2050;"0.028";"Sensitivity | Current Policies | Urban depot-only charging";"Electricity"
"OPEX";"Charging Infrastructure";"PL";"MCS Station (Public Charging) - Incl. Overhead";"Tractor-Trailer";"BAU";"EUR/kWh";2050;"0.028";"Sensitivity | Current Policies | Urban depot-only charging";"Electricity"
"OPEX";"Charging Infrastructure";"UK";"MCS Station (Public Charging) - Incl. Overhead";"Rigid";"BAU";"EUR/kWh";2050;"0.028";"Sensitivity | Current Policies | Urban depot-only charging";"Electricity"
"OPEX";"Charging Infrastructure";"UK";"MCS Station (Public Charging) - Incl. Overhead";"Tractor-Trailer";"BAU";"EUR/kWh";2050;"0.028";"Sensitivity | Current Policies | Urban depot-only charging";"Electricity"
"OPEX";"Charging Infrastructure";"DE";"Share MCS-Charging";"Rigid";"BAU";"%";2050;"0";"Sensitivity | Current Policies | Urban depot-only charging";"Electricity"
"OPEX";"Charging Infrastructure";"DE";"Share MCS-Charging";"Tractor-Trailer";"BAU";"%";2050;"0";"Sensitivity | Current Policies | Urban depot-only charging";"Electricity"
"OPEX";"Charging Infrastructure";"ES";"Share MCS-Charging";"Rigid";"BAU";"%";2050;"0";"Sensitivity | Current Policies | Urban depot-only charging";"Electricity"
"OPEX";"Charging Infrastructure";"ES";"Share MCS-Charging";"Tractor-Trailer";"BAU";"%";2050;"0";"Sensitivity | Current Policies | Urban depot-only charging";"Electricity"
"OPEX";"Charging Infrastructure";"FR";"Share MCS-Charging";"Rigid";"BAU";"%";2050;"0";"Sensitivity | Current Policies | Urban depot-only charging";"Electricity"
"OPEX";"Charging Infrastructure";"FR";"Share MCS-Charging";"Tractor-Trailer";"BAU";"%";2050;"0";"Sensitivity | Current Policies | Urban depot-only charging";"Electricity"
"OPEX";"Charging Infrastructure";"IT";"Share MCS-Charging";"Rigid";"BAU";"%";2050;"0";"Sensitivity | Current Policies | Urban depot-only charging";"Electricity"
"OPEX";"Charging Infrastructure";"IT";"Share MCS-Charging";"Tractor-Trailer";"BAU";"%";2050;"0";"Sensitivity | Current Policies | Urban depot-only charging";"Electricity"
"OPEX";"Charging Infrastructure";"NL";"Share MCS-Charging";"Rigid";"BAU";"%";2050;"0";"Sensitivity | Current Policies | Urban depot-only charging";"Electricity"
"OPEX";"Charging Infrastructure";"NL";"Share MCS-Charging";"Tractor-Trailer";"BAU";"%";2050;"0";"Sensitivity | Current Policies | Urban depot-only charging";"Electricity"
"OPEX";"Charging Infrastructure";"PL";"Share MCS-Charging";"Rigid";"BAU";"%";2050;"0";"Sensitivity | Current Policies | Urban depot-only charging";"Electricity"
"OPEX";"Charging Infrastructure";"PL";"Share MCS-Charging";"Tractor-Trailer";"BAU";"%";2050;"0";"Sensitivity | Current Policies | Urban depot-only charging";"Electricity"
"OPEX";"Charging Infrastructure";"UK";"Share MCS-Charging";"Rigid";"BAU";"%";2050;"0";"Sensitivity | Current Policies | Urban depot-only charging";"Electricity"
"OPEX";"Charging Infrastructure";"UK";"Share MCS-Charging";"Tractor-Trailer";"BAU";"%";2050;"0";"Sensitivity | Current Policies | Urban depot-only charging";"Electricity"
"OPEX";"Charging Infrastructure";"DE";"Depot - Network fees savings potential";"Rigid";"BAU";"EUR/kWh";2050;"0";"Sensitivity | Current Policies | Urban depot-only charging";"Electricity"
"OPEX";"Charging Infrastructure";"DE";"Depot - Network fees savings potential";"Tractor-Trailer";"BAU";"EUR/kWh";2050;"0";"Sensitivity | Current Policies | Urban depot-only charging";"Electricity"
"OPEX";"Charging Infrastructure";"ES";"Depot - Network fees savings potential";"Rigid";"BAU";"EUR/kWh";2050;"0";"Sensitivity | Current Policies | Urban depot-only charging";"Electricity"
"OPEX";"Charging Infrastructure";"ES";"Depot - Network fees savings potential";"Tractor-Trailer";"BAU";"EUR/kWh";2050;"0";"Sensitivity | Current Policies | Urban depot-only charging";"Electricity"
"OPEX";"Charging Infrastructure";"FR";"Depot - Network fees savings potential";"Rigid";"BAU";"EUR/kWh";2050;"0";"Sensitivity | Current Policies | Urban depot-only charging";"Electricity"
"OPEX";"Charging Infrastructure";"FR";"Depot - Network fees savings potential";"Tractor-Trailer";"BAU";"EUR/kWh";2050;"0";"Sensitivity | Current Policies | Urban depot-only charging";"Electricity"
"OPEX";"Charging Infrastructure";"IT";"Depot - Network fees savings potential";"Rigid";"BAU";"EUR/kWh";2050;"0";"Sensitivity | Current Policies | Urban depot-only charging";"Electricity"
"OPEX";"Charging Infrastructure";"IT";"Depot - Network fees savings potential";"Tractor-Trailer";"BAU";"EUR/kWh";2050;"0";"Sensitivity | Current Policies | Urban depot-only charging";"Electricity"
"OPEX";"Charging Infrastructure";"NL";"Depot - Network fees savings potential";"Rigid";"BAU";"EUR/kWh";2050;"0";"Sensitivity | Current Policies | Urban depot-only charging";"Electricity"
"OPEX";"Charging Infrastructure";"NL";"Depot - Network fees savings potential";"Tractor-Trailer";"BAU";"EUR/kWh";2050;"0";"Sensitivity | Current Policies | Urban depot-only charging";"Electricity"
"OPEX";"Charging Infrastructure";"PL";"Depot - Network fees savings potential";"Rigid";"BAU";"EUR/kWh";2050;"0";"Sensitivity | Current Policies | Urban depot-only charging";"Electricity"
"OPEX";"Charging Infrastructure";"PL";"Depot - Network fees savings potential";"Tractor-Trailer";"BAU";"EUR/kWh";2050;"0";"Sensitivity | Current Policies | Urban depot-only charging";"Electricity"
"OPEX";"Charging Infrastructure";"UK";"Depot - Network fees savings potential";"Rigid";"BAU";"EUR/kWh";2050;"0";"Sensitivity | Current Policies | Urban depot-only charging";"Electricity"
"OPEX";"Charging Infrastructure";"UK";"Depot - Network fees savings potential";"Tractor-Trailer";"BAU";"EUR/kWh";2050;"0";"Sensitivity | Current Policies | Urban depot-only charging";"Electricity"
"OPEX";"Taxes";"DE";"Tax reduction";"Rigid";"BAU";"%";2050;"0";"Sensitivity | Current Policies | Urban depot-only charging";"Hydrogen"
"OPEX";"Taxes";"DE";"Tax reduction";"Tractor-Trailer";"BAU";"%";2050;"0";"Sensitivity | Current Policies | Urban depot-only charging";"Hydrogen"
"OPEX";"Taxes";"ES";"Tax reduction";"Rigid";"BAU";"%";2050;"0";"Sensitivity | Current Policies | Urban depot-only charging";"Hydrogen"
"OPEX";"Taxes";"ES";"Tax reduction";"Tractor-Trailer";"BAU";"%";2050;"0";"Sensitivity | Current Policies | Urban depot-only charging";"Hydrogen"
"OPEX";"Taxes";"FR";"Tax reduction";"Rigid";"BAU";"%";2050;"0";"Sensitivity | Current Policies | Urban depot-only charging";"Hydrogen"
"OPEX";"Taxes";"FR";"Tax reduction";"Tractor-Trailer";"BAU";"%";2050;"0";"Sensitivity | Current Policies | Urban depot-only charging";"Hydrogen"
"OPEX";"Taxes";"IT";"Tax reduction";"Rigid";"BAU";"%";2050;"0";"Sensitivity | Current Policies | Urban depot-only charging";"Hydrogen"
"OPEX";"Taxes";"IT";"Tax reduction";"Tractor-Trailer";"BAU";"%";2050;"0";"Sensitivity | Current Policies | Urban depot-only charging";"Hydrogen"
"OPEX";"Taxes";"NL";"Tax reduction";"Rigid";"BAU";"%";2050;"0";"Sensitivity | Current Policies | Urban depot-only charging";"Hydrogen"
"OPEX";"Taxes";"NL";"Tax reduction";"Tractor-Trailer";"BAU";"%";2050;"0";"Sensitivity | Current Policies | Urban depot-only charging";"Hydrogen"
"OPEX";"Taxes";"PL";"Tax reduction";"Rigid";"BAU";"%";2050;"0";"Sensitivity | Current Policies | Urban depot-only charging";"Hydrogen"
"OPEX";"Taxes";"PL";"Tax reduction";"Tractor-Trailer";"BAU";"%";2050;"0";"Sensitivity | Current Policies | Urban depot-only charging";"Hydrogen"
"OPEX";"Taxes";"UK";"Tax reduction";"Rigid";"BAU";"%";2050;"0";"Sensitivity | Current Policies | Urban depot-only charging";"Hydrogen"
"OPEX";"Taxes";"UK";"Tax reduction";"Tractor-Trailer";"BAU";"%";2050;"0";"Sensitivity | Current Policies | Urban depot-only charging";"Hydrogen"
"OPEX";"Taxes";"DE";"Increasing grid fees";"Rigid";"PROG";"%";2050;"0.3";"Sensitivity | Current Policies | Urban depot-only charging";"Electricity"
"OPEX";"Taxes";"DE";"Increasing grid fees";"Tractor-Trailer";"PROG";"%";2050;"0.3";"Sensitivity | Current Policies | Urban depot-only charging";"Electricity"
"OPEX";"Taxes";"ES";"Increasing grid fees";"Rigid";"PROG";"%";2050;"0.3";"Sensitivity | Current Policies | Urban depot-only charging";"Electricity"
"OPEX";"Taxes";"ES";"Increasing grid fees";"Tractor-Trailer";"PROG";"%";2050;"0.3";"Sensitivity | Current Policies | Urban depot-only charging";"Electricity"
"OPEX";"Taxes";"FR";"Increasing grid fees";"Rigid";"PROG";"%";2050;"0.3";"Sensitivity | Current Policies | Urban depot-only charging";"Electricity"
"OPEX";"Taxes";"FR";"Increasing grid fees";"Tractor-Trailer";"PROG";"%";2050;"0.3";"Sensitivity | Current Policies | Urban depot-only charging";"Electricity"
"OPEX";"Taxes";"IT";"Increasing grid fees";"Rigid";"PROG";"%";2050;"0.3";"Sensitivity | Current Policies | Urban depot-only charging";"Electricity"
"OPEX";"Taxes";"IT";"Increasing grid fees";"Tractor-Trailer";"PROG";"%";2050;"0.3";"Sensitivity | Current Policies | Urban depot-only charging";"Electricity"
"OPEX";"Taxes";"NL";"Increasing grid fees";"Rigid";"PROG";"%";2050;"0.3";"Sensitivity | Current Policies | Urban depot-only charging";"Electricity"
"OPEX";"Taxes";"NL";"Increasing grid fees";"Tractor-Trailer";"PROG";"%";2050;"0.3";"Sensitivity | Current Policies | Urban depot-only charging";"Electricity"
"OPEX";"Taxes";"PL";"Increasing grid fees";"Rigid";"PROG";"%";2050;"0.3";"Sensitivity | Current Policies | Urban depot-only charging";"Electricity"
"OPEX";"Taxes";"PL";"Increasing grid fees";"Tractor-Trailer";"PROG";"%";2050;"0.3";"Sensitivity | Current Policies | Urban depot-only charging";"Electricity"
"OPEX";"Taxes";"UK";"Increasing grid fees";"Rigid";"PROG";"%";2050;"0.3";"Sensitivity | Current Policies | Urban depot-only charging";"Electricity"
"OPEX";"Taxes";"UK";"Increasing grid fees";"Tractor-Trailer";"PROG";"%";2050;"0.3";"Sensitivity | Current Policies | Urban depot-only charging";"Electricity"
"OPEX";"Taxes";"DE";"Increasing grid fees";"Rigid";"BAU";"%";2050;"0.5";"Sensitivity | Current Policies | Urban depot-only charging";"Electricity"
"OPEX";"Taxes";"DE";"Increasing grid fees";"Tractor-Trailer";"BAU";"%";2050;"0.5";"Sensitivity | Current Policies | Urban depot-only charging";"Electricity"
"OPEX";"Taxes";"ES";"Increasing grid fees";"Rigid";"BAU";"%";2050;"0.5";"Sensitivity | Current Policies | Urban depot-only charging";"Electricity"
"OPEX";"Taxes";"ES";"Increasing grid fees";"Tractor-Trailer";"BAU";"%";2050;"0.5";"Sensitivity | Current Policies | Urban depot-only charging";"Electricity"
"OPEX";"Taxes";"FR";"Increasing grid fees";"Rigid";"BAU";"%";2050;"0.5";"Sensitivity | Current Policies | Urban depot-only charging";"Electricity"
"OPEX";"Taxes";"FR";"Increasing grid fees";"Tractor-Trailer";"BAU";"%";2050;"0.5";"Sensitivity | Current Policies | Urban depot-only charging";"Electricity"
"OPEX";"Taxes";"IT";"Increasing grid fees";"Rigid";"BAU";"%";2050;"0.5";"Sensitivity | Current Policies | Urban depot-only charging";"Electricity"
"OPEX";"Taxes";"IT";"Increasing grid fees";"Tractor-Trailer";"BAU";"%";2050;"0.5";"Sensitivity | Current Policies | Urban depot-only charging";"Electricity"
"OPEX";"Taxes";"NL";"Increasing grid fees";"Rigid";"BAU";"%";2050;"0.5";"Sensitivity | Current Policies | Urban depot-only charging";"Electricity"
"OPEX";"Taxes";"NL";"Increasing grid fees";"Tractor-Trailer";"BAU";"%";2050;"0.5";"Sensitivity | Current Policies | Urban depot-only charging";"Electricity"
"OPEX";"Taxes";"PL";"Increasing grid fees";"Rigid";"BAU";"%";2050;"0.5";"Sensitivity | Current Policies | Urban depot-only charging";"Electricity"
"OPEX";"Taxes";"PL";"Increasing grid fees";"Tractor-Trailer";"BAU";"%";2050;"0.5";"Sensitivity | Current Policies | Urban depot-only charging";"Electricity"
"OPEX";"Taxes";"UK";"Increasing grid fees";"Rigid";"BAU";"%";2050;"0.5";"Sensitivity | Current Policies | Urban depot-only charging";"Electricity"
"OPEX";"Taxes";"UK";"Increasing grid fees";"Tractor-Trailer";"BAU";"%";2050;"0.5";"Sensitivity | Current Policies | Urban depot-only charging";"Electricity"
"OPEX";"Diesel";"FR";"Biodiesel Price";"Rigid";"PROG";"EUR/kWh";2030;"0.106";"Sensitivity | Current Policies | Urban depot-only charging";"Diesel"
"OPEX";"Diesel";"FR";"Biodiesel Price";"Tractor-Trailer";"PROG";"EUR/kWh";2030;"0.106";"Sensitivity | Current Policies | Urban depot-only charging";"Diesel"
"OPEX";"Diesel";"DE";"Biodiesel Price";"Rigid";"PROG";"EUR/kWh";2030;"0.106";"Sensitivity | Current Policies | Urban depot-only charging";"Diesel"
"OPEX";"Diesel";"DE";"Biodiesel Price";"Tractor-Trailer";"PROG";"EUR/kWh";2030;"0.106";"Sensitivity | Current Policies | Urban depot-only charging";"Diesel"
"OPEX";"Diesel";"ES";"Biodiesel Price";"Rigid";"PROG";"EUR/kWh";2030;"0.106";"Sensitivity | Current Policies | Urban depot-only charging";"Diesel"
"OPEX";"Diesel";"ES";"Biodiesel Price";"Tractor-Trailer";"PROG";"EUR/kWh";2030;"0.106";"Sensitivity | Current Policies | Urban depot-only charging";"Diesel"
"OPEX";"Diesel";"IT";"Biodiesel Price";"Rigid";"PROG";"EUR/kWh";2030;"0.106";"Sensitivity | Current Policies | Urban depot-only charging";"Diesel"
"OPEX";"Diesel";"IT";"Biodiesel Price";"Tractor-Trailer";"PROG";"EUR/kWh";2030;"0.106";"Sensitivity | Current Policies | Urban depot-only charging";"Diesel"
"OPEX";"Diesel";"NL";"Biodiesel Price";"Rigid";"PROG";"EUR/kWh";2030;"0.106";"Sensitivity | Current Policies | Urban depot-only charging";"Diesel"
"OPEX";"Diesel";"NL";"Biodiesel Price";"Tractor-Trailer";"PROG";"EUR/kWh";2030;"0.106";"Sensitivity | Current Policies | Urban depot-only charging";"Diesel"
"OPEX";"Diesel";"PL";"Biodiesel Price";"Rigid";"PROG";"EUR/kWh";2030;"0.106";"Sensitivity | Current Policies | Urban depot-only charging";"Diesel"
"OPEX";"Diesel";"PL";"Biodiesel Price";"Tractor-Trailer";"PROG";"EUR/kWh";2030;"0.106";"Sensitivity | Current Policies | Urban depot-only charging";"Diesel"
"OPEX";"Diesel";"UK";"Biodiesel Price";"Rigid";"PROG";"EUR/kWh";2030;"0.106";"Sensitivity | Current Policies | Urban depot-only charging";"Diesel"
"OPEX";"Diesel";"UK";"Biodiesel Price";"Tractor-Trailer";"PROG";"EUR/kWh";2030;"0.106";"Sensitivity | Current Policies | Urban depot-only charging";"Diesel"
"OPEX";"Diesel";"DE";"Pt-Diesel Price";"Rigid";"PROG";"EUR/kWh";2030;"0.244";"Sensitivity | Current Policies | Urban depot-only charging";"Diesel"
"OPEX";"Diesel";"DE";"Pt-Diesel Price";"Tractor-Trailer";"PROG";"EUR/kWh";2030;"0.244";"Sensitivity | Current Policies | Urban depot-only charging";"Diesel"
"OPEX";"Diesel";"ES";"Pt-Diesel Price";"Rigid";"PROG";"EUR/kWh";2030;"0.244";"Sensitivity | Current Policies | Urban depot-only charging";"Diesel"
"OPEX";"Diesel";"ES";"Pt-Diesel Price";"Tractor-Trailer";"PROG";"EUR/kWh";2030;"0.244";"Sensitivity | Current Policies | Urban depot-only charging";"Diesel"
"OPEX";"Diesel";"FR";"Pt-Diesel Price";"Rigid";"PROG";"EUR/kWh";2030;"0.244";"Sensitivity | Current Policies | Urban depot-only charging";"Diesel"
"OPEX";"Diesel";"FR";"Pt-Diesel Price";"Tractor-Trailer";"PROG";"EUR/kWh";2030;"0.244";"Sensitivity | Current Policies | Urban depot-only charging";"Diesel"
"OPEX";"Diesel";"IT";"Pt-Diesel Price";"Rigid";"PROG";"EUR/kWh";2030;"0.244";"Sensitivity | Current Policies | Urban depot-only charging";"Diesel"
"OPEX";"Diesel";"IT";"Pt-Diesel Price";"Tractor-Trailer";"PROG";"EUR/kWh";2030;"0.244";"Sensitivity | Current Policies | Urban depot-only charging";"Diesel"
"OPEX";"Diesel";"NL";"Pt-Diesel Price";"Rigid";"PROG";"EUR/kWh";2030;"0.244";"Sensitivity | Current Policies | Urban depot-only charging";"Diesel"
"OPEX";"Diesel";"NL";"Pt-Diesel Price";"Tractor-Trailer";"PROG";"EUR/kWh";2030;"0.244";"Sensitivity | Current Policies | Urban depot-only charging";"Diesel"
"OPEX";"Diesel";"PL";"Pt-Diesel Price";"Rigid";"PROG";"EUR/kWh";2030;"0.244";"Sensitivity | Current Policies | Urban depot-only charging";"Diesel"
"OPEX";"Diesel";"PL";"Pt-Diesel Price";"Tractor-Trailer";"PROG";"EUR/kWh";2030;"0.244";"Sensitivity | Current Policies | Urban depot-only charging";"Diesel"
"OPEX";"Diesel";"UK";"Pt-Diesel Price";"Rigid";"PROG";"EUR/kWh";2030;"0.244";"Sensitivity | Current Policies | Urban depot-only charging";"Diesel"
"OPEX";"Diesel";"UK";"Pt-Diesel Price";"Tractor-Trailer";"PROG";"EUR/kWh";2030;"0.244";"Sensitivity | Current Policies | Urban depot-only charging";"Diesel"
"OPEX";"Electricity";"DE";"Electricity Price";"Rigid";"PROG";"EUR/kWh";2030;"0.064";"Sensitivity | Current Policies | Urban depot-only charging";"Electricity"
"OPEX";"Electricity";"DE";"Electricity Price";"Tractor-Trailer";"PROG";"EUR/kWh";2030;"0.064";"Sensitivity | Current Policies | Urban depot-only charging";"Electricity"
"OPEX";"Electricity";"ES";"Electricity Price";"Rigid";"PROG";"EUR/kWh";2030;"0.064";"Sensitivity | Current Policies | Urban depot-only charging";"Electricity"
"OPEX";"Electricity";"ES";"Electricity Price";"Tractor-Trailer";"PROG";"EUR/kWh";2030;"0.064";"Sensitivity | Current Policies | Urban depot-only charging";"Electricity"
"OPEX";"Electricity";"FR";"Electricity Price";"Rigid";"PROG";"EUR/kWh";2030;"0.064";"Sensitivity | Current Policies | Urban depot-only charging";"Electricity"
"OPEX";"Electricity";"FR";"Electricity Price";"Tractor-Trailer";"PROG";"EUR/kWh";2030;"0.064";"Sensitivity | Current Policies | Urban depot-only charging";"Electricity"
"OPEX";"Electricity";"IT";"Electricity Price";"Rigid";"PROG";"EUR/kWh";2030;"0.064";"Sensitivity | Current Policies | Urban depot-only charging";"Electricity"
"OPEX";"Electricity";"IT";"Electricity Price";"Tractor-Trailer";"PROG";"EUR/kWh";2030;"0.064";"Sensitivity | Current Policies | Urban depot-only charging";"Electricity"
"OPEX";"Electricity";"NL";"Electricity Price";"Rigid";"PROG";"EUR/kWh";2030;"0.064";"Sensitivity | Current Policies | Urban depot-only charging";"Electricity"
"OPEX";"Electricity";"NL";"Electricity Price";"Tractor-Trailer";"PROG";"EUR/kWh";2030;"0.064";"Sensitivity | Current Policies | Urban depot-only charging";"Electricity"
"OPEX";"Electricity";"PL";"Electricity Price";"Rigid";"PROG";"EUR/kWh";2030;"0.064";"Sensitivity | Current Policies | Urban depot-only charging";"Electricity"
"OPEX";"Electricity";"PL";"Electricity Price";"Tractor-Trailer";"PROG";"EUR/kWh";2030;"0.064";"Sensitivity | Current Policies | Urban depot-only charging";"Electricity"
"OPEX";"Electricity";"UK";"Electricity Price";"Rigid";"PROG";"EUR/kWh";2030;"0.064";"Sensitivity | Current Policies | Urban depot-only charging";"Electricity"
"OPEX";"Electricity";"UK";"Electricity Price";"Tractor-Trailer";"PROG";"EUR/kWh";2030;"0.064";"Sensitivity | Current Policies | Urban depot-only charging";"Electricity"
"OPEX";"Hydrogen";"DE";"Hydrogen Price";"Rigid";"PROG";"EUR/kWh";2030;"0.129";"Sensitivity | Current Policies | Urban depot-only charging";"Hydrogen"
"OPEX";"Hydrogen";"DE";"Hydrogen Price";"Tractor-Trailer";"PROG";"EUR/kWh";2030;"0.129";"Sensitivity | Current Policies | Urban depot-only charging";"Hydrogen"
"OPEX";"Hydrogen";"ES";"Hydrogen Price";"Rigid";"PROG";"EUR/kWh";2030;"0.129";"Sensitivity | Current Policies | Urban depot-only charging";"Hydrogen"
"OPEX";"Hydrogen";"ES";"Hydrogen Price";"Tractor-Trailer";"PROG";"EUR/kWh";2030;"0.129";"Sensitivity | Current Policies | Urban depot-only charging";"Hydrogen"
"OPEX";"Hydrogen";"FR";"Hydrogen Price";"Rigid";"PROG";"EUR/kWh";2030;"0.129";"Sensitivity | Current Policies | Urban depot-only charging";"Hydrogen"
"OPEX";"Hydrogen";"FR";"Hydrogen Price";"Tractor-Trailer";"PROG";"EUR/kWh";2030;"0.129";"Sensitivity | Current Policies | Urban depot-only charging";"Hydrogen"
"OPEX";"Hydrogen";"IT";"Hydrogen Price";"Rigid";"PROG";"EUR/kWh";2030;"0.129";"Sensitivity | Current Policies | Urban depot-only charging";"Hydrogen"
"OPEX";"Hydrogen";"IT";"Hydrogen Price";"Tractor-Trailer";"PROG";"EUR/kWh";2030;"0.129";"Sensitivity | Current Policies | Urban depot-only charging";"Hydrogen"
"OPEX";"Hydrogen";"NL";"Hydrogen Price";"Rigid";"PROG";"EUR/kWh";2030;"0.129";"Sensitivity | Current Policies | Urban depot-only charging";"Hydrogen"
"OPEX";"Hydrogen";"NL";"Hydrogen Price";"Tractor-Trailer";"PROG";"EUR/kWh";2030;"0.129";"Sensitivity | Current Policies | Urban depot-only charging";"Hydrogen"
"OPEX";"Hydrogen";"PL";"Hydrogen Price";"Rigid";"PROG";"EUR/kWh";2030;"0.129";"Sensitivity | Current Policies | Urban depot-only charging";"Hydrogen"
"OPEX";"Hydrogen";"PL";"Hydrogen Price";"Tractor-Trailer";"PROG";"EUR/kWh";2030;"0.129";"Sensitivity | Current Policies | Urban depot-only charging";"Hydrogen"
"OPEX";"Hydrogen";"UK";"Hydrogen Price";"Rigid";"PROG";"EUR/kWh";2030;"0.129";"Sensitivity | Current Policies | Urban depot-only charging";"Hydrogen"
"OPEX";"Hydrogen";"UK";"Hydrogen Price";"Tractor-Trailer";"PROG";"EUR/kWh";2030;"0.129";"Sensitivity | Current Policies | Urban depot-only charging";"Hydrogen"
"OPEX";"Diesel";"FR";"Biodiesel Price";"Rigid";"PROG";"EUR/kWh";2035;"0.119";"Sensitivity | Current Policies | Urban depot-only charging";"Diesel"
"OPEX";"Diesel";"FR";"Biodiesel Price";"Tractor-Trailer";"PROG";"EUR/kWh";2035;"0.119";"Sensitivity | Current Policies | Urban depot-only charging";"Diesel"
"OPEX";"Diesel";"DE";"Biodiesel Price";"Rigid";"PROG";"EUR/kWh";2035;"0.119";"Sensitivity | Current Policies | Urban depot-only charging";"Diesel"
"OPEX";"Diesel";"DE";"Biodiesel Price";"Tractor-Trailer";"PROG";"EUR/kWh";2035;"0.119";"Sensitivity | Current Policies | Urban depot-only charging";"Diesel"
"OPEX";"Diesel";"ES";"Biodiesel Price";"Rigid";"PROG";"EUR/kWh";2035;"0.119";"Sensitivity | Current Policies | Urban depot-only charging";"Diesel"
"OPEX";"Diesel";"ES";"Biodiesel Price";"Tractor-Trailer";"PROG";"EUR/kWh";2035;"0.119";"Sensitivity | Current Policies | Urban depot-only charging";"Diesel"
"OPEX";"Diesel";"IT";"Biodiesel Price";"Rigid";"PROG";"EUR/kWh";2035;"0.119";"Sensitivity | Current Policies | Urban depot-only charging";"Diesel"
"OPEX";"Diesel";"IT";"Biodiesel Price";"Tractor-Trailer";"PROG";"EUR/kWh";2035;"0.119";"Sensitivity | Current Policies | Urban depot-only charging";"Diesel"
"OPEX";"Diesel";"NL";"Biodiesel Price";"Rigid";"PROG";"EUR/kWh";2035;"0.119";"Sensitivity | Current Policies | Urban depot-only charging";"Diesel"
"OPEX";"Diesel";"NL";"Biodiesel Price";"Tractor-Trailer";"PROG";"EUR/kWh";2035;"0.119";"Sensitivity | Current Policies | Urban depot-only charging";"Diesel"
"OPEX";"Diesel";"PL";"Biodiesel Price";"Rigid";"PROG";"EUR/kWh";2035;"0.119";"Sensitivity | Current Policies | Urban depot-only charging";"Diesel"
"OPEX";"Diesel";"PL";"Biodiesel Price";"Tractor-Trailer";"PROG";"EUR/kWh";2035;"0.119";"Sensitivity | Current Policies | Urban depot-only charging";"Diesel"
"OPEX";"Diesel";"UK";"Biodiesel Price";"Rigid";"PROG";"EUR/kWh";2035;"0.119";"Sensitivity | Current Policies | Urban depot-only charging";"Diesel"
"OPEX";"Diesel";"UK";"Biodiesel Price";"Tractor-Trailer";"PROG";"EUR/kWh";2035;"0.119";"Sensitivity | Current Policies | Urban depot-only charging";"Diesel"
"OPEX";"Diesel";"DE";"Pt-Diesel Price";"Rigid";"PROG";"EUR/kWh";2035;"0.215";"Sensitivity | Current Policies | Urban depot-only charging";"Diesel"
"OPEX";"Diesel";"DE";"Pt-Diesel Price";"Tractor-Trailer";"PROG";"EUR/kWh";2035;"0.215";"Sensitivity | Current Policies | Urban depot-only charging";"Diesel"
"OPEX";"Diesel";"ES";"Pt-Diesel Price";"Rigid";"PROG";"EUR/kWh";2035;"0.215";"Sensitivity | Current Policies | Urban depot-only charging";"Diesel"
"OPEX";"Diesel";"ES";"Pt-Diesel Price";"Tractor-Trailer";"PROG";"EUR/kWh";2035;"0.215";"Sensitivity | Current Policies | Urban depot-only charging";"Diesel"
"OPEX";"Diesel";"FR";"Pt-Diesel Price";"Rigid";"PROG";"EUR/kWh";2035;"0.215";"Sensitivity | Current Policies | Urban depot-only charging";"Diesel"
"OPEX";"Diesel";"FR";"Pt-Diesel Price";"Tractor-Trailer";"PROG";"EUR/kWh";2035;"0.215";"Sensitivity | Current Policies | Urban depot-only charging";"Diesel"
"OPEX";"Diesel";"IT";"Pt-Diesel Price";"Rigid";"PROG";"EUR/kWh";2035;"0.215";"Sensitivity | Current Policies | Urban depot-only charging";"Diesel"
"OPEX";"Diesel";"IT";"Pt-Diesel Price";"Tractor-Trailer";"PROG";"EUR/kWh";2035;"0.215";"Sensitivity | Current Policies | Urban depot-only charging";"Diesel"
"OPEX";"Diesel";"NL";"Pt-Diesel Price";"Rigid";"PROG";"EUR/kWh";2035;"0.215";"Sensitivity | Current Policies | Urban depot-only charging";"Diesel"
"OPEX";"Diesel";"NL";"Pt-Diesel Price";"Tractor-Trailer";"PROG";"EUR/kWh";2035;"0.215";"Sensitivity | Current Policies | Urban depot-only charging";"Diesel"
"OPEX";"Diesel";"PL";"Pt-Diesel Price";"Rigid";"PROG";"EUR/kWh";2035;"0.215";"Sensitivity | Current Policies | Urban depot-only charging";"Diesel"
"OPEX";"Diesel";"PL";"Pt-Diesel Price";"Tractor-Trailer";"PROG";"EUR/kWh";2035;"0.215";"Sensitivity | Current Policies | Urban depot-only charging";"Diesel"
"OPEX";"Diesel";"UK";"Pt-Diesel Price";"Rigid";"PROG";"EUR/kWh";2035;"0.215";"Sensitivity | Current Policies | Urban depot-only charging";"Diesel"
"OPEX";"Diesel";"UK";"Pt-Diesel Price";"Tractor-Trailer";"PROG";"EUR/kWh";2035;"0.215";"Sensitivity | Current Policies | Urban depot-only charging";"Diesel"
"OPEX";"Electricity";"DE";"Electricity Price";"Rigid";"PROG";"EUR/kWh";2035;"0.054";"Sensitivity | Current Policies | Urban depot-only charging";"Electricity"
"OPEX";"Electricity";"DE";"Electricity Price";"Tractor-Trailer";"PROG";"EUR/kWh";2035;"0.054";"Sensitivity | Current Policies | Urban depot-only charging";"Electricity"
"OPEX";"Electricity";"ES";"Electricity Price";"Rigid";"PROG";"EUR/kWh";2035;"0.054";"Sensitivity | Current Policies | Urban depot-only charging";"Electricity"
"OPEX";"Electricity";"ES";"Electricity Price";"Tractor-Trailer";"PROG";"EUR/kWh";2035;"0.054";"Sensitivity | Current Policies | Urban depot-only charging";"Electricity"
"OPEX";"Electricity";"FR";"Electricity Price";"Rigid";"PROG";"EUR/kWh";2035;"0.054";"Sensitivity | Current Policies | Urban depot-only charging";"Electricity"
"OPEX";"Electricity";"FR";"Electricity Price";"Tractor-Trailer";"PROG";"EUR/kWh";2035;"0.054";"Sensitivity | Current Policies | Urban depot-only charging";"Electricity"
"OPEX";"Electricity";"IT";"Electricity Price";"Rigid";"PROG";"EUR/kWh";2035;"0.054";"Sensitivity | Current Policies | Urban depot-only charging";"Electricity"
"OPEX";"Electricity";"IT";"Electricity Price";"Tractor-Trailer";"PROG";"EUR/kWh";2035;"0.054";"Sensitivity | Current Policies | Urban depot-only charging";"Electricity"
"OPEX";"Electricity";"NL";"Electricity Price";"Rigid";"PROG";"EUR/kWh";2035;"0.054";"Sensitivity | Current Policies | Urban depot-only charging";"Electricity"
"OPEX";"Electricity";"NL";"Electricity Price";"Tractor-Trailer";"PROG";"EUR/kWh";2035;"0.054";"Sensitivity | Current Policies | Urban depot-only charging";"Electricity"
"OPEX";"Electricity";"PL";"Electricity Price";"Rigid";"PROG";"EUR/kWh";2035;"0.054";"Sensitivity | Current Policies | Urban depot-only charging";"Electricity"
"OPEX";"Electricity";"PL";"Electricity Price";"Tractor-Trailer";"PROG";"EUR/kWh";2035;"0.054";"Sensitivity | Current Policies | Urban depot-only charging";"Electricity"
"OPEX";"Electricity";"UK";"Electricity Price";"Rigid";"PROG";"EUR/kWh";2035;"0.054";"Sensitivity | Current Policies | Urban depot-only charging";"Electricity"
"OPEX";"Electricity";"UK";"Electricity Price";"Tractor-Trailer";"PROG";"EUR/kWh";2035;"0.054";"Sensitivity | Current Policies | Urban depot-only charging";"Electricity"
"OPEX";"Hydrogen";"DE";"Hydrogen Price";"Rigid";"PROG";"EUR/kWh";2035;"0.112";"Sensitivity | Current Policies | Urban depot-only charging";"Hydrogen"
"OPEX";"Hydrogen";"DE";"Hydrogen Price";"Tractor-Trailer";"PROG";"EUR/kWh";2035;"0.112";"Sensitivity | Current Policies | Urban depot-only charging";"Hydrogen"
"OPEX";"Hydrogen";"ES";"Hydrogen Price";"Rigid";"PROG";"EUR/kWh";2035;"0.112";"Sensitivity | Current Policies | Urban depot-only charging";"Hydrogen"
"OPEX";"Hydrogen";"ES";"Hydrogen Price";"Tractor-Trailer";"PROG";"EUR/kWh";2035;"0.112";"Sensitivity | Current Policies | Urban depot-only charging";"Hydrogen"
"OPEX";"Hydrogen";"FR";"Hydrogen Price";"Rigid";"PROG";"EUR/kWh";2035;"0.112";"Sensitivity | Current Policies | Urban depot-only charging";"Hydrogen"
"OPEX";"Hydrogen";"FR";"Hydrogen Price";"Tractor-Trailer";"PROG";"EUR/kWh";2035;"0.112";"Sensitivity | Current Policies | Urban depot-only charging";"Hydrogen"
"OPEX";"Hydrogen";"IT";"Hydrogen Price";"Rigid";"PROG";"EUR/kWh";2035;"0.112";"Sensitivity | Current Policies | Urban depot-only charging";"Hydrogen"
"OPEX";"Hydrogen";"IT";"Hydrogen Price";"Tractor-Trailer";"PROG";"EUR/kWh";2035;"0.112";"Sensitivity | Current Policies | Urban depot-only charging";"Hydrogen"
"OPEX";"Hydrogen";"NL";"Hydrogen Price";"Rigid";"PROG";"EUR/kWh";2035;"0.112";"Sensitivity | Current Policies | Urban depot-only charging";"Hydrogen"
"OPEX";"Hydrogen";"NL";"Hydrogen Price";"Tractor-Trailer";"PROG";"EUR/kWh";2035;"0.112";"Sensitivity | Current Policies | Urban depot-only charging";"Hydrogen"
"OPEX";"Hydrogen";"PL";"Hydrogen Price";"Rigid";"PROG";"EUR/kWh";2035;"0.112";"Sensitivity | Current Policies | Urban depot-only charging";"Hydrogen"
"OPEX";"Hydrogen";"PL";"Hydrogen Price";"Tractor-Trailer";"PROG";"EUR/kWh";2035;"0.112";"Sensitivity | Current Policies | Urban depot-only charging";"Hydrogen"
"OPEX";"Hydrogen";"UK";"Hydrogen Price";"Rigid";"PROG";"EUR/kWh";2035;"0.112";"Sensitivity | Current Policies | Urban depot-only charging";"Hydrogen"
"OPEX";"Hydrogen";"UK";"Hydrogen Price";"Tractor-Trailer";"PROG";"EUR/kWh";2035;"0.112";"Sensitivity | Current Policies | Urban depot-only charging";"Hydrogen"
"OPEX";"Diesel";"FR";"Biodiesel Price";"Rigid";"PROG";"EUR/kWh";2040;"0.131";"Sensitivity | Current Policies | Urban depot-only charging";"Diesel"
"OPEX";"Diesel";"FR";"Biodiesel Price";"Tractor-Trailer";"PROG";"EUR/kWh";2040;"0.131";"Sensitivity | Current Policies | Urban depot-only charging";"Diesel"
"OPEX";"Diesel";"DE";"Biodiesel Price";"Rigid";"PROG";"EUR/kWh";2040;"0.131";"Sensitivity | Current Policies | Urban depot-only charging";"Diesel"
"OPEX";"Diesel";"DE";"Biodiesel Price";"Tractor-Trailer";"PROG";"EUR/kWh";2040;"0.131";"Sensitivity | Current Policies | Urban depot-only charging";"Diesel"
"OPEX";"Diesel";"ES";"Biodiesel Price";"Rigid";"PROG";"EUR/kWh";2040;"0.131";"Sensitivity | Current Policies | Urban depot-only charging";"Diesel"
"OPEX";"Diesel";"ES";"Biodiesel Price";"Tractor-Trailer";"PROG";"EUR/kWh";2040;"0.131";"Sensitivity | Current Policies | Urban depot-only charging";"Diesel"
"OPEX";"Diesel";"IT";"Biodiesel Price";"Rigid";"PROG";"EUR/kWh";2040;"0.131";"Sensitivity | Current Policies | Urban depot-only charging";"Diesel"
"OPEX";"Diesel";"IT";"Biodiesel Price";"Tractor-Trailer";"PROG";"EUR/kWh";2040;"0.131";"Sensitivity | Current Policies | Urban depot-only charging";"Diesel"
"OPEX";"Diesel";"NL";"Biodiesel Price";"Rigid";"PROG";"EUR/kWh";2040;"0.131";"Sensitivity | Current Policies | Urban depot-only charging";"Diesel"
"OPEX";"Diesel";"NL";"Biodiesel Price";"Tractor-Trailer";"PROG";"EUR/kWh";2040;"0.131";"Sensitivity | Current Policies | Urban depot-only charging";"Diesel"
"OPEX";"Diesel";"PL";"Biodiesel Price";"Rigid";"PROG";"EUR/kWh";2040;"0.131";"Sensitivity | Current Policies | Urban depot-only charging";"Diesel"
"OPEX";"Diesel";"PL";"Biodiesel Price";"Tractor-Trailer";"PROG";"EUR/kWh";2040;"0.131";"Sensitivity | Current Policies | Urban depot-only charging";"Diesel"
"OPEX";"Diesel";"UK";"Biodiesel Price";"Rigid";"PROG";"EUR/kWh";2040;"0.131";"Sensitivity | Current Policies | Urban depot-only charging";"Diesel"
"OPEX";"Diesel";"UK";"Biodiesel Price";"Tractor-Trailer";"PROG";"EUR/kWh";2040;"0.131";"Sensitivity | Current Policies | Urban depot-only charging";"Diesel"
"OPEX";"Diesel";"DE";"Pt-Diesel Price";"Rigid";"PROG";"EUR/kWh";2040;"0.186";"Sensitivity | Current Policies | Urban depot-only charging";"Diesel"
"OPEX";"Diesel";"DE";"Pt-Diesel Price";"Tractor-Trailer";"PROG";"EUR/kWh";2040;"0.186";"Sensitivity | Current Policies | Urban depot-only charging";"Diesel"
"OPEX";"Diesel";"ES";"Pt-Diesel Price";"Rigid";"PROG";"EUR/kWh";2040;"0.186";"Sensitivity | Current Policies | Urban depot-only charging";"Diesel"
"OPEX";"Diesel";"ES";"Pt-Diesel Price";"Tractor-Trailer";"PROG";"EUR/kWh";2040;"0.186";"Sensitivity | Current Policies | Urban depot-only charging";"Diesel"
"OPEX";"Diesel";"FR";"Pt-Diesel Price";"Rigid";"PROG";"EUR/kWh";2040;"0.186";"Sensitivity | Current Policies | Urban depot-only charging";"Diesel"
"OPEX";"Diesel";"FR";"Pt-Diesel Price";"Tractor-Trailer";"PROG";"EUR/kWh";2040;"0.186";"Sensitivity | Current Policies | Urban depot-only charging";"Diesel"
"OPEX";"Diesel";"IT";"Pt-Diesel Price";"Rigid";"PROG";"EUR/kWh";2040;"0.186";"Sensitivity | Current Policies | Urban depot-only charging";"Diesel"
"OPEX";"Diesel";"IT";"Pt-Diesel Price";"Tractor-Trailer";"PROG";"EUR/kWh";2040;"0.186";"Sensitivity | Current Policies | Urban depot-only charging";"Diesel"
"OPEX";"Diesel";"NL";"Pt-Diesel Price";"Rigid";"PROG";"EUR/kWh";2040;"0.186";"Sensitivity | Current Policies | Urban depot-only charging";"Diesel"
"OPEX";"Diesel";"NL";"Pt-Diesel Price";"Tractor-Trailer";"PROG";"EUR/kWh";2040;"0.186";"Sensitivity | Current Policies | Urban depot-only charging";"Diesel"
"OPEX";"Diesel";"PL";"Pt-Diesel Price";"Rigid";"PROG";"EUR/kWh";2040;"0.186";"Sensitivity | Current Policies | Urban depot-only charging";"Diesel"
"OPEX";"Diesel";"PL";"Pt-Diesel Price";"Tractor-Trailer";"PROG";"EUR/kWh";2040;"0.186";"Sensitivity | Current Policies | Urban depot-only charging";"Diesel"
"OPEX";"Diesel";"UK";"Pt-Diesel Price";"Rigid";"PROG";"EUR/kWh";2040;"0.186";"Sensitivity | Current Policies | Urban depot-only charging";"Diesel"
"OPEX";"Diesel";"UK";"Pt-Diesel Price";"Tractor-Trailer";"PROG";"EUR/kWh";2040;"0.186";"Sensitivity | Current Policies | Urban depot-only charging";"Diesel"
"OPEX";"Electricity";"DE";"Electricity Price";"Rigid";"PROG";"EUR/kWh";2040;"0.05";"Sensitivity | Current Policies | Urban depot-only charging";"Electricity"
"OPEX";"Electricity";"DE";"Electricity Price";"Tractor-Trailer";"PROG";"EUR/kWh";2040;"0.05";"Sensitivity | Current Policies | Urban depot-only charging";"Electricity"
"OPEX";"Electricity";"ES";"Electricity Price";"Rigid";"PROG";"EUR/kWh";2040;"0.05";"Sensitivity | Current Policies | Urban depot-only charging";"Electricity"
"OPEX";"Electricity";"ES";"Electricity Price";"Tractor-Trailer";"PROG";"EUR/kWh";2040;"0.05";"Sensitivity | Current Policies | Urban depot-only charging";"Electricity"
"OPEX";"Electricity";"FR";"Electricity Price";"Rigid";"PROG";"EUR/kWh";2040;"0.05";"Sensitivity | Current Policies | Urban depot-only charging";"Electricity"
"OPEX";"Electricity";"FR";"Electricity Price";"Tractor-Trailer";"PROG";"EUR/kWh";2040;"0.05";"Sensitivity | Current Policies | Urban depot-only charging";"Electricity"
"OPEX";"Electricity";"IT";"Electricity Price";"Rigid";"PROG";"EUR/kWh";2040;"0.05";"Sensitivity | Current Policies | Urban depot-only charging";"Electricity"
"OPEX";"Electricity";"IT";"Electricity Price";"Tractor-Trailer";"PROG";"EUR/kWh";2040;"0.05";"Sensitivity | Current Policies | Urban depot-only charging";"Electricity"
"OPEX";"Electricity";"NL";"Electricity Price";"Rigid";"PROG";"EUR/kWh";2040;"0.05";"Sensitivity | Current Policies | Urban depot-only charging";"Electricity"
"OPEX";"Electricity";"NL";"Electricity Price";"Tractor-Trailer";"PROG";"EUR/kWh";2040;"0.05";"Sensitivity | Current Policies | Urban depot-only charging";"Electricity"
"OPEX";"Electricity";"PL";"Electricity Price";"Rigid";"PROG";"EUR/kWh";2040;"0.05";"Sensitivity | Current Policies | Urban depot-only charging";"Electricity"
"OPEX";"Electricity";"PL";"Electricity Price";"Tractor-Trailer";"PROG";"EUR/kWh";2040;"0.05";"Sensitivity | Current Policies | Urban depot-only charging";"Electricity"
"OPEX";"Electricity";"UK";"Electricity Price";"Rigid";"PROG";"EUR/kWh";2040;"0.05";"Sensitivity | Current Policies | Urban depot-only charging";"Electricity"
"OPEX";"Electricity";"UK";"Electricity Price";"Tractor-Trailer";"PROG";"EUR/kWh";2040;"0.05";"Sensitivity | Current Policies | Urban depot-only charging";"Electricity"
"OPEX";"Hydrogen";"DE";"Hydrogen Price";"Rigid";"PROG";"EUR/kWh";2040;"0.096";"Sensitivity | Current Policies | Urban depot-only charging";"Hydrogen"
"OPEX";"Hydrogen";"DE";"Hydrogen Price";"Tractor-Trailer";"PROG";"EUR/kWh";2040;"0.096";"Sensitivity | Current Policies | Urban depot-only charging";"Hydrogen"
"OPEX";"Hydrogen";"ES";"Hydrogen Price";"Rigid";"PROG";"EUR/kWh";2040;"0.096";"Sensitivity | Current Policies | Urban depot-only charging";"Hydrogen"
"OPEX";"Hydrogen";"ES";"Hydrogen Price";"Tractor-Trailer";"PROG";"EUR/kWh";2040;"0.096";"Sensitivity | Current Policies | Urban depot-only charging";"Hydrogen"
"OPEX";"Hydrogen";"FR";"Hydrogen Price";"Rigid";"PROG";"EUR/kWh";2040;"0.096";"Sensitivity | Current Policies | Urban depot-only charging";"Hydrogen"
"OPEX";"Hydrogen";"FR";"Hydrogen Price";"Tractor-Trailer";"PROG";"EUR/kWh";2040;"0.096";"Sensitivity | Current Policies | Urban depot-only charging";"Hydrogen"
"OPEX";"Hydrogen";"IT";"Hydrogen Price";"Rigid";"PROG";"EUR/kWh";2040;"0.096";"Sensitivity | Current Policies | Urban depot-only charging";"Hydrogen"
"OPEX";"Hydrogen";"IT";"Hydrogen Price";"Tractor-Trailer";"PROG";"EUR/kWh";2040;"0.096";"Sensitivity | Current Policies | Urban depot-only charging";"Hydrogen"
"OPEX";"Hydrogen";"NL";"Hydrogen Price";"Rigid";"PROG";"EUR/kWh";2040;"0.096";"Sensitivity | Current Policies | Urban depot-only charging";"Hydrogen"
"OPEX";"Hydrogen";"NL";"Hydrogen Price";"Tractor-Trailer";"PROG";"EUR/kWh";2040;"0.096";"Sensitivity | Current Policies | Urban depot-only charging";"Hydrogen"
"OPEX";"Hydrogen";"PL";"Hydrogen Price";"Rigid";"PROG";"EUR/kWh";2040;"0.096";"Sensitivity | Current Policies | Urban depot-only charging";"Hydrogen"
"OPEX";"Hydrogen";"PL";"Hydrogen Price";"Tractor-Trailer";"PROG";"EUR/kWh";2040;"0.096";"Sensitivity | Current Policies | Urban depot-only charging";"Hydrogen"
"OPEX";"Hydrogen";"UK";"Hydrogen Price";"Rigid";"PROG";"EUR/kWh";2040;"0.096";"Sensitivity | Current Policies | Urban depot-only charging";"Hydrogen"
"OPEX";"Hydrogen";"UK";"Hydrogen Price";"Tractor-Trailer";"PROG";"EUR/kWh";2040;"0.096";"Sensitivity | Current Policies | Urban depot-only charging";"Hydrogen"
"OPEX";"Diesel";"FR";"Biodiesel Price";"Rigid";"PROG";"EUR/kWh";2045;"0.142";"Sensitivity | Current Policies | Urban depot-only charging";"Diesel"
"OPEX";"Diesel";"FR";"Biodiesel Price";"Tractor-Trailer";"PROG";"EUR/kWh";2045;"0.142";"Sensitivity | Current Policies | Urban depot-only charging";"Diesel"
"OPEX";"Diesel";"DE";"Biodiesel Price";"Rigid";"PROG";"EUR/kWh";2045;"0.142";"Sensitivity | Current Policies | Urban depot-only charging";"Diesel"
"OPEX";"Diesel";"DE";"Biodiesel Price";"Tractor-Trailer";"PROG";"EUR/kWh";2045;"0.142";"Sensitivity | Current Policies | Urban depot-only charging";"Diesel"
"OPEX";"Diesel";"ES";"Biodiesel Price";"Rigid";"PROG";"EUR/kWh";2045;"0.142";"Sensitivity | Current Policies | Urban depot-only charging";"Diesel"
"OPEX";"Diesel";"ES";"Biodiesel Price";"Tractor-Trailer";"PROG";"EUR/kWh";2045;"0.142";"Sensitivity | Current Policies | Urban depot-only charging";"Diesel"
"OPEX";"Diesel";"IT";"Biodiesel Price";"Rigid";"PROG";"EUR/kWh";2045;"0.142";"Sensitivity | Current Policies | Urban depot-only charging";"Diesel"
"OPEX";"Diesel";"IT";"Biodiesel Price";"Tractor-Trailer";"PROG";"EUR/kWh";2045;"0.142";"Sensitivity | Current Policies | Urban depot-only charging";"Diesel"
"OPEX";"Diesel";"NL";"Biodiesel Price";"Rigid";"PROG";"EUR/kWh";2045;"0.142";"Sensitivity | Current Policies | Urban depot-only charging";"Diesel"
"OPEX";"Diesel";"NL";"Biodiesel Price";"Tractor-Trailer";"PROG";"EUR/kWh";2045;"0.142";"Sensitivity | Current Policies | Urban depot-only charging";"Diesel"
"OPEX";"Diesel";"PL";"Biodiesel Price";"Rigid";"PROG";"EUR/kWh";2045;"0.142";"Sensitivity | Current Policies | Urban depot-only charging";"Diesel"
"OPEX";"Diesel";"PL";"Biodiesel Price";"Tractor-Trailer";"PROG";"EUR/kWh";2045;"0.142";"Sensitivity | Current Policies | Urban depot-only charging";"Diesel"
"OPEX";"Diesel";"UK";"Biodiesel Price";"Rigid";"PROG";"EUR/kWh";2045;"0.142";"Sensitivity | Current Policies | Urban depot-only charging";"Diesel"
"OPEX";"Diesel";"UK";"Biodiesel Price";"Tractor-Trailer";"PROG";"EUR/kWh";2045;"0.142";"Sensitivity | Current Policies | Urban depot-only charging";"Diesel"
"OPEX";"Diesel";"DE";"Pt-Diesel Price";"Rigid";"PROG";"EUR/kWh";2045;"0.156";"Sensitivity | Current Policies | Urban depot-only charging";"Diesel"
"OPEX";"Diesel";"DE";"Pt-Diesel Price";"Tractor-Trailer";"PROG";"EUR/kWh";2045;"0.156";"Sensitivity | Current Policies | Urban depot-only charging";"Diesel"
"OPEX";"Diesel";"ES";"Pt-Diesel Price";"Rigid";"PROG";"EUR/kWh";2045;"0.156";"Sensitivity | Current Policies | Urban depot-only charging";"Diesel"
"OPEX";"Diesel";"ES";"Pt-Diesel Price";"Tractor-Trailer";"PROG";"EUR/kWh";2045;"0.156";"Sensitivity | Current Policies | Urban depot-only charging";"Diesel"
"OPEX";"Diesel";"FR";"Pt-Diesel Price";"Rigid";"PROG";"EUR/kWh";2045;"0.156";"Sensitivity | Current Policies | Urban depot-only charging";"Diesel"
"OPEX";"Diesel";"FR";"Pt-Diesel Price";"Tractor-Trailer";"PROG";"EUR/kWh";2045;"0.156";"Sensitivity | Current Policies | Urban depot-only charging";"Diesel"
"OPEX";"Diesel";"IT";"Pt-Diesel Price";"Rigid";"PROG";"EUR/kWh";2045;"0.156";"Sensitivity | Current Policies | Urban depot-only charging";"Diesel"
"OPEX";"Diesel";"IT";"Pt-Diesel Price";"Tractor-Trailer";"PROG";"EUR/kWh";2045;"0.156";"Sensitivity | Current Policies | Urban depot-only charging";"Diesel"
"OPEX";"Diesel";"NL";"Pt-Diesel Price";"Rigid";"PROG";"EUR/kWh";2045;"0.156";"Sensitivity | Current Policies | Urban depot-only charging";"Diesel"
"OPEX";"Diesel";"NL";"Pt-Diesel Price";"Tractor-Trailer";"PROG";"EUR/kWh";2045;"0.156";"Sensitivity | Current Policies | Urban depot-only charging";"Diesel"
"OPEX";"Diesel";"PL";"Pt-Diesel Price";"Rigid";"PROG";"EUR/kWh";2045;"0.156";"Sensitivity | Current Policies | Urban depot-only charging";"Diesel"
"OPEX";"Diesel";"PL";"Pt-Diesel Price";"Tractor-Trailer";"PROG";"EUR/kWh";2045;"0.156";"Sensitivity | Current Policies | Urban depot-only charging";"Diesel"
"OPEX";"Diesel";"UK";"Pt-Diesel Price";"Rigid";"PROG";"EUR/kWh";2045;"0.156";"Sensitivity | Current Policies | Urban depot-only charging";"Diesel"
"OPEX";"Diesel";"UK";"Pt-Diesel Price";"Tractor-Trailer";"PROG";"EUR/kWh";2045;"0.156";"Sensitivity | Current Policies | Urban depot-only charging";"Diesel"
"OPEX";"Electricity";"DE";"Electricity Price";"Rigid";"PROG";"EUR/kWh";2045;"0.049";"Sensitivity | Current Policies | Urban depot-only charging";"Electricity"
"OPEX";"Electricity";"DE";"Electricity Price";"Tractor-Trailer";"PROG";"EUR/kWh";2045;"0.049";"Sensitivity | Current Policies | Urban depot-only charging";"Electricity"
"OPEX";"Electricity";"ES";"Electricity Price";"Rigid";"PROG";"EUR/kWh";2045;"0.049";"Sensitivity | Current Policies | Urban depot-only charging";"Electricity"
"OPEX";"Electricity";"ES";"Electricity Price";"Tractor-Trailer";"PROG";"EUR/kWh";2045;"0.049";"Sensitivity | Current Policies | Urban depot-only charging";"Electricity"
"OPEX";"Electricity";"FR";"Electricity Price";"Rigid";"PROG";"EUR/kWh";2045;"0.049";"Sensitivity | Current Policies | Urban depot-only charging";"Electricity"
"OPEX";"Electricity";"FR";"Electricity Price";"Tractor-Trailer";"PROG";"EUR/kWh";2045;"0.049";"Sensitivity | Current Policies | Urban depot-only charging";"Electricity"
"OPEX";"Electricity";"IT";"Electricity Price";"Rigid";"PROG";"EUR/kWh";2045;"0.049";"Sensitivity | Current Policies | Urban depot-only charging";"Electricity"
"OPEX";"Electricity";"IT";"Electricity Price";"Tractor-Trailer";"PROG";"EUR/kWh";2045;"0.049";"Sensitivity | Current Policies | Urban depot-only charging";"Electricity"
"OPEX";"Electricity";"NL";"Electricity Price";"Rigid";"PROG";"EUR/kWh";2045;"0.049";"Sensitivity | Current Policies | Urban depot-only charging";"Electricity"
"OPEX";"Electricity";"NL";"Electricity Price";"Tractor-Trailer";"PROG";"EUR/kWh";2045;"0.049";"Sensitivity | Current Policies | Urban depot-only charging";"Electricity"
"OPEX";"Electricity";"PL";"Electricity Price";"Rigid";"PROG";"EUR/kWh";2045;"0.049";"Sensitivity | Current Policies | Urban depot-only charging";"Electricity"
"OPEX";"Electricity";"PL";"Electricity Price";"Tractor-Trailer";"PROG";"EUR/kWh";2045;"0.049";"Sensitivity | Current Policies | Urban depot-only charging";"Electricity"
"OPEX";"Electricity";"UK";"Electricity Price";"Rigid";"PROG";"EUR/kWh";2045;"0.049";"Sensitivity | Current Policies | Urban depot-only charging";"Electricity"
"OPEX";"Electricity";"UK";"Electricity Price";"Tractor-Trailer";"PROG";"EUR/kWh";2045;"0.049";"Sensitivity | Current Policies | Urban depot-only charging";"Electricity"
"OPEX";"Hydrogen";"DE";"Hydrogen Price";"Rigid";"PROG";"EUR/kWh";2045;"0.081";"Sensitivity | Current Policies | Urban depot-only charging";"Hydrogen"
"OPEX";"Hydrogen";"DE";"Hydrogen Price";"Tractor-Trailer";"PROG";"EUR/kWh";2045;"0.081";"Sensitivity | Current Policies | Urban depot-only charging";"Hydrogen"
"OPEX";"Hydrogen";"ES";"Hydrogen Price";"Rigid";"PROG";"EUR/kWh";2045;"0.081";"Sensitivity | Current Policies | Urban depot-only charging";"Hydrogen"
"OPEX";"Hydrogen";"ES";"Hydrogen Price";"Tractor-Trailer";"PROG";"EUR/kWh";2045;"0.081";"Sensitivity | Current Policies | Urban depot-only charging";"Hydrogen"
"OPEX";"Hydrogen";"FR";"Hydrogen Price";"Rigid";"PROG";"EUR/kWh";2045;"0.081";"Sensitivity | Current Policies | Urban depot-only charging";"Hydrogen"
"OPEX";"Hydrogen";"FR";"Hydrogen Price";"Tractor-Trailer";"PROG";"EUR/kWh";2045;"0.081";"Sensitivity | Current Policies | Urban depot-only charging";"Hydrogen"
"OPEX";"Hydrogen";"IT";"Hydrogen Price";"Rigid";"PROG";"EUR/kWh";2045;"0.081";"Sensitivity | Current Policies | Urban depot-only charging";"Hydrogen"
"OPEX";"Hydrogen";"IT";"Hydrogen Price";"Tractor-Trailer";"PROG";"EUR/kWh";2045;"0.081";"Sensitivity | Current Policies | Urban depot-only charging";"Hydrogen"
"OPEX";"Hydrogen";"NL";"Hydrogen Price";"Rigid";"PROG";"EUR/kWh";2045;"0.081";"Sensitivity | Current Policies | Urban depot-only charging";"Hydrogen"
"OPEX";"Hydrogen";"NL";"Hydrogen Price";"Tractor-Trailer";"PROG";"EUR/kWh";2045;"0.081";"Sensitivity | Current Policies | Urban depot-only charging";"Hydrogen"
"OPEX";"Hydrogen";"PL";"Hydrogen Price";"Rigid";"PROG";"EUR/kWh";2045;"0.081";"Sensitivity | Current Policies | Urban depot-only charging";"Hydrogen"
"OPEX";"Hydrogen";"PL";"Hydrogen Price";"Tractor-Trailer";"PROG";"EUR/kWh";2045;"0.081";"Sensitivity | Current Policies | Urban depot-only charging";"Hydrogen"
"OPEX";"Hydrogen";"UK";"Hydrogen Price";"Rigid";"PROG";"EUR/kWh";2045;"0.081";"Sensitivity | Current Policies | Urban depot-only charging";"Hydrogen"
"OPEX";"Hydrogen";"UK";"Hydrogen Price";"Tractor-Trailer";"PROG";"EUR/kWh";2045;"0.081";"Sensitivity | Current Policies | Urban depot-only charging";"Hydrogen"
"OPEX";"Diesel";"FR";"Biodiesel Price";"Rigid";"PROG";"EUR/kWh";2050;"0.151";"Sensitivity | Current Policies | Urban depot-only charging";"Diesel"
"OPEX";"Diesel";"FR";"Biodiesel Price";"Tractor-Trailer";"PROG";"EUR/kWh";2050;"0.151";"Sensitivity | Current Policies | Urban depot-only charging";"Diesel"
"OPEX";"Diesel";"DE";"Biodiesel Price";"Rigid";"PROG";"EUR/kWh";2050;"0.151";"Sensitivity | Current Policies | Urban depot-only charging";"Diesel"
"OPEX";"Diesel";"DE";"Biodiesel Price";"Tractor-Trailer";"PROG";"EUR/kWh";2050;"0.151";"Sensitivity | Current Policies | Urban depot-only charging";"Diesel"
"OPEX";"Diesel";"ES";"Biodiesel Price";"Rigid";"PROG";"EUR/kWh";2050;"0.151";"Sensitivity | Current Policies | Urban depot-only charging";"Diesel"
"OPEX";"Diesel";"ES";"Biodiesel Price";"Tractor-Trailer";"PROG";"EUR/kWh";2050;"0.151";"Sensitivity | Current Policies | Urban depot-only charging";"Diesel"
"OPEX";"Diesel";"IT";"Biodiesel Price";"Rigid";"PROG";"EUR/kWh";2050;"0.151";"Sensitivity | Current Policies | Urban depot-only charging";"Diesel"
"OPEX";"Diesel";"IT";"Biodiesel Price";"Tractor-Trailer";"PROG";"EUR/kWh";2050;"0.151";"Sensitivity | Current Policies | Urban depot-only charging";"Diesel"
"OPEX";"Diesel";"NL";"Biodiesel Price";"Rigid";"PROG";"EUR/kWh";2050;"0.151";"Sensitivity | Current Policies | Urban depot-only charging";"Diesel"
"OPEX";"Diesel";"NL";"Biodiesel Price";"Tractor-Trailer";"PROG";"EUR/kWh";2050;"0.151";"Sensitivity | Current Policies | Urban depot-only charging";"Diesel"
"OPEX";"Diesel";"PL";"Biodiesel Price";"Rigid";"PROG";"EUR/kWh";2050;"0.151";"Sensitivity | Current Policies | Urban depot-only charging";"Diesel"
"OPEX";"Diesel";"PL";"Biodiesel Price";"Tractor-Trailer";"PROG";"EUR/kWh";2050;"0.151";"Sensitivity | Current Policies | Urban depot-only charging";"Diesel"
"OPEX";"Diesel";"UK";"Biodiesel Price";"Rigid";"PROG";"EUR/kWh";2050;"0.151";"Sensitivity | Current Policies | Urban depot-only charging";"Diesel"
"OPEX";"Diesel";"UK";"Biodiesel Price";"Tractor-Trailer";"PROG";"EUR/kWh";2050;"0.151";"Sensitivity | Current Policies | Urban depot-only charging";"Diesel"
"OPEX";"Diesel";"DE";"Pt-Diesel Price";"Rigid";"PROG";"EUR/kWh";2050;"0.127";"Sensitivity | Current Policies | Urban depot-only charging";"Diesel"
"OPEX";"Diesel";"DE";"Pt-Diesel Price";"Tractor-Trailer";"PROG";"EUR/kWh";2050;"0.127";"Sensitivity | Current Policies | Urban depot-only charging";"Diesel"
"OPEX";"Diesel";"ES";"Pt-Diesel Price";"Rigid";"PROG";"EUR/kWh";2050;"0.127";"Sensitivity | Current Policies | Urban depot-only charging";"Diesel"
"OPEX";"Diesel";"ES";"Pt-Diesel Price";"Tractor-Trailer";"PROG";"EUR/kWh";2050;"0.127";"Sensitivity | Current Policies | Urban depot-only charging";"Diesel"
"OPEX";"Diesel";"FR";"Pt-Diesel Price";"Rigid";"PROG";"EUR/kWh";2050;"0.127";"Sensitivity | Current Policies | Urban depot-only charging";"Diesel"
"OPEX";"Diesel";"FR";"Pt-Diesel Price";"Tractor-Trailer";"PROG";"EUR/kWh";2050;"0.127";"Sensitivity | Current Policies | Urban depot-only charging";"Diesel"
"OPEX";"Diesel";"IT";"Pt-Diesel Price";"Rigid";"PROG";"EUR/kWh";2050;"0.127";"Sensitivity | Current Policies | Urban depot-only charging";"Diesel"
"OPEX";"Diesel";"IT";"Pt-Diesel Price";"Tractor-Trailer";"PROG";"EUR/kWh";2050;"0.127";"Sensitivity | Current Policies | Urban depot-only charging";"Diesel"
"OPEX";"Diesel";"NL";"Pt-Diesel Price";"Rigid";"PROG";"EUR/kWh";2050;"0.127";"Sensitivity | Current Policies | Urban depot-only charging";"Diesel"
"OPEX";"Diesel";"NL";"Pt-Diesel Price";"Tractor-Trailer";"PROG";"EUR/kWh";2050;"0.127";"Sensitivity | Current Policies | Urban depot-only charging";"Diesel"
"OPEX";"Diesel";"PL";"Pt-Diesel Price";"Rigid";"PROG";"EUR/kWh";2050;"0.127";"Sensitivity | Current Policies | Urban depot-only charging";"Diesel"
"OPEX";"Diesel";"PL";"Pt-Diesel Price";"Tractor-Trailer";"PROG";"EUR/kWh";2050;"0.127";"Sensitivity | Current Policies | Urban depot-only charging";"Diesel"
"OPEX";"Diesel";"UK";"Pt-Diesel Price";"Rigid";"PROG";"EUR/kWh";2050;"0.127";"Sensitivity | Current Policies | Urban depot-only charging";"Diesel"
"OPEX";"Diesel";"UK";"Pt-Diesel Price";"Tractor-Trailer";"PROG";"EUR/kWh";2050;"0.127";"Sensitivity | Current Policies | Urban depot-only charging";"Diesel"
"OPEX";"Electricity";"DE";"Electricity Price";"Rigid";"PROG";"EUR/kWh";2050;"0.049";"Sensitivity | Current Policies | Urban depot-only charging";"Electricity"
"OPEX";"Electricity";"DE";"Electricity Price";"Tractor-Trailer";"PROG";"EUR/kWh";2050;"0.049";"Sensitivity | Current Policies | Urban depot-only charging";"Electricity"
"OPEX";"Electricity";"ES";"Electricity Price";"Rigid";"PROG";"EUR/kWh";2050;"0.049";"Sensitivity | Current Policies | Urban depot-only charging";"Electricity"
"OPEX";"Electricity";"ES";"Electricity Price";"Tractor-Trailer";"PROG";"EUR/kWh";2050;"0.049";"Sensitivity | Current Policies | Urban depot-only charging";"Electricity"
"OPEX";"Electricity";"FR";"Electricity Price";"Rigid";"PROG";"EUR/kWh";2050;"0.049";"Sensitivity | Current Policies | Urban depot-only charging";"Electricity"
"OPEX";"Electricity";"FR";"Electricity Price";"Tractor-Trailer";"PROG";"EUR/kWh";2050;"0.049";"Sensitivity | Current Policies | Urban depot-only charging";"Electricity"
"OPEX";"Electricity";"IT";"Electricity Price";"Rigid";"PROG";"EUR/kWh";2050;"0.049";"Sensitivity | Current Policies | Urban depot-only charging";"Electricity"
"OPEX";"Electricity";"IT";"Electricity Price";"Tractor-Trailer";"PROG";"EUR/kWh";2050;"0.049";"Sensitivity | Current Policies | Urban depot-only charging";"Electricity"
"OPEX";"Electricity";"NL";"Electricity Price";"Rigid";"PROG";"EUR/kWh";2050;"0.049";"Sensitivity | Current Policies | Urban depot-only charging";"Electricity"
"OPEX";"Electricity";"NL";"Electricity Price";"Tractor-Trailer";"PROG";"EUR/kWh";2050;"0.049";"Sensitivity | Current Policies | Urban depot-only charging";"Electricity"
"OPEX";"Electricity";"PL";"Electricity Price";"Rigid";"PROG";"EUR/kWh";2050;"0.049";"Sensitivity | Current Policies | Urban depot-only charging";"Electricity"
"OPEX";"Electricity";"PL";"Electricity Price";"Tractor-Trailer";"PROG";"EUR/kWh";2050;"0.049";"Sensitivity | Current Policies | Urban depot-only charging";"Electricity"
"OPEX";"Electricity";"UK";"Electricity Price";"Rigid";"PROG";"EUR/kWh";2050;"0.049";"Sensitivity | Current Policies | Urban depot-only charging";"Electricity"
"OPEX";"Electricity";"UK";"Electricity Price";"Tractor-Trailer";"PROG";"EUR/kWh";2050;"0.049";"Sensitivity | Current Policies | Urban depot-only charging";"Electricity"
"OPEX";"Hydrogen";"DE";"Hydrogen Price";"Rigid";"PROG";"EUR/kWh";2050;"0.066";"Sensitivity | Current Policies | Urban depot-only charging";"Hydrogen"
"OPEX";"Hydrogen";"DE";"Hydrogen Price";"Tractor-Trailer";"PROG";"EUR/kWh";2050;"0.066";"Sensitivity | Current Policies | Urban depot-only charging";"Hydrogen"
"OPEX";"Hydrogen";"ES";"Hydrogen Price";"Rigid";"PROG";"EUR/kWh";2050;"0.066";"Sensitivity | Current Policies | Urban depot-only charging";"Hydrogen"
"OPEX";"Hydrogen";"ES";"Hydrogen Price";"Tractor-Trailer";"PROG";"EUR/kWh";2050;"0.066";"Sensitivity | Current Policies | Urban depot-only charging";"Hydrogen"
"OPEX";"Hydrogen";"FR";"Hydrogen Price";"Rigid";"PROG";"EUR/kWh";2050;"0.066";"Sensitivity | Current Policies | Urban depot-only charging";"Hydrogen"
"OPEX";"Hydrogen";"FR";"Hydrogen Price";"Tractor-Trailer";"PROG";"EUR/kWh";2050;"0.066";"Sensitivity | Current Policies | Urban depot-only charging";"Hydrogen"
"OPEX";"Hydrogen";"IT";"Hydrogen Price";"Rigid";"PROG";"EUR/kWh";2050;"0.066";"Sensitivity | Current Policies | Urban depot-only charging";"Hydrogen"
"OPEX";"Hydrogen";"IT";"Hydrogen Price";"Tractor-Trailer";"PROG";"EUR/kWh";2050;"0.066";"Sensitivity | Current Policies | Urban depot-only charging";"Hydrogen"
"OPEX";"Hydrogen";"NL";"Hydrogen Price";"Rigid";"PROG";"EUR/kWh";2050;"0.066";"Sensitivity | Current Policies | Urban depot-only charging";"Hydrogen"
"OPEX";"Hydrogen";"NL";"Hydrogen Price";"Tractor-Trailer";"PROG";"EUR/kWh";2050;"0.066";"Sensitivity | Current Policies | Urban depot-only charging";"Hydrogen"
"OPEX";"Hydrogen";"PL";"Hydrogen Price";"Rigid";"PROG";"EUR/kWh";2050;"0.066";"Sensitivity | Current Policies | Urban depot-only charging";"Hydrogen"
"OPEX";"Hydrogen";"PL";"Hydrogen Price";"Tractor-Trailer";"PROG";"EUR/kWh";2050;"0.066";"Sensitivity | Current Policies | Urban depot-only charging";"Hydrogen"
"OPEX";"Hydrogen";"UK";"Hydrogen Price";"Rigid";"PROG";"EUR/kWh";2050;"0.066";"Sensitivity | Current Policies | Urban depot-only charging";"Hydrogen"
"OPEX";"Hydrogen";"UK";"Hydrogen Price";"Tractor-Trailer";"PROG";"EUR/kWh";2050;"0.066";"Sensitivity | Current Policies | Urban depot-only charging";"Hydrogen"
"OPEX";"Diesel";"FR";"Diesel Price";"Rigid";"BAU";"EUR/kWh";2030;"0.063";"Sensitivity | Current Policies | Urban depot-only charging";"Diesel"
"OPEX";"Diesel";"FR";"Diesel Price";"Tractor-Trailer";"BAU";"EUR/kWh";2030;"0.063";"Sensitivity | Current Policies | Urban depot-only charging";"Diesel"
"OPEX";"Diesel";"FR";"Diesel Price";"Rigid";"PROG";"EUR/kWh";2030;"0.063";"Sensitivity | Current Policies | Urban depot-only charging";"Diesel"
"OPEX";"Diesel";"FR";"Diesel Price";"Tractor-Trailer";"PROG";"EUR/kWh";2030;"0.063";"Sensitivity | Current Policies | Urban depot-only charging";"Diesel"
"OPEX";"Diesel";"DE";"Diesel Price";"Rigid";"BAU";"EUR/kWh";2030;"0.063";"Sensitivity | Current Policies | Urban depot-only charging";"Diesel"
"OPEX";"Diesel";"DE";"Diesel Price";"Tractor-Trailer";"BAU";"EUR/kWh";2030;"0.063";"Sensitivity | Current Policies | Urban depot-only charging";"Diesel"
"OPEX";"Diesel";"DE";"Diesel Price";"Rigid";"PROG";"EUR/kWh";2030;"0.063";"Sensitivity | Current Policies | Urban depot-only charging";"Diesel"
"OPEX";"Diesel";"DE";"Diesel Price";"Tractor-Trailer";"PROG";"EUR/kWh";2030;"0.063";"Sensitivity | Current Policies | Urban depot-only charging";"Diesel"
"OPEX";"Diesel";"ES";"Diesel Price";"Rigid";"BAU";"EUR/kWh";2030;"0.063";"Sensitivity | Current Policies | Urban depot-only charging";"Diesel"
"OPEX";"Diesel";"ES";"Diesel Price";"Tractor-Trailer";"BAU";"EUR/kWh";2030;"0.063";"Sensitivity | Current Policies | Urban depot-only charging";"Diesel"
"OPEX";"Diesel";"ES";"Diesel Price";"Rigid";"PROG";"EUR/kWh";2030;"0.063";"Sensitivity | Current Policies | Urban depot-only charging";"Diesel"
"OPEX";"Diesel";"ES";"Diesel Price";"Tractor-Trailer";"PROG";"EUR/kWh";2030;"0.063";"Sensitivity | Current Policies | Urban depot-only charging";"Diesel"
"OPEX";"Diesel";"IT";"Diesel Price";"Rigid";"BAU";"EUR/kWh";2030;"0.063";"Sensitivity | Current Policies | Urban depot-only charging";"Diesel"
"OPEX";"Diesel";"IT";"Diesel Price";"Tractor-Trailer";"BAU";"EUR/kWh";2030;"0.063";"Sensitivity | Current Policies | Urban depot-only charging";"Diesel"
"OPEX";"Diesel";"IT";"Diesel Price";"Rigid";"PROG";"EUR/kWh";2030;"0.063";"Sensitivity | Current Policies | Urban depot-only charging";"Diesel"
"OPEX";"Diesel";"IT";"Diesel Price";"Tractor-Trailer";"PROG";"EUR/kWh";2030;"0.063";"Sensitivity | Current Policies | Urban depot-only charging";"Diesel"
"OPEX";"Diesel";"NL";"Diesel Price";"Rigid";"BAU";"EUR/kWh";2030;"0.063";"Sensitivity | Current Policies | Urban depot-only charging";"Diesel"
"OPEX";"Diesel";"NL";"Diesel Price";"Tractor-Trailer";"BAU";"EUR/kWh";2030;"0.063";"Sensitivity | Current Policies | Urban depot-only charging";"Diesel"
"OPEX";"Diesel";"NL";"Diesel Price";"Rigid";"PROG";"EUR/kWh";2030;"0.063";"Sensitivity | Current Policies | Urban depot-only charging";"Diesel"
"OPEX";"Diesel";"NL";"Diesel Price";"Tractor-Trailer";"PROG";"EUR/kWh";2030;"0.063";"Sensitivity | Current Policies | Urban depot-only charging";"Diesel"
"OPEX";"Diesel";"PL";"Diesel Price";"Rigid";"BAU";"EUR/kWh";2030;"0.063";"Sensitivity | Current Policies | Urban depot-only charging";"Diesel"
"OPEX";"Diesel";"PL";"Diesel Price";"Tractor-Trailer";"BAU";"EUR/kWh";2030;"0.063";"Sensitivity | Current Policies | Urban depot-only charging";"Diesel"
"OPEX";"Diesel";"PL";"Diesel Price";"Rigid";"PROG";"EUR/kWh";2030;"0.063";"Sensitivity | Current Policies | Urban depot-only charging";"Diesel"
"OPEX";"Diesel";"PL";"Diesel Price";"Tractor-Trailer";"PROG";"EUR/kWh";2030;"0.063";"Sensitivity | Current Policies | Urban depot-only charging";"Diesel"
"OPEX";"Diesel";"UK";"Diesel Price";"Rigid";"BAU";"EUR/kWh";2030;"0.063";"Sensitivity | Current Policies | Urban depot-only charging";"Diesel"
"OPEX";"Diesel";"UK";"Diesel Price";"Tractor-Trailer";"BAU";"EUR/kWh";2030;"0.063";"Sensitivity | Current Policies | Urban depot-only charging";"Diesel"
"OPEX";"Diesel";"UK";"Diesel Price";"Rigid";"PROG";"EUR/kWh";2030;"0.063";"Sensitivity | Current Policies | Urban depot-only charging";"Diesel"
"OPEX";"Diesel";"UK";"Diesel Price";"Tractor-Trailer";"PROG";"EUR/kWh";2030;"0.063";"Sensitivity | Current Policies | Urban depot-only charging";"Diesel"
"OPEX";"Diesel";"FR";"Diesel Price";"Rigid";"BAU";"EUR/kWh";2035;"0.066";"Sensitivity | Current Policies | Urban depot-only charging";"Diesel"
"OPEX";"Diesel";"FR";"Diesel Price";"Tractor-Trailer";"BAU";"EUR/kWh";2035;"0.066";"Sensitivity | Current Policies | Urban depot-only charging";"Diesel"
"OPEX";"Diesel";"FR";"Diesel Price";"Rigid";"PROG";"EUR/kWh";2035;"0.066";"Sensitivity | Current Policies | Urban depot-only charging";"Diesel"
"OPEX";"Diesel";"FR";"Diesel Price";"Tractor-Trailer";"PROG";"EUR/kWh";2035;"0.066";"Sensitivity | Current Policies | Urban depot-only charging";"Diesel"
"OPEX";"Diesel";"DE";"Diesel Price";"Rigid";"BAU";"EUR/kWh";2035;"0.066";"Sensitivity | Current Policies | Urban depot-only charging";"Diesel"
"OPEX";"Diesel";"DE";"Diesel Price";"Tractor-Trailer";"BAU";"EUR/kWh";2035;"0.066";"Sensitivity | Current Policies | Urban depot-only charging";"Diesel"
"OPEX";"Diesel";"DE";"Diesel Price";"Rigid";"PROG";"EUR/kWh";2035;"0.066";"Sensitivity | Current Policies | Urban depot-only charging";"Diesel"
"OPEX";"Diesel";"DE";"Diesel Price";"Tractor-Trailer";"PROG";"EUR/kWh";2035;"0.066";"Sensitivity | Current Policies | Urban depot-only charging";"Diesel"
"OPEX";"Diesel";"ES";"Diesel Price";"Rigid";"BAU";"EUR/kWh";2035;"0.066";"Sensitivity | Current Policies | Urban depot-only charging";"Diesel"
"OPEX";"Diesel";"ES";"Diesel Price";"Tractor-Trailer";"BAU";"EUR/kWh";2035;"0.066";"Sensitivity | Current Policies | Urban depot-only charging";"Diesel"
"OPEX";"Diesel";"ES";"Diesel Price";"Rigid";"PROG";"EUR/kWh";2035;"0.066";"Sensitivity | Current Policies | Urban depot-only charging";"Diesel"
"OPEX";"Diesel";"ES";"Diesel Price";"Tractor-Trailer";"PROG";"EUR/kWh";2035;"0.066";"Sensitivity | Current Policies | Urban depot-only charging";"Diesel"
"OPEX";"Diesel";"IT";"Diesel Price";"Rigid";"BAU";"EUR/kWh";2035;"0.066";"Sensitivity | Current Policies | Urban depot-only charging";"Diesel"
"OPEX";"Diesel";"IT";"Diesel Price";"Tractor-Trailer";"BAU";"EUR/kWh";2035;"0.066";"Sensitivity | Current Policies | Urban depot-only charging";"Diesel"
"OPEX";"Diesel";"IT";"Diesel Price";"Rigid";"PROG";"EUR/kWh";2035;"0.066";"Sensitivity | Current Policies | Urban depot-only charging";"Diesel"
"OPEX";"Diesel";"IT";"Diesel Price";"Tractor-Trailer";"PROG";"EUR/kWh";2035;"0.066";"Sensitivity | Current Policies | Urban depot-only charging";"Diesel"
"OPEX";"Diesel";"NL";"Diesel Price";"Rigid";"BAU";"EUR/kWh";2035;"0.066";"Sensitivity | Current Policies | Urban depot-only charging";"Diesel"
"OPEX";"Diesel";"NL";"Diesel Price";"Tractor-Trailer";"BAU";"EUR/kWh";2035;"0.066";"Sensitivity | Current Policies | Urban depot-only charging";"Diesel"
"OPEX";"Diesel";"NL";"Diesel Price";"Rigid";"PROG";"EUR/kWh";2035;"0.066";"Sensitivity | Current Policies | Urban depot-only charging";"Diesel"
"OPEX";"Diesel";"NL";"Diesel Price";"Tractor-Trailer";"PROG";"EUR/kWh";2035;"0.066";"Sensitivity | Current Policies | Urban depot-only charging";"Diesel"
"OPEX";"Diesel";"PL";"Diesel Price";"Rigid";"BAU";"EUR/kWh";2035;"0.066";"Sensitivity | Current Policies | Urban depot-only charging";"Diesel"
"OPEX";"Diesel";"PL";"Diesel Price";"Tractor-Trailer";"BAU";"EUR/kWh";2035;"0.066";"Sensitivity | Current Policies | Urban depot-only charging";"Diesel"
"OPEX";"Diesel";"PL";"Diesel Price";"Rigid";"PROG";"EUR/kWh";2035;"0.066";"Sensitivity | Current Policies | Urban depot-only charging";"Diesel"
"OPEX";"Diesel";"PL";"Diesel Price";"Tractor-Trailer";"PROG";"EUR/kWh";2035;"0.066";"Sensitivity | Current Policies | Urban depot-only charging";"Diesel"
"OPEX";"Diesel";"UK";"Diesel Price";"Rigid";"BAU";"EUR/kWh";2035;"0.066";"Sensitivity | Current Policies | Urban depot-only charging";"Diesel"
"OPEX";"Diesel";"UK";"Diesel Price";"Tractor-Trailer";"BAU";"EUR/kWh";2035;"0.066";"Sensitivity | Current Policies | Urban depot-only charging";"Diesel"
"OPEX";"Diesel";"UK";"Diesel Price";"Rigid";"PROG";"EUR/kWh";2035;"0.066";"Sensitivity | Current Policies | Urban depot-only charging";"Diesel"
"OPEX";"Diesel";"UK";"Diesel Price";"Tractor-Trailer";"PROG";"EUR/kWh";2035;"0.066";"Sensitivity | Current Policies | Urban depot-only charging";"Diesel"
"OPEX";"Diesel";"FR";"Diesel Price";"Rigid";"BAU";"EUR/kWh";2040;"0.069";"Sensitivity | Current Policies | Urban depot-only charging";"Diesel"
"OPEX";"Diesel";"FR";"Diesel Price";"Tractor-Trailer";"BAU";"EUR/kWh";2040;"0.069";"Sensitivity | Current Policies | Urban depot-only charging";"Diesel"
"OPEX";"Diesel";"FR";"Diesel Price";"Rigid";"PROG";"EUR/kWh";2040;"0.069";"Sensitivity | Current Policies | Urban depot-only charging";"Diesel"
"OPEX";"Diesel";"FR";"Diesel Price";"Tractor-Trailer";"PROG";"EUR/kWh";2040;"0.069";"Sensitivity | Current Policies | Urban depot-only charging";"Diesel"
"OPEX";"Diesel";"DE";"Diesel Price";"Rigid";"BAU";"EUR/kWh";2040;"0.069";"Sensitivity | Current Policies | Urban depot-only charging";"Diesel"
"OPEX";"Diesel";"DE";"Diesel Price";"Tractor-Trailer";"BAU";"EUR/kWh";2040;"0.069";"Sensitivity | Current Policies | Urban depot-only charging";"Diesel"
"OPEX";"Diesel";"DE";"Diesel Price";"Rigid";"PROG";"EUR/kWh";2040;"0.069";"Sensitivity | Current Policies | Urban depot-only charging";"Diesel"
"OPEX";"Diesel";"DE";"Diesel Price";"Tractor-Trailer";"PROG";"EUR/kWh";2040;"0.069";"Sensitivity | Current Policies | Urban depot-only charging";"Diesel"
"OPEX";"Diesel";"ES";"Diesel Price";"Rigid";"BAU";"EUR/kWh";2040;"0.069";"Sensitivity | Current Policies | Urban depot-only charging";"Diesel"
"OPEX";"Diesel";"ES";"Diesel Price";"Tractor-Trailer";"BAU";"EUR/kWh";2040;"0.069";"Sensitivity | Current Policies | Urban depot-only charging";"Diesel"
"OPEX";"Diesel";"ES";"Diesel Price";"Rigid";"PROG";"EUR/kWh";2040;"0.069";"Sensitivity | Current Policies | Urban depot-only charging";"Diesel"
"OPEX";"Diesel";"ES";"Diesel Price";"Tractor-Trailer";"PROG";"EUR/kWh";2040;"0.069";"Sensitivity | Current Policies | Urban depot-only charging";"Diesel"
"OPEX";"Diesel";"IT";"Diesel Price";"Rigid";"BAU";"EUR/kWh";2040;"0.069";"Sensitivity | Current Policies | Urban depot-only charging";"Diesel"
"OPEX";"Diesel";"IT";"Diesel Price";"Tractor-Trailer";"BAU";"EUR/kWh";2040;"0.069";"Sensitivity | Current Policies | Urban depot-only charging";"Diesel"
"OPEX";"Diesel";"IT";"Diesel Price";"Rigid";"PROG";"EUR/kWh";2040;"0.069";"Sensitivity | Current Policies | Urban depot-only charging";"Diesel"
"OPEX";"Diesel";"IT";"Diesel Price";"Tractor-Trailer";"PROG";"EUR/kWh";2040;"0.069";"Sensitivity | Current Policies | Urban depot-only charging";"Diesel"
"OPEX";"Diesel";"NL";"Diesel Price";"Rigid";"BAU";"EUR/kWh";2040;"0.069";"Sensitivity | Current Policies | Urban depot-only charging";"Diesel"
"OPEX";"Diesel";"NL";"Diesel Price";"Tractor-Trailer";"BAU";"EUR/kWh";2040;"0.069";"Sensitivity | Current Policies | Urban depot-only charging";"Diesel"
"OPEX";"Diesel";"NL";"Diesel Price";"Rigid";"PROG";"EUR/kWh";2040;"0.069";"Sensitivity | Current Policies | Urban depot-only charging";"Diesel"
"OPEX";"Diesel";"NL";"Diesel Price";"Tractor-Trailer";"PROG";"EUR/kWh";2040;"0.069";"Sensitivity | Current Policies | Urban depot-only charging";"Diesel"
"OPEX";"Diesel";"PL";"Diesel Price";"Rigid";"BAU";"EUR/kWh";2040;"0.069";"Sensitivity | Current Policies | Urban depot-only charging";"Diesel"
"OPEX";"Diesel";"PL";"Diesel Price";"Tractor-Trailer";"BAU";"EUR/kWh";2040;"0.069";"Sensitivity | Current Policies | Urban depot-only charging";"Diesel"
"OPEX";"Diesel";"PL";"Diesel Price";"Rigid";"PROG";"EUR/kWh";2040;"0.069";"Sensitivity | Current Policies | Urban depot-only charging";"Diesel"
"OPEX";"Diesel";"PL";"Diesel Price";"Tractor-Trailer";"PROG";"EUR/kWh";2040;"0.069";"Sensitivity | Current Policies | Urban depot-only charging";"Diesel"
"OPEX";"Diesel";"UK";"Diesel Price";"Rigid";"BAU";"EUR/kWh";2040;"0.069";"Sensitivity | Current Policies | Urban depot-only charging";"Diesel"
"OPEX";"Diesel";"UK";"Diesel Price";"Tractor-Trailer";"BAU";"EUR/kWh";2040;"0.069";"Sensitivity | Current Policies | Urban depot-only charging";"Diesel"
"OPEX";"Diesel";"UK";"Diesel Price";"Rigid";"PROG";"EUR/kWh";2040;"0.069";"Sensitivity | Current Policies | Urban depot-only charging";"Diesel"
"OPEX";"Diesel";"UK";"Diesel Price";"Tractor-Trailer";"PROG";"EUR/kWh";2040;"0.069";"Sensitivity | Current Policies | Urban depot-only charging";"Diesel"
"OPEX";"Diesel";"FR";"Diesel Price";"Rigid";"BAU";"EUR/kWh";2045;"0.073";"Sensitivity | Current Policies | Urban depot-only charging";"Diesel"
"OPEX";"Diesel";"FR";"Diesel Price";"Tractor-Trailer";"BAU";"EUR/kWh";2045;"0.073";"Sensitivity | Current Policies | Urban depot-only charging";"Diesel"
"OPEX";"Diesel";"FR";"Diesel Price";"Rigid";"PROG";"EUR/kWh";2045;"0.073";"Sensitivity | Current Policies | Urban depot-only charging";"Diesel"
"OPEX";"Diesel";"FR";"Diesel Price";"Tractor-Trailer";"PROG";"EUR/kWh";2045;"0.073";"Sensitivity | Current Policies | Urban depot-only charging";"Diesel"
"OPEX";"Diesel";"DE";"Diesel Price";"Rigid";"BAU";"EUR/kWh";2045;"0.073";"Sensitivity | Current Policies | Urban depot-only charging";"Diesel"
"OPEX";"Diesel";"DE";"Diesel Price";"Tractor-Trailer";"BAU";"EUR/kWh";2045;"0.073";"Sensitivity | Current Policies | Urban depot-only charging";"Diesel"
"OPEX";"Diesel";"DE";"Diesel Price";"Rigid";"PROG";"EUR/kWh";2045;"0.073";"Sensitivity | Current Policies | Urban depot-only charging";"Diesel"
"OPEX";"Diesel";"DE";"Diesel Price";"Tractor-Trailer";"PROG";"EUR/kWh";2045;"0.073";"Sensitivity | Current Policies | Urban depot-only charging";"Diesel"
"OPEX";"Diesel";"ES";"Diesel Price";"Rigid";"BAU";"EUR/kWh";2045;"0.073";"Sensitivity | Current Policies | Urban depot-only charging";"Diesel"
"OPEX";"Diesel";"ES";"Diesel Price";"Tractor-Trailer";"BAU";"EUR/kWh";2045;"0.073";"Sensitivity | Current Policies | Urban depot-only charging";"Diesel"
"OPEX";"Diesel";"ES";"Diesel Price";"Rigid";"PROG";"EUR/kWh";2045;"0.073";"Sensitivity | Current Policies | Urban depot-only charging";"Diesel"
"OPEX";"Diesel";"ES";"Diesel Price";"Tractor-Trailer";"PROG";"EUR/kWh";2045;"0.073";"Sensitivity | Current Policies | Urban depot-only charging";"Diesel"
"OPEX";"Diesel";"IT";"Diesel Price";"Rigid";"BAU";"EUR/kWh";2045;"0.073";"Sensitivity | Current Policies | Urban depot-only charging";"Diesel"
"OPEX";"Diesel";"IT";"Diesel Price";"Tractor-Trailer";"BAU";"EUR/kWh";2045;"0.073";"Sensitivity | Current Policies | Urban depot-only charging";"Diesel"
"OPEX";"Diesel";"IT";"Diesel Price";"Rigid";"PROG";"EUR/kWh";2045;"0.073";"Sensitivity | Current Policies | Urban depot-only charging";"Diesel"
"OPEX";"Diesel";"IT";"Diesel Price";"Tractor-Trailer";"PROG";"EUR/kWh";2045;"0.073";"Sensitivity | Current Policies | Urban depot-only charging";"Diesel"
"OPEX";"Diesel";"NL";"Diesel Price";"Rigid";"BAU";"EUR/kWh";2045;"0.073";"Sensitivity | Current Policies | Urban depot-only charging";"Diesel"
"OPEX";"Diesel";"NL";"Diesel Price";"Tractor-Trailer";"BAU";"EUR/kWh";2045;"0.073";"Sensitivity | Current Policies | Urban depot-only charging";"Diesel"
"OPEX";"Diesel";"NL";"Diesel Price";"Rigid";"PROG";"EUR/kWh";2045;"0.073";"Sensitivity | Current Policies | Urban depot-only charging";"Diesel"
"OPEX";"Diesel";"NL";"Diesel Price";"Tractor-Trailer";"PROG";"EUR/kWh";2045;"0.073";"Sensitivity | Current Policies | Urban depot-only charging";"Diesel"
"OPEX";"Diesel";"PL";"Diesel Price";"Rigid";"BAU";"EUR/kWh";2045;"0.073";"Sensitivity | Current Policies | Urban depot-only charging";"Diesel"
"OPEX";"Diesel";"PL";"Diesel Price";"Tractor-Trailer";"BAU";"EUR/kWh";2045;"0.073";"Sensitivity | Current Policies | Urban depot-only charging";"Diesel"
"OPEX";"Diesel";"PL";"Diesel Price";"Rigid";"PROG";"EUR/kWh";2045;"0.073";"Sensitivity | Current Policies | Urban depot-only charging";"Diesel"
"OPEX";"Diesel";"PL";"Diesel Price";"Tractor-Trailer";"PROG";"EUR/kWh";2045;"0.073";"Sensitivity | Current Policies | Urban depot-only charging";"Diesel"
"OPEX";"Diesel";"UK";"Diesel Price";"Rigid";"BAU";"EUR/kWh";2045;"0.073";"Sensitivity | Current Policies | Urban depot-only charging";"Diesel"
"OPEX";"Diesel";"UK";"Diesel Price";"Tractor-Trailer";"BAU";"EUR/kWh";2045;"0.073";"Sensitivity | Current Policies | Urban depot-only charging";"Diesel"
"OPEX";"Diesel";"UK";"Diesel Price";"Rigid";"PROG";"EUR/kWh";2045;"0.073";"Sensitivity | Current Policies | Urban depot-only charging";"Diesel"
"OPEX";"Diesel";"UK";"Diesel Price";"Tractor-Trailer";"PROG";"EUR/kWh";2045;"0.073";"Sensitivity | Current Policies | Urban depot-only charging";"Diesel"
"OPEX";"Diesel";"FR";"Diesel Price";"Rigid";"BAU";"EUR/kWh";2050;"0.079";"Sensitivity | Current Policies | Urban depot-only charging";"Diesel"
"OPEX";"Diesel";"FR";"Diesel Price";"Tractor-Trailer";"BAU";"EUR/kWh";2050;"0.079";"Sensitivity | Current Policies | Urban depot-only charging";"Diesel"
"OPEX";"Diesel";"FR";"Diesel Price";"Rigid";"PROG";"EUR/kWh";2050;"0.079";"Sensitivity | Current Policies | Urban depot-only charging";"Diesel"
"OPEX";"Diesel";"FR";"Diesel Price";"Tractor-Trailer";"PROG";"EUR/kWh";2050;"0.079";"Sensitivity | Current Policies | Urban depot-only charging";"Diesel"
"OPEX";"Diesel";"DE";"Diesel Price";"Rigid";"BAU";"EUR/kWh";2050;"0.079";"Sensitivity | Current Policies | Urban depot-only charging";"Diesel"
"OPEX";"Diesel";"DE";"Diesel Price";"Tractor-Trailer";"BAU";"EUR/kWh";2050;"0.079";"Sensitivity | Current Policies | Urban depot-only charging";"Diesel"
"OPEX";"Diesel";"DE";"Diesel Price";"Rigid";"PROG";"EUR/kWh";2050;"0.079";"Sensitivity | Current Policies | Urban depot-only charging";"Diesel"
"OPEX";"Diesel";"DE";"Diesel Price";"Tractor-Trailer";"PROG";"EUR/kWh";2050;"0.079";"Sensitivity | Current Policies | Urban depot-only charging";"Diesel"
"OPEX";"Diesel";"ES";"Diesel Price";"Rigid";"BAU";"EUR/kWh";2050;"0.079";"Sensitivity | Current Policies | Urban depot-only charging";"Diesel"
"OPEX";"Diesel";"ES";"Diesel Price";"Tractor-Trailer";"BAU";"EUR/kWh";2050;"0.079";"Sensitivity | Current Policies | Urban depot-only charging";"Diesel"
"OPEX";"Diesel";"ES";"Diesel Price";"Rigid";"PROG";"EUR/kWh";2050;"0.079";"Sensitivity | Current Policies | Urban depot-only charging";"Diesel"
"OPEX";"Diesel";"ES";"Diesel Price";"Tractor-Trailer";"PROG";"EUR/kWh";2050;"0.079";"Sensitivity | Current Policies | Urban depot-only charging";"Diesel"
"OPEX";"Diesel";"IT";"Diesel Price";"Rigid";"BAU";"EUR/kWh";2050;"0.079";"Sensitivity | Current Policies | Urban depot-only charging";"Diesel"
"OPEX";"Diesel";"IT";"Diesel Price";"Tractor-Trailer";"BAU";"EUR/kWh";2050;"0.079";"Sensitivity | Current Policies | Urban depot-only charging";"Diesel"
"OPEX";"Diesel";"IT";"Diesel Price";"Rigid";"PROG";"EUR/kWh";2050;"0.079";"Sensitivity | Current Policies | Urban depot-only charging";"Diesel"
"OPEX";"Diesel";"IT";"Diesel Price";"Tractor-Trailer";"PROG";"EUR/kWh";2050;"0.079";"Sensitivity | Current Policies | Urban depot-only charging";"Diesel"
"OPEX";"Diesel";"NL";"Diesel Price";"Rigid";"BAU";"EUR/kWh";2050;"0.079";"Sensitivity | Current Policies | Urban depot-only charging";"Diesel"
"OPEX";"Diesel";"NL";"Diesel Price";"Tractor-Trailer";"BAU";"EUR/kWh";2050;"0.079";"Sensitivity | Current Policies | Urban depot-only charging";"Diesel"
"OPEX";"Diesel";"NL";"Diesel Price";"Rigid";"PROG";"EUR/kWh";2050;"0.079";"Sensitivity | Current Policies | Urban depot-only charging";"Diesel"
"OPEX";"Diesel";"NL";"Diesel Price";"Tractor-Trailer";"PROG";"EUR/kWh";2050;"0.079";"Sensitivity | Current Policies | Urban depot-only charging";"Diesel"
"OPEX";"Diesel";"PL";"Diesel Price";"Rigid";"BAU";"EUR/kWh";2050;"0.079";"Sensitivity | Current Policies | Urban depot-only charging";"Diesel"
"OPEX";"Diesel";"PL";"Diesel Price";"Tractor-Trailer";"BAU";"EUR/kWh";2050;"0.079";"Sensitivity | Current Policies | Urban depot-only charging";"Diesel"
"OPEX";"Diesel";"PL";"Diesel Price";"Rigid";"PROG";"EUR/kWh";2050;"0.079";"Sensitivity | Current Policies | Urban depot-only charging";"Diesel"
"OPEX";"Diesel";"PL";"Diesel Price";"Tractor-Trailer";"PROG";"EUR/kWh";2050;"0.079";"Sensitivity | Current Policies | Urban depot-only charging";"Diesel"
"OPEX";"Diesel";"UK";"Diesel Price";"Rigid";"BAU";"EUR/kWh";2050;"0.079";"Sensitivity | Current Policies | Urban depot-only charging";"Diesel"
"OPEX";"Diesel";"UK";"Diesel Price";"Tractor-Trailer";"BAU";"EUR/kWh";2050;"0.079";"Sensitivity | Current Policies | Urban depot-only charging";"Diesel"
"OPEX";"Diesel";"UK";"Diesel Price";"Rigid";"PROG";"EUR/kWh";2050;"0.079";"Sensitivity | Current Policies | Urban depot-only charging";"Diesel"
"OPEX";"Diesel";"UK";"Diesel Price";"Tractor-Trailer";"PROG";"EUR/kWh";2050;"0.079";"Sensitivity | Current Policies | Urban depot-only charging";"Diesel"
"OPEX";"Diesel";"FR";"Biodiesel Price";"Rigid";"BAU";"EUR/kWh";2030;"0.141";"Sensitivity | Current Policies | Urban depot-only charging";"Diesel"
"OPEX";"Diesel";"FR";"Biodiesel Price";"Tractor-Trailer";"BAU";"EUR/kWh";2030;"0.141";"Sensitivity | Current Policies | Urban depot-only charging";"Diesel"
"OPEX";"Diesel";"DE";"Biodiesel Price";"Rigid";"BAU";"EUR/kWh";2030;"0.141";"Sensitivity | Current Policies | Urban depot-only charging";"Diesel"
"OPEX";"Diesel";"DE";"Biodiesel Price";"Tractor-Trailer";"BAU";"EUR/kWh";2030;"0.141";"Sensitivity | Current Policies | Urban depot-only charging";"Diesel"
"OPEX";"Diesel";"ES";"Biodiesel Price";"Rigid";"BAU";"EUR/kWh";2030;"0.141";"Sensitivity | Current Policies | Urban depot-only charging";"Diesel"
"OPEX";"Diesel";"ES";"Biodiesel Price";"Tractor-Trailer";"BAU";"EUR/kWh";2030;"0.141";"Sensitivity | Current Policies | Urban depot-only charging";"Diesel"
"OPEX";"Diesel";"IT";"Biodiesel Price";"Rigid";"BAU";"EUR/kWh";2030;"0.141";"Sensitivity | Current Policies | Urban depot-only charging";"Diesel"
"OPEX";"Diesel";"IT";"Biodiesel Price";"Tractor-Trailer";"BAU";"EUR/kWh";2030;"0.141";"Sensitivity | Current Policies | Urban depot-only charging";"Diesel"
"OPEX";"Diesel";"NL";"Biodiesel Price";"Rigid";"BAU";"EUR/kWh";2030;"0.141";"Sensitivity | Current Policies | Urban depot-only charging";"Diesel"
"OPEX";"Diesel";"NL";"Biodiesel Price";"Tractor-Trailer";"BAU";"EUR/kWh";2030;"0.141";"Sensitivity | Current Policies | Urban depot-only charging";"Diesel"
"OPEX";"Diesel";"PL";"Biodiesel Price";"Rigid";"BAU";"EUR/kWh";2030;"0.141";"Sensitivity | Current Policies | Urban depot-only charging";"Diesel"
"OPEX";"Diesel";"PL";"Biodiesel Price";"Tractor-Trailer";"BAU";"EUR/kWh";2030;"0.141";"Sensitivity | Current Policies | Urban depot-only charging";"Diesel"
"OPEX";"Diesel";"UK";"Biodiesel Price";"Rigid";"BAU";"EUR/kWh";2030;"0.141";"Sensitivity | Current Policies | Urban depot-only charging";"Diesel"
"OPEX";"Diesel";"UK";"Biodiesel Price";"Tractor-Trailer";"BAU";"EUR/kWh";2030;"0.141";"Sensitivity | Current Policies | Urban depot-only charging";"Diesel"
"OPEX";"Diesel";"DE";"Pt-Diesel Price";"Rigid";"BAU";"EUR/kWh";2030;"0.26";"Sensitivity | Current Policies | Urban depot-only charging";"Diesel"
"OPEX";"Diesel";"DE";"Pt-Diesel Price";"Tractor-Trailer";"BAU";"EUR/kWh";2030;"0.26";"Sensitivity | Current Policies | Urban depot-only charging";"Diesel"
"OPEX";"Diesel";"ES";"Pt-Diesel Price";"Rigid";"BAU";"EUR/kWh";2030;"0.26";"Sensitivity | Current Policies | Urban depot-only charging";"Diesel"
"OPEX";"Diesel";"ES";"Pt-Diesel Price";"Tractor-Trailer";"BAU";"EUR/kWh";2030;"0.26";"Sensitivity | Current Policies | Urban depot-only charging";"Diesel"
"OPEX";"Diesel";"FR";"Pt-Diesel Price";"Rigid";"BAU";"EUR/kWh";2030;"0.26";"Sensitivity | Current Policies | Urban depot-only charging";"Diesel"
"OPEX";"Diesel";"FR";"Pt-Diesel Price";"Tractor-Trailer";"BAU";"EUR/kWh";2030;"0.26";"Sensitivity | Current Policies | Urban depot-only charging";"Diesel"
"OPEX";"Diesel";"IT";"Pt-Diesel Price";"Rigid";"BAU";"EUR/kWh";2030;"0.26";"Sensitivity | Current Policies | Urban depot-only charging";"Diesel"
"OPEX";"Diesel";"IT";"Pt-Diesel Price";"Tractor-Trailer";"BAU";"EUR/kWh";2030;"0.26";"Sensitivity | Current Policies | Urban depot-only charging";"Diesel"
"OPEX";"Diesel";"NL";"Pt-Diesel Price";"Rigid";"BAU";"EUR/kWh";2030;"0.26";"Sensitivity | Current Policies | Urban depot-only charging";"Diesel"
"OPEX";"Diesel";"NL";"Pt-Diesel Price";"Tractor-Trailer";"BAU";"EUR/kWh";2030;"0.26";"Sensitivity | Current Policies | Urban depot-only charging";"Diesel"
"OPEX";"Diesel";"PL";"Pt-Diesel Price";"Rigid";"BAU";"EUR/kWh";2030;"0.26";"Sensitivity | Current Policies | Urban depot-only charging";"Diesel"
"OPEX";"Diesel";"PL";"Pt-Diesel Price";"Tractor-Trailer";"BAU";"EUR/kWh";2030;"0.26";"Sensitivity | Current Policies | Urban depot-only charging";"Diesel"
"OPEX";"Diesel";"UK";"Pt-Diesel Price";"Rigid";"BAU";"EUR/kWh";2030;"0.26";"Sensitivity | Current Policies | Urban depot-only charging";"Diesel"
"OPEX";"Diesel";"UK";"Pt-Diesel Price";"Tractor-Trailer";"BAU";"EUR/kWh";2030;"0.26";"Sensitivity | Current Policies | Urban depot-only charging";"Diesel"
"OPEX";"Electricity";"DE";"Electricity Price";"Rigid";"BAU";"EUR/kWh";2030;"0.086";"Sensitivity | Current Policies | Urban depot-only charging";"Electricity"
"OPEX";"Electricity";"DE";"Electricity Price";"Tractor-Trailer";"BAU";"EUR/kWh";2030;"0.086";"Sensitivity | Current Policies | Urban depot-only charging";"Electricity"
"OPEX";"Electricity";"ES";"Electricity Price";"Rigid";"BAU";"EUR/kWh";2030;"0.086";"Sensitivity | Current Policies | Urban depot-only charging";"Electricity"
"OPEX";"Electricity";"ES";"Electricity Price";"Tractor-Trailer";"BAU";"EUR/kWh";2030;"0.086";"Sensitivity | Current Policies | Urban depot-only charging";"Electricity"
"OPEX";"Electricity";"FR";"Electricity Price";"Rigid";"BAU";"EUR/kWh";2030;"0.086";"Sensitivity | Current Policies | Urban depot-only charging";"Electricity"
"OPEX";"Electricity";"FR";"Electricity Price";"Tractor-Trailer";"BAU";"EUR/kWh";2030;"0.086";"Sensitivity | Current Policies | Urban depot-only charging";"Electricity"
"OPEX";"Electricity";"IT";"Electricity Price";"Rigid";"BAU";"EUR/kWh";2030;"0.086";"Sensitivity | Current Policies | Urban depot-only charging";"Electricity"
"OPEX";"Electricity";"IT";"Electricity Price";"Tractor-Trailer";"BAU";"EUR/kWh";2030;"0.086";"Sensitivity | Current Policies | Urban depot-only charging";"Electricity"
"OPEX";"Electricity";"NL";"Electricity Price";"Rigid";"BAU";"EUR/kWh";2030;"0.086";"Sensitivity | Current Policies | Urban depot-only charging";"Electricity"
"OPEX";"Electricity";"NL";"Electricity Price";"Tractor-Trailer";"BAU";"EUR/kWh";2030;"0.086";"Sensitivity | Current Policies | Urban depot-only charging";"Electricity"
"OPEX";"Electricity";"PL";"Electricity Price";"Rigid";"BAU";"EUR/kWh";2030;"0.086";"Sensitivity | Current Policies | Urban depot-only charging";"Electricity"
"OPEX";"Electricity";"PL";"Electricity Price";"Tractor-Trailer";"BAU";"EUR/kWh";2030;"0.086";"Sensitivity | Current Policies | Urban depot-only charging";"Electricity"
"OPEX";"Electricity";"UK";"Electricity Price";"Rigid";"BAU";"EUR/kWh";2030;"0.086";"Sensitivity | Current Policies | Urban depot-only charging";"Electricity"
"OPEX";"Electricity";"UK";"Electricity Price";"Tractor-Trailer";"BAU";"EUR/kWh";2030;"0.086";"Sensitivity | Current Policies | Urban depot-only charging";"Electricity"
"OPEX";"Hydrogen";"DE";"Hydrogen Price";"Rigid";"BAU";"EUR/kWh";2030;"0.168";"Sensitivity | Current Policies | Urban depot-only charging";"Hydrogen"
"OPEX";"Hydrogen";"DE";"Hydrogen Price";"Tractor-Trailer";"BAU";"EUR/kWh";2030;"0.168";"Sensitivity | Current Policies | Urban depot-only charging";"Hydrogen"
"OPEX";"Hydrogen";"ES";"Hydrogen Price";"Rigid";"BAU";"EUR/kWh";2030;"0.168";"Sensitivity | Current Policies | Urban depot-only charging";"Hydrogen"
"OPEX";"Hydrogen";"ES";"Hydrogen Price";"Tractor-Trailer";"BAU";"EUR/kWh";2030;"0.168";"Sensitivity | Current Policies | Urban depot-only charging";"Hydrogen"
"OPEX";"Hydrogen";"FR";"Hydrogen Price";"Rigid";"BAU";"EUR/kWh";2030;"0.168";"Sensitivity | Current Policies | Urban depot-only charging";"Hydrogen"
"OPEX";"Hydrogen";"FR";"Hydrogen Price";"Tractor-Trailer";"BAU";"EUR/kWh";2030;"0.168";"Sensitivity | Current Policies | Urban depot-only charging";"Hydrogen"
"OPEX";"Hydrogen";"IT";"Hydrogen Price";"Rigid";"BAU";"EUR/kWh";2030;"0.168";"Sensitivity | Current Policies | Urban depot-only charging";"Hydrogen"
"OPEX";"Hydrogen";"IT";"Hydrogen Price";"Tractor-Trailer";"BAU";"EUR/kWh";2030;"0.168";"Sensitivity | Current Policies | Urban depot-only charging";"Hydrogen"
"OPEX";"Hydrogen";"NL";"Hydrogen Price";"Rigid";"BAU";"EUR/kWh";2030;"0.168";"Sensitivity | Current Policies | Urban depot-only charging";"Hydrogen"
"OPEX";"Hydrogen";"NL";"Hydrogen Price";"Tractor-Trailer";"BAU";"EUR/kWh";2030;"0.168";"Sensitivity | Current Policies | Urban depot-only charging";"Hydrogen"
"OPEX";"Hydrogen";"PL";"Hydrogen Price";"Rigid";"BAU";"EUR/kWh";2030;"0.168";"Sensitivity | Current Policies | Urban depot-only charging";"Hydrogen"
"OPEX";"Hydrogen";"PL";"Hydrogen Price";"Tractor-Trailer";"BAU";"EUR/kWh";2030;"0.168";"Sensitivity | Current Policies | Urban depot-only charging";"Hydrogen"
"OPEX";"Hydrogen";"UK";"Hydrogen Price";"Rigid";"BAU";"EUR/kWh";2030;"0.168";"Sensitivity | Current Policies | Urban depot-only charging";"Hydrogen"
"OPEX";"Hydrogen";"UK";"Hydrogen Price";"Tractor-Trailer";"BAU";"EUR/kWh";2030;"0.168";"Sensitivity | Current Policies | Urban depot-only charging";"Hydrogen"
"OPEX";"Diesel";"FR";"Biodiesel Price";"Rigid";"BAU";"EUR/kWh";2035;"0.159";"Sensitivity | Current Policies | Urban depot-only charging";"Diesel"
"OPEX";"Diesel";"FR";"Biodiesel Price";"Tractor-Trailer";"BAU";"EUR/kWh";2035;"0.159";"Sensitivity | Current Policies | Urban depot-only charging";"Diesel"
"OPEX";"Diesel";"DE";"Biodiesel Price";"Rigid";"BAU";"EUR/kWh";2035;"0.159";"Sensitivity | Current Policies | Urban depot-only charging";"Diesel"
"OPEX";"Diesel";"DE";"Biodiesel Price";"Tractor-Trailer";"BAU";"EUR/kWh";2035;"0.159";"Sensitivity | Current Policies | Urban depot-only charging";"Diesel"
"OPEX";"Diesel";"ES";"Biodiesel Price";"Rigid";"BAU";"EUR/kWh";2035;"0.159";"Sensitivity | Current Policies | Urban depot-only charging";"Diesel"
"OPEX";"Diesel";"ES";"Biodiesel Price";"Tractor-Trailer";"BAU";"EUR/kWh";2035;"0.159";"Sensitivity | Current Policies | Urban depot-only charging";"Diesel"
"OPEX";"Diesel";"IT";"Biodiesel Price";"Rigid";"BAU";"EUR/kWh";2035;"0.159";"Sensitivity | Current Policies | Urban depot-only charging";"Diesel"
"OPEX";"Diesel";"IT";"Biodiesel Price";"Tractor-Trailer";"BAU";"EUR/kWh";2035;"0.159";"Sensitivity | Current Policies | Urban depot-only charging";"Diesel"
"OPEX";"Diesel";"NL";"Biodiesel Price";"Rigid";"BAU";"EUR/kWh";2035;"0.159";"Sensitivity | Current Policies | Urban depot-only charging";"Diesel"
"OPEX";"Diesel";"NL";"Biodiesel Price";"Tractor-Trailer";"BAU";"EUR/kWh";2035;"0.159";"Sensitivity | Current Policies | Urban depot-only charging";"Diesel"
"OPEX";"Diesel";"PL";"Biodiesel Price";"Rigid";"BAU";"EUR/kWh";2035;"0.159";"Sensitivity | Current Policies | Urban depot-only charging";"Diesel"
"OPEX";"Diesel";"PL";"Biodiesel Price";"Tractor-Trailer";"BAU";"EUR/kWh";2035;"0.159";"Sensitivity | Current Policies | Urban depot-only charging";"Diesel"
"OPEX";"Diesel";"UK";"Biodiesel Price";"Rigid";"BAU";"EUR/kWh";2035;"0.159";"Sensitivity | Current Policies | Urban depot-only charging";"Diesel"
"OPEX";"Diesel";"UK";"Biodiesel Price";"Tractor-Trailer";"BAU";"EUR/kWh";2035;"0.159";"Sensitivity | Current Policies | Urban depot-only charging";"Diesel"
"OPEX";"Diesel";"DE";"Pt-Diesel Price";"Rigid";"BAU";"EUR/kWh";2035;"0.239";"Sensitivity | Current Policies | Urban depot-only charging";"Diesel"
"OPEX";"Diesel";"DE";"Pt-Diesel Price";"Tractor-Trailer";"BAU";"EUR/kWh";2035;"0.239";"Sensitivity | Current Policies | Urban depot-only charging";"Diesel"
"OPEX";"Diesel";"ES";"Pt-Diesel Price";"Rigid";"BAU";"EUR/kWh";2035;"0.239";"Sensitivity | Current Policies | Urban depot-only charging";"Diesel"
"OPEX";"Diesel";"ES";"Pt-Diesel Price";"Tractor-Trailer";"BAU";"EUR/kWh";2035;"0.239";"Sensitivity | Current Policies | Urban depot-only charging";"Diesel"
"OPEX";"Diesel";"FR";"Pt-Diesel Price";"Rigid";"BAU";"EUR/kWh";2035;"0.239";"Sensitivity | Current Policies | Urban depot-only charging";"Diesel"
"OPEX";"Diesel";"FR";"Pt-Diesel Price";"Tractor-Trailer";"BAU";"EUR/kWh";2035;"0.239";"Sensitivity | Current Policies | Urban depot-only charging";"Diesel"
"OPEX";"Diesel";"IT";"Pt-Diesel Price";"Rigid";"BAU";"EUR/kWh";2035;"0.239";"Sensitivity | Current Policies | Urban depot-only charging";"Diesel"
"OPEX";"Diesel";"IT";"Pt-Diesel Price";"Tractor-Trailer";"BAU";"EUR/kWh";2035;"0.239";"Sensitivity | Current Policies | Urban depot-only charging";"Diesel"
"OPEX";"Diesel";"NL";"Pt-Diesel Price";"Rigid";"BAU";"EUR/kWh";2035;"0.239";"Sensitivity | Current Policies | Urban depot-only charging";"Diesel"
"OPEX";"Diesel";"NL";"Pt-Diesel Price";"Tractor-Trailer";"BAU";"EUR/kWh";2035;"0.239";"Sensitivity | Current Policies | Urban depot-only charging";"Diesel"
"OPEX";"Diesel";"PL";"Pt-Diesel Price";"Rigid";"BAU";"EUR/kWh";2035;"0.239";"Sensitivity | Current Policies | Urban depot-only charging";"Diesel"
"OPEX";"Diesel";"PL";"Pt-Diesel Price";"Tractor-Trailer";"BAU";"EUR/kWh";2035;"0.239";"Sensitivity | Current Policies | Urban depot-only charging";"Diesel"
"OPEX";"Diesel";"UK";"Pt-Diesel Price";"Rigid";"BAU";"EUR/kWh";2035;"0.239";"Sensitivity | Current Policies | Urban depot-only charging";"Diesel"
"OPEX";"Diesel";"UK";"Pt-Diesel Price";"Tractor-Trailer";"BAU";"EUR/kWh";2035;"0.239";"Sensitivity | Current Policies | Urban depot-only charging";"Diesel"
"OPEX";"Electricity";"DE";"Electricity Price";"Rigid";"BAU";"EUR/kWh";2035;"0.076";"Sensitivity | Current Policies | Urban depot-only charging";"Electricity"
"OPEX";"Electricity";"DE";"Electricity Price";"Tractor-Trailer";"BAU";"EUR/kWh";2035;"0.076";"Sensitivity | Current Policies | Urban depot-only charging";"Electricity"
"OPEX";"Electricity";"ES";"Electricity Price";"Rigid";"BAU";"EUR/kWh";2035;"0.076";"Sensitivity | Current Policies | Urban depot-only charging";"Electricity"
"OPEX";"Electricity";"ES";"Electricity Price";"Tractor-Trailer";"BAU";"EUR/kWh";2035;"0.076";"Sensitivity | Current Policies | Urban depot-only charging";"Electricity"
"OPEX";"Electricity";"FR";"Electricity Price";"Rigid";"BAU";"EUR/kWh";2035;"0.076";"Sensitivity | Current Policies | Urban depot-only charging";"Electricity"
"OPEX";"Electricity";"FR";"Electricity Price";"Tractor-Trailer";"BAU";"EUR/kWh";2035;"0.076";"Sensitivity | Current Policies | Urban depot-only charging";"Electricity"
"OPEX";"Electricity";"IT";"Electricity Price";"Rigid";"BAU";"EUR/kWh";2035;"0.076";"Sensitivity | Current Policies | Urban depot-only charging";"Electricity"
"OPEX";"Electricity";"IT";"Electricity Price";"Tractor-Trailer";"BAU";"EUR/kWh";2035;"0.076";"Sensitivity | Current Policies | Urban depot-only charging";"Electricity"
"OPEX";"Electricity";"NL";"Electricity Price";"Rigid";"BAU";"EUR/kWh";2035;"0.076";"Sensitivity | Current Policies | Urban depot-only charging";"Electricity"
"OPEX";"Electricity";"NL";"Electricity Price";"Tractor-Trailer";"BAU";"EUR/kWh";2035;"0.076";"Sensitivity | Current Policies | Urban depot-only charging";"Electricity"
"OPEX";"Electricity";"PL";"Electricity Price";"Rigid";"BAU";"EUR/kWh";2035;"0.076";"Sensitivity | Current Policies | Urban depot-only charging";"Electricity"
"OPEX";"Electricity";"PL";"Electricity Price";"Tractor-Trailer";"BAU";"EUR/kWh";2035;"0.076";"Sensitivity | Current Policies | Urban depot-only charging";"Electricity"
"OPEX";"Electricity";"UK";"Electricity Price";"Rigid";"BAU";"EUR/kWh";2035;"0.076";"Sensitivity | Current Policies | Urban depot-only charging";"Electricity"
"OPEX";"Electricity";"UK";"Electricity Price";"Tractor-Trailer";"BAU";"EUR/kWh";2035;"0.076";"Sensitivity | Current Policies | Urban depot-only charging";"Electricity"
"OPEX";"Hydrogen";"DE";"Hydrogen Price";"Rigid";"BAU";"EUR/kWh";2035;"0.151";"Sensitivity | Current Policies | Urban depot-only charging";"Hydrogen"
"OPEX";"Hydrogen";"DE";"Hydrogen Price";"Tractor-Trailer";"BAU";"EUR/kWh";2035;"0.151";"Sensitivity | Current Policies | Urban depot-only charging";"Hydrogen"
"OPEX";"Hydrogen";"ES";"Hydrogen Price";"Rigid";"BAU";"EUR/kWh";2035;"0.151";"Sensitivity | Current Policies | Urban depot-only charging";"Hydrogen"
"OPEX";"Hydrogen";"ES";"Hydrogen Price";"Tractor-Trailer";"BAU";"EUR/kWh";2035;"0.151";"Sensitivity | Current Policies | Urban depot-only charging";"Hydrogen"
"OPEX";"Hydrogen";"FR";"Hydrogen Price";"Rigid";"BAU";"EUR/kWh";2035;"0.151";"Sensitivity | Current Policies | Urban depot-only charging";"Hydrogen"
"OPEX";"Hydrogen";"FR";"Hydrogen Price";"Tractor-Trailer";"BAU";"EUR/kWh";2035;"0.151";"Sensitivity | Current Policies | Urban depot-only charging";"Hydrogen"
"OPEX";"Hydrogen";"IT";"Hydrogen Price";"Rigid";"BAU";"EUR/kWh";2035;"0.151";"Sensitivity | Current Policies | Urban depot-only charging";"Hydrogen"
"OPEX";"Hydrogen";"IT";"Hydrogen Price";"Tractor-Trailer";"BAU";"EUR/kWh";2035;"0.151";"Sensitivity | Current Policies | Urban depot-only charging";"Hydrogen"
"OPEX";"Hydrogen";"NL";"Hydrogen Price";"Rigid";"BAU";"EUR/kWh";2035;"0.151";"Sensitivity | Current Policies | Urban depot-only charging";"Hydrogen"
"OPEX";"Hydrogen";"NL";"Hydrogen Price";"Tractor-Trailer";"BAU";"EUR/kWh";2035;"0.151";"Sensitivity | Current Policies | Urban depot-only charging";"Hydrogen"
"OPEX";"Hydrogen";"PL";"Hydrogen Price";"Rigid";"BAU";"EUR/kWh";2035;"0.151";"Sensitivity | Current Policies | Urban depot-only charging";"Hydrogen"
"OPEX";"Hydrogen";"PL";"Hydrogen Price";"Tractor-Trailer";"BAU";"EUR/kWh";2035;"0.151";"Sensitivity | Current Policies | Urban depot-only charging";"Hydrogen"
"OPEX";"Hydrogen";"UK";"Hydrogen Price";"Rigid";"BAU";"EUR/kWh";2035;"0.151";"Sensitivity | Current Policies | Urban depot-only charging";"Hydrogen"
"OPEX";"Hydrogen";"UK";"Hydrogen Price";"Tractor-Trailer";"BAU";"EUR/kWh";2035;"0.151";"Sensitivity | Current Policies | Urban depot-only charging";"Hydrogen"
"OPEX";"Diesel";"FR";"Biodiesel Price";"Rigid";"BAU";"EUR/kWh";2040;"0.172";"Sensitivity | Current Policies | Urban depot-only charging";"Diesel"
"OPEX";"Diesel";"FR";"Biodiesel Price";"Tractor-Trailer";"BAU";"EUR/kWh";2040;"0.172";"Sensitivity | Current Policies | Urban depot-only charging";"Diesel"
"OPEX";"Diesel";"DE";"Biodiesel Price";"Rigid";"BAU";"EUR/kWh";2040;"0.172";"Sensitivity | Current Policies | Urban depot-only charging";"Diesel"
"OPEX";"Diesel";"DE";"Biodiesel Price";"Tractor-Trailer";"BAU";"EUR/kWh";2040;"0.172";"Sensitivity | Current Policies | Urban depot-only charging";"Diesel"
"OPEX";"Diesel";"ES";"Biodiesel Price";"Rigid";"BAU";"EUR/kWh";2040;"0.172";"Sensitivity | Current Policies | Urban depot-only charging";"Diesel"
"OPEX";"Diesel";"ES";"Biodiesel Price";"Tractor-Trailer";"BAU";"EUR/kWh";2040;"0.172";"Sensitivity | Current Policies | Urban depot-only charging";"Diesel"
"OPEX";"Diesel";"IT";"Biodiesel Price";"Rigid";"BAU";"EUR/kWh";2040;"0.172";"Sensitivity | Current Policies | Urban depot-only charging";"Diesel"
"OPEX";"Diesel";"IT";"Biodiesel Price";"Tractor-Trailer";"BAU";"EUR/kWh";2040;"0.172";"Sensitivity | Current Policies | Urban depot-only charging";"Diesel"
"OPEX";"Diesel";"NL";"Biodiesel Price";"Rigid";"BAU";"EUR/kWh";2040;"0.172";"Sensitivity | Current Policies | Urban depot-only charging";"Diesel"
"OPEX";"Diesel";"NL";"Biodiesel Price";"Tractor-Trailer";"BAU";"EUR/kWh";2040;"0.172";"Sensitivity | Current Policies | Urban depot-only charging";"Diesel"
"OPEX";"Diesel";"PL";"Biodiesel Price";"Rigid";"BAU";"EUR/kWh";2040;"0.172";"Sensitivity | Current Policies | Urban depot-only charging";"Diesel"
"OPEX";"Diesel";"PL";"Biodiesel Price";"Tractor-Trailer";"BAU";"EUR/kWh";2040;"0.172";"Sensitivity | Current Policies | Urban depot-only charging";"Diesel"
"OPEX";"Diesel";"UK";"Biodiesel Price";"Rigid";"BAU";"EUR/kWh";2040;"0.172";"Sensitivity | Current Policies | Urban depot-only charging";"Diesel"
"OPEX";"Diesel";"UK";"Biodiesel Price";"Tractor-Trailer";"BAU";"EUR/kWh";2040;"0.172";"Sensitivity | Current Policies | Urban depot-only charging";"Diesel"
"OPEX";"Diesel";"DE";"Pt-Diesel Price";"Rigid";"BAU";"EUR/kWh";2040;"0.218";"Sensitivity | Current Policies | Urban depot-only charging";"Diesel"
"OPEX";"Diesel";"DE";"Pt-Diesel Price";"Tractor-Trailer";"BAU";"EUR/kWh";2040;"0.218";"Sensitivity | Current Policies | Urban depot-only charging";"Diesel"
"OPEX";"Diesel";"ES";"Pt-Diesel Price";"Rigid";"BAU";"EUR/kWh";2040;"0.218";"Sensitivity | Current Policies | Urban depot-only charging";"Diesel"
"OPEX";"Diesel";"ES";"Pt-Diesel Price";"Tractor-Trailer";"BAU";"EUR/kWh";2040;"0.218";"Sensitivity | Current Policies | Urban depot-only charging";"Diesel"
"OPEX";"Diesel";"FR";"Pt-Diesel Price";"Rigid";"BAU";"EUR/kWh";2040;"0.218";"Sensitivity | Current Policies | Urban depot-only charging";"Diesel"
"OPEX";"Diesel";"FR";"Pt-Diesel Price";"Tractor-Trailer";"BAU";"EUR/kWh";2040;"0.218";"Sensitivity | Current Policies | Urban depot-only charging";"Diesel"
"OPEX";"Diesel";"IT";"Pt-Diesel Price";"Rigid";"BAU";"EUR/kWh";2040;"0.218";"Sensitivity | Current Policies | Urban depot-only charging";"Diesel"
"OPEX";"Diesel";"IT";"Pt-Diesel Price";"Tractor-Trailer";"BAU";"EUR/kWh";2040;"0.218";"Sensitivity | Current Policies | Urban depot-only charging";"Diesel"
"OPEX";"Diesel";"NL";"Pt-Diesel Price";"Rigid";"BAU";"EUR/kWh";2040;"0.218";"Sensitivity | Current Policies | Urban depot-only charging";"Diesel"
"OPEX";"Diesel";"NL";"Pt-Diesel Price";"Tractor-Trailer";"BAU";"EUR/kWh";2040;"0.218";"Sensitivity | Current Policies | Urban depot-only charging";"Diesel"
"OPEX";"Diesel";"PL";"Pt-Diesel Price";"Rigid";"BAU";"EUR/kWh";2040;"0.218";"Sensitivity | Current Policies | Urban depot-only charging";"Diesel"
"OPEX";"Diesel";"PL";"Pt-Diesel Price";"Tractor-Trailer";"BAU";"EUR/kWh";2040;"0.218";"Sensitivity | Current Policies | Urban depot-only charging";"Diesel"
"OPEX";"Diesel";"UK";"Pt-Diesel Price";"Rigid";"BAU";"EUR/kWh";2040;"0.218";"Sensitivity | Current Policies | Urban depot-only charging";"Diesel"
"OPEX";"Diesel";"UK";"Pt-Diesel Price";"Tractor-Trailer";"BAU";"EUR/kWh";2040;"0.218";"Sensitivity | Current Policies | Urban depot-only charging";"Diesel"
"OPEX";"Electricity";"DE";"Electricity Price";"Rigid";"BAU";"EUR/kWh";2040;"0.071";"Sensitivity | Current Policies | Urban depot-only charging";"Electricity"
"OPEX";"Electricity";"DE";"Electricity Price";"Tractor-Trailer";"BAU";"EUR/kWh";2040;"0.071";"Sensitivity | Current Policies | Urban depot-only charging";"Electricity"
"OPEX";"Electricity";"ES";"Electricity Price";"Rigid";"BAU";"EUR/kWh";2040;"0.071";"Sensitivity | Current Policies | Urban depot-only charging";"Electricity"
"OPEX";"Electricity";"ES";"Electricity Price";"Tractor-Trailer";"BAU";"EUR/kWh";2040;"0.071";"Sensitivity | Current Policies | Urban depot-only charging";"Electricity"
"OPEX";"Electricity";"FR";"Electricity Price";"Rigid";"BAU";"EUR/kWh";2040;"0.071";"Sensitivity | Current Policies | Urban depot-only charging";"Electricity"
"OPEX";"Electricity";"FR";"Electricity Price";"Tractor-Trailer";"BAU";"EUR/kWh";2040;"0.071";"Sensitivity | Current Policies | Urban depot-only charging";"Electricity"
"OPEX";"Electricity";"IT";"Electricity Price";"Rigid";"BAU";"EUR/kWh";2040;"0.071";"Sensitivity | Current Policies | Urban depot-only charging";"Electricity"
"OPEX";"Electricity";"IT";"Electricity Price";"Tractor-Trailer";"BAU";"EUR/kWh";2040;"0.071";"Sensitivity | Current Policies | Urban depot-only charging";"Electricity"
"OPEX";"Electricity";"NL";"Electricity Price";"Rigid";"BAU";"EUR/kWh";2040;"0.071";"Sensitivity | Current Policies | Urban depot-only charging";"Electricity"
"OPEX";"Electricity";"NL";"Electricity Price";"Tractor-Trailer";"BAU";"EUR/kWh";2040;"0.071";"Sensitivity | Current Policies | Urban depot-only charging";"Electricity"
"OPEX";"Electricity";"PL";"Electricity Price";"Rigid";"BAU";"EUR/kWh";2040;"0.071";"Sensitivity | Current Policies | Urban depot-only charging";"Electricity"
"OPEX";"Electricity";"PL";"Electricity Price";"Tractor-Trailer";"BAU";"EUR/kWh";2040;"0.071";"Sensitivity | Current Policies | Urban depot-only charging";"Electricity"
"OPEX";"Electricity";"UK";"Electricity Price";"Rigid";"BAU";"EUR/kWh";2040;"0.071";"Sensitivity | Current Policies | Urban depot-only charging";"Electricity"
"OPEX";"Electricity";"UK";"Electricity Price";"Tractor-Trailer";"BAU";"EUR/kWh";2040;"0.071";"Sensitivity | Current Policies | Urban depot-only charging";"Electricity"
"OPEX";"Hydrogen";"DE";"Hydrogen Price";"Rigid";"BAU";"EUR/kWh";2040;"0.134";"Sensitivity | Current Policies | Urban depot-only charging";"Hydrogen"
"OPEX";"Hydrogen";"DE";"Hydrogen Price";"Tractor-Trailer";"BAU";"EUR/kWh";2040;"0.134";"Sensitivity | Current Policies | Urban depot-only charging";"Hydrogen"
"OPEX";"Hydrogen";"ES";"Hydrogen Price";"Rigid";"BAU";"EUR/kWh";2040;"0.134";"Sensitivity | Current Policies | Urban depot-only charging";"Hydrogen"
"OPEX";"Hydrogen";"ES";"Hydrogen Price";"Tractor-Trailer";"BAU";"EUR/kWh";2040;"0.134";"Sensitivity | Current Policies | Urban depot-only charging";"Hydrogen"
"OPEX";"Hydrogen";"FR";"Hydrogen Price";"Rigid";"BAU";"EUR/kWh";2040;"0.134";"Sensitivity | Current Policies | Urban depot-only charging";"Hydrogen"
"OPEX";"Hydrogen";"FR";"Hydrogen Price";"Tractor-Trailer";"BAU";"EUR/kWh";2040;"0.134";"Sensitivity | Current Policies | Urban depot-only charging";"Hydrogen"
"OPEX";"Hydrogen";"IT";"Hydrogen Price";"Rigid";"BAU";"EUR/kWh";2040;"0.134";"Sensitivity | Current Policies | Urban depot-only charging";"Hydrogen"
"OPEX";"Hydrogen";"IT";"Hydrogen Price";"Tractor-Trailer";"BAU";"EUR/kWh";2040;"0.134";"Sensitivity | Current Policies | Urban depot-only charging";"Hydrogen"
"OPEX";"Hydrogen";"NL";"Hydrogen Price";"Rigid";"BAU";"EUR/kWh";2040;"0.134";"Sensitivity | Current Policies | Urban depot-only charging";"Hydrogen"
"OPEX";"Hydrogen";"NL";"Hydrogen Price";"Tractor-Trailer";"BAU";"EUR/kWh";2040;"0.134";"Sensitivity | Current Policies | Urban depot-only charging";"Hydrogen"
"OPEX";"Hydrogen";"PL";"Hydrogen Price";"Rigid";"BAU";"EUR/kWh";2040;"0.134";"Sensitivity | Current Policies | Urban depot-only charging";"Hydrogen"
"OPEX";"Hydrogen";"PL";"Hydrogen Price";"Tractor-Trailer";"BAU";"EUR/kWh";2040;"0.134";"Sensitivity | Current Policies | Urban depot-only charging";"Hydrogen"
"OPEX";"Hydrogen";"UK";"Hydrogen Price";"Rigid";"BAU";"EUR/kWh";2040;"0.134";"Sensitivity | Current Policies | Urban depot-only charging";"Hydrogen"
"OPEX";"Hydrogen";"UK";"Hydrogen Price";"Tractor-Trailer";"BAU";"EUR/kWh";2040;"0.134";"Sensitivity | Current Policies | Urban depot-only charging";"Hydrogen"
"OPEX";"Diesel";"FR";"Biodiesel Price";"Rigid";"BAU";"EUR/kWh";2045;"0.17";"Sensitivity | Current Policies | Urban depot-only charging";"Diesel"
"OPEX";"Diesel";"FR";"Biodiesel Price";"Tractor-Trailer";"BAU";"EUR/kWh";2045;"0.17";"Sensitivity | Current Policies | Urban depot-only charging";"Diesel"
"OPEX";"Diesel";"DE";"Biodiesel Price";"Rigid";"BAU";"EUR/kWh";2045;"0.17";"Sensitivity | Current Policies | Urban depot-only charging";"Diesel"
"OPEX";"Diesel";"DE";"Biodiesel Price";"Tractor-Trailer";"BAU";"EUR/kWh";2045;"0.17";"Sensitivity | Current Policies | Urban depot-only charging";"Diesel"
"OPEX";"Diesel";"ES";"Biodiesel Price";"Rigid";"BAU";"EUR/kWh";2045;"0.17";"Sensitivity | Current Policies | Urban depot-only charging";"Diesel"
"OPEX";"Diesel";"ES";"Biodiesel Price";"Tractor-Trailer";"BAU";"EUR/kWh";2045;"0.17";"Sensitivity | Current Policies | Urban depot-only charging";"Diesel"
"OPEX";"Diesel";"IT";"Biodiesel Price";"Rigid";"BAU";"EUR/kWh";2045;"0.17";"Sensitivity | Current Policies | Urban depot-only charging";"Diesel"
"OPEX";"Diesel";"IT";"Biodiesel Price";"Tractor-Trailer";"BAU";"EUR/kWh";2045;"0.17";"Sensitivity | Current Policies | Urban depot-only charging";"Diesel"
"OPEX";"Diesel";"NL";"Biodiesel Price";"Rigid";"BAU";"EUR/kWh";2045;"0.17";"Sensitivity | Current Policies | Urban depot-only charging";"Diesel"
"OPEX";"Diesel";"NL";"Biodiesel Price";"Tractor-Trailer";"BAU";"EUR/kWh";2045;"0.17";"Sensitivity | Current Policies | Urban depot-only charging";"Diesel"
"OPEX";"Diesel";"PL";"Biodiesel Price";"Rigid";"BAU";"EUR/kWh";2045;"0.17";"Sensitivity | Current Policies | Urban depot-only charging";"Diesel"
"OPEX";"Diesel";"PL";"Biodiesel Price";"Tractor-Trailer";"BAU";"EUR/kWh";2045;"0.17";"Sensitivity | Current Policies | Urban depot-only charging";"Diesel"
"OPEX";"Diesel";"UK";"Biodiesel Price";"Rigid";"BAU";"EUR/kWh";2045;"0.17";"Sensitivity | Current Policies | Urban depot-only charging";"Diesel"
"OPEX";"Diesel";"UK";"Biodiesel Price";"Tractor-Trailer";"BAU";"EUR/kWh";2045;"0.17";"Sensitivity | Current Policies | Urban depot-only charging";"Diesel"
"OPEX";"Diesel";"DE";"Pt-Diesel Price";"Rigid";"BAU";"EUR/kWh";2045;"0.196";"Sensitivity | Current Policies | Urban depot-only charging";"Diesel"
"OPEX";"Diesel";"DE";"Pt-Diesel Price";"Tractor-Trailer";"BAU";"EUR/kWh";2045;"0.196";"Sensitivity | Current Policies | Urban depot-only charging";"Diesel"
"OPEX";"Diesel";"ES";"Pt-Diesel Price";"Rigid";"BAU";"EUR/kWh";2045;"0.196";"Sensitivity | Current Policies | Urban depot-only charging";"Diesel"
"OPEX";"Diesel";"ES";"Pt-Diesel Price";"Tractor-Trailer";"BAU";"EUR/kWh";2045;"0.196";"Sensitivity | Current Policies | Urban depot-only charging";"Diesel"
"OPEX";"Diesel";"FR";"Pt-Diesel Price";"Rigid";"BAU";"EUR/kWh";2045;"0.196";"Sensitivity | Current Policies | Urban depot-only charging";"Diesel"
"OPEX";"Diesel";"FR";"Pt-Diesel Price";"Tractor-Trailer";"BAU";"EUR/kWh";2045;"0.196";"Sensitivity | Current Policies | Urban depot-only charging";"Diesel"
"OPEX";"Diesel";"IT";"Pt-Diesel Price";"Rigid";"BAU";"EUR/kWh";2045;"0.196";"Sensitivity | Current Policies | Urban depot-only charging";"Diesel"
"OPEX";"Diesel";"IT";"Pt-Diesel Price";"Tractor-Trailer";"BAU";"EUR/kWh";2045;"0.196";"Sensitivity | Current Policies | Urban depot-only charging";"Diesel"
"OPEX";"Diesel";"NL";"Pt-Diesel Price";"Rigid";"BAU";"EUR/kWh";2045;"0.196";"Sensitivity | Current Policies | Urban depot-only charging";"Diesel"
"OPEX";"Diesel";"NL";"Pt-Diesel Price";"Tractor-Trailer";"BAU";"EUR/kWh";2045;"0.196";"Sensitivity | Current Policies | Urban depot-only charging";"Diesel"
"OPEX";"Diesel";"PL";"Pt-Diesel Price";"Rigid";"BAU";"EUR/kWh";2045;"0.196";"Sensitivity | Current Policies | Urban depot-only charging";"Diesel"
"OPEX";"Diesel";"PL";"Pt-Diesel Price";"Tractor-Trailer";"BAU";"EUR/kWh";2045;"0.196";"Sensitivity | Current Policies | Urban depot-only charging";"Diesel"
"OPEX";"Diesel";"UK";"Pt-Diesel Price";"Rigid";"BAU";"EUR/kWh";2045;"0.196";"Sensitivity | Current Policies | Urban depot-only charging";"Diesel"
"OPEX";"Diesel";"UK";"Pt-Diesel Price";"Tractor-Trailer";"BAU";"EUR/kWh";2045;"0.196";"Sensitivity | Current Policies | Urban depot-only charging";"Diesel"
"OPEX";"Electricity";"DE";"Electricity Price";"Rigid";"BAU";"EUR/kWh";2045;"0.07";"Sensitivity | Current Policies | Urban depot-only charging";"Electricity"
"OPEX";"Electricity";"DE";"Electricity Price";"Tractor-Trailer";"BAU";"EUR/kWh";2045;"0.07";"Sensitivity | Current Policies | Urban depot-only charging";"Electricity"
"OPEX";"Electricity";"ES";"Electricity Price";"Rigid";"BAU";"EUR/kWh";2045;"0.07";"Sensitivity | Current Policies | Urban depot-only charging";"Electricity"
"OPEX";"Electricity";"ES";"Electricity Price";"Tractor-Trailer";"BAU";"EUR/kWh";2045;"0.07";"Sensitivity | Current Policies | Urban depot-only charging";"Electricity"
"OPEX";"Electricity";"FR";"Electricity Price";"Rigid";"BAU";"EUR/kWh";2045;"0.07";"Sensitivity | Current Policies | Urban depot-only charging";"Electricity"
"OPEX";"Electricity";"FR";"Electricity Price";"Tractor-Trailer";"BAU";"EUR/kWh";2045;"0.07";"Sensitivity | Current Policies | Urban depot-only charging";"Electricity"
"OPEX";"Electricity";"IT";"Electricity Price";"Rigid";"BAU";"EUR/kWh";2045;"0.07";"Sensitivity | Current Policies | Urban depot-only charging";"Electricity"
"OPEX";"Electricity";"IT";"Electricity Price";"Tractor-Trailer";"BAU";"EUR/kWh";2045;"0.07";"Sensitivity | Current Policies | Urban depot-only charging";"Electricity"
"OPEX";"Electricity";"NL";"Electricity Price";"Rigid";"BAU";"EUR/kWh";2045;"0.07";"Sensitivity | Current Policies | Urban depot-only charging";"Electricity"
"OPEX";"Electricity";"NL";"Electricity Price";"Tractor-Trailer";"BAU";"EUR/kWh";2045;"0.07";"Sensitivity | Current Policies | Urban depot-only charging";"Electricity"
"OPEX";"Electricity";"PL";"Electricity Price";"Rigid";"BAU";"EUR/kWh";2045;"0.07";"Sensitivity | Current Policies | Urban depot-only charging";"Electricity"
"OPEX";"Electricity";"PL";"Electricity Price";"Tractor-Trailer";"BAU";"EUR/kWh";2045;"0.07";"Sensitivity | Current Policies | Urban depot-only charging";"Electricity"
"OPEX";"Electricity";"UK";"Electricity Price";"Rigid";"BAU";"EUR/kWh";2045;"0.07";"Sensitivity | Current Policies | Urban depot-only charging";"Electricity"
"OPEX";"Electricity";"UK";"Electricity Price";"Tractor-Trailer";"BAU";"EUR/kWh";2045;"0.07";"Sensitivity | Current Policies | Urban depot-only charging";"Electricity"
"OPEX";"Hydrogen";"DE";"Hydrogen Price";"Rigid";"BAU";"EUR/kWh";2045;"0.118";"Sensitivity | Current Policies | Urban depot-only charging";"Hydrogen"
"OPEX";"Hydrogen";"DE";"Hydrogen Price";"Tractor-Trailer";"BAU";"EUR/kWh";2045;"0.118";"Sensitivity | Current Policies | Urban depot-only charging";"Hydrogen"
"OPEX";"Hydrogen";"ES";"Hydrogen Price";"Rigid";"BAU";"EUR/kWh";2045;"0.118";"Sensitivity | Current Policies | Urban depot-only charging";"Hydrogen"
"OPEX";"Hydrogen";"ES";"Hydrogen Price";"Tractor-Trailer";"BAU";"EUR/kWh";2045;"0.118";"Sensitivity | Current Policies | Urban depot-only charging";"Hydrogen"
"OPEX";"Hydrogen";"FR";"Hydrogen Price";"Rigid";"BAU";"EUR/kWh";2045;"0.118";"Sensitivity | Current Policies | Urban depot-only charging";"Hydrogen"
"OPEX";"Hydrogen";"FR";"Hydrogen Price";"Tractor-Trailer";"BAU";"EUR/kWh";2045;"0.118";"Sensitivity | Current Policies | Urban depot-only charging";"Hydrogen"
"OPEX";"Hydrogen";"IT";"Hydrogen Price";"Rigid";"BAU";"EUR/kWh";2045;"0.118";"Sensitivity | Current Policies | Urban depot-only charging";"Hydrogen"
"OPEX";"Hydrogen";"IT";"Hydrogen Price";"Tractor-Trailer";"BAU";"EUR/kWh";2045;"0.118";"Sensitivity | Current Policies | Urban depot-only charging";"Hydrogen"
"OPEX";"Hydrogen";"NL";"Hydrogen Price";"Rigid";"BAU";"EUR/kWh";2045;"0.118";"Sensitivity | Current Policies | Urban depot-only charging";"Hydrogen"
"OPEX";"Hydrogen";"NL";"Hydrogen Price";"Tractor-Trailer";"BAU";"EUR/kWh";2045;"0.118";"Sensitivity | Current Policies | Urban depot-only charging";"Hydrogen"
"OPEX";"Hydrogen";"PL";"Hydrogen Price";"Rigid";"BAU";"EUR/kWh";2045;"0.118";"Sensitivity | Current Policies | Urban depot-only charging";"Hydrogen"
"OPEX";"Hydrogen";"PL";"Hydrogen Price";"Tractor-Trailer";"BAU";"EUR/kWh";2045;"0.118";"Sensitivity | Current Policies | Urban depot-only charging";"Hydrogen"
"OPEX";"Hydrogen";"UK";"Hydrogen Price";"Rigid";"BAU";"EUR/kWh";2045;"0.118";"Sensitivity | Current Policies | Urban depot-only charging";"Hydrogen"
"OPEX";"Hydrogen";"UK";"Hydrogen Price";"Tractor-Trailer";"BAU";"EUR/kWh";2045;"0.118";"Sensitivity | Current Policies | Urban depot-only charging";"Hydrogen"
"OPEX";"Diesel";"FR";"Biodiesel Price";"Rigid";"BAU";"EUR/kWh";2050;"0.152";"Sensitivity | Current Policies | Urban depot-only charging";"Diesel"
"OPEX";"Diesel";"FR";"Biodiesel Price";"Tractor-Trailer";"BAU";"EUR/kWh";2050;"0.152";"Sensitivity | Current Policies | Urban depot-only charging";"Diesel"
"OPEX";"Diesel";"DE";"Biodiesel Price";"Rigid";"BAU";"EUR/kWh";2050;"0.152";"Sensitivity | Current Policies | Urban depot-only charging";"Diesel"
"OPEX";"Diesel";"DE";"Biodiesel Price";"Tractor-Trailer";"BAU";"EUR/kWh";2050;"0.152";"Sensitivity | Current Policies | Urban depot-only charging";"Diesel"
"OPEX";"Diesel";"ES";"Biodiesel Price";"Rigid";"BAU";"EUR/kWh";2050;"0.152";"Sensitivity | Current Policies | Urban depot-only charging";"Diesel"
"OPEX";"Diesel";"ES";"Biodiesel Price";"Tractor-Trailer";"BAU";"EUR/kWh";2050;"0.152";"Sensitivity | Current Policies | Urban depot-only charging";"Diesel"
"OPEX";"Diesel";"IT";"Biodiesel Price";"Rigid";"BAU";"EUR/kWh";2050;"0.152";"Sensitivity | Current Policies | Urban depot-only charging";"Diesel"
"OPEX";"Diesel";"IT";"Biodiesel Price";"Tractor-Trailer";"BAU";"EUR/kWh";2050;"0.152";"Sensitivity | Current Policies | Urban depot-only charging";"Diesel"
"OPEX";"Diesel";"NL";"Biodiesel Price";"Rigid";"BAU";"EUR/kWh";2050;"0.152";"Sensitivity | Current Policies | Urban depot-only charging";"Diesel"
"OPEX";"Diesel";"NL";"Biodiesel Price";"Tractor-Trailer";"BAU";"EUR/kWh";2050;"0.152";"Sensitivity | Current Policies | Urban depot-only charging";"Diesel"
"OPEX";"Diesel";"PL";"Biodiesel Price";"Rigid";"BAU";"EUR/kWh";2050;"0.152";"Sensitivity | Current Policies | Urban depot-only charging";"Diesel"
"OPEX";"Diesel";"PL";"Biodiesel Price";"Tractor-Trailer";"BAU";"EUR/kWh";2050;"0.152";"Sensitivity | Current Policies | Urban depot-only charging";"Diesel"
"OPEX";"Diesel";"UK";"Biodiesel Price";"Rigid";"BAU";"EUR/kWh";2050;"0.152";"Sensitivity | Current Policies | Urban depot-only charging";"Diesel"
"OPEX";"Diesel";"UK";"Biodiesel Price";"Tractor-Trailer";"BAU";"EUR/kWh";2050;"0.152";"Sensitivity | Current Policies | Urban depot-only charging";"Diesel"
"OPEX";"Diesel";"DE";"Pt-Diesel Price";"Rigid";"BAU";"EUR/kWh";2050;"0.175";"Sensitivity | Current Policies | Urban depot-only charging";"Diesel"
"OPEX";"Diesel";"DE";"Pt-Diesel Price";"Tractor-Trailer";"BAU";"EUR/kWh";2050;"0.175";"Sensitivity | Current Policies | Urban depot-only charging";"Diesel"
"OPEX";"Diesel";"ES";"Pt-Diesel Price";"Rigid";"BAU";"EUR/kWh";2050;"0.175";"Sensitivity | Current Policies | Urban depot-only charging";"Diesel"
"OPEX";"Diesel";"ES";"Pt-Diesel Price";"Tractor-Trailer";"BAU";"EUR/kWh";2050;"0.175";"Sensitivity | Current Policies | Urban depot-only charging";"Diesel"
"OPEX";"Diesel";"FR";"Pt-Diesel Price";"Rigid";"BAU";"EUR/kWh";2050;"0.175";"Sensitivity | Current Policies | Urban depot-only charging";"Diesel"
"OPEX";"Diesel";"FR";"Pt-Diesel Price";"Tractor-Trailer";"BAU";"EUR/kWh";2050;"0.175";"Sensitivity | Current Policies | Urban depot-only charging";"Diesel"
"OPEX";"Diesel";"IT";"Pt-Diesel Price";"Rigid";"BAU";"EUR/kWh";2050;"0.175";"Sensitivity | Current Policies | Urban depot-only charging";"Diesel"
"OPEX";"Diesel";"IT";"Pt-Diesel Price";"Tractor-Trailer";"BAU";"EUR/kWh";2050;"0.175";"Sensitivity | Current Policies | Urban depot-only charging";"Diesel"
"OPEX";"Diesel";"NL";"Pt-Diesel Price";"Rigid";"BAU";"EUR/kWh";2050;"0.175";"Sensitivity | Current Policies | Urban depot-only charging";"Diesel"
"OPEX";"Diesel";"NL";"Pt-Diesel Price";"Tractor-Trailer";"BAU";"EUR/kWh";2050;"0.175";"Sensitivity | Current Policies | Urban depot-only charging";"Diesel"
"OPEX";"Diesel";"PL";"Pt-Diesel Price";"Rigid";"BAU";"EUR/kWh";2050;"0.175";"Sensitivity | Current Policies | Urban depot-only charging";"Diesel"
"OPEX";"Diesel";"PL";"Pt-Diesel Price";"Tractor-Trailer";"BAU";"EUR/kWh";2050;"0.175";"Sensitivity | Current Policies | Urban depot-only charging";"Diesel"
"OPEX";"Diesel";"UK";"Pt-Diesel Price";"Rigid";"BAU";"EUR/kWh";2050;"0.175";"Sensitivity | Current Policies | Urban depot-only charging";"Diesel"
"OPEX";"Diesel";"UK";"Pt-Diesel Price";"Tractor-Trailer";"BAU";"EUR/kWh";2050;"0.175";"Sensitivity | Current Policies | Urban depot-only charging";"Diesel"
"OPEX";"Electricity";"DE";"Electricity Price";"Rigid";"BAU";"EUR/kWh";2050;"0.07";"Sensitivity | Current Policies | Urban depot-only charging";"Electricity"
"OPEX";"Electricity";"DE";"Electricity Price";"Tractor-Trailer";"BAU";"EUR/kWh";2050;"0.07";"Sensitivity | Current Policies | Urban depot-only charging";"Electricity"
"OPEX";"Electricity";"ES";"Electricity Price";"Rigid";"BAU";"EUR/kWh";2050;"0.07";"Sensitivity | Current Policies | Urban depot-only charging";"Electricity"
"OPEX";"Electricity";"ES";"Electricity Price";"Tractor-Trailer";"BAU";"EUR/kWh";2050;"0.07";"Sensitivity | Current Policies | Urban depot-only charging";"Electricity"
"OPEX";"Electricity";"FR";"Electricity Price";"Rigid";"BAU";"EUR/kWh";2050;"0.07";"Sensitivity | Current Policies | Urban depot-only charging";"Electricity"
"OPEX";"Electricity";"FR";"Electricity Price";"Tractor-Trailer";"BAU";"EUR/kWh";2050;"0.07";"Sensitivity | Current Policies | Urban depot-only charging";"Electricity"
"OPEX";"Electricity";"IT";"Electricity Price";"Rigid";"BAU";"EUR/kWh";2050;"0.07";"Sensitivity | Current Policies | Urban depot-only charging";"Electricity"
"OPEX";"Electricity";"IT";"Electricity Price";"Tractor-Trailer";"BAU";"EUR/kWh";2050;"0.07";"Sensitivity | Current Policies | Urban depot-only charging";"Electricity"
"OPEX";"Electricity";"NL";"Electricity Price";"Rigid";"BAU";"EUR/kWh";2050;"0.07";"Sensitivity | Current Policies | Urban depot-only charging";"Electricity"
"OPEX";"Electricity";"NL";"Electricity Price";"Tractor-Trailer";"BAU";"EUR/kWh";2050;"0.07";"Sensitivity | Current Policies | Urban depot-only charging";"Electricity"
"OPEX";"Electricity";"PL";"Electricity Price";"Rigid";"BAU";"EUR/kWh";2050;"0.07";"Sensitivity | Current Policies | Urban depot-only charging";"Electricity"
"OPEX";"Electricity";"PL";"Electricity Price";"Tractor-Trailer";"BAU";"EUR/kWh";2050;"0.07";"Sensitivity | Current Policies | Urban depot-only charging";"Electricity"
"OPEX";"Electricity";"UK";"Electricity Price";"Rigid";"BAU";"EUR/kWh";2050;"0.07";"Sensitivity | Current Policies | Urban depot-only charging";"Electricity"
"OPEX";"Electricity";"UK";"Electricity Price";"Tractor-Trailer";"BAU";"EUR/kWh";2050;"0.07";"Sensitivity | Current Policies | Urban depot-only charging";"Electricity"
"OPEX";"Hydrogen";"DE";"Hydrogen Price";"Rigid";"BAU";"EUR/kWh";2050;"0.101";"Sensitivity | Current Policies | Urban depot-only charging";"Hydrogen"
"OPEX";"Hydrogen";"DE";"Hydrogen Price";"Tractor-Trailer";"BAU";"EUR/kWh";2050;"0.101";"Sensitivity | Current Policies | Urban depot-only charging";"Hydrogen"
"OPEX";"Hydrogen";"ES";"Hydrogen Price";"Rigid";"BAU";"EUR/kWh";2050;"0.101";"Sensitivity | Current Policies | Urban depot-only charging";"Hydrogen"
"OPEX";"Hydrogen";"ES";"Hydrogen Price";"Tractor-Trailer";"BAU";"EUR/kWh";2050;"0.101";"Sensitivity | Current Policies | Urban depot-only charging";"Hydrogen"
"OPEX";"Hydrogen";"FR";"Hydrogen Price";"Rigid";"BAU";"EUR/kWh";2050;"0.101";"Sensitivity | Current Policies | Urban depot-only charging";"Hydrogen"
"OPEX";"Hydrogen";"FR";"Hydrogen Price";"Tractor-Trailer";"BAU";"EUR/kWh";2050;"0.101";"Sensitivity | Current Policies | Urban depot-only charging";"Hydrogen"
"OPEX";"Hydrogen";"IT";"Hydrogen Price";"Rigid";"BAU";"EUR/kWh";2050;"0.101";"Sensitivity | Current Policies | Urban depot-only charging";"Hydrogen"
"OPEX";"Hydrogen";"IT";"Hydrogen Price";"Tractor-Trailer";"BAU";"EUR/kWh";2050;"0.101";"Sensitivity | Current Policies | Urban depot-only charging";"Hydrogen"
"OPEX";"Hydrogen";"NL";"Hydrogen Price";"Rigid";"BAU";"EUR/kWh";2050;"0.101";"Sensitivity | Current Policies | Urban depot-only charging";"Hydrogen"
"OPEX";"Hydrogen";"NL";"Hydrogen Price";"Tractor-Trailer";"BAU";"EUR/kWh";2050;"0.101";"Sensitivity | Current Policies | Urban depot-only charging";"Hydrogen"
"OPEX";"Hydrogen";"PL";"Hydrogen Price";"Rigid";"BAU";"EUR/kWh";2050;"0.101";"Sensitivity | Current Policies | Urban depot-only charging";"Hydrogen"
"OPEX";"Hydrogen";"PL";"Hydrogen Price";"Tractor-Trailer";"BAU";"EUR/kWh";2050;"0.101";"Sensitivity | Current Policies | Urban depot-only charging";"Hydrogen"
"OPEX";"Hydrogen";"UK";"Hydrogen Price";"Rigid";"BAU";"EUR/kWh";2050;"0.101";"Sensitivity | Current Policies | Urban depot-only charging";"Hydrogen"
"OPEX";"Hydrogen";"UK";"Hydrogen Price";"Tractor-Trailer";"BAU";"EUR/kWh";2050;"0.101";"Sensitivity | Current Policies | Urban depot-only charging";"Hydrogen"
"OPEX";"Diesel";"DE";"Share Biodiesel";"Rigid";"BAU";"%";2030;"0.14";"Sensitivity | Current Policies | Urban depot-only charging";"Diesel"
"OPEX";"Diesel";"DE";"Share Biodiesel";"Tractor-Trailer";"BAU";"%";2030;"0.14";"Sensitivity | Current Policies | Urban depot-only charging";"Diesel"
"OPEX";"Diesel";"ES";"Share Biodiesel";"Rigid";"BAU";"%";2030;"0.14";"Sensitivity | Current Policies | Urban depot-only charging";"Diesel"
"OPEX";"Diesel";"ES";"Share Biodiesel";"Tractor-Trailer";"BAU";"%";2030;"0.14";"Sensitivity | Current Policies | Urban depot-only charging";"Diesel"
"OPEX";"Diesel";"FR";"Share Biodiesel";"Rigid";"BAU";"%";2030;"0.14";"Sensitivity | Current Policies | Urban depot-only charging";"Diesel"
"OPEX";"Diesel";"FR";"Share Biodiesel";"Tractor-Trailer";"BAU";"%";2030;"0.14";"Sensitivity | Current Policies | Urban depot-only charging";"Diesel"
"OPEX";"Diesel";"IT";"Share Biodiesel";"Rigid";"BAU";"%";2030;"0.14";"Sensitivity | Current Policies | Urban depot-only charging";"Diesel"
"OPEX";"Diesel";"IT";"Share Biodiesel";"Tractor-Trailer";"BAU";"%";2030;"0.14";"Sensitivity | Current Policies | Urban depot-only charging";"Diesel"
"OPEX";"Diesel";"NL";"Share Biodiesel";"Rigid";"BAU";"%";2030;"0.14";"Sensitivity | Current Policies | Urban depot-only charging";"Diesel"
"OPEX";"Diesel";"NL";"Share Biodiesel";"Tractor-Trailer";"BAU";"%";2030;"0.14";"Sensitivity | Current Policies | Urban depot-only charging";"Diesel"
"OPEX";"Diesel";"PL";"Share Biodiesel";"Rigid";"BAU";"%";2030;"0.14";"Sensitivity | Current Policies | Urban depot-only charging";"Diesel"
"OPEX";"Diesel";"PL";"Share Biodiesel";"Tractor-Trailer";"BAU";"%";2030;"0.14";"Sensitivity | Current Policies | Urban depot-only charging";"Diesel"
"OPEX";"Diesel";"UK";"Share Biodiesel";"Rigid";"BAU";"%";2030;"0.14";"Sensitivity | Current Policies | Urban depot-only charging";"Diesel"
"OPEX";"Diesel";"UK";"Share Biodiesel";"Tractor-Trailer";"BAU";"%";2030;"0.14";"Sensitivity | Current Policies | Urban depot-only charging";"Diesel"
"OPEX";"Diesel";"DE";"Share Biodiesel";"Rigid";"BAU";"%";2035;"0.23";"Sensitivity | Current Policies | Urban depot-only charging";"Diesel"
"OPEX";"Diesel";"DE";"Share Biodiesel";"Tractor-Trailer";"BAU";"%";2035;"0.23";"Sensitivity | Current Policies | Urban depot-only charging";"Diesel"
"OPEX";"Diesel";"ES";"Share Biodiesel";"Rigid";"BAU";"%";2035;"0.23";"Sensitivity | Current Policies | Urban depot-only charging";"Diesel"
"OPEX";"Diesel";"ES";"Share Biodiesel";"Tractor-Trailer";"BAU";"%";2035;"0.23";"Sensitivity | Current Policies | Urban depot-only charging";"Diesel"
"OPEX";"Diesel";"FR";"Share Biodiesel";"Rigid";"BAU";"%";2035;"0.23";"Sensitivity | Current Policies | Urban depot-only charging";"Diesel"
"OPEX";"Diesel";"FR";"Share Biodiesel";"Tractor-Trailer";"BAU";"%";2035;"0.23";"Sensitivity | Current Policies | Urban depot-only charging";"Diesel"
"OPEX";"Diesel";"IT";"Share Biodiesel";"Rigid";"BAU";"%";2035;"0.23";"Sensitivity | Current Policies | Urban depot-only charging";"Diesel"
"OPEX";"Diesel";"IT";"Share Biodiesel";"Tractor-Trailer";"BAU";"%";2035;"0.23";"Sensitivity | Current Policies | Urban depot-only charging";"Diesel"
"OPEX";"Diesel";"NL";"Share Biodiesel";"Rigid";"BAU";"%";2035;"0.23";"Sensitivity | Current Policies | Urban depot-only charging";"Diesel"
"OPEX";"Diesel";"NL";"Share Biodiesel";"Tractor-Trailer";"BAU";"%";2035;"0.23";"Sensitivity | Current Policies | Urban depot-only charging";"Diesel"
"OPEX";"Diesel";"PL";"Share Biodiesel";"Rigid";"BAU";"%";2035;"0.23";"Sensitivity | Current Policies | Urban depot-only charging";"Diesel"
"OPEX";"Diesel";"PL";"Share Biodiesel";"Tractor-Trailer";"BAU";"%";2035;"0.23";"Sensitivity | Current Policies | Urban depot-only charging";"Diesel"
"OPEX";"Diesel";"UK";"Share Biodiesel";"Rigid";"BAU";"%";2035;"0.23";"Sensitivity | Current Policies | Urban depot-only charging";"Diesel"
"OPEX";"Diesel";"UK";"Share Biodiesel";"Tractor-Trailer";"BAU";"%";2035;"0.23";"Sensitivity | Current Policies | Urban depot-only charging";"Diesel"
"OPEX";"Diesel";"DE";"Share Biodiesel";"Rigid";"BAU";"%";2040;"0.45";"Sensitivity | Current Policies | Urban depot-only charging";"Diesel"
"OPEX";"Diesel";"DE";"Share Biodiesel";"Tractor-Trailer";"BAU";"%";2040;"0.45";"Sensitivity | Current Policies | Urban depot-only charging";"Diesel"
"OPEX";"Diesel";"ES";"Share Biodiesel";"Rigid";"BAU";"%";2040;"0.45";"Sensitivity | Current Policies | Urban depot-only charging";"Diesel"
"OPEX";"Diesel";"ES";"Share Biodiesel";"Tractor-Trailer";"BAU";"%";2040;"0.45";"Sensitivity | Current Policies | Urban depot-only charging";"Diesel"
"OPEX";"Diesel";"FR";"Share Biodiesel";"Rigid";"BAU";"%";2040;"0.45";"Sensitivity | Current Policies | Urban depot-only charging";"Diesel"
"OPEX";"Diesel";"FR";"Share Biodiesel";"Tractor-Trailer";"BAU";"%";2040;"0.45";"Sensitivity | Current Policies | Urban depot-only charging";"Diesel"
"OPEX";"Diesel";"IT";"Share Biodiesel";"Rigid";"BAU";"%";2040;"0.45";"Sensitivity | Current Policies | Urban depot-only charging";"Diesel"
"OPEX";"Diesel";"IT";"Share Biodiesel";"Tractor-Trailer";"BAU";"%";2040;"0.45";"Sensitivity | Current Policies | Urban depot-only charging";"Diesel"
"OPEX";"Diesel";"NL";"Share Biodiesel";"Rigid";"BAU";"%";2040;"0.45";"Sensitivity | Current Policies | Urban depot-only charging";"Diesel"
"OPEX";"Diesel";"NL";"Share Biodiesel";"Tractor-Trailer";"BAU";"%";2040;"0.45";"Sensitivity | Current Policies | Urban depot-only charging";"Diesel"
"OPEX";"Diesel";"PL";"Share Biodiesel";"Rigid";"BAU";"%";2040;"0.45";"Sensitivity | Current Policies | Urban depot-only charging";"Diesel"
"OPEX";"Diesel";"PL";"Share Biodiesel";"Tractor-Trailer";"BAU";"%";2040;"0.45";"Sensitivity | Current Policies | Urban depot-only charging";"Diesel"
"OPEX";"Diesel";"UK";"Share Biodiesel";"Rigid";"BAU";"%";2040;"0.45";"Sensitivity | Current Policies | Urban depot-only charging";"Diesel"
"OPEX";"Diesel";"UK";"Share Biodiesel";"Tractor-Trailer";"BAU";"%";2040;"0.45";"Sensitivity | Current Policies | Urban depot-only charging";"Diesel"
"OPEX";"Diesel";"DE";"Share Biodiesel";"Rigid";"BAU";"%";2045;"0.53";"Sensitivity | Current Policies | Urban depot-only charging";"Diesel"
"OPEX";"Diesel";"DE";"Share Biodiesel";"Tractor-Trailer";"BAU";"%";2045;"0.53";"Sensitivity | Current Policies | Urban depot-only charging";"Diesel"
"OPEX";"Diesel";"ES";"Share Biodiesel";"Rigid";"BAU";"%";2045;"0.53";"Sensitivity | Current Policies | Urban depot-only charging";"Diesel"
"OPEX";"Diesel";"ES";"Share Biodiesel";"Tractor-Trailer";"BAU";"%";2045;"0.53";"Sensitivity | Current Policies | Urban depot-only charging";"Diesel"
"OPEX";"Diesel";"FR";"Share Biodiesel";"Rigid";"BAU";"%";2045;"0.53";"Sensitivity | Current Policies | Urban depot-only charging";"Diesel"
"OPEX";"Diesel";"FR";"Share Biodiesel";"Tractor-Trailer";"BAU";"%";2045;"0.53";"Sensitivity | Current Policies | Urban depot-only charging";"Diesel"
"OPEX";"Diesel";"IT";"Share Biodiesel";"Rigid";"BAU";"%";2045;"0.53";"Sensitivity | Current Policies | Urban depot-only charging";"Diesel"
"OPEX";"Diesel";"IT";"Share Biodiesel";"Tractor-Trailer";"BAU";"%";2045;"0.53";"Sensitivity | Current Policies | Urban depot-only charging";"Diesel"
"OPEX";"Diesel";"NL";"Share Biodiesel";"Rigid";"BAU";"%";2045;"0.53";"Sensitivity | Current Policies | Urban depot-only charging";"Diesel"
"OPEX";"Diesel";"NL";"Share Biodiesel";"Tractor-Trailer";"BAU";"%";2045;"0.53";"Sensitivity | Current Policies | Urban depot-only charging";"Diesel"
"OPEX";"Diesel";"PL";"Share Biodiesel";"Rigid";"BAU";"%";2045;"0.53";"Sensitivity | Current Policies | Urban depot-only charging";"Diesel"
"OPEX";"Diesel";"PL";"Share Biodiesel";"Tractor-Trailer";"BAU";"%";2045;"0.53";"Sensitivity | Current Policies | Urban depot-only charging";"Diesel"
"OPEX";"Diesel";"UK";"Share Biodiesel";"Rigid";"BAU";"%";2045;"0.53";"Sensitivity | Current Policies | Urban depot-only charging";"Diesel"
"OPEX";"Diesel";"UK";"Share Biodiesel";"Tractor-Trailer";"BAU";"%";2045;"0.53";"Sensitivity | Current Policies | Urban depot-only charging";"Diesel"
"OPEX";"Diesel";"DE";"Share Biodiesel";"Rigid";"BAU";"%";2050;"0.51";"Sensitivity | Current Policies | Urban depot-only charging";"Diesel"
"OPEX";"Diesel";"DE";"Share Biodiesel";"Tractor-Trailer";"BAU";"%";2050;"0.51";"Sensitivity | Current Policies | Urban depot-only charging";"Diesel"
"OPEX";"Diesel";"ES";"Share Biodiesel";"Rigid";"BAU";"%";2050;"0.51";"Sensitivity | Current Policies | Urban depot-only charging";"Diesel"
"OPEX";"Diesel";"ES";"Share Biodiesel";"Tractor-Trailer";"BAU";"%";2050;"0.51";"Sensitivity | Current Policies | Urban depot-only charging";"Diesel"
"OPEX";"Diesel";"FR";"Share Biodiesel";"Rigid";"BAU";"%";2050;"0.51";"Sensitivity | Current Policies | Urban depot-only charging";"Diesel"
"OPEX";"Diesel";"FR";"Share Biodiesel";"Tractor-Trailer";"BAU";"%";2050;"0.51";"Sensitivity | Current Policies | Urban depot-only charging";"Diesel"
"OPEX";"Diesel";"IT";"Share Biodiesel";"Rigid";"BAU";"%";2050;"0.51";"Sensitivity | Current Policies | Urban depot-only charging";"Diesel"
"OPEX";"Diesel";"IT";"Share Biodiesel";"Tractor-Trailer";"BAU";"%";2050;"0.51";"Sensitivity | Current Policies | Urban depot-only charging";"Diesel"
"OPEX";"Diesel";"NL";"Share Biodiesel";"Rigid";"BAU";"%";2050;"0.51";"Sensitivity | Current Policies | Urban depot-only charging";"Diesel"
"OPEX";"Diesel";"NL";"Share Biodiesel";"Tractor-Trailer";"BAU";"%";2050;"0.51";"Sensitivity | Current Policies | Urban depot-only charging";"Diesel"
"OPEX";"Diesel";"PL";"Share Biodiesel";"Rigid";"BAU";"%";2050;"0.51";"Sensitivity | Current Policies | Urban depot-only charging";"Diesel"
"OPEX";"Diesel";"PL";"Share Biodiesel";"Tractor-Trailer";"BAU";"%";2050;"0.51";"Sensitivity | Current Policies | Urban depot-only charging";"Diesel"
"OPEX";"Diesel";"UK";"Share Biodiesel";"Rigid";"BAU";"%";2050;"0.51";"Sensitivity | Current Policies | Urban depot-only charging";"Diesel"
"OPEX";"Diesel";"UK";"Share Biodiesel";"Tractor-Trailer";"BAU";"%";2050;"0.51";"Sensitivity | Current Policies | Urban depot-only charging";"Diesel"
"OPEX";"Diesel";"DE";"Share Biodiesel";"Rigid";"PROG";"%";2030;"0.18";"Sensitivity | Current Policies | Urban depot-only charging";"Diesel"
"OPEX";"Diesel";"DE";"Share Biodiesel";"Tractor-Trailer";"PROG";"%";2030;"0.18";"Sensitivity | Current Policies | Urban depot-only charging";"Diesel"
"OPEX";"Diesel";"ES";"Share Biodiesel";"Rigid";"PROG";"%";2030;"0.18";"Sensitivity | Current Policies | Urban depot-only charging";"Diesel"
"OPEX";"Diesel";"ES";"Share Biodiesel";"Tractor-Trailer";"PROG";"%";2030;"0.18";"Sensitivity | Current Policies | Urban depot-only charging";"Diesel"
"OPEX";"Diesel";"FR";"Share Biodiesel";"Rigid";"PROG";"%";2030;"0.18";"Sensitivity | Current Policies | Urban depot-only charging";"Diesel"
"OPEX";"Diesel";"FR";"Share Biodiesel";"Tractor-Trailer";"PROG";"%";2030;"0.18";"Sensitivity | Current Policies | Urban depot-only charging";"Diesel"
"OPEX";"Diesel";"IT";"Share Biodiesel";"Rigid";"PROG";"%";2030;"0.18";"Sensitivity | Current Policies | Urban depot-only charging";"Diesel"
"OPEX";"Diesel";"IT";"Share Biodiesel";"Tractor-Trailer";"PROG";"%";2030;"0.18";"Sensitivity | Current Policies | Urban depot-only charging";"Diesel"
"OPEX";"Diesel";"NL";"Share Biodiesel";"Rigid";"PROG";"%";2030;"0.18";"Sensitivity | Current Policies | Urban depot-only charging";"Diesel"
"OPEX";"Diesel";"NL";"Share Biodiesel";"Tractor-Trailer";"PROG";"%";2030;"0.18";"Sensitivity | Current Policies | Urban depot-only charging";"Diesel"
"OPEX";"Diesel";"PL";"Share Biodiesel";"Rigid";"PROG";"%";2030;"0.18";"Sensitivity | Current Policies | Urban depot-only charging";"Diesel"
"OPEX";"Diesel";"PL";"Share Biodiesel";"Tractor-Trailer";"PROG";"%";2030;"0.18";"Sensitivity | Current Policies | Urban depot-only charging";"Diesel"
"OPEX";"Diesel";"UK";"Share Biodiesel";"Rigid";"PROG";"%";2030;"0.18";"Sensitivity | Current Policies | Urban depot-only charging";"Diesel"
"OPEX";"Diesel";"UK";"Share Biodiesel";"Tractor-Trailer";"PROG";"%";2030;"0.18";"Sensitivity | Current Policies | Urban depot-only charging";"Diesel"
"OPEX";"Diesel";"DE";"Share Biodiesel";"Rigid";"PROG";"%";2035;"0.24";"Sensitivity | Current Policies | Urban depot-only charging";"Diesel"
"OPEX";"Diesel";"DE";"Share Biodiesel";"Tractor-Trailer";"PROG";"%";2035;"0.24";"Sensitivity | Current Policies | Urban depot-only charging";"Diesel"
"OPEX";"Diesel";"ES";"Share Biodiesel";"Rigid";"PROG";"%";2035;"0.24";"Sensitivity | Current Policies | Urban depot-only charging";"Diesel"
"OPEX";"Diesel";"ES";"Share Biodiesel";"Tractor-Trailer";"PROG";"%";2035;"0.24";"Sensitivity | Current Policies | Urban depot-only charging";"Diesel"
"OPEX";"Diesel";"FR";"Share Biodiesel";"Rigid";"PROG";"%";2035;"0.24";"Sensitivity | Current Policies | Urban depot-only charging";"Diesel"
"OPEX";"Diesel";"FR";"Share Biodiesel";"Tractor-Trailer";"PROG";"%";2035;"0.24";"Sensitivity | Current Policies | Urban depot-only charging";"Diesel"
"OPEX";"Diesel";"IT";"Share Biodiesel";"Rigid";"PROG";"%";2035;"0.24";"Sensitivity | Current Policies | Urban depot-only charging";"Diesel"
"OPEX";"Diesel";"IT";"Share Biodiesel";"Tractor-Trailer";"PROG";"%";2035;"0.24";"Sensitivity | Current Policies | Urban depot-only charging";"Diesel"
"OPEX";"Diesel";"NL";"Share Biodiesel";"Rigid";"PROG";"%";2035;"0.24";"Sensitivity | Current Policies | Urban depot-only charging";"Diesel"
"OPEX";"Diesel";"NL";"Share Biodiesel";"Tractor-Trailer";"PROG";"%";2035;"0.24";"Sensitivity | Current Policies | Urban depot-only charging";"Diesel"
"OPEX";"Diesel";"PL";"Share Biodiesel";"Rigid";"PROG";"%";2035;"0.24";"Sensitivity | Current Policies | Urban depot-only charging";"Diesel"
"OPEX";"Diesel";"PL";"Share Biodiesel";"Tractor-Trailer";"PROG";"%";2035;"0.24";"Sensitivity | Current Policies | Urban depot-only charging";"Diesel"
"OPEX";"Diesel";"UK";"Share Biodiesel";"Rigid";"PROG";"%";2035;"0.24";"Sensitivity | Current Policies | Urban depot-only charging";"Diesel"
"OPEX";"Diesel";"UK";"Share Biodiesel";"Tractor-Trailer";"PROG";"%";2035;"0.24";"Sensitivity | Current Policies | Urban depot-only charging";"Diesel"
"OPEX";"Diesel";"DE";"Share Biodiesel";"Rigid";"PROG";"%";2040;"0.32";"Sensitivity | Current Policies | Urban depot-only charging";"Diesel"
"OPEX";"Diesel";"DE";"Share Biodiesel";"Tractor-Trailer";"PROG";"%";2040;"0.32";"Sensitivity | Current Policies | Urban depot-only charging";"Diesel"
"OPEX";"Diesel";"ES";"Share Biodiesel";"Rigid";"PROG";"%";2040;"0.32";"Sensitivity | Current Policies | Urban depot-only charging";"Diesel"
"OPEX";"Diesel";"ES";"Share Biodiesel";"Tractor-Trailer";"PROG";"%";2040;"0.32";"Sensitivity | Current Policies | Urban depot-only charging";"Diesel"
"OPEX";"Diesel";"FR";"Share Biodiesel";"Rigid";"PROG";"%";2040;"0.32";"Sensitivity | Current Policies | Urban depot-only charging";"Diesel"
"OPEX";"Diesel";"FR";"Share Biodiesel";"Tractor-Trailer";"PROG";"%";2040;"0.32";"Sensitivity | Current Policies | Urban depot-only charging";"Diesel"
"OPEX";"Diesel";"IT";"Share Biodiesel";"Rigid";"PROG";"%";2040;"0.32";"Sensitivity | Current Policies | Urban depot-only charging";"Diesel"
"OPEX";"Diesel";"IT";"Share Biodiesel";"Tractor-Trailer";"PROG";"%";2040;"0.32";"Sensitivity | Current Policies | Urban depot-only charging";"Diesel"
"OPEX";"Diesel";"NL";"Share Biodiesel";"Rigid";"PROG";"%";2040;"0.32";"Sensitivity | Current Policies | Urban depot-only charging";"Diesel"
"OPEX";"Diesel";"NL";"Share Biodiesel";"Tractor-Trailer";"PROG";"%";2040;"0.32";"Sensitivity | Current Policies | Urban depot-only charging";"Diesel"
"OPEX";"Diesel";"PL";"Share Biodiesel";"Rigid";"PROG";"%";2040;"0.32";"Sensitivity | Current Policies | Urban depot-only charging";"Diesel"
"OPEX";"Diesel";"PL";"Share Biodiesel";"Tractor-Trailer";"PROG";"%";2040;"0.32";"Sensitivity | Current Policies | Urban depot-only charging";"Diesel"
"OPEX";"Diesel";"UK";"Share Biodiesel";"Rigid";"PROG";"%";2040;"0.32";"Sensitivity | Current Policies | Urban depot-only charging";"Diesel"
"OPEX";"Diesel";"UK";"Share Biodiesel";"Tractor-Trailer";"PROG";"%";2040;"0.32";"Sensitivity | Current Policies | Urban depot-only charging";"Diesel"
"OPEX";"Diesel";"DE";"Share Biodiesel";"Rigid";"PROG";"%";2045;"0.35";"Sensitivity | Current Policies | Urban depot-only charging";"Diesel"
"OPEX";"Diesel";"DE";"Share Biodiesel";"Tractor-Trailer";"PROG";"%";2045;"0.35";"Sensitivity | Current Policies | Urban depot-only charging";"Diesel"
"OPEX";"Diesel";"ES";"Share Biodiesel";"Rigid";"PROG";"%";2045;"0.35";"Sensitivity | Current Policies | Urban depot-only charging";"Diesel"
"OPEX";"Diesel";"ES";"Share Biodiesel";"Tractor-Trailer";"PROG";"%";2045;"0.35";"Sensitivity | Current Policies | Urban depot-only charging";"Diesel"
"OPEX";"Diesel";"FR";"Share Biodiesel";"Rigid";"PROG";"%";2045;"0.35";"Sensitivity | Current Policies | Urban depot-only charging";"Diesel"
"OPEX";"Diesel";"FR";"Share Biodiesel";"Tractor-Trailer";"PROG";"%";2045;"0.35";"Sensitivity | Current Policies | Urban depot-only charging";"Diesel"
"OPEX";"Diesel";"IT";"Share Biodiesel";"Rigid";"PROG";"%";2045;"0.35";"Sensitivity | Current Policies | Urban depot-only charging";"Diesel"
"OPEX";"Diesel";"IT";"Share Biodiesel";"Tractor-Trailer";"PROG";"%";2045;"0.35";"Sensitivity | Current Policies | Urban depot-only charging";"Diesel"
"OPEX";"Diesel";"NL";"Share Biodiesel";"Rigid";"PROG";"%";2045;"0.35";"Sensitivity | Current Policies | Urban depot-only charging";"Diesel"
"OPEX";"Diesel";"NL";"Share Biodiesel";"Tractor-Trailer";"PROG";"%";2045;"0.35";"Sensitivity | Current Policies | Urban depot-only charging";"Diesel"
"OPEX";"Diesel";"PL";"Share Biodiesel";"Rigid";"PROG";"%";2045;"0.35";"Sensitivity | Current Policies | Urban depot-only charging";"Diesel"
"OPEX";"Diesel";"PL";"Share Biodiesel";"Tractor-Trailer";"PROG";"%";2045;"0.35";"Sensitivity | Current Policies | Urban depot-only charging";"Diesel"
"OPEX";"Diesel";"UK";"Share Biodiesel";"Rigid";"PROG";"%";2045;"0.35";"Sensitivity | Current Policies | Urban depot-only charging";"Diesel"
"OPEX";"Diesel";"UK";"Share Biodiesel";"Tractor-Trailer";"PROG";"%";2045;"0.35";"Sensitivity | Current Policies | Urban depot-only charging";"Diesel"
"OPEX";"Diesel";"DE";"Share Biodiesel";"Rigid";"PROG";"%";2050;"0.33";"Sensitivity | Current Policies | Urban depot-only charging";"Diesel"
"OPEX";"Diesel";"DE";"Share Biodiesel";"Tractor-Trailer";"PROG";"%";2050;"0.33";"Sensitivity | Current Policies | Urban depot-only charging";"Diesel"
"OPEX";"Diesel";"ES";"Share Biodiesel";"Rigid";"PROG";"%";2050;"0.33";"Sensitivity | Current Policies | Urban depot-only charging";"Diesel"
"OPEX";"Diesel";"ES";"Share Biodiesel";"Tractor-Trailer";"PROG";"%";2050;"0.33";"Sensitivity | Current Policies | Urban depot-only charging";"Diesel"
"OPEX";"Diesel";"FR";"Share Biodiesel";"Rigid";"PROG";"%";2050;"0.33";"Sensitivity | Current Policies | Urban depot-only charging";"Diesel"
"OPEX";"Diesel";"FR";"Share Biodiesel";"Tractor-Trailer";"PROG";"%";2050;"0.33";"Sensitivity | Current Policies | Urban depot-only charging";"Diesel"
"OPEX";"Diesel";"IT";"Share Biodiesel";"Rigid";"PROG";"%";2050;"0.33";"Sensitivity | Current Policies | Urban depot-only charging";"Diesel"
"OPEX";"Diesel";"IT";"Share Biodiesel";"Tractor-Trailer";"PROG";"%";2050;"0.33";"Sensitivity | Current Policies | Urban depot-only charging";"Diesel"
"OPEX";"Diesel";"NL";"Share Biodiesel";"Rigid";"PROG";"%";2050;"0.33";"Sensitivity | Current Policies | Urban depot-only charging";"Diesel"
"OPEX";"Diesel";"NL";"Share Biodiesel";"Tractor-Trailer";"PROG";"%";2050;"0.33";"Sensitivity | Current Policies | Urban depot-only charging";"Diesel"
"OPEX";"Diesel";"PL";"Share Biodiesel";"Rigid";"PROG";"%";2050;"0.33";"Sensitivity | Current Policies | Urban depot-only charging";"Diesel"
"OPEX";"Diesel";"PL";"Share Biodiesel";"Tractor-Trailer";"PROG";"%";2050;"0.33";"Sensitivity | Current Policies | Urban depot-only charging";"Diesel"
"OPEX";"Diesel";"UK";"Share Biodiesel";"Rigid";"PROG";"%";2050;"0.33";"Sensitivity | Current Policies | Urban depot-only charging";"Diesel"
"OPEX";"Diesel";"UK";"Share Biodiesel";"Tractor-Trailer";"PROG";"%";2050;"0.33";"Sensitivity | Current Policies | Urban depot-only charging";"Diesel"
"OPEX";"Diesel";"DE";"Share Synthetic Diesel (E-Fuels)";"Rigid";"BAU";"%";2030;"0";"Sensitivity | Current Policies | Urban depot-only charging";"Diesel"
"OPEX";"Diesel";"DE";"Share Synthetic Diesel (E-Fuels)";"Tractor-Trailer";"BAU";"%";2030;"0";"Sensitivity | Current Policies | Urban depot-only charging";"Diesel"
"OPEX";"Diesel";"ES";"Share Synthetic Diesel (E-Fuels)";"Rigid";"BAU";"%";2030;"0";"Sensitivity | Current Policies | Urban depot-only charging";"Diesel"
"OPEX";"Diesel";"ES";"Share Synthetic Diesel (E-Fuels)";"Tractor-Trailer";"BAU";"%";2030;"0";"Sensitivity | Current Policies | Urban depot-only charging";"Diesel"
"OPEX";"Diesel";"FR";"Share Synthetic Diesel (E-Fuels)";"Rigid";"BAU";"%";2030;"0";"Sensitivity | Current Policies | Urban depot-only charging";"Diesel"
"OPEX";"Diesel";"FR";"Share Synthetic Diesel (E-Fuels)";"Tractor-Trailer";"BAU";"%";2030;"0";"Sensitivity | Current Policies | Urban depot-only charging";"Diesel"
"OPEX";"Diesel";"IT";"Share Synthetic Diesel (E-Fuels)";"Rigid";"BAU";"%";2030;"0";"Sensitivity | Current Policies | Urban depot-only charging";"Diesel"
"OPEX";"Diesel";"IT";"Share Synthetic Diesel (E-Fuels)";"Tractor-Trailer";"BAU";"%";2030;"0";"Sensitivity | Current Policies | Urban depot-only charging";"Diesel"
"OPEX";"Diesel";"NL";"Share Synthetic Diesel (E-Fuels)";"Rigid";"BAU";"%";2030;"0";"Sensitivity | Current Policies | Urban depot-only charging";"Diesel"
"OPEX";"Diesel";"NL";"Share Synthetic Diesel (E-Fuels)";"Tractor-Trailer";"BAU";"%";2030;"0";"Sensitivity | Current Policies | Urban depot-only charging";"Diesel"
"OPEX";"Diesel";"PL";"Share Synthetic Diesel (E-Fuels)";"Rigid";"BAU";"%";2030;"0";"Sensitivity | Current Policies | Urban depot-only charging";"Diesel"
"OPEX";"Diesel";"PL";"Share Synthetic Diesel (E-Fuels)";"Tractor-Trailer";"BAU";"%";2030;"0";"Sensitivity | Current Policies | Urban depot-only charging";"Diesel"
"OPEX";"Diesel";"UK";"Share Synthetic Diesel (E-Fuels)";"Rigid";"BAU";"%";2030;"0";"Sensitivity | Current Policies | Urban depot-only charging";"Diesel"
"OPEX";"Diesel";"UK";"Share Synthetic Diesel (E-Fuels)";"Tractor-Trailer";"BAU";"%";2030;"0";"Sensitivity | Current Policies | Urban depot-only charging";"Diesel"
"OPEX";"Diesel";"DE";"Share Synthetic Diesel (E-Fuels)";"Rigid";"BAU";"%";2035;"0";"Sensitivity | Current Policies | Urban depot-only charging";"Diesel"
"OPEX";"Diesel";"DE";"Share Synthetic Diesel (E-Fuels)";"Tractor-Trailer";"BAU";"%";2035;"0";"Sensitivity | Current Policies | Urban depot-only charging";"Diesel"
"OPEX";"Diesel";"ES";"Share Synthetic Diesel (E-Fuels)";"Rigid";"BAU";"%";2035;"0";"Sensitivity | Current Policies | Urban depot-only charging";"Diesel"
"OPEX";"Diesel";"ES";"Share Synthetic Diesel (E-Fuels)";"Tractor-Trailer";"BAU";"%";2035;"0";"Sensitivity | Current Policies | Urban depot-only charging";"Diesel"
"OPEX";"Diesel";"FR";"Share Synthetic Diesel (E-Fuels)";"Rigid";"BAU";"%";2035;"0";"Sensitivity | Current Policies | Urban depot-only charging";"Diesel"
"OPEX";"Diesel";"FR";"Share Synthetic Diesel (E-Fuels)";"Tractor-Trailer";"BAU";"%";2035;"0";"Sensitivity | Current Policies | Urban depot-only charging";"Diesel"
"OPEX";"Diesel";"IT";"Share Synthetic Diesel (E-Fuels)";"Rigid";"BAU";"%";2035;"0";"Sensitivity | Current Policies | Urban depot-only charging";"Diesel"
"OPEX";"Diesel";"IT";"Share Synthetic Diesel (E-Fuels)";"Tractor-Trailer";"BAU";"%";2035;"0";"Sensitivity | Current Policies | Urban depot-only charging";"Diesel"
"OPEX";"Diesel";"NL";"Share Synthetic Diesel (E-Fuels)";"Rigid";"BAU";"%";2035;"0";"Sensitivity | Current Policies | Urban depot-only charging";"Diesel"
"OPEX";"Diesel";"NL";"Share Synthetic Diesel (E-Fuels)";"Tractor-Trailer";"BAU";"%";2035;"0";"Sensitivity | Current Policies | Urban depot-only charging";"Diesel"
"OPEX";"Diesel";"PL";"Share Synthetic Diesel (E-Fuels)";"Rigid";"BAU";"%";2035;"0";"Sensitivity | Current Policies | Urban depot-only charging";"Diesel"
"OPEX";"Diesel";"PL";"Share Synthetic Diesel (E-Fuels)";"Tractor-Trailer";"BAU";"%";2035;"0";"Sensitivity | Current Policies | Urban depot-only charging";"Diesel"
"OPEX";"Diesel";"UK";"Share Synthetic Diesel (E-Fuels)";"Rigid";"BAU";"%";2035;"0";"Sensitivity | Current Policies | Urban depot-only charging";"Diesel"
"OPEX";"Diesel";"UK";"Share Synthetic Diesel (E-Fuels)";"Tractor-Trailer";"BAU";"%";2035;"0";"Sensitivity | Current Policies | Urban depot-only charging";"Diesel"
"OPEX";"Diesel";"DE";"Share Synthetic Diesel (E-Fuels)";"Rigid";"BAU";"%";2040;"0.2";"Sensitivity | Current Policies | Urban depot-only charging";"Diesel"
"OPEX";"Diesel";"DE";"Share Synthetic Diesel (E-Fuels)";"Tractor-Trailer";"BAU";"%";2040;"0.2";"Sensitivity | Current Policies | Urban depot-only charging";"Diesel"
"OPEX";"Diesel";"ES";"Share Synthetic Diesel (E-Fuels)";"Rigid";"BAU";"%";2040;"0.2";"Sensitivity | Current Policies | Urban depot-only charging";"Diesel"
"OPEX";"Diesel";"ES";"Share Synthetic Diesel (E-Fuels)";"Tractor-Trailer";"BAU";"%";2040;"0.2";"Sensitivity | Current Policies | Urban depot-only charging";"Diesel"
"OPEX";"Diesel";"FR";"Share Synthetic Diesel (E-Fuels)";"Rigid";"BAU";"%";2040;"0.2";"Sensitivity | Current Policies | Urban depot-only charging";"Diesel"
"OPEX";"Diesel";"FR";"Share Synthetic Diesel (E-Fuels)";"Tractor-Trailer";"BAU";"%";2040;"0.2";"Sensitivity | Current Policies | Urban depot-only charging";"Diesel"
"OPEX";"Diesel";"IT";"Share Synthetic Diesel (E-Fuels)";"Rigid";"BAU";"%";2040;"0.2";"Sensitivity | Current Policies | Urban depot-only charging";"Diesel"
"OPEX";"Diesel";"IT";"Share Synthetic Diesel (E-Fuels)";"Tractor-Trailer";"BAU";"%";2040;"0.2";"Sensitivity | Current Policies | Urban depot-only charging";"Diesel"
"OPEX";"Diesel";"NL";"Share Synthetic Diesel (E-Fuels)";"Rigid";"BAU";"%";2040;"0.2";"Sensitivity | Current Policies | Urban depot-only charging";"Diesel"
"OPEX";"Diesel";"NL";"Share Synthetic Diesel (E-Fuels)";"Tractor-Trailer";"BAU";"%";2040;"0.2";"Sensitivity | Current Policies | Urban depot-only charging";"Diesel"
"OPEX";"Diesel";"PL";"Share Synthetic Diesel (E-Fuels)";"Rigid";"BAU";"%";2040;"0.2";"Sensitivity | Current Policies | Urban depot-only charging";"Diesel"
"OPEX";"Diesel";"PL";"Share Synthetic Diesel (E-Fuels)";"Tractor-Trailer";"BAU";"%";2040;"0.2";"Sensitivity | Current Policies | Urban depot-only charging";"Diesel"
"OPEX";"Diesel";"UK";"Share Synthetic Diesel (E-Fuels)";"Rigid";"BAU";"%";2040;"0.2";"Sensitivity | Current Policies | Urban depot-only charging";"Diesel"
"OPEX";"Diesel";"UK";"Share Synthetic Diesel (E-Fuels)";"Tractor-Trailer";"BAU";"%";2040;"0.2";"Sensitivity | Current Policies | Urban depot-only charging";"Diesel"
"OPEX";"Diesel";"DE";"Share Synthetic Diesel (E-Fuels)";"Rigid";"BAU";"%";2045;"0.47";"Sensitivity | Current Policies | Urban depot-only charging";"Diesel"
"OPEX";"Diesel";"DE";"Share Synthetic Diesel (E-Fuels)";"Tractor-Trailer";"BAU";"%";2045;"0.47";"Sensitivity | Current Policies | Urban depot-only charging";"Diesel"
"OPEX";"Diesel";"ES";"Share Synthetic Diesel (E-Fuels)";"Rigid";"BAU";"%";2045;"0.47";"Sensitivity | Current Policies | Urban depot-only charging";"Diesel"
"OPEX";"Diesel";"ES";"Share Synthetic Diesel (E-Fuels)";"Tractor-Trailer";"BAU";"%";2045;"0.47";"Sensitivity | Current Policies | Urban depot-only charging";"Diesel"
"OPEX";"Diesel";"FR";"Share Synthetic Diesel (E-Fuels)";"Rigid";"BAU";"%";2045;"0.47";"Sensitivity | Current Policies | Urban depot-only charging";"Diesel"
"OPEX";"Diesel";"FR";"Share Synthetic Diesel (E-Fuels)";"Tractor-Trailer";"BAU";"%";2045;"0.47";"Sensitivity | Current Policies | Urban depot-only charging";"Diesel"
"OPEX";"Diesel";"IT";"Share Synthetic Diesel (E-Fuels)";"Rigid";"BAU";"%";2045;"0.47";"Sensitivity | Current Policies | Urban depot-only charging";"Diesel"
"OPEX";"Diesel";"IT";"Share Synthetic Diesel (E-Fuels)";"Tractor-Trailer";"BAU";"%";2045;"0.47";"Sensitivity | Current Policies | Urban depot-only charging";"Diesel"
"OPEX";"Diesel";"NL";"Share Synthetic Diesel (E-Fuels)";"Rigid";"BAU";"%";2045;"0.47";"Sensitivity | Current Policies | Urban depot-only charging";"Diesel"
"OPEX";"Diesel";"NL";"Share Synthetic Diesel (E-Fuels)";"Tractor-Trailer";"BAU";"%";2045;"0.47";"Sensitivity | Current Policies | Urban depot-only charging";"Diesel"
"OPEX";"Diesel";"PL";"Share Synthetic Diesel (E-Fuels)";"Rigid";"BAU";"%";2045;"0.47";"Sensitivity | Current Policies | Urban depot-only charging";"Diesel"
"OPEX";"Diesel";"PL";"Share Synthetic Diesel (E-Fuels)";"Tractor-Trailer";"BAU";"%";2045;"0.47";"Sensitivity | Current Policies | Urban depot-only charging";"Diesel"
"OPEX";"Diesel";"UK";"Share Synthetic Diesel (E-Fuels)";"Rigid";"BAU";"%";2045;"0.47";"Sensitivity | Current Policies | Urban depot-only charging";"Diesel"
"OPEX";"Diesel";"UK";"Share Synthetic Diesel (E-Fuels)";"Tractor-Trailer";"BAU";"%";2045;"0.47";"Sensitivity | Current Policies | Urban depot-only charging";"Diesel"
"OPEX";"Diesel";"DE";"Share Synthetic Diesel (E-Fuels)";"Rigid";"BAU";"%";2050;"0.49";"Sensitivity | Current Policies | Urban depot-only charging";"Diesel"
"OPEX";"Diesel";"DE";"Share Synthetic Diesel (E-Fuels)";"Tractor-Trailer";"BAU";"%";2050;"0.49";"Sensitivity | Current Policies | Urban depot-only charging";"Diesel"
"OPEX";"Diesel";"ES";"Share Synthetic Diesel (E-Fuels)";"Rigid";"BAU";"%";2050;"0.49";"Sensitivity | Current Policies | Urban depot-only charging";"Diesel"
"OPEX";"Diesel";"ES";"Share Synthetic Diesel (E-Fuels)";"Tractor-Trailer";"BAU";"%";2050;"0.49";"Sensitivity | Current Policies | Urban depot-only charging";"Diesel"
"OPEX";"Diesel";"FR";"Share Synthetic Diesel (E-Fuels)";"Rigid";"BAU";"%";2050;"0.49";"Sensitivity | Current Policies | Urban depot-only charging";"Diesel"
"OPEX";"Diesel";"FR";"Share Synthetic Diesel (E-Fuels)";"Tractor-Trailer";"BAU";"%";2050;"0.49";"Sensitivity | Current Policies | Urban depot-only charging";"Diesel"
"OPEX";"Diesel";"IT";"Share Synthetic Diesel (E-Fuels)";"Rigid";"BAU";"%";2050;"0.49";"Sensitivity | Current Policies | Urban depot-only charging";"Diesel"
"OPEX";"Diesel";"IT";"Share Synthetic Diesel (E-Fuels)";"Tractor-Trailer";"BAU";"%";2050;"0.49";"Sensitivity | Current Policies | Urban depot-only charging";"Diesel"
"OPEX";"Diesel";"NL";"Share Synthetic Diesel (E-Fuels)";"Rigid";"BAU";"%";2050;"0.49";"Sensitivity | Current Policies | Urban depot-only charging";"Diesel"
"OPEX";"Diesel";"NL";"Share Synthetic Diesel (E-Fuels)";"Tractor-Trailer";"BAU";"%";2050;"0.49";"Sensitivity | Current Policies | Urban depot-only charging";"Diesel"
"OPEX";"Diesel";"PL";"Share Synthetic Diesel (E-Fuels)";"Rigid";"BAU";"%";2050;"0.49";"Sensitivity | Current Policies | Urban depot-only charging";"Diesel"
"OPEX";"Diesel";"PL";"Share Synthetic Diesel (E-Fuels)";"Tractor-Trailer";"BAU";"%";2050;"0.49";"Sensitivity | Current Policies | Urban depot-only charging";"Diesel"
"OPEX";"Diesel";"UK";"Share Synthetic Diesel (E-Fuels)";"Rigid";"BAU";"%";2050;"0.49";"Sensitivity | Current Policies | Urban depot-only charging";"Diesel"
"OPEX";"Diesel";"UK";"Share Synthetic Diesel (E-Fuels)";"Tractor-Trailer";"BAU";"%";2050;"0.49";"Sensitivity | Current Policies | Urban depot-only charging";"Diesel"
"OPEX";"Diesel";"DE";"Share Synthetic Diesel (E-Fuels)";"Rigid";"PROG";"%";2030;"0.01";"Sensitivity | Current Policies | Urban depot-only charging";"Diesel"
"OPEX";"Diesel";"DE";"Share Synthetic Diesel (E-Fuels)";"Tractor-Trailer";"PROG";"%";2030;"0.01";"Sensitivity | Current Policies | Urban depot-only charging";"Diesel"
"OPEX";"Diesel";"ES";"Share Synthetic Diesel (E-Fuels)";"Rigid";"PROG";"%";2030;"0.01";"Sensitivity | Current Policies | Urban depot-only charging";"Diesel"
"OPEX";"Diesel";"ES";"Share Synthetic Diesel (E-Fuels)";"Tractor-Trailer";"PROG";"%";2030;"0.01";"Sensitivity | Current Policies | Urban depot-only charging";"Diesel"
"OPEX";"Diesel";"FR";"Share Synthetic Diesel (E-Fuels)";"Rigid";"PROG";"%";2030;"0.01";"Sensitivity | Current Policies | Urban depot-only charging";"Diesel"
"OPEX";"Diesel";"FR";"Share Synthetic Diesel (E-Fuels)";"Tractor-Trailer";"PROG";"%";2030;"0.01";"Sensitivity | Current Policies | Urban depot-only charging";"Diesel"
"OPEX";"Diesel";"IT";"Share Synthetic Diesel (E-Fuels)";"Rigid";"PROG";"%";2030;"0.01";"Sensitivity | Current Policies | Urban depot-only charging";"Diesel"
"OPEX";"Diesel";"IT";"Share Synthetic Diesel (E-Fuels)";"Tractor-Trailer";"PROG";"%";2030;"0.01";"Sensitivity | Current Policies | Urban depot-only charging";"Diesel"
"OPEX";"Diesel";"NL";"Share Synthetic Diesel (E-Fuels)";"Rigid";"PROG";"%";2030;"0.01";"Sensitivity | Current Policies | Urban depot-only charging";"Diesel"
"OPEX";"Diesel";"NL";"Share Synthetic Diesel (E-Fuels)";"Tractor-Trailer";"PROG";"%";2030;"0.01";"Sensitivity | Current Policies | Urban depot-only charging";"Diesel"
"OPEX";"Diesel";"PL";"Share Synthetic Diesel (E-Fuels)";"Rigid";"PROG";"%";2030;"0.01";"Sensitivity | Current Policies | Urban depot-only charging";"Diesel"
"OPEX";"Diesel";"PL";"Share Synthetic Diesel (E-Fuels)";"Tractor-Trailer";"PROG";"%";2030;"0.01";"Sensitivity | Current Policies | Urban depot-only charging";"Diesel"
"OPEX";"Diesel";"UK";"Share Synthetic Diesel (E-Fuels)";"Rigid";"PROG";"%";2030;"0.01";"Sensitivity | Current Policies | Urban depot-only charging";"Diesel"
"OPEX";"Diesel";"UK";"Share Synthetic Diesel (E-Fuels)";"Tractor-Trailer";"PROG";"%";2030;"0.01";"Sensitivity | Current Policies | Urban depot-only charging";"Diesel"
"OPEX";"Diesel";"DE";"Share Synthetic Diesel (E-Fuels)";"Rigid";"PROG";"%";2035;"0.12";"Sensitivity | Current Policies | Urban depot-only charging";"Diesel"
"OPEX";"Diesel";"DE";"Share Synthetic Diesel (E-Fuels)";"Tractor-Trailer";"PROG";"%";2035;"0.12";"Sensitivity | Current Policies | Urban depot-only charging";"Diesel"
"OPEX";"Diesel";"ES";"Share Synthetic Diesel (E-Fuels)";"Rigid";"PROG";"%";2035;"0.12";"Sensitivity | Current Policies | Urban depot-only charging";"Diesel"
"OPEX";"Diesel";"ES";"Share Synthetic Diesel (E-Fuels)";"Tractor-Trailer";"PROG";"%";2035;"0.12";"Sensitivity | Current Policies | Urban depot-only charging";"Diesel"
"OPEX";"Diesel";"FR";"Share Synthetic Diesel (E-Fuels)";"Rigid";"PROG";"%";2035;"0.12";"Sensitivity | Current Policies | Urban depot-only charging";"Diesel"
"OPEX";"Diesel";"FR";"Share Synthetic Diesel (E-Fuels)";"Tractor-Trailer";"PROG";"%";2035;"0.12";"Sensitivity | Current Policies | Urban depot-only charging";"Diesel"
"OPEX";"Diesel";"IT";"Share Synthetic Diesel (E-Fuels)";"Rigid";"PROG";"%";2035;"0.12";"Sensitivity | Current Policies | Urban depot-only charging";"Diesel"
"OPEX";"Diesel";"IT";"Share Synthetic Diesel (E-Fuels)";"Tractor-Trailer";"PROG";"%";2035;"0.12";"Sensitivity | Current Policies | Urban depot-only charging";"Diesel"
"OPEX";"Diesel";"NL";"Share Synthetic Diesel (E-Fuels)";"Rigid";"PROG";"%";2035;"0.12";"Sensitivity | Current Policies | Urban depot-only charging";"Diesel"
"OPEX";"Diesel";"NL";"Share Synthetic Diesel (E-Fuels)";"Tractor-Trailer";"PROG";"%";2035;"0.12";"Sensitivity | Current Policies | Urban depot-only charging";"Diesel"
"OPEX";"Diesel";"PL";"Share Synthetic Diesel (E-Fuels)";"Rigid";"PROG";"%";2035;"0.12";"Sensitivity | Current Policies | Urban depot-only charging";"Diesel"
"OPEX";"Diesel";"PL";"Share Synthetic Diesel (E-Fuels)";"Tractor-Trailer";"PROG";"%";2035;"0.12";"Sensitivity | Current Policies | Urban depot-only charging";"Diesel"
"OPEX";"Diesel";"UK";"Share Synthetic Diesel (E-Fuels)";"Rigid";"PROG";"%";2035;"0.12";"Sensitivity | Current Policies | Urban depot-only charging";"Diesel"
"OPEX";"Diesel";"UK";"Share Synthetic Diesel (E-Fuels)";"Tractor-Trailer";"PROG";"%";2035;"0.12";"Sensitivity | Current Policies | Urban depot-only charging";"Diesel"
"OPEX";"Diesel";"DE";"Share Synthetic Diesel (E-Fuels)";"Rigid";"PROG";"%";2040;"0.45";"Sensitivity | Current Policies | Urban depot-only charging";"Diesel"
"OPEX";"Diesel";"DE";"Share Synthetic Diesel (E-Fuels)";"Tractor-Trailer";"PROG";"%";2040;"0.45";"Sensitivity | Current Policies | Urban depot-only charging";"Diesel"
"OPEX";"Diesel";"ES";"Share Synthetic Diesel (E-Fuels)";"Rigid";"PROG";"%";2040;"0.45";"Sensitivity | Current Policies | Urban depot-only charging";"Diesel"
"OPEX";"Diesel";"ES";"Share Synthetic Diesel (E-Fuels)";"Tractor-Trailer";"PROG";"%";2040;"0.45";"Sensitivity | Current Policies | Urban depot-only charging";"Diesel"
"OPEX";"Diesel";"FR";"Share Synthetic Diesel (E-Fuels)";"Rigid";"PROG";"%";2040;"0.45";"Sensitivity | Current Policies | Urban depot-only charging";"Diesel"
"OPEX";"Diesel";"FR";"Share Synthetic Diesel (E-Fuels)";"Tractor-Trailer";"PROG";"%";2040;"0.45";"Sensitivity | Current Policies | Urban depot-only charging";"Diesel"
"OPEX";"Diesel";"IT";"Share Synthetic Diesel (E-Fuels)";"Rigid";"PROG";"%";2040;"0.45";"Sensitivity | Current Policies | Urban depot-only charging";"Diesel"
"OPEX";"Diesel";"IT";"Share Synthetic Diesel (E-Fuels)";"Tractor-Trailer";"PROG";"%";2040;"0.45";"Sensitivity | Current Policies | Urban depot-only charging";"Diesel"
"OPEX";"Diesel";"NL";"Share Synthetic Diesel (E-Fuels)";"Rigid";"PROG";"%";2040;"0.45";"Sensitivity | Current Policies | Urban depot-only charging";"Diesel"
"OPEX";"Diesel";"NL";"Share Synthetic Diesel (E-Fuels)";"Tractor-Trailer";"PROG";"%";2040;"0.45";"Sensitivity | Current Policies | Urban depot-only charging";"Diesel"
"OPEX";"Diesel";"PL";"Share Synthetic Diesel (E-Fuels)";"Rigid";"PROG";"%";2040;"0.45";"Sensitivity | Current Policies | Urban depot-only charging";"Diesel"
"OPEX";"Diesel";"PL";"Share Synthetic Diesel (E-Fuels)";"Tractor-Trailer";"PROG";"%";2040;"0.45";"Sensitivity | Current Policies | Urban depot-only charging";"Diesel"
"OPEX";"Diesel";"UK";"Share Synthetic Diesel (E-Fuels)";"Rigid";"PROG";"%";2040;"0.45";"Sensitivity | Current Policies | Urban depot-only charging";"Diesel"
"OPEX";"Diesel";"UK";"Share Synthetic Diesel (E-Fuels)";"Tractor-Trailer";"PROG";"%";2040;"0.45";"Sensitivity | Current Policies | Urban depot-only charging";"Diesel"
"OPEX";"Diesel";"DE";"Share Synthetic Diesel (E-Fuels)";"Rigid";"PROG";"%";2045;"0.65";"Sensitivity | Current Policies | Urban depot-only charging";"Diesel"
"OPEX";"Diesel";"DE";"Share Synthetic Diesel (E-Fuels)";"Tractor-Trailer";"PROG";"%";2045;"0.65";"Sensitivity | Current Policies | Urban depot-only charging";"Diesel"
"OPEX";"Diesel";"ES";"Share Synthetic Diesel (E-Fuels)";"Rigid";"PROG";"%";2045;"0.65";"Sensitivity | Current Policies | Urban depot-only charging";"Diesel"
"OPEX";"Diesel";"ES";"Share Synthetic Diesel (E-Fuels)";"Tractor-Trailer";"PROG";"%";2045;"0.65";"Sensitivity | Current Policies | Urban depot-only charging";"Diesel"
"OPEX";"Diesel";"FR";"Share Synthetic Diesel (E-Fuels)";"Rigid";"PROG";"%";2045;"0.65";"Sensitivity | Current Policies | Urban depot-only charging";"Diesel"
"OPEX";"Diesel";"FR";"Share Synthetic Diesel (E-Fuels)";"Tractor-Trailer";"PROG";"%";2045;"0.65";"Sensitivity | Current Policies | Urban depot-only charging";"Diesel"
"OPEX";"Diesel";"IT";"Share Synthetic Diesel (E-Fuels)";"Rigid";"PROG";"%";2045;"0.65";"Sensitivity | Current Policies | Urban depot-only charging";"Diesel"
"OPEX";"Diesel";"IT";"Share Synthetic Diesel (E-Fuels)";"Tractor-Trailer";"PROG";"%";2045;"0.65";"Sensitivity | Current Policies | Urban depot-only charging";"Diesel"
"OPEX";"Diesel";"NL";"Share Synthetic Diesel (E-Fuels)";"Rigid";"PROG";"%";2045;"0.65";"Sensitivity | Current Policies | Urban depot-only charging";"Diesel"
"OPEX";"Diesel";"NL";"Share Synthetic Diesel (E-Fuels)";"Tractor-Trailer";"PROG";"%";2045;"0.65";"Sensitivity | Current Policies | Urban depot-only charging";"Diesel"
"OPEX";"Diesel";"PL";"Share Synthetic Diesel (E-Fuels)";"Rigid";"PROG";"%";2045;"0.65";"Sensitivity | Current Policies | Urban depot-only charging";"Diesel"
"OPEX";"Diesel";"PL";"Share Synthetic Diesel (E-Fuels)";"Tractor-Trailer";"PROG";"%";2045;"0.65";"Sensitivity | Current Policies | Urban depot-only charging";"Diesel"
"OPEX";"Diesel";"UK";"Share Synthetic Diesel (E-Fuels)";"Rigid";"PROG";"%";2045;"0.65";"Sensitivity | Current Policies | Urban depot-only charging";"Diesel"
"OPEX";"Diesel";"UK";"Share Synthetic Diesel (E-Fuels)";"Tractor-Trailer";"PROG";"%";2045;"0.65";"Sensitivity | Current Policies | Urban depot-only charging";"Diesel"
"OPEX";"Diesel";"DE";"Share Synthetic Diesel (E-Fuels)";"Rigid";"PROG";"%";2050;"0.67";"Sensitivity | Current Policies | Urban depot-only charging";"Diesel"
"OPEX";"Diesel";"DE";"Share Synthetic Diesel (E-Fuels)";"Tractor-Trailer";"PROG";"%";2050;"0.67";"Sensitivity | Current Policies | Urban depot-only charging";"Diesel"
"OPEX";"Diesel";"ES";"Share Synthetic Diesel (E-Fuels)";"Rigid";"PROG";"%";2050;"0.67";"Sensitivity | Current Policies | Urban depot-only charging";"Diesel"
"OPEX";"Diesel";"ES";"Share Synthetic Diesel (E-Fuels)";"Tractor-Trailer";"PROG";"%";2050;"0.67";"Sensitivity | Current Policies | Urban depot-only charging";"Diesel"
"OPEX";"Diesel";"FR";"Share Synthetic Diesel (E-Fuels)";"Rigid";"PROG";"%";2050;"0.67";"Sensitivity | Current Policies | Urban depot-only charging";"Diesel"
"OPEX";"Diesel";"FR";"Share Synthetic Diesel (E-Fuels)";"Tractor-Trailer";"PROG";"%";2050;"0.67";"Sensitivity | Current Policies | Urban depot-only charging";"Diesel"
"OPEX";"Diesel";"IT";"Share Synthetic Diesel (E-Fuels)";"Rigid";"PROG";"%";2050;"0.67";"Sensitivity | Current Policies | Urban depot-only charging";"Diesel"
"OPEX";"Diesel";"IT";"Share Synthetic Diesel (E-Fuels)";"Tractor-Trailer";"PROG";"%";2050;"0.67";"Sensitivity | Current Policies | Urban depot-only charging";"Diesel"
"OPEX";"Diesel";"NL";"Share Synthetic Diesel (E-Fuels)";"Rigid";"PROG";"%";2050;"0.67";"Sensitivity | Current Policies | Urban depot-only charging";"Diesel"
"OPEX";"Diesel";"NL";"Share Synthetic Diesel (E-Fuels)";"Tractor-Trailer";"PROG";"%";2050;"0.67";"Sensitivity | Current Policies | Urban depot-only charging";"Diesel"
"OPEX";"Diesel";"PL";"Share Synthetic Diesel (E-Fuels)";"Rigid";"PROG";"%";2050;"0.67";"Sensitivity | Current Policies | Urban depot-only charging";"Diesel"
"OPEX";"Diesel";"PL";"Share Synthetic Diesel (E-Fuels)";"Tractor-Trailer";"PROG";"%";2050;"0.67";"Sensitivity | Current Policies | Urban depot-only charging";"Diesel"
"OPEX";"Diesel";"UK";"Share Synthetic Diesel (E-Fuels)";"Rigid";"PROG";"%";2050;"0.67";"Sensitivity | Current Policies | Urban depot-only charging";"Diesel"
"OPEX";"Diesel";"UK";"Share Synthetic Diesel (E-Fuels)";"Tractor-Trailer";"PROG";"%";2050;"0.67";"Sensitivity | Current Policies | Urban depot-only charging";"Diesel"
"OPEX";"Taxes";"DE";"Non-ETS CO2";"Rigid";"BAU";"EUR/tCO2";2030;"160";"Sensitivity | Current Policies | Urban depot-only charging";"Diesel"
"OPEX";"Taxes";"DE";"Non-ETS CO2";"Tractor-Trailer";"BAU";"EUR/tCO2";2030;"160";"Sensitivity | Current Policies | Urban depot-only charging";"Diesel"
"OPEX";"Taxes";"DE";"Non-ETS CO2";"Rigid";"PROG";"EUR/tCO2";2030;"160";"Sensitivity | Current Policies | Urban depot-only charging";"Diesel"
"OPEX";"Taxes";"DE";"Non-ETS CO2";"Tractor-Trailer";"PROG";"EUR/tCO2";2030;"160";"Sensitivity | Current Policies | Urban depot-only charging";"Diesel"
"OPEX";"Taxes";"ES";"Non-ETS CO2";"Rigid";"BAU";"EUR/tCO2";2030;"160";"Sensitivity | Current Policies | Urban depot-only charging";"Diesel"
"OPEX";"Taxes";"ES";"Non-ETS CO2";"Tractor-Trailer";"BAU";"EUR/tCO2";2030;"160";"Sensitivity | Current Policies | Urban depot-only charging";"Diesel"
"OPEX";"Taxes";"ES";"Non-ETS CO2";"Rigid";"PROG";"EUR/tCO2";2030;"160";"Sensitivity | Current Policies | Urban depot-only charging";"Diesel"
"OPEX";"Taxes";"ES";"Non-ETS CO2";"Tractor-Trailer";"PROG";"EUR/tCO2";2030;"160";"Sensitivity | Current Policies | Urban depot-only charging";"Diesel"
"OPEX";"Taxes";"FR";"Non-ETS CO2";"Rigid";"BAU";"EUR/tCO2";2030;"160";"Sensitivity | Current Policies | Urban depot-only charging";"Diesel"
"OPEX";"Taxes";"FR";"Non-ETS CO2";"Tractor-Trailer";"BAU";"EUR/tCO2";2030;"160";"Sensitivity | Current Policies | Urban depot-only charging";"Diesel"
"OPEX";"Taxes";"FR";"Non-ETS CO2";"Rigid";"PROG";"EUR/tCO2";2030;"160";"Sensitivity | Current Policies | Urban depot-only charging";"Diesel"
"OPEX";"Taxes";"FR";"Non-ETS CO2";"Tractor-Trailer";"PROG";"EUR/tCO2";2030;"160";"Sensitivity | Current Policies | Urban depot-only charging";"Diesel"
"OPEX";"Taxes";"IT";"Non-ETS CO2";"Rigid";"BAU";"EUR/tCO2";2030;"160";"Sensitivity | Current Policies | Urban depot-only charging";"Diesel"
"OPEX";"Taxes";"IT";"Non-ETS CO2";"Tractor-Trailer";"BAU";"EUR/tCO2";2030;"160";"Sensitivity | Current Policies | Urban depot-only charging";"Diesel"
"OPEX";"Taxes";"IT";"Non-ETS CO2";"Rigid";"PROG";"EUR/tCO2";2030;"160";"Sensitivity | Current Policies | Urban depot-only charging";"Diesel"
"OPEX";"Taxes";"IT";"Non-ETS CO2";"Tractor-Trailer";"PROG";"EUR/tCO2";2030;"160";"Sensitivity | Current Policies | Urban depot-only charging";"Diesel"
"OPEX";"Taxes";"NL";"Non-ETS CO2";"Rigid";"BAU";"EUR/tCO2";2030;"160";"Sensitivity | Current Policies | Urban depot-only charging";"Diesel"
"OPEX";"Taxes";"NL";"Non-ETS CO2";"Tractor-Trailer";"BAU";"EUR/tCO2";2030;"160";"Sensitivity | Current Policies | Urban depot-only charging";"Diesel"
"OPEX";"Taxes";"NL";"Non-ETS CO2";"Rigid";"PROG";"EUR/tCO2";2030;"160";"Sensitivity | Current Policies | Urban depot-only charging";"Diesel"
"OPEX";"Taxes";"NL";"Non-ETS CO2";"Tractor-Trailer";"PROG";"EUR/tCO2";2030;"160";"Sensitivity | Current Policies | Urban depot-only charging";"Diesel"
"OPEX";"Taxes";"PL";"Non-ETS CO2";"Rigid";"BAU";"EUR/tCO2";2030;"160";"Sensitivity | Current Policies | Urban depot-only charging";"Diesel"
"OPEX";"Taxes";"PL";"Non-ETS CO2";"Tractor-Trailer";"BAU";"EUR/tCO2";2030;"160";"Sensitivity | Current Policies | Urban depot-only charging";"Diesel"
"OPEX";"Taxes";"PL";"Non-ETS CO2";"Rigid";"PROG";"EUR/tCO2";2030;"160";"Sensitivity | Current Policies | Urban depot-only charging";"Diesel"
"OPEX";"Taxes";"PL";"Non-ETS CO2";"Tractor-Trailer";"PROG";"EUR/tCO2";2030;"160";"Sensitivity | Current Policies | Urban depot-only charging";"Diesel"
"OPEX";"Taxes";"UK";"Non-ETS CO2";"Rigid";"BAU";"EUR/tCO2";2030;"160";"Sensitivity | Current Policies | Urban depot-only charging";"Diesel"
"OPEX";"Taxes";"UK";"Non-ETS CO2";"Tractor-Trailer";"BAU";"EUR/tCO2";2030;"160";"Sensitivity | Current Policies | Urban depot-only charging";"Diesel"
"OPEX";"Taxes";"UK";"Non-ETS CO2";"Rigid";"PROG";"EUR/tCO2";2030;"160";"Sensitivity | Current Policies | Urban depot-only charging";"Diesel"
"OPEX";"Taxes";"UK";"Non-ETS CO2";"Tractor-Trailer";"PROG";"EUR/tCO2";2030;"160";"Sensitivity | Current Policies | Urban depot-only charging";"Diesel"
"OPEX";"Taxes";"DE";"Non-ETS CO2";"Rigid";"BAU";"EUR/tCO2";2035;"250";"Sensitivity | Current Policies | Urban depot-only charging";"Diesel"
"OPEX";"Taxes";"DE";"Non-ETS CO2";"Tractor-Trailer";"BAU";"EUR/tCO2";2035;"250";"Sensitivity | Current Policies | Urban depot-only charging";"Diesel"
"OPEX";"Taxes";"DE";"Non-ETS CO2";"Rigid";"PROG";"EUR/tCO2";2035;"250";"Sensitivity | Current Policies | Urban depot-only charging";"Diesel"
"OPEX";"Taxes";"DE";"Non-ETS CO2";"Tractor-Trailer";"PROG";"EUR/tCO2";2035;"250";"Sensitivity | Current Policies | Urban depot-only charging";"Diesel"
"OPEX";"Taxes";"ES";"Non-ETS CO2";"Rigid";"BAU";"EUR/tCO2";2035;"250";"Sensitivity | Current Policies | Urban depot-only charging";"Diesel"
"OPEX";"Taxes";"ES";"Non-ETS CO2";"Tractor-Trailer";"BAU";"EUR/tCO2";2035;"250";"Sensitivity | Current Policies | Urban depot-only charging";"Diesel"
"OPEX";"Taxes";"ES";"Non-ETS CO2";"Rigid";"PROG";"EUR/tCO2";2035;"250";"Sensitivity | Current Policies | Urban depot-only charging";"Diesel"
"OPEX";"Taxes";"ES";"Non-ETS CO2";"Tractor-Trailer";"PROG";"EUR/tCO2";2035;"250";"Sensitivity | Current Policies | Urban depot-only charging";"Diesel"
"OPEX";"Taxes";"FR";"Non-ETS CO2";"Rigid";"BAU";"EUR/tCO2";2035;"250";"Sensitivity | Current Policies | Urban depot-only charging";"Diesel"
"OPEX";"Taxes";"FR";"Non-ETS CO2";"Tractor-Trailer";"BAU";"EUR/tCO2";2035;"250";"Sensitivity | Current Policies | Urban depot-only charging";"Diesel"
"OPEX";"Taxes";"FR";"Non-ETS CO2";"Rigid";"PROG";"EUR/tCO2";2035;"250";"Sensitivity | Current Policies | Urban depot-only charging";"Diesel"
"OPEX";"Taxes";"FR";"Non-ETS CO2";"Tractor-Trailer";"PROG";"EUR/tCO2";2035;"250";"Sensitivity | Current Policies | Urban depot-only charging";"Diesel"
"OPEX";"Taxes";"IT";"Non-ETS CO2";"Rigid";"BAU";"EUR/tCO2";2035;"250";"Sensitivity | Current Policies | Urban depot-only charging";"Diesel"
"OPEX";"Taxes";"IT";"Non-ETS CO2";"Tractor-Trailer";"BAU";"EUR/tCO2";2035;"250";"Sensitivity | Current Policies | Urban depot-only charging";"Diesel"
"OPEX";"Taxes";"IT";"Non-ETS CO2";"Rigid";"PROG";"EUR/tCO2";2035;"250";"Sensitivity | Current Policies | Urban depot-only charging";"Diesel"
"OPEX";"Taxes";"IT";"Non-ETS CO2";"Tractor-Trailer";"PROG";"EUR/tCO2";2035;"250";"Sensitivity | Current Policies | Urban depot-only charging";"Diesel"
"OPEX";"Taxes";"NL";"Non-ETS CO2";"Rigid";"BAU";"EUR/tCO2";2035;"250";"Sensitivity | Current Policies | Urban depot-only charging";"Diesel"
"OPEX";"Taxes";"NL";"Non-ETS CO2";"Tractor-Trailer";"BAU";"EUR/tCO2";2035;"250";"Sensitivity | Current Policies | Urban depot-only charging";"Diesel"
"OPEX";"Taxes";"NL";"Non-ETS CO2";"Rigid";"PROG";"EUR/tCO2";2035;"250";"Sensitivity | Current Policies | Urban depot-only charging";"Diesel"
"OPEX";"Taxes";"NL";"Non-ETS CO2";"Tractor-Trailer";"PROG";"EUR/tCO2";2035;"250";"Sensitivity | Current Policies | Urban depot-only charging";"Diesel"
"OPEX";"Taxes";"PL";"Non-ETS CO2";"Rigid";"BAU";"EUR/tCO2";2035;"250";"Sensitivity | Current Policies | Urban depot-only charging";"Diesel"
"OPEX";"Taxes";"PL";"Non-ETS CO2";"Tractor-Trailer";"BAU";"EUR/tCO2";2035;"250";"Sensitivity | Current Policies | Urban depot-only charging";"Diesel"
"OPEX";"Taxes";"PL";"Non-ETS CO2";"Rigid";"PROG";"EUR/tCO2";2035;"250";"Sensitivity | Current Policies | Urban depot-only charging";"Diesel"
"OPEX";"Taxes";"PL";"Non-ETS CO2";"Tractor-Trailer";"PROG";"EUR/tCO2";2035;"250";"Sensitivity | Current Policies | Urban depot-only charging";"Diesel"
"OPEX";"Taxes";"UK";"Non-ETS CO2";"Rigid";"BAU";"EUR/tCO2";2035;"250";"Sensitivity | Current Policies | Urban depot-only charging";"Diesel"
"OPEX";"Taxes";"UK";"Non-ETS CO2";"Tractor-Trailer";"BAU";"EUR/tCO2";2035;"250";"Sensitivity | Current Policies | Urban depot-only charging";"Diesel"
"OPEX";"Taxes";"UK";"Non-ETS CO2";"Rigid";"PROG";"EUR/tCO2";2035;"250";"Sensitivity | Current Policies | Urban depot-only charging";"Diesel"
"OPEX";"Taxes";"UK";"Non-ETS CO2";"Tractor-Trailer";"PROG";"EUR/tCO2";2035;"250";"Sensitivity | Current Policies | Urban depot-only charging";"Diesel"
"OPEX";"Taxes";"DE";"Non-ETS CO2";"Rigid";"BAU";"EUR/tCO2";2040;"350";"Sensitivity | Current Policies | Urban depot-only charging";"Diesel"
"OPEX";"Taxes";"DE";"Non-ETS CO2";"Tractor-Trailer";"BAU";"EUR/tCO2";2040;"350";"Sensitivity | Current Policies | Urban depot-only charging";"Diesel"
"OPEX";"Taxes";"DE";"Non-ETS CO2";"Rigid";"PROG";"EUR/tCO2";2040;"350";"Sensitivity | Current Policies | Urban depot-only charging";"Diesel"
"OPEX";"Taxes";"DE";"Non-ETS CO2";"Tractor-Trailer";"PROG";"EUR/tCO2";2040;"350";"Sensitivity | Current Policies | Urban depot-only charging";"Diesel"
"OPEX";"Taxes";"ES";"Non-ETS CO2";"Rigid";"BAU";"EUR/tCO2";2040;"350";"Sensitivity | Current Policies | Urban depot-only charging";"Diesel"
"OPEX";"Taxes";"ES";"Non-ETS CO2";"Tractor-Trailer";"BAU";"EUR/tCO2";2040;"350";"Sensitivity | Current Policies | Urban depot-only charging";"Diesel"
"OPEX";"Taxes";"ES";"Non-ETS CO2";"Rigid";"PROG";"EUR/tCO2";2040;"350";"Sensitivity | Current Policies | Urban depot-only charging";"Diesel"
"OPEX";"Taxes";"ES";"Non-ETS CO2";"Tractor-Trailer";"PROG";"EUR/tCO2";2040;"350";"Sensitivity | Current Policies | Urban depot-only charging";"Diesel"
"OPEX";"Taxes";"FR";"Non-ETS CO2";"Rigid";"BAU";"EUR/tCO2";2040;"350";"Sensitivity | Current Policies | Urban depot-only charging";"Diesel"
"OPEX";"Taxes";"FR";"Non-ETS CO2";"Tractor-Trailer";"BAU";"EUR/tCO2";2040;"350";"Sensitivity | Current Policies | Urban depot-only charging";"Diesel"
"OPEX";"Taxes";"FR";"Non-ETS CO2";"Rigid";"PROG";"EUR/tCO2";2040;"350";"Sensitivity | Current Policies | Urban depot-only charging";"Diesel"
"OPEX";"Taxes";"FR";"Non-ETS CO2";"Tractor-Trailer";"PROG";"EUR/tCO2";2040;"350";"Sensitivity | Current Policies | Urban depot-only charging";"Diesel"
"OPEX";"Taxes";"IT";"Non-ETS CO2";"Rigid";"BAU";"EUR/tCO2";2040;"350";"Sensitivity | Current Policies | Urban depot-only charging";"Diesel"
"OPEX";"Taxes";"IT";"Non-ETS CO2";"Tractor-Trailer";"BAU";"EUR/tCO2";2040;"350";"Sensitivity | Current Policies | Urban depot-only charging";"Diesel"
"OPEX";"Taxes";"IT";"Non-ETS CO2";"Rigid";"PROG";"EUR/tCO2";2040;"350";"Sensitivity | Current Policies | Urban depot-only charging";"Diesel"
"OPEX";"Taxes";"IT";"Non-ETS CO2";"Tractor-Trailer";"PROG";"EUR/tCO2";2040;"350";"Sensitivity | Current Policies | Urban depot-only charging";"Diesel"
"OPEX";"Taxes";"NL";"Non-ETS CO2";"Rigid";"BAU";"EUR/tCO2";2040;"350";"Sensitivity | Current Policies | Urban depot-only charging";"Diesel"
"OPEX";"Taxes";"NL";"Non-ETS CO2";"Tractor-Trailer";"BAU";"EUR/tCO2";2040;"350";"Sensitivity | Current Policies | Urban depot-only charging";"Diesel"
"OPEX";"Taxes";"NL";"Non-ETS CO2";"Rigid";"PROG";"EUR/tCO2";2040;"350";"Sensitivity | Current Policies | Urban depot-only charging";"Diesel"
"OPEX";"Taxes";"NL";"Non-ETS CO2";"Tractor-Trailer";"PROG";"EUR/tCO2";2040;"350";"Sensitivity | Current Policies | Urban depot-only charging";"Diesel"
"OPEX";"Taxes";"PL";"Non-ETS CO2";"Rigid";"BAU";"EUR/tCO2";2040;"350";"Sensitivity | Current Policies | Urban depot-only charging";"Diesel"
"OPEX";"Taxes";"PL";"Non-ETS CO2";"Tractor-Trailer";"BAU";"EUR/tCO2";2040;"350";"Sensitivity | Current Policies | Urban depot-only charging";"Diesel"
"OPEX";"Taxes";"PL";"Non-ETS CO2";"Rigid";"PROG";"EUR/tCO2";2040;"350";"Sensitivity | Current Policies | Urban depot-only charging";"Diesel"
"OPEX";"Taxes";"PL";"Non-ETS CO2";"Tractor-Trailer";"PROG";"EUR/tCO2";2040;"350";"Sensitivity | Current Policies | Urban depot-only charging";"Diesel"
"OPEX";"Taxes";"UK";"Non-ETS CO2";"Rigid";"BAU";"EUR/tCO2";2040;"350";"Sensitivity | Current Policies | Urban depot-only charging";"Diesel"
"OPEX";"Taxes";"UK";"Non-ETS CO2";"Tractor-Trailer";"BAU";"EUR/tCO2";2040;"350";"Sensitivity | Current Policies | Urban depot-only charging";"Diesel"
"OPEX";"Taxes";"UK";"Non-ETS CO2";"Rigid";"PROG";"EUR/tCO2";2040;"350";"Sensitivity | Current Policies | Urban depot-only charging";"Diesel"
"OPEX";"Taxes";"UK";"Non-ETS CO2";"Tractor-Trailer";"PROG";"EUR/tCO2";2040;"350";"Sensitivity | Current Policies | Urban depot-only charging";"Diesel"
"OPEX";"Taxes";"DE";"Non-ETS CO2";"Rigid";"BAU";"EUR/tCO2";2045;"450";"Sensitivity | Current Policies | Urban depot-only charging";"Diesel"
"OPEX";"Taxes";"DE";"Non-ETS CO2";"Tractor-Trailer";"BAU";"EUR/tCO2";2045;"450";"Sensitivity | Current Policies | Urban depot-only charging";"Diesel"
"OPEX";"Taxes";"DE";"Non-ETS CO2";"Rigid";"PROG";"EUR/tCO2";2045;"450";"Sensitivity | Current Policies | Urban depot-only charging";"Diesel"
"OPEX";"Taxes";"DE";"Non-ETS CO2";"Tractor-Trailer";"PROG";"EUR/tCO2";2045;"450";"Sensitivity | Current Policies | Urban depot-only charging";"Diesel"
"OPEX";"Taxes";"ES";"Non-ETS CO2";"Rigid";"BAU";"EUR/tCO2";2045;"450";"Sensitivity | Current Policies | Urban depot-only charging";"Diesel"
"OPEX";"Taxes";"ES";"Non-ETS CO2";"Tractor-Trailer";"BAU";"EUR/tCO2";2045;"450";"Sensitivity | Current Policies | Urban depot-only charging";"Diesel"
"OPEX";"Taxes";"ES";"Non-ETS CO2";"Rigid";"PROG";"EUR/tCO2";2045;"450";"Sensitivity | Current Policies | Urban depot-only charging";"Diesel"
"OPEX";"Taxes";"ES";"Non-ETS CO2";"Tractor-Trailer";"PROG";"EUR/tCO2";2045;"450";"Sensitivity | Current Policies | Urban depot-only charging";"Diesel"
"OPEX";"Taxes";"FR";"Non-ETS CO2";"Rigid";"BAU";"EUR/tCO2";2045;"450";"Sensitivity | Current Policies | Urban depot-only charging";"Diesel"
"OPEX";"Taxes";"FR";"Non-ETS CO2";"Tractor-Trailer";"BAU";"EUR/tCO2";2045;"450";"Sensitivity | Current Policies | Urban depot-only charging";"Diesel"
"OPEX";"Taxes";"FR";"Non-ETS CO2";"Rigid";"PROG";"EUR/tCO2";2045;"450";"Sensitivity | Current Policies | Urban depot-only charging";"Diesel"
"OPEX";"Taxes";"FR";"Non-ETS CO2";"Tractor-Trailer";"PROG";"EUR/tCO2";2045;"450";"Sensitivity | Current Policies | Urban depot-only charging";"Diesel"
"OPEX";"Taxes";"IT";"Non-ETS CO2";"Rigid";"BAU";"EUR/tCO2";2045;"450";"Sensitivity | Current Policies | Urban depot-only charging";"Diesel"
"OPEX";"Taxes";"IT";"Non-ETS CO2";"Tractor-Trailer";"BAU";"EUR/tCO2";2045;"450";"Sensitivity | Current Policies | Urban depot-only charging";"Diesel"
"OPEX";"Taxes";"IT";"Non-ETS CO2";"Rigid";"PROG";"EUR/tCO2";2045;"450";"Sensitivity | Current Policies | Urban depot-only charging";"Diesel"
"OPEX";"Taxes";"IT";"Non-ETS CO2";"Tractor-Trailer";"PROG";"EUR/tCO2";2045;"450";"Sensitivity | Current Policies | Urban depot-only charging";"Diesel"
"OPEX";"Taxes";"NL";"Non-ETS CO2";"Rigid";"BAU";"EUR/tCO2";2045;"450";"Sensitivity | Current Policies | Urban depot-only charging";"Diesel"
"OPEX";"Taxes";"NL";"Non-ETS CO2";"Tractor-Trailer";"BAU";"EUR/tCO2";2045;"450";"Sensitivity | Current Policies | Urban depot-only charging";"Diesel"
"OPEX";"Taxes";"NL";"Non-ETS CO2";"Rigid";"PROG";"EUR/tCO2";2045;"450";"Sensitivity | Current Policies | Urban depot-only charging";"Diesel"
"OPEX";"Taxes";"NL";"Non-ETS CO2";"Tractor-Trailer";"PROG";"EUR/tCO2";2045;"450";"Sensitivity | Current Policies | Urban depot-only charging";"Diesel"
"OPEX";"Taxes";"PL";"Non-ETS CO2";"Rigid";"BAU";"EUR/tCO2";2045;"450";"Sensitivity | Current Policies | Urban depot-only charging";"Diesel"
"OPEX";"Taxes";"PL";"Non-ETS CO2";"Tractor-Trailer";"BAU";"EUR/tCO2";2045;"450";"Sensitivity | Current Policies | Urban depot-only charging";"Diesel"
"OPEX";"Taxes";"PL";"Non-ETS CO2";"Rigid";"PROG";"EUR/tCO2";2045;"450";"Sensitivity | Current Policies | Urban depot-only charging";"Diesel"
"OPEX";"Taxes";"PL";"Non-ETS CO2";"Tractor-Trailer";"PROG";"EUR/tCO2";2045;"450";"Sensitivity | Current Policies | Urban depot-only charging";"Diesel"
"OPEX";"Taxes";"UK";"Non-ETS CO2";"Rigid";"BAU";"EUR/tCO2";2045;"450";"Sensitivity | Current Policies | Urban depot-only charging";"Diesel"
"OPEX";"Taxes";"UK";"Non-ETS CO2";"Tractor-Trailer";"BAU";"EUR/tCO2";2045;"450";"Sensitivity | Current Policies | Urban depot-only charging";"Diesel"
"OPEX";"Taxes";"UK";"Non-ETS CO2";"Rigid";"PROG";"EUR/tCO2";2045;"450";"Sensitivity | Current Policies | Urban depot-only charging";"Diesel"
"OPEX";"Taxes";"UK";"Non-ETS CO2";"Tractor-Trailer";"PROG";"EUR/tCO2";2045;"450";"Sensitivity | Current Policies | Urban depot-only charging";"Diesel"
"OPEX";"Taxes";"DE";"Non-ETS CO2";"Rigid";"BAU";"EUR/tCO2";2050;"480";"Sensitivity | Current Policies | Urban depot-only charging";"Diesel"
"OPEX";"Taxes";"DE";"Non-ETS CO2";"Tractor-Trailer";"BAU";"EUR/tCO2";2050;"480";"Sensitivity | Current Policies | Urban depot-only charging";"Diesel"
"OPEX";"Taxes";"DE";"Non-ETS CO2";"Rigid";"PROG";"EUR/tCO2";2050;"480";"Sensitivity | Current Policies | Urban depot-only charging";"Diesel"
"OPEX";"Taxes";"DE";"Non-ETS CO2";"Tractor-Trailer";"PROG";"EUR/tCO2";2050;"480";"Sensitivity | Current Policies | Urban depot-only charging";"Diesel"
"OPEX";"Taxes";"ES";"Non-ETS CO2";"Rigid";"BAU";"EUR/tCO2";2050;"480";"Sensitivity | Current Policies | Urban depot-only charging";"Diesel"
"OPEX";"Taxes";"ES";"Non-ETS CO2";"Tractor-Trailer";"BAU";"EUR/tCO2";2050;"480";"Sensitivity | Current Policies | Urban depot-only charging";"Diesel"
"OPEX";"Taxes";"ES";"Non-ETS CO2";"Rigid";"PROG";"EUR/tCO2";2050;"480";"Sensitivity | Current Policies | Urban depot-only charging";"Diesel"
"OPEX";"Taxes";"ES";"Non-ETS CO2";"Tractor-Trailer";"PROG";"EUR/tCO2";2050;"480";"Sensitivity | Current Policies | Urban depot-only charging";"Diesel"
"OPEX";"Taxes";"FR";"Non-ETS CO2";"Rigid";"BAU";"EUR/tCO2";2050;"480";"Sensitivity | Current Policies | Urban depot-only charging";"Diesel"
"OPEX";"Taxes";"FR";"Non-ETS CO2";"Tractor-Trailer";"BAU";"EUR/tCO2";2050;"480";"Sensitivity | Current Policies | Urban depot-only charging";"Diesel"
"OPEX";"Taxes";"FR";"Non-ETS CO2";"Rigid";"PROG";"EUR/tCO2";2050;"480";"Sensitivity | Current Policies | Urban depot-only charging";"Diesel"
"OPEX";"Taxes";"FR";"Non-ETS CO2";"Tractor-Trailer";"PROG";"EUR/tCO2";2050;"480";"Sensitivity | Current Policies | Urban depot-only charging";"Diesel"
"OPEX";"Taxes";"IT";"Non-ETS CO2";"Rigid";"BAU";"EUR/tCO2";2050;"480";"Sensitivity | Current Policies | Urban depot-only charging";"Diesel"
"OPEX";"Taxes";"IT";"Non-ETS CO2";"Tractor-Trailer";"BAU";"EUR/tCO2";2050;"480";"Sensitivity | Current Policies | Urban depot-only charging";"Diesel"
"OPEX";"Taxes";"IT";"Non-ETS CO2";"Rigid";"PROG";"EUR/tCO2";2050;"480";"Sensitivity | Current Policies | Urban depot-only charging";"Diesel"
"OPEX";"Taxes";"IT";"Non-ETS CO2";"Tractor-Trailer";"PROG";"EUR/tCO2";2050;"480";"Sensitivity | Current Policies | Urban depot-only charging";"Diesel"
"OPEX";"Taxes";"NL";"Non-ETS CO2";"Rigid";"BAU";"EUR/tCO2";2050;"480";"Sensitivity | Current Policies | Urban depot-only charging";"Diesel"
"OPEX";"Taxes";"NL";"Non-ETS CO2";"Tractor-Trailer";"BAU";"EUR/tCO2";2050;"480";"Sensitivity | Current Policies | Urban depot-only charging";"Diesel"
"OPEX";"Taxes";"NL";"Non-ETS CO2";"Rigid";"PROG";"EUR/tCO2";2050;"480";"Sensitivity | Current Policies | Urban depot-only charging";"Diesel"
"OPEX";"Taxes";"NL";"Non-ETS CO2";"Tractor-Trailer";"PROG";"EUR/tCO2";2050;"480";"Sensitivity | Current Policies | Urban depot-only charging";"Diesel"
"OPEX";"Taxes";"PL";"Non-ETS CO2";"Rigid";"BAU";"EUR/tCO2";2050;"480";"Sensitivity | Current Policies | Urban depot-only charging";"Diesel"
"OPEX";"Taxes";"PL";"Non-ETS CO2";"Tractor-Trailer";"BAU";"EUR/tCO2";2050;"480";"Sensitivity | Current Policies | Urban depot-only charging";"Diesel"
"OPEX";"Taxes";"PL";"Non-ETS CO2";"Rigid";"PROG";"EUR/tCO2";2050;"480";"Sensitivity | Current Policies | Urban depot-only charging";"Diesel"
"OPEX";"Taxes";"PL";"Non-ETS CO2";"Tractor-Trailer";"PROG";"EUR/tCO2";2050;"480";"Sensitivity | Current Policies | Urban depot-only charging";"Diesel"
"OPEX";"Taxes";"UK";"Non-ETS CO2";"Rigid";"BAU";"EUR/tCO2";2050;"480";"Sensitivity | Current Policies | Urban depot-only charging";"Diesel"
"OPEX";"Taxes";"UK";"Non-ETS CO2";"Tractor-Trailer";"BAU";"EUR/tCO2";2050;"480";"Sensitivity | Current Policies | Urban depot-only charging";"Diesel"
"OPEX";"Taxes";"UK";"Non-ETS CO2";"Rigid";"PROG";"EUR/tCO2";2050;"480";"Sensitivity | Current Policies | Urban depot-only charging";"Diesel"
"OPEX";"Taxes";"UK";"Non-ETS CO2";"Tractor-Trailer";"PROG";"EUR/tCO2";2050;"480";"Sensitivity | Current Policies | Urban depot-only charging";"Diesel"
"OPEX";"Taxes";"DE";"Network Costs - MCS";"Rigid";"PROG";"EUR/kWh";2030;"0.038";"Sensitivity | Current Policies | Removed CO2 price";"Electricity"
"OPEX";"Taxes";"DE";"Network Costs - MCS";"Tractor-Trailer";"PROG";"EUR/kWh";2030;"0.038";"Sensitivity | Current Policies | Removed CO2 price";"Electricity"
"OPEX";"Taxes";"ES";"Network Costs - MCS";"Rigid";"PROG";"EUR/kWh";2030;"0.018";"Sensitivity | Current Policies | Removed CO2 price";"Electricity"
"OPEX";"Taxes";"ES";"Network Costs - MCS";"Tractor-Trailer";"PROG";"EUR/kWh";2030;"0.018";"Sensitivity | Current Policies | Removed CO2 price";"Electricity"
"OPEX";"Taxes";"FR";"Network Costs - MCS";"Rigid";"PROG";"EUR/kWh";2030;"0.018";"Sensitivity | Current Policies | Removed CO2 price";"Electricity"
"OPEX";"Taxes";"FR";"Network Costs - MCS";"Tractor-Trailer";"PROG";"EUR/kWh";2030;"0.018";"Sensitivity | Current Policies | Removed CO2 price";"Electricity"
"OPEX";"Taxes";"IT";"Network Costs - MCS";"Rigid";"PROG";"EUR/kWh";2030;"0.016";"Sensitivity | Current Policies | Removed CO2 price";"Electricity"
"OPEX";"Taxes";"IT";"Network Costs - MCS";"Tractor-Trailer";"PROG";"EUR/kWh";2030;"0.016";"Sensitivity | Current Policies | Removed CO2 price";"Electricity"
"OPEX";"Taxes";"NL";"Network Costs - MCS";"Rigid";"PROG";"EUR/kWh";2030;"0.016";"Sensitivity | Current Policies | Removed CO2 price";"Electricity"
"OPEX";"Taxes";"NL";"Network Costs - MCS";"Tractor-Trailer";"PROG";"EUR/kWh";2030;"0.016";"Sensitivity | Current Policies | Removed CO2 price";"Electricity"
"OPEX";"Taxes";"PL";"Network Costs - MCS";"Rigid";"PROG";"EUR/kWh";2030;"0.019";"Sensitivity | Current Policies | Removed CO2 price";"Electricity"
"OPEX";"Taxes";"PL";"Network Costs - MCS";"Tractor-Trailer";"PROG";"EUR/kWh";2030;"0.019";"Sensitivity | Current Policies | Removed CO2 price";"Electricity"
"OPEX";"Taxes";"UK";"Network Costs - MCS";"Rigid";"PROG";"EUR/kWh";2030;"0.027";"Sensitivity | Current Policies | Removed CO2 price";"Electricity"
"OPEX";"Taxes";"UK";"Network Costs - MCS";"Tractor-Trailer";"PROG";"EUR/kWh";2030;"0.027";"Sensitivity | Current Policies | Removed CO2 price";"Electricity"
"OPEX";"Taxes";"DE";"Taxes, Fees, Levies and charges - MCS";"Rigid";"PROG";"EUR/kWh";2030;"0.073";"Sensitivity | Current Policies | Removed CO2 price";"Electricity"
"OPEX";"Taxes";"DE";"Taxes, Fees, Levies and charges - MCS";"Tractor-Trailer";"PROG";"EUR/kWh";2030;"0.073";"Sensitivity | Current Policies | Removed CO2 price";"Electricity"
"OPEX";"Taxes";"ES";"Taxes, Fees, Levies and charges - MCS";"Rigid";"PROG";"EUR/kWh";2030;"0.036";"Sensitivity | Current Policies | Removed CO2 price";"Electricity"
"OPEX";"Taxes";"ES";"Taxes, Fees, Levies and charges - MCS";"Tractor-Trailer";"PROG";"EUR/kWh";2030;"0.036";"Sensitivity | Current Policies | Removed CO2 price";"Electricity"
"OPEX";"Taxes";"FR";"Taxes, Fees, Levies and charges - MCS";"Rigid";"PROG";"EUR/kWh";2030;"0.03";"Sensitivity | Current Policies | Removed CO2 price";"Electricity"
"OPEX";"Taxes";"FR";"Taxes, Fees, Levies and charges - MCS";"Tractor-Trailer";"PROG";"EUR/kWh";2030;"0.03";"Sensitivity | Current Policies | Removed CO2 price";"Electricity"
"OPEX";"Taxes";"IT";"Taxes, Fees, Levies and charges - MCS";"Rigid";"PROG";"EUR/kWh";2030;"0.063";"Sensitivity | Current Policies | Removed CO2 price";"Electricity"
"OPEX";"Taxes";"IT";"Taxes, Fees, Levies and charges - MCS";"Tractor-Trailer";"PROG";"EUR/kWh";2030;"0.063";"Sensitivity | Current Policies | Removed CO2 price";"Electricity"
"OPEX";"Taxes";"NL";"Taxes, Fees, Levies and charges - MCS";"Rigid";"PROG";"EUR/kWh";2030;"0.055";"Sensitivity | Current Policies | Removed CO2 price";"Electricity"
"OPEX";"Taxes";"NL";"Taxes, Fees, Levies and charges - MCS";"Tractor-Trailer";"PROG";"EUR/kWh";2030;"0.055";"Sensitivity | Current Policies | Removed CO2 price";"Electricity"
"OPEX";"Taxes";"PL";"Taxes, Fees, Levies and charges - MCS";"Rigid";"PROG";"EUR/kWh";2030;"0.049";"Sensitivity | Current Policies | Removed CO2 price";"Electricity"
"OPEX";"Taxes";"PL";"Taxes, Fees, Levies and charges - MCS";"Tractor-Trailer";"PROG";"EUR/kWh";2030;"0.049";"Sensitivity | Current Policies | Removed CO2 price";"Electricity"
"OPEX";"Taxes";"UK";"Taxes, Fees, Levies and charges - MCS";"Rigid";"PROG";"EUR/kWh";2030;"0.077";"Sensitivity | Current Policies | Removed CO2 price";"Electricity"
"OPEX";"Taxes";"UK";"Taxes, Fees, Levies and charges - MCS";"Tractor-Trailer";"PROG";"EUR/kWh";2030;"0.077";"Sensitivity | Current Policies | Removed CO2 price";"Electricity"
"OPEX";"Taxes";"DE";"Network Costs - Depot";"Rigid";"PROG";"EUR/kWh";2030;"0.044";"Sensitivity | Current Policies | Removed CO2 price";"Electricity"
"OPEX";"Taxes";"DE";"Network Costs - Depot";"Tractor-Trailer";"PROG";"EUR/kWh";2030;"0.044";"Sensitivity | Current Policies | Removed CO2 price";"Electricity"
"OPEX";"Taxes";"ES";"Network Costs - Depot";"Rigid";"PROG";"EUR/kWh";2030;"0.031";"Sensitivity | Current Policies | Removed CO2 price";"Electricity"
"OPEX";"Taxes";"ES";"Network Costs - Depot";"Tractor-Trailer";"PROG";"EUR/kWh";2030;"0.031";"Sensitivity | Current Policies | Removed CO2 price";"Electricity"
"OPEX";"Taxes";"FR";"Network Costs - Depot";"Rigid";"PROG";"EUR/kWh";2030;"0.024";"Sensitivity | Current Policies | Removed CO2 price";"Electricity"
"OPEX";"Taxes";"FR";"Network Costs - Depot";"Tractor-Trailer";"PROG";"EUR/kWh";2030;"0.024";"Sensitivity | Current Policies | Removed CO2 price";"Electricity"
"OPEX";"Taxes";"IT";"Network Costs - Depot";"Rigid";"PROG";"EUR/kWh";2030;"0.018";"Sensitivity | Current Policies | Removed CO2 price";"Electricity"
"OPEX";"Taxes";"IT";"Network Costs - Depot";"Tractor-Trailer";"PROG";"EUR/kWh";2030;"0.018";"Sensitivity | Current Policies | Removed CO2 price";"Electricity"
"OPEX";"Taxes";"NL";"Network Costs - Depot";"Rigid";"PROG";"EUR/kWh";2030;"0.019";"Sensitivity | Current Policies | Removed CO2 price";"Electricity"
"OPEX";"Taxes";"NL";"Network Costs - Depot";"Tractor-Trailer";"PROG";"EUR/kWh";2030;"0.019";"Sensitivity | Current Policies | Removed CO2 price";"Electricity"
"OPEX";"Taxes";"PL";"Network Costs - Depot";"Rigid";"PROG";"EUR/kWh";2030;"0.026";"Sensitivity | Current Policies | Removed CO2 price";"Electricity"
"OPEX";"Taxes";"PL";"Network Costs - Depot";"Tractor-Trailer";"PROG";"EUR/kWh";2030;"0.026";"Sensitivity | Current Policies | Removed CO2 price";"Electricity"
"OPEX";"Taxes";"UK";"Network Costs - Depot";"Rigid";"PROG";"EUR/kWh";2030;"0.029";"Sensitivity | Current Policies | Removed CO2 price";"Electricity"
"OPEX";"Taxes";"UK";"Network Costs - Depot";"Tractor-Trailer";"PROG";"EUR/kWh";2030;"0.029";"Sensitivity | Current Policies | Removed CO2 price";"Electricity"
"OPEX";"Taxes";"DE";"Taxes, Fees, Levies and charges - Depot";"Rigid";"PROG";"EUR/kWh";2030;"0.062";"Sensitivity | Current Policies | Removed CO2 price";"Electricity"
"OPEX";"Taxes";"DE";"Taxes, Fees, Levies and charges - Depot";"Tractor-Trailer";"PROG";"EUR/kWh";2030;"0.062";"Sensitivity | Current Policies | Removed CO2 price";"Electricity"
"OPEX";"Taxes";"ES";"Taxes, Fees, Levies and charges - Depot";"Rigid";"PROG";"EUR/kWh";2030;"0.054";"Sensitivity | Current Policies | Removed CO2 price";"Electricity"
"OPEX";"Taxes";"ES";"Taxes, Fees, Levies and charges - Depot";"Tractor-Trailer";"PROG";"EUR/kWh";2030;"0.054";"Sensitivity | Current Policies | Removed CO2 price";"Electricity"
"OPEX";"Taxes";"FR";"Taxes, Fees, Levies and charges - Depot";"Rigid";"PROG";"EUR/kWh";2030;"0.04";"Sensitivity | Current Policies | Removed CO2 price";"Electricity"
"OPEX";"Taxes";"FR";"Taxes, Fees, Levies and charges - Depot";"Tractor-Trailer";"PROG";"EUR/kWh";2030;"0.04";"Sensitivity | Current Policies | Removed CO2 price";"Electricity"
"OPEX";"Taxes";"IT";"Taxes, Fees, Levies and charges - Depot";"Rigid";"PROG";"EUR/kWh";2030;"0.088";"Sensitivity | Current Policies | Removed CO2 price";"Electricity"
"OPEX";"Taxes";"IT";"Taxes, Fees, Levies and charges - Depot";"Tractor-Trailer";"PROG";"EUR/kWh";2030;"0.088";"Sensitivity | Current Policies | Removed CO2 price";"Electricity"
"OPEX";"Taxes";"NL";"Taxes, Fees, Levies and charges - Depot";"Rigid";"PROG";"EUR/kWh";2030;"0.058";"Sensitivity | Current Policies | Removed CO2 price";"Electricity"
"OPEX";"Taxes";"NL";"Taxes, Fees, Levies and charges - Depot";"Tractor-Trailer";"PROG";"EUR/kWh";2030;"0.058";"Sensitivity | Current Policies | Removed CO2 price";"Electricity"
"OPEX";"Taxes";"PL";"Taxes, Fees, Levies and charges - Depot";"Rigid";"PROG";"EUR/kWh";2030;"0.053";"Sensitivity | Current Policies | Removed CO2 price";"Electricity"
"OPEX";"Taxes";"PL";"Taxes, Fees, Levies and charges - Depot";"Tractor-Trailer";"PROG";"EUR/kWh";2030;"0.053";"Sensitivity | Current Policies | Removed CO2 price";"Electricity"
"OPEX";"Taxes";"UK";"Taxes, Fees, Levies and charges - Depot";"Rigid";"PROG";"EUR/kWh";2030;"0.086";"Sensitivity | Current Policies | Removed CO2 price";"Electricity"
"OPEX";"Taxes";"UK";"Taxes, Fees, Levies and charges - Depot";"Tractor-Trailer";"PROG";"EUR/kWh";2030;"0.086";"Sensitivity | Current Policies | Removed CO2 price";"Electricity"
"OPEX";"H2 Infrastructure";"DE";"HRS costs";"Rigid";"PROG";"EUR/kg H2";2030;"1.1";"Sensitivity | Current Policies | Removed CO2 price";"Hydrogen"
"OPEX";"H2 Infrastructure";"DE";"HRS costs";"Tractor-Trailer";"PROG";"EUR/kg H2";2030;"1.1";"Sensitivity | Current Policies | Removed CO2 price";"Hydrogen"
"OPEX";"H2 Infrastructure";"ES";"HRS costs";"Rigid";"PROG";"EUR/kg H2";2030;"1.1";"Sensitivity | Current Policies | Removed CO2 price";"Hydrogen"
"OPEX";"H2 Infrastructure";"ES";"HRS costs";"Tractor-Trailer";"PROG";"EUR/kg H2";2030;"1.1";"Sensitivity | Current Policies | Removed CO2 price";"Hydrogen"
"OPEX";"H2 Infrastructure";"FR";"HRS costs";"Rigid";"PROG";"EUR/kg H2";2030;"1.1";"Sensitivity | Current Policies | Removed CO2 price";"Hydrogen"
"OPEX";"H2 Infrastructure";"FR";"HRS costs";"Tractor-Trailer";"PROG";"EUR/kg H2";2030;"1.1";"Sensitivity | Current Policies | Removed CO2 price";"Hydrogen"
"OPEX";"H2 Infrastructure";"IT";"HRS costs";"Rigid";"PROG";"EUR/kg H2";2030;"1.1";"Sensitivity | Current Policies | Removed CO2 price";"Hydrogen"
"OPEX";"H2 Infrastructure";"IT";"HRS costs";"Tractor-Trailer";"PROG";"EUR/kg H2";2030;"1.1";"Sensitivity | Current Policies | Removed CO2 price";"Hydrogen"
"OPEX";"H2 Infrastructure";"NL";"HRS costs";"Rigid";"PROG";"EUR/kg H2";2030;"1.1";"Sensitivity | Current Policies | Removed CO2 price";"Hydrogen"
"OPEX";"H2 Infrastructure";"NL";"HRS costs";"Tractor-Trailer";"PROG";"EUR/kg H2";2030;"1.1";"Sensitivity | Current Policies | Removed CO2 price";"Hydrogen"
"OPEX";"H2 Infrastructure";"PL";"HRS costs";"Rigid";"PROG";"EUR/kg H2";2030;"1.1";"Sensitivity | Current Policies | Removed CO2 price";"Hydrogen"
"OPEX";"H2 Infrastructure";"PL";"HRS costs";"Tractor-Trailer";"PROG";"EUR/kg H2";2030;"1.1";"Sensitivity | Current Policies | Removed CO2 price";"Hydrogen"
"OPEX";"H2 Infrastructure";"UK";"HRS costs";"Rigid";"PROG";"EUR/kg H2";2030;"1.1";"Sensitivity | Current Policies | Removed CO2 price";"Hydrogen"
"OPEX";"H2 Infrastructure";"UK";"HRS costs";"Tractor-Trailer";"PROG";"EUR/kg H2";2030;"1.1";"Sensitivity | Current Policies | Removed CO2 price";"Hydrogen"
"OPEX";"H2 Infrastructure";"DE";"H2 transport and distribution";"Rigid";"PROG";"EUR/kg H2";2030;"1";"Sensitivity | Current Policies | Removed CO2 price";"Hydrogen"
"OPEX";"H2 Infrastructure";"DE";"H2 transport and distribution";"Tractor-Trailer";"PROG";"EUR/kg H2";2030;"1";"Sensitivity | Current Policies | Removed CO2 price";"Hydrogen"
"OPEX";"H2 Infrastructure";"ES";"H2 transport and distribution";"Rigid";"PROG";"EUR/kg H2";2030;"1";"Sensitivity | Current Policies | Removed CO2 price";"Hydrogen"
"OPEX";"H2 Infrastructure";"ES";"H2 transport and distribution";"Tractor-Trailer";"PROG";"EUR/kg H2";2030;"1";"Sensitivity | Current Policies | Removed CO2 price";"Hydrogen"
"OPEX";"H2 Infrastructure";"FR";"H2 transport and distribution";"Rigid";"PROG";"EUR/kg H2";2030;"1";"Sensitivity | Current Policies | Removed CO2 price";"Hydrogen"
"OPEX";"H2 Infrastructure";"FR";"H2 transport and distribution";"Tractor-Trailer";"PROG";"EUR/kg H2";2030;"1";"Sensitivity | Current Policies | Removed CO2 price";"Hydrogen"
"OPEX";"H2 Infrastructure";"IT";"H2 transport and distribution";"Rigid";"PROG";"EUR/kg H2";2030;"1";"Sensitivity | Current Policies | Removed CO2 price";"Hydrogen"
"OPEX";"H2 Infrastructure";"IT";"H2 transport and distribution";"Tractor-Trailer";"PROG";"EUR/kg H2";2030;"1";"Sensitivity | Current Policies | Removed CO2 price";"Hydrogen"
"OPEX";"H2 Infrastructure";"NL";"H2 transport and distribution";"Rigid";"PROG";"EUR/kg H2";2030;"1";"Sensitivity | Current Policies | Removed CO2 price";"Hydrogen"
"OPEX";"H2 Infrastructure";"NL";"H2 transport and distribution";"Tractor-Trailer";"PROG";"EUR/kg H2";2030;"1";"Sensitivity | Current Policies | Removed CO2 price";"Hydrogen"
"OPEX";"H2 Infrastructure";"PL";"H2 transport and distribution";"Rigid";"PROG";"EUR/kg H2";2030;"1";"Sensitivity | Current Policies | Removed CO2 price";"Hydrogen"
"OPEX";"H2 Infrastructure";"PL";"H2 transport and distribution";"Tractor-Trailer";"PROG";"EUR/kg H2";2030;"1";"Sensitivity | Current Policies | Removed CO2 price";"Hydrogen"
"OPEX";"H2 Infrastructure";"UK";"H2 transport and distribution";"Rigid";"PROG";"EUR/kg H2";2030;"1";"Sensitivity | Current Policies | Removed CO2 price";"Hydrogen"
"OPEX";"H2 Infrastructure";"UK";"H2 transport and distribution";"Tractor-Trailer";"PROG";"EUR/kg H2";2030;"1";"Sensitivity | Current Policies | Removed CO2 price";"Hydrogen"
"OPEX";"H2 Infrastructure";"DE";"HRS Overhead, Profit and Mark-Up";"Rigid";"PROG";"EUR/kg H2";2030;"0.25";"Sensitivity | Current Policies | Removed CO2 price";"Hydrogen"
"OPEX";"H2 Infrastructure";"DE";"HRS Overhead, Profit and Mark-Up";"Tractor-Trailer";"PROG";"EUR/kg H2";2030;"0.25";"Sensitivity | Current Policies | Removed CO2 price";"Hydrogen"
"OPEX";"H2 Infrastructure";"ES";"HRS Overhead, Profit and Mark-Up";"Rigid";"PROG";"EUR/kg H2";2030;"0.25";"Sensitivity | Current Policies | Removed CO2 price";"Hydrogen"
"OPEX";"H2 Infrastructure";"ES";"HRS Overhead, Profit and Mark-Up";"Tractor-Trailer";"PROG";"EUR/kg H2";2030;"0.25";"Sensitivity | Current Policies | Removed CO2 price";"Hydrogen"
"OPEX";"H2 Infrastructure";"FR";"HRS Overhead, Profit and Mark-Up";"Rigid";"PROG";"EUR/kg H2";2030;"0.25";"Sensitivity | Current Policies | Removed CO2 price";"Hydrogen"
"OPEX";"H2 Infrastructure";"FR";"HRS Overhead, Profit and Mark-Up";"Tractor-Trailer";"PROG";"EUR/kg H2";2030;"0.25";"Sensitivity | Current Policies | Removed CO2 price";"Hydrogen"
"OPEX";"H2 Infrastructure";"IT";"HRS Overhead, Profit and Mark-Up";"Rigid";"PROG";"EUR/kg H2";2030;"0.25";"Sensitivity | Current Policies | Removed CO2 price";"Hydrogen"
"OPEX";"H2 Infrastructure";"IT";"HRS Overhead, Profit and Mark-Up";"Tractor-Trailer";"PROG";"EUR/kg H2";2030;"0.25";"Sensitivity | Current Policies | Removed CO2 price";"Hydrogen"
"OPEX";"H2 Infrastructure";"NL";"HRS Overhead, Profit and Mark-Up";"Rigid";"PROG";"EUR/kg H2";2030;"0.25";"Sensitivity | Current Policies | Removed CO2 price";"Hydrogen"
"OPEX";"H2 Infrastructure";"NL";"HRS Overhead, Profit and Mark-Up";"Tractor-Trailer";"PROG";"EUR/kg H2";2030;"0.25";"Sensitivity | Current Policies | Removed CO2 price";"Hydrogen"
"OPEX";"H2 Infrastructure";"PL";"HRS Overhead, Profit and Mark-Up";"Rigid";"PROG";"EUR/kg H2";2030;"0.25";"Sensitivity | Current Policies | Removed CO2 price";"Hydrogen"
"OPEX";"H2 Infrastructure";"PL";"HRS Overhead, Profit and Mark-Up";"Tractor-Trailer";"PROG";"EUR/kg H2";2030;"0.25";"Sensitivity | Current Policies | Removed CO2 price";"Hydrogen"
"OPEX";"H2 Infrastructure";"UK";"HRS Overhead, Profit and Mark-Up";"Rigid";"PROG";"EUR/kg H2";2030;"0.25";"Sensitivity | Current Policies | Removed CO2 price";"Hydrogen"
"OPEX";"H2 Infrastructure";"UK";"HRS Overhead, Profit and Mark-Up";"Tractor-Trailer";"PROG";"EUR/kg H2";2030;"0.25";"Sensitivity | Current Policies | Removed CO2 price";"Hydrogen"
"OPEX";"Charging Infrastructure";"DE";"MCS Station (Public Charging) - Incl. Overhead";"Rigid";"PROG";"EUR/kWh";2030;"0.053";"Sensitivity | Current Policies | Removed CO2 price";"Electricity"
"OPEX";"Charging Infrastructure";"DE";"MCS Station (Public Charging) - Incl. Overhead";"Tractor-Trailer";"PROG";"EUR/kWh";2030;"0.053";"Sensitivity | Current Policies | Removed CO2 price";"Electricity"
"OPEX";"Charging Infrastructure";"ES";"MCS Station (Public Charging) - Incl. Overhead";"Rigid";"PROG";"EUR/kWh";2030;"0.053";"Sensitivity | Current Policies | Removed CO2 price";"Electricity"
"OPEX";"Charging Infrastructure";"ES";"MCS Station (Public Charging) - Incl. Overhead";"Tractor-Trailer";"PROG";"EUR/kWh";2030;"0.053";"Sensitivity | Current Policies | Removed CO2 price";"Electricity"
"OPEX";"Charging Infrastructure";"FR";"MCS Station (Public Charging) - Incl. Overhead";"Rigid";"PROG";"EUR/kWh";2030;"0.053";"Sensitivity | Current Policies | Removed CO2 price";"Electricity"
"OPEX";"Charging Infrastructure";"FR";"MCS Station (Public Charging) - Incl. Overhead";"Tractor-Trailer";"PROG";"EUR/kWh";2030;"0.053";"Sensitivity | Current Policies | Removed CO2 price";"Electricity"
"OPEX";"Charging Infrastructure";"IT";"MCS Station (Public Charging) - Incl. Overhead";"Rigid";"PROG";"EUR/kWh";2030;"0.053";"Sensitivity | Current Policies | Removed CO2 price";"Electricity"
"OPEX";"Charging Infrastructure";"IT";"MCS Station (Public Charging) - Incl. Overhead";"Tractor-Trailer";"PROG";"EUR/kWh";2030;"0.053";"Sensitivity | Current Policies | Removed CO2 price";"Electricity"
"OPEX";"Charging Infrastructure";"NL";"MCS Station (Public Charging) - Incl. Overhead";"Rigid";"PROG";"EUR/kWh";2030;"0.053";"Sensitivity | Current Policies | Removed CO2 price";"Electricity"
"OPEX";"Charging Infrastructure";"NL";"MCS Station (Public Charging) - Incl. Overhead";"Tractor-Trailer";"PROG";"EUR/kWh";2030;"0.053";"Sensitivity | Current Policies | Removed CO2 price";"Electricity"
"OPEX";"Charging Infrastructure";"PL";"MCS Station (Public Charging) - Incl. Overhead";"Rigid";"PROG";"EUR/kWh";2030;"0.053";"Sensitivity | Current Policies | Removed CO2 price";"Electricity"
"OPEX";"Charging Infrastructure";"PL";"MCS Station (Public Charging) - Incl. Overhead";"Tractor-Trailer";"PROG";"EUR/kWh";2030;"0.053";"Sensitivity | Current Policies | Removed CO2 price";"Electricity"
"OPEX";"Charging Infrastructure";"UK";"MCS Station (Public Charging) - Incl. Overhead";"Rigid";"PROG";"EUR/kWh";2030;"0.053";"Sensitivity | Current Policies | Removed CO2 price";"Electricity"
"OPEX";"Charging Infrastructure";"UK";"MCS Station (Public Charging) - Incl. Overhead";"Tractor-Trailer";"PROG";"EUR/kWh";2030;"0.053";"Sensitivity | Current Policies | Removed CO2 price";"Electricity"
"OPEX";"Charging Infrastructure";"DE";"Share MCS-Charging";"Rigid";"PROG";"%";2030;"0.2";"Sensitivity | Current Policies | Removed CO2 price";"Electricity"
"OPEX";"Charging Infrastructure";"DE";"Share MCS-Charging";"Tractor-Trailer";"PROG";"%";2030;"0.2";"Sensitivity | Current Policies | Removed CO2 price";"Electricity"
"OPEX";"Charging Infrastructure";"ES";"Share MCS-Charging";"Rigid";"PROG";"%";2030;"0.2";"Sensitivity | Current Policies | Removed CO2 price";"Electricity"
"OPEX";"Charging Infrastructure";"ES";"Share MCS-Charging";"Tractor-Trailer";"PROG";"%";2030;"0.2";"Sensitivity | Current Policies | Removed CO2 price";"Electricity"
"OPEX";"Charging Infrastructure";"FR";"Share MCS-Charging";"Rigid";"PROG";"%";2030;"0.2";"Sensitivity | Current Policies | Removed CO2 price";"Electricity"
"OPEX";"Charging Infrastructure";"FR";"Share MCS-Charging";"Tractor-Trailer";"PROG";"%";2030;"0.2";"Sensitivity | Current Policies | Removed CO2 price";"Electricity"
"OPEX";"Charging Infrastructure";"IT";"Share MCS-Charging";"Rigid";"PROG";"%";2030;"0.2";"Sensitivity | Current Policies | Removed CO2 price";"Electricity"
"OPEX";"Charging Infrastructure";"IT";"Share MCS-Charging";"Tractor-Trailer";"PROG";"%";2030;"0.2";"Sensitivity | Current Policies | Removed CO2 price";"Electricity"
"OPEX";"Charging Infrastructure";"NL";"Share MCS-Charging";"Rigid";"PROG";"%";2030;"0.2";"Sensitivity | Current Policies | Removed CO2 price";"Electricity"
"OPEX";"Charging Infrastructure";"NL";"Share MCS-Charging";"Tractor-Trailer";"PROG";"%";2030;"0.2";"Sensitivity | Current Policies | Removed CO2 price";"Electricity"
"OPEX";"Charging Infrastructure";"PL";"Share MCS-Charging";"Rigid";"PROG";"%";2030;"0.2";"Sensitivity | Current Policies | Removed CO2 price";"Electricity"
"OPEX";"Charging Infrastructure";"PL";"Share MCS-Charging";"Tractor-Trailer";"PROG";"%";2030;"0.2";"Sensitivity | Current Policies | Removed CO2 price";"Electricity"
"OPEX";"Charging Infrastructure";"UK";"Share MCS-Charging";"Rigid";"PROG";"%";2030;"0.2";"Sensitivity | Current Policies | Removed CO2 price";"Electricity"
"OPEX";"Charging Infrastructure";"UK";"Share MCS-Charging";"Tractor-Trailer";"PROG";"%";2030;"0.2";"Sensitivity | Current Policies | Removed CO2 price";"Electricity"
"OPEX";"Charging Infrastructure";"DE";"Depot - Network fees savings potential";"Rigid";"PROG";"EUR/kWh";2030;"-0.01";"Sensitivity | Current Policies | Removed CO2 price";"Electricity"
"OPEX";"Charging Infrastructure";"DE";"Depot - Network fees savings potential";"Tractor-Trailer";"PROG";"EUR/kWh";2030;"-0.01";"Sensitivity | Current Policies | Removed CO2 price";"Electricity"
"OPEX";"Charging Infrastructure";"ES";"Depot - Network fees savings potential";"Rigid";"PROG";"EUR/kWh";2030;"-0.01";"Sensitivity | Current Policies | Removed CO2 price";"Electricity"
"OPEX";"Charging Infrastructure";"ES";"Depot - Network fees savings potential";"Tractor-Trailer";"PROG";"EUR/kWh";2030;"-0.01";"Sensitivity | Current Policies | Removed CO2 price";"Electricity"
"OPEX";"Charging Infrastructure";"FR";"Depot - Network fees savings potential";"Rigid";"PROG";"EUR/kWh";2030;"-0.01";"Sensitivity | Current Policies | Removed CO2 price";"Electricity"
"OPEX";"Charging Infrastructure";"FR";"Depot - Network fees savings potential";"Tractor-Trailer";"PROG";"EUR/kWh";2030;"-0.01";"Sensitivity | Current Policies | Removed CO2 price";"Electricity"
"OPEX";"Charging Infrastructure";"IT";"Depot - Network fees savings potential";"Rigid";"PROG";"EUR/kWh";2030;"-0.01";"Sensitivity | Current Policies | Removed CO2 price";"Electricity"
"OPEX";"Charging Infrastructure";"IT";"Depot - Network fees savings potential";"Tractor-Trailer";"PROG";"EUR/kWh";2030;"-0.01";"Sensitivity | Current Policies | Removed CO2 price";"Electricity"
"OPEX";"Charging Infrastructure";"NL";"Depot - Network fees savings potential";"Rigid";"PROG";"EUR/kWh";2030;"-0.01";"Sensitivity | Current Policies | Removed CO2 price";"Electricity"
"OPEX";"Charging Infrastructure";"NL";"Depot - Network fees savings potential";"Tractor-Trailer";"PROG";"EUR/kWh";2030;"-0.01";"Sensitivity | Current Policies | Removed CO2 price";"Electricity"
"OPEX";"Charging Infrastructure";"PL";"Depot - Network fees savings potential";"Rigid";"PROG";"EUR/kWh";2030;"-0.01";"Sensitivity | Current Policies | Removed CO2 price";"Electricity"
"OPEX";"Charging Infrastructure";"PL";"Depot - Network fees savings potential";"Tractor-Trailer";"PROG";"EUR/kWh";2030;"-0.01";"Sensitivity | Current Policies | Removed CO2 price";"Electricity"
"OPEX";"Charging Infrastructure";"UK";"Depot - Network fees savings potential";"Rigid";"PROG";"EUR/kWh";2030;"-0.01";"Sensitivity | Current Policies | Removed CO2 price";"Electricity"
"OPEX";"Charging Infrastructure";"UK";"Depot - Network fees savings potential";"Tractor-Trailer";"PROG";"EUR/kWh";2030;"-0.01";"Sensitivity | Current Policies | Removed CO2 price";"Electricity"
"OPEX";"Taxes";"DE";"Tax reduction";"Rigid";"PROG";"%";2030;"-1";"Sensitivity | Current Policies | Removed CO2 price";"Hydrogen"
"OPEX";"Taxes";"DE";"Tax reduction";"Tractor-Trailer";"PROG";"%";2030;"-1";"Sensitivity | Current Policies | Removed CO2 price";"Hydrogen"
"OPEX";"Taxes";"ES";"Tax reduction";"Rigid";"PROG";"%";2030;"-1";"Sensitivity | Current Policies | Removed CO2 price";"Hydrogen"
"OPEX";"Taxes";"ES";"Tax reduction";"Tractor-Trailer";"PROG";"%";2030;"-1";"Sensitivity | Current Policies | Removed CO2 price";"Hydrogen"
"OPEX";"Taxes";"FR";"Tax reduction";"Rigid";"PROG";"%";2030;"-1";"Sensitivity | Current Policies | Removed CO2 price";"Hydrogen"
"OPEX";"Taxes";"FR";"Tax reduction";"Tractor-Trailer";"PROG";"%";2030;"-1";"Sensitivity | Current Policies | Removed CO2 price";"Hydrogen"
"OPEX";"Taxes";"IT";"Tax reduction";"Rigid";"PROG";"%";2030;"-1";"Sensitivity | Current Policies | Removed CO2 price";"Hydrogen"
"OPEX";"Taxes";"IT";"Tax reduction";"Tractor-Trailer";"PROG";"%";2030;"-1";"Sensitivity | Current Policies | Removed CO2 price";"Hydrogen"
"OPEX";"Taxes";"NL";"Tax reduction";"Rigid";"PROG";"%";2030;"-1";"Sensitivity | Current Policies | Removed CO2 price";"Hydrogen"
"OPEX";"Taxes";"NL";"Tax reduction";"Tractor-Trailer";"PROG";"%";2030;"-1";"Sensitivity | Current Policies | Removed CO2 price";"Hydrogen"
"OPEX";"Taxes";"PL";"Tax reduction";"Rigid";"PROG";"%";2030;"-1";"Sensitivity | Current Policies | Removed CO2 price";"Hydrogen"
"OPEX";"Taxes";"PL";"Tax reduction";"Tractor-Trailer";"PROG";"%";2030;"-1";"Sensitivity | Current Policies | Removed CO2 price";"Hydrogen"
"OPEX";"Taxes";"UK";"Tax reduction";"Rigid";"PROG";"%";2030;"-1";"Sensitivity | Current Policies | Removed CO2 price";"Hydrogen"
"OPEX";"Taxes";"UK";"Tax reduction";"Tractor-Trailer";"PROG";"%";2030;"-1";"Sensitivity | Current Policies | Removed CO2 price";"Hydrogen"
"OPEX";"Taxes";"DE";"Excise Duty - Diesel";"Rigid";"BAU";"EUR/kWh";2030;"0.047";"Sensitivity | Current Policies | Removed CO2 price";"Diesel"
"OPEX";"Taxes";"DE";"Excise Duty - Diesel";"Tractor-Trailer";"BAU";"EUR/kWh";2030;"0.047";"Sensitivity | Current Policies | Removed CO2 price";"Diesel"
"OPEX";"Taxes";"DE";"Excise Duty - Diesel";"Rigid";"PROG";"EUR/kWh";2030;"0.047";"Sensitivity | Current Policies | Removed CO2 price";"Diesel"
"OPEX";"Taxes";"DE";"Excise Duty - Diesel";"Tractor-Trailer";"PROG";"EUR/kWh";2030;"0.047";"Sensitivity | Current Policies | Removed CO2 price";"Diesel"
"OPEX";"Taxes";"ES";"Excise Duty - Diesel";"Rigid";"BAU";"EUR/kWh";2030;"0.038";"Sensitivity | Current Policies | Removed CO2 price";"Diesel"
"OPEX";"Taxes";"ES";"Excise Duty - Diesel";"Tractor-Trailer";"BAU";"EUR/kWh";2030;"0.038";"Sensitivity | Current Policies | Removed CO2 price";"Diesel"
"OPEX";"Taxes";"ES";"Excise Duty - Diesel";"Rigid";"PROG";"EUR/kWh";2030;"0.038";"Sensitivity | Current Policies | Removed CO2 price";"Diesel"
"OPEX";"Taxes";"ES";"Excise Duty - Diesel";"Tractor-Trailer";"PROG";"EUR/kWh";2030;"0.038";"Sensitivity | Current Policies | Removed CO2 price";"Diesel"
"OPEX";"Taxes";"FR";"Excise Duty - Diesel";"Rigid";"BAU";"EUR/kWh";2030;"0.06";"Sensitivity | Current Policies | Removed CO2 price";"Diesel"
"OPEX";"Taxes";"FR";"Excise Duty - Diesel";"Tractor-Trailer";"BAU";"EUR/kWh";2030;"0.06";"Sensitivity | Current Policies | Removed CO2 price";"Diesel"
"OPEX";"Taxes";"FR";"Excise Duty - Diesel";"Rigid";"PROG";"EUR/kWh";2030;"0.06";"Sensitivity | Current Policies | Removed CO2 price";"Diesel"
"OPEX";"Taxes";"FR";"Excise Duty - Diesel";"Tractor-Trailer";"PROG";"EUR/kWh";2030;"0.06";"Sensitivity | Current Policies | Removed CO2 price";"Diesel"
"OPEX";"Taxes";"IT";"Excise Duty - Diesel";"Rigid";"BAU";"EUR/kWh";2030;"0.062";"Sensitivity | Current Policies | Removed CO2 price";"Diesel"
"OPEX";"Taxes";"IT";"Excise Duty - Diesel";"Tractor-Trailer";"BAU";"EUR/kWh";2030;"0.062";"Sensitivity | Current Policies | Removed CO2 price";"Diesel"
"OPEX";"Taxes";"IT";"Excise Duty - Diesel";"Rigid";"PROG";"EUR/kWh";2030;"0.062";"Sensitivity | Current Policies | Removed CO2 price";"Diesel"
"OPEX";"Taxes";"IT";"Excise Duty - Diesel";"Tractor-Trailer";"PROG";"EUR/kWh";2030;"0.062";"Sensitivity | Current Policies | Removed CO2 price";"Diesel"
"OPEX";"Taxes";"NL";"Excise Duty - Diesel";"Rigid";"BAU";"EUR/kWh";2030;"0.053";"Sensitivity | Current Policies | Removed CO2 price";"Diesel"
"OPEX";"Taxes";"NL";"Excise Duty - Diesel";"Tractor-Trailer";"BAU";"EUR/kWh";2030;"0.053";"Sensitivity | Current Policies | Removed CO2 price";"Diesel"
"OPEX";"Taxes";"NL";"Excise Duty - Diesel";"Rigid";"PROG";"EUR/kWh";2030;"0.053";"Sensitivity | Current Policies | Removed CO2 price";"Diesel"
"OPEX";"Taxes";"NL";"Excise Duty - Diesel";"Tractor-Trailer";"PROG";"EUR/kWh";2030;"0.053";"Sensitivity | Current Policies | Removed CO2 price";"Diesel"
"OPEX";"Taxes";"PL";"Excise Duty - Diesel";"Rigid";"BAU";"EUR/kWh";2030;"0.033";"Sensitivity | Current Policies | Removed CO2 price";"Diesel"
"OPEX";"Taxes";"PL";"Excise Duty - Diesel";"Tractor-Trailer";"BAU";"EUR/kWh";2030;"0.033";"Sensitivity | Current Policies | Removed CO2 price";"Diesel"
"OPEX";"Taxes";"PL";"Excise Duty - Diesel";"Rigid";"PROG";"EUR/kWh";2030;"0.033";"Sensitivity | Current Policies | Removed CO2 price";"Diesel"
"OPEX";"Taxes";"PL";"Excise Duty - Diesel";"Tractor-Trailer";"PROG";"EUR/kWh";2030;"0.033";"Sensitivity | Current Policies | Removed CO2 price";"Diesel"
"OPEX";"Taxes";"UK";"Excise Duty - Diesel";"Rigid";"BAU";"EUR/kWh";2030;"0.053";"Sensitivity | Current Policies | Removed CO2 price";"Diesel"
"OPEX";"Taxes";"UK";"Excise Duty - Diesel";"Tractor-Trailer";"BAU";"EUR/kWh";2030;"0.053";"Sensitivity | Current Policies | Removed CO2 price";"Diesel"
"OPEX";"Taxes";"UK";"Excise Duty - Diesel";"Rigid";"PROG";"EUR/kWh";2030;"0.053";"Sensitivity | Current Policies | Removed CO2 price";"Diesel"
"OPEX";"Taxes";"UK";"Excise Duty - Diesel";"Tractor-Trailer";"PROG";"EUR/kWh";2030;"0.053";"Sensitivity | Current Policies | Removed CO2 price";"Diesel"
"OPEX";"Taxes";"DE";"Excise Duty - Reduction biodiesel";"Rigid";"BAU";"%";2030;"0.5";"Sensitivity | Current Policies | Removed CO2 price";"Diesel"
"OPEX";"Taxes";"DE";"Excise Duty - Reduction biodiesel";"Tractor-Trailer";"BAU";"%";2030;"0.5";"Sensitivity | Current Policies | Removed CO2 price";"Diesel"
"OPEX";"Taxes";"DE";"Excise Duty - Reduction biodiesel";"Rigid";"PROG";"%";2030;"0.5";"Sensitivity | Current Policies | Removed CO2 price";"Diesel"
"OPEX";"Taxes";"DE";"Excise Duty - Reduction biodiesel";"Tractor-Trailer";"PROG";"%";2030;"0.5";"Sensitivity | Current Policies | Removed CO2 price";"Diesel"
"OPEX";"Taxes";"ES";"Excise Duty - Reduction biodiesel";"Rigid";"BAU";"%";2030;"0.5";"Sensitivity | Current Policies | Removed CO2 price";"Diesel"
"OPEX";"Taxes";"ES";"Excise Duty - Reduction biodiesel";"Tractor-Trailer";"BAU";"%";2030;"0.5";"Sensitivity | Current Policies | Removed CO2 price";"Diesel"
"OPEX";"Taxes";"ES";"Excise Duty - Reduction biodiesel";"Rigid";"PROG";"%";2030;"0.5";"Sensitivity | Current Policies | Removed CO2 price";"Diesel"
"OPEX";"Taxes";"ES";"Excise Duty - Reduction biodiesel";"Tractor-Trailer";"PROG";"%";2030;"0.5";"Sensitivity | Current Policies | Removed CO2 price";"Diesel"
"OPEX";"Taxes";"FR";"Excise Duty - Reduction biodiesel";"Rigid";"BAU";"%";2030;"0.5";"Sensitivity | Current Policies | Removed CO2 price";"Diesel"
"OPEX";"Taxes";"FR";"Excise Duty - Reduction biodiesel";"Tractor-Trailer";"BAU";"%";2030;"0.5";"Sensitivity | Current Policies | Removed CO2 price";"Diesel"
"OPEX";"Taxes";"FR";"Excise Duty - Reduction biodiesel";"Rigid";"PROG";"%";2030;"0.5";"Sensitivity | Current Policies | Removed CO2 price";"Diesel"
"OPEX";"Taxes";"FR";"Excise Duty - Reduction biodiesel";"Tractor-Trailer";"PROG";"%";2030;"0.5";"Sensitivity | Current Policies | Removed CO2 price";"Diesel"
"OPEX";"Taxes";"IT";"Excise Duty - Reduction biodiesel";"Rigid";"BAU";"%";2030;"0.5";"Sensitivity | Current Policies | Removed CO2 price";"Diesel"
"OPEX";"Taxes";"IT";"Excise Duty - Reduction biodiesel";"Tractor-Trailer";"BAU";"%";2030;"0.5";"Sensitivity | Current Policies | Removed CO2 price";"Diesel"
"OPEX";"Taxes";"IT";"Excise Duty - Reduction biodiesel";"Rigid";"PROG";"%";2030;"0.5";"Sensitivity | Current Policies | Removed CO2 price";"Diesel"
"OPEX";"Taxes";"IT";"Excise Duty - Reduction biodiesel";"Tractor-Trailer";"PROG";"%";2030;"0.5";"Sensitivity | Current Policies | Removed CO2 price";"Diesel"
"OPEX";"Taxes";"NL";"Excise Duty - Reduction biodiesel";"Rigid";"BAU";"%";2030;"0.5";"Sensitivity | Current Policies | Removed CO2 price";"Diesel"
"OPEX";"Taxes";"NL";"Excise Duty - Reduction biodiesel";"Tractor-Trailer";"BAU";"%";2030;"0.5";"Sensitivity | Current Policies | Removed CO2 price";"Diesel"
"OPEX";"Taxes";"NL";"Excise Duty - Reduction biodiesel";"Rigid";"PROG";"%";2030;"0.5";"Sensitivity | Current Policies | Removed CO2 price";"Diesel"
"OPEX";"Taxes";"NL";"Excise Duty - Reduction biodiesel";"Tractor-Trailer";"PROG";"%";2030;"0.5";"Sensitivity | Current Policies | Removed CO2 price";"Diesel"
"OPEX";"Taxes";"PL";"Excise Duty - Reduction biodiesel";"Rigid";"BAU";"%";2030;"0.5";"Sensitivity | Current Policies | Removed CO2 price";"Diesel"
"OPEX";"Taxes";"PL";"Excise Duty - Reduction biodiesel";"Tractor-Trailer";"BAU";"%";2030;"0.5";"Sensitivity | Current Policies | Removed CO2 price";"Diesel"
"OPEX";"Taxes";"PL";"Excise Duty - Reduction biodiesel";"Rigid";"PROG";"%";2030;"0.5";"Sensitivity | Current Policies | Removed CO2 price";"Diesel"
"OPEX";"Taxes";"PL";"Excise Duty - Reduction biodiesel";"Tractor-Trailer";"PROG";"%";2030;"0.5";"Sensitivity | Current Policies | Removed CO2 price";"Diesel"
"OPEX";"Taxes";"UK";"Excise Duty - Reduction biodiesel";"Rigid";"BAU";"%";2030;"0.5";"Sensitivity | Current Policies | Removed CO2 price";"Diesel"
"OPEX";"Taxes";"UK";"Excise Duty - Reduction biodiesel";"Tractor-Trailer";"BAU";"%";2030;"0.5";"Sensitivity | Current Policies | Removed CO2 price";"Diesel"
"OPEX";"Taxes";"UK";"Excise Duty - Reduction biodiesel";"Rigid";"PROG";"%";2030;"0.5";"Sensitivity | Current Policies | Removed CO2 price";"Diesel"
"OPEX";"Taxes";"UK";"Excise Duty - Reduction biodiesel";"Tractor-Trailer";"PROG";"%";2030;"0.5";"Sensitivity | Current Policies | Removed CO2 price";"Diesel"
"OPEX";"Taxes";"DE";"Excise Duty - Reduction Synthetic Diesel (E-Fuels)";"Rigid";"BAU";"%";2030;"0.5";"Sensitivity | Current Policies | Removed CO2 price";"Diesel"
"OPEX";"Taxes";"DE";"Excise Duty - Reduction Synthetic Diesel (E-Fuels)";"Tractor-Trailer";"BAU";"%";2030;"0.5";"Sensitivity | Current Policies | Removed CO2 price";"Diesel"
"OPEX";"Taxes";"DE";"Excise Duty - Reduction Synthetic Diesel (E-Fuels)";"Rigid";"PROG";"%";2030;"0.5";"Sensitivity | Current Policies | Removed CO2 price";"Diesel"
"OPEX";"Taxes";"DE";"Excise Duty - Reduction Synthetic Diesel (E-Fuels)";"Tractor-Trailer";"PROG";"%";2030;"0.5";"Sensitivity | Current Policies | Removed CO2 price";"Diesel"
"OPEX";"Taxes";"ES";"Excise Duty - Reduction Synthetic Diesel (E-Fuels)";"Rigid";"BAU";"%";2030;"0.5";"Sensitivity | Current Policies | Removed CO2 price";"Diesel"
"OPEX";"Taxes";"ES";"Excise Duty - Reduction Synthetic Diesel (E-Fuels)";"Tractor-Trailer";"BAU";"%";2030;"0.5";"Sensitivity | Current Policies | Removed CO2 price";"Diesel"
"OPEX";"Taxes";"ES";"Excise Duty - Reduction Synthetic Diesel (E-Fuels)";"Rigid";"PROG";"%";2030;"0.5";"Sensitivity | Current Policies | Removed CO2 price";"Diesel"
"OPEX";"Taxes";"ES";"Excise Duty - Reduction Synthetic Diesel (E-Fuels)";"Tractor-Trailer";"PROG";"%";2030;"0.5";"Sensitivity | Current Policies | Removed CO2 price";"Diesel"
"OPEX";"Taxes";"FR";"Excise Duty - Reduction Synthetic Diesel (E-Fuels)";"Rigid";"BAU";"%";2030;"0.5";"Sensitivity | Current Policies | Removed CO2 price";"Diesel"
"OPEX";"Taxes";"FR";"Excise Duty - Reduction Synthetic Diesel (E-Fuels)";"Tractor-Trailer";"BAU";"%";2030;"0.5";"Sensitivity | Current Policies | Removed CO2 price";"Diesel"
"OPEX";"Taxes";"FR";"Excise Duty - Reduction Synthetic Diesel (E-Fuels)";"Rigid";"PROG";"%";2030;"0.5";"Sensitivity | Current Policies | Removed CO2 price";"Diesel"
"OPEX";"Taxes";"FR";"Excise Duty - Reduction Synthetic Diesel (E-Fuels)";"Tractor-Trailer";"PROG";"%";2030;"0.5";"Sensitivity | Current Policies | Removed CO2 price";"Diesel"
"OPEX";"Taxes";"IT";"Excise Duty - Reduction Synthetic Diesel (E-Fuels)";"Rigid";"BAU";"%";2030;"0.5";"Sensitivity | Current Policies | Removed CO2 price";"Diesel"
"OPEX";"Taxes";"IT";"Excise Duty - Reduction Synthetic Diesel (E-Fuels)";"Tractor-Trailer";"BAU";"%";2030;"0.5";"Sensitivity | Current Policies | Removed CO2 price";"Diesel"
"OPEX";"Taxes";"IT";"Excise Duty - Reduction Synthetic Diesel (E-Fuels)";"Rigid";"PROG";"%";2030;"0.5";"Sensitivity | Current Policies | Removed CO2 price";"Diesel"
"OPEX";"Taxes";"IT";"Excise Duty - Reduction Synthetic Diesel (E-Fuels)";"Tractor-Trailer";"PROG";"%";2030;"0.5";"Sensitivity | Current Policies | Removed CO2 price";"Diesel"
"OPEX";"Taxes";"NL";"Excise Duty - Reduction Synthetic Diesel (E-Fuels)";"Rigid";"BAU";"%";2030;"0.5";"Sensitivity | Current Policies | Removed CO2 price";"Diesel"
"OPEX";"Taxes";"NL";"Excise Duty - Reduction Synthetic Diesel (E-Fuels)";"Tractor-Trailer";"BAU";"%";2030;"0.5";"Sensitivity | Current Policies | Removed CO2 price";"Diesel"
"OPEX";"Taxes";"NL";"Excise Duty - Reduction Synthetic Diesel (E-Fuels)";"Rigid";"PROG";"%";2030;"0.5";"Sensitivity | Current Policies | Removed CO2 price";"Diesel"
"OPEX";"Taxes";"NL";"Excise Duty - Reduction Synthetic Diesel (E-Fuels)";"Tractor-Trailer";"PROG";"%";2030;"0.5";"Sensitivity | Current Policies | Removed CO2 price";"Diesel"
"OPEX";"Taxes";"PL";"Excise Duty - Reduction Synthetic Diesel (E-Fuels)";"Rigid";"BAU";"%";2030;"0.5";"Sensitivity | Current Policies | Removed CO2 price";"Diesel"
"OPEX";"Taxes";"PL";"Excise Duty - Reduction Synthetic Diesel (E-Fuels)";"Tractor-Trailer";"BAU";"%";2030;"0.5";"Sensitivity | Current Policies | Removed CO2 price";"Diesel"
"OPEX";"Taxes";"PL";"Excise Duty - Reduction Synthetic Diesel (E-Fuels)";"Rigid";"PROG";"%";2030;"0.5";"Sensitivity | Current Policies | Removed CO2 price";"Diesel"
"OPEX";"Taxes";"PL";"Excise Duty - Reduction Synthetic Diesel (E-Fuels)";"Tractor-Trailer";"PROG";"%";2030;"0.5";"Sensitivity | Current Policies | Removed CO2 price";"Diesel"
"OPEX";"Taxes";"UK";"Excise Duty - Reduction Synthetic Diesel (E-Fuels)";"Rigid";"BAU";"%";2030;"0.5";"Sensitivity | Current Policies | Removed CO2 price";"Diesel"
"OPEX";"Taxes";"UK";"Excise Duty - Reduction Synthetic Diesel (E-Fuels)";"Tractor-Trailer";"BAU";"%";2030;"0.5";"Sensitivity | Current Policies | Removed CO2 price";"Diesel"
"OPEX";"Taxes";"UK";"Excise Duty - Reduction Synthetic Diesel (E-Fuels)";"Rigid";"PROG";"%";2030;"0.5";"Sensitivity | Current Policies | Removed CO2 price";"Diesel"
"OPEX";"Taxes";"UK";"Excise Duty - Reduction Synthetic Diesel (E-Fuels)";"Tractor-Trailer";"PROG";"%";2030;"0.5";"Sensitivity | Current Policies | Removed CO2 price";"Diesel"
"OPEX";"Taxes";"DE";"Taxes, Fees, Levies and charges - H2";"Rigid";"BAU";"EUR/kWh";2030;"0.015";"Sensitivity | Current Policies | Removed CO2 price";"Hydrogen"
"OPEX";"Taxes";"DE";"Taxes, Fees, Levies and charges - H2";"Tractor-Trailer";"BAU";"EUR/kWh";2030;"0.015";"Sensitivity | Current Policies | Removed CO2 price";"Hydrogen"
"OPEX";"Taxes";"DE";"Taxes, Fees, Levies and charges - H2";"Rigid";"PROG";"EUR/kWh";2030;"0.015";"Sensitivity | Current Policies | Removed CO2 price";"Hydrogen"
"OPEX";"Taxes";"DE";"Taxes, Fees, Levies and charges - H2";"Tractor-Trailer";"PROG";"EUR/kWh";2030;"0.015";"Sensitivity | Current Policies | Removed CO2 price";"Hydrogen"
"OPEX";"Taxes";"ES";"Taxes, Fees, Levies and charges - H2";"Rigid";"BAU";"EUR/kWh";2030;"0.008";"Sensitivity | Current Policies | Removed CO2 price";"Hydrogen"
"OPEX";"Taxes";"ES";"Taxes, Fees, Levies and charges - H2";"Tractor-Trailer";"BAU";"EUR/kWh";2030;"0.008";"Sensitivity | Current Policies | Removed CO2 price";"Hydrogen"
"OPEX";"Taxes";"ES";"Taxes, Fees, Levies and charges - H2";"Rigid";"PROG";"EUR/kWh";2030;"0.008";"Sensitivity | Current Policies | Removed CO2 price";"Hydrogen"
"OPEX";"Taxes";"ES";"Taxes, Fees, Levies and charges - H2";"Tractor-Trailer";"PROG";"EUR/kWh";2030;"0.008";"Sensitivity | Current Policies | Removed CO2 price";"Hydrogen"
"OPEX";"Taxes";"FR";"Taxes, Fees, Levies and charges - H2";"Rigid";"BAU";"EUR/kWh";2030;"0.012";"Sensitivity | Current Policies | Removed CO2 price";"Hydrogen"
"OPEX";"Taxes";"FR";"Taxes, Fees, Levies and charges - H2";"Tractor-Trailer";"BAU";"EUR/kWh";2030;"0.012";"Sensitivity | Current Policies | Removed CO2 price";"Hydrogen"
"OPEX";"Taxes";"FR";"Taxes, Fees, Levies and charges - H2";"Rigid";"PROG";"EUR/kWh";2030;"0.012";"Sensitivity | Current Policies | Removed CO2 price";"Hydrogen"
"OPEX";"Taxes";"FR";"Taxes, Fees, Levies and charges - H2";"Tractor-Trailer";"PROG";"EUR/kWh";2030;"0.012";"Sensitivity | Current Policies | Removed CO2 price";"Hydrogen"
"OPEX";"Taxes";"IT";"Taxes, Fees, Levies and charges - H2";"Rigid";"BAU";"EUR/kWh";2030;"0.009";"Sensitivity | Current Policies | Removed CO2 price";"Hydrogen"
"OPEX";"Taxes";"IT";"Taxes, Fees, Levies and charges - H2";"Tractor-Trailer";"BAU";"EUR/kWh";2030;"0.009";"Sensitivity | Current Policies | Removed CO2 price";"Hydrogen"
"OPEX";"Taxes";"IT";"Taxes, Fees, Levies and charges - H2";"Rigid";"PROG";"EUR/kWh";2030;"0.009";"Sensitivity | Current Policies | Removed CO2 price";"Hydrogen"
"OPEX";"Taxes";"IT";"Taxes, Fees, Levies and charges - H2";"Tractor-Trailer";"PROG";"EUR/kWh";2030;"0.009";"Sensitivity | Current Policies | Removed CO2 price";"Hydrogen"
"OPEX";"Taxes";"NL";"Taxes, Fees, Levies and charges - H2";"Rigid";"BAU";"EUR/kWh";2030;"0.024";"Sensitivity | Current Policies | Removed CO2 price";"Hydrogen"
"OPEX";"Taxes";"NL";"Taxes, Fees, Levies and charges - H2";"Tractor-Trailer";"BAU";"EUR/kWh";2030;"0.024";"Sensitivity | Current Policies | Removed CO2 price";"Hydrogen"
"OPEX";"Taxes";"NL";"Taxes, Fees, Levies and charges - H2";"Rigid";"PROG";"EUR/kWh";2030;"0.024";"Sensitivity | Current Policies | Removed CO2 price";"Hydrogen"
"OPEX";"Taxes";"NL";"Taxes, Fees, Levies and charges - H2";"Tractor-Trailer";"PROG";"EUR/kWh";2030;"0.024";"Sensitivity | Current Policies | Removed CO2 price";"Hydrogen"
"OPEX";"Taxes";"PL";"Taxes, Fees, Levies and charges - H2";"Rigid";"BAU";"EUR/kWh";2030;"0.009";"Sensitivity | Current Policies | Removed CO2 price";"Hydrogen"
"OPEX";"Taxes";"PL";"Taxes, Fees, Levies and charges - H2";"Tractor-Trailer";"BAU";"EUR/kWh";2030;"0.009";"Sensitivity | Current Policies | Removed CO2 price";"Hydrogen"
"OPEX";"Taxes";"PL";"Taxes, Fees, Levies and charges - H2";"Rigid";"PROG";"EUR/kWh";2030;"0.009";"Sensitivity | Current Policies | Removed CO2 price";"Hydrogen"
"OPEX";"Taxes";"PL";"Taxes, Fees, Levies and charges - H2";"Tractor-Trailer";"PROG";"EUR/kWh";2030;"0.009";"Sensitivity | Current Policies | Removed CO2 price";"Hydrogen"
"OPEX";"Taxes";"UK";"Taxes, Fees, Levies and charges - H2";"Rigid";"BAU";"EUR/kWh";2030;"0.006";"Sensitivity | Current Policies | Removed CO2 price";"Hydrogen"
"OPEX";"Taxes";"UK";"Taxes, Fees, Levies and charges - H2";"Tractor-Trailer";"BAU";"EUR/kWh";2030;"0.006";"Sensitivity | Current Policies | Removed CO2 price";"Hydrogen"
"OPEX";"Taxes";"UK";"Taxes, Fees, Levies and charges - H2";"Rigid";"PROG";"EUR/kWh";2030;"0.006";"Sensitivity | Current Policies | Removed CO2 price";"Hydrogen"
"OPEX";"Taxes";"UK";"Taxes, Fees, Levies and charges - H2";"Tractor-Trailer";"PROG";"EUR/kWh";2030;"0.006";"Sensitivity | Current Policies | Removed CO2 price";"Hydrogen"
"OPEX";"Charging Infrastructure";"DE";"MCS grid extension";"Rigid";"PROG";"EUR/kWh";2030;"0.075";"Sensitivity | Current Policies | Removed CO2 price";"Electricity"
"OPEX";"Charging Infrastructure";"DE";"MCS grid extension";"Tractor-Trailer";"PROG";"EUR/kWh";2030;"0.075";"Sensitivity | Current Policies | Removed CO2 price";"Electricity"
"OPEX";"Charging Infrastructure";"DE";"MCS grid extension";"Rigid";"BAU";"EUR/kWh";2030;"0.075";"Sensitivity | Current Policies | Removed CO2 price";"Electricity"
"OPEX";"Charging Infrastructure";"DE";"MCS grid extension";"Tractor-Trailer";"BAU";"EUR/kWh";2030;"0.075";"Sensitivity | Current Policies | Removed CO2 price";"Electricity"
"OPEX";"Charging Infrastructure";"ES";"MCS grid extension";"Rigid";"PROG";"EUR/kWh";2030;"0.075";"Sensitivity | Current Policies | Removed CO2 price";"Electricity"
"OPEX";"Charging Infrastructure";"ES";"MCS grid extension";"Tractor-Trailer";"PROG";"EUR/kWh";2030;"0.075";"Sensitivity | Current Policies | Removed CO2 price";"Electricity"
"OPEX";"Charging Infrastructure";"ES";"MCS grid extension";"Rigid";"BAU";"EUR/kWh";2030;"0.075";"Sensitivity | Current Policies | Removed CO2 price";"Electricity"
"OPEX";"Charging Infrastructure";"ES";"MCS grid extension";"Tractor-Trailer";"BAU";"EUR/kWh";2030;"0.075";"Sensitivity | Current Policies | Removed CO2 price";"Electricity"
"OPEX";"Charging Infrastructure";"FR";"MCS grid extension";"Rigid";"PROG";"EUR/kWh";2030;"0.075";"Sensitivity | Current Policies | Removed CO2 price";"Electricity"
"OPEX";"Charging Infrastructure";"FR";"MCS grid extension";"Tractor-Trailer";"PROG";"EUR/kWh";2030;"0.075";"Sensitivity | Current Policies | Removed CO2 price";"Electricity"
"OPEX";"Charging Infrastructure";"FR";"MCS grid extension";"Rigid";"BAU";"EUR/kWh";2030;"0.075";"Sensitivity | Current Policies | Removed CO2 price";"Electricity"
"OPEX";"Charging Infrastructure";"FR";"MCS grid extension";"Tractor-Trailer";"BAU";"EUR/kWh";2030;"0.075";"Sensitivity | Current Policies | Removed CO2 price";"Electricity"
"OPEX";"Charging Infrastructure";"IT";"MCS grid extension";"Rigid";"PROG";"EUR/kWh";2030;"0.075";"Sensitivity | Current Policies | Removed CO2 price";"Electricity"
"OPEX";"Charging Infrastructure";"IT";"MCS grid extension";"Tractor-Trailer";"PROG";"EUR/kWh";2030;"0.075";"Sensitivity | Current Policies | Removed CO2 price";"Electricity"
"OPEX";"Charging Infrastructure";"IT";"MCS grid extension";"Rigid";"BAU";"EUR/kWh";2030;"0.075";"Sensitivity | Current Policies | Removed CO2 price";"Electricity"
"OPEX";"Charging Infrastructure";"IT";"MCS grid extension";"Tractor-Trailer";"BAU";"EUR/kWh";2030;"0.075";"Sensitivity | Current Policies | Removed CO2 price";"Electricity"
"OPEX";"Charging Infrastructure";"NL";"MCS grid extension";"Rigid";"PROG";"EUR/kWh";2030;"0.075";"Sensitivity | Current Policies | Removed CO2 price";"Electricity"
"OPEX";"Charging Infrastructure";"NL";"MCS grid extension";"Tractor-Trailer";"PROG";"EUR/kWh";2030;"0.075";"Sensitivity | Current Policies | Removed CO2 price";"Electricity"
"OPEX";"Charging Infrastructure";"NL";"MCS grid extension";"Rigid";"BAU";"EUR/kWh";2030;"0.075";"Sensitivity | Current Policies | Removed CO2 price";"Electricity"
"OPEX";"Charging Infrastructure";"NL";"MCS grid extension";"Tractor-Trailer";"BAU";"EUR/kWh";2030;"0.075";"Sensitivity | Current Policies | Removed CO2 price";"Electricity"
"OPEX";"Charging Infrastructure";"PL";"MCS grid extension";"Rigid";"PROG";"EUR/kWh";2030;"0.075";"Sensitivity | Current Policies | Removed CO2 price";"Electricity"
"OPEX";"Charging Infrastructure";"PL";"MCS grid extension";"Tractor-Trailer";"PROG";"EUR/kWh";2030;"0.075";"Sensitivity | Current Policies | Removed CO2 price";"Electricity"
"OPEX";"Charging Infrastructure";"PL";"MCS grid extension";"Rigid";"BAU";"EUR/kWh";2030;"0.075";"Sensitivity | Current Policies | Removed CO2 price";"Electricity"
"OPEX";"Charging Infrastructure";"PL";"MCS grid extension";"Tractor-Trailer";"BAU";"EUR/kWh";2030;"0.075";"Sensitivity | Current Policies | Removed CO2 price";"Electricity"
"OPEX";"Charging Infrastructure";"UK";"MCS grid extension";"Rigid";"PROG";"EUR/kWh";2030;"0.075";"Sensitivity | Current Policies | Removed CO2 price";"Electricity"
"OPEX";"Charging Infrastructure";"UK";"MCS grid extension";"Tractor-Trailer";"PROG";"EUR/kWh";2030;"0.075";"Sensitivity | Current Policies | Removed CO2 price";"Electricity"
"OPEX";"Charging Infrastructure";"UK";"MCS grid extension";"Rigid";"BAU";"EUR/kWh";2030;"0.075";"Sensitivity | Current Policies | Removed CO2 price";"Electricity"
"OPEX";"Charging Infrastructure";"UK";"MCS grid extension";"Tractor-Trailer";"BAU";"EUR/kWh";2030;"0.075";"Sensitivity | Current Policies | Removed CO2 price";"Electricity"
"OPEX";"Charging Infrastructure";"DE";"MCS Profit and Mark-Up";"Rigid";"PROG";"%";2030;"0.1";"Sensitivity | Current Policies | Removed CO2 price";"Electricity"
"OPEX";"Charging Infrastructure";"DE";"MCS Profit and Mark-Up";"Tractor-Trailer";"PROG";"%";2030;"0.1";"Sensitivity | Current Policies | Removed CO2 price";"Electricity"
"OPEX";"Charging Infrastructure";"DE";"MCS Profit and Mark-Up";"Rigid";"BAU";"%";2030;"0.1";"Sensitivity | Current Policies | Removed CO2 price";"Electricity"
"OPEX";"Charging Infrastructure";"DE";"MCS Profit and Mark-Up";"Tractor-Trailer";"BAU";"%";2030;"0.1";"Sensitivity | Current Policies | Removed CO2 price";"Electricity"
"OPEX";"Charging Infrastructure";"ES";"MCS Profit and Mark-Up";"Rigid";"PROG";"%";2030;"0.1";"Sensitivity | Current Policies | Removed CO2 price";"Electricity"
"OPEX";"Charging Infrastructure";"ES";"MCS Profit and Mark-Up";"Tractor-Trailer";"PROG";"%";2030;"0.1";"Sensitivity | Current Policies | Removed CO2 price";"Electricity"
"OPEX";"Charging Infrastructure";"ES";"MCS Profit and Mark-Up";"Rigid";"BAU";"%";2030;"0.1";"Sensitivity | Current Policies | Removed CO2 price";"Electricity"
"OPEX";"Charging Infrastructure";"ES";"MCS Profit and Mark-Up";"Tractor-Trailer";"BAU";"%";2030;"0.1";"Sensitivity | Current Policies | Removed CO2 price";"Electricity"
"OPEX";"Charging Infrastructure";"FR";"MCS Profit and Mark-Up";"Rigid";"PROG";"%";2030;"0.1";"Sensitivity | Current Policies | Removed CO2 price";"Electricity"
"OPEX";"Charging Infrastructure";"FR";"MCS Profit and Mark-Up";"Tractor-Trailer";"PROG";"%";2030;"0.1";"Sensitivity | Current Policies | Removed CO2 price";"Electricity"
"OPEX";"Charging Infrastructure";"FR";"MCS Profit and Mark-Up";"Rigid";"BAU";"%";2030;"0.1";"Sensitivity | Current Policies | Removed CO2 price";"Electricity"
"OPEX";"Charging Infrastructure";"FR";"MCS Profit and Mark-Up";"Tractor-Trailer";"BAU";"%";2030;"0.1";"Sensitivity | Current Policies | Removed CO2 price";"Electricity"
"OPEX";"Charging Infrastructure";"IT";"MCS Profit and Mark-Up";"Rigid";"PROG";"%";2030;"0.1";"Sensitivity | Current Policies | Removed CO2 price";"Electricity"
"OPEX";"Charging Infrastructure";"IT";"MCS Profit and Mark-Up";"Tractor-Trailer";"PROG";"%";2030;"0.1";"Sensitivity | Current Policies | Removed CO2 price";"Electricity"
"OPEX";"Charging Infrastructure";"IT";"MCS Profit and Mark-Up";"Rigid";"BAU";"%";2030;"0.1";"Sensitivity | Current Policies | Removed CO2 price";"Electricity"
"OPEX";"Charging Infrastructure";"IT";"MCS Profit and Mark-Up";"Tractor-Trailer";"BAU";"%";2030;"0.1";"Sensitivity | Current Policies | Removed CO2 price";"Electricity"
"OPEX";"Charging Infrastructure";"NL";"MCS Profit and Mark-Up";"Rigid";"PROG";"%";2030;"0.1";"Sensitivity | Current Policies | Removed CO2 price";"Electricity"
"OPEX";"Charging Infrastructure";"NL";"MCS Profit and Mark-Up";"Tractor-Trailer";"PROG";"%";2030;"0.1";"Sensitivity | Current Policies | Removed CO2 price";"Electricity"
"OPEX";"Charging Infrastructure";"NL";"MCS Profit and Mark-Up";"Rigid";"BAU";"%";2030;"0.1";"Sensitivity | Current Policies | Removed CO2 price";"Electricity"
"OPEX";"Charging Infrastructure";"NL";"MCS Profit and Mark-Up";"Tractor-Trailer";"BAU";"%";2030;"0.1";"Sensitivity | Current Policies | Removed CO2 price";"Electricity"
"OPEX";"Charging Infrastructure";"PL";"MCS Profit and Mark-Up";"Rigid";"PROG";"%";2030;"0.1";"Sensitivity | Current Policies | Removed CO2 price";"Electricity"
"OPEX";"Charging Infrastructure";"PL";"MCS Profit and Mark-Up";"Tractor-Trailer";"PROG";"%";2030;"0.1";"Sensitivity | Current Policies | Removed CO2 price";"Electricity"
"OPEX";"Charging Infrastructure";"PL";"MCS Profit and Mark-Up";"Rigid";"BAU";"%";2030;"0.1";"Sensitivity | Current Policies | Removed CO2 price";"Electricity"
"OPEX";"Charging Infrastructure";"PL";"MCS Profit and Mark-Up";"Tractor-Trailer";"BAU";"%";2030;"0.1";"Sensitivity | Current Policies | Removed CO2 price";"Electricity"
"OPEX";"Charging Infrastructure";"UK";"MCS Profit and Mark-Up";"Rigid";"PROG";"%";2030;"0.1";"Sensitivity | Current Policies | Removed CO2 price";"Electricity"
"OPEX";"Charging Infrastructure";"UK";"MCS Profit and Mark-Up";"Tractor-Trailer";"PROG";"%";2030;"0.1";"Sensitivity | Current Policies | Removed CO2 price";"Electricity"
"OPEX";"Charging Infrastructure";"UK";"MCS Profit and Mark-Up";"Rigid";"BAU";"%";2030;"0.1";"Sensitivity | Current Policies | Removed CO2 price";"Electricity"
"OPEX";"Charging Infrastructure";"UK";"MCS Profit and Mark-Up";"Tractor-Trailer";"BAU";"%";2030;"0.1";"Sensitivity | Current Policies | Removed CO2 price";"Electricity"
"OPEX";"Charging Infrastructure";"DE";"CCS Station (Depot) - Incl. Overhead";"Rigid";"PROG";"EUR/kWh";2030;"0.029";"Sensitivity | Current Policies | Removed CO2 price";"Electricity"
"OPEX";"Charging Infrastructure";"DE";"CCS Station (Depot) - Incl. Overhead";"Tractor-Trailer";"PROG";"EUR/kWh";2030;"0.029";"Sensitivity | Current Policies | Removed CO2 price";"Electricity"
"OPEX";"Charging Infrastructure";"DE";"CCS Station (Depot) - Incl. Overhead";"Rigid";"BAU";"EUR/kWh";2030;"0.029";"Sensitivity | Current Policies | Removed CO2 price";"Electricity"
"OPEX";"Charging Infrastructure";"DE";"CCS Station (Depot) - Incl. Overhead";"Tractor-Trailer";"BAU";"EUR/kWh";2030;"0.029";"Sensitivity | Current Policies | Removed CO2 price";"Electricity"
"OPEX";"Charging Infrastructure";"ES";"CCS Station (Depot) - Incl. Overhead";"Rigid";"PROG";"EUR/kWh";2030;"0.029";"Sensitivity | Current Policies | Removed CO2 price";"Electricity"
"OPEX";"Charging Infrastructure";"ES";"CCS Station (Depot) - Incl. Overhead";"Tractor-Trailer";"PROG";"EUR/kWh";2030;"0.029";"Sensitivity | Current Policies | Removed CO2 price";"Electricity"
"OPEX";"Charging Infrastructure";"ES";"CCS Station (Depot) - Incl. Overhead";"Rigid";"BAU";"EUR/kWh";2030;"0.029";"Sensitivity | Current Policies | Removed CO2 price";"Electricity"
"OPEX";"Charging Infrastructure";"ES";"CCS Station (Depot) - Incl. Overhead";"Tractor-Trailer";"BAU";"EUR/kWh";2030;"0.029";"Sensitivity | Current Policies | Removed CO2 price";"Electricity"
"OPEX";"Charging Infrastructure";"FR";"CCS Station (Depot) - Incl. Overhead";"Rigid";"PROG";"EUR/kWh";2030;"0.029";"Sensitivity | Current Policies | Removed CO2 price";"Electricity"
"OPEX";"Charging Infrastructure";"FR";"CCS Station (Depot) - Incl. Overhead";"Tractor-Trailer";"PROG";"EUR/kWh";2030;"0.029";"Sensitivity | Current Policies | Removed CO2 price";"Electricity"
"OPEX";"Charging Infrastructure";"FR";"CCS Station (Depot) - Incl. Overhead";"Rigid";"BAU";"EUR/kWh";2030;"0.029";"Sensitivity | Current Policies | Removed CO2 price";"Electricity"
"OPEX";"Charging Infrastructure";"FR";"CCS Station (Depot) - Incl. Overhead";"Tractor-Trailer";"BAU";"EUR/kWh";2030;"0.029";"Sensitivity | Current Policies | Removed CO2 price";"Electricity"
"OPEX";"Charging Infrastructure";"IT";"CCS Station (Depot) - Incl. Overhead";"Rigid";"PROG";"EUR/kWh";2030;"0.029";"Sensitivity | Current Policies | Removed CO2 price";"Electricity"
"OPEX";"Charging Infrastructure";"IT";"CCS Station (Depot) - Incl. Overhead";"Tractor-Trailer";"PROG";"EUR/kWh";2030;"0.029";"Sensitivity | Current Policies | Removed CO2 price";"Electricity"
"OPEX";"Charging Infrastructure";"IT";"CCS Station (Depot) - Incl. Overhead";"Rigid";"BAU";"EUR/kWh";2030;"0.029";"Sensitivity | Current Policies | Removed CO2 price";"Electricity"
"OPEX";"Charging Infrastructure";"IT";"CCS Station (Depot) - Incl. Overhead";"Tractor-Trailer";"BAU";"EUR/kWh";2030;"0.029";"Sensitivity | Current Policies | Removed CO2 price";"Electricity"
"OPEX";"Charging Infrastructure";"NL";"CCS Station (Depot) - Incl. Overhead";"Rigid";"PROG";"EUR/kWh";2030;"0.029";"Sensitivity | Current Policies | Removed CO2 price";"Electricity"
"OPEX";"Charging Infrastructure";"NL";"CCS Station (Depot) - Incl. Overhead";"Tractor-Trailer";"PROG";"EUR/kWh";2030;"0.029";"Sensitivity | Current Policies | Removed CO2 price";"Electricity"
"OPEX";"Charging Infrastructure";"NL";"CCS Station (Depot) - Incl. Overhead";"Rigid";"BAU";"EUR/kWh";2030;"0.029";"Sensitivity | Current Policies | Removed CO2 price";"Electricity"
"OPEX";"Charging Infrastructure";"NL";"CCS Station (Depot) - Incl. Overhead";"Tractor-Trailer";"BAU";"EUR/kWh";2030;"0.029";"Sensitivity | Current Policies | Removed CO2 price";"Electricity"
"OPEX";"Charging Infrastructure";"PL";"CCS Station (Depot) - Incl. Overhead";"Rigid";"PROG";"EUR/kWh";2030;"0.029";"Sensitivity | Current Policies | Removed CO2 price";"Electricity"
"OPEX";"Charging Infrastructure";"PL";"CCS Station (Depot) - Incl. Overhead";"Tractor-Trailer";"PROG";"EUR/kWh";2030;"0.029";"Sensitivity | Current Policies | Removed CO2 price";"Electricity"
"OPEX";"Charging Infrastructure";"PL";"CCS Station (Depot) - Incl. Overhead";"Rigid";"BAU";"EUR/kWh";2030;"0.029";"Sensitivity | Current Policies | Removed CO2 price";"Electricity"
"OPEX";"Charging Infrastructure";"PL";"CCS Station (Depot) - Incl. Overhead";"Tractor-Trailer";"BAU";"EUR/kWh";2030;"0.029";"Sensitivity | Current Policies | Removed CO2 price";"Electricity"
"OPEX";"Charging Infrastructure";"UK";"CCS Station (Depot) - Incl. Overhead";"Rigid";"PROG";"EUR/kWh";2030;"0.029";"Sensitivity | Current Policies | Removed CO2 price";"Electricity"
"OPEX";"Charging Infrastructure";"UK";"CCS Station (Depot) - Incl. Overhead";"Tractor-Trailer";"PROG";"EUR/kWh";2030;"0.029";"Sensitivity | Current Policies | Removed CO2 price";"Electricity"
"OPEX";"Charging Infrastructure";"UK";"CCS Station (Depot) - Incl. Overhead";"Rigid";"BAU";"EUR/kWh";2030;"0.029";"Sensitivity | Current Policies | Removed CO2 price";"Electricity"
"OPEX";"Charging Infrastructure";"UK";"CCS Station (Depot) - Incl. Overhead";"Tractor-Trailer";"BAU";"EUR/kWh";2030;"0.029";"Sensitivity | Current Policies | Removed CO2 price";"Electricity"
"OPEX";"Charging Infrastructure";"DE";"CCS grid extension";"Rigid";"PROG";"EUR/kWh";2030;"0.045";"Sensitivity | Current Policies | Removed CO2 price";"Electricity"
"OPEX";"Charging Infrastructure";"DE";"CCS grid extension";"Tractor-Trailer";"PROG";"EUR/kWh";2030;"0.045";"Sensitivity | Current Policies | Removed CO2 price";"Electricity"
"OPEX";"Charging Infrastructure";"DE";"CCS grid extension";"Rigid";"BAU";"EUR/kWh";2030;"0.045";"Sensitivity | Current Policies | Removed CO2 price";"Electricity"
"OPEX";"Charging Infrastructure";"DE";"CCS grid extension";"Tractor-Trailer";"BAU";"EUR/kWh";2030;"0.045";"Sensitivity | Current Policies | Removed CO2 price";"Electricity"
"OPEX";"Charging Infrastructure";"ES";"CCS grid extension";"Rigid";"PROG";"EUR/kWh";2030;"0.045";"Sensitivity | Current Policies | Removed CO2 price";"Electricity"
"OPEX";"Charging Infrastructure";"ES";"CCS grid extension";"Tractor-Trailer";"PROG";"EUR/kWh";2030;"0.045";"Sensitivity | Current Policies | Removed CO2 price";"Electricity"
"OPEX";"Charging Infrastructure";"ES";"CCS grid extension";"Rigid";"BAU";"EUR/kWh";2030;"0.045";"Sensitivity | Current Policies | Removed CO2 price";"Electricity"
"OPEX";"Charging Infrastructure";"ES";"CCS grid extension";"Tractor-Trailer";"BAU";"EUR/kWh";2030;"0.045";"Sensitivity | Current Policies | Removed CO2 price";"Electricity"
"OPEX";"Charging Infrastructure";"FR";"CCS grid extension";"Rigid";"PROG";"EUR/kWh";2030;"0.045";"Sensitivity | Current Policies | Removed CO2 price";"Electricity"
"OPEX";"Charging Infrastructure";"FR";"CCS grid extension";"Tractor-Trailer";"PROG";"EUR/kWh";2030;"0.045";"Sensitivity | Current Policies | Removed CO2 price";"Electricity"
"OPEX";"Charging Infrastructure";"FR";"CCS grid extension";"Rigid";"BAU";"EUR/kWh";2030;"0.045";"Sensitivity | Current Policies | Removed CO2 price";"Electricity"
"OPEX";"Charging Infrastructure";"FR";"CCS grid extension";"Tractor-Trailer";"BAU";"EUR/kWh";2030;"0.045";"Sensitivity | Current Policies | Removed CO2 price";"Electricity"
"OPEX";"Charging Infrastructure";"IT";"CCS grid extension";"Rigid";"PROG";"EUR/kWh";2030;"0.045";"Sensitivity | Current Policies | Removed CO2 price";"Electricity"
"OPEX";"Charging Infrastructure";"IT";"CCS grid extension";"Tractor-Trailer";"PROG";"EUR/kWh";2030;"0.045";"Sensitivity | Current Policies | Removed CO2 price";"Electricity"
"OPEX";"Charging Infrastructure";"IT";"CCS grid extension";"Rigid";"BAU";"EUR/kWh";2030;"0.045";"Sensitivity | Current Policies | Removed CO2 price";"Electricity"
"OPEX";"Charging Infrastructure";"IT";"CCS grid extension";"Tractor-Trailer";"BAU";"EUR/kWh";2030;"0.045";"Sensitivity | Current Policies | Removed CO2 price";"Electricity"
"OPEX";"Charging Infrastructure";"NL";"CCS grid extension";"Rigid";"PROG";"EUR/kWh";2030;"0.045";"Sensitivity | Current Policies | Removed CO2 price";"Electricity"
"OPEX";"Charging Infrastructure";"NL";"CCS grid extension";"Tractor-Trailer";"PROG";"EUR/kWh";2030;"0.045";"Sensitivity | Current Policies | Removed CO2 price";"Electricity"
"OPEX";"Charging Infrastructure";"NL";"CCS grid extension";"Rigid";"BAU";"EUR/kWh";2030;"0.045";"Sensitivity | Current Policies | Removed CO2 price";"Electricity"
"OPEX";"Charging Infrastructure";"NL";"CCS grid extension";"Tractor-Trailer";"BAU";"EUR/kWh";2030;"0.045";"Sensitivity | Current Policies | Removed CO2 price";"Electricity"
"OPEX";"Charging Infrastructure";"PL";"CCS grid extension";"Rigid";"PROG";"EUR/kWh";2030;"0.045";"Sensitivity | Current Policies | Removed CO2 price";"Electricity"
"OPEX";"Charging Infrastructure";"PL";"CCS grid extension";"Tractor-Trailer";"PROG";"EUR/kWh";2030;"0.045";"Sensitivity | Current Policies | Removed CO2 price";"Electricity"
"OPEX";"Charging Infrastructure";"PL";"CCS grid extension";"Rigid";"BAU";"EUR/kWh";2030;"0.045";"Sensitivity | Current Policies | Removed CO2 price";"Electricity"
"OPEX";"Charging Infrastructure";"PL";"CCS grid extension";"Tractor-Trailer";"BAU";"EUR/kWh";2030;"0.045";"Sensitivity | Current Policies | Removed CO2 price";"Electricity"
"OPEX";"Charging Infrastructure";"UK";"CCS grid extension";"Rigid";"PROG";"EUR/kWh";2030;"0.045";"Sensitivity | Current Policies | Removed CO2 price";"Electricity"
"OPEX";"Charging Infrastructure";"UK";"CCS grid extension";"Tractor-Trailer";"PROG";"EUR/kWh";2030;"0.045";"Sensitivity | Current Policies | Removed CO2 price";"Electricity"
"OPEX";"Charging Infrastructure";"UK";"CCS grid extension";"Rigid";"BAU";"EUR/kWh";2030;"0.045";"Sensitivity | Current Policies | Removed CO2 price";"Electricity"
"OPEX";"Charging Infrastructure";"UK";"CCS grid extension";"Tractor-Trailer";"BAU";"EUR/kWh";2030;"0.045";"Sensitivity | Current Policies | Removed CO2 price";"Electricity"
"OPEX";"Diesel Infrastructure";"DE";"Total Diesel Mark-Up";"Rigid";"BAU";"EUR/kWh";2030;"0.018";"Sensitivity | Current Policies | Removed CO2 price";"Diesel"
"OPEX";"Diesel Infrastructure";"DE";"Total Diesel Mark-Up";"Tractor-Trailer";"BAU";"EUR/kWh";2030;"0.018";"Sensitivity | Current Policies | Removed CO2 price";"Diesel"
"OPEX";"Diesel Infrastructure";"DE";"Total Diesel Mark-Up";"Rigid";"PROG";"EUR/kWh";2030;"0.018";"Sensitivity | Current Policies | Removed CO2 price";"Diesel"
"OPEX";"Diesel Infrastructure";"DE";"Total Diesel Mark-Up";"Tractor-Trailer";"PROG";"EUR/kWh";2030;"0.018";"Sensitivity | Current Policies | Removed CO2 price";"Diesel"
"OPEX";"Diesel Infrastructure";"ES";"Total Diesel Mark-Up";"Rigid";"BAU";"EUR/kWh";2030;"0.018";"Sensitivity | Current Policies | Removed CO2 price";"Diesel"
"OPEX";"Diesel Infrastructure";"ES";"Total Diesel Mark-Up";"Tractor-Trailer";"BAU";"EUR/kWh";2030;"0.018";"Sensitivity | Current Policies | Removed CO2 price";"Diesel"
"OPEX";"Diesel Infrastructure";"ES";"Total Diesel Mark-Up";"Rigid";"PROG";"EUR/kWh";2030;"0.018";"Sensitivity | Current Policies | Removed CO2 price";"Diesel"
"OPEX";"Diesel Infrastructure";"ES";"Total Diesel Mark-Up";"Tractor-Trailer";"PROG";"EUR/kWh";2030;"0.018";"Sensitivity | Current Policies | Removed CO2 price";"Diesel"
"OPEX";"Diesel Infrastructure";"FR";"Total Diesel Mark-Up";"Rigid";"BAU";"EUR/kWh";2030;"0.018";"Sensitivity | Current Policies | Removed CO2 price";"Diesel"
"OPEX";"Diesel Infrastructure";"FR";"Total Diesel Mark-Up";"Tractor-Trailer";"BAU";"EUR/kWh";2030;"0.018";"Sensitivity | Current Policies | Removed CO2 price";"Diesel"
"OPEX";"Diesel Infrastructure";"FR";"Total Diesel Mark-Up";"Rigid";"PROG";"EUR/kWh";2030;"0.018";"Sensitivity | Current Policies | Removed CO2 price";"Diesel"
"OPEX";"Diesel Infrastructure";"FR";"Total Diesel Mark-Up";"Tractor-Trailer";"PROG";"EUR/kWh";2030;"0.018";"Sensitivity | Current Policies | Removed CO2 price";"Diesel"
"OPEX";"Diesel Infrastructure";"IT";"Total Diesel Mark-Up";"Rigid";"BAU";"EUR/kWh";2030;"0.018";"Sensitivity | Current Policies | Removed CO2 price";"Diesel"
"OPEX";"Diesel Infrastructure";"IT";"Total Diesel Mark-Up";"Tractor-Trailer";"BAU";"EUR/kWh";2030;"0.018";"Sensitivity | Current Policies | Removed CO2 price";"Diesel"
"OPEX";"Diesel Infrastructure";"IT";"Total Diesel Mark-Up";"Rigid";"PROG";"EUR/kWh";2030;"0.018";"Sensitivity | Current Policies | Removed CO2 price";"Diesel"
"OPEX";"Diesel Infrastructure";"IT";"Total Diesel Mark-Up";"Tractor-Trailer";"PROG";"EUR/kWh";2030;"0.018";"Sensitivity | Current Policies | Removed CO2 price";"Diesel"
"OPEX";"Diesel Infrastructure";"NL";"Total Diesel Mark-Up";"Rigid";"BAU";"EUR/kWh";2030;"0.018";"Sensitivity | Current Policies | Removed CO2 price";"Diesel"
"OPEX";"Diesel Infrastructure";"NL";"Total Diesel Mark-Up";"Tractor-Trailer";"BAU";"EUR/kWh";2030;"0.018";"Sensitivity | Current Policies | Removed CO2 price";"Diesel"
"OPEX";"Diesel Infrastructure";"NL";"Total Diesel Mark-Up";"Rigid";"PROG";"EUR/kWh";2030;"0.018";"Sensitivity | Current Policies | Removed CO2 price";"Diesel"
"OPEX";"Diesel Infrastructure";"NL";"Total Diesel Mark-Up";"Tractor-Trailer";"PROG";"EUR/kWh";2030;"0.018";"Sensitivity | Current Policies | Removed CO2 price";"Diesel"
"OPEX";"Diesel Infrastructure";"PL";"Total Diesel Mark-Up";"Rigid";"BAU";"EUR/kWh";2030;"0.018";"Sensitivity | Current Policies | Removed CO2 price";"Diesel"
"OPEX";"Diesel Infrastructure";"PL";"Total Diesel Mark-Up";"Tractor-Trailer";"BAU";"EUR/kWh";2030;"0.018";"Sensitivity | Current Policies | Removed CO2 price";"Diesel"
"OPEX";"Diesel Infrastructure";"PL";"Total Diesel Mark-Up";"Rigid";"PROG";"EUR/kWh";2030;"0.018";"Sensitivity | Current Policies | Removed CO2 price";"Diesel"
"OPEX";"Diesel Infrastructure";"PL";"Total Diesel Mark-Up";"Tractor-Trailer";"PROG";"EUR/kWh";2030;"0.018";"Sensitivity | Current Policies | Removed CO2 price";"Diesel"
"OPEX";"Diesel Infrastructure";"UK";"Total Diesel Mark-Up";"Rigid";"BAU";"EUR/kWh";2030;"0.018";"Sensitivity | Current Policies | Removed CO2 price";"Diesel"
"OPEX";"Diesel Infrastructure";"UK";"Total Diesel Mark-Up";"Tractor-Trailer";"BAU";"EUR/kWh";2030;"0.018";"Sensitivity | Current Policies | Removed CO2 price";"Diesel"
"OPEX";"Diesel Infrastructure";"UK";"Total Diesel Mark-Up";"Rigid";"PROG";"EUR/kWh";2030;"0.018";"Sensitivity | Current Policies | Removed CO2 price";"Diesel"
"OPEX";"Diesel Infrastructure";"UK";"Total Diesel Mark-Up";"Tractor-Trailer";"PROG";"EUR/kWh";2030;"0.018";"Sensitivity | Current Policies | Removed CO2 price";"Diesel"
"OPEX";"Diesel Infrastructure";"DE";"CO2 emission factor Biodiesel";"Rigid";"BAU";"%";2030;"0.166";"Sensitivity | Current Policies | Removed CO2 price";"Diesel"
"OPEX";"Diesel Infrastructure";"DE";"CO2 emission factor Biodiesel";"Tractor-Trailer";"BAU";"%";2030;"0.166";"Sensitivity | Current Policies | Removed CO2 price";"Diesel"
"OPEX";"Diesel Infrastructure";"DE";"CO2 emission factor Biodiesel";"Rigid";"PROG";"%";2030;"0.166";"Sensitivity | Current Policies | Removed CO2 price";"Diesel"
"OPEX";"Diesel Infrastructure";"DE";"CO2 emission factor Biodiesel";"Tractor-Trailer";"PROG";"%";2030;"0.166";"Sensitivity | Current Policies | Removed CO2 price";"Diesel"
"OPEX";"Diesel Infrastructure";"ES";"CO2 emission factor Biodiesel";"Rigid";"BAU";"%";2030;"0.166";"Sensitivity | Current Policies | Removed CO2 price";"Diesel"
"OPEX";"Diesel Infrastructure";"ES";"CO2 emission factor Biodiesel";"Tractor-Trailer";"BAU";"%";2030;"0.166";"Sensitivity | Current Policies | Removed CO2 price";"Diesel"
"OPEX";"Diesel Infrastructure";"ES";"CO2 emission factor Biodiesel";"Rigid";"PROG";"%";2030;"0.166";"Sensitivity | Current Policies | Removed CO2 price";"Diesel"
"OPEX";"Diesel Infrastructure";"ES";"CO2 emission factor Biodiesel";"Tractor-Trailer";"PROG";"%";2030;"0.166";"Sensitivity | Current Policies | Removed CO2 price";"Diesel"
"OPEX";"Diesel Infrastructure";"FR";"CO2 emission factor Biodiesel";"Rigid";"BAU";"%";2030;"0.166";"Sensitivity | Current Policies | Removed CO2 price";"Diesel"
"OPEX";"Diesel Infrastructure";"FR";"CO2 emission factor Biodiesel";"Tractor-Trailer";"BAU";"%";2030;"0.166";"Sensitivity | Current Policies | Removed CO2 price";"Diesel"
"OPEX";"Diesel Infrastructure";"FR";"CO2 emission factor Biodiesel";"Rigid";"PROG";"%";2030;"0.166";"Sensitivity | Current Policies | Removed CO2 price";"Diesel"
"OPEX";"Diesel Infrastructure";"FR";"CO2 emission factor Biodiesel";"Tractor-Trailer";"PROG";"%";2030;"0.166";"Sensitivity | Current Policies | Removed CO2 price";"Diesel"
"OPEX";"Diesel Infrastructure";"IT";"CO2 emission factor Biodiesel";"Rigid";"BAU";"%";2030;"0.166";"Sensitivity | Current Policies | Removed CO2 price";"Diesel"
"OPEX";"Diesel Infrastructure";"IT";"CO2 emission factor Biodiesel";"Tractor-Trailer";"BAU";"%";2030;"0.166";"Sensitivity | Current Policies | Removed CO2 price";"Diesel"
"OPEX";"Diesel Infrastructure";"IT";"CO2 emission factor Biodiesel";"Rigid";"PROG";"%";2030;"0.166";"Sensitivity | Current Policies | Removed CO2 price";"Diesel"
"OPEX";"Diesel Infrastructure";"IT";"CO2 emission factor Biodiesel";"Tractor-Trailer";"PROG";"%";2030;"0.166";"Sensitivity | Current Policies | Removed CO2 price";"Diesel"
"OPEX";"Diesel Infrastructure";"NL";"CO2 emission factor Biodiesel";"Rigid";"BAU";"%";2030;"0.166";"Sensitivity | Current Policies | Removed CO2 price";"Diesel"
"OPEX";"Diesel Infrastructure";"NL";"CO2 emission factor Biodiesel";"Tractor-Trailer";"BAU";"%";2030;"0.166";"Sensitivity | Current Policies | Removed CO2 price";"Diesel"
"OPEX";"Diesel Infrastructure";"NL";"CO2 emission factor Biodiesel";"Rigid";"PROG";"%";2030;"0.166";"Sensitivity | Current Policies | Removed CO2 price";"Diesel"
"OPEX";"Diesel Infrastructure";"NL";"CO2 emission factor Biodiesel";"Tractor-Trailer";"PROG";"%";2030;"0.166";"Sensitivity | Current Policies | Removed CO2 price";"Diesel"
"OPEX";"Diesel Infrastructure";"PL";"CO2 emission factor Biodiesel";"Rigid";"BAU";"%";2030;"0.166";"Sensitivity | Current Policies | Removed CO2 price";"Diesel"
"OPEX";"Diesel Infrastructure";"PL";"CO2 emission factor Biodiesel";"Tractor-Trailer";"BAU";"%";2030;"0.166";"Sensitivity | Current Policies | Removed CO2 price";"Diesel"
"OPEX";"Diesel Infrastructure";"PL";"CO2 emission factor Biodiesel";"Rigid";"PROG";"%";2030;"0.166";"Sensitivity | Current Policies | Removed CO2 price";"Diesel"
"OPEX";"Diesel Infrastructure";"PL";"CO2 emission factor Biodiesel";"Tractor-Trailer";"PROG";"%";2030;"0.166";"Sensitivity | Current Policies | Removed CO2 price";"Diesel"
"OPEX";"Diesel Infrastructure";"UK";"CO2 emission factor Biodiesel";"Rigid";"BAU";"%";2030;"0.166";"Sensitivity | Current Policies | Removed CO2 price";"Diesel"
"OPEX";"Diesel Infrastructure";"UK";"CO2 emission factor Biodiesel";"Tractor-Trailer";"BAU";"%";2030;"0.166";"Sensitivity | Current Policies | Removed CO2 price";"Diesel"
"OPEX";"Diesel Infrastructure";"UK";"CO2 emission factor Biodiesel";"Rigid";"PROG";"%";2030;"0.166";"Sensitivity | Current Policies | Removed CO2 price";"Diesel"
"OPEX";"Diesel Infrastructure";"UK";"CO2 emission factor Biodiesel";"Tractor-Trailer";"PROG";"%";2030;"0.166";"Sensitivity | Current Policies | Removed CO2 price";"Diesel"
"OPEX";"Diesel Infrastructure";"DE";"CO2 emission factor Pt-Diesel";"Rigid";"BAU";"%";2030;"0";"Sensitivity | Current Policies | Removed CO2 price";"Diesel"
"OPEX";"Diesel Infrastructure";"DE";"CO2 emission factor Pt-Diesel";"Tractor-Trailer";"BAU";"%";2030;"0";"Sensitivity | Current Policies | Removed CO2 price";"Diesel"
"OPEX";"Diesel Infrastructure";"DE";"CO2 emission factor Pt-Diesel";"Rigid";"PROG";"%";2030;"0";"Sensitivity | Current Policies | Removed CO2 price";"Diesel"
"OPEX";"Diesel Infrastructure";"DE";"CO2 emission factor Pt-Diesel";"Tractor-Trailer";"PROG";"%";2030;"0";"Sensitivity | Current Policies | Removed CO2 price";"Diesel"
"OPEX";"Diesel Infrastructure";"ES";"CO2 emission factor Pt-Diesel";"Rigid";"BAU";"%";2030;"0";"Sensitivity | Current Policies | Removed CO2 price";"Diesel"
"OPEX";"Diesel Infrastructure";"ES";"CO2 emission factor Pt-Diesel";"Tractor-Trailer";"BAU";"%";2030;"0";"Sensitivity | Current Policies | Removed CO2 price";"Diesel"
"OPEX";"Diesel Infrastructure";"ES";"CO2 emission factor Pt-Diesel";"Rigid";"PROG";"%";2030;"0";"Sensitivity | Current Policies | Removed CO2 price";"Diesel"
"OPEX";"Diesel Infrastructure";"ES";"CO2 emission factor Pt-Diesel";"Tractor-Trailer";"PROG";"%";2030;"0";"Sensitivity | Current Policies | Removed CO2 price";"Diesel"
"OPEX";"Diesel Infrastructure";"FR";"CO2 emission factor Pt-Diesel";"Rigid";"BAU";"%";2030;"0";"Sensitivity | Current Policies | Removed CO2 price";"Diesel"
"OPEX";"Diesel Infrastructure";"FR";"CO2 emission factor Pt-Diesel";"Tractor-Trailer";"BAU";"%";2030;"0";"Sensitivity | Current Policies | Removed CO2 price";"Diesel"
"OPEX";"Diesel Infrastructure";"FR";"CO2 emission factor Pt-Diesel";"Rigid";"PROG";"%";2030;"0";"Sensitivity | Current Policies | Removed CO2 price";"Diesel"
"OPEX";"Diesel Infrastructure";"FR";"CO2 emission factor Pt-Diesel";"Tractor-Trailer";"PROG";"%";2030;"0";"Sensitivity | Current Policies | Removed CO2 price";"Diesel"
"OPEX";"Diesel Infrastructure";"IT";"CO2 emission factor Pt-Diesel";"Rigid";"BAU";"%";2030;"0";"Sensitivity | Current Policies | Removed CO2 price";"Diesel"
"OPEX";"Diesel Infrastructure";"IT";"CO2 emission factor Pt-Diesel";"Tractor-Trailer";"BAU";"%";2030;"0";"Sensitivity | Current Policies | Removed CO2 price";"Diesel"
"OPEX";"Diesel Infrastructure";"IT";"CO2 emission factor Pt-Diesel";"Rigid";"PROG";"%";2030;"0";"Sensitivity | Current Policies | Removed CO2 price";"Diesel"
"OPEX";"Diesel Infrastructure";"IT";"CO2 emission factor Pt-Diesel";"Tractor-Trailer";"PROG";"%";2030;"0";"Sensitivity | Current Policies | Removed CO2 price";"Diesel"
"OPEX";"Diesel Infrastructure";"NL";"CO2 emission factor Pt-Diesel";"Rigid";"BAU";"%";2030;"0";"Sensitivity | Current Policies | Removed CO2 price";"Diesel"
"OPEX";"Diesel Infrastructure";"NL";"CO2 emission factor Pt-Diesel";"Tractor-Trailer";"BAU";"%";2030;"0";"Sensitivity | Current Policies | Removed CO2 price";"Diesel"
"OPEX";"Diesel Infrastructure";"NL";"CO2 emission factor Pt-Diesel";"Rigid";"PROG";"%";2030;"0";"Sensitivity | Current Policies | Removed CO2 price";"Diesel"
"OPEX";"Diesel Infrastructure";"NL";"CO2 emission factor Pt-Diesel";"Tractor-Trailer";"PROG";"%";2030;"0";"Sensitivity | Current Policies | Removed CO2 price";"Diesel"
"OPEX";"Diesel Infrastructure";"PL";"CO2 emission factor Pt-Diesel";"Rigid";"BAU";"%";2030;"0";"Sensitivity | Current Policies | Removed CO2 price";"Diesel"
"OPEX";"Diesel Infrastructure";"PL";"CO2 emission factor Pt-Diesel";"Tractor-Trailer";"BAU";"%";2030;"0";"Sensitivity | Current Policies | Removed CO2 price";"Diesel"
"OPEX";"Diesel Infrastructure";"PL";"CO2 emission factor Pt-Diesel";"Rigid";"PROG";"%";2030;"0";"Sensitivity | Current Policies | Removed CO2 price";"Diesel"
"OPEX";"Diesel Infrastructure";"PL";"CO2 emission factor Pt-Diesel";"Tractor-Trailer";"PROG";"%";2030;"0";"Sensitivity | Current Policies | Removed CO2 price";"Diesel"
"OPEX";"Diesel Infrastructure";"UK";"CO2 emission factor Pt-Diesel";"Rigid";"BAU";"%";2030;"0";"Sensitivity | Current Policies | Removed CO2 price";"Diesel"
"OPEX";"Diesel Infrastructure";"UK";"CO2 emission factor Pt-Diesel";"Tractor-Trailer";"BAU";"%";2030;"0";"Sensitivity | Current Policies | Removed CO2 price";"Diesel"
"OPEX";"Diesel Infrastructure";"UK";"CO2 emission factor Pt-Diesel";"Rigid";"PROG";"%";2030;"0";"Sensitivity | Current Policies | Removed CO2 price";"Diesel"
"OPEX";"Diesel Infrastructure";"UK";"CO2 emission factor Pt-Diesel";"Tractor-Trailer";"PROG";"%";2030;"0";"Sensitivity | Current Policies | Removed CO2 price";"Diesel"
"OPEX";"Taxes";"DE";"Network Costs - MCS";"Rigid";"BAU";"EUR/kWh";2030;"0.036";"Sensitivity | Current Policies | Removed CO2 price";"Electricity"
"OPEX";"Taxes";"DE";"Network Costs - MCS";"Tractor-Trailer";"BAU";"EUR/kWh";2030;"0.036";"Sensitivity | Current Policies | Removed CO2 price";"Electricity"
"OPEX";"Taxes";"ES";"Network Costs - MCS";"Rigid";"BAU";"EUR/kWh";2030;"0.02";"Sensitivity | Current Policies | Removed CO2 price";"Electricity"
"OPEX";"Taxes";"ES";"Network Costs - MCS";"Tractor-Trailer";"BAU";"EUR/kWh";2030;"0.02";"Sensitivity | Current Policies | Removed CO2 price";"Electricity"
"OPEX";"Taxes";"FR";"Network Costs - MCS";"Rigid";"BAU";"EUR/kWh";2030;"0.019";"Sensitivity | Current Policies | Removed CO2 price";"Electricity"
"OPEX";"Taxes";"FR";"Network Costs - MCS";"Tractor-Trailer";"BAU";"EUR/kWh";2030;"0.019";"Sensitivity | Current Policies | Removed CO2 price";"Electricity"
"OPEX";"Taxes";"IT";"Network Costs - MCS";"Rigid";"BAU";"EUR/kWh";2030;"0.016";"Sensitivity | Current Policies | Removed CO2 price";"Electricity"
"OPEX";"Taxes";"IT";"Network Costs - MCS";"Tractor-Trailer";"BAU";"EUR/kWh";2030;"0.016";"Sensitivity | Current Policies | Removed CO2 price";"Electricity"
"OPEX";"Taxes";"NL";"Network Costs - MCS";"Rigid";"BAU";"EUR/kWh";2030;"0.017";"Sensitivity | Current Policies | Removed CO2 price";"Electricity"
"OPEX";"Taxes";"NL";"Network Costs - MCS";"Tractor-Trailer";"BAU";"EUR/kWh";2030;"0.017";"Sensitivity | Current Policies | Removed CO2 price";"Electricity"
"OPEX";"Taxes";"PL";"Network Costs - MCS";"Rigid";"BAU";"EUR/kWh";2030;"0.02";"Sensitivity | Current Policies | Removed CO2 price";"Electricity"
"OPEX";"Taxes";"PL";"Network Costs - MCS";"Tractor-Trailer";"BAU";"EUR/kWh";2030;"0.02";"Sensitivity | Current Policies | Removed CO2 price";"Electricity"
"OPEX";"Taxes";"UK";"Network Costs - MCS";"Rigid";"BAU";"EUR/kWh";2030;"0.028";"Sensitivity | Current Policies | Removed CO2 price";"Electricity"
"OPEX";"Taxes";"UK";"Network Costs - MCS";"Tractor-Trailer";"BAU";"EUR/kWh";2030;"0.028";"Sensitivity | Current Policies | Removed CO2 price";"Electricity"
"OPEX";"Taxes";"DE";"Taxes, Fees, Levies and charges - MCS";"Rigid";"BAU";"EUR/kWh";2030;"0.068";"Sensitivity | Current Policies | Removed CO2 price";"Electricity"
"OPEX";"Taxes";"DE";"Taxes, Fees, Levies and charges - MCS";"Tractor-Trailer";"BAU";"EUR/kWh";2030;"0.068";"Sensitivity | Current Policies | Removed CO2 price";"Electricity"
"OPEX";"Taxes";"ES";"Taxes, Fees, Levies and charges - MCS";"Rigid";"BAU";"EUR/kWh";2030;"0.039";"Sensitivity | Current Policies | Removed CO2 price";"Electricity"
"OPEX";"Taxes";"ES";"Taxes, Fees, Levies and charges - MCS";"Tractor-Trailer";"BAU";"EUR/kWh";2030;"0.039";"Sensitivity | Current Policies | Removed CO2 price";"Electricity"
"OPEX";"Taxes";"FR";"Taxes, Fees, Levies and charges - MCS";"Rigid";"BAU";"EUR/kWh";2030;"0.032";"Sensitivity | Current Policies | Removed CO2 price";"Electricity"
"OPEX";"Taxes";"FR";"Taxes, Fees, Levies and charges - MCS";"Tractor-Trailer";"BAU";"EUR/kWh";2030;"0.032";"Sensitivity | Current Policies | Removed CO2 price";"Electricity"
"OPEX";"Taxes";"IT";"Taxes, Fees, Levies and charges - MCS";"Rigid";"BAU";"EUR/kWh";2030;"0.067";"Sensitivity | Current Policies | Removed CO2 price";"Electricity"
"OPEX";"Taxes";"IT";"Taxes, Fees, Levies and charges - MCS";"Tractor-Trailer";"BAU";"EUR/kWh";2030;"0.067";"Sensitivity | Current Policies | Removed CO2 price";"Electricity"
"OPEX";"Taxes";"NL";"Taxes, Fees, Levies and charges - MCS";"Rigid";"BAU";"EUR/kWh";2030;"0.055";"Sensitivity | Current Policies | Removed CO2 price";"Electricity"
"OPEX";"Taxes";"NL";"Taxes, Fees, Levies and charges - MCS";"Tractor-Trailer";"BAU";"EUR/kWh";2030;"0.055";"Sensitivity | Current Policies | Removed CO2 price";"Electricity"
"OPEX";"Taxes";"PL";"Taxes, Fees, Levies and charges - MCS";"Rigid";"BAU";"EUR/kWh";2030;"0.05";"Sensitivity | Current Policies | Removed CO2 price";"Electricity"
"OPEX";"Taxes";"PL";"Taxes, Fees, Levies and charges - MCS";"Tractor-Trailer";"BAU";"EUR/kWh";2030;"0.05";"Sensitivity | Current Policies | Removed CO2 price";"Electricity"
"OPEX";"Taxes";"UK";"Taxes, Fees, Levies and charges - MCS";"Rigid";"BAU";"EUR/kWh";2030;"0.078";"Sensitivity | Current Policies | Removed CO2 price";"Electricity"
"OPEX";"Taxes";"UK";"Taxes, Fees, Levies and charges - MCS";"Tractor-Trailer";"BAU";"EUR/kWh";2030;"0.078";"Sensitivity | Current Policies | Removed CO2 price";"Electricity"
"OPEX";"Taxes";"DE";"Network Costs - Depot";"Rigid";"BAU";"EUR/kWh";2030;"0.051";"Sensitivity | Current Policies | Removed CO2 price";"Electricity"
"OPEX";"Taxes";"DE";"Network Costs - Depot";"Tractor-Trailer";"BAU";"EUR/kWh";2030;"0.051";"Sensitivity | Current Policies | Removed CO2 price";"Electricity"
"OPEX";"Taxes";"ES";"Network Costs - Depot";"Rigid";"BAU";"EUR/kWh";2030;"0.041";"Sensitivity | Current Policies | Removed CO2 price";"Electricity"
"OPEX";"Taxes";"ES";"Network Costs - Depot";"Tractor-Trailer";"BAU";"EUR/kWh";2030;"0.041";"Sensitivity | Current Policies | Removed CO2 price";"Electricity"
"OPEX";"Taxes";"FR";"Network Costs - Depot";"Rigid";"BAU";"EUR/kWh";2030;"0.031";"Sensitivity | Current Policies | Removed CO2 price";"Electricity"
"OPEX";"Taxes";"FR";"Network Costs - Depot";"Tractor-Trailer";"BAU";"EUR/kWh";2030;"0.031";"Sensitivity | Current Policies | Removed CO2 price";"Electricity"
"OPEX";"Taxes";"IT";"Network Costs - Depot";"Rigid";"BAU";"EUR/kWh";2030;"0.021";"Sensitivity | Current Policies | Removed CO2 price";"Electricity"
"OPEX";"Taxes";"IT";"Network Costs - Depot";"Tractor-Trailer";"BAU";"EUR/kWh";2030;"0.021";"Sensitivity | Current Policies | Removed CO2 price";"Electricity"
"OPEX";"Taxes";"NL";"Network Costs - Depot";"Rigid";"BAU";"EUR/kWh";2030;"0.022";"Sensitivity | Current Policies | Removed CO2 price";"Electricity"
"OPEX";"Taxes";"NL";"Network Costs - Depot";"Tractor-Trailer";"BAU";"EUR/kWh";2030;"0.022";"Sensitivity | Current Policies | Removed CO2 price";"Electricity"
"OPEX";"Taxes";"PL";"Network Costs - Depot";"Rigid";"BAU";"EUR/kWh";2030;"0.032";"Sensitivity | Current Policies | Removed CO2 price";"Electricity"
"OPEX";"Taxes";"PL";"Network Costs - Depot";"Tractor-Trailer";"BAU";"EUR/kWh";2030;"0.032";"Sensitivity | Current Policies | Removed CO2 price";"Electricity"
"OPEX";"Taxes";"UK";"Network Costs - Depot";"Rigid";"BAU";"EUR/kWh";2030;"0.032";"Sensitivity | Current Policies | Removed CO2 price";"Electricity"
"OPEX";"Taxes";"UK";"Network Costs - Depot";"Tractor-Trailer";"BAU";"EUR/kWh";2030;"0.032";"Sensitivity | Current Policies | Removed CO2 price";"Electricity"
"OPEX";"Taxes";"DE";"Taxes, Fees, Levies and charges - Depot";"Rigid";"BAU";"EUR/kWh";2030;"0.078";"Sensitivity | Current Policies | Removed CO2 price";"Electricity"
"OPEX";"Taxes";"DE";"Taxes, Fees, Levies and charges - Depot";"Tractor-Trailer";"BAU";"EUR/kWh";2030;"0.078";"Sensitivity | Current Policies | Removed CO2 price";"Electricity"
"OPEX";"Taxes";"ES";"Taxes, Fees, Levies and charges - Depot";"Rigid";"BAU";"EUR/kWh";2030;"0.067";"Sensitivity | Current Policies | Removed CO2 price";"Electricity"
"OPEX";"Taxes";"ES";"Taxes, Fees, Levies and charges - Depot";"Tractor-Trailer";"BAU";"EUR/kWh";2030;"0.067";"Sensitivity | Current Policies | Removed CO2 price";"Electricity"
"OPEX";"Taxes";"FR";"Taxes, Fees, Levies and charges - Depot";"Rigid";"BAU";"EUR/kWh";2030;"0.048";"Sensitivity | Current Policies | Removed CO2 price";"Electricity"
"OPEX";"Taxes";"FR";"Taxes, Fees, Levies and charges - Depot";"Tractor-Trailer";"BAU";"EUR/kWh";2030;"0.048";"Sensitivity | Current Policies | Removed CO2 price";"Electricity"
"OPEX";"Taxes";"IT";"Taxes, Fees, Levies and charges - Depot";"Rigid";"BAU";"EUR/kWh";2030;"0.103";"Sensitivity | Current Policies | Removed CO2 price";"Electricity"
"OPEX";"Taxes";"IT";"Taxes, Fees, Levies and charges - Depot";"Tractor-Trailer";"BAU";"EUR/kWh";2030;"0.103";"Sensitivity | Current Policies | Removed CO2 price";"Electricity"
"OPEX";"Taxes";"NL";"Taxes, Fees, Levies and charges - Depot";"Rigid";"BAU";"EUR/kWh";2030;"0.062";"Sensitivity | Current Policies | Removed CO2 price";"Electricity"
"OPEX";"Taxes";"NL";"Taxes, Fees, Levies and charges - Depot";"Tractor-Trailer";"BAU";"EUR/kWh";2030;"0.062";"Sensitivity | Current Policies | Removed CO2 price";"Electricity"
"OPEX";"Taxes";"PL";"Taxes, Fees, Levies and charges - Depot";"Rigid";"BAU";"EUR/kWh";2030;"0.056";"Sensitivity | Current Policies | Removed CO2 price";"Electricity"
"OPEX";"Taxes";"PL";"Taxes, Fees, Levies and charges - Depot";"Tractor-Trailer";"BAU";"EUR/kWh";2030;"0.056";"Sensitivity | Current Policies | Removed CO2 price";"Electricity"
"OPEX";"Taxes";"UK";"Taxes, Fees, Levies and charges - Depot";"Rigid";"BAU";"EUR/kWh";2030;"0.086";"Sensitivity | Current Policies | Removed CO2 price";"Electricity"
"OPEX";"Taxes";"UK";"Taxes, Fees, Levies and charges - Depot";"Tractor-Trailer";"BAU";"EUR/kWh";2030;"0.086";"Sensitivity | Current Policies | Removed CO2 price";"Electricity"
"OPEX";"H2 Infrastructure";"DE";"HRS costs";"Rigid";"BAU";"EUR/kg H2";2030;"1.7";"Sensitivity | Current Policies | Removed CO2 price";"Hydrogen"
"OPEX";"H2 Infrastructure";"DE";"HRS costs";"Tractor-Trailer";"BAU";"EUR/kg H2";2030;"1.7";"Sensitivity | Current Policies | Removed CO2 price";"Hydrogen"
"OPEX";"H2 Infrastructure";"ES";"HRS costs";"Rigid";"BAU";"EUR/kg H2";2030;"1.7";"Sensitivity | Current Policies | Removed CO2 price";"Hydrogen"
"OPEX";"H2 Infrastructure";"ES";"HRS costs";"Tractor-Trailer";"BAU";"EUR/kg H2";2030;"1.7";"Sensitivity | Current Policies | Removed CO2 price";"Hydrogen"
"OPEX";"H2 Infrastructure";"FR";"HRS costs";"Rigid";"BAU";"EUR/kg H2";2030;"1.7";"Sensitivity | Current Policies | Removed CO2 price";"Hydrogen"
"OPEX";"H2 Infrastructure";"FR";"HRS costs";"Tractor-Trailer";"BAU";"EUR/kg H2";2030;"1.7";"Sensitivity | Current Policies | Removed CO2 price";"Hydrogen"
"OPEX";"H2 Infrastructure";"IT";"HRS costs";"Rigid";"BAU";"EUR/kg H2";2030;"1.7";"Sensitivity | Current Policies | Removed CO2 price";"Hydrogen"
"OPEX";"H2 Infrastructure";"IT";"HRS costs";"Tractor-Trailer";"BAU";"EUR/kg H2";2030;"1.7";"Sensitivity | Current Policies | Removed CO2 price";"Hydrogen"
"OPEX";"H2 Infrastructure";"NL";"HRS costs";"Rigid";"BAU";"EUR/kg H2";2030;"1.7";"Sensitivity | Current Policies | Removed CO2 price";"Hydrogen"
"OPEX";"H2 Infrastructure";"NL";"HRS costs";"Tractor-Trailer";"BAU";"EUR/kg H2";2030;"1.7";"Sensitivity | Current Policies | Removed CO2 price";"Hydrogen"
"OPEX";"H2 Infrastructure";"PL";"HRS costs";"Rigid";"BAU";"EUR/kg H2";2030;"1.7";"Sensitivity | Current Policies | Removed CO2 price";"Hydrogen"
"OPEX";"H2 Infrastructure";"PL";"HRS costs";"Tractor-Trailer";"BAU";"EUR/kg H2";2030;"1.7";"Sensitivity | Current Policies | Removed CO2 price";"Hydrogen"
"OPEX";"H2 Infrastructure";"UK";"HRS costs";"Rigid";"BAU";"EUR/kg H2";2030;"1.7";"Sensitivity | Current Policies | Removed CO2 price";"Hydrogen"
"OPEX";"H2 Infrastructure";"UK";"HRS costs";"Tractor-Trailer";"BAU";"EUR/kg H2";2030;"1.7";"Sensitivity | Current Policies | Removed CO2 price";"Hydrogen"
"OPEX";"H2 Infrastructure";"DE";"H2 transport and distribution";"Rigid";"BAU";"EUR/kg H2";2030;"1.5";"Sensitivity | Current Policies | Removed CO2 price";"Hydrogen"
"OPEX";"H2 Infrastructure";"DE";"H2 transport and distribution";"Tractor-Trailer";"BAU";"EUR/kg H2";2030;"1.5";"Sensitivity | Current Policies | Removed CO2 price";"Hydrogen"
"OPEX";"H2 Infrastructure";"ES";"H2 transport and distribution";"Rigid";"BAU";"EUR/kg H2";2030;"1.5";"Sensitivity | Current Policies | Removed CO2 price";"Hydrogen"
"OPEX";"H2 Infrastructure";"ES";"H2 transport and distribution";"Tractor-Trailer";"BAU";"EUR/kg H2";2030;"1.5";"Sensitivity | Current Policies | Removed CO2 price";"Hydrogen"
"OPEX";"H2 Infrastructure";"FR";"H2 transport and distribution";"Rigid";"BAU";"EUR/kg H2";2030;"1.5";"Sensitivity | Current Policies | Removed CO2 price";"Hydrogen"
"OPEX";"H2 Infrastructure";"FR";"H2 transport and distribution";"Tractor-Trailer";"BAU";"EUR/kg H2";2030;"1.5";"Sensitivity | Current Policies | Removed CO2 price";"Hydrogen"
"OPEX";"H2 Infrastructure";"IT";"H2 transport and distribution";"Rigid";"BAU";"EUR/kg H2";2030;"1.5";"Sensitivity | Current Policies | Removed CO2 price";"Hydrogen"
"OPEX";"H2 Infrastructure";"IT";"H2 transport and distribution";"Tractor-Trailer";"BAU";"EUR/kg H2";2030;"1.5";"Sensitivity | Current Policies | Removed CO2 price";"Hydrogen"
"OPEX";"H2 Infrastructure";"NL";"H2 transport and distribution";"Rigid";"BAU";"EUR/kg H2";2030;"1.5";"Sensitivity | Current Policies | Removed CO2 price";"Hydrogen"
"OPEX";"H2 Infrastructure";"NL";"H2 transport and distribution";"Tractor-Trailer";"BAU";"EUR/kg H2";2030;"1.5";"Sensitivity | Current Policies | Removed CO2 price";"Hydrogen"
"OPEX";"H2 Infrastructure";"PL";"H2 transport and distribution";"Rigid";"BAU";"EUR/kg H2";2030;"1.5";"Sensitivity | Current Policies | Removed CO2 price";"Hydrogen"
"OPEX";"H2 Infrastructure";"PL";"H2 transport and distribution";"Tractor-Trailer";"BAU";"EUR/kg H2";2030;"1.5";"Sensitivity | Current Policies | Removed CO2 price";"Hydrogen"
"OPEX";"H2 Infrastructure";"UK";"H2 transport and distribution";"Rigid";"BAU";"EUR/kg H2";2030;"1.5";"Sensitivity | Current Policies | Removed CO2 price";"Hydrogen"
"OPEX";"H2 Infrastructure";"UK";"H2 transport and distribution";"Tractor-Trailer";"BAU";"EUR/kg H2";2030;"1.5";"Sensitivity | Current Policies | Removed CO2 price";"Hydrogen"
"OPEX";"H2 Infrastructure";"DE";"HRS Overhead, Profit and Mark-Up";"Rigid";"BAU";"EUR/kg H2";2030;"0.25";"Sensitivity | Current Policies | Removed CO2 price";"Hydrogen"
"OPEX";"H2 Infrastructure";"DE";"HRS Overhead, Profit and Mark-Up";"Tractor-Trailer";"BAU";"EUR/kg H2";2030;"0.25";"Sensitivity | Current Policies | Removed CO2 price";"Hydrogen"
"OPEX";"H2 Infrastructure";"ES";"HRS Overhead, Profit and Mark-Up";"Rigid";"BAU";"EUR/kg H2";2030;"0.25";"Sensitivity | Current Policies | Removed CO2 price";"Hydrogen"
"OPEX";"H2 Infrastructure";"ES";"HRS Overhead, Profit and Mark-Up";"Tractor-Trailer";"BAU";"EUR/kg H2";2030;"0.25";"Sensitivity | Current Policies | Removed CO2 price";"Hydrogen"
"OPEX";"H2 Infrastructure";"FR";"HRS Overhead, Profit and Mark-Up";"Rigid";"BAU";"EUR/kg H2";2030;"0.25";"Sensitivity | Current Policies | Removed CO2 price";"Hydrogen"
"OPEX";"H2 Infrastructure";"FR";"HRS Overhead, Profit and Mark-Up";"Tractor-Trailer";"BAU";"EUR/kg H2";2030;"0.25";"Sensitivity | Current Policies | Removed CO2 price";"Hydrogen"
"OPEX";"H2 Infrastructure";"IT";"HRS Overhead, Profit and Mark-Up";"Rigid";"BAU";"EUR/kg H2";2030;"0.25";"Sensitivity | Current Policies | Removed CO2 price";"Hydrogen"
"OPEX";"H2 Infrastructure";"IT";"HRS Overhead, Profit and Mark-Up";"Tractor-Trailer";"BAU";"EUR/kg H2";2030;"0.25";"Sensitivity | Current Policies | Removed CO2 price";"Hydrogen"
"OPEX";"H2 Infrastructure";"NL";"HRS Overhead, Profit and Mark-Up";"Rigid";"BAU";"EUR/kg H2";2030;"0.25";"Sensitivity | Current Policies | Removed CO2 price";"Hydrogen"
"OPEX";"H2 Infrastructure";"NL";"HRS Overhead, Profit and Mark-Up";"Tractor-Trailer";"BAU";"EUR/kg H2";2030;"0.25";"Sensitivity | Current Policies | Removed CO2 price";"Hydrogen"
"OPEX";"H2 Infrastructure";"PL";"HRS Overhead, Profit and Mark-Up";"Rigid";"BAU";"EUR/kg H2";2030;"0.25";"Sensitivity | Current Policies | Removed CO2 price";"Hydrogen"
"OPEX";"H2 Infrastructure";"PL";"HRS Overhead, Profit and Mark-Up";"Tractor-Trailer";"BAU";"EUR/kg H2";2030;"0.25";"Sensitivity | Current Policies | Removed CO2 price";"Hydrogen"
"OPEX";"H2 Infrastructure";"UK";"HRS Overhead, Profit and Mark-Up";"Rigid";"BAU";"EUR/kg H2";2030;"0.25";"Sensitivity | Current Policies | Removed CO2 price";"Hydrogen"
"OPEX";"H2 Infrastructure";"UK";"HRS Overhead, Profit and Mark-Up";"Tractor-Trailer";"BAU";"EUR/kg H2";2030;"0.25";"Sensitivity | Current Policies | Removed CO2 price";"Hydrogen"
"OPEX";"Charging Infrastructure";"DE";"MCS Station (Public Charging) - Incl. Overhead";"Rigid";"BAU";"EUR/kWh";2030;"0.143";"Sensitivity | Current Policies | Removed CO2 price";"Electricity"
"OPEX";"Charging Infrastructure";"DE";"MCS Station (Public Charging) - Incl. Overhead";"Tractor-Trailer";"BAU";"EUR/kWh";2030;"0.143";"Sensitivity | Current Policies | Removed CO2 price";"Electricity"
"OPEX";"Charging Infrastructure";"ES";"MCS Station (Public Charging) - Incl. Overhead";"Rigid";"BAU";"EUR/kWh";2030;"0.143";"Sensitivity | Current Policies | Removed CO2 price";"Electricity"
"OPEX";"Charging Infrastructure";"ES";"MCS Station (Public Charging) - Incl. Overhead";"Tractor-Trailer";"BAU";"EUR/kWh";2030;"0.143";"Sensitivity | Current Policies | Removed CO2 price";"Electricity"
"OPEX";"Charging Infrastructure";"FR";"MCS Station (Public Charging) - Incl. Overhead";"Rigid";"BAU";"EUR/kWh";2030;"0.143";"Sensitivity | Current Policies | Removed CO2 price";"Electricity"
"OPEX";"Charging Infrastructure";"FR";"MCS Station (Public Charging) - Incl. Overhead";"Tractor-Trailer";"BAU";"EUR/kWh";2030;"0.143";"Sensitivity | Current Policies | Removed CO2 price";"Electricity"
"OPEX";"Charging Infrastructure";"IT";"MCS Station (Public Charging) - Incl. Overhead";"Rigid";"BAU";"EUR/kWh";2030;"0.143";"Sensitivity | Current Policies | Removed CO2 price";"Electricity"
"OPEX";"Charging Infrastructure";"IT";"MCS Station (Public Charging) - Incl. Overhead";"Tractor-Trailer";"BAU";"EUR/kWh";2030;"0.143";"Sensitivity | Current Policies | Removed CO2 price";"Electricity"
"OPEX";"Charging Infrastructure";"NL";"MCS Station (Public Charging) - Incl. Overhead";"Rigid";"BAU";"EUR/kWh";2030;"0.143";"Sensitivity | Current Policies | Removed CO2 price";"Electricity"
"OPEX";"Charging Infrastructure";"NL";"MCS Station (Public Charging) - Incl. Overhead";"Tractor-Trailer";"BAU";"EUR/kWh";2030;"0.143";"Sensitivity | Current Policies | Removed CO2 price";"Electricity"
"OPEX";"Charging Infrastructure";"PL";"MCS Station (Public Charging) - Incl. Overhead";"Rigid";"BAU";"EUR/kWh";2030;"0.143";"Sensitivity | Current Policies | Removed CO2 price";"Electricity"
"OPEX";"Charging Infrastructure";"PL";"MCS Station (Public Charging) - Incl. Overhead";"Tractor-Trailer";"BAU";"EUR/kWh";2030;"0.143";"Sensitivity | Current Policies | Removed CO2 price";"Electricity"
"OPEX";"Charging Infrastructure";"UK";"MCS Station (Public Charging) - Incl. Overhead";"Rigid";"BAU";"EUR/kWh";2030;"0.143";"Sensitivity | Current Policies | Removed CO2 price";"Electricity"
"OPEX";"Charging Infrastructure";"UK";"MCS Station (Public Charging) - Incl. Overhead";"Tractor-Trailer";"BAU";"EUR/kWh";2030;"0.143";"Sensitivity | Current Policies | Removed CO2 price";"Electricity"
"OPEX";"Charging Infrastructure";"DE";"Share MCS-Charging";"Rigid";"BAU";"%";2030;"0.2";"Sensitivity | Current Policies | Removed CO2 price";"Electricity"
"OPEX";"Charging Infrastructure";"DE";"Share MCS-Charging";"Tractor-Trailer";"BAU";"%";2030;"0.2";"Sensitivity | Current Policies | Removed CO2 price";"Electricity"
"OPEX";"Charging Infrastructure";"ES";"Share MCS-Charging";"Rigid";"BAU";"%";2030;"0.2";"Sensitivity | Current Policies | Removed CO2 price";"Electricity"
"OPEX";"Charging Infrastructure";"ES";"Share MCS-Charging";"Tractor-Trailer";"BAU";"%";2030;"0.2";"Sensitivity | Current Policies | Removed CO2 price";"Electricity"
"OPEX";"Charging Infrastructure";"FR";"Share MCS-Charging";"Rigid";"BAU";"%";2030;"0.2";"Sensitivity | Current Policies | Removed CO2 price";"Electricity"
"OPEX";"Charging Infrastructure";"FR";"Share MCS-Charging";"Tractor-Trailer";"BAU";"%";2030;"0.2";"Sensitivity | Current Policies | Removed CO2 price";"Electricity"
"OPEX";"Charging Infrastructure";"IT";"Share MCS-Charging";"Rigid";"BAU";"%";2030;"0.2";"Sensitivity | Current Policies | Removed CO2 price";"Electricity"
"OPEX";"Charging Infrastructure";"IT";"Share MCS-Charging";"Tractor-Trailer";"BAU";"%";2030;"0.2";"Sensitivity | Current Policies | Removed CO2 price";"Electricity"
"OPEX";"Charging Infrastructure";"NL";"Share MCS-Charging";"Rigid";"BAU";"%";2030;"0.2";"Sensitivity | Current Policies | Removed CO2 price";"Electricity"
"OPEX";"Charging Infrastructure";"NL";"Share MCS-Charging";"Tractor-Trailer";"BAU";"%";2030;"0.2";"Sensitivity | Current Policies | Removed CO2 price";"Electricity"
"OPEX";"Charging Infrastructure";"PL";"Share MCS-Charging";"Rigid";"BAU";"%";2030;"0.2";"Sensitivity | Current Policies | Removed CO2 price";"Electricity"
"OPEX";"Charging Infrastructure";"PL";"Share MCS-Charging";"Tractor-Trailer";"BAU";"%";2030;"0.2";"Sensitivity | Current Policies | Removed CO2 price";"Electricity"
"OPEX";"Charging Infrastructure";"UK";"Share MCS-Charging";"Rigid";"BAU";"%";2030;"0.2";"Sensitivity | Current Policies | Removed CO2 price";"Electricity"
"OPEX";"Charging Infrastructure";"UK";"Share MCS-Charging";"Tractor-Trailer";"BAU";"%";2030;"0.2";"Sensitivity | Current Policies | Removed CO2 price";"Electricity"
"OPEX";"Charging Infrastructure";"DE";"Depot - Network fees savings potential";"Rigid";"BAU";"EUR/kWh";2030;"0";"Sensitivity | Current Policies | Removed CO2 price";"Electricity"
"OPEX";"Charging Infrastructure";"DE";"Depot - Network fees savings potential";"Tractor-Trailer";"BAU";"EUR/kWh";2030;"0";"Sensitivity | Current Policies | Removed CO2 price";"Electricity"
"OPEX";"Charging Infrastructure";"ES";"Depot - Network fees savings potential";"Rigid";"BAU";"EUR/kWh";2030;"0";"Sensitivity | Current Policies | Removed CO2 price";"Electricity"
"OPEX";"Charging Infrastructure";"ES";"Depot - Network fees savings potential";"Tractor-Trailer";"BAU";"EUR/kWh";2030;"0";"Sensitivity | Current Policies | Removed CO2 price";"Electricity"
"OPEX";"Charging Infrastructure";"FR";"Depot - Network fees savings potential";"Rigid";"BAU";"EUR/kWh";2030;"0";"Sensitivity | Current Policies | Removed CO2 price";"Electricity"
"OPEX";"Charging Infrastructure";"FR";"Depot - Network fees savings potential";"Tractor-Trailer";"BAU";"EUR/kWh";2030;"0";"Sensitivity | Current Policies | Removed CO2 price";"Electricity"
"OPEX";"Charging Infrastructure";"IT";"Depot - Network fees savings potential";"Rigid";"BAU";"EUR/kWh";2030;"0";"Sensitivity | Current Policies | Removed CO2 price";"Electricity"
"OPEX";"Charging Infrastructure";"IT";"Depot - Network fees savings potential";"Tractor-Trailer";"BAU";"EUR/kWh";2030;"0";"Sensitivity | Current Policies | Removed CO2 price";"Electricity"
"OPEX";"Charging Infrastructure";"NL";"Depot - Network fees savings potential";"Rigid";"BAU";"EUR/kWh";2030;"0";"Sensitivity | Current Policies | Removed CO2 price";"Electricity"
"OPEX";"Charging Infrastructure";"NL";"Depot - Network fees savings potential";"Tractor-Trailer";"BAU";"EUR/kWh";2030;"0";"Sensitivity | Current Policies | Removed CO2 price";"Electricity"
"OPEX";"Charging Infrastructure";"PL";"Depot - Network fees savings potential";"Rigid";"BAU";"EUR/kWh";2030;"0";"Sensitivity | Current Policies | Removed CO2 price";"Electricity"
"OPEX";"Charging Infrastructure";"PL";"Depot - Network fees savings potential";"Tractor-Trailer";"BAU";"EUR/kWh";2030;"0";"Sensitivity | Current Policies | Removed CO2 price";"Electricity"
"OPEX";"Charging Infrastructure";"UK";"Depot - Network fees savings potential";"Rigid";"BAU";"EUR/kWh";2030;"0";"Sensitivity | Current Policies | Removed CO2 price";"Electricity"
"OPEX";"Charging Infrastructure";"UK";"Depot - Network fees savings potential";"Tractor-Trailer";"BAU";"EUR/kWh";2030;"0";"Sensitivity | Current Policies | Removed CO2 price";"Electricity"
"OPEX";"Taxes";"DE";"Tax reduction";"Rigid";"BAU";"%";2030;"-1";"Sensitivity | Current Policies | Removed CO2 price";"Hydrogen"
"OPEX";"Taxes";"DE";"Tax reduction";"Tractor-Trailer";"BAU";"%";2030;"-1";"Sensitivity | Current Policies | Removed CO2 price";"Hydrogen"
"OPEX";"Taxes";"ES";"Tax reduction";"Rigid";"BAU";"%";2030;"-1";"Sensitivity | Current Policies | Removed CO2 price";"Hydrogen"
"OPEX";"Taxes";"ES";"Tax reduction";"Tractor-Trailer";"BAU";"%";2030;"-1";"Sensitivity | Current Policies | Removed CO2 price";"Hydrogen"
"OPEX";"Taxes";"FR";"Tax reduction";"Rigid";"BAU";"%";2030;"-1";"Sensitivity | Current Policies | Removed CO2 price";"Hydrogen"
"OPEX";"Taxes";"FR";"Tax reduction";"Tractor-Trailer";"BAU";"%";2030;"-1";"Sensitivity | Current Policies | Removed CO2 price";"Hydrogen"
"OPEX";"Taxes";"IT";"Tax reduction";"Rigid";"BAU";"%";2030;"-1";"Sensitivity | Current Policies | Removed CO2 price";"Hydrogen"
"OPEX";"Taxes";"IT";"Tax reduction";"Tractor-Trailer";"BAU";"%";2030;"-1";"Sensitivity | Current Policies | Removed CO2 price";"Hydrogen"
"OPEX";"Taxes";"NL";"Tax reduction";"Rigid";"BAU";"%";2030;"-1";"Sensitivity | Current Policies | Removed CO2 price";"Hydrogen"
"OPEX";"Taxes";"NL";"Tax reduction";"Tractor-Trailer";"BAU";"%";2030;"-1";"Sensitivity | Current Policies | Removed CO2 price";"Hydrogen"
"OPEX";"Taxes";"PL";"Tax reduction";"Rigid";"BAU";"%";2030;"-1";"Sensitivity | Current Policies | Removed CO2 price";"Hydrogen"
"OPEX";"Taxes";"PL";"Tax reduction";"Tractor-Trailer";"BAU";"%";2030;"-1";"Sensitivity | Current Policies | Removed CO2 price";"Hydrogen"
"OPEX";"Taxes";"UK";"Tax reduction";"Rigid";"BAU";"%";2030;"-1";"Sensitivity | Current Policies | Removed CO2 price";"Hydrogen"
"OPEX";"Taxes";"UK";"Tax reduction";"Tractor-Trailer";"BAU";"%";2030;"-1";"Sensitivity | Current Policies | Removed CO2 price";"Hydrogen"
"OPEX";"Taxes";"DE";"Increasing grid fees";"Rigid";"PROG";"%";2030;"0.1";"Sensitivity | Current Policies | Removed CO2 price";"Electricity"
"OPEX";"Taxes";"DE";"Increasing grid fees";"Tractor-Trailer";"PROG";"%";2030;"0.1";"Sensitivity | Current Policies | Removed CO2 price";"Electricity"
"OPEX";"Taxes";"ES";"Increasing grid fees";"Rigid";"PROG";"%";2030;"0.1";"Sensitivity | Current Policies | Removed CO2 price";"Electricity"
"OPEX";"Taxes";"ES";"Increasing grid fees";"Tractor-Trailer";"PROG";"%";2030;"0.1";"Sensitivity | Current Policies | Removed CO2 price";"Electricity"
"OPEX";"Taxes";"FR";"Increasing grid fees";"Rigid";"PROG";"%";2030;"0.1";"Sensitivity | Current Policies | Removed CO2 price";"Electricity"
"OPEX";"Taxes";"FR";"Increasing grid fees";"Tractor-Trailer";"PROG";"%";2030;"0.1";"Sensitivity | Current Policies | Removed CO2 price";"Electricity"
"OPEX";"Taxes";"IT";"Increasing grid fees";"Rigid";"PROG";"%";2030;"0.1";"Sensitivity | Current Policies | Removed CO2 price";"Electricity"
"OPEX";"Taxes";"IT";"Increasing grid fees";"Tractor-Trailer";"PROG";"%";2030;"0.1";"Sensitivity | Current Policies | Removed CO2 price";"Electricity"
"OPEX";"Taxes";"NL";"Increasing grid fees";"Rigid";"PROG";"%";2030;"0.1";"Sensitivity | Current Policies | Removed CO2 price";"Electricity"
"OPEX";"Taxes";"NL";"Increasing grid fees";"Tractor-Trailer";"PROG";"%";2030;"0.1";"Sensitivity | Current Policies | Removed CO2 price";"Electricity"
"OPEX";"Taxes";"PL";"Increasing grid fees";"Rigid";"PROG";"%";2030;"0.1";"Sensitivity | Current Policies | Removed CO2 price";"Electricity"
"OPEX";"Taxes";"PL";"Increasing grid fees";"Tractor-Trailer";"PROG";"%";2030;"0.1";"Sensitivity | Current Policies | Removed CO2 price";"Electricity"
"OPEX";"Taxes";"UK";"Increasing grid fees";"Rigid";"PROG";"%";2030;"0.1";"Sensitivity | Current Policies | Removed CO2 price";"Electricity"
"OPEX";"Taxes";"UK";"Increasing grid fees";"Tractor-Trailer";"PROG";"%";2030;"0.1";"Sensitivity | Current Policies | Removed CO2 price";"Electricity"
"OPEX";"Taxes";"DE";"Increasing grid fees";"Rigid";"BAU";"%";2030;"0.167";"Sensitivity | Current Policies | Removed CO2 price";"Electricity"
"OPEX";"Taxes";"DE";"Increasing grid fees";"Tractor-Trailer";"BAU";"%";2030;"0.167";"Sensitivity | Current Policies | Removed CO2 price";"Electricity"
"OPEX";"Taxes";"ES";"Increasing grid fees";"Rigid";"BAU";"%";2030;"0.167";"Sensitivity | Current Policies | Removed CO2 price";"Electricity"
"OPEX";"Taxes";"ES";"Increasing grid fees";"Tractor-Trailer";"BAU";"%";2030;"0.167";"Sensitivity | Current Policies | Removed CO2 price";"Electricity"
"OPEX";"Taxes";"FR";"Increasing grid fees";"Rigid";"BAU";"%";2030;"0.167";"Sensitivity | Current Policies | Removed CO2 price";"Electricity"
"OPEX";"Taxes";"FR";"Increasing grid fees";"Tractor-Trailer";"BAU";"%";2030;"0.167";"Sensitivity | Current Policies | Removed CO2 price";"Electricity"
"OPEX";"Taxes";"IT";"Increasing grid fees";"Rigid";"BAU";"%";2030;"0.167";"Sensitivity | Current Policies | Removed CO2 price";"Electricity"
"OPEX";"Taxes";"IT";"Increasing grid fees";"Tractor-Trailer";"BAU";"%";2030;"0.167";"Sensitivity | Current Policies | Removed CO2 price";"Electricity"
"OPEX";"Taxes";"NL";"Increasing grid fees";"Rigid";"BAU";"%";2030;"0.167";"Sensitivity | Current Policies | Removed CO2 price";"Electricity"
"OPEX";"Taxes";"NL";"Increasing grid fees";"Tractor-Trailer";"BAU";"%";2030;"0.167";"Sensitivity | Current Policies | Removed CO2 price";"Electricity"
"OPEX";"Taxes";"PL";"Increasing grid fees";"Rigid";"BAU";"%";2030;"0.167";"Sensitivity | Current Policies | Removed CO2 price";"Electricity"
"OPEX";"Taxes";"PL";"Increasing grid fees";"Tractor-Trailer";"BAU";"%";2030;"0.167";"Sensitivity | Current Policies | Removed CO2 price";"Electricity"
"OPEX";"Taxes";"UK";"Increasing grid fees";"Rigid";"BAU";"%";2030;"0.167";"Sensitivity | Current Policies | Removed CO2 price";"Electricity"
"OPEX";"Taxes";"UK";"Increasing grid fees";"Tractor-Trailer";"BAU";"%";2030;"0.167";"Sensitivity | Current Policies | Removed CO2 price";"Electricity"
"OPEX";"Taxes";"DE";"Network Costs - MCS";"Rigid";"PROG";"EUR/kWh";2035;"0.034";"Sensitivity | Current Policies | Removed CO2 price";"Electricity"
"OPEX";"Taxes";"DE";"Network Costs - MCS";"Tractor-Trailer";"PROG";"EUR/kWh";2035;"0.034";"Sensitivity | Current Policies | Removed CO2 price";"Electricity"
"OPEX";"Taxes";"ES";"Network Costs - MCS";"Rigid";"PROG";"EUR/kWh";2035;"0.014";"Sensitivity | Current Policies | Removed CO2 price";"Electricity"
"OPEX";"Taxes";"ES";"Network Costs - MCS";"Tractor-Trailer";"PROG";"EUR/kWh";2035;"0.014";"Sensitivity | Current Policies | Removed CO2 price";"Electricity"
"OPEX";"Taxes";"FR";"Network Costs - MCS";"Rigid";"PROG";"EUR/kWh";2035;"0.016";"Sensitivity | Current Policies | Removed CO2 price";"Electricity"
"OPEX";"Taxes";"FR";"Network Costs - MCS";"Tractor-Trailer";"PROG";"EUR/kWh";2035;"0.016";"Sensitivity | Current Policies | Removed CO2 price";"Electricity"
"OPEX";"Taxes";"IT";"Network Costs - MCS";"Rigid";"PROG";"EUR/kWh";2035;"0.014";"Sensitivity | Current Policies | Removed CO2 price";"Electricity"
"OPEX";"Taxes";"IT";"Network Costs - MCS";"Tractor-Trailer";"PROG";"EUR/kWh";2035;"0.014";"Sensitivity | Current Policies | Removed CO2 price";"Electricity"
"OPEX";"Taxes";"NL";"Network Costs - MCS";"Rigid";"PROG";"EUR/kWh";2035;"0.015";"Sensitivity | Current Policies | Removed CO2 price";"Electricity"
"OPEX";"Taxes";"NL";"Network Costs - MCS";"Tractor-Trailer";"PROG";"EUR/kWh";2035;"0.015";"Sensitivity | Current Policies | Removed CO2 price";"Electricity"
"OPEX";"Taxes";"PL";"Network Costs - MCS";"Rigid";"PROG";"EUR/kWh";2035;"0.016";"Sensitivity | Current Policies | Removed CO2 price";"Electricity"
"OPEX";"Taxes";"PL";"Network Costs - MCS";"Tractor-Trailer";"PROG";"EUR/kWh";2035;"0.016";"Sensitivity | Current Policies | Removed CO2 price";"Electricity"
"OPEX";"Taxes";"UK";"Network Costs - MCS";"Rigid";"PROG";"EUR/kWh";2035;"0.025";"Sensitivity | Current Policies | Removed CO2 price";"Electricity"
"OPEX";"Taxes";"UK";"Network Costs - MCS";"Tractor-Trailer";"PROG";"EUR/kWh";2035;"0.025";"Sensitivity | Current Policies | Removed CO2 price";"Electricity"
"OPEX";"Taxes";"DE";"Taxes, Fees, Levies and charges - MCS";"Rigid";"PROG";"EUR/kWh";2035;"0.056";"Sensitivity | Current Policies | Removed CO2 price";"Electricity"
"OPEX";"Taxes";"DE";"Taxes, Fees, Levies and charges - MCS";"Tractor-Trailer";"PROG";"EUR/kWh";2035;"0.056";"Sensitivity | Current Policies | Removed CO2 price";"Electricity"
"OPEX";"Taxes";"ES";"Taxes, Fees, Levies and charges - MCS";"Rigid";"PROG";"EUR/kWh";2035;"0.03";"Sensitivity | Current Policies | Removed CO2 price";"Electricity"
"OPEX";"Taxes";"ES";"Taxes, Fees, Levies and charges - MCS";"Tractor-Trailer";"PROG";"EUR/kWh";2035;"0.03";"Sensitivity | Current Policies | Removed CO2 price";"Electricity"
"OPEX";"Taxes";"FR";"Taxes, Fees, Levies and charges - MCS";"Rigid";"PROG";"EUR/kWh";2035;"0.027";"Sensitivity | Current Policies | Removed CO2 price";"Electricity"
"OPEX";"Taxes";"FR";"Taxes, Fees, Levies and charges - MCS";"Tractor-Trailer";"PROG";"EUR/kWh";2035;"0.027";"Sensitivity | Current Policies | Removed CO2 price";"Electricity"
"OPEX";"Taxes";"IT";"Taxes, Fees, Levies and charges - MCS";"Rigid";"PROG";"EUR/kWh";2035;"0.052";"Sensitivity | Current Policies | Removed CO2 price";"Electricity"
"OPEX";"Taxes";"IT";"Taxes, Fees, Levies and charges - MCS";"Tractor-Trailer";"PROG";"EUR/kWh";2035;"0.052";"Sensitivity | Current Policies | Removed CO2 price";"Electricity"
"OPEX";"Taxes";"NL";"Taxes, Fees, Levies and charges - MCS";"Rigid";"PROG";"EUR/kWh";2035;"0.048";"Sensitivity | Current Policies | Removed CO2 price";"Electricity"
"OPEX";"Taxes";"NL";"Taxes, Fees, Levies and charges - MCS";"Tractor-Trailer";"PROG";"EUR/kWh";2035;"0.048";"Sensitivity | Current Policies | Removed CO2 price";"Electricity"
"OPEX";"Taxes";"PL";"Taxes, Fees, Levies and charges - MCS";"Rigid";"PROG";"EUR/kWh";2035;"0.047";"Sensitivity | Current Policies | Removed CO2 price";"Electricity"
"OPEX";"Taxes";"PL";"Taxes, Fees, Levies and charges - MCS";"Tractor-Trailer";"PROG";"EUR/kWh";2035;"0.047";"Sensitivity | Current Policies | Removed CO2 price";"Electricity"
"OPEX";"Taxes";"UK";"Taxes, Fees, Levies and charges - MCS";"Rigid";"PROG";"EUR/kWh";2035;"0.075";"Sensitivity | Current Policies | Removed CO2 price";"Electricity"
"OPEX";"Taxes";"UK";"Taxes, Fees, Levies and charges - MCS";"Tractor-Trailer";"PROG";"EUR/kWh";2035;"0.075";"Sensitivity | Current Policies | Removed CO2 price";"Electricity"
"OPEX";"Taxes";"DE";"Network Costs - Depot";"Rigid";"PROG";"EUR/kWh";2035;"0.034";"Sensitivity | Current Policies | Removed CO2 price";"Electricity"
"OPEX";"Taxes";"DE";"Network Costs - Depot";"Tractor-Trailer";"PROG";"EUR/kWh";2035;"0.034";"Sensitivity | Current Policies | Removed CO2 price";"Electricity"
"OPEX";"Taxes";"ES";"Network Costs - Depot";"Rigid";"PROG";"EUR/kWh";2035;"0.018";"Sensitivity | Current Policies | Removed CO2 price";"Electricity"
"OPEX";"Taxes";"ES";"Network Costs - Depot";"Tractor-Trailer";"PROG";"EUR/kWh";2035;"0.018";"Sensitivity | Current Policies | Removed CO2 price";"Electricity"
"OPEX";"Taxes";"FR";"Network Costs - Depot";"Rigid";"PROG";"EUR/kWh";2035;"0.018";"Sensitivity | Current Policies | Removed CO2 price";"Electricity"
"OPEX";"Taxes";"FR";"Network Costs - Depot";"Tractor-Trailer";"PROG";"EUR/kWh";2035;"0.018";"Sensitivity | Current Policies | Removed CO2 price";"Electricity"
"OPEX";"Taxes";"IT";"Network Costs - Depot";"Rigid";"PROG";"EUR/kWh";2035;"0.016";"Sensitivity | Current Policies | Removed CO2 price";"Electricity"
"OPEX";"Taxes";"IT";"Network Costs - Depot";"Tractor-Trailer";"PROG";"EUR/kWh";2035;"0.016";"Sensitivity | Current Policies | Removed CO2 price";"Electricity"
"OPEX";"Taxes";"NL";"Network Costs - Depot";"Rigid";"PROG";"EUR/kWh";2035;"0.016";"Sensitivity | Current Policies | Removed CO2 price";"Electricity"
"OPEX";"Taxes";"NL";"Network Costs - Depot";"Tractor-Trailer";"PROG";"EUR/kWh";2035;"0.016";"Sensitivity | Current Policies | Removed CO2 price";"Electricity"
"OPEX";"Taxes";"PL";"Network Costs - Depot";"Rigid";"PROG";"EUR/kWh";2035;"0.019";"Sensitivity | Current Policies | Removed CO2 price";"Electricity"
"OPEX";"Taxes";"PL";"Network Costs - Depot";"Tractor-Trailer";"PROG";"EUR/kWh";2035;"0.019";"Sensitivity | Current Policies | Removed CO2 price";"Electricity"
"OPEX";"Taxes";"UK";"Network Costs - Depot";"Rigid";"PROG";"EUR/kWh";2035;"0.027";"Sensitivity | Current Policies | Removed CO2 price";"Electricity"
"OPEX";"Taxes";"UK";"Network Costs - Depot";"Tractor-Trailer";"PROG";"EUR/kWh";2035;"0.027";"Sensitivity | Current Policies | Removed CO2 price";"Electricity"
"OPEX";"Taxes";"DE";"Taxes, Fees, Levies and charges - Depot";"Rigid";"PROG";"EUR/kWh";2035;"0.056";"Sensitivity | Current Policies | Removed CO2 price";"Electricity"
"OPEX";"Taxes";"DE";"Taxes, Fees, Levies and charges - Depot";"Tractor-Trailer";"PROG";"EUR/kWh";2035;"0.056";"Sensitivity | Current Policies | Removed CO2 price";"Electricity"
"OPEX";"Taxes";"ES";"Taxes, Fees, Levies and charges - Depot";"Rigid";"PROG";"EUR/kWh";2035;"0.036";"Sensitivity | Current Policies | Removed CO2 price";"Electricity"
"OPEX";"Taxes";"ES";"Taxes, Fees, Levies and charges - Depot";"Tractor-Trailer";"PROG";"EUR/kWh";2035;"0.036";"Sensitivity | Current Policies | Removed CO2 price";"Electricity"
"OPEX";"Taxes";"FR";"Taxes, Fees, Levies and charges - Depot";"Rigid";"PROG";"EUR/kWh";2035;"0.03";"Sensitivity | Current Policies | Removed CO2 price";"Electricity"
"OPEX";"Taxes";"FR";"Taxes, Fees, Levies and charges - Depot";"Tractor-Trailer";"PROG";"EUR/kWh";2035;"0.03";"Sensitivity | Current Policies | Removed CO2 price";"Electricity"
"OPEX";"Taxes";"IT";"Taxes, Fees, Levies and charges - Depot";"Rigid";"PROG";"EUR/kWh";2035;"0.063";"Sensitivity | Current Policies | Removed CO2 price";"Electricity"
"OPEX";"Taxes";"IT";"Taxes, Fees, Levies and charges - Depot";"Tractor-Trailer";"PROG";"EUR/kWh";2035;"0.063";"Sensitivity | Current Policies | Removed CO2 price";"Electricity"
"OPEX";"Taxes";"NL";"Taxes, Fees, Levies and charges - Depot";"Rigid";"PROG";"EUR/kWh";2035;"0.055";"Sensitivity | Current Policies | Removed CO2 price";"Electricity"
"OPEX";"Taxes";"NL";"Taxes, Fees, Levies and charges - Depot";"Tractor-Trailer";"PROG";"EUR/kWh";2035;"0.055";"Sensitivity | Current Policies | Removed CO2 price";"Electricity"
"OPEX";"Taxes";"PL";"Taxes, Fees, Levies and charges - Depot";"Rigid";"PROG";"EUR/kWh";2035;"0.049";"Sensitivity | Current Policies | Removed CO2 price";"Electricity"
"OPEX";"Taxes";"PL";"Taxes, Fees, Levies and charges - Depot";"Tractor-Trailer";"PROG";"EUR/kWh";2035;"0.049";"Sensitivity | Current Policies | Removed CO2 price";"Electricity"
"OPEX";"Taxes";"UK";"Taxes, Fees, Levies and charges - Depot";"Rigid";"PROG";"EUR/kWh";2035;"0.084";"Sensitivity | Current Policies | Removed CO2 price";"Electricity"
"OPEX";"Taxes";"UK";"Taxes, Fees, Levies and charges - Depot";"Tractor-Trailer";"PROG";"EUR/kWh";2035;"0.084";"Sensitivity | Current Policies | Removed CO2 price";"Electricity"
"OPEX";"H2 Infrastructure";"DE";"HRS costs";"Rigid";"PROG";"EUR/kg H2";2035;"0.9";"Sensitivity | Current Policies | Removed CO2 price";"Hydrogen"
"OPEX";"H2 Infrastructure";"DE";"HRS costs";"Tractor-Trailer";"PROG";"EUR/kg H2";2035;"0.9";"Sensitivity | Current Policies | Removed CO2 price";"Hydrogen"
"OPEX";"H2 Infrastructure";"ES";"HRS costs";"Rigid";"PROG";"EUR/kg H2";2035;"0.9";"Sensitivity | Current Policies | Removed CO2 price";"Hydrogen"
"OPEX";"H2 Infrastructure";"ES";"HRS costs";"Tractor-Trailer";"PROG";"EUR/kg H2";2035;"0.9";"Sensitivity | Current Policies | Removed CO2 price";"Hydrogen"
"OPEX";"H2 Infrastructure";"FR";"HRS costs";"Rigid";"PROG";"EUR/kg H2";2035;"0.9";"Sensitivity | Current Policies | Removed CO2 price";"Hydrogen"
"OPEX";"H2 Infrastructure";"FR";"HRS costs";"Tractor-Trailer";"PROG";"EUR/kg H2";2035;"0.9";"Sensitivity | Current Policies | Removed CO2 price";"Hydrogen"
"OPEX";"H2 Infrastructure";"IT";"HRS costs";"Rigid";"PROG";"EUR/kg H2";2035;"0.9";"Sensitivity | Current Policies | Removed CO2 price";"Hydrogen"
"OPEX";"H2 Infrastructure";"IT";"HRS costs";"Tractor-Trailer";"PROG";"EUR/kg H2";2035;"0.9";"Sensitivity | Current Policies | Removed CO2 price";"Hydrogen"
"OPEX";"H2 Infrastructure";"NL";"HRS costs";"Rigid";"PROG";"EUR/kg H2";2035;"0.9";"Sensitivity | Current Policies | Removed CO2 price";"Hydrogen"
"OPEX";"H2 Infrastructure";"NL";"HRS costs";"Tractor-Trailer";"PROG";"EUR/kg H2";2035;"0.9";"Sensitivity | Current Policies | Removed CO2 price";"Hydrogen"
"OPEX";"H2 Infrastructure";"PL";"HRS costs";"Rigid";"PROG";"EUR/kg H2";2035;"0.9";"Sensitivity | Current Policies | Removed CO2 price";"Hydrogen"
"OPEX";"H2 Infrastructure";"PL";"HRS costs";"Tractor-Trailer";"PROG";"EUR/kg H2";2035;"0.9";"Sensitivity | Current Policies | Removed CO2 price";"Hydrogen"
"OPEX";"H2 Infrastructure";"UK";"HRS costs";"Rigid";"PROG";"EUR/kg H2";2035;"0.9";"Sensitivity | Current Policies | Removed CO2 price";"Hydrogen"
"OPEX";"H2 Infrastructure";"UK";"HRS costs";"Tractor-Trailer";"PROG";"EUR/kg H2";2035;"0.9";"Sensitivity | Current Policies | Removed CO2 price";"Hydrogen"
"OPEX";"H2 Infrastructure";"DE";"H2 transport and distribution";"Rigid";"PROG";"EUR/kg H2";2035;"0.833";"Sensitivity | Current Policies | Removed CO2 price";"Hydrogen"
"OPEX";"H2 Infrastructure";"DE";"H2 transport and distribution";"Tractor-Trailer";"PROG";"EUR/kg H2";2035;"0.833";"Sensitivity | Current Policies | Removed CO2 price";"Hydrogen"
"OPEX";"H2 Infrastructure";"ES";"H2 transport and distribution";"Rigid";"PROG";"EUR/kg H2";2035;"0.833";"Sensitivity | Current Policies | Removed CO2 price";"Hydrogen"
"OPEX";"H2 Infrastructure";"ES";"H2 transport and distribution";"Tractor-Trailer";"PROG";"EUR/kg H2";2035;"0.833";"Sensitivity | Current Policies | Removed CO2 price";"Hydrogen"
"OPEX";"H2 Infrastructure";"FR";"H2 transport and distribution";"Rigid";"PROG";"EUR/kg H2";2035;"0.833";"Sensitivity | Current Policies | Removed CO2 price";"Hydrogen"
"OPEX";"H2 Infrastructure";"FR";"H2 transport and distribution";"Tractor-Trailer";"PROG";"EUR/kg H2";2035;"0.833";"Sensitivity | Current Policies | Removed CO2 price";"Hydrogen"
"OPEX";"H2 Infrastructure";"IT";"H2 transport and distribution";"Rigid";"PROG";"EUR/kg H2";2035;"0.833";"Sensitivity | Current Policies | Removed CO2 price";"Hydrogen"
"OPEX";"H2 Infrastructure";"IT";"H2 transport and distribution";"Tractor-Trailer";"PROG";"EUR/kg H2";2035;"0.833";"Sensitivity | Current Policies | Removed CO2 price";"Hydrogen"
"OPEX";"H2 Infrastructure";"NL";"H2 transport and distribution";"Rigid";"PROG";"EUR/kg H2";2035;"0.833";"Sensitivity | Current Policies | Removed CO2 price";"Hydrogen"
"OPEX";"H2 Infrastructure";"NL";"H2 transport and distribution";"Tractor-Trailer";"PROG";"EUR/kg H2";2035;"0.833";"Sensitivity | Current Policies | Removed CO2 price";"Hydrogen"
"OPEX";"H2 Infrastructure";"PL";"H2 transport and distribution";"Rigid";"PROG";"EUR/kg H2";2035;"0.833";"Sensitivity | Current Policies | Removed CO2 price";"Hydrogen"
"OPEX";"H2 Infrastructure";"PL";"H2 transport and distribution";"Tractor-Trailer";"PROG";"EUR/kg H2";2035;"0.833";"Sensitivity | Current Policies | Removed CO2 price";"Hydrogen"
"OPEX";"H2 Infrastructure";"UK";"H2 transport and distribution";"Rigid";"PROG";"EUR/kg H2";2035;"0.833";"Sensitivity | Current Policies | Removed CO2 price";"Hydrogen"
"OPEX";"H2 Infrastructure";"UK";"H2 transport and distribution";"Tractor-Trailer";"PROG";"EUR/kg H2";2035;"0.833";"Sensitivity | Current Policies | Removed CO2 price";"Hydrogen"
"OPEX";"H2 Infrastructure";"DE";"HRS Overhead, Profit and Mark-Up";"Rigid";"PROG";"EUR/kg H2";2035;"0.25";"Sensitivity | Current Policies | Removed CO2 price";"Hydrogen"
"OPEX";"H2 Infrastructure";"DE";"HRS Overhead, Profit and Mark-Up";"Tractor-Trailer";"PROG";"EUR/kg H2";2035;"0.25";"Sensitivity | Current Policies | Removed CO2 price";"Hydrogen"
"OPEX";"H2 Infrastructure";"ES";"HRS Overhead, Profit and Mark-Up";"Rigid";"PROG";"EUR/kg H2";2035;"0.25";"Sensitivity | Current Policies | Removed CO2 price";"Hydrogen"
"OPEX";"H2 Infrastructure";"ES";"HRS Overhead, Profit and Mark-Up";"Tractor-Trailer";"PROG";"EUR/kg H2";2035;"0.25";"Sensitivity | Current Policies | Removed CO2 price";"Hydrogen"
"OPEX";"H2 Infrastructure";"FR";"HRS Overhead, Profit and Mark-Up";"Rigid";"PROG";"EUR/kg H2";2035;"0.25";"Sensitivity | Current Policies | Removed CO2 price";"Hydrogen"
"OPEX";"H2 Infrastructure";"FR";"HRS Overhead, Profit and Mark-Up";"Tractor-Trailer";"PROG";"EUR/kg H2";2035;"0.25";"Sensitivity | Current Policies | Removed CO2 price";"Hydrogen"
"OPEX";"H2 Infrastructure";"IT";"HRS Overhead, Profit and Mark-Up";"Rigid";"PROG";"EUR/kg H2";2035;"0.25";"Sensitivity | Current Policies | Removed CO2 price";"Hydrogen"
"OPEX";"H2 Infrastructure";"IT";"HRS Overhead, Profit and Mark-Up";"Tractor-Trailer";"PROG";"EUR/kg H2";2035;"0.25";"Sensitivity | Current Policies | Removed CO2 price";"Hydrogen"
"OPEX";"H2 Infrastructure";"NL";"HRS Overhead, Profit and Mark-Up";"Rigid";"PROG";"EUR/kg H2";2035;"0.25";"Sensitivity | Current Policies | Removed CO2 price";"Hydrogen"
"OPEX";"H2 Infrastructure";"NL";"HRS Overhead, Profit and Mark-Up";"Tractor-Trailer";"PROG";"EUR/kg H2";2035;"0.25";"Sensitivity | Current Policies | Removed CO2 price";"Hydrogen"
"OPEX";"H2 Infrastructure";"PL";"HRS Overhead, Profit and Mark-Up";"Rigid";"PROG";"EUR/kg H2";2035;"0.25";"Sensitivity | Current Policies | Removed CO2 price";"Hydrogen"
"OPEX";"H2 Infrastructure";"PL";"HRS Overhead, Profit and Mark-Up";"Tractor-Trailer";"PROG";"EUR/kg H2";2035;"0.25";"Sensitivity | Current Policies | Removed CO2 price";"Hydrogen"
"OPEX";"H2 Infrastructure";"UK";"HRS Overhead, Profit and Mark-Up";"Rigid";"PROG";"EUR/kg H2";2035;"0.25";"Sensitivity | Current Policies | Removed CO2 price";"Hydrogen"
"OPEX";"H2 Infrastructure";"UK";"HRS Overhead, Profit and Mark-Up";"Tractor-Trailer";"PROG";"EUR/kg H2";2035;"0.25";"Sensitivity | Current Policies | Removed CO2 price";"Hydrogen"
"OPEX";"Charging Infrastructure";"DE";"MCS Station (Public Charging) - Incl. Overhead";"Rigid";"PROG";"EUR/kWh";2035;"0.031";"Sensitivity | Current Policies | Removed CO2 price";"Electricity"
"OPEX";"Charging Infrastructure";"DE";"MCS Station (Public Charging) - Incl. Overhead";"Tractor-Trailer";"PROG";"EUR/kWh";2035;"0.031";"Sensitivity | Current Policies | Removed CO2 price";"Electricity"
"OPEX";"Charging Infrastructure";"ES";"MCS Station (Public Charging) - Incl. Overhead";"Rigid";"PROG";"EUR/kWh";2035;"0.031";"Sensitivity | Current Policies | Removed CO2 price";"Electricity"
"OPEX";"Charging Infrastructure";"ES";"MCS Station (Public Charging) - Incl. Overhead";"Tractor-Trailer";"PROG";"EUR/kWh";2035;"0.031";"Sensitivity | Current Policies | Removed CO2 price";"Electricity"
"OPEX";"Charging Infrastructure";"FR";"MCS Station (Public Charging) - Incl. Overhead";"Rigid";"PROG";"EUR/kWh";2035;"0.031";"Sensitivity | Current Policies | Removed CO2 price";"Electricity"
"OPEX";"Charging Infrastructure";"FR";"MCS Station (Public Charging) - Incl. Overhead";"Tractor-Trailer";"PROG";"EUR/kWh";2035;"0.031";"Sensitivity | Current Policies | Removed CO2 price";"Electricity"
"OPEX";"Charging Infrastructure";"IT";"MCS Station (Public Charging) - Incl. Overhead";"Rigid";"PROG";"EUR/kWh";2035;"0.031";"Sensitivity | Current Policies | Removed CO2 price";"Electricity"
"OPEX";"Charging Infrastructure";"IT";"MCS Station (Public Charging) - Incl. Overhead";"Tractor-Trailer";"PROG";"EUR/kWh";2035;"0.031";"Sensitivity | Current Policies | Removed CO2 price";"Electricity"
"OPEX";"Charging Infrastructure";"NL";"MCS Station (Public Charging) - Incl. Overhead";"Rigid";"PROG";"EUR/kWh";2035;"0.031";"Sensitivity | Current Policies | Removed CO2 price";"Electricity"
"OPEX";"Charging Infrastructure";"NL";"MCS Station (Public Charging) - Incl. Overhead";"Tractor-Trailer";"PROG";"EUR/kWh";2035;"0.031";"Sensitivity | Current Policies | Removed CO2 price";"Electricity"
"OPEX";"Charging Infrastructure";"PL";"MCS Station (Public Charging) - Incl. Overhead";"Rigid";"PROG";"EUR/kWh";2035;"0.031";"Sensitivity | Current Policies | Removed CO2 price";"Electricity"
"OPEX";"Charging Infrastructure";"PL";"MCS Station (Public Charging) - Incl. Overhead";"Tractor-Trailer";"PROG";"EUR/kWh";2035;"0.031";"Sensitivity | Current Policies | Removed CO2 price";"Electricity"
"OPEX";"Charging Infrastructure";"UK";"MCS Station (Public Charging) - Incl. Overhead";"Rigid";"PROG";"EUR/kWh";2035;"0.031";"Sensitivity | Current Policies | Removed CO2 price";"Electricity"
"OPEX";"Charging Infrastructure";"UK";"MCS Station (Public Charging) - Incl. Overhead";"Tractor-Trailer";"PROG";"EUR/kWh";2035;"0.031";"Sensitivity | Current Policies | Removed CO2 price";"Electricity"
"OPEX";"Charging Infrastructure";"DE";"Share MCS-Charging";"Rigid";"PROG";"%";2035;"0.2";"Sensitivity | Current Policies | Removed CO2 price";"Electricity"
"OPEX";"Charging Infrastructure";"DE";"Share MCS-Charging";"Tractor-Trailer";"PROG";"%";2035;"0.2";"Sensitivity | Current Policies | Removed CO2 price";"Electricity"
"OPEX";"Charging Infrastructure";"ES";"Share MCS-Charging";"Rigid";"PROG";"%";2035;"0.2";"Sensitivity | Current Policies | Removed CO2 price";"Electricity"
"OPEX";"Charging Infrastructure";"ES";"Share MCS-Charging";"Tractor-Trailer";"PROG";"%";2035;"0.2";"Sensitivity | Current Policies | Removed CO2 price";"Electricity"
"OPEX";"Charging Infrastructure";"FR";"Share MCS-Charging";"Rigid";"PROG";"%";2035;"0.2";"Sensitivity | Current Policies | Removed CO2 price";"Electricity"
"OPEX";"Charging Infrastructure";"FR";"Share MCS-Charging";"Tractor-Trailer";"PROG";"%";2035;"0.2";"Sensitivity | Current Policies | Removed CO2 price";"Electricity"
"OPEX";"Charging Infrastructure";"IT";"Share MCS-Charging";"Rigid";"PROG";"%";2035;"0.2";"Sensitivity | Current Policies | Removed CO2 price";"Electricity"
"OPEX";"Charging Infrastructure";"IT";"Share MCS-Charging";"Tractor-Trailer";"PROG";"%";2035;"0.2";"Sensitivity | Current Policies | Removed CO2 price";"Electricity"
"OPEX";"Charging Infrastructure";"NL";"Share MCS-Charging";"Rigid";"PROG";"%";2035;"0.2";"Sensitivity | Current Policies | Removed CO2 price";"Electricity"
"OPEX";"Charging Infrastructure";"NL";"Share MCS-Charging";"Tractor-Trailer";"PROG";"%";2035;"0.2";"Sensitivity | Current Policies | Removed CO2 price";"Electricity"
"OPEX";"Charging Infrastructure";"PL";"Share MCS-Charging";"Rigid";"PROG";"%";2035;"0.2";"Sensitivity | Current Policies | Removed CO2 price";"Electricity"
"OPEX";"Charging Infrastructure";"PL";"Share MCS-Charging";"Tractor-Trailer";"PROG";"%";2035;"0.2";"Sensitivity | Current Policies | Removed CO2 price";"Electricity"
"OPEX";"Charging Infrastructure";"UK";"Share MCS-Charging";"Rigid";"PROG";"%";2035;"0.2";"Sensitivity | Current Policies | Removed CO2 price";"Electricity"
"OPEX";"Charging Infrastructure";"UK";"Share MCS-Charging";"Tractor-Trailer";"PROG";"%";2035;"0.2";"Sensitivity | Current Policies | Removed CO2 price";"Electricity"
"OPEX";"Charging Infrastructure";"DE";"Depot - Network fees savings potential";"Rigid";"PROG";"EUR/kWh";2035;"-0.01";"Sensitivity | Current Policies | Removed CO2 price";"Electricity"
"OPEX";"Charging Infrastructure";"DE";"Depot - Network fees savings potential";"Tractor-Trailer";"PROG";"EUR/kWh";2035;"-0.01";"Sensitivity | Current Policies | Removed CO2 price";"Electricity"
"OPEX";"Charging Infrastructure";"ES";"Depot - Network fees savings potential";"Rigid";"PROG";"EUR/kWh";2035;"-0.01";"Sensitivity | Current Policies | Removed CO2 price";"Electricity"
"OPEX";"Charging Infrastructure";"ES";"Depot - Network fees savings potential";"Tractor-Trailer";"PROG";"EUR/kWh";2035;"-0.01";"Sensitivity | Current Policies | Removed CO2 price";"Electricity"
"OPEX";"Charging Infrastructure";"FR";"Depot - Network fees savings potential";"Rigid";"PROG";"EUR/kWh";2035;"-0.01";"Sensitivity | Current Policies | Removed CO2 price";"Electricity"
"OPEX";"Charging Infrastructure";"FR";"Depot - Network fees savings potential";"Tractor-Trailer";"PROG";"EUR/kWh";2035;"-0.01";"Sensitivity | Current Policies | Removed CO2 price";"Electricity"
"OPEX";"Charging Infrastructure";"IT";"Depot - Network fees savings potential";"Rigid";"PROG";"EUR/kWh";2035;"-0.01";"Sensitivity | Current Policies | Removed CO2 price";"Electricity"
"OPEX";"Charging Infrastructure";"IT";"Depot - Network fees savings potential";"Tractor-Trailer";"PROG";"EUR/kWh";2035;"-0.01";"Sensitivity | Current Policies | Removed CO2 price";"Electricity"
"OPEX";"Charging Infrastructure";"NL";"Depot - Network fees savings potential";"Rigid";"PROG";"EUR/kWh";2035;"-0.01";"Sensitivity | Current Policies | Removed CO2 price";"Electricity"
"OPEX";"Charging Infrastructure";"NL";"Depot - Network fees savings potential";"Tractor-Trailer";"PROG";"EUR/kWh";2035;"-0.01";"Sensitivity | Current Policies | Removed CO2 price";"Electricity"
"OPEX";"Charging Infrastructure";"PL";"Depot - Network fees savings potential";"Rigid";"PROG";"EUR/kWh";2035;"-0.01";"Sensitivity | Current Policies | Removed CO2 price";"Electricity"
"OPEX";"Charging Infrastructure";"PL";"Depot - Network fees savings potential";"Tractor-Trailer";"PROG";"EUR/kWh";2035;"-0.01";"Sensitivity | Current Policies | Removed CO2 price";"Electricity"
"OPEX";"Charging Infrastructure";"UK";"Depot - Network fees savings potential";"Rigid";"PROG";"EUR/kWh";2035;"-0.01";"Sensitivity | Current Policies | Removed CO2 price";"Electricity"
"OPEX";"Charging Infrastructure";"UK";"Depot - Network fees savings potential";"Tractor-Trailer";"PROG";"EUR/kWh";2035;"-0.01";"Sensitivity | Current Policies | Removed CO2 price";"Electricity"
"OPEX";"Taxes";"DE";"Tax reduction";"Rigid";"PROG";"%";2035;"0";"Sensitivity | Current Policies | Removed CO2 price";"Hydrogen"
"OPEX";"Taxes";"DE";"Tax reduction";"Tractor-Trailer";"PROG";"%";2035;"0";"Sensitivity | Current Policies | Removed CO2 price";"Hydrogen"
"OPEX";"Taxes";"ES";"Tax reduction";"Rigid";"PROG";"%";2035;"0";"Sensitivity | Current Policies | Removed CO2 price";"Hydrogen"
"OPEX";"Taxes";"ES";"Tax reduction";"Tractor-Trailer";"PROG";"%";2035;"0";"Sensitivity | Current Policies | Removed CO2 price";"Hydrogen"
"OPEX";"Taxes";"FR";"Tax reduction";"Rigid";"PROG";"%";2035;"0";"Sensitivity | Current Policies | Removed CO2 price";"Hydrogen"
"OPEX";"Taxes";"FR";"Tax reduction";"Tractor-Trailer";"PROG";"%";2035;"0";"Sensitivity | Current Policies | Removed CO2 price";"Hydrogen"
"OPEX";"Taxes";"IT";"Tax reduction";"Rigid";"PROG";"%";2035;"0";"Sensitivity | Current Policies | Removed CO2 price";"Hydrogen"
"OPEX";"Taxes";"IT";"Tax reduction";"Tractor-Trailer";"PROG";"%";2035;"0";"Sensitivity | Current Policies | Removed CO2 price";"Hydrogen"
"OPEX";"Taxes";"NL";"Tax reduction";"Rigid";"PROG";"%";2035;"0";"Sensitivity | Current Policies | Removed CO2 price";"Hydrogen"
"OPEX";"Taxes";"NL";"Tax reduction";"Tractor-Trailer";"PROG";"%";2035;"0";"Sensitivity | Current Policies | Removed CO2 price";"Hydrogen"
"OPEX";"Taxes";"PL";"Tax reduction";"Rigid";"PROG";"%";2035;"0";"Sensitivity | Current Policies | Removed CO2 price";"Hydrogen"
"OPEX";"Taxes";"PL";"Tax reduction";"Tractor-Trailer";"PROG";"%";2035;"0";"Sensitivity | Current Policies | Removed CO2 price";"Hydrogen"
"OPEX";"Taxes";"UK";"Tax reduction";"Rigid";"PROG";"%";2035;"0";"Sensitivity | Current Policies | Removed CO2 price";"Hydrogen"
"OPEX";"Taxes";"UK";"Tax reduction";"Tractor-Trailer";"PROG";"%";2035;"0";"Sensitivity | Current Policies | Removed CO2 price";"Hydrogen"
"OPEX";"Taxes";"DE";"Excise Duty - Diesel";"Rigid";"BAU";"EUR/kWh";2035;"0.047";"Sensitivity | Current Policies | Removed CO2 price";"Diesel"
"OPEX";"Taxes";"DE";"Excise Duty - Diesel";"Tractor-Trailer";"BAU";"EUR/kWh";2035;"0.047";"Sensitivity | Current Policies | Removed CO2 price";"Diesel"
"OPEX";"Taxes";"DE";"Excise Duty - Diesel";"Rigid";"PROG";"EUR/kWh";2035;"0.047";"Sensitivity | Current Policies | Removed CO2 price";"Diesel"
"OPEX";"Taxes";"DE";"Excise Duty - Diesel";"Tractor-Trailer";"PROG";"EUR/kWh";2035;"0.047";"Sensitivity | Current Policies | Removed CO2 price";"Diesel"
"OPEX";"Taxes";"ES";"Excise Duty - Diesel";"Rigid";"BAU";"EUR/kWh";2035;"0.038";"Sensitivity | Current Policies | Removed CO2 price";"Diesel"
"OPEX";"Taxes";"ES";"Excise Duty - Diesel";"Tractor-Trailer";"BAU";"EUR/kWh";2035;"0.038";"Sensitivity | Current Policies | Removed CO2 price";"Diesel"
"OPEX";"Taxes";"ES";"Excise Duty - Diesel";"Rigid";"PROG";"EUR/kWh";2035;"0.038";"Sensitivity | Current Policies | Removed CO2 price";"Diesel"
"OPEX";"Taxes";"ES";"Excise Duty - Diesel";"Tractor-Trailer";"PROG";"EUR/kWh";2035;"0.038";"Sensitivity | Current Policies | Removed CO2 price";"Diesel"
"OPEX";"Taxes";"FR";"Excise Duty - Diesel";"Rigid";"BAU";"EUR/kWh";2035;"0.06";"Sensitivity | Current Policies | Removed CO2 price";"Diesel"
"OPEX";"Taxes";"FR";"Excise Duty - Diesel";"Tractor-Trailer";"BAU";"EUR/kWh";2035;"0.06";"Sensitivity | Current Policies | Removed CO2 price";"Diesel"
"OPEX";"Taxes";"FR";"Excise Duty - Diesel";"Rigid";"PROG";"EUR/kWh";2035;"0.06";"Sensitivity | Current Policies | Removed CO2 price";"Diesel"
"OPEX";"Taxes";"FR";"Excise Duty - Diesel";"Tractor-Trailer";"PROG";"EUR/kWh";2035;"0.06";"Sensitivity | Current Policies | Removed CO2 price";"Diesel"
"OPEX";"Taxes";"IT";"Excise Duty - Diesel";"Rigid";"BAU";"EUR/kWh";2035;"0.062";"Sensitivity | Current Policies | Removed CO2 price";"Diesel"
"OPEX";"Taxes";"IT";"Excise Duty - Diesel";"Tractor-Trailer";"BAU";"EUR/kWh";2035;"0.062";"Sensitivity | Current Policies | Removed CO2 price";"Diesel"
"OPEX";"Taxes";"IT";"Excise Duty - Diesel";"Rigid";"PROG";"EUR/kWh";2035;"0.062";"Sensitivity | Current Policies | Removed CO2 price";"Diesel"
"OPEX";"Taxes";"IT";"Excise Duty - Diesel";"Tractor-Trailer";"PROG";"EUR/kWh";2035;"0.062";"Sensitivity | Current Policies | Removed CO2 price";"Diesel"
"OPEX";"Taxes";"NL";"Excise Duty - Diesel";"Rigid";"BAU";"EUR/kWh";2035;"0.053";"Sensitivity | Current Policies | Removed CO2 price";"Diesel"
"OPEX";"Taxes";"NL";"Excise Duty - Diesel";"Tractor-Trailer";"BAU";"EUR/kWh";2035;"0.053";"Sensitivity | Current Policies | Removed CO2 price";"Diesel"
"OPEX";"Taxes";"NL";"Excise Duty - Diesel";"Rigid";"PROG";"EUR/kWh";2035;"0.053";"Sensitivity | Current Policies | Removed CO2 price";"Diesel"
"OPEX";"Taxes";"NL";"Excise Duty - Diesel";"Tractor-Trailer";"PROG";"EUR/kWh";2035;"0.053";"Sensitivity | Current Policies | Removed CO2 price";"Diesel"
"OPEX";"Taxes";"PL";"Excise Duty - Diesel";"Rigid";"BAU";"EUR/kWh";2035;"0.033";"Sensitivity | Current Policies | Removed CO2 price";"Diesel"
"OPEX";"Taxes";"PL";"Excise Duty - Diesel";"Tractor-Trailer";"BAU";"EUR/kWh";2035;"0.033";"Sensitivity | Current Policies | Removed CO2 price";"Diesel"
"OPEX";"Taxes";"PL";"Excise Duty - Diesel";"Rigid";"PROG";"EUR/kWh";2035;"0.033";"Sensitivity | Current Policies | Removed CO2 price";"Diesel"
"OPEX";"Taxes";"PL";"Excise Duty - Diesel";"Tractor-Trailer";"PROG";"EUR/kWh";2035;"0.033";"Sensitivity | Current Policies | Removed CO2 price";"Diesel"
"OPEX";"Taxes";"UK";"Excise Duty - Diesel";"Rigid";"BAU";"EUR/kWh";2035;"0.053";"Sensitivity | Current Policies | Removed CO2 price";"Diesel"
"OPEX";"Taxes";"UK";"Excise Duty - Diesel";"Tractor-Trailer";"BAU";"EUR/kWh";2035;"0.053";"Sensitivity | Current Policies | Removed CO2 price";"Diesel"
"OPEX";"Taxes";"UK";"Excise Duty - Diesel";"Rigid";"PROG";"EUR/kWh";2035;"0.053";"Sensitivity | Current Policies | Removed CO2 price";"Diesel"
"OPEX";"Taxes";"UK";"Excise Duty - Diesel";"Tractor-Trailer";"PROG";"EUR/kWh";2035;"0.053";"Sensitivity | Current Policies | Removed CO2 price";"Diesel"
"OPEX";"Taxes";"DE";"Excise Duty - Reduction biodiesel";"Rigid";"BAU";"%";2035;"0.5";"Sensitivity | Current Policies | Removed CO2 price";"Diesel"
"OPEX";"Taxes";"DE";"Excise Duty - Reduction biodiesel";"Tractor-Trailer";"BAU";"%";2035;"0.5";"Sensitivity | Current Policies | Removed CO2 price";"Diesel"
"OPEX";"Taxes";"DE";"Excise Duty - Reduction biodiesel";"Rigid";"PROG";"%";2035;"0.5";"Sensitivity | Current Policies | Removed CO2 price";"Diesel"
"OPEX";"Taxes";"DE";"Excise Duty - Reduction biodiesel";"Tractor-Trailer";"PROG";"%";2035;"0.5";"Sensitivity | Current Policies | Removed CO2 price";"Diesel"
"OPEX";"Taxes";"ES";"Excise Duty - Reduction biodiesel";"Rigid";"BAU";"%";2035;"0.5";"Sensitivity | Current Policies | Removed CO2 price";"Diesel"
"OPEX";"Taxes";"ES";"Excise Duty - Reduction biodiesel";"Tractor-Trailer";"BAU";"%";2035;"0.5";"Sensitivity | Current Policies | Removed CO2 price";"Diesel"
"OPEX";"Taxes";"ES";"Excise Duty - Reduction biodiesel";"Rigid";"PROG";"%";2035;"0.5";"Sensitivity | Current Policies | Removed CO2 price";"Diesel"
"OPEX";"Taxes";"ES";"Excise Duty - Reduction biodiesel";"Tractor-Trailer";"PROG";"%";2035;"0.5";"Sensitivity | Current Policies | Removed CO2 price";"Diesel"
"OPEX";"Taxes";"FR";"Excise Duty - Reduction biodiesel";"Rigid";"BAU";"%";2035;"0.5";"Sensitivity | Current Policies | Removed CO2 price";"Diesel"
"OPEX";"Taxes";"FR";"Excise Duty - Reduction biodiesel";"Tractor-Trailer";"BAU";"%";2035;"0.5";"Sensitivity | Current Policies | Removed CO2 price";"Diesel"
"OPEX";"Taxes";"FR";"Excise Duty - Reduction biodiesel";"Rigid";"PROG";"%";2035;"0.5";"Sensitivity | Current Policies | Removed CO2 price";"Diesel"
"OPEX";"Taxes";"FR";"Excise Duty - Reduction biodiesel";"Tractor-Trailer";"PROG";"%";2035;"0.5";"Sensitivity | Current Policies | Removed CO2 price";"Diesel"
"OPEX";"Taxes";"IT";"Excise Duty - Reduction biodiesel";"Rigid";"BAU";"%";2035;"0.5";"Sensitivity | Current Policies | Removed CO2 price";"Diesel"
"OPEX";"Taxes";"IT";"Excise Duty - Reduction biodiesel";"Tractor-Trailer";"BAU";"%";2035;"0.5";"Sensitivity | Current Policies | Removed CO2 price";"Diesel"
"OPEX";"Taxes";"IT";"Excise Duty - Reduction biodiesel";"Rigid";"PROG";"%";2035;"0.5";"Sensitivity | Current Policies | Removed CO2 price";"Diesel"
"OPEX";"Taxes";"IT";"Excise Duty - Reduction biodiesel";"Tractor-Trailer";"PROG";"%";2035;"0.5";"Sensitivity | Current Policies | Removed CO2 price";"Diesel"
"OPEX";"Taxes";"NL";"Excise Duty - Reduction biodiesel";"Rigid";"BAU";"%";2035;"0.5";"Sensitivity | Current Policies | Removed CO2 price";"Diesel"
"OPEX";"Taxes";"NL";"Excise Duty - Reduction biodiesel";"Tractor-Trailer";"BAU";"%";2035;"0.5";"Sensitivity | Current Policies | Removed CO2 price";"Diesel"
"OPEX";"Taxes";"NL";"Excise Duty - Reduction biodiesel";"Rigid";"PROG";"%";2035;"0.5";"Sensitivity | Current Policies | Removed CO2 price";"Diesel"
"OPEX";"Taxes";"NL";"Excise Duty - Reduction biodiesel";"Tractor-Trailer";"PROG";"%";2035;"0.5";"Sensitivity | Current Policies | Removed CO2 price";"Diesel"
"OPEX";"Taxes";"PL";"Excise Duty - Reduction biodiesel";"Rigid";"BAU";"%";2035;"0.5";"Sensitivity | Current Policies | Removed CO2 price";"Diesel"
"OPEX";"Taxes";"PL";"Excise Duty - Reduction biodiesel";"Tractor-Trailer";"BAU";"%";2035;"0.5";"Sensitivity | Current Policies | Removed CO2 price";"Diesel"
"OPEX";"Taxes";"PL";"Excise Duty - Reduction biodiesel";"Rigid";"PROG";"%";2035;"0.5";"Sensitivity | Current Policies | Removed CO2 price";"Diesel"
"OPEX";"Taxes";"PL";"Excise Duty - Reduction biodiesel";"Tractor-Trailer";"PROG";"%";2035;"0.5";"Sensitivity | Current Policies | Removed CO2 price";"Diesel"
"OPEX";"Taxes";"UK";"Excise Duty - Reduction biodiesel";"Rigid";"BAU";"%";2035;"0.5";"Sensitivity | Current Policies | Removed CO2 price";"Diesel"
"OPEX";"Taxes";"UK";"Excise Duty - Reduction biodiesel";"Tractor-Trailer";"BAU";"%";2035;"0.5";"Sensitivity | Current Policies | Removed CO2 price";"Diesel"
"OPEX";"Taxes";"UK";"Excise Duty - Reduction biodiesel";"Rigid";"PROG";"%";2035;"0.5";"Sensitivity | Current Policies | Removed CO2 price";"Diesel"
"OPEX";"Taxes";"UK";"Excise Duty - Reduction biodiesel";"Tractor-Trailer";"PROG";"%";2035;"0.5";"Sensitivity | Current Policies | Removed CO2 price";"Diesel"
"OPEX";"Taxes";"DE";"Excise Duty - Reduction Synthetic Diesel (E-Fuels)";"Rigid";"BAU";"%";2035;"0.5";"Sensitivity | Current Policies | Removed CO2 price";"Diesel"
"OPEX";"Taxes";"DE";"Excise Duty - Reduction Synthetic Diesel (E-Fuels)";"Tractor-Trailer";"BAU";"%";2035;"0.5";"Sensitivity | Current Policies | Removed CO2 price";"Diesel"
"OPEX";"Taxes";"DE";"Excise Duty - Reduction Synthetic Diesel (E-Fuels)";"Rigid";"PROG";"%";2035;"0.5";"Sensitivity | Current Policies | Removed CO2 price";"Diesel"
"OPEX";"Taxes";"DE";"Excise Duty - Reduction Synthetic Diesel (E-Fuels)";"Tractor-Trailer";"PROG";"%";2035;"0.5";"Sensitivity | Current Policies | Removed CO2 price";"Diesel"
"OPEX";"Taxes";"ES";"Excise Duty - Reduction Synthetic Diesel (E-Fuels)";"Rigid";"BAU";"%";2035;"0.5";"Sensitivity | Current Policies | Removed CO2 price";"Diesel"
"OPEX";"Taxes";"ES";"Excise Duty - Reduction Synthetic Diesel (E-Fuels)";"Tractor-Trailer";"BAU";"%";2035;"0.5";"Sensitivity | Current Policies | Removed CO2 price";"Diesel"
"OPEX";"Taxes";"ES";"Excise Duty - Reduction Synthetic Diesel (E-Fuels)";"Rigid";"PROG";"%";2035;"0.5";"Sensitivity | Current Policies | Removed CO2 price";"Diesel"
"OPEX";"Taxes";"ES";"Excise Duty - Reduction Synthetic Diesel (E-Fuels)";"Tractor-Trailer";"PROG";"%";2035;"0.5";"Sensitivity | Current Policies | Removed CO2 price";"Diesel"
"OPEX";"Taxes";"FR";"Excise Duty - Reduction Synthetic Diesel (E-Fuels)";"Rigid";"BAU";"%";2035;"0.5";"Sensitivity | Current Policies | Removed CO2 price";"Diesel"
"OPEX";"Taxes";"FR";"Excise Duty - Reduction Synthetic Diesel (E-Fuels)";"Tractor-Trailer";"BAU";"%";2035;"0.5";"Sensitivity | Current Policies | Removed CO2 price";"Diesel"
"OPEX";"Taxes";"FR";"Excise Duty - Reduction Synthetic Diesel (E-Fuels)";"Rigid";"PROG";"%";2035;"0.5";"Sensitivity | Current Policies | Removed CO2 price";"Diesel"
"OPEX";"Taxes";"FR";"Excise Duty - Reduction Synthetic Diesel (E-Fuels)";"Tractor-Trailer";"PROG";"%";2035;"0.5";"Sensitivity | Current Policies | Removed CO2 price";"Diesel"
"OPEX";"Taxes";"IT";"Excise Duty - Reduction Synthetic Diesel (E-Fuels)";"Rigid";"BAU";"%";2035;"0.5";"Sensitivity | Current Policies | Removed CO2 price";"Diesel"
"OPEX";"Taxes";"IT";"Excise Duty - Reduction Synthetic Diesel (E-Fuels)";"Tractor-Trailer";"BAU";"%";2035;"0.5";"Sensitivity | Current Policies | Removed CO2 price";"Diesel"
"OPEX";"Taxes";"IT";"Excise Duty - Reduction Synthetic Diesel (E-Fuels)";"Rigid";"PROG";"%";2035;"0.5";"Sensitivity | Current Policies | Removed CO2 price";"Diesel"
"OPEX";"Taxes";"IT";"Excise Duty - Reduction Synthetic Diesel (E-Fuels)";"Tractor-Trailer";"PROG";"%";2035;"0.5";"Sensitivity | Current Policies | Removed CO2 price";"Diesel"
"OPEX";"Taxes";"NL";"Excise Duty - Reduction Synthetic Diesel (E-Fuels)";"Rigid";"BAU";"%";2035;"0.5";"Sensitivity | Current Policies | Removed CO2 price";"Diesel"
"OPEX";"Taxes";"NL";"Excise Duty - Reduction Synthetic Diesel (E-Fuels)";"Tractor-Trailer";"BAU";"%";2035;"0.5";"Sensitivity | Current Policies | Removed CO2 price";"Diesel"
"OPEX";"Taxes";"NL";"Excise Duty - Reduction Synthetic Diesel (E-Fuels)";"Rigid";"PROG";"%";2035;"0.5";"Sensitivity | Current Policies | Removed CO2 price";"Diesel"
"OPEX";"Taxes";"NL";"Excise Duty - Reduction Synthetic Diesel (E-Fuels)";"Tractor-Trailer";"PROG";"%";2035;"0.5";"Sensitivity | Current Policies | Removed CO2 price";"Diesel"
"OPEX";"Taxes";"PL";"Excise Duty - Reduction Synthetic Diesel (E-Fuels)";"Rigid";"BAU";"%";2035;"0.5";"Sensitivity | Current Policies | Removed CO2 price";"Diesel"
"OPEX";"Taxes";"PL";"Excise Duty - Reduction Synthetic Diesel (E-Fuels)";"Tractor-Trailer";"BAU";"%";2035;"0.5";"Sensitivity | Current Policies | Removed CO2 price";"Diesel"
"OPEX";"Taxes";"PL";"Excise Duty - Reduction Synthetic Diesel (E-Fuels)";"Rigid";"PROG";"%";2035;"0.5";"Sensitivity | Current Policies | Removed CO2 price";"Diesel"
"OPEX";"Taxes";"PL";"Excise Duty - Reduction Synthetic Diesel (E-Fuels)";"Tractor-Trailer";"PROG";"%";2035;"0.5";"Sensitivity | Current Policies | Removed CO2 price";"Diesel"
"OPEX";"Taxes";"UK";"Excise Duty - Reduction Synthetic Diesel (E-Fuels)";"Rigid";"BAU";"%";2035;"0.5";"Sensitivity | Current Policies | Removed CO2 price";"Diesel"
"OPEX";"Taxes";"UK";"Excise Duty - Reduction Synthetic Diesel (E-Fuels)";"Tractor-Trailer";"BAU";"%";2035;"0.5";"Sensitivity | Current Policies | Removed CO2 price";"Diesel"
"OPEX";"Taxes";"UK";"Excise Duty - Reduction Synthetic Diesel (E-Fuels)";"Rigid";"PROG";"%";2035;"0.5";"Sensitivity | Current Policies | Removed CO2 price";"Diesel"
"OPEX";"Taxes";"UK";"Excise Duty - Reduction Synthetic Diesel (E-Fuels)";"Tractor-Trailer";"PROG";"%";2035;"0.5";"Sensitivity | Current Policies | Removed CO2 price";"Diesel"
"OPEX";"Taxes";"DE";"Taxes, Fees, Levies and charges - H2";"Rigid";"BAU";"EUR/kWh";2035;"0.015";"Sensitivity | Current Policies | Removed CO2 price";"Hydrogen"
"OPEX";"Taxes";"DE";"Taxes, Fees, Levies and charges - H2";"Tractor-Trailer";"BAU";"EUR/kWh";2035;"0.015";"Sensitivity | Current Policies | Removed CO2 price";"Hydrogen"
"OPEX";"Taxes";"DE";"Taxes, Fees, Levies and charges - H2";"Rigid";"PROG";"EUR/kWh";2035;"0.015";"Sensitivity | Current Policies | Removed CO2 price";"Hydrogen"
"OPEX";"Taxes";"DE";"Taxes, Fees, Levies and charges - H2";"Tractor-Trailer";"PROG";"EUR/kWh";2035;"0.015";"Sensitivity | Current Policies | Removed CO2 price";"Hydrogen"
"OPEX";"Taxes";"ES";"Taxes, Fees, Levies and charges - H2";"Rigid";"BAU";"EUR/kWh";2035;"0.008";"Sensitivity | Current Policies | Removed CO2 price";"Hydrogen"
"OPEX";"Taxes";"ES";"Taxes, Fees, Levies and charges - H2";"Tractor-Trailer";"BAU";"EUR/kWh";2035;"0.008";"Sensitivity | Current Policies | Removed CO2 price";"Hydrogen"
"OPEX";"Taxes";"ES";"Taxes, Fees, Levies and charges - H2";"Rigid";"PROG";"EUR/kWh";2035;"0.008";"Sensitivity | Current Policies | Removed CO2 price";"Hydrogen"
"OPEX";"Taxes";"ES";"Taxes, Fees, Levies and charges - H2";"Tractor-Trailer";"PROG";"EUR/kWh";2035;"0.008";"Sensitivity | Current Policies | Removed CO2 price";"Hydrogen"
"OPEX";"Taxes";"FR";"Taxes, Fees, Levies and charges - H2";"Rigid";"BAU";"EUR/kWh";2035;"0.012";"Sensitivity | Current Policies | Removed CO2 price";"Hydrogen"
"OPEX";"Taxes";"FR";"Taxes, Fees, Levies and charges - H2";"Tractor-Trailer";"BAU";"EUR/kWh";2035;"0.012";"Sensitivity | Current Policies | Removed CO2 price";"Hydrogen"
"OPEX";"Taxes";"FR";"Taxes, Fees, Levies and charges - H2";"Rigid";"PROG";"EUR/kWh";2035;"0.012";"Sensitivity | Current Policies | Removed CO2 price";"Hydrogen"
"OPEX";"Taxes";"FR";"Taxes, Fees, Levies and charges - H2";"Tractor-Trailer";"PROG";"EUR/kWh";2035;"0.012";"Sensitivity | Current Policies | Removed CO2 price";"Hydrogen"
"OPEX";"Taxes";"IT";"Taxes, Fees, Levies and charges - H2";"Rigid";"BAU";"EUR/kWh";2035;"0.009";"Sensitivity | Current Policies | Removed CO2 price";"Hydrogen"
"OPEX";"Taxes";"IT";"Taxes, Fees, Levies and charges - H2";"Tractor-Trailer";"BAU";"EUR/kWh";2035;"0.009";"Sensitivity | Current Policies | Removed CO2 price";"Hydrogen"
"OPEX";"Taxes";"IT";"Taxes, Fees, Levies and charges - H2";"Rigid";"PROG";"EUR/kWh";2035;"0.009";"Sensitivity | Current Policies | Removed CO2 price";"Hydrogen"
"OPEX";"Taxes";"IT";"Taxes, Fees, Levies and charges - H2";"Tractor-Trailer";"PROG";"EUR/kWh";2035;"0.009";"Sensitivity | Current Policies | Removed CO2 price";"Hydrogen"
"OPEX";"Taxes";"NL";"Taxes, Fees, Levies and charges - H2";"Rigid";"BAU";"EUR/kWh";2035;"0.024";"Sensitivity | Current Policies | Removed CO2 price";"Hydrogen"
"OPEX";"Taxes";"NL";"Taxes, Fees, Levies and charges - H2";"Tractor-Trailer";"BAU";"EUR/kWh";2035;"0.024";"Sensitivity | Current Policies | Removed CO2 price";"Hydrogen"
"OPEX";"Taxes";"NL";"Taxes, Fees, Levies and charges - H2";"Rigid";"PROG";"EUR/kWh";2035;"0.024";"Sensitivity | Current Policies | Removed CO2 price";"Hydrogen"
"OPEX";"Taxes";"NL";"Taxes, Fees, Levies and charges - H2";"Tractor-Trailer";"PROG";"EUR/kWh";2035;"0.024";"Sensitivity | Current Policies | Removed CO2 price";"Hydrogen"
"OPEX";"Taxes";"PL";"Taxes, Fees, Levies and charges - H2";"Rigid";"BAU";"EUR/kWh";2035;"0.009";"Sensitivity | Current Policies | Removed CO2 price";"Hydrogen"
"OPEX";"Taxes";"PL";"Taxes, Fees, Levies and charges - H2";"Tractor-Trailer";"BAU";"EUR/kWh";2035;"0.009";"Sensitivity | Current Policies | Removed CO2 price";"Hydrogen"
"OPEX";"Taxes";"PL";"Taxes, Fees, Levies and charges - H2";"Rigid";"PROG";"EUR/kWh";2035;"0.009";"Sensitivity | Current Policies | Removed CO2 price";"Hydrogen"
"OPEX";"Taxes";"PL";"Taxes, Fees, Levies and charges - H2";"Tractor-Trailer";"PROG";"EUR/kWh";2035;"0.009";"Sensitivity | Current Policies | Removed CO2 price";"Hydrogen"
"OPEX";"Taxes";"UK";"Taxes, Fees, Levies and charges - H2";"Rigid";"BAU";"EUR/kWh";2035;"0.006";"Sensitivity | Current Policies | Removed CO2 price";"Hydrogen"
"OPEX";"Taxes";"UK";"Taxes, Fees, Levies and charges - H2";"Tractor-Trailer";"BAU";"EUR/kWh";2035;"0.006";"Sensitivity | Current Policies | Removed CO2 price";"Hydrogen"
"OPEX";"Taxes";"UK";"Taxes, Fees, Levies and charges - H2";"Rigid";"PROG";"EUR/kWh";2035;"0.006";"Sensitivity | Current Policies | Removed CO2 price";"Hydrogen"
"OPEX";"Taxes";"UK";"Taxes, Fees, Levies and charges - H2";"Tractor-Trailer";"PROG";"EUR/kWh";2035;"0.006";"Sensitivity | Current Policies | Removed CO2 price";"Hydrogen"
"OPEX";"Charging Infrastructure";"DE";"MCS grid extension";"Rigid";"PROG";"EUR/kWh";2035;"0.065";"Sensitivity | Current Policies | Removed CO2 price";"Electricity"
"OPEX";"Charging Infrastructure";"DE";"MCS grid extension";"Tractor-Trailer";"PROG";"EUR/kWh";2035;"0.065";"Sensitivity | Current Policies | Removed CO2 price";"Electricity"
"OPEX";"Charging Infrastructure";"DE";"MCS grid extension";"Rigid";"BAU";"EUR/kWh";2035;"0.065";"Sensitivity | Current Policies | Removed CO2 price";"Electricity"
"OPEX";"Charging Infrastructure";"DE";"MCS grid extension";"Tractor-Trailer";"BAU";"EUR/kWh";2035;"0.065";"Sensitivity | Current Policies | Removed CO2 price";"Electricity"
"OPEX";"Charging Infrastructure";"ES";"MCS grid extension";"Rigid";"PROG";"EUR/kWh";2035;"0.065";"Sensitivity | Current Policies | Removed CO2 price";"Electricity"
"OPEX";"Charging Infrastructure";"ES";"MCS grid extension";"Tractor-Trailer";"PROG";"EUR/kWh";2035;"0.065";"Sensitivity | Current Policies | Removed CO2 price";"Electricity"
"OPEX";"Charging Infrastructure";"ES";"MCS grid extension";"Rigid";"BAU";"EUR/kWh";2035;"0.065";"Sensitivity | Current Policies | Removed CO2 price";"Electricity"
"OPEX";"Charging Infrastructure";"ES";"MCS grid extension";"Tractor-Trailer";"BAU";"EUR/kWh";2035;"0.065";"Sensitivity | Current Policies | Removed CO2 price";"Electricity"
"OPEX";"Charging Infrastructure";"FR";"MCS grid extension";"Rigid";"PROG";"EUR/kWh";2035;"0.065";"Sensitivity | Current Policies | Removed CO2 price";"Electricity"
"OPEX";"Charging Infrastructure";"FR";"MCS grid extension";"Tractor-Trailer";"PROG";"EUR/kWh";2035;"0.065";"Sensitivity | Current Policies | Removed CO2 price";"Electricity"
"OPEX";"Charging Infrastructure";"FR";"MCS grid extension";"Rigid";"BAU";"EUR/kWh";2035;"0.065";"Sensitivity | Current Policies | Removed CO2 price";"Electricity"
"OPEX";"Charging Infrastructure";"FR";"MCS grid extension";"Tractor-Trailer";"BAU";"EUR/kWh";2035;"0.065";"Sensitivity | Current Policies | Removed CO2 price";"Electricity"
"OPEX";"Charging Infrastructure";"IT";"MCS grid extension";"Rigid";"PROG";"EUR/kWh";2035;"0.065";"Sensitivity | Current Policies | Removed CO2 price";"Electricity"
"OPEX";"Charging Infrastructure";"IT";"MCS grid extension";"Tractor-Trailer";"PROG";"EUR/kWh";2035;"0.065";"Sensitivity | Current Policies | Removed CO2 price";"Electricity"
"OPEX";"Charging Infrastructure";"IT";"MCS grid extension";"Rigid";"BAU";"EUR/kWh";2035;"0.065";"Sensitivity | Current Policies | Removed CO2 price";"Electricity"
"OPEX";"Charging Infrastructure";"IT";"MCS grid extension";"Tractor-Trailer";"BAU";"EUR/kWh";2035;"0.065";"Sensitivity | Current Policies | Removed CO2 price";"Electricity"
"OPEX";"Charging Infrastructure";"NL";"MCS grid extension";"Rigid";"PROG";"EUR/kWh";2035;"0.065";"Sensitivity | Current Policies | Removed CO2 price";"Electricity"
"OPEX";"Charging Infrastructure";"NL";"MCS grid extension";"Tractor-Trailer";"PROG";"EUR/kWh";2035;"0.065";"Sensitivity | Current Policies | Removed CO2 price";"Electricity"
"OPEX";"Charging Infrastructure";"NL";"MCS grid extension";"Rigid";"BAU";"EUR/kWh";2035;"0.065";"Sensitivity | Current Policies | Removed CO2 price";"Electricity"
"OPEX";"Charging Infrastructure";"NL";"MCS grid extension";"Tractor-Trailer";"BAU";"EUR/kWh";2035;"0.065";"Sensitivity | Current Policies | Removed CO2 price";"Electricity"
"OPEX";"Charging Infrastructure";"PL";"MCS grid extension";"Rigid";"PROG";"EUR/kWh";2035;"0.065";"Sensitivity | Current Policies | Removed CO2 price";"Electricity"
"OPEX";"Charging Infrastructure";"PL";"MCS grid extension";"Tractor-Trailer";"PROG";"EUR/kWh";2035;"0.065";"Sensitivity | Current Policies | Removed CO2 price";"Electricity"
"OPEX";"Charging Infrastructure";"PL";"MCS grid extension";"Rigid";"BAU";"EUR/kWh";2035;"0.065";"Sensitivity | Current Policies | Removed CO2 price";"Electricity"
"OPEX";"Charging Infrastructure";"PL";"MCS grid extension";"Tractor-Trailer";"BAU";"EUR/kWh";2035;"0.065";"Sensitivity | Current Policies | Removed CO2 price";"Electricity"
"OPEX";"Charging Infrastructure";"UK";"MCS grid extension";"Rigid";"PROG";"EUR/kWh";2035;"0.065";"Sensitivity | Current Policies | Removed CO2 price";"Electricity"
"OPEX";"Charging Infrastructure";"UK";"MCS grid extension";"Tractor-Trailer";"PROG";"EUR/kWh";2035;"0.065";"Sensitivity | Current Policies | Removed CO2 price";"Electricity"
"OPEX";"Charging Infrastructure";"UK";"MCS grid extension";"Rigid";"BAU";"EUR/kWh";2035;"0.065";"Sensitivity | Current Policies | Removed CO2 price";"Electricity"
"OPEX";"Charging Infrastructure";"UK";"MCS grid extension";"Tractor-Trailer";"BAU";"EUR/kWh";2035;"0.065";"Sensitivity | Current Policies | Removed CO2 price";"Electricity"
"OPEX";"Charging Infrastructure";"DE";"MCS Profit and Mark-Up";"Rigid";"PROG";"%";2035;"0.1";"Sensitivity | Current Policies | Removed CO2 price";"Electricity"
"OPEX";"Charging Infrastructure";"DE";"MCS Profit and Mark-Up";"Tractor-Trailer";"PROG";"%";2035;"0.1";"Sensitivity | Current Policies | Removed CO2 price";"Electricity"
"OPEX";"Charging Infrastructure";"DE";"MCS Profit and Mark-Up";"Rigid";"BAU";"%";2035;"0.1";"Sensitivity | Current Policies | Removed CO2 price";"Electricity"
"OPEX";"Charging Infrastructure";"DE";"MCS Profit and Mark-Up";"Tractor-Trailer";"BAU";"%";2035;"0.1";"Sensitivity | Current Policies | Removed CO2 price";"Electricity"
"OPEX";"Charging Infrastructure";"ES";"MCS Profit and Mark-Up";"Rigid";"PROG";"%";2035;"0.1";"Sensitivity | Current Policies | Removed CO2 price";"Electricity"
"OPEX";"Charging Infrastructure";"ES";"MCS Profit and Mark-Up";"Tractor-Trailer";"PROG";"%";2035;"0.1";"Sensitivity | Current Policies | Removed CO2 price";"Electricity"
"OPEX";"Charging Infrastructure";"ES";"MCS Profit and Mark-Up";"Rigid";"BAU";"%";2035;"0.1";"Sensitivity | Current Policies | Removed CO2 price";"Electricity"
"OPEX";"Charging Infrastructure";"ES";"MCS Profit and Mark-Up";"Tractor-Trailer";"BAU";"%";2035;"0.1";"Sensitivity | Current Policies | Removed CO2 price";"Electricity"
"OPEX";"Charging Infrastructure";"FR";"MCS Profit and Mark-Up";"Rigid";"PROG";"%";2035;"0.1";"Sensitivity | Current Policies | Removed CO2 price";"Electricity"
"OPEX";"Charging Infrastructure";"FR";"MCS Profit and Mark-Up";"Tractor-Trailer";"PROG";"%";2035;"0.1";"Sensitivity | Current Policies | Removed CO2 price";"Electricity"
"OPEX";"Charging Infrastructure";"FR";"MCS Profit and Mark-Up";"Rigid";"BAU";"%";2035;"0.1";"Sensitivity | Current Policies | Removed CO2 price";"Electricity"
"OPEX";"Charging Infrastructure";"FR";"MCS Profit and Mark-Up";"Tractor-Trailer";"BAU";"%";2035;"0.1";"Sensitivity | Current Policies | Removed CO2 price";"Electricity"
"OPEX";"Charging Infrastructure";"IT";"MCS Profit and Mark-Up";"Rigid";"PROG";"%";2035;"0.1";"Sensitivity | Current Policies | Removed CO2 price";"Electricity"
"OPEX";"Charging Infrastructure";"IT";"MCS Profit and Mark-Up";"Tractor-Trailer";"PROG";"%";2035;"0.1";"Sensitivity | Current Policies | Removed CO2 price";"Electricity"
"OPEX";"Charging Infrastructure";"IT";"MCS Profit and Mark-Up";"Rigid";"BAU";"%";2035;"0.1";"Sensitivity | Current Policies | Removed CO2 price";"Electricity"
"OPEX";"Charging Infrastructure";"IT";"MCS Profit and Mark-Up";"Tractor-Trailer";"BAU";"%";2035;"0.1";"Sensitivity | Current Policies | Removed CO2 price";"Electricity"
"OPEX";"Charging Infrastructure";"NL";"MCS Profit and Mark-Up";"Rigid";"PROG";"%";2035;"0.1";"Sensitivity | Current Policies | Removed CO2 price";"Electricity"
"OPEX";"Charging Infrastructure";"NL";"MCS Profit and Mark-Up";"Tractor-Trailer";"PROG";"%";2035;"0.1";"Sensitivity | Current Policies | Removed CO2 price";"Electricity"
"OPEX";"Charging Infrastructure";"NL";"MCS Profit and Mark-Up";"Rigid";"BAU";"%";2035;"0.1";"Sensitivity | Current Policies | Removed CO2 price";"Electricity"
"OPEX";"Charging Infrastructure";"NL";"MCS Profit and Mark-Up";"Tractor-Trailer";"BAU";"%";2035;"0.1";"Sensitivity | Current Policies | Removed CO2 price";"Electricity"
"OPEX";"Charging Infrastructure";"PL";"MCS Profit and Mark-Up";"Rigid";"PROG";"%";2035;"0.1";"Sensitivity | Current Policies | Removed CO2 price";"Electricity"
"OPEX";"Charging Infrastructure";"PL";"MCS Profit and Mark-Up";"Tractor-Trailer";"PROG";"%";2035;"0.1";"Sensitivity | Current Policies | Removed CO2 price";"Electricity"
"OPEX";"Charging Infrastructure";"PL";"MCS Profit and Mark-Up";"Rigid";"BAU";"%";2035;"0.1";"Sensitivity | Current Policies | Removed CO2 price";"Electricity"
"OPEX";"Charging Infrastructure";"PL";"MCS Profit and Mark-Up";"Tractor-Trailer";"BAU";"%";2035;"0.1";"Sensitivity | Current Policies | Removed CO2 price";"Electricity"
"OPEX";"Charging Infrastructure";"UK";"MCS Profit and Mark-Up";"Rigid";"PROG";"%";2035;"0.1";"Sensitivity | Current Policies | Removed CO2 price";"Electricity"
"OPEX";"Charging Infrastructure";"UK";"MCS Profit and Mark-Up";"Tractor-Trailer";"PROG";"%";2035;"0.1";"Sensitivity | Current Policies | Removed CO2 price";"Electricity"
"OPEX";"Charging Infrastructure";"UK";"MCS Profit and Mark-Up";"Rigid";"BAU";"%";2035;"0.1";"Sensitivity | Current Policies | Removed CO2 price";"Electricity"
"OPEX";"Charging Infrastructure";"UK";"MCS Profit and Mark-Up";"Tractor-Trailer";"BAU";"%";2035;"0.1";"Sensitivity | Current Policies | Removed CO2 price";"Electricity"
"OPEX";"Charging Infrastructure";"DE";"CCS Station (Depot) - Incl. Overhead";"Rigid";"PROG";"EUR/kWh";2035;"0.027";"Sensitivity | Current Policies | Removed CO2 price";"Electricity"
"OPEX";"Charging Infrastructure";"DE";"CCS Station (Depot) - Incl. Overhead";"Tractor-Trailer";"PROG";"EUR/kWh";2035;"0.027";"Sensitivity | Current Policies | Removed CO2 price";"Electricity"
"OPEX";"Charging Infrastructure";"DE";"CCS Station (Depot) - Incl. Overhead";"Rigid";"BAU";"EUR/kWh";2035;"0.027";"Sensitivity | Current Policies | Removed CO2 price";"Electricity"
"OPEX";"Charging Infrastructure";"DE";"CCS Station (Depot) - Incl. Overhead";"Tractor-Trailer";"BAU";"EUR/kWh";2035;"0.027";"Sensitivity | Current Policies | Removed CO2 price";"Electricity"
"OPEX";"Charging Infrastructure";"ES";"CCS Station (Depot) - Incl. Overhead";"Rigid";"PROG";"EUR/kWh";2035;"0.027";"Sensitivity | Current Policies | Removed CO2 price";"Electricity"
"OPEX";"Charging Infrastructure";"ES";"CCS Station (Depot) - Incl. Overhead";"Tractor-Trailer";"PROG";"EUR/kWh";2035;"0.027";"Sensitivity | Current Policies | Removed CO2 price";"Electricity"
"OPEX";"Charging Infrastructure";"ES";"CCS Station (Depot) - Incl. Overhead";"Rigid";"BAU";"EUR/kWh";2035;"0.027";"Sensitivity | Current Policies | Removed CO2 price";"Electricity"
"OPEX";"Charging Infrastructure";"ES";"CCS Station (Depot) - Incl. Overhead";"Tractor-Trailer";"BAU";"EUR/kWh";2035;"0.027";"Sensitivity | Current Policies | Removed CO2 price";"Electricity"
"OPEX";"Charging Infrastructure";"FR";"CCS Station (Depot) - Incl. Overhead";"Rigid";"PROG";"EUR/kWh";2035;"0.027";"Sensitivity | Current Policies | Removed CO2 price";"Electricity"
"OPEX";"Charging Infrastructure";"FR";"CCS Station (Depot) - Incl. Overhead";"Tractor-Trailer";"PROG";"EUR/kWh";2035;"0.027";"Sensitivity | Current Policies | Removed CO2 price";"Electricity"
"OPEX";"Charging Infrastructure";"FR";"CCS Station (Depot) - Incl. Overhead";"Rigid";"BAU";"EUR/kWh";2035;"0.027";"Sensitivity | Current Policies | Removed CO2 price";"Electricity"
"OPEX";"Charging Infrastructure";"FR";"CCS Station (Depot) - Incl. Overhead";"Tractor-Trailer";"BAU";"EUR/kWh";2035;"0.027";"Sensitivity | Current Policies | Removed CO2 price";"Electricity"
"OPEX";"Charging Infrastructure";"IT";"CCS Station (Depot) - Incl. Overhead";"Rigid";"PROG";"EUR/kWh";2035;"0.027";"Sensitivity | Current Policies | Removed CO2 price";"Electricity"
"OPEX";"Charging Infrastructure";"IT";"CCS Station (Depot) - Incl. Overhead";"Tractor-Trailer";"PROG";"EUR/kWh";2035;"0.027";"Sensitivity | Current Policies | Removed CO2 price";"Electricity"
"OPEX";"Charging Infrastructure";"IT";"CCS Station (Depot) - Incl. Overhead";"Rigid";"BAU";"EUR/kWh";2035;"0.027";"Sensitivity | Current Policies | Removed CO2 price";"Electricity"
"OPEX";"Charging Infrastructure";"IT";"CCS Station (Depot) - Incl. Overhead";"Tractor-Trailer";"BAU";"EUR/kWh";2035;"0.027";"Sensitivity | Current Policies | Removed CO2 price";"Electricity"
"OPEX";"Charging Infrastructure";"NL";"CCS Station (Depot) - Incl. Overhead";"Rigid";"PROG";"EUR/kWh";2035;"0.027";"Sensitivity | Current Policies | Removed CO2 price";"Electricity"
"OPEX";"Charging Infrastructure";"NL";"CCS Station (Depot) - Incl. Overhead";"Tractor-Trailer";"PROG";"EUR/kWh";2035;"0.027";"Sensitivity | Current Policies | Removed CO2 price";"Electricity"
"OPEX";"Charging Infrastructure";"NL";"CCS Station (Depot) - Incl. Overhead";"Rigid";"BAU";"EUR/kWh";2035;"0.027";"Sensitivity | Current Policies | Removed CO2 price";"Electricity"
"OPEX";"Charging Infrastructure";"NL";"CCS Station (Depot) - Incl. Overhead";"Tractor-Trailer";"BAU";"EUR/kWh";2035;"0.027";"Sensitivity | Current Policies | Removed CO2 price";"Electricity"
"OPEX";"Charging Infrastructure";"PL";"CCS Station (Depot) - Incl. Overhead";"Rigid";"PROG";"EUR/kWh";2035;"0.027";"Sensitivity | Current Policies | Removed CO2 price";"Electricity"
"OPEX";"Charging Infrastructure";"PL";"CCS Station (Depot) - Incl. Overhead";"Tractor-Trailer";"PROG";"EUR/kWh";2035;"0.027";"Sensitivity | Current Policies | Removed CO2 price";"Electricity"
"OPEX";"Charging Infrastructure";"PL";"CCS Station (Depot) - Incl. Overhead";"Rigid";"BAU";"EUR/kWh";2035;"0.027";"Sensitivity | Current Policies | Removed CO2 price";"Electricity"
"OPEX";"Charging Infrastructure";"PL";"CCS Station (Depot) - Incl. Overhead";"Tractor-Trailer";"BAU";"EUR/kWh";2035;"0.027";"Sensitivity | Current Policies | Removed CO2 price";"Electricity"
"OPEX";"Charging Infrastructure";"UK";"CCS Station (Depot) - Incl. Overhead";"Rigid";"PROG";"EUR/kWh";2035;"0.027";"Sensitivity | Current Policies | Removed CO2 price";"Electricity"
"OPEX";"Charging Infrastructure";"UK";"CCS Station (Depot) - Incl. Overhead";"Tractor-Trailer";"PROG";"EUR/kWh";2035;"0.027";"Sensitivity | Current Policies | Removed CO2 price";"Electricity"
"OPEX";"Charging Infrastructure";"UK";"CCS Station (Depot) - Incl. Overhead";"Rigid";"BAU";"EUR/kWh";2035;"0.027";"Sensitivity | Current Policies | Removed CO2 price";"Electricity"
"OPEX";"Charging Infrastructure";"UK";"CCS Station (Depot) - Incl. Overhead";"Tractor-Trailer";"BAU";"EUR/kWh";2035;"0.027";"Sensitivity | Current Policies | Removed CO2 price";"Electricity"
"OPEX";"Charging Infrastructure";"DE";"CCS grid extension";"Rigid";"PROG";"EUR/kWh";2035;"0.045";"Sensitivity | Current Policies | Removed CO2 price";"Electricity"
"OPEX";"Charging Infrastructure";"DE";"CCS grid extension";"Tractor-Trailer";"PROG";"EUR/kWh";2035;"0.045";"Sensitivity | Current Policies | Removed CO2 price";"Electricity"
"OPEX";"Charging Infrastructure";"DE";"CCS grid extension";"Rigid";"BAU";"EUR/kWh";2035;"0.045";"Sensitivity | Current Policies | Removed CO2 price";"Electricity"
"OPEX";"Charging Infrastructure";"DE";"CCS grid extension";"Tractor-Trailer";"BAU";"EUR/kWh";2035;"0.045";"Sensitivity | Current Policies | Removed CO2 price";"Electricity"
"OPEX";"Charging Infrastructure";"ES";"CCS grid extension";"Rigid";"PROG";"EUR/kWh";2035;"0.045";"Sensitivity | Current Policies | Removed CO2 price";"Electricity"
"OPEX";"Charging Infrastructure";"ES";"CCS grid extension";"Tractor-Trailer";"PROG";"EUR/kWh";2035;"0.045";"Sensitivity | Current Policies | Removed CO2 price";"Electricity"
"OPEX";"Charging Infrastructure";"ES";"CCS grid extension";"Rigid";"BAU";"EUR/kWh";2035;"0.045";"Sensitivity | Current Policies | Removed CO2 price";"Electricity"
"OPEX";"Charging Infrastructure";"ES";"CCS grid extension";"Tractor-Trailer";"BAU";"EUR/kWh";2035;"0.045";"Sensitivity | Current Policies | Removed CO2 price";"Electricity"
"OPEX";"Charging Infrastructure";"FR";"CCS grid extension";"Rigid";"PROG";"EUR/kWh";2035;"0.045";"Sensitivity | Current Policies | Removed CO2 price";"Electricity"
"OPEX";"Charging Infrastructure";"FR";"CCS grid extension";"Tractor-Trailer";"PROG";"EUR/kWh";2035;"0.045";"Sensitivity | Current Policies | Removed CO2 price";"Electricity"
"OPEX";"Charging Infrastructure";"FR";"CCS grid extension";"Rigid";"BAU";"EUR/kWh";2035;"0.045";"Sensitivity | Current Policies | Removed CO2 price";"Electricity"
"OPEX";"Charging Infrastructure";"FR";"CCS grid extension";"Tractor-Trailer";"BAU";"EUR/kWh";2035;"0.045";"Sensitivity | Current Policies | Removed CO2 price";"Electricity"
"OPEX";"Charging Infrastructure";"IT";"CCS grid extension";"Rigid";"PROG";"EUR/kWh";2035;"0.045";"Sensitivity | Current Policies | Removed CO2 price";"Electricity"
"OPEX";"Charging Infrastructure";"IT";"CCS grid extension";"Tractor-Trailer";"PROG";"EUR/kWh";2035;"0.045";"Sensitivity | Current Policies | Removed CO2 price";"Electricity"
"OPEX";"Charging Infrastructure";"IT";"CCS grid extension";"Rigid";"BAU";"EUR/kWh";2035;"0.045";"Sensitivity | Current Policies | Removed CO2 price";"Electricity"
"OPEX";"Charging Infrastructure";"IT";"CCS grid extension";"Tractor-Trailer";"BAU";"EUR/kWh";2035;"0.045";"Sensitivity | Current Policies | Removed CO2 price";"Electricity"
"OPEX";"Charging Infrastructure";"NL";"CCS grid extension";"Rigid";"PROG";"EUR/kWh";2035;"0.045";"Sensitivity | Current Policies | Removed CO2 price";"Electricity"
"OPEX";"Charging Infrastructure";"NL";"CCS grid extension";"Tractor-Trailer";"PROG";"EUR/kWh";2035;"0.045";"Sensitivity | Current Policies | Removed CO2 price";"Electricity"
"OPEX";"Charging Infrastructure";"NL";"CCS grid extension";"Rigid";"BAU";"EUR/kWh";2035;"0.045";"Sensitivity | Current Policies | Removed CO2 price";"Electricity"
"OPEX";"Charging Infrastructure";"NL";"CCS grid extension";"Tractor-Trailer";"BAU";"EUR/kWh";2035;"0.045";"Sensitivity | Current Policies | Removed CO2 price";"Electricity"
"OPEX";"Charging Infrastructure";"PL";"CCS grid extension";"Rigid";"PROG";"EUR/kWh";2035;"0.045";"Sensitivity | Current Policies | Removed CO2 price";"Electricity"
"OPEX";"Charging Infrastructure";"PL";"CCS grid extension";"Tractor-Trailer";"PROG";"EUR/kWh";2035;"0.045";"Sensitivity | Current Policies | Removed CO2 price";"Electricity"
"OPEX";"Charging Infrastructure";"PL";"CCS grid extension";"Rigid";"BAU";"EUR/kWh";2035;"0.045";"Sensitivity | Current Policies | Removed CO2 price";"Electricity"
"OPEX";"Charging Infrastructure";"PL";"CCS grid extension";"Tractor-Trailer";"BAU";"EUR/kWh";2035;"0.045";"Sensitivity | Current Policies | Removed CO2 price";"Electricity"
"OPEX";"Charging Infrastructure";"UK";"CCS grid extension";"Rigid";"PROG";"EUR/kWh";2035;"0.045";"Sensitivity | Current Policies | Removed CO2 price";"Electricity"
"OPEX";"Charging Infrastructure";"UK";"CCS grid extension";"Tractor-Trailer";"PROG";"EUR/kWh";2035;"0.045";"Sensitivity | Current Policies | Removed CO2 price";"Electricity"
"OPEX";"Charging Infrastructure";"UK";"CCS grid extension";"Rigid";"BAU";"EUR/kWh";2035;"0.045";"Sensitivity | Current Policies | Removed CO2 price";"Electricity"
"OPEX";"Charging Infrastructure";"UK";"CCS grid extension";"Tractor-Trailer";"BAU";"EUR/kWh";2035;"0.045";"Sensitivity | Current Policies | Removed CO2 price";"Electricity"
"OPEX";"Diesel Infrastructure";"DE";"Total Diesel Mark-Up";"Rigid";"BAU";"EUR/kWh";2035;"0.018";"Sensitivity | Current Policies | Removed CO2 price";"Diesel"
"OPEX";"Diesel Infrastructure";"DE";"Total Diesel Mark-Up";"Tractor-Trailer";"BAU";"EUR/kWh";2035;"0.018";"Sensitivity | Current Policies | Removed CO2 price";"Diesel"
"OPEX";"Diesel Infrastructure";"DE";"Total Diesel Mark-Up";"Rigid";"PROG";"EUR/kWh";2035;"0.018";"Sensitivity | Current Policies | Removed CO2 price";"Diesel"
"OPEX";"Diesel Infrastructure";"DE";"Total Diesel Mark-Up";"Tractor-Trailer";"PROG";"EUR/kWh";2035;"0.018";"Sensitivity | Current Policies | Removed CO2 price";"Diesel"
"OPEX";"Diesel Infrastructure";"ES";"Total Diesel Mark-Up";"Rigid";"BAU";"EUR/kWh";2035;"0.018";"Sensitivity | Current Policies | Removed CO2 price";"Diesel"
"OPEX";"Diesel Infrastructure";"ES";"Total Diesel Mark-Up";"Tractor-Trailer";"BAU";"EUR/kWh";2035;"0.018";"Sensitivity | Current Policies | Removed CO2 price";"Diesel"
"OPEX";"Diesel Infrastructure";"ES";"Total Diesel Mark-Up";"Rigid";"PROG";"EUR/kWh";2035;"0.018";"Sensitivity | Current Policies | Removed CO2 price";"Diesel"
"OPEX";"Diesel Infrastructure";"ES";"Total Diesel Mark-Up";"Tractor-Trailer";"PROG";"EUR/kWh";2035;"0.018";"Sensitivity | Current Policies | Removed CO2 price";"Diesel"
"OPEX";"Diesel Infrastructure";"FR";"Total Diesel Mark-Up";"Rigid";"BAU";"EUR/kWh";2035;"0.018";"Sensitivity | Current Policies | Removed CO2 price";"Diesel"
"OPEX";"Diesel Infrastructure";"FR";"Total Diesel Mark-Up";"Tractor-Trailer";"BAU";"EUR/kWh";2035;"0.018";"Sensitivity | Current Policies | Removed CO2 price";"Diesel"
"OPEX";"Diesel Infrastructure";"FR";"Total Diesel Mark-Up";"Rigid";"PROG";"EUR/kWh";2035;"0.018";"Sensitivity | Current Policies | Removed CO2 price";"Diesel"
"OPEX";"Diesel Infrastructure";"FR";"Total Diesel Mark-Up";"Tractor-Trailer";"PROG";"EUR/kWh";2035;"0.018";"Sensitivity | Current Policies | Removed CO2 price";"Diesel"
"OPEX";"Diesel Infrastructure";"IT";"Total Diesel Mark-Up";"Rigid";"BAU";"EUR/kWh";2035;"0.018";"Sensitivity | Current Policies | Removed CO2 price";"Diesel"
"OPEX";"Diesel Infrastructure";"IT";"Total Diesel Mark-Up";"Tractor-Trailer";"BAU";"EUR/kWh";2035;"0.018";"Sensitivity | Current Policies | Removed CO2 price";"Diesel"
"OPEX";"Diesel Infrastructure";"IT";"Total Diesel Mark-Up";"Rigid";"PROG";"EUR/kWh";2035;"0.018";"Sensitivity | Current Policies | Removed CO2 price";"Diesel"
"OPEX";"Diesel Infrastructure";"IT";"Total Diesel Mark-Up";"Tractor-Trailer";"PROG";"EUR/kWh";2035;"0.018";"Sensitivity | Current Policies | Removed CO2 price";"Diesel"
"OPEX";"Diesel Infrastructure";"NL";"Total Diesel Mark-Up";"Rigid";"BAU";"EUR/kWh";2035;"0.018";"Sensitivity | Current Policies | Removed CO2 price";"Diesel"
"OPEX";"Diesel Infrastructure";"NL";"Total Diesel Mark-Up";"Tractor-Trailer";"BAU";"EUR/kWh";2035;"0.018";"Sensitivity | Current Policies | Removed CO2 price";"Diesel"
"OPEX";"Diesel Infrastructure";"NL";"Total Diesel Mark-Up";"Rigid";"PROG";"EUR/kWh";2035;"0.018";"Sensitivity | Current Policies | Removed CO2 price";"Diesel"
"OPEX";"Diesel Infrastructure";"NL";"Total Diesel Mark-Up";"Tractor-Trailer";"PROG";"EUR/kWh";2035;"0.018";"Sensitivity | Current Policies | Removed CO2 price";"Diesel"
"OPEX";"Diesel Infrastructure";"PL";"Total Diesel Mark-Up";"Rigid";"BAU";"EUR/kWh";2035;"0.018";"Sensitivity | Current Policies | Removed CO2 price";"Diesel"
"OPEX";"Diesel Infrastructure";"PL";"Total Diesel Mark-Up";"Tractor-Trailer";"BAU";"EUR/kWh";2035;"0.018";"Sensitivity | Current Policies | Removed CO2 price";"Diesel"
"OPEX";"Diesel Infrastructure";"PL";"Total Diesel Mark-Up";"Rigid";"PROG";"EUR/kWh";2035;"0.018";"Sensitivity | Current Policies | Removed CO2 price";"Diesel"
"OPEX";"Diesel Infrastructure";"PL";"Total Diesel Mark-Up";"Tractor-Trailer";"PROG";"EUR/kWh";2035;"0.018";"Sensitivity | Current Policies | Removed CO2 price";"Diesel"
"OPEX";"Diesel Infrastructure";"UK";"Total Diesel Mark-Up";"Rigid";"BAU";"EUR/kWh";2035;"0.018";"Sensitivity | Current Policies | Removed CO2 price";"Diesel"
"OPEX";"Diesel Infrastructure";"UK";"Total Diesel Mark-Up";"Tractor-Trailer";"BAU";"EUR/kWh";2035;"0.018";"Sensitivity | Current Policies | Removed CO2 price";"Diesel"
"OPEX";"Diesel Infrastructure";"UK";"Total Diesel Mark-Up";"Rigid";"PROG";"EUR/kWh";2035;"0.018";"Sensitivity | Current Policies | Removed CO2 price";"Diesel"
"OPEX";"Diesel Infrastructure";"UK";"Total Diesel Mark-Up";"Tractor-Trailer";"PROG";"EUR/kWh";2035;"0.018";"Sensitivity | Current Policies | Removed CO2 price";"Diesel"
"OPEX";"Diesel Infrastructure";"DE";"CO2 emission factor Biodiesel";"Rigid";"BAU";"%";2035;"0.161";"Sensitivity | Current Policies | Removed CO2 price";"Diesel"
"OPEX";"Diesel Infrastructure";"DE";"CO2 emission factor Biodiesel";"Tractor-Trailer";"BAU";"%";2035;"0.161";"Sensitivity | Current Policies | Removed CO2 price";"Diesel"
"OPEX";"Diesel Infrastructure";"DE";"CO2 emission factor Biodiesel";"Rigid";"PROG";"%";2035;"0.161";"Sensitivity | Current Policies | Removed CO2 price";"Diesel"
"OPEX";"Diesel Infrastructure";"DE";"CO2 emission factor Biodiesel";"Tractor-Trailer";"PROG";"%";2035;"0.161";"Sensitivity | Current Policies | Removed CO2 price";"Diesel"
"OPEX";"Diesel Infrastructure";"ES";"CO2 emission factor Biodiesel";"Rigid";"BAU";"%";2035;"0.161";"Sensitivity | Current Policies | Removed CO2 price";"Diesel"
"OPEX";"Diesel Infrastructure";"ES";"CO2 emission factor Biodiesel";"Tractor-Trailer";"BAU";"%";2035;"0.161";"Sensitivity | Current Policies | Removed CO2 price";"Diesel"
"OPEX";"Diesel Infrastructure";"ES";"CO2 emission factor Biodiesel";"Rigid";"PROG";"%";2035;"0.161";"Sensitivity | Current Policies | Removed CO2 price";"Diesel"
"OPEX";"Diesel Infrastructure";"ES";"CO2 emission factor Biodiesel";"Tractor-Trailer";"PROG";"%";2035;"0.161";"Sensitivity | Current Policies | Removed CO2 price";"Diesel"
"OPEX";"Diesel Infrastructure";"FR";"CO2 emission factor Biodiesel";"Rigid";"BAU";"%";2035;"0.161";"Sensitivity | Current Policies | Removed CO2 price";"Diesel"
"OPEX";"Diesel Infrastructure";"FR";"CO2 emission factor Biodiesel";"Tractor-Trailer";"BAU";"%";2035;"0.161";"Sensitivity | Current Policies | Removed CO2 price";"Diesel"
"OPEX";"Diesel Infrastructure";"FR";"CO2 emission factor Biodiesel";"Rigid";"PROG";"%";2035;"0.161";"Sensitivity | Current Policies | Removed CO2 price";"Diesel"
"OPEX";"Diesel Infrastructure";"FR";"CO2 emission factor Biodiesel";"Tractor-Trailer";"PROG";"%";2035;"0.161";"Sensitivity | Current Policies | Removed CO2 price";"Diesel"
"OPEX";"Diesel Infrastructure";"IT";"CO2 emission factor Biodiesel";"Rigid";"BAU";"%";2035;"0.161";"Sensitivity | Current Policies | Removed CO2 price";"Diesel"
"OPEX";"Diesel Infrastructure";"IT";"CO2 emission factor Biodiesel";"Tractor-Trailer";"BAU";"%";2035;"0.161";"Sensitivity | Current Policies | Removed CO2 price";"Diesel"
"OPEX";"Diesel Infrastructure";"IT";"CO2 emission factor Biodiesel";"Rigid";"PROG";"%";2035;"0.161";"Sensitivity | Current Policies | Removed CO2 price";"Diesel"
"OPEX";"Diesel Infrastructure";"IT";"CO2 emission factor Biodiesel";"Tractor-Trailer";"PROG";"%";2035;"0.161";"Sensitivity | Current Policies | Removed CO2 price";"Diesel"
"OPEX";"Diesel Infrastructure";"NL";"CO2 emission factor Biodiesel";"Rigid";"BAU";"%";2035;"0.161";"Sensitivity | Current Policies | Removed CO2 price";"Diesel"
"OPEX";"Diesel Infrastructure";"NL";"CO2 emission factor Biodiesel";"Tractor-Trailer";"BAU";"%";2035;"0.161";"Sensitivity | Current Policies | Removed CO2 price";"Diesel"
"OPEX";"Diesel Infrastructure";"NL";"CO2 emission factor Biodiesel";"Rigid";"PROG";"%";2035;"0.161";"Sensitivity | Current Policies | Removed CO2 price";"Diesel"
"OPEX";"Diesel Infrastructure";"NL";"CO2 emission factor Biodiesel";"Tractor-Trailer";"PROG";"%";2035;"0.161";"Sensitivity | Current Policies | Removed CO2 price";"Diesel"
"OPEX";"Diesel Infrastructure";"PL";"CO2 emission factor Biodiesel";"Rigid";"BAU";"%";2035;"0.161";"Sensitivity | Current Policies | Removed CO2 price";"Diesel"
"OPEX";"Diesel Infrastructure";"PL";"CO2 emission factor Biodiesel";"Tractor-Trailer";"BAU";"%";2035;"0.161";"Sensitivity | Current Policies | Removed CO2 price";"Diesel"
"OPEX";"Diesel Infrastructure";"PL";"CO2 emission factor Biodiesel";"Rigid";"PROG";"%";2035;"0.161";"Sensitivity | Current Policies | Removed CO2 price";"Diesel"
"OPEX";"Diesel Infrastructure";"PL";"CO2 emission factor Biodiesel";"Tractor-Trailer";"PROG";"%";2035;"0.161";"Sensitivity | Current Policies | Removed CO2 price";"Diesel"
"OPEX";"Diesel Infrastructure";"UK";"CO2 emission factor Biodiesel";"Rigid";"BAU";"%";2035;"0.161";"Sensitivity | Current Policies | Removed CO2 price";"Diesel"
"OPEX";"Diesel Infrastructure";"UK";"CO2 emission factor Biodiesel";"Tractor-Trailer";"BAU";"%";2035;"0.161";"Sensitivity | Current Policies | Removed CO2 price";"Diesel"
"OPEX";"Diesel Infrastructure";"UK";"CO2 emission factor Biodiesel";"Rigid";"PROG";"%";2035;"0.161";"Sensitivity | Current Policies | Removed CO2 price";"Diesel"
"OPEX";"Diesel Infrastructure";"UK";"CO2 emission factor Biodiesel";"Tractor-Trailer";"PROG";"%";2035;"0.161";"Sensitivity | Current Policies | Removed CO2 price";"Diesel"
"OPEX";"Diesel Infrastructure";"DE";"CO2 emission factor Pt-Diesel";"Rigid";"BAU";"%";2035;"0";"Sensitivity | Current Policies | Removed CO2 price";"Diesel"
"OPEX";"Diesel Infrastructure";"DE";"CO2 emission factor Pt-Diesel";"Tractor-Trailer";"BAU";"%";2035;"0";"Sensitivity | Current Policies | Removed CO2 price";"Diesel"
"OPEX";"Diesel Infrastructure";"DE";"CO2 emission factor Pt-Diesel";"Rigid";"PROG";"%";2035;"0";"Sensitivity | Current Policies | Removed CO2 price";"Diesel"
"OPEX";"Diesel Infrastructure";"DE";"CO2 emission factor Pt-Diesel";"Tractor-Trailer";"PROG";"%";2035;"0";"Sensitivity | Current Policies | Removed CO2 price";"Diesel"
"OPEX";"Diesel Infrastructure";"ES";"CO2 emission factor Pt-Diesel";"Rigid";"BAU";"%";2035;"0";"Sensitivity | Current Policies | Removed CO2 price";"Diesel"
"OPEX";"Diesel Infrastructure";"ES";"CO2 emission factor Pt-Diesel";"Tractor-Trailer";"BAU";"%";2035;"0";"Sensitivity | Current Policies | Removed CO2 price";"Diesel"
"OPEX";"Diesel Infrastructure";"ES";"CO2 emission factor Pt-Diesel";"Rigid";"PROG";"%";2035;"0";"Sensitivity | Current Policies | Removed CO2 price";"Diesel"
"OPEX";"Diesel Infrastructure";"ES";"CO2 emission factor Pt-Diesel";"Tractor-Trailer";"PROG";"%";2035;"0";"Sensitivity | Current Policies | Removed CO2 price";"Diesel"
"OPEX";"Diesel Infrastructure";"FR";"CO2 emission factor Pt-Diesel";"Rigid";"BAU";"%";2035;"0";"Sensitivity | Current Policies | Removed CO2 price";"Diesel"
"OPEX";"Diesel Infrastructure";"FR";"CO2 emission factor Pt-Diesel";"Tractor-Trailer";"BAU";"%";2035;"0";"Sensitivity | Current Policies | Removed CO2 price";"Diesel"
"OPEX";"Diesel Infrastructure";"FR";"CO2 emission factor Pt-Diesel";"Rigid";"PROG";"%";2035;"0";"Sensitivity | Current Policies | Removed CO2 price";"Diesel"
"OPEX";"Diesel Infrastructure";"FR";"CO2 emission factor Pt-Diesel";"Tractor-Trailer";"PROG";"%";2035;"0";"Sensitivity | Current Policies | Removed CO2 price";"Diesel"
"OPEX";"Diesel Infrastructure";"IT";"CO2 emission factor Pt-Diesel";"Rigid";"BAU";"%";2035;"0";"Sensitivity | Current Policies | Removed CO2 price";"Diesel"
"OPEX";"Diesel Infrastructure";"IT";"CO2 emission factor Pt-Diesel";"Tractor-Trailer";"BAU";"%";2035;"0";"Sensitivity | Current Policies | Removed CO2 price";"Diesel"
"OPEX";"Diesel Infrastructure";"IT";"CO2 emission factor Pt-Diesel";"Rigid";"PROG";"%";2035;"0";"Sensitivity | Current Policies | Removed CO2 price";"Diesel"
"OPEX";"Diesel Infrastructure";"IT";"CO2 emission factor Pt-Diesel";"Tractor-Trailer";"PROG";"%";2035;"0";"Sensitivity | Current Policies | Removed CO2 price";"Diesel"
"OPEX";"Diesel Infrastructure";"NL";"CO2 emission factor Pt-Diesel";"Rigid";"BAU";"%";2035;"0";"Sensitivity | Current Policies | Removed CO2 price";"Diesel"
"OPEX";"Diesel Infrastructure";"NL";"CO2 emission factor Pt-Diesel";"Tractor-Trailer";"BAU";"%";2035;"0";"Sensitivity | Current Policies | Removed CO2 price";"Diesel"
"OPEX";"Diesel Infrastructure";"NL";"CO2 emission factor Pt-Diesel";"Rigid";"PROG";"%";2035;"0";"Sensitivity | Current Policies | Removed CO2 price";"Diesel"
"OPEX";"Diesel Infrastructure";"NL";"CO2 emission factor Pt-Diesel";"Tractor-Trailer";"PROG";"%";2035;"0";"Sensitivity | Current Policies | Removed CO2 price";"Diesel"
"OPEX";"Diesel Infrastructure";"PL";"CO2 emission factor Pt-Diesel";"Rigid";"BAU";"%";2035;"0";"Sensitivity | Current Policies | Removed CO2 price";"Diesel"
"OPEX";"Diesel Infrastructure";"PL";"CO2 emission factor Pt-Diesel";"Tractor-Trailer";"BAU";"%";2035;"0";"Sensitivity | Current Policies | Removed CO2 price";"Diesel"
"OPEX";"Diesel Infrastructure";"PL";"CO2 emission factor Pt-Diesel";"Rigid";"PROG";"%";2035;"0";"Sensitivity | Current Policies | Removed CO2 price";"Diesel"
"OPEX";"Diesel Infrastructure";"PL";"CO2 emission factor Pt-Diesel";"Tractor-Trailer";"PROG";"%";2035;"0";"Sensitivity | Current Policies | Removed CO2 price";"Diesel"
"OPEX";"Diesel Infrastructure";"UK";"CO2 emission factor Pt-Diesel";"Rigid";"BAU";"%";2035;"0";"Sensitivity | Current Policies | Removed CO2 price";"Diesel"
"OPEX";"Diesel Infrastructure";"UK";"CO2 emission factor Pt-Diesel";"Tractor-Trailer";"BAU";"%";2035;"0";"Sensitivity | Current Policies | Removed CO2 price";"Diesel"
"OPEX";"Diesel Infrastructure";"UK";"CO2 emission factor Pt-Diesel";"Rigid";"PROG";"%";2035;"0";"Sensitivity | Current Policies | Removed CO2 price";"Diesel"
"OPEX";"Diesel Infrastructure";"UK";"CO2 emission factor Pt-Diesel";"Tractor-Trailer";"PROG";"%";2035;"0";"Sensitivity | Current Policies | Removed CO2 price";"Diesel"
"OPEX";"Taxes";"DE";"Network Costs - MCS";"Rigid";"BAU";"EUR/kWh";2035;"0.034";"Sensitivity | Current Policies | Removed CO2 price";"Electricity"
"OPEX";"Taxes";"DE";"Network Costs - MCS";"Tractor-Trailer";"BAU";"EUR/kWh";2035;"0.034";"Sensitivity | Current Policies | Removed CO2 price";"Electricity"
"OPEX";"Taxes";"ES";"Network Costs - MCS";"Rigid";"BAU";"EUR/kWh";2035;"0.018";"Sensitivity | Current Policies | Removed CO2 price";"Electricity"
"OPEX";"Taxes";"ES";"Network Costs - MCS";"Tractor-Trailer";"BAU";"EUR/kWh";2035;"0.018";"Sensitivity | Current Policies | Removed CO2 price";"Electricity"
"OPEX";"Taxes";"FR";"Network Costs - MCS";"Rigid";"BAU";"EUR/kWh";2035;"0.018";"Sensitivity | Current Policies | Removed CO2 price";"Electricity"
"OPEX";"Taxes";"FR";"Network Costs - MCS";"Tractor-Trailer";"BAU";"EUR/kWh";2035;"0.018";"Sensitivity | Current Policies | Removed CO2 price";"Electricity"
"OPEX";"Taxes";"IT";"Network Costs - MCS";"Rigid";"BAU";"EUR/kWh";2035;"0.016";"Sensitivity | Current Policies | Removed CO2 price";"Electricity"
"OPEX";"Taxes";"IT";"Network Costs - MCS";"Tractor-Trailer";"BAU";"EUR/kWh";2035;"0.016";"Sensitivity | Current Policies | Removed CO2 price";"Electricity"
"OPEX";"Taxes";"NL";"Network Costs - MCS";"Rigid";"BAU";"EUR/kWh";2035;"0.016";"Sensitivity | Current Policies | Removed CO2 price";"Electricity"
"OPEX";"Taxes";"NL";"Network Costs - MCS";"Tractor-Trailer";"BAU";"EUR/kWh";2035;"0.016";"Sensitivity | Current Policies | Removed CO2 price";"Electricity"
"OPEX";"Taxes";"PL";"Network Costs - MCS";"Rigid";"BAU";"EUR/kWh";2035;"0.019";"Sensitivity | Current Policies | Removed CO2 price";"Electricity"
"OPEX";"Taxes";"PL";"Network Costs - MCS";"Tractor-Trailer";"BAU";"EUR/kWh";2035;"0.019";"Sensitivity | Current Policies | Removed CO2 price";"Electricity"
"OPEX";"Taxes";"UK";"Network Costs - MCS";"Rigid";"BAU";"EUR/kWh";2035;"0.027";"Sensitivity | Current Policies | Removed CO2 price";"Electricity"
"OPEX";"Taxes";"UK";"Network Costs - MCS";"Tractor-Trailer";"BAU";"EUR/kWh";2035;"0.027";"Sensitivity | Current Policies | Removed CO2 price";"Electricity"
"OPEX";"Taxes";"DE";"Taxes, Fees, Levies and charges - MCS";"Rigid";"BAU";"EUR/kWh";2035;"0.056";"Sensitivity | Current Policies | Removed CO2 price";"Electricity"
"OPEX";"Taxes";"DE";"Taxes, Fees, Levies and charges - MCS";"Tractor-Trailer";"BAU";"EUR/kWh";2035;"0.056";"Sensitivity | Current Policies | Removed CO2 price";"Electricity"
"OPEX";"Taxes";"ES";"Taxes, Fees, Levies and charges - MCS";"Rigid";"BAU";"EUR/kWh";2035;"0.036";"Sensitivity | Current Policies | Removed CO2 price";"Electricity"
"OPEX";"Taxes";"ES";"Taxes, Fees, Levies and charges - MCS";"Tractor-Trailer";"BAU";"EUR/kWh";2035;"0.036";"Sensitivity | Current Policies | Removed CO2 price";"Electricity"
"OPEX";"Taxes";"FR";"Taxes, Fees, Levies and charges - MCS";"Rigid";"BAU";"EUR/kWh";2035;"0.03";"Sensitivity | Current Policies | Removed CO2 price";"Electricity"
"OPEX";"Taxes";"FR";"Taxes, Fees, Levies and charges - MCS";"Tractor-Trailer";"BAU";"EUR/kWh";2035;"0.03";"Sensitivity | Current Policies | Removed CO2 price";"Electricity"
"OPEX";"Taxes";"IT";"Taxes, Fees, Levies and charges - MCS";"Rigid";"BAU";"EUR/kWh";2035;"0.063";"Sensitivity | Current Policies | Removed CO2 price";"Electricity"
"OPEX";"Taxes";"IT";"Taxes, Fees, Levies and charges - MCS";"Tractor-Trailer";"BAU";"EUR/kWh";2035;"0.063";"Sensitivity | Current Policies | Removed CO2 price";"Electricity"
"OPEX";"Taxes";"NL";"Taxes, Fees, Levies and charges - MCS";"Rigid";"BAU";"EUR/kWh";2035;"0.055";"Sensitivity | Current Policies | Removed CO2 price";"Electricity"
"OPEX";"Taxes";"NL";"Taxes, Fees, Levies and charges - MCS";"Tractor-Trailer";"BAU";"EUR/kWh";2035;"0.055";"Sensitivity | Current Policies | Removed CO2 price";"Electricity"
"OPEX";"Taxes";"PL";"Taxes, Fees, Levies and charges - MCS";"Rigid";"BAU";"EUR/kWh";2035;"0.049";"Sensitivity | Current Policies | Removed CO2 price";"Electricity"
"OPEX";"Taxes";"PL";"Taxes, Fees, Levies and charges - MCS";"Tractor-Trailer";"BAU";"EUR/kWh";2035;"0.049";"Sensitivity | Current Policies | Removed CO2 price";"Electricity"
"OPEX";"Taxes";"UK";"Taxes, Fees, Levies and charges - MCS";"Rigid";"BAU";"EUR/kWh";2035;"0.077";"Sensitivity | Current Policies | Removed CO2 price";"Electricity"
"OPEX";"Taxes";"UK";"Taxes, Fees, Levies and charges - MCS";"Tractor-Trailer";"BAU";"EUR/kWh";2035;"0.077";"Sensitivity | Current Policies | Removed CO2 price";"Electricity"
"OPEX";"Taxes";"DE";"Network Costs - Depot";"Rigid";"BAU";"EUR/kWh";2035;"0.044";"Sensitivity | Current Policies | Removed CO2 price";"Electricity"
"OPEX";"Taxes";"DE";"Network Costs - Depot";"Tractor-Trailer";"BAU";"EUR/kWh";2035;"0.044";"Sensitivity | Current Policies | Removed CO2 price";"Electricity"
"OPEX";"Taxes";"ES";"Network Costs - Depot";"Rigid";"BAU";"EUR/kWh";2035;"0.031";"Sensitivity | Current Policies | Removed CO2 price";"Electricity"
"OPEX";"Taxes";"ES";"Network Costs - Depot";"Tractor-Trailer";"BAU";"EUR/kWh";2035;"0.031";"Sensitivity | Current Policies | Removed CO2 price";"Electricity"
"OPEX";"Taxes";"FR";"Network Costs - Depot";"Rigid";"BAU";"EUR/kWh";2035;"0.024";"Sensitivity | Current Policies | Removed CO2 price";"Electricity"
"OPEX";"Taxes";"FR";"Network Costs - Depot";"Tractor-Trailer";"BAU";"EUR/kWh";2035;"0.024";"Sensitivity | Current Policies | Removed CO2 price";"Electricity"
"OPEX";"Taxes";"IT";"Network Costs - Depot";"Rigid";"BAU";"EUR/kWh";2035;"0.018";"Sensitivity | Current Policies | Removed CO2 price";"Electricity"
"OPEX";"Taxes";"IT";"Network Costs - Depot";"Tractor-Trailer";"BAU";"EUR/kWh";2035;"0.018";"Sensitivity | Current Policies | Removed CO2 price";"Electricity"
"OPEX";"Taxes";"NL";"Network Costs - Depot";"Rigid";"BAU";"EUR/kWh";2035;"0.019";"Sensitivity | Current Policies | Removed CO2 price";"Electricity"
"OPEX";"Taxes";"NL";"Network Costs - Depot";"Tractor-Trailer";"BAU";"EUR/kWh";2035;"0.019";"Sensitivity | Current Policies | Removed CO2 price";"Electricity"
"OPEX";"Taxes";"PL";"Network Costs - Depot";"Rigid";"BAU";"EUR/kWh";2035;"0.026";"Sensitivity | Current Policies | Removed CO2 price";"Electricity"
"OPEX";"Taxes";"PL";"Network Costs - Depot";"Tractor-Trailer";"BAU";"EUR/kWh";2035;"0.026";"Sensitivity | Current Policies | Removed CO2 price";"Electricity"
"OPEX";"Taxes";"UK";"Network Costs - Depot";"Rigid";"BAU";"EUR/kWh";2035;"0.029";"Sensitivity | Current Policies | Removed CO2 price";"Electricity"
"OPEX";"Taxes";"UK";"Network Costs - Depot";"Tractor-Trailer";"BAU";"EUR/kWh";2035;"0.029";"Sensitivity | Current Policies | Removed CO2 price";"Electricity"
"OPEX";"Taxes";"DE";"Taxes, Fees, Levies and charges - Depot";"Rigid";"BAU";"EUR/kWh";2035;"0.062";"Sensitivity | Current Policies | Removed CO2 price";"Electricity"
"OPEX";"Taxes";"DE";"Taxes, Fees, Levies and charges - Depot";"Tractor-Trailer";"BAU";"EUR/kWh";2035;"0.062";"Sensitivity | Current Policies | Removed CO2 price";"Electricity"
"OPEX";"Taxes";"ES";"Taxes, Fees, Levies and charges - Depot";"Rigid";"BAU";"EUR/kWh";2035;"0.054";"Sensitivity | Current Policies | Removed CO2 price";"Electricity"
"OPEX";"Taxes";"ES";"Taxes, Fees, Levies and charges - Depot";"Tractor-Trailer";"BAU";"EUR/kWh";2035;"0.054";"Sensitivity | Current Policies | Removed CO2 price";"Electricity"
"OPEX";"Taxes";"FR";"Taxes, Fees, Levies and charges - Depot";"Rigid";"BAU";"EUR/kWh";2035;"0.04";"Sensitivity | Current Policies | Removed CO2 price";"Electricity"
"OPEX";"Taxes";"FR";"Taxes, Fees, Levies and charges - Depot";"Tractor-Trailer";"BAU";"EUR/kWh";2035;"0.04";"Sensitivity | Current Policies | Removed CO2 price";"Electricity"
"OPEX";"Taxes";"IT";"Taxes, Fees, Levies and charges - Depot";"Rigid";"BAU";"EUR/kWh";2035;"0.088";"Sensitivity | Current Policies | Removed CO2 price";"Electricity"
"OPEX";"Taxes";"IT";"Taxes, Fees, Levies and charges - Depot";"Tractor-Trailer";"BAU";"EUR/kWh";2035;"0.088";"Sensitivity | Current Policies | Removed CO2 price";"Electricity"
"OPEX";"Taxes";"NL";"Taxes, Fees, Levies and charges - Depot";"Rigid";"BAU";"EUR/kWh";2035;"0.058";"Sensitivity | Current Policies | Removed CO2 price";"Electricity"
"OPEX";"Taxes";"NL";"Taxes, Fees, Levies and charges - Depot";"Tractor-Trailer";"BAU";"EUR/kWh";2035;"0.058";"Sensitivity | Current Policies | Removed CO2 price";"Electricity"
"OPEX";"Taxes";"PL";"Taxes, Fees, Levies and charges - Depot";"Rigid";"BAU";"EUR/kWh";2035;"0.053";"Sensitivity | Current Policies | Removed CO2 price";"Electricity"
"OPEX";"Taxes";"PL";"Taxes, Fees, Levies and charges - Depot";"Tractor-Trailer";"BAU";"EUR/kWh";2035;"0.053";"Sensitivity | Current Policies | Removed CO2 price";"Electricity"
"OPEX";"Taxes";"UK";"Taxes, Fees, Levies and charges - Depot";"Rigid";"BAU";"EUR/kWh";2035;"0.084";"Sensitivity | Current Policies | Removed CO2 price";"Electricity"
"OPEX";"Taxes";"UK";"Taxes, Fees, Levies and charges - Depot";"Tractor-Trailer";"BAU";"EUR/kWh";2035;"0.084";"Sensitivity | Current Policies | Removed CO2 price";"Electricity"
"OPEX";"H2 Infrastructure";"DE";"HRS costs";"Rigid";"BAU";"EUR/kg H2";2035;"1.45";"Sensitivity | Current Policies | Removed CO2 price";"Hydrogen"
"OPEX";"H2 Infrastructure";"DE";"HRS costs";"Tractor-Trailer";"BAU";"EUR/kg H2";2035;"1.45";"Sensitivity | Current Policies | Removed CO2 price";"Hydrogen"
"OPEX";"H2 Infrastructure";"ES";"HRS costs";"Rigid";"BAU";"EUR/kg H2";2035;"1.45";"Sensitivity | Current Policies | Removed CO2 price";"Hydrogen"
"OPEX";"H2 Infrastructure";"ES";"HRS costs";"Tractor-Trailer";"BAU";"EUR/kg H2";2035;"1.45";"Sensitivity | Current Policies | Removed CO2 price";"Hydrogen"
"OPEX";"H2 Infrastructure";"FR";"HRS costs";"Rigid";"BAU";"EUR/kg H2";2035;"1.45";"Sensitivity | Current Policies | Removed CO2 price";"Hydrogen"
"OPEX";"H2 Infrastructure";"FR";"HRS costs";"Tractor-Trailer";"BAU";"EUR/kg H2";2035;"1.45";"Sensitivity | Current Policies | Removed CO2 price";"Hydrogen"
"OPEX";"H2 Infrastructure";"IT";"HRS costs";"Rigid";"BAU";"EUR/kg H2";2035;"1.45";"Sensitivity | Current Policies | Removed CO2 price";"Hydrogen"
"OPEX";"H2 Infrastructure";"IT";"HRS costs";"Tractor-Trailer";"BAU";"EUR/kg H2";2035;"1.45";"Sensitivity | Current Policies | Removed CO2 price";"Hydrogen"
"OPEX";"H2 Infrastructure";"NL";"HRS costs";"Rigid";"BAU";"EUR/kg H2";2035;"1.45";"Sensitivity | Current Policies | Removed CO2 price";"Hydrogen"
"OPEX";"H2 Infrastructure";"NL";"HRS costs";"Tractor-Trailer";"BAU";"EUR/kg H2";2035;"1.45";"Sensitivity | Current Policies | Removed CO2 price";"Hydrogen"
"OPEX";"H2 Infrastructure";"PL";"HRS costs";"Rigid";"BAU";"EUR/kg H2";2035;"1.45";"Sensitivity | Current Policies | Removed CO2 price";"Hydrogen"
"OPEX";"H2 Infrastructure";"PL";"HRS costs";"Tractor-Trailer";"BAU";"EUR/kg H2";2035;"1.45";"Sensitivity | Current Policies | Removed CO2 price";"Hydrogen"
"OPEX";"H2 Infrastructure";"UK";"HRS costs";"Rigid";"BAU";"EUR/kg H2";2035;"1.45";"Sensitivity | Current Policies | Removed CO2 price";"Hydrogen"
"OPEX";"H2 Infrastructure";"UK";"HRS costs";"Tractor-Trailer";"BAU";"EUR/kg H2";2035;"1.45";"Sensitivity | Current Policies | Removed CO2 price";"Hydrogen"
"OPEX";"H2 Infrastructure";"DE";"H2 transport and distribution";"Rigid";"BAU";"EUR/kg H2";2035;"1.333";"Sensitivity | Current Policies | Removed CO2 price";"Hydrogen"
"OPEX";"H2 Infrastructure";"DE";"H2 transport and distribution";"Tractor-Trailer";"BAU";"EUR/kg H2";2035;"1.333";"Sensitivity | Current Policies | Removed CO2 price";"Hydrogen"
"OPEX";"H2 Infrastructure";"ES";"H2 transport and distribution";"Rigid";"BAU";"EUR/kg H2";2035;"1.333";"Sensitivity | Current Policies | Removed CO2 price";"Hydrogen"
"OPEX";"H2 Infrastructure";"ES";"H2 transport and distribution";"Tractor-Trailer";"BAU";"EUR/kg H2";2035;"1.333";"Sensitivity | Current Policies | Removed CO2 price";"Hydrogen"
"OPEX";"H2 Infrastructure";"FR";"H2 transport and distribution";"Rigid";"BAU";"EUR/kg H2";2035;"1.333";"Sensitivity | Current Policies | Removed CO2 price";"Hydrogen"
"OPEX";"H2 Infrastructure";"FR";"H2 transport and distribution";"Tractor-Trailer";"BAU";"EUR/kg H2";2035;"1.333";"Sensitivity | Current Policies | Removed CO2 price";"Hydrogen"
"OPEX";"H2 Infrastructure";"IT";"H2 transport and distribution";"Rigid";"BAU";"EUR/kg H2";2035;"1.333";"Sensitivity | Current Policies | Removed CO2 price";"Hydrogen"
"OPEX";"H2 Infrastructure";"IT";"H2 transport and distribution";"Tractor-Trailer";"BAU";"EUR/kg H2";2035;"1.333";"Sensitivity | Current Policies | Removed CO2 price";"Hydrogen"
"OPEX";"H2 Infrastructure";"NL";"H2 transport and distribution";"Rigid";"BAU";"EUR/kg H2";2035;"1.333";"Sensitivity | Current Policies | Removed CO2 price";"Hydrogen"
"OPEX";"H2 Infrastructure";"NL";"H2 transport and distribution";"Tractor-Trailer";"BAU";"EUR/kg H2";2035;"1.333";"Sensitivity | Current Policies | Removed CO2 price";"Hydrogen"
"OPEX";"H2 Infrastructure";"PL";"H2 transport and distribution";"Rigid";"BAU";"EUR/kg H2";2035;"1.333";"Sensitivity | Current Policies | Removed CO2 price";"Hydrogen"
"OPEX";"H2 Infrastructure";"PL";"H2 transport and distribution";"Tractor-Trailer";"BAU";"EUR/kg H2";2035;"1.333";"Sensitivity | Current Policies | Removed CO2 price";"Hydrogen"
"OPEX";"H2 Infrastructure";"UK";"H2 transport and distribution";"Rigid";"BAU";"EUR/kg H2";2035;"1.333";"Sensitivity | Current Policies | Removed CO2 price";"Hydrogen"
"OPEX";"H2 Infrastructure";"UK";"H2 transport and distribution";"Tractor-Trailer";"BAU";"EUR/kg H2";2035;"1.333";"Sensitivity | Current Policies | Removed CO2 price";"Hydrogen"
"OPEX";"H2 Infrastructure";"DE";"HRS Overhead, Profit and Mark-Up";"Rigid";"BAU";"EUR/kg H2";2035;"0.25";"Sensitivity | Current Policies | Removed CO2 price";"Hydrogen"
"OPEX";"H2 Infrastructure";"DE";"HRS Overhead, Profit and Mark-Up";"Tractor-Trailer";"BAU";"EUR/kg H2";2035;"0.25";"Sensitivity | Current Policies | Removed CO2 price";"Hydrogen"
"OPEX";"H2 Infrastructure";"ES";"HRS Overhead, Profit and Mark-Up";"Rigid";"BAU";"EUR/kg H2";2035;"0.25";"Sensitivity | Current Policies | Removed CO2 price";"Hydrogen"
"OPEX";"H2 Infrastructure";"ES";"HRS Overhead, Profit and Mark-Up";"Tractor-Trailer";"BAU";"EUR/kg H2";2035;"0.25";"Sensitivity | Current Policies | Removed CO2 price";"Hydrogen"
"OPEX";"H2 Infrastructure";"FR";"HRS Overhead, Profit and Mark-Up";"Rigid";"BAU";"EUR/kg H2";2035;"0.25";"Sensitivity | Current Policies | Removed CO2 price";"Hydrogen"
"OPEX";"H2 Infrastructure";"FR";"HRS Overhead, Profit and Mark-Up";"Tractor-Trailer";"BAU";"EUR/kg H2";2035;"0.25";"Sensitivity | Current Policies | Removed CO2 price";"Hydrogen"
"OPEX";"H2 Infrastructure";"IT";"HRS Overhead, Profit and Mark-Up";"Rigid";"BAU";"EUR/kg H2";2035;"0.25";"Sensitivity | Current Policies | Removed CO2 price";"Hydrogen"
"OPEX";"H2 Infrastructure";"IT";"HRS Overhead, Profit and Mark-Up";"Tractor-Trailer";"BAU";"EUR/kg H2";2035;"0.25";"Sensitivity | Current Policies | Removed CO2 price";"Hydrogen"
"OPEX";"H2 Infrastructure";"NL";"HRS Overhead, Profit and Mark-Up";"Rigid";"BAU";"EUR/kg H2";2035;"0.25";"Sensitivity | Current Policies | Removed CO2 price";"Hydrogen"
"OPEX";"H2 Infrastructure";"NL";"HRS Overhead, Profit and Mark-Up";"Tractor-Trailer";"BAU";"EUR/kg H2";2035;"0.25";"Sensitivity | Current Policies | Removed CO2 price";"Hydrogen"
"OPEX";"H2 Infrastructure";"PL";"HRS Overhead, Profit and Mark-Up";"Rigid";"BAU";"EUR/kg H2";2035;"0.25";"Sensitivity | Current Policies | Removed CO2 price";"Hydrogen"
"OPEX";"H2 Infrastructure";"PL";"HRS Overhead, Profit and Mark-Up";"Tractor-Trailer";"BAU";"EUR/kg H2";2035;"0.25";"Sensitivity | Current Policies | Removed CO2 price";"Hydrogen"
"OPEX";"H2 Infrastructure";"UK";"HRS Overhead, Profit and Mark-Up";"Rigid";"BAU";"EUR/kg H2";2035;"0.25";"Sensitivity | Current Policies | Removed CO2 price";"Hydrogen"
"OPEX";"H2 Infrastructure";"UK";"HRS Overhead, Profit and Mark-Up";"Tractor-Trailer";"BAU";"EUR/kg H2";2035;"0.25";"Sensitivity | Current Policies | Removed CO2 price";"Hydrogen"
"OPEX";"Charging Infrastructure";"DE";"MCS Station (Public Charging) - Incl. Overhead";"Rigid";"BAU";"EUR/kWh";2035;"0.082";"Sensitivity | Current Policies | Removed CO2 price";"Electricity"
"OPEX";"Charging Infrastructure";"DE";"MCS Station (Public Charging) - Incl. Overhead";"Tractor-Trailer";"BAU";"EUR/kWh";2035;"0.082";"Sensitivity | Current Policies | Removed CO2 price";"Electricity"
"OPEX";"Charging Infrastructure";"ES";"MCS Station (Public Charging) - Incl. Overhead";"Rigid";"BAU";"EUR/kWh";2035;"0.082";"Sensitivity | Current Policies | Removed CO2 price";"Electricity"
"OPEX";"Charging Infrastructure";"ES";"MCS Station (Public Charging) - Incl. Overhead";"Tractor-Trailer";"BAU";"EUR/kWh";2035;"0.082";"Sensitivity | Current Policies | Removed CO2 price";"Electricity"
"OPEX";"Charging Infrastructure";"FR";"MCS Station (Public Charging) - Incl. Overhead";"Rigid";"BAU";"EUR/kWh";2035;"0.082";"Sensitivity | Current Policies | Removed CO2 price";"Electricity"
"OPEX";"Charging Infrastructure";"FR";"MCS Station (Public Charging) - Incl. Overhead";"Tractor-Trailer";"BAU";"EUR/kWh";2035;"0.082";"Sensitivity | Current Policies | Removed CO2 price";"Electricity"
"OPEX";"Charging Infrastructure";"IT";"MCS Station (Public Charging) - Incl. Overhead";"Rigid";"BAU";"EUR/kWh";2035;"0.082";"Sensitivity | Current Policies | Removed CO2 price";"Electricity"
"OPEX";"Charging Infrastructure";"IT";"MCS Station (Public Charging) - Incl. Overhead";"Tractor-Trailer";"BAU";"EUR/kWh";2035;"0.082";"Sensitivity | Current Policies | Removed CO2 price";"Electricity"
"OPEX";"Charging Infrastructure";"NL";"MCS Station (Public Charging) - Incl. Overhead";"Rigid";"BAU";"EUR/kWh";2035;"0.082";"Sensitivity | Current Policies | Removed CO2 price";"Electricity"
"OPEX";"Charging Infrastructure";"NL";"MCS Station (Public Charging) - Incl. Overhead";"Tractor-Trailer";"BAU";"EUR/kWh";2035;"0.082";"Sensitivity | Current Policies | Removed CO2 price";"Electricity"
"OPEX";"Charging Infrastructure";"PL";"MCS Station (Public Charging) - Incl. Overhead";"Rigid";"BAU";"EUR/kWh";2035;"0.082";"Sensitivity | Current Policies | Removed CO2 price";"Electricity"
"OPEX";"Charging Infrastructure";"PL";"MCS Station (Public Charging) - Incl. Overhead";"Tractor-Trailer";"BAU";"EUR/kWh";2035;"0.082";"Sensitivity | Current Policies | Removed CO2 price";"Electricity"
"OPEX";"Charging Infrastructure";"UK";"MCS Station (Public Charging) - Incl. Overhead";"Rigid";"BAU";"EUR/kWh";2035;"0.082";"Sensitivity | Current Policies | Removed CO2 price";"Electricity"
"OPEX";"Charging Infrastructure";"UK";"MCS Station (Public Charging) - Incl. Overhead";"Tractor-Trailer";"BAU";"EUR/kWh";2035;"0.082";"Sensitivity | Current Policies | Removed CO2 price";"Electricity"
"OPEX";"Charging Infrastructure";"DE";"Share MCS-Charging";"Rigid";"BAU";"%";2035;"0.2";"Sensitivity | Current Policies | Removed CO2 price";"Electricity"
"OPEX";"Charging Infrastructure";"DE";"Share MCS-Charging";"Tractor-Trailer";"BAU";"%";2035;"0.2";"Sensitivity | Current Policies | Removed CO2 price";"Electricity"
"OPEX";"Charging Infrastructure";"ES";"Share MCS-Charging";"Rigid";"BAU";"%";2035;"0.2";"Sensitivity | Current Policies | Removed CO2 price";"Electricity"
"OPEX";"Charging Infrastructure";"ES";"Share MCS-Charging";"Tractor-Trailer";"BAU";"%";2035;"0.2";"Sensitivity | Current Policies | Removed CO2 price";"Electricity"
"OPEX";"Charging Infrastructure";"FR";"Share MCS-Charging";"Rigid";"BAU";"%";2035;"0.2";"Sensitivity | Current Policies | Removed CO2 price";"Electricity"
"OPEX";"Charging Infrastructure";"FR";"Share MCS-Charging";"Tractor-Trailer";"BAU";"%";2035;"0.2";"Sensitivity | Current Policies | Removed CO2 price";"Electricity"
"OPEX";"Charging Infrastructure";"IT";"Share MCS-Charging";"Rigid";"BAU";"%";2035;"0.2";"Sensitivity | Current Policies | Removed CO2 price";"Electricity"
"OPEX";"Charging Infrastructure";"IT";"Share MCS-Charging";"Tractor-Trailer";"BAU";"%";2035;"0.2";"Sensitivity | Current Policies | Removed CO2 price";"Electricity"
"OPEX";"Charging Infrastructure";"NL";"Share MCS-Charging";"Rigid";"BAU";"%";2035;"0.2";"Sensitivity | Current Policies | Removed CO2 price";"Electricity"
"OPEX";"Charging Infrastructure";"NL";"Share MCS-Charging";"Tractor-Trailer";"BAU";"%";2035;"0.2";"Sensitivity | Current Policies | Removed CO2 price";"Electricity"
"OPEX";"Charging Infrastructure";"PL";"Share MCS-Charging";"Rigid";"BAU";"%";2035;"0.2";"Sensitivity | Current Policies | Removed CO2 price";"Electricity"
"OPEX";"Charging Infrastructure";"PL";"Share MCS-Charging";"Tractor-Trailer";"BAU";"%";2035;"0.2";"Sensitivity | Current Policies | Removed CO2 price";"Electricity"
"OPEX";"Charging Infrastructure";"UK";"Share MCS-Charging";"Rigid";"BAU";"%";2035;"0.2";"Sensitivity | Current Policies | Removed CO2 price";"Electricity"
"OPEX";"Charging Infrastructure";"UK";"Share MCS-Charging";"Tractor-Trailer";"BAU";"%";2035;"0.2";"Sensitivity | Current Policies | Removed CO2 price";"Electricity"
"OPEX";"Charging Infrastructure";"DE";"Depot - Network fees savings potential";"Rigid";"BAU";"EUR/kWh";2035;"0";"Sensitivity | Current Policies | Removed CO2 price";"Electricity"
"OPEX";"Charging Infrastructure";"DE";"Depot - Network fees savings potential";"Tractor-Trailer";"BAU";"EUR/kWh";2035;"0";"Sensitivity | Current Policies | Removed CO2 price";"Electricity"
"OPEX";"Charging Infrastructure";"ES";"Depot - Network fees savings potential";"Rigid";"BAU";"EUR/kWh";2035;"0";"Sensitivity | Current Policies | Removed CO2 price";"Electricity"
"OPEX";"Charging Infrastructure";"ES";"Depot - Network fees savings potential";"Tractor-Trailer";"BAU";"EUR/kWh";2035;"0";"Sensitivity | Current Policies | Removed CO2 price";"Electricity"
"OPEX";"Charging Infrastructure";"FR";"Depot - Network fees savings potential";"Rigid";"BAU";"EUR/kWh";2035;"0";"Sensitivity | Current Policies | Removed CO2 price";"Electricity"
"OPEX";"Charging Infrastructure";"FR";"Depot - Network fees savings potential";"Tractor-Trailer";"BAU";"EUR/kWh";2035;"0";"Sensitivity | Current Policies | Removed CO2 price";"Electricity"
"OPEX";"Charging Infrastructure";"IT";"Depot - Network fees savings potential";"Rigid";"BAU";"EUR/kWh";2035;"0";"Sensitivity | Current Policies | Removed CO2 price";"Electricity"
"OPEX";"Charging Infrastructure";"IT";"Depot - Network fees savings potential";"Tractor-Trailer";"BAU";"EUR/kWh";2035;"0";"Sensitivity | Current Policies | Removed CO2 price";"Electricity"
"OPEX";"Charging Infrastructure";"NL";"Depot - Network fees savings potential";"Rigid";"BAU";"EUR/kWh";2035;"0";"Sensitivity | Current Policies | Removed CO2 price";"Electricity"
"OPEX";"Charging Infrastructure";"NL";"Depot - Network fees savings potential";"Tractor-Trailer";"BAU";"EUR/kWh";2035;"0";"Sensitivity | Current Policies | Removed CO2 price";"Electricity"
"OPEX";"Charging Infrastructure";"PL";"Depot - Network fees savings potential";"Rigid";"BAU";"EUR/kWh";2035;"0";"Sensitivity | Current Policies | Removed CO2 price";"Electricity"
"OPEX";"Charging Infrastructure";"PL";"Depot - Network fees savings potential";"Tractor-Trailer";"BAU";"EUR/kWh";2035;"0";"Sensitivity | Current Policies | Removed CO2 price";"Electricity"
"OPEX";"Charging Infrastructure";"UK";"Depot - Network fees savings potential";"Rigid";"BAU";"EUR/kWh";2035;"0";"Sensitivity | Current Policies | Removed CO2 price";"Electricity"
"OPEX";"Charging Infrastructure";"UK";"Depot - Network fees savings potential";"Tractor-Trailer";"BAU";"EUR/kWh";2035;"0";"Sensitivity | Current Policies | Removed CO2 price";"Electricity"
"OPEX";"Taxes";"DE";"Tax reduction";"Rigid";"BAU";"%";2035;"-1";"Sensitivity | Current Policies | Removed CO2 price";"Hydrogen"
"OPEX";"Taxes";"DE";"Tax reduction";"Tractor-Trailer";"BAU";"%";2035;"-1";"Sensitivity | Current Policies | Removed CO2 price";"Hydrogen"
"OPEX";"Taxes";"ES";"Tax reduction";"Rigid";"BAU";"%";2035;"-1";"Sensitivity | Current Policies | Removed CO2 price";"Hydrogen"
"OPEX";"Taxes";"ES";"Tax reduction";"Tractor-Trailer";"BAU";"%";2035;"-1";"Sensitivity | Current Policies | Removed CO2 price";"Hydrogen"
"OPEX";"Taxes";"FR";"Tax reduction";"Rigid";"BAU";"%";2035;"-1";"Sensitivity | Current Policies | Removed CO2 price";"Hydrogen"
"OPEX";"Taxes";"FR";"Tax reduction";"Tractor-Trailer";"BAU";"%";2035;"-1";"Sensitivity | Current Policies | Removed CO2 price";"Hydrogen"
"OPEX";"Taxes";"IT";"Tax reduction";"Rigid";"BAU";"%";2035;"-1";"Sensitivity | Current Policies | Removed CO2 price";"Hydrogen"
"OPEX";"Taxes";"IT";"Tax reduction";"Tractor-Trailer";"BAU";"%";2035;"-1";"Sensitivity | Current Policies | Removed CO2 price";"Hydrogen"
"OPEX";"Taxes";"NL";"Tax reduction";"Rigid";"BAU";"%";2035;"-1";"Sensitivity | Current Policies | Removed CO2 price";"Hydrogen"
"OPEX";"Taxes";"NL";"Tax reduction";"Tractor-Trailer";"BAU";"%";2035;"-1";"Sensitivity | Current Policies | Removed CO2 price";"Hydrogen"
"OPEX";"Taxes";"PL";"Tax reduction";"Rigid";"BAU";"%";2035;"-1";"Sensitivity | Current Policies | Removed CO2 price";"Hydrogen"
"OPEX";"Taxes";"PL";"Tax reduction";"Tractor-Trailer";"BAU";"%";2035;"-1";"Sensitivity | Current Policies | Removed CO2 price";"Hydrogen"
"OPEX";"Taxes";"UK";"Tax reduction";"Rigid";"BAU";"%";2035;"-1";"Sensitivity | Current Policies | Removed CO2 price";"Hydrogen"
"OPEX";"Taxes";"UK";"Tax reduction";"Tractor-Trailer";"BAU";"%";2035;"-1";"Sensitivity | Current Policies | Removed CO2 price";"Hydrogen"
"OPEX";"Taxes";"DE";"Increasing grid fees";"Rigid";"PROG";"%";2035;"0.15";"Sensitivity | Current Policies | Removed CO2 price";"Electricity"
"OPEX";"Taxes";"DE";"Increasing grid fees";"Tractor-Trailer";"PROG";"%";2035;"0.15";"Sensitivity | Current Policies | Removed CO2 price";"Electricity"
"OPEX";"Taxes";"ES";"Increasing grid fees";"Rigid";"PROG";"%";2035;"0.15";"Sensitivity | Current Policies | Removed CO2 price";"Electricity"
"OPEX";"Taxes";"ES";"Increasing grid fees";"Tractor-Trailer";"PROG";"%";2035;"0.15";"Sensitivity | Current Policies | Removed CO2 price";"Electricity"
"OPEX";"Taxes";"FR";"Increasing grid fees";"Rigid";"PROG";"%";2035;"0.15";"Sensitivity | Current Policies | Removed CO2 price";"Electricity"
"OPEX";"Taxes";"FR";"Increasing grid fees";"Tractor-Trailer";"PROG";"%";2035;"0.15";"Sensitivity | Current Policies | Removed CO2 price";"Electricity"
"OPEX";"Taxes";"IT";"Increasing grid fees";"Rigid";"PROG";"%";2035;"0.15";"Sensitivity | Current Policies | Removed CO2 price";"Electricity"
"OPEX";"Taxes";"IT";"Increasing grid fees";"Tractor-Trailer";"PROG";"%";2035;"0.15";"Sensitivity | Current Policies | Removed CO2 price";"Electricity"
"OPEX";"Taxes";"NL";"Increasing grid fees";"Rigid";"PROG";"%";2035;"0.15";"Sensitivity | Current Policies | Removed CO2 price";"Electricity"
"OPEX";"Taxes";"NL";"Increasing grid fees";"Tractor-Trailer";"PROG";"%";2035;"0.15";"Sensitivity | Current Policies | Removed CO2 price";"Electricity"
"OPEX";"Taxes";"PL";"Increasing grid fees";"Rigid";"PROG";"%";2035;"0.15";"Sensitivity | Current Policies | Removed CO2 price";"Electricity"
"OPEX";"Taxes";"PL";"Increasing grid fees";"Tractor-Trailer";"PROG";"%";2035;"0.15";"Sensitivity | Current Policies | Removed CO2 price";"Electricity"
"OPEX";"Taxes";"UK";"Increasing grid fees";"Rigid";"PROG";"%";2035;"0.15";"Sensitivity | Current Policies | Removed CO2 price";"Electricity"
"OPEX";"Taxes";"UK";"Increasing grid fees";"Tractor-Trailer";"PROG";"%";2035;"0.15";"Sensitivity | Current Policies | Removed CO2 price";"Electricity"
"OPEX";"Taxes";"DE";"Increasing grid fees";"Rigid";"BAU";"%";2035;"0.25";"Sensitivity | Current Policies | Removed CO2 price";"Electricity"
"OPEX";"Taxes";"DE";"Increasing grid fees";"Tractor-Trailer";"BAU";"%";2035;"0.25";"Sensitivity | Current Policies | Removed CO2 price";"Electricity"
"OPEX";"Taxes";"ES";"Increasing grid fees";"Rigid";"BAU";"%";2035;"0.25";"Sensitivity | Current Policies | Removed CO2 price";"Electricity"
"OPEX";"Taxes";"ES";"Increasing grid fees";"Tractor-Trailer";"BAU";"%";2035;"0.25";"Sensitivity | Current Policies | Removed CO2 price";"Electricity"
"OPEX";"Taxes";"FR";"Increasing grid fees";"Rigid";"BAU";"%";2035;"0.25";"Sensitivity | Current Policies | Removed CO2 price";"Electricity"
"OPEX";"Taxes";"FR";"Increasing grid fees";"Tractor-Trailer";"BAU";"%";2035;"0.25";"Sensitivity | Current Policies | Removed CO2 price";"Electricity"
"OPEX";"Taxes";"IT";"Increasing grid fees";"Rigid";"BAU";"%";2035;"0.25";"Sensitivity | Current Policies | Removed CO2 price";"Electricity"
"OPEX";"Taxes";"IT";"Increasing grid fees";"Tractor-Trailer";"BAU";"%";2035;"0.25";"Sensitivity | Current Policies | Removed CO2 price";"Electricity"
"OPEX";"Taxes";"NL";"Increasing grid fees";"Rigid";"BAU";"%";2035;"0.25";"Sensitivity | Current Policies | Removed CO2 price";"Electricity"
"OPEX";"Taxes";"NL";"Increasing grid fees";"Tractor-Trailer";"BAU";"%";2035;"0.25";"Sensitivity | Current Policies | Removed CO2 price";"Electricity"
"OPEX";"Taxes";"PL";"Increasing grid fees";"Rigid";"BAU";"%";2035;"0.25";"Sensitivity | Current Policies | Removed CO2 price";"Electricity"
"OPEX";"Taxes";"PL";"Increasing grid fees";"Tractor-Trailer";"BAU";"%";2035;"0.25";"Sensitivity | Current Policies | Removed CO2 price";"Electricity"
"OPEX";"Taxes";"UK";"Increasing grid fees";"Rigid";"BAU";"%";2035;"0.25";"Sensitivity | Current Policies | Removed CO2 price";"Electricity"
"OPEX";"Taxes";"UK";"Increasing grid fees";"Tractor-Trailer";"BAU";"%";2035;"0.25";"Sensitivity | Current Policies | Removed CO2 price";"Electricity"
"OPEX";"Taxes";"DE";"Network Costs - MCS";"Rigid";"PROG";"EUR/kWh";2040;"0.03";"Sensitivity | Current Policies | Removed CO2 price";"Electricity"
"OPEX";"Taxes";"DE";"Network Costs - MCS";"Tractor-Trailer";"PROG";"EUR/kWh";2040;"0.03";"Sensitivity | Current Policies | Removed CO2 price";"Electricity"
"OPEX";"Taxes";"ES";"Network Costs - MCS";"Rigid";"PROG";"EUR/kWh";2040;"0.011";"Sensitivity | Current Policies | Removed CO2 price";"Electricity"
"OPEX";"Taxes";"ES";"Network Costs - MCS";"Tractor-Trailer";"PROG";"EUR/kWh";2040;"0.011";"Sensitivity | Current Policies | Removed CO2 price";"Electricity"
"OPEX";"Taxes";"FR";"Network Costs - MCS";"Rigid";"PROG";"EUR/kWh";2040;"0.014";"Sensitivity | Current Policies | Removed CO2 price";"Electricity"
"OPEX";"Taxes";"FR";"Network Costs - MCS";"Tractor-Trailer";"PROG";"EUR/kWh";2040;"0.014";"Sensitivity | Current Policies | Removed CO2 price";"Electricity"
"OPEX";"Taxes";"IT";"Network Costs - MCS";"Rigid";"PROG";"EUR/kWh";2040;"0.013";"Sensitivity | Current Policies | Removed CO2 price";"Electricity"
"OPEX";"Taxes";"IT";"Network Costs - MCS";"Tractor-Trailer";"PROG";"EUR/kWh";2040;"0.013";"Sensitivity | Current Policies | Removed CO2 price";"Electricity"
"OPEX";"Taxes";"NL";"Network Costs - MCS";"Rigid";"PROG";"EUR/kWh";2040;"0.015";"Sensitivity | Current Policies | Removed CO2 price";"Electricity"
"OPEX";"Taxes";"NL";"Network Costs - MCS";"Tractor-Trailer";"PROG";"EUR/kWh";2040;"0.015";"Sensitivity | Current Policies | Removed CO2 price";"Electricity"
"OPEX";"Taxes";"PL";"Network Costs - MCS";"Rigid";"PROG";"EUR/kWh";2040;"0.015";"Sensitivity | Current Policies | Removed CO2 price";"Electricity"
"OPEX";"Taxes";"PL";"Network Costs - MCS";"Tractor-Trailer";"PROG";"EUR/kWh";2040;"0.015";"Sensitivity | Current Policies | Removed CO2 price";"Electricity"
"OPEX";"Taxes";"UK";"Network Costs - MCS";"Rigid";"PROG";"EUR/kWh";2040;"0.022";"Sensitivity | Current Policies | Removed CO2 price";"Electricity"
"OPEX";"Taxes";"UK";"Network Costs - MCS";"Tractor-Trailer";"PROG";"EUR/kWh";2040;"0.022";"Sensitivity | Current Policies | Removed CO2 price";"Electricity"
"OPEX";"Taxes";"DE";"Taxes, Fees, Levies and charges - MCS";"Rigid";"PROG";"EUR/kWh";2040;"0.051";"Sensitivity | Current Policies | Removed CO2 price";"Electricity"
"OPEX";"Taxes";"DE";"Taxes, Fees, Levies and charges - MCS";"Tractor-Trailer";"PROG";"EUR/kWh";2040;"0.051";"Sensitivity | Current Policies | Removed CO2 price";"Electricity"
"OPEX";"Taxes";"ES";"Taxes, Fees, Levies and charges - MCS";"Rigid";"PROG";"EUR/kWh";2040;"0.027";"Sensitivity | Current Policies | Removed CO2 price";"Electricity"
"OPEX";"Taxes";"ES";"Taxes, Fees, Levies and charges - MCS";"Tractor-Trailer";"PROG";"EUR/kWh";2040;"0.027";"Sensitivity | Current Policies | Removed CO2 price";"Electricity"
"OPEX";"Taxes";"FR";"Taxes, Fees, Levies and charges - MCS";"Rigid";"PROG";"EUR/kWh";2040;"0.024";"Sensitivity | Current Policies | Removed CO2 price";"Electricity"
"OPEX";"Taxes";"FR";"Taxes, Fees, Levies and charges - MCS";"Tractor-Trailer";"PROG";"EUR/kWh";2040;"0.024";"Sensitivity | Current Policies | Removed CO2 price";"Electricity"
"OPEX";"Taxes";"IT";"Taxes, Fees, Levies and charges - MCS";"Rigid";"PROG";"EUR/kWh";2040;"0.042";"Sensitivity | Current Policies | Removed CO2 price";"Electricity"
"OPEX";"Taxes";"IT";"Taxes, Fees, Levies and charges - MCS";"Tractor-Trailer";"PROG";"EUR/kWh";2040;"0.042";"Sensitivity | Current Policies | Removed CO2 price";"Electricity"
"OPEX";"Taxes";"NL";"Taxes, Fees, Levies and charges - MCS";"Rigid";"PROG";"EUR/kWh";2040;"0.037";"Sensitivity | Current Policies | Removed CO2 price";"Electricity"
"OPEX";"Taxes";"NL";"Taxes, Fees, Levies and charges - MCS";"Tractor-Trailer";"PROG";"EUR/kWh";2040;"0.037";"Sensitivity | Current Policies | Removed CO2 price";"Electricity"
"OPEX";"Taxes";"PL";"Taxes, Fees, Levies and charges - MCS";"Rigid";"PROG";"EUR/kWh";2040;"0.046";"Sensitivity | Current Policies | Removed CO2 price";"Electricity"
"OPEX";"Taxes";"PL";"Taxes, Fees, Levies and charges - MCS";"Tractor-Trailer";"PROG";"EUR/kWh";2040;"0.046";"Sensitivity | Current Policies | Removed CO2 price";"Electricity"
"OPEX";"Taxes";"UK";"Taxes, Fees, Levies and charges - MCS";"Rigid";"PROG";"EUR/kWh";2040;"0.074";"Sensitivity | Current Policies | Removed CO2 price";"Electricity"
"OPEX";"Taxes";"UK";"Taxes, Fees, Levies and charges - MCS";"Tractor-Trailer";"PROG";"EUR/kWh";2040;"0.074";"Sensitivity | Current Policies | Removed CO2 price";"Electricity"
"OPEX";"Taxes";"DE";"Network Costs - Depot";"Rigid";"PROG";"EUR/kWh";2040;"0.034";"Sensitivity | Current Policies | Removed CO2 price";"Electricity"
"OPEX";"Taxes";"DE";"Network Costs - Depot";"Tractor-Trailer";"PROG";"EUR/kWh";2040;"0.034";"Sensitivity | Current Policies | Removed CO2 price";"Electricity"
"OPEX";"Taxes";"ES";"Network Costs - Depot";"Rigid";"PROG";"EUR/kWh";2040;"0.018";"Sensitivity | Current Policies | Removed CO2 price";"Electricity"
"OPEX";"Taxes";"ES";"Network Costs - Depot";"Tractor-Trailer";"PROG";"EUR/kWh";2040;"0.018";"Sensitivity | Current Policies | Removed CO2 price";"Electricity"
"OPEX";"Taxes";"FR";"Network Costs - Depot";"Rigid";"PROG";"EUR/kWh";2040;"0.018";"Sensitivity | Current Policies | Removed CO2 price";"Electricity"
"OPEX";"Taxes";"FR";"Network Costs - Depot";"Tractor-Trailer";"PROG";"EUR/kWh";2040;"0.018";"Sensitivity | Current Policies | Removed CO2 price";"Electricity"
"OPEX";"Taxes";"IT";"Network Costs - Depot";"Rigid";"PROG";"EUR/kWh";2040;"0.016";"Sensitivity | Current Policies | Removed CO2 price";"Electricity"
"OPEX";"Taxes";"IT";"Network Costs - Depot";"Tractor-Trailer";"PROG";"EUR/kWh";2040;"0.016";"Sensitivity | Current Policies | Removed CO2 price";"Electricity"
"OPEX";"Taxes";"NL";"Network Costs - Depot";"Rigid";"PROG";"EUR/kWh";2040;"0.016";"Sensitivity | Current Policies | Removed CO2 price";"Electricity"
"OPEX";"Taxes";"NL";"Network Costs - Depot";"Tractor-Trailer";"PROG";"EUR/kWh";2040;"0.016";"Sensitivity | Current Policies | Removed CO2 price";"Electricity"
"OPEX";"Taxes";"PL";"Network Costs - Depot";"Rigid";"PROG";"EUR/kWh";2040;"0.019";"Sensitivity | Current Policies | Removed CO2 price";"Electricity"
"OPEX";"Taxes";"PL";"Network Costs - Depot";"Tractor-Trailer";"PROG";"EUR/kWh";2040;"0.019";"Sensitivity | Current Policies | Removed CO2 price";"Electricity"
"OPEX";"Taxes";"UK";"Network Costs - Depot";"Rigid";"PROG";"EUR/kWh";2040;"0.027";"Sensitivity | Current Policies | Removed CO2 price";"Electricity"
"OPEX";"Taxes";"UK";"Network Costs - Depot";"Tractor-Trailer";"PROG";"EUR/kWh";2040;"0.027";"Sensitivity | Current Policies | Removed CO2 price";"Electricity"
"OPEX";"Taxes";"DE";"Taxes, Fees, Levies and charges - Depot";"Rigid";"PROG";"EUR/kWh";2040;"0.056";"Sensitivity | Current Policies | Removed CO2 price";"Electricity"
"OPEX";"Taxes";"DE";"Taxes, Fees, Levies and charges - Depot";"Tractor-Trailer";"PROG";"EUR/kWh";2040;"0.056";"Sensitivity | Current Policies | Removed CO2 price";"Electricity"
"OPEX";"Taxes";"ES";"Taxes, Fees, Levies and charges - Depot";"Rigid";"PROG";"EUR/kWh";2040;"0.036";"Sensitivity | Current Policies | Removed CO2 price";"Electricity"
"OPEX";"Taxes";"ES";"Taxes, Fees, Levies and charges - Depot";"Tractor-Trailer";"PROG";"EUR/kWh";2040;"0.036";"Sensitivity | Current Policies | Removed CO2 price";"Electricity"
"OPEX";"Taxes";"FR";"Taxes, Fees, Levies and charges - Depot";"Rigid";"PROG";"EUR/kWh";2040;"0.03";"Sensitivity | Current Policies | Removed CO2 price";"Electricity"
"OPEX";"Taxes";"FR";"Taxes, Fees, Levies and charges - Depot";"Tractor-Trailer";"PROG";"EUR/kWh";2040;"0.03";"Sensitivity | Current Policies | Removed CO2 price";"Electricity"
"OPEX";"Taxes";"IT";"Taxes, Fees, Levies and charges - Depot";"Rigid";"PROG";"EUR/kWh";2040;"0.063";"Sensitivity | Current Policies | Removed CO2 price";"Electricity"
"OPEX";"Taxes";"IT";"Taxes, Fees, Levies and charges - Depot";"Tractor-Trailer";"PROG";"EUR/kWh";2040;"0.063";"Sensitivity | Current Policies | Removed CO2 price";"Electricity"
"OPEX";"Taxes";"NL";"Taxes, Fees, Levies and charges - Depot";"Rigid";"PROG";"EUR/kWh";2040;"0.055";"Sensitivity | Current Policies | Removed CO2 price";"Electricity"
"OPEX";"Taxes";"NL";"Taxes, Fees, Levies and charges - Depot";"Tractor-Trailer";"PROG";"EUR/kWh";2040;"0.055";"Sensitivity | Current Policies | Removed CO2 price";"Electricity"
"OPEX";"Taxes";"PL";"Taxes, Fees, Levies and charges - Depot";"Rigid";"PROG";"EUR/kWh";2040;"0.049";"Sensitivity | Current Policies | Removed CO2 price";"Electricity"
"OPEX";"Taxes";"PL";"Taxes, Fees, Levies and charges - Depot";"Tractor-Trailer";"PROG";"EUR/kWh";2040;"0.049";"Sensitivity | Current Policies | Removed CO2 price";"Electricity"
"OPEX";"Taxes";"UK";"Taxes, Fees, Levies and charges - Depot";"Rigid";"PROG";"EUR/kWh";2040;"0.077";"Sensitivity | Current Policies | Removed CO2 price";"Electricity"
"OPEX";"Taxes";"UK";"Taxes, Fees, Levies and charges - Depot";"Tractor-Trailer";"PROG";"EUR/kWh";2040;"0.077";"Sensitivity | Current Policies | Removed CO2 price";"Electricity"
"OPEX";"H2 Infrastructure";"DE";"HRS costs";"Rigid";"PROG";"EUR/kg H2";2040;"0.7";"Sensitivity | Current Policies | Removed CO2 price";"Hydrogen"
"OPEX";"H2 Infrastructure";"DE";"HRS costs";"Tractor-Trailer";"PROG";"EUR/kg H2";2040;"0.7";"Sensitivity | Current Policies | Removed CO2 price";"Hydrogen"
"OPEX";"H2 Infrastructure";"ES";"HRS costs";"Rigid";"PROG";"EUR/kg H2";2040;"0.7";"Sensitivity | Current Policies | Removed CO2 price";"Hydrogen"
"OPEX";"H2 Infrastructure";"ES";"HRS costs";"Tractor-Trailer";"PROG";"EUR/kg H2";2040;"0.7";"Sensitivity | Current Policies | Removed CO2 price";"Hydrogen"
"OPEX";"H2 Infrastructure";"FR";"HRS costs";"Rigid";"PROG";"EUR/kg H2";2040;"0.7";"Sensitivity | Current Policies | Removed CO2 price";"Hydrogen"
"OPEX";"H2 Infrastructure";"FR";"HRS costs";"Tractor-Trailer";"PROG";"EUR/kg H2";2040;"0.7";"Sensitivity | Current Policies | Removed CO2 price";"Hydrogen"
"OPEX";"H2 Infrastructure";"IT";"HRS costs";"Rigid";"PROG";"EUR/kg H2";2040;"0.7";"Sensitivity | Current Policies | Removed CO2 price";"Hydrogen"
"OPEX";"H2 Infrastructure";"IT";"HRS costs";"Tractor-Trailer";"PROG";"EUR/kg H2";2040;"0.7";"Sensitivity | Current Policies | Removed CO2 price";"Hydrogen"
"OPEX";"H2 Infrastructure";"NL";"HRS costs";"Rigid";"PROG";"EUR/kg H2";2040;"0.7";"Sensitivity | Current Policies | Removed CO2 price";"Hydrogen"
"OPEX";"H2 Infrastructure";"NL";"HRS costs";"Tractor-Trailer";"PROG";"EUR/kg H2";2040;"0.7";"Sensitivity | Current Policies | Removed CO2 price";"Hydrogen"
"OPEX";"H2 Infrastructure";"PL";"HRS costs";"Rigid";"PROG";"EUR/kg H2";2040;"0.7";"Sensitivity | Current Policies | Removed CO2 price";"Hydrogen"
"OPEX";"H2 Infrastructure";"PL";"HRS costs";"Tractor-Trailer";"PROG";"EUR/kg H2";2040;"0.7";"Sensitivity | Current Policies | Removed CO2 price";"Hydrogen"
"OPEX";"H2 Infrastructure";"UK";"HRS costs";"Rigid";"PROG";"EUR/kg H2";2040;"0.7";"Sensitivity | Current Policies | Removed CO2 price";"Hydrogen"
"OPEX";"H2 Infrastructure";"UK";"HRS costs";"Tractor-Trailer";"PROG";"EUR/kg H2";2040;"0.7";"Sensitivity | Current Policies | Removed CO2 price";"Hydrogen"
"OPEX";"H2 Infrastructure";"DE";"H2 transport and distribution";"Rigid";"PROG";"EUR/kg H2";2040;"0.667";"Sensitivity | Current Policies | Removed CO2 price";"Hydrogen"
"OPEX";"H2 Infrastructure";"DE";"H2 transport and distribution";"Tractor-Trailer";"PROG";"EUR/kg H2";2040;"0.667";"Sensitivity | Current Policies | Removed CO2 price";"Hydrogen"
"OPEX";"H2 Infrastructure";"ES";"H2 transport and distribution";"Rigid";"PROG";"EUR/kg H2";2040;"0.667";"Sensitivity | Current Policies | Removed CO2 price";"Hydrogen"
"OPEX";"H2 Infrastructure";"ES";"H2 transport and distribution";"Tractor-Trailer";"PROG";"EUR/kg H2";2040;"0.667";"Sensitivity | Current Policies | Removed CO2 price";"Hydrogen"
"OPEX";"H2 Infrastructure";"FR";"H2 transport and distribution";"Rigid";"PROG";"EUR/kg H2";2040;"0.667";"Sensitivity | Current Policies | Removed CO2 price";"Hydrogen"
"OPEX";"H2 Infrastructure";"FR";"H2 transport and distribution";"Tractor-Trailer";"PROG";"EUR/kg H2";2040;"0.667";"Sensitivity | Current Policies | Removed CO2 price";"Hydrogen"
"OPEX";"H2 Infrastructure";"IT";"H2 transport and distribution";"Rigid";"PROG";"EUR/kg H2";2040;"0.667";"Sensitivity | Current Policies | Removed CO2 price";"Hydrogen"
"OPEX";"H2 Infrastructure";"IT";"H2 transport and distribution";"Tractor-Trailer";"PROG";"EUR/kg H2";2040;"0.667";"Sensitivity | Current Policies | Removed CO2 price";"Hydrogen"
"OPEX";"H2 Infrastructure";"NL";"H2 transport and distribution";"Rigid";"PROG";"EUR/kg H2";2040;"0.667";"Sensitivity | Current Policies | Removed CO2 price";"Hydrogen"
"OPEX";"H2 Infrastructure";"NL";"H2 transport and distribution";"Tractor-Trailer";"PROG";"EUR/kg H2";2040;"0.667";"Sensitivity | Current Policies | Removed CO2 price";"Hydrogen"
"OPEX";"H2 Infrastructure";"PL";"H2 transport and distribution";"Rigid";"PROG";"EUR/kg H2";2040;"0.667";"Sensitivity | Current Policies | Removed CO2 price";"Hydrogen"
"OPEX";"H2 Infrastructure";"PL";"H2 transport and distribution";"Tractor-Trailer";"PROG";"EUR/kg H2";2040;"0.667";"Sensitivity | Current Policies | Removed CO2 price";"Hydrogen"
"OPEX";"H2 Infrastructure";"UK";"H2 transport and distribution";"Rigid";"PROG";"EUR/kg H2";2040;"0.667";"Sensitivity | Current Policies | Removed CO2 price";"Hydrogen"
"OPEX";"H2 Infrastructure";"UK";"H2 transport and distribution";"Tractor-Trailer";"PROG";"EUR/kg H2";2040;"0.667";"Sensitivity | Current Policies | Removed CO2 price";"Hydrogen"
"OPEX";"H2 Infrastructure";"DE";"HRS Overhead, Profit and Mark-Up";"Rigid";"PROG";"EUR/kg H2";2040;"0.25";"Sensitivity | Current Policies | Removed CO2 price";"Hydrogen"
"OPEX";"H2 Infrastructure";"DE";"HRS Overhead, Profit and Mark-Up";"Tractor-Trailer";"PROG";"EUR/kg H2";2040;"0.25";"Sensitivity | Current Policies | Removed CO2 price";"Hydrogen"
"OPEX";"H2 Infrastructure";"ES";"HRS Overhead, Profit and Mark-Up";"Rigid";"PROG";"EUR/kg H2";2040;"0.25";"Sensitivity | Current Policies | Removed CO2 price";"Hydrogen"
"OPEX";"H2 Infrastructure";"ES";"HRS Overhead, Profit and Mark-Up";"Tractor-Trailer";"PROG";"EUR/kg H2";2040;"0.25";"Sensitivity | Current Policies | Removed CO2 price";"Hydrogen"
"OPEX";"H2 Infrastructure";"FR";"HRS Overhead, Profit and Mark-Up";"Rigid";"PROG";"EUR/kg H2";2040;"0.25";"Sensitivity | Current Policies | Removed CO2 price";"Hydrogen"
"OPEX";"H2 Infrastructure";"FR";"HRS Overhead, Profit and Mark-Up";"Tractor-Trailer";"PROG";"EUR/kg H2";2040;"0.25";"Sensitivity | Current Policies | Removed CO2 price";"Hydrogen"
"OPEX";"H2 Infrastructure";"IT";"HRS Overhead, Profit and Mark-Up";"Rigid";"PROG";"EUR/kg H2";2040;"0.25";"Sensitivity | Current Policies | Removed CO2 price";"Hydrogen"
"OPEX";"H2 Infrastructure";"IT";"HRS Overhead, Profit and Mark-Up";"Tractor-Trailer";"PROG";"EUR/kg H2";2040;"0.25";"Sensitivity | Current Policies | Removed CO2 price";"Hydrogen"
"OPEX";"H2 Infrastructure";"NL";"HRS Overhead, Profit and Mark-Up";"Rigid";"PROG";"EUR/kg H2";2040;"0.25";"Sensitivity | Current Policies | Removed CO2 price";"Hydrogen"
"OPEX";"H2 Infrastructure";"NL";"HRS Overhead, Profit and Mark-Up";"Tractor-Trailer";"PROG";"EUR/kg H2";2040;"0.25";"Sensitivity | Current Policies | Removed CO2 price";"Hydrogen"
"OPEX";"H2 Infrastructure";"PL";"HRS Overhead, Profit and Mark-Up";"Rigid";"PROG";"EUR/kg H2";2040;"0.25";"Sensitivity | Current Policies | Removed CO2 price";"Hydrogen"
"OPEX";"H2 Infrastructure";"PL";"HRS Overhead, Profit and Mark-Up";"Tractor-Trailer";"PROG";"EUR/kg H2";2040;"0.25";"Sensitivity | Current Policies | Removed CO2 price";"Hydrogen"
"OPEX";"H2 Infrastructure";"UK";"HRS Overhead, Profit and Mark-Up";"Rigid";"PROG";"EUR/kg H2";2040;"0.25";"Sensitivity | Current Policies | Removed CO2 price";"Hydrogen"
"OPEX";"H2 Infrastructure";"UK";"HRS Overhead, Profit and Mark-Up";"Tractor-Trailer";"PROG";"EUR/kg H2";2040;"0.25";"Sensitivity | Current Policies | Removed CO2 price";"Hydrogen"
"OPEX";"Charging Infrastructure";"DE";"MCS Station (Public Charging) - Incl. Overhead";"Rigid";"PROG";"EUR/kWh";2040;"0.02";"Sensitivity | Current Policies | Removed CO2 price";"Electricity"
"OPEX";"Charging Infrastructure";"DE";"MCS Station (Public Charging) - Incl. Overhead";"Tractor-Trailer";"PROG";"EUR/kWh";2040;"0.02";"Sensitivity | Current Policies | Removed CO2 price";"Electricity"
"OPEX";"Charging Infrastructure";"ES";"MCS Station (Public Charging) - Incl. Overhead";"Rigid";"PROG";"EUR/kWh";2040;"0.02";"Sensitivity | Current Policies | Removed CO2 price";"Electricity"
"OPEX";"Charging Infrastructure";"ES";"MCS Station (Public Charging) - Incl. Overhead";"Tractor-Trailer";"PROG";"EUR/kWh";2040;"0.02";"Sensitivity | Current Policies | Removed CO2 price";"Electricity"
"OPEX";"Charging Infrastructure";"FR";"MCS Station (Public Charging) - Incl. Overhead";"Rigid";"PROG";"EUR/kWh";2040;"0.02";"Sensitivity | Current Policies | Removed CO2 price";"Electricity"
"OPEX";"Charging Infrastructure";"FR";"MCS Station (Public Charging) - Incl. Overhead";"Tractor-Trailer";"PROG";"EUR/kWh";2040;"0.02";"Sensitivity | Current Policies | Removed CO2 price";"Electricity"
"OPEX";"Charging Infrastructure";"IT";"MCS Station (Public Charging) - Incl. Overhead";"Rigid";"PROG";"EUR/kWh";2040;"0.02";"Sensitivity | Current Policies | Removed CO2 price";"Electricity"
"OPEX";"Charging Infrastructure";"IT";"MCS Station (Public Charging) - Incl. Overhead";"Tractor-Trailer";"PROG";"EUR/kWh";2040;"0.02";"Sensitivity | Current Policies | Removed CO2 price";"Electricity"
"OPEX";"Charging Infrastructure";"NL";"MCS Station (Public Charging) - Incl. Overhead";"Rigid";"PROG";"EUR/kWh";2040;"0.02";"Sensitivity | Current Policies | Removed CO2 price";"Electricity"
"OPEX";"Charging Infrastructure";"NL";"MCS Station (Public Charging) - Incl. Overhead";"Tractor-Trailer";"PROG";"EUR/kWh";2040;"0.02";"Sensitivity | Current Policies | Removed CO2 price";"Electricity"
"OPEX";"Charging Infrastructure";"PL";"MCS Station (Public Charging) - Incl. Overhead";"Rigid";"PROG";"EUR/kWh";2040;"0.02";"Sensitivity | Current Policies | Removed CO2 price";"Electricity"
"OPEX";"Charging Infrastructure";"PL";"MCS Station (Public Charging) - Incl. Overhead";"Tractor-Trailer";"PROG";"EUR/kWh";2040;"0.02";"Sensitivity | Current Policies | Removed CO2 price";"Electricity"
"OPEX";"Charging Infrastructure";"UK";"MCS Station (Public Charging) - Incl. Overhead";"Rigid";"PROG";"EUR/kWh";2040;"0.02";"Sensitivity | Current Policies | Removed CO2 price";"Electricity"
"OPEX";"Charging Infrastructure";"UK";"MCS Station (Public Charging) - Incl. Overhead";"Tractor-Trailer";"PROG";"EUR/kWh";2040;"0.02";"Sensitivity | Current Policies | Removed CO2 price";"Electricity"
"OPEX";"Charging Infrastructure";"DE";"Share MCS-Charging";"Rigid";"PROG";"%";2040;"0.2";"Sensitivity | Current Policies | Removed CO2 price";"Electricity"
"OPEX";"Charging Infrastructure";"DE";"Share MCS-Charging";"Tractor-Trailer";"PROG";"%";2040;"0.2";"Sensitivity | Current Policies | Removed CO2 price";"Electricity"
"OPEX";"Charging Infrastructure";"ES";"Share MCS-Charging";"Rigid";"PROG";"%";2040;"0.2";"Sensitivity | Current Policies | Removed CO2 price";"Electricity"
"OPEX";"Charging Infrastructure";"ES";"Share MCS-Charging";"Tractor-Trailer";"PROG";"%";2040;"0.2";"Sensitivity | Current Policies | Removed CO2 price";"Electricity"
"OPEX";"Charging Infrastructure";"FR";"Share MCS-Charging";"Rigid";"PROG";"%";2040;"0.2";"Sensitivity | Current Policies | Removed CO2 price";"Electricity"
"OPEX";"Charging Infrastructure";"FR";"Share MCS-Charging";"Tractor-Trailer";"PROG";"%";2040;"0.2";"Sensitivity | Current Policies | Removed CO2 price";"Electricity"
"OPEX";"Charging Infrastructure";"IT";"Share MCS-Charging";"Rigid";"PROG";"%";2040;"0.2";"Sensitivity | Current Policies | Removed CO2 price";"Electricity"
"OPEX";"Charging Infrastructure";"IT";"Share MCS-Charging";"Tractor-Trailer";"PROG";"%";2040;"0.2";"Sensitivity | Current Policies | Removed CO2 price";"Electricity"
"OPEX";"Charging Infrastructure";"NL";"Share MCS-Charging";"Rigid";"PROG";"%";2040;"0.2";"Sensitivity | Current Policies | Removed CO2 price";"Electricity"
"OPEX";"Charging Infrastructure";"NL";"Share MCS-Charging";"Tractor-Trailer";"PROG";"%";2040;"0.2";"Sensitivity | Current Policies | Removed CO2 price";"Electricity"
"OPEX";"Charging Infrastructure";"PL";"Share MCS-Charging";"Rigid";"PROG";"%";2040;"0.2";"Sensitivity | Current Policies | Removed CO2 price";"Electricity"
"OPEX";"Charging Infrastructure";"PL";"Share MCS-Charging";"Tractor-Trailer";"PROG";"%";2040;"0.2";"Sensitivity | Current Policies | Removed CO2 price";"Electricity"
"OPEX";"Charging Infrastructure";"UK";"Share MCS-Charging";"Rigid";"PROG";"%";2040;"0.2";"Sensitivity | Current Policies | Removed CO2 price";"Electricity"
"OPEX";"Charging Infrastructure";"UK";"Share MCS-Charging";"Tractor-Trailer";"PROG";"%";2040;"0.2";"Sensitivity | Current Policies | Removed CO2 price";"Electricity"
"OPEX";"Charging Infrastructure";"DE";"Depot - Network fees savings potential";"Rigid";"PROG";"EUR/kWh";2040;"-0.01";"Sensitivity | Current Policies | Removed CO2 price";"Electricity"
"OPEX";"Charging Infrastructure";"DE";"Depot - Network fees savings potential";"Tractor-Trailer";"PROG";"EUR/kWh";2040;"-0.01";"Sensitivity | Current Policies | Removed CO2 price";"Electricity"
"OPEX";"Charging Infrastructure";"ES";"Depot - Network fees savings potential";"Rigid";"PROG";"EUR/kWh";2040;"-0.01";"Sensitivity | Current Policies | Removed CO2 price";"Electricity"
"OPEX";"Charging Infrastructure";"ES";"Depot - Network fees savings potential";"Tractor-Trailer";"PROG";"EUR/kWh";2040;"-0.01";"Sensitivity | Current Policies | Removed CO2 price";"Electricity"
"OPEX";"Charging Infrastructure";"FR";"Depot - Network fees savings potential";"Rigid";"PROG";"EUR/kWh";2040;"-0.01";"Sensitivity | Current Policies | Removed CO2 price";"Electricity"
"OPEX";"Charging Infrastructure";"FR";"Depot - Network fees savings potential";"Tractor-Trailer";"PROG";"EUR/kWh";2040;"-0.01";"Sensitivity | Current Policies | Removed CO2 price";"Electricity"
"OPEX";"Charging Infrastructure";"IT";"Depot - Network fees savings potential";"Rigid";"PROG";"EUR/kWh";2040;"-0.01";"Sensitivity | Current Policies | Removed CO2 price";"Electricity"
"OPEX";"Charging Infrastructure";"IT";"Depot - Network fees savings potential";"Tractor-Trailer";"PROG";"EUR/kWh";2040;"-0.01";"Sensitivity | Current Policies | Removed CO2 price";"Electricity"
"OPEX";"Charging Infrastructure";"NL";"Depot - Network fees savings potential";"Rigid";"PROG";"EUR/kWh";2040;"-0.01";"Sensitivity | Current Policies | Removed CO2 price";"Electricity"
"OPEX";"Charging Infrastructure";"NL";"Depot - Network fees savings potential";"Tractor-Trailer";"PROG";"EUR/kWh";2040;"-0.01";"Sensitivity | Current Policies | Removed CO2 price";"Electricity"
"OPEX";"Charging Infrastructure";"PL";"Depot - Network fees savings potential";"Rigid";"PROG";"EUR/kWh";2040;"-0.01";"Sensitivity | Current Policies | Removed CO2 price";"Electricity"
"OPEX";"Charging Infrastructure";"PL";"Depot - Network fees savings potential";"Tractor-Trailer";"PROG";"EUR/kWh";2040;"-0.01";"Sensitivity | Current Policies | Removed CO2 price";"Electricity"
"OPEX";"Charging Infrastructure";"UK";"Depot - Network fees savings potential";"Rigid";"PROG";"EUR/kWh";2040;"-0.01";"Sensitivity | Current Policies | Removed CO2 price";"Electricity"
"OPEX";"Charging Infrastructure";"UK";"Depot - Network fees savings potential";"Tractor-Trailer";"PROG";"EUR/kWh";2040;"-0.01";"Sensitivity | Current Policies | Removed CO2 price";"Electricity"
"OPEX";"Taxes";"DE";"Tax reduction";"Rigid";"PROG";"%";2040;"0";"Sensitivity | Current Policies | Removed CO2 price";"Hydrogen"
"OPEX";"Taxes";"DE";"Tax reduction";"Tractor-Trailer";"PROG";"%";2040;"0";"Sensitivity | Current Policies | Removed CO2 price";"Hydrogen"
"OPEX";"Taxes";"ES";"Tax reduction";"Rigid";"PROG";"%";2040;"0";"Sensitivity | Current Policies | Removed CO2 price";"Hydrogen"
"OPEX";"Taxes";"ES";"Tax reduction";"Tractor-Trailer";"PROG";"%";2040;"0";"Sensitivity | Current Policies | Removed CO2 price";"Hydrogen"
"OPEX";"Taxes";"FR";"Tax reduction";"Rigid";"PROG";"%";2040;"0";"Sensitivity | Current Policies | Removed CO2 price";"Hydrogen"
"OPEX";"Taxes";"FR";"Tax reduction";"Tractor-Trailer";"PROG";"%";2040;"0";"Sensitivity | Current Policies | Removed CO2 price";"Hydrogen"
"OPEX";"Taxes";"IT";"Tax reduction";"Rigid";"PROG";"%";2040;"0";"Sensitivity | Current Policies | Removed CO2 price";"Hydrogen"
"OPEX";"Taxes";"IT";"Tax reduction";"Tractor-Trailer";"PROG";"%";2040;"0";"Sensitivity | Current Policies | Removed CO2 price";"Hydrogen"
"OPEX";"Taxes";"NL";"Tax reduction";"Rigid";"PROG";"%";2040;"0";"Sensitivity | Current Policies | Removed CO2 price";"Hydrogen"
"OPEX";"Taxes";"NL";"Tax reduction";"Tractor-Trailer";"PROG";"%";2040;"0";"Sensitivity | Current Policies | Removed CO2 price";"Hydrogen"
"OPEX";"Taxes";"PL";"Tax reduction";"Rigid";"PROG";"%";2040;"0";"Sensitivity | Current Policies | Removed CO2 price";"Hydrogen"
"OPEX";"Taxes";"PL";"Tax reduction";"Tractor-Trailer";"PROG";"%";2040;"0";"Sensitivity | Current Policies | Removed CO2 price";"Hydrogen"
"OPEX";"Taxes";"UK";"Tax reduction";"Rigid";"PROG";"%";2040;"0";"Sensitivity | Current Policies | Removed CO2 price";"Hydrogen"
"OPEX";"Taxes";"UK";"Tax reduction";"Tractor-Trailer";"PROG";"%";2040;"0";"Sensitivity | Current Policies | Removed CO2 price";"Hydrogen"
"OPEX";"Taxes";"DE";"Excise Duty - Diesel";"Rigid";"BAU";"EUR/kWh";2040;"0.047";"Sensitivity | Current Policies | Removed CO2 price";"Diesel"
"OPEX";"Taxes";"DE";"Excise Duty - Diesel";"Tractor-Trailer";"BAU";"EUR/kWh";2040;"0.047";"Sensitivity | Current Policies | Removed CO2 price";"Diesel"
"OPEX";"Taxes";"DE";"Excise Duty - Diesel";"Rigid";"PROG";"EUR/kWh";2040;"0.047";"Sensitivity | Current Policies | Removed CO2 price";"Diesel"
"OPEX";"Taxes";"DE";"Excise Duty - Diesel";"Tractor-Trailer";"PROG";"EUR/kWh";2040;"0.047";"Sensitivity | Current Policies | Removed CO2 price";"Diesel"
"OPEX";"Taxes";"ES";"Excise Duty - Diesel";"Rigid";"BAU";"EUR/kWh";2040;"0.038";"Sensitivity | Current Policies | Removed CO2 price";"Diesel"
"OPEX";"Taxes";"ES";"Excise Duty - Diesel";"Tractor-Trailer";"BAU";"EUR/kWh";2040;"0.038";"Sensitivity | Current Policies | Removed CO2 price";"Diesel"
"OPEX";"Taxes";"ES";"Excise Duty - Diesel";"Rigid";"PROG";"EUR/kWh";2040;"0.038";"Sensitivity | Current Policies | Removed CO2 price";"Diesel"
"OPEX";"Taxes";"ES";"Excise Duty - Diesel";"Tractor-Trailer";"PROG";"EUR/kWh";2040;"0.038";"Sensitivity | Current Policies | Removed CO2 price";"Diesel"
"OPEX";"Taxes";"FR";"Excise Duty - Diesel";"Rigid";"BAU";"EUR/kWh";2040;"0.06";"Sensitivity | Current Policies | Removed CO2 price";"Diesel"
"OPEX";"Taxes";"FR";"Excise Duty - Diesel";"Tractor-Trailer";"BAU";"EUR/kWh";2040;"0.06";"Sensitivity | Current Policies | Removed CO2 price";"Diesel"
"OPEX";"Taxes";"FR";"Excise Duty - Diesel";"Rigid";"PROG";"EUR/kWh";2040;"0.06";"Sensitivity | Current Policies | Removed CO2 price";"Diesel"
"OPEX";"Taxes";"FR";"Excise Duty - Diesel";"Tractor-Trailer";"PROG";"EUR/kWh";2040;"0.06";"Sensitivity | Current Policies | Removed CO2 price";"Diesel"
"OPEX";"Taxes";"IT";"Excise Duty - Diesel";"Rigid";"BAU";"EUR/kWh";2040;"0.062";"Sensitivity | Current Policies | Removed CO2 price";"Diesel"
"OPEX";"Taxes";"IT";"Excise Duty - Diesel";"Tractor-Trailer";"BAU";"EUR/kWh";2040;"0.062";"Sensitivity | Current Policies | Removed CO2 price";"Diesel"
"OPEX";"Taxes";"IT";"Excise Duty - Diesel";"Rigid";"PROG";"EUR/kWh";2040;"0.062";"Sensitivity | Current Policies | Removed CO2 price";"Diesel"
"OPEX";"Taxes";"IT";"Excise Duty - Diesel";"Tractor-Trailer";"PROG";"EUR/kWh";2040;"0.062";"Sensitivity | Current Policies | Removed CO2 price";"Diesel"
"OPEX";"Taxes";"NL";"Excise Duty - Diesel";"Rigid";"BAU";"EUR/kWh";2040;"0.053";"Sensitivity | Current Policies | Removed CO2 price";"Diesel"
"OPEX";"Taxes";"NL";"Excise Duty - Diesel";"Tractor-Trailer";"BAU";"EUR/kWh";2040;"0.053";"Sensitivity | Current Policies | Removed CO2 price";"Diesel"
"OPEX";"Taxes";"NL";"Excise Duty - Diesel";"Rigid";"PROG";"EUR/kWh";2040;"0.053";"Sensitivity | Current Policies | Removed CO2 price";"Diesel"
"OPEX";"Taxes";"NL";"Excise Duty - Diesel";"Tractor-Trailer";"PROG";"EUR/kWh";2040;"0.053";"Sensitivity | Current Policies | Removed CO2 price";"Diesel"
"OPEX";"Taxes";"PL";"Excise Duty - Diesel";"Rigid";"BAU";"EUR/kWh";2040;"0.033";"Sensitivity | Current Policies | Removed CO2 price";"Diesel"
"OPEX";"Taxes";"PL";"Excise Duty - Diesel";"Tractor-Trailer";"BAU";"EUR/kWh";2040;"0.033";"Sensitivity | Current Policies | Removed CO2 price";"Diesel"
"OPEX";"Taxes";"PL";"Excise Duty - Diesel";"Rigid";"PROG";"EUR/kWh";2040;"0.033";"Sensitivity | Current Policies | Removed CO2 price";"Diesel"
"OPEX";"Taxes";"PL";"Excise Duty - Diesel";"Tractor-Trailer";"PROG";"EUR/kWh";2040;"0.033";"Sensitivity | Current Policies | Removed CO2 price";"Diesel"
"OPEX";"Taxes";"UK";"Excise Duty - Diesel";"Rigid";"BAU";"EUR/kWh";2040;"0.053";"Sensitivity | Current Policies | Removed CO2 price";"Diesel"
"OPEX";"Taxes";"UK";"Excise Duty - Diesel";"Tractor-Trailer";"BAU";"EUR/kWh";2040;"0.053";"Sensitivity | Current Policies | Removed CO2 price";"Diesel"
"OPEX";"Taxes";"UK";"Excise Duty - Diesel";"Rigid";"PROG";"EUR/kWh";2040;"0.053";"Sensitivity | Current Policies | Removed CO2 price";"Diesel"
"OPEX";"Taxes";"UK";"Excise Duty - Diesel";"Tractor-Trailer";"PROG";"EUR/kWh";2040;"0.053";"Sensitivity | Current Policies | Removed CO2 price";"Diesel"
"OPEX";"Taxes";"DE";"Excise Duty - Reduction biodiesel";"Rigid";"BAU";"%";2040;"0.5";"Sensitivity | Current Policies | Removed CO2 price";"Diesel"
"OPEX";"Taxes";"DE";"Excise Duty - Reduction biodiesel";"Tractor-Trailer";"BAU";"%";2040;"0.5";"Sensitivity | Current Policies | Removed CO2 price";"Diesel"
"OPEX";"Taxes";"DE";"Excise Duty - Reduction biodiesel";"Rigid";"PROG";"%";2040;"0.5";"Sensitivity | Current Policies | Removed CO2 price";"Diesel"
"OPEX";"Taxes";"DE";"Excise Duty - Reduction biodiesel";"Tractor-Trailer";"PROG";"%";2040;"0.5";"Sensitivity | Current Policies | Removed CO2 price";"Diesel"
"OPEX";"Taxes";"ES";"Excise Duty - Reduction biodiesel";"Rigid";"BAU";"%";2040;"0.5";"Sensitivity | Current Policies | Removed CO2 price";"Diesel"
"OPEX";"Taxes";"ES";"Excise Duty - Reduction biodiesel";"Tractor-Trailer";"BAU";"%";2040;"0.5";"Sensitivity | Current Policies | Removed CO2 price";"Diesel"
"OPEX";"Taxes";"ES";"Excise Duty - Reduction biodiesel";"Rigid";"PROG";"%";2040;"0.5";"Sensitivity | Current Policies | Removed CO2 price";"Diesel"
"OPEX";"Taxes";"ES";"Excise Duty - Reduction biodiesel";"Tractor-Trailer";"PROG";"%";2040;"0.5";"Sensitivity | Current Policies | Removed CO2 price";"Diesel"
"OPEX";"Taxes";"FR";"Excise Duty - Reduction biodiesel";"Rigid";"BAU";"%";2040;"0.5";"Sensitivity | Current Policies | Removed CO2 price";"Diesel"
"OPEX";"Taxes";"FR";"Excise Duty - Reduction biodiesel";"Tractor-Trailer";"BAU";"%";2040;"0.5";"Sensitivity | Current Policies | Removed CO2 price";"Diesel"
"OPEX";"Taxes";"FR";"Excise Duty - Reduction biodiesel";"Rigid";"PROG";"%";2040;"0.5";"Sensitivity | Current Policies | Removed CO2 price";"Diesel"
"OPEX";"Taxes";"FR";"Excise Duty - Reduction biodiesel";"Tractor-Trailer";"PROG";"%";2040;"0.5";"Sensitivity | Current Policies | Removed CO2 price";"Diesel"
"OPEX";"Taxes";"IT";"Excise Duty - Reduction biodiesel";"Rigid";"BAU";"%";2040;"0.5";"Sensitivity | Current Policies | Removed CO2 price";"Diesel"
"OPEX";"Taxes";"IT";"Excise Duty - Reduction biodiesel";"Tractor-Trailer";"BAU";"%";2040;"0.5";"Sensitivity | Current Policies | Removed CO2 price";"Diesel"
"OPEX";"Taxes";"IT";"Excise Duty - Reduction biodiesel";"Rigid";"PROG";"%";2040;"0.5";"Sensitivity | Current Policies | Removed CO2 price";"Diesel"
"OPEX";"Taxes";"IT";"Excise Duty - Reduction biodiesel";"Tractor-Trailer";"PROG";"%";2040;"0.5";"Sensitivity | Current Policies | Removed CO2 price";"Diesel"
"OPEX";"Taxes";"NL";"Excise Duty - Reduction biodiesel";"Rigid";"BAU";"%";2040;"0.5";"Sensitivity | Current Policies | Removed CO2 price";"Diesel"
"OPEX";"Taxes";"NL";"Excise Duty - Reduction biodiesel";"Tractor-Trailer";"BAU";"%";2040;"0.5";"Sensitivity | Current Policies | Removed CO2 price";"Diesel"
"OPEX";"Taxes";"NL";"Excise Duty - Reduction biodiesel";"Rigid";"PROG";"%";2040;"0.5";"Sensitivity | Current Policies | Removed CO2 price";"Diesel"
"OPEX";"Taxes";"NL";"Excise Duty - Reduction biodiesel";"Tractor-Trailer";"PROG";"%";2040;"0.5";"Sensitivity | Current Policies | Removed CO2 price";"Diesel"
"OPEX";"Taxes";"PL";"Excise Duty - Reduction biodiesel";"Rigid";"BAU";"%";2040;"0.5";"Sensitivity | Current Policies | Removed CO2 price";"Diesel"
"OPEX";"Taxes";"PL";"Excise Duty - Reduction biodiesel";"Tractor-Trailer";"BAU";"%";2040;"0.5";"Sensitivity | Current Policies | Removed CO2 price";"Diesel"
"OPEX";"Taxes";"PL";"Excise Duty - Reduction biodiesel";"Rigid";"PROG";"%";2040;"0.5";"Sensitivity | Current Policies | Removed CO2 price";"Diesel"
"OPEX";"Taxes";"PL";"Excise Duty - Reduction biodiesel";"Tractor-Trailer";"PROG";"%";2040;"0.5";"Sensitivity | Current Policies | Removed CO2 price";"Diesel"
"OPEX";"Taxes";"UK";"Excise Duty - Reduction biodiesel";"Rigid";"BAU";"%";2040;"0.5";"Sensitivity | Current Policies | Removed CO2 price";"Diesel"
"OPEX";"Taxes";"UK";"Excise Duty - Reduction biodiesel";"Tractor-Trailer";"BAU";"%";2040;"0.5";"Sensitivity | Current Policies | Removed CO2 price";"Diesel"
"OPEX";"Taxes";"UK";"Excise Duty - Reduction biodiesel";"Rigid";"PROG";"%";2040;"0.5";"Sensitivity | Current Policies | Removed CO2 price";"Diesel"
"OPEX";"Taxes";"UK";"Excise Duty - Reduction biodiesel";"Tractor-Trailer";"PROG";"%";2040;"0.5";"Sensitivity | Current Policies | Removed CO2 price";"Diesel"
"OPEX";"Taxes";"DE";"Excise Duty - Reduction Synthetic Diesel (E-Fuels)";"Rigid";"BAU";"%";2040;"0.5";"Sensitivity | Current Policies | Removed CO2 price";"Diesel"
"OPEX";"Taxes";"DE";"Excise Duty - Reduction Synthetic Diesel (E-Fuels)";"Tractor-Trailer";"BAU";"%";2040;"0.5";"Sensitivity | Current Policies | Removed CO2 price";"Diesel"
"OPEX";"Taxes";"DE";"Excise Duty - Reduction Synthetic Diesel (E-Fuels)";"Rigid";"PROG";"%";2040;"0.5";"Sensitivity | Current Policies | Removed CO2 price";"Diesel"
"OPEX";"Taxes";"DE";"Excise Duty - Reduction Synthetic Diesel (E-Fuels)";"Tractor-Trailer";"PROG";"%";2040;"0.5";"Sensitivity | Current Policies | Removed CO2 price";"Diesel"
"OPEX";"Taxes";"ES";"Excise Duty - Reduction Synthetic Diesel (E-Fuels)";"Rigid";"BAU";"%";2040;"0.5";"Sensitivity | Current Policies | Removed CO2 price";"Diesel"
"OPEX";"Taxes";"ES";"Excise Duty - Reduction Synthetic Diesel (E-Fuels)";"Tractor-Trailer";"BAU";"%";2040;"0.5";"Sensitivity | Current Policies | Removed CO2 price";"Diesel"
"OPEX";"Taxes";"ES";"Excise Duty - Reduction Synthetic Diesel (E-Fuels)";"Rigid";"PROG";"%";2040;"0.5";"Sensitivity | Current Policies | Removed CO2 price";"Diesel"
"OPEX";"Taxes";"ES";"Excise Duty - Reduction Synthetic Diesel (E-Fuels)";"Tractor-Trailer";"PROG";"%";2040;"0.5";"Sensitivity | Current Policies | Removed CO2 price";"Diesel"
"OPEX";"Taxes";"FR";"Excise Duty - Reduction Synthetic Diesel (E-Fuels)";"Rigid";"BAU";"%";2040;"0.5";"Sensitivity | Current Policies | Removed CO2 price";"Diesel"
"OPEX";"Taxes";"FR";"Excise Duty - Reduction Synthetic Diesel (E-Fuels)";"Tractor-Trailer";"BAU";"%";2040;"0.5";"Sensitivity | Current Policies | Removed CO2 price";"Diesel"
"OPEX";"Taxes";"FR";"Excise Duty - Reduction Synthetic Diesel (E-Fuels)";"Rigid";"PROG";"%";2040;"0.5";"Sensitivity | Current Policies | Removed CO2 price";"Diesel"
"OPEX";"Taxes";"FR";"Excise Duty - Reduction Synthetic Diesel (E-Fuels)";"Tractor-Trailer";"PROG";"%";2040;"0.5";"Sensitivity | Current Policies | Removed CO2 price";"Diesel"
"OPEX";"Taxes";"IT";"Excise Duty - Reduction Synthetic Diesel (E-Fuels)";"Rigid";"BAU";"%";2040;"0.5";"Sensitivity | Current Policies | Removed CO2 price";"Diesel"
"OPEX";"Taxes";"IT";"Excise Duty - Reduction Synthetic Diesel (E-Fuels)";"Tractor-Trailer";"BAU";"%";2040;"0.5";"Sensitivity | Current Policies | Removed CO2 price";"Diesel"
"OPEX";"Taxes";"IT";"Excise Duty - Reduction Synthetic Diesel (E-Fuels)";"Rigid";"PROG";"%";2040;"0.5";"Sensitivity | Current Policies | Removed CO2 price";"Diesel"
"OPEX";"Taxes";"IT";"Excise Duty - Reduction Synthetic Diesel (E-Fuels)";"Tractor-Trailer";"PROG";"%";2040;"0.5";"Sensitivity | Current Policies | Removed CO2 price";"Diesel"
"OPEX";"Taxes";"NL";"Excise Duty - Reduction Synthetic Diesel (E-Fuels)";"Rigid";"BAU";"%";2040;"0.5";"Sensitivity | Current Policies | Removed CO2 price";"Diesel"
"OPEX";"Taxes";"NL";"Excise Duty - Reduction Synthetic Diesel (E-Fuels)";"Tractor-Trailer";"BAU";"%";2040;"0.5";"Sensitivity | Current Policies | Removed CO2 price";"Diesel"
"OPEX";"Taxes";"NL";"Excise Duty - Reduction Synthetic Diesel (E-Fuels)";"Rigid";"PROG";"%";2040;"0.5";"Sensitivity | Current Policies | Removed CO2 price";"Diesel"
"OPEX";"Taxes";"NL";"Excise Duty - Reduction Synthetic Diesel (E-Fuels)";"Tractor-Trailer";"PROG";"%";2040;"0.5";"Sensitivity | Current Policies | Removed CO2 price";"Diesel"
"OPEX";"Taxes";"PL";"Excise Duty - Reduction Synthetic Diesel (E-Fuels)";"Rigid";"BAU";"%";2040;"0.5";"Sensitivity | Current Policies | Removed CO2 price";"Diesel"
"OPEX";"Taxes";"PL";"Excise Duty - Reduction Synthetic Diesel (E-Fuels)";"Tractor-Trailer";"BAU";"%";2040;"0.5";"Sensitivity | Current Policies | Removed CO2 price";"Diesel"
"OPEX";"Taxes";"PL";"Excise Duty - Reduction Synthetic Diesel (E-Fuels)";"Rigid";"PROG";"%";2040;"0.5";"Sensitivity | Current Policies | Removed CO2 price";"Diesel"
"OPEX";"Taxes";"PL";"Excise Duty - Reduction Synthetic Diesel (E-Fuels)";"Tractor-Trailer";"PROG";"%";2040;"0.5";"Sensitivity | Current Policies | Removed CO2 price";"Diesel"
"OPEX";"Taxes";"UK";"Excise Duty - Reduction Synthetic Diesel (E-Fuels)";"Rigid";"BAU";"%";2040;"0.5";"Sensitivity | Current Policies | Removed CO2 price";"Diesel"
"OPEX";"Taxes";"UK";"Excise Duty - Reduction Synthetic Diesel (E-Fuels)";"Tractor-Trailer";"BAU";"%";2040;"0.5";"Sensitivity | Current Policies | Removed CO2 price";"Diesel"
"OPEX";"Taxes";"UK";"Excise Duty - Reduction Synthetic Diesel (E-Fuels)";"Rigid";"PROG";"%";2040;"0.5";"Sensitivity | Current Policies | Removed CO2 price";"Diesel"
"OPEX";"Taxes";"UK";"Excise Duty - Reduction Synthetic Diesel (E-Fuels)";"Tractor-Trailer";"PROG";"%";2040;"0.5";"Sensitivity | Current Policies | Removed CO2 price";"Diesel"
"OPEX";"Taxes";"DE";"Taxes, Fees, Levies and charges - H2";"Rigid";"BAU";"EUR/kWh";2040;"0.015";"Sensitivity | Current Policies | Removed CO2 price";"Hydrogen"
"OPEX";"Taxes";"DE";"Taxes, Fees, Levies and charges - H2";"Tractor-Trailer";"BAU";"EUR/kWh";2040;"0.015";"Sensitivity | Current Policies | Removed CO2 price";"Hydrogen"
"OPEX";"Taxes";"DE";"Taxes, Fees, Levies and charges - H2";"Rigid";"PROG";"EUR/kWh";2040;"0.015";"Sensitivity | Current Policies | Removed CO2 price";"Hydrogen"
"OPEX";"Taxes";"DE";"Taxes, Fees, Levies and charges - H2";"Tractor-Trailer";"PROG";"EUR/kWh";2040;"0.015";"Sensitivity | Current Policies | Removed CO2 price";"Hydrogen"
"OPEX";"Taxes";"ES";"Taxes, Fees, Levies and charges - H2";"Rigid";"BAU";"EUR/kWh";2040;"0.008";"Sensitivity | Current Policies | Removed CO2 price";"Hydrogen"
"OPEX";"Taxes";"ES";"Taxes, Fees, Levies and charges - H2";"Tractor-Trailer";"BAU";"EUR/kWh";2040;"0.008";"Sensitivity | Current Policies | Removed CO2 price";"Hydrogen"
"OPEX";"Taxes";"ES";"Taxes, Fees, Levies and charges - H2";"Rigid";"PROG";"EUR/kWh";2040;"0.008";"Sensitivity | Current Policies | Removed CO2 price";"Hydrogen"
"OPEX";"Taxes";"ES";"Taxes, Fees, Levies and charges - H2";"Tractor-Trailer";"PROG";"EUR/kWh";2040;"0.008";"Sensitivity | Current Policies | Removed CO2 price";"Hydrogen"
"OPEX";"Taxes";"FR";"Taxes, Fees, Levies and charges - H2";"Rigid";"BAU";"EUR/kWh";2040;"0.012";"Sensitivity | Current Policies | Removed CO2 price";"Hydrogen"
"OPEX";"Taxes";"FR";"Taxes, Fees, Levies and charges - H2";"Tractor-Trailer";"BAU";"EUR/kWh";2040;"0.012";"Sensitivity | Current Policies | Removed CO2 price";"Hydrogen"
"OPEX";"Taxes";"FR";"Taxes, Fees, Levies and charges - H2";"Rigid";"PROG";"EUR/kWh";2040;"0.012";"Sensitivity | Current Policies | Removed CO2 price";"Hydrogen"
"OPEX";"Taxes";"FR";"Taxes, Fees, Levies and charges - H2";"Tractor-Trailer";"PROG";"EUR/kWh";2040;"0.012";"Sensitivity | Current Policies | Removed CO2 price";"Hydrogen"
"OPEX";"Taxes";"IT";"Taxes, Fees, Levies and charges - H2";"Rigid";"BAU";"EUR/kWh";2040;"0.009";"Sensitivity | Current Policies | Removed CO2 price";"Hydrogen"
"OPEX";"Taxes";"IT";"Taxes, Fees, Levies and charges - H2";"Tractor-Trailer";"BAU";"EUR/kWh";2040;"0.009";"Sensitivity | Current Policies | Removed CO2 price";"Hydrogen"
"OPEX";"Taxes";"IT";"Taxes, Fees, Levies and charges - H2";"Rigid";"PROG";"EUR/kWh";2040;"0.009";"Sensitivity | Current Policies | Removed CO2 price";"Hydrogen"
"OPEX";"Taxes";"IT";"Taxes, Fees, Levies and charges - H2";"Tractor-Trailer";"PROG";"EUR/kWh";2040;"0.009";"Sensitivity | Current Policies | Removed CO2 price";"Hydrogen"
"OPEX";"Taxes";"NL";"Taxes, Fees, Levies and charges - H2";"Rigid";"BAU";"EUR/kWh";2040;"0.024";"Sensitivity | Current Policies | Removed CO2 price";"Hydrogen"
"OPEX";"Taxes";"NL";"Taxes, Fees, Levies and charges - H2";"Tractor-Trailer";"BAU";"EUR/kWh";2040;"0.024";"Sensitivity | Current Policies | Removed CO2 price";"Hydrogen"
"OPEX";"Taxes";"NL";"Taxes, Fees, Levies and charges - H2";"Rigid";"PROG";"EUR/kWh";2040;"0.024";"Sensitivity | Current Policies | Removed CO2 price";"Hydrogen"
"OPEX";"Taxes";"NL";"Taxes, Fees, Levies and charges - H2";"Tractor-Trailer";"PROG";"EUR/kWh";2040;"0.024";"Sensitivity | Current Policies | Removed CO2 price";"Hydrogen"
"OPEX";"Taxes";"PL";"Taxes, Fees, Levies and charges - H2";"Rigid";"BAU";"EUR/kWh";2040;"0.009";"Sensitivity | Current Policies | Removed CO2 price";"Hydrogen"
"OPEX";"Taxes";"PL";"Taxes, Fees, Levies and charges - H2";"Tractor-Trailer";"BAU";"EUR/kWh";2040;"0.009";"Sensitivity | Current Policies | Removed CO2 price";"Hydrogen"
"OPEX";"Taxes";"PL";"Taxes, Fees, Levies and charges - H2";"Rigid";"PROG";"EUR/kWh";2040;"0.009";"Sensitivity | Current Policies | Removed CO2 price";"Hydrogen"
"OPEX";"Taxes";"PL";"Taxes, Fees, Levies and charges - H2";"Tractor-Trailer";"PROG";"EUR/kWh";2040;"0.009";"Sensitivity | Current Policies | Removed CO2 price";"Hydrogen"
"OPEX";"Taxes";"UK";"Taxes, Fees, Levies and charges - H2";"Rigid";"BAU";"EUR/kWh";2040;"0.006";"Sensitivity | Current Policies | Removed CO2 price";"Hydrogen"
"OPEX";"Taxes";"UK";"Taxes, Fees, Levies and charges - H2";"Tractor-Trailer";"BAU";"EUR/kWh";2040;"0.006";"Sensitivity | Current Policies | Removed CO2 price";"Hydrogen"
"OPEX";"Taxes";"UK";"Taxes, Fees, Levies and charges - H2";"Rigid";"PROG";"EUR/kWh";2040;"0.006";"Sensitivity | Current Policies | Removed CO2 price";"Hydrogen"
"OPEX";"Taxes";"UK";"Taxes, Fees, Levies and charges - H2";"Tractor-Trailer";"PROG";"EUR/kWh";2040;"0.006";"Sensitivity | Current Policies | Removed CO2 price";"Hydrogen"
"OPEX";"Charging Infrastructure";"DE";"MCS grid extension";"Rigid";"PROG";"EUR/kWh";2040;"0.055";"Sensitivity | Current Policies | Removed CO2 price";"Electricity"
"OPEX";"Charging Infrastructure";"DE";"MCS grid extension";"Tractor-Trailer";"PROG";"EUR/kWh";2040;"0.055";"Sensitivity | Current Policies | Removed CO2 price";"Electricity"
"OPEX";"Charging Infrastructure";"DE";"MCS grid extension";"Rigid";"BAU";"EUR/kWh";2040;"0.055";"Sensitivity | Current Policies | Removed CO2 price";"Electricity"
"OPEX";"Charging Infrastructure";"DE";"MCS grid extension";"Tractor-Trailer";"BAU";"EUR/kWh";2040;"0.055";"Sensitivity | Current Policies | Removed CO2 price";"Electricity"
"OPEX";"Charging Infrastructure";"ES";"MCS grid extension";"Rigid";"PROG";"EUR/kWh";2040;"0.055";"Sensitivity | Current Policies | Removed CO2 price";"Electricity"
"OPEX";"Charging Infrastructure";"ES";"MCS grid extension";"Tractor-Trailer";"PROG";"EUR/kWh";2040;"0.055";"Sensitivity | Current Policies | Removed CO2 price";"Electricity"
"OPEX";"Charging Infrastructure";"ES";"MCS grid extension";"Rigid";"BAU";"EUR/kWh";2040;"0.055";"Sensitivity | Current Policies | Removed CO2 price";"Electricity"
"OPEX";"Charging Infrastructure";"ES";"MCS grid extension";"Tractor-Trailer";"BAU";"EUR/kWh";2040;"0.055";"Sensitivity | Current Policies | Removed CO2 price";"Electricity"
"OPEX";"Charging Infrastructure";"FR";"MCS grid extension";"Rigid";"PROG";"EUR/kWh";2040;"0.055";"Sensitivity | Current Policies | Removed CO2 price";"Electricity"
"OPEX";"Charging Infrastructure";"FR";"MCS grid extension";"Tractor-Trailer";"PROG";"EUR/kWh";2040;"0.055";"Sensitivity | Current Policies | Removed CO2 price";"Electricity"
"OPEX";"Charging Infrastructure";"FR";"MCS grid extension";"Rigid";"BAU";"EUR/kWh";2040;"0.055";"Sensitivity | Current Policies | Removed CO2 price";"Electricity"
"OPEX";"Charging Infrastructure";"FR";"MCS grid extension";"Tractor-Trailer";"BAU";"EUR/kWh";2040;"0.055";"Sensitivity | Current Policies | Removed CO2 price";"Electricity"
"OPEX";"Charging Infrastructure";"IT";"MCS grid extension";"Rigid";"PROG";"EUR/kWh";2040;"0.055";"Sensitivity | Current Policies | Removed CO2 price";"Electricity"
"OPEX";"Charging Infrastructure";"IT";"MCS grid extension";"Tractor-Trailer";"PROG";"EUR/kWh";2040;"0.055";"Sensitivity | Current Policies | Removed CO2 price";"Electricity"
"OPEX";"Charging Infrastructure";"IT";"MCS grid extension";"Rigid";"BAU";"EUR/kWh";2040;"0.055";"Sensitivity | Current Policies | Removed CO2 price";"Electricity"
"OPEX";"Charging Infrastructure";"IT";"MCS grid extension";"Tractor-Trailer";"BAU";"EUR/kWh";2040;"0.055";"Sensitivity | Current Policies | Removed CO2 price";"Electricity"
"OPEX";"Charging Infrastructure";"NL";"MCS grid extension";"Rigid";"PROG";"EUR/kWh";2040;"0.055";"Sensitivity | Current Policies | Removed CO2 price";"Electricity"
"OPEX";"Charging Infrastructure";"NL";"MCS grid extension";"Tractor-Trailer";"PROG";"EUR/kWh";2040;"0.055";"Sensitivity | Current Policies | Removed CO2 price";"Electricity"
"OPEX";"Charging Infrastructure";"NL";"MCS grid extension";"Rigid";"BAU";"EUR/kWh";2040;"0.055";"Sensitivity | Current Policies | Removed CO2 price";"Electricity"
"OPEX";"Charging Infrastructure";"NL";"MCS grid extension";"Tractor-Trailer";"BAU";"EUR/kWh";2040;"0.055";"Sensitivity | Current Policies | Removed CO2 price";"Electricity"
"OPEX";"Charging Infrastructure";"PL";"MCS grid extension";"Rigid";"PROG";"EUR/kWh";2040;"0.055";"Sensitivity | Current Policies | Removed CO2 price";"Electricity"
"OPEX";"Charging Infrastructure";"PL";"MCS grid extension";"Tractor-Trailer";"PROG";"EUR/kWh";2040;"0.055";"Sensitivity | Current Policies | Removed CO2 price";"Electricity"
"OPEX";"Charging Infrastructure";"PL";"MCS grid extension";"Rigid";"BAU";"EUR/kWh";2040;"0.055";"Sensitivity | Current Policies | Removed CO2 price";"Electricity"
"OPEX";"Charging Infrastructure";"PL";"MCS grid extension";"Tractor-Trailer";"BAU";"EUR/kWh";2040;"0.055";"Sensitivity | Current Policies | Removed CO2 price";"Electricity"
"OPEX";"Charging Infrastructure";"UK";"MCS grid extension";"Rigid";"PROG";"EUR/kWh";2040;"0.055";"Sensitivity | Current Policies | Removed CO2 price";"Electricity"
"OPEX";"Charging Infrastructure";"UK";"MCS grid extension";"Tractor-Trailer";"PROG";"EUR/kWh";2040;"0.055";"Sensitivity | Current Policies | Removed CO2 price";"Electricity"
"OPEX";"Charging Infrastructure";"UK";"MCS grid extension";"Rigid";"BAU";"EUR/kWh";2040;"0.055";"Sensitivity | Current Policies | Removed CO2 price";"Electricity"
"OPEX";"Charging Infrastructure";"UK";"MCS grid extension";"Tractor-Trailer";"BAU";"EUR/kWh";2040;"0.055";"Sensitivity | Current Policies | Removed CO2 price";"Electricity"
"OPEX";"Charging Infrastructure";"DE";"MCS Profit and Mark-Up";"Rigid";"PROG";"%";2040;"0.1";"Sensitivity | Current Policies | Removed CO2 price";"Electricity"
"OPEX";"Charging Infrastructure";"DE";"MCS Profit and Mark-Up";"Tractor-Trailer";"PROG";"%";2040;"0.1";"Sensitivity | Current Policies | Removed CO2 price";"Electricity"
"OPEX";"Charging Infrastructure";"DE";"MCS Profit and Mark-Up";"Rigid";"BAU";"%";2040;"0.1";"Sensitivity | Current Policies | Removed CO2 price";"Electricity"
"OPEX";"Charging Infrastructure";"DE";"MCS Profit and Mark-Up";"Tractor-Trailer";"BAU";"%";2040;"0.1";"Sensitivity | Current Policies | Removed CO2 price";"Electricity"
"OPEX";"Charging Infrastructure";"ES";"MCS Profit and Mark-Up";"Rigid";"PROG";"%";2040;"0.1";"Sensitivity | Current Policies | Removed CO2 price";"Electricity"
"OPEX";"Charging Infrastructure";"ES";"MCS Profit and Mark-Up";"Tractor-Trailer";"PROG";"%";2040;"0.1";"Sensitivity | Current Policies | Removed CO2 price";"Electricity"
"OPEX";"Charging Infrastructure";"ES";"MCS Profit and Mark-Up";"Rigid";"BAU";"%";2040;"0.1";"Sensitivity | Current Policies | Removed CO2 price";"Electricity"
"OPEX";"Charging Infrastructure";"ES";"MCS Profit and Mark-Up";"Tractor-Trailer";"BAU";"%";2040;"0.1";"Sensitivity | Current Policies | Removed CO2 price";"Electricity"
"OPEX";"Charging Infrastructure";"FR";"MCS Profit and Mark-Up";"Rigid";"PROG";"%";2040;"0.1";"Sensitivity | Current Policies | Removed CO2 price";"Electricity"
"OPEX";"Charging Infrastructure";"FR";"MCS Profit and Mark-Up";"Tractor-Trailer";"PROG";"%";2040;"0.1";"Sensitivity | Current Policies | Removed CO2 price";"Electricity"
"OPEX";"Charging Infrastructure";"FR";"MCS Profit and Mark-Up";"Rigid";"BAU";"%";2040;"0.1";"Sensitivity | Current Policies | Removed CO2 price";"Electricity"
"OPEX";"Charging Infrastructure";"FR";"MCS Profit and Mark-Up";"Tractor-Trailer";"BAU";"%";2040;"0.1";"Sensitivity | Current Policies | Removed CO2 price";"Electricity"
"OPEX";"Charging Infrastructure";"IT";"MCS Profit and Mark-Up";"Rigid";"PROG";"%";2040;"0.1";"Sensitivity | Current Policies | Removed CO2 price";"Electricity"
"OPEX";"Charging Infrastructure";"IT";"MCS Profit and Mark-Up";"Tractor-Trailer";"PROG";"%";2040;"0.1";"Sensitivity | Current Policies | Removed CO2 price";"Electricity"
"OPEX";"Charging Infrastructure";"IT";"MCS Profit and Mark-Up";"Rigid";"BAU";"%";2040;"0.1";"Sensitivity | Current Policies | Removed CO2 price";"Electricity"
"OPEX";"Charging Infrastructure";"IT";"MCS Profit and Mark-Up";"Tractor-Trailer";"BAU";"%";2040;"0.1";"Sensitivity | Current Policies | Removed CO2 price";"Electricity"
"OPEX";"Charging Infrastructure";"NL";"MCS Profit and Mark-Up";"Rigid";"PROG";"%";2040;"0.1";"Sensitivity | Current Policies | Removed CO2 price";"Electricity"
"OPEX";"Charging Infrastructure";"NL";"MCS Profit and Mark-Up";"Tractor-Trailer";"PROG";"%";2040;"0.1";"Sensitivity | Current Policies | Removed CO2 price";"Electricity"
"OPEX";"Charging Infrastructure";"NL";"MCS Profit and Mark-Up";"Rigid";"BAU";"%";2040;"0.1";"Sensitivity | Current Policies | Removed CO2 price";"Electricity"
"OPEX";"Charging Infrastructure";"NL";"MCS Profit and Mark-Up";"Tractor-Trailer";"BAU";"%";2040;"0.1";"Sensitivity | Current Policies | Removed CO2 price";"Electricity"
"OPEX";"Charging Infrastructure";"PL";"MCS Profit and Mark-Up";"Rigid";"PROG";"%";2040;"0.1";"Sensitivity | Current Policies | Removed CO2 price";"Electricity"
"OPEX";"Charging Infrastructure";"PL";"MCS Profit and Mark-Up";"Tractor-Trailer";"PROG";"%";2040;"0.1";"Sensitivity | Current Policies | Removed CO2 price";"Electricity"
"OPEX";"Charging Infrastructure";"PL";"MCS Profit and Mark-Up";"Rigid";"BAU";"%";2040;"0.1";"Sensitivity | Current Policies | Removed CO2 price";"Electricity"
"OPEX";"Charging Infrastructure";"PL";"MCS Profit and Mark-Up";"Tractor-Trailer";"BAU";"%";2040;"0.1";"Sensitivity | Current Policies | Removed CO2 price";"Electricity"
"OPEX";"Charging Infrastructure";"UK";"MCS Profit and Mark-Up";"Rigid";"PROG";"%";2040;"0.1";"Sensitivity | Current Policies | Removed CO2 price";"Electricity"
"OPEX";"Charging Infrastructure";"UK";"MCS Profit and Mark-Up";"Tractor-Trailer";"PROG";"%";2040;"0.1";"Sensitivity | Current Policies | Removed CO2 price";"Electricity"
"OPEX";"Charging Infrastructure";"UK";"MCS Profit and Mark-Up";"Rigid";"BAU";"%";2040;"0.1";"Sensitivity | Current Policies | Removed CO2 price";"Electricity"
"OPEX";"Charging Infrastructure";"UK";"MCS Profit and Mark-Up";"Tractor-Trailer";"BAU";"%";2040;"0.1";"Sensitivity | Current Policies | Removed CO2 price";"Electricity"
"OPEX";"Charging Infrastructure";"DE";"CCS Station (Depot) - Incl. Overhead";"Rigid";"PROG";"EUR/kWh";2040;"0.024";"Sensitivity | Current Policies | Removed CO2 price";"Electricity"
"OPEX";"Charging Infrastructure";"DE";"CCS Station (Depot) - Incl. Overhead";"Tractor-Trailer";"PROG";"EUR/kWh";2040;"0.024";"Sensitivity | Current Policies | Removed CO2 price";"Electricity"
"OPEX";"Charging Infrastructure";"DE";"CCS Station (Depot) - Incl. Overhead";"Rigid";"BAU";"EUR/kWh";2040;"0.024";"Sensitivity | Current Policies | Removed CO2 price";"Electricity"
"OPEX";"Charging Infrastructure";"DE";"CCS Station (Depot) - Incl. Overhead";"Tractor-Trailer";"BAU";"EUR/kWh";2040;"0.024";"Sensitivity | Current Policies | Removed CO2 price";"Electricity"
"OPEX";"Charging Infrastructure";"ES";"CCS Station (Depot) - Incl. Overhead";"Rigid";"PROG";"EUR/kWh";2040;"0.024";"Sensitivity | Current Policies | Removed CO2 price";"Electricity"
"OPEX";"Charging Infrastructure";"ES";"CCS Station (Depot) - Incl. Overhead";"Tractor-Trailer";"PROG";"EUR/kWh";2040;"0.024";"Sensitivity | Current Policies | Removed CO2 price";"Electricity"
"OPEX";"Charging Infrastructure";"ES";"CCS Station (Depot) - Incl. Overhead";"Rigid";"BAU";"EUR/kWh";2040;"0.024";"Sensitivity | Current Policies | Removed CO2 price";"Electricity"
"OPEX";"Charging Infrastructure";"ES";"CCS Station (Depot) - Incl. Overhead";"Tractor-Trailer";"BAU";"EUR/kWh";2040;"0.024";"Sensitivity | Current Policies | Removed CO2 price";"Electricity"
"OPEX";"Charging Infrastructure";"FR";"CCS Station (Depot) - Incl. Overhead";"Rigid";"PROG";"EUR/kWh";2040;"0.024";"Sensitivity | Current Policies | Removed CO2 price";"Electricity"
"OPEX";"Charging Infrastructure";"FR";"CCS Station (Depot) - Incl. Overhead";"Tractor-Trailer";"PROG";"EUR/kWh";2040;"0.024";"Sensitivity | Current Policies | Removed CO2 price";"Electricity"
"OPEX";"Charging Infrastructure";"FR";"CCS Station (Depot) - Incl. Overhead";"Rigid";"BAU";"EUR/kWh";2040;"0.024";"Sensitivity | Current Policies | Removed CO2 price";"Electricity"
"OPEX";"Charging Infrastructure";"FR";"CCS Station (Depot) - Incl. Overhead";"Tractor-Trailer";"BAU";"EUR/kWh";2040;"0.024";"Sensitivity | Current Policies | Removed CO2 price";"Electricity"
"OPEX";"Charging Infrastructure";"IT";"CCS Station (Depot) - Incl. Overhead";"Rigid";"PROG";"EUR/kWh";2040;"0.024";"Sensitivity | Current Policies | Removed CO2 price";"Electricity"
"OPEX";"Charging Infrastructure";"IT";"CCS Station (Depot) - Incl. Overhead";"Tractor-Trailer";"PROG";"EUR/kWh";2040;"0.024";"Sensitivity | Current Policies | Removed CO2 price";"Electricity"
"OPEX";"Charging Infrastructure";"IT";"CCS Station (Depot) - Incl. Overhead";"Rigid";"BAU";"EUR/kWh";2040;"0.024";"Sensitivity | Current Policies | Removed CO2 price";"Electricity"
"OPEX";"Charging Infrastructure";"IT";"CCS Station (Depot) - Incl. Overhead";"Tractor-Trailer";"BAU";"EUR/kWh";2040;"0.024";"Sensitivity | Current Policies | Removed CO2 price";"Electricity"
"OPEX";"Charging Infrastructure";"NL";"CCS Station (Depot) - Incl. Overhead";"Rigid";"PROG";"EUR/kWh";2040;"0.024";"Sensitivity | Current Policies | Removed CO2 price";"Electricity"
"OPEX";"Charging Infrastructure";"NL";"CCS Station (Depot) - Incl. Overhead";"Tractor-Trailer";"PROG";"EUR/kWh";2040;"0.024";"Sensitivity | Current Policies | Removed CO2 price";"Electricity"
"OPEX";"Charging Infrastructure";"NL";"CCS Station (Depot) - Incl. Overhead";"Rigid";"BAU";"EUR/kWh";2040;"0.024";"Sensitivity | Current Policies | Removed CO2 price";"Electricity"
"OPEX";"Charging Infrastructure";"NL";"CCS Station (Depot) - Incl. Overhead";"Tractor-Trailer";"BAU";"EUR/kWh";2040;"0.024";"Sensitivity | Current Policies | Removed CO2 price";"Electricity"
"OPEX";"Charging Infrastructure";"PL";"CCS Station (Depot) - Incl. Overhead";"Rigid";"PROG";"EUR/kWh";2040;"0.024";"Sensitivity | Current Policies | Removed CO2 price";"Electricity"
"OPEX";"Charging Infrastructure";"PL";"CCS Station (Depot) - Incl. Overhead";"Tractor-Trailer";"PROG";"EUR/kWh";2040;"0.024";"Sensitivity | Current Policies | Removed CO2 price";"Electricity"
"OPEX";"Charging Infrastructure";"PL";"CCS Station (Depot) - Incl. Overhead";"Rigid";"BAU";"EUR/kWh";2040;"0.024";"Sensitivity | Current Policies | Removed CO2 price";"Electricity"
"OPEX";"Charging Infrastructure";"PL";"CCS Station (Depot) - Incl. Overhead";"Tractor-Trailer";"BAU";"EUR/kWh";2040;"0.024";"Sensitivity | Current Policies | Removed CO2 price";"Electricity"
"OPEX";"Charging Infrastructure";"UK";"CCS Station (Depot) - Incl. Overhead";"Rigid";"PROG";"EUR/kWh";2040;"0.024";"Sensitivity | Current Policies | Removed CO2 price";"Electricity"
"OPEX";"Charging Infrastructure";"UK";"CCS Station (Depot) - Incl. Overhead";"Tractor-Trailer";"PROG";"EUR/kWh";2040;"0.024";"Sensitivity | Current Policies | Removed CO2 price";"Electricity"
"OPEX";"Charging Infrastructure";"UK";"CCS Station (Depot) - Incl. Overhead";"Rigid";"BAU";"EUR/kWh";2040;"0.024";"Sensitivity | Current Policies | Removed CO2 price";"Electricity"
"OPEX";"Charging Infrastructure";"UK";"CCS Station (Depot) - Incl. Overhead";"Tractor-Trailer";"BAU";"EUR/kWh";2040;"0.024";"Sensitivity | Current Policies | Removed CO2 price";"Electricity"
"OPEX";"Charging Infrastructure";"DE";"CCS grid extension";"Rigid";"PROG";"EUR/kWh";2040;"0.045";"Sensitivity | Current Policies | Removed CO2 price";"Electricity"
"OPEX";"Charging Infrastructure";"DE";"CCS grid extension";"Tractor-Trailer";"PROG";"EUR/kWh";2040;"0.045";"Sensitivity | Current Policies | Removed CO2 price";"Electricity"
"OPEX";"Charging Infrastructure";"DE";"CCS grid extension";"Rigid";"BAU";"EUR/kWh";2040;"0.045";"Sensitivity | Current Policies | Removed CO2 price";"Electricity"
"OPEX";"Charging Infrastructure";"DE";"CCS grid extension";"Tractor-Trailer";"BAU";"EUR/kWh";2040;"0.045";"Sensitivity | Current Policies | Removed CO2 price";"Electricity"
"OPEX";"Charging Infrastructure";"ES";"CCS grid extension";"Rigid";"PROG";"EUR/kWh";2040;"0.045";"Sensitivity | Current Policies | Removed CO2 price";"Electricity"
"OPEX";"Charging Infrastructure";"ES";"CCS grid extension";"Tractor-Trailer";"PROG";"EUR/kWh";2040;"0.045";"Sensitivity | Current Policies | Removed CO2 price";"Electricity"
"OPEX";"Charging Infrastructure";"ES";"CCS grid extension";"Rigid";"BAU";"EUR/kWh";2040;"0.045";"Sensitivity | Current Policies | Removed CO2 price";"Electricity"
"OPEX";"Charging Infrastructure";"ES";"CCS grid extension";"Tractor-Trailer";"BAU";"EUR/kWh";2040;"0.045";"Sensitivity | Current Policies | Removed CO2 price";"Electricity"
"OPEX";"Charging Infrastructure";"FR";"CCS grid extension";"Rigid";"PROG";"EUR/kWh";2040;"0.045";"Sensitivity | Current Policies | Removed CO2 price";"Electricity"
"OPEX";"Charging Infrastructure";"FR";"CCS grid extension";"Tractor-Trailer";"PROG";"EUR/kWh";2040;"0.045";"Sensitivity | Current Policies | Removed CO2 price";"Electricity"
"OPEX";"Charging Infrastructure";"FR";"CCS grid extension";"Rigid";"BAU";"EUR/kWh";2040;"0.045";"Sensitivity | Current Policies | Removed CO2 price";"Electricity"
"OPEX";"Charging Infrastructure";"FR";"CCS grid extension";"Tractor-Trailer";"BAU";"EUR/kWh";2040;"0.045";"Sensitivity | Current Policies | Removed CO2 price";"Electricity"
"OPEX";"Charging Infrastructure";"IT";"CCS grid extension";"Rigid";"PROG";"EUR/kWh";2040;"0.045";"Sensitivity | Current Policies | Removed CO2 price";"Electricity"
"OPEX";"Charging Infrastructure";"IT";"CCS grid extension";"Tractor-Trailer";"PROG";"EUR/kWh";2040;"0.045";"Sensitivity | Current Policies | Removed CO2 price";"Electricity"
"OPEX";"Charging Infrastructure";"IT";"CCS grid extension";"Rigid";"BAU";"EUR/kWh";2040;"0.045";"Sensitivity | Current Policies | Removed CO2 price";"Electricity"
"OPEX";"Charging Infrastructure";"IT";"CCS grid extension";"Tractor-Trailer";"BAU";"EUR/kWh";2040;"0.045";"Sensitivity | Current Policies | Removed CO2 price";"Electricity"
"OPEX";"Charging Infrastructure";"NL";"CCS grid extension";"Rigid";"PROG";"EUR/kWh";2040;"0.045";"Sensitivity | Current Policies | Removed CO2 price";"Electricity"
"OPEX";"Charging Infrastructure";"NL";"CCS grid extension";"Tractor-Trailer";"PROG";"EUR/kWh";2040;"0.045";"Sensitivity | Current Policies | Removed CO2 price";"Electricity"
"OPEX";"Charging Infrastructure";"NL";"CCS grid extension";"Rigid";"BAU";"EUR/kWh";2040;"0.045";"Sensitivity | Current Policies | Removed CO2 price";"Electricity"
"OPEX";"Charging Infrastructure";"NL";"CCS grid extension";"Tractor-Trailer";"BAU";"EUR/kWh";2040;"0.045";"Sensitivity | Current Policies | Removed CO2 price";"Electricity"
"OPEX";"Charging Infrastructure";"PL";"CCS grid extension";"Rigid";"PROG";"EUR/kWh";2040;"0.045";"Sensitivity | Current Policies | Removed CO2 price";"Electricity"
"OPEX";"Charging Infrastructure";"PL";"CCS grid extension";"Tractor-Trailer";"PROG";"EUR/kWh";2040;"0.045";"Sensitivity | Current Policies | Removed CO2 price";"Electricity"
"OPEX";"Charging Infrastructure";"PL";"CCS grid extension";"Rigid";"BAU";"EUR/kWh";2040;"0.045";"Sensitivity | Current Policies | Removed CO2 price";"Electricity"
"OPEX";"Charging Infrastructure";"PL";"CCS grid extension";"Tractor-Trailer";"BAU";"EUR/kWh";2040;"0.045";"Sensitivity | Current Policies | Removed CO2 price";"Electricity"
"OPEX";"Charging Infrastructure";"UK";"CCS grid extension";"Rigid";"PROG";"EUR/kWh";2040;"0.045";"Sensitivity | Current Policies | Removed CO2 price";"Electricity"
"OPEX";"Charging Infrastructure";"UK";"CCS grid extension";"Tractor-Trailer";"PROG";"EUR/kWh";2040;"0.045";"Sensitivity | Current Policies | Removed CO2 price";"Electricity"
"OPEX";"Charging Infrastructure";"UK";"CCS grid extension";"Rigid";"BAU";"EUR/kWh";2040;"0.045";"Sensitivity | Current Policies | Removed CO2 price";"Electricity"
"OPEX";"Charging Infrastructure";"UK";"CCS grid extension";"Tractor-Trailer";"BAU";"EUR/kWh";2040;"0.045";"Sensitivity | Current Policies | Removed CO2 price";"Electricity"
"OPEX";"Diesel Infrastructure";"DE";"Total Diesel Mark-Up";"Rigid";"BAU";"EUR/kWh";2040;"0.018";"Sensitivity | Current Policies | Removed CO2 price";"Diesel"
"OPEX";"Diesel Infrastructure";"DE";"Total Diesel Mark-Up";"Tractor-Trailer";"BAU";"EUR/kWh";2040;"0.018";"Sensitivity | Current Policies | Removed CO2 price";"Diesel"
"OPEX";"Diesel Infrastructure";"DE";"Total Diesel Mark-Up";"Rigid";"PROG";"EUR/kWh";2040;"0.018";"Sensitivity | Current Policies | Removed CO2 price";"Diesel"
"OPEX";"Diesel Infrastructure";"DE";"Total Diesel Mark-Up";"Tractor-Trailer";"PROG";"EUR/kWh";2040;"0.018";"Sensitivity | Current Policies | Removed CO2 price";"Diesel"
"OPEX";"Diesel Infrastructure";"ES";"Total Diesel Mark-Up";"Rigid";"BAU";"EUR/kWh";2040;"0.018";"Sensitivity | Current Policies | Removed CO2 price";"Diesel"
"OPEX";"Diesel Infrastructure";"ES";"Total Diesel Mark-Up";"Tractor-Trailer";"BAU";"EUR/kWh";2040;"0.018";"Sensitivity | Current Policies | Removed CO2 price";"Diesel"
"OPEX";"Diesel Infrastructure";"ES";"Total Diesel Mark-Up";"Rigid";"PROG";"EUR/kWh";2040;"0.018";"Sensitivity | Current Policies | Removed CO2 price";"Diesel"
"OPEX";"Diesel Infrastructure";"ES";"Total Diesel Mark-Up";"Tractor-Trailer";"PROG";"EUR/kWh";2040;"0.018";"Sensitivity | Current Policies | Removed CO2 price";"Diesel"
"OPEX";"Diesel Infrastructure";"FR";"Total Diesel Mark-Up";"Rigid";"BAU";"EUR/kWh";2040;"0.018";"Sensitivity | Current Policies | Removed CO2 price";"Diesel"
"OPEX";"Diesel Infrastructure";"FR";"Total Diesel Mark-Up";"Tractor-Trailer";"BAU";"EUR/kWh";2040;"0.018";"Sensitivity | Current Policies | Removed CO2 price";"Diesel"
"OPEX";"Diesel Infrastructure";"FR";"Total Diesel Mark-Up";"Rigid";"PROG";"EUR/kWh";2040;"0.018";"Sensitivity | Current Policies | Removed CO2 price";"Diesel"
"OPEX";"Diesel Infrastructure";"FR";"Total Diesel Mark-Up";"Tractor-Trailer";"PROG";"EUR/kWh";2040;"0.018";"Sensitivity | Current Policies | Removed CO2 price";"Diesel"
"OPEX";"Diesel Infrastructure";"IT";"Total Diesel Mark-Up";"Rigid";"BAU";"EUR/kWh";2040;"0.018";"Sensitivity | Current Policies | Removed CO2 price";"Diesel"
"OPEX";"Diesel Infrastructure";"IT";"Total Diesel Mark-Up";"Tractor-Trailer";"BAU";"EUR/kWh";2040;"0.018";"Sensitivity | Current Policies | Removed CO2 price";"Diesel"
"OPEX";"Diesel Infrastructure";"IT";"Total Diesel Mark-Up";"Rigid";"PROG";"EUR/kWh";2040;"0.018";"Sensitivity | Current Policies | Removed CO2 price";"Diesel"
"OPEX";"Diesel Infrastructure";"IT";"Total Diesel Mark-Up";"Tractor-Trailer";"PROG";"EUR/kWh";2040;"0.018";"Sensitivity | Current Policies | Removed CO2 price";"Diesel"
"OPEX";"Diesel Infrastructure";"NL";"Total Diesel Mark-Up";"Rigid";"BAU";"EUR/kWh";2040;"0.018";"Sensitivity | Current Policies | Removed CO2 price";"Diesel"
"OPEX";"Diesel Infrastructure";"NL";"Total Diesel Mark-Up";"Tractor-Trailer";"BAU";"EUR/kWh";2040;"0.018";"Sensitivity | Current Policies | Removed CO2 price";"Diesel"
"OPEX";"Diesel Infrastructure";"NL";"Total Diesel Mark-Up";"Rigid";"PROG";"EUR/kWh";2040;"0.018";"Sensitivity | Current Policies | Removed CO2 price";"Diesel"
"OPEX";"Diesel Infrastructure";"NL";"Total Diesel Mark-Up";"Tractor-Trailer";"PROG";"EUR/kWh";2040;"0.018";"Sensitivity | Current Policies | Removed CO2 price";"Diesel"
"OPEX";"Diesel Infrastructure";"PL";"Total Diesel Mark-Up";"Rigid";"BAU";"EUR/kWh";2040;"0.018";"Sensitivity | Current Policies | Removed CO2 price";"Diesel"
"OPEX";"Diesel Infrastructure";"PL";"Total Diesel Mark-Up";"Tractor-Trailer";"BAU";"EUR/kWh";2040;"0.018";"Sensitivity | Current Policies | Removed CO2 price";"Diesel"
"OPEX";"Diesel Infrastructure";"PL";"Total Diesel Mark-Up";"Rigid";"PROG";"EUR/kWh";2040;"0.018";"Sensitivity | Current Policies | Removed CO2 price";"Diesel"
"OPEX";"Diesel Infrastructure";"PL";"Total Diesel Mark-Up";"Tractor-Trailer";"PROG";"EUR/kWh";2040;"0.018";"Sensitivity | Current Policies | Removed CO2 price";"Diesel"
"OPEX";"Diesel Infrastructure";"UK";"Total Diesel Mark-Up";"Rigid";"BAU";"EUR/kWh";2040;"0.018";"Sensitivity | Current Policies | Removed CO2 price";"Diesel"
"OPEX";"Diesel Infrastructure";"UK";"Total Diesel Mark-Up";"Tractor-Trailer";"BAU";"EUR/kWh";2040;"0.018";"Sensitivity | Current Policies | Removed CO2 price";"Diesel"
"OPEX";"Diesel Infrastructure";"UK";"Total Diesel Mark-Up";"Rigid";"PROG";"EUR/kWh";2040;"0.018";"Sensitivity | Current Policies | Removed CO2 price";"Diesel"
"OPEX";"Diesel Infrastructure";"UK";"Total Diesel Mark-Up";"Tractor-Trailer";"PROG";"EUR/kWh";2040;"0.018";"Sensitivity | Current Policies | Removed CO2 price";"Diesel"
"OPEX";"Diesel Infrastructure";"DE";"CO2 emission factor Biodiesel";"Rigid";"BAU";"%";2040;"0.155";"Sensitivity | Current Policies | Removed CO2 price";"Diesel"
"OPEX";"Diesel Infrastructure";"DE";"CO2 emission factor Biodiesel";"Tractor-Trailer";"BAU";"%";2040;"0.155";"Sensitivity | Current Policies | Removed CO2 price";"Diesel"
"OPEX";"Diesel Infrastructure";"DE";"CO2 emission factor Biodiesel";"Rigid";"PROG";"%";2040;"0.155";"Sensitivity | Current Policies | Removed CO2 price";"Diesel"
"OPEX";"Diesel Infrastructure";"DE";"CO2 emission factor Biodiesel";"Tractor-Trailer";"PROG";"%";2040;"0.155";"Sensitivity | Current Policies | Removed CO2 price";"Diesel"
"OPEX";"Diesel Infrastructure";"ES";"CO2 emission factor Biodiesel";"Rigid";"BAU";"%";2040;"0.155";"Sensitivity | Current Policies | Removed CO2 price";"Diesel"
"OPEX";"Diesel Infrastructure";"ES";"CO2 emission factor Biodiesel";"Tractor-Trailer";"BAU";"%";2040;"0.155";"Sensitivity | Current Policies | Removed CO2 price";"Diesel"
"OPEX";"Diesel Infrastructure";"ES";"CO2 emission factor Biodiesel";"Rigid";"PROG";"%";2040;"0.155";"Sensitivity | Current Policies | Removed CO2 price";"Diesel"
"OPEX";"Diesel Infrastructure";"ES";"CO2 emission factor Biodiesel";"Tractor-Trailer";"PROG";"%";2040;"0.155";"Sensitivity | Current Policies | Removed CO2 price";"Diesel"
"OPEX";"Diesel Infrastructure";"FR";"CO2 emission factor Biodiesel";"Rigid";"BAU";"%";2040;"0.155";"Sensitivity | Current Policies | Removed CO2 price";"Diesel"
"OPEX";"Diesel Infrastructure";"FR";"CO2 emission factor Biodiesel";"Tractor-Trailer";"BAU";"%";2040;"0.155";"Sensitivity | Current Policies | Removed CO2 price";"Diesel"
"OPEX";"Diesel Infrastructure";"FR";"CO2 emission factor Biodiesel";"Rigid";"PROG";"%";2040;"0.155";"Sensitivity | Current Policies | Removed CO2 price";"Diesel"
"OPEX";"Diesel Infrastructure";"FR";"CO2 emission factor Biodiesel";"Tractor-Trailer";"PROG";"%";2040;"0.155";"Sensitivity | Current Policies | Removed CO2 price";"Diesel"
"OPEX";"Diesel Infrastructure";"IT";"CO2 emission factor Biodiesel";"Rigid";"BAU";"%";2040;"0.155";"Sensitivity | Current Policies | Removed CO2 price";"Diesel"
"OPEX";"Diesel Infrastructure";"IT";"CO2 emission factor Biodiesel";"Tractor-Trailer";"BAU";"%";2040;"0.155";"Sensitivity | Current Policies | Removed CO2 price";"Diesel"
"OPEX";"Diesel Infrastructure";"IT";"CO2 emission factor Biodiesel";"Rigid";"PROG";"%";2040;"0.155";"Sensitivity | Current Policies | Removed CO2 price";"Diesel"
"OPEX";"Diesel Infrastructure";"IT";"CO2 emission factor Biodiesel";"Tractor-Trailer";"PROG";"%";2040;"0.155";"Sensitivity | Current Policies | Removed CO2 price";"Diesel"
"OPEX";"Diesel Infrastructure";"NL";"CO2 emission factor Biodiesel";"Rigid";"BAU";"%";2040;"0.155";"Sensitivity | Current Policies | Removed CO2 price";"Diesel"
"OPEX";"Diesel Infrastructure";"NL";"CO2 emission factor Biodiesel";"Tractor-Trailer";"BAU";"%";2040;"0.155";"Sensitivity | Current Policies | Removed CO2 price";"Diesel"
"OPEX";"Diesel Infrastructure";"NL";"CO2 emission factor Biodiesel";"Rigid";"PROG";"%";2040;"0.155";"Sensitivity | Current Policies | Removed CO2 price";"Diesel"
"OPEX";"Diesel Infrastructure";"NL";"CO2 emission factor Biodiesel";"Tractor-Trailer";"PROG";"%";2040;"0.155";"Sensitivity | Current Policies | Removed CO2 price";"Diesel"
"OPEX";"Diesel Infrastructure";"PL";"CO2 emission factor Biodiesel";"Rigid";"BAU";"%";2040;"0.155";"Sensitivity | Current Policies | Removed CO2 price";"Diesel"
"OPEX";"Diesel Infrastructure";"PL";"CO2 emission factor Biodiesel";"Tractor-Trailer";"BAU";"%";2040;"0.155";"Sensitivity | Current Policies | Removed CO2 price";"Diesel"
"OPEX";"Diesel Infrastructure";"PL";"CO2 emission factor Biodiesel";"Rigid";"PROG";"%";2040;"0.155";"Sensitivity | Current Policies | Removed CO2 price";"Diesel"
"OPEX";"Diesel Infrastructure";"PL";"CO2 emission factor Biodiesel";"Tractor-Trailer";"PROG";"%";2040;"0.155";"Sensitivity | Current Policies | Removed CO2 price";"Diesel"
"OPEX";"Diesel Infrastructure";"UK";"CO2 emission factor Biodiesel";"Rigid";"BAU";"%";2040;"0.155";"Sensitivity | Current Policies | Removed CO2 price";"Diesel"
"OPEX";"Diesel Infrastructure";"UK";"CO2 emission factor Biodiesel";"Tractor-Trailer";"BAU";"%";2040;"0.155";"Sensitivity | Current Policies | Removed CO2 price";"Diesel"
"OPEX";"Diesel Infrastructure";"UK";"CO2 emission factor Biodiesel";"Rigid";"PROG";"%";2040;"0.155";"Sensitivity | Current Policies | Removed CO2 price";"Diesel"
"OPEX";"Diesel Infrastructure";"UK";"CO2 emission factor Biodiesel";"Tractor-Trailer";"PROG";"%";2040;"0.155";"Sensitivity | Current Policies | Removed CO2 price";"Diesel"
"OPEX";"Diesel Infrastructure";"DE";"CO2 emission factor Pt-Diesel";"Rigid";"BAU";"%";2040;"0";"Sensitivity | Current Policies | Removed CO2 price";"Diesel"
"OPEX";"Diesel Infrastructure";"DE";"CO2 emission factor Pt-Diesel";"Tractor-Trailer";"BAU";"%";2040;"0";"Sensitivity | Current Policies | Removed CO2 price";"Diesel"
"OPEX";"Diesel Infrastructure";"DE";"CO2 emission factor Pt-Diesel";"Rigid";"PROG";"%";2040;"0";"Sensitivity | Current Policies | Removed CO2 price";"Diesel"
"OPEX";"Diesel Infrastructure";"DE";"CO2 emission factor Pt-Diesel";"Tractor-Trailer";"PROG";"%";2040;"0";"Sensitivity | Current Policies | Removed CO2 price";"Diesel"
"OPEX";"Diesel Infrastructure";"ES";"CO2 emission factor Pt-Diesel";"Rigid";"BAU";"%";2040;"0";"Sensitivity | Current Policies | Removed CO2 price";"Diesel"
"OPEX";"Diesel Infrastructure";"ES";"CO2 emission factor Pt-Diesel";"Tractor-Trailer";"BAU";"%";2040;"0";"Sensitivity | Current Policies | Removed CO2 price";"Diesel"
"OPEX";"Diesel Infrastructure";"ES";"CO2 emission factor Pt-Diesel";"Rigid";"PROG";"%";2040;"0";"Sensitivity | Current Policies | Removed CO2 price";"Diesel"
"OPEX";"Diesel Infrastructure";"ES";"CO2 emission factor Pt-Diesel";"Tractor-Trailer";"PROG";"%";2040;"0";"Sensitivity | Current Policies | Removed CO2 price";"Diesel"
"OPEX";"Diesel Infrastructure";"FR";"CO2 emission factor Pt-Diesel";"Rigid";"BAU";"%";2040;"0";"Sensitivity | Current Policies | Removed CO2 price";"Diesel"
"OPEX";"Diesel Infrastructure";"FR";"CO2 emission factor Pt-Diesel";"Tractor-Trailer";"BAU";"%";2040;"0";"Sensitivity | Current Policies | Removed CO2 price";"Diesel"
"OPEX";"Diesel Infrastructure";"FR";"CO2 emission factor Pt-Diesel";"Rigid";"PROG";"%";2040;"0";"Sensitivity | Current Policies | Removed CO2 price";"Diesel"
"OPEX";"Diesel Infrastructure";"FR";"CO2 emission factor Pt-Diesel";"Tractor-Trailer";"PROG";"%";2040;"0";"Sensitivity | Current Policies | Removed CO2 price";"Diesel"
"OPEX";"Diesel Infrastructure";"IT";"CO2 emission factor Pt-Diesel";"Rigid";"BAU";"%";2040;"0";"Sensitivity | Current Policies | Removed CO2 price";"Diesel"
"OPEX";"Diesel Infrastructure";"IT";"CO2 emission factor Pt-Diesel";"Tractor-Trailer";"BAU";"%";2040;"0";"Sensitivity | Current Policies | Removed CO2 price";"Diesel"
"OPEX";"Diesel Infrastructure";"IT";"CO2 emission factor Pt-Diesel";"Rigid";"PROG";"%";2040;"0";"Sensitivity | Current Policies | Removed CO2 price";"Diesel"
"OPEX";"Diesel Infrastructure";"IT";"CO2 emission factor Pt-Diesel";"Tractor-Trailer";"PROG";"%";2040;"0";"Sensitivity | Current Policies | Removed CO2 price";"Diesel"
"OPEX";"Diesel Infrastructure";"NL";"CO2 emission factor Pt-Diesel";"Rigid";"BAU";"%";2040;"0";"Sensitivity | Current Policies | Removed CO2 price";"Diesel"
"OPEX";"Diesel Infrastructure";"NL";"CO2 emission factor Pt-Diesel";"Tractor-Trailer";"BAU";"%";2040;"0";"Sensitivity | Current Policies | Removed CO2 price";"Diesel"
"OPEX";"Diesel Infrastructure";"NL";"CO2 emission factor Pt-Diesel";"Rigid";"PROG";"%";2040;"0";"Sensitivity | Current Policies | Removed CO2 price";"Diesel"
"OPEX";"Diesel Infrastructure";"NL";"CO2 emission factor Pt-Diesel";"Tractor-Trailer";"PROG";"%";2040;"0";"Sensitivity | Current Policies | Removed CO2 price";"Diesel"
"OPEX";"Diesel Infrastructure";"PL";"CO2 emission factor Pt-Diesel";"Rigid";"BAU";"%";2040;"0";"Sensitivity | Current Policies | Removed CO2 price";"Diesel"
"OPEX";"Diesel Infrastructure";"PL";"CO2 emission factor Pt-Diesel";"Tractor-Trailer";"BAU";"%";2040;"0";"Sensitivity | Current Policies | Removed CO2 price";"Diesel"
"OPEX";"Diesel Infrastructure";"PL";"CO2 emission factor Pt-Diesel";"Rigid";"PROG";"%";2040;"0";"Sensitivity | Current Policies | Removed CO2 price";"Diesel"
"OPEX";"Diesel Infrastructure";"PL";"CO2 emission factor Pt-Diesel";"Tractor-Trailer";"PROG";"%";2040;"0";"Sensitivity | Current Policies | Removed CO2 price";"Diesel"
"OPEX";"Diesel Infrastructure";"UK";"CO2 emission factor Pt-Diesel";"Rigid";"BAU";"%";2040;"0";"Sensitivity | Current Policies | Removed CO2 price";"Diesel"
"OPEX";"Diesel Infrastructure";"UK";"CO2 emission factor Pt-Diesel";"Tractor-Trailer";"BAU";"%";2040;"0";"Sensitivity | Current Policies | Removed CO2 price";"Diesel"
"OPEX";"Diesel Infrastructure";"UK";"CO2 emission factor Pt-Diesel";"Rigid";"PROG";"%";2040;"0";"Sensitivity | Current Policies | Removed CO2 price";"Diesel"
"OPEX";"Diesel Infrastructure";"UK";"CO2 emission factor Pt-Diesel";"Tractor-Trailer";"PROG";"%";2040;"0";"Sensitivity | Current Policies | Removed CO2 price";"Diesel"
"OPEX";"Taxes";"DE";"Network Costs - MCS";"Rigid";"BAU";"EUR/kWh";2040;"0.034";"Sensitivity | Current Policies | Removed CO2 price";"Electricity"
"OPEX";"Taxes";"DE";"Network Costs - MCS";"Tractor-Trailer";"BAU";"EUR/kWh";2040;"0.034";"Sensitivity | Current Policies | Removed CO2 price";"Electricity"
"OPEX";"Taxes";"ES";"Network Costs - MCS";"Rigid";"BAU";"EUR/kWh";2040;"0.018";"Sensitivity | Current Policies | Removed CO2 price";"Electricity"
"OPEX";"Taxes";"ES";"Network Costs - MCS";"Tractor-Trailer";"BAU";"EUR/kWh";2040;"0.018";"Sensitivity | Current Policies | Removed CO2 price";"Electricity"
"OPEX";"Taxes";"FR";"Network Costs - MCS";"Rigid";"BAU";"EUR/kWh";2040;"0.018";"Sensitivity | Current Policies | Removed CO2 price";"Electricity"
"OPEX";"Taxes";"FR";"Network Costs - MCS";"Tractor-Trailer";"BAU";"EUR/kWh";2040;"0.018";"Sensitivity | Current Policies | Removed CO2 price";"Electricity"
"OPEX";"Taxes";"IT";"Network Costs - MCS";"Rigid";"BAU";"EUR/kWh";2040;"0.015";"Sensitivity | Current Policies | Removed CO2 price";"Electricity"
"OPEX";"Taxes";"IT";"Network Costs - MCS";"Tractor-Trailer";"BAU";"EUR/kWh";2040;"0.015";"Sensitivity | Current Policies | Removed CO2 price";"Electricity"
"OPEX";"Taxes";"NL";"Network Costs - MCS";"Rigid";"BAU";"EUR/kWh";2040;"0.016";"Sensitivity | Current Policies | Removed CO2 price";"Electricity"
"OPEX";"Taxes";"NL";"Network Costs - MCS";"Tractor-Trailer";"BAU";"EUR/kWh";2040;"0.016";"Sensitivity | Current Policies | Removed CO2 price";"Electricity"
"OPEX";"Taxes";"PL";"Network Costs - MCS";"Rigid";"BAU";"EUR/kWh";2040;"0.019";"Sensitivity | Current Policies | Removed CO2 price";"Electricity"
"OPEX";"Taxes";"PL";"Network Costs - MCS";"Tractor-Trailer";"BAU";"EUR/kWh";2040;"0.019";"Sensitivity | Current Policies | Removed CO2 price";"Electricity"
"OPEX";"Taxes";"UK";"Network Costs - MCS";"Rigid";"BAU";"EUR/kWh";2040;"0.027";"Sensitivity | Current Policies | Removed CO2 price";"Electricity"
"OPEX";"Taxes";"UK";"Network Costs - MCS";"Tractor-Trailer";"BAU";"EUR/kWh";2040;"0.027";"Sensitivity | Current Policies | Removed CO2 price";"Electricity"
"OPEX";"Taxes";"DE";"Taxes, Fees, Levies and charges - MCS";"Rigid";"BAU";"EUR/kWh";2040;"0.056";"Sensitivity | Current Policies | Removed CO2 price";"Electricity"
"OPEX";"Taxes";"DE";"Taxes, Fees, Levies and charges - MCS";"Tractor-Trailer";"BAU";"EUR/kWh";2040;"0.056";"Sensitivity | Current Policies | Removed CO2 price";"Electricity"
"OPEX";"Taxes";"ES";"Taxes, Fees, Levies and charges - MCS";"Rigid";"BAU";"EUR/kWh";2040;"0.036";"Sensitivity | Current Policies | Removed CO2 price";"Electricity"
"OPEX";"Taxes";"ES";"Taxes, Fees, Levies and charges - MCS";"Tractor-Trailer";"BAU";"EUR/kWh";2040;"0.036";"Sensitivity | Current Policies | Removed CO2 price";"Electricity"
"OPEX";"Taxes";"FR";"Taxes, Fees, Levies and charges - MCS";"Rigid";"BAU";"EUR/kWh";2040;"0.03";"Sensitivity | Current Policies | Removed CO2 price";"Electricity"
"OPEX";"Taxes";"FR";"Taxes, Fees, Levies and charges - MCS";"Tractor-Trailer";"BAU";"EUR/kWh";2040;"0.03";"Sensitivity | Current Policies | Removed CO2 price";"Electricity"
"OPEX";"Taxes";"IT";"Taxes, Fees, Levies and charges - MCS";"Rigid";"BAU";"EUR/kWh";2040;"0.062";"Sensitivity | Current Policies | Removed CO2 price";"Electricity"
"OPEX";"Taxes";"IT";"Taxes, Fees, Levies and charges - MCS";"Tractor-Trailer";"BAU";"EUR/kWh";2040;"0.062";"Sensitivity | Current Policies | Removed CO2 price";"Electricity"
"OPEX";"Taxes";"NL";"Taxes, Fees, Levies and charges - MCS";"Rigid";"BAU";"EUR/kWh";2040;"0.055";"Sensitivity | Current Policies | Removed CO2 price";"Electricity"
"OPEX";"Taxes";"NL";"Taxes, Fees, Levies and charges - MCS";"Tractor-Trailer";"BAU";"EUR/kWh";2040;"0.055";"Sensitivity | Current Policies | Removed CO2 price";"Electricity"
"OPEX";"Taxes";"PL";"Taxes, Fees, Levies and charges - MCS";"Rigid";"BAU";"EUR/kWh";2040;"0.049";"Sensitivity | Current Policies | Removed CO2 price";"Electricity"
"OPEX";"Taxes";"PL";"Taxes, Fees, Levies and charges - MCS";"Tractor-Trailer";"BAU";"EUR/kWh";2040;"0.049";"Sensitivity | Current Policies | Removed CO2 price";"Electricity"
"OPEX";"Taxes";"UK";"Taxes, Fees, Levies and charges - MCS";"Rigid";"BAU";"EUR/kWh";2040;"0.077";"Sensitivity | Current Policies | Removed CO2 price";"Electricity"
"OPEX";"Taxes";"UK";"Taxes, Fees, Levies and charges - MCS";"Tractor-Trailer";"BAU";"EUR/kWh";2040;"0.077";"Sensitivity | Current Policies | Removed CO2 price";"Electricity"
"OPEX";"Taxes";"DE";"Network Costs - Depot";"Rigid";"BAU";"EUR/kWh";2040;"0.034";"Sensitivity | Current Policies | Removed CO2 price";"Electricity"
"OPEX";"Taxes";"DE";"Network Costs - Depot";"Tractor-Trailer";"BAU";"EUR/kWh";2040;"0.034";"Sensitivity | Current Policies | Removed CO2 price";"Electricity"
"OPEX";"Taxes";"ES";"Network Costs - Depot";"Rigid";"BAU";"EUR/kWh";2040;"0.018";"Sensitivity | Current Policies | Removed CO2 price";"Electricity"
"OPEX";"Taxes";"ES";"Network Costs - Depot";"Tractor-Trailer";"BAU";"EUR/kWh";2040;"0.018";"Sensitivity | Current Policies | Removed CO2 price";"Electricity"
"OPEX";"Taxes";"FR";"Network Costs - Depot";"Rigid";"BAU";"EUR/kWh";2040;"0.018";"Sensitivity | Current Policies | Removed CO2 price";"Electricity"
"OPEX";"Taxes";"FR";"Network Costs - Depot";"Tractor-Trailer";"BAU";"EUR/kWh";2040;"0.018";"Sensitivity | Current Policies | Removed CO2 price";"Electricity"
"OPEX";"Taxes";"IT";"Network Costs - Depot";"Rigid";"BAU";"EUR/kWh";2040;"0.016";"Sensitivity | Current Policies | Removed CO2 price";"Electricity"
"OPEX";"Taxes";"IT";"Network Costs - Depot";"Tractor-Trailer";"BAU";"EUR/kWh";2040;"0.016";"Sensitivity | Current Policies | Removed CO2 price";"Electricity"
"OPEX";"Taxes";"NL";"Network Costs - Depot";"Rigid";"BAU";"EUR/kWh";2040;"0.016";"Sensitivity | Current Policies | Removed CO2 price";"Electricity"
"OPEX";"Taxes";"NL";"Network Costs - Depot";"Tractor-Trailer";"BAU";"EUR/kWh";2040;"0.016";"Sensitivity | Current Policies | Removed CO2 price";"Electricity"
"OPEX";"Taxes";"PL";"Network Costs - Depot";"Rigid";"BAU";"EUR/kWh";2040;"0.019";"Sensitivity | Current Policies | Removed CO2 price";"Electricity"
"OPEX";"Taxes";"PL";"Network Costs - Depot";"Tractor-Trailer";"BAU";"EUR/kWh";2040;"0.019";"Sensitivity | Current Policies | Removed CO2 price";"Electricity"
"OPEX";"Taxes";"UK";"Network Costs - Depot";"Rigid";"BAU";"EUR/kWh";2040;"0.027";"Sensitivity | Current Policies | Removed CO2 price";"Electricity"
"OPEX";"Taxes";"UK";"Network Costs - Depot";"Tractor-Trailer";"BAU";"EUR/kWh";2040;"0.027";"Sensitivity | Current Policies | Removed CO2 price";"Electricity"
"OPEX";"Taxes";"DE";"Taxes, Fees, Levies and charges - Depot";"Rigid";"BAU";"EUR/kWh";2040;"0.056";"Sensitivity | Current Policies | Removed CO2 price";"Electricity"
"OPEX";"Taxes";"DE";"Taxes, Fees, Levies and charges - Depot";"Tractor-Trailer";"BAU";"EUR/kWh";2040;"0.056";"Sensitivity | Current Policies | Removed CO2 price";"Electricity"
"OPEX";"Taxes";"ES";"Taxes, Fees, Levies and charges - Depot";"Rigid";"BAU";"EUR/kWh";2040;"0.036";"Sensitivity | Current Policies | Removed CO2 price";"Electricity"
"OPEX";"Taxes";"ES";"Taxes, Fees, Levies and charges - Depot";"Tractor-Trailer";"BAU";"EUR/kWh";2040;"0.036";"Sensitivity | Current Policies | Removed CO2 price";"Electricity"
"OPEX";"Taxes";"FR";"Taxes, Fees, Levies and charges - Depot";"Rigid";"BAU";"EUR/kWh";2040;"0.03";"Sensitivity | Current Policies | Removed CO2 price";"Electricity"
"OPEX";"Taxes";"FR";"Taxes, Fees, Levies and charges - Depot";"Tractor-Trailer";"BAU";"EUR/kWh";2040;"0.03";"Sensitivity | Current Policies | Removed CO2 price";"Electricity"
"OPEX";"Taxes";"IT";"Taxes, Fees, Levies and charges - Depot";"Rigid";"BAU";"EUR/kWh";2040;"0.063";"Sensitivity | Current Policies | Removed CO2 price";"Electricity"
"OPEX";"Taxes";"IT";"Taxes, Fees, Levies and charges - Depot";"Tractor-Trailer";"BAU";"EUR/kWh";2040;"0.063";"Sensitivity | Current Policies | Removed CO2 price";"Electricity"
"OPEX";"Taxes";"NL";"Taxes, Fees, Levies and charges - Depot";"Rigid";"BAU";"EUR/kWh";2040;"0.055";"Sensitivity | Current Policies | Removed CO2 price";"Electricity"
"OPEX";"Taxes";"NL";"Taxes, Fees, Levies and charges - Depot";"Tractor-Trailer";"BAU";"EUR/kWh";2040;"0.055";"Sensitivity | Current Policies | Removed CO2 price";"Electricity"
"OPEX";"Taxes";"PL";"Taxes, Fees, Levies and charges - Depot";"Rigid";"BAU";"EUR/kWh";2040;"0.049";"Sensitivity | Current Policies | Removed CO2 price";"Electricity"
"OPEX";"Taxes";"PL";"Taxes, Fees, Levies and charges - Depot";"Tractor-Trailer";"BAU";"EUR/kWh";2040;"0.049";"Sensitivity | Current Policies | Removed CO2 price";"Electricity"
"OPEX";"Taxes";"UK";"Taxes, Fees, Levies and charges - Depot";"Rigid";"BAU";"EUR/kWh";2040;"0.077";"Sensitivity | Current Policies | Removed CO2 price";"Electricity"
"OPEX";"Taxes";"UK";"Taxes, Fees, Levies and charges - Depot";"Tractor-Trailer";"BAU";"EUR/kWh";2040;"0.077";"Sensitivity | Current Policies | Removed CO2 price";"Electricity"
"OPEX";"H2 Infrastructure";"DE";"HRS costs";"Rigid";"BAU";"EUR/kg H2";2040;"1.2";"Sensitivity | Current Policies | Removed CO2 price";"Hydrogen"
"OPEX";"H2 Infrastructure";"DE";"HRS costs";"Tractor-Trailer";"BAU";"EUR/kg H2";2040;"1.2";"Sensitivity | Current Policies | Removed CO2 price";"Hydrogen"
"OPEX";"H2 Infrastructure";"ES";"HRS costs";"Rigid";"BAU";"EUR/kg H2";2040;"1.2";"Sensitivity | Current Policies | Removed CO2 price";"Hydrogen"
"OPEX";"H2 Infrastructure";"ES";"HRS costs";"Tractor-Trailer";"BAU";"EUR/kg H2";2040;"1.2";"Sensitivity | Current Policies | Removed CO2 price";"Hydrogen"
"OPEX";"H2 Infrastructure";"FR";"HRS costs";"Rigid";"BAU";"EUR/kg H2";2040;"1.2";"Sensitivity | Current Policies | Removed CO2 price";"Hydrogen"
"OPEX";"H2 Infrastructure";"FR";"HRS costs";"Tractor-Trailer";"BAU";"EUR/kg H2";2040;"1.2";"Sensitivity | Current Policies | Removed CO2 price";"Hydrogen"
"OPEX";"H2 Infrastructure";"IT";"HRS costs";"Rigid";"BAU";"EUR/kg H2";2040;"1.2";"Sensitivity | Current Policies | Removed CO2 price";"Hydrogen"
"OPEX";"H2 Infrastructure";"IT";"HRS costs";"Tractor-Trailer";"BAU";"EUR/kg H2";2040;"1.2";"Sensitivity | Current Policies | Removed CO2 price";"Hydrogen"
"OPEX";"H2 Infrastructure";"NL";"HRS costs";"Rigid";"BAU";"EUR/kg H2";2040;"1.2";"Sensitivity | Current Policies | Removed CO2 price";"Hydrogen"
"OPEX";"H2 Infrastructure";"NL";"HRS costs";"Tractor-Trailer";"BAU";"EUR/kg H2";2040;"1.2";"Sensitivity | Current Policies | Removed CO2 price";"Hydrogen"
"OPEX";"H2 Infrastructure";"PL";"HRS costs";"Rigid";"BAU";"EUR/kg H2";2040;"1.2";"Sensitivity | Current Policies | Removed CO2 price";"Hydrogen"
"OPEX";"H2 Infrastructure";"PL";"HRS costs";"Tractor-Trailer";"BAU";"EUR/kg H2";2040;"1.2";"Sensitivity | Current Policies | Removed CO2 price";"Hydrogen"
"OPEX";"H2 Infrastructure";"UK";"HRS costs";"Rigid";"BAU";"EUR/kg H2";2040;"1.2";"Sensitivity | Current Policies | Removed CO2 price";"Hydrogen"
"OPEX";"H2 Infrastructure";"UK";"HRS costs";"Tractor-Trailer";"BAU";"EUR/kg H2";2040;"1.2";"Sensitivity | Current Policies | Removed CO2 price";"Hydrogen"
"OPEX";"H2 Infrastructure";"DE";"H2 transport and distribution";"Rigid";"BAU";"EUR/kg H2";2040;"1.167";"Sensitivity | Current Policies | Removed CO2 price";"Hydrogen"
"OPEX";"H2 Infrastructure";"DE";"H2 transport and distribution";"Tractor-Trailer";"BAU";"EUR/kg H2";2040;"1.167";"Sensitivity | Current Policies | Removed CO2 price";"Hydrogen"
"OPEX";"H2 Infrastructure";"ES";"H2 transport and distribution";"Rigid";"BAU";"EUR/kg H2";2040;"1.167";"Sensitivity | Current Policies | Removed CO2 price";"Hydrogen"
"OPEX";"H2 Infrastructure";"ES";"H2 transport and distribution";"Tractor-Trailer";"BAU";"EUR/kg H2";2040;"1.167";"Sensitivity | Current Policies | Removed CO2 price";"Hydrogen"
"OPEX";"H2 Infrastructure";"FR";"H2 transport and distribution";"Rigid";"BAU";"EUR/kg H2";2040;"1.167";"Sensitivity | Current Policies | Removed CO2 price";"Hydrogen"
"OPEX";"H2 Infrastructure";"FR";"H2 transport and distribution";"Tractor-Trailer";"BAU";"EUR/kg H2";2040;"1.167";"Sensitivity | Current Policies | Removed CO2 price";"Hydrogen"
"OPEX";"H2 Infrastructure";"IT";"H2 transport and distribution";"Rigid";"BAU";"EUR/kg H2";2040;"1.167";"Sensitivity | Current Policies | Removed CO2 price";"Hydrogen"
"OPEX";"H2 Infrastructure";"IT";"H2 transport and distribution";"Tractor-Trailer";"BAU";"EUR/kg H2";2040;"1.167";"Sensitivity | Current Policies | Removed CO2 price";"Hydrogen"
"OPEX";"H2 Infrastructure";"NL";"H2 transport and distribution";"Rigid";"BAU";"EUR/kg H2";2040;"1.167";"Sensitivity | Current Policies | Removed CO2 price";"Hydrogen"
"OPEX";"H2 Infrastructure";"NL";"H2 transport and distribution";"Tractor-Trailer";"BAU";"EUR/kg H2";2040;"1.167";"Sensitivity | Current Policies | Removed CO2 price";"Hydrogen"
"OPEX";"H2 Infrastructure";"PL";"H2 transport and distribution";"Rigid";"BAU";"EUR/kg H2";2040;"1.167";"Sensitivity | Current Policies | Removed CO2 price";"Hydrogen"
"OPEX";"H2 Infrastructure";"PL";"H2 transport and distribution";"Tractor-Trailer";"BAU";"EUR/kg H2";2040;"1.167";"Sensitivity | Current Policies | Removed CO2 price";"Hydrogen"
"OPEX";"H2 Infrastructure";"UK";"H2 transport and distribution";"Rigid";"BAU";"EUR/kg H2";2040;"1.167";"Sensitivity | Current Policies | Removed CO2 price";"Hydrogen"
"OPEX";"H2 Infrastructure";"UK";"H2 transport and distribution";"Tractor-Trailer";"BAU";"EUR/kg H2";2040;"1.167";"Sensitivity | Current Policies | Removed CO2 price";"Hydrogen"
"OPEX";"H2 Infrastructure";"DE";"HRS Overhead, Profit and Mark-Up";"Rigid";"BAU";"EUR/kg H2";2040;"0.25";"Sensitivity | Current Policies | Removed CO2 price";"Hydrogen"
"OPEX";"H2 Infrastructure";"DE";"HRS Overhead, Profit and Mark-Up";"Tractor-Trailer";"BAU";"EUR/kg H2";2040;"0.25";"Sensitivity | Current Policies | Removed CO2 price";"Hydrogen"
"OPEX";"H2 Infrastructure";"ES";"HRS Overhead, Profit and Mark-Up";"Rigid";"BAU";"EUR/kg H2";2040;"0.25";"Sensitivity | Current Policies | Removed CO2 price";"Hydrogen"
"OPEX";"H2 Infrastructure";"ES";"HRS Overhead, Profit and Mark-Up";"Tractor-Trailer";"BAU";"EUR/kg H2";2040;"0.25";"Sensitivity | Current Policies | Removed CO2 price";"Hydrogen"
"OPEX";"H2 Infrastructure";"FR";"HRS Overhead, Profit and Mark-Up";"Rigid";"BAU";"EUR/kg H2";2040;"0.25";"Sensitivity | Current Policies | Removed CO2 price";"Hydrogen"
"OPEX";"H2 Infrastructure";"FR";"HRS Overhead, Profit and Mark-Up";"Tractor-Trailer";"BAU";"EUR/kg H2";2040;"0.25";"Sensitivity | Current Policies | Removed CO2 price";"Hydrogen"
"OPEX";"H2 Infrastructure";"IT";"HRS Overhead, Profit and Mark-Up";"Rigid";"BAU";"EUR/kg H2";2040;"0.25";"Sensitivity | Current Policies | Removed CO2 price";"Hydrogen"
"OPEX";"H2 Infrastructure";"IT";"HRS Overhead, Profit and Mark-Up";"Tractor-Trailer";"BAU";"EUR/kg H2";2040;"0.25";"Sensitivity | Current Policies | Removed CO2 price";"Hydrogen"
"OPEX";"H2 Infrastructure";"NL";"HRS Overhead, Profit and Mark-Up";"Rigid";"BAU";"EUR/kg H2";2040;"0.25";"Sensitivity | Current Policies | Removed CO2 price";"Hydrogen"
"OPEX";"H2 Infrastructure";"NL";"HRS Overhead, Profit and Mark-Up";"Tractor-Trailer";"BAU";"EUR/kg H2";2040;"0.25";"Sensitivity | Current Policies | Removed CO2 price";"Hydrogen"
"OPEX";"H2 Infrastructure";"PL";"HRS Overhead, Profit and Mark-Up";"Rigid";"BAU";"EUR/kg H2";2040;"0.25";"Sensitivity | Current Policies | Removed CO2 price";"Hydrogen"
"OPEX";"H2 Infrastructure";"PL";"HRS Overhead, Profit and Mark-Up";"Tractor-Trailer";"BAU";"EUR/kg H2";2040;"0.25";"Sensitivity | Current Policies | Removed CO2 price";"Hydrogen"
"OPEX";"H2 Infrastructure";"UK";"HRS Overhead, Profit and Mark-Up";"Rigid";"BAU";"EUR/kg H2";2040;"0.25";"Sensitivity | Current Policies | Removed CO2 price";"Hydrogen"
"OPEX";"H2 Infrastructure";"UK";"HRS Overhead, Profit and Mark-Up";"Tractor-Trailer";"BAU";"EUR/kg H2";2040;"0.25";"Sensitivity | Current Policies | Removed CO2 price";"Hydrogen"
"OPEX";"Charging Infrastructure";"DE";"MCS Station (Public Charging) - Incl. Overhead";"Rigid";"BAU";"EUR/kWh";2040;"0.043";"Sensitivity | Current Policies | Removed CO2 price";"Electricity"
"OPEX";"Charging Infrastructure";"DE";"MCS Station (Public Charging) - Incl. Overhead";"Tractor-Trailer";"BAU";"EUR/kWh";2040;"0.043";"Sensitivity | Current Policies | Removed CO2 price";"Electricity"
"OPEX";"Charging Infrastructure";"ES";"MCS Station (Public Charging) - Incl. Overhead";"Rigid";"BAU";"EUR/kWh";2040;"0.043";"Sensitivity | Current Policies | Removed CO2 price";"Electricity"
"OPEX";"Charging Infrastructure";"ES";"MCS Station (Public Charging) - Incl. Overhead";"Tractor-Trailer";"BAU";"EUR/kWh";2040;"0.043";"Sensitivity | Current Policies | Removed CO2 price";"Electricity"
"OPEX";"Charging Infrastructure";"FR";"MCS Station (Public Charging) - Incl. Overhead";"Rigid";"BAU";"EUR/kWh";2040;"0.043";"Sensitivity | Current Policies | Removed CO2 price";"Electricity"
"OPEX";"Charging Infrastructure";"FR";"MCS Station (Public Charging) - Incl. Overhead";"Tractor-Trailer";"BAU";"EUR/kWh";2040;"0.043";"Sensitivity | Current Policies | Removed CO2 price";"Electricity"
"OPEX";"Charging Infrastructure";"IT";"MCS Station (Public Charging) - Incl. Overhead";"Rigid";"BAU";"EUR/kWh";2040;"0.043";"Sensitivity | Current Policies | Removed CO2 price";"Electricity"
"OPEX";"Charging Infrastructure";"IT";"MCS Station (Public Charging) - Incl. Overhead";"Tractor-Trailer";"BAU";"EUR/kWh";2040;"0.043";"Sensitivity | Current Policies | Removed CO2 price";"Electricity"
"OPEX";"Charging Infrastructure";"NL";"MCS Station (Public Charging) - Incl. Overhead";"Rigid";"BAU";"EUR/kWh";2040;"0.043";"Sensitivity | Current Policies | Removed CO2 price";"Electricity"
"OPEX";"Charging Infrastructure";"NL";"MCS Station (Public Charging) - Incl. Overhead";"Tractor-Trailer";"BAU";"EUR/kWh";2040;"0.043";"Sensitivity | Current Policies | Removed CO2 price";"Electricity"
"OPEX";"Charging Infrastructure";"PL";"MCS Station (Public Charging) - Incl. Overhead";"Rigid";"BAU";"EUR/kWh";2040;"0.043";"Sensitivity | Current Policies | Removed CO2 price";"Electricity"
"OPEX";"Charging Infrastructure";"PL";"MCS Station (Public Charging) - Incl. Overhead";"Tractor-Trailer";"BAU";"EUR/kWh";2040;"0.043";"Sensitivity | Current Policies | Removed CO2 price";"Electricity"
"OPEX";"Charging Infrastructure";"UK";"MCS Station (Public Charging) - Incl. Overhead";"Rigid";"BAU";"EUR/kWh";2040;"0.043";"Sensitivity | Current Policies | Removed CO2 price";"Electricity"
"OPEX";"Charging Infrastructure";"UK";"MCS Station (Public Charging) - Incl. Overhead";"Tractor-Trailer";"BAU";"EUR/kWh";2040;"0.043";"Sensitivity | Current Policies | Removed CO2 price";"Electricity"
"OPEX";"Charging Infrastructure";"DE";"Share MCS-Charging";"Rigid";"BAU";"%";2040;"0.2";"Sensitivity | Current Policies | Removed CO2 price";"Electricity"
"OPEX";"Charging Infrastructure";"DE";"Share MCS-Charging";"Tractor-Trailer";"BAU";"%";2040;"0.2";"Sensitivity | Current Policies | Removed CO2 price";"Electricity"
"OPEX";"Charging Infrastructure";"ES";"Share MCS-Charging";"Rigid";"BAU";"%";2040;"0.2";"Sensitivity | Current Policies | Removed CO2 price";"Electricity"
"OPEX";"Charging Infrastructure";"ES";"Share MCS-Charging";"Tractor-Trailer";"BAU";"%";2040;"0.2";"Sensitivity | Current Policies | Removed CO2 price";"Electricity"
"OPEX";"Charging Infrastructure";"FR";"Share MCS-Charging";"Rigid";"BAU";"%";2040;"0.2";"Sensitivity | Current Policies | Removed CO2 price";"Electricity"
"OPEX";"Charging Infrastructure";"FR";"Share MCS-Charging";"Tractor-Trailer";"BAU";"%";2040;"0.2";"Sensitivity | Current Policies | Removed CO2 price";"Electricity"
"OPEX";"Charging Infrastructure";"IT";"Share MCS-Charging";"Rigid";"BAU";"%";2040;"0.2";"Sensitivity | Current Policies | Removed CO2 price";"Electricity"
"OPEX";"Charging Infrastructure";"IT";"Share MCS-Charging";"Tractor-Trailer";"BAU";"%";2040;"0.2";"Sensitivity | Current Policies | Removed CO2 price";"Electricity"
"OPEX";"Charging Infrastructure";"NL";"Share MCS-Charging";"Rigid";"BAU";"%";2040;"0.2";"Sensitivity | Current Policies | Removed CO2 price";"Electricity"
"OPEX";"Charging Infrastructure";"NL";"Share MCS-Charging";"Tractor-Trailer";"BAU";"%";2040;"0.2";"Sensitivity | Current Policies | Removed CO2 price";"Electricity"
"OPEX";"Charging Infrastructure";"PL";"Share MCS-Charging";"Rigid";"BAU";"%";2040;"0.2";"Sensitivity | Current Policies | Removed CO2 price";"Electricity"
"OPEX";"Charging Infrastructure";"PL";"Share MCS-Charging";"Tractor-Trailer";"BAU";"%";2040;"0.2";"Sensitivity | Current Policies | Removed CO2 price";"Electricity"
"OPEX";"Charging Infrastructure";"UK";"Share MCS-Charging";"Rigid";"BAU";"%";2040;"0.2";"Sensitivity | Current Policies | Removed CO2 price";"Electricity"
"OPEX";"Charging Infrastructure";"UK";"Share MCS-Charging";"Tractor-Trailer";"BAU";"%";2040;"0.2";"Sensitivity | Current Policies | Removed CO2 price";"Electricity"
"OPEX";"Charging Infrastructure";"DE";"Depot - Network fees savings potential";"Rigid";"BAU";"EUR/kWh";2040;"0";"Sensitivity | Current Policies | Removed CO2 price";"Electricity"
"OPEX";"Charging Infrastructure";"DE";"Depot - Network fees savings potential";"Tractor-Trailer";"BAU";"EUR/kWh";2040;"0";"Sensitivity | Current Policies | Removed CO2 price";"Electricity"
"OPEX";"Charging Infrastructure";"ES";"Depot - Network fees savings potential";"Rigid";"BAU";"EUR/kWh";2040;"0";"Sensitivity | Current Policies | Removed CO2 price";"Electricity"
"OPEX";"Charging Infrastructure";"ES";"Depot - Network fees savings potential";"Tractor-Trailer";"BAU";"EUR/kWh";2040;"0";"Sensitivity | Current Policies | Removed CO2 price";"Electricity"
"OPEX";"Charging Infrastructure";"FR";"Depot - Network fees savings potential";"Rigid";"BAU";"EUR/kWh";2040;"0";"Sensitivity | Current Policies | Removed CO2 price";"Electricity"
"OPEX";"Charging Infrastructure";"FR";"Depot - Network fees savings potential";"Tractor-Trailer";"BAU";"EUR/kWh";2040;"0";"Sensitivity | Current Policies | Removed CO2 price";"Electricity"
"OPEX";"Charging Infrastructure";"IT";"Depot - Network fees savings potential";"Rigid";"BAU";"EUR/kWh";2040;"0";"Sensitivity | Current Policies | Removed CO2 price";"Electricity"
"OPEX";"Charging Infrastructure";"IT";"Depot - Network fees savings potential";"Tractor-Trailer";"BAU";"EUR/kWh";2040;"0";"Sensitivity | Current Policies | Removed CO2 price";"Electricity"
"OPEX";"Charging Infrastructure";"NL";"Depot - Network fees savings potential";"Rigid";"BAU";"EUR/kWh";2040;"0";"Sensitivity | Current Policies | Removed CO2 price";"Electricity"
"OPEX";"Charging Infrastructure";"NL";"Depot - Network fees savings potential";"Tractor-Trailer";"BAU";"EUR/kWh";2040;"0";"Sensitivity | Current Policies | Removed CO2 price";"Electricity"
"OPEX";"Charging Infrastructure";"PL";"Depot - Network fees savings potential";"Rigid";"BAU";"EUR/kWh";2040;"0";"Sensitivity | Current Policies | Removed CO2 price";"Electricity"
"OPEX";"Charging Infrastructure";"PL";"Depot - Network fees savings potential";"Tractor-Trailer";"BAU";"EUR/kWh";2040;"0";"Sensitivity | Current Policies | Removed CO2 price";"Electricity"
"OPEX";"Charging Infrastructure";"UK";"Depot - Network fees savings potential";"Rigid";"BAU";"EUR/kWh";2040;"0";"Sensitivity | Current Policies | Removed CO2 price";"Electricity"
"OPEX";"Charging Infrastructure";"UK";"Depot - Network fees savings potential";"Tractor-Trailer";"BAU";"EUR/kWh";2040;"0";"Sensitivity | Current Policies | Removed CO2 price";"Electricity"
"OPEX";"Taxes";"DE";"Tax reduction";"Rigid";"BAU";"%";2040;"0";"Sensitivity | Current Policies | Removed CO2 price";"Hydrogen"
"OPEX";"Taxes";"DE";"Tax reduction";"Tractor-Trailer";"BAU";"%";2040;"0";"Sensitivity | Current Policies | Removed CO2 price";"Hydrogen"
"OPEX";"Taxes";"ES";"Tax reduction";"Rigid";"BAU";"%";2040;"0";"Sensitivity | Current Policies | Removed CO2 price";"Hydrogen"
"OPEX";"Taxes";"ES";"Tax reduction";"Tractor-Trailer";"BAU";"%";2040;"0";"Sensitivity | Current Policies | Removed CO2 price";"Hydrogen"
"OPEX";"Taxes";"FR";"Tax reduction";"Rigid";"BAU";"%";2040;"0";"Sensitivity | Current Policies | Removed CO2 price";"Hydrogen"
"OPEX";"Taxes";"FR";"Tax reduction";"Tractor-Trailer";"BAU";"%";2040;"0";"Sensitivity | Current Policies | Removed CO2 price";"Hydrogen"
"OPEX";"Taxes";"IT";"Tax reduction";"Rigid";"BAU";"%";2040;"0";"Sensitivity | Current Policies | Removed CO2 price";"Hydrogen"
"OPEX";"Taxes";"IT";"Tax reduction";"Tractor-Trailer";"BAU";"%";2040;"0";"Sensitivity | Current Policies | Removed CO2 price";"Hydrogen"
"OPEX";"Taxes";"NL";"Tax reduction";"Rigid";"BAU";"%";2040;"0";"Sensitivity | Current Policies | Removed CO2 price";"Hydrogen"
"OPEX";"Taxes";"NL";"Tax reduction";"Tractor-Trailer";"BAU";"%";2040;"0";"Sensitivity | Current Policies | Removed CO2 price";"Hydrogen"
"OPEX";"Taxes";"PL";"Tax reduction";"Rigid";"BAU";"%";2040;"0";"Sensitivity | Current Policies | Removed CO2 price";"Hydrogen"
"OPEX";"Taxes";"PL";"Tax reduction";"Tractor-Trailer";"BAU";"%";2040;"0";"Sensitivity | Current Policies | Removed CO2 price";"Hydrogen"
"OPEX";"Taxes";"UK";"Tax reduction";"Rigid";"BAU";"%";2040;"0";"Sensitivity | Current Policies | Removed CO2 price";"Hydrogen"
"OPEX";"Taxes";"UK";"Tax reduction";"Tractor-Trailer";"BAU";"%";2040;"0";"Sensitivity | Current Policies | Removed CO2 price";"Hydrogen"
"OPEX";"Taxes";"DE";"Increasing grid fees";"Rigid";"PROG";"%";2040;"0.2";"Sensitivity | Current Policies | Removed CO2 price";"Electricity"
"OPEX";"Taxes";"DE";"Increasing grid fees";"Tractor-Trailer";"PROG";"%";2040;"0.2";"Sensitivity | Current Policies | Removed CO2 price";"Electricity"
"OPEX";"Taxes";"ES";"Increasing grid fees";"Rigid";"PROG";"%";2040;"0.2";"Sensitivity | Current Policies | Removed CO2 price";"Electricity"
"OPEX";"Taxes";"ES";"Increasing grid fees";"Tractor-Trailer";"PROG";"%";2040;"0.2";"Sensitivity | Current Policies | Removed CO2 price";"Electricity"
"OPEX";"Taxes";"FR";"Increasing grid fees";"Rigid";"PROG";"%";2040;"0.2";"Sensitivity | Current Policies | Removed CO2 price";"Electricity"
"OPEX";"Taxes";"FR";"Increasing grid fees";"Tractor-Trailer";"PROG";"%";2040;"0.2";"Sensitivity | Current Policies | Removed CO2 price";"Electricity"
"OPEX";"Taxes";"IT";"Increasing grid fees";"Rigid";"PROG";"%";2040;"0.2";"Sensitivity | Current Policies | Removed CO2 price";"Electricity"
"OPEX";"Taxes";"IT";"Increasing grid fees";"Tractor-Trailer";"PROG";"%";2040;"0.2";"Sensitivity | Current Policies | Removed CO2 price";"Electricity"
"OPEX";"Taxes";"NL";"Increasing grid fees";"Rigid";"PROG";"%";2040;"0.2";"Sensitivity | Current Policies | Removed CO2 price";"Electricity"
"OPEX";"Taxes";"NL";"Increasing grid fees";"Tractor-Trailer";"PROG";"%";2040;"0.2";"Sensitivity | Current Policies | Removed CO2 price";"Electricity"
"OPEX";"Taxes";"PL";"Increasing grid fees";"Rigid";"PROG";"%";2040;"0.2";"Sensitivity | Current Policies | Removed CO2 price";"Electricity"
"OPEX";"Taxes";"PL";"Increasing grid fees";"Tractor-Trailer";"PROG";"%";2040;"0.2";"Sensitivity | Current Policies | Removed CO2 price";"Electricity"
"OPEX";"Taxes";"UK";"Increasing grid fees";"Rigid";"PROG";"%";2040;"0.2";"Sensitivity | Current Policies | Removed CO2 price";"Electricity"
"OPEX";"Taxes";"UK";"Increasing grid fees";"Tractor-Trailer";"PROG";"%";2040;"0.2";"Sensitivity | Current Policies | Removed CO2 price";"Electricity"
"OPEX";"Taxes";"DE";"Increasing grid fees";"Rigid";"BAU";"%";2040;"0.333";"Sensitivity | Current Policies | Removed CO2 price";"Electricity"
"OPEX";"Taxes";"DE";"Increasing grid fees";"Tractor-Trailer";"BAU";"%";2040;"0.333";"Sensitivity | Current Policies | Removed CO2 price";"Electricity"
"OPEX";"Taxes";"ES";"Increasing grid fees";"Rigid";"BAU";"%";2040;"0.333";"Sensitivity | Current Policies | Removed CO2 price";"Electricity"
"OPEX";"Taxes";"ES";"Increasing grid fees";"Tractor-Trailer";"BAU";"%";2040;"0.333";"Sensitivity | Current Policies | Removed CO2 price";"Electricity"
"OPEX";"Taxes";"FR";"Increasing grid fees";"Rigid";"BAU";"%";2040;"0.333";"Sensitivity | Current Policies | Removed CO2 price";"Electricity"
"OPEX";"Taxes";"FR";"Increasing grid fees";"Tractor-Trailer";"BAU";"%";2040;"0.333";"Sensitivity | Current Policies | Removed CO2 price";"Electricity"
"OPEX";"Taxes";"IT";"Increasing grid fees";"Rigid";"BAU";"%";2040;"0.333";"Sensitivity | Current Policies | Removed CO2 price";"Electricity"
"OPEX";"Taxes";"IT";"Increasing grid fees";"Tractor-Trailer";"BAU";"%";2040;"0.333";"Sensitivity | Current Policies | Removed CO2 price";"Electricity"
"OPEX";"Taxes";"NL";"Increasing grid fees";"Rigid";"BAU";"%";2040;"0.333";"Sensitivity | Current Policies | Removed CO2 price";"Electricity"
"OPEX";"Taxes";"NL";"Increasing grid fees";"Tractor-Trailer";"BAU";"%";2040;"0.333";"Sensitivity | Current Policies | Removed CO2 price";"Electricity"
"OPEX";"Taxes";"PL";"Increasing grid fees";"Rigid";"BAU";"%";2040;"0.333";"Sensitivity | Current Policies | Removed CO2 price";"Electricity"
"OPEX";"Taxes";"PL";"Increasing grid fees";"Tractor-Trailer";"BAU";"%";2040;"0.333";"Sensitivity | Current Policies | Removed CO2 price";"Electricity"
"OPEX";"Taxes";"UK";"Increasing grid fees";"Rigid";"BAU";"%";2040;"0.333";"Sensitivity | Current Policies | Removed CO2 price";"Electricity"
"OPEX";"Taxes";"UK";"Increasing grid fees";"Tractor-Trailer";"BAU";"%";2040;"0.333";"Sensitivity | Current Policies | Removed CO2 price";"Electricity"
"OPEX";"Taxes";"DE";"Network Costs - MCS";"Rigid";"PROG";"EUR/kWh";2045;"0.026";"Sensitivity | Current Policies | Removed CO2 price";"Electricity"
"OPEX";"Taxes";"DE";"Network Costs - MCS";"Tractor-Trailer";"PROG";"EUR/kWh";2045;"0.026";"Sensitivity | Current Policies | Removed CO2 price";"Electricity"
"OPEX";"Taxes";"ES";"Network Costs - MCS";"Rigid";"PROG";"EUR/kWh";2045;"0.009";"Sensitivity | Current Policies | Removed CO2 price";"Electricity"
"OPEX";"Taxes";"ES";"Network Costs - MCS";"Tractor-Trailer";"PROG";"EUR/kWh";2045;"0.009";"Sensitivity | Current Policies | Removed CO2 price";"Electricity"
"OPEX";"Taxes";"FR";"Network Costs - MCS";"Rigid";"PROG";"EUR/kWh";2045;"0.014";"Sensitivity | Current Policies | Removed CO2 price";"Electricity"
"OPEX";"Taxes";"FR";"Network Costs - MCS";"Tractor-Trailer";"PROG";"EUR/kWh";2045;"0.014";"Sensitivity | Current Policies | Removed CO2 price";"Electricity"
"OPEX";"Taxes";"IT";"Network Costs - MCS";"Rigid";"PROG";"EUR/kWh";2045;"0.012";"Sensitivity | Current Policies | Removed CO2 price";"Electricity"
"OPEX";"Taxes";"IT";"Network Costs - MCS";"Tractor-Trailer";"PROG";"EUR/kWh";2045;"0.012";"Sensitivity | Current Policies | Removed CO2 price";"Electricity"
"OPEX";"Taxes";"NL";"Network Costs - MCS";"Rigid";"PROG";"EUR/kWh";2045;"0.015";"Sensitivity | Current Policies | Removed CO2 price";"Electricity"
"OPEX";"Taxes";"NL";"Network Costs - MCS";"Tractor-Trailer";"PROG";"EUR/kWh";2045;"0.015";"Sensitivity | Current Policies | Removed CO2 price";"Electricity"
"OPEX";"Taxes";"PL";"Network Costs - MCS";"Rigid";"PROG";"EUR/kWh";2045;"0.014";"Sensitivity | Current Policies | Removed CO2 price";"Electricity"
"OPEX";"Taxes";"PL";"Network Costs - MCS";"Tractor-Trailer";"PROG";"EUR/kWh";2045;"0.014";"Sensitivity | Current Policies | Removed CO2 price";"Electricity"
"OPEX";"Taxes";"UK";"Network Costs - MCS";"Rigid";"PROG";"EUR/kWh";2045;"0.018";"Sensitivity | Current Policies | Removed CO2 price";"Electricity"
"OPEX";"Taxes";"UK";"Network Costs - MCS";"Tractor-Trailer";"PROG";"EUR/kWh";2045;"0.018";"Sensitivity | Current Policies | Removed CO2 price";"Electricity"
"OPEX";"Taxes";"DE";"Taxes, Fees, Levies and charges - MCS";"Rigid";"PROG";"EUR/kWh";2045;"0.051";"Sensitivity | Current Policies | Removed CO2 price";"Electricity"
"OPEX";"Taxes";"DE";"Taxes, Fees, Levies and charges - MCS";"Tractor-Trailer";"PROG";"EUR/kWh";2045;"0.051";"Sensitivity | Current Policies | Removed CO2 price";"Electricity"
"OPEX";"Taxes";"ES";"Taxes, Fees, Levies and charges - MCS";"Rigid";"PROG";"EUR/kWh";2045;"0.026";"Sensitivity | Current Policies | Removed CO2 price";"Electricity"
"OPEX";"Taxes";"ES";"Taxes, Fees, Levies and charges - MCS";"Tractor-Trailer";"PROG";"EUR/kWh";2045;"0.026";"Sensitivity | Current Policies | Removed CO2 price";"Electricity"
"OPEX";"Taxes";"FR";"Taxes, Fees, Levies and charges - MCS";"Rigid";"PROG";"EUR/kWh";2045;"0.022";"Sensitivity | Current Policies | Removed CO2 price";"Electricity"
"OPEX";"Taxes";"FR";"Taxes, Fees, Levies and charges - MCS";"Tractor-Trailer";"PROG";"EUR/kWh";2045;"0.022";"Sensitivity | Current Policies | Removed CO2 price";"Electricity"
"OPEX";"Taxes";"IT";"Taxes, Fees, Levies and charges - MCS";"Rigid";"PROG";"EUR/kWh";2045;"0.034";"Sensitivity | Current Policies | Removed CO2 price";"Electricity"
"OPEX";"Taxes";"IT";"Taxes, Fees, Levies and charges - MCS";"Tractor-Trailer";"PROG";"EUR/kWh";2045;"0.034";"Sensitivity | Current Policies | Removed CO2 price";"Electricity"
"OPEX";"Taxes";"NL";"Taxes, Fees, Levies and charges - MCS";"Rigid";"PROG";"EUR/kWh";2045;"0.023";"Sensitivity | Current Policies | Removed CO2 price";"Electricity"
"OPEX";"Taxes";"NL";"Taxes, Fees, Levies and charges - MCS";"Tractor-Trailer";"PROG";"EUR/kWh";2045;"0.023";"Sensitivity | Current Policies | Removed CO2 price";"Electricity"
"OPEX";"Taxes";"PL";"Taxes, Fees, Levies and charges - MCS";"Rigid";"PROG";"EUR/kWh";2045;"0.045";"Sensitivity | Current Policies | Removed CO2 price";"Electricity"
"OPEX";"Taxes";"PL";"Taxes, Fees, Levies and charges - MCS";"Tractor-Trailer";"PROG";"EUR/kWh";2045;"0.045";"Sensitivity | Current Policies | Removed CO2 price";"Electricity"
"OPEX";"Taxes";"UK";"Taxes, Fees, Levies and charges - MCS";"Rigid";"PROG";"EUR/kWh";2045;"0.074";"Sensitivity | Current Policies | Removed CO2 price";"Electricity"
"OPEX";"Taxes";"UK";"Taxes, Fees, Levies and charges - MCS";"Tractor-Trailer";"PROG";"EUR/kWh";2045;"0.074";"Sensitivity | Current Policies | Removed CO2 price";"Electricity"
"OPEX";"Taxes";"DE";"Network Costs - Depot";"Rigid";"PROG";"EUR/kWh";2045;"0.034";"Sensitivity | Current Policies | Removed CO2 price";"Electricity"
"OPEX";"Taxes";"DE";"Network Costs - Depot";"Tractor-Trailer";"PROG";"EUR/kWh";2045;"0.034";"Sensitivity | Current Policies | Removed CO2 price";"Electricity"
"OPEX";"Taxes";"ES";"Network Costs - Depot";"Rigid";"PROG";"EUR/kWh";2045;"0.018";"Sensitivity | Current Policies | Removed CO2 price";"Electricity"
"OPEX";"Taxes";"ES";"Network Costs - Depot";"Tractor-Trailer";"PROG";"EUR/kWh";2045;"0.018";"Sensitivity | Current Policies | Removed CO2 price";"Electricity"
"OPEX";"Taxes";"FR";"Network Costs - Depot";"Rigid";"PROG";"EUR/kWh";2045;"0.018";"Sensitivity | Current Policies | Removed CO2 price";"Electricity"
"OPEX";"Taxes";"FR";"Network Costs - Depot";"Tractor-Trailer";"PROG";"EUR/kWh";2045;"0.018";"Sensitivity | Current Policies | Removed CO2 price";"Electricity"
"OPEX";"Taxes";"IT";"Network Costs - Depot";"Rigid";"PROG";"EUR/kWh";2045;"0.016";"Sensitivity | Current Policies | Removed CO2 price";"Electricity"
"OPEX";"Taxes";"IT";"Network Costs - Depot";"Tractor-Trailer";"PROG";"EUR/kWh";2045;"0.016";"Sensitivity | Current Policies | Removed CO2 price";"Electricity"
"OPEX";"Taxes";"NL";"Network Costs - Depot";"Rigid";"PROG";"EUR/kWh";2045;"0.016";"Sensitivity | Current Policies | Removed CO2 price";"Electricity"
"OPEX";"Taxes";"NL";"Network Costs - Depot";"Tractor-Trailer";"PROG";"EUR/kWh";2045;"0.016";"Sensitivity | Current Policies | Removed CO2 price";"Electricity"
"OPEX";"Taxes";"PL";"Network Costs - Depot";"Rigid";"PROG";"EUR/kWh";2045;"0.019";"Sensitivity | Current Policies | Removed CO2 price";"Electricity"
"OPEX";"Taxes";"PL";"Network Costs - Depot";"Tractor-Trailer";"PROG";"EUR/kWh";2045;"0.019";"Sensitivity | Current Policies | Removed CO2 price";"Electricity"
"OPEX";"Taxes";"UK";"Network Costs - Depot";"Rigid";"PROG";"EUR/kWh";2045;"0.027";"Sensitivity | Current Policies | Removed CO2 price";"Electricity"
"OPEX";"Taxes";"UK";"Network Costs - Depot";"Tractor-Trailer";"PROG";"EUR/kWh";2045;"0.027";"Sensitivity | Current Policies | Removed CO2 price";"Electricity"
"OPEX";"Taxes";"DE";"Taxes, Fees, Levies and charges - Depot";"Rigid";"PROG";"EUR/kWh";2045;"0.056";"Sensitivity | Current Policies | Removed CO2 price";"Electricity"
"OPEX";"Taxes";"DE";"Taxes, Fees, Levies and charges - Depot";"Tractor-Trailer";"PROG";"EUR/kWh";2045;"0.056";"Sensitivity | Current Policies | Removed CO2 price";"Electricity"
"OPEX";"Taxes";"ES";"Taxes, Fees, Levies and charges - Depot";"Rigid";"PROG";"EUR/kWh";2045;"0.036";"Sensitivity | Current Policies | Removed CO2 price";"Electricity"
"OPEX";"Taxes";"ES";"Taxes, Fees, Levies and charges - Depot";"Tractor-Trailer";"PROG";"EUR/kWh";2045;"0.036";"Sensitivity | Current Policies | Removed CO2 price";"Electricity"
"OPEX";"Taxes";"FR";"Taxes, Fees, Levies and charges - Depot";"Rigid";"PROG";"EUR/kWh";2045;"0.03";"Sensitivity | Current Policies | Removed CO2 price";"Electricity"
"OPEX";"Taxes";"FR";"Taxes, Fees, Levies and charges - Depot";"Tractor-Trailer";"PROG";"EUR/kWh";2045;"0.03";"Sensitivity | Current Policies | Removed CO2 price";"Electricity"
"OPEX";"Taxes";"IT";"Taxes, Fees, Levies and charges - Depot";"Rigid";"PROG";"EUR/kWh";2045;"0.063";"Sensitivity | Current Policies | Removed CO2 price";"Electricity"
"OPEX";"Taxes";"IT";"Taxes, Fees, Levies and charges - Depot";"Tractor-Trailer";"PROG";"EUR/kWh";2045;"0.063";"Sensitivity | Current Policies | Removed CO2 price";"Electricity"
"OPEX";"Taxes";"NL";"Taxes, Fees, Levies and charges - Depot";"Rigid";"PROG";"EUR/kWh";2045;"0.055";"Sensitivity | Current Policies | Removed CO2 price";"Electricity"
"OPEX";"Taxes";"NL";"Taxes, Fees, Levies and charges - Depot";"Tractor-Trailer";"PROG";"EUR/kWh";2045;"0.055";"Sensitivity | Current Policies | Removed CO2 price";"Electricity"
"OPEX";"Taxes";"PL";"Taxes, Fees, Levies and charges - Depot";"Rigid";"PROG";"EUR/kWh";2045;"0.049";"Sensitivity | Current Policies | Removed CO2 price";"Electricity"
"OPEX";"Taxes";"PL";"Taxes, Fees, Levies and charges - Depot";"Tractor-Trailer";"PROG";"EUR/kWh";2045;"0.049";"Sensitivity | Current Policies | Removed CO2 price";"Electricity"
"OPEX";"Taxes";"UK";"Taxes, Fees, Levies and charges - Depot";"Rigid";"PROG";"EUR/kWh";2045;"0.077";"Sensitivity | Current Policies | Removed CO2 price";"Electricity"
"OPEX";"Taxes";"UK";"Taxes, Fees, Levies and charges - Depot";"Tractor-Trailer";"PROG";"EUR/kWh";2045;"0.077";"Sensitivity | Current Policies | Removed CO2 price";"Electricity"
"OPEX";"H2 Infrastructure";"DE";"HRS costs";"Rigid";"PROG";"EUR/kg H2";2045;"0.65";"Sensitivity | Current Policies | Removed CO2 price";"Hydrogen"
"OPEX";"H2 Infrastructure";"DE";"HRS costs";"Tractor-Trailer";"PROG";"EUR/kg H2";2045;"0.65";"Sensitivity | Current Policies | Removed CO2 price";"Hydrogen"
"OPEX";"H2 Infrastructure";"ES";"HRS costs";"Rigid";"PROG";"EUR/kg H2";2045;"0.65";"Sensitivity | Current Policies | Removed CO2 price";"Hydrogen"
"OPEX";"H2 Infrastructure";"ES";"HRS costs";"Tractor-Trailer";"PROG";"EUR/kg H2";2045;"0.65";"Sensitivity | Current Policies | Removed CO2 price";"Hydrogen"
"OPEX";"H2 Infrastructure";"FR";"HRS costs";"Rigid";"PROG";"EUR/kg H2";2045;"0.65";"Sensitivity | Current Policies | Removed CO2 price";"Hydrogen"
"OPEX";"H2 Infrastructure";"FR";"HRS costs";"Tractor-Trailer";"PROG";"EUR/kg H2";2045;"0.65";"Sensitivity | Current Policies | Removed CO2 price";"Hydrogen"
"OPEX";"H2 Infrastructure";"IT";"HRS costs";"Rigid";"PROG";"EUR/kg H2";2045;"0.65";"Sensitivity | Current Policies | Removed CO2 price";"Hydrogen"
"OPEX";"H2 Infrastructure";"IT";"HRS costs";"Tractor-Trailer";"PROG";"EUR/kg H2";2045;"0.65";"Sensitivity | Current Policies | Removed CO2 price";"Hydrogen"
"OPEX";"H2 Infrastructure";"NL";"HRS costs";"Rigid";"PROG";"EUR/kg H2";2045;"0.65";"Sensitivity | Current Policies | Removed CO2 price";"Hydrogen"
"OPEX";"H2 Infrastructure";"NL";"HRS costs";"Tractor-Trailer";"PROG";"EUR/kg H2";2045;"0.65";"Sensitivity | Current Policies | Removed CO2 price";"Hydrogen"
"OPEX";"H2 Infrastructure";"PL";"HRS costs";"Rigid";"PROG";"EUR/kg H2";2045;"0.65";"Sensitivity | Current Policies | Removed CO2 price";"Hydrogen"
"OPEX";"H2 Infrastructure";"PL";"HRS costs";"Tractor-Trailer";"PROG";"EUR/kg H2";2045;"0.65";"Sensitivity | Current Policies | Removed CO2 price";"Hydrogen"
"OPEX";"H2 Infrastructure";"UK";"HRS costs";"Rigid";"PROG";"EUR/kg H2";2045;"0.65";"Sensitivity | Current Policies | Removed CO2 price";"Hydrogen"
"OPEX";"H2 Infrastructure";"UK";"HRS costs";"Tractor-Trailer";"PROG";"EUR/kg H2";2045;"0.65";"Sensitivity | Current Policies | Removed CO2 price";"Hydrogen"
"OPEX";"H2 Infrastructure";"DE";"H2 transport and distribution";"Rigid";"PROG";"EUR/kg H2";2045;"0.667";"Sensitivity | Current Policies | Removed CO2 price";"Hydrogen"
"OPEX";"H2 Infrastructure";"DE";"H2 transport and distribution";"Tractor-Trailer";"PROG";"EUR/kg H2";2045;"0.667";"Sensitivity | Current Policies | Removed CO2 price";"Hydrogen"
"OPEX";"H2 Infrastructure";"ES";"H2 transport and distribution";"Rigid";"PROG";"EUR/kg H2";2045;"0.667";"Sensitivity | Current Policies | Removed CO2 price";"Hydrogen"
"OPEX";"H2 Infrastructure";"ES";"H2 transport and distribution";"Tractor-Trailer";"PROG";"EUR/kg H2";2045;"0.667";"Sensitivity | Current Policies | Removed CO2 price";"Hydrogen"
"OPEX";"H2 Infrastructure";"FR";"H2 transport and distribution";"Rigid";"PROG";"EUR/kg H2";2045;"0.667";"Sensitivity | Current Policies | Removed CO2 price";"Hydrogen"
"OPEX";"H2 Infrastructure";"FR";"H2 transport and distribution";"Tractor-Trailer";"PROG";"EUR/kg H2";2045;"0.667";"Sensitivity | Current Policies | Removed CO2 price";"Hydrogen"
"OPEX";"H2 Infrastructure";"IT";"H2 transport and distribution";"Rigid";"PROG";"EUR/kg H2";2045;"0.667";"Sensitivity | Current Policies | Removed CO2 price";"Hydrogen"
"OPEX";"H2 Infrastructure";"IT";"H2 transport and distribution";"Tractor-Trailer";"PROG";"EUR/kg H2";2045;"0.667";"Sensitivity | Current Policies | Removed CO2 price";"Hydrogen"
"OPEX";"H2 Infrastructure";"NL";"H2 transport and distribution";"Rigid";"PROG";"EUR/kg H2";2045;"0.667";"Sensitivity | Current Policies | Removed CO2 price";"Hydrogen"
"OPEX";"H2 Infrastructure";"NL";"H2 transport and distribution";"Tractor-Trailer";"PROG";"EUR/kg H2";2045;"0.667";"Sensitivity | Current Policies | Removed CO2 price";"Hydrogen"
"OPEX";"H2 Infrastructure";"PL";"H2 transport and distribution";"Rigid";"PROG";"EUR/kg H2";2045;"0.667";"Sensitivity | Current Policies | Removed CO2 price";"Hydrogen"
"OPEX";"H2 Infrastructure";"PL";"H2 transport and distribution";"Tractor-Trailer";"PROG";"EUR/kg H2";2045;"0.667";"Sensitivity | Current Policies | Removed CO2 price";"Hydrogen"
"OPEX";"H2 Infrastructure";"UK";"H2 transport and distribution";"Rigid";"PROG";"EUR/kg H2";2045;"0.667";"Sensitivity | Current Policies | Removed CO2 price";"Hydrogen"
"OPEX";"H2 Infrastructure";"UK";"H2 transport and distribution";"Tractor-Trailer";"PROG";"EUR/kg H2";2045;"0.667";"Sensitivity | Current Policies | Removed CO2 price";"Hydrogen"
"OPEX";"H2 Infrastructure";"DE";"HRS Overhead, Profit and Mark-Up";"Rigid";"PROG";"EUR/kg H2";2045;"0.25";"Sensitivity | Current Policies | Removed CO2 price";"Hydrogen"
"OPEX";"H2 Infrastructure";"DE";"HRS Overhead, Profit and Mark-Up";"Tractor-Trailer";"PROG";"EUR/kg H2";2045;"0.25";"Sensitivity | Current Policies | Removed CO2 price";"Hydrogen"
"OPEX";"H2 Infrastructure";"ES";"HRS Overhead, Profit and Mark-Up";"Rigid";"PROG";"EUR/kg H2";2045;"0.25";"Sensitivity | Current Policies | Removed CO2 price";"Hydrogen"
"OPEX";"H2 Infrastructure";"ES";"HRS Overhead, Profit and Mark-Up";"Tractor-Trailer";"PROG";"EUR/kg H2";2045;"0.25";"Sensitivity | Current Policies | Removed CO2 price";"Hydrogen"
"OPEX";"H2 Infrastructure";"FR";"HRS Overhead, Profit and Mark-Up";"Rigid";"PROG";"EUR/kg H2";2045;"0.25";"Sensitivity | Current Policies | Removed CO2 price";"Hydrogen"
"OPEX";"H2 Infrastructure";"FR";"HRS Overhead, Profit and Mark-Up";"Tractor-Trailer";"PROG";"EUR/kg H2";2045;"0.25";"Sensitivity | Current Policies | Removed CO2 price";"Hydrogen"
"OPEX";"H2 Infrastructure";"IT";"HRS Overhead, Profit and Mark-Up";"Rigid";"PROG";"EUR/kg H2";2045;"0.25";"Sensitivity | Current Policies | Removed CO2 price";"Hydrogen"
"OPEX";"H2 Infrastructure";"IT";"HRS Overhead, Profit and Mark-Up";"Tractor-Trailer";"PROG";"EUR/kg H2";2045;"0.25";"Sensitivity | Current Policies | Removed CO2 price";"Hydrogen"
"OPEX";"H2 Infrastructure";"NL";"HRS Overhead, Profit and Mark-Up";"Rigid";"PROG";"EUR/kg H2";2045;"0.25";"Sensitivity | Current Policies | Removed CO2 price";"Hydrogen"
"OPEX";"H2 Infrastructure";"NL";"HRS Overhead, Profit and Mark-Up";"Tractor-Trailer";"PROG";"EUR/kg H2";2045;"0.25";"Sensitivity | Current Policies | Removed CO2 price";"Hydrogen"
"OPEX";"H2 Infrastructure";"PL";"HRS Overhead, Profit and Mark-Up";"Rigid";"PROG";"EUR/kg H2";2045;"0.25";"Sensitivity | Current Policies | Removed CO2 price";"Hydrogen"
"OPEX";"H2 Infrastructure";"PL";"HRS Overhead, Profit and Mark-Up";"Tractor-Trailer";"PROG";"EUR/kg H2";2045;"0.25";"Sensitivity | Current Policies | Removed CO2 price";"Hydrogen"
"OPEX";"H2 Infrastructure";"UK";"HRS Overhead, Profit and Mark-Up";"Rigid";"PROG";"EUR/kg H2";2045;"0.25";"Sensitivity | Current Policies | Removed CO2 price";"Hydrogen"
"OPEX";"H2 Infrastructure";"UK";"HRS Overhead, Profit and Mark-Up";"Tractor-Trailer";"PROG";"EUR/kg H2";2045;"0.25";"Sensitivity | Current Policies | Removed CO2 price";"Hydrogen"
"OPEX";"Charging Infrastructure";"DE";"MCS Station (Public Charging) - Incl. Overhead";"Rigid";"PROG";"EUR/kWh";2045;"0.015";"Sensitivity | Current Policies | Removed CO2 price";"Electricity"
"OPEX";"Charging Infrastructure";"DE";"MCS Station (Public Charging) - Incl. Overhead";"Tractor-Trailer";"PROG";"EUR/kWh";2045;"0.015";"Sensitivity | Current Policies | Removed CO2 price";"Electricity"
"OPEX";"Charging Infrastructure";"ES";"MCS Station (Public Charging) - Incl. Overhead";"Rigid";"PROG";"EUR/kWh";2045;"0.015";"Sensitivity | Current Policies | Removed CO2 price";"Electricity"
"OPEX";"Charging Infrastructure";"ES";"MCS Station (Public Charging) - Incl. Overhead";"Tractor-Trailer";"PROG";"EUR/kWh";2045;"0.015";"Sensitivity | Current Policies | Removed CO2 price";"Electricity"
"OPEX";"Charging Infrastructure";"FR";"MCS Station (Public Charging) - Incl. Overhead";"Rigid";"PROG";"EUR/kWh";2045;"0.015";"Sensitivity | Current Policies | Removed CO2 price";"Electricity"
"OPEX";"Charging Infrastructure";"FR";"MCS Station (Public Charging) - Incl. Overhead";"Tractor-Trailer";"PROG";"EUR/kWh";2045;"0.015";"Sensitivity | Current Policies | Removed CO2 price";"Electricity"
"OPEX";"Charging Infrastructure";"IT";"MCS Station (Public Charging) - Incl. Overhead";"Rigid";"PROG";"EUR/kWh";2045;"0.015";"Sensitivity | Current Policies | Removed CO2 price";"Electricity"
"OPEX";"Charging Infrastructure";"IT";"MCS Station (Public Charging) - Incl. Overhead";"Tractor-Trailer";"PROG";"EUR/kWh";2045;"0.015";"Sensitivity | Current Policies | Removed CO2 price";"Electricity"
"OPEX";"Charging Infrastructure";"NL";"MCS Station (Public Charging) - Incl. Overhead";"Rigid";"PROG";"EUR/kWh";2045;"0.015";"Sensitivity | Current Policies | Removed CO2 price";"Electricity"
"OPEX";"Charging Infrastructure";"NL";"MCS Station (Public Charging) - Incl. Overhead";"Tractor-Trailer";"PROG";"EUR/kWh";2045;"0.015";"Sensitivity | Current Policies | Removed CO2 price";"Electricity"
"OPEX";"Charging Infrastructure";"PL";"MCS Station (Public Charging) - Incl. Overhead";"Rigid";"PROG";"EUR/kWh";2045;"0.015";"Sensitivity | Current Policies | Removed CO2 price";"Electricity"
"OPEX";"Charging Infrastructure";"PL";"MCS Station (Public Charging) - Incl. Overhead";"Tractor-Trailer";"PROG";"EUR/kWh";2045;"0.015";"Sensitivity | Current Policies | Removed CO2 price";"Electricity"
"OPEX";"Charging Infrastructure";"UK";"MCS Station (Public Charging) - Incl. Overhead";"Rigid";"PROG";"EUR/kWh";2045;"0.015";"Sensitivity | Current Policies | Removed CO2 price";"Electricity"
"OPEX";"Charging Infrastructure";"UK";"MCS Station (Public Charging) - Incl. Overhead";"Tractor-Trailer";"PROG";"EUR/kWh";2045;"0.015";"Sensitivity | Current Policies | Removed CO2 price";"Electricity"
"OPEX";"Charging Infrastructure";"DE";"Share MCS-Charging";"Rigid";"PROG";"%";2045;"0.2";"Sensitivity | Current Policies | Removed CO2 price";"Electricity"
"OPEX";"Charging Infrastructure";"DE";"Share MCS-Charging";"Tractor-Trailer";"PROG";"%";2045;"0.2";"Sensitivity | Current Policies | Removed CO2 price";"Electricity"
"OPEX";"Charging Infrastructure";"ES";"Share MCS-Charging";"Rigid";"PROG";"%";2045;"0.2";"Sensitivity | Current Policies | Removed CO2 price";"Electricity"
"OPEX";"Charging Infrastructure";"ES";"Share MCS-Charging";"Tractor-Trailer";"PROG";"%";2045;"0.2";"Sensitivity | Current Policies | Removed CO2 price";"Electricity"
"OPEX";"Charging Infrastructure";"FR";"Share MCS-Charging";"Rigid";"PROG";"%";2045;"0.2";"Sensitivity | Current Policies | Removed CO2 price";"Electricity"
"OPEX";"Charging Infrastructure";"FR";"Share MCS-Charging";"Tractor-Trailer";"PROG";"%";2045;"0.2";"Sensitivity | Current Policies | Removed CO2 price";"Electricity"
"OPEX";"Charging Infrastructure";"IT";"Share MCS-Charging";"Rigid";"PROG";"%";2045;"0.2";"Sensitivity | Current Policies | Removed CO2 price";"Electricity"
"OPEX";"Charging Infrastructure";"IT";"Share MCS-Charging";"Tractor-Trailer";"PROG";"%";2045;"0.2";"Sensitivity | Current Policies | Removed CO2 price";"Electricity"
"OPEX";"Charging Infrastructure";"NL";"Share MCS-Charging";"Rigid";"PROG";"%";2045;"0.2";"Sensitivity | Current Policies | Removed CO2 price";"Electricity"
"OPEX";"Charging Infrastructure";"NL";"Share MCS-Charging";"Tractor-Trailer";"PROG";"%";2045;"0.2";"Sensitivity | Current Policies | Removed CO2 price";"Electricity"
"OPEX";"Charging Infrastructure";"PL";"Share MCS-Charging";"Rigid";"PROG";"%";2045;"0.2";"Sensitivity | Current Policies | Removed CO2 price";"Electricity"
"OPEX";"Charging Infrastructure";"PL";"Share MCS-Charging";"Tractor-Trailer";"PROG";"%";2045;"0.2";"Sensitivity | Current Policies | Removed CO2 price";"Electricity"
"OPEX";"Charging Infrastructure";"UK";"Share MCS-Charging";"Rigid";"PROG";"%";2045;"0.2";"Sensitivity | Current Policies | Removed CO2 price";"Electricity"
"OPEX";"Charging Infrastructure";"UK";"Share MCS-Charging";"Tractor-Trailer";"PROG";"%";2045;"0.2";"Sensitivity | Current Policies | Removed CO2 price";"Electricity"
"OPEX";"Charging Infrastructure";"DE";"Depot - Network fees savings potential";"Rigid";"PROG";"EUR/kWh";2045;"-0.01";"Sensitivity | Current Policies | Removed CO2 price";"Electricity"
"OPEX";"Charging Infrastructure";"DE";"Depot - Network fees savings potential";"Tractor-Trailer";"PROG";"EUR/kWh";2045;"-0.01";"Sensitivity | Current Policies | Removed CO2 price";"Electricity"
"OPEX";"Charging Infrastructure";"ES";"Depot - Network fees savings potential";"Rigid";"PROG";"EUR/kWh";2045;"-0.01";"Sensitivity | Current Policies | Removed CO2 price";"Electricity"
"OPEX";"Charging Infrastructure";"ES";"Depot - Network fees savings potential";"Tractor-Trailer";"PROG";"EUR/kWh";2045;"-0.01";"Sensitivity | Current Policies | Removed CO2 price";"Electricity"
"OPEX";"Charging Infrastructure";"FR";"Depot - Network fees savings potential";"Rigid";"PROG";"EUR/kWh";2045;"-0.01";"Sensitivity | Current Policies | Removed CO2 price";"Electricity"
"OPEX";"Charging Infrastructure";"FR";"Depot - Network fees savings potential";"Tractor-Trailer";"PROG";"EUR/kWh";2045;"-0.01";"Sensitivity | Current Policies | Removed CO2 price";"Electricity"
"OPEX";"Charging Infrastructure";"IT";"Depot - Network fees savings potential";"Rigid";"PROG";"EUR/kWh";2045;"-0.01";"Sensitivity | Current Policies | Removed CO2 price";"Electricity"
"OPEX";"Charging Infrastructure";"IT";"Depot - Network fees savings potential";"Tractor-Trailer";"PROG";"EUR/kWh";2045;"-0.01";"Sensitivity | Current Policies | Removed CO2 price";"Electricity"
"OPEX";"Charging Infrastructure";"NL";"Depot - Network fees savings potential";"Rigid";"PROG";"EUR/kWh";2045;"-0.01";"Sensitivity | Current Policies | Removed CO2 price";"Electricity"
"OPEX";"Charging Infrastructure";"NL";"Depot - Network fees savings potential";"Tractor-Trailer";"PROG";"EUR/kWh";2045;"-0.01";"Sensitivity | Current Policies | Removed CO2 price";"Electricity"
"OPEX";"Charging Infrastructure";"PL";"Depot - Network fees savings potential";"Rigid";"PROG";"EUR/kWh";2045;"-0.01";"Sensitivity | Current Policies | Removed CO2 price";"Electricity"
"OPEX";"Charging Infrastructure";"PL";"Depot - Network fees savings potential";"Tractor-Trailer";"PROG";"EUR/kWh";2045;"-0.01";"Sensitivity | Current Policies | Removed CO2 price";"Electricity"
"OPEX";"Charging Infrastructure";"UK";"Depot - Network fees savings potential";"Rigid";"PROG";"EUR/kWh";2045;"-0.01";"Sensitivity | Current Policies | Removed CO2 price";"Electricity"
"OPEX";"Charging Infrastructure";"UK";"Depot - Network fees savings potential";"Tractor-Trailer";"PROG";"EUR/kWh";2045;"-0.01";"Sensitivity | Current Policies | Removed CO2 price";"Electricity"
"OPEX";"Taxes";"DE";"Tax reduction";"Rigid";"PROG";"%";2045;"0";"Sensitivity | Current Policies | Removed CO2 price";"Hydrogen"
"OPEX";"Taxes";"DE";"Tax reduction";"Tractor-Trailer";"PROG";"%";2045;"0";"Sensitivity | Current Policies | Removed CO2 price";"Hydrogen"
"OPEX";"Taxes";"ES";"Tax reduction";"Rigid";"PROG";"%";2045;"0";"Sensitivity | Current Policies | Removed CO2 price";"Hydrogen"
"OPEX";"Taxes";"ES";"Tax reduction";"Tractor-Trailer";"PROG";"%";2045;"0";"Sensitivity | Current Policies | Removed CO2 price";"Hydrogen"
"OPEX";"Taxes";"FR";"Tax reduction";"Rigid";"PROG";"%";2045;"0";"Sensitivity | Current Policies | Removed CO2 price";"Hydrogen"
"OPEX";"Taxes";"FR";"Tax reduction";"Tractor-Trailer";"PROG";"%";2045;"0";"Sensitivity | Current Policies | Removed CO2 price";"Hydrogen"
"OPEX";"Taxes";"IT";"Tax reduction";"Rigid";"PROG";"%";2045;"0";"Sensitivity | Current Policies | Removed CO2 price";"Hydrogen"
"OPEX";"Taxes";"IT";"Tax reduction";"Tractor-Trailer";"PROG";"%";2045;"0";"Sensitivity | Current Policies | Removed CO2 price";"Hydrogen"
"OPEX";"Taxes";"NL";"Tax reduction";"Rigid";"PROG";"%";2045;"0";"Sensitivity | Current Policies | Removed CO2 price";"Hydrogen"
"OPEX";"Taxes";"NL";"Tax reduction";"Tractor-Trailer";"PROG";"%";2045;"0";"Sensitivity | Current Policies | Removed CO2 price";"Hydrogen"
"OPEX";"Taxes";"PL";"Tax reduction";"Rigid";"PROG";"%";2045;"0";"Sensitivity | Current Policies | Removed CO2 price";"Hydrogen"
"OPEX";"Taxes";"PL";"Tax reduction";"Tractor-Trailer";"PROG";"%";2045;"0";"Sensitivity | Current Policies | Removed CO2 price";"Hydrogen"
"OPEX";"Taxes";"UK";"Tax reduction";"Rigid";"PROG";"%";2045;"0";"Sensitivity | Current Policies | Removed CO2 price";"Hydrogen"
"OPEX";"Taxes";"UK";"Tax reduction";"Tractor-Trailer";"PROG";"%";2045;"0";"Sensitivity | Current Policies | Removed CO2 price";"Hydrogen"
"OPEX";"Taxes";"DE";"Excise Duty - Diesel";"Rigid";"BAU";"EUR/kWh";2045;"0.047";"Sensitivity | Current Policies | Removed CO2 price";"Diesel"
"OPEX";"Taxes";"DE";"Excise Duty - Diesel";"Tractor-Trailer";"BAU";"EUR/kWh";2045;"0.047";"Sensitivity | Current Policies | Removed CO2 price";"Diesel"
"OPEX";"Taxes";"DE";"Excise Duty - Diesel";"Rigid";"PROG";"EUR/kWh";2045;"0.047";"Sensitivity | Current Policies | Removed CO2 price";"Diesel"
"OPEX";"Taxes";"DE";"Excise Duty - Diesel";"Tractor-Trailer";"PROG";"EUR/kWh";2045;"0.047";"Sensitivity | Current Policies | Removed CO2 price";"Diesel"
"OPEX";"Taxes";"ES";"Excise Duty - Diesel";"Rigid";"BAU";"EUR/kWh";2045;"0.038";"Sensitivity | Current Policies | Removed CO2 price";"Diesel"
"OPEX";"Taxes";"ES";"Excise Duty - Diesel";"Tractor-Trailer";"BAU";"EUR/kWh";2045;"0.038";"Sensitivity | Current Policies | Removed CO2 price";"Diesel"
"OPEX";"Taxes";"ES";"Excise Duty - Diesel";"Rigid";"PROG";"EUR/kWh";2045;"0.038";"Sensitivity | Current Policies | Removed CO2 price";"Diesel"
"OPEX";"Taxes";"ES";"Excise Duty - Diesel";"Tractor-Trailer";"PROG";"EUR/kWh";2045;"0.038";"Sensitivity | Current Policies | Removed CO2 price";"Diesel"
"OPEX";"Taxes";"FR";"Excise Duty - Diesel";"Rigid";"BAU";"EUR/kWh";2045;"0.06";"Sensitivity | Current Policies | Removed CO2 price";"Diesel"
"OPEX";"Taxes";"FR";"Excise Duty - Diesel";"Tractor-Trailer";"BAU";"EUR/kWh";2045;"0.06";"Sensitivity | Current Policies | Removed CO2 price";"Diesel"
"OPEX";"Taxes";"FR";"Excise Duty - Diesel";"Rigid";"PROG";"EUR/kWh";2045;"0.06";"Sensitivity | Current Policies | Removed CO2 price";"Diesel"
"OPEX";"Taxes";"FR";"Excise Duty - Diesel";"Tractor-Trailer";"PROG";"EUR/kWh";2045;"0.06";"Sensitivity | Current Policies | Removed CO2 price";"Diesel"
"OPEX";"Taxes";"IT";"Excise Duty - Diesel";"Rigid";"BAU";"EUR/kWh";2045;"0.062";"Sensitivity | Current Policies | Removed CO2 price";"Diesel"
"OPEX";"Taxes";"IT";"Excise Duty - Diesel";"Tractor-Trailer";"BAU";"EUR/kWh";2045;"0.062";"Sensitivity | Current Policies | Removed CO2 price";"Diesel"
"OPEX";"Taxes";"IT";"Excise Duty - Diesel";"Rigid";"PROG";"EUR/kWh";2045;"0.062";"Sensitivity | Current Policies | Removed CO2 price";"Diesel"
"OPEX";"Taxes";"IT";"Excise Duty - Diesel";"Tractor-Trailer";"PROG";"EUR/kWh";2045;"0.062";"Sensitivity | Current Policies | Removed CO2 price";"Diesel"
"OPEX";"Taxes";"NL";"Excise Duty - Diesel";"Rigid";"BAU";"EUR/kWh";2045;"0.053";"Sensitivity | Current Policies | Removed CO2 price";"Diesel"
"OPEX";"Taxes";"NL";"Excise Duty - Diesel";"Tractor-Trailer";"BAU";"EUR/kWh";2045;"0.053";"Sensitivity | Current Policies | Removed CO2 price";"Diesel"
"OPEX";"Taxes";"NL";"Excise Duty - Diesel";"Rigid";"PROG";"EUR/kWh";2045;"0.053";"Sensitivity | Current Policies | Removed CO2 price";"Diesel"
"OPEX";"Taxes";"NL";"Excise Duty - Diesel";"Tractor-Trailer";"PROG";"EUR/kWh";2045;"0.053";"Sensitivity | Current Policies | Removed CO2 price";"Diesel"
"OPEX";"Taxes";"PL";"Excise Duty - Diesel";"Rigid";"BAU";"EUR/kWh";2045;"0.033";"Sensitivity | Current Policies | Removed CO2 price";"Diesel"
"OPEX";"Taxes";"PL";"Excise Duty - Diesel";"Tractor-Trailer";"BAU";"EUR/kWh";2045;"0.033";"Sensitivity | Current Policies | Removed CO2 price";"Diesel"
"OPEX";"Taxes";"PL";"Excise Duty - Diesel";"Rigid";"PROG";"EUR/kWh";2045;"0.033";"Sensitivity | Current Policies | Removed CO2 price";"Diesel"
"OPEX";"Taxes";"PL";"Excise Duty - Diesel";"Tractor-Trailer";"PROG";"EUR/kWh";2045;"0.033";"Sensitivity | Current Policies | Removed CO2 price";"Diesel"
"OPEX";"Taxes";"UK";"Excise Duty - Diesel";"Rigid";"BAU";"EUR/kWh";2045;"0.053";"Sensitivity | Current Policies | Removed CO2 price";"Diesel"
"OPEX";"Taxes";"UK";"Excise Duty - Diesel";"Tractor-Trailer";"BAU";"EUR/kWh";2045;"0.053";"Sensitivity | Current Policies | Removed CO2 price";"Diesel"
"OPEX";"Taxes";"UK";"Excise Duty - Diesel";"Rigid";"PROG";"EUR/kWh";2045;"0.053";"Sensitivity | Current Policies | Removed CO2 price";"Diesel"
"OPEX";"Taxes";"UK";"Excise Duty - Diesel";"Tractor-Trailer";"PROG";"EUR/kWh";2045;"0.053";"Sensitivity | Current Policies | Removed CO2 price";"Diesel"
"OPEX";"Taxes";"DE";"Excise Duty - Reduction biodiesel";"Rigid";"BAU";"%";2045;"0.5";"Sensitivity | Current Policies | Removed CO2 price";"Diesel"
"OPEX";"Taxes";"DE";"Excise Duty - Reduction biodiesel";"Tractor-Trailer";"BAU";"%";2045;"0.5";"Sensitivity | Current Policies | Removed CO2 price";"Diesel"
"OPEX";"Taxes";"DE";"Excise Duty - Reduction biodiesel";"Rigid";"PROG";"%";2045;"0.5";"Sensitivity | Current Policies | Removed CO2 price";"Diesel"
"OPEX";"Taxes";"DE";"Excise Duty - Reduction biodiesel";"Tractor-Trailer";"PROG";"%";2045;"0.5";"Sensitivity | Current Policies | Removed CO2 price";"Diesel"
"OPEX";"Taxes";"ES";"Excise Duty - Reduction biodiesel";"Rigid";"BAU";"%";2045;"0.5";"Sensitivity | Current Policies | Removed CO2 price";"Diesel"
"OPEX";"Taxes";"ES";"Excise Duty - Reduction biodiesel";"Tractor-Trailer";"BAU";"%";2045;"0.5";"Sensitivity | Current Policies | Removed CO2 price";"Diesel"
"OPEX";"Taxes";"ES";"Excise Duty - Reduction biodiesel";"Rigid";"PROG";"%";2045;"0.5";"Sensitivity | Current Policies | Removed CO2 price";"Diesel"
"OPEX";"Taxes";"ES";"Excise Duty - Reduction biodiesel";"Tractor-Trailer";"PROG";"%";2045;"0.5";"Sensitivity | Current Policies | Removed CO2 price";"Diesel"
"OPEX";"Taxes";"FR";"Excise Duty - Reduction biodiesel";"Rigid";"BAU";"%";2045;"0.5";"Sensitivity | Current Policies | Removed CO2 price";"Diesel"
"OPEX";"Taxes";"FR";"Excise Duty - Reduction biodiesel";"Tractor-Trailer";"BAU";"%";2045;"0.5";"Sensitivity | Current Policies | Removed CO2 price";"Diesel"
"OPEX";"Taxes";"FR";"Excise Duty - Reduction biodiesel";"Rigid";"PROG";"%";2045;"0.5";"Sensitivity | Current Policies | Removed CO2 price";"Diesel"
"OPEX";"Taxes";"FR";"Excise Duty - Reduction biodiesel";"Tractor-Trailer";"PROG";"%";2045;"0.5";"Sensitivity | Current Policies | Removed CO2 price";"Diesel"
"OPEX";"Taxes";"IT";"Excise Duty - Reduction biodiesel";"Rigid";"BAU";"%";2045;"0.5";"Sensitivity | Current Policies | Removed CO2 price";"Diesel"
"OPEX";"Taxes";"IT";"Excise Duty - Reduction biodiesel";"Tractor-Trailer";"BAU";"%";2045;"0.5";"Sensitivity | Current Policies | Removed CO2 price";"Diesel"
"OPEX";"Taxes";"IT";"Excise Duty - Reduction biodiesel";"Rigid";"PROG";"%";2045;"0.5";"Sensitivity | Current Policies | Removed CO2 price";"Diesel"
"OPEX";"Taxes";"IT";"Excise Duty - Reduction biodiesel";"Tractor-Trailer";"PROG";"%";2045;"0.5";"Sensitivity | Current Policies | Removed CO2 price";"Diesel"
"OPEX";"Taxes";"NL";"Excise Duty - Reduction biodiesel";"Rigid";"BAU";"%";2045;"0.5";"Sensitivity | Current Policies | Removed CO2 price";"Diesel"
"OPEX";"Taxes";"NL";"Excise Duty - Reduction biodiesel";"Tractor-Trailer";"BAU";"%";2045;"0.5";"Sensitivity | Current Policies | Removed CO2 price";"Diesel"
"OPEX";"Taxes";"NL";"Excise Duty - Reduction biodiesel";"Rigid";"PROG";"%";2045;"0.5";"Sensitivity | Current Policies | Removed CO2 price";"Diesel"
"OPEX";"Taxes";"NL";"Excise Duty - Reduction biodiesel";"Tractor-Trailer";"PROG";"%";2045;"0.5";"Sensitivity | Current Policies | Removed CO2 price";"Diesel"
"OPEX";"Taxes";"PL";"Excise Duty - Reduction biodiesel";"Rigid";"BAU";"%";2045;"0.5";"Sensitivity | Current Policies | Removed CO2 price";"Diesel"
"OPEX";"Taxes";"PL";"Excise Duty - Reduction biodiesel";"Tractor-Trailer";"BAU";"%";2045;"0.5";"Sensitivity | Current Policies | Removed CO2 price";"Diesel"
"OPEX";"Taxes";"PL";"Excise Duty - Reduction biodiesel";"Rigid";"PROG";"%";2045;"0.5";"Sensitivity | Current Policies | Removed CO2 price";"Diesel"
"OPEX";"Taxes";"PL";"Excise Duty - Reduction biodiesel";"Tractor-Trailer";"PROG";"%";2045;"0.5";"Sensitivity | Current Policies | Removed CO2 price";"Diesel"
"OPEX";"Taxes";"UK";"Excise Duty - Reduction biodiesel";"Rigid";"BAU";"%";2045;"0.5";"Sensitivity | Current Policies | Removed CO2 price";"Diesel"
"OPEX";"Taxes";"UK";"Excise Duty - Reduction biodiesel";"Tractor-Trailer";"BAU";"%";2045;"0.5";"Sensitivity | Current Policies | Removed CO2 price";"Diesel"
"OPEX";"Taxes";"UK";"Excise Duty - Reduction biodiesel";"Rigid";"PROG";"%";2045;"0.5";"Sensitivity | Current Policies | Removed CO2 price";"Diesel"
"OPEX";"Taxes";"UK";"Excise Duty - Reduction biodiesel";"Tractor-Trailer";"PROG";"%";2045;"0.5";"Sensitivity | Current Policies | Removed CO2 price";"Diesel"
"OPEX";"Taxes";"DE";"Excise Duty - Reduction Synthetic Diesel (E-Fuels)";"Rigid";"BAU";"%";2045;"0.5";"Sensitivity | Current Policies | Removed CO2 price";"Diesel"
"OPEX";"Taxes";"DE";"Excise Duty - Reduction Synthetic Diesel (E-Fuels)";"Tractor-Trailer";"BAU";"%";2045;"0.5";"Sensitivity | Current Policies | Removed CO2 price";"Diesel"
"OPEX";"Taxes";"DE";"Excise Duty - Reduction Synthetic Diesel (E-Fuels)";"Rigid";"PROG";"%";2045;"0.5";"Sensitivity | Current Policies | Removed CO2 price";"Diesel"
"OPEX";"Taxes";"DE";"Excise Duty - Reduction Synthetic Diesel (E-Fuels)";"Tractor-Trailer";"PROG";"%";2045;"0.5";"Sensitivity | Current Policies | Removed CO2 price";"Diesel"
"OPEX";"Taxes";"ES";"Excise Duty - Reduction Synthetic Diesel (E-Fuels)";"Rigid";"BAU";"%";2045;"0.5";"Sensitivity | Current Policies | Removed CO2 price";"Diesel"
"OPEX";"Taxes";"ES";"Excise Duty - Reduction Synthetic Diesel (E-Fuels)";"Tractor-Trailer";"BAU";"%";2045;"0.5";"Sensitivity | Current Policies | Removed CO2 price";"Diesel"
"OPEX";"Taxes";"ES";"Excise Duty - Reduction Synthetic Diesel (E-Fuels)";"Rigid";"PROG";"%";2045;"0.5";"Sensitivity | Current Policies | Removed CO2 price";"Diesel"
"OPEX";"Taxes";"ES";"Excise Duty - Reduction Synthetic Diesel (E-Fuels)";"Tractor-Trailer";"PROG";"%";2045;"0.5";"Sensitivity | Current Policies | Removed CO2 price";"Diesel"
"OPEX";"Taxes";"FR";"Excise Duty - Reduction Synthetic Diesel (E-Fuels)";"Rigid";"BAU";"%";2045;"0.5";"Sensitivity | Current Policies | Removed CO2 price";"Diesel"
"OPEX";"Taxes";"FR";"Excise Duty - Reduction Synthetic Diesel (E-Fuels)";"Tractor-Trailer";"BAU";"%";2045;"0.5";"Sensitivity | Current Policies | Removed CO2 price";"Diesel"
"OPEX";"Taxes";"FR";"Excise Duty - Reduction Synthetic Diesel (E-Fuels)";"Rigid";"PROG";"%";2045;"0.5";"Sensitivity | Current Policies | Removed CO2 price";"Diesel"
"OPEX";"Taxes";"FR";"Excise Duty - Reduction Synthetic Diesel (E-Fuels)";"Tractor-Trailer";"PROG";"%";2045;"0.5";"Sensitivity | Current Policies | Removed CO2 price";"Diesel"
"OPEX";"Taxes";"IT";"Excise Duty - Reduction Synthetic Diesel (E-Fuels)";"Rigid";"BAU";"%";2045;"0.5";"Sensitivity | Current Policies | Removed CO2 price";"Diesel"
"OPEX";"Taxes";"IT";"Excise Duty - Reduction Synthetic Diesel (E-Fuels)";"Tractor-Trailer";"BAU";"%";2045;"0.5";"Sensitivity | Current Policies | Removed CO2 price";"Diesel"
"OPEX";"Taxes";"IT";"Excise Duty - Reduction Synthetic Diesel (E-Fuels)";"Rigid";"PROG";"%";2045;"0.5";"Sensitivity | Current Policies | Removed CO2 price";"Diesel"
"OPEX";"Taxes";"IT";"Excise Duty - Reduction Synthetic Diesel (E-Fuels)";"Tractor-Trailer";"PROG";"%";2045;"0.5";"Sensitivity | Current Policies | Removed CO2 price";"Diesel"
"OPEX";"Taxes";"NL";"Excise Duty - Reduction Synthetic Diesel (E-Fuels)";"Rigid";"BAU";"%";2045;"0.5";"Sensitivity | Current Policies | Removed CO2 price";"Diesel"
"OPEX";"Taxes";"NL";"Excise Duty - Reduction Synthetic Diesel (E-Fuels)";"Tractor-Trailer";"BAU";"%";2045;"0.5";"Sensitivity | Current Policies | Removed CO2 price";"Diesel"
"OPEX";"Taxes";"NL";"Excise Duty - Reduction Synthetic Diesel (E-Fuels)";"Rigid";"PROG";"%";2045;"0.5";"Sensitivity | Current Policies | Removed CO2 price";"Diesel"
"OPEX";"Taxes";"NL";"Excise Duty - Reduction Synthetic Diesel (E-Fuels)";"Tractor-Trailer";"PROG";"%";2045;"0.5";"Sensitivity | Current Policies | Removed CO2 price";"Diesel"
"OPEX";"Taxes";"PL";"Excise Duty - Reduction Synthetic Diesel (E-Fuels)";"Rigid";"BAU";"%";2045;"0.5";"Sensitivity | Current Policies | Removed CO2 price";"Diesel"
"OPEX";"Taxes";"PL";"Excise Duty - Reduction Synthetic Diesel (E-Fuels)";"Tractor-Trailer";"BAU";"%";2045;"0.5";"Sensitivity | Current Policies | Removed CO2 price";"Diesel"
"OPEX";"Taxes";"PL";"Excise Duty - Reduction Synthetic Diesel (E-Fuels)";"Rigid";"PROG";"%";2045;"0.5";"Sensitivity | Current Policies | Removed CO2 price";"Diesel"
"OPEX";"Taxes";"PL";"Excise Duty - Reduction Synthetic Diesel (E-Fuels)";"Tractor-Trailer";"PROG";"%";2045;"0.5";"Sensitivity | Current Policies | Removed CO2 price";"Diesel"
"OPEX";"Taxes";"UK";"Excise Duty - Reduction Synthetic Diesel (E-Fuels)";"Rigid";"BAU";"%";2045;"0.5";"Sensitivity | Current Policies | Removed CO2 price";"Diesel"
"OPEX";"Taxes";"UK";"Excise Duty - Reduction Synthetic Diesel (E-Fuels)";"Tractor-Trailer";"BAU";"%";2045;"0.5";"Sensitivity | Current Policies | Removed CO2 price";"Diesel"
"OPEX";"Taxes";"UK";"Excise Duty - Reduction Synthetic Diesel (E-Fuels)";"Rigid";"PROG";"%";2045;"0.5";"Sensitivity | Current Policies | Removed CO2 price";"Diesel"
"OPEX";"Taxes";"UK";"Excise Duty - Reduction Synthetic Diesel (E-Fuels)";"Tractor-Trailer";"PROG";"%";2045;"0.5";"Sensitivity | Current Policies | Removed CO2 price";"Diesel"
"OPEX";"Taxes";"DE";"Taxes, Fees, Levies and charges - H2";"Rigid";"BAU";"EUR/kWh";2045;"0.015";"Sensitivity | Current Policies | Removed CO2 price";"Hydrogen"
"OPEX";"Taxes";"DE";"Taxes, Fees, Levies and charges - H2";"Tractor-Trailer";"BAU";"EUR/kWh";2045;"0.015";"Sensitivity | Current Policies | Removed CO2 price";"Hydrogen"
"OPEX";"Taxes";"DE";"Taxes, Fees, Levies and charges - H2";"Rigid";"PROG";"EUR/kWh";2045;"0.015";"Sensitivity | Current Policies | Removed CO2 price";"Hydrogen"
"OPEX";"Taxes";"DE";"Taxes, Fees, Levies and charges - H2";"Tractor-Trailer";"PROG";"EUR/kWh";2045;"0.015";"Sensitivity | Current Policies | Removed CO2 price";"Hydrogen"
"OPEX";"Taxes";"ES";"Taxes, Fees, Levies and charges - H2";"Rigid";"BAU";"EUR/kWh";2045;"0.008";"Sensitivity | Current Policies | Removed CO2 price";"Hydrogen"
"OPEX";"Taxes";"ES";"Taxes, Fees, Levies and charges - H2";"Tractor-Trailer";"BAU";"EUR/kWh";2045;"0.008";"Sensitivity | Current Policies | Removed CO2 price";"Hydrogen"
"OPEX";"Taxes";"ES";"Taxes, Fees, Levies and charges - H2";"Rigid";"PROG";"EUR/kWh";2045;"0.008";"Sensitivity | Current Policies | Removed CO2 price";"Hydrogen"
"OPEX";"Taxes";"ES";"Taxes, Fees, Levies and charges - H2";"Tractor-Trailer";"PROG";"EUR/kWh";2045;"0.008";"Sensitivity | Current Policies | Removed CO2 price";"Hydrogen"
"OPEX";"Taxes";"FR";"Taxes, Fees, Levies and charges - H2";"Rigid";"BAU";"EUR/kWh";2045;"0.012";"Sensitivity | Current Policies | Removed CO2 price";"Hydrogen"
"OPEX";"Taxes";"FR";"Taxes, Fees, Levies and charges - H2";"Tractor-Trailer";"BAU";"EUR/kWh";2045;"0.012";"Sensitivity | Current Policies | Removed CO2 price";"Hydrogen"
"OPEX";"Taxes";"FR";"Taxes, Fees, Levies and charges - H2";"Rigid";"PROG";"EUR/kWh";2045;"0.012";"Sensitivity | Current Policies | Removed CO2 price";"Hydrogen"
"OPEX";"Taxes";"FR";"Taxes, Fees, Levies and charges - H2";"Tractor-Trailer";"PROG";"EUR/kWh";2045;"0.012";"Sensitivity | Current Policies | Removed CO2 price";"Hydrogen"
"OPEX";"Taxes";"IT";"Taxes, Fees, Levies and charges - H2";"Rigid";"BAU";"EUR/kWh";2045;"0.009";"Sensitivity | Current Policies | Removed CO2 price";"Hydrogen"
"OPEX";"Taxes";"IT";"Taxes, Fees, Levies and charges - H2";"Tractor-Trailer";"BAU";"EUR/kWh";2045;"0.009";"Sensitivity | Current Policies | Removed CO2 price";"Hydrogen"
"OPEX";"Taxes";"IT";"Taxes, Fees, Levies and charges - H2";"Rigid";"PROG";"EUR/kWh";2045;"0.009";"Sensitivity | Current Policies | Removed CO2 price";"Hydrogen"
"OPEX";"Taxes";"IT";"Taxes, Fees, Levies and charges - H2";"Tractor-Trailer";"PROG";"EUR/kWh";2045;"0.009";"Sensitivity | Current Policies | Removed CO2 price";"Hydrogen"
"OPEX";"Taxes";"NL";"Taxes, Fees, Levies and charges - H2";"Rigid";"BAU";"EUR/kWh";2045;"0.024";"Sensitivity | Current Policies | Removed CO2 price";"Hydrogen"
"OPEX";"Taxes";"NL";"Taxes, Fees, Levies and charges - H2";"Tractor-Trailer";"BAU";"EUR/kWh";2045;"0.024";"Sensitivity | Current Policies | Removed CO2 price";"Hydrogen"
"OPEX";"Taxes";"NL";"Taxes, Fees, Levies and charges - H2";"Rigid";"PROG";"EUR/kWh";2045;"0.024";"Sensitivity | Current Policies | Removed CO2 price";"Hydrogen"
"OPEX";"Taxes";"NL";"Taxes, Fees, Levies and charges - H2";"Tractor-Trailer";"PROG";"EUR/kWh";2045;"0.024";"Sensitivity | Current Policies | Removed CO2 price";"Hydrogen"
"OPEX";"Taxes";"PL";"Taxes, Fees, Levies and charges - H2";"Rigid";"BAU";"EUR/kWh";2045;"0.009";"Sensitivity | Current Policies | Removed CO2 price";"Hydrogen"
"OPEX";"Taxes";"PL";"Taxes, Fees, Levies and charges - H2";"Tractor-Trailer";"BAU";"EUR/kWh";2045;"0.009";"Sensitivity | Current Policies | Removed CO2 price";"Hydrogen"
"OPEX";"Taxes";"PL";"Taxes, Fees, Levies and charges - H2";"Rigid";"PROG";"EUR/kWh";2045;"0.009";"Sensitivity | Current Policies | Removed CO2 price";"Hydrogen"
"OPEX";"Taxes";"PL";"Taxes, Fees, Levies and charges - H2";"Tractor-Trailer";"PROG";"EUR/kWh";2045;"0.009";"Sensitivity | Current Policies | Removed CO2 price";"Hydrogen"
"OPEX";"Taxes";"UK";"Taxes, Fees, Levies and charges - H2";"Rigid";"BAU";"EUR/kWh";2045;"0.006";"Sensitivity | Current Policies | Removed CO2 price";"Hydrogen"
"OPEX";"Taxes";"UK";"Taxes, Fees, Levies and charges - H2";"Tractor-Trailer";"BAU";"EUR/kWh";2045;"0.006";"Sensitivity | Current Policies | Removed CO2 price";"Hydrogen"
"OPEX";"Taxes";"UK";"Taxes, Fees, Levies and charges - H2";"Rigid";"PROG";"EUR/kWh";2045;"0.006";"Sensitivity | Current Policies | Removed CO2 price";"Hydrogen"
"OPEX";"Taxes";"UK";"Taxes, Fees, Levies and charges - H2";"Tractor-Trailer";"PROG";"EUR/kWh";2045;"0.006";"Sensitivity | Current Policies | Removed CO2 price";"Hydrogen"
"OPEX";"Charging Infrastructure";"DE";"MCS grid extension";"Rigid";"PROG";"EUR/kWh";2045;"0.045";"Sensitivity | Current Policies | Removed CO2 price";"Electricity"
"OPEX";"Charging Infrastructure";"DE";"MCS grid extension";"Tractor-Trailer";"PROG";"EUR/kWh";2045;"0.045";"Sensitivity | Current Policies | Removed CO2 price";"Electricity"
"OPEX";"Charging Infrastructure";"DE";"MCS grid extension";"Rigid";"BAU";"EUR/kWh";2045;"0.045";"Sensitivity | Current Policies | Removed CO2 price";"Electricity"
"OPEX";"Charging Infrastructure";"DE";"MCS grid extension";"Tractor-Trailer";"BAU";"EUR/kWh";2045;"0.045";"Sensitivity | Current Policies | Removed CO2 price";"Electricity"
"OPEX";"Charging Infrastructure";"ES";"MCS grid extension";"Rigid";"PROG";"EUR/kWh";2045;"0.045";"Sensitivity | Current Policies | Removed CO2 price";"Electricity"
"OPEX";"Charging Infrastructure";"ES";"MCS grid extension";"Tractor-Trailer";"PROG";"EUR/kWh";2045;"0.045";"Sensitivity | Current Policies | Removed CO2 price";"Electricity"
"OPEX";"Charging Infrastructure";"ES";"MCS grid extension";"Rigid";"BAU";"EUR/kWh";2045;"0.045";"Sensitivity | Current Policies | Removed CO2 price";"Electricity"
"OPEX";"Charging Infrastructure";"ES";"MCS grid extension";"Tractor-Trailer";"BAU";"EUR/kWh";2045;"0.045";"Sensitivity | Current Policies | Removed CO2 price";"Electricity"
"OPEX";"Charging Infrastructure";"FR";"MCS grid extension";"Rigid";"PROG";"EUR/kWh";2045;"0.045";"Sensitivity | Current Policies | Removed CO2 price";"Electricity"
"OPEX";"Charging Infrastructure";"FR";"MCS grid extension";"Tractor-Trailer";"PROG";"EUR/kWh";2045;"0.045";"Sensitivity | Current Policies | Removed CO2 price";"Electricity"
"OPEX";"Charging Infrastructure";"FR";"MCS grid extension";"Rigid";"BAU";"EUR/kWh";2045;"0.045";"Sensitivity | Current Policies | Removed CO2 price";"Electricity"
"OPEX";"Charging Infrastructure";"FR";"MCS grid extension";"Tractor-Trailer";"BAU";"EUR/kWh";2045;"0.045";"Sensitivity | Current Policies | Removed CO2 price";"Electricity"
"OPEX";"Charging Infrastructure";"IT";"MCS grid extension";"Rigid";"PROG";"EUR/kWh";2045;"0.045";"Sensitivity | Current Policies | Removed CO2 price";"Electricity"
"OPEX";"Charging Infrastructure";"IT";"MCS grid extension";"Tractor-Trailer";"PROG";"EUR/kWh";2045;"0.045";"Sensitivity | Current Policies | Removed CO2 price";"Electricity"
"OPEX";"Charging Infrastructure";"IT";"MCS grid extension";"Rigid";"BAU";"EUR/kWh";2045;"0.045";"Sensitivity | Current Policies | Removed CO2 price";"Electricity"
"OPEX";"Charging Infrastructure";"IT";"MCS grid extension";"Tractor-Trailer";"BAU";"EUR/kWh";2045;"0.045";"Sensitivity | Current Policies | Removed CO2 price";"Electricity"
"OPEX";"Charging Infrastructure";"NL";"MCS grid extension";"Rigid";"PROG";"EUR/kWh";2045;"0.045";"Sensitivity | Current Policies | Removed CO2 price";"Electricity"
"OPEX";"Charging Infrastructure";"NL";"MCS grid extension";"Tractor-Trailer";"PROG";"EUR/kWh";2045;"0.045";"Sensitivity | Current Policies | Removed CO2 price";"Electricity"
"OPEX";"Charging Infrastructure";"NL";"MCS grid extension";"Rigid";"BAU";"EUR/kWh";2045;"0.045";"Sensitivity | Current Policies | Removed CO2 price";"Electricity"
"OPEX";"Charging Infrastructure";"NL";"MCS grid extension";"Tractor-Trailer";"BAU";"EUR/kWh";2045;"0.045";"Sensitivity | Current Policies | Removed CO2 price";"Electricity"
"OPEX";"Charging Infrastructure";"PL";"MCS grid extension";"Rigid";"PROG";"EUR/kWh";2045;"0.045";"Sensitivity | Current Policies | Removed CO2 price";"Electricity"
"OPEX";"Charging Infrastructure";"PL";"MCS grid extension";"Tractor-Trailer";"PROG";"EUR/kWh";2045;"0.045";"Sensitivity | Current Policies | Removed CO2 price";"Electricity"
"OPEX";"Charging Infrastructure";"PL";"MCS grid extension";"Rigid";"BAU";"EUR/kWh";2045;"0.045";"Sensitivity | Current Policies | Removed CO2 price";"Electricity"
"OPEX";"Charging Infrastructure";"PL";"MCS grid extension";"Tractor-Trailer";"BAU";"EUR/kWh";2045;"0.045";"Sensitivity | Current Policies | Removed CO2 price";"Electricity"
"OPEX";"Charging Infrastructure";"UK";"MCS grid extension";"Rigid";"PROG";"EUR/kWh";2045;"0.045";"Sensitivity | Current Policies | Removed CO2 price";"Electricity"
"OPEX";"Charging Infrastructure";"UK";"MCS grid extension";"Tractor-Trailer";"PROG";"EUR/kWh";2045;"0.045";"Sensitivity | Current Policies | Removed CO2 price";"Electricity"
"OPEX";"Charging Infrastructure";"UK";"MCS grid extension";"Rigid";"BAU";"EUR/kWh";2045;"0.045";"Sensitivity | Current Policies | Removed CO2 price";"Electricity"
"OPEX";"Charging Infrastructure";"UK";"MCS grid extension";"Tractor-Trailer";"BAU";"EUR/kWh";2045;"0.045";"Sensitivity | Current Policies | Removed CO2 price";"Electricity"
"OPEX";"Charging Infrastructure";"DE";"MCS Profit and Mark-Up";"Rigid";"PROG";"%";2045;"0.1";"Sensitivity | Current Policies | Removed CO2 price";"Electricity"
"OPEX";"Charging Infrastructure";"DE";"MCS Profit and Mark-Up";"Tractor-Trailer";"PROG";"%";2045;"0.1";"Sensitivity | Current Policies | Removed CO2 price";"Electricity"
"OPEX";"Charging Infrastructure";"DE";"MCS Profit and Mark-Up";"Rigid";"BAU";"%";2045;"0.1";"Sensitivity | Current Policies | Removed CO2 price";"Electricity"
"OPEX";"Charging Infrastructure";"DE";"MCS Profit and Mark-Up";"Tractor-Trailer";"BAU";"%";2045;"0.1";"Sensitivity | Current Policies | Removed CO2 price";"Electricity"
"OPEX";"Charging Infrastructure";"ES";"MCS Profit and Mark-Up";"Rigid";"PROG";"%";2045;"0.1";"Sensitivity | Current Policies | Removed CO2 price";"Electricity"
"OPEX";"Charging Infrastructure";"ES";"MCS Profit and Mark-Up";"Tractor-Trailer";"PROG";"%";2045;"0.1";"Sensitivity | Current Policies | Removed CO2 price";"Electricity"
"OPEX";"Charging Infrastructure";"ES";"MCS Profit and Mark-Up";"Rigid";"BAU";"%";2045;"0.1";"Sensitivity | Current Policies | Removed CO2 price";"Electricity"
"OPEX";"Charging Infrastructure";"ES";"MCS Profit and Mark-Up";"Tractor-Trailer";"BAU";"%";2045;"0.1";"Sensitivity | Current Policies | Removed CO2 price";"Electricity"
"OPEX";"Charging Infrastructure";"FR";"MCS Profit and Mark-Up";"Rigid";"PROG";"%";2045;"0.1";"Sensitivity | Current Policies | Removed CO2 price";"Electricity"
"OPEX";"Charging Infrastructure";"FR";"MCS Profit and Mark-Up";"Tractor-Trailer";"PROG";"%";2045;"0.1";"Sensitivity | Current Policies | Removed CO2 price";"Electricity"
"OPEX";"Charging Infrastructure";"FR";"MCS Profit and Mark-Up";"Rigid";"BAU";"%";2045;"0.1";"Sensitivity | Current Policies | Removed CO2 price";"Electricity"
"OPEX";"Charging Infrastructure";"FR";"MCS Profit and Mark-Up";"Tractor-Trailer";"BAU";"%";2045;"0.1";"Sensitivity | Current Policies | Removed CO2 price";"Electricity"
"OPEX";"Charging Infrastructure";"IT";"MCS Profit and Mark-Up";"Rigid";"PROG";"%";2045;"0.1";"Sensitivity | Current Policies | Removed CO2 price";"Electricity"
"OPEX";"Charging Infrastructure";"IT";"MCS Profit and Mark-Up";"Tractor-Trailer";"PROG";"%";2045;"0.1";"Sensitivity | Current Policies | Removed CO2 price";"Electricity"
"OPEX";"Charging Infrastructure";"IT";"MCS Profit and Mark-Up";"Rigid";"BAU";"%";2045;"0.1";"Sensitivity | Current Policies | Removed CO2 price";"Electricity"
"OPEX";"Charging Infrastructure";"IT";"MCS Profit and Mark-Up";"Tractor-Trailer";"BAU";"%";2045;"0.1";"Sensitivity | Current Policies | Removed CO2 price";"Electricity"
"OPEX";"Charging Infrastructure";"NL";"MCS Profit and Mark-Up";"Rigid";"PROG";"%";2045;"0.1";"Sensitivity | Current Policies | Removed CO2 price";"Electricity"
"OPEX";"Charging Infrastructure";"NL";"MCS Profit and Mark-Up";"Tractor-Trailer";"PROG";"%";2045;"0.1";"Sensitivity | Current Policies | Removed CO2 price";"Electricity"
"OPEX";"Charging Infrastructure";"NL";"MCS Profit and Mark-Up";"Rigid";"BAU";"%";2045;"0.1";"Sensitivity | Current Policies | Removed CO2 price";"Electricity"
"OPEX";"Charging Infrastructure";"NL";"MCS Profit and Mark-Up";"Tractor-Trailer";"BAU";"%";2045;"0.1";"Sensitivity | Current Policies | Removed CO2 price";"Electricity"
"OPEX";"Charging Infrastructure";"PL";"MCS Profit and Mark-Up";"Rigid";"PROG";"%";2045;"0.1";"Sensitivity | Current Policies | Removed CO2 price";"Electricity"
"OPEX";"Charging Infrastructure";"PL";"MCS Profit and Mark-Up";"Tractor-Trailer";"PROG";"%";2045;"0.1";"Sensitivity | Current Policies | Removed CO2 price";"Electricity"
"OPEX";"Charging Infrastructure";"PL";"MCS Profit and Mark-Up";"Rigid";"BAU";"%";2045;"0.1";"Sensitivity | Current Policies | Removed CO2 price";"Electricity"
"OPEX";"Charging Infrastructure";"PL";"MCS Profit and Mark-Up";"Tractor-Trailer";"BAU";"%";2045;"0.1";"Sensitivity | Current Policies | Removed CO2 price";"Electricity"
"OPEX";"Charging Infrastructure";"UK";"MCS Profit and Mark-Up";"Rigid";"PROG";"%";2045;"0.1";"Sensitivity | Current Policies | Removed CO2 price";"Electricity"
"OPEX";"Charging Infrastructure";"UK";"MCS Profit and Mark-Up";"Tractor-Trailer";"PROG";"%";2045;"0.1";"Sensitivity | Current Policies | Removed CO2 price";"Electricity"
"OPEX";"Charging Infrastructure";"UK";"MCS Profit and Mark-Up";"Rigid";"BAU";"%";2045;"0.1";"Sensitivity | Current Policies | Removed CO2 price";"Electricity"
"OPEX";"Charging Infrastructure";"UK";"MCS Profit and Mark-Up";"Tractor-Trailer";"BAU";"%";2045;"0.1";"Sensitivity | Current Policies | Removed CO2 price";"Electricity"
"OPEX";"Charging Infrastructure";"DE";"CCS Station (Depot) - Incl. Overhead";"Rigid";"PROG";"EUR/kWh";2045;"0.021";"Sensitivity | Current Policies | Removed CO2 price";"Electricity"
"OPEX";"Charging Infrastructure";"DE";"CCS Station (Depot) - Incl. Overhead";"Tractor-Trailer";"PROG";"EUR/kWh";2045;"0.021";"Sensitivity | Current Policies | Removed CO2 price";"Electricity"
"OPEX";"Charging Infrastructure";"DE";"CCS Station (Depot) - Incl. Overhead";"Rigid";"BAU";"EUR/kWh";2045;"0.021";"Sensitivity | Current Policies | Removed CO2 price";"Electricity"
"OPEX";"Charging Infrastructure";"DE";"CCS Station (Depot) - Incl. Overhead";"Tractor-Trailer";"BAU";"EUR/kWh";2045;"0.021";"Sensitivity | Current Policies | Removed CO2 price";"Electricity"
"OPEX";"Charging Infrastructure";"ES";"CCS Station (Depot) - Incl. Overhead";"Rigid";"PROG";"EUR/kWh";2045;"0.021";"Sensitivity | Current Policies | Removed CO2 price";"Electricity"
"OPEX";"Charging Infrastructure";"ES";"CCS Station (Depot) - Incl. Overhead";"Tractor-Trailer";"PROG";"EUR/kWh";2045;"0.021";"Sensitivity | Current Policies | Removed CO2 price";"Electricity"
"OPEX";"Charging Infrastructure";"ES";"CCS Station (Depot) - Incl. Overhead";"Rigid";"BAU";"EUR/kWh";2045;"0.021";"Sensitivity | Current Policies | Removed CO2 price";"Electricity"
"OPEX";"Charging Infrastructure";"ES";"CCS Station (Depot) - Incl. Overhead";"Tractor-Trailer";"BAU";"EUR/kWh";2045;"0.021";"Sensitivity | Current Policies | Removed CO2 price";"Electricity"
"OPEX";"Charging Infrastructure";"FR";"CCS Station (Depot) - Incl. Overhead";"Rigid";"PROG";"EUR/kWh";2045;"0.021";"Sensitivity | Current Policies | Removed CO2 price";"Electricity"
"OPEX";"Charging Infrastructure";"FR";"CCS Station (Depot) - Incl. Overhead";"Tractor-Trailer";"PROG";"EUR/kWh";2045;"0.021";"Sensitivity | Current Policies | Removed CO2 price";"Electricity"
"OPEX";"Charging Infrastructure";"FR";"CCS Station (Depot) - Incl. Overhead";"Rigid";"BAU";"EUR/kWh";2045;"0.021";"Sensitivity | Current Policies | Removed CO2 price";"Electricity"
"OPEX";"Charging Infrastructure";"FR";"CCS Station (Depot) - Incl. Overhead";"Tractor-Trailer";"BAU";"EUR/kWh";2045;"0.021";"Sensitivity | Current Policies | Removed CO2 price";"Electricity"
"OPEX";"Charging Infrastructure";"IT";"CCS Station (Depot) - Incl. Overhead";"Rigid";"PROG";"EUR/kWh";2045;"0.021";"Sensitivity | Current Policies | Removed CO2 price";"Electricity"
"OPEX";"Charging Infrastructure";"IT";"CCS Station (Depot) - Incl. Overhead";"Tractor-Trailer";"PROG";"EUR/kWh";2045;"0.021";"Sensitivity | Current Policies | Removed CO2 price";"Electricity"
"OPEX";"Charging Infrastructure";"IT";"CCS Station (Depot) - Incl. Overhead";"Rigid";"BAU";"EUR/kWh";2045;"0.021";"Sensitivity | Current Policies | Removed CO2 price";"Electricity"
"OPEX";"Charging Infrastructure";"IT";"CCS Station (Depot) - Incl. Overhead";"Tractor-Trailer";"BAU";"EUR/kWh";2045;"0.021";"Sensitivity | Current Policies | Removed CO2 price";"Electricity"
"OPEX";"Charging Infrastructure";"NL";"CCS Station (Depot) - Incl. Overhead";"Rigid";"PROG";"EUR/kWh";2045;"0.021";"Sensitivity | Current Policies | Removed CO2 price";"Electricity"
"OPEX";"Charging Infrastructure";"NL";"CCS Station (Depot) - Incl. Overhead";"Tractor-Trailer";"PROG";"EUR/kWh";2045;"0.021";"Sensitivity | Current Policies | Removed CO2 price";"Electricity"
"OPEX";"Charging Infrastructure";"NL";"CCS Station (Depot) - Incl. Overhead";"Rigid";"BAU";"EUR/kWh";2045;"0.021";"Sensitivity | Current Policies | Removed CO2 price";"Electricity"
"OPEX";"Charging Infrastructure";"NL";"CCS Station (Depot) - Incl. Overhead";"Tractor-Trailer";"BAU";"EUR/kWh";2045;"0.021";"Sensitivity | Current Policies | Removed CO2 price";"Electricity"
"OPEX";"Charging Infrastructure";"PL";"CCS Station (Depot) - Incl. Overhead";"Rigid";"PROG";"EUR/kWh";2045;"0.021";"Sensitivity | Current Policies | Removed CO2 price";"Electricity"
"OPEX";"Charging Infrastructure";"PL";"CCS Station (Depot) - Incl. Overhead";"Tractor-Trailer";"PROG";"EUR/kWh";2045;"0.021";"Sensitivity | Current Policies | Removed CO2 price";"Electricity"
"OPEX";"Charging Infrastructure";"PL";"CCS Station (Depot) - Incl. Overhead";"Rigid";"BAU";"EUR/kWh";2045;"0.021";"Sensitivity | Current Policies | Removed CO2 price";"Electricity"
"OPEX";"Charging Infrastructure";"PL";"CCS Station (Depot) - Incl. Overhead";"Tractor-Trailer";"BAU";"EUR/kWh";2045;"0.021";"Sensitivity | Current Policies | Removed CO2 price";"Electricity"
"OPEX";"Charging Infrastructure";"UK";"CCS Station (Depot) - Incl. Overhead";"Rigid";"PROG";"EUR/kWh";2045;"0.021";"Sensitivity | Current Policies | Removed CO2 price";"Electricity"
"OPEX";"Charging Infrastructure";"UK";"CCS Station (Depot) - Incl. Overhead";"Tractor-Trailer";"PROG";"EUR/kWh";2045;"0.021";"Sensitivity | Current Policies | Removed CO2 price";"Electricity"
"OPEX";"Charging Infrastructure";"UK";"CCS Station (Depot) - Incl. Overhead";"Rigid";"BAU";"EUR/kWh";2045;"0.021";"Sensitivity | Current Policies | Removed CO2 price";"Electricity"
"OPEX";"Charging Infrastructure";"UK";"CCS Station (Depot) - Incl. Overhead";"Tractor-Trailer";"BAU";"EUR/kWh";2045;"0.021";"Sensitivity | Current Policies | Removed CO2 price";"Electricity"
"OPEX";"Charging Infrastructure";"DE";"CCS grid extension";"Rigid";"PROG";"EUR/kWh";2045;"0.045";"Sensitivity | Current Policies | Removed CO2 price";"Electricity"
"OPEX";"Charging Infrastructure";"DE";"CCS grid extension";"Tractor-Trailer";"PROG";"EUR/kWh";2045;"0.045";"Sensitivity | Current Policies | Removed CO2 price";"Electricity"
"OPEX";"Charging Infrastructure";"DE";"CCS grid extension";"Rigid";"BAU";"EUR/kWh";2045;"0.045";"Sensitivity | Current Policies | Removed CO2 price";"Electricity"
"OPEX";"Charging Infrastructure";"DE";"CCS grid extension";"Tractor-Trailer";"BAU";"EUR/kWh";2045;"0.045";"Sensitivity | Current Policies | Removed CO2 price";"Electricity"
"OPEX";"Charging Infrastructure";"ES";"CCS grid extension";"Rigid";"PROG";"EUR/kWh";2045;"0.045";"Sensitivity | Current Policies | Removed CO2 price";"Electricity"
"OPEX";"Charging Infrastructure";"ES";"CCS grid extension";"Tractor-Trailer";"PROG";"EUR/kWh";2045;"0.045";"Sensitivity | Current Policies | Removed CO2 price";"Electricity"
"OPEX";"Charging Infrastructure";"ES";"CCS grid extension";"Rigid";"BAU";"EUR/kWh";2045;"0.045";"Sensitivity | Current Policies | Removed CO2 price";"Electricity"
"OPEX";"Charging Infrastructure";"ES";"CCS grid extension";"Tractor-Trailer";"BAU";"EUR/kWh";2045;"0.045";"Sensitivity | Current Policies | Removed CO2 price";"Electricity"
"OPEX";"Charging Infrastructure";"FR";"CCS grid extension";"Rigid";"PROG";"EUR/kWh";2045;"0.045";"Sensitivity | Current Policies | Removed CO2 price";"Electricity"
"OPEX";"Charging Infrastructure";"FR";"CCS grid extension";"Tractor-Trailer";"PROG";"EUR/kWh";2045;"0.045";"Sensitivity | Current Policies | Removed CO2 price";"Electricity"
"OPEX";"Charging Infrastructure";"FR";"CCS grid extension";"Rigid";"BAU";"EUR/kWh";2045;"0.045";"Sensitivity | Current Policies | Removed CO2 price";"Electricity"
"OPEX";"Charging Infrastructure";"FR";"CCS grid extension";"Tractor-Trailer";"BAU";"EUR/kWh";2045;"0.045";"Sensitivity | Current Policies | Removed CO2 price";"Electricity"
"OPEX";"Charging Infrastructure";"IT";"CCS grid extension";"Rigid";"PROG";"EUR/kWh";2045;"0.045";"Sensitivity | Current Policies | Removed CO2 price";"Electricity"
"OPEX";"Charging Infrastructure";"IT";"CCS grid extension";"Tractor-Trailer";"PROG";"EUR/kWh";2045;"0.045";"Sensitivity | Current Policies | Removed CO2 price";"Electricity"
"OPEX";"Charging Infrastructure";"IT";"CCS grid extension";"Rigid";"BAU";"EUR/kWh";2045;"0.045";"Sensitivity | Current Policies | Removed CO2 price";"Electricity"
"OPEX";"Charging Infrastructure";"IT";"CCS grid extension";"Tractor-Trailer";"BAU";"EUR/kWh";2045;"0.045";"Sensitivity | Current Policies | Removed CO2 price";"Electricity"
"OPEX";"Charging Infrastructure";"NL";"CCS grid extension";"Rigid";"PROG";"EUR/kWh";2045;"0.045";"Sensitivity | Current Policies | Removed CO2 price";"Electricity"
"OPEX";"Charging Infrastructure";"NL";"CCS grid extension";"Tractor-Trailer";"PROG";"EUR/kWh";2045;"0.045";"Sensitivity | Current Policies | Removed CO2 price";"Electricity"
"OPEX";"Charging Infrastructure";"NL";"CCS grid extension";"Rigid";"BAU";"EUR/kWh";2045;"0.045";"Sensitivity | Current Policies | Removed CO2 price";"Electricity"
"OPEX";"Charging Infrastructure";"NL";"CCS grid extension";"Tractor-Trailer";"BAU";"EUR/kWh";2045;"0.045";"Sensitivity | Current Policies | Removed CO2 price";"Electricity"
"OPEX";"Charging Infrastructure";"PL";"CCS grid extension";"Rigid";"PROG";"EUR/kWh";2045;"0.045";"Sensitivity | Current Policies | Removed CO2 price";"Electricity"
"OPEX";"Charging Infrastructure";"PL";"CCS grid extension";"Tractor-Trailer";"PROG";"EUR/kWh";2045;"0.045";"Sensitivity | Current Policies | Removed CO2 price";"Electricity"
"OPEX";"Charging Infrastructure";"PL";"CCS grid extension";"Rigid";"BAU";"EUR/kWh";2045;"0.045";"Sensitivity | Current Policies | Removed CO2 price";"Electricity"
"OPEX";"Charging Infrastructure";"PL";"CCS grid extension";"Tractor-Trailer";"BAU";"EUR/kWh";2045;"0.045";"Sensitivity | Current Policies | Removed CO2 price";"Electricity"
"OPEX";"Charging Infrastructure";"UK";"CCS grid extension";"Rigid";"PROG";"EUR/kWh";2045;"0.045";"Sensitivity | Current Policies | Removed CO2 price";"Electricity"
"OPEX";"Charging Infrastructure";"UK";"CCS grid extension";"Tractor-Trailer";"PROG";"EUR/kWh";2045;"0.045";"Sensitivity | Current Policies | Removed CO2 price";"Electricity"
"OPEX";"Charging Infrastructure";"UK";"CCS grid extension";"Rigid";"BAU";"EUR/kWh";2045;"0.045";"Sensitivity | Current Policies | Removed CO2 price";"Electricity"
"OPEX";"Charging Infrastructure";"UK";"CCS grid extension";"Tractor-Trailer";"BAU";"EUR/kWh";2045;"0.045";"Sensitivity | Current Policies | Removed CO2 price";"Electricity"
"OPEX";"Diesel Infrastructure";"DE";"Total Diesel Mark-Up";"Rigid";"BAU";"EUR/kWh";2045;"0.018";"Sensitivity | Current Policies | Removed CO2 price";"Diesel"
"OPEX";"Diesel Infrastructure";"DE";"Total Diesel Mark-Up";"Tractor-Trailer";"BAU";"EUR/kWh";2045;"0.018";"Sensitivity | Current Policies | Removed CO2 price";"Diesel"
"OPEX";"Diesel Infrastructure";"DE";"Total Diesel Mark-Up";"Rigid";"PROG";"EUR/kWh";2045;"0.018";"Sensitivity | Current Policies | Removed CO2 price";"Diesel"
"OPEX";"Diesel Infrastructure";"DE";"Total Diesel Mark-Up";"Tractor-Trailer";"PROG";"EUR/kWh";2045;"0.018";"Sensitivity | Current Policies | Removed CO2 price";"Diesel"
"OPEX";"Diesel Infrastructure";"ES";"Total Diesel Mark-Up";"Rigid";"BAU";"EUR/kWh";2045;"0.018";"Sensitivity | Current Policies | Removed CO2 price";"Diesel"
"OPEX";"Diesel Infrastructure";"ES";"Total Diesel Mark-Up";"Tractor-Trailer";"BAU";"EUR/kWh";2045;"0.018";"Sensitivity | Current Policies | Removed CO2 price";"Diesel"
"OPEX";"Diesel Infrastructure";"ES";"Total Diesel Mark-Up";"Rigid";"PROG";"EUR/kWh";2045;"0.018";"Sensitivity | Current Policies | Removed CO2 price";"Diesel"
"OPEX";"Diesel Infrastructure";"ES";"Total Diesel Mark-Up";"Tractor-Trailer";"PROG";"EUR/kWh";2045;"0.018";"Sensitivity | Current Policies | Removed CO2 price";"Diesel"
"OPEX";"Diesel Infrastructure";"FR";"Total Diesel Mark-Up";"Rigid";"BAU";"EUR/kWh";2045;"0.018";"Sensitivity | Current Policies | Removed CO2 price";"Diesel"
"OPEX";"Diesel Infrastructure";"FR";"Total Diesel Mark-Up";"Tractor-Trailer";"BAU";"EUR/kWh";2045;"0.018";"Sensitivity | Current Policies | Removed CO2 price";"Diesel"
"OPEX";"Diesel Infrastructure";"FR";"Total Diesel Mark-Up";"Rigid";"PROG";"EUR/kWh";2045;"0.018";"Sensitivity | Current Policies | Removed CO2 price";"Diesel"
"OPEX";"Diesel Infrastructure";"FR";"Total Diesel Mark-Up";"Tractor-Trailer";"PROG";"EUR/kWh";2045;"0.018";"Sensitivity | Current Policies | Removed CO2 price";"Diesel"
"OPEX";"Diesel Infrastructure";"IT";"Total Diesel Mark-Up";"Rigid";"BAU";"EUR/kWh";2045;"0.018";"Sensitivity | Current Policies | Removed CO2 price";"Diesel"
"OPEX";"Diesel Infrastructure";"IT";"Total Diesel Mark-Up";"Tractor-Trailer";"BAU";"EUR/kWh";2045;"0.018";"Sensitivity | Current Policies | Removed CO2 price";"Diesel"
"OPEX";"Diesel Infrastructure";"IT";"Total Diesel Mark-Up";"Rigid";"PROG";"EUR/kWh";2045;"0.018";"Sensitivity | Current Policies | Removed CO2 price";"Diesel"
"OPEX";"Diesel Infrastructure";"IT";"Total Diesel Mark-Up";"Tractor-Trailer";"PROG";"EUR/kWh";2045;"0.018";"Sensitivity | Current Policies | Removed CO2 price";"Diesel"
"OPEX";"Diesel Infrastructure";"NL";"Total Diesel Mark-Up";"Rigid";"BAU";"EUR/kWh";2045;"0.018";"Sensitivity | Current Policies | Removed CO2 price";"Diesel"
"OPEX";"Diesel Infrastructure";"NL";"Total Diesel Mark-Up";"Tractor-Trailer";"BAU";"EUR/kWh";2045;"0.018";"Sensitivity | Current Policies | Removed CO2 price";"Diesel"
"OPEX";"Diesel Infrastructure";"NL";"Total Diesel Mark-Up";"Rigid";"PROG";"EUR/kWh";2045;"0.018";"Sensitivity | Current Policies | Removed CO2 price";"Diesel"
"OPEX";"Diesel Infrastructure";"NL";"Total Diesel Mark-Up";"Tractor-Trailer";"PROG";"EUR/kWh";2045;"0.018";"Sensitivity | Current Policies | Removed CO2 price";"Diesel"
"OPEX";"Diesel Infrastructure";"PL";"Total Diesel Mark-Up";"Rigid";"BAU";"EUR/kWh";2045;"0.018";"Sensitivity | Current Policies | Removed CO2 price";"Diesel"
"OPEX";"Diesel Infrastructure";"PL";"Total Diesel Mark-Up";"Tractor-Trailer";"BAU";"EUR/kWh";2045;"0.018";"Sensitivity | Current Policies | Removed CO2 price";"Diesel"
"OPEX";"Diesel Infrastructure";"PL";"Total Diesel Mark-Up";"Rigid";"PROG";"EUR/kWh";2045;"0.018";"Sensitivity | Current Policies | Removed CO2 price";"Diesel"
"OPEX";"Diesel Infrastructure";"PL";"Total Diesel Mark-Up";"Tractor-Trailer";"PROG";"EUR/kWh";2045;"0.018";"Sensitivity | Current Policies | Removed CO2 price";"Diesel"
"OPEX";"Diesel Infrastructure";"UK";"Total Diesel Mark-Up";"Rigid";"BAU";"EUR/kWh";2045;"0.018";"Sensitivity | Current Policies | Removed CO2 price";"Diesel"
"OPEX";"Diesel Infrastructure";"UK";"Total Diesel Mark-Up";"Tractor-Trailer";"BAU";"EUR/kWh";2045;"0.018";"Sensitivity | Current Policies | Removed CO2 price";"Diesel"
"OPEX";"Diesel Infrastructure";"UK";"Total Diesel Mark-Up";"Rigid";"PROG";"EUR/kWh";2045;"0.018";"Sensitivity | Current Policies | Removed CO2 price";"Diesel"
"OPEX";"Diesel Infrastructure";"UK";"Total Diesel Mark-Up";"Tractor-Trailer";"PROG";"EUR/kWh";2045;"0.018";"Sensitivity | Current Policies | Removed CO2 price";"Diesel"
"OPEX";"Diesel Infrastructure";"DE";"CO2 emission factor Biodiesel";"Rigid";"BAU";"%";2045;"0.154";"Sensitivity | Current Policies | Removed CO2 price";"Diesel"
"OPEX";"Diesel Infrastructure";"DE";"CO2 emission factor Biodiesel";"Tractor-Trailer";"BAU";"%";2045;"0.154";"Sensitivity | Current Policies | Removed CO2 price";"Diesel"
"OPEX";"Diesel Infrastructure";"DE";"CO2 emission factor Biodiesel";"Rigid";"PROG";"%";2045;"0.154";"Sensitivity | Current Policies | Removed CO2 price";"Diesel"
"OPEX";"Diesel Infrastructure";"DE";"CO2 emission factor Biodiesel";"Tractor-Trailer";"PROG";"%";2045;"0.154";"Sensitivity | Current Policies | Removed CO2 price";"Diesel"
"OPEX";"Diesel Infrastructure";"ES";"CO2 emission factor Biodiesel";"Rigid";"BAU";"%";2045;"0.154";"Sensitivity | Current Policies | Removed CO2 price";"Diesel"
"OPEX";"Diesel Infrastructure";"ES";"CO2 emission factor Biodiesel";"Tractor-Trailer";"BAU";"%";2045;"0.154";"Sensitivity | Current Policies | Removed CO2 price";"Diesel"
"OPEX";"Diesel Infrastructure";"ES";"CO2 emission factor Biodiesel";"Rigid";"PROG";"%";2045;"0.154";"Sensitivity | Current Policies | Removed CO2 price";"Diesel"
"OPEX";"Diesel Infrastructure";"ES";"CO2 emission factor Biodiesel";"Tractor-Trailer";"PROG";"%";2045;"0.154";"Sensitivity | Current Policies | Removed CO2 price";"Diesel"
"OPEX";"Diesel Infrastructure";"FR";"CO2 emission factor Biodiesel";"Rigid";"BAU";"%";2045;"0.154";"Sensitivity | Current Policies | Removed CO2 price";"Diesel"
"OPEX";"Diesel Infrastructure";"FR";"CO2 emission factor Biodiesel";"Tractor-Trailer";"BAU";"%";2045;"0.154";"Sensitivity | Current Policies | Removed CO2 price";"Diesel"
"OPEX";"Diesel Infrastructure";"FR";"CO2 emission factor Biodiesel";"Rigid";"PROG";"%";2045;"0.154";"Sensitivity | Current Policies | Removed CO2 price";"Diesel"
"OPEX";"Diesel Infrastructure";"FR";"CO2 emission factor Biodiesel";"Tractor-Trailer";"PROG";"%";2045;"0.154";"Sensitivity | Current Policies | Removed CO2 price";"Diesel"
"OPEX";"Diesel Infrastructure";"IT";"CO2 emission factor Biodiesel";"Rigid";"BAU";"%";2045;"0.154";"Sensitivity | Current Policies | Removed CO2 price";"Diesel"
"OPEX";"Diesel Infrastructure";"IT";"CO2 emission factor Biodiesel";"Tractor-Trailer";"BAU";"%";2045;"0.154";"Sensitivity | Current Policies | Removed CO2 price";"Diesel"
"OPEX";"Diesel Infrastructure";"IT";"CO2 emission factor Biodiesel";"Rigid";"PROG";"%";2045;"0.154";"Sensitivity | Current Policies | Removed CO2 price";"Diesel"
"OPEX";"Diesel Infrastructure";"IT";"CO2 emission factor Biodiesel";"Tractor-Trailer";"PROG";"%";2045;"0.154";"Sensitivity | Current Policies | Removed CO2 price";"Diesel"
"OPEX";"Diesel Infrastructure";"NL";"CO2 emission factor Biodiesel";"Rigid";"BAU";"%";2045;"0.154";"Sensitivity | Current Policies | Removed CO2 price";"Diesel"
"OPEX";"Diesel Infrastructure";"NL";"CO2 emission factor Biodiesel";"Tractor-Trailer";"BAU";"%";2045;"0.154";"Sensitivity | Current Policies | Removed CO2 price";"Diesel"
"OPEX";"Diesel Infrastructure";"NL";"CO2 emission factor Biodiesel";"Rigid";"PROG";"%";2045;"0.154";"Sensitivity | Current Policies | Removed CO2 price";"Diesel"
"OPEX";"Diesel Infrastructure";"NL";"CO2 emission factor Biodiesel";"Tractor-Trailer";"PROG";"%";2045;"0.154";"Sensitivity | Current Policies | Removed CO2 price";"Diesel"
"OPEX";"Diesel Infrastructure";"PL";"CO2 emission factor Biodiesel";"Rigid";"BAU";"%";2045;"0.154";"Sensitivity | Current Policies | Removed CO2 price";"Diesel"
"OPEX";"Diesel Infrastructure";"PL";"CO2 emission factor Biodiesel";"Tractor-Trailer";"BAU";"%";2045;"0.154";"Sensitivity | Current Policies | Removed CO2 price";"Diesel"
"OPEX";"Diesel Infrastructure";"PL";"CO2 emission factor Biodiesel";"Rigid";"PROG";"%";2045;"0.154";"Sensitivity | Current Policies | Removed CO2 price";"Diesel"
"OPEX";"Diesel Infrastructure";"PL";"CO2 emission factor Biodiesel";"Tractor-Trailer";"PROG";"%";2045;"0.154";"Sensitivity | Current Policies | Removed CO2 price";"Diesel"
"OPEX";"Diesel Infrastructure";"UK";"CO2 emission factor Biodiesel";"Rigid";"BAU";"%";2045;"0.154";"Sensitivity | Current Policies | Removed CO2 price";"Diesel"
"OPEX";"Diesel Infrastructure";"UK";"CO2 emission factor Biodiesel";"Tractor-Trailer";"BAU";"%";2045;"0.154";"Sensitivity | Current Policies | Removed CO2 price";"Diesel"
"OPEX";"Diesel Infrastructure";"UK";"CO2 emission factor Biodiesel";"Rigid";"PROG";"%";2045;"0.154";"Sensitivity | Current Policies | Removed CO2 price";"Diesel"
"OPEX";"Diesel Infrastructure";"UK";"CO2 emission factor Biodiesel";"Tractor-Trailer";"PROG";"%";2045;"0.154";"Sensitivity | Current Policies | Removed CO2 price";"Diesel"
"OPEX";"Diesel Infrastructure";"DE";"CO2 emission factor Pt-Diesel";"Rigid";"BAU";"%";2045;"0";"Sensitivity | Current Policies | Removed CO2 price";"Diesel"
"OPEX";"Diesel Infrastructure";"DE";"CO2 emission factor Pt-Diesel";"Tractor-Trailer";"BAU";"%";2045;"0";"Sensitivity | Current Policies | Removed CO2 price";"Diesel"
"OPEX";"Diesel Infrastructure";"DE";"CO2 emission factor Pt-Diesel";"Rigid";"PROG";"%";2045;"0";"Sensitivity | Current Policies | Removed CO2 price";"Diesel"
"OPEX";"Diesel Infrastructure";"DE";"CO2 emission factor Pt-Diesel";"Tractor-Trailer";"PROG";"%";2045;"0";"Sensitivity | Current Policies | Removed CO2 price";"Diesel"
"OPEX";"Diesel Infrastructure";"ES";"CO2 emission factor Pt-Diesel";"Rigid";"BAU";"%";2045;"0";"Sensitivity | Current Policies | Removed CO2 price";"Diesel"
"OPEX";"Diesel Infrastructure";"ES";"CO2 emission factor Pt-Diesel";"Tractor-Trailer";"BAU";"%";2045;"0";"Sensitivity | Current Policies | Removed CO2 price";"Diesel"
"OPEX";"Diesel Infrastructure";"ES";"CO2 emission factor Pt-Diesel";"Rigid";"PROG";"%";2045;"0";"Sensitivity | Current Policies | Removed CO2 price";"Diesel"
"OPEX";"Diesel Infrastructure";"ES";"CO2 emission factor Pt-Diesel";"Tractor-Trailer";"PROG";"%";2045;"0";"Sensitivity | Current Policies | Removed CO2 price";"Diesel"
"OPEX";"Diesel Infrastructure";"FR";"CO2 emission factor Pt-Diesel";"Rigid";"BAU";"%";2045;"0";"Sensitivity | Current Policies | Removed CO2 price";"Diesel"
"OPEX";"Diesel Infrastructure";"FR";"CO2 emission factor Pt-Diesel";"Tractor-Trailer";"BAU";"%";2045;"0";"Sensitivity | Current Policies | Removed CO2 price";"Diesel"
"OPEX";"Diesel Infrastructure";"FR";"CO2 emission factor Pt-Diesel";"Rigid";"PROG";"%";2045;"0";"Sensitivity | Current Policies | Removed CO2 price";"Diesel"
"OPEX";"Diesel Infrastructure";"FR";"CO2 emission factor Pt-Diesel";"Tractor-Trailer";"PROG";"%";2045;"0";"Sensitivity | Current Policies | Removed CO2 price";"Diesel"
"OPEX";"Diesel Infrastructure";"IT";"CO2 emission factor Pt-Diesel";"Rigid";"BAU";"%";2045;"0";"Sensitivity | Current Policies | Removed CO2 price";"Diesel"
"OPEX";"Diesel Infrastructure";"IT";"CO2 emission factor Pt-Diesel";"Tractor-Trailer";"BAU";"%";2045;"0";"Sensitivity | Current Policies | Removed CO2 price";"Diesel"
"OPEX";"Diesel Infrastructure";"IT";"CO2 emission factor Pt-Diesel";"Rigid";"PROG";"%";2045;"0";"Sensitivity | Current Policies | Removed CO2 price";"Diesel"
"OPEX";"Diesel Infrastructure";"IT";"CO2 emission factor Pt-Diesel";"Tractor-Trailer";"PROG";"%";2045;"0";"Sensitivity | Current Policies | Removed CO2 price";"Diesel"
"OPEX";"Diesel Infrastructure";"NL";"CO2 emission factor Pt-Diesel";"Rigid";"BAU";"%";2045;"0";"Sensitivity | Current Policies | Removed CO2 price";"Diesel"
"OPEX";"Diesel Infrastructure";"NL";"CO2 emission factor Pt-Diesel";"Tractor-Trailer";"BAU";"%";2045;"0";"Sensitivity | Current Policies | Removed CO2 price";"Diesel"
"OPEX";"Diesel Infrastructure";"NL";"CO2 emission factor Pt-Diesel";"Rigid";"PROG";"%";2045;"0";"Sensitivity | Current Policies | Removed CO2 price";"Diesel"
"OPEX";"Diesel Infrastructure";"NL";"CO2 emission factor Pt-Diesel";"Tractor-Trailer";"PROG";"%";2045;"0";"Sensitivity | Current Policies | Removed CO2 price";"Diesel"
"OPEX";"Diesel Infrastructure";"PL";"CO2 emission factor Pt-Diesel";"Rigid";"BAU";"%";2045;"0";"Sensitivity | Current Policies | Removed CO2 price";"Diesel"
"OPEX";"Diesel Infrastructure";"PL";"CO2 emission factor Pt-Diesel";"Tractor-Trailer";"BAU";"%";2045;"0";"Sensitivity | Current Policies | Removed CO2 price";"Diesel"
"OPEX";"Diesel Infrastructure";"PL";"CO2 emission factor Pt-Diesel";"Rigid";"PROG";"%";2045;"0";"Sensitivity | Current Policies | Removed CO2 price";"Diesel"
"OPEX";"Diesel Infrastructure";"PL";"CO2 emission factor Pt-Diesel";"Tractor-Trailer";"PROG";"%";2045;"0";"Sensitivity | Current Policies | Removed CO2 price";"Diesel"
"OPEX";"Diesel Infrastructure";"UK";"CO2 emission factor Pt-Diesel";"Rigid";"BAU";"%";2045;"0";"Sensitivity | Current Policies | Removed CO2 price";"Diesel"
"OPEX";"Diesel Infrastructure";"UK";"CO2 emission factor Pt-Diesel";"Tractor-Trailer";"BAU";"%";2045;"0";"Sensitivity | Current Policies | Removed CO2 price";"Diesel"
"OPEX";"Diesel Infrastructure";"UK";"CO2 emission factor Pt-Diesel";"Rigid";"PROG";"%";2045;"0";"Sensitivity | Current Policies | Removed CO2 price";"Diesel"
"OPEX";"Diesel Infrastructure";"UK";"CO2 emission factor Pt-Diesel";"Tractor-Trailer";"PROG";"%";2045;"0";"Sensitivity | Current Policies | Removed CO2 price";"Diesel"
"OPEX";"Taxes";"DE";"Network Costs - MCS";"Rigid";"BAU";"EUR/kWh";2045;"0.034";"Sensitivity | Current Policies | Removed CO2 price";"Electricity"
"OPEX";"Taxes";"DE";"Network Costs - MCS";"Tractor-Trailer";"BAU";"EUR/kWh";2045;"0.034";"Sensitivity | Current Policies | Removed CO2 price";"Electricity"
"OPEX";"Taxes";"ES";"Network Costs - MCS";"Rigid";"BAU";"EUR/kWh";2045;"0.018";"Sensitivity | Current Policies | Removed CO2 price";"Electricity"
"OPEX";"Taxes";"ES";"Network Costs - MCS";"Tractor-Trailer";"BAU";"EUR/kWh";2045;"0.018";"Sensitivity | Current Policies | Removed CO2 price";"Electricity"
"OPEX";"Taxes";"FR";"Network Costs - MCS";"Rigid";"BAU";"EUR/kWh";2045;"0.018";"Sensitivity | Current Policies | Removed CO2 price";"Electricity"
"OPEX";"Taxes";"FR";"Network Costs - MCS";"Tractor-Trailer";"BAU";"EUR/kWh";2045;"0.018";"Sensitivity | Current Policies | Removed CO2 price";"Electricity"
"OPEX";"Taxes";"IT";"Network Costs - MCS";"Rigid";"BAU";"EUR/kWh";2045;"0.015";"Sensitivity | Current Policies | Removed CO2 price";"Electricity"
"OPEX";"Taxes";"IT";"Network Costs - MCS";"Tractor-Trailer";"BAU";"EUR/kWh";2045;"0.015";"Sensitivity | Current Policies | Removed CO2 price";"Electricity"
"OPEX";"Taxes";"NL";"Network Costs - MCS";"Rigid";"BAU";"EUR/kWh";2045;"0.016";"Sensitivity | Current Policies | Removed CO2 price";"Electricity"
"OPEX";"Taxes";"NL";"Network Costs - MCS";"Tractor-Trailer";"BAU";"EUR/kWh";2045;"0.016";"Sensitivity | Current Policies | Removed CO2 price";"Electricity"
"OPEX";"Taxes";"PL";"Network Costs - MCS";"Rigid";"BAU";"EUR/kWh";2045;"0.019";"Sensitivity | Current Policies | Removed CO2 price";"Electricity"
"OPEX";"Taxes";"PL";"Network Costs - MCS";"Tractor-Trailer";"BAU";"EUR/kWh";2045;"0.019";"Sensitivity | Current Policies | Removed CO2 price";"Electricity"
"OPEX";"Taxes";"UK";"Network Costs - MCS";"Rigid";"BAU";"EUR/kWh";2045;"0.027";"Sensitivity | Current Policies | Removed CO2 price";"Electricity"
"OPEX";"Taxes";"UK";"Network Costs - MCS";"Tractor-Trailer";"BAU";"EUR/kWh";2045;"0.027";"Sensitivity | Current Policies | Removed CO2 price";"Electricity"
"OPEX";"Taxes";"DE";"Taxes, Fees, Levies and charges - MCS";"Rigid";"BAU";"EUR/kWh";2045;"0.056";"Sensitivity | Current Policies | Removed CO2 price";"Electricity"
"OPEX";"Taxes";"DE";"Taxes, Fees, Levies and charges - MCS";"Tractor-Trailer";"BAU";"EUR/kWh";2045;"0.056";"Sensitivity | Current Policies | Removed CO2 price";"Electricity"
"OPEX";"Taxes";"ES";"Taxes, Fees, Levies and charges - MCS";"Rigid";"BAU";"EUR/kWh";2045;"0.036";"Sensitivity | Current Policies | Removed CO2 price";"Electricity"
"OPEX";"Taxes";"ES";"Taxes, Fees, Levies and charges - MCS";"Tractor-Trailer";"BAU";"EUR/kWh";2045;"0.036";"Sensitivity | Current Policies | Removed CO2 price";"Electricity"
"OPEX";"Taxes";"FR";"Taxes, Fees, Levies and charges - MCS";"Rigid";"BAU";"EUR/kWh";2045;"0.03";"Sensitivity | Current Policies | Removed CO2 price";"Electricity"
"OPEX";"Taxes";"FR";"Taxes, Fees, Levies and charges - MCS";"Tractor-Trailer";"BAU";"EUR/kWh";2045;"0.03";"Sensitivity | Current Policies | Removed CO2 price";"Electricity"
"OPEX";"Taxes";"IT";"Taxes, Fees, Levies and charges - MCS";"Rigid";"BAU";"EUR/kWh";2045;"0.062";"Sensitivity | Current Policies | Removed CO2 price";"Electricity"
"OPEX";"Taxes";"IT";"Taxes, Fees, Levies and charges - MCS";"Tractor-Trailer";"BAU";"EUR/kWh";2045;"0.062";"Sensitivity | Current Policies | Removed CO2 price";"Electricity"
"OPEX";"Taxes";"NL";"Taxes, Fees, Levies and charges - MCS";"Rigid";"BAU";"EUR/kWh";2045;"0.055";"Sensitivity | Current Policies | Removed CO2 price";"Electricity"
"OPEX";"Taxes";"NL";"Taxes, Fees, Levies and charges - MCS";"Tractor-Trailer";"BAU";"EUR/kWh";2045;"0.055";"Sensitivity | Current Policies | Removed CO2 price";"Electricity"
"OPEX";"Taxes";"PL";"Taxes, Fees, Levies and charges - MCS";"Rigid";"BAU";"EUR/kWh";2045;"0.049";"Sensitivity | Current Policies | Removed CO2 price";"Electricity"
"OPEX";"Taxes";"PL";"Taxes, Fees, Levies and charges - MCS";"Tractor-Trailer";"BAU";"EUR/kWh";2045;"0.049";"Sensitivity | Current Policies | Removed CO2 price";"Electricity"
"OPEX";"Taxes";"UK";"Taxes, Fees, Levies and charges - MCS";"Rigid";"BAU";"EUR/kWh";2045;"0.077";"Sensitivity | Current Policies | Removed CO2 price";"Electricity"
"OPEX";"Taxes";"UK";"Taxes, Fees, Levies and charges - MCS";"Tractor-Trailer";"BAU";"EUR/kWh";2045;"0.077";"Sensitivity | Current Policies | Removed CO2 price";"Electricity"
"OPEX";"Taxes";"DE";"Network Costs - Depot";"Rigid";"BAU";"EUR/kWh";2045;"0.034";"Sensitivity | Current Policies | Removed CO2 price";"Electricity"
"OPEX";"Taxes";"DE";"Network Costs - Depot";"Tractor-Trailer";"BAU";"EUR/kWh";2045;"0.034";"Sensitivity | Current Policies | Removed CO2 price";"Electricity"
"OPEX";"Taxes";"ES";"Network Costs - Depot";"Rigid";"BAU";"EUR/kWh";2045;"0.018";"Sensitivity | Current Policies | Removed CO2 price";"Electricity"
"OPEX";"Taxes";"ES";"Network Costs - Depot";"Tractor-Trailer";"BAU";"EUR/kWh";2045;"0.018";"Sensitivity | Current Policies | Removed CO2 price";"Electricity"
"OPEX";"Taxes";"FR";"Network Costs - Depot";"Rigid";"BAU";"EUR/kWh";2045;"0.018";"Sensitivity | Current Policies | Removed CO2 price";"Electricity"
"OPEX";"Taxes";"FR";"Network Costs - Depot";"Tractor-Trailer";"BAU";"EUR/kWh";2045;"0.018";"Sensitivity | Current Policies | Removed CO2 price";"Electricity"
"OPEX";"Taxes";"IT";"Network Costs - Depot";"Rigid";"BAU";"EUR/kWh";2045;"0.016";"Sensitivity | Current Policies | Removed CO2 price";"Electricity"
"OPEX";"Taxes";"IT";"Network Costs - Depot";"Tractor-Trailer";"BAU";"EUR/kWh";2045;"0.016";"Sensitivity | Current Policies | Removed CO2 price";"Electricity"
"OPEX";"Taxes";"NL";"Network Costs - Depot";"Rigid";"BAU";"EUR/kWh";2045;"0.016";"Sensitivity | Current Policies | Removed CO2 price";"Electricity"
"OPEX";"Taxes";"NL";"Network Costs - Depot";"Tractor-Trailer";"BAU";"EUR/kWh";2045;"0.016";"Sensitivity | Current Policies | Removed CO2 price";"Electricity"
"OPEX";"Taxes";"PL";"Network Costs - Depot";"Rigid";"BAU";"EUR/kWh";2045;"0.019";"Sensitivity | Current Policies | Removed CO2 price";"Electricity"
"OPEX";"Taxes";"PL";"Network Costs - Depot";"Tractor-Trailer";"BAU";"EUR/kWh";2045;"0.019";"Sensitivity | Current Policies | Removed CO2 price";"Electricity"
"OPEX";"Taxes";"UK";"Network Costs - Depot";"Rigid";"BAU";"EUR/kWh";2045;"0.027";"Sensitivity | Current Policies | Removed CO2 price";"Electricity"
"OPEX";"Taxes";"UK";"Network Costs - Depot";"Tractor-Trailer";"BAU";"EUR/kWh";2045;"0.027";"Sensitivity | Current Policies | Removed CO2 price";"Electricity"
"OPEX";"Taxes";"DE";"Taxes, Fees, Levies and charges - Depot";"Rigid";"BAU";"EUR/kWh";2045;"0.056";"Sensitivity | Current Policies | Removed CO2 price";"Electricity"
"OPEX";"Taxes";"DE";"Taxes, Fees, Levies and charges - Depot";"Tractor-Trailer";"BAU";"EUR/kWh";2045;"0.056";"Sensitivity | Current Policies | Removed CO2 price";"Electricity"
"OPEX";"Taxes";"ES";"Taxes, Fees, Levies and charges - Depot";"Rigid";"BAU";"EUR/kWh";2045;"0.036";"Sensitivity | Current Policies | Removed CO2 price";"Electricity"
"OPEX";"Taxes";"ES";"Taxes, Fees, Levies and charges - Depot";"Tractor-Trailer";"BAU";"EUR/kWh";2045;"0.036";"Sensitivity | Current Policies | Removed CO2 price";"Electricity"
"OPEX";"Taxes";"FR";"Taxes, Fees, Levies and charges - Depot";"Rigid";"BAU";"EUR/kWh";2045;"0.03";"Sensitivity | Current Policies | Removed CO2 price";"Electricity"
"OPEX";"Taxes";"FR";"Taxes, Fees, Levies and charges - Depot";"Tractor-Trailer";"BAU";"EUR/kWh";2045;"0.03";"Sensitivity | Current Policies | Removed CO2 price";"Electricity"
"OPEX";"Taxes";"IT";"Taxes, Fees, Levies and charges - Depot";"Rigid";"BAU";"EUR/kWh";2045;"0.063";"Sensitivity | Current Policies | Removed CO2 price";"Electricity"
"OPEX";"Taxes";"IT";"Taxes, Fees, Levies and charges - Depot";"Tractor-Trailer";"BAU";"EUR/kWh";2045;"0.063";"Sensitivity | Current Policies | Removed CO2 price";"Electricity"
"OPEX";"Taxes";"NL";"Taxes, Fees, Levies and charges - Depot";"Rigid";"BAU";"EUR/kWh";2045;"0.055";"Sensitivity | Current Policies | Removed CO2 price";"Electricity"
"OPEX";"Taxes";"NL";"Taxes, Fees, Levies and charges - Depot";"Tractor-Trailer";"BAU";"EUR/kWh";2045;"0.055";"Sensitivity | Current Policies | Removed CO2 price";"Electricity"
"OPEX";"Taxes";"PL";"Taxes, Fees, Levies and charges - Depot";"Rigid";"BAU";"EUR/kWh";2045;"0.049";"Sensitivity | Current Policies | Removed CO2 price";"Electricity"
"OPEX";"Taxes";"PL";"Taxes, Fees, Levies and charges - Depot";"Tractor-Trailer";"BAU";"EUR/kWh";2045;"0.049";"Sensitivity | Current Policies | Removed CO2 price";"Electricity"
"OPEX";"Taxes";"UK";"Taxes, Fees, Levies and charges - Depot";"Rigid";"BAU";"EUR/kWh";2045;"0.077";"Sensitivity | Current Policies | Removed CO2 price";"Electricity"
"OPEX";"Taxes";"UK";"Taxes, Fees, Levies and charges - Depot";"Tractor-Trailer";"BAU";"EUR/kWh";2045;"0.077";"Sensitivity | Current Policies | Removed CO2 price";"Electricity"
"OPEX";"H2 Infrastructure";"DE";"HRS costs";"Rigid";"BAU";"EUR/kg H2";2045;"1.1";"Sensitivity | Current Policies | Removed CO2 price";"Hydrogen"
"OPEX";"H2 Infrastructure";"DE";"HRS costs";"Tractor-Trailer";"BAU";"EUR/kg H2";2045;"1.1";"Sensitivity | Current Policies | Removed CO2 price";"Hydrogen"
"OPEX";"H2 Infrastructure";"ES";"HRS costs";"Rigid";"BAU";"EUR/kg H2";2045;"1.1";"Sensitivity | Current Policies | Removed CO2 price";"Hydrogen"
"OPEX";"H2 Infrastructure";"ES";"HRS costs";"Tractor-Trailer";"BAU";"EUR/kg H2";2045;"1.1";"Sensitivity | Current Policies | Removed CO2 price";"Hydrogen"
"OPEX";"H2 Infrastructure";"FR";"HRS costs";"Rigid";"BAU";"EUR/kg H2";2045;"1.1";"Sensitivity | Current Policies | Removed CO2 price";"Hydrogen"
"OPEX";"H2 Infrastructure";"FR";"HRS costs";"Tractor-Trailer";"BAU";"EUR/kg H2";2045;"1.1";"Sensitivity | Current Policies | Removed CO2 price";"Hydrogen"
"OPEX";"H2 Infrastructure";"IT";"HRS costs";"Rigid";"BAU";"EUR/kg H2";2045;"1.1";"Sensitivity | Current Policies | Removed CO2 price";"Hydrogen"
"OPEX";"H2 Infrastructure";"IT";"HRS costs";"Tractor-Trailer";"BAU";"EUR/kg H2";2045;"1.1";"Sensitivity | Current Policies | Removed CO2 price";"Hydrogen"
"OPEX";"H2 Infrastructure";"NL";"HRS costs";"Rigid";"BAU";"EUR/kg H2";2045;"1.1";"Sensitivity | Current Policies | Removed CO2 price";"Hydrogen"
"OPEX";"H2 Infrastructure";"NL";"HRS costs";"Tractor-Trailer";"BAU";"EUR/kg H2";2045;"1.1";"Sensitivity | Current Policies | Removed CO2 price";"Hydrogen"
"OPEX";"H2 Infrastructure";"PL";"HRS costs";"Rigid";"BAU";"EUR/kg H2";2045;"1.1";"Sensitivity | Current Policies | Removed CO2 price";"Hydrogen"
"OPEX";"H2 Infrastructure";"PL";"HRS costs";"Tractor-Trailer";"BAU";"EUR/kg H2";2045;"1.1";"Sensitivity | Current Policies | Removed CO2 price";"Hydrogen"
"OPEX";"H2 Infrastructure";"UK";"HRS costs";"Rigid";"BAU";"EUR/kg H2";2045;"1.1";"Sensitivity | Current Policies | Removed CO2 price";"Hydrogen"
"OPEX";"H2 Infrastructure";"UK";"HRS costs";"Tractor-Trailer";"BAU";"EUR/kg H2";2045;"1.1";"Sensitivity | Current Policies | Removed CO2 price";"Hydrogen"
"OPEX";"H2 Infrastructure";"DE";"H2 transport and distribution";"Rigid";"BAU";"EUR/kg H2";2045;"1";"Sensitivity | Current Policies | Removed CO2 price";"Hydrogen"
"OPEX";"H2 Infrastructure";"DE";"H2 transport and distribution";"Tractor-Trailer";"BAU";"EUR/kg H2";2045;"1";"Sensitivity | Current Policies | Removed CO2 price";"Hydrogen"
"OPEX";"H2 Infrastructure";"ES";"H2 transport and distribution";"Rigid";"BAU";"EUR/kg H2";2045;"1";"Sensitivity | Current Policies | Removed CO2 price";"Hydrogen"
"OPEX";"H2 Infrastructure";"ES";"H2 transport and distribution";"Tractor-Trailer";"BAU";"EUR/kg H2";2045;"1";"Sensitivity | Current Policies | Removed CO2 price";"Hydrogen"
"OPEX";"H2 Infrastructure";"FR";"H2 transport and distribution";"Rigid";"BAU";"EUR/kg H2";2045;"1";"Sensitivity | Current Policies | Removed CO2 price";"Hydrogen"
"OPEX";"H2 Infrastructure";"FR";"H2 transport and distribution";"Tractor-Trailer";"BAU";"EUR/kg H2";2045;"1";"Sensitivity | Current Policies | Removed CO2 price";"Hydrogen"
"OPEX";"H2 Infrastructure";"IT";"H2 transport and distribution";"Rigid";"BAU";"EUR/kg H2";2045;"1";"Sensitivity | Current Policies | Removed CO2 price";"Hydrogen"
"OPEX";"H2 Infrastructure";"IT";"H2 transport and distribution";"Tractor-Trailer";"BAU";"EUR/kg H2";2045;"1";"Sensitivity | Current Policies | Removed CO2 price";"Hydrogen"
"OPEX";"H2 Infrastructure";"NL";"H2 transport and distribution";"Rigid";"BAU";"EUR/kg H2";2045;"1";"Sensitivity | Current Policies | Removed CO2 price";"Hydrogen"
"OPEX";"H2 Infrastructure";"NL";"H2 transport and distribution";"Tractor-Trailer";"BAU";"EUR/kg H2";2045;"1";"Sensitivity | Current Policies | Removed CO2 price";"Hydrogen"
"OPEX";"H2 Infrastructure";"PL";"H2 transport and distribution";"Rigid";"BAU";"EUR/kg H2";2045;"1";"Sensitivity | Current Policies | Removed CO2 price";"Hydrogen"
"OPEX";"H2 Infrastructure";"PL";"H2 transport and distribution";"Tractor-Trailer";"BAU";"EUR/kg H2";2045;"1";"Sensitivity | Current Policies | Removed CO2 price";"Hydrogen"
"OPEX";"H2 Infrastructure";"UK";"H2 transport and distribution";"Rigid";"BAU";"EUR/kg H2";2045;"1";"Sensitivity | Current Policies | Removed CO2 price";"Hydrogen"
"OPEX";"H2 Infrastructure";"UK";"H2 transport and distribution";"Tractor-Trailer";"BAU";"EUR/kg H2";2045;"1";"Sensitivity | Current Policies | Removed CO2 price";"Hydrogen"
"OPEX";"H2 Infrastructure";"DE";"HRS Overhead, Profit and Mark-Up";"Rigid";"BAU";"EUR/kg H2";2045;"0.25";"Sensitivity | Current Policies | Removed CO2 price";"Hydrogen"
"OPEX";"H2 Infrastructure";"DE";"HRS Overhead, Profit and Mark-Up";"Tractor-Trailer";"BAU";"EUR/kg H2";2045;"0.25";"Sensitivity | Current Policies | Removed CO2 price";"Hydrogen"
"OPEX";"H2 Infrastructure";"ES";"HRS Overhead, Profit and Mark-Up";"Rigid";"BAU";"EUR/kg H2";2045;"0.25";"Sensitivity | Current Policies | Removed CO2 price";"Hydrogen"
"OPEX";"H2 Infrastructure";"ES";"HRS Overhead, Profit and Mark-Up";"Tractor-Trailer";"BAU";"EUR/kg H2";2045;"0.25";"Sensitivity | Current Policies | Removed CO2 price";"Hydrogen"
"OPEX";"H2 Infrastructure";"FR";"HRS Overhead, Profit and Mark-Up";"Rigid";"BAU";"EUR/kg H2";2045;"0.25";"Sensitivity | Current Policies | Removed CO2 price";"Hydrogen"
"OPEX";"H2 Infrastructure";"FR";"HRS Overhead, Profit and Mark-Up";"Tractor-Trailer";"BAU";"EUR/kg H2";2045;"0.25";"Sensitivity | Current Policies | Removed CO2 price";"Hydrogen"
"OPEX";"H2 Infrastructure";"IT";"HRS Overhead, Profit and Mark-Up";"Rigid";"BAU";"EUR/kg H2";2045;"0.25";"Sensitivity | Current Policies | Removed CO2 price";"Hydrogen"
"OPEX";"H2 Infrastructure";"IT";"HRS Overhead, Profit and Mark-Up";"Tractor-Trailer";"BAU";"EUR/kg H2";2045;"0.25";"Sensitivity | Current Policies | Removed CO2 price";"Hydrogen"
"OPEX";"H2 Infrastructure";"NL";"HRS Overhead, Profit and Mark-Up";"Rigid";"BAU";"EUR/kg H2";2045;"0.25";"Sensitivity | Current Policies | Removed CO2 price";"Hydrogen"
"OPEX";"H2 Infrastructure";"NL";"HRS Overhead, Profit and Mark-Up";"Tractor-Trailer";"BAU";"EUR/kg H2";2045;"0.25";"Sensitivity | Current Policies | Removed CO2 price";"Hydrogen"
"OPEX";"H2 Infrastructure";"PL";"HRS Overhead, Profit and Mark-Up";"Rigid";"BAU";"EUR/kg H2";2045;"0.25";"Sensitivity | Current Policies | Removed CO2 price";"Hydrogen"
"OPEX";"H2 Infrastructure";"PL";"HRS Overhead, Profit and Mark-Up";"Tractor-Trailer";"BAU";"EUR/kg H2";2045;"0.25";"Sensitivity | Current Policies | Removed CO2 price";"Hydrogen"
"OPEX";"H2 Infrastructure";"UK";"HRS Overhead, Profit and Mark-Up";"Rigid";"BAU";"EUR/kg H2";2045;"0.25";"Sensitivity | Current Policies | Removed CO2 price";"Hydrogen"
"OPEX";"H2 Infrastructure";"UK";"HRS Overhead, Profit and Mark-Up";"Tractor-Trailer";"BAU";"EUR/kg H2";2045;"0.25";"Sensitivity | Current Policies | Removed CO2 price";"Hydrogen"
"OPEX";"Charging Infrastructure";"DE";"MCS Station (Public Charging) - Incl. Overhead";"Rigid";"BAU";"EUR/kWh";2045;"0.032";"Sensitivity | Current Policies | Removed CO2 price";"Electricity"
"OPEX";"Charging Infrastructure";"DE";"MCS Station (Public Charging) - Incl. Overhead";"Tractor-Trailer";"BAU";"EUR/kWh";2045;"0.032";"Sensitivity | Current Policies | Removed CO2 price";"Electricity"
"OPEX";"Charging Infrastructure";"ES";"MCS Station (Public Charging) - Incl. Overhead";"Rigid";"BAU";"EUR/kWh";2045;"0.032";"Sensitivity | Current Policies | Removed CO2 price";"Electricity"
"OPEX";"Charging Infrastructure";"ES";"MCS Station (Public Charging) - Incl. Overhead";"Tractor-Trailer";"BAU";"EUR/kWh";2045;"0.032";"Sensitivity | Current Policies | Removed CO2 price";"Electricity"
"OPEX";"Charging Infrastructure";"FR";"MCS Station (Public Charging) - Incl. Overhead";"Rigid";"BAU";"EUR/kWh";2045;"0.032";"Sensitivity | Current Policies | Removed CO2 price";"Electricity"
"OPEX";"Charging Infrastructure";"FR";"MCS Station (Public Charging) - Incl. Overhead";"Tractor-Trailer";"BAU";"EUR/kWh";2045;"0.032";"Sensitivity | Current Policies | Removed CO2 price";"Electricity"
"OPEX";"Charging Infrastructure";"IT";"MCS Station (Public Charging) - Incl. Overhead";"Rigid";"BAU";"EUR/kWh";2045;"0.032";"Sensitivity | Current Policies | Removed CO2 price";"Electricity"
"OPEX";"Charging Infrastructure";"IT";"MCS Station (Public Charging) - Incl. Overhead";"Tractor-Trailer";"BAU";"EUR/kWh";2045;"0.032";"Sensitivity | Current Policies | Removed CO2 price";"Electricity"
"OPEX";"Charging Infrastructure";"NL";"MCS Station (Public Charging) - Incl. Overhead";"Rigid";"BAU";"EUR/kWh";2045;"0.032";"Sensitivity | Current Policies | Removed CO2 price";"Electricity"
"OPEX";"Charging Infrastructure";"NL";"MCS Station (Public Charging) - Incl. Overhead";"Tractor-Trailer";"BAU";"EUR/kWh";2045;"0.032";"Sensitivity | Current Policies | Removed CO2 price";"Electricity"
"OPEX";"Charging Infrastructure";"PL";"MCS Station (Public Charging) - Incl. Overhead";"Rigid";"BAU";"EUR/kWh";2045;"0.032";"Sensitivity | Current Policies | Removed CO2 price";"Electricity"
"OPEX";"Charging Infrastructure";"PL";"MCS Station (Public Charging) - Incl. Overhead";"Tractor-Trailer";"BAU";"EUR/kWh";2045;"0.032";"Sensitivity | Current Policies | Removed CO2 price";"Electricity"
"OPEX";"Charging Infrastructure";"UK";"MCS Station (Public Charging) - Incl. Overhead";"Rigid";"BAU";"EUR/kWh";2045;"0.032";"Sensitivity | Current Policies | Removed CO2 price";"Electricity"
"OPEX";"Charging Infrastructure";"UK";"MCS Station (Public Charging) - Incl. Overhead";"Tractor-Trailer";"BAU";"EUR/kWh";2045;"0.032";"Sensitivity | Current Policies | Removed CO2 price";"Electricity"
"OPEX";"Charging Infrastructure";"DE";"Share MCS-Charging";"Rigid";"BAU";"%";2045;"0.2";"Sensitivity | Current Policies | Removed CO2 price";"Electricity"
"OPEX";"Charging Infrastructure";"DE";"Share MCS-Charging";"Tractor-Trailer";"BAU";"%";2045;"0.2";"Sensitivity | Current Policies | Removed CO2 price";"Electricity"
"OPEX";"Charging Infrastructure";"ES";"Share MCS-Charging";"Rigid";"BAU";"%";2045;"0.2";"Sensitivity | Current Policies | Removed CO2 price";"Electricity"
"OPEX";"Charging Infrastructure";"ES";"Share MCS-Charging";"Tractor-Trailer";"BAU";"%";2045;"0.2";"Sensitivity | Current Policies | Removed CO2 price";"Electricity"
"OPEX";"Charging Infrastructure";"FR";"Share MCS-Charging";"Rigid";"BAU";"%";2045;"0.2";"Sensitivity | Current Policies | Removed CO2 price";"Electricity"
"OPEX";"Charging Infrastructure";"FR";"Share MCS-Charging";"Tractor-Trailer";"BAU";"%";2045;"0.2";"Sensitivity | Current Policies | Removed CO2 price";"Electricity"
"OPEX";"Charging Infrastructure";"IT";"Share MCS-Charging";"Rigid";"BAU";"%";2045;"0.2";"Sensitivity | Current Policies | Removed CO2 price";"Electricity"
"OPEX";"Charging Infrastructure";"IT";"Share MCS-Charging";"Tractor-Trailer";"BAU";"%";2045;"0.2";"Sensitivity | Current Policies | Removed CO2 price";"Electricity"
"OPEX";"Charging Infrastructure";"NL";"Share MCS-Charging";"Rigid";"BAU";"%";2045;"0.2";"Sensitivity | Current Policies | Removed CO2 price";"Electricity"
"OPEX";"Charging Infrastructure";"NL";"Share MCS-Charging";"Tractor-Trailer";"BAU";"%";2045;"0.2";"Sensitivity | Current Policies | Removed CO2 price";"Electricity"
"OPEX";"Charging Infrastructure";"PL";"Share MCS-Charging";"Rigid";"BAU";"%";2045;"0.2";"Sensitivity | Current Policies | Removed CO2 price";"Electricity"
"OPEX";"Charging Infrastructure";"PL";"Share MCS-Charging";"Tractor-Trailer";"BAU";"%";2045;"0.2";"Sensitivity | Current Policies | Removed CO2 price";"Electricity"
"OPEX";"Charging Infrastructure";"UK";"Share MCS-Charging";"Rigid";"BAU";"%";2045;"0.2";"Sensitivity | Current Policies | Removed CO2 price";"Electricity"
"OPEX";"Charging Infrastructure";"UK";"Share MCS-Charging";"Tractor-Trailer";"BAU";"%";2045;"0.2";"Sensitivity | Current Policies | Removed CO2 price";"Electricity"
"OPEX";"Charging Infrastructure";"DE";"Depot - Network fees savings potential";"Rigid";"BAU";"EUR/kWh";2045;"0";"Sensitivity | Current Policies | Removed CO2 price";"Electricity"
"OPEX";"Charging Infrastructure";"DE";"Depot - Network fees savings potential";"Tractor-Trailer";"BAU";"EUR/kWh";2045;"0";"Sensitivity | Current Policies | Removed CO2 price";"Electricity"
"OPEX";"Charging Infrastructure";"ES";"Depot - Network fees savings potential";"Rigid";"BAU";"EUR/kWh";2045;"0";"Sensitivity | Current Policies | Removed CO2 price";"Electricity"
"OPEX";"Charging Infrastructure";"ES";"Depot - Network fees savings potential";"Tractor-Trailer";"BAU";"EUR/kWh";2045;"0";"Sensitivity | Current Policies | Removed CO2 price";"Electricity"
"OPEX";"Charging Infrastructure";"FR";"Depot - Network fees savings potential";"Rigid";"BAU";"EUR/kWh";2045;"0";"Sensitivity | Current Policies | Removed CO2 price";"Electricity"
"OPEX";"Charging Infrastructure";"FR";"Depot - Network fees savings potential";"Tractor-Trailer";"BAU";"EUR/kWh";2045;"0";"Sensitivity | Current Policies | Removed CO2 price";"Electricity"
"OPEX";"Charging Infrastructure";"IT";"Depot - Network fees savings potential";"Rigid";"BAU";"EUR/kWh";2045;"0";"Sensitivity | Current Policies | Removed CO2 price";"Electricity"
"OPEX";"Charging Infrastructure";"IT";"Depot - Network fees savings potential";"Tractor-Trailer";"BAU";"EUR/kWh";2045;"0";"Sensitivity | Current Policies | Removed CO2 price";"Electricity"
"OPEX";"Charging Infrastructure";"NL";"Depot - Network fees savings potential";"Rigid";"BAU";"EUR/kWh";2045;"0";"Sensitivity | Current Policies | Removed CO2 price";"Electricity"
"OPEX";"Charging Infrastructure";"NL";"Depot - Network fees savings potential";"Tractor-Trailer";"BAU";"EUR/kWh";2045;"0";"Sensitivity | Current Policies | Removed CO2 price";"Electricity"
"OPEX";"Charging Infrastructure";"PL";"Depot - Network fees savings potential";"Rigid";"BAU";"EUR/kWh";2045;"0";"Sensitivity | Current Policies | Removed CO2 price";"Electricity"
"OPEX";"Charging Infrastructure";"PL";"Depot - Network fees savings potential";"Tractor-Trailer";"BAU";"EUR/kWh";2045;"0";"Sensitivity | Current Policies | Removed CO2 price";"Electricity"
"OPEX";"Charging Infrastructure";"UK";"Depot - Network fees savings potential";"Rigid";"BAU";"EUR/kWh";2045;"0";"Sensitivity | Current Policies | Removed CO2 price";"Electricity"
"OPEX";"Charging Infrastructure";"UK";"Depot - Network fees savings potential";"Tractor-Trailer";"BAU";"EUR/kWh";2045;"0";"Sensitivity | Current Policies | Removed CO2 price";"Electricity"
"OPEX";"Taxes";"DE";"Tax reduction";"Rigid";"BAU";"%";2045;"0";"Sensitivity | Current Policies | Removed CO2 price";"Hydrogen"
"OPEX";"Taxes";"DE";"Tax reduction";"Tractor-Trailer";"BAU";"%";2045;"0";"Sensitivity | Current Policies | Removed CO2 price";"Hydrogen"
"OPEX";"Taxes";"ES";"Tax reduction";"Rigid";"BAU";"%";2045;"0";"Sensitivity | Current Policies | Removed CO2 price";"Hydrogen"
"OPEX";"Taxes";"ES";"Tax reduction";"Tractor-Trailer";"BAU";"%";2045;"0";"Sensitivity | Current Policies | Removed CO2 price";"Hydrogen"
"OPEX";"Taxes";"FR";"Tax reduction";"Rigid";"BAU";"%";2045;"0";"Sensitivity | Current Policies | Removed CO2 price";"Hydrogen"
"OPEX";"Taxes";"FR";"Tax reduction";"Tractor-Trailer";"BAU";"%";2045;"0";"Sensitivity | Current Policies | Removed CO2 price";"Hydrogen"
"OPEX";"Taxes";"IT";"Tax reduction";"Rigid";"BAU";"%";2045;"0";"Sensitivity | Current Policies | Removed CO2 price";"Hydrogen"
"OPEX";"Taxes";"IT";"Tax reduction";"Tractor-Trailer";"BAU";"%";2045;"0";"Sensitivity | Current Policies | Removed CO2 price";"Hydrogen"
"OPEX";"Taxes";"NL";"Tax reduction";"Rigid";"BAU";"%";2045;"0";"Sensitivity | Current Policies | Removed CO2 price";"Hydrogen"
"OPEX";"Taxes";"NL";"Tax reduction";"Tractor-Trailer";"BAU";"%";2045;"0";"Sensitivity | Current Policies | Removed CO2 price";"Hydrogen"
"OPEX";"Taxes";"PL";"Tax reduction";"Rigid";"BAU";"%";2045;"0";"Sensitivity | Current Policies | Removed CO2 price";"Hydrogen"
"OPEX";"Taxes";"PL";"Tax reduction";"Tractor-Trailer";"BAU";"%";2045;"0";"Sensitivity | Current Policies | Removed CO2 price";"Hydrogen"
"OPEX";"Taxes";"UK";"Tax reduction";"Rigid";"BAU";"%";2045;"0";"Sensitivity | Current Policies | Removed CO2 price";"Hydrogen"
"OPEX";"Taxes";"UK";"Tax reduction";"Tractor-Trailer";"BAU";"%";2045;"0";"Sensitivity | Current Policies | Removed CO2 price";"Hydrogen"
"OPEX";"Taxes";"DE";"Increasing grid fees";"Rigid";"PROG";"%";2045;"0.25";"Sensitivity | Current Policies | Removed CO2 price";"Electricity"
"OPEX";"Taxes";"DE";"Increasing grid fees";"Tractor-Trailer";"PROG";"%";2045;"0.25";"Sensitivity | Current Policies | Removed CO2 price";"Electricity"
"OPEX";"Taxes";"ES";"Increasing grid fees";"Rigid";"PROG";"%";2045;"0.25";"Sensitivity | Current Policies | Removed CO2 price";"Electricity"
"OPEX";"Taxes";"ES";"Increasing grid fees";"Tractor-Trailer";"PROG";"%";2045;"0.25";"Sensitivity | Current Policies | Removed CO2 price";"Electricity"
"OPEX";"Taxes";"FR";"Increasing grid fees";"Rigid";"PROG";"%";2045;"0.25";"Sensitivity | Current Policies | Removed CO2 price";"Electricity"
"OPEX";"Taxes";"FR";"Increasing grid fees";"Tractor-Trailer";"PROG";"%";2045;"0.25";"Sensitivity | Current Policies | Removed CO2 price";"Electricity"
"OPEX";"Taxes";"IT";"Increasing grid fees";"Rigid";"PROG";"%";2045;"0.25";"Sensitivity | Current Policies | Removed CO2 price";"Electricity"
"OPEX";"Taxes";"IT";"Increasing grid fees";"Tractor-Trailer";"PROG";"%";2045;"0.25";"Sensitivity | Current Policies | Removed CO2 price";"Electricity"
"OPEX";"Taxes";"NL";"Increasing grid fees";"Rigid";"PROG";"%";2045;"0.25";"Sensitivity | Current Policies | Removed CO2 price";"Electricity"
"OPEX";"Taxes";"NL";"Increasing grid fees";"Tractor-Trailer";"PROG";"%";2045;"0.25";"Sensitivity | Current Policies | Removed CO2 price";"Electricity"
"OPEX";"Taxes";"PL";"Increasing grid fees";"Rigid";"PROG";"%";2045;"0.25";"Sensitivity | Current Policies | Removed CO2 price";"Electricity"
"OPEX";"Taxes";"PL";"Increasing grid fees";"Tractor-Trailer";"PROG";"%";2045;"0.25";"Sensitivity | Current Policies | Removed CO2 price";"Electricity"
"OPEX";"Taxes";"UK";"Increasing grid fees";"Rigid";"PROG";"%";2045;"0.25";"Sensitivity | Current Policies | Removed CO2 price";"Electricity"
"OPEX";"Taxes";"UK";"Increasing grid fees";"Tractor-Trailer";"PROG";"%";2045;"0.25";"Sensitivity | Current Policies | Removed CO2 price";"Electricity"
"OPEX";"Taxes";"DE";"Increasing grid fees";"Rigid";"BAU";"%";2045;"0.417";"Sensitivity | Current Policies | Removed CO2 price";"Electricity"
"OPEX";"Taxes";"DE";"Increasing grid fees";"Tractor-Trailer";"BAU";"%";2045;"0.417";"Sensitivity | Current Policies | Removed CO2 price";"Electricity"
"OPEX";"Taxes";"ES";"Increasing grid fees";"Rigid";"BAU";"%";2045;"0.417";"Sensitivity | Current Policies | Removed CO2 price";"Electricity"
"OPEX";"Taxes";"ES";"Increasing grid fees";"Tractor-Trailer";"BAU";"%";2045;"0.417";"Sensitivity | Current Policies | Removed CO2 price";"Electricity"
"OPEX";"Taxes";"FR";"Increasing grid fees";"Rigid";"BAU";"%";2045;"0.417";"Sensitivity | Current Policies | Removed CO2 price";"Electricity"
"OPEX";"Taxes";"FR";"Increasing grid fees";"Tractor-Trailer";"BAU";"%";2045;"0.417";"Sensitivity | Current Policies | Removed CO2 price";"Electricity"
"OPEX";"Taxes";"IT";"Increasing grid fees";"Rigid";"BAU";"%";2045;"0.417";"Sensitivity | Current Policies | Removed CO2 price";"Electricity"
"OPEX";"Taxes";"IT";"Increasing grid fees";"Tractor-Trailer";"BAU";"%";2045;"0.417";"Sensitivity | Current Policies | Removed CO2 price";"Electricity"
"OPEX";"Taxes";"NL";"Increasing grid fees";"Rigid";"BAU";"%";2045;"0.417";"Sensitivity | Current Policies | Removed CO2 price";"Electricity"
"OPEX";"Taxes";"NL";"Increasing grid fees";"Tractor-Trailer";"BAU";"%";2045;"0.417";"Sensitivity | Current Policies | Removed CO2 price";"Electricity"
"OPEX";"Taxes";"PL";"Increasing grid fees";"Rigid";"BAU";"%";2045;"0.417";"Sensitivity | Current Policies | Removed CO2 price";"Electricity"
"OPEX";"Taxes";"PL";"Increasing grid fees";"Tractor-Trailer";"BAU";"%";2045;"0.417";"Sensitivity | Current Policies | Removed CO2 price";"Electricity"
"OPEX";"Taxes";"UK";"Increasing grid fees";"Rigid";"BAU";"%";2045;"0.417";"Sensitivity | Current Policies | Removed CO2 price";"Electricity"
"OPEX";"Taxes";"UK";"Increasing grid fees";"Tractor-Trailer";"BAU";"%";2045;"0.417";"Sensitivity | Current Policies | Removed CO2 price";"Electricity"
"OPEX";"Taxes";"DE";"Network Costs - MCS";"Rigid";"PROG";"EUR/kWh";2050;"0.021";"Sensitivity | Current Policies | Removed CO2 price";"Electricity"
"OPEX";"Taxes";"DE";"Network Costs - MCS";"Tractor-Trailer";"PROG";"EUR/kWh";2050;"0.021";"Sensitivity | Current Policies | Removed CO2 price";"Electricity"
"OPEX";"Taxes";"ES";"Network Costs - MCS";"Rigid";"PROG";"EUR/kWh";2050;"0.009";"Sensitivity | Current Policies | Removed CO2 price";"Electricity"
"OPEX";"Taxes";"ES";"Network Costs - MCS";"Tractor-Trailer";"PROG";"EUR/kWh";2050;"0.009";"Sensitivity | Current Policies | Removed CO2 price";"Electricity"
"OPEX";"Taxes";"FR";"Network Costs - MCS";"Rigid";"PROG";"EUR/kWh";2050;"0.014";"Sensitivity | Current Policies | Removed CO2 price";"Electricity"
"OPEX";"Taxes";"FR";"Network Costs - MCS";"Tractor-Trailer";"PROG";"EUR/kWh";2050;"0.014";"Sensitivity | Current Policies | Removed CO2 price";"Electricity"
"OPEX";"Taxes";"IT";"Network Costs - MCS";"Rigid";"PROG";"EUR/kWh";2050;"0.012";"Sensitivity | Current Policies | Removed CO2 price";"Electricity"
"OPEX";"Taxes";"IT";"Network Costs - MCS";"Tractor-Trailer";"PROG";"EUR/kWh";2050;"0.012";"Sensitivity | Current Policies | Removed CO2 price";"Electricity"
"OPEX";"Taxes";"NL";"Network Costs - MCS";"Rigid";"PROG";"EUR/kWh";2050;"0.015";"Sensitivity | Current Policies | Removed CO2 price";"Electricity"
"OPEX";"Taxes";"NL";"Network Costs - MCS";"Tractor-Trailer";"PROG";"EUR/kWh";2050;"0.015";"Sensitivity | Current Policies | Removed CO2 price";"Electricity"
"OPEX";"Taxes";"PL";"Network Costs - MCS";"Rigid";"PROG";"EUR/kWh";2050;"0.014";"Sensitivity | Current Policies | Removed CO2 price";"Electricity"
"OPEX";"Taxes";"PL";"Network Costs - MCS";"Tractor-Trailer";"PROG";"EUR/kWh";2050;"0.014";"Sensitivity | Current Policies | Removed CO2 price";"Electricity"
"OPEX";"Taxes";"UK";"Network Costs - MCS";"Rigid";"PROG";"EUR/kWh";2050;"0.018";"Sensitivity | Current Policies | Removed CO2 price";"Electricity"
"OPEX";"Taxes";"UK";"Network Costs - MCS";"Tractor-Trailer";"PROG";"EUR/kWh";2050;"0.018";"Sensitivity | Current Policies | Removed CO2 price";"Electricity"
"OPEX";"Taxes";"DE";"Taxes, Fees, Levies and charges - MCS";"Rigid";"PROG";"EUR/kWh";2050;"0.051";"Sensitivity | Current Policies | Removed CO2 price";"Electricity"
"OPEX";"Taxes";"DE";"Taxes, Fees, Levies and charges - MCS";"Tractor-Trailer";"PROG";"EUR/kWh";2050;"0.051";"Sensitivity | Current Policies | Removed CO2 price";"Electricity"
"OPEX";"Taxes";"ES";"Taxes, Fees, Levies and charges - MCS";"Rigid";"PROG";"EUR/kWh";2050;"0.026";"Sensitivity | Current Policies | Removed CO2 price";"Electricity"
"OPEX";"Taxes";"ES";"Taxes, Fees, Levies and charges - MCS";"Tractor-Trailer";"PROG";"EUR/kWh";2050;"0.026";"Sensitivity | Current Policies | Removed CO2 price";"Electricity"
"OPEX";"Taxes";"FR";"Taxes, Fees, Levies and charges - MCS";"Rigid";"PROG";"EUR/kWh";2050;"0.022";"Sensitivity | Current Policies | Removed CO2 price";"Electricity"
"OPEX";"Taxes";"FR";"Taxes, Fees, Levies and charges - MCS";"Tractor-Trailer";"PROG";"EUR/kWh";2050;"0.022";"Sensitivity | Current Policies | Removed CO2 price";"Electricity"
"OPEX";"Taxes";"IT";"Taxes, Fees, Levies and charges - MCS";"Rigid";"PROG";"EUR/kWh";2050;"0.034";"Sensitivity | Current Policies | Removed CO2 price";"Electricity"
"OPEX";"Taxes";"IT";"Taxes, Fees, Levies and charges - MCS";"Tractor-Trailer";"PROG";"EUR/kWh";2050;"0.034";"Sensitivity | Current Policies | Removed CO2 price";"Electricity"
"OPEX";"Taxes";"NL";"Taxes, Fees, Levies and charges - MCS";"Rigid";"PROG";"EUR/kWh";2050;"0.023";"Sensitivity | Current Policies | Removed CO2 price";"Electricity"
"OPEX";"Taxes";"NL";"Taxes, Fees, Levies and charges - MCS";"Tractor-Trailer";"PROG";"EUR/kWh";2050;"0.023";"Sensitivity | Current Policies | Removed CO2 price";"Electricity"
"OPEX";"Taxes";"PL";"Taxes, Fees, Levies and charges - MCS";"Rigid";"PROG";"EUR/kWh";2050;"0.045";"Sensitivity | Current Policies | Removed CO2 price";"Electricity"
"OPEX";"Taxes";"PL";"Taxes, Fees, Levies and charges - MCS";"Tractor-Trailer";"PROG";"EUR/kWh";2050;"0.045";"Sensitivity | Current Policies | Removed CO2 price";"Electricity"
"OPEX";"Taxes";"UK";"Taxes, Fees, Levies and charges - MCS";"Rigid";"PROG";"EUR/kWh";2050;"0.074";"Sensitivity | Current Policies | Removed CO2 price";"Electricity"
"OPEX";"Taxes";"UK";"Taxes, Fees, Levies and charges - MCS";"Tractor-Trailer";"PROG";"EUR/kWh";2050;"0.074";"Sensitivity | Current Policies | Removed CO2 price";"Electricity"
"OPEX";"Taxes";"DE";"Network Costs - Depot";"Rigid";"PROG";"EUR/kWh";2050;"0.034";"Sensitivity | Current Policies | Removed CO2 price";"Electricity"
"OPEX";"Taxes";"DE";"Network Costs - Depot";"Tractor-Trailer";"PROG";"EUR/kWh";2050;"0.034";"Sensitivity | Current Policies | Removed CO2 price";"Electricity"
"OPEX";"Taxes";"ES";"Network Costs - Depot";"Rigid";"PROG";"EUR/kWh";2050;"0.018";"Sensitivity | Current Policies | Removed CO2 price";"Electricity"
"OPEX";"Taxes";"ES";"Network Costs - Depot";"Tractor-Trailer";"PROG";"EUR/kWh";2050;"0.018";"Sensitivity | Current Policies | Removed CO2 price";"Electricity"
"OPEX";"Taxes";"FR";"Network Costs - Depot";"Rigid";"PROG";"EUR/kWh";2050;"0.018";"Sensitivity | Current Policies | Removed CO2 price";"Electricity"
"OPEX";"Taxes";"FR";"Network Costs - Depot";"Tractor-Trailer";"PROG";"EUR/kWh";2050;"0.018";"Sensitivity | Current Policies | Removed CO2 price";"Electricity"
"OPEX";"Taxes";"IT";"Network Costs - Depot";"Rigid";"PROG";"EUR/kWh";2050;"0.016";"Sensitivity | Current Policies | Removed CO2 price";"Electricity"
"OPEX";"Taxes";"IT";"Network Costs - Depot";"Tractor-Trailer";"PROG";"EUR/kWh";2050;"0.016";"Sensitivity | Current Policies | Removed CO2 price";"Electricity"
"OPEX";"Taxes";"NL";"Network Costs - Depot";"Rigid";"PROG";"EUR/kWh";2050;"0.016";"Sensitivity | Current Policies | Removed CO2 price";"Electricity"
"OPEX";"Taxes";"NL";"Network Costs - Depot";"Tractor-Trailer";"PROG";"EUR/kWh";2050;"0.016";"Sensitivity | Current Policies | Removed CO2 price";"Electricity"
"OPEX";"Taxes";"PL";"Network Costs - Depot";"Rigid";"PROG";"EUR/kWh";2050;"0.019";"Sensitivity | Current Policies | Removed CO2 price";"Electricity"
"OPEX";"Taxes";"PL";"Network Costs - Depot";"Tractor-Trailer";"PROG";"EUR/kWh";2050;"0.019";"Sensitivity | Current Policies | Removed CO2 price";"Electricity"
"OPEX";"Taxes";"UK";"Network Costs - Depot";"Rigid";"PROG";"EUR/kWh";2050;"0.027";"Sensitivity | Current Policies | Removed CO2 price";"Electricity"
"OPEX";"Taxes";"UK";"Network Costs - Depot";"Tractor-Trailer";"PROG";"EUR/kWh";2050;"0.027";"Sensitivity | Current Policies | Removed CO2 price";"Electricity"
"OPEX";"Taxes";"DE";"Taxes, Fees, Levies and charges - Depot";"Rigid";"PROG";"EUR/kWh";2050;"0.056";"Sensitivity | Current Policies | Removed CO2 price";"Electricity"
"OPEX";"Taxes";"DE";"Taxes, Fees, Levies and charges - Depot";"Tractor-Trailer";"PROG";"EUR/kWh";2050;"0.056";"Sensitivity | Current Policies | Removed CO2 price";"Electricity"
"OPEX";"Taxes";"ES";"Taxes, Fees, Levies and charges - Depot";"Rigid";"PROG";"EUR/kWh";2050;"0.036";"Sensitivity | Current Policies | Removed CO2 price";"Electricity"
"OPEX";"Taxes";"ES";"Taxes, Fees, Levies and charges - Depot";"Tractor-Trailer";"PROG";"EUR/kWh";2050;"0.036";"Sensitivity | Current Policies | Removed CO2 price";"Electricity"
"OPEX";"Taxes";"FR";"Taxes, Fees, Levies and charges - Depot";"Rigid";"PROG";"EUR/kWh";2050;"0.03";"Sensitivity | Current Policies | Removed CO2 price";"Electricity"
"OPEX";"Taxes";"FR";"Taxes, Fees, Levies and charges - Depot";"Tractor-Trailer";"PROG";"EUR/kWh";2050;"0.03";"Sensitivity | Current Policies | Removed CO2 price";"Electricity"
"OPEX";"Taxes";"IT";"Taxes, Fees, Levies and charges - Depot";"Rigid";"PROG";"EUR/kWh";2050;"0.063";"Sensitivity | Current Policies | Removed CO2 price";"Electricity"
"OPEX";"Taxes";"IT";"Taxes, Fees, Levies and charges - Depot";"Tractor-Trailer";"PROG";"EUR/kWh";2050;"0.063";"Sensitivity | Current Policies | Removed CO2 price";"Electricity"
"OPEX";"Taxes";"NL";"Taxes, Fees, Levies and charges - Depot";"Rigid";"PROG";"EUR/kWh";2050;"0.055";"Sensitivity | Current Policies | Removed CO2 price";"Electricity"
"OPEX";"Taxes";"NL";"Taxes, Fees, Levies and charges - Depot";"Tractor-Trailer";"PROG";"EUR/kWh";2050;"0.055";"Sensitivity | Current Policies | Removed CO2 price";"Electricity"
"OPEX";"Taxes";"PL";"Taxes, Fees, Levies and charges - Depot";"Rigid";"PROG";"EUR/kWh";2050;"0.049";"Sensitivity | Current Policies | Removed CO2 price";"Electricity"
"OPEX";"Taxes";"PL";"Taxes, Fees, Levies and charges - Depot";"Tractor-Trailer";"PROG";"EUR/kWh";2050;"0.049";"Sensitivity | Current Policies | Removed CO2 price";"Electricity"
"OPEX";"Taxes";"UK";"Taxes, Fees, Levies and charges - Depot";"Rigid";"PROG";"EUR/kWh";2050;"0.077";"Sensitivity | Current Policies | Removed CO2 price";"Electricity"
"OPEX";"Taxes";"UK";"Taxes, Fees, Levies and charges - Depot";"Tractor-Trailer";"PROG";"EUR/kWh";2050;"0.077";"Sensitivity | Current Policies | Removed CO2 price";"Electricity"
"OPEX";"H2 Infrastructure";"DE";"HRS costs";"Rigid";"PROG";"EUR/kg H2";2050;"0.6";"Sensitivity | Current Policies | Removed CO2 price";"Hydrogen"
"OPEX";"H2 Infrastructure";"DE";"HRS costs";"Tractor-Trailer";"PROG";"EUR/kg H2";2050;"0.6";"Sensitivity | Current Policies | Removed CO2 price";"Hydrogen"
"OPEX";"H2 Infrastructure";"ES";"HRS costs";"Rigid";"PROG";"EUR/kg H2";2050;"0.6";"Sensitivity | Current Policies | Removed CO2 price";"Hydrogen"
"OPEX";"H2 Infrastructure";"ES";"HRS costs";"Tractor-Trailer";"PROG";"EUR/kg H2";2050;"0.6";"Sensitivity | Current Policies | Removed CO2 price";"Hydrogen"
"OPEX";"H2 Infrastructure";"FR";"HRS costs";"Rigid";"PROG";"EUR/kg H2";2050;"0.6";"Sensitivity | Current Policies | Removed CO2 price";"Hydrogen"
"OPEX";"H2 Infrastructure";"FR";"HRS costs";"Tractor-Trailer";"PROG";"EUR/kg H2";2050;"0.6";"Sensitivity | Current Policies | Removed CO2 price";"Hydrogen"
"OPEX";"H2 Infrastructure";"IT";"HRS costs";"Rigid";"PROG";"EUR/kg H2";2050;"0.6";"Sensitivity | Current Policies | Removed CO2 price";"Hydrogen"
"OPEX";"H2 Infrastructure";"IT";"HRS costs";"Tractor-Trailer";"PROG";"EUR/kg H2";2050;"0.6";"Sensitivity | Current Policies | Removed CO2 price";"Hydrogen"
"OPEX";"H2 Infrastructure";"NL";"HRS costs";"Rigid";"PROG";"EUR/kg H2";2050;"0.6";"Sensitivity | Current Policies | Removed CO2 price";"Hydrogen"
"OPEX";"H2 Infrastructure";"NL";"HRS costs";"Tractor-Trailer";"PROG";"EUR/kg H2";2050;"0.6";"Sensitivity | Current Policies | Removed CO2 price";"Hydrogen"
"OPEX";"H2 Infrastructure";"PL";"HRS costs";"Rigid";"PROG";"EUR/kg H2";2050;"0.6";"Sensitivity | Current Policies | Removed CO2 price";"Hydrogen"
"OPEX";"H2 Infrastructure";"PL";"HRS costs";"Tractor-Trailer";"PROG";"EUR/kg H2";2050;"0.6";"Sensitivity | Current Policies | Removed CO2 price";"Hydrogen"
"OPEX";"H2 Infrastructure";"UK";"HRS costs";"Rigid";"PROG";"EUR/kg H2";2050;"0.6";"Sensitivity | Current Policies | Removed CO2 price";"Hydrogen"
"OPEX";"H2 Infrastructure";"UK";"HRS costs";"Tractor-Trailer";"PROG";"EUR/kg H2";2050;"0.6";"Sensitivity | Current Policies | Removed CO2 price";"Hydrogen"
"OPEX";"H2 Infrastructure";"DE";"H2 transport and distribution";"Rigid";"PROG";"EUR/kg H2";2050;"0.667";"Sensitivity | Current Policies | Removed CO2 price";"Hydrogen"
"OPEX";"H2 Infrastructure";"DE";"H2 transport and distribution";"Tractor-Trailer";"PROG";"EUR/kg H2";2050;"0.667";"Sensitivity | Current Policies | Removed CO2 price";"Hydrogen"
"OPEX";"H2 Infrastructure";"ES";"H2 transport and distribution";"Rigid";"PROG";"EUR/kg H2";2050;"0.667";"Sensitivity | Current Policies | Removed CO2 price";"Hydrogen"
"OPEX";"H2 Infrastructure";"ES";"H2 transport and distribution";"Tractor-Trailer";"PROG";"EUR/kg H2";2050;"0.667";"Sensitivity | Current Policies | Removed CO2 price";"Hydrogen"
"OPEX";"H2 Infrastructure";"FR";"H2 transport and distribution";"Rigid";"PROG";"EUR/kg H2";2050;"0.667";"Sensitivity | Current Policies | Removed CO2 price";"Hydrogen"
"OPEX";"H2 Infrastructure";"FR";"H2 transport and distribution";"Tractor-Trailer";"PROG";"EUR/kg H2";2050;"0.667";"Sensitivity | Current Policies | Removed CO2 price";"Hydrogen"
"OPEX";"H2 Infrastructure";"IT";"H2 transport and distribution";"Rigid";"PROG";"EUR/kg H2";2050;"0.667";"Sensitivity | Current Policies | Removed CO2 price";"Hydrogen"
"OPEX";"H2 Infrastructure";"IT";"H2 transport and distribution";"Tractor-Trailer";"PROG";"EUR/kg H2";2050;"0.667";"Sensitivity | Current Policies | Removed CO2 price";"Hydrogen"
"OPEX";"H2 Infrastructure";"NL";"H2 transport and distribution";"Rigid";"PROG";"EUR/kg H2";2050;"0.667";"Sensitivity | Current Policies | Removed CO2 price";"Hydrogen"
"OPEX";"H2 Infrastructure";"NL";"H2 transport and distribution";"Tractor-Trailer";"PROG";"EUR/kg H2";2050;"0.667";"Sensitivity | Current Policies | Removed CO2 price";"Hydrogen"
"OPEX";"H2 Infrastructure";"PL";"H2 transport and distribution";"Rigid";"PROG";"EUR/kg H2";2050;"0.667";"Sensitivity | Current Policies | Removed CO2 price";"Hydrogen"
"OPEX";"H2 Infrastructure";"PL";"H2 transport and distribution";"Tractor-Trailer";"PROG";"EUR/kg H2";2050;"0.667";"Sensitivity | Current Policies | Removed CO2 price";"Hydrogen"
"OPEX";"H2 Infrastructure";"UK";"H2 transport and distribution";"Rigid";"PROG";"EUR/kg H2";2050;"0.667";"Sensitivity | Current Policies | Removed CO2 price";"Hydrogen"
"OPEX";"H2 Infrastructure";"UK";"H2 transport and distribution";"Tractor-Trailer";"PROG";"EUR/kg H2";2050;"0.667";"Sensitivity | Current Policies | Removed CO2 price";"Hydrogen"
"OPEX";"H2 Infrastructure";"DE";"HRS Overhead, Profit and Mark-Up";"Rigid";"PROG";"EUR/kg H2";2050;"0.25";"Sensitivity | Current Policies | Removed CO2 price";"Hydrogen"
"OPEX";"H2 Infrastructure";"DE";"HRS Overhead, Profit and Mark-Up";"Tractor-Trailer";"PROG";"EUR/kg H2";2050;"0.25";"Sensitivity | Current Policies | Removed CO2 price";"Hydrogen"
"OPEX";"H2 Infrastructure";"ES";"HRS Overhead, Profit and Mark-Up";"Rigid";"PROG";"EUR/kg H2";2050;"0.25";"Sensitivity | Current Policies | Removed CO2 price";"Hydrogen"
"OPEX";"H2 Infrastructure";"ES";"HRS Overhead, Profit and Mark-Up";"Tractor-Trailer";"PROG";"EUR/kg H2";2050;"0.25";"Sensitivity | Current Policies | Removed CO2 price";"Hydrogen"
"OPEX";"H2 Infrastructure";"FR";"HRS Overhead, Profit and Mark-Up";"Rigid";"PROG";"EUR/kg H2";2050;"0.25";"Sensitivity | Current Policies | Removed CO2 price";"Hydrogen"
"OPEX";"H2 Infrastructure";"FR";"HRS Overhead, Profit and Mark-Up";"Tractor-Trailer";"PROG";"EUR/kg H2";2050;"0.25";"Sensitivity | Current Policies | Removed CO2 price";"Hydrogen"
"OPEX";"H2 Infrastructure";"IT";"HRS Overhead, Profit and Mark-Up";"Rigid";"PROG";"EUR/kg H2";2050;"0.25";"Sensitivity | Current Policies | Removed CO2 price";"Hydrogen"
"OPEX";"H2 Infrastructure";"IT";"HRS Overhead, Profit and Mark-Up";"Tractor-Trailer";"PROG";"EUR/kg H2";2050;"0.25";"Sensitivity | Current Policies | Removed CO2 price";"Hydrogen"
"OPEX";"H2 Infrastructure";"NL";"HRS Overhead, Profit and Mark-Up";"Rigid";"PROG";"EUR/kg H2";2050;"0.25";"Sensitivity | Current Policies | Removed CO2 price";"Hydrogen"
"OPEX";"H2 Infrastructure";"NL";"HRS Overhead, Profit and Mark-Up";"Tractor-Trailer";"PROG";"EUR/kg H2";2050;"0.25";"Sensitivity | Current Policies | Removed CO2 price";"Hydrogen"
"OPEX";"H2 Infrastructure";"PL";"HRS Overhead, Profit and Mark-Up";"Rigid";"PROG";"EUR/kg H2";2050;"0.25";"Sensitivity | Current Policies | Removed CO2 price";"Hydrogen"
"OPEX";"H2 Infrastructure";"PL";"HRS Overhead, Profit and Mark-Up";"Tractor-Trailer";"PROG";"EUR/kg H2";2050;"0.25";"Sensitivity | Current Policies | Removed CO2 price";"Hydrogen"
"OPEX";"H2 Infrastructure";"UK";"HRS Overhead, Profit and Mark-Up";"Rigid";"PROG";"EUR/kg H2";2050;"0.25";"Sensitivity | Current Policies | Removed CO2 price";"Hydrogen"
"OPEX";"H2 Infrastructure";"UK";"HRS Overhead, Profit and Mark-Up";"Tractor-Trailer";"PROG";"EUR/kg H2";2050;"0.25";"Sensitivity | Current Policies | Removed CO2 price";"Hydrogen"
"OPEX";"Charging Infrastructure";"DE";"MCS Station (Public Charging) - Incl. Overhead";"Rigid";"PROG";"EUR/kWh";2050;"0.013";"Sensitivity | Current Policies | Removed CO2 price";"Electricity"
"OPEX";"Charging Infrastructure";"DE";"MCS Station (Public Charging) - Incl. Overhead";"Tractor-Trailer";"PROG";"EUR/kWh";2050;"0.013";"Sensitivity | Current Policies | Removed CO2 price";"Electricity"
"OPEX";"Charging Infrastructure";"ES";"MCS Station (Public Charging) - Incl. Overhead";"Rigid";"PROG";"EUR/kWh";2050;"0.013";"Sensitivity | Current Policies | Removed CO2 price";"Electricity"
"OPEX";"Charging Infrastructure";"ES";"MCS Station (Public Charging) - Incl. Overhead";"Tractor-Trailer";"PROG";"EUR/kWh";2050;"0.013";"Sensitivity | Current Policies | Removed CO2 price";"Electricity"
"OPEX";"Charging Infrastructure";"FR";"MCS Station (Public Charging) - Incl. Overhead";"Rigid";"PROG";"EUR/kWh";2050;"0.013";"Sensitivity | Current Policies | Removed CO2 price";"Electricity"
"OPEX";"Charging Infrastructure";"FR";"MCS Station (Public Charging) - Incl. Overhead";"Tractor-Trailer";"PROG";"EUR/kWh";2050;"0.013";"Sensitivity | Current Policies | Removed CO2 price";"Electricity"
"OPEX";"Charging Infrastructure";"IT";"MCS Station (Public Charging) - Incl. Overhead";"Rigid";"PROG";"EUR/kWh";2050;"0.013";"Sensitivity | Current Policies | Removed CO2 price";"Electricity"
"OPEX";"Charging Infrastructure";"IT";"MCS Station (Public Charging) - Incl. Overhead";"Tractor-Trailer";"PROG";"EUR/kWh";2050;"0.013";"Sensitivity | Current Policies | Removed CO2 price";"Electricity"
"OPEX";"Charging Infrastructure";"NL";"MCS Station (Public Charging) - Incl. Overhead";"Rigid";"PROG";"EUR/kWh";2050;"0.013";"Sensitivity | Current Policies | Removed CO2 price";"Electricity"
"OPEX";"Charging Infrastructure";"NL";"MCS Station (Public Charging) - Incl. Overhead";"Tractor-Trailer";"PROG";"EUR/kWh";2050;"0.013";"Sensitivity | Current Policies | Removed CO2 price";"Electricity"
"OPEX";"Charging Infrastructure";"PL";"MCS Station (Public Charging) - Incl. Overhead";"Rigid";"PROG";"EUR/kWh";2050;"0.013";"Sensitivity | Current Policies | Removed CO2 price";"Electricity"
"OPEX";"Charging Infrastructure";"PL";"MCS Station (Public Charging) - Incl. Overhead";"Tractor-Trailer";"PROG";"EUR/kWh";2050;"0.013";"Sensitivity | Current Policies | Removed CO2 price";"Electricity"
"OPEX";"Charging Infrastructure";"UK";"MCS Station (Public Charging) - Incl. Overhead";"Rigid";"PROG";"EUR/kWh";2050;"0.013";"Sensitivity | Current Policies | Removed CO2 price";"Electricity"
"OPEX";"Charging Infrastructure";"UK";"MCS Station (Public Charging) - Incl. Overhead";"Tractor-Trailer";"PROG";"EUR/kWh";2050;"0.013";"Sensitivity | Current Policies | Removed CO2 price";"Electricity"
"OPEX";"Charging Infrastructure";"DE";"Share MCS-Charging";"Rigid";"PROG";"%";2050;"0.2";"Sensitivity | Current Policies | Removed CO2 price";"Electricity"
"OPEX";"Charging Infrastructure";"DE";"Share MCS-Charging";"Tractor-Trailer";"PROG";"%";2050;"0.2";"Sensitivity | Current Policies | Removed CO2 price";"Electricity"
"OPEX";"Charging Infrastructure";"ES";"Share MCS-Charging";"Rigid";"PROG";"%";2050;"0.2";"Sensitivity | Current Policies | Removed CO2 price";"Electricity"
"OPEX";"Charging Infrastructure";"ES";"Share MCS-Charging";"Tractor-Trailer";"PROG";"%";2050;"0.2";"Sensitivity | Current Policies | Removed CO2 price";"Electricity"
"OPEX";"Charging Infrastructure";"FR";"Share MCS-Charging";"Rigid";"PROG";"%";2050;"0.2";"Sensitivity | Current Policies | Removed CO2 price";"Electricity"
"OPEX";"Charging Infrastructure";"FR";"Share MCS-Charging";"Tractor-Trailer";"PROG";"%";2050;"0.2";"Sensitivity | Current Policies | Removed CO2 price";"Electricity"
"OPEX";"Charging Infrastructure";"IT";"Share MCS-Charging";"Rigid";"PROG";"%";2050;"0.2";"Sensitivity | Current Policies | Removed CO2 price";"Electricity"
"OPEX";"Charging Infrastructure";"IT";"Share MCS-Charging";"Tractor-Trailer";"PROG";"%";2050;"0.2";"Sensitivity | Current Policies | Removed CO2 price";"Electricity"
"OPEX";"Charging Infrastructure";"NL";"Share MCS-Charging";"Rigid";"PROG";"%";2050;"0.2";"Sensitivity | Current Policies | Removed CO2 price";"Electricity"
"OPEX";"Charging Infrastructure";"NL";"Share MCS-Charging";"Tractor-Trailer";"PROG";"%";2050;"0.2";"Sensitivity | Current Policies | Removed CO2 price";"Electricity"
"OPEX";"Charging Infrastructure";"PL";"Share MCS-Charging";"Rigid";"PROG";"%";2050;"0.2";"Sensitivity | Current Policies | Removed CO2 price";"Electricity"
"OPEX";"Charging Infrastructure";"PL";"Share MCS-Charging";"Tractor-Trailer";"PROG";"%";2050;"0.2";"Sensitivity | Current Policies | Removed CO2 price";"Electricity"
"OPEX";"Charging Infrastructure";"UK";"Share MCS-Charging";"Rigid";"PROG";"%";2050;"0.2";"Sensitivity | Current Policies | Removed CO2 price";"Electricity"
"OPEX";"Charging Infrastructure";"UK";"Share MCS-Charging";"Tractor-Trailer";"PROG";"%";2050;"0.2";"Sensitivity | Current Policies | Removed CO2 price";"Electricity"
"OPEX";"Charging Infrastructure";"DE";"Depot - Network fees savings potential";"Rigid";"PROG";"EUR/kWh";2050;"-0.01";"Sensitivity | Current Policies | Removed CO2 price";"Electricity"
"OPEX";"Charging Infrastructure";"DE";"Depot - Network fees savings potential";"Tractor-Trailer";"PROG";"EUR/kWh";2050;"-0.01";"Sensitivity | Current Policies | Removed CO2 price";"Electricity"
"OPEX";"Charging Infrastructure";"ES";"Depot - Network fees savings potential";"Rigid";"PROG";"EUR/kWh";2050;"-0.01";"Sensitivity | Current Policies | Removed CO2 price";"Electricity"
"OPEX";"Charging Infrastructure";"ES";"Depot - Network fees savings potential";"Tractor-Trailer";"PROG";"EUR/kWh";2050;"-0.01";"Sensitivity | Current Policies | Removed CO2 price";"Electricity"
"OPEX";"Charging Infrastructure";"FR";"Depot - Network fees savings potential";"Rigid";"PROG";"EUR/kWh";2050;"-0.01";"Sensitivity | Current Policies | Removed CO2 price";"Electricity"
"OPEX";"Charging Infrastructure";"FR";"Depot - Network fees savings potential";"Tractor-Trailer";"PROG";"EUR/kWh";2050;"-0.01";"Sensitivity | Current Policies | Removed CO2 price";"Electricity"
"OPEX";"Charging Infrastructure";"IT";"Depot - Network fees savings potential";"Rigid";"PROG";"EUR/kWh";2050;"-0.01";"Sensitivity | Current Policies | Removed CO2 price";"Electricity"
"OPEX";"Charging Infrastructure";"IT";"Depot - Network fees savings potential";"Tractor-Trailer";"PROG";"EUR/kWh";2050;"-0.01";"Sensitivity | Current Policies | Removed CO2 price";"Electricity"
"OPEX";"Charging Infrastructure";"NL";"Depot - Network fees savings potential";"Rigid";"PROG";"EUR/kWh";2050;"-0.01";"Sensitivity | Current Policies | Removed CO2 price";"Electricity"
"OPEX";"Charging Infrastructure";"NL";"Depot - Network fees savings potential";"Tractor-Trailer";"PROG";"EUR/kWh";2050;"-0.01";"Sensitivity | Current Policies | Removed CO2 price";"Electricity"
"OPEX";"Charging Infrastructure";"PL";"Depot - Network fees savings potential";"Rigid";"PROG";"EUR/kWh";2050;"-0.01";"Sensitivity | Current Policies | Removed CO2 price";"Electricity"
"OPEX";"Charging Infrastructure";"PL";"Depot - Network fees savings potential";"Tractor-Trailer";"PROG";"EUR/kWh";2050;"-0.01";"Sensitivity | Current Policies | Removed CO2 price";"Electricity"
"OPEX";"Charging Infrastructure";"UK";"Depot - Network fees savings potential";"Rigid";"PROG";"EUR/kWh";2050;"-0.01";"Sensitivity | Current Policies | Removed CO2 price";"Electricity"
"OPEX";"Charging Infrastructure";"UK";"Depot - Network fees savings potential";"Tractor-Trailer";"PROG";"EUR/kWh";2050;"-0.01";"Sensitivity | Current Policies | Removed CO2 price";"Electricity"
"OPEX";"Taxes";"DE";"Tax reduction";"Rigid";"PROG";"%";2050;"0";"Sensitivity | Current Policies | Removed CO2 price";"Hydrogen"
"OPEX";"Taxes";"DE";"Tax reduction";"Tractor-Trailer";"PROG";"%";2050;"0";"Sensitivity | Current Policies | Removed CO2 price";"Hydrogen"
"OPEX";"Taxes";"ES";"Tax reduction";"Rigid";"PROG";"%";2050;"0";"Sensitivity | Current Policies | Removed CO2 price";"Hydrogen"
"OPEX";"Taxes";"ES";"Tax reduction";"Tractor-Trailer";"PROG";"%";2050;"0";"Sensitivity | Current Policies | Removed CO2 price";"Hydrogen"
"OPEX";"Taxes";"FR";"Tax reduction";"Rigid";"PROG";"%";2050;"0";"Sensitivity | Current Policies | Removed CO2 price";"Hydrogen"
"OPEX";"Taxes";"FR";"Tax reduction";"Tractor-Trailer";"PROG";"%";2050;"0";"Sensitivity | Current Policies | Removed CO2 price";"Hydrogen"
"OPEX";"Taxes";"IT";"Tax reduction";"Rigid";"PROG";"%";2050;"0";"Sensitivity | Current Policies | Removed CO2 price";"Hydrogen"
"OPEX";"Taxes";"IT";"Tax reduction";"Tractor-Trailer";"PROG";"%";2050;"0";"Sensitivity | Current Policies | Removed CO2 price";"Hydrogen"
"OPEX";"Taxes";"NL";"Tax reduction";"Rigid";"PROG";"%";2050;"0";"Sensitivity | Current Policies | Removed CO2 price";"Hydrogen"
"OPEX";"Taxes";"NL";"Tax reduction";"Tractor-Trailer";"PROG";"%";2050;"0";"Sensitivity | Current Policies | Removed CO2 price";"Hydrogen"
"OPEX";"Taxes";"PL";"Tax reduction";"Rigid";"PROG";"%";2050;"0";"Sensitivity | Current Policies | Removed CO2 price";"Hydrogen"
"OPEX";"Taxes";"PL";"Tax reduction";"Tractor-Trailer";"PROG";"%";2050;"0";"Sensitivity | Current Policies | Removed CO2 price";"Hydrogen"
"OPEX";"Taxes";"UK";"Tax reduction";"Rigid";"PROG";"%";2050;"0";"Sensitivity | Current Policies | Removed CO2 price";"Hydrogen"
"OPEX";"Taxes";"UK";"Tax reduction";"Tractor-Trailer";"PROG";"%";2050;"0";"Sensitivity | Current Policies | Removed CO2 price";"Hydrogen"
"OPEX";"Taxes";"DE";"Excise Duty - Diesel";"Rigid";"BAU";"EUR/kWh";2050;"0.047";"Sensitivity | Current Policies | Removed CO2 price";"Diesel"
"OPEX";"Taxes";"DE";"Excise Duty - Diesel";"Tractor-Trailer";"BAU";"EUR/kWh";2050;"0.047";"Sensitivity | Current Policies | Removed CO2 price";"Diesel"
"OPEX";"Taxes";"DE";"Excise Duty - Diesel";"Rigid";"PROG";"EUR/kWh";2050;"0.047";"Sensitivity | Current Policies | Removed CO2 price";"Diesel"
"OPEX";"Taxes";"DE";"Excise Duty - Diesel";"Tractor-Trailer";"PROG";"EUR/kWh";2050;"0.047";"Sensitivity | Current Policies | Removed CO2 price";"Diesel"
"OPEX";"Taxes";"ES";"Excise Duty - Diesel";"Rigid";"BAU";"EUR/kWh";2050;"0.038";"Sensitivity | Current Policies | Removed CO2 price";"Diesel"
"OPEX";"Taxes";"ES";"Excise Duty - Diesel";"Tractor-Trailer";"BAU";"EUR/kWh";2050;"0.038";"Sensitivity | Current Policies | Removed CO2 price";"Diesel"
"OPEX";"Taxes";"ES";"Excise Duty - Diesel";"Rigid";"PROG";"EUR/kWh";2050;"0.038";"Sensitivity | Current Policies | Removed CO2 price";"Diesel"
"OPEX";"Taxes";"ES";"Excise Duty - Diesel";"Tractor-Trailer";"PROG";"EUR/kWh";2050;"0.038";"Sensitivity | Current Policies | Removed CO2 price";"Diesel"
"OPEX";"Taxes";"FR";"Excise Duty - Diesel";"Rigid";"BAU";"EUR/kWh";2050;"0.06";"Sensitivity | Current Policies | Removed CO2 price";"Diesel"
"OPEX";"Taxes";"FR";"Excise Duty - Diesel";"Tractor-Trailer";"BAU";"EUR/kWh";2050;"0.06";"Sensitivity | Current Policies | Removed CO2 price";"Diesel"
"OPEX";"Taxes";"FR";"Excise Duty - Diesel";"Rigid";"PROG";"EUR/kWh";2050;"0.06";"Sensitivity | Current Policies | Removed CO2 price";"Diesel"
"OPEX";"Taxes";"FR";"Excise Duty - Diesel";"Tractor-Trailer";"PROG";"EUR/kWh";2050;"0.06";"Sensitivity | Current Policies | Removed CO2 price";"Diesel"
"OPEX";"Taxes";"IT";"Excise Duty - Diesel";"Rigid";"BAU";"EUR/kWh";2050;"0.062";"Sensitivity | Current Policies | Removed CO2 price";"Diesel"
"OPEX";"Taxes";"IT";"Excise Duty - Diesel";"Tractor-Trailer";"BAU";"EUR/kWh";2050;"0.062";"Sensitivity | Current Policies | Removed CO2 price";"Diesel"
"OPEX";"Taxes";"IT";"Excise Duty - Diesel";"Rigid";"PROG";"EUR/kWh";2050;"0.062";"Sensitivity | Current Policies | Removed CO2 price";"Diesel"
"OPEX";"Taxes";"IT";"Excise Duty - Diesel";"Tractor-Trailer";"PROG";"EUR/kWh";2050;"0.062";"Sensitivity | Current Policies | Removed CO2 price";"Diesel"
"OPEX";"Taxes";"NL";"Excise Duty - Diesel";"Rigid";"BAU";"EUR/kWh";2050;"0.053";"Sensitivity | Current Policies | Removed CO2 price";"Diesel"
"OPEX";"Taxes";"NL";"Excise Duty - Diesel";"Tractor-Trailer";"BAU";"EUR/kWh";2050;"0.053";"Sensitivity | Current Policies | Removed CO2 price";"Diesel"
"OPEX";"Taxes";"NL";"Excise Duty - Diesel";"Rigid";"PROG";"EUR/kWh";2050;"0.053";"Sensitivity | Current Policies | Removed CO2 price";"Diesel"
"OPEX";"Taxes";"NL";"Excise Duty - Diesel";"Tractor-Trailer";"PROG";"EUR/kWh";2050;"0.053";"Sensitivity | Current Policies | Removed CO2 price";"Diesel"
"OPEX";"Taxes";"PL";"Excise Duty - Diesel";"Rigid";"BAU";"EUR/kWh";2050;"0.033";"Sensitivity | Current Policies | Removed CO2 price";"Diesel"
"OPEX";"Taxes";"PL";"Excise Duty - Diesel";"Tractor-Trailer";"BAU";"EUR/kWh";2050;"0.033";"Sensitivity | Current Policies | Removed CO2 price";"Diesel"
"OPEX";"Taxes";"PL";"Excise Duty - Diesel";"Rigid";"PROG";"EUR/kWh";2050;"0.033";"Sensitivity | Current Policies | Removed CO2 price";"Diesel"
"OPEX";"Taxes";"PL";"Excise Duty - Diesel";"Tractor-Trailer";"PROG";"EUR/kWh";2050;"0.033";"Sensitivity | Current Policies | Removed CO2 price";"Diesel"
"OPEX";"Taxes";"UK";"Excise Duty - Diesel";"Rigid";"BAU";"EUR/kWh";2050;"0.053";"Sensitivity | Current Policies | Removed CO2 price";"Diesel"
"OPEX";"Taxes";"UK";"Excise Duty - Diesel";"Tractor-Trailer";"BAU";"EUR/kWh";2050;"0.053";"Sensitivity | Current Policies | Removed CO2 price";"Diesel"
"OPEX";"Taxes";"UK";"Excise Duty - Diesel";"Rigid";"PROG";"EUR/kWh";2050;"0.053";"Sensitivity | Current Policies | Removed CO2 price";"Diesel"
"OPEX";"Taxes";"UK";"Excise Duty - Diesel";"Tractor-Trailer";"PROG";"EUR/kWh";2050;"0.053";"Sensitivity | Current Policies | Removed CO2 price";"Diesel"
"OPEX";"Taxes";"DE";"Excise Duty - Reduction biodiesel";"Rigid";"BAU";"%";2050;"0.5";"Sensitivity | Current Policies | Removed CO2 price";"Diesel"
"OPEX";"Taxes";"DE";"Excise Duty - Reduction biodiesel";"Tractor-Trailer";"BAU";"%";2050;"0.5";"Sensitivity | Current Policies | Removed CO2 price";"Diesel"
"OPEX";"Taxes";"DE";"Excise Duty - Reduction biodiesel";"Rigid";"PROG";"%";2050;"0.5";"Sensitivity | Current Policies | Removed CO2 price";"Diesel"
"OPEX";"Taxes";"DE";"Excise Duty - Reduction biodiesel";"Tractor-Trailer";"PROG";"%";2050;"0.5";"Sensitivity | Current Policies | Removed CO2 price";"Diesel"
"OPEX";"Taxes";"ES";"Excise Duty - Reduction biodiesel";"Rigid";"BAU";"%";2050;"0.5";"Sensitivity | Current Policies | Removed CO2 price";"Diesel"
"OPEX";"Taxes";"ES";"Excise Duty - Reduction biodiesel";"Tractor-Trailer";"BAU";"%";2050;"0.5";"Sensitivity | Current Policies | Removed CO2 price";"Diesel"
"OPEX";"Taxes";"ES";"Excise Duty - Reduction biodiesel";"Rigid";"PROG";"%";2050;"0.5";"Sensitivity | Current Policies | Removed CO2 price";"Diesel"
"OPEX";"Taxes";"ES";"Excise Duty - Reduction biodiesel";"Tractor-Trailer";"PROG";"%";2050;"0.5";"Sensitivity | Current Policies | Removed CO2 price";"Diesel"
"OPEX";"Taxes";"FR";"Excise Duty - Reduction biodiesel";"Rigid";"BAU";"%";2050;"0.5";"Sensitivity | Current Policies | Removed CO2 price";"Diesel"
"OPEX";"Taxes";"FR";"Excise Duty - Reduction biodiesel";"Tractor-Trailer";"BAU";"%";2050;"0.5";"Sensitivity | Current Policies | Removed CO2 price";"Diesel"
"OPEX";"Taxes";"FR";"Excise Duty - Reduction biodiesel";"Rigid";"PROG";"%";2050;"0.5";"Sensitivity | Current Policies | Removed CO2 price";"Diesel"
"OPEX";"Taxes";"FR";"Excise Duty - Reduction biodiesel";"Tractor-Trailer";"PROG";"%";2050;"0.5";"Sensitivity | Current Policies | Removed CO2 price";"Diesel"
"OPEX";"Taxes";"IT";"Excise Duty - Reduction biodiesel";"Rigid";"BAU";"%";2050;"0.5";"Sensitivity | Current Policies | Removed CO2 price";"Diesel"
"OPEX";"Taxes";"IT";"Excise Duty - Reduction biodiesel";"Tractor-Trailer";"BAU";"%";2050;"0.5";"Sensitivity | Current Policies | Removed CO2 price";"Diesel"
"OPEX";"Taxes";"IT";"Excise Duty - Reduction biodiesel";"Rigid";"PROG";"%";2050;"0.5";"Sensitivity | Current Policies | Removed CO2 price";"Diesel"
"OPEX";"Taxes";"IT";"Excise Duty - Reduction biodiesel";"Tractor-Trailer";"PROG";"%";2050;"0.5";"Sensitivity | Current Policies | Removed CO2 price";"Diesel"
"OPEX";"Taxes";"NL";"Excise Duty - Reduction biodiesel";"Rigid";"BAU";"%";2050;"0.5";"Sensitivity | Current Policies | Removed CO2 price";"Diesel"
"OPEX";"Taxes";"NL";"Excise Duty - Reduction biodiesel";"Tractor-Trailer";"BAU";"%";2050;"0.5";"Sensitivity | Current Policies | Removed CO2 price";"Diesel"
"OPEX";"Taxes";"NL";"Excise Duty - Reduction biodiesel";"Rigid";"PROG";"%";2050;"0.5";"Sensitivity | Current Policies | Removed CO2 price";"Diesel"
"OPEX";"Taxes";"NL";"Excise Duty - Reduction biodiesel";"Tractor-Trailer";"PROG";"%";2050;"0.5";"Sensitivity | Current Policies | Removed CO2 price";"Diesel"
"OPEX";"Taxes";"PL";"Excise Duty - Reduction biodiesel";"Rigid";"BAU";"%";2050;"0.5";"Sensitivity | Current Policies | Removed CO2 price";"Diesel"
"OPEX";"Taxes";"PL";"Excise Duty - Reduction biodiesel";"Tractor-Trailer";"BAU";"%";2050;"0.5";"Sensitivity | Current Policies | Removed CO2 price";"Diesel"
"OPEX";"Taxes";"PL";"Excise Duty - Reduction biodiesel";"Rigid";"PROG";"%";2050;"0.5";"Sensitivity | Current Policies | Removed CO2 price";"Diesel"
"OPEX";"Taxes";"PL";"Excise Duty - Reduction biodiesel";"Tractor-Trailer";"PROG";"%";2050;"0.5";"Sensitivity | Current Policies | Removed CO2 price";"Diesel"
"OPEX";"Taxes";"UK";"Excise Duty - Reduction biodiesel";"Rigid";"BAU";"%";2050;"0.5";"Sensitivity | Current Policies | Removed CO2 price";"Diesel"
"OPEX";"Taxes";"UK";"Excise Duty - Reduction biodiesel";"Tractor-Trailer";"BAU";"%";2050;"0.5";"Sensitivity | Current Policies | Removed CO2 price";"Diesel"
"OPEX";"Taxes";"UK";"Excise Duty - Reduction biodiesel";"Rigid";"PROG";"%";2050;"0.5";"Sensitivity | Current Policies | Removed CO2 price";"Diesel"
"OPEX";"Taxes";"UK";"Excise Duty - Reduction biodiesel";"Tractor-Trailer";"PROG";"%";2050;"0.5";"Sensitivity | Current Policies | Removed CO2 price";"Diesel"
"OPEX";"Taxes";"DE";"Excise Duty - Reduction Synthetic Diesel (E-Fuels)";"Rigid";"BAU";"%";2050;"0.5";"Sensitivity | Current Policies | Removed CO2 price";"Diesel"
"OPEX";"Taxes";"DE";"Excise Duty - Reduction Synthetic Diesel (E-Fuels)";"Tractor-Trailer";"BAU";"%";2050;"0.5";"Sensitivity | Current Policies | Removed CO2 price";"Diesel"
"OPEX";"Taxes";"DE";"Excise Duty - Reduction Synthetic Diesel (E-Fuels)";"Rigid";"PROG";"%";2050;"0.5";"Sensitivity | Current Policies | Removed CO2 price";"Diesel"
"OPEX";"Taxes";"DE";"Excise Duty - Reduction Synthetic Diesel (E-Fuels)";"Tractor-Trailer";"PROG";"%";2050;"0.5";"Sensitivity | Current Policies | Removed CO2 price";"Diesel"
"OPEX";"Taxes";"ES";"Excise Duty - Reduction Synthetic Diesel (E-Fuels)";"Rigid";"BAU";"%";2050;"0.5";"Sensitivity | Current Policies | Removed CO2 price";"Diesel"
"OPEX";"Taxes";"ES";"Excise Duty - Reduction Synthetic Diesel (E-Fuels)";"Tractor-Trailer";"BAU";"%";2050;"0.5";"Sensitivity | Current Policies | Removed CO2 price";"Diesel"
"OPEX";"Taxes";"ES";"Excise Duty - Reduction Synthetic Diesel (E-Fuels)";"Rigid";"PROG";"%";2050;"0.5";"Sensitivity | Current Policies | Removed CO2 price";"Diesel"
"OPEX";"Taxes";"ES";"Excise Duty - Reduction Synthetic Diesel (E-Fuels)";"Tractor-Trailer";"PROG";"%";2050;"0.5";"Sensitivity | Current Policies | Removed CO2 price";"Diesel"
"OPEX";"Taxes";"FR";"Excise Duty - Reduction Synthetic Diesel (E-Fuels)";"Rigid";"BAU";"%";2050;"0.5";"Sensitivity | Current Policies | Removed CO2 price";"Diesel"
"OPEX";"Taxes";"FR";"Excise Duty - Reduction Synthetic Diesel (E-Fuels)";"Tractor-Trailer";"BAU";"%";2050;"0.5";"Sensitivity | Current Policies | Removed CO2 price";"Diesel"
"OPEX";"Taxes";"FR";"Excise Duty - Reduction Synthetic Diesel (E-Fuels)";"Rigid";"PROG";"%";2050;"0.5";"Sensitivity | Current Policies | Removed CO2 price";"Diesel"
"OPEX";"Taxes";"FR";"Excise Duty - Reduction Synthetic Diesel (E-Fuels)";"Tractor-Trailer";"PROG";"%";2050;"0.5";"Sensitivity | Current Policies | Removed CO2 price";"Diesel"
"OPEX";"Taxes";"IT";"Excise Duty - Reduction Synthetic Diesel (E-Fuels)";"Rigid";"BAU";"%";2050;"0.5";"Sensitivity | Current Policies | Removed CO2 price";"Diesel"
"OPEX";"Taxes";"IT";"Excise Duty - Reduction Synthetic Diesel (E-Fuels)";"Tractor-Trailer";"BAU";"%";2050;"0.5";"Sensitivity | Current Policies | Removed CO2 price";"Diesel"
"OPEX";"Taxes";"IT";"Excise Duty - Reduction Synthetic Diesel (E-Fuels)";"Rigid";"PROG";"%";2050;"0.5";"Sensitivity | Current Policies | Removed CO2 price";"Diesel"
"OPEX";"Taxes";"IT";"Excise Duty - Reduction Synthetic Diesel (E-Fuels)";"Tractor-Trailer";"PROG";"%";2050;"0.5";"Sensitivity | Current Policies | Removed CO2 price";"Diesel"
"OPEX";"Taxes";"NL";"Excise Duty - Reduction Synthetic Diesel (E-Fuels)";"Rigid";"BAU";"%";2050;"0.5";"Sensitivity | Current Policies | Removed CO2 price";"Diesel"
"OPEX";"Taxes";"NL";"Excise Duty - Reduction Synthetic Diesel (E-Fuels)";"Tractor-Trailer";"BAU";"%";2050;"0.5";"Sensitivity | Current Policies | Removed CO2 price";"Diesel"
"OPEX";"Taxes";"NL";"Excise Duty - Reduction Synthetic Diesel (E-Fuels)";"Rigid";"PROG";"%";2050;"0.5";"Sensitivity | Current Policies | Removed CO2 price";"Diesel"
"OPEX";"Taxes";"NL";"Excise Duty - Reduction Synthetic Diesel (E-Fuels)";"Tractor-Trailer";"PROG";"%";2050;"0.5";"Sensitivity | Current Policies | Removed CO2 price";"Diesel"
"OPEX";"Taxes";"PL";"Excise Duty - Reduction Synthetic Diesel (E-Fuels)";"Rigid";"BAU";"%";2050;"0.5";"Sensitivity | Current Policies | Removed CO2 price";"Diesel"
"OPEX";"Taxes";"PL";"Excise Duty - Reduction Synthetic Diesel (E-Fuels)";"Tractor-Trailer";"BAU";"%";2050;"0.5";"Sensitivity | Current Policies | Removed CO2 price";"Diesel"
"OPEX";"Taxes";"PL";"Excise Duty - Reduction Synthetic Diesel (E-Fuels)";"Rigid";"PROG";"%";2050;"0.5";"Sensitivity | Current Policies | Removed CO2 price";"Diesel"
"OPEX";"Taxes";"PL";"Excise Duty - Reduction Synthetic Diesel (E-Fuels)";"Tractor-Trailer";"PROG";"%";2050;"0.5";"Sensitivity | Current Policies | Removed CO2 price";"Diesel"
"OPEX";"Taxes";"UK";"Excise Duty - Reduction Synthetic Diesel (E-Fuels)";"Rigid";"BAU";"%";2050;"0.5";"Sensitivity | Current Policies | Removed CO2 price";"Diesel"
"OPEX";"Taxes";"UK";"Excise Duty - Reduction Synthetic Diesel (E-Fuels)";"Tractor-Trailer";"BAU";"%";2050;"0.5";"Sensitivity | Current Policies | Removed CO2 price";"Diesel"
"OPEX";"Taxes";"UK";"Excise Duty - Reduction Synthetic Diesel (E-Fuels)";"Rigid";"PROG";"%";2050;"0.5";"Sensitivity | Current Policies | Removed CO2 price";"Diesel"
"OPEX";"Taxes";"UK";"Excise Duty - Reduction Synthetic Diesel (E-Fuels)";"Tractor-Trailer";"PROG";"%";2050;"0.5";"Sensitivity | Current Policies | Removed CO2 price";"Diesel"
"OPEX";"Taxes";"DE";"Taxes, Fees, Levies and charges - H2";"Rigid";"BAU";"EUR/kWh";2050;"0.015";"Sensitivity | Current Policies | Removed CO2 price";"Hydrogen"
"OPEX";"Taxes";"DE";"Taxes, Fees, Levies and charges - H2";"Tractor-Trailer";"BAU";"EUR/kWh";2050;"0.015";"Sensitivity | Current Policies | Removed CO2 price";"Hydrogen"
"OPEX";"Taxes";"DE";"Taxes, Fees, Levies and charges - H2";"Rigid";"PROG";"EUR/kWh";2050;"0.015";"Sensitivity | Current Policies | Removed CO2 price";"Hydrogen"
"OPEX";"Taxes";"DE";"Taxes, Fees, Levies and charges - H2";"Tractor-Trailer";"PROG";"EUR/kWh";2050;"0.015";"Sensitivity | Current Policies | Removed CO2 price";"Hydrogen"
"OPEX";"Taxes";"ES";"Taxes, Fees, Levies and charges - H2";"Rigid";"BAU";"EUR/kWh";2050;"0.008";"Sensitivity | Current Policies | Removed CO2 price";"Hydrogen"
"OPEX";"Taxes";"ES";"Taxes, Fees, Levies and charges - H2";"Tractor-Trailer";"BAU";"EUR/kWh";2050;"0.008";"Sensitivity | Current Policies | Removed CO2 price";"Hydrogen"
"OPEX";"Taxes";"ES";"Taxes, Fees, Levies and charges - H2";"Rigid";"PROG";"EUR/kWh";2050;"0.008";"Sensitivity | Current Policies | Removed CO2 price";"Hydrogen"
"OPEX";"Taxes";"ES";"Taxes, Fees, Levies and charges - H2";"Tractor-Trailer";"PROG";"EUR/kWh";2050;"0.008";"Sensitivity | Current Policies | Removed CO2 price";"Hydrogen"
"OPEX";"Taxes";"FR";"Taxes, Fees, Levies and charges - H2";"Rigid";"BAU";"EUR/kWh";2050;"0.012";"Sensitivity | Current Policies | Removed CO2 price";"Hydrogen"
"OPEX";"Taxes";"FR";"Taxes, Fees, Levies and charges - H2";"Tractor-Trailer";"BAU";"EUR/kWh";2050;"0.012";"Sensitivity | Current Policies | Removed CO2 price";"Hydrogen"
"OPEX";"Taxes";"FR";"Taxes, Fees, Levies and charges - H2";"Rigid";"PROG";"EUR/kWh";2050;"0.012";"Sensitivity | Current Policies | Removed CO2 price";"Hydrogen"
"OPEX";"Taxes";"FR";"Taxes, Fees, Levies and charges - H2";"Tractor-Trailer";"PROG";"EUR/kWh";2050;"0.012";"Sensitivity | Current Policies | Removed CO2 price";"Hydrogen"
"OPEX";"Taxes";"IT";"Taxes, Fees, Levies and charges - H2";"Rigid";"BAU";"EUR/kWh";2050;"0.009";"Sensitivity | Current Policies | Removed CO2 price";"Hydrogen"
"OPEX";"Taxes";"IT";"Taxes, Fees, Levies and charges - H2";"Tractor-Trailer";"BAU";"EUR/kWh";2050;"0.009";"Sensitivity | Current Policies | Removed CO2 price";"Hydrogen"
"OPEX";"Taxes";"IT";"Taxes, Fees, Levies and charges - H2";"Rigid";"PROG";"EUR/kWh";2050;"0.009";"Sensitivity | Current Policies | Removed CO2 price";"Hydrogen"
"OPEX";"Taxes";"IT";"Taxes, Fees, Levies and charges - H2";"Tractor-Trailer";"PROG";"EUR/kWh";2050;"0.009";"Sensitivity | Current Policies | Removed CO2 price";"Hydrogen"
"OPEX";"Taxes";"NL";"Taxes, Fees, Levies and charges - H2";"Rigid";"BAU";"EUR/kWh";2050;"0.024";"Sensitivity | Current Policies | Removed CO2 price";"Hydrogen"
"OPEX";"Taxes";"NL";"Taxes, Fees, Levies and charges - H2";"Tractor-Trailer";"BAU";"EUR/kWh";2050;"0.024";"Sensitivity | Current Policies | Removed CO2 price";"Hydrogen"
"OPEX";"Taxes";"NL";"Taxes, Fees, Levies and charges - H2";"Rigid";"PROG";"EUR/kWh";2050;"0.024";"Sensitivity | Current Policies | Removed CO2 price";"Hydrogen"
"OPEX";"Taxes";"NL";"Taxes, Fees, Levies and charges - H2";"Tractor-Trailer";"PROG";"EUR/kWh";2050;"0.024";"Sensitivity | Current Policies | Removed CO2 price";"Hydrogen"
"OPEX";"Taxes";"PL";"Taxes, Fees, Levies and charges - H2";"Rigid";"BAU";"EUR/kWh";2050;"0.009";"Sensitivity | Current Policies | Removed CO2 price";"Hydrogen"
"OPEX";"Taxes";"PL";"Taxes, Fees, Levies and charges - H2";"Tractor-Trailer";"BAU";"EUR/kWh";2050;"0.009";"Sensitivity | Current Policies | Removed CO2 price";"Hydrogen"
"OPEX";"Taxes";"PL";"Taxes, Fees, Levies and charges - H2";"Rigid";"PROG";"EUR/kWh";2050;"0.009";"Sensitivity | Current Policies | Removed CO2 price";"Hydrogen"
"OPEX";"Taxes";"PL";"Taxes, Fees, Levies and charges - H2";"Tractor-Trailer";"PROG";"EUR/kWh";2050;"0.009";"Sensitivity | Current Policies | Removed CO2 price";"Hydrogen"
"OPEX";"Taxes";"UK";"Taxes, Fees, Levies and charges - H2";"Rigid";"BAU";"EUR/kWh";2050;"0.006";"Sensitivity | Current Policies | Removed CO2 price";"Hydrogen"
"OPEX";"Taxes";"UK";"Taxes, Fees, Levies and charges - H2";"Tractor-Trailer";"BAU";"EUR/kWh";2050;"0.006";"Sensitivity | Current Policies | Removed CO2 price";"Hydrogen"
"OPEX";"Taxes";"UK";"Taxes, Fees, Levies and charges - H2";"Rigid";"PROG";"EUR/kWh";2050;"0.006";"Sensitivity | Current Policies | Removed CO2 price";"Hydrogen"
"OPEX";"Taxes";"UK";"Taxes, Fees, Levies and charges - H2";"Tractor-Trailer";"PROG";"EUR/kWh";2050;"0.006";"Sensitivity | Current Policies | Removed CO2 price";"Hydrogen"
"OPEX";"Charging Infrastructure";"DE";"MCS grid extension";"Rigid";"PROG";"EUR/kWh";2050;"0.035";"Sensitivity | Current Policies | Removed CO2 price";"Electricity"
"OPEX";"Charging Infrastructure";"DE";"MCS grid extension";"Tractor-Trailer";"PROG";"EUR/kWh";2050;"0.035";"Sensitivity | Current Policies | Removed CO2 price";"Electricity"
"OPEX";"Charging Infrastructure";"DE";"MCS grid extension";"Rigid";"BAU";"EUR/kWh";2050;"0.035";"Sensitivity | Current Policies | Removed CO2 price";"Electricity"
"OPEX";"Charging Infrastructure";"DE";"MCS grid extension";"Tractor-Trailer";"BAU";"EUR/kWh";2050;"0.035";"Sensitivity | Current Policies | Removed CO2 price";"Electricity"
"OPEX";"Charging Infrastructure";"ES";"MCS grid extension";"Rigid";"PROG";"EUR/kWh";2050;"0.035";"Sensitivity | Current Policies | Removed CO2 price";"Electricity"
"OPEX";"Charging Infrastructure";"ES";"MCS grid extension";"Tractor-Trailer";"PROG";"EUR/kWh";2050;"0.035";"Sensitivity | Current Policies | Removed CO2 price";"Electricity"
"OPEX";"Charging Infrastructure";"ES";"MCS grid extension";"Rigid";"BAU";"EUR/kWh";2050;"0.035";"Sensitivity | Current Policies | Removed CO2 price";"Electricity"
"OPEX";"Charging Infrastructure";"ES";"MCS grid extension";"Tractor-Trailer";"BAU";"EUR/kWh";2050;"0.035";"Sensitivity | Current Policies | Removed CO2 price";"Electricity"
"OPEX";"Charging Infrastructure";"FR";"MCS grid extension";"Rigid";"PROG";"EUR/kWh";2050;"0.035";"Sensitivity | Current Policies | Removed CO2 price";"Electricity"
"OPEX";"Charging Infrastructure";"FR";"MCS grid extension";"Tractor-Trailer";"PROG";"EUR/kWh";2050;"0.035";"Sensitivity | Current Policies | Removed CO2 price";"Electricity"
"OPEX";"Charging Infrastructure";"FR";"MCS grid extension";"Rigid";"BAU";"EUR/kWh";2050;"0.035";"Sensitivity | Current Policies | Removed CO2 price";"Electricity"
"OPEX";"Charging Infrastructure";"FR";"MCS grid extension";"Tractor-Trailer";"BAU";"EUR/kWh";2050;"0.035";"Sensitivity | Current Policies | Removed CO2 price";"Electricity"
"OPEX";"Charging Infrastructure";"IT";"MCS grid extension";"Rigid";"PROG";"EUR/kWh";2050;"0.035";"Sensitivity | Current Policies | Removed CO2 price";"Electricity"
"OPEX";"Charging Infrastructure";"IT";"MCS grid extension";"Tractor-Trailer";"PROG";"EUR/kWh";2050;"0.035";"Sensitivity | Current Policies | Removed CO2 price";"Electricity"
"OPEX";"Charging Infrastructure";"IT";"MCS grid extension";"Rigid";"BAU";"EUR/kWh";2050;"0.035";"Sensitivity | Current Policies | Removed CO2 price";"Electricity"
"OPEX";"Charging Infrastructure";"IT";"MCS grid extension";"Tractor-Trailer";"BAU";"EUR/kWh";2050;"0.035";"Sensitivity | Current Policies | Removed CO2 price";"Electricity"
"OPEX";"Charging Infrastructure";"NL";"MCS grid extension";"Rigid";"PROG";"EUR/kWh";2050;"0.035";"Sensitivity | Current Policies | Removed CO2 price";"Electricity"
"OPEX";"Charging Infrastructure";"NL";"MCS grid extension";"Tractor-Trailer";"PROG";"EUR/kWh";2050;"0.035";"Sensitivity | Current Policies | Removed CO2 price";"Electricity"
"OPEX";"Charging Infrastructure";"NL";"MCS grid extension";"Rigid";"BAU";"EUR/kWh";2050;"0.035";"Sensitivity | Current Policies | Removed CO2 price";"Electricity"
"OPEX";"Charging Infrastructure";"NL";"MCS grid extension";"Tractor-Trailer";"BAU";"EUR/kWh";2050;"0.035";"Sensitivity | Current Policies | Removed CO2 price";"Electricity"
"OPEX";"Charging Infrastructure";"PL";"MCS grid extension";"Rigid";"PROG";"EUR/kWh";2050;"0.035";"Sensitivity | Current Policies | Removed CO2 price";"Electricity"
"OPEX";"Charging Infrastructure";"PL";"MCS grid extension";"Tractor-Trailer";"PROG";"EUR/kWh";2050;"0.035";"Sensitivity | Current Policies | Removed CO2 price";"Electricity"
"OPEX";"Charging Infrastructure";"PL";"MCS grid extension";"Rigid";"BAU";"EUR/kWh";2050;"0.035";"Sensitivity | Current Policies | Removed CO2 price";"Electricity"
"OPEX";"Charging Infrastructure";"PL";"MCS grid extension";"Tractor-Trailer";"BAU";"EUR/kWh";2050;"0.035";"Sensitivity | Current Policies | Removed CO2 price";"Electricity"
"OPEX";"Charging Infrastructure";"UK";"MCS grid extension";"Rigid";"PROG";"EUR/kWh";2050;"0.035";"Sensitivity | Current Policies | Removed CO2 price";"Electricity"
"OPEX";"Charging Infrastructure";"UK";"MCS grid extension";"Tractor-Trailer";"PROG";"EUR/kWh";2050;"0.035";"Sensitivity | Current Policies | Removed CO2 price";"Electricity"
"OPEX";"Charging Infrastructure";"UK";"MCS grid extension";"Rigid";"BAU";"EUR/kWh";2050;"0.035";"Sensitivity | Current Policies | Removed CO2 price";"Electricity"
"OPEX";"Charging Infrastructure";"UK";"MCS grid extension";"Tractor-Trailer";"BAU";"EUR/kWh";2050;"0.035";"Sensitivity | Current Policies | Removed CO2 price";"Electricity"
"OPEX";"Charging Infrastructure";"DE";"MCS Profit and Mark-Up";"Rigid";"PROG";"%";2050;"0.1";"Sensitivity | Current Policies | Removed CO2 price";"Electricity"
"OPEX";"Charging Infrastructure";"DE";"MCS Profit and Mark-Up";"Tractor-Trailer";"PROG";"%";2050;"0.1";"Sensitivity | Current Policies | Removed CO2 price";"Electricity"
"OPEX";"Charging Infrastructure";"DE";"MCS Profit and Mark-Up";"Rigid";"BAU";"%";2050;"0.1";"Sensitivity | Current Policies | Removed CO2 price";"Electricity"
"OPEX";"Charging Infrastructure";"DE";"MCS Profit and Mark-Up";"Tractor-Trailer";"BAU";"%";2050;"0.1";"Sensitivity | Current Policies | Removed CO2 price";"Electricity"
"OPEX";"Charging Infrastructure";"ES";"MCS Profit and Mark-Up";"Rigid";"PROG";"%";2050;"0.1";"Sensitivity | Current Policies | Removed CO2 price";"Electricity"
"OPEX";"Charging Infrastructure";"ES";"MCS Profit and Mark-Up";"Tractor-Trailer";"PROG";"%";2050;"0.1";"Sensitivity | Current Policies | Removed CO2 price";"Electricity"
"OPEX";"Charging Infrastructure";"ES";"MCS Profit and Mark-Up";"Rigid";"BAU";"%";2050;"0.1";"Sensitivity | Current Policies | Removed CO2 price";"Electricity"
"OPEX";"Charging Infrastructure";"ES";"MCS Profit and Mark-Up";"Tractor-Trailer";"BAU";"%";2050;"0.1";"Sensitivity | Current Policies | Removed CO2 price";"Electricity"
"OPEX";"Charging Infrastructure";"FR";"MCS Profit and Mark-Up";"Rigid";"PROG";"%";2050;"0.1";"Sensitivity | Current Policies | Removed CO2 price";"Electricity"
"OPEX";"Charging Infrastructure";"FR";"MCS Profit and Mark-Up";"Tractor-Trailer";"PROG";"%";2050;"0.1";"Sensitivity | Current Policies | Removed CO2 price";"Electricity"
"OPEX";"Charging Infrastructure";"FR";"MCS Profit and Mark-Up";"Rigid";"BAU";"%";2050;"0.1";"Sensitivity | Current Policies | Removed CO2 price";"Electricity"
"OPEX";"Charging Infrastructure";"FR";"MCS Profit and Mark-Up";"Tractor-Trailer";"BAU";"%";2050;"0.1";"Sensitivity | Current Policies | Removed CO2 price";"Electricity"
"OPEX";"Charging Infrastructure";"IT";"MCS Profit and Mark-Up";"Rigid";"PROG";"%";2050;"0.1";"Sensitivity | Current Policies | Removed CO2 price";"Electricity"
"OPEX";"Charging Infrastructure";"IT";"MCS Profit and Mark-Up";"Tractor-Trailer";"PROG";"%";2050;"0.1";"Sensitivity | Current Policies | Removed CO2 price";"Electricity"
"OPEX";"Charging Infrastructure";"IT";"MCS Profit and Mark-Up";"Rigid";"BAU";"%";2050;"0.1";"Sensitivity | Current Policies | Removed CO2 price";"Electricity"
"OPEX";"Charging Infrastructure";"IT";"MCS Profit and Mark-Up";"Tractor-Trailer";"BAU";"%";2050;"0.1";"Sensitivity | Current Policies | Removed CO2 price";"Electricity"
"OPEX";"Charging Infrastructure";"NL";"MCS Profit and Mark-Up";"Rigid";"PROG";"%";2050;"0.1";"Sensitivity | Current Policies | Removed CO2 price";"Electricity"
"OPEX";"Charging Infrastructure";"NL";"MCS Profit and Mark-Up";"Tractor-Trailer";"PROG";"%";2050;"0.1";"Sensitivity | Current Policies | Removed CO2 price";"Electricity"
"OPEX";"Charging Infrastructure";"NL";"MCS Profit and Mark-Up";"Rigid";"BAU";"%";2050;"0.1";"Sensitivity | Current Policies | Removed CO2 price";"Electricity"
"OPEX";"Charging Infrastructure";"NL";"MCS Profit and Mark-Up";"Tractor-Trailer";"BAU";"%";2050;"0.1";"Sensitivity | Current Policies | Removed CO2 price";"Electricity"
"OPEX";"Charging Infrastructure";"PL";"MCS Profit and Mark-Up";"Rigid";"PROG";"%";2050;"0.1";"Sensitivity | Current Policies | Removed CO2 price";"Electricity"
"OPEX";"Charging Infrastructure";"PL";"MCS Profit and Mark-Up";"Tractor-Trailer";"PROG";"%";2050;"0.1";"Sensitivity | Current Policies | Removed CO2 price";"Electricity"
"OPEX";"Charging Infrastructure";"PL";"MCS Profit and Mark-Up";"Rigid";"BAU";"%";2050;"0.1";"Sensitivity | Current Policies | Removed CO2 price";"Electricity"
"OPEX";"Charging Infrastructure";"PL";"MCS Profit and Mark-Up";"Tractor-Trailer";"BAU";"%";2050;"0.1";"Sensitivity | Current Policies | Removed CO2 price";"Electricity"
"OPEX";"Charging Infrastructure";"UK";"MCS Profit and Mark-Up";"Rigid";"PROG";"%";2050;"0.1";"Sensitivity | Current Policies | Removed CO2 price";"Electricity"
"OPEX";"Charging Infrastructure";"UK";"MCS Profit and Mark-Up";"Tractor-Trailer";"PROG";"%";2050;"0.1";"Sensitivity | Current Policies | Removed CO2 price";"Electricity"
"OPEX";"Charging Infrastructure";"UK";"MCS Profit and Mark-Up";"Rigid";"BAU";"%";2050;"0.1";"Sensitivity | Current Policies | Removed CO2 price";"Electricity"
"OPEX";"Charging Infrastructure";"UK";"MCS Profit and Mark-Up";"Tractor-Trailer";"BAU";"%";2050;"0.1";"Sensitivity | Current Policies | Removed CO2 price";"Electricity"
"OPEX";"Charging Infrastructure";"DE";"CCS Station (Depot) - Incl. Overhead";"Rigid";"PROG";"EUR/kWh";2050;"0.019";"Sensitivity | Current Policies | Removed CO2 price";"Electricity"
"OPEX";"Charging Infrastructure";"DE";"CCS Station (Depot) - Incl. Overhead";"Tractor-Trailer";"PROG";"EUR/kWh";2050;"0.019";"Sensitivity | Current Policies | Removed CO2 price";"Electricity"
"OPEX";"Charging Infrastructure";"DE";"CCS Station (Depot) - Incl. Overhead";"Rigid";"BAU";"EUR/kWh";2050;"0.019";"Sensitivity | Current Policies | Removed CO2 price";"Electricity"
"OPEX";"Charging Infrastructure";"DE";"CCS Station (Depot) - Incl. Overhead";"Tractor-Trailer";"BAU";"EUR/kWh";2050;"0.019";"Sensitivity | Current Policies | Removed CO2 price";"Electricity"
"OPEX";"Charging Infrastructure";"ES";"CCS Station (Depot) - Incl. Overhead";"Rigid";"PROG";"EUR/kWh";2050;"0.019";"Sensitivity | Current Policies | Removed CO2 price";"Electricity"
"OPEX";"Charging Infrastructure";"ES";"CCS Station (Depot) - Incl. Overhead";"Tractor-Trailer";"PROG";"EUR/kWh";2050;"0.019";"Sensitivity | Current Policies | Removed CO2 price";"Electricity"
"OPEX";"Charging Infrastructure";"ES";"CCS Station (Depot) - Incl. Overhead";"Rigid";"BAU";"EUR/kWh";2050;"0.019";"Sensitivity | Current Policies | Removed CO2 price";"Electricity"
"OPEX";"Charging Infrastructure";"ES";"CCS Station (Depot) - Incl. Overhead";"Tractor-Trailer";"BAU";"EUR/kWh";2050;"0.019";"Sensitivity | Current Policies | Removed CO2 price";"Electricity"
"OPEX";"Charging Infrastructure";"FR";"CCS Station (Depot) - Incl. Overhead";"Rigid";"PROG";"EUR/kWh";2050;"0.019";"Sensitivity | Current Policies | Removed CO2 price";"Electricity"
"OPEX";"Charging Infrastructure";"FR";"CCS Station (Depot) - Incl. Overhead";"Tractor-Trailer";"PROG";"EUR/kWh";2050;"0.019";"Sensitivity | Current Policies | Removed CO2 price";"Electricity"
"OPEX";"Charging Infrastructure";"FR";"CCS Station (Depot) - Incl. Overhead";"Rigid";"BAU";"EUR/kWh";2050;"0.019";"Sensitivity | Current Policies | Removed CO2 price";"Electricity"
"OPEX";"Charging Infrastructure";"FR";"CCS Station (Depot) - Incl. Overhead";"Tractor-Trailer";"BAU";"EUR/kWh";2050;"0.019";"Sensitivity | Current Policies | Removed CO2 price";"Electricity"
"OPEX";"Charging Infrastructure";"IT";"CCS Station (Depot) - Incl. Overhead";"Rigid";"PROG";"EUR/kWh";2050;"0.019";"Sensitivity | Current Policies | Removed CO2 price";"Electricity"
"OPEX";"Charging Infrastructure";"IT";"CCS Station (Depot) - Incl. Overhead";"Tractor-Trailer";"PROG";"EUR/kWh";2050;"0.019";"Sensitivity | Current Policies | Removed CO2 price";"Electricity"
"OPEX";"Charging Infrastructure";"IT";"CCS Station (Depot) - Incl. Overhead";"Rigid";"BAU";"EUR/kWh";2050;"0.019";"Sensitivity | Current Policies | Removed CO2 price";"Electricity"
"OPEX";"Charging Infrastructure";"IT";"CCS Station (Depot) - Incl. Overhead";"Tractor-Trailer";"BAU";"EUR/kWh";2050;"0.019";"Sensitivity | Current Policies | Removed CO2 price";"Electricity"
"OPEX";"Charging Infrastructure";"NL";"CCS Station (Depot) - Incl. Overhead";"Rigid";"PROG";"EUR/kWh";2050;"0.019";"Sensitivity | Current Policies | Removed CO2 price";"Electricity"
"OPEX";"Charging Infrastructure";"NL";"CCS Station (Depot) - Incl. Overhead";"Tractor-Trailer";"PROG";"EUR/kWh";2050;"0.019";"Sensitivity | Current Policies | Removed CO2 price";"Electricity"
"OPEX";"Charging Infrastructure";"NL";"CCS Station (Depot) - Incl. Overhead";"Rigid";"BAU";"EUR/kWh";2050;"0.019";"Sensitivity | Current Policies | Removed CO2 price";"Electricity"
"OPEX";"Charging Infrastructure";"NL";"CCS Station (Depot) - Incl. Overhead";"Tractor-Trailer";"BAU";"EUR/kWh";2050;"0.019";"Sensitivity | Current Policies | Removed CO2 price";"Electricity"
"OPEX";"Charging Infrastructure";"PL";"CCS Station (Depot) - Incl. Overhead";"Rigid";"PROG";"EUR/kWh";2050;"0.019";"Sensitivity | Current Policies | Removed CO2 price";"Electricity"
"OPEX";"Charging Infrastructure";"PL";"CCS Station (Depot) - Incl. Overhead";"Tractor-Trailer";"PROG";"EUR/kWh";2050;"0.019";"Sensitivity | Current Policies | Removed CO2 price";"Electricity"
"OPEX";"Charging Infrastructure";"PL";"CCS Station (Depot) - Incl. Overhead";"Rigid";"BAU";"EUR/kWh";2050;"0.019";"Sensitivity | Current Policies | Removed CO2 price";"Electricity"
"OPEX";"Charging Infrastructure";"PL";"CCS Station (Depot) - Incl. Overhead";"Tractor-Trailer";"BAU";"EUR/kWh";2050;"0.019";"Sensitivity | Current Policies | Removed CO2 price";"Electricity"
"OPEX";"Charging Infrastructure";"UK";"CCS Station (Depot) - Incl. Overhead";"Rigid";"PROG";"EUR/kWh";2050;"0.019";"Sensitivity | Current Policies | Removed CO2 price";"Electricity"
"OPEX";"Charging Infrastructure";"UK";"CCS Station (Depot) - Incl. Overhead";"Tractor-Trailer";"PROG";"EUR/kWh";2050;"0.019";"Sensitivity | Current Policies | Removed CO2 price";"Electricity"
"OPEX";"Charging Infrastructure";"UK";"CCS Station (Depot) - Incl. Overhead";"Rigid";"BAU";"EUR/kWh";2050;"0.019";"Sensitivity | Current Policies | Removed CO2 price";"Electricity"
"OPEX";"Charging Infrastructure";"UK";"CCS Station (Depot) - Incl. Overhead";"Tractor-Trailer";"BAU";"EUR/kWh";2050;"0.019";"Sensitivity | Current Policies | Removed CO2 price";"Electricity"
"OPEX";"Charging Infrastructure";"DE";"CCS grid extension";"Rigid";"PROG";"EUR/kWh";2050;"0.045";"Sensitivity | Current Policies | Removed CO2 price";"Electricity"
"OPEX";"Charging Infrastructure";"DE";"CCS grid extension";"Tractor-Trailer";"PROG";"EUR/kWh";2050;"0.045";"Sensitivity | Current Policies | Removed CO2 price";"Electricity"
"OPEX";"Charging Infrastructure";"DE";"CCS grid extension";"Rigid";"BAU";"EUR/kWh";2050;"0.045";"Sensitivity | Current Policies | Removed CO2 price";"Electricity"
"OPEX";"Charging Infrastructure";"DE";"CCS grid extension";"Tractor-Trailer";"BAU";"EUR/kWh";2050;"0.045";"Sensitivity | Current Policies | Removed CO2 price";"Electricity"
"OPEX";"Charging Infrastructure";"ES";"CCS grid extension";"Rigid";"PROG";"EUR/kWh";2050;"0.045";"Sensitivity | Current Policies | Removed CO2 price";"Electricity"
"OPEX";"Charging Infrastructure";"ES";"CCS grid extension";"Tractor-Trailer";"PROG";"EUR/kWh";2050;"0.045";"Sensitivity | Current Policies | Removed CO2 price";"Electricity"
"OPEX";"Charging Infrastructure";"ES";"CCS grid extension";"Rigid";"BAU";"EUR/kWh";2050;"0.045";"Sensitivity | Current Policies | Removed CO2 price";"Electricity"
"OPEX";"Charging Infrastructure";"ES";"CCS grid extension";"Tractor-Trailer";"BAU";"EUR/kWh";2050;"0.045";"Sensitivity | Current Policies | Removed CO2 price";"Electricity"
"OPEX";"Charging Infrastructure";"FR";"CCS grid extension";"Rigid";"PROG";"EUR/kWh";2050;"0.045";"Sensitivity | Current Policies | Removed CO2 price";"Electricity"
"OPEX";"Charging Infrastructure";"FR";"CCS grid extension";"Tractor-Trailer";"PROG";"EUR/kWh";2050;"0.045";"Sensitivity | Current Policies | Removed CO2 price";"Electricity"
"OPEX";"Charging Infrastructure";"FR";"CCS grid extension";"Rigid";"BAU";"EUR/kWh";2050;"0.045";"Sensitivity | Current Policies | Removed CO2 price";"Electricity"
"OPEX";"Charging Infrastructure";"FR";"CCS grid extension";"Tractor-Trailer";"BAU";"EUR/kWh";2050;"0.045";"Sensitivity | Current Policies | Removed CO2 price";"Electricity"
"OPEX";"Charging Infrastructure";"IT";"CCS grid extension";"Rigid";"PROG";"EUR/kWh";2050;"0.045";"Sensitivity | Current Policies | Removed CO2 price";"Electricity"
"OPEX";"Charging Infrastructure";"IT";"CCS grid extension";"Tractor-Trailer";"PROG";"EUR/kWh";2050;"0.045";"Sensitivity | Current Policies | Removed CO2 price";"Electricity"
"OPEX";"Charging Infrastructure";"IT";"CCS grid extension";"Rigid";"BAU";"EUR/kWh";2050;"0.045";"Sensitivity | Current Policies | Removed CO2 price";"Electricity"
"OPEX";"Charging Infrastructure";"IT";"CCS grid extension";"Tractor-Trailer";"BAU";"EUR/kWh";2050;"0.045";"Sensitivity | Current Policies | Removed CO2 price";"Electricity"
"OPEX";"Charging Infrastructure";"NL";"CCS grid extension";"Rigid";"PROG";"EUR/kWh";2050;"0.045";"Sensitivity | Current Policies | Removed CO2 price";"Electricity"
"OPEX";"Charging Infrastructure";"NL";"CCS grid extension";"Tractor-Trailer";"PROG";"EUR/kWh";2050;"0.045";"Sensitivity | Current Policies | Removed CO2 price";"Electricity"
"OPEX";"Charging Infrastructure";"NL";"CCS grid extension";"Rigid";"BAU";"EUR/kWh";2050;"0.045";"Sensitivity | Current Policies | Removed CO2 price";"Electricity"
"OPEX";"Charging Infrastructure";"NL";"CCS grid extension";"Tractor-Trailer";"BAU";"EUR/kWh";2050;"0.045";"Sensitivity | Current Policies | Removed CO2 price";"Electricity"
"OPEX";"Charging Infrastructure";"PL";"CCS grid extension";"Rigid";"PROG";"EUR/kWh";2050;"0.045";"Sensitivity | Current Policies | Removed CO2 price";"Electricity"
"OPEX";"Charging Infrastructure";"PL";"CCS grid extension";"Tractor-Trailer";"PROG";"EUR/kWh";2050;"0.045";"Sensitivity | Current Policies | Removed CO2 price";"Electricity"
"OPEX";"Charging Infrastructure";"PL";"CCS grid extension";"Rigid";"BAU";"EUR/kWh";2050;"0.045";"Sensitivity | Current Policies | Removed CO2 price";"Electricity"
"OPEX";"Charging Infrastructure";"PL";"CCS grid extension";"Tractor-Trailer";"BAU";"EUR/kWh";2050;"0.045";"Sensitivity | Current Policies | Removed CO2 price";"Electricity"
"OPEX";"Charging Infrastructure";"UK";"CCS grid extension";"Rigid";"PROG";"EUR/kWh";2050;"0.045";"Sensitivity | Current Policies | Removed CO2 price";"Electricity"
"OPEX";"Charging Infrastructure";"UK";"CCS grid extension";"Tractor-Trailer";"PROG";"EUR/kWh";2050;"0.045";"Sensitivity | Current Policies | Removed CO2 price";"Electricity"
"OPEX";"Charging Infrastructure";"UK";"CCS grid extension";"Rigid";"BAU";"EUR/kWh";2050;"0.045";"Sensitivity | Current Policies | Removed CO2 price";"Electricity"
"OPEX";"Charging Infrastructure";"UK";"CCS grid extension";"Tractor-Trailer";"BAU";"EUR/kWh";2050;"0.045";"Sensitivity | Current Policies | Removed CO2 price";"Electricity"
"OPEX";"Diesel Infrastructure";"DE";"Total Diesel Mark-Up";"Rigid";"BAU";"EUR/kWh";2050;"0.018";"Sensitivity | Current Policies | Removed CO2 price";"Diesel"
"OPEX";"Diesel Infrastructure";"DE";"Total Diesel Mark-Up";"Tractor-Trailer";"BAU";"EUR/kWh";2050;"0.018";"Sensitivity | Current Policies | Removed CO2 price";"Diesel"
"OPEX";"Diesel Infrastructure";"DE";"Total Diesel Mark-Up";"Rigid";"PROG";"EUR/kWh";2050;"0.018";"Sensitivity | Current Policies | Removed CO2 price";"Diesel"
"OPEX";"Diesel Infrastructure";"DE";"Total Diesel Mark-Up";"Tractor-Trailer";"PROG";"EUR/kWh";2050;"0.018";"Sensitivity | Current Policies | Removed CO2 price";"Diesel"
"OPEX";"Diesel Infrastructure";"ES";"Total Diesel Mark-Up";"Rigid";"BAU";"EUR/kWh";2050;"0.018";"Sensitivity | Current Policies | Removed CO2 price";"Diesel"
"OPEX";"Diesel Infrastructure";"ES";"Total Diesel Mark-Up";"Tractor-Trailer";"BAU";"EUR/kWh";2050;"0.018";"Sensitivity | Current Policies | Removed CO2 price";"Diesel"
"OPEX";"Diesel Infrastructure";"ES";"Total Diesel Mark-Up";"Rigid";"PROG";"EUR/kWh";2050;"0.018";"Sensitivity | Current Policies | Removed CO2 price";"Diesel"
"OPEX";"Diesel Infrastructure";"ES";"Total Diesel Mark-Up";"Tractor-Trailer";"PROG";"EUR/kWh";2050;"0.018";"Sensitivity | Current Policies | Removed CO2 price";"Diesel"
"OPEX";"Diesel Infrastructure";"FR";"Total Diesel Mark-Up";"Rigid";"BAU";"EUR/kWh";2050;"0.018";"Sensitivity | Current Policies | Removed CO2 price";"Diesel"
"OPEX";"Diesel Infrastructure";"FR";"Total Diesel Mark-Up";"Tractor-Trailer";"BAU";"EUR/kWh";2050;"0.018";"Sensitivity | Current Policies | Removed CO2 price";"Diesel"
"OPEX";"Diesel Infrastructure";"FR";"Total Diesel Mark-Up";"Rigid";"PROG";"EUR/kWh";2050;"0.018";"Sensitivity | Current Policies | Removed CO2 price";"Diesel"
"OPEX";"Diesel Infrastructure";"FR";"Total Diesel Mark-Up";"Tractor-Trailer";"PROG";"EUR/kWh";2050;"0.018";"Sensitivity | Current Policies | Removed CO2 price";"Diesel"
"OPEX";"Diesel Infrastructure";"IT";"Total Diesel Mark-Up";"Rigid";"BAU";"EUR/kWh";2050;"0.018";"Sensitivity | Current Policies | Removed CO2 price";"Diesel"
"OPEX";"Diesel Infrastructure";"IT";"Total Diesel Mark-Up";"Tractor-Trailer";"BAU";"EUR/kWh";2050;"0.018";"Sensitivity | Current Policies | Removed CO2 price";"Diesel"
"OPEX";"Diesel Infrastructure";"IT";"Total Diesel Mark-Up";"Rigid";"PROG";"EUR/kWh";2050;"0.018";"Sensitivity | Current Policies | Removed CO2 price";"Diesel"
"OPEX";"Diesel Infrastructure";"IT";"Total Diesel Mark-Up";"Tractor-Trailer";"PROG";"EUR/kWh";2050;"0.018";"Sensitivity | Current Policies | Removed CO2 price";"Diesel"
"OPEX";"Diesel Infrastructure";"NL";"Total Diesel Mark-Up";"Rigid";"BAU";"EUR/kWh";2050;"0.018";"Sensitivity | Current Policies | Removed CO2 price";"Diesel"
"OPEX";"Diesel Infrastructure";"NL";"Total Diesel Mark-Up";"Tractor-Trailer";"BAU";"EUR/kWh";2050;"0.018";"Sensitivity | Current Policies | Removed CO2 price";"Diesel"
"OPEX";"Diesel Infrastructure";"NL";"Total Diesel Mark-Up";"Rigid";"PROG";"EUR/kWh";2050;"0.018";"Sensitivity | Current Policies | Removed CO2 price";"Diesel"
"OPEX";"Diesel Infrastructure";"NL";"Total Diesel Mark-Up";"Tractor-Trailer";"PROG";"EUR/kWh";2050;"0.018";"Sensitivity | Current Policies | Removed CO2 price";"Diesel"
"OPEX";"Diesel Infrastructure";"PL";"Total Diesel Mark-Up";"Rigid";"BAU";"EUR/kWh";2050;"0.018";"Sensitivity | Current Policies | Removed CO2 price";"Diesel"
"OPEX";"Diesel Infrastructure";"PL";"Total Diesel Mark-Up";"Tractor-Trailer";"BAU";"EUR/kWh";2050;"0.018";"Sensitivity | Current Policies | Removed CO2 price";"Diesel"
"OPEX";"Diesel Infrastructure";"PL";"Total Diesel Mark-Up";"Rigid";"PROG";"EUR/kWh";2050;"0.018";"Sensitivity | Current Policies | Removed CO2 price";"Diesel"
"OPEX";"Diesel Infrastructure";"PL";"Total Diesel Mark-Up";"Tractor-Trailer";"PROG";"EUR/kWh";2050;"0.018";"Sensitivity | Current Policies | Removed CO2 price";"Diesel"
"OPEX";"Diesel Infrastructure";"UK";"Total Diesel Mark-Up";"Rigid";"BAU";"EUR/kWh";2050;"0.018";"Sensitivity | Current Policies | Removed CO2 price";"Diesel"
"OPEX";"Diesel Infrastructure";"UK";"Total Diesel Mark-Up";"Tractor-Trailer";"BAU";"EUR/kWh";2050;"0.018";"Sensitivity | Current Policies | Removed CO2 price";"Diesel"
"OPEX";"Diesel Infrastructure";"UK";"Total Diesel Mark-Up";"Rigid";"PROG";"EUR/kWh";2050;"0.018";"Sensitivity | Current Policies | Removed CO2 price";"Diesel"
"OPEX";"Diesel Infrastructure";"UK";"Total Diesel Mark-Up";"Tractor-Trailer";"PROG";"EUR/kWh";2050;"0.018";"Sensitivity | Current Policies | Removed CO2 price";"Diesel"
"OPEX";"Diesel Infrastructure";"DE";"CO2 emission factor Biodiesel";"Rigid";"BAU";"%";2050;"0.152";"Sensitivity | Current Policies | Removed CO2 price";"Diesel"
"OPEX";"Diesel Infrastructure";"DE";"CO2 emission factor Biodiesel";"Tractor-Trailer";"BAU";"%";2050;"0.152";"Sensitivity | Current Policies | Removed CO2 price";"Diesel"
"OPEX";"Diesel Infrastructure";"DE";"CO2 emission factor Biodiesel";"Rigid";"PROG";"%";2050;"0.152";"Sensitivity | Current Policies | Removed CO2 price";"Diesel"
"OPEX";"Diesel Infrastructure";"DE";"CO2 emission factor Biodiesel";"Tractor-Trailer";"PROG";"%";2050;"0.152";"Sensitivity | Current Policies | Removed CO2 price";"Diesel"
"OPEX";"Diesel Infrastructure";"ES";"CO2 emission factor Biodiesel";"Rigid";"BAU";"%";2050;"0.152";"Sensitivity | Current Policies | Removed CO2 price";"Diesel"
"OPEX";"Diesel Infrastructure";"ES";"CO2 emission factor Biodiesel";"Tractor-Trailer";"BAU";"%";2050;"0.152";"Sensitivity | Current Policies | Removed CO2 price";"Diesel"
"OPEX";"Diesel Infrastructure";"ES";"CO2 emission factor Biodiesel";"Rigid";"PROG";"%";2050;"0.152";"Sensitivity | Current Policies | Removed CO2 price";"Diesel"
"OPEX";"Diesel Infrastructure";"ES";"CO2 emission factor Biodiesel";"Tractor-Trailer";"PROG";"%";2050;"0.152";"Sensitivity | Current Policies | Removed CO2 price";"Diesel"
"OPEX";"Diesel Infrastructure";"FR";"CO2 emission factor Biodiesel";"Rigid";"BAU";"%";2050;"0.152";"Sensitivity | Current Policies | Removed CO2 price";"Diesel"
"OPEX";"Diesel Infrastructure";"FR";"CO2 emission factor Biodiesel";"Tractor-Trailer";"BAU";"%";2050;"0.152";"Sensitivity | Current Policies | Removed CO2 price";"Diesel"
"OPEX";"Diesel Infrastructure";"FR";"CO2 emission factor Biodiesel";"Rigid";"PROG";"%";2050;"0.152";"Sensitivity | Current Policies | Removed CO2 price";"Diesel"
"OPEX";"Diesel Infrastructure";"FR";"CO2 emission factor Biodiesel";"Tractor-Trailer";"PROG";"%";2050;"0.152";"Sensitivity | Current Policies | Removed CO2 price";"Diesel"
"OPEX";"Diesel Infrastructure";"IT";"CO2 emission factor Biodiesel";"Rigid";"BAU";"%";2050;"0.152";"Sensitivity | Current Policies | Removed CO2 price";"Diesel"
"OPEX";"Diesel Infrastructure";"IT";"CO2 emission factor Biodiesel";"Tractor-Trailer";"BAU";"%";2050;"0.152";"Sensitivity | Current Policies | Removed CO2 price";"Diesel"
"OPEX";"Diesel Infrastructure";"IT";"CO2 emission factor Biodiesel";"Rigid";"PROG";"%";2050;"0.152";"Sensitivity | Current Policies | Removed CO2 price";"Diesel"
"OPEX";"Diesel Infrastructure";"IT";"CO2 emission factor Biodiesel";"Tractor-Trailer";"PROG";"%";2050;"0.152";"Sensitivity | Current Policies | Removed CO2 price";"Diesel"
"OPEX";"Diesel Infrastructure";"NL";"CO2 emission factor Biodiesel";"Rigid";"BAU";"%";2050;"0.152";"Sensitivity | Current Policies | Removed CO2 price";"Diesel"
"OPEX";"Diesel Infrastructure";"NL";"CO2 emission factor Biodiesel";"Tractor-Trailer";"BAU";"%";2050;"0.152";"Sensitivity | Current Policies | Removed CO2 price";"Diesel"
"OPEX";"Diesel Infrastructure";"NL";"CO2 emission factor Biodiesel";"Rigid";"PROG";"%";2050;"0.152";"Sensitivity | Current Policies | Removed CO2 price";"Diesel"
"OPEX";"Diesel Infrastructure";"NL";"CO2 emission factor Biodiesel";"Tractor-Trailer";"PROG";"%";2050;"0.152";"Sensitivity | Current Policies | Removed CO2 price";"Diesel"
"OPEX";"Diesel Infrastructure";"PL";"CO2 emission factor Biodiesel";"Rigid";"BAU";"%";2050;"0.152";"Sensitivity | Current Policies | Removed CO2 price";"Diesel"
"OPEX";"Diesel Infrastructure";"PL";"CO2 emission factor Biodiesel";"Tractor-Trailer";"BAU";"%";2050;"0.152";"Sensitivity | Current Policies | Removed CO2 price";"Diesel"
"OPEX";"Diesel Infrastructure";"PL";"CO2 emission factor Biodiesel";"Rigid";"PROG";"%";2050;"0.152";"Sensitivity | Current Policies | Removed CO2 price";"Diesel"
"OPEX";"Diesel Infrastructure";"PL";"CO2 emission factor Biodiesel";"Tractor-Trailer";"PROG";"%";2050;"0.152";"Sensitivity | Current Policies | Removed CO2 price";"Diesel"
"OPEX";"Diesel Infrastructure";"UK";"CO2 emission factor Biodiesel";"Rigid";"BAU";"%";2050;"0.152";"Sensitivity | Current Policies | Removed CO2 price";"Diesel"
"OPEX";"Diesel Infrastructure";"UK";"CO2 emission factor Biodiesel";"Tractor-Trailer";"BAU";"%";2050;"0.152";"Sensitivity | Current Policies | Removed CO2 price";"Diesel"
"OPEX";"Diesel Infrastructure";"UK";"CO2 emission factor Biodiesel";"Rigid";"PROG";"%";2050;"0.152";"Sensitivity | Current Policies | Removed CO2 price";"Diesel"
"OPEX";"Diesel Infrastructure";"UK";"CO2 emission factor Biodiesel";"Tractor-Trailer";"PROG";"%";2050;"0.152";"Sensitivity | Current Policies | Removed CO2 price";"Diesel"
"OPEX";"Diesel Infrastructure";"DE";"CO2 emission factor Pt-Diesel";"Rigid";"BAU";"%";2050;"0";"Sensitivity | Current Policies | Removed CO2 price";"Diesel"
"OPEX";"Diesel Infrastructure";"DE";"CO2 emission factor Pt-Diesel";"Tractor-Trailer";"BAU";"%";2050;"0";"Sensitivity | Current Policies | Removed CO2 price";"Diesel"
"OPEX";"Diesel Infrastructure";"DE";"CO2 emission factor Pt-Diesel";"Rigid";"PROG";"%";2050;"0";"Sensitivity | Current Policies | Removed CO2 price";"Diesel"
"OPEX";"Diesel Infrastructure";"DE";"CO2 emission factor Pt-Diesel";"Tractor-Trailer";"PROG";"%";2050;"0";"Sensitivity | Current Policies | Removed CO2 price";"Diesel"
"OPEX";"Diesel Infrastructure";"ES";"CO2 emission factor Pt-Diesel";"Rigid";"BAU";"%";2050;"0";"Sensitivity | Current Policies | Removed CO2 price";"Diesel"
"OPEX";"Diesel Infrastructure";"ES";"CO2 emission factor Pt-Diesel";"Tractor-Trailer";"BAU";"%";2050;"0";"Sensitivity | Current Policies | Removed CO2 price";"Diesel"
"OPEX";"Diesel Infrastructure";"ES";"CO2 emission factor Pt-Diesel";"Rigid";"PROG";"%";2050;"0";"Sensitivity | Current Policies | Removed CO2 price";"Diesel"
"OPEX";"Diesel Infrastructure";"ES";"CO2 emission factor Pt-Diesel";"Tractor-Trailer";"PROG";"%";2050;"0";"Sensitivity | Current Policies | Removed CO2 price";"Diesel"
"OPEX";"Diesel Infrastructure";"FR";"CO2 emission factor Pt-Diesel";"Rigid";"BAU";"%";2050;"0";"Sensitivity | Current Policies | Removed CO2 price";"Diesel"
"OPEX";"Diesel Infrastructure";"FR";"CO2 emission factor Pt-Diesel";"Tractor-Trailer";"BAU";"%";2050;"0";"Sensitivity | Current Policies | Removed CO2 price";"Diesel"
"OPEX";"Diesel Infrastructure";"FR";"CO2 emission factor Pt-Diesel";"Rigid";"PROG";"%";2050;"0";"Sensitivity | Current Policies | Removed CO2 price";"Diesel"
"OPEX";"Diesel Infrastructure";"FR";"CO2 emission factor Pt-Diesel";"Tractor-Trailer";"PROG";"%";2050;"0";"Sensitivity | Current Policies | Removed CO2 price";"Diesel"
"OPEX";"Diesel Infrastructure";"IT";"CO2 emission factor Pt-Diesel";"Rigid";"BAU";"%";2050;"0";"Sensitivity | Current Policies | Removed CO2 price";"Diesel"
"OPEX";"Diesel Infrastructure";"IT";"CO2 emission factor Pt-Diesel";"Tractor-Trailer";"BAU";"%";2050;"0";"Sensitivity | Current Policies | Removed CO2 price";"Diesel"
"OPEX";"Diesel Infrastructure";"IT";"CO2 emission factor Pt-Diesel";"Rigid";"PROG";"%";2050;"0";"Sensitivity | Current Policies | Removed CO2 price";"Diesel"
"OPEX";"Diesel Infrastructure";"IT";"CO2 emission factor Pt-Diesel";"Tractor-Trailer";"PROG";"%";2050;"0";"Sensitivity | Current Policies | Removed CO2 price";"Diesel"
"OPEX";"Diesel Infrastructure";"NL";"CO2 emission factor Pt-Diesel";"Rigid";"BAU";"%";2050;"0";"Sensitivity | Current Policies | Removed CO2 price";"Diesel"
"OPEX";"Diesel Infrastructure";"NL";"CO2 emission factor Pt-Diesel";"Tractor-Trailer";"BAU";"%";2050;"0";"Sensitivity | Current Policies | Removed CO2 price";"Diesel"
"OPEX";"Diesel Infrastructure";"NL";"CO2 emission factor Pt-Diesel";"Rigid";"PROG";"%";2050;"0";"Sensitivity | Current Policies | Removed CO2 price";"Diesel"
"OPEX";"Diesel Infrastructure";"NL";"CO2 emission factor Pt-Diesel";"Tractor-Trailer";"PROG";"%";2050;"0";"Sensitivity | Current Policies | Removed CO2 price";"Diesel"
"OPEX";"Diesel Infrastructure";"PL";"CO2 emission factor Pt-Diesel";"Rigid";"BAU";"%";2050;"0";"Sensitivity | Current Policies | Removed CO2 price";"Diesel"
"OPEX";"Diesel Infrastructure";"PL";"CO2 emission factor Pt-Diesel";"Tractor-Trailer";"BAU";"%";2050;"0";"Sensitivity | Current Policies | Removed CO2 price";"Diesel"
"OPEX";"Diesel Infrastructure";"PL";"CO2 emission factor Pt-Diesel";"Rigid";"PROG";"%";2050;"0";"Sensitivity | Current Policies | Removed CO2 price";"Diesel"
"OPEX";"Diesel Infrastructure";"PL";"CO2 emission factor Pt-Diesel";"Tractor-Trailer";"PROG";"%";2050;"0";"Sensitivity | Current Policies | Removed CO2 price";"Diesel"
"OPEX";"Diesel Infrastructure";"UK";"CO2 emission factor Pt-Diesel";"Rigid";"BAU";"%";2050;"0";"Sensitivity | Current Policies | Removed CO2 price";"Diesel"
"OPEX";"Diesel Infrastructure";"UK";"CO2 emission factor Pt-Diesel";"Tractor-Trailer";"BAU";"%";2050;"0";"Sensitivity | Current Policies | Removed CO2 price";"Diesel"
"OPEX";"Diesel Infrastructure";"UK";"CO2 emission factor Pt-Diesel";"Rigid";"PROG";"%";2050;"0";"Sensitivity | Current Policies | Removed CO2 price";"Diesel"
"OPEX";"Diesel Infrastructure";"UK";"CO2 emission factor Pt-Diesel";"Tractor-Trailer";"PROG";"%";2050;"0";"Sensitivity | Current Policies | Removed CO2 price";"Diesel"
"OPEX";"Taxes";"DE";"Network Costs - MCS";"Rigid";"BAU";"EUR/kWh";2050;"0.034";"Sensitivity | Current Policies | Removed CO2 price";"Electricity"
"OPEX";"Taxes";"DE";"Network Costs - MCS";"Tractor-Trailer";"BAU";"EUR/kWh";2050;"0.034";"Sensitivity | Current Policies | Removed CO2 price";"Electricity"
"OPEX";"Taxes";"ES";"Network Costs - MCS";"Rigid";"BAU";"EUR/kWh";2050;"0.018";"Sensitivity | Current Policies | Removed CO2 price";"Electricity"
"OPEX";"Taxes";"ES";"Network Costs - MCS";"Tractor-Trailer";"BAU";"EUR/kWh";2050;"0.018";"Sensitivity | Current Policies | Removed CO2 price";"Electricity"
"OPEX";"Taxes";"FR";"Network Costs - MCS";"Rigid";"BAU";"EUR/kWh";2050;"0.018";"Sensitivity | Current Policies | Removed CO2 price";"Electricity"
"OPEX";"Taxes";"FR";"Network Costs - MCS";"Tractor-Trailer";"BAU";"EUR/kWh";2050;"0.018";"Sensitivity | Current Policies | Removed CO2 price";"Electricity"
"OPEX";"Taxes";"IT";"Network Costs - MCS";"Rigid";"BAU";"EUR/kWh";2050;"0.015";"Sensitivity | Current Policies | Removed CO2 price";"Electricity"
"OPEX";"Taxes";"IT";"Network Costs - MCS";"Tractor-Trailer";"BAU";"EUR/kWh";2050;"0.015";"Sensitivity | Current Policies | Removed CO2 price";"Electricity"
"OPEX";"Taxes";"NL";"Network Costs - MCS";"Rigid";"BAU";"EUR/kWh";2050;"0.016";"Sensitivity | Current Policies | Removed CO2 price";"Electricity"
"OPEX";"Taxes";"NL";"Network Costs - MCS";"Tractor-Trailer";"BAU";"EUR/kWh";2050;"0.016";"Sensitivity | Current Policies | Removed CO2 price";"Electricity"
"OPEX";"Taxes";"PL";"Network Costs - MCS";"Rigid";"BAU";"EUR/kWh";2050;"0.019";"Sensitivity | Current Policies | Removed CO2 price";"Electricity"
"OPEX";"Taxes";"PL";"Network Costs - MCS";"Tractor-Trailer";"BAU";"EUR/kWh";2050;"0.019";"Sensitivity | Current Policies | Removed CO2 price";"Electricity"
"OPEX";"Taxes";"UK";"Network Costs - MCS";"Rigid";"BAU";"EUR/kWh";2050;"0.027";"Sensitivity | Current Policies | Removed CO2 price";"Electricity"
"OPEX";"Taxes";"UK";"Network Costs - MCS";"Tractor-Trailer";"BAU";"EUR/kWh";2050;"0.027";"Sensitivity | Current Policies | Removed CO2 price";"Electricity"
"OPEX";"Taxes";"DE";"Taxes, Fees, Levies and charges - MCS";"Rigid";"BAU";"EUR/kWh";2050;"0.056";"Sensitivity | Current Policies | Removed CO2 price";"Electricity"
"OPEX";"Taxes";"DE";"Taxes, Fees, Levies and charges - MCS";"Tractor-Trailer";"BAU";"EUR/kWh";2050;"0.056";"Sensitivity | Current Policies | Removed CO2 price";"Electricity"
"OPEX";"Taxes";"ES";"Taxes, Fees, Levies and charges - MCS";"Rigid";"BAU";"EUR/kWh";2050;"0.036";"Sensitivity | Current Policies | Removed CO2 price";"Electricity"
"OPEX";"Taxes";"ES";"Taxes, Fees, Levies and charges - MCS";"Tractor-Trailer";"BAU";"EUR/kWh";2050;"0.036";"Sensitivity | Current Policies | Removed CO2 price";"Electricity"
"OPEX";"Taxes";"FR";"Taxes, Fees, Levies and charges - MCS";"Rigid";"BAU";"EUR/kWh";2050;"0.03";"Sensitivity | Current Policies | Removed CO2 price";"Electricity"
"OPEX";"Taxes";"FR";"Taxes, Fees, Levies and charges - MCS";"Tractor-Trailer";"BAU";"EUR/kWh";2050;"0.03";"Sensitivity | Current Policies | Removed CO2 price";"Electricity"
"OPEX";"Taxes";"IT";"Taxes, Fees, Levies and charges - MCS";"Rigid";"BAU";"EUR/kWh";2050;"0.062";"Sensitivity | Current Policies | Removed CO2 price";"Electricity"
"OPEX";"Taxes";"IT";"Taxes, Fees, Levies and charges - MCS";"Tractor-Trailer";"BAU";"EUR/kWh";2050;"0.062";"Sensitivity | Current Policies | Removed CO2 price";"Electricity"
"OPEX";"Taxes";"NL";"Taxes, Fees, Levies and charges - MCS";"Rigid";"BAU";"EUR/kWh";2050;"0.055";"Sensitivity | Current Policies | Removed CO2 price";"Electricity"
"OPEX";"Taxes";"NL";"Taxes, Fees, Levies and charges - MCS";"Tractor-Trailer";"BAU";"EUR/kWh";2050;"0.055";"Sensitivity | Current Policies | Removed CO2 price";"Electricity"
"OPEX";"Taxes";"PL";"Taxes, Fees, Levies and charges - MCS";"Rigid";"BAU";"EUR/kWh";2050;"0.049";"Sensitivity | Current Policies | Removed CO2 price";"Electricity"
"OPEX";"Taxes";"PL";"Taxes, Fees, Levies and charges - MCS";"Tractor-Trailer";"BAU";"EUR/kWh";2050;"0.049";"Sensitivity | Current Policies | Removed CO2 price";"Electricity"
"OPEX";"Taxes";"UK";"Taxes, Fees, Levies and charges - MCS";"Rigid";"BAU";"EUR/kWh";2050;"0.077";"Sensitivity | Current Policies | Removed CO2 price";"Electricity"
"OPEX";"Taxes";"UK";"Taxes, Fees, Levies and charges - MCS";"Tractor-Trailer";"BAU";"EUR/kWh";2050;"0.077";"Sensitivity | Current Policies | Removed CO2 price";"Electricity"
"OPEX";"Taxes";"DE";"Network Costs - Depot";"Rigid";"BAU";"EUR/kWh";2050;"0.034";"Sensitivity | Current Policies | Removed CO2 price";"Electricity"
"OPEX";"Taxes";"DE";"Network Costs - Depot";"Tractor-Trailer";"BAU";"EUR/kWh";2050;"0.034";"Sensitivity | Current Policies | Removed CO2 price";"Electricity"
"OPEX";"Taxes";"ES";"Network Costs - Depot";"Rigid";"BAU";"EUR/kWh";2050;"0.018";"Sensitivity | Current Policies | Removed CO2 price";"Electricity"
"OPEX";"Taxes";"ES";"Network Costs - Depot";"Tractor-Trailer";"BAU";"EUR/kWh";2050;"0.018";"Sensitivity | Current Policies | Removed CO2 price";"Electricity"
"OPEX";"Taxes";"FR";"Network Costs - Depot";"Rigid";"BAU";"EUR/kWh";2050;"0.018";"Sensitivity | Current Policies | Removed CO2 price";"Electricity"
"OPEX";"Taxes";"FR";"Network Costs - Depot";"Tractor-Trailer";"BAU";"EUR/kWh";2050;"0.018";"Sensitivity | Current Policies | Removed CO2 price";"Electricity"
"OPEX";"Taxes";"IT";"Network Costs - Depot";"Rigid";"BAU";"EUR/kWh";2050;"0.016";"Sensitivity | Current Policies | Removed CO2 price";"Electricity"
"OPEX";"Taxes";"IT";"Network Costs - Depot";"Tractor-Trailer";"BAU";"EUR/kWh";2050;"0.016";"Sensitivity | Current Policies | Removed CO2 price";"Electricity"
"OPEX";"Taxes";"NL";"Network Costs - Depot";"Rigid";"BAU";"EUR/kWh";2050;"0.016";"Sensitivity | Current Policies | Removed CO2 price";"Electricity"
"OPEX";"Taxes";"NL";"Network Costs - Depot";"Tractor-Trailer";"BAU";"EUR/kWh";2050;"0.016";"Sensitivity | Current Policies | Removed CO2 price";"Electricity"
"OPEX";"Taxes";"PL";"Network Costs - Depot";"Rigid";"BAU";"EUR/kWh";2050;"0.019";"Sensitivity | Current Policies | Removed CO2 price";"Electricity"
"OPEX";"Taxes";"PL";"Network Costs - Depot";"Tractor-Trailer";"BAU";"EUR/kWh";2050;"0.019";"Sensitivity | Current Policies | Removed CO2 price";"Electricity"
"OPEX";"Taxes";"UK";"Network Costs - Depot";"Rigid";"BAU";"EUR/kWh";2050;"0.027";"Sensitivity | Current Policies | Removed CO2 price";"Electricity"
"OPEX";"Taxes";"UK";"Network Costs - Depot";"Tractor-Trailer";"BAU";"EUR/kWh";2050;"0.027";"Sensitivity | Current Policies | Removed CO2 price";"Electricity"
"OPEX";"Taxes";"DE";"Taxes, Fees, Levies and charges - Depot";"Rigid";"BAU";"EUR/kWh";2050;"0.056";"Sensitivity | Current Policies | Removed CO2 price";"Electricity"
"OPEX";"Taxes";"DE";"Taxes, Fees, Levies and charges - Depot";"Tractor-Trailer";"BAU";"EUR/kWh";2050;"0.056";"Sensitivity | Current Policies | Removed CO2 price";"Electricity"
"OPEX";"Taxes";"ES";"Taxes, Fees, Levies and charges - Depot";"Rigid";"BAU";"EUR/kWh";2050;"0.036";"Sensitivity | Current Policies | Removed CO2 price";"Electricity"
"OPEX";"Taxes";"ES";"Taxes, Fees, Levies and charges - Depot";"Tractor-Trailer";"BAU";"EUR/kWh";2050;"0.036";"Sensitivity | Current Policies | Removed CO2 price";"Electricity"
"OPEX";"Taxes";"FR";"Taxes, Fees, Levies and charges - Depot";"Rigid";"BAU";"EUR/kWh";2050;"0.03";"Sensitivity | Current Policies | Removed CO2 price";"Electricity"
"OPEX";"Taxes";"FR";"Taxes, Fees, Levies and charges - Depot";"Tractor-Trailer";"BAU";"EUR/kWh";2050;"0.03";"Sensitivity | Current Policies | Removed CO2 price";"Electricity"
"OPEX";"Taxes";"IT";"Taxes, Fees, Levies and charges - Depot";"Rigid";"BAU";"EUR/kWh";2050;"0.063";"Sensitivity | Current Policies | Removed CO2 price";"Electricity"
"OPEX";"Taxes";"IT";"Taxes, Fees, Levies and charges - Depot";"Tractor-Trailer";"BAU";"EUR/kWh";2050;"0.063";"Sensitivity | Current Policies | Removed CO2 price";"Electricity"
"OPEX";"Taxes";"NL";"Taxes, Fees, Levies and charges - Depot";"Rigid";"BAU";"EUR/kWh";2050;"0.055";"Sensitivity | Current Policies | Removed CO2 price";"Electricity"
"OPEX";"Taxes";"NL";"Taxes, Fees, Levies and charges - Depot";"Tractor-Trailer";"BAU";"EUR/kWh";2050;"0.055";"Sensitivity | Current Policies | Removed CO2 price";"Electricity"
"OPEX";"Taxes";"PL";"Taxes, Fees, Levies and charges - Depot";"Rigid";"BAU";"EUR/kWh";2050;"0.049";"Sensitivity | Current Policies | Removed CO2 price";"Electricity"
"OPEX";"Taxes";"PL";"Taxes, Fees, Levies and charges - Depot";"Tractor-Trailer";"BAU";"EUR/kWh";2050;"0.049";"Sensitivity | Current Policies | Removed CO2 price";"Electricity"
"OPEX";"Taxes";"UK";"Taxes, Fees, Levies and charges - Depot";"Rigid";"BAU";"EUR/kWh";2050;"0.077";"Sensitivity | Current Policies | Removed CO2 price";"Electricity"
"OPEX";"Taxes";"UK";"Taxes, Fees, Levies and charges - Depot";"Tractor-Trailer";"BAU";"EUR/kWh";2050;"0.077";"Sensitivity | Current Policies | Removed CO2 price";"Electricity"
"OPEX";"H2 Infrastructure";"DE";"HRS costs";"Rigid";"BAU";"EUR/kg H2";2050;"1";"Sensitivity | Current Policies | Removed CO2 price";"Hydrogen"
"OPEX";"H2 Infrastructure";"DE";"HRS costs";"Tractor-Trailer";"BAU";"EUR/kg H2";2050;"1";"Sensitivity | Current Policies | Removed CO2 price";"Hydrogen"
"OPEX";"H2 Infrastructure";"ES";"HRS costs";"Rigid";"BAU";"EUR/kg H2";2050;"1";"Sensitivity | Current Policies | Removed CO2 price";"Hydrogen"
"OPEX";"H2 Infrastructure";"ES";"HRS costs";"Tractor-Trailer";"BAU";"EUR/kg H2";2050;"1";"Sensitivity | Current Policies | Removed CO2 price";"Hydrogen"
"OPEX";"H2 Infrastructure";"FR";"HRS costs";"Rigid";"BAU";"EUR/kg H2";2050;"1";"Sensitivity | Current Policies | Removed CO2 price";"Hydrogen"
"OPEX";"H2 Infrastructure";"FR";"HRS costs";"Tractor-Trailer";"BAU";"EUR/kg H2";2050;"1";"Sensitivity | Current Policies | Removed CO2 price";"Hydrogen"
"OPEX";"H2 Infrastructure";"IT";"HRS costs";"Rigid";"BAU";"EUR/kg H2";2050;"1";"Sensitivity | Current Policies | Removed CO2 price";"Hydrogen"
"OPEX";"H2 Infrastructure";"IT";"HRS costs";"Tractor-Trailer";"BAU";"EUR/kg H2";2050;"1";"Sensitivity | Current Policies | Removed CO2 price";"Hydrogen"
"OPEX";"H2 Infrastructure";"NL";"HRS costs";"Rigid";"BAU";"EUR/kg H2";2050;"1";"Sensitivity | Current Policies | Removed CO2 price";"Hydrogen"
"OPEX";"H2 Infrastructure";"NL";"HRS costs";"Tractor-Trailer";"BAU";"EUR/kg H2";2050;"1";"Sensitivity | Current Policies | Removed CO2 price";"Hydrogen"
"OPEX";"H2 Infrastructure";"PL";"HRS costs";"Rigid";"BAU";"EUR/kg H2";2050;"1";"Sensitivity | Current Policies | Removed CO2 price";"Hydrogen"
"OPEX";"H2 Infrastructure";"PL";"HRS costs";"Tractor-Trailer";"BAU";"EUR/kg H2";2050;"1";"Sensitivity | Current Policies | Removed CO2 price";"Hydrogen"
"OPEX";"H2 Infrastructure";"UK";"HRS costs";"Rigid";"BAU";"EUR/kg H2";2050;"1";"Sensitivity | Current Policies | Removed CO2 price";"Hydrogen"
"OPEX";"H2 Infrastructure";"UK";"HRS costs";"Tractor-Trailer";"BAU";"EUR/kg H2";2050;"1";"Sensitivity | Current Policies | Removed CO2 price";"Hydrogen"
"OPEX";"H2 Infrastructure";"DE";"H2 transport and distribution";"Rigid";"BAU";"EUR/kg H2";2050;"1";"Sensitivity | Current Policies | Removed CO2 price";"Hydrogen"
"OPEX";"H2 Infrastructure";"DE";"H2 transport and distribution";"Tractor-Trailer";"BAU";"EUR/kg H2";2050;"1";"Sensitivity | Current Policies | Removed CO2 price";"Hydrogen"
"OPEX";"H2 Infrastructure";"ES";"H2 transport and distribution";"Rigid";"BAU";"EUR/kg H2";2050;"1";"Sensitivity | Current Policies | Removed CO2 price";"Hydrogen"
"OPEX";"H2 Infrastructure";"ES";"H2 transport and distribution";"Tractor-Trailer";"BAU";"EUR/kg H2";2050;"1";"Sensitivity | Current Policies | Removed CO2 price";"Hydrogen"
"OPEX";"H2 Infrastructure";"FR";"H2 transport and distribution";"Rigid";"BAU";"EUR/kg H2";2050;"1";"Sensitivity | Current Policies | Removed CO2 price";"Hydrogen"
"OPEX";"H2 Infrastructure";"FR";"H2 transport and distribution";"Tractor-Trailer";"BAU";"EUR/kg H2";2050;"1";"Sensitivity | Current Policies | Removed CO2 price";"Hydrogen"
"OPEX";"H2 Infrastructure";"IT";"H2 transport and distribution";"Rigid";"BAU";"EUR/kg H2";2050;"1";"Sensitivity | Current Policies | Removed CO2 price";"Hydrogen"
"OPEX";"H2 Infrastructure";"IT";"H2 transport and distribution";"Tractor-Trailer";"BAU";"EUR/kg H2";2050;"1";"Sensitivity | Current Policies | Removed CO2 price";"Hydrogen"
"OPEX";"H2 Infrastructure";"NL";"H2 transport and distribution";"Rigid";"BAU";"EUR/kg H2";2050;"1";"Sensitivity | Current Policies | Removed CO2 price";"Hydrogen"
"OPEX";"H2 Infrastructure";"NL";"H2 transport and distribution";"Tractor-Trailer";"BAU";"EUR/kg H2";2050;"1";"Sensitivity | Current Policies | Removed CO2 price";"Hydrogen"
"OPEX";"H2 Infrastructure";"PL";"H2 transport and distribution";"Rigid";"BAU";"EUR/kg H2";2050;"1";"Sensitivity | Current Policies | Removed CO2 price";"Hydrogen"
"OPEX";"H2 Infrastructure";"PL";"H2 transport and distribution";"Tractor-Trailer";"BAU";"EUR/kg H2";2050;"1";"Sensitivity | Current Policies | Removed CO2 price";"Hydrogen"
"OPEX";"H2 Infrastructure";"UK";"H2 transport and distribution";"Rigid";"BAU";"EUR/kg H2";2050;"1";"Sensitivity | Current Policies | Removed CO2 price";"Hydrogen"
"OPEX";"H2 Infrastructure";"UK";"H2 transport and distribution";"Tractor-Trailer";"BAU";"EUR/kg H2";2050;"1";"Sensitivity | Current Policies | Removed CO2 price";"Hydrogen"
"OPEX";"H2 Infrastructure";"DE";"HRS Overhead, Profit and Mark-Up";"Rigid";"BAU";"EUR/kg H2";2050;"0.25";"Sensitivity | Current Policies | Removed CO2 price";"Hydrogen"
"OPEX";"H2 Infrastructure";"DE";"HRS Overhead, Profit and Mark-Up";"Tractor-Trailer";"BAU";"EUR/kg H2";2050;"0.25";"Sensitivity | Current Policies | Removed CO2 price";"Hydrogen"
"OPEX";"H2 Infrastructure";"ES";"HRS Overhead, Profit and Mark-Up";"Rigid";"BAU";"EUR/kg H2";2050;"0.25";"Sensitivity | Current Policies | Removed CO2 price";"Hydrogen"
"OPEX";"H2 Infrastructure";"ES";"HRS Overhead, Profit and Mark-Up";"Tractor-Trailer";"BAU";"EUR/kg H2";2050;"0.25";"Sensitivity | Current Policies | Removed CO2 price";"Hydrogen"
"OPEX";"H2 Infrastructure";"FR";"HRS Overhead, Profit and Mark-Up";"Rigid";"BAU";"EUR/kg H2";2050;"0.25";"Sensitivity | Current Policies | Removed CO2 price";"Hydrogen"
"OPEX";"H2 Infrastructure";"FR";"HRS Overhead, Profit and Mark-Up";"Tractor-Trailer";"BAU";"EUR/kg H2";2050;"0.25";"Sensitivity | Current Policies | Removed CO2 price";"Hydrogen"
"OPEX";"H2 Infrastructure";"IT";"HRS Overhead, Profit and Mark-Up";"Rigid";"BAU";"EUR/kg H2";2050;"0.25";"Sensitivity | Current Policies | Removed CO2 price";"Hydrogen"
"OPEX";"H2 Infrastructure";"IT";"HRS Overhead, Profit and Mark-Up";"Tractor-Trailer";"BAU";"EUR/kg H2";2050;"0.25";"Sensitivity | Current Policies | Removed CO2 price";"Hydrogen"
"OPEX";"H2 Infrastructure";"NL";"HRS Overhead, Profit and Mark-Up";"Rigid";"BAU";"EUR/kg H2";2050;"0.25";"Sensitivity | Current Policies | Removed CO2 price";"Hydrogen"
"OPEX";"H2 Infrastructure";"NL";"HRS Overhead, Profit and Mark-Up";"Tractor-Trailer";"BAU";"EUR/kg H2";2050;"0.25";"Sensitivity | Current Policies | Removed CO2 price";"Hydrogen"
"OPEX";"H2 Infrastructure";"PL";"HRS Overhead, Profit and Mark-Up";"Rigid";"BAU";"EUR/kg H2";2050;"0.25";"Sensitivity | Current Policies | Removed CO2 price";"Hydrogen"
"OPEX";"H2 Infrastructure";"PL";"HRS Overhead, Profit and Mark-Up";"Tractor-Trailer";"BAU";"EUR/kg H2";2050;"0.25";"Sensitivity | Current Policies | Removed CO2 price";"Hydrogen"
"OPEX";"H2 Infrastructure";"UK";"HRS Overhead, Profit and Mark-Up";"Rigid";"BAU";"EUR/kg H2";2050;"0.25";"Sensitivity | Current Policies | Removed CO2 price";"Hydrogen"
"OPEX";"H2 Infrastructure";"UK";"HRS Overhead, Profit and Mark-Up";"Tractor-Trailer";"BAU";"EUR/kg H2";2050;"0.25";"Sensitivity | Current Policies | Removed CO2 price";"Hydrogen"
"OPEX";"Charging Infrastructure";"DE";"MCS Station (Public Charging) - Incl. Overhead";"Rigid";"BAU";"EUR/kWh";2050;"0.028";"Sensitivity | Current Policies | Removed CO2 price";"Electricity"
"OPEX";"Charging Infrastructure";"DE";"MCS Station (Public Charging) - Incl. Overhead";"Tractor-Trailer";"BAU";"EUR/kWh";2050;"0.028";"Sensitivity | Current Policies | Removed CO2 price";"Electricity"
"OPEX";"Charging Infrastructure";"ES";"MCS Station (Public Charging) - Incl. Overhead";"Rigid";"BAU";"EUR/kWh";2050;"0.028";"Sensitivity | Current Policies | Removed CO2 price";"Electricity"
"OPEX";"Charging Infrastructure";"ES";"MCS Station (Public Charging) - Incl. Overhead";"Tractor-Trailer";"BAU";"EUR/kWh";2050;"0.028";"Sensitivity | Current Policies | Removed CO2 price";"Electricity"
"OPEX";"Charging Infrastructure";"FR";"MCS Station (Public Charging) - Incl. Overhead";"Rigid";"BAU";"EUR/kWh";2050;"0.028";"Sensitivity | Current Policies | Removed CO2 price";"Electricity"
"OPEX";"Charging Infrastructure";"FR";"MCS Station (Public Charging) - Incl. Overhead";"Tractor-Trailer";"BAU";"EUR/kWh";2050;"0.028";"Sensitivity | Current Policies | Removed CO2 price";"Electricity"
"OPEX";"Charging Infrastructure";"IT";"MCS Station (Public Charging) - Incl. Overhead";"Rigid";"BAU";"EUR/kWh";2050;"0.028";"Sensitivity | Current Policies | Removed CO2 price";"Electricity"
"OPEX";"Charging Infrastructure";"IT";"MCS Station (Public Charging) - Incl. Overhead";"Tractor-Trailer";"BAU";"EUR/kWh";2050;"0.028";"Sensitivity | Current Policies | Removed CO2 price";"Electricity"
"OPEX";"Charging Infrastructure";"NL";"MCS Station (Public Charging) - Incl. Overhead";"Rigid";"BAU";"EUR/kWh";2050;"0.028";"Sensitivity | Current Policies | Removed CO2 price";"Electricity"
"OPEX";"Charging Infrastructure";"NL";"MCS Station (Public Charging) - Incl. Overhead";"Tractor-Trailer";"BAU";"EUR/kWh";2050;"0.028";"Sensitivity | Current Policies | Removed CO2 price";"Electricity"
"OPEX";"Charging Infrastructure";"PL";"MCS Station (Public Charging) - Incl. Overhead";"Rigid";"BAU";"EUR/kWh";2050;"0.028";"Sensitivity | Current Policies | Removed CO2 price";"Electricity"
"OPEX";"Charging Infrastructure";"PL";"MCS Station (Public Charging) - Incl. Overhead";"Tractor-Trailer";"BAU";"EUR/kWh";2050;"0.028";"Sensitivity | Current Policies | Removed CO2 price";"Electricity"
"OPEX";"Charging Infrastructure";"UK";"MCS Station (Public Charging) - Incl. Overhead";"Rigid";"BAU";"EUR/kWh";2050;"0.028";"Sensitivity | Current Policies | Removed CO2 price";"Electricity"
"OPEX";"Charging Infrastructure";"UK";"MCS Station (Public Charging) - Incl. Overhead";"Tractor-Trailer";"BAU";"EUR/kWh";2050;"0.028";"Sensitivity | Current Policies | Removed CO2 price";"Electricity"
"OPEX";"Charging Infrastructure";"DE";"Share MCS-Charging";"Rigid";"BAU";"%";2050;"0.2";"Sensitivity | Current Policies | Removed CO2 price";"Electricity"
"OPEX";"Charging Infrastructure";"DE";"Share MCS-Charging";"Tractor-Trailer";"BAU";"%";2050;"0.2";"Sensitivity | Current Policies | Removed CO2 price";"Electricity"
"OPEX";"Charging Infrastructure";"ES";"Share MCS-Charging";"Rigid";"BAU";"%";2050;"0.2";"Sensitivity | Current Policies | Removed CO2 price";"Electricity"
"OPEX";"Charging Infrastructure";"ES";"Share MCS-Charging";"Tractor-Trailer";"BAU";"%";2050;"0.2";"Sensitivity | Current Policies | Removed CO2 price";"Electricity"
"OPEX";"Charging Infrastructure";"FR";"Share MCS-Charging";"Rigid";"BAU";"%";2050;"0.2";"Sensitivity | Current Policies | Removed CO2 price";"Electricity"
"OPEX";"Charging Infrastructure";"FR";"Share MCS-Charging";"Tractor-Trailer";"BAU";"%";2050;"0.2";"Sensitivity | Current Policies | Removed CO2 price";"Electricity"
"OPEX";"Charging Infrastructure";"IT";"Share MCS-Charging";"Rigid";"BAU";"%";2050;"0.2";"Sensitivity | Current Policies | Removed CO2 price";"Electricity"
"OPEX";"Charging Infrastructure";"IT";"Share MCS-Charging";"Tractor-Trailer";"BAU";"%";2050;"0.2";"Sensitivity | Current Policies | Removed CO2 price";"Electricity"
"OPEX";"Charging Infrastructure";"NL";"Share MCS-Charging";"Rigid";"BAU";"%";2050;"0.2";"Sensitivity | Current Policies | Removed CO2 price";"Electricity"
"OPEX";"Charging Infrastructure";"NL";"Share MCS-Charging";"Tractor-Trailer";"BAU";"%";2050;"0.2";"Sensitivity | Current Policies | Removed CO2 price";"Electricity"
"OPEX";"Charging Infrastructure";"PL";"Share MCS-Charging";"Rigid";"BAU";"%";2050;"0.2";"Sensitivity | Current Policies | Removed CO2 price";"Electricity"
"OPEX";"Charging Infrastructure";"PL";"Share MCS-Charging";"Tractor-Trailer";"BAU";"%";2050;"0.2";"Sensitivity | Current Policies | Removed CO2 price";"Electricity"
"OPEX";"Charging Infrastructure";"UK";"Share MCS-Charging";"Rigid";"BAU";"%";2050;"0.2";"Sensitivity | Current Policies | Removed CO2 price";"Electricity"
"OPEX";"Charging Infrastructure";"UK";"Share MCS-Charging";"Tractor-Trailer";"BAU";"%";2050;"0.2";"Sensitivity | Current Policies | Removed CO2 price";"Electricity"
"OPEX";"Charging Infrastructure";"DE";"Depot - Network fees savings potential";"Rigid";"BAU";"EUR/kWh";2050;"0";"Sensitivity | Current Policies | Removed CO2 price";"Electricity"
"OPEX";"Charging Infrastructure";"DE";"Depot - Network fees savings potential";"Tractor-Trailer";"BAU";"EUR/kWh";2050;"0";"Sensitivity | Current Policies | Removed CO2 price";"Electricity"
"OPEX";"Charging Infrastructure";"ES";"Depot - Network fees savings potential";"Rigid";"BAU";"EUR/kWh";2050;"0";"Sensitivity | Current Policies | Removed CO2 price";"Electricity"
"OPEX";"Charging Infrastructure";"ES";"Depot - Network fees savings potential";"Tractor-Trailer";"BAU";"EUR/kWh";2050;"0";"Sensitivity | Current Policies | Removed CO2 price";"Electricity"
"OPEX";"Charging Infrastructure";"FR";"Depot - Network fees savings potential";"Rigid";"BAU";"EUR/kWh";2050;"0";"Sensitivity | Current Policies | Removed CO2 price";"Electricity"
"OPEX";"Charging Infrastructure";"FR";"Depot - Network fees savings potential";"Tractor-Trailer";"BAU";"EUR/kWh";2050;"0";"Sensitivity | Current Policies | Removed CO2 price";"Electricity"
"OPEX";"Charging Infrastructure";"IT";"Depot - Network fees savings potential";"Rigid";"BAU";"EUR/kWh";2050;"0";"Sensitivity | Current Policies | Removed CO2 price";"Electricity"
"OPEX";"Charging Infrastructure";"IT";"Depot - Network fees savings potential";"Tractor-Trailer";"BAU";"EUR/kWh";2050;"0";"Sensitivity | Current Policies | Removed CO2 price";"Electricity"
"OPEX";"Charging Infrastructure";"NL";"Depot - Network fees savings potential";"Rigid";"BAU";"EUR/kWh";2050;"0";"Sensitivity | Current Policies | Removed CO2 price";"Electricity"
"OPEX";"Charging Infrastructure";"NL";"Depot - Network fees savings potential";"Tractor-Trailer";"BAU";"EUR/kWh";2050;"0";"Sensitivity | Current Policies | Removed CO2 price";"Electricity"
"OPEX";"Charging Infrastructure";"PL";"Depot - Network fees savings potential";"Rigid";"BAU";"EUR/kWh";2050;"0";"Sensitivity | Current Policies | Removed CO2 price";"Electricity"
"OPEX";"Charging Infrastructure";"PL";"Depot - Network fees savings potential";"Tractor-Trailer";"BAU";"EUR/kWh";2050;"0";"Sensitivity | Current Policies | Removed CO2 price";"Electricity"
"OPEX";"Charging Infrastructure";"UK";"Depot - Network fees savings potential";"Rigid";"BAU";"EUR/kWh";2050;"0";"Sensitivity | Current Policies | Removed CO2 price";"Electricity"
"OPEX";"Charging Infrastructure";"UK";"Depot - Network fees savings potential";"Tractor-Trailer";"BAU";"EUR/kWh";2050;"0";"Sensitivity | Current Policies | Removed CO2 price";"Electricity"
"OPEX";"Taxes";"DE";"Tax reduction";"Rigid";"BAU";"%";2050;"0";"Sensitivity | Current Policies | Removed CO2 price";"Hydrogen"
"OPEX";"Taxes";"DE";"Tax reduction";"Tractor-Trailer";"BAU";"%";2050;"0";"Sensitivity | Current Policies | Removed CO2 price";"Hydrogen"
"OPEX";"Taxes";"ES";"Tax reduction";"Rigid";"BAU";"%";2050;"0";"Sensitivity | Current Policies | Removed CO2 price";"Hydrogen"
"OPEX";"Taxes";"ES";"Tax reduction";"Tractor-Trailer";"BAU";"%";2050;"0";"Sensitivity | Current Policies | Removed CO2 price";"Hydrogen"
"OPEX";"Taxes";"FR";"Tax reduction";"Rigid";"BAU";"%";2050;"0";"Sensitivity | Current Policies | Removed CO2 price";"Hydrogen"
"OPEX";"Taxes";"FR";"Tax reduction";"Tractor-Trailer";"BAU";"%";2050;"0";"Sensitivity | Current Policies | Removed CO2 price";"Hydrogen"
"OPEX";"Taxes";"IT";"Tax reduction";"Rigid";"BAU";"%";2050;"0";"Sensitivity | Current Policies | Removed CO2 price";"Hydrogen"
"OPEX";"Taxes";"IT";"Tax reduction";"Tractor-Trailer";"BAU";"%";2050;"0";"Sensitivity | Current Policies | Removed CO2 price";"Hydrogen"
"OPEX";"Taxes";"NL";"Tax reduction";"Rigid";"BAU";"%";2050;"0";"Sensitivity | Current Policies | Removed CO2 price";"Hydrogen"
"OPEX";"Taxes";"NL";"Tax reduction";"Tractor-Trailer";"BAU";"%";2050;"0";"Sensitivity | Current Policies | Removed CO2 price";"Hydrogen"
"OPEX";"Taxes";"PL";"Tax reduction";"Rigid";"BAU";"%";2050;"0";"Sensitivity | Current Policies | Removed CO2 price";"Hydrogen"
"OPEX";"Taxes";"PL";"Tax reduction";"Tractor-Trailer";"BAU";"%";2050;"0";"Sensitivity | Current Policies | Removed CO2 price";"Hydrogen"
"OPEX";"Taxes";"UK";"Tax reduction";"Rigid";"BAU";"%";2050;"0";"Sensitivity | Current Policies | Removed CO2 price";"Hydrogen"
"OPEX";"Taxes";"UK";"Tax reduction";"Tractor-Trailer";"BAU";"%";2050;"0";"Sensitivity | Current Policies | Removed CO2 price";"Hydrogen"
"OPEX";"Taxes";"DE";"Increasing grid fees";"Rigid";"PROG";"%";2050;"0.3";"Sensitivity | Current Policies | Removed CO2 price";"Electricity"
"OPEX";"Taxes";"DE";"Increasing grid fees";"Tractor-Trailer";"PROG";"%";2050;"0.3";"Sensitivity | Current Policies | Removed CO2 price";"Electricity"
"OPEX";"Taxes";"ES";"Increasing grid fees";"Rigid";"PROG";"%";2050;"0.3";"Sensitivity | Current Policies | Removed CO2 price";"Electricity"
"OPEX";"Taxes";"ES";"Increasing grid fees";"Tractor-Trailer";"PROG";"%";2050;"0.3";"Sensitivity | Current Policies | Removed CO2 price";"Electricity"
"OPEX";"Taxes";"FR";"Increasing grid fees";"Rigid";"PROG";"%";2050;"0.3";"Sensitivity | Current Policies | Removed CO2 price";"Electricity"
"OPEX";"Taxes";"FR";"Increasing grid fees";"Tractor-Trailer";"PROG";"%";2050;"0.3";"Sensitivity | Current Policies | Removed CO2 price";"Electricity"
"OPEX";"Taxes";"IT";"Increasing grid fees";"Rigid";"PROG";"%";2050;"0.3";"Sensitivity | Current Policies | Removed CO2 price";"Electricity"
"OPEX";"Taxes";"IT";"Increasing grid fees";"Tractor-Trailer";"PROG";"%";2050;"0.3";"Sensitivity | Current Policies | Removed CO2 price";"Electricity"
"OPEX";"Taxes";"NL";"Increasing grid fees";"Rigid";"PROG";"%";2050;"0.3";"Sensitivity | Current Policies | Removed CO2 price";"Electricity"
"OPEX";"Taxes";"NL";"Increasing grid fees";"Tractor-Trailer";"PROG";"%";2050;"0.3";"Sensitivity | Current Policies | Removed CO2 price";"Electricity"
"OPEX";"Taxes";"PL";"Increasing grid fees";"Rigid";"PROG";"%";2050;"0.3";"Sensitivity | Current Policies | Removed CO2 price";"Electricity"
"OPEX";"Taxes";"PL";"Increasing grid fees";"Tractor-Trailer";"PROG";"%";2050;"0.3";"Sensitivity | Current Policies | Removed CO2 price";"Electricity"
"OPEX";"Taxes";"UK";"Increasing grid fees";"Rigid";"PROG";"%";2050;"0.3";"Sensitivity | Current Policies | Removed CO2 price";"Electricity"
"OPEX";"Taxes";"UK";"Increasing grid fees";"Tractor-Trailer";"PROG";"%";2050;"0.3";"Sensitivity | Current Policies | Removed CO2 price";"Electricity"
"OPEX";"Taxes";"DE";"Increasing grid fees";"Rigid";"BAU";"%";2050;"0.5";"Sensitivity | Current Policies | Removed CO2 price";"Electricity"
"OPEX";"Taxes";"DE";"Increasing grid fees";"Tractor-Trailer";"BAU";"%";2050;"0.5";"Sensitivity | Current Policies | Removed CO2 price";"Electricity"
"OPEX";"Taxes";"ES";"Increasing grid fees";"Rigid";"BAU";"%";2050;"0.5";"Sensitivity | Current Policies | Removed CO2 price";"Electricity"
"OPEX";"Taxes";"ES";"Increasing grid fees";"Tractor-Trailer";"BAU";"%";2050;"0.5";"Sensitivity | Current Policies | Removed CO2 price";"Electricity"
"OPEX";"Taxes";"FR";"Increasing grid fees";"Rigid";"BAU";"%";2050;"0.5";"Sensitivity | Current Policies | Removed CO2 price";"Electricity"
"OPEX";"Taxes";"FR";"Increasing grid fees";"Tractor-Trailer";"BAU";"%";2050;"0.5";"Sensitivity | Current Policies | Removed CO2 price";"Electricity"
"OPEX";"Taxes";"IT";"Increasing grid fees";"Rigid";"BAU";"%";2050;"0.5";"Sensitivity | Current Policies | Removed CO2 price";"Electricity"
"OPEX";"Taxes";"IT";"Increasing grid fees";"Tractor-Trailer";"BAU";"%";2050;"0.5";"Sensitivity | Current Policies | Removed CO2 price";"Electricity"
"OPEX";"Taxes";"NL";"Increasing grid fees";"Rigid";"BAU";"%";2050;"0.5";"Sensitivity | Current Policies | Removed CO2 price";"Electricity"
"OPEX";"Taxes";"NL";"Increasing grid fees";"Tractor-Trailer";"BAU";"%";2050;"0.5";"Sensitivity | Current Policies | Removed CO2 price";"Electricity"
"OPEX";"Taxes";"PL";"Increasing grid fees";"Rigid";"BAU";"%";2050;"0.5";"Sensitivity | Current Policies | Removed CO2 price";"Electricity"
"OPEX";"Taxes";"PL";"Increasing grid fees";"Tractor-Trailer";"BAU";"%";2050;"0.5";"Sensitivity | Current Policies | Removed CO2 price";"Electricity"
"OPEX";"Taxes";"UK";"Increasing grid fees";"Rigid";"BAU";"%";2050;"0.5";"Sensitivity | Current Policies | Removed CO2 price";"Electricity"
"OPEX";"Taxes";"UK";"Increasing grid fees";"Tractor-Trailer";"BAU";"%";2050;"0.5";"Sensitivity | Current Policies | Removed CO2 price";"Electricity"
"OPEX";"Diesel";"FR";"Biodiesel Price";"Rigid";"PROG";"EUR/kWh";2030;"0.106";"Sensitivity | Current Policies | Removed CO2 price";"Diesel"
"OPEX";"Diesel";"FR";"Biodiesel Price";"Tractor-Trailer";"PROG";"EUR/kWh";2030;"0.106";"Sensitivity | Current Policies | Removed CO2 price";"Diesel"
"OPEX";"Diesel";"DE";"Biodiesel Price";"Rigid";"PROG";"EUR/kWh";2030;"0.106";"Sensitivity | Current Policies | Removed CO2 price";"Diesel"
"OPEX";"Diesel";"DE";"Biodiesel Price";"Tractor-Trailer";"PROG";"EUR/kWh";2030;"0.106";"Sensitivity | Current Policies | Removed CO2 price";"Diesel"
"OPEX";"Diesel";"ES";"Biodiesel Price";"Rigid";"PROG";"EUR/kWh";2030;"0.106";"Sensitivity | Current Policies | Removed CO2 price";"Diesel"
"OPEX";"Diesel";"ES";"Biodiesel Price";"Tractor-Trailer";"PROG";"EUR/kWh";2030;"0.106";"Sensitivity | Current Policies | Removed CO2 price";"Diesel"
"OPEX";"Diesel";"IT";"Biodiesel Price";"Rigid";"PROG";"EUR/kWh";2030;"0.106";"Sensitivity | Current Policies | Removed CO2 price";"Diesel"
"OPEX";"Diesel";"IT";"Biodiesel Price";"Tractor-Trailer";"PROG";"EUR/kWh";2030;"0.106";"Sensitivity | Current Policies | Removed CO2 price";"Diesel"
"OPEX";"Diesel";"NL";"Biodiesel Price";"Rigid";"PROG";"EUR/kWh";2030;"0.106";"Sensitivity | Current Policies | Removed CO2 price";"Diesel"
"OPEX";"Diesel";"NL";"Biodiesel Price";"Tractor-Trailer";"PROG";"EUR/kWh";2030;"0.106";"Sensitivity | Current Policies | Removed CO2 price";"Diesel"
"OPEX";"Diesel";"PL";"Biodiesel Price";"Rigid";"PROG";"EUR/kWh";2030;"0.106";"Sensitivity | Current Policies | Removed CO2 price";"Diesel"
"OPEX";"Diesel";"PL";"Biodiesel Price";"Tractor-Trailer";"PROG";"EUR/kWh";2030;"0.106";"Sensitivity | Current Policies | Removed CO2 price";"Diesel"
"OPEX";"Diesel";"UK";"Biodiesel Price";"Rigid";"PROG";"EUR/kWh";2030;"0.106";"Sensitivity | Current Policies | Removed CO2 price";"Diesel"
"OPEX";"Diesel";"UK";"Biodiesel Price";"Tractor-Trailer";"PROG";"EUR/kWh";2030;"0.106";"Sensitivity | Current Policies | Removed CO2 price";"Diesel"
"OPEX";"Diesel";"DE";"Pt-Diesel Price";"Rigid";"PROG";"EUR/kWh";2030;"0.244";"Sensitivity | Current Policies | Removed CO2 price";"Diesel"
"OPEX";"Diesel";"DE";"Pt-Diesel Price";"Tractor-Trailer";"PROG";"EUR/kWh";2030;"0.244";"Sensitivity | Current Policies | Removed CO2 price";"Diesel"
"OPEX";"Diesel";"ES";"Pt-Diesel Price";"Rigid";"PROG";"EUR/kWh";2030;"0.244";"Sensitivity | Current Policies | Removed CO2 price";"Diesel"
"OPEX";"Diesel";"ES";"Pt-Diesel Price";"Tractor-Trailer";"PROG";"EUR/kWh";2030;"0.244";"Sensitivity | Current Policies | Removed CO2 price";"Diesel"
"OPEX";"Diesel";"FR";"Pt-Diesel Price";"Rigid";"PROG";"EUR/kWh";2030;"0.244";"Sensitivity | Current Policies | Removed CO2 price";"Diesel"
"OPEX";"Diesel";"FR";"Pt-Diesel Price";"Tractor-Trailer";"PROG";"EUR/kWh";2030;"0.244";"Sensitivity | Current Policies | Removed CO2 price";"Diesel"
"OPEX";"Diesel";"IT";"Pt-Diesel Price";"Rigid";"PROG";"EUR/kWh";2030;"0.244";"Sensitivity | Current Policies | Removed CO2 price";"Diesel"
"OPEX";"Diesel";"IT";"Pt-Diesel Price";"Tractor-Trailer";"PROG";"EUR/kWh";2030;"0.244";"Sensitivity | Current Policies | Removed CO2 price";"Diesel"
"OPEX";"Diesel";"NL";"Pt-Diesel Price";"Rigid";"PROG";"EUR/kWh";2030;"0.244";"Sensitivity | Current Policies | Removed CO2 price";"Diesel"
"OPEX";"Diesel";"NL";"Pt-Diesel Price";"Tractor-Trailer";"PROG";"EUR/kWh";2030;"0.244";"Sensitivity | Current Policies | Removed CO2 price";"Diesel"
"OPEX";"Diesel";"PL";"Pt-Diesel Price";"Rigid";"PROG";"EUR/kWh";2030;"0.244";"Sensitivity | Current Policies | Removed CO2 price";"Diesel"
"OPEX";"Diesel";"PL";"Pt-Diesel Price";"Tractor-Trailer";"PROG";"EUR/kWh";2030;"0.244";"Sensitivity | Current Policies | Removed CO2 price";"Diesel"
"OPEX";"Diesel";"UK";"Pt-Diesel Price";"Rigid";"PROG";"EUR/kWh";2030;"0.244";"Sensitivity | Current Policies | Removed CO2 price";"Diesel"
"OPEX";"Diesel";"UK";"Pt-Diesel Price";"Tractor-Trailer";"PROG";"EUR/kWh";2030;"0.244";"Sensitivity | Current Policies | Removed CO2 price";"Diesel"
"OPEX";"Electricity";"DE";"Electricity Price";"Rigid";"PROG";"EUR/kWh";2030;"0.064";"Sensitivity | Current Policies | Removed CO2 price";"Electricity"
"OPEX";"Electricity";"DE";"Electricity Price";"Tractor-Trailer";"PROG";"EUR/kWh";2030;"0.064";"Sensitivity | Current Policies | Removed CO2 price";"Electricity"
"OPEX";"Electricity";"ES";"Electricity Price";"Rigid";"PROG";"EUR/kWh";2030;"0.064";"Sensitivity | Current Policies | Removed CO2 price";"Electricity"
"OPEX";"Electricity";"ES";"Electricity Price";"Tractor-Trailer";"PROG";"EUR/kWh";2030;"0.064";"Sensitivity | Current Policies | Removed CO2 price";"Electricity"
"OPEX";"Electricity";"FR";"Electricity Price";"Rigid";"PROG";"EUR/kWh";2030;"0.064";"Sensitivity | Current Policies | Removed CO2 price";"Electricity"
"OPEX";"Electricity";"FR";"Electricity Price";"Tractor-Trailer";"PROG";"EUR/kWh";2030;"0.064";"Sensitivity | Current Policies | Removed CO2 price";"Electricity"
"OPEX";"Electricity";"IT";"Electricity Price";"Rigid";"PROG";"EUR/kWh";2030;"0.064";"Sensitivity | Current Policies | Removed CO2 price";"Electricity"
"OPEX";"Electricity";"IT";"Electricity Price";"Tractor-Trailer";"PROG";"EUR/kWh";2030;"0.064";"Sensitivity | Current Policies | Removed CO2 price";"Electricity"
"OPEX";"Electricity";"NL";"Electricity Price";"Rigid";"PROG";"EUR/kWh";2030;"0.064";"Sensitivity | Current Policies | Removed CO2 price";"Electricity"
"OPEX";"Electricity";"NL";"Electricity Price";"Tractor-Trailer";"PROG";"EUR/kWh";2030;"0.064";"Sensitivity | Current Policies | Removed CO2 price";"Electricity"
"OPEX";"Electricity";"PL";"Electricity Price";"Rigid";"PROG";"EUR/kWh";2030;"0.064";"Sensitivity | Current Policies | Removed CO2 price";"Electricity"
"OPEX";"Electricity";"PL";"Electricity Price";"Tractor-Trailer";"PROG";"EUR/kWh";2030;"0.064";"Sensitivity | Current Policies | Removed CO2 price";"Electricity"
"OPEX";"Electricity";"UK";"Electricity Price";"Rigid";"PROG";"EUR/kWh";2030;"0.064";"Sensitivity | Current Policies | Removed CO2 price";"Electricity"
"OPEX";"Electricity";"UK";"Electricity Price";"Tractor-Trailer";"PROG";"EUR/kWh";2030;"0.064";"Sensitivity | Current Policies | Removed CO2 price";"Electricity"
"OPEX";"Hydrogen";"DE";"Hydrogen Price";"Rigid";"PROG";"EUR/kWh";2030;"0.129";"Sensitivity | Current Policies | Removed CO2 price";"Hydrogen"
"OPEX";"Hydrogen";"DE";"Hydrogen Price";"Tractor-Trailer";"PROG";"EUR/kWh";2030;"0.129";"Sensitivity | Current Policies | Removed CO2 price";"Hydrogen"
"OPEX";"Hydrogen";"ES";"Hydrogen Price";"Rigid";"PROG";"EUR/kWh";2030;"0.129";"Sensitivity | Current Policies | Removed CO2 price";"Hydrogen"
"OPEX";"Hydrogen";"ES";"Hydrogen Price";"Tractor-Trailer";"PROG";"EUR/kWh";2030;"0.129";"Sensitivity | Current Policies | Removed CO2 price";"Hydrogen"
"OPEX";"Hydrogen";"FR";"Hydrogen Price";"Rigid";"PROG";"EUR/kWh";2030;"0.129";"Sensitivity | Current Policies | Removed CO2 price";"Hydrogen"
"OPEX";"Hydrogen";"FR";"Hydrogen Price";"Tractor-Trailer";"PROG";"EUR/kWh";2030;"0.129";"Sensitivity | Current Policies | Removed CO2 price";"Hydrogen"
"OPEX";"Hydrogen";"IT";"Hydrogen Price";"Rigid";"PROG";"EUR/kWh";2030;"0.129";"Sensitivity | Current Policies | Removed CO2 price";"Hydrogen"
"OPEX";"Hydrogen";"IT";"Hydrogen Price";"Tractor-Trailer";"PROG";"EUR/kWh";2030;"0.129";"Sensitivity | Current Policies | Removed CO2 price";"Hydrogen"
"OPEX";"Hydrogen";"NL";"Hydrogen Price";"Rigid";"PROG";"EUR/kWh";2030;"0.129";"Sensitivity | Current Policies | Removed CO2 price";"Hydrogen"
"OPEX";"Hydrogen";"NL";"Hydrogen Price";"Tractor-Trailer";"PROG";"EUR/kWh";2030;"0.129";"Sensitivity | Current Policies | Removed CO2 price";"Hydrogen"
"OPEX";"Hydrogen";"PL";"Hydrogen Price";"Rigid";"PROG";"EUR/kWh";2030;"0.129";"Sensitivity | Current Policies | Removed CO2 price";"Hydrogen"
"OPEX";"Hydrogen";"PL";"Hydrogen Price";"Tractor-Trailer";"PROG";"EUR/kWh";2030;"0.129";"Sensitivity | Current Policies | Removed CO2 price";"Hydrogen"
"OPEX";"Hydrogen";"UK";"Hydrogen Price";"Rigid";"PROG";"EUR/kWh";2030;"0.129";"Sensitivity | Current Policies | Removed CO2 price";"Hydrogen"
"OPEX";"Hydrogen";"UK";"Hydrogen Price";"Tractor-Trailer";"PROG";"EUR/kWh";2030;"0.129";"Sensitivity | Current Policies | Removed CO2 price";"Hydrogen"
"OPEX";"Diesel";"FR";"Biodiesel Price";"Rigid";"PROG";"EUR/kWh";2035;"0.119";"Sensitivity | Current Policies | Removed CO2 price";"Diesel"
"OPEX";"Diesel";"FR";"Biodiesel Price";"Tractor-Trailer";"PROG";"EUR/kWh";2035;"0.119";"Sensitivity | Current Policies | Removed CO2 price";"Diesel"
"OPEX";"Diesel";"DE";"Biodiesel Price";"Rigid";"PROG";"EUR/kWh";2035;"0.119";"Sensitivity | Current Policies | Removed CO2 price";"Diesel"
"OPEX";"Diesel";"DE";"Biodiesel Price";"Tractor-Trailer";"PROG";"EUR/kWh";2035;"0.119";"Sensitivity | Current Policies | Removed CO2 price";"Diesel"
"OPEX";"Diesel";"ES";"Biodiesel Price";"Rigid";"PROG";"EUR/kWh";2035;"0.119";"Sensitivity | Current Policies | Removed CO2 price";"Diesel"
"OPEX";"Diesel";"ES";"Biodiesel Price";"Tractor-Trailer";"PROG";"EUR/kWh";2035;"0.119";"Sensitivity | Current Policies | Removed CO2 price";"Diesel"
"OPEX";"Diesel";"IT";"Biodiesel Price";"Rigid";"PROG";"EUR/kWh";2035;"0.119";"Sensitivity | Current Policies | Removed CO2 price";"Diesel"
"OPEX";"Diesel";"IT";"Biodiesel Price";"Tractor-Trailer";"PROG";"EUR/kWh";2035;"0.119";"Sensitivity | Current Policies | Removed CO2 price";"Diesel"
"OPEX";"Diesel";"NL";"Biodiesel Price";"Rigid";"PROG";"EUR/kWh";2035;"0.119";"Sensitivity | Current Policies | Removed CO2 price";"Diesel"
"OPEX";"Diesel";"NL";"Biodiesel Price";"Tractor-Trailer";"PROG";"EUR/kWh";2035;"0.119";"Sensitivity | Current Policies | Removed CO2 price";"Diesel"
"OPEX";"Diesel";"PL";"Biodiesel Price";"Rigid";"PROG";"EUR/kWh";2035;"0.119";"Sensitivity | Current Policies | Removed CO2 price";"Diesel"
"OPEX";"Diesel";"PL";"Biodiesel Price";"Tractor-Trailer";"PROG";"EUR/kWh";2035;"0.119";"Sensitivity | Current Policies | Removed CO2 price";"Diesel"
"OPEX";"Diesel";"UK";"Biodiesel Price";"Rigid";"PROG";"EUR/kWh";2035;"0.119";"Sensitivity | Current Policies | Removed CO2 price";"Diesel"
"OPEX";"Diesel";"UK";"Biodiesel Price";"Tractor-Trailer";"PROG";"EUR/kWh";2035;"0.119";"Sensitivity | Current Policies | Removed CO2 price";"Diesel"
"OPEX";"Diesel";"DE";"Pt-Diesel Price";"Rigid";"PROG";"EUR/kWh";2035;"0.215";"Sensitivity | Current Policies | Removed CO2 price";"Diesel"
"OPEX";"Diesel";"DE";"Pt-Diesel Price";"Tractor-Trailer";"PROG";"EUR/kWh";2035;"0.215";"Sensitivity | Current Policies | Removed CO2 price";"Diesel"
"OPEX";"Diesel";"ES";"Pt-Diesel Price";"Rigid";"PROG";"EUR/kWh";2035;"0.215";"Sensitivity | Current Policies | Removed CO2 price";"Diesel"
"OPEX";"Diesel";"ES";"Pt-Diesel Price";"Tractor-Trailer";"PROG";"EUR/kWh";2035;"0.215";"Sensitivity | Current Policies | Removed CO2 price";"Diesel"
"OPEX";"Diesel";"FR";"Pt-Diesel Price";"Rigid";"PROG";"EUR/kWh";2035;"0.215";"Sensitivity | Current Policies | Removed CO2 price";"Diesel"
"OPEX";"Diesel";"FR";"Pt-Diesel Price";"Tractor-Trailer";"PROG";"EUR/kWh";2035;"0.215";"Sensitivity | Current Policies | Removed CO2 price";"Diesel"
"OPEX";"Diesel";"IT";"Pt-Diesel Price";"Rigid";"PROG";"EUR/kWh";2035;"0.215";"Sensitivity | Current Policies | Removed CO2 price";"Diesel"
"OPEX";"Diesel";"IT";"Pt-Diesel Price";"Tractor-Trailer";"PROG";"EUR/kWh";2035;"0.215";"Sensitivity | Current Policies | Removed CO2 price";"Diesel"
"OPEX";"Diesel";"NL";"Pt-Diesel Price";"Rigid";"PROG";"EUR/kWh";2035;"0.215";"Sensitivity | Current Policies | Removed CO2 price";"Diesel"
"OPEX";"Diesel";"NL";"Pt-Diesel Price";"Tractor-Trailer";"PROG";"EUR/kWh";2035;"0.215";"Sensitivity | Current Policies | Removed CO2 price";"Diesel"
"OPEX";"Diesel";"PL";"Pt-Diesel Price";"Rigid";"PROG";"EUR/kWh";2035;"0.215";"Sensitivity | Current Policies | Removed CO2 price";"Diesel"
"OPEX";"Diesel";"PL";"Pt-Diesel Price";"Tractor-Trailer";"PROG";"EUR/kWh";2035;"0.215";"Sensitivity | Current Policies | Removed CO2 price";"Diesel"
"OPEX";"Diesel";"UK";"Pt-Diesel Price";"Rigid";"PROG";"EUR/kWh";2035;"0.215";"Sensitivity | Current Policies | Removed CO2 price";"Diesel"
"OPEX";"Diesel";"UK";"Pt-Diesel Price";"Tractor-Trailer";"PROG";"EUR/kWh";2035;"0.215";"Sensitivity | Current Policies | Removed CO2 price";"Diesel"
"OPEX";"Electricity";"DE";"Electricity Price";"Rigid";"PROG";"EUR/kWh";2035;"0.054";"Sensitivity | Current Policies | Removed CO2 price";"Electricity"
"OPEX";"Electricity";"DE";"Electricity Price";"Tractor-Trailer";"PROG";"EUR/kWh";2035;"0.054";"Sensitivity | Current Policies | Removed CO2 price";"Electricity"
"OPEX";"Electricity";"ES";"Electricity Price";"Rigid";"PROG";"EUR/kWh";2035;"0.054";"Sensitivity | Current Policies | Removed CO2 price";"Electricity"
"OPEX";"Electricity";"ES";"Electricity Price";"Tractor-Trailer";"PROG";"EUR/kWh";2035;"0.054";"Sensitivity | Current Policies | Removed CO2 price";"Electricity"
"OPEX";"Electricity";"FR";"Electricity Price";"Rigid";"PROG";"EUR/kWh";2035;"0.054";"Sensitivity | Current Policies | Removed CO2 price";"Electricity"
"OPEX";"Electricity";"FR";"Electricity Price";"Tractor-Trailer";"PROG";"EUR/kWh";2035;"0.054";"Sensitivity | Current Policies | Removed CO2 price";"Electricity"
"OPEX";"Electricity";"IT";"Electricity Price";"Rigid";"PROG";"EUR/kWh";2035;"0.054";"Sensitivity | Current Policies | Removed CO2 price";"Electricity"
"OPEX";"Electricity";"IT";"Electricity Price";"Tractor-Trailer";"PROG";"EUR/kWh";2035;"0.054";"Sensitivity | Current Policies | Removed CO2 price";"Electricity"
"OPEX";"Electricity";"NL";"Electricity Price";"Rigid";"PROG";"EUR/kWh";2035;"0.054";"Sensitivity | Current Policies | Removed CO2 price";"Electricity"
"OPEX";"Electricity";"NL";"Electricity Price";"Tractor-Trailer";"PROG";"EUR/kWh";2035;"0.054";"Sensitivity | Current Policies | Removed CO2 price";"Electricity"
"OPEX";"Electricity";"PL";"Electricity Price";"Rigid";"PROG";"EUR/kWh";2035;"0.054";"Sensitivity | Current Policies | Removed CO2 price";"Electricity"
"OPEX";"Electricity";"PL";"Electricity Price";"Tractor-Trailer";"PROG";"EUR/kWh";2035;"0.054";"Sensitivity | Current Policies | Removed CO2 price";"Electricity"
"OPEX";"Electricity";"UK";"Electricity Price";"Rigid";"PROG";"EUR/kWh";2035;"0.054";"Sensitivity | Current Policies | Removed CO2 price";"Electricity"
"OPEX";"Electricity";"UK";"Electricity Price";"Tractor-Trailer";"PROG";"EUR/kWh";2035;"0.054";"Sensitivity | Current Policies | Removed CO2 price";"Electricity"
"OPEX";"Hydrogen";"DE";"Hydrogen Price";"Rigid";"PROG";"EUR/kWh";2035;"0.112";"Sensitivity | Current Policies | Removed CO2 price";"Hydrogen"
"OPEX";"Hydrogen";"DE";"Hydrogen Price";"Tractor-Trailer";"PROG";"EUR/kWh";2035;"0.112";"Sensitivity | Current Policies | Removed CO2 price";"Hydrogen"
"OPEX";"Hydrogen";"ES";"Hydrogen Price";"Rigid";"PROG";"EUR/kWh";2035;"0.112";"Sensitivity | Current Policies | Removed CO2 price";"Hydrogen"
"OPEX";"Hydrogen";"ES";"Hydrogen Price";"Tractor-Trailer";"PROG";"EUR/kWh";2035;"0.112";"Sensitivity | Current Policies | Removed CO2 price";"Hydrogen"
"OPEX";"Hydrogen";"FR";"Hydrogen Price";"Rigid";"PROG";"EUR/kWh";2035;"0.112";"Sensitivity | Current Policies | Removed CO2 price";"Hydrogen"
"OPEX";"Hydrogen";"FR";"Hydrogen Price";"Tractor-Trailer";"PROG";"EUR/kWh";2035;"0.112";"Sensitivity | Current Policies | Removed CO2 price";"Hydrogen"
"OPEX";"Hydrogen";"IT";"Hydrogen Price";"Rigid";"PROG";"EUR/kWh";2035;"0.112";"Sensitivity | Current Policies | Removed CO2 price";"Hydrogen"
"OPEX";"Hydrogen";"IT";"Hydrogen Price";"Tractor-Trailer";"PROG";"EUR/kWh";2035;"0.112";"Sensitivity | Current Policies | Removed CO2 price";"Hydrogen"
"OPEX";"Hydrogen";"NL";"Hydrogen Price";"Rigid";"PROG";"EUR/kWh";2035;"0.112";"Sensitivity | Current Policies | Removed CO2 price";"Hydrogen"
"OPEX";"Hydrogen";"NL";"Hydrogen Price";"Tractor-Trailer";"PROG";"EUR/kWh";2035;"0.112";"Sensitivity | Current Policies | Removed CO2 price";"Hydrogen"
"OPEX";"Hydrogen";"PL";"Hydrogen Price";"Rigid";"PROG";"EUR/kWh";2035;"0.112";"Sensitivity | Current Policies | Removed CO2 price";"Hydrogen"
"OPEX";"Hydrogen";"PL";"Hydrogen Price";"Tractor-Trailer";"PROG";"EUR/kWh";2035;"0.112";"Sensitivity | Current Policies | Removed CO2 price";"Hydrogen"
"OPEX";"Hydrogen";"UK";"Hydrogen Price";"Rigid";"PROG";"EUR/kWh";2035;"0.112";"Sensitivity | Current Policies | Removed CO2 price";"Hydrogen"
"OPEX";"Hydrogen";"UK";"Hydrogen Price";"Tractor-Trailer";"PROG";"EUR/kWh";2035;"0.112";"Sensitivity | Current Policies | Removed CO2 price";"Hydrogen"
"OPEX";"Diesel";"FR";"Biodiesel Price";"Rigid";"PROG";"EUR/kWh";2040;"0.131";"Sensitivity | Current Policies | Removed CO2 price";"Diesel"
"OPEX";"Diesel";"FR";"Biodiesel Price";"Tractor-Trailer";"PROG";"EUR/kWh";2040;"0.131";"Sensitivity | Current Policies | Removed CO2 price";"Diesel"
"OPEX";"Diesel";"DE";"Biodiesel Price";"Rigid";"PROG";"EUR/kWh";2040;"0.131";"Sensitivity | Current Policies | Removed CO2 price";"Diesel"
"OPEX";"Diesel";"DE";"Biodiesel Price";"Tractor-Trailer";"PROG";"EUR/kWh";2040;"0.131";"Sensitivity | Current Policies | Removed CO2 price";"Diesel"
"OPEX";"Diesel";"ES";"Biodiesel Price";"Rigid";"PROG";"EUR/kWh";2040;"0.131";"Sensitivity | Current Policies | Removed CO2 price";"Diesel"
"OPEX";"Diesel";"ES";"Biodiesel Price";"Tractor-Trailer";"PROG";"EUR/kWh";2040;"0.131";"Sensitivity | Current Policies | Removed CO2 price";"Diesel"
"OPEX";"Diesel";"IT";"Biodiesel Price";"Rigid";"PROG";"EUR/kWh";2040;"0.131";"Sensitivity | Current Policies | Removed CO2 price";"Diesel"
"OPEX";"Diesel";"IT";"Biodiesel Price";"Tractor-Trailer";"PROG";"EUR/kWh";2040;"0.131";"Sensitivity | Current Policies | Removed CO2 price";"Diesel"
"OPEX";"Diesel";"NL";"Biodiesel Price";"Rigid";"PROG";"EUR/kWh";2040;"0.131";"Sensitivity | Current Policies | Removed CO2 price";"Diesel"
"OPEX";"Diesel";"NL";"Biodiesel Price";"Tractor-Trailer";"PROG";"EUR/kWh";2040;"0.131";"Sensitivity | Current Policies | Removed CO2 price";"Diesel"
"OPEX";"Diesel";"PL";"Biodiesel Price";"Rigid";"PROG";"EUR/kWh";2040;"0.131";"Sensitivity | Current Policies | Removed CO2 price";"Diesel"
"OPEX";"Diesel";"PL";"Biodiesel Price";"Tractor-Trailer";"PROG";"EUR/kWh";2040;"0.131";"Sensitivity | Current Policies | Removed CO2 price";"Diesel"
"OPEX";"Diesel";"UK";"Biodiesel Price";"Rigid";"PROG";"EUR/kWh";2040;"0.131";"Sensitivity | Current Policies | Removed CO2 price";"Diesel"
"OPEX";"Diesel";"UK";"Biodiesel Price";"Tractor-Trailer";"PROG";"EUR/kWh";2040;"0.131";"Sensitivity | Current Policies | Removed CO2 price";"Diesel"
"OPEX";"Diesel";"DE";"Pt-Diesel Price";"Rigid";"PROG";"EUR/kWh";2040;"0.186";"Sensitivity | Current Policies | Removed CO2 price";"Diesel"
"OPEX";"Diesel";"DE";"Pt-Diesel Price";"Tractor-Trailer";"PROG";"EUR/kWh";2040;"0.186";"Sensitivity | Current Policies | Removed CO2 price";"Diesel"
"OPEX";"Diesel";"ES";"Pt-Diesel Price";"Rigid";"PROG";"EUR/kWh";2040;"0.186";"Sensitivity | Current Policies | Removed CO2 price";"Diesel"
"OPEX";"Diesel";"ES";"Pt-Diesel Price";"Tractor-Trailer";"PROG";"EUR/kWh";2040;"0.186";"Sensitivity | Current Policies | Removed CO2 price";"Diesel"
"OPEX";"Diesel";"FR";"Pt-Diesel Price";"Rigid";"PROG";"EUR/kWh";2040;"0.186";"Sensitivity | Current Policies | Removed CO2 price";"Diesel"
"OPEX";"Diesel";"FR";"Pt-Diesel Price";"Tractor-Trailer";"PROG";"EUR/kWh";2040;"0.186";"Sensitivity | Current Policies | Removed CO2 price";"Diesel"
"OPEX";"Diesel";"IT";"Pt-Diesel Price";"Rigid";"PROG";"EUR/kWh";2040;"0.186";"Sensitivity | Current Policies | Removed CO2 price";"Diesel"
"OPEX";"Diesel";"IT";"Pt-Diesel Price";"Tractor-Trailer";"PROG";"EUR/kWh";2040;"0.186";"Sensitivity | Current Policies | Removed CO2 price";"Diesel"
"OPEX";"Diesel";"NL";"Pt-Diesel Price";"Rigid";"PROG";"EUR/kWh";2040;"0.186";"Sensitivity | Current Policies | Removed CO2 price";"Diesel"
"OPEX";"Diesel";"NL";"Pt-Diesel Price";"Tractor-Trailer";"PROG";"EUR/kWh";2040;"0.186";"Sensitivity | Current Policies | Removed CO2 price";"Diesel"
"OPEX";"Diesel";"PL";"Pt-Diesel Price";"Rigid";"PROG";"EUR/kWh";2040;"0.186";"Sensitivity | Current Policies | Removed CO2 price";"Diesel"
"OPEX";"Diesel";"PL";"Pt-Diesel Price";"Tractor-Trailer";"PROG";"EUR/kWh";2040;"0.186";"Sensitivity | Current Policies | Removed CO2 price";"Diesel"
"OPEX";"Diesel";"UK";"Pt-Diesel Price";"Rigid";"PROG";"EUR/kWh";2040;"0.186";"Sensitivity | Current Policies | Removed CO2 price";"Diesel"
"OPEX";"Diesel";"UK";"Pt-Diesel Price";"Tractor-Trailer";"PROG";"EUR/kWh";2040;"0.186";"Sensitivity | Current Policies | Removed CO2 price";"Diesel"
"OPEX";"Electricity";"DE";"Electricity Price";"Rigid";"PROG";"EUR/kWh";2040;"0.05";"Sensitivity | Current Policies | Removed CO2 price";"Electricity"
"OPEX";"Electricity";"DE";"Electricity Price";"Tractor-Trailer";"PROG";"EUR/kWh";2040;"0.05";"Sensitivity | Current Policies | Removed CO2 price";"Electricity"
"OPEX";"Electricity";"ES";"Electricity Price";"Rigid";"PROG";"EUR/kWh";2040;"0.05";"Sensitivity | Current Policies | Removed CO2 price";"Electricity"
"OPEX";"Electricity";"ES";"Electricity Price";"Tractor-Trailer";"PROG";"EUR/kWh";2040;"0.05";"Sensitivity | Current Policies | Removed CO2 price";"Electricity"
"OPEX";"Electricity";"FR";"Electricity Price";"Rigid";"PROG";"EUR/kWh";2040;"0.05";"Sensitivity | Current Policies | Removed CO2 price";"Electricity"
"OPEX";"Electricity";"FR";"Electricity Price";"Tractor-Trailer";"PROG";"EUR/kWh";2040;"0.05";"Sensitivity | Current Policies | Removed CO2 price";"Electricity"
"OPEX";"Electricity";"IT";"Electricity Price";"Rigid";"PROG";"EUR/kWh";2040;"0.05";"Sensitivity | Current Policies | Removed CO2 price";"Electricity"
"OPEX";"Electricity";"IT";"Electricity Price";"Tractor-Trailer";"PROG";"EUR/kWh";2040;"0.05";"Sensitivity | Current Policies | Removed CO2 price";"Electricity"
"OPEX";"Electricity";"NL";"Electricity Price";"Rigid";"PROG";"EUR/kWh";2040;"0.05";"Sensitivity | Current Policies | Removed CO2 price";"Electricity"
"OPEX";"Electricity";"NL";"Electricity Price";"Tractor-Trailer";"PROG";"EUR/kWh";2040;"0.05";"Sensitivity | Current Policies | Removed CO2 price";"Electricity"
"OPEX";"Electricity";"PL";"Electricity Price";"Rigid";"PROG";"EUR/kWh";2040;"0.05";"Sensitivity | Current Policies | Removed CO2 price";"Electricity"
"OPEX";"Electricity";"PL";"Electricity Price";"Tractor-Trailer";"PROG";"EUR/kWh";2040;"0.05";"Sensitivity | Current Policies | Removed CO2 price";"Electricity"
"OPEX";"Electricity";"UK";"Electricity Price";"Rigid";"PROG";"EUR/kWh";2040;"0.05";"Sensitivity | Current Policies | Removed CO2 price";"Electricity"
"OPEX";"Electricity";"UK";"Electricity Price";"Tractor-Trailer";"PROG";"EUR/kWh";2040;"0.05";"Sensitivity | Current Policies | Removed CO2 price";"Electricity"
"OPEX";"Hydrogen";"DE";"Hydrogen Price";"Rigid";"PROG";"EUR/kWh";2040;"0.096";"Sensitivity | Current Policies | Removed CO2 price";"Hydrogen"
"OPEX";"Hydrogen";"DE";"Hydrogen Price";"Tractor-Trailer";"PROG";"EUR/kWh";2040;"0.096";"Sensitivity | Current Policies | Removed CO2 price";"Hydrogen"
"OPEX";"Hydrogen";"ES";"Hydrogen Price";"Rigid";"PROG";"EUR/kWh";2040;"0.096";"Sensitivity | Current Policies | Removed CO2 price";"Hydrogen"
"OPEX";"Hydrogen";"ES";"Hydrogen Price";"Tractor-Trailer";"PROG";"EUR/kWh";2040;"0.096";"Sensitivity | Current Policies | Removed CO2 price";"Hydrogen"
"OPEX";"Hydrogen";"FR";"Hydrogen Price";"Rigid";"PROG";"EUR/kWh";2040;"0.096";"Sensitivity | Current Policies | Removed CO2 price";"Hydrogen"
"OPEX";"Hydrogen";"FR";"Hydrogen Price";"Tractor-Trailer";"PROG";"EUR/kWh";2040;"0.096";"Sensitivity | Current Policies | Removed CO2 price";"Hydrogen"
"OPEX";"Hydrogen";"IT";"Hydrogen Price";"Rigid";"PROG";"EUR/kWh";2040;"0.096";"Sensitivity | Current Policies | Removed CO2 price";"Hydrogen"
"OPEX";"Hydrogen";"IT";"Hydrogen Price";"Tractor-Trailer";"PROG";"EUR/kWh";2040;"0.096";"Sensitivity | Current Policies | Removed CO2 price";"Hydrogen"
"OPEX";"Hydrogen";"NL";"Hydrogen Price";"Rigid";"PROG";"EUR/kWh";2040;"0.096";"Sensitivity | Current Policies | Removed CO2 price";"Hydrogen"
"OPEX";"Hydrogen";"NL";"Hydrogen Price";"Tractor-Trailer";"PROG";"EUR/kWh";2040;"0.096";"Sensitivity | Current Policies | Removed CO2 price";"Hydrogen"
"OPEX";"Hydrogen";"PL";"Hydrogen Price";"Rigid";"PROG";"EUR/kWh";2040;"0.096";"Sensitivity | Current Policies | Removed CO2 price";"Hydrogen"
"OPEX";"Hydrogen";"PL";"Hydrogen Price";"Tractor-Trailer";"PROG";"EUR/kWh";2040;"0.096";"Sensitivity | Current Policies | Removed CO2 price";"Hydrogen"
"OPEX";"Hydrogen";"UK";"Hydrogen Price";"Rigid";"PROG";"EUR/kWh";2040;"0.096";"Sensitivity | Current Policies | Removed CO2 price";"Hydrogen"
"OPEX";"Hydrogen";"UK";"Hydrogen Price";"Tractor-Trailer";"PROG";"EUR/kWh";2040;"0.096";"Sensitivity | Current Policies | Removed CO2 price";"Hydrogen"
"OPEX";"Diesel";"FR";"Biodiesel Price";"Rigid";"PROG";"EUR/kWh";2045;"0.142";"Sensitivity | Current Policies | Removed CO2 price";"Diesel"
"OPEX";"Diesel";"FR";"Biodiesel Price";"Tractor-Trailer";"PROG";"EUR/kWh";2045;"0.142";"Sensitivity | Current Policies | Removed CO2 price";"Diesel"
"OPEX";"Diesel";"DE";"Biodiesel Price";"Rigid";"PROG";"EUR/kWh";2045;"0.142";"Sensitivity | Current Policies | Removed CO2 price";"Diesel"
"OPEX";"Diesel";"DE";"Biodiesel Price";"Tractor-Trailer";"PROG";"EUR/kWh";2045;"0.142";"Sensitivity | Current Policies | Removed CO2 price";"Diesel"
"OPEX";"Diesel";"ES";"Biodiesel Price";"Rigid";"PROG";"EUR/kWh";2045;"0.142";"Sensitivity | Current Policies | Removed CO2 price";"Diesel"
"OPEX";"Diesel";"ES";"Biodiesel Price";"Tractor-Trailer";"PROG";"EUR/kWh";2045;"0.142";"Sensitivity | Current Policies | Removed CO2 price";"Diesel"
"OPEX";"Diesel";"IT";"Biodiesel Price";"Rigid";"PROG";"EUR/kWh";2045;"0.142";"Sensitivity | Current Policies | Removed CO2 price";"Diesel"
"OPEX";"Diesel";"IT";"Biodiesel Price";"Tractor-Trailer";"PROG";"EUR/kWh";2045;"0.142";"Sensitivity | Current Policies | Removed CO2 price";"Diesel"
"OPEX";"Diesel";"NL";"Biodiesel Price";"Rigid";"PROG";"EUR/kWh";2045;"0.142";"Sensitivity | Current Policies | Removed CO2 price";"Diesel"
"OPEX";"Diesel";"NL";"Biodiesel Price";"Tractor-Trailer";"PROG";"EUR/kWh";2045;"0.142";"Sensitivity | Current Policies | Removed CO2 price";"Diesel"
"OPEX";"Diesel";"PL";"Biodiesel Price";"Rigid";"PROG";"EUR/kWh";2045;"0.142";"Sensitivity | Current Policies | Removed CO2 price";"Diesel"
"OPEX";"Diesel";"PL";"Biodiesel Price";"Tractor-Trailer";"PROG";"EUR/kWh";2045;"0.142";"Sensitivity | Current Policies | Removed CO2 price";"Diesel"
"OPEX";"Diesel";"UK";"Biodiesel Price";"Rigid";"PROG";"EUR/kWh";2045;"0.142";"Sensitivity | Current Policies | Removed CO2 price";"Diesel"
"OPEX";"Diesel";"UK";"Biodiesel Price";"Tractor-Trailer";"PROG";"EUR/kWh";2045;"0.142";"Sensitivity | Current Policies | Removed CO2 price";"Diesel"
"OPEX";"Diesel";"DE";"Pt-Diesel Price";"Rigid";"PROG";"EUR/kWh";2045;"0.156";"Sensitivity | Current Policies | Removed CO2 price";"Diesel"
"OPEX";"Diesel";"DE";"Pt-Diesel Price";"Tractor-Trailer";"PROG";"EUR/kWh";2045;"0.156";"Sensitivity | Current Policies | Removed CO2 price";"Diesel"
"OPEX";"Diesel";"ES";"Pt-Diesel Price";"Rigid";"PROG";"EUR/kWh";2045;"0.156";"Sensitivity | Current Policies | Removed CO2 price";"Diesel"
"OPEX";"Diesel";"ES";"Pt-Diesel Price";"Tractor-Trailer";"PROG";"EUR/kWh";2045;"0.156";"Sensitivity | Current Policies | Removed CO2 price";"Diesel"
"OPEX";"Diesel";"FR";"Pt-Diesel Price";"Rigid";"PROG";"EUR/kWh";2045;"0.156";"Sensitivity | Current Policies | Removed CO2 price";"Diesel"
"OPEX";"Diesel";"FR";"Pt-Diesel Price";"Tractor-Trailer";"PROG";"EUR/kWh";2045;"0.156";"Sensitivity | Current Policies | Removed CO2 price";"Diesel"
"OPEX";"Diesel";"IT";"Pt-Diesel Price";"Rigid";"PROG";"EUR/kWh";2045;"0.156";"Sensitivity | Current Policies | Removed CO2 price";"Diesel"
"OPEX";"Diesel";"IT";"Pt-Diesel Price";"Tractor-Trailer";"PROG";"EUR/kWh";2045;"0.156";"Sensitivity | Current Policies | Removed CO2 price";"Diesel"
"OPEX";"Diesel";"NL";"Pt-Diesel Price";"Rigid";"PROG";"EUR/kWh";2045;"0.156";"Sensitivity | Current Policies | Removed CO2 price";"Diesel"
"OPEX";"Diesel";"NL";"Pt-Diesel Price";"Tractor-Trailer";"PROG";"EUR/kWh";2045;"0.156";"Sensitivity | Current Policies | Removed CO2 price";"Diesel"
"OPEX";"Diesel";"PL";"Pt-Diesel Price";"Rigid";"PROG";"EUR/kWh";2045;"0.156";"Sensitivity | Current Policies | Removed CO2 price";"Diesel"
"OPEX";"Diesel";"PL";"Pt-Diesel Price";"Tractor-Trailer";"PROG";"EUR/kWh";2045;"0.156";"Sensitivity | Current Policies | Removed CO2 price";"Diesel"
"OPEX";"Diesel";"UK";"Pt-Diesel Price";"Rigid";"PROG";"EUR/kWh";2045;"0.156";"Sensitivity | Current Policies | Removed CO2 price";"Diesel"
"OPEX";"Diesel";"UK";"Pt-Diesel Price";"Tractor-Trailer";"PROG";"EUR/kWh";2045;"0.156";"Sensitivity | Current Policies | Removed CO2 price";"Diesel"
"OPEX";"Electricity";"DE";"Electricity Price";"Rigid";"PROG";"EUR/kWh";2045;"0.049";"Sensitivity | Current Policies | Removed CO2 price";"Electricity"
"OPEX";"Electricity";"DE";"Electricity Price";"Tractor-Trailer";"PROG";"EUR/kWh";2045;"0.049";"Sensitivity | Current Policies | Removed CO2 price";"Electricity"
"OPEX";"Electricity";"ES";"Electricity Price";"Rigid";"PROG";"EUR/kWh";2045;"0.049";"Sensitivity | Current Policies | Removed CO2 price";"Electricity"
"OPEX";"Electricity";"ES";"Electricity Price";"Tractor-Trailer";"PROG";"EUR/kWh";2045;"0.049";"Sensitivity | Current Policies | Removed CO2 price";"Electricity"
"OPEX";"Electricity";"FR";"Electricity Price";"Rigid";"PROG";"EUR/kWh";2045;"0.049";"Sensitivity | Current Policies | Removed CO2 price";"Electricity"
"OPEX";"Electricity";"FR";"Electricity Price";"Tractor-Trailer";"PROG";"EUR/kWh";2045;"0.049";"Sensitivity | Current Policies | Removed CO2 price";"Electricity"
"OPEX";"Electricity";"IT";"Electricity Price";"Rigid";"PROG";"EUR/kWh";2045;"0.049";"Sensitivity | Current Policies | Removed CO2 price";"Electricity"
"OPEX";"Electricity";"IT";"Electricity Price";"Tractor-Trailer";"PROG";"EUR/kWh";2045;"0.049";"Sensitivity | Current Policies | Removed CO2 price";"Electricity"
"OPEX";"Electricity";"NL";"Electricity Price";"Rigid";"PROG";"EUR/kWh";2045;"0.049";"Sensitivity | Current Policies | Removed CO2 price";"Electricity"
"OPEX";"Electricity";"NL";"Electricity Price";"Tractor-Trailer";"PROG";"EUR/kWh";2045;"0.049";"Sensitivity | Current Policies | Removed CO2 price";"Electricity"
"OPEX";"Electricity";"PL";"Electricity Price";"Rigid";"PROG";"EUR/kWh";2045;"0.049";"Sensitivity | Current Policies | Removed CO2 price";"Electricity"
"OPEX";"Electricity";"PL";"Electricity Price";"Tractor-Trailer";"PROG";"EUR/kWh";2045;"0.049";"Sensitivity | Current Policies | Removed CO2 price";"Electricity"
"OPEX";"Electricity";"UK";"Electricity Price";"Rigid";"PROG";"EUR/kWh";2045;"0.049";"Sensitivity | Current Policies | Removed CO2 price";"Electricity"
"OPEX";"Electricity";"UK";"Electricity Price";"Tractor-Trailer";"PROG";"EUR/kWh";2045;"0.049";"Sensitivity | Current Policies | Removed CO2 price";"Electricity"
"OPEX";"Hydrogen";"DE";"Hydrogen Price";"Rigid";"PROG";"EUR/kWh";2045;"0.081";"Sensitivity | Current Policies | Removed CO2 price";"Hydrogen"
"OPEX";"Hydrogen";"DE";"Hydrogen Price";"Tractor-Trailer";"PROG";"EUR/kWh";2045;"0.081";"Sensitivity | Current Policies | Removed CO2 price";"Hydrogen"
"OPEX";"Hydrogen";"ES";"Hydrogen Price";"Rigid";"PROG";"EUR/kWh";2045;"0.081";"Sensitivity | Current Policies | Removed CO2 price";"Hydrogen"
"OPEX";"Hydrogen";"ES";"Hydrogen Price";"Tractor-Trailer";"PROG";"EUR/kWh";2045;"0.081";"Sensitivity | Current Policies | Removed CO2 price";"Hydrogen"
"OPEX";"Hydrogen";"FR";"Hydrogen Price";"Rigid";"PROG";"EUR/kWh";2045;"0.081";"Sensitivity | Current Policies | Removed CO2 price";"Hydrogen"
"OPEX";"Hydrogen";"FR";"Hydrogen Price";"Tractor-Trailer";"PROG";"EUR/kWh";2045;"0.081";"Sensitivity | Current Policies | Removed CO2 price";"Hydrogen"
"OPEX";"Hydrogen";"IT";"Hydrogen Price";"Rigid";"PROG";"EUR/kWh";2045;"0.081";"Sensitivity | Current Policies | Removed CO2 price";"Hydrogen"
"OPEX";"Hydrogen";"IT";"Hydrogen Price";"Tractor-Trailer";"PROG";"EUR/kWh";2045;"0.081";"Sensitivity | Current Policies | Removed CO2 price";"Hydrogen"
"OPEX";"Hydrogen";"NL";"Hydrogen Price";"Rigid";"PROG";"EUR/kWh";2045;"0.081";"Sensitivity | Current Policies | Removed CO2 price";"Hydrogen"
"OPEX";"Hydrogen";"NL";"Hydrogen Price";"Tractor-Trailer";"PROG";"EUR/kWh";2045;"0.081";"Sensitivity | Current Policies | Removed CO2 price";"Hydrogen"
"OPEX";"Hydrogen";"PL";"Hydrogen Price";"Rigid";"PROG";"EUR/kWh";2045;"0.081";"Sensitivity | Current Policies | Removed CO2 price";"Hydrogen"
"OPEX";"Hydrogen";"PL";"Hydrogen Price";"Tractor-Trailer";"PROG";"EUR/kWh";2045;"0.081";"Sensitivity | Current Policies | Removed CO2 price";"Hydrogen"
"OPEX";"Hydrogen";"UK";"Hydrogen Price";"Rigid";"PROG";"EUR/kWh";2045;"0.081";"Sensitivity | Current Policies | Removed CO2 price";"Hydrogen"
"OPEX";"Hydrogen";"UK";"Hydrogen Price";"Tractor-Trailer";"PROG";"EUR/kWh";2045;"0.081";"Sensitivity | Current Policies | Removed CO2 price";"Hydrogen"
"OPEX";"Diesel";"FR";"Biodiesel Price";"Rigid";"PROG";"EUR/kWh";2050;"0.151";"Sensitivity | Current Policies | Removed CO2 price";"Diesel"
"OPEX";"Diesel";"FR";"Biodiesel Price";"Tractor-Trailer";"PROG";"EUR/kWh";2050;"0.151";"Sensitivity | Current Policies | Removed CO2 price";"Diesel"
"OPEX";"Diesel";"DE";"Biodiesel Price";"Rigid";"PROG";"EUR/kWh";2050;"0.151";"Sensitivity | Current Policies | Removed CO2 price";"Diesel"
"OPEX";"Diesel";"DE";"Biodiesel Price";"Tractor-Trailer";"PROG";"EUR/kWh";2050;"0.151";"Sensitivity | Current Policies | Removed CO2 price";"Diesel"
"OPEX";"Diesel";"ES";"Biodiesel Price";"Rigid";"PROG";"EUR/kWh";2050;"0.151";"Sensitivity | Current Policies | Removed CO2 price";"Diesel"
"OPEX";"Diesel";"ES";"Biodiesel Price";"Tractor-Trailer";"PROG";"EUR/kWh";2050;"0.151";"Sensitivity | Current Policies | Removed CO2 price";"Diesel"
"OPEX";"Diesel";"IT";"Biodiesel Price";"Rigid";"PROG";"EUR/kWh";2050;"0.151";"Sensitivity | Current Policies | Removed CO2 price";"Diesel"
"OPEX";"Diesel";"IT";"Biodiesel Price";"Tractor-Trailer";"PROG";"EUR/kWh";2050;"0.151";"Sensitivity | Current Policies | Removed CO2 price";"Diesel"
"OPEX";"Diesel";"NL";"Biodiesel Price";"Rigid";"PROG";"EUR/kWh";2050;"0.151";"Sensitivity | Current Policies | Removed CO2 price";"Diesel"
"OPEX";"Diesel";"NL";"Biodiesel Price";"Tractor-Trailer";"PROG";"EUR/kWh";2050;"0.151";"Sensitivity | Current Policies | Removed CO2 price";"Diesel"
"OPEX";"Diesel";"PL";"Biodiesel Price";"Rigid";"PROG";"EUR/kWh";2050;"0.151";"Sensitivity | Current Policies | Removed CO2 price";"Diesel"
"OPEX";"Diesel";"PL";"Biodiesel Price";"Tractor-Trailer";"PROG";"EUR/kWh";2050;"0.151";"Sensitivity | Current Policies | Removed CO2 price";"Diesel"
"OPEX";"Diesel";"UK";"Biodiesel Price";"Rigid";"PROG";"EUR/kWh";2050;"0.151";"Sensitivity | Current Policies | Removed CO2 price";"Diesel"
"OPEX";"Diesel";"UK";"Biodiesel Price";"Tractor-Trailer";"PROG";"EUR/kWh";2050;"0.151";"Sensitivity | Current Policies | Removed CO2 price";"Diesel"
"OPEX";"Diesel";"DE";"Pt-Diesel Price";"Rigid";"PROG";"EUR/kWh";2050;"0.127";"Sensitivity | Current Policies | Removed CO2 price";"Diesel"
"OPEX";"Diesel";"DE";"Pt-Diesel Price";"Tractor-Trailer";"PROG";"EUR/kWh";2050;"0.127";"Sensitivity | Current Policies | Removed CO2 price";"Diesel"
"OPEX";"Diesel";"ES";"Pt-Diesel Price";"Rigid";"PROG";"EUR/kWh";2050;"0.127";"Sensitivity | Current Policies | Removed CO2 price";"Diesel"
"OPEX";"Diesel";"ES";"Pt-Diesel Price";"Tractor-Trailer";"PROG";"EUR/kWh";2050;"0.127";"Sensitivity | Current Policies | Removed CO2 price";"Diesel"
"OPEX";"Diesel";"FR";"Pt-Diesel Price";"Rigid";"PROG";"EUR/kWh";2050;"0.127";"Sensitivity | Current Policies | Removed CO2 price";"Diesel"
"OPEX";"Diesel";"FR";"Pt-Diesel Price";"Tractor-Trailer";"PROG";"EUR/kWh";2050;"0.127";"Sensitivity | Current Policies | Removed CO2 price";"Diesel"
"OPEX";"Diesel";"IT";"Pt-Diesel Price";"Rigid";"PROG";"EUR/kWh";2050;"0.127";"Sensitivity | Current Policies | Removed CO2 price";"Diesel"
"OPEX";"Diesel";"IT";"Pt-Diesel Price";"Tractor-Trailer";"PROG";"EUR/kWh";2050;"0.127";"Sensitivity | Current Policies | Removed CO2 price";"Diesel"
"OPEX";"Diesel";"NL";"Pt-Diesel Price";"Rigid";"PROG";"EUR/kWh";2050;"0.127";"Sensitivity | Current Policies | Removed CO2 price";"Diesel"
"OPEX";"Diesel";"NL";"Pt-Diesel Price";"Tractor-Trailer";"PROG";"EUR/kWh";2050;"0.127";"Sensitivity | Current Policies | Removed CO2 price";"Diesel"
"OPEX";"Diesel";"PL";"Pt-Diesel Price";"Rigid";"PROG";"EUR/kWh";2050;"0.127";"Sensitivity | Current Policies | Removed CO2 price";"Diesel"
"OPEX";"Diesel";"PL";"Pt-Diesel Price";"Tractor-Trailer";"PROG";"EUR/kWh";2050;"0.127";"Sensitivity | Current Policies | Removed CO2 price";"Diesel"
"OPEX";"Diesel";"UK";"Pt-Diesel Price";"Rigid";"PROG";"EUR/kWh";2050;"0.127";"Sensitivity | Current Policies | Removed CO2 price";"Diesel"
"OPEX";"Diesel";"UK";"Pt-Diesel Price";"Tractor-Trailer";"PROG";"EUR/kWh";2050;"0.127";"Sensitivity | Current Policies | Removed CO2 price";"Diesel"
"OPEX";"Electricity";"DE";"Electricity Price";"Rigid";"PROG";"EUR/kWh";2050;"0.049";"Sensitivity | Current Policies | Removed CO2 price";"Electricity"
"OPEX";"Electricity";"DE";"Electricity Price";"Tractor-Trailer";"PROG";"EUR/kWh";2050;"0.049";"Sensitivity | Current Policies | Removed CO2 price";"Electricity"
"OPEX";"Electricity";"ES";"Electricity Price";"Rigid";"PROG";"EUR/kWh";2050;"0.049";"Sensitivity | Current Policies | Removed CO2 price";"Electricity"
"OPEX";"Electricity";"ES";"Electricity Price";"Tractor-Trailer";"PROG";"EUR/kWh";2050;"0.049";"Sensitivity | Current Policies | Removed CO2 price";"Electricity"
"OPEX";"Electricity";"FR";"Electricity Price";"Rigid";"PROG";"EUR/kWh";2050;"0.049";"Sensitivity | Current Policies | Removed CO2 price";"Electricity"
"OPEX";"Electricity";"FR";"Electricity Price";"Tractor-Trailer";"PROG";"EUR/kWh";2050;"0.049";"Sensitivity | Current Policies | Removed CO2 price";"Electricity"
"OPEX";"Electricity";"IT";"Electricity Price";"Rigid";"PROG";"EUR/kWh";2050;"0.049";"Sensitivity | Current Policies | Removed CO2 price";"Electricity"
"OPEX";"Electricity";"IT";"Electricity Price";"Tractor-Trailer";"PROG";"EUR/kWh";2050;"0.049";"Sensitivity | Current Policies | Removed CO2 price";"Electricity"
"OPEX";"Electricity";"NL";"Electricity Price";"Rigid";"PROG";"EUR/kWh";2050;"0.049";"Sensitivity | Current Policies | Removed CO2 price";"Electricity"
"OPEX";"Electricity";"NL";"Electricity Price";"Tractor-Trailer";"PROG";"EUR/kWh";2050;"0.049";"Sensitivity | Current Policies | Removed CO2 price";"Electricity"
"OPEX";"Electricity";"PL";"Electricity Price";"Rigid";"PROG";"EUR/kWh";2050;"0.049";"Sensitivity | Current Policies | Removed CO2 price";"Electricity"
"OPEX";"Electricity";"PL";"Electricity Price";"Tractor-Trailer";"PROG";"EUR/kWh";2050;"0.049";"Sensitivity | Current Policies | Removed CO2 price";"Electricity"
"OPEX";"Electricity";"UK";"Electricity Price";"Rigid";"PROG";"EUR/kWh";2050;"0.049";"Sensitivity | Current Policies | Removed CO2 price";"Electricity"
"OPEX";"Electricity";"UK";"Electricity Price";"Tractor-Trailer";"PROG";"EUR/kWh";2050;"0.049";"Sensitivity | Current Policies | Removed CO2 price";"Electricity"
"OPEX";"Hydrogen";"DE";"Hydrogen Price";"Rigid";"PROG";"EUR/kWh";2050;"0.066";"Sensitivity | Current Policies | Removed CO2 price";"Hydrogen"
"OPEX";"Hydrogen";"DE";"Hydrogen Price";"Tractor-Trailer";"PROG";"EUR/kWh";2050;"0.066";"Sensitivity | Current Policies | Removed CO2 price";"Hydrogen"
"OPEX";"Hydrogen";"ES";"Hydrogen Price";"Rigid";"PROG";"EUR/kWh";2050;"0.066";"Sensitivity | Current Policies | Removed CO2 price";"Hydrogen"
"OPEX";"Hydrogen";"ES";"Hydrogen Price";"Tractor-Trailer";"PROG";"EUR/kWh";2050;"0.066";"Sensitivity | Current Policies | Removed CO2 price";"Hydrogen"
"OPEX";"Hydrogen";"FR";"Hydrogen Price";"Rigid";"PROG";"EUR/kWh";2050;"0.066";"Sensitivity | Current Policies | Removed CO2 price";"Hydrogen"
"OPEX";"Hydrogen";"FR";"Hydrogen Price";"Tractor-Trailer";"PROG";"EUR/kWh";2050;"0.066";"Sensitivity | Current Policies | Removed CO2 price";"Hydrogen"
"OPEX";"Hydrogen";"IT";"Hydrogen Price";"Rigid";"PROG";"EUR/kWh";2050;"0.066";"Sensitivity | Current Policies | Removed CO2 price";"Hydrogen"
"OPEX";"Hydrogen";"IT";"Hydrogen Price";"Tractor-Trailer";"PROG";"EUR/kWh";2050;"0.066";"Sensitivity | Current Policies | Removed CO2 price";"Hydrogen"
"OPEX";"Hydrogen";"NL";"Hydrogen Price";"Rigid";"PROG";"EUR/kWh";2050;"0.066";"Sensitivity | Current Policies | Removed CO2 price";"Hydrogen"
"OPEX";"Hydrogen";"NL";"Hydrogen Price";"Tractor-Trailer";"PROG";"EUR/kWh";2050;"0.066";"Sensitivity | Current Policies | Removed CO2 price";"Hydrogen"
"OPEX";"Hydrogen";"PL";"Hydrogen Price";"Rigid";"PROG";"EUR/kWh";2050;"0.066";"Sensitivity | Current Policies | Removed CO2 price";"Hydrogen"
"OPEX";"Hydrogen";"PL";"Hydrogen Price";"Tractor-Trailer";"PROG";"EUR/kWh";2050;"0.066";"Sensitivity | Current Policies | Removed CO2 price";"Hydrogen"
"OPEX";"Hydrogen";"UK";"Hydrogen Price";"Rigid";"PROG";"EUR/kWh";2050;"0.066";"Sensitivity | Current Policies | Removed CO2 price";"Hydrogen"
"OPEX";"Hydrogen";"UK";"Hydrogen Price";"Tractor-Trailer";"PROG";"EUR/kWh";2050;"0.066";"Sensitivity | Current Policies | Removed CO2 price";"Hydrogen"
"OPEX";"Diesel";"FR";"Diesel Price";"Rigid";"BAU";"EUR/kWh";2030;"0.063";"Sensitivity | Current Policies | Removed CO2 price";"Diesel"
"OPEX";"Diesel";"FR";"Diesel Price";"Tractor-Trailer";"BAU";"EUR/kWh";2030;"0.063";"Sensitivity | Current Policies | Removed CO2 price";"Diesel"
"OPEX";"Diesel";"FR";"Diesel Price";"Rigid";"PROG";"EUR/kWh";2030;"0.063";"Sensitivity | Current Policies | Removed CO2 price";"Diesel"
"OPEX";"Diesel";"FR";"Diesel Price";"Tractor-Trailer";"PROG";"EUR/kWh";2030;"0.063";"Sensitivity | Current Policies | Removed CO2 price";"Diesel"
"OPEX";"Diesel";"DE";"Diesel Price";"Rigid";"BAU";"EUR/kWh";2030;"0.063";"Sensitivity | Current Policies | Removed CO2 price";"Diesel"
"OPEX";"Diesel";"DE";"Diesel Price";"Tractor-Trailer";"BAU";"EUR/kWh";2030;"0.063";"Sensitivity | Current Policies | Removed CO2 price";"Diesel"
"OPEX";"Diesel";"DE";"Diesel Price";"Rigid";"PROG";"EUR/kWh";2030;"0.063";"Sensitivity | Current Policies | Removed CO2 price";"Diesel"
"OPEX";"Diesel";"DE";"Diesel Price";"Tractor-Trailer";"PROG";"EUR/kWh";2030;"0.063";"Sensitivity | Current Policies | Removed CO2 price";"Diesel"
"OPEX";"Diesel";"ES";"Diesel Price";"Rigid";"BAU";"EUR/kWh";2030;"0.063";"Sensitivity | Current Policies | Removed CO2 price";"Diesel"
"OPEX";"Diesel";"ES";"Diesel Price";"Tractor-Trailer";"BAU";"EUR/kWh";2030;"0.063";"Sensitivity | Current Policies | Removed CO2 price";"Diesel"
"OPEX";"Diesel";"ES";"Diesel Price";"Rigid";"PROG";"EUR/kWh";2030;"0.063";"Sensitivity | Current Policies | Removed CO2 price";"Diesel"
"OPEX";"Diesel";"ES";"Diesel Price";"Tractor-Trailer";"PROG";"EUR/kWh";2030;"0.063";"Sensitivity | Current Policies | Removed CO2 price";"Diesel"
"OPEX";"Diesel";"IT";"Diesel Price";"Rigid";"BAU";"EUR/kWh";2030;"0.063";"Sensitivity | Current Policies | Removed CO2 price";"Diesel"
"OPEX";"Diesel";"IT";"Diesel Price";"Tractor-Trailer";"BAU";"EUR/kWh";2030;"0.063";"Sensitivity | Current Policies | Removed CO2 price";"Diesel"
"OPEX";"Diesel";"IT";"Diesel Price";"Rigid";"PROG";"EUR/kWh";2030;"0.063";"Sensitivity | Current Policies | Removed CO2 price";"Diesel"
"OPEX";"Diesel";"IT";"Diesel Price";"Tractor-Trailer";"PROG";"EUR/kWh";2030;"0.063";"Sensitivity | Current Policies | Removed CO2 price";"Diesel"
"OPEX";"Diesel";"NL";"Diesel Price";"Rigid";"BAU";"EUR/kWh";2030;"0.063";"Sensitivity | Current Policies | Removed CO2 price";"Diesel"
"OPEX";"Diesel";"NL";"Diesel Price";"Tractor-Trailer";"BAU";"EUR/kWh";2030;"0.063";"Sensitivity | Current Policies | Removed CO2 price";"Diesel"
"OPEX";"Diesel";"NL";"Diesel Price";"Rigid";"PROG";"EUR/kWh";2030;"0.063";"Sensitivity | Current Policies | Removed CO2 price";"Diesel"
"OPEX";"Diesel";"NL";"Diesel Price";"Tractor-Trailer";"PROG";"EUR/kWh";2030;"0.063";"Sensitivity | Current Policies | Removed CO2 price";"Diesel"
"OPEX";"Diesel";"PL";"Diesel Price";"Rigid";"BAU";"EUR/kWh";2030;"0.063";"Sensitivity | Current Policies | Removed CO2 price";"Diesel"
"OPEX";"Diesel";"PL";"Diesel Price";"Tractor-Trailer";"BAU";"EUR/kWh";2030;"0.063";"Sensitivity | Current Policies | Removed CO2 price";"Diesel"
"OPEX";"Diesel";"PL";"Diesel Price";"Rigid";"PROG";"EUR/kWh";2030;"0.063";"Sensitivity | Current Policies | Removed CO2 price";"Diesel"
"OPEX";"Diesel";"PL";"Diesel Price";"Tractor-Trailer";"PROG";"EUR/kWh";2030;"0.063";"Sensitivity | Current Policies | Removed CO2 price";"Diesel"
"OPEX";"Diesel";"UK";"Diesel Price";"Rigid";"BAU";"EUR/kWh";2030;"0.063";"Sensitivity | Current Policies | Removed CO2 price";"Diesel"
"OPEX";"Diesel";"UK";"Diesel Price";"Tractor-Trailer";"BAU";"EUR/kWh";2030;"0.063";"Sensitivity | Current Policies | Removed CO2 price";"Diesel"
"OPEX";"Diesel";"UK";"Diesel Price";"Rigid";"PROG";"EUR/kWh";2030;"0.063";"Sensitivity | Current Policies | Removed CO2 price";"Diesel"
"OPEX";"Diesel";"UK";"Diesel Price";"Tractor-Trailer";"PROG";"EUR/kWh";2030;"0.063";"Sensitivity | Current Policies | Removed CO2 price";"Diesel"
"OPEX";"Diesel";"FR";"Diesel Price";"Rigid";"BAU";"EUR/kWh";2035;"0.066";"Sensitivity | Current Policies | Removed CO2 price";"Diesel"
"OPEX";"Diesel";"FR";"Diesel Price";"Tractor-Trailer";"BAU";"EUR/kWh";2035;"0.066";"Sensitivity | Current Policies | Removed CO2 price";"Diesel"
"OPEX";"Diesel";"FR";"Diesel Price";"Rigid";"PROG";"EUR/kWh";2035;"0.066";"Sensitivity | Current Policies | Removed CO2 price";"Diesel"
"OPEX";"Diesel";"FR";"Diesel Price";"Tractor-Trailer";"PROG";"EUR/kWh";2035;"0.066";"Sensitivity | Current Policies | Removed CO2 price";"Diesel"
"OPEX";"Diesel";"DE";"Diesel Price";"Rigid";"BAU";"EUR/kWh";2035;"0.066";"Sensitivity | Current Policies | Removed CO2 price";"Diesel"
"OPEX";"Diesel";"DE";"Diesel Price";"Tractor-Trailer";"BAU";"EUR/kWh";2035;"0.066";"Sensitivity | Current Policies | Removed CO2 price";"Diesel"
"OPEX";"Diesel";"DE";"Diesel Price";"Rigid";"PROG";"EUR/kWh";2035;"0.066";"Sensitivity | Current Policies | Removed CO2 price";"Diesel"
"OPEX";"Diesel";"DE";"Diesel Price";"Tractor-Trailer";"PROG";"EUR/kWh";2035;"0.066";"Sensitivity | Current Policies | Removed CO2 price";"Diesel"
"OPEX";"Diesel";"ES";"Diesel Price";"Rigid";"BAU";"EUR/kWh";2035;"0.066";"Sensitivity | Current Policies | Removed CO2 price";"Diesel"
"OPEX";"Diesel";"ES";"Diesel Price";"Tractor-Trailer";"BAU";"EUR/kWh";2035;"0.066";"Sensitivity | Current Policies | Removed CO2 price";"Diesel"
"OPEX";"Diesel";"ES";"Diesel Price";"Rigid";"PROG";"EUR/kWh";2035;"0.066";"Sensitivity | Current Policies | Removed CO2 price";"Diesel"
"OPEX";"Diesel";"ES";"Diesel Price";"Tractor-Trailer";"PROG";"EUR/kWh";2035;"0.066";"Sensitivity | Current Policies | Removed CO2 price";"Diesel"
"OPEX";"Diesel";"IT";"Diesel Price";"Rigid";"BAU";"EUR/kWh";2035;"0.066";"Sensitivity | Current Policies | Removed CO2 price";"Diesel"
"OPEX";"Diesel";"IT";"Diesel Price";"Tractor-Trailer";"BAU";"EUR/kWh";2035;"0.066";"Sensitivity | Current Policies | Removed CO2 price";"Diesel"
"OPEX";"Diesel";"IT";"Diesel Price";"Rigid";"PROG";"EUR/kWh";2035;"0.066";"Sensitivity | Current Policies | Removed CO2 price";"Diesel"
"OPEX";"Diesel";"IT";"Diesel Price";"Tractor-Trailer";"PROG";"EUR/kWh";2035;"0.066";"Sensitivity | Current Policies | Removed CO2 price";"Diesel"
"OPEX";"Diesel";"NL";"Diesel Price";"Rigid";"BAU";"EUR/kWh";2035;"0.066";"Sensitivity | Current Policies | Removed CO2 price";"Diesel"
"OPEX";"Diesel";"NL";"Diesel Price";"Tractor-Trailer";"BAU";"EUR/kWh";2035;"0.066";"Sensitivity | Current Policies | Removed CO2 price";"Diesel"
"OPEX";"Diesel";"NL";"Diesel Price";"Rigid";"PROG";"EUR/kWh";2035;"0.066";"Sensitivity | Current Policies | Removed CO2 price";"Diesel"
"OPEX";"Diesel";"NL";"Diesel Price";"Tractor-Trailer";"PROG";"EUR/kWh";2035;"0.066";"Sensitivity | Current Policies | Removed CO2 price";"Diesel"
"OPEX";"Diesel";"PL";"Diesel Price";"Rigid";"BAU";"EUR/kWh";2035;"0.066";"Sensitivity | Current Policies | Removed CO2 price";"Diesel"
"OPEX";"Diesel";"PL";"Diesel Price";"Tractor-Trailer";"BAU";"EUR/kWh";2035;"0.066";"Sensitivity | Current Policies | Removed CO2 price";"Diesel"
"OPEX";"Diesel";"PL";"Diesel Price";"Rigid";"PROG";"EUR/kWh";2035;"0.066";"Sensitivity | Current Policies | Removed CO2 price";"Diesel"
"OPEX";"Diesel";"PL";"Diesel Price";"Tractor-Trailer";"PROG";"EUR/kWh";2035;"0.066";"Sensitivity | Current Policies | Removed CO2 price";"Diesel"
"OPEX";"Diesel";"UK";"Diesel Price";"Rigid";"BAU";"EUR/kWh";2035;"0.066";"Sensitivity | Current Policies | Removed CO2 price";"Diesel"
"OPEX";"Diesel";"UK";"Diesel Price";"Tractor-Trailer";"BAU";"EUR/kWh";2035;"0.066";"Sensitivity | Current Policies | Removed CO2 price";"Diesel"
"OPEX";"Diesel";"UK";"Diesel Price";"Rigid";"PROG";"EUR/kWh";2035;"0.066";"Sensitivity | Current Policies | Removed CO2 price";"Diesel"
"OPEX";"Diesel";"UK";"Diesel Price";"Tractor-Trailer";"PROG";"EUR/kWh";2035;"0.066";"Sensitivity | Current Policies | Removed CO2 price";"Diesel"
"OPEX";"Diesel";"FR";"Diesel Price";"Rigid";"BAU";"EUR/kWh";2040;"0.069";"Sensitivity | Current Policies | Removed CO2 price";"Diesel"
"OPEX";"Diesel";"FR";"Diesel Price";"Tractor-Trailer";"BAU";"EUR/kWh";2040;"0.069";"Sensitivity | Current Policies | Removed CO2 price";"Diesel"
"OPEX";"Diesel";"FR";"Diesel Price";"Rigid";"PROG";"EUR/kWh";2040;"0.069";"Sensitivity | Current Policies | Removed CO2 price";"Diesel"
"OPEX";"Diesel";"FR";"Diesel Price";"Tractor-Trailer";"PROG";"EUR/kWh";2040;"0.069";"Sensitivity | Current Policies | Removed CO2 price";"Diesel"
"OPEX";"Diesel";"DE";"Diesel Price";"Rigid";"BAU";"EUR/kWh";2040;"0.069";"Sensitivity | Current Policies | Removed CO2 price";"Diesel"
"OPEX";"Diesel";"DE";"Diesel Price";"Tractor-Trailer";"BAU";"EUR/kWh";2040;"0.069";"Sensitivity | Current Policies | Removed CO2 price";"Diesel"
"OPEX";"Diesel";"DE";"Diesel Price";"Rigid";"PROG";"EUR/kWh";2040;"0.069";"Sensitivity | Current Policies | Removed CO2 price";"Diesel"
"OPEX";"Diesel";"DE";"Diesel Price";"Tractor-Trailer";"PROG";"EUR/kWh";2040;"0.069";"Sensitivity | Current Policies | Removed CO2 price";"Diesel"
"OPEX";"Diesel";"ES";"Diesel Price";"Rigid";"BAU";"EUR/kWh";2040;"0.069";"Sensitivity | Current Policies | Removed CO2 price";"Diesel"
"OPEX";"Diesel";"ES";"Diesel Price";"Tractor-Trailer";"BAU";"EUR/kWh";2040;"0.069";"Sensitivity | Current Policies | Removed CO2 price";"Diesel"
"OPEX";"Diesel";"ES";"Diesel Price";"Rigid";"PROG";"EUR/kWh";2040;"0.069";"Sensitivity | Current Policies | Removed CO2 price";"Diesel"
"OPEX";"Diesel";"ES";"Diesel Price";"Tractor-Trailer";"PROG";"EUR/kWh";2040;"0.069";"Sensitivity | Current Policies | Removed CO2 price";"Diesel"
"OPEX";"Diesel";"IT";"Diesel Price";"Rigid";"BAU";"EUR/kWh";2040;"0.069";"Sensitivity | Current Policies | Removed CO2 price";"Diesel"
"OPEX";"Diesel";"IT";"Diesel Price";"Tractor-Trailer";"BAU";"EUR/kWh";2040;"0.069";"Sensitivity | Current Policies | Removed CO2 price";"Diesel"
"OPEX";"Diesel";"IT";"Diesel Price";"Rigid";"PROG";"EUR/kWh";2040;"0.069";"Sensitivity | Current Policies | Removed CO2 price";"Diesel"
"OPEX";"Diesel";"IT";"Diesel Price";"Tractor-Trailer";"PROG";"EUR/kWh";2040;"0.069";"Sensitivity | Current Policies | Removed CO2 price";"Diesel"
"OPEX";"Diesel";"NL";"Diesel Price";"Rigid";"BAU";"EUR/kWh";2040;"0.069";"Sensitivity | Current Policies | Removed CO2 price";"Diesel"
"OPEX";"Diesel";"NL";"Diesel Price";"Tractor-Trailer";"BAU";"EUR/kWh";2040;"0.069";"Sensitivity | Current Policies | Removed CO2 price";"Diesel"
"OPEX";"Diesel";"NL";"Diesel Price";"Rigid";"PROG";"EUR/kWh";2040;"0.069";"Sensitivity | Current Policies | Removed CO2 price";"Diesel"
"OPEX";"Diesel";"NL";"Diesel Price";"Tractor-Trailer";"PROG";"EUR/kWh";2040;"0.069";"Sensitivity | Current Policies | Removed CO2 price";"Diesel"
"OPEX";"Diesel";"PL";"Diesel Price";"Rigid";"BAU";"EUR/kWh";2040;"0.069";"Sensitivity | Current Policies | Removed CO2 price";"Diesel"
"OPEX";"Diesel";"PL";"Diesel Price";"Tractor-Trailer";"BAU";"EUR/kWh";2040;"0.069";"Sensitivity | Current Policies | Removed CO2 price";"Diesel"
"OPEX";"Diesel";"PL";"Diesel Price";"Rigid";"PROG";"EUR/kWh";2040;"0.069";"Sensitivity | Current Policies | Removed CO2 price";"Diesel"
"OPEX";"Diesel";"PL";"Diesel Price";"Tractor-Trailer";"PROG";"EUR/kWh";2040;"0.069";"Sensitivity | Current Policies | Removed CO2 price";"Diesel"
"OPEX";"Diesel";"UK";"Diesel Price";"Rigid";"BAU";"EUR/kWh";2040;"0.069";"Sensitivity | Current Policies | Removed CO2 price";"Diesel"
"OPEX";"Diesel";"UK";"Diesel Price";"Tractor-Trailer";"BAU";"EUR/kWh";2040;"0.069";"Sensitivity | Current Policies | Removed CO2 price";"Diesel"
"OPEX";"Diesel";"UK";"Diesel Price";"Rigid";"PROG";"EUR/kWh";2040;"0.069";"Sensitivity | Current Policies | Removed CO2 price";"Diesel"
"OPEX";"Diesel";"UK";"Diesel Price";"Tractor-Trailer";"PROG";"EUR/kWh";2040;"0.069";"Sensitivity | Current Policies | Removed CO2 price";"Diesel"
"OPEX";"Diesel";"FR";"Diesel Price";"Rigid";"BAU";"EUR/kWh";2045;"0.073";"Sensitivity | Current Policies | Removed CO2 price";"Diesel"
"OPEX";"Diesel";"FR";"Diesel Price";"Tractor-Trailer";"BAU";"EUR/kWh";2045;"0.073";"Sensitivity | Current Policies | Removed CO2 price";"Diesel"
"OPEX";"Diesel";"FR";"Diesel Price";"Rigid";"PROG";"EUR/kWh";2045;"0.073";"Sensitivity | Current Policies | Removed CO2 price";"Diesel"
"OPEX";"Diesel";"FR";"Diesel Price";"Tractor-Trailer";"PROG";"EUR/kWh";2045;"0.073";"Sensitivity | Current Policies | Removed CO2 price";"Diesel"
"OPEX";"Diesel";"DE";"Diesel Price";"Rigid";"BAU";"EUR/kWh";2045;"0.073";"Sensitivity | Current Policies | Removed CO2 price";"Diesel"
"OPEX";"Diesel";"DE";"Diesel Price";"Tractor-Trailer";"BAU";"EUR/kWh";2045;"0.073";"Sensitivity | Current Policies | Removed CO2 price";"Diesel"
"OPEX";"Diesel";"DE";"Diesel Price";"Rigid";"PROG";"EUR/kWh";2045;"0.073";"Sensitivity | Current Policies | Removed CO2 price";"Diesel"
"OPEX";"Diesel";"DE";"Diesel Price";"Tractor-Trailer";"PROG";"EUR/kWh";2045;"0.073";"Sensitivity | Current Policies | Removed CO2 price";"Diesel"
"OPEX";"Diesel";"ES";"Diesel Price";"Rigid";"BAU";"EUR/kWh";2045;"0.073";"Sensitivity | Current Policies | Removed CO2 price";"Diesel"
"OPEX";"Diesel";"ES";"Diesel Price";"Tractor-Trailer";"BAU";"EUR/kWh";2045;"0.073";"Sensitivity | Current Policies | Removed CO2 price";"Diesel"
"OPEX";"Diesel";"ES";"Diesel Price";"Rigid";"PROG";"EUR/kWh";2045;"0.073";"Sensitivity | Current Policies | Removed CO2 price";"Diesel"
"OPEX";"Diesel";"ES";"Diesel Price";"Tractor-Trailer";"PROG";"EUR/kWh";2045;"0.073";"Sensitivity | Current Policies | Removed CO2 price";"Diesel"
"OPEX";"Diesel";"IT";"Diesel Price";"Rigid";"BAU";"EUR/kWh";2045;"0.073";"Sensitivity | Current Policies | Removed CO2 price";"Diesel"
"OPEX";"Diesel";"IT";"Diesel Price";"Tractor-Trailer";"BAU";"EUR/kWh";2045;"0.073";"Sensitivity | Current Policies | Removed CO2 price";"Diesel"
"OPEX";"Diesel";"IT";"Diesel Price";"Rigid";"PROG";"EUR/kWh";2045;"0.073";"Sensitivity | Current Policies | Removed CO2 price";"Diesel"
"OPEX";"Diesel";"IT";"Diesel Price";"Tractor-Trailer";"PROG";"EUR/kWh";2045;"0.073";"Sensitivity | Current Policies | Removed CO2 price";"Diesel"
"OPEX";"Diesel";"NL";"Diesel Price";"Rigid";"BAU";"EUR/kWh";2045;"0.073";"Sensitivity | Current Policies | Removed CO2 price";"Diesel"
"OPEX";"Diesel";"NL";"Diesel Price";"Tractor-Trailer";"BAU";"EUR/kWh";2045;"0.073";"Sensitivity | Current Policies | Removed CO2 price";"Diesel"
"OPEX";"Diesel";"NL";"Diesel Price";"Rigid";"PROG";"EUR/kWh";2045;"0.073";"Sensitivity | Current Policies | Removed CO2 price";"Diesel"
"OPEX";"Diesel";"NL";"Diesel Price";"Tractor-Trailer";"PROG";"EUR/kWh";2045;"0.073";"Sensitivity | Current Policies | Removed CO2 price";"Diesel"
"OPEX";"Diesel";"PL";"Diesel Price";"Rigid";"BAU";"EUR/kWh";2045;"0.073";"Sensitivity | Current Policies | Removed CO2 price";"Diesel"
"OPEX";"Diesel";"PL";"Diesel Price";"Tractor-Trailer";"BAU";"EUR/kWh";2045;"0.073";"Sensitivity | Current Policies | Removed CO2 price";"Diesel"
"OPEX";"Diesel";"PL";"Diesel Price";"Rigid";"PROG";"EUR/kWh";2045;"0.073";"Sensitivity | Current Policies | Removed CO2 price";"Diesel"
"OPEX";"Diesel";"PL";"Diesel Price";"Tractor-Trailer";"PROG";"EUR/kWh";2045;"0.073";"Sensitivity | Current Policies | Removed CO2 price";"Diesel"
"OPEX";"Diesel";"UK";"Diesel Price";"Rigid";"BAU";"EUR/kWh";2045;"0.073";"Sensitivity | Current Policies | Removed CO2 price";"Diesel"
"OPEX";"Diesel";"UK";"Diesel Price";"Tractor-Trailer";"BAU";"EUR/kWh";2045;"0.073";"Sensitivity | Current Policies | Removed CO2 price";"Diesel"
"OPEX";"Diesel";"UK";"Diesel Price";"Rigid";"PROG";"EUR/kWh";2045;"0.073";"Sensitivity | Current Policies | Removed CO2 price";"Diesel"
"OPEX";"Diesel";"UK";"Diesel Price";"Tractor-Trailer";"PROG";"EUR/kWh";2045;"0.073";"Sensitivity | Current Policies | Removed CO2 price";"Diesel"
"OPEX";"Diesel";"FR";"Diesel Price";"Rigid";"BAU";"EUR/kWh";2050;"0.079";"Sensitivity | Current Policies | Removed CO2 price";"Diesel"
"OPEX";"Diesel";"FR";"Diesel Price";"Tractor-Trailer";"BAU";"EUR/kWh";2050;"0.079";"Sensitivity | Current Policies | Removed CO2 price";"Diesel"
"OPEX";"Diesel";"FR";"Diesel Price";"Rigid";"PROG";"EUR/kWh";2050;"0.079";"Sensitivity | Current Policies | Removed CO2 price";"Diesel"
"OPEX";"Diesel";"FR";"Diesel Price";"Tractor-Trailer";"PROG";"EUR/kWh";2050;"0.079";"Sensitivity | Current Policies | Removed CO2 price";"Diesel"
"OPEX";"Diesel";"DE";"Diesel Price";"Rigid";"BAU";"EUR/kWh";2050;"0.079";"Sensitivity | Current Policies | Removed CO2 price";"Diesel"
"OPEX";"Diesel";"DE";"Diesel Price";"Tractor-Trailer";"BAU";"EUR/kWh";2050;"0.079";"Sensitivity | Current Policies | Removed CO2 price";"Diesel"
"OPEX";"Diesel";"DE";"Diesel Price";"Rigid";"PROG";"EUR/kWh";2050;"0.079";"Sensitivity | Current Policies | Removed CO2 price";"Diesel"
"OPEX";"Diesel";"DE";"Diesel Price";"Tractor-Trailer";"PROG";"EUR/kWh";2050;"0.079";"Sensitivity | Current Policies | Removed CO2 price";"Diesel"
"OPEX";"Diesel";"ES";"Diesel Price";"Rigid";"BAU";"EUR/kWh";2050;"0.079";"Sensitivity | Current Policies | Removed CO2 price";"Diesel"
"OPEX";"Diesel";"ES";"Diesel Price";"Tractor-Trailer";"BAU";"EUR/kWh";2050;"0.079";"Sensitivity | Current Policies | Removed CO2 price";"Diesel"
"OPEX";"Diesel";"ES";"Diesel Price";"Rigid";"PROG";"EUR/kWh";2050;"0.079";"Sensitivity | Current Policies | Removed CO2 price";"Diesel"
"OPEX";"Diesel";"ES";"Diesel Price";"Tractor-Trailer";"PROG";"EUR/kWh";2050;"0.079";"Sensitivity | Current Policies | Removed CO2 price";"Diesel"
"OPEX";"Diesel";"IT";"Diesel Price";"Rigid";"BAU";"EUR/kWh";2050;"0.079";"Sensitivity | Current Policies | Removed CO2 price";"Diesel"
"OPEX";"Diesel";"IT";"Diesel Price";"Tractor-Trailer";"BAU";"EUR/kWh";2050;"0.079";"Sensitivity | Current Policies | Removed CO2 price";"Diesel"
"OPEX";"Diesel";"IT";"Diesel Price";"Rigid";"PROG";"EUR/kWh";2050;"0.079";"Sensitivity | Current Policies | Removed CO2 price";"Diesel"
"OPEX";"Diesel";"IT";"Diesel Price";"Tractor-Trailer";"PROG";"EUR/kWh";2050;"0.079";"Sensitivity | Current Policies | Removed CO2 price";"Diesel"
"OPEX";"Diesel";"NL";"Diesel Price";"Rigid";"BAU";"EUR/kWh";2050;"0.079";"Sensitivity | Current Policies | Removed CO2 price";"Diesel"
"OPEX";"Diesel";"NL";"Diesel Price";"Tractor-Trailer";"BAU";"EUR/kWh";2050;"0.079";"Sensitivity | Current Policies | Removed CO2 price";"Diesel"
"OPEX";"Diesel";"NL";"Diesel Price";"Rigid";"PROG";"EUR/kWh";2050;"0.079";"Sensitivity | Current Policies | Removed CO2 price";"Diesel"
"OPEX";"Diesel";"NL";"Diesel Price";"Tractor-Trailer";"PROG";"EUR/kWh";2050;"0.079";"Sensitivity | Current Policies | Removed CO2 price";"Diesel"
"OPEX";"Diesel";"PL";"Diesel Price";"Rigid";"BAU";"EUR/kWh";2050;"0.079";"Sensitivity | Current Policies | Removed CO2 price";"Diesel"
"OPEX";"Diesel";"PL";"Diesel Price";"Tractor-Trailer";"BAU";"EUR/kWh";2050;"0.079";"Sensitivity | Current Policies | Removed CO2 price";"Diesel"
"OPEX";"Diesel";"PL";"Diesel Price";"Rigid";"PROG";"EUR/kWh";2050;"0.079";"Sensitivity | Current Policies | Removed CO2 price";"Diesel"
"OPEX";"Diesel";"PL";"Diesel Price";"Tractor-Trailer";"PROG";"EUR/kWh";2050;"0.079";"Sensitivity | Current Policies | Removed CO2 price";"Diesel"
"OPEX";"Diesel";"UK";"Diesel Price";"Rigid";"BAU";"EUR/kWh";2050;"0.079";"Sensitivity | Current Policies | Removed CO2 price";"Diesel"
"OPEX";"Diesel";"UK";"Diesel Price";"Tractor-Trailer";"BAU";"EUR/kWh";2050;"0.079";"Sensitivity | Current Policies | Removed CO2 price";"Diesel"
"OPEX";"Diesel";"UK";"Diesel Price";"Rigid";"PROG";"EUR/kWh";2050;"0.079";"Sensitivity | Current Policies | Removed CO2 price";"Diesel"
"OPEX";"Diesel";"UK";"Diesel Price";"Tractor-Trailer";"PROG";"EUR/kWh";2050;"0.079";"Sensitivity | Current Policies | Removed CO2 price";"Diesel"
"OPEX";"Diesel";"FR";"Biodiesel Price";"Rigid";"BAU";"EUR/kWh";2030;"0.141";"Sensitivity | Current Policies | Removed CO2 price";"Diesel"
"OPEX";"Diesel";"FR";"Biodiesel Price";"Tractor-Trailer";"BAU";"EUR/kWh";2030;"0.141";"Sensitivity | Current Policies | Removed CO2 price";"Diesel"
"OPEX";"Diesel";"DE";"Biodiesel Price";"Rigid";"BAU";"EUR/kWh";2030;"0.141";"Sensitivity | Current Policies | Removed CO2 price";"Diesel"
"OPEX";"Diesel";"DE";"Biodiesel Price";"Tractor-Trailer";"BAU";"EUR/kWh";2030;"0.141";"Sensitivity | Current Policies | Removed CO2 price";"Diesel"
"OPEX";"Diesel";"ES";"Biodiesel Price";"Rigid";"BAU";"EUR/kWh";2030;"0.141";"Sensitivity | Current Policies | Removed CO2 price";"Diesel"
"OPEX";"Diesel";"ES";"Biodiesel Price";"Tractor-Trailer";"BAU";"EUR/kWh";2030;"0.141";"Sensitivity | Current Policies | Removed CO2 price";"Diesel"
"OPEX";"Diesel";"IT";"Biodiesel Price";"Rigid";"BAU";"EUR/kWh";2030;"0.141";"Sensitivity | Current Policies | Removed CO2 price";"Diesel"
"OPEX";"Diesel";"IT";"Biodiesel Price";"Tractor-Trailer";"BAU";"EUR/kWh";2030;"0.141";"Sensitivity | Current Policies | Removed CO2 price";"Diesel"
"OPEX";"Diesel";"NL";"Biodiesel Price";"Rigid";"BAU";"EUR/kWh";2030;"0.141";"Sensitivity | Current Policies | Removed CO2 price";"Diesel"
"OPEX";"Diesel";"NL";"Biodiesel Price";"Tractor-Trailer";"BAU";"EUR/kWh";2030;"0.141";"Sensitivity | Current Policies | Removed CO2 price";"Diesel"
"OPEX";"Diesel";"PL";"Biodiesel Price";"Rigid";"BAU";"EUR/kWh";2030;"0.141";"Sensitivity | Current Policies | Removed CO2 price";"Diesel"
"OPEX";"Diesel";"PL";"Biodiesel Price";"Tractor-Trailer";"BAU";"EUR/kWh";2030;"0.141";"Sensitivity | Current Policies | Removed CO2 price";"Diesel"
"OPEX";"Diesel";"UK";"Biodiesel Price";"Rigid";"BAU";"EUR/kWh";2030;"0.141";"Sensitivity | Current Policies | Removed CO2 price";"Diesel"
"OPEX";"Diesel";"UK";"Biodiesel Price";"Tractor-Trailer";"BAU";"EUR/kWh";2030;"0.141";"Sensitivity | Current Policies | Removed CO2 price";"Diesel"
"OPEX";"Diesel";"DE";"Pt-Diesel Price";"Rigid";"BAU";"EUR/kWh";2030;"0.26";"Sensitivity | Current Policies | Removed CO2 price";"Diesel"
"OPEX";"Diesel";"DE";"Pt-Diesel Price";"Tractor-Trailer";"BAU";"EUR/kWh";2030;"0.26";"Sensitivity | Current Policies | Removed CO2 price";"Diesel"
"OPEX";"Diesel";"ES";"Pt-Diesel Price";"Rigid";"BAU";"EUR/kWh";2030;"0.26";"Sensitivity | Current Policies | Removed CO2 price";"Diesel"
"OPEX";"Diesel";"ES";"Pt-Diesel Price";"Tractor-Trailer";"BAU";"EUR/kWh";2030;"0.26";"Sensitivity | Current Policies | Removed CO2 price";"Diesel"
"OPEX";"Diesel";"FR";"Pt-Diesel Price";"Rigid";"BAU";"EUR/kWh";2030;"0.26";"Sensitivity | Current Policies | Removed CO2 price";"Diesel"
"OPEX";"Diesel";"FR";"Pt-Diesel Price";"Tractor-Trailer";"BAU";"EUR/kWh";2030;"0.26";"Sensitivity | Current Policies | Removed CO2 price";"Diesel"
"OPEX";"Diesel";"IT";"Pt-Diesel Price";"Rigid";"BAU";"EUR/kWh";2030;"0.26";"Sensitivity | Current Policies | Removed CO2 price";"Diesel"
"OPEX";"Diesel";"IT";"Pt-Diesel Price";"Tractor-Trailer";"BAU";"EUR/kWh";2030;"0.26";"Sensitivity | Current Policies | Removed CO2 price";"Diesel"
"OPEX";"Diesel";"NL";"Pt-Diesel Price";"Rigid";"BAU";"EUR/kWh";2030;"0.26";"Sensitivity | Current Policies | Removed CO2 price";"Diesel"
"OPEX";"Diesel";"NL";"Pt-Diesel Price";"Tractor-Trailer";"BAU";"EUR/kWh";2030;"0.26";"Sensitivity | Current Policies | Removed CO2 price";"Diesel"
"OPEX";"Diesel";"PL";"Pt-Diesel Price";"Rigid";"BAU";"EUR/kWh";2030;"0.26";"Sensitivity | Current Policies | Removed CO2 price";"Diesel"
"OPEX";"Diesel";"PL";"Pt-Diesel Price";"Tractor-Trailer";"BAU";"EUR/kWh";2030;"0.26";"Sensitivity | Current Policies | Removed CO2 price";"Diesel"
"OPEX";"Diesel";"UK";"Pt-Diesel Price";"Rigid";"BAU";"EUR/kWh";2030;"0.26";"Sensitivity | Current Policies | Removed CO2 price";"Diesel"
"OPEX";"Diesel";"UK";"Pt-Diesel Price";"Tractor-Trailer";"BAU";"EUR/kWh";2030;"0.26";"Sensitivity | Current Policies | Removed CO2 price";"Diesel"
"OPEX";"Electricity";"DE";"Electricity Price";"Rigid";"BAU";"EUR/kWh";2030;"0.086";"Sensitivity | Current Policies | Removed CO2 price";"Electricity"
"OPEX";"Electricity";"DE";"Electricity Price";"Tractor-Trailer";"BAU";"EUR/kWh";2030;"0.086";"Sensitivity | Current Policies | Removed CO2 price";"Electricity"
"OPEX";"Electricity";"ES";"Electricity Price";"Rigid";"BAU";"EUR/kWh";2030;"0.086";"Sensitivity | Current Policies | Removed CO2 price";"Electricity"
"OPEX";"Electricity";"ES";"Electricity Price";"Tractor-Trailer";"BAU";"EUR/kWh";2030;"0.086";"Sensitivity | Current Policies | Removed CO2 price";"Electricity"
"OPEX";"Electricity";"FR";"Electricity Price";"Rigid";"BAU";"EUR/kWh";2030;"0.086";"Sensitivity | Current Policies | Removed CO2 price";"Electricity"
"OPEX";"Electricity";"FR";"Electricity Price";"Tractor-Trailer";"BAU";"EUR/kWh";2030;"0.086";"Sensitivity | Current Policies | Removed CO2 price";"Electricity"
"OPEX";"Electricity";"IT";"Electricity Price";"Rigid";"BAU";"EUR/kWh";2030;"0.086";"Sensitivity | Current Policies | Removed CO2 price";"Electricity"
"OPEX";"Electricity";"IT";"Electricity Price";"Tractor-Trailer";"BAU";"EUR/kWh";2030;"0.086";"Sensitivity | Current Policies | Removed CO2 price";"Electricity"
"OPEX";"Electricity";"NL";"Electricity Price";"Rigid";"BAU";"EUR/kWh";2030;"0.086";"Sensitivity | Current Policies | Removed CO2 price";"Electricity"
"OPEX";"Electricity";"NL";"Electricity Price";"Tractor-Trailer";"BAU";"EUR/kWh";2030;"0.086";"Sensitivity | Current Policies | Removed CO2 price";"Electricity"
"OPEX";"Electricity";"PL";"Electricity Price";"Rigid";"BAU";"EUR/kWh";2030;"0.086";"Sensitivity | Current Policies | Removed CO2 price";"Electricity"
"OPEX";"Electricity";"PL";"Electricity Price";"Tractor-Trailer";"BAU";"EUR/kWh";2030;"0.086";"Sensitivity | Current Policies | Removed CO2 price";"Electricity"
"OPEX";"Electricity";"UK";"Electricity Price";"Rigid";"BAU";"EUR/kWh";2030;"0.086";"Sensitivity | Current Policies | Removed CO2 price";"Electricity"
"OPEX";"Electricity";"UK";"Electricity Price";"Tractor-Trailer";"BAU";"EUR/kWh";2030;"0.086";"Sensitivity | Current Policies | Removed CO2 price";"Electricity"
"OPEX";"Hydrogen";"DE";"Hydrogen Price";"Rigid";"BAU";"EUR/kWh";2030;"0.168";"Sensitivity | Current Policies | Removed CO2 price";"Hydrogen"
"OPEX";"Hydrogen";"DE";"Hydrogen Price";"Tractor-Trailer";"BAU";"EUR/kWh";2030;"0.168";"Sensitivity | Current Policies | Removed CO2 price";"Hydrogen"
"OPEX";"Hydrogen";"ES";"Hydrogen Price";"Rigid";"BAU";"EUR/kWh";2030;"0.168";"Sensitivity | Current Policies | Removed CO2 price";"Hydrogen"
"OPEX";"Hydrogen";"ES";"Hydrogen Price";"Tractor-Trailer";"BAU";"EUR/kWh";2030;"0.168";"Sensitivity | Current Policies | Removed CO2 price";"Hydrogen"
"OPEX";"Hydrogen";"FR";"Hydrogen Price";"Rigid";"BAU";"EUR/kWh";2030;"0.168";"Sensitivity | Current Policies | Removed CO2 price";"Hydrogen"
"OPEX";"Hydrogen";"FR";"Hydrogen Price";"Tractor-Trailer";"BAU";"EUR/kWh";2030;"0.168";"Sensitivity | Current Policies | Removed CO2 price";"Hydrogen"
"OPEX";"Hydrogen";"IT";"Hydrogen Price";"Rigid";"BAU";"EUR/kWh";2030;"0.168";"Sensitivity | Current Policies | Removed CO2 price";"Hydrogen"
"OPEX";"Hydrogen";"IT";"Hydrogen Price";"Tractor-Trailer";"BAU";"EUR/kWh";2030;"0.168";"Sensitivity | Current Policies | Removed CO2 price";"Hydrogen"
"OPEX";"Hydrogen";"NL";"Hydrogen Price";"Rigid";"BAU";"EUR/kWh";2030;"0.168";"Sensitivity | Current Policies | Removed CO2 price";"Hydrogen"
"OPEX";"Hydrogen";"NL";"Hydrogen Price";"Tractor-Trailer";"BAU";"EUR/kWh";2030;"0.168";"Sensitivity | Current Policies | Removed CO2 price";"Hydrogen"
"OPEX";"Hydrogen";"PL";"Hydrogen Price";"Rigid";"BAU";"EUR/kWh";2030;"0.168";"Sensitivity | Current Policies | Removed CO2 price";"Hydrogen"
"OPEX";"Hydrogen";"PL";"Hydrogen Price";"Tractor-Trailer";"BAU";"EUR/kWh";2030;"0.168";"Sensitivity | Current Policies | Removed CO2 price";"Hydrogen"
"OPEX";"Hydrogen";"UK";"Hydrogen Price";"Rigid";"BAU";"EUR/kWh";2030;"0.168";"Sensitivity | Current Policies | Removed CO2 price";"Hydrogen"
"OPEX";"Hydrogen";"UK";"Hydrogen Price";"Tractor-Trailer";"BAU";"EUR/kWh";2030;"0.168";"Sensitivity | Current Policies | Removed CO2 price";"Hydrogen"
"OPEX";"Diesel";"FR";"Biodiesel Price";"Rigid";"BAU";"EUR/kWh";2035;"0.159";"Sensitivity | Current Policies | Removed CO2 price";"Diesel"
"OPEX";"Diesel";"FR";"Biodiesel Price";"Tractor-Trailer";"BAU";"EUR/kWh";2035;"0.159";"Sensitivity | Current Policies | Removed CO2 price";"Diesel"
"OPEX";"Diesel";"DE";"Biodiesel Price";"Rigid";"BAU";"EUR/kWh";2035;"0.159";"Sensitivity | Current Policies | Removed CO2 price";"Diesel"
"OPEX";"Diesel";"DE";"Biodiesel Price";"Tractor-Trailer";"BAU";"EUR/kWh";2035;"0.159";"Sensitivity | Current Policies | Removed CO2 price";"Diesel"
"OPEX";"Diesel";"ES";"Biodiesel Price";"Rigid";"BAU";"EUR/kWh";2035;"0.159";"Sensitivity | Current Policies | Removed CO2 price";"Diesel"
"OPEX";"Diesel";"ES";"Biodiesel Price";"Tractor-Trailer";"BAU";"EUR/kWh";2035;"0.159";"Sensitivity | Current Policies | Removed CO2 price";"Diesel"
"OPEX";"Diesel";"IT";"Biodiesel Price";"Rigid";"BAU";"EUR/kWh";2035;"0.159";"Sensitivity | Current Policies | Removed CO2 price";"Diesel"
"OPEX";"Diesel";"IT";"Biodiesel Price";"Tractor-Trailer";"BAU";"EUR/kWh";2035;"0.159";"Sensitivity | Current Policies | Removed CO2 price";"Diesel"
"OPEX";"Diesel";"NL";"Biodiesel Price";"Rigid";"BAU";"EUR/kWh";2035;"0.159";"Sensitivity | Current Policies | Removed CO2 price";"Diesel"
"OPEX";"Diesel";"NL";"Biodiesel Price";"Tractor-Trailer";"BAU";"EUR/kWh";2035;"0.159";"Sensitivity | Current Policies | Removed CO2 price";"Diesel"
"OPEX";"Diesel";"PL";"Biodiesel Price";"Rigid";"BAU";"EUR/kWh";2035;"0.159";"Sensitivity | Current Policies | Removed CO2 price";"Diesel"
"OPEX";"Diesel";"PL";"Biodiesel Price";"Tractor-Trailer";"BAU";"EUR/kWh";2035;"0.159";"Sensitivity | Current Policies | Removed CO2 price";"Diesel"
"OPEX";"Diesel";"UK";"Biodiesel Price";"Rigid";"BAU";"EUR/kWh";2035;"0.159";"Sensitivity | Current Policies | Removed CO2 price";"Diesel"
"OPEX";"Diesel";"UK";"Biodiesel Price";"Tractor-Trailer";"BAU";"EUR/kWh";2035;"0.159";"Sensitivity | Current Policies | Removed CO2 price";"Diesel"
"OPEX";"Diesel";"DE";"Pt-Diesel Price";"Rigid";"BAU";"EUR/kWh";2035;"0.239";"Sensitivity | Current Policies | Removed CO2 price";"Diesel"
"OPEX";"Diesel";"DE";"Pt-Diesel Price";"Tractor-Trailer";"BAU";"EUR/kWh";2035;"0.239";"Sensitivity | Current Policies | Removed CO2 price";"Diesel"
"OPEX";"Diesel";"ES";"Pt-Diesel Price";"Rigid";"BAU";"EUR/kWh";2035;"0.239";"Sensitivity | Current Policies | Removed CO2 price";"Diesel"
"OPEX";"Diesel";"ES";"Pt-Diesel Price";"Tractor-Trailer";"BAU";"EUR/kWh";2035;"0.239";"Sensitivity | Current Policies | Removed CO2 price";"Diesel"
"OPEX";"Diesel";"FR";"Pt-Diesel Price";"Rigid";"BAU";"EUR/kWh";2035;"0.239";"Sensitivity | Current Policies | Removed CO2 price";"Diesel"
"OPEX";"Diesel";"FR";"Pt-Diesel Price";"Tractor-Trailer";"BAU";"EUR/kWh";2035;"0.239";"Sensitivity | Current Policies | Removed CO2 price";"Diesel"
"OPEX";"Diesel";"IT";"Pt-Diesel Price";"Rigid";"BAU";"EUR/kWh";2035;"0.239";"Sensitivity | Current Policies | Removed CO2 price";"Diesel"
"OPEX";"Diesel";"IT";"Pt-Diesel Price";"Tractor-Trailer";"BAU";"EUR/kWh";2035;"0.239";"Sensitivity | Current Policies | Removed CO2 price";"Diesel"
"OPEX";"Diesel";"NL";"Pt-Diesel Price";"Rigid";"BAU";"EUR/kWh";2035;"0.239";"Sensitivity | Current Policies | Removed CO2 price";"Diesel"
"OPEX";"Diesel";"NL";"Pt-Diesel Price";"Tractor-Trailer";"BAU";"EUR/kWh";2035;"0.239";"Sensitivity | Current Policies | Removed CO2 price";"Diesel"
"OPEX";"Diesel";"PL";"Pt-Diesel Price";"Rigid";"BAU";"EUR/kWh";2035;"0.239";"Sensitivity | Current Policies | Removed CO2 price";"Diesel"
"OPEX";"Diesel";"PL";"Pt-Diesel Price";"Tractor-Trailer";"BAU";"EUR/kWh";2035;"0.239";"Sensitivity | Current Policies | Removed CO2 price";"Diesel"
"OPEX";"Diesel";"UK";"Pt-Diesel Price";"Rigid";"BAU";"EUR/kWh";2035;"0.239";"Sensitivity | Current Policies | Removed CO2 price";"Diesel"
"OPEX";"Diesel";"UK";"Pt-Diesel Price";"Tractor-Trailer";"BAU";"EUR/kWh";2035;"0.239";"Sensitivity | Current Policies | Removed CO2 price";"Diesel"
"OPEX";"Electricity";"DE";"Electricity Price";"Rigid";"BAU";"EUR/kWh";2035;"0.076";"Sensitivity | Current Policies | Removed CO2 price";"Electricity"
"OPEX";"Electricity";"DE";"Electricity Price";"Tractor-Trailer";"BAU";"EUR/kWh";2035;"0.076";"Sensitivity | Current Policies | Removed CO2 price";"Electricity"
"OPEX";"Electricity";"ES";"Electricity Price";"Rigid";"BAU";"EUR/kWh";2035;"0.076";"Sensitivity | Current Policies | Removed CO2 price";"Electricity"
"OPEX";"Electricity";"ES";"Electricity Price";"Tractor-Trailer";"BAU";"EUR/kWh";2035;"0.076";"Sensitivity | Current Policies | Removed CO2 price";"Electricity"
"OPEX";"Electricity";"FR";"Electricity Price";"Rigid";"BAU";"EUR/kWh";2035;"0.076";"Sensitivity | Current Policies | Removed CO2 price";"Electricity"
"OPEX";"Electricity";"FR";"Electricity Price";"Tractor-Trailer";"BAU";"EUR/kWh";2035;"0.076";"Sensitivity | Current Policies | Removed CO2 price";"Electricity"
"OPEX";"Electricity";"IT";"Electricity Price";"Rigid";"BAU";"EUR/kWh";2035;"0.076";"Sensitivity | Current Policies | Removed CO2 price";"Electricity"
"OPEX";"Electricity";"IT";"Electricity Price";"Tractor-Trailer";"BAU";"EUR/kWh";2035;"0.076";"Sensitivity | Current Policies | Removed CO2 price";"Electricity"
"OPEX";"Electricity";"NL";"Electricity Price";"Rigid";"BAU";"EUR/kWh";2035;"0.076";"Sensitivity | Current Policies | Removed CO2 price";"Electricity"
"OPEX";"Electricity";"NL";"Electricity Price";"Tractor-Trailer";"BAU";"EUR/kWh";2035;"0.076";"Sensitivity | Current Policies | Removed CO2 price";"Electricity"
"OPEX";"Electricity";"PL";"Electricity Price";"Rigid";"BAU";"EUR/kWh";2035;"0.076";"Sensitivity | Current Policies | Removed CO2 price";"Electricity"
"OPEX";"Electricity";"PL";"Electricity Price";"Tractor-Trailer";"BAU";"EUR/kWh";2035;"0.076";"Sensitivity | Current Policies | Removed CO2 price";"Electricity"
"OPEX";"Electricity";"UK";"Electricity Price";"Rigid";"BAU";"EUR/kWh";2035;"0.076";"Sensitivity | Current Policies | Removed CO2 price";"Electricity"
"OPEX";"Electricity";"UK";"Electricity Price";"Tractor-Trailer";"BAU";"EUR/kWh";2035;"0.076";"Sensitivity | Current Policies | Removed CO2 price";"Electricity"
"OPEX";"Hydrogen";"DE";"Hydrogen Price";"Rigid";"BAU";"EUR/kWh";2035;"0.151";"Sensitivity | Current Policies | Removed CO2 price";"Hydrogen"
"OPEX";"Hydrogen";"DE";"Hydrogen Price";"Tractor-Trailer";"BAU";"EUR/kWh";2035;"0.151";"Sensitivity | Current Policies | Removed CO2 price";"Hydrogen"
"OPEX";"Hydrogen";"ES";"Hydrogen Price";"Rigid";"BAU";"EUR/kWh";2035;"0.151";"Sensitivity | Current Policies | Removed CO2 price";"Hydrogen"
"OPEX";"Hydrogen";"ES";"Hydrogen Price";"Tractor-Trailer";"BAU";"EUR/kWh";2035;"0.151";"Sensitivity | Current Policies | Removed CO2 price";"Hydrogen"
"OPEX";"Hydrogen";"FR";"Hydrogen Price";"Rigid";"BAU";"EUR/kWh";2035;"0.151";"Sensitivity | Current Policies | Removed CO2 price";"Hydrogen"
"OPEX";"Hydrogen";"FR";"Hydrogen Price";"Tractor-Trailer";"BAU";"EUR/kWh";2035;"0.151";"Sensitivity | Current Policies | Removed CO2 price";"Hydrogen"
"OPEX";"Hydrogen";"IT";"Hydrogen Price";"Rigid";"BAU";"EUR/kWh";2035;"0.151";"Sensitivity | Current Policies | Removed CO2 price";"Hydrogen"
"OPEX";"Hydrogen";"IT";"Hydrogen Price";"Tractor-Trailer";"BAU";"EUR/kWh";2035;"0.151";"Sensitivity | Current Policies | Removed CO2 price";"Hydrogen"
"OPEX";"Hydrogen";"NL";"Hydrogen Price";"Rigid";"BAU";"EUR/kWh";2035;"0.151";"Sensitivity | Current Policies | Removed CO2 price";"Hydrogen"
"OPEX";"Hydrogen";"NL";"Hydrogen Price";"Tractor-Trailer";"BAU";"EUR/kWh";2035;"0.151";"Sensitivity | Current Policies | Removed CO2 price";"Hydrogen"
"OPEX";"Hydrogen";"PL";"Hydrogen Price";"Rigid";"BAU";"EUR/kWh";2035;"0.151";"Sensitivity | Current Policies | Removed CO2 price";"Hydrogen"
"OPEX";"Hydrogen";"PL";"Hydrogen Price";"Tractor-Trailer";"BAU";"EUR/kWh";2035;"0.151";"Sensitivity | Current Policies | Removed CO2 price";"Hydrogen"
"OPEX";"Hydrogen";"UK";"Hydrogen Price";"Rigid";"BAU";"EUR/kWh";2035;"0.151";"Sensitivity | Current Policies | Removed CO2 price";"Hydrogen"
"OPEX";"Hydrogen";"UK";"Hydrogen Price";"Tractor-Trailer";"BAU";"EUR/kWh";2035;"0.151";"Sensitivity | Current Policies | Removed CO2 price";"Hydrogen"
"OPEX";"Diesel";"FR";"Biodiesel Price";"Rigid";"BAU";"EUR/kWh";2040;"0.172";"Sensitivity | Current Policies | Removed CO2 price";"Diesel"
"OPEX";"Diesel";"FR";"Biodiesel Price";"Tractor-Trailer";"BAU";"EUR/kWh";2040;"0.172";"Sensitivity | Current Policies | Removed CO2 price";"Diesel"
"OPEX";"Diesel";"DE";"Biodiesel Price";"Rigid";"BAU";"EUR/kWh";2040;"0.172";"Sensitivity | Current Policies | Removed CO2 price";"Diesel"
"OPEX";"Diesel";"DE";"Biodiesel Price";"Tractor-Trailer";"BAU";"EUR/kWh";2040;"0.172";"Sensitivity | Current Policies | Removed CO2 price";"Diesel"
"OPEX";"Diesel";"ES";"Biodiesel Price";"Rigid";"BAU";"EUR/kWh";2040;"0.172";"Sensitivity | Current Policies | Removed CO2 price";"Diesel"
"OPEX";"Diesel";"ES";"Biodiesel Price";"Tractor-Trailer";"BAU";"EUR/kWh";2040;"0.172";"Sensitivity | Current Policies | Removed CO2 price";"Diesel"
"OPEX";"Diesel";"IT";"Biodiesel Price";"Rigid";"BAU";"EUR/kWh";2040;"0.172";"Sensitivity | Current Policies | Removed CO2 price";"Diesel"
"OPEX";"Diesel";"IT";"Biodiesel Price";"Tractor-Trailer";"BAU";"EUR/kWh";2040;"0.172";"Sensitivity | Current Policies | Removed CO2 price";"Diesel"
"OPEX";"Diesel";"NL";"Biodiesel Price";"Rigid";"BAU";"EUR/kWh";2040;"0.172";"Sensitivity | Current Policies | Removed CO2 price";"Diesel"
"OPEX";"Diesel";"NL";"Biodiesel Price";"Tractor-Trailer";"BAU";"EUR/kWh";2040;"0.172";"Sensitivity | Current Policies | Removed CO2 price";"Diesel"
"OPEX";"Diesel";"PL";"Biodiesel Price";"Rigid";"BAU";"EUR/kWh";2040;"0.172";"Sensitivity | Current Policies | Removed CO2 price";"Diesel"
"OPEX";"Diesel";"PL";"Biodiesel Price";"Tractor-Trailer";"BAU";"EUR/kWh";2040;"0.172";"Sensitivity | Current Policies | Removed CO2 price";"Diesel"
"OPEX";"Diesel";"UK";"Biodiesel Price";"Rigid";"BAU";"EUR/kWh";2040;"0.172";"Sensitivity | Current Policies | Removed CO2 price";"Diesel"
"OPEX";"Diesel";"UK";"Biodiesel Price";"Tractor-Trailer";"BAU";"EUR/kWh";2040;"0.172";"Sensitivity | Current Policies | Removed CO2 price";"Diesel"
"OPEX";"Diesel";"DE";"Pt-Diesel Price";"Rigid";"BAU";"EUR/kWh";2040;"0.218";"Sensitivity | Current Policies | Removed CO2 price";"Diesel"
"OPEX";"Diesel";"DE";"Pt-Diesel Price";"Tractor-Trailer";"BAU";"EUR/kWh";2040;"0.218";"Sensitivity | Current Policies | Removed CO2 price";"Diesel"
"OPEX";"Diesel";"ES";"Pt-Diesel Price";"Rigid";"BAU";"EUR/kWh";2040;"0.218";"Sensitivity | Current Policies | Removed CO2 price";"Diesel"
"OPEX";"Diesel";"ES";"Pt-Diesel Price";"Tractor-Trailer";"BAU";"EUR/kWh";2040;"0.218";"Sensitivity | Current Policies | Removed CO2 price";"Diesel"
"OPEX";"Diesel";"FR";"Pt-Diesel Price";"Rigid";"BAU";"EUR/kWh";2040;"0.218";"Sensitivity | Current Policies | Removed CO2 price";"Diesel"
"OPEX";"Diesel";"FR";"Pt-Diesel Price";"Tractor-Trailer";"BAU";"EUR/kWh";2040;"0.218";"Sensitivity | Current Policies | Removed CO2 price";"Diesel"
"OPEX";"Diesel";"IT";"Pt-Diesel Price";"Rigid";"BAU";"EUR/kWh";2040;"0.218";"Sensitivity | Current Policies | Removed CO2 price";"Diesel"
"OPEX";"Diesel";"IT";"Pt-Diesel Price";"Tractor-Trailer";"BAU";"EUR/kWh";2040;"0.218";"Sensitivity | Current Policies | Removed CO2 price";"Diesel"
"OPEX";"Diesel";"NL";"Pt-Diesel Price";"Rigid";"BAU";"EUR/kWh";2040;"0.218";"Sensitivity | Current Policies | Removed CO2 price";"Diesel"
"OPEX";"Diesel";"NL";"Pt-Diesel Price";"Tractor-Trailer";"BAU";"EUR/kWh";2040;"0.218";"Sensitivity | Current Policies | Removed CO2 price";"Diesel"
"OPEX";"Diesel";"PL";"Pt-Diesel Price";"Rigid";"BAU";"EUR/kWh";2040;"0.218";"Sensitivity | Current Policies | Removed CO2 price";"Diesel"
"OPEX";"Diesel";"PL";"Pt-Diesel Price";"Tractor-Trailer";"BAU";"EUR/kWh";2040;"0.218";"Sensitivity | Current Policies | Removed CO2 price";"Diesel"
"OPEX";"Diesel";"UK";"Pt-Diesel Price";"Rigid";"BAU";"EUR/kWh";2040;"0.218";"Sensitivity | Current Policies | Removed CO2 price";"Diesel"
"OPEX";"Diesel";"UK";"Pt-Diesel Price";"Tractor-Trailer";"BAU";"EUR/kWh";2040;"0.218";"Sensitivity | Current Policies | Removed CO2 price";"Diesel"
"OPEX";"Electricity";"DE";"Electricity Price";"Rigid";"BAU";"EUR/kWh";2040;"0.071";"Sensitivity | Current Policies | Removed CO2 price";"Electricity"
"OPEX";"Electricity";"DE";"Electricity Price";"Tractor-Trailer";"BAU";"EUR/kWh";2040;"0.071";"Sensitivity | Current Policies | Removed CO2 price";"Electricity"
"OPEX";"Electricity";"ES";"Electricity Price";"Rigid";"BAU";"EUR/kWh";2040;"0.071";"Sensitivity | Current Policies | Removed CO2 price";"Electricity"
"OPEX";"Electricity";"ES";"Electricity Price";"Tractor-Trailer";"BAU";"EUR/kWh";2040;"0.071";"Sensitivity | Current Policies | Removed CO2 price";"Electricity"
"OPEX";"Electricity";"FR";"Electricity Price";"Rigid";"BAU";"EUR/kWh";2040;"0.071";"Sensitivity | Current Policies | Removed CO2 price";"Electricity"
"OPEX";"Electricity";"FR";"Electricity Price";"Tractor-Trailer";"BAU";"EUR/kWh";2040;"0.071";"Sensitivity | Current Policies | Removed CO2 price";"Electricity"
"OPEX";"Electricity";"IT";"Electricity Price";"Rigid";"BAU";"EUR/kWh";2040;"0.071";"Sensitivity | Current Policies | Removed CO2 price";"Electricity"
"OPEX";"Electricity";"IT";"Electricity Price";"Tractor-Trailer";"BAU";"EUR/kWh";2040;"0.071";"Sensitivity | Current Policies | Removed CO2 price";"Electricity"
"OPEX";"Electricity";"NL";"Electricity Price";"Rigid";"BAU";"EUR/kWh";2040;"0.071";"Sensitivity | Current Policies | Removed CO2 price";"Electricity"
"OPEX";"Electricity";"NL";"Electricity Price";"Tractor-Trailer";"BAU";"EUR/kWh";2040;"0.071";"Sensitivity | Current Policies | Removed CO2 price";"Electricity"
"OPEX";"Electricity";"PL";"Electricity Price";"Rigid";"BAU";"EUR/kWh";2040;"0.071";"Sensitivity | Current Policies | Removed CO2 price";"Electricity"
"OPEX";"Electricity";"PL";"Electricity Price";"Tractor-Trailer";"BAU";"EUR/kWh";2040;"0.071";"Sensitivity | Current Policies | Removed CO2 price";"Electricity"
"OPEX";"Electricity";"UK";"Electricity Price";"Rigid";"BAU";"EUR/kWh";2040;"0.071";"Sensitivity | Current Policies | Removed CO2 price";"Electricity"
"OPEX";"Electricity";"UK";"Electricity Price";"Tractor-Trailer";"BAU";"EUR/kWh";2040;"0.071";"Sensitivity | Current Policies | Removed CO2 price";"Electricity"
"OPEX";"Hydrogen";"DE";"Hydrogen Price";"Rigid";"BAU";"EUR/kWh";2040;"0.134";"Sensitivity | Current Policies | Removed CO2 price";"Hydrogen"
"OPEX";"Hydrogen";"DE";"Hydrogen Price";"Tractor-Trailer";"BAU";"EUR/kWh";2040;"0.134";"Sensitivity | Current Policies | Removed CO2 price";"Hydrogen"
"OPEX";"Hydrogen";"ES";"Hydrogen Price";"Rigid";"BAU";"EUR/kWh";2040;"0.134";"Sensitivity | Current Policies | Removed CO2 price";"Hydrogen"
"OPEX";"Hydrogen";"ES";"Hydrogen Price";"Tractor-Trailer";"BAU";"EUR/kWh";2040;"0.134";"Sensitivity | Current Policies | Removed CO2 price";"Hydrogen"
"OPEX";"Hydrogen";"FR";"Hydrogen Price";"Rigid";"BAU";"EUR/kWh";2040;"0.134";"Sensitivity | Current Policies | Removed CO2 price";"Hydrogen"
"OPEX";"Hydrogen";"FR";"Hydrogen Price";"Tractor-Trailer";"BAU";"EUR/kWh";2040;"0.134";"Sensitivity | Current Policies | Removed CO2 price";"Hydrogen"
"OPEX";"Hydrogen";"IT";"Hydrogen Price";"Rigid";"BAU";"EUR/kWh";2040;"0.134";"Sensitivity | Current Policies | Removed CO2 price";"Hydrogen"
"OPEX";"Hydrogen";"IT";"Hydrogen Price";"Tractor-Trailer";"BAU";"EUR/kWh";2040;"0.134";"Sensitivity | Current Policies | Removed CO2 price";"Hydrogen"
"OPEX";"Hydrogen";"NL";"Hydrogen Price";"Rigid";"BAU";"EUR/kWh";2040;"0.134";"Sensitivity | Current Policies | Removed CO2 price";"Hydrogen"
"OPEX";"Hydrogen";"NL";"Hydrogen Price";"Tractor-Trailer";"BAU";"EUR/kWh";2040;"0.134";"Sensitivity | Current Policies | Removed CO2 price";"Hydrogen"
"OPEX";"Hydrogen";"PL";"Hydrogen Price";"Rigid";"BAU";"EUR/kWh";2040;"0.134";"Sensitivity | Current Policies | Removed CO2 price";"Hydrogen"
"OPEX";"Hydrogen";"PL";"Hydrogen Price";"Tractor-Trailer";"BAU";"EUR/kWh";2040;"0.134";"Sensitivity | Current Policies | Removed CO2 price";"Hydrogen"
"OPEX";"Hydrogen";"UK";"Hydrogen Price";"Rigid";"BAU";"EUR/kWh";2040;"0.134";"Sensitivity | Current Policies | Removed CO2 price";"Hydrogen"
"OPEX";"Hydrogen";"UK";"Hydrogen Price";"Tractor-Trailer";"BAU";"EUR/kWh";2040;"0.134";"Sensitivity | Current Policies | Removed CO2 price";"Hydrogen"
"OPEX";"Diesel";"FR";"Biodiesel Price";"Rigid";"BAU";"EUR/kWh";2045;"0.17";"Sensitivity | Current Policies | Removed CO2 price";"Diesel"
"OPEX";"Diesel";"FR";"Biodiesel Price";"Tractor-Trailer";"BAU";"EUR/kWh";2045;"0.17";"Sensitivity | Current Policies | Removed CO2 price";"Diesel"
"OPEX";"Diesel";"DE";"Biodiesel Price";"Rigid";"BAU";"EUR/kWh";2045;"0.17";"Sensitivity | Current Policies | Removed CO2 price";"Diesel"
"OPEX";"Diesel";"DE";"Biodiesel Price";"Tractor-Trailer";"BAU";"EUR/kWh";2045;"0.17";"Sensitivity | Current Policies | Removed CO2 price";"Diesel"
"OPEX";"Diesel";"ES";"Biodiesel Price";"Rigid";"BAU";"EUR/kWh";2045;"0.17";"Sensitivity | Current Policies | Removed CO2 price";"Diesel"
"OPEX";"Diesel";"ES";"Biodiesel Price";"Tractor-Trailer";"BAU";"EUR/kWh";2045;"0.17";"Sensitivity | Current Policies | Removed CO2 price";"Diesel"
"OPEX";"Diesel";"IT";"Biodiesel Price";"Rigid";"BAU";"EUR/kWh";2045;"0.17";"Sensitivity | Current Policies | Removed CO2 price";"Diesel"
"OPEX";"Diesel";"IT";"Biodiesel Price";"Tractor-Trailer";"BAU";"EUR/kWh";2045;"0.17";"Sensitivity | Current Policies | Removed CO2 price";"Diesel"
"OPEX";"Diesel";"NL";"Biodiesel Price";"Rigid";"BAU";"EUR/kWh";2045;"0.17";"Sensitivity | Current Policies | Removed CO2 price";"Diesel"
"OPEX";"Diesel";"NL";"Biodiesel Price";"Tractor-Trailer";"BAU";"EUR/kWh";2045;"0.17";"Sensitivity | Current Policies | Removed CO2 price";"Diesel"
"OPEX";"Diesel";"PL";"Biodiesel Price";"Rigid";"BAU";"EUR/kWh";2045;"0.17";"Sensitivity | Current Policies | Removed CO2 price";"Diesel"
"OPEX";"Diesel";"PL";"Biodiesel Price";"Tractor-Trailer";"BAU";"EUR/kWh";2045;"0.17";"Sensitivity | Current Policies | Removed CO2 price";"Diesel"
"OPEX";"Diesel";"UK";"Biodiesel Price";"Rigid";"BAU";"EUR/kWh";2045;"0.17";"Sensitivity | Current Policies | Removed CO2 price";"Diesel"
"OPEX";"Diesel";"UK";"Biodiesel Price";"Tractor-Trailer";"BAU";"EUR/kWh";2045;"0.17";"Sensitivity | Current Policies | Removed CO2 price";"Diesel"
"OPEX";"Diesel";"DE";"Pt-Diesel Price";"Rigid";"BAU";"EUR/kWh";2045;"0.196";"Sensitivity | Current Policies | Removed CO2 price";"Diesel"
"OPEX";"Diesel";"DE";"Pt-Diesel Price";"Tractor-Trailer";"BAU";"EUR/kWh";2045;"0.196";"Sensitivity | Current Policies | Removed CO2 price";"Diesel"
"OPEX";"Diesel";"ES";"Pt-Diesel Price";"Rigid";"BAU";"EUR/kWh";2045;"0.196";"Sensitivity | Current Policies | Removed CO2 price";"Diesel"
"OPEX";"Diesel";"ES";"Pt-Diesel Price";"Tractor-Trailer";"BAU";"EUR/kWh";2045;"0.196";"Sensitivity | Current Policies | Removed CO2 price";"Diesel"
"OPEX";"Diesel";"FR";"Pt-Diesel Price";"Rigid";"BAU";"EUR/kWh";2045;"0.196";"Sensitivity | Current Policies | Removed CO2 price";"Diesel"
"OPEX";"Diesel";"FR";"Pt-Diesel Price";"Tractor-Trailer";"BAU";"EUR/kWh";2045;"0.196";"Sensitivity | Current Policies | Removed CO2 price";"Diesel"
"OPEX";"Diesel";"IT";"Pt-Diesel Price";"Rigid";"BAU";"EUR/kWh";2045;"0.196";"Sensitivity | Current Policies | Removed CO2 price";"Diesel"
"OPEX";"Diesel";"IT";"Pt-Diesel Price";"Tractor-Trailer";"BAU";"EUR/kWh";2045;"0.196";"Sensitivity | Current Policies | Removed CO2 price";"Diesel"
"OPEX";"Diesel";"NL";"Pt-Diesel Price";"Rigid";"BAU";"EUR/kWh";2045;"0.196";"Sensitivity | Current Policies | Removed CO2 price";"Diesel"
"OPEX";"Diesel";"NL";"Pt-Diesel Price";"Tractor-Trailer";"BAU";"EUR/kWh";2045;"0.196";"Sensitivity | Current Policies | Removed CO2 price";"Diesel"
"OPEX";"Diesel";"PL";"Pt-Diesel Price";"Rigid";"BAU";"EUR/kWh";2045;"0.196";"Sensitivity | Current Policies | Removed CO2 price";"Diesel"
"OPEX";"Diesel";"PL";"Pt-Diesel Price";"Tractor-Trailer";"BAU";"EUR/kWh";2045;"0.196";"Sensitivity | Current Policies | Removed CO2 price";"Diesel"
"OPEX";"Diesel";"UK";"Pt-Diesel Price";"Rigid";"BAU";"EUR/kWh";2045;"0.196";"Sensitivity | Current Policies | Removed CO2 price";"Diesel"
"OPEX";"Diesel";"UK";"Pt-Diesel Price";"Tractor-Trailer";"BAU";"EUR/kWh";2045;"0.196";"Sensitivity | Current Policies | Removed CO2 price";"Diesel"
"OPEX";"Electricity";"DE";"Electricity Price";"Rigid";"BAU";"EUR/kWh";2045;"0.07";"Sensitivity | Current Policies | Removed CO2 price";"Electricity"
"OPEX";"Electricity";"DE";"Electricity Price";"Tractor-Trailer";"BAU";"EUR/kWh";2045;"0.07";"Sensitivity | Current Policies | Removed CO2 price";"Electricity"
"OPEX";"Electricity";"ES";"Electricity Price";"Rigid";"BAU";"EUR/kWh";2045;"0.07";"Sensitivity | Current Policies | Removed CO2 price";"Electricity"
"OPEX";"Electricity";"ES";"Electricity Price";"Tractor-Trailer";"BAU";"EUR/kWh";2045;"0.07";"Sensitivity | Current Policies | Removed CO2 price";"Electricity"
"OPEX";"Electricity";"FR";"Electricity Price";"Rigid";"BAU";"EUR/kWh";2045;"0.07";"Sensitivity | Current Policies | Removed CO2 price";"Electricity"
"OPEX";"Electricity";"FR";"Electricity Price";"Tractor-Trailer";"BAU";"EUR/kWh";2045;"0.07";"Sensitivity | Current Policies | Removed CO2 price";"Electricity"
"OPEX";"Electricity";"IT";"Electricity Price";"Rigid";"BAU";"EUR/kWh";2045;"0.07";"Sensitivity | Current Policies | Removed CO2 price";"Electricity"
"OPEX";"Electricity";"IT";"Electricity Price";"Tractor-Trailer";"BAU";"EUR/kWh";2045;"0.07";"Sensitivity | Current Policies | Removed CO2 price";"Electricity"
"OPEX";"Electricity";"NL";"Electricity Price";"Rigid";"BAU";"EUR/kWh";2045;"0.07";"Sensitivity | Current Policies | Removed CO2 price";"Electricity"
"OPEX";"Electricity";"NL";"Electricity Price";"Tractor-Trailer";"BAU";"EUR/kWh";2045;"0.07";"Sensitivity | Current Policies | Removed CO2 price";"Electricity"
"OPEX";"Electricity";"PL";"Electricity Price";"Rigid";"BAU";"EUR/kWh";2045;"0.07";"Sensitivity | Current Policies | Removed CO2 price";"Electricity"
"OPEX";"Electricity";"PL";"Electricity Price";"Tractor-Trailer";"BAU";"EUR/kWh";2045;"0.07";"Sensitivity | Current Policies | Removed CO2 price";"Electricity"
"OPEX";"Electricity";"UK";"Electricity Price";"Rigid";"BAU";"EUR/kWh";2045;"0.07";"Sensitivity | Current Policies | Removed CO2 price";"Electricity"
"OPEX";"Electricity";"UK";"Electricity Price";"Tractor-Trailer";"BAU";"EUR/kWh";2045;"0.07";"Sensitivity | Current Policies | Removed CO2 price";"Electricity"
"OPEX";"Hydrogen";"DE";"Hydrogen Price";"Rigid";"BAU";"EUR/kWh";2045;"0.118";"Sensitivity | Current Policies | Removed CO2 price";"Hydrogen"
"OPEX";"Hydrogen";"DE";"Hydrogen Price";"Tractor-Trailer";"BAU";"EUR/kWh";2045;"0.118";"Sensitivity | Current Policies | Removed CO2 price";"Hydrogen"
"OPEX";"Hydrogen";"ES";"Hydrogen Price";"Rigid";"BAU";"EUR/kWh";2045;"0.118";"Sensitivity | Current Policies | Removed CO2 price";"Hydrogen"
"OPEX";"Hydrogen";"ES";"Hydrogen Price";"Tractor-Trailer";"BAU";"EUR/kWh";2045;"0.118";"Sensitivity | Current Policies | Removed CO2 price";"Hydrogen"
"OPEX";"Hydrogen";"FR";"Hydrogen Price";"Rigid";"BAU";"EUR/kWh";2045;"0.118";"Sensitivity | Current Policies | Removed CO2 price";"Hydrogen"
"OPEX";"Hydrogen";"FR";"Hydrogen Price";"Tractor-Trailer";"BAU";"EUR/kWh";2045;"0.118";"Sensitivity | Current Policies | Removed CO2 price";"Hydrogen"
"OPEX";"Hydrogen";"IT";"Hydrogen Price";"Rigid";"BAU";"EUR/kWh";2045;"0.118";"Sensitivity | Current Policies | Removed CO2 price";"Hydrogen"
"OPEX";"Hydrogen";"IT";"Hydrogen Price";"Tractor-Trailer";"BAU";"EUR/kWh";2045;"0.118";"Sensitivity | Current Policies | Removed CO2 price";"Hydrogen"
"OPEX";"Hydrogen";"NL";"Hydrogen Price";"Rigid";"BAU";"EUR/kWh";2045;"0.118";"Sensitivity | Current Policies | Removed CO2 price";"Hydrogen"
"OPEX";"Hydrogen";"NL";"Hydrogen Price";"Tractor-Trailer";"BAU";"EUR/kWh";2045;"0.118";"Sensitivity | Current Policies | Removed CO2 price";"Hydrogen"
"OPEX";"Hydrogen";"PL";"Hydrogen Price";"Rigid";"BAU";"EUR/kWh";2045;"0.118";"Sensitivity | Current Policies | Removed CO2 price";"Hydrogen"
"OPEX";"Hydrogen";"PL";"Hydrogen Price";"Tractor-Trailer";"BAU";"EUR/kWh";2045;"0.118";"Sensitivity | Current Policies | Removed CO2 price";"Hydrogen"
"OPEX";"Hydrogen";"UK";"Hydrogen Price";"Rigid";"BAU";"EUR/kWh";2045;"0.118";"Sensitivity | Current Policies | Removed CO2 price";"Hydrogen"
"OPEX";"Hydrogen";"UK";"Hydrogen Price";"Tractor-Trailer";"BAU";"EUR/kWh";2045;"0.118";"Sensitivity | Current Policies | Removed CO2 price";"Hydrogen"
"OPEX";"Diesel";"FR";"Biodiesel Price";"Rigid";"BAU";"EUR/kWh";2050;"0.152";"Sensitivity | Current Policies | Removed CO2 price";"Diesel"
"OPEX";"Diesel";"FR";"Biodiesel Price";"Tractor-Trailer";"BAU";"EUR/kWh";2050;"0.152";"Sensitivity | Current Policies | Removed CO2 price";"Diesel"
"OPEX";"Diesel";"DE";"Biodiesel Price";"Rigid";"BAU";"EUR/kWh";2050;"0.152";"Sensitivity | Current Policies | Removed CO2 price";"Diesel"
"OPEX";"Diesel";"DE";"Biodiesel Price";"Tractor-Trailer";"BAU";"EUR/kWh";2050;"0.152";"Sensitivity | Current Policies | Removed CO2 price";"Diesel"
"OPEX";"Diesel";"ES";"Biodiesel Price";"Rigid";"BAU";"EUR/kWh";2050;"0.152";"Sensitivity | Current Policies | Removed CO2 price";"Diesel"
"OPEX";"Diesel";"ES";"Biodiesel Price";"Tractor-Trailer";"BAU";"EUR/kWh";2050;"0.152";"Sensitivity | Current Policies | Removed CO2 price";"Diesel"
"OPEX";"Diesel";"IT";"Biodiesel Price";"Rigid";"BAU";"EUR/kWh";2050;"0.152";"Sensitivity | Current Policies | Removed CO2 price";"Diesel"
"OPEX";"Diesel";"IT";"Biodiesel Price";"Tractor-Trailer";"BAU";"EUR/kWh";2050;"0.152";"Sensitivity | Current Policies | Removed CO2 price";"Diesel"
"OPEX";"Diesel";"NL";"Biodiesel Price";"Rigid";"BAU";"EUR/kWh";2050;"0.152";"Sensitivity | Current Policies | Removed CO2 price";"Diesel"
"OPEX";"Diesel";"NL";"Biodiesel Price";"Tractor-Trailer";"BAU";"EUR/kWh";2050;"0.152";"Sensitivity | Current Policies | Removed CO2 price";"Diesel"
"OPEX";"Diesel";"PL";"Biodiesel Price";"Rigid";"BAU";"EUR/kWh";2050;"0.152";"Sensitivity | Current Policies | Removed CO2 price";"Diesel"
"OPEX";"Diesel";"PL";"Biodiesel Price";"Tractor-Trailer";"BAU";"EUR/kWh";2050;"0.152";"Sensitivity | Current Policies | Removed CO2 price";"Diesel"
"OPEX";"Diesel";"UK";"Biodiesel Price";"Rigid";"BAU";"EUR/kWh";2050;"0.152";"Sensitivity | Current Policies | Removed CO2 price";"Diesel"
"OPEX";"Diesel";"UK";"Biodiesel Price";"Tractor-Trailer";"BAU";"EUR/kWh";2050;"0.152";"Sensitivity | Current Policies | Removed CO2 price";"Diesel"
"OPEX";"Diesel";"DE";"Pt-Diesel Price";"Rigid";"BAU";"EUR/kWh";2050;"0.175";"Sensitivity | Current Policies | Removed CO2 price";"Diesel"
"OPEX";"Diesel";"DE";"Pt-Diesel Price";"Tractor-Trailer";"BAU";"EUR/kWh";2050;"0.175";"Sensitivity | Current Policies | Removed CO2 price";"Diesel"
"OPEX";"Diesel";"ES";"Pt-Diesel Price";"Rigid";"BAU";"EUR/kWh";2050;"0.175";"Sensitivity | Current Policies | Removed CO2 price";"Diesel"
"OPEX";"Diesel";"ES";"Pt-Diesel Price";"Tractor-Trailer";"BAU";"EUR/kWh";2050;"0.175";"Sensitivity | Current Policies | Removed CO2 price";"Diesel"
"OPEX";"Diesel";"FR";"Pt-Diesel Price";"Rigid";"BAU";"EUR/kWh";2050;"0.175";"Sensitivity | Current Policies | Removed CO2 price";"Diesel"
"OPEX";"Diesel";"FR";"Pt-Diesel Price";"Tractor-Trailer";"BAU";"EUR/kWh";2050;"0.175";"Sensitivity | Current Policies | Removed CO2 price";"Diesel"
"OPEX";"Diesel";"IT";"Pt-Diesel Price";"Rigid";"BAU";"EUR/kWh";2050;"0.175";"Sensitivity | Current Policies | Removed CO2 price";"Diesel"
"OPEX";"Diesel";"IT";"Pt-Diesel Price";"Tractor-Trailer";"BAU";"EUR/kWh";2050;"0.175";"Sensitivity | Current Policies | Removed CO2 price";"Diesel"
"OPEX";"Diesel";"NL";"Pt-Diesel Price";"Rigid";"BAU";"EUR/kWh";2050;"0.175";"Sensitivity | Current Policies | Removed CO2 price";"Diesel"
"OPEX";"Diesel";"NL";"Pt-Diesel Price";"Tractor-Trailer";"BAU";"EUR/kWh";2050;"0.175";"Sensitivity | Current Policies | Removed CO2 price";"Diesel"
"OPEX";"Diesel";"PL";"Pt-Diesel Price";"Rigid";"BAU";"EUR/kWh";2050;"0.175";"Sensitivity | Current Policies | Removed CO2 price";"Diesel"
"OPEX";"Diesel";"PL";"Pt-Diesel Price";"Tractor-Trailer";"BAU";"EUR/kWh";2050;"0.175";"Sensitivity | Current Policies | Removed CO2 price";"Diesel"
"OPEX";"Diesel";"UK";"Pt-Diesel Price";"Rigid";"BAU";"EUR/kWh";2050;"0.175";"Sensitivity | Current Policies | Removed CO2 price";"Diesel"
"OPEX";"Diesel";"UK";"Pt-Diesel Price";"Tractor-Trailer";"BAU";"EUR/kWh";2050;"0.175";"Sensitivity | Current Policies | Removed CO2 price";"Diesel"
"OPEX";"Electricity";"DE";"Electricity Price";"Rigid";"BAU";"EUR/kWh";2050;"0.07";"Sensitivity | Current Policies | Removed CO2 price";"Electricity"
"OPEX";"Electricity";"DE";"Electricity Price";"Tractor-Trailer";"BAU";"EUR/kWh";2050;"0.07";"Sensitivity | Current Policies | Removed CO2 price";"Electricity"
"OPEX";"Electricity";"ES";"Electricity Price";"Rigid";"BAU";"EUR/kWh";2050;"0.07";"Sensitivity | Current Policies | Removed CO2 price";"Electricity"
"OPEX";"Electricity";"ES";"Electricity Price";"Tractor-Trailer";"BAU";"EUR/kWh";2050;"0.07";"Sensitivity | Current Policies | Removed CO2 price";"Electricity"
"OPEX";"Electricity";"FR";"Electricity Price";"Rigid";"BAU";"EUR/kWh";2050;"0.07";"Sensitivity | Current Policies | Removed CO2 price";"Electricity"
"OPEX";"Electricity";"FR";"Electricity Price";"Tractor-Trailer";"BAU";"EUR/kWh";2050;"0.07";"Sensitivity | Current Policies | Removed CO2 price";"Electricity"
"OPEX";"Electricity";"IT";"Electricity Price";"Rigid";"BAU";"EUR/kWh";2050;"0.07";"Sensitivity | Current Policies | Removed CO2 price";"Electricity"
"OPEX";"Electricity";"IT";"Electricity Price";"Tractor-Trailer";"BAU";"EUR/kWh";2050;"0.07";"Sensitivity | Current Policies | Removed CO2 price";"Electricity"
"OPEX";"Electricity";"NL";"Electricity Price";"Rigid";"BAU";"EUR/kWh";2050;"0.07";"Sensitivity | Current Policies | Removed CO2 price";"Electricity"
"OPEX";"Electricity";"NL";"Electricity Price";"Tractor-Trailer";"BAU";"EUR/kWh";2050;"0.07";"Sensitivity | Current Policies | Removed CO2 price";"Electricity"
"OPEX";"Electricity";"PL";"Electricity Price";"Rigid";"BAU";"EUR/kWh";2050;"0.07";"Sensitivity | Current Policies | Removed CO2 price";"Electricity"
"OPEX";"Electricity";"PL";"Electricity Price";"Tractor-Trailer";"BAU";"EUR/kWh";2050;"0.07";"Sensitivity | Current Policies | Removed CO2 price";"Electricity"
"OPEX";"Electricity";"UK";"Electricity Price";"Rigid";"BAU";"EUR/kWh";2050;"0.07";"Sensitivity | Current Policies | Removed CO2 price";"Electricity"
"OPEX";"Electricity";"UK";"Electricity Price";"Tractor-Trailer";"BAU";"EUR/kWh";2050;"0.07";"Sensitivity | Current Policies | Removed CO2 price";"Electricity"
"OPEX";"Hydrogen";"DE";"Hydrogen Price";"Rigid";"BAU";"EUR/kWh";2050;"0.101";"Sensitivity | Current Policies | Removed CO2 price";"Hydrogen"
"OPEX";"Hydrogen";"DE";"Hydrogen Price";"Tractor-Trailer";"BAU";"EUR/kWh";2050;"0.101";"Sensitivity | Current Policies | Removed CO2 price";"Hydrogen"
"OPEX";"Hydrogen";"ES";"Hydrogen Price";"Rigid";"BAU";"EUR/kWh";2050;"0.101";"Sensitivity | Current Policies | Removed CO2 price";"Hydrogen"
"OPEX";"Hydrogen";"ES";"Hydrogen Price";"Tractor-Trailer";"BAU";"EUR/kWh";2050;"0.101";"Sensitivity | Current Policies | Removed CO2 price";"Hydrogen"
"OPEX";"Hydrogen";"FR";"Hydrogen Price";"Rigid";"BAU";"EUR/kWh";2050;"0.101";"Sensitivity | Current Policies | Removed CO2 price";"Hydrogen"
"OPEX";"Hydrogen";"FR";"Hydrogen Price";"Tractor-Trailer";"BAU";"EUR/kWh";2050;"0.101";"Sensitivity | Current Policies | Removed CO2 price";"Hydrogen"
"OPEX";"Hydrogen";"IT";"Hydrogen Price";"Rigid";"BAU";"EUR/kWh";2050;"0.101";"Sensitivity | Current Policies | Removed CO2 price";"Hydrogen"
"OPEX";"Hydrogen";"IT";"Hydrogen Price";"Tractor-Trailer";"BAU";"EUR/kWh";2050;"0.101";"Sensitivity | Current Policies | Removed CO2 price";"Hydrogen"
"OPEX";"Hydrogen";"NL";"Hydrogen Price";"Rigid";"BAU";"EUR/kWh";2050;"0.101";"Sensitivity | Current Policies | Removed CO2 price";"Hydrogen"
"OPEX";"Hydrogen";"NL";"Hydrogen Price";"Tractor-Trailer";"BAU";"EUR/kWh";2050;"0.101";"Sensitivity | Current Policies | Removed CO2 price";"Hydrogen"
"OPEX";"Hydrogen";"PL";"Hydrogen Price";"Rigid";"BAU";"EUR/kWh";2050;"0.101";"Sensitivity | Current Policies | Removed CO2 price";"Hydrogen"
"OPEX";"Hydrogen";"PL";"Hydrogen Price";"Tractor-Trailer";"BAU";"EUR/kWh";2050;"0.101";"Sensitivity | Current Policies | Removed CO2 price";"Hydrogen"
"OPEX";"Hydrogen";"UK";"Hydrogen Price";"Rigid";"BAU";"EUR/kWh";2050;"0.101";"Sensitivity | Current Policies | Removed CO2 price";"Hydrogen"
"OPEX";"Hydrogen";"UK";"Hydrogen Price";"Tractor-Trailer";"BAU";"EUR/kWh";2050;"0.101";"Sensitivity | Current Policies | Removed CO2 price";"Hydrogen"
"OPEX";"Diesel";"DE";"Share Biodiesel";"Rigid";"BAU";"%";2030;"0.14";"Sensitivity | Current Policies | Removed CO2 price";"Diesel"
"OPEX";"Diesel";"DE";"Share Biodiesel";"Tractor-Trailer";"BAU";"%";2030;"0.14";"Sensitivity | Current Policies | Removed CO2 price";"Diesel"
"OPEX";"Diesel";"ES";"Share Biodiesel";"Rigid";"BAU";"%";2030;"0.14";"Sensitivity | Current Policies | Removed CO2 price";"Diesel"
"OPEX";"Diesel";"ES";"Share Biodiesel";"Tractor-Trailer";"BAU";"%";2030;"0.14";"Sensitivity | Current Policies | Removed CO2 price";"Diesel"
"OPEX";"Diesel";"FR";"Share Biodiesel";"Rigid";"BAU";"%";2030;"0.14";"Sensitivity | Current Policies | Removed CO2 price";"Diesel"
"OPEX";"Diesel";"FR";"Share Biodiesel";"Tractor-Trailer";"BAU";"%";2030;"0.14";"Sensitivity | Current Policies | Removed CO2 price";"Diesel"
"OPEX";"Diesel";"IT";"Share Biodiesel";"Rigid";"BAU";"%";2030;"0.14";"Sensitivity | Current Policies | Removed CO2 price";"Diesel"
"OPEX";"Diesel";"IT";"Share Biodiesel";"Tractor-Trailer";"BAU";"%";2030;"0.14";"Sensitivity | Current Policies | Removed CO2 price";"Diesel"
"OPEX";"Diesel";"NL";"Share Biodiesel";"Rigid";"BAU";"%";2030;"0.14";"Sensitivity | Current Policies | Removed CO2 price";"Diesel"
"OPEX";"Diesel";"NL";"Share Biodiesel";"Tractor-Trailer";"BAU";"%";2030;"0.14";"Sensitivity | Current Policies | Removed CO2 price";"Diesel"
"OPEX";"Diesel";"PL";"Share Biodiesel";"Rigid";"BAU";"%";2030;"0.14";"Sensitivity | Current Policies | Removed CO2 price";"Diesel"
"OPEX";"Diesel";"PL";"Share Biodiesel";"Tractor-Trailer";"BAU";"%";2030;"0.14";"Sensitivity | Current Policies | Removed CO2 price";"Diesel"
"OPEX";"Diesel";"UK";"Share Biodiesel";"Rigid";"BAU";"%";2030;"0.14";"Sensitivity | Current Policies | Removed CO2 price";"Diesel"
"OPEX";"Diesel";"UK";"Share Biodiesel";"Tractor-Trailer";"BAU";"%";2030;"0.14";"Sensitivity | Current Policies | Removed CO2 price";"Diesel"
"OPEX";"Diesel";"DE";"Share Biodiesel";"Rigid";"BAU";"%";2035;"0.23";"Sensitivity | Current Policies | Removed CO2 price";"Diesel"
"OPEX";"Diesel";"DE";"Share Biodiesel";"Tractor-Trailer";"BAU";"%";2035;"0.23";"Sensitivity | Current Policies | Removed CO2 price";"Diesel"
"OPEX";"Diesel";"ES";"Share Biodiesel";"Rigid";"BAU";"%";2035;"0.23";"Sensitivity | Current Policies | Removed CO2 price";"Diesel"
"OPEX";"Diesel";"ES";"Share Biodiesel";"Tractor-Trailer";"BAU";"%";2035;"0.23";"Sensitivity | Current Policies | Removed CO2 price";"Diesel"
"OPEX";"Diesel";"FR";"Share Biodiesel";"Rigid";"BAU";"%";2035;"0.23";"Sensitivity | Current Policies | Removed CO2 price";"Diesel"
"OPEX";"Diesel";"FR";"Share Biodiesel";"Tractor-Trailer";"BAU";"%";2035;"0.23";"Sensitivity | Current Policies | Removed CO2 price";"Diesel"
"OPEX";"Diesel";"IT";"Share Biodiesel";"Rigid";"BAU";"%";2035;"0.23";"Sensitivity | Current Policies | Removed CO2 price";"Diesel"
"OPEX";"Diesel";"IT";"Share Biodiesel";"Tractor-Trailer";"BAU";"%";2035;"0.23";"Sensitivity | Current Policies | Removed CO2 price";"Diesel"
"OPEX";"Diesel";"NL";"Share Biodiesel";"Rigid";"BAU";"%";2035;"0.23";"Sensitivity | Current Policies | Removed CO2 price";"Diesel"
"OPEX";"Diesel";"NL";"Share Biodiesel";"Tractor-Trailer";"BAU";"%";2035;"0.23";"Sensitivity | Current Policies | Removed CO2 price";"Diesel"
"OPEX";"Diesel";"PL";"Share Biodiesel";"Rigid";"BAU";"%";2035;"0.23";"Sensitivity | Current Policies | Removed CO2 price";"Diesel"
"OPEX";"Diesel";"PL";"Share Biodiesel";"Tractor-Trailer";"BAU";"%";2035;"0.23";"Sensitivity | Current Policies | Removed CO2 price";"Diesel"
"OPEX";"Diesel";"UK";"Share Biodiesel";"Rigid";"BAU";"%";2035;"0.23";"Sensitivity | Current Policies | Removed CO2 price";"Diesel"
"OPEX";"Diesel";"UK";"Share Biodiesel";"Tractor-Trailer";"BAU";"%";2035;"0.23";"Sensitivity | Current Policies | Removed CO2 price";"Diesel"
"OPEX";"Diesel";"DE";"Share Biodiesel";"Rigid";"BAU";"%";2040;"0.45";"Sensitivity | Current Policies | Removed CO2 price";"Diesel"
"OPEX";"Diesel";"DE";"Share Biodiesel";"Tractor-Trailer";"BAU";"%";2040;"0.45";"Sensitivity | Current Policies | Removed CO2 price";"Diesel"
"OPEX";"Diesel";"ES";"Share Biodiesel";"Rigid";"BAU";"%";2040;"0.45";"Sensitivity | Current Policies | Removed CO2 price";"Diesel"
"OPEX";"Diesel";"ES";"Share Biodiesel";"Tractor-Trailer";"BAU";"%";2040;"0.45";"Sensitivity | Current Policies | Removed CO2 price";"Diesel"
"OPEX";"Diesel";"FR";"Share Biodiesel";"Rigid";"BAU";"%";2040;"0.45";"Sensitivity | Current Policies | Removed CO2 price";"Diesel"
"OPEX";"Diesel";"FR";"Share Biodiesel";"Tractor-Trailer";"BAU";"%";2040;"0.45";"Sensitivity | Current Policies | Removed CO2 price";"Diesel"
"OPEX";"Diesel";"IT";"Share Biodiesel";"Rigid";"BAU";"%";2040;"0.45";"Sensitivity | Current Policies | Removed CO2 price";"Diesel"
"OPEX";"Diesel";"IT";"Share Biodiesel";"Tractor-Trailer";"BAU";"%";2040;"0.45";"Sensitivity | Current Policies | Removed CO2 price";"Diesel"
"OPEX";"Diesel";"NL";"Share Biodiesel";"Rigid";"BAU";"%";2040;"0.45";"Sensitivity | Current Policies | Removed CO2 price";"Diesel"
"OPEX";"Diesel";"NL";"Share Biodiesel";"Tractor-Trailer";"BAU";"%";2040;"0.45";"Sensitivity | Current Policies | Removed CO2 price";"Diesel"
"OPEX";"Diesel";"PL";"Share Biodiesel";"Rigid";"BAU";"%";2040;"0.45";"Sensitivity | Current Policies | Removed CO2 price";"Diesel"
"OPEX";"Diesel";"PL";"Share Biodiesel";"Tractor-Trailer";"BAU";"%";2040;"0.45";"Sensitivity | Current Policies | Removed CO2 price";"Diesel"
"OPEX";"Diesel";"UK";"Share Biodiesel";"Rigid";"BAU";"%";2040;"0.45";"Sensitivity | Current Policies | Removed CO2 price";"Diesel"
"OPEX";"Diesel";"UK";"Share Biodiesel";"Tractor-Trailer";"BAU";"%";2040;"0.45";"Sensitivity | Current Policies | Removed CO2 price";"Diesel"
"OPEX";"Diesel";"DE";"Share Biodiesel";"Rigid";"BAU";"%";2045;"0.53";"Sensitivity | Current Policies | Removed CO2 price";"Diesel"
"OPEX";"Diesel";"DE";"Share Biodiesel";"Tractor-Trailer";"BAU";"%";2045;"0.53";"Sensitivity | Current Policies | Removed CO2 price";"Diesel"
"OPEX";"Diesel";"ES";"Share Biodiesel";"Rigid";"BAU";"%";2045;"0.53";"Sensitivity | Current Policies | Removed CO2 price";"Diesel"
"OPEX";"Diesel";"ES";"Share Biodiesel";"Tractor-Trailer";"BAU";"%";2045;"0.53";"Sensitivity | Current Policies | Removed CO2 price";"Diesel"
"OPEX";"Diesel";"FR";"Share Biodiesel";"Rigid";"BAU";"%";2045;"0.53";"Sensitivity | Current Policies | Removed CO2 price";"Diesel"
"OPEX";"Diesel";"FR";"Share Biodiesel";"Tractor-Trailer";"BAU";"%";2045;"0.53";"Sensitivity | Current Policies | Removed CO2 price";"Diesel"
"OPEX";"Diesel";"IT";"Share Biodiesel";"Rigid";"BAU";"%";2045;"0.53";"Sensitivity | Current Policies | Removed CO2 price";"Diesel"
"OPEX";"Diesel";"IT";"Share Biodiesel";"Tractor-Trailer";"BAU";"%";2045;"0.53";"Sensitivity | Current Policies | Removed CO2 price";"Diesel"
"OPEX";"Diesel";"NL";"Share Biodiesel";"Rigid";"BAU";"%";2045;"0.53";"Sensitivity | Current Policies | Removed CO2 price";"Diesel"
"OPEX";"Diesel";"NL";"Share Biodiesel";"Tractor-Trailer";"BAU";"%";2045;"0.53";"Sensitivity | Current Policies | Removed CO2 price";"Diesel"
"OPEX";"Diesel";"PL";"Share Biodiesel";"Rigid";"BAU";"%";2045;"0.53";"Sensitivity | Current Policies | Removed CO2 price";"Diesel"
"OPEX";"Diesel";"PL";"Share Biodiesel";"Tractor-Trailer";"BAU";"%";2045;"0.53";"Sensitivity | Current Policies | Removed CO2 price";"Diesel"
"OPEX";"Diesel";"UK";"Share Biodiesel";"Rigid";"BAU";"%";2045;"0.53";"Sensitivity | Current Policies | Removed CO2 price";"Diesel"
"OPEX";"Diesel";"UK";"Share Biodiesel";"Tractor-Trailer";"BAU";"%";2045;"0.53";"Sensitivity | Current Policies | Removed CO2 price";"Diesel"
"OPEX";"Diesel";"DE";"Share Biodiesel";"Rigid";"BAU";"%";2050;"0.51";"Sensitivity | Current Policies | Removed CO2 price";"Diesel"
"OPEX";"Diesel";"DE";"Share Biodiesel";"Tractor-Trailer";"BAU";"%";2050;"0.51";"Sensitivity | Current Policies | Removed CO2 price";"Diesel"
"OPEX";"Diesel";"ES";"Share Biodiesel";"Rigid";"BAU";"%";2050;"0.51";"Sensitivity | Current Policies | Removed CO2 price";"Diesel"
"OPEX";"Diesel";"ES";"Share Biodiesel";"Tractor-Trailer";"BAU";"%";2050;"0.51";"Sensitivity | Current Policies | Removed CO2 price";"Diesel"
"OPEX";"Diesel";"FR";"Share Biodiesel";"Rigid";"BAU";"%";2050;"0.51";"Sensitivity | Current Policies | Removed CO2 price";"Diesel"
"OPEX";"Diesel";"FR";"Share Biodiesel";"Tractor-Trailer";"BAU";"%";2050;"0.51";"Sensitivity | Current Policies | Removed CO2 price";"Diesel"
"OPEX";"Diesel";"IT";"Share Biodiesel";"Rigid";"BAU";"%";2050;"0.51";"Sensitivity | Current Policies | Removed CO2 price";"Diesel"
"OPEX";"Diesel";"IT";"Share Biodiesel";"Tractor-Trailer";"BAU";"%";2050;"0.51";"Sensitivity | Current Policies | Removed CO2 price";"Diesel"
"OPEX";"Diesel";"NL";"Share Biodiesel";"Rigid";"BAU";"%";2050;"0.51";"Sensitivity | Current Policies | Removed CO2 price";"Diesel"
"OPEX";"Diesel";"NL";"Share Biodiesel";"Tractor-Trailer";"BAU";"%";2050;"0.51";"Sensitivity | Current Policies | Removed CO2 price";"Diesel"
"OPEX";"Diesel";"PL";"Share Biodiesel";"Rigid";"BAU";"%";2050;"0.51";"Sensitivity | Current Policies | Removed CO2 price";"Diesel"
"OPEX";"Diesel";"PL";"Share Biodiesel";"Tractor-Trailer";"BAU";"%";2050;"0.51";"Sensitivity | Current Policies | Removed CO2 price";"Diesel"
"OPEX";"Diesel";"UK";"Share Biodiesel";"Rigid";"BAU";"%";2050;"0.51";"Sensitivity | Current Policies | Removed CO2 price";"Diesel"
"OPEX";"Diesel";"UK";"Share Biodiesel";"Tractor-Trailer";"BAU";"%";2050;"0.51";"Sensitivity | Current Policies | Removed CO2 price";"Diesel"
"OPEX";"Diesel";"DE";"Share Biodiesel";"Rigid";"PROG";"%";2030;"0.18";"Sensitivity | Current Policies | Removed CO2 price";"Diesel"
"OPEX";"Diesel";"DE";"Share Biodiesel";"Tractor-Trailer";"PROG";"%";2030;"0.18";"Sensitivity | Current Policies | Removed CO2 price";"Diesel"
"OPEX";"Diesel";"ES";"Share Biodiesel";"Rigid";"PROG";"%";2030;"0.18";"Sensitivity | Current Policies | Removed CO2 price";"Diesel"
"OPEX";"Diesel";"ES";"Share Biodiesel";"Tractor-Trailer";"PROG";"%";2030;"0.18";"Sensitivity | Current Policies | Removed CO2 price";"Diesel"
"OPEX";"Diesel";"FR";"Share Biodiesel";"Rigid";"PROG";"%";2030;"0.18";"Sensitivity | Current Policies | Removed CO2 price";"Diesel"
"OPEX";"Diesel";"FR";"Share Biodiesel";"Tractor-Trailer";"PROG";"%";2030;"0.18";"Sensitivity | Current Policies | Removed CO2 price";"Diesel"
"OPEX";"Diesel";"IT";"Share Biodiesel";"Rigid";"PROG";"%";2030;"0.18";"Sensitivity | Current Policies | Removed CO2 price";"Diesel"
"OPEX";"Diesel";"IT";"Share Biodiesel";"Tractor-Trailer";"PROG";"%";2030;"0.18";"Sensitivity | Current Policies | Removed CO2 price";"Diesel"
"OPEX";"Diesel";"NL";"Share Biodiesel";"Rigid";"PROG";"%";2030;"0.18";"Sensitivity | Current Policies | Removed CO2 price";"Diesel"
"OPEX";"Diesel";"NL";"Share Biodiesel";"Tractor-Trailer";"PROG";"%";2030;"0.18";"Sensitivity | Current Policies | Removed CO2 price";"Diesel"
"OPEX";"Diesel";"PL";"Share Biodiesel";"Rigid";"PROG";"%";2030;"0.18";"Sensitivity | Current Policies | Removed CO2 price";"Diesel"
"OPEX";"Diesel";"PL";"Share Biodiesel";"Tractor-Trailer";"PROG";"%";2030;"0.18";"Sensitivity | Current Policies | Removed CO2 price";"Diesel"
"OPEX";"Diesel";"UK";"Share Biodiesel";"Rigid";"PROG";"%";2030;"0.18";"Sensitivity | Current Policies | Removed CO2 price";"Diesel"
"OPEX";"Diesel";"UK";"Share Biodiesel";"Tractor-Trailer";"PROG";"%";2030;"0.18";"Sensitivity | Current Policies | Removed CO2 price";"Diesel"
"OPEX";"Diesel";"DE";"Share Biodiesel";"Rigid";"PROG";"%";2035;"0.24";"Sensitivity | Current Policies | Removed CO2 price";"Diesel"
"OPEX";"Diesel";"DE";"Share Biodiesel";"Tractor-Trailer";"PROG";"%";2035;"0.24";"Sensitivity | Current Policies | Removed CO2 price";"Diesel"
"OPEX";"Diesel";"ES";"Share Biodiesel";"Rigid";"PROG";"%";2035;"0.24";"Sensitivity | Current Policies | Removed CO2 price";"Diesel"
"OPEX";"Diesel";"ES";"Share Biodiesel";"Tractor-Trailer";"PROG";"%";2035;"0.24";"Sensitivity | Current Policies | Removed CO2 price";"Diesel"
"OPEX";"Diesel";"FR";"Share Biodiesel";"Rigid";"PROG";"%";2035;"0.24";"Sensitivity | Current Policies | Removed CO2 price";"Diesel"
"OPEX";"Diesel";"FR";"Share Biodiesel";"Tractor-Trailer";"PROG";"%";2035;"0.24";"Sensitivity | Current Policies | Removed CO2 price";"Diesel"
"OPEX";"Diesel";"IT";"Share Biodiesel";"Rigid";"PROG";"%";2035;"0.24";"Sensitivity | Current Policies | Removed CO2 price";"Diesel"
"OPEX";"Diesel";"IT";"Share Biodiesel";"Tractor-Trailer";"PROG";"%";2035;"0.24";"Sensitivity | Current Policies | Removed CO2 price";"Diesel"
"OPEX";"Diesel";"NL";"Share Biodiesel";"Rigid";"PROG";"%";2035;"0.24";"Sensitivity | Current Policies | Removed CO2 price";"Diesel"
"OPEX";"Diesel";"NL";"Share Biodiesel";"Tractor-Trailer";"PROG";"%";2035;"0.24";"Sensitivity | Current Policies | Removed CO2 price";"Diesel"
"OPEX";"Diesel";"PL";"Share Biodiesel";"Rigid";"PROG";"%";2035;"0.24";"Sensitivity | Current Policies | Removed CO2 price";"Diesel"
"OPEX";"Diesel";"PL";"Share Biodiesel";"Tractor-Trailer";"PROG";"%";2035;"0.24";"Sensitivity | Current Policies | Removed CO2 price";"Diesel"
"OPEX";"Diesel";"UK";"Share Biodiesel";"Rigid";"PROG";"%";2035;"0.24";"Sensitivity | Current Policies | Removed CO2 price";"Diesel"
"OPEX";"Diesel";"UK";"Share Biodiesel";"Tractor-Trailer";"PROG";"%";2035;"0.24";"Sensitivity | Current Policies | Removed CO2 price";"Diesel"
"OPEX";"Diesel";"DE";"Share Biodiesel";"Rigid";"PROG";"%";2040;"0.32";"Sensitivity | Current Policies | Removed CO2 price";"Diesel"
"OPEX";"Diesel";"DE";"Share Biodiesel";"Tractor-Trailer";"PROG";"%";2040;"0.32";"Sensitivity | Current Policies | Removed CO2 price";"Diesel"
"OPEX";"Diesel";"ES";"Share Biodiesel";"Rigid";"PROG";"%";2040;"0.32";"Sensitivity | Current Policies | Removed CO2 price";"Diesel"
"OPEX";"Diesel";"ES";"Share Biodiesel";"Tractor-Trailer";"PROG";"%";2040;"0.32";"Sensitivity | Current Policies | Removed CO2 price";"Diesel"
"OPEX";"Diesel";"FR";"Share Biodiesel";"Rigid";"PROG";"%";2040;"0.32";"Sensitivity | Current Policies | Removed CO2 price";"Diesel"
"OPEX";"Diesel";"FR";"Share Biodiesel";"Tractor-Trailer";"PROG";"%";2040;"0.32";"Sensitivity | Current Policies | Removed CO2 price";"Diesel"
"OPEX";"Diesel";"IT";"Share Biodiesel";"Rigid";"PROG";"%";2040;"0.32";"Sensitivity | Current Policies | Removed CO2 price";"Diesel"
"OPEX";"Diesel";"IT";"Share Biodiesel";"Tractor-Trailer";"PROG";"%";2040;"0.32";"Sensitivity | Current Policies | Removed CO2 price";"Diesel"
"OPEX";"Diesel";"NL";"Share Biodiesel";"Rigid";"PROG";"%";2040;"0.32";"Sensitivity | Current Policies | Removed CO2 price";"Diesel"
"OPEX";"Diesel";"NL";"Share Biodiesel";"Tractor-Trailer";"PROG";"%";2040;"0.32";"Sensitivity | Current Policies | Removed CO2 price";"Diesel"
"OPEX";"Diesel";"PL";"Share Biodiesel";"Rigid";"PROG";"%";2040;"0.32";"Sensitivity | Current Policies | Removed CO2 price";"Diesel"
"OPEX";"Diesel";"PL";"Share Biodiesel";"Tractor-Trailer";"PROG";"%";2040;"0.32";"Sensitivity | Current Policies | Removed CO2 price";"Diesel"
"OPEX";"Diesel";"UK";"Share Biodiesel";"Rigid";"PROG";"%";2040;"0.32";"Sensitivity | Current Policies | Removed CO2 price";"Diesel"
"OPEX";"Diesel";"UK";"Share Biodiesel";"Tractor-Trailer";"PROG";"%";2040;"0.32";"Sensitivity | Current Policies | Removed CO2 price";"Diesel"
"OPEX";"Diesel";"DE";"Share Biodiesel";"Rigid";"PROG";"%";2045;"0.35";"Sensitivity | Current Policies | Removed CO2 price";"Diesel"
"OPEX";"Diesel";"DE";"Share Biodiesel";"Tractor-Trailer";"PROG";"%";2045;"0.35";"Sensitivity | Current Policies | Removed CO2 price";"Diesel"
"OPEX";"Diesel";"ES";"Share Biodiesel";"Rigid";"PROG";"%";2045;"0.35";"Sensitivity | Current Policies | Removed CO2 price";"Diesel"
"OPEX";"Diesel";"ES";"Share Biodiesel";"Tractor-Trailer";"PROG";"%";2045;"0.35";"Sensitivity | Current Policies | Removed CO2 price";"Diesel"
"OPEX";"Diesel";"FR";"Share Biodiesel";"Rigid";"PROG";"%";2045;"0.35";"Sensitivity | Current Policies | Removed CO2 price";"Diesel"
"OPEX";"Diesel";"FR";"Share Biodiesel";"Tractor-Trailer";"PROG";"%";2045;"0.35";"Sensitivity | Current Policies | Removed CO2 price";"Diesel"
"OPEX";"Diesel";"IT";"Share Biodiesel";"Rigid";"PROG";"%";2045;"0.35";"Sensitivity | Current Policies | Removed CO2 price";"Diesel"
"OPEX";"Diesel";"IT";"Share Biodiesel";"Tractor-Trailer";"PROG";"%";2045;"0.35";"Sensitivity | Current Policies | Removed CO2 price";"Diesel"
"OPEX";"Diesel";"NL";"Share Biodiesel";"Rigid";"PROG";"%";2045;"0.35";"Sensitivity | Current Policies | Removed CO2 price";"Diesel"
"OPEX";"Diesel";"NL";"Share Biodiesel";"Tractor-Trailer";"PROG";"%";2045;"0.35";"Sensitivity | Current Policies | Removed CO2 price";"Diesel"
"OPEX";"Diesel";"PL";"Share Biodiesel";"Rigid";"PROG";"%";2045;"0.35";"Sensitivity | Current Policies | Removed CO2 price";"Diesel"
"OPEX";"Diesel";"PL";"Share Biodiesel";"Tractor-Trailer";"PROG";"%";2045;"0.35";"Sensitivity | Current Policies | Removed CO2 price";"Diesel"
"OPEX";"Diesel";"UK";"Share Biodiesel";"Rigid";"PROG";"%";2045;"0.35";"Sensitivity | Current Policies | Removed CO2 price";"Diesel"
"OPEX";"Diesel";"UK";"Share Biodiesel";"Tractor-Trailer";"PROG";"%";2045;"0.35";"Sensitivity | Current Policies | Removed CO2 price";"Diesel"
"OPEX";"Diesel";"DE";"Share Biodiesel";"Rigid";"PROG";"%";2050;"0.33";"Sensitivity | Current Policies | Removed CO2 price";"Diesel"
"OPEX";"Diesel";"DE";"Share Biodiesel";"Tractor-Trailer";"PROG";"%";2050;"0.33";"Sensitivity | Current Policies | Removed CO2 price";"Diesel"
"OPEX";"Diesel";"ES";"Share Biodiesel";"Rigid";"PROG";"%";2050;"0.33";"Sensitivity | Current Policies | Removed CO2 price";"Diesel"
"OPEX";"Diesel";"ES";"Share Biodiesel";"Tractor-Trailer";"PROG";"%";2050;"0.33";"Sensitivity | Current Policies | Removed CO2 price";"Diesel"
"OPEX";"Diesel";"FR";"Share Biodiesel";"Rigid";"PROG";"%";2050;"0.33";"Sensitivity | Current Policies | Removed CO2 price";"Diesel"
"OPEX";"Diesel";"FR";"Share Biodiesel";"Tractor-Trailer";"PROG";"%";2050;"0.33";"Sensitivity | Current Policies | Removed CO2 price";"Diesel"
"OPEX";"Diesel";"IT";"Share Biodiesel";"Rigid";"PROG";"%";2050;"0.33";"Sensitivity | Current Policies | Removed CO2 price";"Diesel"
"OPEX";"Diesel";"IT";"Share Biodiesel";"Tractor-Trailer";"PROG";"%";2050;"0.33";"Sensitivity | Current Policies | Removed CO2 price";"Diesel"
"OPEX";"Diesel";"NL";"Share Biodiesel";"Rigid";"PROG";"%";2050;"0.33";"Sensitivity | Current Policies | Removed CO2 price";"Diesel"
"OPEX";"Diesel";"NL";"Share Biodiesel";"Tractor-Trailer";"PROG";"%";2050;"0.33";"Sensitivity | Current Policies | Removed CO2 price";"Diesel"
"OPEX";"Diesel";"PL";"Share Biodiesel";"Rigid";"PROG";"%";2050;"0.33";"Sensitivity | Current Policies | Removed CO2 price";"Diesel"
"OPEX";"Diesel";"PL";"Share Biodiesel";"Tractor-Trailer";"PROG";"%";2050;"0.33";"Sensitivity | Current Policies | Removed CO2 price";"Diesel"
"OPEX";"Diesel";"UK";"Share Biodiesel";"Rigid";"PROG";"%";2050;"0.33";"Sensitivity | Current Policies | Removed CO2 price";"Diesel"
"OPEX";"Diesel";"UK";"Share Biodiesel";"Tractor-Trailer";"PROG";"%";2050;"0.33";"Sensitivity | Current Policies | Removed CO2 price";"Diesel"
"OPEX";"Diesel";"DE";"Share Synthetic Diesel (E-Fuels)";"Rigid";"BAU";"%";2030;"0";"Sensitivity | Current Policies | Removed CO2 price";"Diesel"
"OPEX";"Diesel";"DE";"Share Synthetic Diesel (E-Fuels)";"Tractor-Trailer";"BAU";"%";2030;"0";"Sensitivity | Current Policies | Removed CO2 price";"Diesel"
"OPEX";"Diesel";"ES";"Share Synthetic Diesel (E-Fuels)";"Rigid";"BAU";"%";2030;"0";"Sensitivity | Current Policies | Removed CO2 price";"Diesel"
"OPEX";"Diesel";"ES";"Share Synthetic Diesel (E-Fuels)";"Tractor-Trailer";"BAU";"%";2030;"0";"Sensitivity | Current Policies | Removed CO2 price";"Diesel"
"OPEX";"Diesel";"FR";"Share Synthetic Diesel (E-Fuels)";"Rigid";"BAU";"%";2030;"0";"Sensitivity | Current Policies | Removed CO2 price";"Diesel"
"OPEX";"Diesel";"FR";"Share Synthetic Diesel (E-Fuels)";"Tractor-Trailer";"BAU";"%";2030;"0";"Sensitivity | Current Policies | Removed CO2 price";"Diesel"
"OPEX";"Diesel";"IT";"Share Synthetic Diesel (E-Fuels)";"Rigid";"BAU";"%";2030;"0";"Sensitivity | Current Policies | Removed CO2 price";"Diesel"
"OPEX";"Diesel";"IT";"Share Synthetic Diesel (E-Fuels)";"Tractor-Trailer";"BAU";"%";2030;"0";"Sensitivity | Current Policies | Removed CO2 price";"Diesel"
"OPEX";"Diesel";"NL";"Share Synthetic Diesel (E-Fuels)";"Rigid";"BAU";"%";2030;"0";"Sensitivity | Current Policies | Removed CO2 price";"Diesel"
"OPEX";"Diesel";"NL";"Share Synthetic Diesel (E-Fuels)";"Tractor-Trailer";"BAU";"%";2030;"0";"Sensitivity | Current Policies | Removed CO2 price";"Diesel"
"OPEX";"Diesel";"PL";"Share Synthetic Diesel (E-Fuels)";"Rigid";"BAU";"%";2030;"0";"Sensitivity | Current Policies | Removed CO2 price";"Diesel"
"OPEX";"Diesel";"PL";"Share Synthetic Diesel (E-Fuels)";"Tractor-Trailer";"BAU";"%";2030;"0";"Sensitivity | Current Policies | Removed CO2 price";"Diesel"
"OPEX";"Diesel";"UK";"Share Synthetic Diesel (E-Fuels)";"Rigid";"BAU";"%";2030;"0";"Sensitivity | Current Policies | Removed CO2 price";"Diesel"
"OPEX";"Diesel";"UK";"Share Synthetic Diesel (E-Fuels)";"Tractor-Trailer";"BAU";"%";2030;"0";"Sensitivity | Current Policies | Removed CO2 price";"Diesel"
"OPEX";"Diesel";"DE";"Share Synthetic Diesel (E-Fuels)";"Rigid";"BAU";"%";2035;"0";"Sensitivity | Current Policies | Removed CO2 price";"Diesel"
"OPEX";"Diesel";"DE";"Share Synthetic Diesel (E-Fuels)";"Tractor-Trailer";"BAU";"%";2035;"0";"Sensitivity | Current Policies | Removed CO2 price";"Diesel"
"OPEX";"Diesel";"ES";"Share Synthetic Diesel (E-Fuels)";"Rigid";"BAU";"%";2035;"0";"Sensitivity | Current Policies | Removed CO2 price";"Diesel"
"OPEX";"Diesel";"ES";"Share Synthetic Diesel (E-Fuels)";"Tractor-Trailer";"BAU";"%";2035;"0";"Sensitivity | Current Policies | Removed CO2 price";"Diesel"
"OPEX";"Diesel";"FR";"Share Synthetic Diesel (E-Fuels)";"Rigid";"BAU";"%";2035;"0";"Sensitivity | Current Policies | Removed CO2 price";"Diesel"
"OPEX";"Diesel";"FR";"Share Synthetic Diesel (E-Fuels)";"Tractor-Trailer";"BAU";"%";2035;"0";"Sensitivity | Current Policies | Removed CO2 price";"Diesel"
"OPEX";"Diesel";"IT";"Share Synthetic Diesel (E-Fuels)";"Rigid";"BAU";"%";2035;"0";"Sensitivity | Current Policies | Removed CO2 price";"Diesel"
"OPEX";"Diesel";"IT";"Share Synthetic Diesel (E-Fuels)";"Tractor-Trailer";"BAU";"%";2035;"0";"Sensitivity | Current Policies | Removed CO2 price";"Diesel"
"OPEX";"Diesel";"NL";"Share Synthetic Diesel (E-Fuels)";"Rigid";"BAU";"%";2035;"0";"Sensitivity | Current Policies | Removed CO2 price";"Diesel"
"OPEX";"Diesel";"NL";"Share Synthetic Diesel (E-Fuels)";"Tractor-Trailer";"BAU";"%";2035;"0";"Sensitivity | Current Policies | Removed CO2 price";"Diesel"
"OPEX";"Diesel";"PL";"Share Synthetic Diesel (E-Fuels)";"Rigid";"BAU";"%";2035;"0";"Sensitivity | Current Policies | Removed CO2 price";"Diesel"
"OPEX";"Diesel";"PL";"Share Synthetic Diesel (E-Fuels)";"Tractor-Trailer";"BAU";"%";2035;"0";"Sensitivity | Current Policies | Removed CO2 price";"Diesel"
"OPEX";"Diesel";"UK";"Share Synthetic Diesel (E-Fuels)";"Rigid";"BAU";"%";2035;"0";"Sensitivity | Current Policies | Removed CO2 price";"Diesel"
"OPEX";"Diesel";"UK";"Share Synthetic Diesel (E-Fuels)";"Tractor-Trailer";"BAU";"%";2035;"0";"Sensitivity | Current Policies | Removed CO2 price";"Diesel"
"OPEX";"Diesel";"DE";"Share Synthetic Diesel (E-Fuels)";"Rigid";"BAU";"%";2040;"0.2";"Sensitivity | Current Policies | Removed CO2 price";"Diesel"
"OPEX";"Diesel";"DE";"Share Synthetic Diesel (E-Fuels)";"Tractor-Trailer";"BAU";"%";2040;"0.2";"Sensitivity | Current Policies | Removed CO2 price";"Diesel"
"OPEX";"Diesel";"ES";"Share Synthetic Diesel (E-Fuels)";"Rigid";"BAU";"%";2040;"0.2";"Sensitivity | Current Policies | Removed CO2 price";"Diesel"
"OPEX";"Diesel";"ES";"Share Synthetic Diesel (E-Fuels)";"Tractor-Trailer";"BAU";"%";2040;"0.2";"Sensitivity | Current Policies | Removed CO2 price";"Diesel"
"OPEX";"Diesel";"FR";"Share Synthetic Diesel (E-Fuels)";"Rigid";"BAU";"%";2040;"0.2";"Sensitivity | Current Policies | Removed CO2 price";"Diesel"
"OPEX";"Diesel";"FR";"Share Synthetic Diesel (E-Fuels)";"Tractor-Trailer";"BAU";"%";2040;"0.2";"Sensitivity | Current Policies | Removed CO2 price";"Diesel"
"OPEX";"Diesel";"IT";"Share Synthetic Diesel (E-Fuels)";"Rigid";"BAU";"%";2040;"0.2";"Sensitivity | Current Policies | Removed CO2 price";"Diesel"
"OPEX";"Diesel";"IT";"Share Synthetic Diesel (E-Fuels)";"Tractor-Trailer";"BAU";"%";2040;"0.2";"Sensitivity | Current Policies | Removed CO2 price";"Diesel"
"OPEX";"Diesel";"NL";"Share Synthetic Diesel (E-Fuels)";"Rigid";"BAU";"%";2040;"0.2";"Sensitivity | Current Policies | Removed CO2 price";"Diesel"
"OPEX";"Diesel";"NL";"Share Synthetic Diesel (E-Fuels)";"Tractor-Trailer";"BAU";"%";2040;"0.2";"Sensitivity | Current Policies | Removed CO2 price";"Diesel"
"OPEX";"Diesel";"PL";"Share Synthetic Diesel (E-Fuels)";"Rigid";"BAU";"%";2040;"0.2";"Sensitivity | Current Policies | Removed CO2 price";"Diesel"
"OPEX";"Diesel";"PL";"Share Synthetic Diesel (E-Fuels)";"Tractor-Trailer";"BAU";"%";2040;"0.2";"Sensitivity | Current Policies | Removed CO2 price";"Diesel"
"OPEX";"Diesel";"UK";"Share Synthetic Diesel (E-Fuels)";"Rigid";"BAU";"%";2040;"0.2";"Sensitivity | Current Policies | Removed CO2 price";"Diesel"
"OPEX";"Diesel";"UK";"Share Synthetic Diesel (E-Fuels)";"Tractor-Trailer";"BAU";"%";2040;"0.2";"Sensitivity | Current Policies | Removed CO2 price";"Diesel"
"OPEX";"Diesel";"DE";"Share Synthetic Diesel (E-Fuels)";"Rigid";"BAU";"%";2045;"0.47";"Sensitivity | Current Policies | Removed CO2 price";"Diesel"
"OPEX";"Diesel";"DE";"Share Synthetic Diesel (E-Fuels)";"Tractor-Trailer";"BAU";"%";2045;"0.47";"Sensitivity | Current Policies | Removed CO2 price";"Diesel"
"OPEX";"Diesel";"ES";"Share Synthetic Diesel (E-Fuels)";"Rigid";"BAU";"%";2045;"0.47";"Sensitivity | Current Policies | Removed CO2 price";"Diesel"
"OPEX";"Diesel";"ES";"Share Synthetic Diesel (E-Fuels)";"Tractor-Trailer";"BAU";"%";2045;"0.47";"Sensitivity | Current Policies | Removed CO2 price";"Diesel"
"OPEX";"Diesel";"FR";"Share Synthetic Diesel (E-Fuels)";"Rigid";"BAU";"%";2045;"0.47";"Sensitivity | Current Policies | Removed CO2 price";"Diesel"
"OPEX";"Diesel";"FR";"Share Synthetic Diesel (E-Fuels)";"Tractor-Trailer";"BAU";"%";2045;"0.47";"Sensitivity | Current Policies | Removed CO2 price";"Diesel"
"OPEX";"Diesel";"IT";"Share Synthetic Diesel (E-Fuels)";"Rigid";"BAU";"%";2045;"0.47";"Sensitivity | Current Policies | Removed CO2 price";"Diesel"
"OPEX";"Diesel";"IT";"Share Synthetic Diesel (E-Fuels)";"Tractor-Trailer";"BAU";"%";2045;"0.47";"Sensitivity | Current Policies | Removed CO2 price";"Diesel"
"OPEX";"Diesel";"NL";"Share Synthetic Diesel (E-Fuels)";"Rigid";"BAU";"%";2045;"0.47";"Sensitivity | Current Policies | Removed CO2 price";"Diesel"
"OPEX";"Diesel";"NL";"Share Synthetic Diesel (E-Fuels)";"Tractor-Trailer";"BAU";"%";2045;"0.47";"Sensitivity | Current Policies | Removed CO2 price";"Diesel"
"OPEX";"Diesel";"PL";"Share Synthetic Diesel (E-Fuels)";"Rigid";"BAU";"%";2045;"0.47";"Sensitivity | Current Policies | Removed CO2 price";"Diesel"
"OPEX";"Diesel";"PL";"Share Synthetic Diesel (E-Fuels)";"Tractor-Trailer";"BAU";"%";2045;"0.47";"Sensitivity | Current Policies | Removed CO2 price";"Diesel"
"OPEX";"Diesel";"UK";"Share Synthetic Diesel (E-Fuels)";"Rigid";"BAU";"%";2045;"0.47";"Sensitivity | Current Policies | Removed CO2 price";"Diesel"
"OPEX";"Diesel";"UK";"Share Synthetic Diesel (E-Fuels)";"Tractor-Trailer";"BAU";"%";2045;"0.47";"Sensitivity | Current Policies | Removed CO2 price";"Diesel"
"OPEX";"Diesel";"DE";"Share Synthetic Diesel (E-Fuels)";"Rigid";"BAU";"%";2050;"0.49";"Sensitivity | Current Policies | Removed CO2 price";"Diesel"
"OPEX";"Diesel";"DE";"Share Synthetic Diesel (E-Fuels)";"Tractor-Trailer";"BAU";"%";2050;"0.49";"Sensitivity | Current Policies | Removed CO2 price";"Diesel"
"OPEX";"Diesel";"ES";"Share Synthetic Diesel (E-Fuels)";"Rigid";"BAU";"%";2050;"0.49";"Sensitivity | Current Policies | Removed CO2 price";"Diesel"
"OPEX";"Diesel";"ES";"Share Synthetic Diesel (E-Fuels)";"Tractor-Trailer";"BAU";"%";2050;"0.49";"Sensitivity | Current Policies | Removed CO2 price";"Diesel"
"OPEX";"Diesel";"FR";"Share Synthetic Diesel (E-Fuels)";"Rigid";"BAU";"%";2050;"0.49";"Sensitivity | Current Policies | Removed CO2 price";"Diesel"
"OPEX";"Diesel";"FR";"Share Synthetic Diesel (E-Fuels)";"Tractor-Trailer";"BAU";"%";2050;"0.49";"Sensitivity | Current Policies | Removed CO2 price";"Diesel"
"OPEX";"Diesel";"IT";"Share Synthetic Diesel (E-Fuels)";"Rigid";"BAU";"%";2050;"0.49";"Sensitivity | Current Policies | Removed CO2 price";"Diesel"
"OPEX";"Diesel";"IT";"Share Synthetic Diesel (E-Fuels)";"Tractor-Trailer";"BAU";"%";2050;"0.49";"Sensitivity | Current Policies | Removed CO2 price";"Diesel"
"OPEX";"Diesel";"NL";"Share Synthetic Diesel (E-Fuels)";"Rigid";"BAU";"%";2050;"0.49";"Sensitivity | Current Policies | Removed CO2 price";"Diesel"
"OPEX";"Diesel";"NL";"Share Synthetic Diesel (E-Fuels)";"Tractor-Trailer";"BAU";"%";2050;"0.49";"Sensitivity | Current Policies | Removed CO2 price";"Diesel"
"OPEX";"Diesel";"PL";"Share Synthetic Diesel (E-Fuels)";"Rigid";"BAU";"%";2050;"0.49";"Sensitivity | Current Policies | Removed CO2 price";"Diesel"
"OPEX";"Diesel";"PL";"Share Synthetic Diesel (E-Fuels)";"Tractor-Trailer";"BAU";"%";2050;"0.49";"Sensitivity | Current Policies | Removed CO2 price";"Diesel"
"OPEX";"Diesel";"UK";"Share Synthetic Diesel (E-Fuels)";"Rigid";"BAU";"%";2050;"0.49";"Sensitivity | Current Policies | Removed CO2 price";"Diesel"
"OPEX";"Diesel";"UK";"Share Synthetic Diesel (E-Fuels)";"Tractor-Trailer";"BAU";"%";2050;"0.49";"Sensitivity | Current Policies | Removed CO2 price";"Diesel"
"OPEX";"Diesel";"DE";"Share Synthetic Diesel (E-Fuels)";"Rigid";"PROG";"%";2030;"0.01";"Sensitivity | Current Policies | Removed CO2 price";"Diesel"
"OPEX";"Diesel";"DE";"Share Synthetic Diesel (E-Fuels)";"Tractor-Trailer";"PROG";"%";2030;"0.01";"Sensitivity | Current Policies | Removed CO2 price";"Diesel"
"OPEX";"Diesel";"ES";"Share Synthetic Diesel (E-Fuels)";"Rigid";"PROG";"%";2030;"0.01";"Sensitivity | Current Policies | Removed CO2 price";"Diesel"
"OPEX";"Diesel";"ES";"Share Synthetic Diesel (E-Fuels)";"Tractor-Trailer";"PROG";"%";2030;"0.01";"Sensitivity | Current Policies | Removed CO2 price";"Diesel"
"OPEX";"Diesel";"FR";"Share Synthetic Diesel (E-Fuels)";"Rigid";"PROG";"%";2030;"0.01";"Sensitivity | Current Policies | Removed CO2 price";"Diesel"
"OPEX";"Diesel";"FR";"Share Synthetic Diesel (E-Fuels)";"Tractor-Trailer";"PROG";"%";2030;"0.01";"Sensitivity | Current Policies | Removed CO2 price";"Diesel"
"OPEX";"Diesel";"IT";"Share Synthetic Diesel (E-Fuels)";"Rigid";"PROG";"%";2030;"0.01";"Sensitivity | Current Policies | Removed CO2 price";"Diesel"
"OPEX";"Diesel";"IT";"Share Synthetic Diesel (E-Fuels)";"Tractor-Trailer";"PROG";"%";2030;"0.01";"Sensitivity | Current Policies | Removed CO2 price";"Diesel"
"OPEX";"Diesel";"NL";"Share Synthetic Diesel (E-Fuels)";"Rigid";"PROG";"%";2030;"0.01";"Sensitivity | Current Policies | Removed CO2 price";"Diesel"
"OPEX";"Diesel";"NL";"Share Synthetic Diesel (E-Fuels)";"Tractor-Trailer";"PROG";"%";2030;"0.01";"Sensitivity | Current Policies | Removed CO2 price";"Diesel"
"OPEX";"Diesel";"PL";"Share Synthetic Diesel (E-Fuels)";"Rigid";"PROG";"%";2030;"0.01";"Sensitivity | Current Policies | Removed CO2 price";"Diesel"
"OPEX";"Diesel";"PL";"Share Synthetic Diesel (E-Fuels)";"Tractor-Trailer";"PROG";"%";2030;"0.01";"Sensitivity | Current Policies | Removed CO2 price";"Diesel"
"OPEX";"Diesel";"UK";"Share Synthetic Diesel (E-Fuels)";"Rigid";"PROG";"%";2030;"0.01";"Sensitivity | Current Policies | Removed CO2 price";"Diesel"
"OPEX";"Diesel";"UK";"Share Synthetic Diesel (E-Fuels)";"Tractor-Trailer";"PROG";"%";2030;"0.01";"Sensitivity | Current Policies | Removed CO2 price";"Diesel"
"OPEX";"Diesel";"DE";"Share Synthetic Diesel (E-Fuels)";"Rigid";"PROG";"%";2035;"0.12";"Sensitivity | Current Policies | Removed CO2 price";"Diesel"
"OPEX";"Diesel";"DE";"Share Synthetic Diesel (E-Fuels)";"Tractor-Trailer";"PROG";"%";2035;"0.12";"Sensitivity | Current Policies | Removed CO2 price";"Diesel"
"OPEX";"Diesel";"ES";"Share Synthetic Diesel (E-Fuels)";"Rigid";"PROG";"%";2035;"0.12";"Sensitivity | Current Policies | Removed CO2 price";"Diesel"
"OPEX";"Diesel";"ES";"Share Synthetic Diesel (E-Fuels)";"Tractor-Trailer";"PROG";"%";2035;"0.12";"Sensitivity | Current Policies | Removed CO2 price";"Diesel"
"OPEX";"Diesel";"FR";"Share Synthetic Diesel (E-Fuels)";"Rigid";"PROG";"%";2035;"0.12";"Sensitivity | Current Policies | Removed CO2 price";"Diesel"
"OPEX";"Diesel";"FR";"Share Synthetic Diesel (E-Fuels)";"Tractor-Trailer";"PROG";"%";2035;"0.12";"Sensitivity | Current Policies | Removed CO2 price";"Diesel"
"OPEX";"Diesel";"IT";"Share Synthetic Diesel (E-Fuels)";"Rigid";"PROG";"%";2035;"0.12";"Sensitivity | Current Policies | Removed CO2 price";"Diesel"
"OPEX";"Diesel";"IT";"Share Synthetic Diesel (E-Fuels)";"Tractor-Trailer";"PROG";"%";2035;"0.12";"Sensitivity | Current Policies | Removed CO2 price";"Diesel"
"OPEX";"Diesel";"NL";"Share Synthetic Diesel (E-Fuels)";"Rigid";"PROG";"%";2035;"0.12";"Sensitivity | Current Policies | Removed CO2 price";"Diesel"
"OPEX";"Diesel";"NL";"Share Synthetic Diesel (E-Fuels)";"Tractor-Trailer";"PROG";"%";2035;"0.12";"Sensitivity | Current Policies | Removed CO2 price";"Diesel"
"OPEX";"Diesel";"PL";"Share Synthetic Diesel (E-Fuels)";"Rigid";"PROG";"%";2035;"0.12";"Sensitivity | Current Policies | Removed CO2 price";"Diesel"
"OPEX";"Diesel";"PL";"Share Synthetic Diesel (E-Fuels)";"Tractor-Trailer";"PROG";"%";2035;"0.12";"Sensitivity | Current Policies | Removed CO2 price";"Diesel"
"OPEX";"Diesel";"UK";"Share Synthetic Diesel (E-Fuels)";"Rigid";"PROG";"%";2035;"0.12";"Sensitivity | Current Policies | Removed CO2 price";"Diesel"
"OPEX";"Diesel";"UK";"Share Synthetic Diesel (E-Fuels)";"Tractor-Trailer";"PROG";"%";2035;"0.12";"Sensitivity | Current Policies | Removed CO2 price";"Diesel"
"OPEX";"Diesel";"DE";"Share Synthetic Diesel (E-Fuels)";"Rigid";"PROG";"%";2040;"0.45";"Sensitivity | Current Policies | Removed CO2 price";"Diesel"
"OPEX";"Diesel";"DE";"Share Synthetic Diesel (E-Fuels)";"Tractor-Trailer";"PROG";"%";2040;"0.45";"Sensitivity | Current Policies | Removed CO2 price";"Diesel"
"OPEX";"Diesel";"ES";"Share Synthetic Diesel (E-Fuels)";"Rigid";"PROG";"%";2040;"0.45";"Sensitivity | Current Policies | Removed CO2 price";"Diesel"
"OPEX";"Diesel";"ES";"Share Synthetic Diesel (E-Fuels)";"Tractor-Trailer";"PROG";"%";2040;"0.45";"Sensitivity | Current Policies | Removed CO2 price";"Diesel"
"OPEX";"Diesel";"FR";"Share Synthetic Diesel (E-Fuels)";"Rigid";"PROG";"%";2040;"0.45";"Sensitivity | Current Policies | Removed CO2 price";"Diesel"
"OPEX";"Diesel";"FR";"Share Synthetic Diesel (E-Fuels)";"Tractor-Trailer";"PROG";"%";2040;"0.45";"Sensitivity | Current Policies | Removed CO2 price";"Diesel"
"OPEX";"Diesel";"IT";"Share Synthetic Diesel (E-Fuels)";"Rigid";"PROG";"%";2040;"0.45";"Sensitivity | Current Policies | Removed CO2 price";"Diesel"
"OPEX";"Diesel";"IT";"Share Synthetic Diesel (E-Fuels)";"Tractor-Trailer";"PROG";"%";2040;"0.45";"Sensitivity | Current Policies | Removed CO2 price";"Diesel"
"OPEX";"Diesel";"NL";"Share Synthetic Diesel (E-Fuels)";"Rigid";"PROG";"%";2040;"0.45";"Sensitivity | Current Policies | Removed CO2 price";"Diesel"
"OPEX";"Diesel";"NL";"Share Synthetic Diesel (E-Fuels)";"Tractor-Trailer";"PROG";"%";2040;"0.45";"Sensitivity | Current Policies | Removed CO2 price";"Diesel"
"OPEX";"Diesel";"PL";"Share Synthetic Diesel (E-Fuels)";"Rigid";"PROG";"%";2040;"0.45";"Sensitivity | Current Policies | Removed CO2 price";"Diesel"
"OPEX";"Diesel";"PL";"Share Synthetic Diesel (E-Fuels)";"Tractor-Trailer";"PROG";"%";2040;"0.45";"Sensitivity | Current Policies | Removed CO2 price";"Diesel"
"OPEX";"Diesel";"UK";"Share Synthetic Diesel (E-Fuels)";"Rigid";"PROG";"%";2040;"0.45";"Sensitivity | Current Policies | Removed CO2 price";"Diesel"
"OPEX";"Diesel";"UK";"Share Synthetic Diesel (E-Fuels)";"Tractor-Trailer";"PROG";"%";2040;"0.45";"Sensitivity | Current Policies | Removed CO2 price";"Diesel"
"OPEX";"Diesel";"DE";"Share Synthetic Diesel (E-Fuels)";"Rigid";"PROG";"%";2045;"0.65";"Sensitivity | Current Policies | Removed CO2 price";"Diesel"
"OPEX";"Diesel";"DE";"Share Synthetic Diesel (E-Fuels)";"Tractor-Trailer";"PROG";"%";2045;"0.65";"Sensitivity | Current Policies | Removed CO2 price";"Diesel"
"OPEX";"Diesel";"ES";"Share Synthetic Diesel (E-Fuels)";"Rigid";"PROG";"%";2045;"0.65";"Sensitivity | Current Policies | Removed CO2 price";"Diesel"
"OPEX";"Diesel";"ES";"Share Synthetic Diesel (E-Fuels)";"Tractor-Trailer";"PROG";"%";2045;"0.65";"Sensitivity | Current Policies | Removed CO2 price";"Diesel"
"OPEX";"Diesel";"FR";"Share Synthetic Diesel (E-Fuels)";"Rigid";"PROG";"%";2045;"0.65";"Sensitivity | Current Policies | Removed CO2 price";"Diesel"
"OPEX";"Diesel";"FR";"Share Synthetic Diesel (E-Fuels)";"Tractor-Trailer";"PROG";"%";2045;"0.65";"Sensitivity | Current Policies | Removed CO2 price";"Diesel"
"OPEX";"Diesel";"IT";"Share Synthetic Diesel (E-Fuels)";"Rigid";"PROG";"%";2045;"0.65";"Sensitivity | Current Policies | Removed CO2 price";"Diesel"
"OPEX";"Diesel";"IT";"Share Synthetic Diesel (E-Fuels)";"Tractor-Trailer";"PROG";"%";2045;"0.65";"Sensitivity | Current Policies | Removed CO2 price";"Diesel"
"OPEX";"Diesel";"NL";"Share Synthetic Diesel (E-Fuels)";"Rigid";"PROG";"%";2045;"0.65";"Sensitivity | Current Policies | Removed CO2 price";"Diesel"
"OPEX";"Diesel";"NL";"Share Synthetic Diesel (E-Fuels)";"Tractor-Trailer";"PROG";"%";2045;"0.65";"Sensitivity | Current Policies | Removed CO2 price";"Diesel"
"OPEX";"Diesel";"PL";"Share Synthetic Diesel (E-Fuels)";"Rigid";"PROG";"%";2045;"0.65";"Sensitivity | Current Policies | Removed CO2 price";"Diesel"
"OPEX";"Diesel";"PL";"Share Synthetic Diesel (E-Fuels)";"Tractor-Trailer";"PROG";"%";2045;"0.65";"Sensitivity | Current Policies | Removed CO2 price";"Diesel"
"OPEX";"Diesel";"UK";"Share Synthetic Diesel (E-Fuels)";"Rigid";"PROG";"%";2045;"0.65";"Sensitivity | Current Policies | Removed CO2 price";"Diesel"
"OPEX";"Diesel";"UK";"Share Synthetic Diesel (E-Fuels)";"Tractor-Trailer";"PROG";"%";2045;"0.65";"Sensitivity | Current Policies | Removed CO2 price";"Diesel"
"OPEX";"Diesel";"DE";"Share Synthetic Diesel (E-Fuels)";"Rigid";"PROG";"%";2050;"0.67";"Sensitivity | Current Policies | Removed CO2 price";"Diesel"
"OPEX";"Diesel";"DE";"Share Synthetic Diesel (E-Fuels)";"Tractor-Trailer";"PROG";"%";2050;"0.67";"Sensitivity | Current Policies | Removed CO2 price";"Diesel"
"OPEX";"Diesel";"ES";"Share Synthetic Diesel (E-Fuels)";"Rigid";"PROG";"%";2050;"0.67";"Sensitivity | Current Policies | Removed CO2 price";"Diesel"
"OPEX";"Diesel";"ES";"Share Synthetic Diesel (E-Fuels)";"Tractor-Trailer";"PROG";"%";2050;"0.67";"Sensitivity | Current Policies | Removed CO2 price";"Diesel"
"OPEX";"Diesel";"FR";"Share Synthetic Diesel (E-Fuels)";"Rigid";"PROG";"%";2050;"0.67";"Sensitivity | Current Policies | Removed CO2 price";"Diesel"
"OPEX";"Diesel";"FR";"Share Synthetic Diesel (E-Fuels)";"Tractor-Trailer";"PROG";"%";2050;"0.67";"Sensitivity | Current Policies | Removed CO2 price";"Diesel"
"OPEX";"Diesel";"IT";"Share Synthetic Diesel (E-Fuels)";"Rigid";"PROG";"%";2050;"0.67";"Sensitivity | Current Policies | Removed CO2 price";"Diesel"
"OPEX";"Diesel";"IT";"Share Synthetic Diesel (E-Fuels)";"Tractor-Trailer";"PROG";"%";2050;"0.67";"Sensitivity | Current Policies | Removed CO2 price";"Diesel"
"OPEX";"Diesel";"NL";"Share Synthetic Diesel (E-Fuels)";"Rigid";"PROG";"%";2050;"0.67";"Sensitivity | Current Policies | Removed CO2 price";"Diesel"
"OPEX";"Diesel";"NL";"Share Synthetic Diesel (E-Fuels)";"Tractor-Trailer";"PROG";"%";2050;"0.67";"Sensitivity | Current Policies | Removed CO2 price";"Diesel"
"OPEX";"Diesel";"PL";"Share Synthetic Diesel (E-Fuels)";"Rigid";"PROG";"%";2050;"0.67";"Sensitivity | Current Policies | Removed CO2 price";"Diesel"
"OPEX";"Diesel";"PL";"Share Synthetic Diesel (E-Fuels)";"Tractor-Trailer";"PROG";"%";2050;"0.67";"Sensitivity | Current Policies | Removed CO2 price";"Diesel"
"OPEX";"Diesel";"UK";"Share Synthetic Diesel (E-Fuels)";"Rigid";"PROG";"%";2050;"0.67";"Sensitivity | Current Policies | Removed CO2 price";"Diesel"
"OPEX";"Diesel";"UK";"Share Synthetic Diesel (E-Fuels)";"Tractor-Trailer";"PROG";"%";2050;"0.67";"Sensitivity | Current Policies | Removed CO2 price";"Diesel"
"OPEX";"Taxes";"DE";"Non-ETS CO2";"Rigid";"BAU";"EUR/tCO2";2030;"0";"Sensitivity | Current Policies | Removed CO2 price";"Diesel"
"OPEX";"Taxes";"DE";"Non-ETS CO2";"Tractor-Trailer";"BAU";"EUR/tCO2";2030;"0";"Sensitivity | Current Policies | Removed CO2 price";"Diesel"
"OPEX";"Taxes";"DE";"Non-ETS CO2";"Rigid";"PROG";"EUR/tCO2";2030;"0";"Sensitivity | Current Policies | Removed CO2 price";"Diesel"
"OPEX";"Taxes";"DE";"Non-ETS CO2";"Tractor-Trailer";"PROG";"EUR/tCO2";2030;"0";"Sensitivity | Current Policies | Removed CO2 price";"Diesel"
"OPEX";"Taxes";"ES";"Non-ETS CO2";"Rigid";"BAU";"EUR/tCO2";2030;"0";"Sensitivity | Current Policies | Removed CO2 price";"Diesel"
"OPEX";"Taxes";"ES";"Non-ETS CO2";"Tractor-Trailer";"BAU";"EUR/tCO2";2030;"0";"Sensitivity | Current Policies | Removed CO2 price";"Diesel"
"OPEX";"Taxes";"ES";"Non-ETS CO2";"Rigid";"PROG";"EUR/tCO2";2030;"0";"Sensitivity | Current Policies | Removed CO2 price";"Diesel"
"OPEX";"Taxes";"ES";"Non-ETS CO2";"Tractor-Trailer";"PROG";"EUR/tCO2";2030;"0";"Sensitivity | Current Policies | Removed CO2 price";"Diesel"
"OPEX";"Taxes";"FR";"Non-ETS CO2";"Rigid";"BAU";"EUR/tCO2";2030;"0";"Sensitivity | Current Policies | Removed CO2 price";"Diesel"
"OPEX";"Taxes";"FR";"Non-ETS CO2";"Tractor-Trailer";"BAU";"EUR/tCO2";2030;"0";"Sensitivity | Current Policies | Removed CO2 price";"Diesel"
"OPEX";"Taxes";"FR";"Non-ETS CO2";"Rigid";"PROG";"EUR/tCO2";2030;"0";"Sensitivity | Current Policies | Removed CO2 price";"Diesel"
"OPEX";"Taxes";"FR";"Non-ETS CO2";"Tractor-Trailer";"PROG";"EUR/tCO2";2030;"0";"Sensitivity | Current Policies | Removed CO2 price";"Diesel"
"OPEX";"Taxes";"IT";"Non-ETS CO2";"Rigid";"BAU";"EUR/tCO2";2030;"0";"Sensitivity | Current Policies | Removed CO2 price";"Diesel"
"OPEX";"Taxes";"IT";"Non-ETS CO2";"Tractor-Trailer";"BAU";"EUR/tCO2";2030;"0";"Sensitivity | Current Policies | Removed CO2 price";"Diesel"
"OPEX";"Taxes";"IT";"Non-ETS CO2";"Rigid";"PROG";"EUR/tCO2";2030;"0";"Sensitivity | Current Policies | Removed CO2 price";"Diesel"
"OPEX";"Taxes";"IT";"Non-ETS CO2";"Tractor-Trailer";"PROG";"EUR/tCO2";2030;"0";"Sensitivity | Current Policies | Removed CO2 price";"Diesel"
"OPEX";"Taxes";"NL";"Non-ETS CO2";"Rigid";"BAU";"EUR/tCO2";2030;"0";"Sensitivity | Current Policies | Removed CO2 price";"Diesel"
"OPEX";"Taxes";"NL";"Non-ETS CO2";"Tractor-Trailer";"BAU";"EUR/tCO2";2030;"0";"Sensitivity | Current Policies | Removed CO2 price";"Diesel"
"OPEX";"Taxes";"NL";"Non-ETS CO2";"Rigid";"PROG";"EUR/tCO2";2030;"0";"Sensitivity | Current Policies | Removed CO2 price";"Diesel"
"OPEX";"Taxes";"NL";"Non-ETS CO2";"Tractor-Trailer";"PROG";"EUR/tCO2";2030;"0";"Sensitivity | Current Policies | Removed CO2 price";"Diesel"
"OPEX";"Taxes";"PL";"Non-ETS CO2";"Rigid";"BAU";"EUR/tCO2";2030;"0";"Sensitivity | Current Policies | Removed CO2 price";"Diesel"
"OPEX";"Taxes";"PL";"Non-ETS CO2";"Tractor-Trailer";"BAU";"EUR/tCO2";2030;"0";"Sensitivity | Current Policies | Removed CO2 price";"Diesel"
"OPEX";"Taxes";"PL";"Non-ETS CO2";"Rigid";"PROG";"EUR/tCO2";2030;"0";"Sensitivity | Current Policies | Removed CO2 price";"Diesel"
"OPEX";"Taxes";"PL";"Non-ETS CO2";"Tractor-Trailer";"PROG";"EUR/tCO2";2030;"0";"Sensitivity | Current Policies | Removed CO2 price";"Diesel"
"OPEX";"Taxes";"UK";"Non-ETS CO2";"Rigid";"BAU";"EUR/tCO2";2030;"0";"Sensitivity | Current Policies | Removed CO2 price";"Diesel"
"OPEX";"Taxes";"UK";"Non-ETS CO2";"Tractor-Trailer";"BAU";"EUR/tCO2";2030;"0";"Sensitivity | Current Policies | Removed CO2 price";"Diesel"
"OPEX";"Taxes";"UK";"Non-ETS CO2";"Rigid";"PROG";"EUR/tCO2";2030;"0";"Sensitivity | Current Policies | Removed CO2 price";"Diesel"
"OPEX";"Taxes";"UK";"Non-ETS CO2";"Tractor-Trailer";"PROG";"EUR/tCO2";2030;"0";"Sensitivity | Current Policies | Removed CO2 price";"Diesel"
"OPEX";"Taxes";"DE";"Non-ETS CO2";"Rigid";"BAU";"EUR/tCO2";2035;"0";"Sensitivity | Current Policies | Removed CO2 price";"Diesel"
"OPEX";"Taxes";"DE";"Non-ETS CO2";"Tractor-Trailer";"BAU";"EUR/tCO2";2035;"0";"Sensitivity | Current Policies | Removed CO2 price";"Diesel"
"OPEX";"Taxes";"DE";"Non-ETS CO2";"Rigid";"PROG";"EUR/tCO2";2035;"0";"Sensitivity | Current Policies | Removed CO2 price";"Diesel"
"OPEX";"Taxes";"DE";"Non-ETS CO2";"Tractor-Trailer";"PROG";"EUR/tCO2";2035;"0";"Sensitivity | Current Policies | Removed CO2 price";"Diesel"
"OPEX";"Taxes";"ES";"Non-ETS CO2";"Rigid";"BAU";"EUR/tCO2";2035;"0";"Sensitivity | Current Policies | Removed CO2 price";"Diesel"
"OPEX";"Taxes";"ES";"Non-ETS CO2";"Tractor-Trailer";"BAU";"EUR/tCO2";2035;"0";"Sensitivity | Current Policies | Removed CO2 price";"Diesel"
"OPEX";"Taxes";"ES";"Non-ETS CO2";"Rigid";"PROG";"EUR/tCO2";2035;"0";"Sensitivity | Current Policies | Removed CO2 price";"Diesel"
"OPEX";"Taxes";"ES";"Non-ETS CO2";"Tractor-Trailer";"PROG";"EUR/tCO2";2035;"0";"Sensitivity | Current Policies | Removed CO2 price";"Diesel"
"OPEX";"Taxes";"FR";"Non-ETS CO2";"Rigid";"BAU";"EUR/tCO2";2035;"0";"Sensitivity | Current Policies | Removed CO2 price";"Diesel"
"OPEX";"Taxes";"FR";"Non-ETS CO2";"Tractor-Trailer";"BAU";"EUR/tCO2";2035;"0";"Sensitivity | Current Policies | Removed CO2 price";"Diesel"
"OPEX";"Taxes";"FR";"Non-ETS CO2";"Rigid";"PROG";"EUR/tCO2";2035;"0";"Sensitivity | Current Policies | Removed CO2 price";"Diesel"
"OPEX";"Taxes";"FR";"Non-ETS CO2";"Tractor-Trailer";"PROG";"EUR/tCO2";2035;"0";"Sensitivity | Current Policies | Removed CO2 price";"Diesel"
"OPEX";"Taxes";"IT";"Non-ETS CO2";"Rigid";"BAU";"EUR/tCO2";2035;"0";"Sensitivity | Current Policies | Removed CO2 price";"Diesel"
"OPEX";"Taxes";"IT";"Non-ETS CO2";"Tractor-Trailer";"BAU";"EUR/tCO2";2035;"0";"Sensitivity | Current Policies | Removed CO2 price";"Diesel"
"OPEX";"Taxes";"IT";"Non-ETS CO2";"Rigid";"PROG";"EUR/tCO2";2035;"0";"Sensitivity | Current Policies | Removed CO2 price";"Diesel"
"OPEX";"Taxes";"IT";"Non-ETS CO2";"Tractor-Trailer";"PROG";"EUR/tCO2";2035;"0";"Sensitivity | Current Policies | Removed CO2 price";"Diesel"
"OPEX";"Taxes";"NL";"Non-ETS CO2";"Rigid";"BAU";"EUR/tCO2";2035;"0";"Sensitivity | Current Policies | Removed CO2 price";"Diesel"
"OPEX";"Taxes";"NL";"Non-ETS CO2";"Tractor-Trailer";"BAU";"EUR/tCO2";2035;"0";"Sensitivity | Current Policies | Removed CO2 price";"Diesel"
"OPEX";"Taxes";"NL";"Non-ETS CO2";"Rigid";"PROG";"EUR/tCO2";2035;"0";"Sensitivity | Current Policies | Removed CO2 price";"Diesel"
"OPEX";"Taxes";"NL";"Non-ETS CO2";"Tractor-Trailer";"PROG";"EUR/tCO2";2035;"0";"Sensitivity | Current Policies | Removed CO2 price";"Diesel"
"OPEX";"Taxes";"PL";"Non-ETS CO2";"Rigid";"BAU";"EUR/tCO2";2035;"0";"Sensitivity | Current Policies | Removed CO2 price";"Diesel"
"OPEX";"Taxes";"PL";"Non-ETS CO2";"Tractor-Trailer";"BAU";"EUR/tCO2";2035;"0";"Sensitivity | Current Policies | Removed CO2 price";"Diesel"
"OPEX";"Taxes";"PL";"Non-ETS CO2";"Rigid";"PROG";"EUR/tCO2";2035;"0";"Sensitivity | Current Policies | Removed CO2 price";"Diesel"
"OPEX";"Taxes";"PL";"Non-ETS CO2";"Tractor-Trailer";"PROG";"EUR/tCO2";2035;"0";"Sensitivity | Current Policies | Removed CO2 price";"Diesel"
"OPEX";"Taxes";"UK";"Non-ETS CO2";"Rigid";"BAU";"EUR/tCO2";2035;"0";"Sensitivity | Current Policies | Removed CO2 price";"Diesel"
"OPEX";"Taxes";"UK";"Non-ETS CO2";"Tractor-Trailer";"BAU";"EUR/tCO2";2035;"0";"Sensitivity | Current Policies | Removed CO2 price";"Diesel"
"OPEX";"Taxes";"UK";"Non-ETS CO2";"Rigid";"PROG";"EUR/tCO2";2035;"0";"Sensitivity | Current Policies | Removed CO2 price";"Diesel"
"OPEX";"Taxes";"UK";"Non-ETS CO2";"Tractor-Trailer";"PROG";"EUR/tCO2";2035;"0";"Sensitivity | Current Policies | Removed CO2 price";"Diesel"
"OPEX";"Taxes";"DE";"Non-ETS CO2";"Rigid";"BAU";"EUR/tCO2";2040;"0";"Sensitivity | Current Policies | Removed CO2 price";"Diesel"
"OPEX";"Taxes";"DE";"Non-ETS CO2";"Tractor-Trailer";"BAU";"EUR/tCO2";2040;"0";"Sensitivity | Current Policies | Removed CO2 price";"Diesel"
"OPEX";"Taxes";"DE";"Non-ETS CO2";"Rigid";"PROG";"EUR/tCO2";2040;"0";"Sensitivity | Current Policies | Removed CO2 price";"Diesel"
"OPEX";"Taxes";"DE";"Non-ETS CO2";"Tractor-Trailer";"PROG";"EUR/tCO2";2040;"0";"Sensitivity | Current Policies | Removed CO2 price";"Diesel"
"OPEX";"Taxes";"ES";"Non-ETS CO2";"Rigid";"BAU";"EUR/tCO2";2040;"0";"Sensitivity | Current Policies | Removed CO2 price";"Diesel"
"OPEX";"Taxes";"ES";"Non-ETS CO2";"Tractor-Trailer";"BAU";"EUR/tCO2";2040;"0";"Sensitivity | Current Policies | Removed CO2 price";"Diesel"
"OPEX";"Taxes";"ES";"Non-ETS CO2";"Rigid";"PROG";"EUR/tCO2";2040;"0";"Sensitivity | Current Policies | Removed CO2 price";"Diesel"
"OPEX";"Taxes";"ES";"Non-ETS CO2";"Tractor-Trailer";"PROG";"EUR/tCO2";2040;"0";"Sensitivity | Current Policies | Removed CO2 price";"Diesel"
"OPEX";"Taxes";"FR";"Non-ETS CO2";"Rigid";"BAU";"EUR/tCO2";2040;"0";"Sensitivity | Current Policies | Removed CO2 price";"Diesel"
"OPEX";"Taxes";"FR";"Non-ETS CO2";"Tractor-Trailer";"BAU";"EUR/tCO2";2040;"0";"Sensitivity | Current Policies | Removed CO2 price";"Diesel"
"OPEX";"Taxes";"FR";"Non-ETS CO2";"Rigid";"PROG";"EUR/tCO2";2040;"0";"Sensitivity | Current Policies | Removed CO2 price";"Diesel"
"OPEX";"Taxes";"FR";"Non-ETS CO2";"Tractor-Trailer";"PROG";"EUR/tCO2";2040;"0";"Sensitivity | Current Policies | Removed CO2 price";"Diesel"
"OPEX";"Taxes";"IT";"Non-ETS CO2";"Rigid";"BAU";"EUR/tCO2";2040;"0";"Sensitivity | Current Policies | Removed CO2 price";"Diesel"
"OPEX";"Taxes";"IT";"Non-ETS CO2";"Tractor-Trailer";"BAU";"EUR/tCO2";2040;"0";"Sensitivity | Current Policies | Removed CO2 price";"Diesel"
"OPEX";"Taxes";"IT";"Non-ETS CO2";"Rigid";"PROG";"EUR/tCO2";2040;"0";"Sensitivity | Current Policies | Removed CO2 price";"Diesel"
"OPEX";"Taxes";"IT";"Non-ETS CO2";"Tractor-Trailer";"PROG";"EUR/tCO2";2040;"0";"Sensitivity | Current Policies | Removed CO2 price";"Diesel"
"OPEX";"Taxes";"NL";"Non-ETS CO2";"Rigid";"BAU";"EUR/tCO2";2040;"0";"Sensitivity | Current Policies | Removed CO2 price";"Diesel"
"OPEX";"Taxes";"NL";"Non-ETS CO2";"Tractor-Trailer";"BAU";"EUR/tCO2";2040;"0";"Sensitivity | Current Policies | Removed CO2 price";"Diesel"
"OPEX";"Taxes";"NL";"Non-ETS CO2";"Rigid";"PROG";"EUR/tCO2";2040;"0";"Sensitivity | Current Policies | Removed CO2 price";"Diesel"
"OPEX";"Taxes";"NL";"Non-ETS CO2";"Tractor-Trailer";"PROG";"EUR/tCO2";2040;"0";"Sensitivity | Current Policies | Removed CO2 price";"Diesel"
"OPEX";"Taxes";"PL";"Non-ETS CO2";"Rigid";"BAU";"EUR/tCO2";2040;"0";"Sensitivity | Current Policies | Removed CO2 price";"Diesel"
"OPEX";"Taxes";"PL";"Non-ETS CO2";"Tractor-Trailer";"BAU";"EUR/tCO2";2040;"0";"Sensitivity | Current Policies | Removed CO2 price";"Diesel"
"OPEX";"Taxes";"PL";"Non-ETS CO2";"Rigid";"PROG";"EUR/tCO2";2040;"0";"Sensitivity | Current Policies | Removed CO2 price";"Diesel"
"OPEX";"Taxes";"PL";"Non-ETS CO2";"Tractor-Trailer";"PROG";"EUR/tCO2";2040;"0";"Sensitivity | Current Policies | Removed CO2 price";"Diesel"
"OPEX";"Taxes";"UK";"Non-ETS CO2";"Rigid";"BAU";"EUR/tCO2";2040;"0";"Sensitivity | Current Policies | Removed CO2 price";"Diesel"
"OPEX";"Taxes";"UK";"Non-ETS CO2";"Tractor-Trailer";"BAU";"EUR/tCO2";2040;"0";"Sensitivity | Current Policies | Removed CO2 price";"Diesel"
"OPEX";"Taxes";"UK";"Non-ETS CO2";"Rigid";"PROG";"EUR/tCO2";2040;"0";"Sensitivity | Current Policies | Removed CO2 price";"Diesel"
"OPEX";"Taxes";"UK";"Non-ETS CO2";"Tractor-Trailer";"PROG";"EUR/tCO2";2040;"0";"Sensitivity | Current Policies | Removed CO2 price";"Diesel"
"OPEX";"Taxes";"DE";"Non-ETS CO2";"Rigid";"BAU";"EUR/tCO2";2045;"0";"Sensitivity | Current Policies | Removed CO2 price";"Diesel"
"OPEX";"Taxes";"DE";"Non-ETS CO2";"Tractor-Trailer";"BAU";"EUR/tCO2";2045;"0";"Sensitivity | Current Policies | Removed CO2 price";"Diesel"
"OPEX";"Taxes";"DE";"Non-ETS CO2";"Rigid";"PROG";"EUR/tCO2";2045;"0";"Sensitivity | Current Policies | Removed CO2 price";"Diesel"
"OPEX";"Taxes";"DE";"Non-ETS CO2";"Tractor-Trailer";"PROG";"EUR/tCO2";2045;"0";"Sensitivity | Current Policies | Removed CO2 price";"Diesel"
"OPEX";"Taxes";"ES";"Non-ETS CO2";"Rigid";"BAU";"EUR/tCO2";2045;"0";"Sensitivity | Current Policies | Removed CO2 price";"Diesel"
"OPEX";"Taxes";"ES";"Non-ETS CO2";"Tractor-Trailer";"BAU";"EUR/tCO2";2045;"0";"Sensitivity | Current Policies | Removed CO2 price";"Diesel"
"OPEX";"Taxes";"ES";"Non-ETS CO2";"Rigid";"PROG";"EUR/tCO2";2045;"0";"Sensitivity | Current Policies | Removed CO2 price";"Diesel"
"OPEX";"Taxes";"ES";"Non-ETS CO2";"Tractor-Trailer";"PROG";"EUR/tCO2";2045;"0";"Sensitivity | Current Policies | Removed CO2 price";"Diesel"
"OPEX";"Taxes";"FR";"Non-ETS CO2";"Rigid";"BAU";"EUR/tCO2";2045;"0";"Sensitivity | Current Policies | Removed CO2 price";"Diesel"
"OPEX";"Taxes";"FR";"Non-ETS CO2";"Tractor-Trailer";"BAU";"EUR/tCO2";2045;"0";"Sensitivity | Current Policies | Removed CO2 price";"Diesel"
"OPEX";"Taxes";"FR";"Non-ETS CO2";"Rigid";"PROG";"EUR/tCO2";2045;"0";"Sensitivity | Current Policies | Removed CO2 price";"Diesel"
"OPEX";"Taxes";"FR";"Non-ETS CO2";"Tractor-Trailer";"PROG";"EUR/tCO2";2045;"0";"Sensitivity | Current Policies | Removed CO2 price";"Diesel"
"OPEX";"Taxes";"IT";"Non-ETS CO2";"Rigid";"BAU";"EUR/tCO2";2045;"0";"Sensitivity | Current Policies | Removed CO2 price";"Diesel"
"OPEX";"Taxes";"IT";"Non-ETS CO2";"Tractor-Trailer";"BAU";"EUR/tCO2";2045;"0";"Sensitivity | Current Policies | Removed CO2 price";"Diesel"
"OPEX";"Taxes";"IT";"Non-ETS CO2";"Rigid";"PROG";"EUR/tCO2";2045;"0";"Sensitivity | Current Policies | Removed CO2 price";"Diesel"
"OPEX";"Taxes";"IT";"Non-ETS CO2";"Tractor-Trailer";"PROG";"EUR/tCO2";2045;"0";"Sensitivity | Current Policies | Removed CO2 price";"Diesel"
"OPEX";"Taxes";"NL";"Non-ETS CO2";"Rigid";"BAU";"EUR/tCO2";2045;"0";"Sensitivity | Current Policies | Removed CO2 price";"Diesel"
"OPEX";"Taxes";"NL";"Non-ETS CO2";"Tractor-Trailer";"BAU";"EUR/tCO2";2045;"0";"Sensitivity | Current Policies | Removed CO2 price";"Diesel"
"OPEX";"Taxes";"NL";"Non-ETS CO2";"Rigid";"PROG";"EUR/tCO2";2045;"0";"Sensitivity | Current Policies | Removed CO2 price";"Diesel"
"OPEX";"Taxes";"NL";"Non-ETS CO2";"Tractor-Trailer";"PROG";"EUR/tCO2";2045;"0";"Sensitivity | Current Policies | Removed CO2 price";"Diesel"
"OPEX";"Taxes";"PL";"Non-ETS CO2";"Rigid";"BAU";"EUR/tCO2";2045;"0";"Sensitivity | Current Policies | Removed CO2 price";"Diesel"
"OPEX";"Taxes";"PL";"Non-ETS CO2";"Tractor-Trailer";"BAU";"EUR/tCO2";2045;"0";"Sensitivity | Current Policies | Removed CO2 price";"Diesel"
"OPEX";"Taxes";"PL";"Non-ETS CO2";"Rigid";"PROG";"EUR/tCO2";2045;"0";"Sensitivity | Current Policies | Removed CO2 price";"Diesel"
"OPEX";"Taxes";"PL";"Non-ETS CO2";"Tractor-Trailer";"PROG";"EUR/tCO2";2045;"0";"Sensitivity | Current Policies | Removed CO2 price";"Diesel"
"OPEX";"Taxes";"UK";"Non-ETS CO2";"Rigid";"BAU";"EUR/tCO2";2045;"0";"Sensitivity | Current Policies | Removed CO2 price";"Diesel"
"OPEX";"Taxes";"UK";"Non-ETS CO2";"Tractor-Trailer";"BAU";"EUR/tCO2";2045;"0";"Sensitivity | Current Policies | Removed CO2 price";"Diesel"
"OPEX";"Taxes";"UK";"Non-ETS CO2";"Rigid";"PROG";"EUR/tCO2";2045;"0";"Sensitivity | Current Policies | Removed CO2 price";"Diesel"
"OPEX";"Taxes";"UK";"Non-ETS CO2";"Tractor-Trailer";"PROG";"EUR/tCO2";2045;"0";"Sensitivity | Current Policies | Removed CO2 price";"Diesel"
"OPEX";"Taxes";"DE";"Non-ETS CO2";"Rigid";"BAU";"EUR/tCO2";2050;"0";"Sensitivity | Current Policies | Removed CO2 price";"Diesel"
"OPEX";"Taxes";"DE";"Non-ETS CO2";"Tractor-Trailer";"BAU";"EUR/tCO2";2050;"0";"Sensitivity | Current Policies | Removed CO2 price";"Diesel"
"OPEX";"Taxes";"DE";"Non-ETS CO2";"Rigid";"PROG";"EUR/tCO2";2050;"0";"Sensitivity | Current Policies | Removed CO2 price";"Diesel"
"OPEX";"Taxes";"DE";"Non-ETS CO2";"Tractor-Trailer";"PROG";"EUR/tCO2";2050;"0";"Sensitivity | Current Policies | Removed CO2 price";"Diesel"
"OPEX";"Taxes";"ES";"Non-ETS CO2";"Rigid";"BAU";"EUR/tCO2";2050;"0";"Sensitivity | Current Policies | Removed CO2 price";"Diesel"
"OPEX";"Taxes";"ES";"Non-ETS CO2";"Tractor-Trailer";"BAU";"EUR/tCO2";2050;"0";"Sensitivity | Current Policies | Removed CO2 price";"Diesel"
"OPEX";"Taxes";"ES";"Non-ETS CO2";"Rigid";"PROG";"EUR/tCO2";2050;"0";"Sensitivity | Current Policies | Removed CO2 price";"Diesel"
"OPEX";"Taxes";"ES";"Non-ETS CO2";"Tractor-Trailer";"PROG";"EUR/tCO2";2050;"0";"Sensitivity | Current Policies | Removed CO2 price";"Diesel"
"OPEX";"Taxes";"FR";"Non-ETS CO2";"Rigid";"BAU";"EUR/tCO2";2050;"0";"Sensitivity | Current Policies | Removed CO2 price";"Diesel"
"OPEX";"Taxes";"FR";"Non-ETS CO2";"Tractor-Trailer";"BAU";"EUR/tCO2";2050;"0";"Sensitivity | Current Policies | Removed CO2 price";"Diesel"
"OPEX";"Taxes";"FR";"Non-ETS CO2";"Rigid";"PROG";"EUR/tCO2";2050;"0";"Sensitivity | Current Policies | Removed CO2 price";"Diesel"
"OPEX";"Taxes";"FR";"Non-ETS CO2";"Tractor-Trailer";"PROG";"EUR/tCO2";2050;"0";"Sensitivity | Current Policies | Removed CO2 price";"Diesel"
"OPEX";"Taxes";"IT";"Non-ETS CO2";"Rigid";"BAU";"EUR/tCO2";2050;"0";"Sensitivity | Current Policies | Removed CO2 price";"Diesel"
"OPEX";"Taxes";"IT";"Non-ETS CO2";"Tractor-Trailer";"BAU";"EUR/tCO2";2050;"0";"Sensitivity | Current Policies | Removed CO2 price";"Diesel"
"OPEX";"Taxes";"IT";"Non-ETS CO2";"Rigid";"PROG";"EUR/tCO2";2050;"0";"Sensitivity | Current Policies | Removed CO2 price";"Diesel"
"OPEX";"Taxes";"IT";"Non-ETS CO2";"Tractor-Trailer";"PROG";"EUR/tCO2";2050;"0";"Sensitivity | Current Policies | Removed CO2 price";"Diesel"
"OPEX";"Taxes";"NL";"Non-ETS CO2";"Rigid";"BAU";"EUR/tCO2";2050;"0";"Sensitivity | Current Policies | Removed CO2 price";"Diesel"
"OPEX";"Taxes";"NL";"Non-ETS CO2";"Tractor-Trailer";"BAU";"EUR/tCO2";2050;"0";"Sensitivity | Current Policies | Removed CO2 price";"Diesel"
"OPEX";"Taxes";"NL";"Non-ETS CO2";"Rigid";"PROG";"EUR/tCO2";2050;"0";"Sensitivity | Current Policies | Removed CO2 price";"Diesel"
"OPEX";"Taxes";"NL";"Non-ETS CO2";"Tractor-Trailer";"PROG";"EUR/tCO2";2050;"0";"Sensitivity | Current Policies | Removed CO2 price";"Diesel"
"OPEX";"Taxes";"PL";"Non-ETS CO2";"Rigid";"BAU";"EUR/tCO2";2050;"0";"Sensitivity | Current Policies | Removed CO2 price";"Diesel"
"OPEX";"Taxes";"PL";"Non-ETS CO2";"Tractor-Trailer";"BAU";"EUR/tCO2";2050;"0";"Sensitivity | Current Policies | Removed CO2 price";"Diesel"
"OPEX";"Taxes";"PL";"Non-ETS CO2";"Rigid";"PROG";"EUR/tCO2";2050;"0";"Sensitivity | Current Policies | Removed CO2 price";"Diesel"
"OPEX";"Taxes";"PL";"Non-ETS CO2";"Tractor-Trailer";"PROG";"EUR/tCO2";2050;"0";"Sensitivity | Current Policies | Removed CO2 price";"Diesel"
"OPEX";"Taxes";"UK";"Non-ETS CO2";"Rigid";"BAU";"EUR/tCO2";2050;"0";"Sensitivity | Current Policies | Removed CO2 price";"Diesel"
"OPEX";"Taxes";"UK";"Non-ETS CO2";"Tractor-Trailer";"BAU";"EUR/tCO2";2050;"0";"Sensitivity | Current Policies | Removed CO2 price";"Diesel"
"OPEX";"Taxes";"UK";"Non-ETS CO2";"Rigid";"PROG";"EUR/tCO2";2050;"0";"Sensitivity | Current Policies | Removed CO2 price";"Diesel"
"OPEX";"Taxes";"UK";"Non-ETS CO2";"Tractor-Trailer";"PROG";"EUR/tCO2";2050;"0";"Sensitivity | Current Policies | Removed CO2 price";"Diesel"
"OPEX";"Taxes";"DE";"Network Costs - MCS";"Rigid";"PROG";"EUR/kWh";2030;"0.038";"Sensitivity | Removed policies except for bio/syn fuel mandates";"Electricity"
"OPEX";"Taxes";"DE";"Network Costs - MCS";"Tractor-Trailer";"PROG";"EUR/kWh";2030;"0.038";"Sensitivity | Removed policies except for bio/syn fuel mandates";"Electricity"
"OPEX";"Taxes";"ES";"Network Costs - MCS";"Rigid";"PROG";"EUR/kWh";2030;"0.018";"Sensitivity | Removed policies except for bio/syn fuel mandates";"Electricity"
"OPEX";"Taxes";"ES";"Network Costs - MCS";"Tractor-Trailer";"PROG";"EUR/kWh";2030;"0.018";"Sensitivity | Removed policies except for bio/syn fuel mandates";"Electricity"
"OPEX";"Taxes";"FR";"Network Costs - MCS";"Rigid";"PROG";"EUR/kWh";2030;"0.018";"Sensitivity | Removed policies except for bio/syn fuel mandates";"Electricity"
"OPEX";"Taxes";"FR";"Network Costs - MCS";"Tractor-Trailer";"PROG";"EUR/kWh";2030;"0.018";"Sensitivity | Removed policies except for bio/syn fuel mandates";"Electricity"
"OPEX";"Taxes";"IT";"Network Costs - MCS";"Rigid";"PROG";"EUR/kWh";2030;"0.016";"Sensitivity | Removed policies except for bio/syn fuel mandates";"Electricity"
"OPEX";"Taxes";"IT";"Network Costs - MCS";"Tractor-Trailer";"PROG";"EUR/kWh";2030;"0.016";"Sensitivity | Removed policies except for bio/syn fuel mandates";"Electricity"
"OPEX";"Taxes";"NL";"Network Costs - MCS";"Rigid";"PROG";"EUR/kWh";2030;"0.016";"Sensitivity | Removed policies except for bio/syn fuel mandates";"Electricity"
"OPEX";"Taxes";"NL";"Network Costs - MCS";"Tractor-Trailer";"PROG";"EUR/kWh";2030;"0.016";"Sensitivity | Removed policies except for bio/syn fuel mandates";"Electricity"
"OPEX";"Taxes";"PL";"Network Costs - MCS";"Rigid";"PROG";"EUR/kWh";2030;"0.019";"Sensitivity | Removed policies except for bio/syn fuel mandates";"Electricity"
"OPEX";"Taxes";"PL";"Network Costs - MCS";"Tractor-Trailer";"PROG";"EUR/kWh";2030;"0.019";"Sensitivity | Removed policies except for bio/syn fuel mandates";"Electricity"
"OPEX";"Taxes";"UK";"Network Costs - MCS";"Rigid";"PROG";"EUR/kWh";2030;"0.027";"Sensitivity | Removed policies except for bio/syn fuel mandates";"Electricity"
"OPEX";"Taxes";"UK";"Network Costs - MCS";"Tractor-Trailer";"PROG";"EUR/kWh";2030;"0.027";"Sensitivity | Removed policies except for bio/syn fuel mandates";"Electricity"
"OPEX";"Taxes";"DE";"Taxes, Fees, Levies and charges - MCS";"Rigid";"PROG";"EUR/kWh";2030;"0.073";"Sensitivity | Removed policies except for bio/syn fuel mandates";"Electricity"
"OPEX";"Taxes";"DE";"Taxes, Fees, Levies and charges - MCS";"Tractor-Trailer";"PROG";"EUR/kWh";2030;"0.073";"Sensitivity | Removed policies except for bio/syn fuel mandates";"Electricity"
"OPEX";"Taxes";"ES";"Taxes, Fees, Levies and charges - MCS";"Rigid";"PROG";"EUR/kWh";2030;"0.036";"Sensitivity | Removed policies except for bio/syn fuel mandates";"Electricity"
"OPEX";"Taxes";"ES";"Taxes, Fees, Levies and charges - MCS";"Tractor-Trailer";"PROG";"EUR/kWh";2030;"0.036";"Sensitivity | Removed policies except for bio/syn fuel mandates";"Electricity"
"OPEX";"Taxes";"FR";"Taxes, Fees, Levies and charges - MCS";"Rigid";"PROG";"EUR/kWh";2030;"0.03";"Sensitivity | Removed policies except for bio/syn fuel mandates";"Electricity"
"OPEX";"Taxes";"FR";"Taxes, Fees, Levies and charges - MCS";"Tractor-Trailer";"PROG";"EUR/kWh";2030;"0.03";"Sensitivity | Removed policies except for bio/syn fuel mandates";"Electricity"
"OPEX";"Taxes";"IT";"Taxes, Fees, Levies and charges - MCS";"Rigid";"PROG";"EUR/kWh";2030;"0.063";"Sensitivity | Removed policies except for bio/syn fuel mandates";"Electricity"
"OPEX";"Taxes";"IT";"Taxes, Fees, Levies and charges - MCS";"Tractor-Trailer";"PROG";"EUR/kWh";2030;"0.063";"Sensitivity | Removed policies except for bio/syn fuel mandates";"Electricity"
"OPEX";"Taxes";"NL";"Taxes, Fees, Levies and charges - MCS";"Rigid";"PROG";"EUR/kWh";2030;"0.055";"Sensitivity | Removed policies except for bio/syn fuel mandates";"Electricity"
"OPEX";"Taxes";"NL";"Taxes, Fees, Levies and charges - MCS";"Tractor-Trailer";"PROG";"EUR/kWh";2030;"0.055";"Sensitivity | Removed policies except for bio/syn fuel mandates";"Electricity"
"OPEX";"Taxes";"PL";"Taxes, Fees, Levies and charges - MCS";"Rigid";"PROG";"EUR/kWh";2030;"0.049";"Sensitivity | Removed policies except for bio/syn fuel mandates";"Electricity"
"OPEX";"Taxes";"PL";"Taxes, Fees, Levies and charges - MCS";"Tractor-Trailer";"PROG";"EUR/kWh";2030;"0.049";"Sensitivity | Removed policies except for bio/syn fuel mandates";"Electricity"
"OPEX";"Taxes";"UK";"Taxes, Fees, Levies and charges - MCS";"Rigid";"PROG";"EUR/kWh";2030;"0.077";"Sensitivity | Removed policies except for bio/syn fuel mandates";"Electricity"
"OPEX";"Taxes";"UK";"Taxes, Fees, Levies and charges - MCS";"Tractor-Trailer";"PROG";"EUR/kWh";2030;"0.077";"Sensitivity | Removed policies except for bio/syn fuel mandates";"Electricity"
"OPEX";"Taxes";"DE";"Network Costs - Depot";"Rigid";"PROG";"EUR/kWh";2030;"0.044";"Sensitivity | Removed policies except for bio/syn fuel mandates";"Electricity"
"OPEX";"Taxes";"DE";"Network Costs - Depot";"Tractor-Trailer";"PROG";"EUR/kWh";2030;"0.044";"Sensitivity | Removed policies except for bio/syn fuel mandates";"Electricity"
"OPEX";"Taxes";"ES";"Network Costs - Depot";"Rigid";"PROG";"EUR/kWh";2030;"0.031";"Sensitivity | Removed policies except for bio/syn fuel mandates";"Electricity"
"OPEX";"Taxes";"ES";"Network Costs - Depot";"Tractor-Trailer";"PROG";"EUR/kWh";2030;"0.031";"Sensitivity | Removed policies except for bio/syn fuel mandates";"Electricity"
"OPEX";"Taxes";"FR";"Network Costs - Depot";"Rigid";"PROG";"EUR/kWh";2030;"0.024";"Sensitivity | Removed policies except for bio/syn fuel mandates";"Electricity"
"OPEX";"Taxes";"FR";"Network Costs - Depot";"Tractor-Trailer";"PROG";"EUR/kWh";2030;"0.024";"Sensitivity | Removed policies except for bio/syn fuel mandates";"Electricity"
"OPEX";"Taxes";"IT";"Network Costs - Depot";"Rigid";"PROG";"EUR/kWh";2030;"0.018";"Sensitivity | Removed policies except for bio/syn fuel mandates";"Electricity"
"OPEX";"Taxes";"IT";"Network Costs - Depot";"Tractor-Trailer";"PROG";"EUR/kWh";2030;"0.018";"Sensitivity | Removed policies except for bio/syn fuel mandates";"Electricity"
"OPEX";"Taxes";"NL";"Network Costs - Depot";"Rigid";"PROG";"EUR/kWh";2030;"0.019";"Sensitivity | Removed policies except for bio/syn fuel mandates";"Electricity"
"OPEX";"Taxes";"NL";"Network Costs - Depot";"Tractor-Trailer";"PROG";"EUR/kWh";2030;"0.019";"Sensitivity | Removed policies except for bio/syn fuel mandates";"Electricity"
"OPEX";"Taxes";"PL";"Network Costs - Depot";"Rigid";"PROG";"EUR/kWh";2030;"0.026";"Sensitivity | Removed policies except for bio/syn fuel mandates";"Electricity"
"OPEX";"Taxes";"PL";"Network Costs - Depot";"Tractor-Trailer";"PROG";"EUR/kWh";2030;"0.026";"Sensitivity | Removed policies except for bio/syn fuel mandates";"Electricity"
"OPEX";"Taxes";"UK";"Network Costs - Depot";"Rigid";"PROG";"EUR/kWh";2030;"0.029";"Sensitivity | Removed policies except for bio/syn fuel mandates";"Electricity"
"OPEX";"Taxes";"UK";"Network Costs - Depot";"Tractor-Trailer";"PROG";"EUR/kWh";2030;"0.029";"Sensitivity | Removed policies except for bio/syn fuel mandates";"Electricity"
"OPEX";"Taxes";"DE";"Taxes, Fees, Levies and charges - Depot";"Rigid";"PROG";"EUR/kWh";2030;"0.062";"Sensitivity | Removed policies except for bio/syn fuel mandates";"Electricity"
"OPEX";"Taxes";"DE";"Taxes, Fees, Levies and charges - Depot";"Tractor-Trailer";"PROG";"EUR/kWh";2030;"0.062";"Sensitivity | Removed policies except for bio/syn fuel mandates";"Electricity"
"OPEX";"Taxes";"ES";"Taxes, Fees, Levies and charges - Depot";"Rigid";"PROG";"EUR/kWh";2030;"0.054";"Sensitivity | Removed policies except for bio/syn fuel mandates";"Electricity"
"OPEX";"Taxes";"ES";"Taxes, Fees, Levies and charges - Depot";"Tractor-Trailer";"PROG";"EUR/kWh";2030;"0.054";"Sensitivity | Removed policies except for bio/syn fuel mandates";"Electricity"
"OPEX";"Taxes";"FR";"Taxes, Fees, Levies and charges - Depot";"Rigid";"PROG";"EUR/kWh";2030;"0.04";"Sensitivity | Removed policies except for bio/syn fuel mandates";"Electricity"
"OPEX";"Taxes";"FR";"Taxes, Fees, Levies and charges - Depot";"Tractor-Trailer";"PROG";"EUR/kWh";2030;"0.04";"Sensitivity | Removed policies except for bio/syn fuel mandates";"Electricity"
"OPEX";"Taxes";"IT";"Taxes, Fees, Levies and charges - Depot";"Rigid";"PROG";"EUR/kWh";2030;"0.088";"Sensitivity | Removed policies except for bio/syn fuel mandates";"Electricity"
"OPEX";"Taxes";"IT";"Taxes, Fees, Levies and charges - Depot";"Tractor-Trailer";"PROG";"EUR/kWh";2030;"0.088";"Sensitivity | Removed policies except for bio/syn fuel mandates";"Electricity"
"OPEX";"Taxes";"NL";"Taxes, Fees, Levies and charges - Depot";"Rigid";"PROG";"EUR/kWh";2030;"0.058";"Sensitivity | Removed policies except for bio/syn fuel mandates";"Electricity"
"OPEX";"Taxes";"NL";"Taxes, Fees, Levies and charges - Depot";"Tractor-Trailer";"PROG";"EUR/kWh";2030;"0.058";"Sensitivity | Removed policies except for bio/syn fuel mandates";"Electricity"
"OPEX";"Taxes";"PL";"Taxes, Fees, Levies and charges - Depot";"Rigid";"PROG";"EUR/kWh";2030;"0.053";"Sensitivity | Removed policies except for bio/syn fuel mandates";"Electricity"
"OPEX";"Taxes";"PL";"Taxes, Fees, Levies and charges - Depot";"Tractor-Trailer";"PROG";"EUR/kWh";2030;"0.053";"Sensitivity | Removed policies except for bio/syn fuel mandates";"Electricity"
"OPEX";"Taxes";"UK";"Taxes, Fees, Levies and charges - Depot";"Rigid";"PROG";"EUR/kWh";2030;"0.086";"Sensitivity | Removed policies except for bio/syn fuel mandates";"Electricity"
"OPEX";"Taxes";"UK";"Taxes, Fees, Levies and charges - Depot";"Tractor-Trailer";"PROG";"EUR/kWh";2030;"0.086";"Sensitivity | Removed policies except for bio/syn fuel mandates";"Electricity"
"OPEX";"H2 Infrastructure";"DE";"HRS costs";"Rigid";"PROG";"EUR/kg H2";2030;"1.1";"Sensitivity | Removed policies except for bio/syn fuel mandates";"Hydrogen"
"OPEX";"H2 Infrastructure";"DE";"HRS costs";"Tractor-Trailer";"PROG";"EUR/kg H2";2030;"1.1";"Sensitivity | Removed policies except for bio/syn fuel mandates";"Hydrogen"
"OPEX";"H2 Infrastructure";"ES";"HRS costs";"Rigid";"PROG";"EUR/kg H2";2030;"1.1";"Sensitivity | Removed policies except for bio/syn fuel mandates";"Hydrogen"
"OPEX";"H2 Infrastructure";"ES";"HRS costs";"Tractor-Trailer";"PROG";"EUR/kg H2";2030;"1.1";"Sensitivity | Removed policies except for bio/syn fuel mandates";"Hydrogen"
"OPEX";"H2 Infrastructure";"FR";"HRS costs";"Rigid";"PROG";"EUR/kg H2";2030;"1.1";"Sensitivity | Removed policies except for bio/syn fuel mandates";"Hydrogen"
"OPEX";"H2 Infrastructure";"FR";"HRS costs";"Tractor-Trailer";"PROG";"EUR/kg H2";2030;"1.1";"Sensitivity | Removed policies except for bio/syn fuel mandates";"Hydrogen"
"OPEX";"H2 Infrastructure";"IT";"HRS costs";"Rigid";"PROG";"EUR/kg H2";2030;"1.1";"Sensitivity | Removed policies except for bio/syn fuel mandates";"Hydrogen"
"OPEX";"H2 Infrastructure";"IT";"HRS costs";"Tractor-Trailer";"PROG";"EUR/kg H2";2030;"1.1";"Sensitivity | Removed policies except for bio/syn fuel mandates";"Hydrogen"
"OPEX";"H2 Infrastructure";"NL";"HRS costs";"Rigid";"PROG";"EUR/kg H2";2030;"1.1";"Sensitivity | Removed policies except for bio/syn fuel mandates";"Hydrogen"
"OPEX";"H2 Infrastructure";"NL";"HRS costs";"Tractor-Trailer";"PROG";"EUR/kg H2";2030;"1.1";"Sensitivity | Removed policies except for bio/syn fuel mandates";"Hydrogen"
"OPEX";"H2 Infrastructure";"PL";"HRS costs";"Rigid";"PROG";"EUR/kg H2";2030;"1.1";"Sensitivity | Removed policies except for bio/syn fuel mandates";"Hydrogen"
"OPEX";"H2 Infrastructure";"PL";"HRS costs";"Tractor-Trailer";"PROG";"EUR/kg H2";2030;"1.1";"Sensitivity | Removed policies except for bio/syn fuel mandates";"Hydrogen"
"OPEX";"H2 Infrastructure";"UK";"HRS costs";"Rigid";"PROG";"EUR/kg H2";2030;"1.1";"Sensitivity | Removed policies except for bio/syn fuel mandates";"Hydrogen"
"OPEX";"H2 Infrastructure";"UK";"HRS costs";"Tractor-Trailer";"PROG";"EUR/kg H2";2030;"1.1";"Sensitivity | Removed policies except for bio/syn fuel mandates";"Hydrogen"
"OPEX";"H2 Infrastructure";"DE";"H2 transport and distribution";"Rigid";"PROG";"EUR/kg H2";2030;"1";"Sensitivity | Removed policies except for bio/syn fuel mandates";"Hydrogen"
"OPEX";"H2 Infrastructure";"DE";"H2 transport and distribution";"Tractor-Trailer";"PROG";"EUR/kg H2";2030;"1";"Sensitivity | Removed policies except for bio/syn fuel mandates";"Hydrogen"
"OPEX";"H2 Infrastructure";"ES";"H2 transport and distribution";"Rigid";"PROG";"EUR/kg H2";2030;"1";"Sensitivity | Removed policies except for bio/syn fuel mandates";"Hydrogen"
"OPEX";"H2 Infrastructure";"ES";"H2 transport and distribution";"Tractor-Trailer";"PROG";"EUR/kg H2";2030;"1";"Sensitivity | Removed policies except for bio/syn fuel mandates";"Hydrogen"
"OPEX";"H2 Infrastructure";"FR";"H2 transport and distribution";"Rigid";"PROG";"EUR/kg H2";2030;"1";"Sensitivity | Removed policies except for bio/syn fuel mandates";"Hydrogen"
"OPEX";"H2 Infrastructure";"FR";"H2 transport and distribution";"Tractor-Trailer";"PROG";"EUR/kg H2";2030;"1";"Sensitivity | Removed policies except for bio/syn fuel mandates";"Hydrogen"
"OPEX";"H2 Infrastructure";"IT";"H2 transport and distribution";"Rigid";"PROG";"EUR/kg H2";2030;"1";"Sensitivity | Removed policies except for bio/syn fuel mandates";"Hydrogen"
"OPEX";"H2 Infrastructure";"IT";"H2 transport and distribution";"Tractor-Trailer";"PROG";"EUR/kg H2";2030;"1";"Sensitivity | Removed policies except for bio/syn fuel mandates";"Hydrogen"
"OPEX";"H2 Infrastructure";"NL";"H2 transport and distribution";"Rigid";"PROG";"EUR/kg H2";2030;"1";"Sensitivity | Removed policies except for bio/syn fuel mandates";"Hydrogen"
"OPEX";"H2 Infrastructure";"NL";"H2 transport and distribution";"Tractor-Trailer";"PROG";"EUR/kg H2";2030;"1";"Sensitivity | Removed policies except for bio/syn fuel mandates";"Hydrogen"
"OPEX";"H2 Infrastructure";"PL";"H2 transport and distribution";"Rigid";"PROG";"EUR/kg H2";2030;"1";"Sensitivity | Removed policies except for bio/syn fuel mandates";"Hydrogen"
"OPEX";"H2 Infrastructure";"PL";"H2 transport and distribution";"Tractor-Trailer";"PROG";"EUR/kg H2";2030;"1";"Sensitivity | Removed policies except for bio/syn fuel mandates";"Hydrogen"
"OPEX";"H2 Infrastructure";"UK";"H2 transport and distribution";"Rigid";"PROG";"EUR/kg H2";2030;"1";"Sensitivity | Removed policies except for bio/syn fuel mandates";"Hydrogen"
"OPEX";"H2 Infrastructure";"UK";"H2 transport and distribution";"Tractor-Trailer";"PROG";"EUR/kg H2";2030;"1";"Sensitivity | Removed policies except for bio/syn fuel mandates";"Hydrogen"
"OPEX";"H2 Infrastructure";"DE";"HRS Overhead, Profit and Mark-Up";"Rigid";"PROG";"EUR/kg H2";2030;"0.25";"Sensitivity | Removed policies except for bio/syn fuel mandates";"Hydrogen"
"OPEX";"H2 Infrastructure";"DE";"HRS Overhead, Profit and Mark-Up";"Tractor-Trailer";"PROG";"EUR/kg H2";2030;"0.25";"Sensitivity | Removed policies except for bio/syn fuel mandates";"Hydrogen"
"OPEX";"H2 Infrastructure";"ES";"HRS Overhead, Profit and Mark-Up";"Rigid";"PROG";"EUR/kg H2";2030;"0.25";"Sensitivity | Removed policies except for bio/syn fuel mandates";"Hydrogen"
"OPEX";"H2 Infrastructure";"ES";"HRS Overhead, Profit and Mark-Up";"Tractor-Trailer";"PROG";"EUR/kg H2";2030;"0.25";"Sensitivity | Removed policies except for bio/syn fuel mandates";"Hydrogen"
"OPEX";"H2 Infrastructure";"FR";"HRS Overhead, Profit and Mark-Up";"Rigid";"PROG";"EUR/kg H2";2030;"0.25";"Sensitivity | Removed policies except for bio/syn fuel mandates";"Hydrogen"
"OPEX";"H2 Infrastructure";"FR";"HRS Overhead, Profit and Mark-Up";"Tractor-Trailer";"PROG";"EUR/kg H2";2030;"0.25";"Sensitivity | Removed policies except for bio/syn fuel mandates";"Hydrogen"
"OPEX";"H2 Infrastructure";"IT";"HRS Overhead, Profit and Mark-Up";"Rigid";"PROG";"EUR/kg H2";2030;"0.25";"Sensitivity | Removed policies except for bio/syn fuel mandates";"Hydrogen"
"OPEX";"H2 Infrastructure";"IT";"HRS Overhead, Profit and Mark-Up";"Tractor-Trailer";"PROG";"EUR/kg H2";2030;"0.25";"Sensitivity | Removed policies except for bio/syn fuel mandates";"Hydrogen"
"OPEX";"H2 Infrastructure";"NL";"HRS Overhead, Profit and Mark-Up";"Rigid";"PROG";"EUR/kg H2";2030;"0.25";"Sensitivity | Removed policies except for bio/syn fuel mandates";"Hydrogen"
"OPEX";"H2 Infrastructure";"NL";"HRS Overhead, Profit and Mark-Up";"Tractor-Trailer";"PROG";"EUR/kg H2";2030;"0.25";"Sensitivity | Removed policies except for bio/syn fuel mandates";"Hydrogen"
"OPEX";"H2 Infrastructure";"PL";"HRS Overhead, Profit and Mark-Up";"Rigid";"PROG";"EUR/kg H2";2030;"0.25";"Sensitivity | Removed policies except for bio/syn fuel mandates";"Hydrogen"
"OPEX";"H2 Infrastructure";"PL";"HRS Overhead, Profit and Mark-Up";"Tractor-Trailer";"PROG";"EUR/kg H2";2030;"0.25";"Sensitivity | Removed policies except for bio/syn fuel mandates";"Hydrogen"
"OPEX";"H2 Infrastructure";"UK";"HRS Overhead, Profit and Mark-Up";"Rigid";"PROG";"EUR/kg H2";2030;"0.25";"Sensitivity | Removed policies except for bio/syn fuel mandates";"Hydrogen"
"OPEX";"H2 Infrastructure";"UK";"HRS Overhead, Profit and Mark-Up";"Tractor-Trailer";"PROG";"EUR/kg H2";2030;"0.25";"Sensitivity | Removed policies except for bio/syn fuel mandates";"Hydrogen"
"OPEX";"Charging Infrastructure";"DE";"MCS Station (Public Charging) - Incl. Overhead";"Rigid";"PROG";"EUR/kWh";2030;"0.053";"Sensitivity | Removed policies except for bio/syn fuel mandates";"Electricity"
"OPEX";"Charging Infrastructure";"DE";"MCS Station (Public Charging) - Incl. Overhead";"Tractor-Trailer";"PROG";"EUR/kWh";2030;"0.053";"Sensitivity | Removed policies except for bio/syn fuel mandates";"Electricity"
"OPEX";"Charging Infrastructure";"ES";"MCS Station (Public Charging) - Incl. Overhead";"Rigid";"PROG";"EUR/kWh";2030;"0.053";"Sensitivity | Removed policies except for bio/syn fuel mandates";"Electricity"
"OPEX";"Charging Infrastructure";"ES";"MCS Station (Public Charging) - Incl. Overhead";"Tractor-Trailer";"PROG";"EUR/kWh";2030;"0.053";"Sensitivity | Removed policies except for bio/syn fuel mandates";"Electricity"
"OPEX";"Charging Infrastructure";"FR";"MCS Station (Public Charging) - Incl. Overhead";"Rigid";"PROG";"EUR/kWh";2030;"0.053";"Sensitivity | Removed policies except for bio/syn fuel mandates";"Electricity"
"OPEX";"Charging Infrastructure";"FR";"MCS Station (Public Charging) - Incl. Overhead";"Tractor-Trailer";"PROG";"EUR/kWh";2030;"0.053";"Sensitivity | Removed policies except for bio/syn fuel mandates";"Electricity"
"OPEX";"Charging Infrastructure";"IT";"MCS Station (Public Charging) - Incl. Overhead";"Rigid";"PROG";"EUR/kWh";2030;"0.053";"Sensitivity | Removed policies except for bio/syn fuel mandates";"Electricity"
"OPEX";"Charging Infrastructure";"IT";"MCS Station (Public Charging) - Incl. Overhead";"Tractor-Trailer";"PROG";"EUR/kWh";2030;"0.053";"Sensitivity | Removed policies except for bio/syn fuel mandates";"Electricity"
"OPEX";"Charging Infrastructure";"NL";"MCS Station (Public Charging) - Incl. Overhead";"Rigid";"PROG";"EUR/kWh";2030;"0.053";"Sensitivity | Removed policies except for bio/syn fuel mandates";"Electricity"
"OPEX";"Charging Infrastructure";"NL";"MCS Station (Public Charging) - Incl. Overhead";"Tractor-Trailer";"PROG";"EUR/kWh";2030;"0.053";"Sensitivity | Removed policies except for bio/syn fuel mandates";"Electricity"
"OPEX";"Charging Infrastructure";"PL";"MCS Station (Public Charging) - Incl. Overhead";"Rigid";"PROG";"EUR/kWh";2030;"0.053";"Sensitivity | Removed policies except for bio/syn fuel mandates";"Electricity"
"OPEX";"Charging Infrastructure";"PL";"MCS Station (Public Charging) - Incl. Overhead";"Tractor-Trailer";"PROG";"EUR/kWh";2030;"0.053";"Sensitivity | Removed policies except for bio/syn fuel mandates";"Electricity"
"OPEX";"Charging Infrastructure";"UK";"MCS Station (Public Charging) - Incl. Overhead";"Rigid";"PROG";"EUR/kWh";2030;"0.053";"Sensitivity | Removed policies except for bio/syn fuel mandates";"Electricity"
"OPEX";"Charging Infrastructure";"UK";"MCS Station (Public Charging) - Incl. Overhead";"Tractor-Trailer";"PROG";"EUR/kWh";2030;"0.053";"Sensitivity | Removed policies except for bio/syn fuel mandates";"Electricity"
"OPEX";"Charging Infrastructure";"DE";"Share MCS-Charging";"Rigid";"PROG";"%";2030;"0.2";"Sensitivity | Removed policies except for bio/syn fuel mandates";"Electricity"
"OPEX";"Charging Infrastructure";"DE";"Share MCS-Charging";"Tractor-Trailer";"PROG";"%";2030;"0.2";"Sensitivity | Removed policies except for bio/syn fuel mandates";"Electricity"
"OPEX";"Charging Infrastructure";"ES";"Share MCS-Charging";"Rigid";"PROG";"%";2030;"0.2";"Sensitivity | Removed policies except for bio/syn fuel mandates";"Electricity"
"OPEX";"Charging Infrastructure";"ES";"Share MCS-Charging";"Tractor-Trailer";"PROG";"%";2030;"0.2";"Sensitivity | Removed policies except for bio/syn fuel mandates";"Electricity"
"OPEX";"Charging Infrastructure";"FR";"Share MCS-Charging";"Rigid";"PROG";"%";2030;"0.2";"Sensitivity | Removed policies except for bio/syn fuel mandates";"Electricity"
"OPEX";"Charging Infrastructure";"FR";"Share MCS-Charging";"Tractor-Trailer";"PROG";"%";2030;"0.2";"Sensitivity | Removed policies except for bio/syn fuel mandates";"Electricity"
"OPEX";"Charging Infrastructure";"IT";"Share MCS-Charging";"Rigid";"PROG";"%";2030;"0.2";"Sensitivity | Removed policies except for bio/syn fuel mandates";"Electricity"
"OPEX";"Charging Infrastructure";"IT";"Share MCS-Charging";"Tractor-Trailer";"PROG";"%";2030;"0.2";"Sensitivity | Removed policies except for bio/syn fuel mandates";"Electricity"
"OPEX";"Charging Infrastructure";"NL";"Share MCS-Charging";"Rigid";"PROG";"%";2030;"0.2";"Sensitivity | Removed policies except for bio/syn fuel mandates";"Electricity"
"OPEX";"Charging Infrastructure";"NL";"Share MCS-Charging";"Tractor-Trailer";"PROG";"%";2030;"0.2";"Sensitivity | Removed policies except for bio/syn fuel mandates";"Electricity"
"OPEX";"Charging Infrastructure";"PL";"Share MCS-Charging";"Rigid";"PROG";"%";2030;"0.2";"Sensitivity | Removed policies except for bio/syn fuel mandates";"Electricity"
"OPEX";"Charging Infrastructure";"PL";"Share MCS-Charging";"Tractor-Trailer";"PROG";"%";2030;"0.2";"Sensitivity | Removed policies except for bio/syn fuel mandates";"Electricity"
"OPEX";"Charging Infrastructure";"UK";"Share MCS-Charging";"Rigid";"PROG";"%";2030;"0.2";"Sensitivity | Removed policies except for bio/syn fuel mandates";"Electricity"
"OPEX";"Charging Infrastructure";"UK";"Share MCS-Charging";"Tractor-Trailer";"PROG";"%";2030;"0.2";"Sensitivity | Removed policies except for bio/syn fuel mandates";"Electricity"
"OPEX";"Charging Infrastructure";"DE";"Depot - Network fees savings potential";"Rigid";"PROG";"EUR/kWh";2030;"-0.01";"Sensitivity | Removed policies except for bio/syn fuel mandates";"Electricity"
"OPEX";"Charging Infrastructure";"DE";"Depot - Network fees savings potential";"Tractor-Trailer";"PROG";"EUR/kWh";2030;"-0.01";"Sensitivity | Removed policies except for bio/syn fuel mandates";"Electricity"
"OPEX";"Charging Infrastructure";"ES";"Depot - Network fees savings potential";"Rigid";"PROG";"EUR/kWh";2030;"-0.01";"Sensitivity | Removed policies except for bio/syn fuel mandates";"Electricity"
"OPEX";"Charging Infrastructure";"ES";"Depot - Network fees savings potential";"Tractor-Trailer";"PROG";"EUR/kWh";2030;"-0.01";"Sensitivity | Removed policies except for bio/syn fuel mandates";"Electricity"
"OPEX";"Charging Infrastructure";"FR";"Depot - Network fees savings potential";"Rigid";"PROG";"EUR/kWh";2030;"-0.01";"Sensitivity | Removed policies except for bio/syn fuel mandates";"Electricity"
"OPEX";"Charging Infrastructure";"FR";"Depot - Network fees savings potential";"Tractor-Trailer";"PROG";"EUR/kWh";2030;"-0.01";"Sensitivity | Removed policies except for bio/syn fuel mandates";"Electricity"
"OPEX";"Charging Infrastructure";"IT";"Depot - Network fees savings potential";"Rigid";"PROG";"EUR/kWh";2030;"-0.01";"Sensitivity | Removed policies except for bio/syn fuel mandates";"Electricity"
"OPEX";"Charging Infrastructure";"IT";"Depot - Network fees savings potential";"Tractor-Trailer";"PROG";"EUR/kWh";2030;"-0.01";"Sensitivity | Removed policies except for bio/syn fuel mandates";"Electricity"
"OPEX";"Charging Infrastructure";"NL";"Depot - Network fees savings potential";"Rigid";"PROG";"EUR/kWh";2030;"-0.01";"Sensitivity | Removed policies except for bio/syn fuel mandates";"Electricity"
"OPEX";"Charging Infrastructure";"NL";"Depot - Network fees savings potential";"Tractor-Trailer";"PROG";"EUR/kWh";2030;"-0.01";"Sensitivity | Removed policies except for bio/syn fuel mandates";"Electricity"
"OPEX";"Charging Infrastructure";"PL";"Depot - Network fees savings potential";"Rigid";"PROG";"EUR/kWh";2030;"-0.01";"Sensitivity | Removed policies except for bio/syn fuel mandates";"Electricity"
"OPEX";"Charging Infrastructure";"PL";"Depot - Network fees savings potential";"Tractor-Trailer";"PROG";"EUR/kWh";2030;"-0.01";"Sensitivity | Removed policies except for bio/syn fuel mandates";"Electricity"
"OPEX";"Charging Infrastructure";"UK";"Depot - Network fees savings potential";"Rigid";"PROG";"EUR/kWh";2030;"-0.01";"Sensitivity | Removed policies except for bio/syn fuel mandates";"Electricity"
"OPEX";"Charging Infrastructure";"UK";"Depot - Network fees savings potential";"Tractor-Trailer";"PROG";"EUR/kWh";2030;"-0.01";"Sensitivity | Removed policies except for bio/syn fuel mandates";"Electricity"
"OPEX";"Taxes";"DE";"Tax reduction";"Rigid";"PROG";"%";2030;"0";"Sensitivity | Removed policies except for bio/syn fuel mandates";"Hydrogen"
"OPEX";"Taxes";"DE";"Tax reduction";"Tractor-Trailer";"PROG";"%";2030;"0";"Sensitivity | Removed policies except for bio/syn fuel mandates";"Hydrogen"
"OPEX";"Taxes";"ES";"Tax reduction";"Rigid";"PROG";"%";2030;"0";"Sensitivity | Removed policies except for bio/syn fuel mandates";"Hydrogen"
"OPEX";"Taxes";"ES";"Tax reduction";"Tractor-Trailer";"PROG";"%";2030;"0";"Sensitivity | Removed policies except for bio/syn fuel mandates";"Hydrogen"
"OPEX";"Taxes";"FR";"Tax reduction";"Rigid";"PROG";"%";2030;"0";"Sensitivity | Removed policies except for bio/syn fuel mandates";"Hydrogen"
"OPEX";"Taxes";"FR";"Tax reduction";"Tractor-Trailer";"PROG";"%";2030;"0";"Sensitivity | Removed policies except for bio/syn fuel mandates";"Hydrogen"
"OPEX";"Taxes";"IT";"Tax reduction";"Rigid";"PROG";"%";2030;"0";"Sensitivity | Removed policies except for bio/syn fuel mandates";"Hydrogen"
"OPEX";"Taxes";"IT";"Tax reduction";"Tractor-Trailer";"PROG";"%";2030;"0";"Sensitivity | Removed policies except for bio/syn fuel mandates";"Hydrogen"
"OPEX";"Taxes";"NL";"Tax reduction";"Rigid";"PROG";"%";2030;"0";"Sensitivity | Removed policies except for bio/syn fuel mandates";"Hydrogen"
"OPEX";"Taxes";"NL";"Tax reduction";"Tractor-Trailer";"PROG";"%";2030;"0";"Sensitivity | Removed policies except for bio/syn fuel mandates";"Hydrogen"
"OPEX";"Taxes";"PL";"Tax reduction";"Rigid";"PROG";"%";2030;"0";"Sensitivity | Removed policies except for bio/syn fuel mandates";"Hydrogen"
"OPEX";"Taxes";"PL";"Tax reduction";"Tractor-Trailer";"PROG";"%";2030;"0";"Sensitivity | Removed policies except for bio/syn fuel mandates";"Hydrogen"
"OPEX";"Taxes";"UK";"Tax reduction";"Rigid";"PROG";"%";2030;"0";"Sensitivity | Removed policies except for bio/syn fuel mandates";"Hydrogen"
"OPEX";"Taxes";"UK";"Tax reduction";"Tractor-Trailer";"PROG";"%";2030;"0";"Sensitivity | Removed policies except for bio/syn fuel mandates";"Hydrogen"
"OPEX";"Taxes";"DE";"Excise Duty - Diesel";"Rigid";"BAU";"EUR/kWh";2030;"0.047";"Sensitivity | Removed policies except for bio/syn fuel mandates";"Diesel"
"OPEX";"Taxes";"DE";"Excise Duty - Diesel";"Tractor-Trailer";"BAU";"EUR/kWh";2030;"0.047";"Sensitivity | Removed policies except for bio/syn fuel mandates";"Diesel"
"OPEX";"Taxes";"DE";"Excise Duty - Diesel";"Rigid";"PROG";"EUR/kWh";2030;"0.047";"Sensitivity | Removed policies except for bio/syn fuel mandates";"Diesel"
"OPEX";"Taxes";"DE";"Excise Duty - Diesel";"Tractor-Trailer";"PROG";"EUR/kWh";2030;"0.047";"Sensitivity | Removed policies except for bio/syn fuel mandates";"Diesel"
"OPEX";"Taxes";"ES";"Excise Duty - Diesel";"Rigid";"BAU";"EUR/kWh";2030;"0.038";"Sensitivity | Removed policies except for bio/syn fuel mandates";"Diesel"
"OPEX";"Taxes";"ES";"Excise Duty - Diesel";"Tractor-Trailer";"BAU";"EUR/kWh";2030;"0.038";"Sensitivity | Removed policies except for bio/syn fuel mandates";"Diesel"
"OPEX";"Taxes";"ES";"Excise Duty - Diesel";"Rigid";"PROG";"EUR/kWh";2030;"0.038";"Sensitivity | Removed policies except for bio/syn fuel mandates";"Diesel"
"OPEX";"Taxes";"ES";"Excise Duty - Diesel";"Tractor-Trailer";"PROG";"EUR/kWh";2030;"0.038";"Sensitivity | Removed policies except for bio/syn fuel mandates";"Diesel"
"OPEX";"Taxes";"FR";"Excise Duty - Diesel";"Rigid";"BAU";"EUR/kWh";2030;"0.06";"Sensitivity | Removed policies except for bio/syn fuel mandates";"Diesel"
"OPEX";"Taxes";"FR";"Excise Duty - Diesel";"Tractor-Trailer";"BAU";"EUR/kWh";2030;"0.06";"Sensitivity | Removed policies except for bio/syn fuel mandates";"Diesel"
"OPEX";"Taxes";"FR";"Excise Duty - Diesel";"Rigid";"PROG";"EUR/kWh";2030;"0.06";"Sensitivity | Removed policies except for bio/syn fuel mandates";"Diesel"
"OPEX";"Taxes";"FR";"Excise Duty - Diesel";"Tractor-Trailer";"PROG";"EUR/kWh";2030;"0.06";"Sensitivity | Removed policies except for bio/syn fuel mandates";"Diesel"
"OPEX";"Taxes";"IT";"Excise Duty - Diesel";"Rigid";"BAU";"EUR/kWh";2030;"0.062";"Sensitivity | Removed policies except for bio/syn fuel mandates";"Diesel"
"OPEX";"Taxes";"IT";"Excise Duty - Diesel";"Tractor-Trailer";"BAU";"EUR/kWh";2030;"0.062";"Sensitivity | Removed policies except for bio/syn fuel mandates";"Diesel"
"OPEX";"Taxes";"IT";"Excise Duty - Diesel";"Rigid";"PROG";"EUR/kWh";2030;"0.062";"Sensitivity | Removed policies except for bio/syn fuel mandates";"Diesel"
"OPEX";"Taxes";"IT";"Excise Duty - Diesel";"Tractor-Trailer";"PROG";"EUR/kWh";2030;"0.062";"Sensitivity | Removed policies except for bio/syn fuel mandates";"Diesel"
"OPEX";"Taxes";"NL";"Excise Duty - Diesel";"Rigid";"BAU";"EUR/kWh";2030;"0.053";"Sensitivity | Removed policies except for bio/syn fuel mandates";"Diesel"
"OPEX";"Taxes";"NL";"Excise Duty - Diesel";"Tractor-Trailer";"BAU";"EUR/kWh";2030;"0.053";"Sensitivity | Removed policies except for bio/syn fuel mandates";"Diesel"
"OPEX";"Taxes";"NL";"Excise Duty - Diesel";"Rigid";"PROG";"EUR/kWh";2030;"0.053";"Sensitivity | Removed policies except for bio/syn fuel mandates";"Diesel"
"OPEX";"Taxes";"NL";"Excise Duty - Diesel";"Tractor-Trailer";"PROG";"EUR/kWh";2030;"0.053";"Sensitivity | Removed policies except for bio/syn fuel mandates";"Diesel"
"OPEX";"Taxes";"PL";"Excise Duty - Diesel";"Rigid";"BAU";"EUR/kWh";2030;"0.033";"Sensitivity | Removed policies except for bio/syn fuel mandates";"Diesel"
"OPEX";"Taxes";"PL";"Excise Duty - Diesel";"Tractor-Trailer";"BAU";"EUR/kWh";2030;"0.033";"Sensitivity | Removed policies except for bio/syn fuel mandates";"Diesel"
"OPEX";"Taxes";"PL";"Excise Duty - Diesel";"Rigid";"PROG";"EUR/kWh";2030;"0.033";"Sensitivity | Removed policies except for bio/syn fuel mandates";"Diesel"
"OPEX";"Taxes";"PL";"Excise Duty - Diesel";"Tractor-Trailer";"PROG";"EUR/kWh";2030;"0.033";"Sensitivity | Removed policies except for bio/syn fuel mandates";"Diesel"
"OPEX";"Taxes";"UK";"Excise Duty - Diesel";"Rigid";"BAU";"EUR/kWh";2030;"0.053";"Sensitivity | Removed policies except for bio/syn fuel mandates";"Diesel"
"OPEX";"Taxes";"UK";"Excise Duty - Diesel";"Tractor-Trailer";"BAU";"EUR/kWh";2030;"0.053";"Sensitivity | Removed policies except for bio/syn fuel mandates";"Diesel"
"OPEX";"Taxes";"UK";"Excise Duty - Diesel";"Rigid";"PROG";"EUR/kWh";2030;"0.053";"Sensitivity | Removed policies except for bio/syn fuel mandates";"Diesel"
"OPEX";"Taxes";"UK";"Excise Duty - Diesel";"Tractor-Trailer";"PROG";"EUR/kWh";2030;"0.053";"Sensitivity | Removed policies except for bio/syn fuel mandates";"Diesel"
"OPEX";"Taxes";"DE";"Excise Duty - Reduction biodiesel";"Rigid";"BAU";"%";2030;"0.5";"Sensitivity | Removed policies except for bio/syn fuel mandates";"Diesel"
"OPEX";"Taxes";"DE";"Excise Duty - Reduction biodiesel";"Tractor-Trailer";"BAU";"%";2030;"0.5";"Sensitivity | Removed policies except for bio/syn fuel mandates";"Diesel"
"OPEX";"Taxes";"DE";"Excise Duty - Reduction biodiesel";"Rigid";"PROG";"%";2030;"0.5";"Sensitivity | Removed policies except for bio/syn fuel mandates";"Diesel"
"OPEX";"Taxes";"DE";"Excise Duty - Reduction biodiesel";"Tractor-Trailer";"PROG";"%";2030;"0.5";"Sensitivity | Removed policies except for bio/syn fuel mandates";"Diesel"
"OPEX";"Taxes";"ES";"Excise Duty - Reduction biodiesel";"Rigid";"BAU";"%";2030;"0.5";"Sensitivity | Removed policies except for bio/syn fuel mandates";"Diesel"
"OPEX";"Taxes";"ES";"Excise Duty - Reduction biodiesel";"Tractor-Trailer";"BAU";"%";2030;"0.5";"Sensitivity | Removed policies except for bio/syn fuel mandates";"Diesel"
"OPEX";"Taxes";"ES";"Excise Duty - Reduction biodiesel";"Rigid";"PROG";"%";2030;"0.5";"Sensitivity | Removed policies except for bio/syn fuel mandates";"Diesel"
"OPEX";"Taxes";"ES";"Excise Duty - Reduction biodiesel";"Tractor-Trailer";"PROG";"%";2030;"0.5";"Sensitivity | Removed policies except for bio/syn fuel mandates";"Diesel"
"OPEX";"Taxes";"FR";"Excise Duty - Reduction biodiesel";"Rigid";"BAU";"%";2030;"0.5";"Sensitivity | Removed policies except for bio/syn fuel mandates";"Diesel"
"OPEX";"Taxes";"FR";"Excise Duty - Reduction biodiesel";"Tractor-Trailer";"BAU";"%";2030;"0.5";"Sensitivity | Removed policies except for bio/syn fuel mandates";"Diesel"
"OPEX";"Taxes";"FR";"Excise Duty - Reduction biodiesel";"Rigid";"PROG";"%";2030;"0.5";"Sensitivity | Removed policies except for bio/syn fuel mandates";"Diesel"
"OPEX";"Taxes";"FR";"Excise Duty - Reduction biodiesel";"Tractor-Trailer";"PROG";"%";2030;"0.5";"Sensitivity | Removed policies except for bio/syn fuel mandates";"Diesel"
"OPEX";"Taxes";"IT";"Excise Duty - Reduction biodiesel";"Rigid";"BAU";"%";2030;"0.5";"Sensitivity | Removed policies except for bio/syn fuel mandates";"Diesel"
"OPEX";"Taxes";"IT";"Excise Duty - Reduction biodiesel";"Tractor-Trailer";"BAU";"%";2030;"0.5";"Sensitivity | Removed policies except for bio/syn fuel mandates";"Diesel"
"OPEX";"Taxes";"IT";"Excise Duty - Reduction biodiesel";"Rigid";"PROG";"%";2030;"0.5";"Sensitivity | Removed policies except for bio/syn fuel mandates";"Diesel"
"OPEX";"Taxes";"IT";"Excise Duty - Reduction biodiesel";"Tractor-Trailer";"PROG";"%";2030;"0.5";"Sensitivity | Removed policies except for bio/syn fuel mandates";"Diesel"
"OPEX";"Taxes";"NL";"Excise Duty - Reduction biodiesel";"Rigid";"BAU";"%";2030;"0.5";"Sensitivity | Removed policies except for bio/syn fuel mandates";"Diesel"
"OPEX";"Taxes";"NL";"Excise Duty - Reduction biodiesel";"Tractor-Trailer";"BAU";"%";2030;"0.5";"Sensitivity | Removed policies except for bio/syn fuel mandates";"Diesel"
"OPEX";"Taxes";"NL";"Excise Duty - Reduction biodiesel";"Rigid";"PROG";"%";2030;"0.5";"Sensitivity | Removed policies except for bio/syn fuel mandates";"Diesel"
"OPEX";"Taxes";"NL";"Excise Duty - Reduction biodiesel";"Tractor-Trailer";"PROG";"%";2030;"0.5";"Sensitivity | Removed policies except for bio/syn fuel mandates";"Diesel"
"OPEX";"Taxes";"PL";"Excise Duty - Reduction biodiesel";"Rigid";"BAU";"%";2030;"0.5";"Sensitivity | Removed policies except for bio/syn fuel mandates";"Diesel"
"OPEX";"Taxes";"PL";"Excise Duty - Reduction biodiesel";"Tractor-Trailer";"BAU";"%";2030;"0.5";"Sensitivity | Removed policies except for bio/syn fuel mandates";"Diesel"
"OPEX";"Taxes";"PL";"Excise Duty - Reduction biodiesel";"Rigid";"PROG";"%";2030;"0.5";"Sensitivity | Removed policies except for bio/syn fuel mandates";"Diesel"
"OPEX";"Taxes";"PL";"Excise Duty - Reduction biodiesel";"Tractor-Trailer";"PROG";"%";2030;"0.5";"Sensitivity | Removed policies except for bio/syn fuel mandates";"Diesel"
"OPEX";"Taxes";"UK";"Excise Duty - Reduction biodiesel";"Rigid";"BAU";"%";2030;"0.5";"Sensitivity | Removed policies except for bio/syn fuel mandates";"Diesel"
"OPEX";"Taxes";"UK";"Excise Duty - Reduction biodiesel";"Tractor-Trailer";"BAU";"%";2030;"0.5";"Sensitivity | Removed policies except for bio/syn fuel mandates";"Diesel"
"OPEX";"Taxes";"UK";"Excise Duty - Reduction biodiesel";"Rigid";"PROG";"%";2030;"0.5";"Sensitivity | Removed policies except for bio/syn fuel mandates";"Diesel"
"OPEX";"Taxes";"UK";"Excise Duty - Reduction biodiesel";"Tractor-Trailer";"PROG";"%";2030;"0.5";"Sensitivity | Removed policies except for bio/syn fuel mandates";"Diesel"
"OPEX";"Taxes";"DE";"Excise Duty - Reduction Synthetic Diesel (E-Fuels)";"Rigid";"BAU";"%";2030;"0.5";"Sensitivity | Removed policies except for bio/syn fuel mandates";"Diesel"
"OPEX";"Taxes";"DE";"Excise Duty - Reduction Synthetic Diesel (E-Fuels)";"Tractor-Trailer";"BAU";"%";2030;"0.5";"Sensitivity | Removed policies except for bio/syn fuel mandates";"Diesel"
"OPEX";"Taxes";"DE";"Excise Duty - Reduction Synthetic Diesel (E-Fuels)";"Rigid";"PROG";"%";2030;"0.5";"Sensitivity | Removed policies except for bio/syn fuel mandates";"Diesel"
"OPEX";"Taxes";"DE";"Excise Duty - Reduction Synthetic Diesel (E-Fuels)";"Tractor-Trailer";"PROG";"%";2030;"0.5";"Sensitivity | Removed policies except for bio/syn fuel mandates";"Diesel"
"OPEX";"Taxes";"ES";"Excise Duty - Reduction Synthetic Diesel (E-Fuels)";"Rigid";"BAU";"%";2030;"0.5";"Sensitivity | Removed policies except for bio/syn fuel mandates";"Diesel"
"OPEX";"Taxes";"ES";"Excise Duty - Reduction Synthetic Diesel (E-Fuels)";"Tractor-Trailer";"BAU";"%";2030;"0.5";"Sensitivity | Removed policies except for bio/syn fuel mandates";"Diesel"
"OPEX";"Taxes";"ES";"Excise Duty - Reduction Synthetic Diesel (E-Fuels)";"Rigid";"PROG";"%";2030;"0.5";"Sensitivity | Removed policies except for bio/syn fuel mandates";"Diesel"
"OPEX";"Taxes";"ES";"Excise Duty - Reduction Synthetic Diesel (E-Fuels)";"Tractor-Trailer";"PROG";"%";2030;"0.5";"Sensitivity | Removed policies except for bio/syn fuel mandates";"Diesel"
"OPEX";"Taxes";"FR";"Excise Duty - Reduction Synthetic Diesel (E-Fuels)";"Rigid";"BAU";"%";2030;"0.5";"Sensitivity | Removed policies except for bio/syn fuel mandates";"Diesel"
"OPEX";"Taxes";"FR";"Excise Duty - Reduction Synthetic Diesel (E-Fuels)";"Tractor-Trailer";"BAU";"%";2030;"0.5";"Sensitivity | Removed policies except for bio/syn fuel mandates";"Diesel"
"OPEX";"Taxes";"FR";"Excise Duty - Reduction Synthetic Diesel (E-Fuels)";"Rigid";"PROG";"%";2030;"0.5";"Sensitivity | Removed policies except for bio/syn fuel mandates";"Diesel"
"OPEX";"Taxes";"FR";"Excise Duty - Reduction Synthetic Diesel (E-Fuels)";"Tractor-Trailer";"PROG";"%";2030;"0.5";"Sensitivity | Removed policies except for bio/syn fuel mandates";"Diesel"
"OPEX";"Taxes";"IT";"Excise Duty - Reduction Synthetic Diesel (E-Fuels)";"Rigid";"BAU";"%";2030;"0.5";"Sensitivity | Removed policies except for bio/syn fuel mandates";"Diesel"
"OPEX";"Taxes";"IT";"Excise Duty - Reduction Synthetic Diesel (E-Fuels)";"Tractor-Trailer";"BAU";"%";2030;"0.5";"Sensitivity | Removed policies except for bio/syn fuel mandates";"Diesel"
"OPEX";"Taxes";"IT";"Excise Duty - Reduction Synthetic Diesel (E-Fuels)";"Rigid";"PROG";"%";2030;"0.5";"Sensitivity | Removed policies except for bio/syn fuel mandates";"Diesel"
"OPEX";"Taxes";"IT";"Excise Duty - Reduction Synthetic Diesel (E-Fuels)";"Tractor-Trailer";"PROG";"%";2030;"0.5";"Sensitivity | Removed policies except for bio/syn fuel mandates";"Diesel"
"OPEX";"Taxes";"NL";"Excise Duty - Reduction Synthetic Diesel (E-Fuels)";"Rigid";"BAU";"%";2030;"0.5";"Sensitivity | Removed policies except for bio/syn fuel mandates";"Diesel"
"OPEX";"Taxes";"NL";"Excise Duty - Reduction Synthetic Diesel (E-Fuels)";"Tractor-Trailer";"BAU";"%";2030;"0.5";"Sensitivity | Removed policies except for bio/syn fuel mandates";"Diesel"
"OPEX";"Taxes";"NL";"Excise Duty - Reduction Synthetic Diesel (E-Fuels)";"Rigid";"PROG";"%";2030;"0.5";"Sensitivity | Removed policies except for bio/syn fuel mandates";"Diesel"
"OPEX";"Taxes";"NL";"Excise Duty - Reduction Synthetic Diesel (E-Fuels)";"Tractor-Trailer";"PROG";"%";2030;"0.5";"Sensitivity | Removed policies except for bio/syn fuel mandates";"Diesel"
"OPEX";"Taxes";"PL";"Excise Duty - Reduction Synthetic Diesel (E-Fuels)";"Rigid";"BAU";"%";2030;"0.5";"Sensitivity | Removed policies except for bio/syn fuel mandates";"Diesel"
"OPEX";"Taxes";"PL";"Excise Duty - Reduction Synthetic Diesel (E-Fuels)";"Tractor-Trailer";"BAU";"%";2030;"0.5";"Sensitivity | Removed policies except for bio/syn fuel mandates";"Diesel"
"OPEX";"Taxes";"PL";"Excise Duty - Reduction Synthetic Diesel (E-Fuels)";"Rigid";"PROG";"%";2030;"0.5";"Sensitivity | Removed policies except for bio/syn fuel mandates";"Diesel"
"OPEX";"Taxes";"PL";"Excise Duty - Reduction Synthetic Diesel (E-Fuels)";"Tractor-Trailer";"PROG";"%";2030;"0.5";"Sensitivity | Removed policies except for bio/syn fuel mandates";"Diesel"
"OPEX";"Taxes";"UK";"Excise Duty - Reduction Synthetic Diesel (E-Fuels)";"Rigid";"BAU";"%";2030;"0.5";"Sensitivity | Removed policies except for bio/syn fuel mandates";"Diesel"
"OPEX";"Taxes";"UK";"Excise Duty - Reduction Synthetic Diesel (E-Fuels)";"Tractor-Trailer";"BAU";"%";2030;"0.5";"Sensitivity | Removed policies except for bio/syn fuel mandates";"Diesel"
"OPEX";"Taxes";"UK";"Excise Duty - Reduction Synthetic Diesel (E-Fuels)";"Rigid";"PROG";"%";2030;"0.5";"Sensitivity | Removed policies except for bio/syn fuel mandates";"Diesel"
"OPEX";"Taxes";"UK";"Excise Duty - Reduction Synthetic Diesel (E-Fuels)";"Tractor-Trailer";"PROG";"%";2030;"0.5";"Sensitivity | Removed policies except for bio/syn fuel mandates";"Diesel"
"OPEX";"Taxes";"DE";"Taxes, Fees, Levies and charges - H2";"Rigid";"BAU";"EUR/kWh";2030;"0.015";"Sensitivity | Removed policies except for bio/syn fuel mandates";"Hydrogen"
"OPEX";"Taxes";"DE";"Taxes, Fees, Levies and charges - H2";"Tractor-Trailer";"BAU";"EUR/kWh";2030;"0.015";"Sensitivity | Removed policies except for bio/syn fuel mandates";"Hydrogen"
"OPEX";"Taxes";"DE";"Taxes, Fees, Levies and charges - H2";"Rigid";"PROG";"EUR/kWh";2030;"0.015";"Sensitivity | Removed policies except for bio/syn fuel mandates";"Hydrogen"
"OPEX";"Taxes";"DE";"Taxes, Fees, Levies and charges - H2";"Tractor-Trailer";"PROG";"EUR/kWh";2030;"0.015";"Sensitivity | Removed policies except for bio/syn fuel mandates";"Hydrogen"
"OPEX";"Taxes";"ES";"Taxes, Fees, Levies and charges - H2";"Rigid";"BAU";"EUR/kWh";2030;"0.008";"Sensitivity | Removed policies except for bio/syn fuel mandates";"Hydrogen"
"OPEX";"Taxes";"ES";"Taxes, Fees, Levies and charges - H2";"Tractor-Trailer";"BAU";"EUR/kWh";2030;"0.008";"Sensitivity | Removed policies except for bio/syn fuel mandates";"Hydrogen"
"OPEX";"Taxes";"ES";"Taxes, Fees, Levies and charges - H2";"Rigid";"PROG";"EUR/kWh";2030;"0.008";"Sensitivity | Removed policies except for bio/syn fuel mandates";"Hydrogen"
"OPEX";"Taxes";"ES";"Taxes, Fees, Levies and charges - H2";"Tractor-Trailer";"PROG";"EUR/kWh";2030;"0.008";"Sensitivity | Removed policies except for bio/syn fuel mandates";"Hydrogen"
"OPEX";"Taxes";"FR";"Taxes, Fees, Levies and charges - H2";"Rigid";"BAU";"EUR/kWh";2030;"0.012";"Sensitivity | Removed policies except for bio/syn fuel mandates";"Hydrogen"
"OPEX";"Taxes";"FR";"Taxes, Fees, Levies and charges - H2";"Tractor-Trailer";"BAU";"EUR/kWh";2030;"0.012";"Sensitivity | Removed policies except for bio/syn fuel mandates";"Hydrogen"
"OPEX";"Taxes";"FR";"Taxes, Fees, Levies and charges - H2";"Rigid";"PROG";"EUR/kWh";2030;"0.012";"Sensitivity | Removed policies except for bio/syn fuel mandates";"Hydrogen"
"OPEX";"Taxes";"FR";"Taxes, Fees, Levies and charges - H2";"Tractor-Trailer";"PROG";"EUR/kWh";2030;"0.012";"Sensitivity | Removed policies except for bio/syn fuel mandates";"Hydrogen"
"OPEX";"Taxes";"IT";"Taxes, Fees, Levies and charges - H2";"Rigid";"BAU";"EUR/kWh";2030;"0.009";"Sensitivity | Removed policies except for bio/syn fuel mandates";"Hydrogen"
"OPEX";"Taxes";"IT";"Taxes, Fees, Levies and charges - H2";"Tractor-Trailer";"BAU";"EUR/kWh";2030;"0.009";"Sensitivity | Removed policies except for bio/syn fuel mandates";"Hydrogen"
"OPEX";"Taxes";"IT";"Taxes, Fees, Levies and charges - H2";"Rigid";"PROG";"EUR/kWh";2030;"0.009";"Sensitivity | Removed policies except for bio/syn fuel mandates";"Hydrogen"
"OPEX";"Taxes";"IT";"Taxes, Fees, Levies and charges - H2";"Tractor-Trailer";"PROG";"EUR/kWh";2030;"0.009";"Sensitivity | Removed policies except for bio/syn fuel mandates";"Hydrogen"
"OPEX";"Taxes";"NL";"Taxes, Fees, Levies and charges - H2";"Rigid";"BAU";"EUR/kWh";2030;"0.024";"Sensitivity | Removed policies except for bio/syn fuel mandates";"Hydrogen"
"OPEX";"Taxes";"NL";"Taxes, Fees, Levies and charges - H2";"Tractor-Trailer";"BAU";"EUR/kWh";2030;"0.024";"Sensitivity | Removed policies except for bio/syn fuel mandates";"Hydrogen"
"OPEX";"Taxes";"NL";"Taxes, Fees, Levies and charges - H2";"Rigid";"PROG";"EUR/kWh";2030;"0.024";"Sensitivity | Removed policies except for bio/syn fuel mandates";"Hydrogen"
"OPEX";"Taxes";"NL";"Taxes, Fees, Levies and charges - H2";"Tractor-Trailer";"PROG";"EUR/kWh";2030;"0.024";"Sensitivity | Removed policies except for bio/syn fuel mandates";"Hydrogen"
"OPEX";"Taxes";"PL";"Taxes, Fees, Levies and charges - H2";"Rigid";"BAU";"EUR/kWh";2030;"0.009";"Sensitivity | Removed policies except for bio/syn fuel mandates";"Hydrogen"
"OPEX";"Taxes";"PL";"Taxes, Fees, Levies and charges - H2";"Tractor-Trailer";"BAU";"EUR/kWh";2030;"0.009";"Sensitivity | Removed policies except for bio/syn fuel mandates";"Hydrogen"
"OPEX";"Taxes";"PL";"Taxes, Fees, Levies and charges - H2";"Rigid";"PROG";"EUR/kWh";2030;"0.009";"Sensitivity | Removed policies except for bio/syn fuel mandates";"Hydrogen"
"OPEX";"Taxes";"PL";"Taxes, Fees, Levies and charges - H2";"Tractor-Trailer";"PROG";"EUR/kWh";2030;"0.009";"Sensitivity | Removed policies except for bio/syn fuel mandates";"Hydrogen"
"OPEX";"Taxes";"UK";"Taxes, Fees, Levies and charges - H2";"Rigid";"BAU";"EUR/kWh";2030;"0.006";"Sensitivity | Removed policies except for bio/syn fuel mandates";"Hydrogen"
"OPEX";"Taxes";"UK";"Taxes, Fees, Levies and charges - H2";"Tractor-Trailer";"BAU";"EUR/kWh";2030;"0.006";"Sensitivity | Removed policies except for bio/syn fuel mandates";"Hydrogen"
"OPEX";"Taxes";"UK";"Taxes, Fees, Levies and charges - H2";"Rigid";"PROG";"EUR/kWh";2030;"0.006";"Sensitivity | Removed policies except for bio/syn fuel mandates";"Hydrogen"
"OPEX";"Taxes";"UK";"Taxes, Fees, Levies and charges - H2";"Tractor-Trailer";"PROG";"EUR/kWh";2030;"0.006";"Sensitivity | Removed policies except for bio/syn fuel mandates";"Hydrogen"
"OPEX";"Charging Infrastructure";"DE";"MCS grid extension";"Rigid";"PROG";"EUR/kWh";2030;"0.075";"Sensitivity | Removed policies except for bio/syn fuel mandates";"Electricity"
"OPEX";"Charging Infrastructure";"DE";"MCS grid extension";"Tractor-Trailer";"PROG";"EUR/kWh";2030;"0.075";"Sensitivity | Removed policies except for bio/syn fuel mandates";"Electricity"
"OPEX";"Charging Infrastructure";"DE";"MCS grid extension";"Rigid";"BAU";"EUR/kWh";2030;"0.075";"Sensitivity | Removed policies except for bio/syn fuel mandates";"Electricity"
"OPEX";"Charging Infrastructure";"DE";"MCS grid extension";"Tractor-Trailer";"BAU";"EUR/kWh";2030;"0.075";"Sensitivity | Removed policies except for bio/syn fuel mandates";"Electricity"
"OPEX";"Charging Infrastructure";"ES";"MCS grid extension";"Rigid";"PROG";"EUR/kWh";2030;"0.075";"Sensitivity | Removed policies except for bio/syn fuel mandates";"Electricity"
"OPEX";"Charging Infrastructure";"ES";"MCS grid extension";"Tractor-Trailer";"PROG";"EUR/kWh";2030;"0.075";"Sensitivity | Removed policies except for bio/syn fuel mandates";"Electricity"
"OPEX";"Charging Infrastructure";"ES";"MCS grid extension";"Rigid";"BAU";"EUR/kWh";2030;"0.075";"Sensitivity | Removed policies except for bio/syn fuel mandates";"Electricity"
"OPEX";"Charging Infrastructure";"ES";"MCS grid extension";"Tractor-Trailer";"BAU";"EUR/kWh";2030;"0.075";"Sensitivity | Removed policies except for bio/syn fuel mandates";"Electricity"
"OPEX";"Charging Infrastructure";"FR";"MCS grid extension";"Rigid";"PROG";"EUR/kWh";2030;"0.075";"Sensitivity | Removed policies except for bio/syn fuel mandates";"Electricity"
"OPEX";"Charging Infrastructure";"FR";"MCS grid extension";"Tractor-Trailer";"PROG";"EUR/kWh";2030;"0.075";"Sensitivity | Removed policies except for bio/syn fuel mandates";"Electricity"
"OPEX";"Charging Infrastructure";"FR";"MCS grid extension";"Rigid";"BAU";"EUR/kWh";2030;"0.075";"Sensitivity | Removed policies except for bio/syn fuel mandates";"Electricity"
"OPEX";"Charging Infrastructure";"FR";"MCS grid extension";"Tractor-Trailer";"BAU";"EUR/kWh";2030;"0.075";"Sensitivity | Removed policies except for bio/syn fuel mandates";"Electricity"
"OPEX";"Charging Infrastructure";"IT";"MCS grid extension";"Rigid";"PROG";"EUR/kWh";2030;"0.075";"Sensitivity | Removed policies except for bio/syn fuel mandates";"Electricity"
"OPEX";"Charging Infrastructure";"IT";"MCS grid extension";"Tractor-Trailer";"PROG";"EUR/kWh";2030;"0.075";"Sensitivity | Removed policies except for bio/syn fuel mandates";"Electricity"
"OPEX";"Charging Infrastructure";"IT";"MCS grid extension";"Rigid";"BAU";"EUR/kWh";2030;"0.075";"Sensitivity | Removed policies except for bio/syn fuel mandates";"Electricity"
"OPEX";"Charging Infrastructure";"IT";"MCS grid extension";"Tractor-Trailer";"BAU";"EUR/kWh";2030;"0.075";"Sensitivity | Removed policies except for bio/syn fuel mandates";"Electricity"
"OPEX";"Charging Infrastructure";"NL";"MCS grid extension";"Rigid";"PROG";"EUR/kWh";2030;"0.075";"Sensitivity | Removed policies except for bio/syn fuel mandates";"Electricity"
"OPEX";"Charging Infrastructure";"NL";"MCS grid extension";"Tractor-Trailer";"PROG";"EUR/kWh";2030;"0.075";"Sensitivity | Removed policies except for bio/syn fuel mandates";"Electricity"
"OPEX";"Charging Infrastructure";"NL";"MCS grid extension";"Rigid";"BAU";"EUR/kWh";2030;"0.075";"Sensitivity | Removed policies except for bio/syn fuel mandates";"Electricity"
"OPEX";"Charging Infrastructure";"NL";"MCS grid extension";"Tractor-Trailer";"BAU";"EUR/kWh";2030;"0.075";"Sensitivity | Removed policies except for bio/syn fuel mandates";"Electricity"
"OPEX";"Charging Infrastructure";"PL";"MCS grid extension";"Rigid";"PROG";"EUR/kWh";2030;"0.075";"Sensitivity | Removed policies except for bio/syn fuel mandates";"Electricity"
"OPEX";"Charging Infrastructure";"PL";"MCS grid extension";"Tractor-Trailer";"PROG";"EUR/kWh";2030;"0.075";"Sensitivity | Removed policies except for bio/syn fuel mandates";"Electricity"
"OPEX";"Charging Infrastructure";"PL";"MCS grid extension";"Rigid";"BAU";"EUR/kWh";2030;"0.075";"Sensitivity | Removed policies except for bio/syn fuel mandates";"Electricity"
"OPEX";"Charging Infrastructure";"PL";"MCS grid extension";"Tractor-Trailer";"BAU";"EUR/kWh";2030;"0.075";"Sensitivity | Removed policies except for bio/syn fuel mandates";"Electricity"
"OPEX";"Charging Infrastructure";"UK";"MCS grid extension";"Rigid";"PROG";"EUR/kWh";2030;"0.075";"Sensitivity | Removed policies except for bio/syn fuel mandates";"Electricity"
"OPEX";"Charging Infrastructure";"UK";"MCS grid extension";"Tractor-Trailer";"PROG";"EUR/kWh";2030;"0.075";"Sensitivity | Removed policies except for bio/syn fuel mandates";"Electricity"
"OPEX";"Charging Infrastructure";"UK";"MCS grid extension";"Rigid";"BAU";"EUR/kWh";2030;"0.075";"Sensitivity | Removed policies except for bio/syn fuel mandates";"Electricity"
"OPEX";"Charging Infrastructure";"UK";"MCS grid extension";"Tractor-Trailer";"BAU";"EUR/kWh";2030;"0.075";"Sensitivity | Removed policies except for bio/syn fuel mandates";"Electricity"
"OPEX";"Charging Infrastructure";"DE";"MCS Profit and Mark-Up";"Rigid";"PROG";"%";2030;"0.1";"Sensitivity | Removed policies except for bio/syn fuel mandates";"Electricity"
"OPEX";"Charging Infrastructure";"DE";"MCS Profit and Mark-Up";"Tractor-Trailer";"PROG";"%";2030;"0.1";"Sensitivity | Removed policies except for bio/syn fuel mandates";"Electricity"
"OPEX";"Charging Infrastructure";"DE";"MCS Profit and Mark-Up";"Rigid";"BAU";"%";2030;"0.1";"Sensitivity | Removed policies except for bio/syn fuel mandates";"Electricity"
"OPEX";"Charging Infrastructure";"DE";"MCS Profit and Mark-Up";"Tractor-Trailer";"BAU";"%";2030;"0.1";"Sensitivity | Removed policies except for bio/syn fuel mandates";"Electricity"
"OPEX";"Charging Infrastructure";"ES";"MCS Profit and Mark-Up";"Rigid";"PROG";"%";2030;"0.1";"Sensitivity | Removed policies except for bio/syn fuel mandates";"Electricity"
"OPEX";"Charging Infrastructure";"ES";"MCS Profit and Mark-Up";"Tractor-Trailer";"PROG";"%";2030;"0.1";"Sensitivity | Removed policies except for bio/syn fuel mandates";"Electricity"
"OPEX";"Charging Infrastructure";"ES";"MCS Profit and Mark-Up";"Rigid";"BAU";"%";2030;"0.1";"Sensitivity | Removed policies except for bio/syn fuel mandates";"Electricity"
"OPEX";"Charging Infrastructure";"ES";"MCS Profit and Mark-Up";"Tractor-Trailer";"BAU";"%";2030;"0.1";"Sensitivity | Removed policies except for bio/syn fuel mandates";"Electricity"
"OPEX";"Charging Infrastructure";"FR";"MCS Profit and Mark-Up";"Rigid";"PROG";"%";2030;"0.1";"Sensitivity | Removed policies except for bio/syn fuel mandates";"Electricity"
"OPEX";"Charging Infrastructure";"FR";"MCS Profit and Mark-Up";"Tractor-Trailer";"PROG";"%";2030;"0.1";"Sensitivity | Removed policies except for bio/syn fuel mandates";"Electricity"
"OPEX";"Charging Infrastructure";"FR";"MCS Profit and Mark-Up";"Rigid";"BAU";"%";2030;"0.1";"Sensitivity | Removed policies except for bio/syn fuel mandates";"Electricity"
"OPEX";"Charging Infrastructure";"FR";"MCS Profit and Mark-Up";"Tractor-Trailer";"BAU";"%";2030;"0.1";"Sensitivity | Removed policies except for bio/syn fuel mandates";"Electricity"
"OPEX";"Charging Infrastructure";"IT";"MCS Profit and Mark-Up";"Rigid";"PROG";"%";2030;"0.1";"Sensitivity | Removed policies except for bio/syn fuel mandates";"Electricity"
"OPEX";"Charging Infrastructure";"IT";"MCS Profit and Mark-Up";"Tractor-Trailer";"PROG";"%";2030;"0.1";"Sensitivity | Removed policies except for bio/syn fuel mandates";"Electricity"
"OPEX";"Charging Infrastructure";"IT";"MCS Profit and Mark-Up";"Rigid";"BAU";"%";2030;"0.1";"Sensitivity | Removed policies except for bio/syn fuel mandates";"Electricity"
"OPEX";"Charging Infrastructure";"IT";"MCS Profit and Mark-Up";"Tractor-Trailer";"BAU";"%";2030;"0.1";"Sensitivity | Removed policies except for bio/syn fuel mandates";"Electricity"
"OPEX";"Charging Infrastructure";"NL";"MCS Profit and Mark-Up";"Rigid";"PROG";"%";2030;"0.1";"Sensitivity | Removed policies except for bio/syn fuel mandates";"Electricity"
"OPEX";"Charging Infrastructure";"NL";"MCS Profit and Mark-Up";"Tractor-Trailer";"PROG";"%";2030;"0.1";"Sensitivity | Removed policies except for bio/syn fuel mandates";"Electricity"
"OPEX";"Charging Infrastructure";"NL";"MCS Profit and Mark-Up";"Rigid";"BAU";"%";2030;"0.1";"Sensitivity | Removed policies except for bio/syn fuel mandates";"Electricity"
"OPEX";"Charging Infrastructure";"NL";"MCS Profit and Mark-Up";"Tractor-Trailer";"BAU";"%";2030;"0.1";"Sensitivity | Removed policies except for bio/syn fuel mandates";"Electricity"
"OPEX";"Charging Infrastructure";"PL";"MCS Profit and Mark-Up";"Rigid";"PROG";"%";2030;"0.1";"Sensitivity | Removed policies except for bio/syn fuel mandates";"Electricity"
"OPEX";"Charging Infrastructure";"PL";"MCS Profit and Mark-Up";"Tractor-Trailer";"PROG";"%";2030;"0.1";"Sensitivity | Removed policies except for bio/syn fuel mandates";"Electricity"
"OPEX";"Charging Infrastructure";"PL";"MCS Profit and Mark-Up";"Rigid";"BAU";"%";2030;"0.1";"Sensitivity | Removed policies except for bio/syn fuel mandates";"Electricity"
"OPEX";"Charging Infrastructure";"PL";"MCS Profit and Mark-Up";"Tractor-Trailer";"BAU";"%";2030;"0.1";"Sensitivity | Removed policies except for bio/syn fuel mandates";"Electricity"
"OPEX";"Charging Infrastructure";"UK";"MCS Profit and Mark-Up";"Rigid";"PROG";"%";2030;"0.1";"Sensitivity | Removed policies except for bio/syn fuel mandates";"Electricity"
"OPEX";"Charging Infrastructure";"UK";"MCS Profit and Mark-Up";"Tractor-Trailer";"PROG";"%";2030;"0.1";"Sensitivity | Removed policies except for bio/syn fuel mandates";"Electricity"
"OPEX";"Charging Infrastructure";"UK";"MCS Profit and Mark-Up";"Rigid";"BAU";"%";2030;"0.1";"Sensitivity | Removed policies except for bio/syn fuel mandates";"Electricity"
"OPEX";"Charging Infrastructure";"UK";"MCS Profit and Mark-Up";"Tractor-Trailer";"BAU";"%";2030;"0.1";"Sensitivity | Removed policies except for bio/syn fuel mandates";"Electricity"
"OPEX";"Charging Infrastructure";"DE";"CCS Station (Depot) - Incl. Overhead";"Rigid";"PROG";"EUR/kWh";2030;"0.029";"Sensitivity | Removed policies except for bio/syn fuel mandates";"Electricity"
"OPEX";"Charging Infrastructure";"DE";"CCS Station (Depot) - Incl. Overhead";"Tractor-Trailer";"PROG";"EUR/kWh";2030;"0.029";"Sensitivity | Removed policies except for bio/syn fuel mandates";"Electricity"
"OPEX";"Charging Infrastructure";"DE";"CCS Station (Depot) - Incl. Overhead";"Rigid";"BAU";"EUR/kWh";2030;"0.029";"Sensitivity | Removed policies except for bio/syn fuel mandates";"Electricity"
"OPEX";"Charging Infrastructure";"DE";"CCS Station (Depot) - Incl. Overhead";"Tractor-Trailer";"BAU";"EUR/kWh";2030;"0.029";"Sensitivity | Removed policies except for bio/syn fuel mandates";"Electricity"
"OPEX";"Charging Infrastructure";"ES";"CCS Station (Depot) - Incl. Overhead";"Rigid";"PROG";"EUR/kWh";2030;"0.029";"Sensitivity | Removed policies except for bio/syn fuel mandates";"Electricity"
"OPEX";"Charging Infrastructure";"ES";"CCS Station (Depot) - Incl. Overhead";"Tractor-Trailer";"PROG";"EUR/kWh";2030;"0.029";"Sensitivity | Removed policies except for bio/syn fuel mandates";"Electricity"
"OPEX";"Charging Infrastructure";"ES";"CCS Station (Depot) - Incl. Overhead";"Rigid";"BAU";"EUR/kWh";2030;"0.029";"Sensitivity | Removed policies except for bio/syn fuel mandates";"Electricity"
"OPEX";"Charging Infrastructure";"ES";"CCS Station (Depot) - Incl. Overhead";"Tractor-Trailer";"BAU";"EUR/kWh";2030;"0.029";"Sensitivity | Removed policies except for bio/syn fuel mandates";"Electricity"
"OPEX";"Charging Infrastructure";"FR";"CCS Station (Depot) - Incl. Overhead";"Rigid";"PROG";"EUR/kWh";2030;"0.029";"Sensitivity | Removed policies except for bio/syn fuel mandates";"Electricity"
"OPEX";"Charging Infrastructure";"FR";"CCS Station (Depot) - Incl. Overhead";"Tractor-Trailer";"PROG";"EUR/kWh";2030;"0.029";"Sensitivity | Removed policies except for bio/syn fuel mandates";"Electricity"
"OPEX";"Charging Infrastructure";"FR";"CCS Station (Depot) - Incl. Overhead";"Rigid";"BAU";"EUR/kWh";2030;"0.029";"Sensitivity | Removed policies except for bio/syn fuel mandates";"Electricity"
"OPEX";"Charging Infrastructure";"FR";"CCS Station (Depot) - Incl. Overhead";"Tractor-Trailer";"BAU";"EUR/kWh";2030;"0.029";"Sensitivity | Removed policies except for bio/syn fuel mandates";"Electricity"
"OPEX";"Charging Infrastructure";"IT";"CCS Station (Depot) - Incl. Overhead";"Rigid";"PROG";"EUR/kWh";2030;"0.029";"Sensitivity | Removed policies except for bio/syn fuel mandates";"Electricity"
"OPEX";"Charging Infrastructure";"IT";"CCS Station (Depot) - Incl. Overhead";"Tractor-Trailer";"PROG";"EUR/kWh";2030;"0.029";"Sensitivity | Removed policies except for bio/syn fuel mandates";"Electricity"
"OPEX";"Charging Infrastructure";"IT";"CCS Station (Depot) - Incl. Overhead";"Rigid";"BAU";"EUR/kWh";2030;"0.029";"Sensitivity | Removed policies except for bio/syn fuel mandates";"Electricity"
"OPEX";"Charging Infrastructure";"IT";"CCS Station (Depot) - Incl. Overhead";"Tractor-Trailer";"BAU";"EUR/kWh";2030;"0.029";"Sensitivity | Removed policies except for bio/syn fuel mandates";"Electricity"
"OPEX";"Charging Infrastructure";"NL";"CCS Station (Depot) - Incl. Overhead";"Rigid";"PROG";"EUR/kWh";2030;"0.029";"Sensitivity | Removed policies except for bio/syn fuel mandates";"Electricity"
"OPEX";"Charging Infrastructure";"NL";"CCS Station (Depot) - Incl. Overhead";"Tractor-Trailer";"PROG";"EUR/kWh";2030;"0.029";"Sensitivity | Removed policies except for bio/syn fuel mandates";"Electricity"
"OPEX";"Charging Infrastructure";"NL";"CCS Station (Depot) - Incl. Overhead";"Rigid";"BAU";"EUR/kWh";2030;"0.029";"Sensitivity | Removed policies except for bio/syn fuel mandates";"Electricity"
"OPEX";"Charging Infrastructure";"NL";"CCS Station (Depot) - Incl. Overhead";"Tractor-Trailer";"BAU";"EUR/kWh";2030;"0.029";"Sensitivity | Removed policies except for bio/syn fuel mandates";"Electricity"
"OPEX";"Charging Infrastructure";"PL";"CCS Station (Depot) - Incl. Overhead";"Rigid";"PROG";"EUR/kWh";2030;"0.029";"Sensitivity | Removed policies except for bio/syn fuel mandates";"Electricity"
"OPEX";"Charging Infrastructure";"PL";"CCS Station (Depot) - Incl. Overhead";"Tractor-Trailer";"PROG";"EUR/kWh";2030;"0.029";"Sensitivity | Removed policies except for bio/syn fuel mandates";"Electricity"
"OPEX";"Charging Infrastructure";"PL";"CCS Station (Depot) - Incl. Overhead";"Rigid";"BAU";"EUR/kWh";2030;"0.029";"Sensitivity | Removed policies except for bio/syn fuel mandates";"Electricity"
"OPEX";"Charging Infrastructure";"PL";"CCS Station (Depot) - Incl. Overhead";"Tractor-Trailer";"BAU";"EUR/kWh";2030;"0.029";"Sensitivity | Removed policies except for bio/syn fuel mandates";"Electricity"
"OPEX";"Charging Infrastructure";"UK";"CCS Station (Depot) - Incl. Overhead";"Rigid";"PROG";"EUR/kWh";2030;"0.029";"Sensitivity | Removed policies except for bio/syn fuel mandates";"Electricity"
"OPEX";"Charging Infrastructure";"UK";"CCS Station (Depot) - Incl. Overhead";"Tractor-Trailer";"PROG";"EUR/kWh";2030;"0.029";"Sensitivity | Removed policies except for bio/syn fuel mandates";"Electricity"
"OPEX";"Charging Infrastructure";"UK";"CCS Station (Depot) - Incl. Overhead";"Rigid";"BAU";"EUR/kWh";2030;"0.029";"Sensitivity | Removed policies except for bio/syn fuel mandates";"Electricity"
"OPEX";"Charging Infrastructure";"UK";"CCS Station (Depot) - Incl. Overhead";"Tractor-Trailer";"BAU";"EUR/kWh";2030;"0.029";"Sensitivity | Removed policies except for bio/syn fuel mandates";"Electricity"
"OPEX";"Charging Infrastructure";"DE";"CCS grid extension";"Rigid";"PROG";"EUR/kWh";2030;"0.045";"Sensitivity | Removed policies except for bio/syn fuel mandates";"Electricity"
"OPEX";"Charging Infrastructure";"DE";"CCS grid extension";"Tractor-Trailer";"PROG";"EUR/kWh";2030;"0.045";"Sensitivity | Removed policies except for bio/syn fuel mandates";"Electricity"
"OPEX";"Charging Infrastructure";"DE";"CCS grid extension";"Rigid";"BAU";"EUR/kWh";2030;"0.045";"Sensitivity | Removed policies except for bio/syn fuel mandates";"Electricity"
"OPEX";"Charging Infrastructure";"DE";"CCS grid extension";"Tractor-Trailer";"BAU";"EUR/kWh";2030;"0.045";"Sensitivity | Removed policies except for bio/syn fuel mandates";"Electricity"
"OPEX";"Charging Infrastructure";"ES";"CCS grid extension";"Rigid";"PROG";"EUR/kWh";2030;"0.045";"Sensitivity | Removed policies except for bio/syn fuel mandates";"Electricity"
"OPEX";"Charging Infrastructure";"ES";"CCS grid extension";"Tractor-Trailer";"PROG";"EUR/kWh";2030;"0.045";"Sensitivity | Removed policies except for bio/syn fuel mandates";"Electricity"
"OPEX";"Charging Infrastructure";"ES";"CCS grid extension";"Rigid";"BAU";"EUR/kWh";2030;"0.045";"Sensitivity | Removed policies except for bio/syn fuel mandates";"Electricity"
"OPEX";"Charging Infrastructure";"ES";"CCS grid extension";"Tractor-Trailer";"BAU";"EUR/kWh";2030;"0.045";"Sensitivity | Removed policies except for bio/syn fuel mandates";"Electricity"
"OPEX";"Charging Infrastructure";"FR";"CCS grid extension";"Rigid";"PROG";"EUR/kWh";2030;"0.045";"Sensitivity | Removed policies except for bio/syn fuel mandates";"Electricity"
"OPEX";"Charging Infrastructure";"FR";"CCS grid extension";"Tractor-Trailer";"PROG";"EUR/kWh";2030;"0.045";"Sensitivity | Removed policies except for bio/syn fuel mandates";"Electricity"
"OPEX";"Charging Infrastructure";"FR";"CCS grid extension";"Rigid";"BAU";"EUR/kWh";2030;"0.045";"Sensitivity | Removed policies except for bio/syn fuel mandates";"Electricity"
"OPEX";"Charging Infrastructure";"FR";"CCS grid extension";"Tractor-Trailer";"BAU";"EUR/kWh";2030;"0.045";"Sensitivity | Removed policies except for bio/syn fuel mandates";"Electricity"
"OPEX";"Charging Infrastructure";"IT";"CCS grid extension";"Rigid";"PROG";"EUR/kWh";2030;"0.045";"Sensitivity | Removed policies except for bio/syn fuel mandates";"Electricity"
"OPEX";"Charging Infrastructure";"IT";"CCS grid extension";"Tractor-Trailer";"PROG";"EUR/kWh";2030;"0.045";"Sensitivity | Removed policies except for bio/syn fuel mandates";"Electricity"
"OPEX";"Charging Infrastructure";"IT";"CCS grid extension";"Rigid";"BAU";"EUR/kWh";2030;"0.045";"Sensitivity | Removed policies except for bio/syn fuel mandates";"Electricity"
"OPEX";"Charging Infrastructure";"IT";"CCS grid extension";"Tractor-Trailer";"BAU";"EUR/kWh";2030;"0.045";"Sensitivity | Removed policies except for bio/syn fuel mandates";"Electricity"
"OPEX";"Charging Infrastructure";"NL";"CCS grid extension";"Rigid";"PROG";"EUR/kWh";2030;"0.045";"Sensitivity | Removed policies except for bio/syn fuel mandates";"Electricity"
"OPEX";"Charging Infrastructure";"NL";"CCS grid extension";"Tractor-Trailer";"PROG";"EUR/kWh";2030;"0.045";"Sensitivity | Removed policies except for bio/syn fuel mandates";"Electricity"
"OPEX";"Charging Infrastructure";"NL";"CCS grid extension";"Rigid";"BAU";"EUR/kWh";2030;"0.045";"Sensitivity | Removed policies except for bio/syn fuel mandates";"Electricity"
"OPEX";"Charging Infrastructure";"NL";"CCS grid extension";"Tractor-Trailer";"BAU";"EUR/kWh";2030;"0.045";"Sensitivity | Removed policies except for bio/syn fuel mandates";"Electricity"
"OPEX";"Charging Infrastructure";"PL";"CCS grid extension";"Rigid";"PROG";"EUR/kWh";2030;"0.045";"Sensitivity | Removed policies except for bio/syn fuel mandates";"Electricity"
"OPEX";"Charging Infrastructure";"PL";"CCS grid extension";"Tractor-Trailer";"PROG";"EUR/kWh";2030;"0.045";"Sensitivity | Removed policies except for bio/syn fuel mandates";"Electricity"
"OPEX";"Charging Infrastructure";"PL";"CCS grid extension";"Rigid";"BAU";"EUR/kWh";2030;"0.045";"Sensitivity | Removed policies except for bio/syn fuel mandates";"Electricity"
"OPEX";"Charging Infrastructure";"PL";"CCS grid extension";"Tractor-Trailer";"BAU";"EUR/kWh";2030;"0.045";"Sensitivity | Removed policies except for bio/syn fuel mandates";"Electricity"
"OPEX";"Charging Infrastructure";"UK";"CCS grid extension";"Rigid";"PROG";"EUR/kWh";2030;"0.045";"Sensitivity | Removed policies except for bio/syn fuel mandates";"Electricity"
"OPEX";"Charging Infrastructure";"UK";"CCS grid extension";"Tractor-Trailer";"PROG";"EUR/kWh";2030;"0.045";"Sensitivity | Removed policies except for bio/syn fuel mandates";"Electricity"
"OPEX";"Charging Infrastructure";"UK";"CCS grid extension";"Rigid";"BAU";"EUR/kWh";2030;"0.045";"Sensitivity | Removed policies except for bio/syn fuel mandates";"Electricity"
"OPEX";"Charging Infrastructure";"UK";"CCS grid extension";"Tractor-Trailer";"BAU";"EUR/kWh";2030;"0.045";"Sensitivity | Removed policies except for bio/syn fuel mandates";"Electricity"
"OPEX";"Diesel Infrastructure";"DE";"Total Diesel Mark-Up";"Rigid";"BAU";"EUR/kWh";2030;"0.018";"Sensitivity | Removed policies except for bio/syn fuel mandates";"Diesel"
"OPEX";"Diesel Infrastructure";"DE";"Total Diesel Mark-Up";"Tractor-Trailer";"BAU";"EUR/kWh";2030;"0.018";"Sensitivity | Removed policies except for bio/syn fuel mandates";"Diesel"
"OPEX";"Diesel Infrastructure";"DE";"Total Diesel Mark-Up";"Rigid";"PROG";"EUR/kWh";2030;"0.018";"Sensitivity | Removed policies except for bio/syn fuel mandates";"Diesel"
"OPEX";"Diesel Infrastructure";"DE";"Total Diesel Mark-Up";"Tractor-Trailer";"PROG";"EUR/kWh";2030;"0.018";"Sensitivity | Removed policies except for bio/syn fuel mandates";"Diesel"
"OPEX";"Diesel Infrastructure";"ES";"Total Diesel Mark-Up";"Rigid";"BAU";"EUR/kWh";2030;"0.018";"Sensitivity | Removed policies except for bio/syn fuel mandates";"Diesel"
"OPEX";"Diesel Infrastructure";"ES";"Total Diesel Mark-Up";"Tractor-Trailer";"BAU";"EUR/kWh";2030;"0.018";"Sensitivity | Removed policies except for bio/syn fuel mandates";"Diesel"
"OPEX";"Diesel Infrastructure";"ES";"Total Diesel Mark-Up";"Rigid";"PROG";"EUR/kWh";2030;"0.018";"Sensitivity | Removed policies except for bio/syn fuel mandates";"Diesel"
"OPEX";"Diesel Infrastructure";"ES";"Total Diesel Mark-Up";"Tractor-Trailer";"PROG";"EUR/kWh";2030;"0.018";"Sensitivity | Removed policies except for bio/syn fuel mandates";"Diesel"
"OPEX";"Diesel Infrastructure";"FR";"Total Diesel Mark-Up";"Rigid";"BAU";"EUR/kWh";2030;"0.018";"Sensitivity | Removed policies except for bio/syn fuel mandates";"Diesel"
"OPEX";"Diesel Infrastructure";"FR";"Total Diesel Mark-Up";"Tractor-Trailer";"BAU";"EUR/kWh";2030;"0.018";"Sensitivity | Removed policies except for bio/syn fuel mandates";"Diesel"
"OPEX";"Diesel Infrastructure";"FR";"Total Diesel Mark-Up";"Rigid";"PROG";"EUR/kWh";2030;"0.018";"Sensitivity | Removed policies except for bio/syn fuel mandates";"Diesel"
"OPEX";"Diesel Infrastructure";"FR";"Total Diesel Mark-Up";"Tractor-Trailer";"PROG";"EUR/kWh";2030;"0.018";"Sensitivity | Removed policies except for bio/syn fuel mandates";"Diesel"
"OPEX";"Diesel Infrastructure";"IT";"Total Diesel Mark-Up";"Rigid";"BAU";"EUR/kWh";2030;"0.018";"Sensitivity | Removed policies except for bio/syn fuel mandates";"Diesel"
"OPEX";"Diesel Infrastructure";"IT";"Total Diesel Mark-Up";"Tractor-Trailer";"BAU";"EUR/kWh";2030;"0.018";"Sensitivity | Removed policies except for bio/syn fuel mandates";"Diesel"
"OPEX";"Diesel Infrastructure";"IT";"Total Diesel Mark-Up";"Rigid";"PROG";"EUR/kWh";2030;"0.018";"Sensitivity | Removed policies except for bio/syn fuel mandates";"Diesel"
"OPEX";"Diesel Infrastructure";"IT";"Total Diesel Mark-Up";"Tractor-Trailer";"PROG";"EUR/kWh";2030;"0.018";"Sensitivity | Removed policies except for bio/syn fuel mandates";"Diesel"
"OPEX";"Diesel Infrastructure";"NL";"Total Diesel Mark-Up";"Rigid";"BAU";"EUR/kWh";2030;"0.018";"Sensitivity | Removed policies except for bio/syn fuel mandates";"Diesel"
"OPEX";"Diesel Infrastructure";"NL";"Total Diesel Mark-Up";"Tractor-Trailer";"BAU";"EUR/kWh";2030;"0.018";"Sensitivity | Removed policies except for bio/syn fuel mandates";"Diesel"
"OPEX";"Diesel Infrastructure";"NL";"Total Diesel Mark-Up";"Rigid";"PROG";"EUR/kWh";2030;"0.018";"Sensitivity | Removed policies except for bio/syn fuel mandates";"Diesel"
"OPEX";"Diesel Infrastructure";"NL";"Total Diesel Mark-Up";"Tractor-Trailer";"PROG";"EUR/kWh";2030;"0.018";"Sensitivity | Removed policies except for bio/syn fuel mandates";"Diesel"
"OPEX";"Diesel Infrastructure";"PL";"Total Diesel Mark-Up";"Rigid";"BAU";"EUR/kWh";2030;"0.018";"Sensitivity | Removed policies except for bio/syn fuel mandates";"Diesel"
"OPEX";"Diesel Infrastructure";"PL";"Total Diesel Mark-Up";"Tractor-Trailer";"BAU";"EUR/kWh";2030;"0.018";"Sensitivity | Removed policies except for bio/syn fuel mandates";"Diesel"
"OPEX";"Diesel Infrastructure";"PL";"Total Diesel Mark-Up";"Rigid";"PROG";"EUR/kWh";2030;"0.018";"Sensitivity | Removed policies except for bio/syn fuel mandates";"Diesel"
"OPEX";"Diesel Infrastructure";"PL";"Total Diesel Mark-Up";"Tractor-Trailer";"PROG";"EUR/kWh";2030;"0.018";"Sensitivity | Removed policies except for bio/syn fuel mandates";"Diesel"
"OPEX";"Diesel Infrastructure";"UK";"Total Diesel Mark-Up";"Rigid";"BAU";"EUR/kWh";2030;"0.018";"Sensitivity | Removed policies except for bio/syn fuel mandates";"Diesel"
"OPEX";"Diesel Infrastructure";"UK";"Total Diesel Mark-Up";"Tractor-Trailer";"BAU";"EUR/kWh";2030;"0.018";"Sensitivity | Removed policies except for bio/syn fuel mandates";"Diesel"
"OPEX";"Diesel Infrastructure";"UK";"Total Diesel Mark-Up";"Rigid";"PROG";"EUR/kWh";2030;"0.018";"Sensitivity | Removed policies except for bio/syn fuel mandates";"Diesel"
"OPEX";"Diesel Infrastructure";"UK";"Total Diesel Mark-Up";"Tractor-Trailer";"PROG";"EUR/kWh";2030;"0.018";"Sensitivity | Removed policies except for bio/syn fuel mandates";"Diesel"
"OPEX";"Diesel Infrastructure";"DE";"CO2 emission factor Biodiesel";"Rigid";"BAU";"%";2030;"0.166";"Sensitivity | Removed policies except for bio/syn fuel mandates";"Diesel"
"OPEX";"Diesel Infrastructure";"DE";"CO2 emission factor Biodiesel";"Tractor-Trailer";"BAU";"%";2030;"0.166";"Sensitivity | Removed policies except for bio/syn fuel mandates";"Diesel"
"OPEX";"Diesel Infrastructure";"DE";"CO2 emission factor Biodiesel";"Rigid";"PROG";"%";2030;"0.166";"Sensitivity | Removed policies except for bio/syn fuel mandates";"Diesel"
"OPEX";"Diesel Infrastructure";"DE";"CO2 emission factor Biodiesel";"Tractor-Trailer";"PROG";"%";2030;"0.166";"Sensitivity | Removed policies except for bio/syn fuel mandates";"Diesel"
"OPEX";"Diesel Infrastructure";"ES";"CO2 emission factor Biodiesel";"Rigid";"BAU";"%";2030;"0.166";"Sensitivity | Removed policies except for bio/syn fuel mandates";"Diesel"
"OPEX";"Diesel Infrastructure";"ES";"CO2 emission factor Biodiesel";"Tractor-Trailer";"BAU";"%";2030;"0.166";"Sensitivity | Removed policies except for bio/syn fuel mandates";"Diesel"
"OPEX";"Diesel Infrastructure";"ES";"CO2 emission factor Biodiesel";"Rigid";"PROG";"%";2030;"0.166";"Sensitivity | Removed policies except for bio/syn fuel mandates";"Diesel"
"OPEX";"Diesel Infrastructure";"ES";"CO2 emission factor Biodiesel";"Tractor-Trailer";"PROG";"%";2030;"0.166";"Sensitivity | Removed policies except for bio/syn fuel mandates";"Diesel"
"OPEX";"Diesel Infrastructure";"FR";"CO2 emission factor Biodiesel";"Rigid";"BAU";"%";2030;"0.166";"Sensitivity | Removed policies except for bio/syn fuel mandates";"Diesel"
"OPEX";"Diesel Infrastructure";"FR";"CO2 emission factor Biodiesel";"Tractor-Trailer";"BAU";"%";2030;"0.166";"Sensitivity | Removed policies except for bio/syn fuel mandates";"Diesel"
"OPEX";"Diesel Infrastructure";"FR";"CO2 emission factor Biodiesel";"Rigid";"PROG";"%";2030;"0.166";"Sensitivity | Removed policies except for bio/syn fuel mandates";"Diesel"
"OPEX";"Diesel Infrastructure";"FR";"CO2 emission factor Biodiesel";"Tractor-Trailer";"PROG";"%";2030;"0.166";"Sensitivity | Removed policies except for bio/syn fuel mandates";"Diesel"
"OPEX";"Diesel Infrastructure";"IT";"CO2 emission factor Biodiesel";"Rigid";"BAU";"%";2030;"0.166";"Sensitivity | Removed policies except for bio/syn fuel mandates";"Diesel"
"OPEX";"Diesel Infrastructure";"IT";"CO2 emission factor Biodiesel";"Tractor-Trailer";"BAU";"%";2030;"0.166";"Sensitivity | Removed policies except for bio/syn fuel mandates";"Diesel"
"OPEX";"Diesel Infrastructure";"IT";"CO2 emission factor Biodiesel";"Rigid";"PROG";"%";2030;"0.166";"Sensitivity | Removed policies except for bio/syn fuel mandates";"Diesel"
"OPEX";"Diesel Infrastructure";"IT";"CO2 emission factor Biodiesel";"Tractor-Trailer";"PROG";"%";2030;"0.166";"Sensitivity | Removed policies except for bio/syn fuel mandates";"Diesel"
"OPEX";"Diesel Infrastructure";"NL";"CO2 emission factor Biodiesel";"Rigid";"BAU";"%";2030;"0.166";"Sensitivity | Removed policies except for bio/syn fuel mandates";"Diesel"
"OPEX";"Diesel Infrastructure";"NL";"CO2 emission factor Biodiesel";"Tractor-Trailer";"BAU";"%";2030;"0.166";"Sensitivity | Removed policies except for bio/syn fuel mandates";"Diesel"
"OPEX";"Diesel Infrastructure";"NL";"CO2 emission factor Biodiesel";"Rigid";"PROG";"%";2030;"0.166";"Sensitivity | Removed policies except for bio/syn fuel mandates";"Diesel"
"OPEX";"Diesel Infrastructure";"NL";"CO2 emission factor Biodiesel";"Tractor-Trailer";"PROG";"%";2030;"0.166";"Sensitivity | Removed policies except for bio/syn fuel mandates";"Diesel"
"OPEX";"Diesel Infrastructure";"PL";"CO2 emission factor Biodiesel";"Rigid";"BAU";"%";2030;"0.166";"Sensitivity | Removed policies except for bio/syn fuel mandates";"Diesel"
"OPEX";"Diesel Infrastructure";"PL";"CO2 emission factor Biodiesel";"Tractor-Trailer";"BAU";"%";2030;"0.166";"Sensitivity | Removed policies except for bio/syn fuel mandates";"Diesel"
"OPEX";"Diesel Infrastructure";"PL";"CO2 emission factor Biodiesel";"Rigid";"PROG";"%";2030;"0.166";"Sensitivity | Removed policies except for bio/syn fuel mandates";"Diesel"
"OPEX";"Diesel Infrastructure";"PL";"CO2 emission factor Biodiesel";"Tractor-Trailer";"PROG";"%";2030;"0.166";"Sensitivity | Removed policies except for bio/syn fuel mandates";"Diesel"
"OPEX";"Diesel Infrastructure";"UK";"CO2 emission factor Biodiesel";"Rigid";"BAU";"%";2030;"0.166";"Sensitivity | Removed policies except for bio/syn fuel mandates";"Diesel"
"OPEX";"Diesel Infrastructure";"UK";"CO2 emission factor Biodiesel";"Tractor-Trailer";"BAU";"%";2030;"0.166";"Sensitivity | Removed policies except for bio/syn fuel mandates";"Diesel"
"OPEX";"Diesel Infrastructure";"UK";"CO2 emission factor Biodiesel";"Rigid";"PROG";"%";2030;"0.166";"Sensitivity | Removed policies except for bio/syn fuel mandates";"Diesel"
"OPEX";"Diesel Infrastructure";"UK";"CO2 emission factor Biodiesel";"Tractor-Trailer";"PROG";"%";2030;"0.166";"Sensitivity | Removed policies except for bio/syn fuel mandates";"Diesel"
"OPEX";"Diesel Infrastructure";"DE";"CO2 emission factor Pt-Diesel";"Rigid";"BAU";"%";2030;"0";"Sensitivity | Removed policies except for bio/syn fuel mandates";"Diesel"
"OPEX";"Diesel Infrastructure";"DE";"CO2 emission factor Pt-Diesel";"Tractor-Trailer";"BAU";"%";2030;"0";"Sensitivity | Removed policies except for bio/syn fuel mandates";"Diesel"
"OPEX";"Diesel Infrastructure";"DE";"CO2 emission factor Pt-Diesel";"Rigid";"PROG";"%";2030;"0";"Sensitivity | Removed policies except for bio/syn fuel mandates";"Diesel"
"OPEX";"Diesel Infrastructure";"DE";"CO2 emission factor Pt-Diesel";"Tractor-Trailer";"PROG";"%";2030;"0";"Sensitivity | Removed policies except for bio/syn fuel mandates";"Diesel"
"OPEX";"Diesel Infrastructure";"ES";"CO2 emission factor Pt-Diesel";"Rigid";"BAU";"%";2030;"0";"Sensitivity | Removed policies except for bio/syn fuel mandates";"Diesel"
"OPEX";"Diesel Infrastructure";"ES";"CO2 emission factor Pt-Diesel";"Tractor-Trailer";"BAU";"%";2030;"0";"Sensitivity | Removed policies except for bio/syn fuel mandates";"Diesel"
"OPEX";"Diesel Infrastructure";"ES";"CO2 emission factor Pt-Diesel";"Rigid";"PROG";"%";2030;"0";"Sensitivity | Removed policies except for bio/syn fuel mandates";"Diesel"
"OPEX";"Diesel Infrastructure";"ES";"CO2 emission factor Pt-Diesel";"Tractor-Trailer";"PROG";"%";2030;"0";"Sensitivity | Removed policies except for bio/syn fuel mandates";"Diesel"
"OPEX";"Diesel Infrastructure";"FR";"CO2 emission factor Pt-Diesel";"Rigid";"BAU";"%";2030;"0";"Sensitivity | Removed policies except for bio/syn fuel mandates";"Diesel"
"OPEX";"Diesel Infrastructure";"FR";"CO2 emission factor Pt-Diesel";"Tractor-Trailer";"BAU";"%";2030;"0";"Sensitivity | Removed policies except for bio/syn fuel mandates";"Diesel"
"OPEX";"Diesel Infrastructure";"FR";"CO2 emission factor Pt-Diesel";"Rigid";"PROG";"%";2030;"0";"Sensitivity | Removed policies except for bio/syn fuel mandates";"Diesel"
"OPEX";"Diesel Infrastructure";"FR";"CO2 emission factor Pt-Diesel";"Tractor-Trailer";"PROG";"%";2030;"0";"Sensitivity | Removed policies except for bio/syn fuel mandates";"Diesel"
"OPEX";"Diesel Infrastructure";"IT";"CO2 emission factor Pt-Diesel";"Rigid";"BAU";"%";2030;"0";"Sensitivity | Removed policies except for bio/syn fuel mandates";"Diesel"
"OPEX";"Diesel Infrastructure";"IT";"CO2 emission factor Pt-Diesel";"Tractor-Trailer";"BAU";"%";2030;"0";"Sensitivity | Removed policies except for bio/syn fuel mandates";"Diesel"
"OPEX";"Diesel Infrastructure";"IT";"CO2 emission factor Pt-Diesel";"Rigid";"PROG";"%";2030;"0";"Sensitivity | Removed policies except for bio/syn fuel mandates";"Diesel"
"OPEX";"Diesel Infrastructure";"IT";"CO2 emission factor Pt-Diesel";"Tractor-Trailer";"PROG";"%";2030;"0";"Sensitivity | Removed policies except for bio/syn fuel mandates";"Diesel"
"OPEX";"Diesel Infrastructure";"NL";"CO2 emission factor Pt-Diesel";"Rigid";"BAU";"%";2030;"0";"Sensitivity | Removed policies except for bio/syn fuel mandates";"Diesel"
"OPEX";"Diesel Infrastructure";"NL";"CO2 emission factor Pt-Diesel";"Tractor-Trailer";"BAU";"%";2030;"0";"Sensitivity | Removed policies except for bio/syn fuel mandates";"Diesel"
"OPEX";"Diesel Infrastructure";"NL";"CO2 emission factor Pt-Diesel";"Rigid";"PROG";"%";2030;"0";"Sensitivity | Removed policies except for bio/syn fuel mandates";"Diesel"
"OPEX";"Diesel Infrastructure";"NL";"CO2 emission factor Pt-Diesel";"Tractor-Trailer";"PROG";"%";2030;"0";"Sensitivity | Removed policies except for bio/syn fuel mandates";"Diesel"
"OPEX";"Diesel Infrastructure";"PL";"CO2 emission factor Pt-Diesel";"Rigid";"BAU";"%";2030;"0";"Sensitivity | Removed policies except for bio/syn fuel mandates";"Diesel"
"OPEX";"Diesel Infrastructure";"PL";"CO2 emission factor Pt-Diesel";"Tractor-Trailer";"BAU";"%";2030;"0";"Sensitivity | Removed policies except for bio/syn fuel mandates";"Diesel"
"OPEX";"Diesel Infrastructure";"PL";"CO2 emission factor Pt-Diesel";"Rigid";"PROG";"%";2030;"0";"Sensitivity | Removed policies except for bio/syn fuel mandates";"Diesel"
"OPEX";"Diesel Infrastructure";"PL";"CO2 emission factor Pt-Diesel";"Tractor-Trailer";"PROG";"%";2030;"0";"Sensitivity | Removed policies except for bio/syn fuel mandates";"Diesel"
"OPEX";"Diesel Infrastructure";"UK";"CO2 emission factor Pt-Diesel";"Rigid";"BAU";"%";2030;"0";"Sensitivity | Removed policies except for bio/syn fuel mandates";"Diesel"
"OPEX";"Diesel Infrastructure";"UK";"CO2 emission factor Pt-Diesel";"Tractor-Trailer";"BAU";"%";2030;"0";"Sensitivity | Removed policies except for bio/syn fuel mandates";"Diesel"
"OPEX";"Diesel Infrastructure";"UK";"CO2 emission factor Pt-Diesel";"Rigid";"PROG";"%";2030;"0";"Sensitivity | Removed policies except for bio/syn fuel mandates";"Diesel"
"OPEX";"Diesel Infrastructure";"UK";"CO2 emission factor Pt-Diesel";"Tractor-Trailer";"PROG";"%";2030;"0";"Sensitivity | Removed policies except for bio/syn fuel mandates";"Diesel"
"OPEX";"Taxes";"DE";"Network Costs - MCS";"Rigid";"BAU";"EUR/kWh";2030;"0.036";"Sensitivity | Removed policies except for bio/syn fuel mandates";"Electricity"
"OPEX";"Taxes";"DE";"Network Costs - MCS";"Tractor-Trailer";"BAU";"EUR/kWh";2030;"0.036";"Sensitivity | Removed policies except for bio/syn fuel mandates";"Electricity"
"OPEX";"Taxes";"ES";"Network Costs - MCS";"Rigid";"BAU";"EUR/kWh";2030;"0.02";"Sensitivity | Removed policies except for bio/syn fuel mandates";"Electricity"
"OPEX";"Taxes";"ES";"Network Costs - MCS";"Tractor-Trailer";"BAU";"EUR/kWh";2030;"0.02";"Sensitivity | Removed policies except for bio/syn fuel mandates";"Electricity"
"OPEX";"Taxes";"FR";"Network Costs - MCS";"Rigid";"BAU";"EUR/kWh";2030;"0.019";"Sensitivity | Removed policies except for bio/syn fuel mandates";"Electricity"
"OPEX";"Taxes";"FR";"Network Costs - MCS";"Tractor-Trailer";"BAU";"EUR/kWh";2030;"0.019";"Sensitivity | Removed policies except for bio/syn fuel mandates";"Electricity"
"OPEX";"Taxes";"IT";"Network Costs - MCS";"Rigid";"BAU";"EUR/kWh";2030;"0.016";"Sensitivity | Removed policies except for bio/syn fuel mandates";"Electricity"
"OPEX";"Taxes";"IT";"Network Costs - MCS";"Tractor-Trailer";"BAU";"EUR/kWh";2030;"0.016";"Sensitivity | Removed policies except for bio/syn fuel mandates";"Electricity"
"OPEX";"Taxes";"NL";"Network Costs - MCS";"Rigid";"BAU";"EUR/kWh";2030;"0.017";"Sensitivity | Removed policies except for bio/syn fuel mandates";"Electricity"
"OPEX";"Taxes";"NL";"Network Costs - MCS";"Tractor-Trailer";"BAU";"EUR/kWh";2030;"0.017";"Sensitivity | Removed policies except for bio/syn fuel mandates";"Electricity"
"OPEX";"Taxes";"PL";"Network Costs - MCS";"Rigid";"BAU";"EUR/kWh";2030;"0.02";"Sensitivity | Removed policies except for bio/syn fuel mandates";"Electricity"
"OPEX";"Taxes";"PL";"Network Costs - MCS";"Tractor-Trailer";"BAU";"EUR/kWh";2030;"0.02";"Sensitivity | Removed policies except for bio/syn fuel mandates";"Electricity"
"OPEX";"Taxes";"UK";"Network Costs - MCS";"Rigid";"BAU";"EUR/kWh";2030;"0.028";"Sensitivity | Removed policies except for bio/syn fuel mandates";"Electricity"
"OPEX";"Taxes";"UK";"Network Costs - MCS";"Tractor-Trailer";"BAU";"EUR/kWh";2030;"0.028";"Sensitivity | Removed policies except for bio/syn fuel mandates";"Electricity"
"OPEX";"Taxes";"DE";"Taxes, Fees, Levies and charges - MCS";"Rigid";"BAU";"EUR/kWh";2030;"0.068";"Sensitivity | Removed policies except for bio/syn fuel mandates";"Electricity"
"OPEX";"Taxes";"DE";"Taxes, Fees, Levies and charges - MCS";"Tractor-Trailer";"BAU";"EUR/kWh";2030;"0.068";"Sensitivity | Removed policies except for bio/syn fuel mandates";"Electricity"
"OPEX";"Taxes";"ES";"Taxes, Fees, Levies and charges - MCS";"Rigid";"BAU";"EUR/kWh";2030;"0.039";"Sensitivity | Removed policies except for bio/syn fuel mandates";"Electricity"
"OPEX";"Taxes";"ES";"Taxes, Fees, Levies and charges - MCS";"Tractor-Trailer";"BAU";"EUR/kWh";2030;"0.039";"Sensitivity | Removed policies except for bio/syn fuel mandates";"Electricity"
"OPEX";"Taxes";"FR";"Taxes, Fees, Levies and charges - MCS";"Rigid";"BAU";"EUR/kWh";2030;"0.032";"Sensitivity | Removed policies except for bio/syn fuel mandates";"Electricity"
"OPEX";"Taxes";"FR";"Taxes, Fees, Levies and charges - MCS";"Tractor-Trailer";"BAU";"EUR/kWh";2030;"0.032";"Sensitivity | Removed policies except for bio/syn fuel mandates";"Electricity"
"OPEX";"Taxes";"IT";"Taxes, Fees, Levies and charges - MCS";"Rigid";"BAU";"EUR/kWh";2030;"0.067";"Sensitivity | Removed policies except for bio/syn fuel mandates";"Electricity"
"OPEX";"Taxes";"IT";"Taxes, Fees, Levies and charges - MCS";"Tractor-Trailer";"BAU";"EUR/kWh";2030;"0.067";"Sensitivity | Removed policies except for bio/syn fuel mandates";"Electricity"
"OPEX";"Taxes";"NL";"Taxes, Fees, Levies and charges - MCS";"Rigid";"BAU";"EUR/kWh";2030;"0.055";"Sensitivity | Removed policies except for bio/syn fuel mandates";"Electricity"
"OPEX";"Taxes";"NL";"Taxes, Fees, Levies and charges - MCS";"Tractor-Trailer";"BAU";"EUR/kWh";2030;"0.055";"Sensitivity | Removed policies except for bio/syn fuel mandates";"Electricity"
"OPEX";"Taxes";"PL";"Taxes, Fees, Levies and charges - MCS";"Rigid";"BAU";"EUR/kWh";2030;"0.05";"Sensitivity | Removed policies except for bio/syn fuel mandates";"Electricity"
"OPEX";"Taxes";"PL";"Taxes, Fees, Levies and charges - MCS";"Tractor-Trailer";"BAU";"EUR/kWh";2030;"0.05";"Sensitivity | Removed policies except for bio/syn fuel mandates";"Electricity"
"OPEX";"Taxes";"UK";"Taxes, Fees, Levies and charges - MCS";"Rigid";"BAU";"EUR/kWh";2030;"0.078";"Sensitivity | Removed policies except for bio/syn fuel mandates";"Electricity"
"OPEX";"Taxes";"UK";"Taxes, Fees, Levies and charges - MCS";"Tractor-Trailer";"BAU";"EUR/kWh";2030;"0.078";"Sensitivity | Removed policies except for bio/syn fuel mandates";"Electricity"
"OPEX";"Taxes";"DE";"Network Costs - Depot";"Rigid";"BAU";"EUR/kWh";2030;"0.051";"Sensitivity | Removed policies except for bio/syn fuel mandates";"Electricity"
"OPEX";"Taxes";"DE";"Network Costs - Depot";"Tractor-Trailer";"BAU";"EUR/kWh";2030;"0.051";"Sensitivity | Removed policies except for bio/syn fuel mandates";"Electricity"
"OPEX";"Taxes";"ES";"Network Costs - Depot";"Rigid";"BAU";"EUR/kWh";2030;"0.041";"Sensitivity | Removed policies except for bio/syn fuel mandates";"Electricity"
"OPEX";"Taxes";"ES";"Network Costs - Depot";"Tractor-Trailer";"BAU";"EUR/kWh";2030;"0.041";"Sensitivity | Removed policies except for bio/syn fuel mandates";"Electricity"
"OPEX";"Taxes";"FR";"Network Costs - Depot";"Rigid";"BAU";"EUR/kWh";2030;"0.031";"Sensitivity | Removed policies except for bio/syn fuel mandates";"Electricity"
"OPEX";"Taxes";"FR";"Network Costs - Depot";"Tractor-Trailer";"BAU";"EUR/kWh";2030;"0.031";"Sensitivity | Removed policies except for bio/syn fuel mandates";"Electricity"
"OPEX";"Taxes";"IT";"Network Costs - Depot";"Rigid";"BAU";"EUR/kWh";2030;"0.021";"Sensitivity | Removed policies except for bio/syn fuel mandates";"Electricity"
"OPEX";"Taxes";"IT";"Network Costs - Depot";"Tractor-Trailer";"BAU";"EUR/kWh";2030;"0.021";"Sensitivity | Removed policies except for bio/syn fuel mandates";"Electricity"
"OPEX";"Taxes";"NL";"Network Costs - Depot";"Rigid";"BAU";"EUR/kWh";2030;"0.022";"Sensitivity | Removed policies except for bio/syn fuel mandates";"Electricity"
"OPEX";"Taxes";"NL";"Network Costs - Depot";"Tractor-Trailer";"BAU";"EUR/kWh";2030;"0.022";"Sensitivity | Removed policies except for bio/syn fuel mandates";"Electricity"
"OPEX";"Taxes";"PL";"Network Costs - Depot";"Rigid";"BAU";"EUR/kWh";2030;"0.032";"Sensitivity | Removed policies except for bio/syn fuel mandates";"Electricity"
"OPEX";"Taxes";"PL";"Network Costs - Depot";"Tractor-Trailer";"BAU";"EUR/kWh";2030;"0.032";"Sensitivity | Removed policies except for bio/syn fuel mandates";"Electricity"
"OPEX";"Taxes";"UK";"Network Costs - Depot";"Rigid";"BAU";"EUR/kWh";2030;"0.032";"Sensitivity | Removed policies except for bio/syn fuel mandates";"Electricity"
"OPEX";"Taxes";"UK";"Network Costs - Depot";"Tractor-Trailer";"BAU";"EUR/kWh";2030;"0.032";"Sensitivity | Removed policies except for bio/syn fuel mandates";"Electricity"
"OPEX";"Taxes";"DE";"Taxes, Fees, Levies and charges - Depot";"Rigid";"BAU";"EUR/kWh";2030;"0.078";"Sensitivity | Removed policies except for bio/syn fuel mandates";"Electricity"
"OPEX";"Taxes";"DE";"Taxes, Fees, Levies and charges - Depot";"Tractor-Trailer";"BAU";"EUR/kWh";2030;"0.078";"Sensitivity | Removed policies except for bio/syn fuel mandates";"Electricity"
"OPEX";"Taxes";"ES";"Taxes, Fees, Levies and charges - Depot";"Rigid";"BAU";"EUR/kWh";2030;"0.067";"Sensitivity | Removed policies except for bio/syn fuel mandates";"Electricity"
"OPEX";"Taxes";"ES";"Taxes, Fees, Levies and charges - Depot";"Tractor-Trailer";"BAU";"EUR/kWh";2030;"0.067";"Sensitivity | Removed policies except for bio/syn fuel mandates";"Electricity"
"OPEX";"Taxes";"FR";"Taxes, Fees, Levies and charges - Depot";"Rigid";"BAU";"EUR/kWh";2030;"0.048";"Sensitivity | Removed policies except for bio/syn fuel mandates";"Electricity"
"OPEX";"Taxes";"FR";"Taxes, Fees, Levies and charges - Depot";"Tractor-Trailer";"BAU";"EUR/kWh";2030;"0.048";"Sensitivity | Removed policies except for bio/syn fuel mandates";"Electricity"
"OPEX";"Taxes";"IT";"Taxes, Fees, Levies and charges - Depot";"Rigid";"BAU";"EUR/kWh";2030;"0.103";"Sensitivity | Removed policies except for bio/syn fuel mandates";"Electricity"
"OPEX";"Taxes";"IT";"Taxes, Fees, Levies and charges - Depot";"Tractor-Trailer";"BAU";"EUR/kWh";2030;"0.103";"Sensitivity | Removed policies except for bio/syn fuel mandates";"Electricity"
"OPEX";"Taxes";"NL";"Taxes, Fees, Levies and charges - Depot";"Rigid";"BAU";"EUR/kWh";2030;"0.062";"Sensitivity | Removed policies except for bio/syn fuel mandates";"Electricity"
"OPEX";"Taxes";"NL";"Taxes, Fees, Levies and charges - Depot";"Tractor-Trailer";"BAU";"EUR/kWh";2030;"0.062";"Sensitivity | Removed policies except for bio/syn fuel mandates";"Electricity"
"OPEX";"Taxes";"PL";"Taxes, Fees, Levies and charges - Depot";"Rigid";"BAU";"EUR/kWh";2030;"0.056";"Sensitivity | Removed policies except for bio/syn fuel mandates";"Electricity"
"OPEX";"Taxes";"PL";"Taxes, Fees, Levies and charges - Depot";"Tractor-Trailer";"BAU";"EUR/kWh";2030;"0.056";"Sensitivity | Removed policies except for bio/syn fuel mandates";"Electricity"
"OPEX";"Taxes";"UK";"Taxes, Fees, Levies and charges - Depot";"Rigid";"BAU";"EUR/kWh";2030;"0.086";"Sensitivity | Removed policies except for bio/syn fuel mandates";"Electricity"
"OPEX";"Taxes";"UK";"Taxes, Fees, Levies and charges - Depot";"Tractor-Trailer";"BAU";"EUR/kWh";2030;"0.086";"Sensitivity | Removed policies except for bio/syn fuel mandates";"Electricity"
"OPEX";"H2 Infrastructure";"DE";"HRS costs";"Rigid";"BAU";"EUR/kg H2";2030;"1.7";"Sensitivity | Removed policies except for bio/syn fuel mandates";"Hydrogen"
"OPEX";"H2 Infrastructure";"DE";"HRS costs";"Tractor-Trailer";"BAU";"EUR/kg H2";2030;"1.7";"Sensitivity | Removed policies except for bio/syn fuel mandates";"Hydrogen"
"OPEX";"H2 Infrastructure";"ES";"HRS costs";"Rigid";"BAU";"EUR/kg H2";2030;"1.7";"Sensitivity | Removed policies except for bio/syn fuel mandates";"Hydrogen"
"OPEX";"H2 Infrastructure";"ES";"HRS costs";"Tractor-Trailer";"BAU";"EUR/kg H2";2030;"1.7";"Sensitivity | Removed policies except for bio/syn fuel mandates";"Hydrogen"
"OPEX";"H2 Infrastructure";"FR";"HRS costs";"Rigid";"BAU";"EUR/kg H2";2030;"1.7";"Sensitivity | Removed policies except for bio/syn fuel mandates";"Hydrogen"
"OPEX";"H2 Infrastructure";"FR";"HRS costs";"Tractor-Trailer";"BAU";"EUR/kg H2";2030;"1.7";"Sensitivity | Removed policies except for bio/syn fuel mandates";"Hydrogen"
"OPEX";"H2 Infrastructure";"IT";"HRS costs";"Rigid";"BAU";"EUR/kg H2";2030;"1.7";"Sensitivity | Removed policies except for bio/syn fuel mandates";"Hydrogen"
"OPEX";"H2 Infrastructure";"IT";"HRS costs";"Tractor-Trailer";"BAU";"EUR/kg H2";2030;"1.7";"Sensitivity | Removed policies except for bio/syn fuel mandates";"Hydrogen"
"OPEX";"H2 Infrastructure";"NL";"HRS costs";"Rigid";"BAU";"EUR/kg H2";2030;"1.7";"Sensitivity | Removed policies except for bio/syn fuel mandates";"Hydrogen"
"OPEX";"H2 Infrastructure";"NL";"HRS costs";"Tractor-Trailer";"BAU";"EUR/kg H2";2030;"1.7";"Sensitivity | Removed policies except for bio/syn fuel mandates";"Hydrogen"
"OPEX";"H2 Infrastructure";"PL";"HRS costs";"Rigid";"BAU";"EUR/kg H2";2030;"1.7";"Sensitivity | Removed policies except for bio/syn fuel mandates";"Hydrogen"
"OPEX";"H2 Infrastructure";"PL";"HRS costs";"Tractor-Trailer";"BAU";"EUR/kg H2";2030;"1.7";"Sensitivity | Removed policies except for bio/syn fuel mandates";"Hydrogen"
"OPEX";"H2 Infrastructure";"UK";"HRS costs";"Rigid";"BAU";"EUR/kg H2";2030;"1.7";"Sensitivity | Removed policies except for bio/syn fuel mandates";"Hydrogen"
"OPEX";"H2 Infrastructure";"UK";"HRS costs";"Tractor-Trailer";"BAU";"EUR/kg H2";2030;"1.7";"Sensitivity | Removed policies except for bio/syn fuel mandates";"Hydrogen"
"OPEX";"H2 Infrastructure";"DE";"H2 transport and distribution";"Rigid";"BAU";"EUR/kg H2";2030;"1.5";"Sensitivity | Removed policies except for bio/syn fuel mandates";"Hydrogen"
"OPEX";"H2 Infrastructure";"DE";"H2 transport and distribution";"Tractor-Trailer";"BAU";"EUR/kg H2";2030;"1.5";"Sensitivity | Removed policies except for bio/syn fuel mandates";"Hydrogen"
"OPEX";"H2 Infrastructure";"ES";"H2 transport and distribution";"Rigid";"BAU";"EUR/kg H2";2030;"1.5";"Sensitivity | Removed policies except for bio/syn fuel mandates";"Hydrogen"
"OPEX";"H2 Infrastructure";"ES";"H2 transport and distribution";"Tractor-Trailer";"BAU";"EUR/kg H2";2030;"1.5";"Sensitivity | Removed policies except for bio/syn fuel mandates";"Hydrogen"
"OPEX";"H2 Infrastructure";"FR";"H2 transport and distribution";"Rigid";"BAU";"EUR/kg H2";2030;"1.5";"Sensitivity | Removed policies except for bio/syn fuel mandates";"Hydrogen"
"OPEX";"H2 Infrastructure";"FR";"H2 transport and distribution";"Tractor-Trailer";"BAU";"EUR/kg H2";2030;"1.5";"Sensitivity | Removed policies except for bio/syn fuel mandates";"Hydrogen"
"OPEX";"H2 Infrastructure";"IT";"H2 transport and distribution";"Rigid";"BAU";"EUR/kg H2";2030;"1.5";"Sensitivity | Removed policies except for bio/syn fuel mandates";"Hydrogen"
"OPEX";"H2 Infrastructure";"IT";"H2 transport and distribution";"Tractor-Trailer";"BAU";"EUR/kg H2";2030;"1.5";"Sensitivity | Removed policies except for bio/syn fuel mandates";"Hydrogen"
"OPEX";"H2 Infrastructure";"NL";"H2 transport and distribution";"Rigid";"BAU";"EUR/kg H2";2030;"1.5";"Sensitivity | Removed policies except for bio/syn fuel mandates";"Hydrogen"
"OPEX";"H2 Infrastructure";"NL";"H2 transport and distribution";"Tractor-Trailer";"BAU";"EUR/kg H2";2030;"1.5";"Sensitivity | Removed policies except for bio/syn fuel mandates";"Hydrogen"
"OPEX";"H2 Infrastructure";"PL";"H2 transport and distribution";"Rigid";"BAU";"EUR/kg H2";2030;"1.5";"Sensitivity | Removed policies except for bio/syn fuel mandates";"Hydrogen"
"OPEX";"H2 Infrastructure";"PL";"H2 transport and distribution";"Tractor-Trailer";"BAU";"EUR/kg H2";2030;"1.5";"Sensitivity | Removed policies except for bio/syn fuel mandates";"Hydrogen"
"OPEX";"H2 Infrastructure";"UK";"H2 transport and distribution";"Rigid";"BAU";"EUR/kg H2";2030;"1.5";"Sensitivity | Removed policies except for bio/syn fuel mandates";"Hydrogen"
"OPEX";"H2 Infrastructure";"UK";"H2 transport and distribution";"Tractor-Trailer";"BAU";"EUR/kg H2";2030;"1.5";"Sensitivity | Removed policies except for bio/syn fuel mandates";"Hydrogen"
"OPEX";"H2 Infrastructure";"DE";"HRS Overhead, Profit and Mark-Up";"Rigid";"BAU";"EUR/kg H2";2030;"0.25";"Sensitivity | Removed policies except for bio/syn fuel mandates";"Hydrogen"
"OPEX";"H2 Infrastructure";"DE";"HRS Overhead, Profit and Mark-Up";"Tractor-Trailer";"BAU";"EUR/kg H2";2030;"0.25";"Sensitivity | Removed policies except for bio/syn fuel mandates";"Hydrogen"
"OPEX";"H2 Infrastructure";"ES";"HRS Overhead, Profit and Mark-Up";"Rigid";"BAU";"EUR/kg H2";2030;"0.25";"Sensitivity | Removed policies except for bio/syn fuel mandates";"Hydrogen"
"OPEX";"H2 Infrastructure";"ES";"HRS Overhead, Profit and Mark-Up";"Tractor-Trailer";"BAU";"EUR/kg H2";2030;"0.25";"Sensitivity | Removed policies except for bio/syn fuel mandates";"Hydrogen"
"OPEX";"H2 Infrastructure";"FR";"HRS Overhead, Profit and Mark-Up";"Rigid";"BAU";"EUR/kg H2";2030;"0.25";"Sensitivity | Removed policies except for bio/syn fuel mandates";"Hydrogen"
"OPEX";"H2 Infrastructure";"FR";"HRS Overhead, Profit and Mark-Up";"Tractor-Trailer";"BAU";"EUR/kg H2";2030;"0.25";"Sensitivity | Removed policies except for bio/syn fuel mandates";"Hydrogen"
"OPEX";"H2 Infrastructure";"IT";"HRS Overhead, Profit and Mark-Up";"Rigid";"BAU";"EUR/kg H2";2030;"0.25";"Sensitivity | Removed policies except for bio/syn fuel mandates";"Hydrogen"
"OPEX";"H2 Infrastructure";"IT";"HRS Overhead, Profit and Mark-Up";"Tractor-Trailer";"BAU";"EUR/kg H2";2030;"0.25";"Sensitivity | Removed policies except for bio/syn fuel mandates";"Hydrogen"
"OPEX";"H2 Infrastructure";"NL";"HRS Overhead, Profit and Mark-Up";"Rigid";"BAU";"EUR/kg H2";2030;"0.25";"Sensitivity | Removed policies except for bio/syn fuel mandates";"Hydrogen"
"OPEX";"H2 Infrastructure";"NL";"HRS Overhead, Profit and Mark-Up";"Tractor-Trailer";"BAU";"EUR/kg H2";2030;"0.25";"Sensitivity | Removed policies except for bio/syn fuel mandates";"Hydrogen"
"OPEX";"H2 Infrastructure";"PL";"HRS Overhead, Profit and Mark-Up";"Rigid";"BAU";"EUR/kg H2";2030;"0.25";"Sensitivity | Removed policies except for bio/syn fuel mandates";"Hydrogen"
"OPEX";"H2 Infrastructure";"PL";"HRS Overhead, Profit and Mark-Up";"Tractor-Trailer";"BAU";"EUR/kg H2";2030;"0.25";"Sensitivity | Removed policies except for bio/syn fuel mandates";"Hydrogen"
"OPEX";"H2 Infrastructure";"UK";"HRS Overhead, Profit and Mark-Up";"Rigid";"BAU";"EUR/kg H2";2030;"0.25";"Sensitivity | Removed policies except for bio/syn fuel mandates";"Hydrogen"
"OPEX";"H2 Infrastructure";"UK";"HRS Overhead, Profit and Mark-Up";"Tractor-Trailer";"BAU";"EUR/kg H2";2030;"0.25";"Sensitivity | Removed policies except for bio/syn fuel mandates";"Hydrogen"
"OPEX";"Charging Infrastructure";"DE";"MCS Station (Public Charging) - Incl. Overhead";"Rigid";"BAU";"EUR/kWh";2030;"0.143";"Sensitivity | Removed policies except for bio/syn fuel mandates";"Electricity"
"OPEX";"Charging Infrastructure";"DE";"MCS Station (Public Charging) - Incl. Overhead";"Tractor-Trailer";"BAU";"EUR/kWh";2030;"0.143";"Sensitivity | Removed policies except for bio/syn fuel mandates";"Electricity"
"OPEX";"Charging Infrastructure";"ES";"MCS Station (Public Charging) - Incl. Overhead";"Rigid";"BAU";"EUR/kWh";2030;"0.143";"Sensitivity | Removed policies except for bio/syn fuel mandates";"Electricity"
"OPEX";"Charging Infrastructure";"ES";"MCS Station (Public Charging) - Incl. Overhead";"Tractor-Trailer";"BAU";"EUR/kWh";2030;"0.143";"Sensitivity | Removed policies except for bio/syn fuel mandates";"Electricity"
"OPEX";"Charging Infrastructure";"FR";"MCS Station (Public Charging) - Incl. Overhead";"Rigid";"BAU";"EUR/kWh";2030;"0.143";"Sensitivity | Removed policies except for bio/syn fuel mandates";"Electricity"
"OPEX";"Charging Infrastructure";"FR";"MCS Station (Public Charging) - Incl. Overhead";"Tractor-Trailer";"BAU";"EUR/kWh";2030;"0.143";"Sensitivity | Removed policies except for bio/syn fuel mandates";"Electricity"
"OPEX";"Charging Infrastructure";"IT";"MCS Station (Public Charging) - Incl. Overhead";"Rigid";"BAU";"EUR/kWh";2030;"0.143";"Sensitivity | Removed policies except for bio/syn fuel mandates";"Electricity"
"OPEX";"Charging Infrastructure";"IT";"MCS Station (Public Charging) - Incl. Overhead";"Tractor-Trailer";"BAU";"EUR/kWh";2030;"0.143";"Sensitivity | Removed policies except for bio/syn fuel mandates";"Electricity"
"OPEX";"Charging Infrastructure";"NL";"MCS Station (Public Charging) - Incl. Overhead";"Rigid";"BAU";"EUR/kWh";2030;"0.143";"Sensitivity | Removed policies except for bio/syn fuel mandates";"Electricity"
"OPEX";"Charging Infrastructure";"NL";"MCS Station (Public Charging) - Incl. Overhead";"Tractor-Trailer";"BAU";"EUR/kWh";2030;"0.143";"Sensitivity | Removed policies except for bio/syn fuel mandates";"Electricity"
"OPEX";"Charging Infrastructure";"PL";"MCS Station (Public Charging) - Incl. Overhead";"Rigid";"BAU";"EUR/kWh";2030;"0.143";"Sensitivity | Removed policies except for bio/syn fuel mandates";"Electricity"
"OPEX";"Charging Infrastructure";"PL";"MCS Station (Public Charging) - Incl. Overhead";"Tractor-Trailer";"BAU";"EUR/kWh";2030;"0.143";"Sensitivity | Removed policies except for bio/syn fuel mandates";"Electricity"
"OPEX";"Charging Infrastructure";"UK";"MCS Station (Public Charging) - Incl. Overhead";"Rigid";"BAU";"EUR/kWh";2030;"0.143";"Sensitivity | Removed policies except for bio/syn fuel mandates";"Electricity"
"OPEX";"Charging Infrastructure";"UK";"MCS Station (Public Charging) - Incl. Overhead";"Tractor-Trailer";"BAU";"EUR/kWh";2030;"0.143";"Sensitivity | Removed policies except for bio/syn fuel mandates";"Electricity"
"OPEX";"Charging Infrastructure";"DE";"Share MCS-Charging";"Rigid";"BAU";"%";2030;"0.2";"Sensitivity | Removed policies except for bio/syn fuel mandates";"Electricity"
"OPEX";"Charging Infrastructure";"DE";"Share MCS-Charging";"Tractor-Trailer";"BAU";"%";2030;"0.2";"Sensitivity | Removed policies except for bio/syn fuel mandates";"Electricity"
"OPEX";"Charging Infrastructure";"ES";"Share MCS-Charging";"Rigid";"BAU";"%";2030;"0.2";"Sensitivity | Removed policies except for bio/syn fuel mandates";"Electricity"
"OPEX";"Charging Infrastructure";"ES";"Share MCS-Charging";"Tractor-Trailer";"BAU";"%";2030;"0.2";"Sensitivity | Removed policies except for bio/syn fuel mandates";"Electricity"
"OPEX";"Charging Infrastructure";"FR";"Share MCS-Charging";"Rigid";"BAU";"%";2030;"0.2";"Sensitivity | Removed policies except for bio/syn fuel mandates";"Electricity"
"OPEX";"Charging Infrastructure";"FR";"Share MCS-Charging";"Tractor-Trailer";"BAU";"%";2030;"0.2";"Sensitivity | Removed policies except for bio/syn fuel mandates";"Electricity"
"OPEX";"Charging Infrastructure";"IT";"Share MCS-Charging";"Rigid";"BAU";"%";2030;"0.2";"Sensitivity | Removed policies except for bio/syn fuel mandates";"Electricity"
"OPEX";"Charging Infrastructure";"IT";"Share MCS-Charging";"Tractor-Trailer";"BAU";"%";2030;"0.2";"Sensitivity | Removed policies except for bio/syn fuel mandates";"Electricity"
"OPEX";"Charging Infrastructure";"NL";"Share MCS-Charging";"Rigid";"BAU";"%";2030;"0.2";"Sensitivity | Removed policies except for bio/syn fuel mandates";"Electricity"
"OPEX";"Charging Infrastructure";"NL";"Share MCS-Charging";"Tractor-Trailer";"BAU";"%";2030;"0.2";"Sensitivity | Removed policies except for bio/syn fuel mandates";"Electricity"
"OPEX";"Charging Infrastructure";"PL";"Share MCS-Charging";"Rigid";"BAU";"%";2030;"0.2";"Sensitivity | Removed policies except for bio/syn fuel mandates";"Electricity"
"OPEX";"Charging Infrastructure";"PL";"Share MCS-Charging";"Tractor-Trailer";"BAU";"%";2030;"0.2";"Sensitivity | Removed policies except for bio/syn fuel mandates";"Electricity"
"OPEX";"Charging Infrastructure";"UK";"Share MCS-Charging";"Rigid";"BAU";"%";2030;"0.2";"Sensitivity | Removed policies except for bio/syn fuel mandates";"Electricity"
"OPEX";"Charging Infrastructure";"UK";"Share MCS-Charging";"Tractor-Trailer";"BAU";"%";2030;"0.2";"Sensitivity | Removed policies except for bio/syn fuel mandates";"Electricity"
"OPEX";"Charging Infrastructure";"DE";"Depot - Network fees savings potential";"Rigid";"BAU";"EUR/kWh";2030;"0";"Sensitivity | Removed policies except for bio/syn fuel mandates";"Electricity"
"OPEX";"Charging Infrastructure";"DE";"Depot - Network fees savings potential";"Tractor-Trailer";"BAU";"EUR/kWh";2030;"0";"Sensitivity | Removed policies except for bio/syn fuel mandates";"Electricity"
"OPEX";"Charging Infrastructure";"ES";"Depot - Network fees savings potential";"Rigid";"BAU";"EUR/kWh";2030;"0";"Sensitivity | Removed policies except for bio/syn fuel mandates";"Electricity"
"OPEX";"Charging Infrastructure";"ES";"Depot - Network fees savings potential";"Tractor-Trailer";"BAU";"EUR/kWh";2030;"0";"Sensitivity | Removed policies except for bio/syn fuel mandates";"Electricity"
"OPEX";"Charging Infrastructure";"FR";"Depot - Network fees savings potential";"Rigid";"BAU";"EUR/kWh";2030;"0";"Sensitivity | Removed policies except for bio/syn fuel mandates";"Electricity"
"OPEX";"Charging Infrastructure";"FR";"Depot - Network fees savings potential";"Tractor-Trailer";"BAU";"EUR/kWh";2030;"0";"Sensitivity | Removed policies except for bio/syn fuel mandates";"Electricity"
"OPEX";"Charging Infrastructure";"IT";"Depot - Network fees savings potential";"Rigid";"BAU";"EUR/kWh";2030;"0";"Sensitivity | Removed policies except for bio/syn fuel mandates";"Electricity"
"OPEX";"Charging Infrastructure";"IT";"Depot - Network fees savings potential";"Tractor-Trailer";"BAU";"EUR/kWh";2030;"0";"Sensitivity | Removed policies except for bio/syn fuel mandates";"Electricity"
"OPEX";"Charging Infrastructure";"NL";"Depot - Network fees savings potential";"Rigid";"BAU";"EUR/kWh";2030;"0";"Sensitivity | Removed policies except for bio/syn fuel mandates";"Electricity"
"OPEX";"Charging Infrastructure";"NL";"Depot - Network fees savings potential";"Tractor-Trailer";"BAU";"EUR/kWh";2030;"0";"Sensitivity | Removed policies except for bio/syn fuel mandates";"Electricity"
"OPEX";"Charging Infrastructure";"PL";"Depot - Network fees savings potential";"Rigid";"BAU";"EUR/kWh";2030;"0";"Sensitivity | Removed policies except for bio/syn fuel mandates";"Electricity"
"OPEX";"Charging Infrastructure";"PL";"Depot - Network fees savings potential";"Tractor-Trailer";"BAU";"EUR/kWh";2030;"0";"Sensitivity | Removed policies except for bio/syn fuel mandates";"Electricity"
"OPEX";"Charging Infrastructure";"UK";"Depot - Network fees savings potential";"Rigid";"BAU";"EUR/kWh";2030;"0";"Sensitivity | Removed policies except for bio/syn fuel mandates";"Electricity"
"OPEX";"Charging Infrastructure";"UK";"Depot - Network fees savings potential";"Tractor-Trailer";"BAU";"EUR/kWh";2030;"0";"Sensitivity | Removed policies except for bio/syn fuel mandates";"Electricity"
"OPEX";"Taxes";"DE";"Tax reduction";"Rigid";"BAU";"%";2030;"0";"Sensitivity | Removed policies except for bio/syn fuel mandates";"Hydrogen"
"OPEX";"Taxes";"DE";"Tax reduction";"Tractor-Trailer";"BAU";"%";2030;"0";"Sensitivity | Removed policies except for bio/syn fuel mandates";"Hydrogen"
"OPEX";"Taxes";"ES";"Tax reduction";"Rigid";"BAU";"%";2030;"0";"Sensitivity | Removed policies except for bio/syn fuel mandates";"Hydrogen"
"OPEX";"Taxes";"ES";"Tax reduction";"Tractor-Trailer";"BAU";"%";2030;"0";"Sensitivity | Removed policies except for bio/syn fuel mandates";"Hydrogen"
"OPEX";"Taxes";"FR";"Tax reduction";"Rigid";"BAU";"%";2030;"0";"Sensitivity | Removed policies except for bio/syn fuel mandates";"Hydrogen"
"OPEX";"Taxes";"FR";"Tax reduction";"Tractor-Trailer";"BAU";"%";2030;"0";"Sensitivity | Removed policies except for bio/syn fuel mandates";"Hydrogen"
"OPEX";"Taxes";"IT";"Tax reduction";"Rigid";"BAU";"%";2030;"0";"Sensitivity | Removed policies except for bio/syn fuel mandates";"Hydrogen"
"OPEX";"Taxes";"IT";"Tax reduction";"Tractor-Trailer";"BAU";"%";2030;"0";"Sensitivity | Removed policies except for bio/syn fuel mandates";"Hydrogen"
"OPEX";"Taxes";"NL";"Tax reduction";"Rigid";"BAU";"%";2030;"0";"Sensitivity | Removed policies except for bio/syn fuel mandates";"Hydrogen"
"OPEX";"Taxes";"NL";"Tax reduction";"Tractor-Trailer";"BAU";"%";2030;"0";"Sensitivity | Removed policies except for bio/syn fuel mandates";"Hydrogen"
"OPEX";"Taxes";"PL";"Tax reduction";"Rigid";"BAU";"%";2030;"0";"Sensitivity | Removed policies except for bio/syn fuel mandates";"Hydrogen"
"OPEX";"Taxes";"PL";"Tax reduction";"Tractor-Trailer";"BAU";"%";2030;"0";"Sensitivity | Removed policies except for bio/syn fuel mandates";"Hydrogen"
"OPEX";"Taxes";"UK";"Tax reduction";"Rigid";"BAU";"%";2030;"0";"Sensitivity | Removed policies except for bio/syn fuel mandates";"Hydrogen"
"OPEX";"Taxes";"UK";"Tax reduction";"Tractor-Trailer";"BAU";"%";2030;"0";"Sensitivity | Removed policies except for bio/syn fuel mandates";"Hydrogen"
"OPEX";"Taxes";"DE";"Increasing grid fees";"Rigid";"PROG";"%";2030;"0.1";"Sensitivity | Removed policies except for bio/syn fuel mandates";"Electricity"
"OPEX";"Taxes";"DE";"Increasing grid fees";"Tractor-Trailer";"PROG";"%";2030;"0.1";"Sensitivity | Removed policies except for bio/syn fuel mandates";"Electricity"
"OPEX";"Taxes";"ES";"Increasing grid fees";"Rigid";"PROG";"%";2030;"0.1";"Sensitivity | Removed policies except for bio/syn fuel mandates";"Electricity"
"OPEX";"Taxes";"ES";"Increasing grid fees";"Tractor-Trailer";"PROG";"%";2030;"0.1";"Sensitivity | Removed policies except for bio/syn fuel mandates";"Electricity"
"OPEX";"Taxes";"FR";"Increasing grid fees";"Rigid";"PROG";"%";2030;"0.1";"Sensitivity | Removed policies except for bio/syn fuel mandates";"Electricity"
"OPEX";"Taxes";"FR";"Increasing grid fees";"Tractor-Trailer";"PROG";"%";2030;"0.1";"Sensitivity | Removed policies except for bio/syn fuel mandates";"Electricity"
"OPEX";"Taxes";"IT";"Increasing grid fees";"Rigid";"PROG";"%";2030;"0.1";"Sensitivity | Removed policies except for bio/syn fuel mandates";"Electricity"
"OPEX";"Taxes";"IT";"Increasing grid fees";"Tractor-Trailer";"PROG";"%";2030;"0.1";"Sensitivity | Removed policies except for bio/syn fuel mandates";"Electricity"
"OPEX";"Taxes";"NL";"Increasing grid fees";"Rigid";"PROG";"%";2030;"0.1";"Sensitivity | Removed policies except for bio/syn fuel mandates";"Electricity"
"OPEX";"Taxes";"NL";"Increasing grid fees";"Tractor-Trailer";"PROG";"%";2030;"0.1";"Sensitivity | Removed policies except for bio/syn fuel mandates";"Electricity"
"OPEX";"Taxes";"PL";"Increasing grid fees";"Rigid";"PROG";"%";2030;"0.1";"Sensitivity | Removed policies except for bio/syn fuel mandates";"Electricity"
"OPEX";"Taxes";"PL";"Increasing grid fees";"Tractor-Trailer";"PROG";"%";2030;"0.1";"Sensitivity | Removed policies except for bio/syn fuel mandates";"Electricity"
"OPEX";"Taxes";"UK";"Increasing grid fees";"Rigid";"PROG";"%";2030;"0.1";"Sensitivity | Removed policies except for bio/syn fuel mandates";"Electricity"
"OPEX";"Taxes";"UK";"Increasing grid fees";"Tractor-Trailer";"PROG";"%";2030;"0.1";"Sensitivity | Removed policies except for bio/syn fuel mandates";"Electricity"
"OPEX";"Taxes";"DE";"Increasing grid fees";"Rigid";"BAU";"%";2030;"0.167";"Sensitivity | Removed policies except for bio/syn fuel mandates";"Electricity"
"OPEX";"Taxes";"DE";"Increasing grid fees";"Tractor-Trailer";"BAU";"%";2030;"0.167";"Sensitivity | Removed policies except for bio/syn fuel mandates";"Electricity"
"OPEX";"Taxes";"ES";"Increasing grid fees";"Rigid";"BAU";"%";2030;"0.167";"Sensitivity | Removed policies except for bio/syn fuel mandates";"Electricity"
"OPEX";"Taxes";"ES";"Increasing grid fees";"Tractor-Trailer";"BAU";"%";2030;"0.167";"Sensitivity | Removed policies except for bio/syn fuel mandates";"Electricity"
"OPEX";"Taxes";"FR";"Increasing grid fees";"Rigid";"BAU";"%";2030;"0.167";"Sensitivity | Removed policies except for bio/syn fuel mandates";"Electricity"
"OPEX";"Taxes";"FR";"Increasing grid fees";"Tractor-Trailer";"BAU";"%";2030;"0.167";"Sensitivity | Removed policies except for bio/syn fuel mandates";"Electricity"
"OPEX";"Taxes";"IT";"Increasing grid fees";"Rigid";"BAU";"%";2030;"0.167";"Sensitivity | Removed policies except for bio/syn fuel mandates";"Electricity"
"OPEX";"Taxes";"IT";"Increasing grid fees";"Tractor-Trailer";"BAU";"%";2030;"0.167";"Sensitivity | Removed policies except for bio/syn fuel mandates";"Electricity"
"OPEX";"Taxes";"NL";"Increasing grid fees";"Rigid";"BAU";"%";2030;"0.167";"Sensitivity | Removed policies except for bio/syn fuel mandates";"Electricity"
"OPEX";"Taxes";"NL";"Increasing grid fees";"Tractor-Trailer";"BAU";"%";2030;"0.167";"Sensitivity | Removed policies except for bio/syn fuel mandates";"Electricity"
"OPEX";"Taxes";"PL";"Increasing grid fees";"Rigid";"BAU";"%";2030;"0.167";"Sensitivity | Removed policies except for bio/syn fuel mandates";"Electricity"
"OPEX";"Taxes";"PL";"Increasing grid fees";"Tractor-Trailer";"BAU";"%";2030;"0.167";"Sensitivity | Removed policies except for bio/syn fuel mandates";"Electricity"
"OPEX";"Taxes";"UK";"Increasing grid fees";"Rigid";"BAU";"%";2030;"0.167";"Sensitivity | Removed policies except for bio/syn fuel mandates";"Electricity"
"OPEX";"Taxes";"UK";"Increasing grid fees";"Tractor-Trailer";"BAU";"%";2030;"0.167";"Sensitivity | Removed policies except for bio/syn fuel mandates";"Electricity"
"OPEX";"Taxes";"DE";"Network Costs - MCS";"Rigid";"PROG";"EUR/kWh";2035;"0.034";"Sensitivity | Removed policies except for bio/syn fuel mandates";"Electricity"
"OPEX";"Taxes";"DE";"Network Costs - MCS";"Tractor-Trailer";"PROG";"EUR/kWh";2035;"0.034";"Sensitivity | Removed policies except for bio/syn fuel mandates";"Electricity"
"OPEX";"Taxes";"ES";"Network Costs - MCS";"Rigid";"PROG";"EUR/kWh";2035;"0.014";"Sensitivity | Removed policies except for bio/syn fuel mandates";"Electricity"
"OPEX";"Taxes";"ES";"Network Costs - MCS";"Tractor-Trailer";"PROG";"EUR/kWh";2035;"0.014";"Sensitivity | Removed policies except for bio/syn fuel mandates";"Electricity"
"OPEX";"Taxes";"FR";"Network Costs - MCS";"Rigid";"PROG";"EUR/kWh";2035;"0.016";"Sensitivity | Removed policies except for bio/syn fuel mandates";"Electricity"
"OPEX";"Taxes";"FR";"Network Costs - MCS";"Tractor-Trailer";"PROG";"EUR/kWh";2035;"0.016";"Sensitivity | Removed policies except for bio/syn fuel mandates";"Electricity"
"OPEX";"Taxes";"IT";"Network Costs - MCS";"Rigid";"PROG";"EUR/kWh";2035;"0.014";"Sensitivity | Removed policies except for bio/syn fuel mandates";"Electricity"
"OPEX";"Taxes";"IT";"Network Costs - MCS";"Tractor-Trailer";"PROG";"EUR/kWh";2035;"0.014";"Sensitivity | Removed policies except for bio/syn fuel mandates";"Electricity"
"OPEX";"Taxes";"NL";"Network Costs - MCS";"Rigid";"PROG";"EUR/kWh";2035;"0.015";"Sensitivity | Removed policies except for bio/syn fuel mandates";"Electricity"
"OPEX";"Taxes";"NL";"Network Costs - MCS";"Tractor-Trailer";"PROG";"EUR/kWh";2035;"0.015";"Sensitivity | Removed policies except for bio/syn fuel mandates";"Electricity"
"OPEX";"Taxes";"PL";"Network Costs - MCS";"Rigid";"PROG";"EUR/kWh";2035;"0.016";"Sensitivity | Removed policies except for bio/syn fuel mandates";"Electricity"
"OPEX";"Taxes";"PL";"Network Costs - MCS";"Tractor-Trailer";"PROG";"EUR/kWh";2035;"0.016";"Sensitivity | Removed policies except for bio/syn fuel mandates";"Electricity"
"OPEX";"Taxes";"UK";"Network Costs - MCS";"Rigid";"PROG";"EUR/kWh";2035;"0.025";"Sensitivity | Removed policies except for bio/syn fuel mandates";"Electricity"
"OPEX";"Taxes";"UK";"Network Costs - MCS";"Tractor-Trailer";"PROG";"EUR/kWh";2035;"0.025";"Sensitivity | Removed policies except for bio/syn fuel mandates";"Electricity"
"OPEX";"Taxes";"DE";"Taxes, Fees, Levies and charges - MCS";"Rigid";"PROG";"EUR/kWh";2035;"0.056";"Sensitivity | Removed policies except for bio/syn fuel mandates";"Electricity"
"OPEX";"Taxes";"DE";"Taxes, Fees, Levies and charges - MCS";"Tractor-Trailer";"PROG";"EUR/kWh";2035;"0.056";"Sensitivity | Removed policies except for bio/syn fuel mandates";"Electricity"
"OPEX";"Taxes";"ES";"Taxes, Fees, Levies and charges - MCS";"Rigid";"PROG";"EUR/kWh";2035;"0.03";"Sensitivity | Removed policies except for bio/syn fuel mandates";"Electricity"
"OPEX";"Taxes";"ES";"Taxes, Fees, Levies and charges - MCS";"Tractor-Trailer";"PROG";"EUR/kWh";2035;"0.03";"Sensitivity | Removed policies except for bio/syn fuel mandates";"Electricity"
"OPEX";"Taxes";"FR";"Taxes, Fees, Levies and charges - MCS";"Rigid";"PROG";"EUR/kWh";2035;"0.027";"Sensitivity | Removed policies except for bio/syn fuel mandates";"Electricity"
"OPEX";"Taxes";"FR";"Taxes, Fees, Levies and charges - MCS";"Tractor-Trailer";"PROG";"EUR/kWh";2035;"0.027";"Sensitivity | Removed policies except for bio/syn fuel mandates";"Electricity"
"OPEX";"Taxes";"IT";"Taxes, Fees, Levies and charges - MCS";"Rigid";"PROG";"EUR/kWh";2035;"0.052";"Sensitivity | Removed policies except for bio/syn fuel mandates";"Electricity"
"OPEX";"Taxes";"IT";"Taxes, Fees, Levies and charges - MCS";"Tractor-Trailer";"PROG";"EUR/kWh";2035;"0.052";"Sensitivity | Removed policies except for bio/syn fuel mandates";"Electricity"
"OPEX";"Taxes";"NL";"Taxes, Fees, Levies and charges - MCS";"Rigid";"PROG";"EUR/kWh";2035;"0.048";"Sensitivity | Removed policies except for bio/syn fuel mandates";"Electricity"
"OPEX";"Taxes";"NL";"Taxes, Fees, Levies and charges - MCS";"Tractor-Trailer";"PROG";"EUR/kWh";2035;"0.048";"Sensitivity | Removed policies except for bio/syn fuel mandates";"Electricity"
"OPEX";"Taxes";"PL";"Taxes, Fees, Levies and charges - MCS";"Rigid";"PROG";"EUR/kWh";2035;"0.047";"Sensitivity | Removed policies except for bio/syn fuel mandates";"Electricity"
"OPEX";"Taxes";"PL";"Taxes, Fees, Levies and charges - MCS";"Tractor-Trailer";"PROG";"EUR/kWh";2035;"0.047";"Sensitivity | Removed policies except for bio/syn fuel mandates";"Electricity"
"OPEX";"Taxes";"UK";"Taxes, Fees, Levies and charges - MCS";"Rigid";"PROG";"EUR/kWh";2035;"0.075";"Sensitivity | Removed policies except for bio/syn fuel mandates";"Electricity"
"OPEX";"Taxes";"UK";"Taxes, Fees, Levies and charges - MCS";"Tractor-Trailer";"PROG";"EUR/kWh";2035;"0.075";"Sensitivity | Removed policies except for bio/syn fuel mandates";"Electricity"
"OPEX";"Taxes";"DE";"Network Costs - Depot";"Rigid";"PROG";"EUR/kWh";2035;"0.034";"Sensitivity | Removed policies except for bio/syn fuel mandates";"Electricity"
"OPEX";"Taxes";"DE";"Network Costs - Depot";"Tractor-Trailer";"PROG";"EUR/kWh";2035;"0.034";"Sensitivity | Removed policies except for bio/syn fuel mandates";"Electricity"
"OPEX";"Taxes";"ES";"Network Costs - Depot";"Rigid";"PROG";"EUR/kWh";2035;"0.018";"Sensitivity | Removed policies except for bio/syn fuel mandates";"Electricity"
"OPEX";"Taxes";"ES";"Network Costs - Depot";"Tractor-Trailer";"PROG";"EUR/kWh";2035;"0.018";"Sensitivity | Removed policies except for bio/syn fuel mandates";"Electricity"
"OPEX";"Taxes";"FR";"Network Costs - Depot";"Rigid";"PROG";"EUR/kWh";2035;"0.018";"Sensitivity | Removed policies except for bio/syn fuel mandates";"Electricity"
"OPEX";"Taxes";"FR";"Network Costs - Depot";"Tractor-Trailer";"PROG";"EUR/kWh";2035;"0.018";"Sensitivity | Removed policies except for bio/syn fuel mandates";"Electricity"
"OPEX";"Taxes";"IT";"Network Costs - Depot";"Rigid";"PROG";"EUR/kWh";2035;"0.016";"Sensitivity | Removed policies except for bio/syn fuel mandates";"Electricity"
"OPEX";"Taxes";"IT";"Network Costs - Depot";"Tractor-Trailer";"PROG";"EUR/kWh";2035;"0.016";"Sensitivity | Removed policies except for bio/syn fuel mandates";"Electricity"
"OPEX";"Taxes";"NL";"Network Costs - Depot";"Rigid";"PROG";"EUR/kWh";2035;"0.016";"Sensitivity | Removed policies except for bio/syn fuel mandates";"Electricity"
"OPEX";"Taxes";"NL";"Network Costs - Depot";"Tractor-Trailer";"PROG";"EUR/kWh";2035;"0.016";"Sensitivity | Removed policies except for bio/syn fuel mandates";"Electricity"
"OPEX";"Taxes";"PL";"Network Costs - Depot";"Rigid";"PROG";"EUR/kWh";2035;"0.019";"Sensitivity | Removed policies except for bio/syn fuel mandates";"Electricity"
"OPEX";"Taxes";"PL";"Network Costs - Depot";"Tractor-Trailer";"PROG";"EUR/kWh";2035;"0.019";"Sensitivity | Removed policies except for bio/syn fuel mandates";"Electricity"
"OPEX";"Taxes";"UK";"Network Costs - Depot";"Rigid";"PROG";"EUR/kWh";2035;"0.027";"Sensitivity | Removed policies except for bio/syn fuel mandates";"Electricity"
"OPEX";"Taxes";"UK";"Network Costs - Depot";"Tractor-Trailer";"PROG";"EUR/kWh";2035;"0.027";"Sensitivity | Removed policies except for bio/syn fuel mandates";"Electricity"
"OPEX";"Taxes";"DE";"Taxes, Fees, Levies and charges - Depot";"Rigid";"PROG";"EUR/kWh";2035;"0.056";"Sensitivity | Removed policies except for bio/syn fuel mandates";"Electricity"
"OPEX";"Taxes";"DE";"Taxes, Fees, Levies and charges - Depot";"Tractor-Trailer";"PROG";"EUR/kWh";2035;"0.056";"Sensitivity | Removed policies except for bio/syn fuel mandates";"Electricity"
"OPEX";"Taxes";"ES";"Taxes, Fees, Levies and charges - Depot";"Rigid";"PROG";"EUR/kWh";2035;"0.036";"Sensitivity | Removed policies except for bio/syn fuel mandates";"Electricity"
"OPEX";"Taxes";"ES";"Taxes, Fees, Levies and charges - Depot";"Tractor-Trailer";"PROG";"EUR/kWh";2035;"0.036";"Sensitivity | Removed policies except for bio/syn fuel mandates";"Electricity"
"OPEX";"Taxes";"FR";"Taxes, Fees, Levies and charges - Depot";"Rigid";"PROG";"EUR/kWh";2035;"0.03";"Sensitivity | Removed policies except for bio/syn fuel mandates";"Electricity"
"OPEX";"Taxes";"FR";"Taxes, Fees, Levies and charges - Depot";"Tractor-Trailer";"PROG";"EUR/kWh";2035;"0.03";"Sensitivity | Removed policies except for bio/syn fuel mandates";"Electricity"
"OPEX";"Taxes";"IT";"Taxes, Fees, Levies and charges - Depot";"Rigid";"PROG";"EUR/kWh";2035;"0.063";"Sensitivity | Removed policies except for bio/syn fuel mandates";"Electricity"
"OPEX";"Taxes";"IT";"Taxes, Fees, Levies and charges - Depot";"Tractor-Trailer";"PROG";"EUR/kWh";2035;"0.063";"Sensitivity | Removed policies except for bio/syn fuel mandates";"Electricity"
"OPEX";"Taxes";"NL";"Taxes, Fees, Levies and charges - Depot";"Rigid";"PROG";"EUR/kWh";2035;"0.055";"Sensitivity | Removed policies except for bio/syn fuel mandates";"Electricity"
"OPEX";"Taxes";"NL";"Taxes, Fees, Levies and charges - Depot";"Tractor-Trailer";"PROG";"EUR/kWh";2035;"0.055";"Sensitivity | Removed policies except for bio/syn fuel mandates";"Electricity"
"OPEX";"Taxes";"PL";"Taxes, Fees, Levies and charges - Depot";"Rigid";"PROG";"EUR/kWh";2035;"0.049";"Sensitivity | Removed policies except for bio/syn fuel mandates";"Electricity"
"OPEX";"Taxes";"PL";"Taxes, Fees, Levies and charges - Depot";"Tractor-Trailer";"PROG";"EUR/kWh";2035;"0.049";"Sensitivity | Removed policies except for bio/syn fuel mandates";"Electricity"
"OPEX";"Taxes";"UK";"Taxes, Fees, Levies and charges - Depot";"Rigid";"PROG";"EUR/kWh";2035;"0.084";"Sensitivity | Removed policies except for bio/syn fuel mandates";"Electricity"
"OPEX";"Taxes";"UK";"Taxes, Fees, Levies and charges - Depot";"Tractor-Trailer";"PROG";"EUR/kWh";2035;"0.084";"Sensitivity | Removed policies except for bio/syn fuel mandates";"Electricity"
"OPEX";"H2 Infrastructure";"DE";"HRS costs";"Rigid";"PROG";"EUR/kg H2";2035;"0.9";"Sensitivity | Removed policies except for bio/syn fuel mandates";"Hydrogen"
"OPEX";"H2 Infrastructure";"DE";"HRS costs";"Tractor-Trailer";"PROG";"EUR/kg H2";2035;"0.9";"Sensitivity | Removed policies except for bio/syn fuel mandates";"Hydrogen"
"OPEX";"H2 Infrastructure";"ES";"HRS costs";"Rigid";"PROG";"EUR/kg H2";2035;"0.9";"Sensitivity | Removed policies except for bio/syn fuel mandates";"Hydrogen"
"OPEX";"H2 Infrastructure";"ES";"HRS costs";"Tractor-Trailer";"PROG";"EUR/kg H2";2035;"0.9";"Sensitivity | Removed policies except for bio/syn fuel mandates";"Hydrogen"
"OPEX";"H2 Infrastructure";"FR";"HRS costs";"Rigid";"PROG";"EUR/kg H2";2035;"0.9";"Sensitivity | Removed policies except for bio/syn fuel mandates";"Hydrogen"
"OPEX";"H2 Infrastructure";"FR";"HRS costs";"Tractor-Trailer";"PROG";"EUR/kg H2";2035;"0.9";"Sensitivity | Removed policies except for bio/syn fuel mandates";"Hydrogen"
"OPEX";"H2 Infrastructure";"IT";"HRS costs";"Rigid";"PROG";"EUR/kg H2";2035;"0.9";"Sensitivity | Removed policies except for bio/syn fuel mandates";"Hydrogen"
"OPEX";"H2 Infrastructure";"IT";"HRS costs";"Tractor-Trailer";"PROG";"EUR/kg H2";2035;"0.9";"Sensitivity | Removed policies except for bio/syn fuel mandates";"Hydrogen"
"OPEX";"H2 Infrastructure";"NL";"HRS costs";"Rigid";"PROG";"EUR/kg H2";2035;"0.9";"Sensitivity | Removed policies except for bio/syn fuel mandates";"Hydrogen"
"OPEX";"H2 Infrastructure";"NL";"HRS costs";"Tractor-Trailer";"PROG";"EUR/kg H2";2035;"0.9";"Sensitivity | Removed policies except for bio/syn fuel mandates";"Hydrogen"
"OPEX";"H2 Infrastructure";"PL";"HRS costs";"Rigid";"PROG";"EUR/kg H2";2035;"0.9";"Sensitivity | Removed policies except for bio/syn fuel mandates";"Hydrogen"
"OPEX";"H2 Infrastructure";"PL";"HRS costs";"Tractor-Trailer";"PROG";"EUR/kg H2";2035;"0.9";"Sensitivity | Removed policies except for bio/syn fuel mandates";"Hydrogen"
"OPEX";"H2 Infrastructure";"UK";"HRS costs";"Rigid";"PROG";"EUR/kg H2";2035;"0.9";"Sensitivity | Removed policies except for bio/syn fuel mandates";"Hydrogen"
"OPEX";"H2 Infrastructure";"UK";"HRS costs";"Tractor-Trailer";"PROG";"EUR/kg H2";2035;"0.9";"Sensitivity | Removed policies except for bio/syn fuel mandates";"Hydrogen"
"OPEX";"H2 Infrastructure";"DE";"H2 transport and distribution";"Rigid";"PROG";"EUR/kg H2";2035;"0.833";"Sensitivity | Removed policies except for bio/syn fuel mandates";"Hydrogen"
"OPEX";"H2 Infrastructure";"DE";"H2 transport and distribution";"Tractor-Trailer";"PROG";"EUR/kg H2";2035;"0.833";"Sensitivity | Removed policies except for bio/syn fuel mandates";"Hydrogen"
"OPEX";"H2 Infrastructure";"ES";"H2 transport and distribution";"Rigid";"PROG";"EUR/kg H2";2035;"0.833";"Sensitivity | Removed policies except for bio/syn fuel mandates";"Hydrogen"
"OPEX";"H2 Infrastructure";"ES";"H2 transport and distribution";"Tractor-Trailer";"PROG";"EUR/kg H2";2035;"0.833";"Sensitivity | Removed policies except for bio/syn fuel mandates";"Hydrogen"
"OPEX";"H2 Infrastructure";"FR";"H2 transport and distribution";"Rigid";"PROG";"EUR/kg H2";2035;"0.833";"Sensitivity | Removed policies except for bio/syn fuel mandates";"Hydrogen"
"OPEX";"H2 Infrastructure";"FR";"H2 transport and distribution";"Tractor-Trailer";"PROG";"EUR/kg H2";2035;"0.833";"Sensitivity | Removed policies except for bio/syn fuel mandates";"Hydrogen"
"OPEX";"H2 Infrastructure";"IT";"H2 transport and distribution";"Rigid";"PROG";"EUR/kg H2";2035;"0.833";"Sensitivity | Removed policies except for bio/syn fuel mandates";"Hydrogen"
"OPEX";"H2 Infrastructure";"IT";"H2 transport and distribution";"Tractor-Trailer";"PROG";"EUR/kg H2";2035;"0.833";"Sensitivity | Removed policies except for bio/syn fuel mandates";"Hydrogen"
"OPEX";"H2 Infrastructure";"NL";"H2 transport and distribution";"Rigid";"PROG";"EUR/kg H2";2035;"0.833";"Sensitivity | Removed policies except for bio/syn fuel mandates";"Hydrogen"
"OPEX";"H2 Infrastructure";"NL";"H2 transport and distribution";"Tractor-Trailer";"PROG";"EUR/kg H2";2035;"0.833";"Sensitivity | Removed policies except for bio/syn fuel mandates";"Hydrogen"
"OPEX";"H2 Infrastructure";"PL";"H2 transport and distribution";"Rigid";"PROG";"EUR/kg H2";2035;"0.833";"Sensitivity | Removed policies except for bio/syn fuel mandates";"Hydrogen"
"OPEX";"H2 Infrastructure";"PL";"H2 transport and distribution";"Tractor-Trailer";"PROG";"EUR/kg H2";2035;"0.833";"Sensitivity | Removed policies except for bio/syn fuel mandates";"Hydrogen"
"OPEX";"H2 Infrastructure";"UK";"H2 transport and distribution";"Rigid";"PROG";"EUR/kg H2";2035;"0.833";"Sensitivity | Removed policies except for bio/syn fuel mandates";"Hydrogen"
"OPEX";"H2 Infrastructure";"UK";"H2 transport and distribution";"Tractor-Trailer";"PROG";"EUR/kg H2";2035;"0.833";"Sensitivity | Removed policies except for bio/syn fuel mandates";"Hydrogen"
"OPEX";"H2 Infrastructure";"DE";"HRS Overhead, Profit and Mark-Up";"Rigid";"PROG";"EUR/kg H2";2035;"0.25";"Sensitivity | Removed policies except for bio/syn fuel mandates";"Hydrogen"
"OPEX";"H2 Infrastructure";"DE";"HRS Overhead, Profit and Mark-Up";"Tractor-Trailer";"PROG";"EUR/kg H2";2035;"0.25";"Sensitivity | Removed policies except for bio/syn fuel mandates";"Hydrogen"
"OPEX";"H2 Infrastructure";"ES";"HRS Overhead, Profit and Mark-Up";"Rigid";"PROG";"EUR/kg H2";2035;"0.25";"Sensitivity | Removed policies except for bio/syn fuel mandates";"Hydrogen"
"OPEX";"H2 Infrastructure";"ES";"HRS Overhead, Profit and Mark-Up";"Tractor-Trailer";"PROG";"EUR/kg H2";2035;"0.25";"Sensitivity | Removed policies except for bio/syn fuel mandates";"Hydrogen"
"OPEX";"H2 Infrastructure";"FR";"HRS Overhead, Profit and Mark-Up";"Rigid";"PROG";"EUR/kg H2";2035;"0.25";"Sensitivity | Removed policies except for bio/syn fuel mandates";"Hydrogen"
"OPEX";"H2 Infrastructure";"FR";"HRS Overhead, Profit and Mark-Up";"Tractor-Trailer";"PROG";"EUR/kg H2";2035;"0.25";"Sensitivity | Removed policies except for bio/syn fuel mandates";"Hydrogen"
"OPEX";"H2 Infrastructure";"IT";"HRS Overhead, Profit and Mark-Up";"Rigid";"PROG";"EUR/kg H2";2035;"0.25";"Sensitivity | Removed policies except for bio/syn fuel mandates";"Hydrogen"
"OPEX";"H2 Infrastructure";"IT";"HRS Overhead, Profit and Mark-Up";"Tractor-Trailer";"PROG";"EUR/kg H2";2035;"0.25";"Sensitivity | Removed policies except for bio/syn fuel mandates";"Hydrogen"
"OPEX";"H2 Infrastructure";"NL";"HRS Overhead, Profit and Mark-Up";"Rigid";"PROG";"EUR/kg H2";2035;"0.25";"Sensitivity | Removed policies except for bio/syn fuel mandates";"Hydrogen"
"OPEX";"H2 Infrastructure";"NL";"HRS Overhead, Profit and Mark-Up";"Tractor-Trailer";"PROG";"EUR/kg H2";2035;"0.25";"Sensitivity | Removed policies except for bio/syn fuel mandates";"Hydrogen"
"OPEX";"H2 Infrastructure";"PL";"HRS Overhead, Profit and Mark-Up";"Rigid";"PROG";"EUR/kg H2";2035;"0.25";"Sensitivity | Removed policies except for bio/syn fuel mandates";"Hydrogen"
"OPEX";"H2 Infrastructure";"PL";"HRS Overhead, Profit and Mark-Up";"Tractor-Trailer";"PROG";"EUR/kg H2";2035;"0.25";"Sensitivity | Removed policies except for bio/syn fuel mandates";"Hydrogen"
"OPEX";"H2 Infrastructure";"UK";"HRS Overhead, Profit and Mark-Up";"Rigid";"PROG";"EUR/kg H2";2035;"0.25";"Sensitivity | Removed policies except for bio/syn fuel mandates";"Hydrogen"
"OPEX";"H2 Infrastructure";"UK";"HRS Overhead, Profit and Mark-Up";"Tractor-Trailer";"PROG";"EUR/kg H2";2035;"0.25";"Sensitivity | Removed policies except for bio/syn fuel mandates";"Hydrogen"
"OPEX";"Charging Infrastructure";"DE";"MCS Station (Public Charging) - Incl. Overhead";"Rigid";"PROG";"EUR/kWh";2035;"0.031";"Sensitivity | Removed policies except for bio/syn fuel mandates";"Electricity"
"OPEX";"Charging Infrastructure";"DE";"MCS Station (Public Charging) - Incl. Overhead";"Tractor-Trailer";"PROG";"EUR/kWh";2035;"0.031";"Sensitivity | Removed policies except for bio/syn fuel mandates";"Electricity"
"OPEX";"Charging Infrastructure";"ES";"MCS Station (Public Charging) - Incl. Overhead";"Rigid";"PROG";"EUR/kWh";2035;"0.031";"Sensitivity | Removed policies except for bio/syn fuel mandates";"Electricity"
"OPEX";"Charging Infrastructure";"ES";"MCS Station (Public Charging) - Incl. Overhead";"Tractor-Trailer";"PROG";"EUR/kWh";2035;"0.031";"Sensitivity | Removed policies except for bio/syn fuel mandates";"Electricity"
"OPEX";"Charging Infrastructure";"FR";"MCS Station (Public Charging) - Incl. Overhead";"Rigid";"PROG";"EUR/kWh";2035;"0.031";"Sensitivity | Removed policies except for bio/syn fuel mandates";"Electricity"
"OPEX";"Charging Infrastructure";"FR";"MCS Station (Public Charging) - Incl. Overhead";"Tractor-Trailer";"PROG";"EUR/kWh";2035;"0.031";"Sensitivity | Removed policies except for bio/syn fuel mandates";"Electricity"
"OPEX";"Charging Infrastructure";"IT";"MCS Station (Public Charging) - Incl. Overhead";"Rigid";"PROG";"EUR/kWh";2035;"0.031";"Sensitivity | Removed policies except for bio/syn fuel mandates";"Electricity"
"OPEX";"Charging Infrastructure";"IT";"MCS Station (Public Charging) - Incl. Overhead";"Tractor-Trailer";"PROG";"EUR/kWh";2035;"0.031";"Sensitivity | Removed policies except for bio/syn fuel mandates";"Electricity"
"OPEX";"Charging Infrastructure";"NL";"MCS Station (Public Charging) - Incl. Overhead";"Rigid";"PROG";"EUR/kWh";2035;"0.031";"Sensitivity | Removed policies except for bio/syn fuel mandates";"Electricity"
"OPEX";"Charging Infrastructure";"NL";"MCS Station (Public Charging) - Incl. Overhead";"Tractor-Trailer";"PROG";"EUR/kWh";2035;"0.031";"Sensitivity | Removed policies except for bio/syn fuel mandates";"Electricity"
"OPEX";"Charging Infrastructure";"PL";"MCS Station (Public Charging) - Incl. Overhead";"Rigid";"PROG";"EUR/kWh";2035;"0.031";"Sensitivity | Removed policies except for bio/syn fuel mandates";"Electricity"
"OPEX";"Charging Infrastructure";"PL";"MCS Station (Public Charging) - Incl. Overhead";"Tractor-Trailer";"PROG";"EUR/kWh";2035;"0.031";"Sensitivity | Removed policies except for bio/syn fuel mandates";"Electricity"
"OPEX";"Charging Infrastructure";"UK";"MCS Station (Public Charging) - Incl. Overhead";"Rigid";"PROG";"EUR/kWh";2035;"0.031";"Sensitivity | Removed policies except for bio/syn fuel mandates";"Electricity"
"OPEX";"Charging Infrastructure";"UK";"MCS Station (Public Charging) - Incl. Overhead";"Tractor-Trailer";"PROG";"EUR/kWh";2035;"0.031";"Sensitivity | Removed policies except for bio/syn fuel mandates";"Electricity"
"OPEX";"Charging Infrastructure";"DE";"Share MCS-Charging";"Rigid";"PROG";"%";2035;"0.2";"Sensitivity | Removed policies except for bio/syn fuel mandates";"Electricity"
"OPEX";"Charging Infrastructure";"DE";"Share MCS-Charging";"Tractor-Trailer";"PROG";"%";2035;"0.2";"Sensitivity | Removed policies except for bio/syn fuel mandates";"Electricity"
"OPEX";"Charging Infrastructure";"ES";"Share MCS-Charging";"Rigid";"PROG";"%";2035;"0.2";"Sensitivity | Removed policies except for bio/syn fuel mandates";"Electricity"
"OPEX";"Charging Infrastructure";"ES";"Share MCS-Charging";"Tractor-Trailer";"PROG";"%";2035;"0.2";"Sensitivity | Removed policies except for bio/syn fuel mandates";"Electricity"
"OPEX";"Charging Infrastructure";"FR";"Share MCS-Charging";"Rigid";"PROG";"%";2035;"0.2";"Sensitivity | Removed policies except for bio/syn fuel mandates";"Electricity"
"OPEX";"Charging Infrastructure";"FR";"Share MCS-Charging";"Tractor-Trailer";"PROG";"%";2035;"0.2";"Sensitivity | Removed policies except for bio/syn fuel mandates";"Electricity"
"OPEX";"Charging Infrastructure";"IT";"Share MCS-Charging";"Rigid";"PROG";"%";2035;"0.2";"Sensitivity | Removed policies except for bio/syn fuel mandates";"Electricity"
"OPEX";"Charging Infrastructure";"IT";"Share MCS-Charging";"Tractor-Trailer";"PROG";"%";2035;"0.2";"Sensitivity | Removed policies except for bio/syn fuel mandates";"Electricity"
"OPEX";"Charging Infrastructure";"NL";"Share MCS-Charging";"Rigid";"PROG";"%";2035;"0.2";"Sensitivity | Removed policies except for bio/syn fuel mandates";"Electricity"
"OPEX";"Charging Infrastructure";"NL";"Share MCS-Charging";"Tractor-Trailer";"PROG";"%";2035;"0.2";"Sensitivity | Removed policies except for bio/syn fuel mandates";"Electricity"
"OPEX";"Charging Infrastructure";"PL";"Share MCS-Charging";"Rigid";"PROG";"%";2035;"0.2";"Sensitivity | Removed policies except for bio/syn fuel mandates";"Electricity"
"OPEX";"Charging Infrastructure";"PL";"Share MCS-Charging";"Tractor-Trailer";"PROG";"%";2035;"0.2";"Sensitivity | Removed policies except for bio/syn fuel mandates";"Electricity"
"OPEX";"Charging Infrastructure";"UK";"Share MCS-Charging";"Rigid";"PROG";"%";2035;"0.2";"Sensitivity | Removed policies except for bio/syn fuel mandates";"Electricity"
"OPEX";"Charging Infrastructure";"UK";"Share MCS-Charging";"Tractor-Trailer";"PROG";"%";2035;"0.2";"Sensitivity | Removed policies except for bio/syn fuel mandates";"Electricity"
"OPEX";"Charging Infrastructure";"DE";"Depot - Network fees savings potential";"Rigid";"PROG";"EUR/kWh";2035;"-0.01";"Sensitivity | Removed policies except for bio/syn fuel mandates";"Electricity"
"OPEX";"Charging Infrastructure";"DE";"Depot - Network fees savings potential";"Tractor-Trailer";"PROG";"EUR/kWh";2035;"-0.01";"Sensitivity | Removed policies except for bio/syn fuel mandates";"Electricity"
"OPEX";"Charging Infrastructure";"ES";"Depot - Network fees savings potential";"Rigid";"PROG";"EUR/kWh";2035;"-0.01";"Sensitivity | Removed policies except for bio/syn fuel mandates";"Electricity"
"OPEX";"Charging Infrastructure";"ES";"Depot - Network fees savings potential";"Tractor-Trailer";"PROG";"EUR/kWh";2035;"-0.01";"Sensitivity | Removed policies except for bio/syn fuel mandates";"Electricity"
"OPEX";"Charging Infrastructure";"FR";"Depot - Network fees savings potential";"Rigid";"PROG";"EUR/kWh";2035;"-0.01";"Sensitivity | Removed policies except for bio/syn fuel mandates";"Electricity"
"OPEX";"Charging Infrastructure";"FR";"Depot - Network fees savings potential";"Tractor-Trailer";"PROG";"EUR/kWh";2035;"-0.01";"Sensitivity | Removed policies except for bio/syn fuel mandates";"Electricity"
"OPEX";"Charging Infrastructure";"IT";"Depot - Network fees savings potential";"Rigid";"PROG";"EUR/kWh";2035;"-0.01";"Sensitivity | Removed policies except for bio/syn fuel mandates";"Electricity"
"OPEX";"Charging Infrastructure";"IT";"Depot - Network fees savings potential";"Tractor-Trailer";"PROG";"EUR/kWh";2035;"-0.01";"Sensitivity | Removed policies except for bio/syn fuel mandates";"Electricity"
"OPEX";"Charging Infrastructure";"NL";"Depot - Network fees savings potential";"Rigid";"PROG";"EUR/kWh";2035;"-0.01";"Sensitivity | Removed policies except for bio/syn fuel mandates";"Electricity"
"OPEX";"Charging Infrastructure";"NL";"Depot - Network fees savings potential";"Tractor-Trailer";"PROG";"EUR/kWh";2035;"-0.01";"Sensitivity | Removed policies except for bio/syn fuel mandates";"Electricity"
"OPEX";"Charging Infrastructure";"PL";"Depot - Network fees savings potential";"Rigid";"PROG";"EUR/kWh";2035;"-0.01";"Sensitivity | Removed policies except for bio/syn fuel mandates";"Electricity"
"OPEX";"Charging Infrastructure";"PL";"Depot - Network fees savings potential";"Tractor-Trailer";"PROG";"EUR/kWh";2035;"-0.01";"Sensitivity | Removed policies except for bio/syn fuel mandates";"Electricity"
"OPEX";"Charging Infrastructure";"UK";"Depot - Network fees savings potential";"Rigid";"PROG";"EUR/kWh";2035;"-0.01";"Sensitivity | Removed policies except for bio/syn fuel mandates";"Electricity"
"OPEX";"Charging Infrastructure";"UK";"Depot - Network fees savings potential";"Tractor-Trailer";"PROG";"EUR/kWh";2035;"-0.01";"Sensitivity | Removed policies except for bio/syn fuel mandates";"Electricity"
"OPEX";"Taxes";"DE";"Tax reduction";"Rigid";"PROG";"%";2035;"0";"Sensitivity | Removed policies except for bio/syn fuel mandates";"Hydrogen"
"OPEX";"Taxes";"DE";"Tax reduction";"Tractor-Trailer";"PROG";"%";2035;"0";"Sensitivity | Removed policies except for bio/syn fuel mandates";"Hydrogen"
"OPEX";"Taxes";"ES";"Tax reduction";"Rigid";"PROG";"%";2035;"0";"Sensitivity | Removed policies except for bio/syn fuel mandates";"Hydrogen"
"OPEX";"Taxes";"ES";"Tax reduction";"Tractor-Trailer";"PROG";"%";2035;"0";"Sensitivity | Removed policies except for bio/syn fuel mandates";"Hydrogen"
"OPEX";"Taxes";"FR";"Tax reduction";"Rigid";"PROG";"%";2035;"0";"Sensitivity | Removed policies except for bio/syn fuel mandates";"Hydrogen"
"OPEX";"Taxes";"FR";"Tax reduction";"Tractor-Trailer";"PROG";"%";2035;"0";"Sensitivity | Removed policies except for bio/syn fuel mandates";"Hydrogen"
"OPEX";"Taxes";"IT";"Tax reduction";"Rigid";"PROG";"%";2035;"0";"Sensitivity | Removed policies except for bio/syn fuel mandates";"Hydrogen"
"OPEX";"Taxes";"IT";"Tax reduction";"Tractor-Trailer";"PROG";"%";2035;"0";"Sensitivity | Removed policies except for bio/syn fuel mandates";"Hydrogen"
"OPEX";"Taxes";"NL";"Tax reduction";"Rigid";"PROG";"%";2035;"0";"Sensitivity | Removed policies except for bio/syn fuel mandates";"Hydrogen"
"OPEX";"Taxes";"NL";"Tax reduction";"Tractor-Trailer";"PROG";"%";2035;"0";"Sensitivity | Removed policies except for bio/syn fuel mandates";"Hydrogen"
"OPEX";"Taxes";"PL";"Tax reduction";"Rigid";"PROG";"%";2035;"0";"Sensitivity | Removed policies except for bio/syn fuel mandates";"Hydrogen"
"OPEX";"Taxes";"PL";"Tax reduction";"Tractor-Trailer";"PROG";"%";2035;"0";"Sensitivity | Removed policies except for bio/syn fuel mandates";"Hydrogen"
"OPEX";"Taxes";"UK";"Tax reduction";"Rigid";"PROG";"%";2035;"0";"Sensitivity | Removed policies except for bio/syn fuel mandates";"Hydrogen"
"OPEX";"Taxes";"UK";"Tax reduction";"Tractor-Trailer";"PROG";"%";2035;"0";"Sensitivity | Removed policies except for bio/syn fuel mandates";"Hydrogen"
"OPEX";"Taxes";"DE";"Excise Duty - Diesel";"Rigid";"BAU";"EUR/kWh";2035;"0.047";"Sensitivity | Removed policies except for bio/syn fuel mandates";"Diesel"
"OPEX";"Taxes";"DE";"Excise Duty - Diesel";"Tractor-Trailer";"BAU";"EUR/kWh";2035;"0.047";"Sensitivity | Removed policies except for bio/syn fuel mandates";"Diesel"
"OPEX";"Taxes";"DE";"Excise Duty - Diesel";"Rigid";"PROG";"EUR/kWh";2035;"0.047";"Sensitivity | Removed policies except for bio/syn fuel mandates";"Diesel"
"OPEX";"Taxes";"DE";"Excise Duty - Diesel";"Tractor-Trailer";"PROG";"EUR/kWh";2035;"0.047";"Sensitivity | Removed policies except for bio/syn fuel mandates";"Diesel"
"OPEX";"Taxes";"ES";"Excise Duty - Diesel";"Rigid";"BAU";"EUR/kWh";2035;"0.038";"Sensitivity | Removed policies except for bio/syn fuel mandates";"Diesel"
"OPEX";"Taxes";"ES";"Excise Duty - Diesel";"Tractor-Trailer";"BAU";"EUR/kWh";2035;"0.038";"Sensitivity | Removed policies except for bio/syn fuel mandates";"Diesel"
"OPEX";"Taxes";"ES";"Excise Duty - Diesel";"Rigid";"PROG";"EUR/kWh";2035;"0.038";"Sensitivity | Removed policies except for bio/syn fuel mandates";"Diesel"
"OPEX";"Taxes";"ES";"Excise Duty - Diesel";"Tractor-Trailer";"PROG";"EUR/kWh";2035;"0.038";"Sensitivity | Removed policies except for bio/syn fuel mandates";"Diesel"
"OPEX";"Taxes";"FR";"Excise Duty - Diesel";"Rigid";"BAU";"EUR/kWh";2035;"0.06";"Sensitivity | Removed policies except for bio/syn fuel mandates";"Diesel"
"OPEX";"Taxes";"FR";"Excise Duty - Diesel";"Tractor-Trailer";"BAU";"EUR/kWh";2035;"0.06";"Sensitivity | Removed policies except for bio/syn fuel mandates";"Diesel"
"OPEX";"Taxes";"FR";"Excise Duty - Diesel";"Rigid";"PROG";"EUR/kWh";2035;"0.06";"Sensitivity | Removed policies except for bio/syn fuel mandates";"Diesel"
"OPEX";"Taxes";"FR";"Excise Duty - Diesel";"Tractor-Trailer";"PROG";"EUR/kWh";2035;"0.06";"Sensitivity | Removed policies except for bio/syn fuel mandates";"Diesel"
"OPEX";"Taxes";"IT";"Excise Duty - Diesel";"Rigid";"BAU";"EUR/kWh";2035;"0.062";"Sensitivity | Removed policies except for bio/syn fuel mandates";"Diesel"
"OPEX";"Taxes";"IT";"Excise Duty - Diesel";"Tractor-Trailer";"BAU";"EUR/kWh";2035;"0.062";"Sensitivity | Removed policies except for bio/syn fuel mandates";"Diesel"
"OPEX";"Taxes";"IT";"Excise Duty - Diesel";"Rigid";"PROG";"EUR/kWh";2035;"0.062";"Sensitivity | Removed policies except for bio/syn fuel mandates";"Diesel"
"OPEX";"Taxes";"IT";"Excise Duty - Diesel";"Tractor-Trailer";"PROG";"EUR/kWh";2035;"0.062";"Sensitivity | Removed policies except for bio/syn fuel mandates";"Diesel"
"OPEX";"Taxes";"NL";"Excise Duty - Diesel";"Rigid";"BAU";"EUR/kWh";2035;"0.053";"Sensitivity | Removed policies except for bio/syn fuel mandates";"Diesel"
"OPEX";"Taxes";"NL";"Excise Duty - Diesel";"Tractor-Trailer";"BAU";"EUR/kWh";2035;"0.053";"Sensitivity | Removed policies except for bio/syn fuel mandates";"Diesel"
"OPEX";"Taxes";"NL";"Excise Duty - Diesel";"Rigid";"PROG";"EUR/kWh";2035;"0.053";"Sensitivity | Removed policies except for bio/syn fuel mandates";"Diesel"
"OPEX";"Taxes";"NL";"Excise Duty - Diesel";"Tractor-Trailer";"PROG";"EUR/kWh";2035;"0.053";"Sensitivity | Removed policies except for bio/syn fuel mandates";"Diesel"
"OPEX";"Taxes";"PL";"Excise Duty - Diesel";"Rigid";"BAU";"EUR/kWh";2035;"0.033";"Sensitivity | Removed policies except for bio/syn fuel mandates";"Diesel"
"OPEX";"Taxes";"PL";"Excise Duty - Diesel";"Tractor-Trailer";"BAU";"EUR/kWh";2035;"0.033";"Sensitivity | Removed policies except for bio/syn fuel mandates";"Diesel"
"OPEX";"Taxes";"PL";"Excise Duty - Diesel";"Rigid";"PROG";"EUR/kWh";2035;"0.033";"Sensitivity | Removed policies except for bio/syn fuel mandates";"Diesel"
"OPEX";"Taxes";"PL";"Excise Duty - Diesel";"Tractor-Trailer";"PROG";"EUR/kWh";2035;"0.033";"Sensitivity | Removed policies except for bio/syn fuel mandates";"Diesel"
"OPEX";"Taxes";"UK";"Excise Duty - Diesel";"Rigid";"BAU";"EUR/kWh";2035;"0.053";"Sensitivity | Removed policies except for bio/syn fuel mandates";"Diesel"
"OPEX";"Taxes";"UK";"Excise Duty - Diesel";"Tractor-Trailer";"BAU";"EUR/kWh";2035;"0.053";"Sensitivity | Removed policies except for bio/syn fuel mandates";"Diesel"
"OPEX";"Taxes";"UK";"Excise Duty - Diesel";"Rigid";"PROG";"EUR/kWh";2035;"0.053";"Sensitivity | Removed policies except for bio/syn fuel mandates";"Diesel"
"OPEX";"Taxes";"UK";"Excise Duty - Diesel";"Tractor-Trailer";"PROG";"EUR/kWh";2035;"0.053";"Sensitivity | Removed policies except for bio/syn fuel mandates";"Diesel"
"OPEX";"Taxes";"DE";"Excise Duty - Reduction biodiesel";"Rigid";"BAU";"%";2035;"0.5";"Sensitivity | Removed policies except for bio/syn fuel mandates";"Diesel"
"OPEX";"Taxes";"DE";"Excise Duty - Reduction biodiesel";"Tractor-Trailer";"BAU";"%";2035;"0.5";"Sensitivity | Removed policies except for bio/syn fuel mandates";"Diesel"
"OPEX";"Taxes";"DE";"Excise Duty - Reduction biodiesel";"Rigid";"PROG";"%";2035;"0.5";"Sensitivity | Removed policies except for bio/syn fuel mandates";"Diesel"
"OPEX";"Taxes";"DE";"Excise Duty - Reduction biodiesel";"Tractor-Trailer";"PROG";"%";2035;"0.5";"Sensitivity | Removed policies except for bio/syn fuel mandates";"Diesel"
"OPEX";"Taxes";"ES";"Excise Duty - Reduction biodiesel";"Rigid";"BAU";"%";2035;"0.5";"Sensitivity | Removed policies except for bio/syn fuel mandates";"Diesel"
"OPEX";"Taxes";"ES";"Excise Duty - Reduction biodiesel";"Tractor-Trailer";"BAU";"%";2035;"0.5";"Sensitivity | Removed policies except for bio/syn fuel mandates";"Diesel"
"OPEX";"Taxes";"ES";"Excise Duty - Reduction biodiesel";"Rigid";"PROG";"%";2035;"0.5";"Sensitivity | Removed policies except for bio/syn fuel mandates";"Diesel"
"OPEX";"Taxes";"ES";"Excise Duty - Reduction biodiesel";"Tractor-Trailer";"PROG";"%";2035;"0.5";"Sensitivity | Removed policies except for bio/syn fuel mandates";"Diesel"
"OPEX";"Taxes";"FR";"Excise Duty - Reduction biodiesel";"Rigid";"BAU";"%";2035;"0.5";"Sensitivity | Removed policies except for bio/syn fuel mandates";"Diesel"
"OPEX";"Taxes";"FR";"Excise Duty - Reduction biodiesel";"Tractor-Trailer";"BAU";"%";2035;"0.5";"Sensitivity | Removed policies except for bio/syn fuel mandates";"Diesel"
"OPEX";"Taxes";"FR";"Excise Duty - Reduction biodiesel";"Rigid";"PROG";"%";2035;"0.5";"Sensitivity | Removed policies except for bio/syn fuel mandates";"Diesel"
"OPEX";"Taxes";"FR";"Excise Duty - Reduction biodiesel";"Tractor-Trailer";"PROG";"%";2035;"0.5";"Sensitivity | Removed policies except for bio/syn fuel mandates";"Diesel"
"OPEX";"Taxes";"IT";"Excise Duty - Reduction biodiesel";"Rigid";"BAU";"%";2035;"0.5";"Sensitivity | Removed policies except for bio/syn fuel mandates";"Diesel"
"OPEX";"Taxes";"IT";"Excise Duty - Reduction biodiesel";"Tractor-Trailer";"BAU";"%";2035;"0.5";"Sensitivity | Removed policies except for bio/syn fuel mandates";"Diesel"
"OPEX";"Taxes";"IT";"Excise Duty - Reduction biodiesel";"Rigid";"PROG";"%";2035;"0.5";"Sensitivity | Removed policies except for bio/syn fuel mandates";"Diesel"
"OPEX";"Taxes";"IT";"Excise Duty - Reduction biodiesel";"Tractor-Trailer";"PROG";"%";2035;"0.5";"Sensitivity | Removed policies except for bio/syn fuel mandates";"Diesel"
"OPEX";"Taxes";"NL";"Excise Duty - Reduction biodiesel";"Rigid";"BAU";"%";2035;"0.5";"Sensitivity | Removed policies except for bio/syn fuel mandates";"Diesel"
"OPEX";"Taxes";"NL";"Excise Duty - Reduction biodiesel";"Tractor-Trailer";"BAU";"%";2035;"0.5";"Sensitivity | Removed policies except for bio/syn fuel mandates";"Diesel"
"OPEX";"Taxes";"NL";"Excise Duty - Reduction biodiesel";"Rigid";"PROG";"%";2035;"0.5";"Sensitivity | Removed policies except for bio/syn fuel mandates";"Diesel"
"OPEX";"Taxes";"NL";"Excise Duty - Reduction biodiesel";"Tractor-Trailer";"PROG";"%";2035;"0.5";"Sensitivity | Removed policies except for bio/syn fuel mandates";"Diesel"
"OPEX";"Taxes";"PL";"Excise Duty - Reduction biodiesel";"Rigid";"BAU";"%";2035;"0.5";"Sensitivity | Removed policies except for bio/syn fuel mandates";"Diesel"
"OPEX";"Taxes";"PL";"Excise Duty - Reduction biodiesel";"Tractor-Trailer";"BAU";"%";2035;"0.5";"Sensitivity | Removed policies except for bio/syn fuel mandates";"Diesel"
"OPEX";"Taxes";"PL";"Excise Duty - Reduction biodiesel";"Rigid";"PROG";"%";2035;"0.5";"Sensitivity | Removed policies except for bio/syn fuel mandates";"Diesel"
"OPEX";"Taxes";"PL";"Excise Duty - Reduction biodiesel";"Tractor-Trailer";"PROG";"%";2035;"0.5";"Sensitivity | Removed policies except for bio/syn fuel mandates";"Diesel"
"OPEX";"Taxes";"UK";"Excise Duty - Reduction biodiesel";"Rigid";"BAU";"%";2035;"0.5";"Sensitivity | Removed policies except for bio/syn fuel mandates";"Diesel"
"OPEX";"Taxes";"UK";"Excise Duty - Reduction biodiesel";"Tractor-Trailer";"BAU";"%";2035;"0.5";"Sensitivity | Removed policies except for bio/syn fuel mandates";"Diesel"
"OPEX";"Taxes";"UK";"Excise Duty - Reduction biodiesel";"Rigid";"PROG";"%";2035;"0.5";"Sensitivity | Removed policies except for bio/syn fuel mandates";"Diesel"
"OPEX";"Taxes";"UK";"Excise Duty - Reduction biodiesel";"Tractor-Trailer";"PROG";"%";2035;"0.5";"Sensitivity | Removed policies except for bio/syn fuel mandates";"Diesel"
"OPEX";"Taxes";"DE";"Excise Duty - Reduction Synthetic Diesel (E-Fuels)";"Rigid";"BAU";"%";2035;"0.5";"Sensitivity | Removed policies except for bio/syn fuel mandates";"Diesel"
"OPEX";"Taxes";"DE";"Excise Duty - Reduction Synthetic Diesel (E-Fuels)";"Tractor-Trailer";"BAU";"%";2035;"0.5";"Sensitivity | Removed policies except for bio/syn fuel mandates";"Diesel"
"OPEX";"Taxes";"DE";"Excise Duty - Reduction Synthetic Diesel (E-Fuels)";"Rigid";"PROG";"%";2035;"0.5";"Sensitivity | Removed policies except for bio/syn fuel mandates";"Diesel"
"OPEX";"Taxes";"DE";"Excise Duty - Reduction Synthetic Diesel (E-Fuels)";"Tractor-Trailer";"PROG";"%";2035;"0.5";"Sensitivity | Removed policies except for bio/syn fuel mandates";"Diesel"
"OPEX";"Taxes";"ES";"Excise Duty - Reduction Synthetic Diesel (E-Fuels)";"Rigid";"BAU";"%";2035;"0.5";"Sensitivity | Removed policies except for bio/syn fuel mandates";"Diesel"
"OPEX";"Taxes";"ES";"Excise Duty - Reduction Synthetic Diesel (E-Fuels)";"Tractor-Trailer";"BAU";"%";2035;"0.5";"Sensitivity | Removed policies except for bio/syn fuel mandates";"Diesel"
"OPEX";"Taxes";"ES";"Excise Duty - Reduction Synthetic Diesel (E-Fuels)";"Rigid";"PROG";"%";2035;"0.5";"Sensitivity | Removed policies except for bio/syn fuel mandates";"Diesel"
"OPEX";"Taxes";"ES";"Excise Duty - Reduction Synthetic Diesel (E-Fuels)";"Tractor-Trailer";"PROG";"%";2035;"0.5";"Sensitivity | Removed policies except for bio/syn fuel mandates";"Diesel"
"OPEX";"Taxes";"FR";"Excise Duty - Reduction Synthetic Diesel (E-Fuels)";"Rigid";"BAU";"%";2035;"0.5";"Sensitivity | Removed policies except for bio/syn fuel mandates";"Diesel"
"OPEX";"Taxes";"FR";"Excise Duty - Reduction Synthetic Diesel (E-Fuels)";"Tractor-Trailer";"BAU";"%";2035;"0.5";"Sensitivity | Removed policies except for bio/syn fuel mandates";"Diesel"
"OPEX";"Taxes";"FR";"Excise Duty - Reduction Synthetic Diesel (E-Fuels)";"Rigid";"PROG";"%";2035;"0.5";"Sensitivity | Removed policies except for bio/syn fuel mandates";"Diesel"
"OPEX";"Taxes";"FR";"Excise Duty - Reduction Synthetic Diesel (E-Fuels)";"Tractor-Trailer";"PROG";"%";2035;"0.5";"Sensitivity | Removed policies except for bio/syn fuel mandates";"Diesel"
"OPEX";"Taxes";"IT";"Excise Duty - Reduction Synthetic Diesel (E-Fuels)";"Rigid";"BAU";"%";2035;"0.5";"Sensitivity | Removed policies except for bio/syn fuel mandates";"Diesel"
"OPEX";"Taxes";"IT";"Excise Duty - Reduction Synthetic Diesel (E-Fuels)";"Tractor-Trailer";"BAU";"%";2035;"0.5";"Sensitivity | Removed policies except for bio/syn fuel mandates";"Diesel"
"OPEX";"Taxes";"IT";"Excise Duty - Reduction Synthetic Diesel (E-Fuels)";"Rigid";"PROG";"%";2035;"0.5";"Sensitivity | Removed policies except for bio/syn fuel mandates";"Diesel"
"OPEX";"Taxes";"IT";"Excise Duty - Reduction Synthetic Diesel (E-Fuels)";"Tractor-Trailer";"PROG";"%";2035;"0.5";"Sensitivity | Removed policies except for bio/syn fuel mandates";"Diesel"
"OPEX";"Taxes";"NL";"Excise Duty - Reduction Synthetic Diesel (E-Fuels)";"Rigid";"BAU";"%";2035;"0.5";"Sensitivity | Removed policies except for bio/syn fuel mandates";"Diesel"
"OPEX";"Taxes";"NL";"Excise Duty - Reduction Synthetic Diesel (E-Fuels)";"Tractor-Trailer";"BAU";"%";2035;"0.5";"Sensitivity | Removed policies except for bio/syn fuel mandates";"Diesel"
"OPEX";"Taxes";"NL";"Excise Duty - Reduction Synthetic Diesel (E-Fuels)";"Rigid";"PROG";"%";2035;"0.5";"Sensitivity | Removed policies except for bio/syn fuel mandates";"Diesel"
"OPEX";"Taxes";"NL";"Excise Duty - Reduction Synthetic Diesel (E-Fuels)";"Tractor-Trailer";"PROG";"%";2035;"0.5";"Sensitivity | Removed policies except for bio/syn fuel mandates";"Diesel"
"OPEX";"Taxes";"PL";"Excise Duty - Reduction Synthetic Diesel (E-Fuels)";"Rigid";"BAU";"%";2035;"0.5";"Sensitivity | Removed policies except for bio/syn fuel mandates";"Diesel"
"OPEX";"Taxes";"PL";"Excise Duty - Reduction Synthetic Diesel (E-Fuels)";"Tractor-Trailer";"BAU";"%";2035;"0.5";"Sensitivity | Removed policies except for bio/syn fuel mandates";"Diesel"
"OPEX";"Taxes";"PL";"Excise Duty - Reduction Synthetic Diesel (E-Fuels)";"Rigid";"PROG";"%";2035;"0.5";"Sensitivity | Removed policies except for bio/syn fuel mandates";"Diesel"
"OPEX";"Taxes";"PL";"Excise Duty - Reduction Synthetic Diesel (E-Fuels)";"Tractor-Trailer";"PROG";"%";2035;"0.5";"Sensitivity | Removed policies except for bio/syn fuel mandates";"Diesel"
"OPEX";"Taxes";"UK";"Excise Duty - Reduction Synthetic Diesel (E-Fuels)";"Rigid";"BAU";"%";2035;"0.5";"Sensitivity | Removed policies except for bio/syn fuel mandates";"Diesel"
"OPEX";"Taxes";"UK";"Excise Duty - Reduction Synthetic Diesel (E-Fuels)";"Tractor-Trailer";"BAU";"%";2035;"0.5";"Sensitivity | Removed policies except for bio/syn fuel mandates";"Diesel"
"OPEX";"Taxes";"UK";"Excise Duty - Reduction Synthetic Diesel (E-Fuels)";"Rigid";"PROG";"%";2035;"0.5";"Sensitivity | Removed policies except for bio/syn fuel mandates";"Diesel"
"OPEX";"Taxes";"UK";"Excise Duty - Reduction Synthetic Diesel (E-Fuels)";"Tractor-Trailer";"PROG";"%";2035;"0.5";"Sensitivity | Removed policies except for bio/syn fuel mandates";"Diesel"
"OPEX";"Taxes";"DE";"Taxes, Fees, Levies and charges - H2";"Rigid";"BAU";"EUR/kWh";2035;"0.015";"Sensitivity | Removed policies except for bio/syn fuel mandates";"Hydrogen"
"OPEX";"Taxes";"DE";"Taxes, Fees, Levies and charges - H2";"Tractor-Trailer";"BAU";"EUR/kWh";2035;"0.015";"Sensitivity | Removed policies except for bio/syn fuel mandates";"Hydrogen"
"OPEX";"Taxes";"DE";"Taxes, Fees, Levies and charges - H2";"Rigid";"PROG";"EUR/kWh";2035;"0.015";"Sensitivity | Removed policies except for bio/syn fuel mandates";"Hydrogen"
"OPEX";"Taxes";"DE";"Taxes, Fees, Levies and charges - H2";"Tractor-Trailer";"PROG";"EUR/kWh";2035;"0.015";"Sensitivity | Removed policies except for bio/syn fuel mandates";"Hydrogen"
"OPEX";"Taxes";"ES";"Taxes, Fees, Levies and charges - H2";"Rigid";"BAU";"EUR/kWh";2035;"0.008";"Sensitivity | Removed policies except for bio/syn fuel mandates";"Hydrogen"
"OPEX";"Taxes";"ES";"Taxes, Fees, Levies and charges - H2";"Tractor-Trailer";"BAU";"EUR/kWh";2035;"0.008";"Sensitivity | Removed policies except for bio/syn fuel mandates";"Hydrogen"
"OPEX";"Taxes";"ES";"Taxes, Fees, Levies and charges - H2";"Rigid";"PROG";"EUR/kWh";2035;"0.008";"Sensitivity | Removed policies except for bio/syn fuel mandates";"Hydrogen"
"OPEX";"Taxes";"ES";"Taxes, Fees, Levies and charges - H2";"Tractor-Trailer";"PROG";"EUR/kWh";2035;"0.008";"Sensitivity | Removed policies except for bio/syn fuel mandates";"Hydrogen"
"OPEX";"Taxes";"FR";"Taxes, Fees, Levies and charges - H2";"Rigid";"BAU";"EUR/kWh";2035;"0.012";"Sensitivity | Removed policies except for bio/syn fuel mandates";"Hydrogen"
"OPEX";"Taxes";"FR";"Taxes, Fees, Levies and charges - H2";"Tractor-Trailer";"BAU";"EUR/kWh";2035;"0.012";"Sensitivity | Removed policies except for bio/syn fuel mandates";"Hydrogen"
"OPEX";"Taxes";"FR";"Taxes, Fees, Levies and charges - H2";"Rigid";"PROG";"EUR/kWh";2035;"0.012";"Sensitivity | Removed policies except for bio/syn fuel mandates";"Hydrogen"
"OPEX";"Taxes";"FR";"Taxes, Fees, Levies and charges - H2";"Tractor-Trailer";"PROG";"EUR/kWh";2035;"0.012";"Sensitivity | Removed policies except for bio/syn fuel mandates";"Hydrogen"
"OPEX";"Taxes";"IT";"Taxes, Fees, Levies and charges - H2";"Rigid";"BAU";"EUR/kWh";2035;"0.009";"Sensitivity | Removed policies except for bio/syn fuel mandates";"Hydrogen"
"OPEX";"Taxes";"IT";"Taxes, Fees, Levies and charges - H2";"Tractor-Trailer";"BAU";"EUR/kWh";2035;"0.009";"Sensitivity | Removed policies except for bio/syn fuel mandates";"Hydrogen"
"OPEX";"Taxes";"IT";"Taxes, Fees, Levies and charges - H2";"Rigid";"PROG";"EUR/kWh";2035;"0.009";"Sensitivity | Removed policies except for bio/syn fuel mandates";"Hydrogen"
"OPEX";"Taxes";"IT";"Taxes, Fees, Levies and charges - H2";"Tractor-Trailer";"PROG";"EUR/kWh";2035;"0.009";"Sensitivity | Removed policies except for bio/syn fuel mandates";"Hydrogen"
"OPEX";"Taxes";"NL";"Taxes, Fees, Levies and charges - H2";"Rigid";"BAU";"EUR/kWh";2035;"0.024";"Sensitivity | Removed policies except for bio/syn fuel mandates";"Hydrogen"
"OPEX";"Taxes";"NL";"Taxes, Fees, Levies and charges - H2";"Tractor-Trailer";"BAU";"EUR/kWh";2035;"0.024";"Sensitivity | Removed policies except for bio/syn fuel mandates";"Hydrogen"
"OPEX";"Taxes";"NL";"Taxes, Fees, Levies and charges - H2";"Rigid";"PROG";"EUR/kWh";2035;"0.024";"Sensitivity | Removed policies except for bio/syn fuel mandates";"Hydrogen"
"OPEX";"Taxes";"NL";"Taxes, Fees, Levies and charges - H2";"Tractor-Trailer";"PROG";"EUR/kWh";2035;"0.024";"Sensitivity | Removed policies except for bio/syn fuel mandates";"Hydrogen"
"OPEX";"Taxes";"PL";"Taxes, Fees, Levies and charges - H2";"Rigid";"BAU";"EUR/kWh";2035;"0.009";"Sensitivity | Removed policies except for bio/syn fuel mandates";"Hydrogen"
"OPEX";"Taxes";"PL";"Taxes, Fees, Levies and charges - H2";"Tractor-Trailer";"BAU";"EUR/kWh";2035;"0.009";"Sensitivity | Removed policies except for bio/syn fuel mandates";"Hydrogen"
"OPEX";"Taxes";"PL";"Taxes, Fees, Levies and charges - H2";"Rigid";"PROG";"EUR/kWh";2035;"0.009";"Sensitivity | Removed policies except for bio/syn fuel mandates";"Hydrogen"
"OPEX";"Taxes";"PL";"Taxes, Fees, Levies and charges - H2";"Tractor-Trailer";"PROG";"EUR/kWh";2035;"0.009";"Sensitivity | Removed policies except for bio/syn fuel mandates";"Hydrogen"
"OPEX";"Taxes";"UK";"Taxes, Fees, Levies and charges - H2";"Rigid";"BAU";"EUR/kWh";2035;"0.006";"Sensitivity | Removed policies except for bio/syn fuel mandates";"Hydrogen"
"OPEX";"Taxes";"UK";"Taxes, Fees, Levies and charges - H2";"Tractor-Trailer";"BAU";"EUR/kWh";2035;"0.006";"Sensitivity | Removed policies except for bio/syn fuel mandates";"Hydrogen"
"OPEX";"Taxes";"UK";"Taxes, Fees, Levies and charges - H2";"Rigid";"PROG";"EUR/kWh";2035;"0.006";"Sensitivity | Removed policies except for bio/syn fuel mandates";"Hydrogen"
"OPEX";"Taxes";"UK";"Taxes, Fees, Levies and charges - H2";"Tractor-Trailer";"PROG";"EUR/kWh";2035;"0.006";"Sensitivity | Removed policies except for bio/syn fuel mandates";"Hydrogen"
"OPEX";"Charging Infrastructure";"DE";"MCS grid extension";"Rigid";"PROG";"EUR/kWh";2035;"0.065";"Sensitivity | Removed policies except for bio/syn fuel mandates";"Electricity"
"OPEX";"Charging Infrastructure";"DE";"MCS grid extension";"Tractor-Trailer";"PROG";"EUR/kWh";2035;"0.065";"Sensitivity | Removed policies except for bio/syn fuel mandates";"Electricity"
"OPEX";"Charging Infrastructure";"DE";"MCS grid extension";"Rigid";"BAU";"EUR/kWh";2035;"0.065";"Sensitivity | Removed policies except for bio/syn fuel mandates";"Electricity"
"OPEX";"Charging Infrastructure";"DE";"MCS grid extension";"Tractor-Trailer";"BAU";"EUR/kWh";2035;"0.065";"Sensitivity | Removed policies except for bio/syn fuel mandates";"Electricity"
"OPEX";"Charging Infrastructure";"ES";"MCS grid extension";"Rigid";"PROG";"EUR/kWh";2035;"0.065";"Sensitivity | Removed policies except for bio/syn fuel mandates";"Electricity"
"OPEX";"Charging Infrastructure";"ES";"MCS grid extension";"Tractor-Trailer";"PROG";"EUR/kWh";2035;"0.065";"Sensitivity | Removed policies except for bio/syn fuel mandates";"Electricity"
"OPEX";"Charging Infrastructure";"ES";"MCS grid extension";"Rigid";"BAU";"EUR/kWh";2035;"0.065";"Sensitivity | Removed policies except for bio/syn fuel mandates";"Electricity"
"OPEX";"Charging Infrastructure";"ES";"MCS grid extension";"Tractor-Trailer";"BAU";"EUR/kWh";2035;"0.065";"Sensitivity | Removed policies except for bio/syn fuel mandates";"Electricity"
"OPEX";"Charging Infrastructure";"FR";"MCS grid extension";"Rigid";"PROG";"EUR/kWh";2035;"0.065";"Sensitivity | Removed policies except for bio/syn fuel mandates";"Electricity"
"OPEX";"Charging Infrastructure";"FR";"MCS grid extension";"Tractor-Trailer";"PROG";"EUR/kWh";2035;"0.065";"Sensitivity | Removed policies except for bio/syn fuel mandates";"Electricity"
"OPEX";"Charging Infrastructure";"FR";"MCS grid extension";"Rigid";"BAU";"EUR/kWh";2035;"0.065";"Sensitivity | Removed policies except for bio/syn fuel mandates";"Electricity"
"OPEX";"Charging Infrastructure";"FR";"MCS grid extension";"Tractor-Trailer";"BAU";"EUR/kWh";2035;"0.065";"Sensitivity | Removed policies except for bio/syn fuel mandates";"Electricity"
"OPEX";"Charging Infrastructure";"IT";"MCS grid extension";"Rigid";"PROG";"EUR/kWh";2035;"0.065";"Sensitivity | Removed policies except for bio/syn fuel mandates";"Electricity"
"OPEX";"Charging Infrastructure";"IT";"MCS grid extension";"Tractor-Trailer";"PROG";"EUR/kWh";2035;"0.065";"Sensitivity | Removed policies except for bio/syn fuel mandates";"Electricity"
"OPEX";"Charging Infrastructure";"IT";"MCS grid extension";"Rigid";"BAU";"EUR/kWh";2035;"0.065";"Sensitivity | Removed policies except for bio/syn fuel mandates";"Electricity"
"OPEX";"Charging Infrastructure";"IT";"MCS grid extension";"Tractor-Trailer";"BAU";"EUR/kWh";2035;"0.065";"Sensitivity | Removed policies except for bio/syn fuel mandates";"Electricity"
"OPEX";"Charging Infrastructure";"NL";"MCS grid extension";"Rigid";"PROG";"EUR/kWh";2035;"0.065";"Sensitivity | Removed policies except for bio/syn fuel mandates";"Electricity"
"OPEX";"Charging Infrastructure";"NL";"MCS grid extension";"Tractor-Trailer";"PROG";"EUR/kWh";2035;"0.065";"Sensitivity | Removed policies except for bio/syn fuel mandates";"Electricity"
"OPEX";"Charging Infrastructure";"NL";"MCS grid extension";"Rigid";"BAU";"EUR/kWh";2035;"0.065";"Sensitivity | Removed policies except for bio/syn fuel mandates";"Electricity"
"OPEX";"Charging Infrastructure";"NL";"MCS grid extension";"Tractor-Trailer";"BAU";"EUR/kWh";2035;"0.065";"Sensitivity | Removed policies except for bio/syn fuel mandates";"Electricity"
"OPEX";"Charging Infrastructure";"PL";"MCS grid extension";"Rigid";"PROG";"EUR/kWh";2035;"0.065";"Sensitivity | Removed policies except for bio/syn fuel mandates";"Electricity"
"OPEX";"Charging Infrastructure";"PL";"MCS grid extension";"Tractor-Trailer";"PROG";"EUR/kWh";2035;"0.065";"Sensitivity | Removed policies except for bio/syn fuel mandates";"Electricity"
"OPEX";"Charging Infrastructure";"PL";"MCS grid extension";"Rigid";"BAU";"EUR/kWh";2035;"0.065";"Sensitivity | Removed policies except for bio/syn fuel mandates";"Electricity"
"OPEX";"Charging Infrastructure";"PL";"MCS grid extension";"Tractor-Trailer";"BAU";"EUR/kWh";2035;"0.065";"Sensitivity | Removed policies except for bio/syn fuel mandates";"Electricity"
"OPEX";"Charging Infrastructure";"UK";"MCS grid extension";"Rigid";"PROG";"EUR/kWh";2035;"0.065";"Sensitivity | Removed policies except for bio/syn fuel mandates";"Electricity"
"OPEX";"Charging Infrastructure";"UK";"MCS grid extension";"Tractor-Trailer";"PROG";"EUR/kWh";2035;"0.065";"Sensitivity | Removed policies except for bio/syn fuel mandates";"Electricity"
"OPEX";"Charging Infrastructure";"UK";"MCS grid extension";"Rigid";"BAU";"EUR/kWh";2035;"0.065";"Sensitivity | Removed policies except for bio/syn fuel mandates";"Electricity"
"OPEX";"Charging Infrastructure";"UK";"MCS grid extension";"Tractor-Trailer";"BAU";"EUR/kWh";2035;"0.065";"Sensitivity | Removed policies except for bio/syn fuel mandates";"Electricity"
"OPEX";"Charging Infrastructure";"DE";"MCS Profit and Mark-Up";"Rigid";"PROG";"%";2035;"0.1";"Sensitivity | Removed policies except for bio/syn fuel mandates";"Electricity"
"OPEX";"Charging Infrastructure";"DE";"MCS Profit and Mark-Up";"Tractor-Trailer";"PROG";"%";2035;"0.1";"Sensitivity | Removed policies except for bio/syn fuel mandates";"Electricity"
"OPEX";"Charging Infrastructure";"DE";"MCS Profit and Mark-Up";"Rigid";"BAU";"%";2035;"0.1";"Sensitivity | Removed policies except for bio/syn fuel mandates";"Electricity"
"OPEX";"Charging Infrastructure";"DE";"MCS Profit and Mark-Up";"Tractor-Trailer";"BAU";"%";2035;"0.1";"Sensitivity | Removed policies except for bio/syn fuel mandates";"Electricity"
"OPEX";"Charging Infrastructure";"ES";"MCS Profit and Mark-Up";"Rigid";"PROG";"%";2035;"0.1";"Sensitivity | Removed policies except for bio/syn fuel mandates";"Electricity"
"OPEX";"Charging Infrastructure";"ES";"MCS Profit and Mark-Up";"Tractor-Trailer";"PROG";"%";2035;"0.1";"Sensitivity | Removed policies except for bio/syn fuel mandates";"Electricity"
"OPEX";"Charging Infrastructure";"ES";"MCS Profit and Mark-Up";"Rigid";"BAU";"%";2035;"0.1";"Sensitivity | Removed policies except for bio/syn fuel mandates";"Electricity"
"OPEX";"Charging Infrastructure";"ES";"MCS Profit and Mark-Up";"Tractor-Trailer";"BAU";"%";2035;"0.1";"Sensitivity | Removed policies except for bio/syn fuel mandates";"Electricity"
"OPEX";"Charging Infrastructure";"FR";"MCS Profit and Mark-Up";"Rigid";"PROG";"%";2035;"0.1";"Sensitivity | Removed policies except for bio/syn fuel mandates";"Electricity"
"OPEX";"Charging Infrastructure";"FR";"MCS Profit and Mark-Up";"Tractor-Trailer";"PROG";"%";2035;"0.1";"Sensitivity | Removed policies except for bio/syn fuel mandates";"Electricity"
"OPEX";"Charging Infrastructure";"FR";"MCS Profit and Mark-Up";"Rigid";"BAU";"%";2035;"0.1";"Sensitivity | Removed policies except for bio/syn fuel mandates";"Electricity"
"OPEX";"Charging Infrastructure";"FR";"MCS Profit and Mark-Up";"Tractor-Trailer";"BAU";"%";2035;"0.1";"Sensitivity | Removed policies except for bio/syn fuel mandates";"Electricity"
"OPEX";"Charging Infrastructure";"IT";"MCS Profit and Mark-Up";"Rigid";"PROG";"%";2035;"0.1";"Sensitivity | Removed policies except for bio/syn fuel mandates";"Electricity"
"OPEX";"Charging Infrastructure";"IT";"MCS Profit and Mark-Up";"Tractor-Trailer";"PROG";"%";2035;"0.1";"Sensitivity | Removed policies except for bio/syn fuel mandates";"Electricity"
"OPEX";"Charging Infrastructure";"IT";"MCS Profit and Mark-Up";"Rigid";"BAU";"%";2035;"0.1";"Sensitivity | Removed policies except for bio/syn fuel mandates";"Electricity"
"OPEX";"Charging Infrastructure";"IT";"MCS Profit and Mark-Up";"Tractor-Trailer";"BAU";"%";2035;"0.1";"Sensitivity | Removed policies except for bio/syn fuel mandates";"Electricity"
"OPEX";"Charging Infrastructure";"NL";"MCS Profit and Mark-Up";"Rigid";"PROG";"%";2035;"0.1";"Sensitivity | Removed policies except for bio/syn fuel mandates";"Electricity"
"OPEX";"Charging Infrastructure";"NL";"MCS Profit and Mark-Up";"Tractor-Trailer";"PROG";"%";2035;"0.1";"Sensitivity | Removed policies except for bio/syn fuel mandates";"Electricity"
"OPEX";"Charging Infrastructure";"NL";"MCS Profit and Mark-Up";"Rigid";"BAU";"%";2035;"0.1";"Sensitivity | Removed policies except for bio/syn fuel mandates";"Electricity"
"OPEX";"Charging Infrastructure";"NL";"MCS Profit and Mark-Up";"Tractor-Trailer";"BAU";"%";2035;"0.1";"Sensitivity | Removed policies except for bio/syn fuel mandates";"Electricity"
"OPEX";"Charging Infrastructure";"PL";"MCS Profit and Mark-Up";"Rigid";"PROG";"%";2035;"0.1";"Sensitivity | Removed policies except for bio/syn fuel mandates";"Electricity"
"OPEX";"Charging Infrastructure";"PL";"MCS Profit and Mark-Up";"Tractor-Trailer";"PROG";"%";2035;"0.1";"Sensitivity | Removed policies except for bio/syn fuel mandates";"Electricity"
"OPEX";"Charging Infrastructure";"PL";"MCS Profit and Mark-Up";"Rigid";"BAU";"%";2035;"0.1";"Sensitivity | Removed policies except for bio/syn fuel mandates";"Electricity"
"OPEX";"Charging Infrastructure";"PL";"MCS Profit and Mark-Up";"Tractor-Trailer";"BAU";"%";2035;"0.1";"Sensitivity | Removed policies except for bio/syn fuel mandates";"Electricity"
"OPEX";"Charging Infrastructure";"UK";"MCS Profit and Mark-Up";"Rigid";"PROG";"%";2035;"0.1";"Sensitivity | Removed policies except for bio/syn fuel mandates";"Electricity"
"OPEX";"Charging Infrastructure";"UK";"MCS Profit and Mark-Up";"Tractor-Trailer";"PROG";"%";2035;"0.1";"Sensitivity | Removed policies except for bio/syn fuel mandates";"Electricity"
"OPEX";"Charging Infrastructure";"UK";"MCS Profit and Mark-Up";"Rigid";"BAU";"%";2035;"0.1";"Sensitivity | Removed policies except for bio/syn fuel mandates";"Electricity"
"OPEX";"Charging Infrastructure";"UK";"MCS Profit and Mark-Up";"Tractor-Trailer";"BAU";"%";2035;"0.1";"Sensitivity | Removed policies except for bio/syn fuel mandates";"Electricity"
"OPEX";"Charging Infrastructure";"DE";"CCS Station (Depot) - Incl. Overhead";"Rigid";"PROG";"EUR/kWh";2035;"0.027";"Sensitivity | Removed policies except for bio/syn fuel mandates";"Electricity"
"OPEX";"Charging Infrastructure";"DE";"CCS Station (Depot) - Incl. Overhead";"Tractor-Trailer";"PROG";"EUR/kWh";2035;"0.027";"Sensitivity | Removed policies except for bio/syn fuel mandates";"Electricity"
"OPEX";"Charging Infrastructure";"DE";"CCS Station (Depot) - Incl. Overhead";"Rigid";"BAU";"EUR/kWh";2035;"0.027";"Sensitivity | Removed policies except for bio/syn fuel mandates";"Electricity"
"OPEX";"Charging Infrastructure";"DE";"CCS Station (Depot) - Incl. Overhead";"Tractor-Trailer";"BAU";"EUR/kWh";2035;"0.027";"Sensitivity | Removed policies except for bio/syn fuel mandates";"Electricity"
"OPEX";"Charging Infrastructure";"ES";"CCS Station (Depot) - Incl. Overhead";"Rigid";"PROG";"EUR/kWh";2035;"0.027";"Sensitivity | Removed policies except for bio/syn fuel mandates";"Electricity"
"OPEX";"Charging Infrastructure";"ES";"CCS Station (Depot) - Incl. Overhead";"Tractor-Trailer";"PROG";"EUR/kWh";2035;"0.027";"Sensitivity | Removed policies except for bio/syn fuel mandates";"Electricity"
"OPEX";"Charging Infrastructure";"ES";"CCS Station (Depot) - Incl. Overhead";"Rigid";"BAU";"EUR/kWh";2035;"0.027";"Sensitivity | Removed policies except for bio/syn fuel mandates";"Electricity"
"OPEX";"Charging Infrastructure";"ES";"CCS Station (Depot) - Incl. Overhead";"Tractor-Trailer";"BAU";"EUR/kWh";2035;"0.027";"Sensitivity | Removed policies except for bio/syn fuel mandates";"Electricity"
"OPEX";"Charging Infrastructure";"FR";"CCS Station (Depot) - Incl. Overhead";"Rigid";"PROG";"EUR/kWh";2035;"0.027";"Sensitivity | Removed policies except for bio/syn fuel mandates";"Electricity"
"OPEX";"Charging Infrastructure";"FR";"CCS Station (Depot) - Incl. Overhead";"Tractor-Trailer";"PROG";"EUR/kWh";2035;"0.027";"Sensitivity | Removed policies except for bio/syn fuel mandates";"Electricity"
"OPEX";"Charging Infrastructure";"FR";"CCS Station (Depot) - Incl. Overhead";"Rigid";"BAU";"EUR/kWh";2035;"0.027";"Sensitivity | Removed policies except for bio/syn fuel mandates";"Electricity"
"OPEX";"Charging Infrastructure";"FR";"CCS Station (Depot) - Incl. Overhead";"Tractor-Trailer";"BAU";"EUR/kWh";2035;"0.027";"Sensitivity | Removed policies except for bio/syn fuel mandates";"Electricity"
"OPEX";"Charging Infrastructure";"IT";"CCS Station (Depot) - Incl. Overhead";"Rigid";"PROG";"EUR/kWh";2035;"0.027";"Sensitivity | Removed policies except for bio/syn fuel mandates";"Electricity"
"OPEX";"Charging Infrastructure";"IT";"CCS Station (Depot) - Incl. Overhead";"Tractor-Trailer";"PROG";"EUR/kWh";2035;"0.027";"Sensitivity | Removed policies except for bio/syn fuel mandates";"Electricity"
"OPEX";"Charging Infrastructure";"IT";"CCS Station (Depot) - Incl. Overhead";"Rigid";"BAU";"EUR/kWh";2035;"0.027";"Sensitivity | Removed policies except for bio/syn fuel mandates";"Electricity"
"OPEX";"Charging Infrastructure";"IT";"CCS Station (Depot) - Incl. Overhead";"Tractor-Trailer";"BAU";"EUR/kWh";2035;"0.027";"Sensitivity | Removed policies except for bio/syn fuel mandates";"Electricity"
"OPEX";"Charging Infrastructure";"NL";"CCS Station (Depot) - Incl. Overhead";"Rigid";"PROG";"EUR/kWh";2035;"0.027";"Sensitivity | Removed policies except for bio/syn fuel mandates";"Electricity"
"OPEX";"Charging Infrastructure";"NL";"CCS Station (Depot) - Incl. Overhead";"Tractor-Trailer";"PROG";"EUR/kWh";2035;"0.027";"Sensitivity | Removed policies except for bio/syn fuel mandates";"Electricity"
"OPEX";"Charging Infrastructure";"NL";"CCS Station (Depot) - Incl. Overhead";"Rigid";"BAU";"EUR/kWh";2035;"0.027";"Sensitivity | Removed policies except for bio/syn fuel mandates";"Electricity"
"OPEX";"Charging Infrastructure";"NL";"CCS Station (Depot) - Incl. Overhead";"Tractor-Trailer";"BAU";"EUR/kWh";2035;"0.027";"Sensitivity | Removed policies except for bio/syn fuel mandates";"Electricity"
"OPEX";"Charging Infrastructure";"PL";"CCS Station (Depot) - Incl. Overhead";"Rigid";"PROG";"EUR/kWh";2035;"0.027";"Sensitivity | Removed policies except for bio/syn fuel mandates";"Electricity"
"OPEX";"Charging Infrastructure";"PL";"CCS Station (Depot) - Incl. Overhead";"Tractor-Trailer";"PROG";"EUR/kWh";2035;"0.027";"Sensitivity | Removed policies except for bio/syn fuel mandates";"Electricity"
"OPEX";"Charging Infrastructure";"PL";"CCS Station (Depot) - Incl. Overhead";"Rigid";"BAU";"EUR/kWh";2035;"0.027";"Sensitivity | Removed policies except for bio/syn fuel mandates";"Electricity"
"OPEX";"Charging Infrastructure";"PL";"CCS Station (Depot) - Incl. Overhead";"Tractor-Trailer";"BAU";"EUR/kWh";2035;"0.027";"Sensitivity | Removed policies except for bio/syn fuel mandates";"Electricity"
"OPEX";"Charging Infrastructure";"UK";"CCS Station (Depot) - Incl. Overhead";"Rigid";"PROG";"EUR/kWh";2035;"0.027";"Sensitivity | Removed policies except for bio/syn fuel mandates";"Electricity"
"OPEX";"Charging Infrastructure";"UK";"CCS Station (Depot) - Incl. Overhead";"Tractor-Trailer";"PROG";"EUR/kWh";2035;"0.027";"Sensitivity | Removed policies except for bio/syn fuel mandates";"Electricity"
"OPEX";"Charging Infrastructure";"UK";"CCS Station (Depot) - Incl. Overhead";"Rigid";"BAU";"EUR/kWh";2035;"0.027";"Sensitivity | Removed policies except for bio/syn fuel mandates";"Electricity"
"OPEX";"Charging Infrastructure";"UK";"CCS Station (Depot) - Incl. Overhead";"Tractor-Trailer";"BAU";"EUR/kWh";2035;"0.027";"Sensitivity | Removed policies except for bio/syn fuel mandates";"Electricity"
"OPEX";"Charging Infrastructure";"DE";"CCS grid extension";"Rigid";"PROG";"EUR/kWh";2035;"0.045";"Sensitivity | Removed policies except for bio/syn fuel mandates";"Electricity"
"OPEX";"Charging Infrastructure";"DE";"CCS grid extension";"Tractor-Trailer";"PROG";"EUR/kWh";2035;"0.045";"Sensitivity | Removed policies except for bio/syn fuel mandates";"Electricity"
"OPEX";"Charging Infrastructure";"DE";"CCS grid extension";"Rigid";"BAU";"EUR/kWh";2035;"0.045";"Sensitivity | Removed policies except for bio/syn fuel mandates";"Electricity"
"OPEX";"Charging Infrastructure";"DE";"CCS grid extension";"Tractor-Trailer";"BAU";"EUR/kWh";2035;"0.045";"Sensitivity | Removed policies except for bio/syn fuel mandates";"Electricity"
"OPEX";"Charging Infrastructure";"ES";"CCS grid extension";"Rigid";"PROG";"EUR/kWh";2035;"0.045";"Sensitivity | Removed policies except for bio/syn fuel mandates";"Electricity"
"OPEX";"Charging Infrastructure";"ES";"CCS grid extension";"Tractor-Trailer";"PROG";"EUR/kWh";2035;"0.045";"Sensitivity | Removed policies except for bio/syn fuel mandates";"Electricity"
"OPEX";"Charging Infrastructure";"ES";"CCS grid extension";"Rigid";"BAU";"EUR/kWh";2035;"0.045";"Sensitivity | Removed policies except for bio/syn fuel mandates";"Electricity"
"OPEX";"Charging Infrastructure";"ES";"CCS grid extension";"Tractor-Trailer";"BAU";"EUR/kWh";2035;"0.045";"Sensitivity | Removed policies except for bio/syn fuel mandates";"Electricity"
"OPEX";"Charging Infrastructure";"FR";"CCS grid extension";"Rigid";"PROG";"EUR/kWh";2035;"0.045";"Sensitivity | Removed policies except for bio/syn fuel mandates";"Electricity"
"OPEX";"Charging Infrastructure";"FR";"CCS grid extension";"Tractor-Trailer";"PROG";"EUR/kWh";2035;"0.045";"Sensitivity | Removed policies except for bio/syn fuel mandates";"Electricity"
"OPEX";"Charging Infrastructure";"FR";"CCS grid extension";"Rigid";"BAU";"EUR/kWh";2035;"0.045";"Sensitivity | Removed policies except for bio/syn fuel mandates";"Electricity"
"OPEX";"Charging Infrastructure";"FR";"CCS grid extension";"Tractor-Trailer";"BAU";"EUR/kWh";2035;"0.045";"Sensitivity | Removed policies except for bio/syn fuel mandates";"Electricity"
"OPEX";"Charging Infrastructure";"IT";"CCS grid extension";"Rigid";"PROG";"EUR/kWh";2035;"0.045";"Sensitivity | Removed policies except for bio/syn fuel mandates";"Electricity"
"OPEX";"Charging Infrastructure";"IT";"CCS grid extension";"Tractor-Trailer";"PROG";"EUR/kWh";2035;"0.045";"Sensitivity | Removed policies except for bio/syn fuel mandates";"Electricity"
"OPEX";"Charging Infrastructure";"IT";"CCS grid extension";"Rigid";"BAU";"EUR/kWh";2035;"0.045";"Sensitivity | Removed policies except for bio/syn fuel mandates";"Electricity"
"OPEX";"Charging Infrastructure";"IT";"CCS grid extension";"Tractor-Trailer";"BAU";"EUR/kWh";2035;"0.045";"Sensitivity | Removed policies except for bio/syn fuel mandates";"Electricity"
"OPEX";"Charging Infrastructure";"NL";"CCS grid extension";"Rigid";"PROG";"EUR/kWh";2035;"0.045";"Sensitivity | Removed policies except for bio/syn fuel mandates";"Electricity"
"OPEX";"Charging Infrastructure";"NL";"CCS grid extension";"Tractor-Trailer";"PROG";"EUR/kWh";2035;"0.045";"Sensitivity | Removed policies except for bio/syn fuel mandates";"Electricity"
"OPEX";"Charging Infrastructure";"NL";"CCS grid extension";"Rigid";"BAU";"EUR/kWh";2035;"0.045";"Sensitivity | Removed policies except for bio/syn fuel mandates";"Electricity"
"OPEX";"Charging Infrastructure";"NL";"CCS grid extension";"Tractor-Trailer";"BAU";"EUR/kWh";2035;"0.045";"Sensitivity | Removed policies except for bio/syn fuel mandates";"Electricity"
"OPEX";"Charging Infrastructure";"PL";"CCS grid extension";"Rigid";"PROG";"EUR/kWh";2035;"0.045";"Sensitivity | Removed policies except for bio/syn fuel mandates";"Electricity"
"OPEX";"Charging Infrastructure";"PL";"CCS grid extension";"Tractor-Trailer";"PROG";"EUR/kWh";2035;"0.045";"Sensitivity | Removed policies except for bio/syn fuel mandates";"Electricity"
"OPEX";"Charging Infrastructure";"PL";"CCS grid extension";"Rigid";"BAU";"EUR/kWh";2035;"0.045";"Sensitivity | Removed policies except for bio/syn fuel mandates";"Electricity"
"OPEX";"Charging Infrastructure";"PL";"CCS grid extension";"Tractor-Trailer";"BAU";"EUR/kWh";2035;"0.045";"Sensitivity | Removed policies except for bio/syn fuel mandates";"Electricity"
"OPEX";"Charging Infrastructure";"UK";"CCS grid extension";"Rigid";"PROG";"EUR/kWh";2035;"0.045";"Sensitivity | Removed policies except for bio/syn fuel mandates";"Electricity"
"OPEX";"Charging Infrastructure";"UK";"CCS grid extension";"Tractor-Trailer";"PROG";"EUR/kWh";2035;"0.045";"Sensitivity | Removed policies except for bio/syn fuel mandates";"Electricity"
"OPEX";"Charging Infrastructure";"UK";"CCS grid extension";"Rigid";"BAU";"EUR/kWh";2035;"0.045";"Sensitivity | Removed policies except for bio/syn fuel mandates";"Electricity"
"OPEX";"Charging Infrastructure";"UK";"CCS grid extension";"Tractor-Trailer";"BAU";"EUR/kWh";2035;"0.045";"Sensitivity | Removed policies except for bio/syn fuel mandates";"Electricity"
"OPEX";"Diesel Infrastructure";"DE";"Total Diesel Mark-Up";"Rigid";"BAU";"EUR/kWh";2035;"0.018";"Sensitivity | Removed policies except for bio/syn fuel mandates";"Diesel"
"OPEX";"Diesel Infrastructure";"DE";"Total Diesel Mark-Up";"Tractor-Trailer";"BAU";"EUR/kWh";2035;"0.018";"Sensitivity | Removed policies except for bio/syn fuel mandates";"Diesel"
"OPEX";"Diesel Infrastructure";"DE";"Total Diesel Mark-Up";"Rigid";"PROG";"EUR/kWh";2035;"0.018";"Sensitivity | Removed policies except for bio/syn fuel mandates";"Diesel"
"OPEX";"Diesel Infrastructure";"DE";"Total Diesel Mark-Up";"Tractor-Trailer";"PROG";"EUR/kWh";2035;"0.018";"Sensitivity | Removed policies except for bio/syn fuel mandates";"Diesel"
"OPEX";"Diesel Infrastructure";"ES";"Total Diesel Mark-Up";"Rigid";"BAU";"EUR/kWh";2035;"0.018";"Sensitivity | Removed policies except for bio/syn fuel mandates";"Diesel"
"OPEX";"Diesel Infrastructure";"ES";"Total Diesel Mark-Up";"Tractor-Trailer";"BAU";"EUR/kWh";2035;"0.018";"Sensitivity | Removed policies except for bio/syn fuel mandates";"Diesel"
"OPEX";"Diesel Infrastructure";"ES";"Total Diesel Mark-Up";"Rigid";"PROG";"EUR/kWh";2035;"0.018";"Sensitivity | Removed policies except for bio/syn fuel mandates";"Diesel"
"OPEX";"Diesel Infrastructure";"ES";"Total Diesel Mark-Up";"Tractor-Trailer";"PROG";"EUR/kWh";2035;"0.018";"Sensitivity | Removed policies except for bio/syn fuel mandates";"Diesel"
"OPEX";"Diesel Infrastructure";"FR";"Total Diesel Mark-Up";"Rigid";"BAU";"EUR/kWh";2035;"0.018";"Sensitivity | Removed policies except for bio/syn fuel mandates";"Diesel"
"OPEX";"Diesel Infrastructure";"FR";"Total Diesel Mark-Up";"Tractor-Trailer";"BAU";"EUR/kWh";2035;"0.018";"Sensitivity | Removed policies except for bio/syn fuel mandates";"Diesel"
"OPEX";"Diesel Infrastructure";"FR";"Total Diesel Mark-Up";"Rigid";"PROG";"EUR/kWh";2035;"0.018";"Sensitivity | Removed policies except for bio/syn fuel mandates";"Diesel"
"OPEX";"Diesel Infrastructure";"FR";"Total Diesel Mark-Up";"Tractor-Trailer";"PROG";"EUR/kWh";2035;"0.018";"Sensitivity | Removed policies except for bio/syn fuel mandates";"Diesel"
"OPEX";"Diesel Infrastructure";"IT";"Total Diesel Mark-Up";"Rigid";"BAU";"EUR/kWh";2035;"0.018";"Sensitivity | Removed policies except for bio/syn fuel mandates";"Diesel"
"OPEX";"Diesel Infrastructure";"IT";"Total Diesel Mark-Up";"Tractor-Trailer";"BAU";"EUR/kWh";2035;"0.018";"Sensitivity | Removed policies except for bio/syn fuel mandates";"Diesel"
"OPEX";"Diesel Infrastructure";"IT";"Total Diesel Mark-Up";"Rigid";"PROG";"EUR/kWh";2035;"0.018";"Sensitivity | Removed policies except for bio/syn fuel mandates";"Diesel"
"OPEX";"Diesel Infrastructure";"IT";"Total Diesel Mark-Up";"Tractor-Trailer";"PROG";"EUR/kWh";2035;"0.018";"Sensitivity | Removed policies except for bio/syn fuel mandates";"Diesel"
"OPEX";"Diesel Infrastructure";"NL";"Total Diesel Mark-Up";"Rigid";"BAU";"EUR/kWh";2035;"0.018";"Sensitivity | Removed policies except for bio/syn fuel mandates";"Diesel"
"OPEX";"Diesel Infrastructure";"NL";"Total Diesel Mark-Up";"Tractor-Trailer";"BAU";"EUR/kWh";2035;"0.018";"Sensitivity | Removed policies except for bio/syn fuel mandates";"Diesel"
"OPEX";"Diesel Infrastructure";"NL";"Total Diesel Mark-Up";"Rigid";"PROG";"EUR/kWh";2035;"0.018";"Sensitivity | Removed policies except for bio/syn fuel mandates";"Diesel"
"OPEX";"Diesel Infrastructure";"NL";"Total Diesel Mark-Up";"Tractor-Trailer";"PROG";"EUR/kWh";2035;"0.018";"Sensitivity | Removed policies except for bio/syn fuel mandates";"Diesel"
"OPEX";"Diesel Infrastructure";"PL";"Total Diesel Mark-Up";"Rigid";"BAU";"EUR/kWh";2035;"0.018";"Sensitivity | Removed policies except for bio/syn fuel mandates";"Diesel"
"OPEX";"Diesel Infrastructure";"PL";"Total Diesel Mark-Up";"Tractor-Trailer";"BAU";"EUR/kWh";2035;"0.018";"Sensitivity | Removed policies except for bio/syn fuel mandates";"Diesel"
"OPEX";"Diesel Infrastructure";"PL";"Total Diesel Mark-Up";"Rigid";"PROG";"EUR/kWh";2035;"0.018";"Sensitivity | Removed policies except for bio/syn fuel mandates";"Diesel"
"OPEX";"Diesel Infrastructure";"PL";"Total Diesel Mark-Up";"Tractor-Trailer";"PROG";"EUR/kWh";2035;"0.018";"Sensitivity | Removed policies except for bio/syn fuel mandates";"Diesel"
"OPEX";"Diesel Infrastructure";"UK";"Total Diesel Mark-Up";"Rigid";"BAU";"EUR/kWh";2035;"0.018";"Sensitivity | Removed policies except for bio/syn fuel mandates";"Diesel"
"OPEX";"Diesel Infrastructure";"UK";"Total Diesel Mark-Up";"Tractor-Trailer";"BAU";"EUR/kWh";2035;"0.018";"Sensitivity | Removed policies except for bio/syn fuel mandates";"Diesel"
"OPEX";"Diesel Infrastructure";"UK";"Total Diesel Mark-Up";"Rigid";"PROG";"EUR/kWh";2035;"0.018";"Sensitivity | Removed policies except for bio/syn fuel mandates";"Diesel"
"OPEX";"Diesel Infrastructure";"UK";"Total Diesel Mark-Up";"Tractor-Trailer";"PROG";"EUR/kWh";2035;"0.018";"Sensitivity | Removed policies except for bio/syn fuel mandates";"Diesel"
"OPEX";"Diesel Infrastructure";"DE";"CO2 emission factor Biodiesel";"Rigid";"BAU";"%";2035;"0.161";"Sensitivity | Removed policies except for bio/syn fuel mandates";"Diesel"
"OPEX";"Diesel Infrastructure";"DE";"CO2 emission factor Biodiesel";"Tractor-Trailer";"BAU";"%";2035;"0.161";"Sensitivity | Removed policies except for bio/syn fuel mandates";"Diesel"
"OPEX";"Diesel Infrastructure";"DE";"CO2 emission factor Biodiesel";"Rigid";"PROG";"%";2035;"0.161";"Sensitivity | Removed policies except for bio/syn fuel mandates";"Diesel"
"OPEX";"Diesel Infrastructure";"DE";"CO2 emission factor Biodiesel";"Tractor-Trailer";"PROG";"%";2035;"0.161";"Sensitivity | Removed policies except for bio/syn fuel mandates";"Diesel"
"OPEX";"Diesel Infrastructure";"ES";"CO2 emission factor Biodiesel";"Rigid";"BAU";"%";2035;"0.161";"Sensitivity | Removed policies except for bio/syn fuel mandates";"Diesel"
"OPEX";"Diesel Infrastructure";"ES";"CO2 emission factor Biodiesel";"Tractor-Trailer";"BAU";"%";2035;"0.161";"Sensitivity | Removed policies except for bio/syn fuel mandates";"Diesel"
"OPEX";"Diesel Infrastructure";"ES";"CO2 emission factor Biodiesel";"Rigid";"PROG";"%";2035;"0.161";"Sensitivity | Removed policies except for bio/syn fuel mandates";"Diesel"
"OPEX";"Diesel Infrastructure";"ES";"CO2 emission factor Biodiesel";"Tractor-Trailer";"PROG";"%";2035;"0.161";"Sensitivity | Removed policies except for bio/syn fuel mandates";"Diesel"
"OPEX";"Diesel Infrastructure";"FR";"CO2 emission factor Biodiesel";"Rigid";"BAU";"%";2035;"0.161";"Sensitivity | Removed policies except for bio/syn fuel mandates";"Diesel"
"OPEX";"Diesel Infrastructure";"FR";"CO2 emission factor Biodiesel";"Tractor-Trailer";"BAU";"%";2035;"0.161";"Sensitivity | Removed policies except for bio/syn fuel mandates";"Diesel"
"OPEX";"Diesel Infrastructure";"FR";"CO2 emission factor Biodiesel";"Rigid";"PROG";"%";2035;"0.161";"Sensitivity | Removed policies except for bio/syn fuel mandates";"Diesel"
"OPEX";"Diesel Infrastructure";"FR";"CO2 emission factor Biodiesel";"Tractor-Trailer";"PROG";"%";2035;"0.161";"Sensitivity | Removed policies except for bio/syn fuel mandates";"Diesel"
"OPEX";"Diesel Infrastructure";"IT";"CO2 emission factor Biodiesel";"Rigid";"BAU";"%";2035;"0.161";"Sensitivity | Removed policies except for bio/syn fuel mandates";"Diesel"
"OPEX";"Diesel Infrastructure";"IT";"CO2 emission factor Biodiesel";"Tractor-Trailer";"BAU";"%";2035;"0.161";"Sensitivity | Removed policies except for bio/syn fuel mandates";"Diesel"
"OPEX";"Diesel Infrastructure";"IT";"CO2 emission factor Biodiesel";"Rigid";"PROG";"%";2035;"0.161";"Sensitivity | Removed policies except for bio/syn fuel mandates";"Diesel"
"OPEX";"Diesel Infrastructure";"IT";"CO2 emission factor Biodiesel";"Tractor-Trailer";"PROG";"%";2035;"0.161";"Sensitivity | Removed policies except for bio/syn fuel mandates";"Diesel"
"OPEX";"Diesel Infrastructure";"NL";"CO2 emission factor Biodiesel";"Rigid";"BAU";"%";2035;"0.161";"Sensitivity | Removed policies except for bio/syn fuel mandates";"Diesel"
"OPEX";"Diesel Infrastructure";"NL";"CO2 emission factor Biodiesel";"Tractor-Trailer";"BAU";"%";2035;"0.161";"Sensitivity | Removed policies except for bio/syn fuel mandates";"Diesel"
"OPEX";"Diesel Infrastructure";"NL";"CO2 emission factor Biodiesel";"Rigid";"PROG";"%";2035;"0.161";"Sensitivity | Removed policies except for bio/syn fuel mandates";"Diesel"
"OPEX";"Diesel Infrastructure";"NL";"CO2 emission factor Biodiesel";"Tractor-Trailer";"PROG";"%";2035;"0.161";"Sensitivity | Removed policies except for bio/syn fuel mandates";"Diesel"
"OPEX";"Diesel Infrastructure";"PL";"CO2 emission factor Biodiesel";"Rigid";"BAU";"%";2035;"0.161";"Sensitivity | Removed policies except for bio/syn fuel mandates";"Diesel"
"OPEX";"Diesel Infrastructure";"PL";"CO2 emission factor Biodiesel";"Tractor-Trailer";"BAU";"%";2035;"0.161";"Sensitivity | Removed policies except for bio/syn fuel mandates";"Diesel"
"OPEX";"Diesel Infrastructure";"PL";"CO2 emission factor Biodiesel";"Rigid";"PROG";"%";2035;"0.161";"Sensitivity | Removed policies except for bio/syn fuel mandates";"Diesel"
"OPEX";"Diesel Infrastructure";"PL";"CO2 emission factor Biodiesel";"Tractor-Trailer";"PROG";"%";2035;"0.161";"Sensitivity | Removed policies except for bio/syn fuel mandates";"Diesel"
"OPEX";"Diesel Infrastructure";"UK";"CO2 emission factor Biodiesel";"Rigid";"BAU";"%";2035;"0.161";"Sensitivity | Removed policies except for bio/syn fuel mandates";"Diesel"
"OPEX";"Diesel Infrastructure";"UK";"CO2 emission factor Biodiesel";"Tractor-Trailer";"BAU";"%";2035;"0.161";"Sensitivity | Removed policies except for bio/syn fuel mandates";"Diesel"
"OPEX";"Diesel Infrastructure";"UK";"CO2 emission factor Biodiesel";"Rigid";"PROG";"%";2035;"0.161";"Sensitivity | Removed policies except for bio/syn fuel mandates";"Diesel"
"OPEX";"Diesel Infrastructure";"UK";"CO2 emission factor Biodiesel";"Tractor-Trailer";"PROG";"%";2035;"0.161";"Sensitivity | Removed policies except for bio/syn fuel mandates";"Diesel"
"OPEX";"Diesel Infrastructure";"DE";"CO2 emission factor Pt-Diesel";"Rigid";"BAU";"%";2035;"0";"Sensitivity | Removed policies except for bio/syn fuel mandates";"Diesel"
"OPEX";"Diesel Infrastructure";"DE";"CO2 emission factor Pt-Diesel";"Tractor-Trailer";"BAU";"%";2035;"0";"Sensitivity | Removed policies except for bio/syn fuel mandates";"Diesel"
"OPEX";"Diesel Infrastructure";"DE";"CO2 emission factor Pt-Diesel";"Rigid";"PROG";"%";2035;"0";"Sensitivity | Removed policies except for bio/syn fuel mandates";"Diesel"
"OPEX";"Diesel Infrastructure";"DE";"CO2 emission factor Pt-Diesel";"Tractor-Trailer";"PROG";"%";2035;"0";"Sensitivity | Removed policies except for bio/syn fuel mandates";"Diesel"
"OPEX";"Diesel Infrastructure";"ES";"CO2 emission factor Pt-Diesel";"Rigid";"BAU";"%";2035;"0";"Sensitivity | Removed policies except for bio/syn fuel mandates";"Diesel"
"OPEX";"Diesel Infrastructure";"ES";"CO2 emission factor Pt-Diesel";"Tractor-Trailer";"BAU";"%";2035;"0";"Sensitivity | Removed policies except for bio/syn fuel mandates";"Diesel"
"OPEX";"Diesel Infrastructure";"ES";"CO2 emission factor Pt-Diesel";"Rigid";"PROG";"%";2035;"0";"Sensitivity | Removed policies except for bio/syn fuel mandates";"Diesel"
"OPEX";"Diesel Infrastructure";"ES";"CO2 emission factor Pt-Diesel";"Tractor-Trailer";"PROG";"%";2035;"0";"Sensitivity | Removed policies except for bio/syn fuel mandates";"Diesel"
"OPEX";"Diesel Infrastructure";"FR";"CO2 emission factor Pt-Diesel";"Rigid";"BAU";"%";2035;"0";"Sensitivity | Removed policies except for bio/syn fuel mandates";"Diesel"
"OPEX";"Diesel Infrastructure";"FR";"CO2 emission factor Pt-Diesel";"Tractor-Trailer";"BAU";"%";2035;"0";"Sensitivity | Removed policies except for bio/syn fuel mandates";"Diesel"
"OPEX";"Diesel Infrastructure";"FR";"CO2 emission factor Pt-Diesel";"Rigid";"PROG";"%";2035;"0";"Sensitivity | Removed policies except for bio/syn fuel mandates";"Diesel"
"OPEX";"Diesel Infrastructure";"FR";"CO2 emission factor Pt-Diesel";"Tractor-Trailer";"PROG";"%";2035;"0";"Sensitivity | Removed policies except for bio/syn fuel mandates";"Diesel"
"OPEX";"Diesel Infrastructure";"IT";"CO2 emission factor Pt-Diesel";"Rigid";"BAU";"%";2035;"0";"Sensitivity | Removed policies except for bio/syn fuel mandates";"Diesel"
"OPEX";"Diesel Infrastructure";"IT";"CO2 emission factor Pt-Diesel";"Tractor-Trailer";"BAU";"%";2035;"0";"Sensitivity | Removed policies except for bio/syn fuel mandates";"Diesel"
"OPEX";"Diesel Infrastructure";"IT";"CO2 emission factor Pt-Diesel";"Rigid";"PROG";"%";2035;"0";"Sensitivity | Removed policies except for bio/syn fuel mandates";"Diesel"
"OPEX";"Diesel Infrastructure";"IT";"CO2 emission factor Pt-Diesel";"Tractor-Trailer";"PROG";"%";2035;"0";"Sensitivity | Removed policies except for bio/syn fuel mandates";"Diesel"
"OPEX";"Diesel Infrastructure";"NL";"CO2 emission factor Pt-Diesel";"Rigid";"BAU";"%";2035;"0";"Sensitivity | Removed policies except for bio/syn fuel mandates";"Diesel"
"OPEX";"Diesel Infrastructure";"NL";"CO2 emission factor Pt-Diesel";"Tractor-Trailer";"BAU";"%";2035;"0";"Sensitivity | Removed policies except for bio/syn fuel mandates";"Diesel"
"OPEX";"Diesel Infrastructure";"NL";"CO2 emission factor Pt-Diesel";"Rigid";"PROG";"%";2035;"0";"Sensitivity | Removed policies except for bio/syn fuel mandates";"Diesel"
"OPEX";"Diesel Infrastructure";"NL";"CO2 emission factor Pt-Diesel";"Tractor-Trailer";"PROG";"%";2035;"0";"Sensitivity | Removed policies except for bio/syn fuel mandates";"Diesel"
"OPEX";"Diesel Infrastructure";"PL";"CO2 emission factor Pt-Diesel";"Rigid";"BAU";"%";2035;"0";"Sensitivity | Removed policies except for bio/syn fuel mandates";"Diesel"
"OPEX";"Diesel Infrastructure";"PL";"CO2 emission factor Pt-Diesel";"Tractor-Trailer";"BAU";"%";2035;"0";"Sensitivity | Removed policies except for bio/syn fuel mandates";"Diesel"
"OPEX";"Diesel Infrastructure";"PL";"CO2 emission factor Pt-Diesel";"Rigid";"PROG";"%";2035;"0";"Sensitivity | Removed policies except for bio/syn fuel mandates";"Diesel"
"OPEX";"Diesel Infrastructure";"PL";"CO2 emission factor Pt-Diesel";"Tractor-Trailer";"PROG";"%";2035;"0";"Sensitivity | Removed policies except for bio/syn fuel mandates";"Diesel"
"OPEX";"Diesel Infrastructure";"UK";"CO2 emission factor Pt-Diesel";"Rigid";"BAU";"%";2035;"0";"Sensitivity | Removed policies except for bio/syn fuel mandates";"Diesel"
"OPEX";"Diesel Infrastructure";"UK";"CO2 emission factor Pt-Diesel";"Tractor-Trailer";"BAU";"%";2035;"0";"Sensitivity | Removed policies except for bio/syn fuel mandates";"Diesel"
"OPEX";"Diesel Infrastructure";"UK";"CO2 emission factor Pt-Diesel";"Rigid";"PROG";"%";2035;"0";"Sensitivity | Removed policies except for bio/syn fuel mandates";"Diesel"
"OPEX";"Diesel Infrastructure";"UK";"CO2 emission factor Pt-Diesel";"Tractor-Trailer";"PROG";"%";2035;"0";"Sensitivity | Removed policies except for bio/syn fuel mandates";"Diesel"
"OPEX";"Taxes";"DE";"Network Costs - MCS";"Rigid";"BAU";"EUR/kWh";2035;"0.034";"Sensitivity | Removed policies except for bio/syn fuel mandates";"Electricity"
"OPEX";"Taxes";"DE";"Network Costs - MCS";"Tractor-Trailer";"BAU";"EUR/kWh";2035;"0.034";"Sensitivity | Removed policies except for bio/syn fuel mandates";"Electricity"
"OPEX";"Taxes";"ES";"Network Costs - MCS";"Rigid";"BAU";"EUR/kWh";2035;"0.018";"Sensitivity | Removed policies except for bio/syn fuel mandates";"Electricity"
"OPEX";"Taxes";"ES";"Network Costs - MCS";"Tractor-Trailer";"BAU";"EUR/kWh";2035;"0.018";"Sensitivity | Removed policies except for bio/syn fuel mandates";"Electricity"
"OPEX";"Taxes";"FR";"Network Costs - MCS";"Rigid";"BAU";"EUR/kWh";2035;"0.018";"Sensitivity | Removed policies except for bio/syn fuel mandates";"Electricity"
"OPEX";"Taxes";"FR";"Network Costs - MCS";"Tractor-Trailer";"BAU";"EUR/kWh";2035;"0.018";"Sensitivity | Removed policies except for bio/syn fuel mandates";"Electricity"
"OPEX";"Taxes";"IT";"Network Costs - MCS";"Rigid";"BAU";"EUR/kWh";2035;"0.016";"Sensitivity | Removed policies except for bio/syn fuel mandates";"Electricity"
"OPEX";"Taxes";"IT";"Network Costs - MCS";"Tractor-Trailer";"BAU";"EUR/kWh";2035;"0.016";"Sensitivity | Removed policies except for bio/syn fuel mandates";"Electricity"
"OPEX";"Taxes";"NL";"Network Costs - MCS";"Rigid";"BAU";"EUR/kWh";2035;"0.016";"Sensitivity | Removed policies except for bio/syn fuel mandates";"Electricity"
"OPEX";"Taxes";"NL";"Network Costs - MCS";"Tractor-Trailer";"BAU";"EUR/kWh";2035;"0.016";"Sensitivity | Removed policies except for bio/syn fuel mandates";"Electricity"
"OPEX";"Taxes";"PL";"Network Costs - MCS";"Rigid";"BAU";"EUR/kWh";2035;"0.019";"Sensitivity | Removed policies except for bio/syn fuel mandates";"Electricity"
"OPEX";"Taxes";"PL";"Network Costs - MCS";"Tractor-Trailer";"BAU";"EUR/kWh";2035;"0.019";"Sensitivity | Removed policies except for bio/syn fuel mandates";"Electricity"
"OPEX";"Taxes";"UK";"Network Costs - MCS";"Rigid";"BAU";"EUR/kWh";2035;"0.027";"Sensitivity | Removed policies except for bio/syn fuel mandates";"Electricity"
"OPEX";"Taxes";"UK";"Network Costs - MCS";"Tractor-Trailer";"BAU";"EUR/kWh";2035;"0.027";"Sensitivity | Removed policies except for bio/syn fuel mandates";"Electricity"
"OPEX";"Taxes";"DE";"Taxes, Fees, Levies and charges - MCS";"Rigid";"BAU";"EUR/kWh";2035;"0.056";"Sensitivity | Removed policies except for bio/syn fuel mandates";"Electricity"
"OPEX";"Taxes";"DE";"Taxes, Fees, Levies and charges - MCS";"Tractor-Trailer";"BAU";"EUR/kWh";2035;"0.056";"Sensitivity | Removed policies except for bio/syn fuel mandates";"Electricity"
"OPEX";"Taxes";"ES";"Taxes, Fees, Levies and charges - MCS";"Rigid";"BAU";"EUR/kWh";2035;"0.036";"Sensitivity | Removed policies except for bio/syn fuel mandates";"Electricity"
"OPEX";"Taxes";"ES";"Taxes, Fees, Levies and charges - MCS";"Tractor-Trailer";"BAU";"EUR/kWh";2035;"0.036";"Sensitivity | Removed policies except for bio/syn fuel mandates";"Electricity"
"OPEX";"Taxes";"FR";"Taxes, Fees, Levies and charges - MCS";"Rigid";"BAU";"EUR/kWh";2035;"0.03";"Sensitivity | Removed policies except for bio/syn fuel mandates";"Electricity"
"OPEX";"Taxes";"FR";"Taxes, Fees, Levies and charges - MCS";"Tractor-Trailer";"BAU";"EUR/kWh";2035;"0.03";"Sensitivity | Removed policies except for bio/syn fuel mandates";"Electricity"
"OPEX";"Taxes";"IT";"Taxes, Fees, Levies and charges - MCS";"Rigid";"BAU";"EUR/kWh";2035;"0.063";"Sensitivity | Removed policies except for bio/syn fuel mandates";"Electricity"
"OPEX";"Taxes";"IT";"Taxes, Fees, Levies and charges - MCS";"Tractor-Trailer";"BAU";"EUR/kWh";2035;"0.063";"Sensitivity | Removed policies except for bio/syn fuel mandates";"Electricity"
"OPEX";"Taxes";"NL";"Taxes, Fees, Levies and charges - MCS";"Rigid";"BAU";"EUR/kWh";2035;"0.055";"Sensitivity | Removed policies except for bio/syn fuel mandates";"Electricity"
"OPEX";"Taxes";"NL";"Taxes, Fees, Levies and charges - MCS";"Tractor-Trailer";"BAU";"EUR/kWh";2035;"0.055";"Sensitivity | Removed policies except for bio/syn fuel mandates";"Electricity"
"OPEX";"Taxes";"PL";"Taxes, Fees, Levies and charges - MCS";"Rigid";"BAU";"EUR/kWh";2035;"0.049";"Sensitivity | Removed policies except for bio/syn fuel mandates";"Electricity"
"OPEX";"Taxes";"PL";"Taxes, Fees, Levies and charges - MCS";"Tractor-Trailer";"BAU";"EUR/kWh";2035;"0.049";"Sensitivity | Removed policies except for bio/syn fuel mandates";"Electricity"
"OPEX";"Taxes";"UK";"Taxes, Fees, Levies and charges - MCS";"Rigid";"BAU";"EUR/kWh";2035;"0.077";"Sensitivity | Removed policies except for bio/syn fuel mandates";"Electricity"
"OPEX";"Taxes";"UK";"Taxes, Fees, Levies and charges - MCS";"Tractor-Trailer";"BAU";"EUR/kWh";2035;"0.077";"Sensitivity | Removed policies except for bio/syn fuel mandates";"Electricity"
"OPEX";"Taxes";"DE";"Network Costs - Depot";"Rigid";"BAU";"EUR/kWh";2035;"0.044";"Sensitivity | Removed policies except for bio/syn fuel mandates";"Electricity"
"OPEX";"Taxes";"DE";"Network Costs - Depot";"Tractor-Trailer";"BAU";"EUR/kWh";2035;"0.044";"Sensitivity | Removed policies except for bio/syn fuel mandates";"Electricity"
"OPEX";"Taxes";"ES";"Network Costs - Depot";"Rigid";"BAU";"EUR/kWh";2035;"0.031";"Sensitivity | Removed policies except for bio/syn fuel mandates";"Electricity"
"OPEX";"Taxes";"ES";"Network Costs - Depot";"Tractor-Trailer";"BAU";"EUR/kWh";2035;"0.031";"Sensitivity | Removed policies except for bio/syn fuel mandates";"Electricity"
"OPEX";"Taxes";"FR";"Network Costs - Depot";"Rigid";"BAU";"EUR/kWh";2035;"0.024";"Sensitivity | Removed policies except for bio/syn fuel mandates";"Electricity"
"OPEX";"Taxes";"FR";"Network Costs - Depot";"Tractor-Trailer";"BAU";"EUR/kWh";2035;"0.024";"Sensitivity | Removed policies except for bio/syn fuel mandates";"Electricity"
"OPEX";"Taxes";"IT";"Network Costs - Depot";"Rigid";"BAU";"EUR/kWh";2035;"0.018";"Sensitivity | Removed policies except for bio/syn fuel mandates";"Electricity"
"OPEX";"Taxes";"IT";"Network Costs - Depot";"Tractor-Trailer";"BAU";"EUR/kWh";2035;"0.018";"Sensitivity | Removed policies except for bio/syn fuel mandates";"Electricity"
"OPEX";"Taxes";"NL";"Network Costs - Depot";"Rigid";"BAU";"EUR/kWh";2035;"0.019";"Sensitivity | Removed policies except for bio/syn fuel mandates";"Electricity"
"OPEX";"Taxes";"NL";"Network Costs - Depot";"Tractor-Trailer";"BAU";"EUR/kWh";2035;"0.019";"Sensitivity | Removed policies except for bio/syn fuel mandates";"Electricity"
"OPEX";"Taxes";"PL";"Network Costs - Depot";"Rigid";"BAU";"EUR/kWh";2035;"0.026";"Sensitivity | Removed policies except for bio/syn fuel mandates";"Electricity"
"OPEX";"Taxes";"PL";"Network Costs - Depot";"Tractor-Trailer";"BAU";"EUR/kWh";2035;"0.026";"Sensitivity | Removed policies except for bio/syn fuel mandates";"Electricity"
"OPEX";"Taxes";"UK";"Network Costs - Depot";"Rigid";"BAU";"EUR/kWh";2035;"0.029";"Sensitivity | Removed policies except for bio/syn fuel mandates";"Electricity"
"OPEX";"Taxes";"UK";"Network Costs - Depot";"Tractor-Trailer";"BAU";"EUR/kWh";2035;"0.029";"Sensitivity | Removed policies except for bio/syn fuel mandates";"Electricity"
"OPEX";"Taxes";"DE";"Taxes, Fees, Levies and charges - Depot";"Rigid";"BAU";"EUR/kWh";2035;"0.062";"Sensitivity | Removed policies except for bio/syn fuel mandates";"Electricity"
"OPEX";"Taxes";"DE";"Taxes, Fees, Levies and charges - Depot";"Tractor-Trailer";"BAU";"EUR/kWh";2035;"0.062";"Sensitivity | Removed policies except for bio/syn fuel mandates";"Electricity"
"OPEX";"Taxes";"ES";"Taxes, Fees, Levies and charges - Depot";"Rigid";"BAU";"EUR/kWh";2035;"0.054";"Sensitivity | Removed policies except for bio/syn fuel mandates";"Electricity"
"OPEX";"Taxes";"ES";"Taxes, Fees, Levies and charges - Depot";"Tractor-Trailer";"BAU";"EUR/kWh";2035;"0.054";"Sensitivity | Removed policies except for bio/syn fuel mandates";"Electricity"
"OPEX";"Taxes";"FR";"Taxes, Fees, Levies and charges - Depot";"Rigid";"BAU";"EUR/kWh";2035;"0.04";"Sensitivity | Removed policies except for bio/syn fuel mandates";"Electricity"
"OPEX";"Taxes";"FR";"Taxes, Fees, Levies and charges - Depot";"Tractor-Trailer";"BAU";"EUR/kWh";2035;"0.04";"Sensitivity | Removed policies except for bio/syn fuel mandates";"Electricity"
"OPEX";"Taxes";"IT";"Taxes, Fees, Levies and charges - Depot";"Rigid";"BAU";"EUR/kWh";2035;"0.088";"Sensitivity | Removed policies except for bio/syn fuel mandates";"Electricity"
"OPEX";"Taxes";"IT";"Taxes, Fees, Levies and charges - Depot";"Tractor-Trailer";"BAU";"EUR/kWh";2035;"0.088";"Sensitivity | Removed policies except for bio/syn fuel mandates";"Electricity"
"OPEX";"Taxes";"NL";"Taxes, Fees, Levies and charges - Depot";"Rigid";"BAU";"EUR/kWh";2035;"0.058";"Sensitivity | Removed policies except for bio/syn fuel mandates";"Electricity"
"OPEX";"Taxes";"NL";"Taxes, Fees, Levies and charges - Depot";"Tractor-Trailer";"BAU";"EUR/kWh";2035;"0.058";"Sensitivity | Removed policies except for bio/syn fuel mandates";"Electricity"
"OPEX";"Taxes";"PL";"Taxes, Fees, Levies and charges - Depot";"Rigid";"BAU";"EUR/kWh";2035;"0.053";"Sensitivity | Removed policies except for bio/syn fuel mandates";"Electricity"
"OPEX";"Taxes";"PL";"Taxes, Fees, Levies and charges - Depot";"Tractor-Trailer";"BAU";"EUR/kWh";2035;"0.053";"Sensitivity | Removed policies except for bio/syn fuel mandates";"Electricity"
"OPEX";"Taxes";"UK";"Taxes, Fees, Levies and charges - Depot";"Rigid";"BAU";"EUR/kWh";2035;"0.084";"Sensitivity | Removed policies except for bio/syn fuel mandates";"Electricity"
"OPEX";"Taxes";"UK";"Taxes, Fees, Levies and charges - Depot";"Tractor-Trailer";"BAU";"EUR/kWh";2035;"0.084";"Sensitivity | Removed policies except for bio/syn fuel mandates";"Electricity"
"OPEX";"H2 Infrastructure";"DE";"HRS costs";"Rigid";"BAU";"EUR/kg H2";2035;"1.45";"Sensitivity | Removed policies except for bio/syn fuel mandates";"Hydrogen"
"OPEX";"H2 Infrastructure";"DE";"HRS costs";"Tractor-Trailer";"BAU";"EUR/kg H2";2035;"1.45";"Sensitivity | Removed policies except for bio/syn fuel mandates";"Hydrogen"
"OPEX";"H2 Infrastructure";"ES";"HRS costs";"Rigid";"BAU";"EUR/kg H2";2035;"1.45";"Sensitivity | Removed policies except for bio/syn fuel mandates";"Hydrogen"
"OPEX";"H2 Infrastructure";"ES";"HRS costs";"Tractor-Trailer";"BAU";"EUR/kg H2";2035;"1.45";"Sensitivity | Removed policies except for bio/syn fuel mandates";"Hydrogen"
"OPEX";"H2 Infrastructure";"FR";"HRS costs";"Rigid";"BAU";"EUR/kg H2";2035;"1.45";"Sensitivity | Removed policies except for bio/syn fuel mandates";"Hydrogen"
"OPEX";"H2 Infrastructure";"FR";"HRS costs";"Tractor-Trailer";"BAU";"EUR/kg H2";2035;"1.45";"Sensitivity | Removed policies except for bio/syn fuel mandates";"Hydrogen"
"OPEX";"H2 Infrastructure";"IT";"HRS costs";"Rigid";"BAU";"EUR/kg H2";2035;"1.45";"Sensitivity | Removed policies except for bio/syn fuel mandates";"Hydrogen"
"OPEX";"H2 Infrastructure";"IT";"HRS costs";"Tractor-Trailer";"BAU";"EUR/kg H2";2035;"1.45";"Sensitivity | Removed policies except for bio/syn fuel mandates";"Hydrogen"
"OPEX";"H2 Infrastructure";"NL";"HRS costs";"Rigid";"BAU";"EUR/kg H2";2035;"1.45";"Sensitivity | Removed policies except for bio/syn fuel mandates";"Hydrogen"
"OPEX";"H2 Infrastructure";"NL";"HRS costs";"Tractor-Trailer";"BAU";"EUR/kg H2";2035;"1.45";"Sensitivity | Removed policies except for bio/syn fuel mandates";"Hydrogen"
"OPEX";"H2 Infrastructure";"PL";"HRS costs";"Rigid";"BAU";"EUR/kg H2";2035;"1.45";"Sensitivity | Removed policies except for bio/syn fuel mandates";"Hydrogen"
"OPEX";"H2 Infrastructure";"PL";"HRS costs";"Tractor-Trailer";"BAU";"EUR/kg H2";2035;"1.45";"Sensitivity | Removed policies except for bio/syn fuel mandates";"Hydrogen"
"OPEX";"H2 Infrastructure";"UK";"HRS costs";"Rigid";"BAU";"EUR/kg H2";2035;"1.45";"Sensitivity | Removed policies except for bio/syn fuel mandates";"Hydrogen"
"OPEX";"H2 Infrastructure";"UK";"HRS costs";"Tractor-Trailer";"BAU";"EUR/kg H2";2035;"1.45";"Sensitivity | Removed policies except for bio/syn fuel mandates";"Hydrogen"
"OPEX";"H2 Infrastructure";"DE";"H2 transport and distribution";"Rigid";"BAU";"EUR/kg H2";2035;"1.333";"Sensitivity | Removed policies except for bio/syn fuel mandates";"Hydrogen"
"OPEX";"H2 Infrastructure";"DE";"H2 transport and distribution";"Tractor-Trailer";"BAU";"EUR/kg H2";2035;"1.333";"Sensitivity | Removed policies except for bio/syn fuel mandates";"Hydrogen"
"OPEX";"H2 Infrastructure";"ES";"H2 transport and distribution";"Rigid";"BAU";"EUR/kg H2";2035;"1.333";"Sensitivity | Removed policies except for bio/syn fuel mandates";"Hydrogen"
"OPEX";"H2 Infrastructure";"ES";"H2 transport and distribution";"Tractor-Trailer";"BAU";"EUR/kg H2";2035;"1.333";"Sensitivity | Removed policies except for bio/syn fuel mandates";"Hydrogen"
"OPEX";"H2 Infrastructure";"FR";"H2 transport and distribution";"Rigid";"BAU";"EUR/kg H2";2035;"1.333";"Sensitivity | Removed policies except for bio/syn fuel mandates";"Hydrogen"
"OPEX";"H2 Infrastructure";"FR";"H2 transport and distribution";"Tractor-Trailer";"BAU";"EUR/kg H2";2035;"1.333";"Sensitivity | Removed policies except for bio/syn fuel mandates";"Hydrogen"
"OPEX";"H2 Infrastructure";"IT";"H2 transport and distribution";"Rigid";"BAU";"EUR/kg H2";2035;"1.333";"Sensitivity | Removed policies except for bio/syn fuel mandates";"Hydrogen"
"OPEX";"H2 Infrastructure";"IT";"H2 transport and distribution";"Tractor-Trailer";"BAU";"EUR/kg H2";2035;"1.333";"Sensitivity | Removed policies except for bio/syn fuel mandates";"Hydrogen"
"OPEX";"H2 Infrastructure";"NL";"H2 transport and distribution";"Rigid";"BAU";"EUR/kg H2";2035;"1.333";"Sensitivity | Removed policies except for bio/syn fuel mandates";"Hydrogen"
"OPEX";"H2 Infrastructure";"NL";"H2 transport and distribution";"Tractor-Trailer";"BAU";"EUR/kg H2";2035;"1.333";"Sensitivity | Removed policies except for bio/syn fuel mandates";"Hydrogen"
"OPEX";"H2 Infrastructure";"PL";"H2 transport and distribution";"Rigid";"BAU";"EUR/kg H2";2035;"1.333";"Sensitivity | Removed policies except for bio/syn fuel mandates";"Hydrogen"
"OPEX";"H2 Infrastructure";"PL";"H2 transport and distribution";"Tractor-Trailer";"BAU";"EUR/kg H2";2035;"1.333";"Sensitivity | Removed policies except for bio/syn fuel mandates";"Hydrogen"
"OPEX";"H2 Infrastructure";"UK";"H2 transport and distribution";"Rigid";"BAU";"EUR/kg H2";2035;"1.333";"Sensitivity | Removed policies except for bio/syn fuel mandates";"Hydrogen"
"OPEX";"H2 Infrastructure";"UK";"H2 transport and distribution";"Tractor-Trailer";"BAU";"EUR/kg H2";2035;"1.333";"Sensitivity | Removed policies except for bio/syn fuel mandates";"Hydrogen"
"OPEX";"H2 Infrastructure";"DE";"HRS Overhead, Profit and Mark-Up";"Rigid";"BAU";"EUR/kg H2";2035;"0.25";"Sensitivity | Removed policies except for bio/syn fuel mandates";"Hydrogen"
"OPEX";"H2 Infrastructure";"DE";"HRS Overhead, Profit and Mark-Up";"Tractor-Trailer";"BAU";"EUR/kg H2";2035;"0.25";"Sensitivity | Removed policies except for bio/syn fuel mandates";"Hydrogen"
"OPEX";"H2 Infrastructure";"ES";"HRS Overhead, Profit and Mark-Up";"Rigid";"BAU";"EUR/kg H2";2035;"0.25";"Sensitivity | Removed policies except for bio/syn fuel mandates";"Hydrogen"
"OPEX";"H2 Infrastructure";"ES";"HRS Overhead, Profit and Mark-Up";"Tractor-Trailer";"BAU";"EUR/kg H2";2035;"0.25";"Sensitivity | Removed policies except for bio/syn fuel mandates";"Hydrogen"
"OPEX";"H2 Infrastructure";"FR";"HRS Overhead, Profit and Mark-Up";"Rigid";"BAU";"EUR/kg H2";2035;"0.25";"Sensitivity | Removed policies except for bio/syn fuel mandates";"Hydrogen"
"OPEX";"H2 Infrastructure";"FR";"HRS Overhead, Profit and Mark-Up";"Tractor-Trailer";"BAU";"EUR/kg H2";2035;"0.25";"Sensitivity | Removed policies except for bio/syn fuel mandates";"Hydrogen"
"OPEX";"H2 Infrastructure";"IT";"HRS Overhead, Profit and Mark-Up";"Rigid";"BAU";"EUR/kg H2";2035;"0.25";"Sensitivity | Removed policies except for bio/syn fuel mandates";"Hydrogen"
"OPEX";"H2 Infrastructure";"IT";"HRS Overhead, Profit and Mark-Up";"Tractor-Trailer";"BAU";"EUR/kg H2";2035;"0.25";"Sensitivity | Removed policies except for bio/syn fuel mandates";"Hydrogen"
"OPEX";"H2 Infrastructure";"NL";"HRS Overhead, Profit and Mark-Up";"Rigid";"BAU";"EUR/kg H2";2035;"0.25";"Sensitivity | Removed policies except for bio/syn fuel mandates";"Hydrogen"
"OPEX";"H2 Infrastructure";"NL";"HRS Overhead, Profit and Mark-Up";"Tractor-Trailer";"BAU";"EUR/kg H2";2035;"0.25";"Sensitivity | Removed policies except for bio/syn fuel mandates";"Hydrogen"
"OPEX";"H2 Infrastructure";"PL";"HRS Overhead, Profit and Mark-Up";"Rigid";"BAU";"EUR/kg H2";2035;"0.25";"Sensitivity | Removed policies except for bio/syn fuel mandates";"Hydrogen"
"OPEX";"H2 Infrastructure";"PL";"HRS Overhead, Profit and Mark-Up";"Tractor-Trailer";"BAU";"EUR/kg H2";2035;"0.25";"Sensitivity | Removed policies except for bio/syn fuel mandates";"Hydrogen"
"OPEX";"H2 Infrastructure";"UK";"HRS Overhead, Profit and Mark-Up";"Rigid";"BAU";"EUR/kg H2";2035;"0.25";"Sensitivity | Removed policies except for bio/syn fuel mandates";"Hydrogen"
"OPEX";"H2 Infrastructure";"UK";"HRS Overhead, Profit and Mark-Up";"Tractor-Trailer";"BAU";"EUR/kg H2";2035;"0.25";"Sensitivity | Removed policies except for bio/syn fuel mandates";"Hydrogen"
"OPEX";"Charging Infrastructure";"DE";"MCS Station (Public Charging) - Incl. Overhead";"Rigid";"BAU";"EUR/kWh";2035;"0.082";"Sensitivity | Removed policies except for bio/syn fuel mandates";"Electricity"
"OPEX";"Charging Infrastructure";"DE";"MCS Station (Public Charging) - Incl. Overhead";"Tractor-Trailer";"BAU";"EUR/kWh";2035;"0.082";"Sensitivity | Removed policies except for bio/syn fuel mandates";"Electricity"
"OPEX";"Charging Infrastructure";"ES";"MCS Station (Public Charging) - Incl. Overhead";"Rigid";"BAU";"EUR/kWh";2035;"0.082";"Sensitivity | Removed policies except for bio/syn fuel mandates";"Electricity"
"OPEX";"Charging Infrastructure";"ES";"MCS Station (Public Charging) - Incl. Overhead";"Tractor-Trailer";"BAU";"EUR/kWh";2035;"0.082";"Sensitivity | Removed policies except for bio/syn fuel mandates";"Electricity"
"OPEX";"Charging Infrastructure";"FR";"MCS Station (Public Charging) - Incl. Overhead";"Rigid";"BAU";"EUR/kWh";2035;"0.082";"Sensitivity | Removed policies except for bio/syn fuel mandates";"Electricity"
"OPEX";"Charging Infrastructure";"FR";"MCS Station (Public Charging) - Incl. Overhead";"Tractor-Trailer";"BAU";"EUR/kWh";2035;"0.082";"Sensitivity | Removed policies except for bio/syn fuel mandates";"Electricity"
"OPEX";"Charging Infrastructure";"IT";"MCS Station (Public Charging) - Incl. Overhead";"Rigid";"BAU";"EUR/kWh";2035;"0.082";"Sensitivity | Removed policies except for bio/syn fuel mandates";"Electricity"
"OPEX";"Charging Infrastructure";"IT";"MCS Station (Public Charging) - Incl. Overhead";"Tractor-Trailer";"BAU";"EUR/kWh";2035;"0.082";"Sensitivity | Removed policies except for bio/syn fuel mandates";"Electricity"
"OPEX";"Charging Infrastructure";"NL";"MCS Station (Public Charging) - Incl. Overhead";"Rigid";"BAU";"EUR/kWh";2035;"0.082";"Sensitivity | Removed policies except for bio/syn fuel mandates";"Electricity"
"OPEX";"Charging Infrastructure";"NL";"MCS Station (Public Charging) - Incl. Overhead";"Tractor-Trailer";"BAU";"EUR/kWh";2035;"0.082";"Sensitivity | Removed policies except for bio/syn fuel mandates";"Electricity"
"OPEX";"Charging Infrastructure";"PL";"MCS Station (Public Charging) - Incl. Overhead";"Rigid";"BAU";"EUR/kWh";2035;"0.082";"Sensitivity | Removed policies except for bio/syn fuel mandates";"Electricity"
"OPEX";"Charging Infrastructure";"PL";"MCS Station (Public Charging) - Incl. Overhead";"Tractor-Trailer";"BAU";"EUR/kWh";2035;"0.082";"Sensitivity | Removed policies except for bio/syn fuel mandates";"Electricity"
"OPEX";"Charging Infrastructure";"UK";"MCS Station (Public Charging) - Incl. Overhead";"Rigid";"BAU";"EUR/kWh";2035;"0.082";"Sensitivity | Removed policies except for bio/syn fuel mandates";"Electricity"
"OPEX";"Charging Infrastructure";"UK";"MCS Station (Public Charging) - Incl. Overhead";"Tractor-Trailer";"BAU";"EUR/kWh";2035;"0.082";"Sensitivity | Removed policies except for bio/syn fuel mandates";"Electricity"
"OPEX";"Charging Infrastructure";"DE";"Share MCS-Charging";"Rigid";"BAU";"%";2035;"0.2";"Sensitivity | Removed policies except for bio/syn fuel mandates";"Electricity"
"OPEX";"Charging Infrastructure";"DE";"Share MCS-Charging";"Tractor-Trailer";"BAU";"%";2035;"0.2";"Sensitivity | Removed policies except for bio/syn fuel mandates";"Electricity"
"OPEX";"Charging Infrastructure";"ES";"Share MCS-Charging";"Rigid";"BAU";"%";2035;"0.2";"Sensitivity | Removed policies except for bio/syn fuel mandates";"Electricity"
"OPEX";"Charging Infrastructure";"ES";"Share MCS-Charging";"Tractor-Trailer";"BAU";"%";2035;"0.2";"Sensitivity | Removed policies except for bio/syn fuel mandates";"Electricity"
"OPEX";"Charging Infrastructure";"FR";"Share MCS-Charging";"Rigid";"BAU";"%";2035;"0.2";"Sensitivity | Removed policies except for bio/syn fuel mandates";"Electricity"
"OPEX";"Charging Infrastructure";"FR";"Share MCS-Charging";"Tractor-Trailer";"BAU";"%";2035;"0.2";"Sensitivity | Removed policies except for bio/syn fuel mandates";"Electricity"
"OPEX";"Charging Infrastructure";"IT";"Share MCS-Charging";"Rigid";"BAU";"%";2035;"0.2";"Sensitivity | Removed policies except for bio/syn fuel mandates";"Electricity"
"OPEX";"Charging Infrastructure";"IT";"Share MCS-Charging";"Tractor-Trailer";"BAU";"%";2035;"0.2";"Sensitivity | Removed policies except for bio/syn fuel mandates";"Electricity"
"OPEX";"Charging Infrastructure";"NL";"Share MCS-Charging";"Rigid";"BAU";"%";2035;"0.2";"Sensitivity | Removed policies except for bio/syn fuel mandates";"Electricity"
"OPEX";"Charging Infrastructure";"NL";"Share MCS-Charging";"Tractor-Trailer";"BAU";"%";2035;"0.2";"Sensitivity | Removed policies except for bio/syn fuel mandates";"Electricity"
"OPEX";"Charging Infrastructure";"PL";"Share MCS-Charging";"Rigid";"BAU";"%";2035;"0.2";"Sensitivity | Removed policies except for bio/syn fuel mandates";"Electricity"
"OPEX";"Charging Infrastructure";"PL";"Share MCS-Charging";"Tractor-Trailer";"BAU";"%";2035;"0.2";"Sensitivity | Removed policies except for bio/syn fuel mandates";"Electricity"
"OPEX";"Charging Infrastructure";"UK";"Share MCS-Charging";"Rigid";"BAU";"%";2035;"0.2";"Sensitivity | Removed policies except for bio/syn fuel mandates";"Electricity"
"OPEX";"Charging Infrastructure";"UK";"Share MCS-Charging";"Tractor-Trailer";"BAU";"%";2035;"0.2";"Sensitivity | Removed policies except for bio/syn fuel mandates";"Electricity"
"OPEX";"Charging Infrastructure";"DE";"Depot - Network fees savings potential";"Rigid";"BAU";"EUR/kWh";2035;"0";"Sensitivity | Removed policies except for bio/syn fuel mandates";"Electricity"
"OPEX";"Charging Infrastructure";"DE";"Depot - Network fees savings potential";"Tractor-Trailer";"BAU";"EUR/kWh";2035;"0";"Sensitivity | Removed policies except for bio/syn fuel mandates";"Electricity"
"OPEX";"Charging Infrastructure";"ES";"Depot - Network fees savings potential";"Rigid";"BAU";"EUR/kWh";2035;"0";"Sensitivity | Removed policies except for bio/syn fuel mandates";"Electricity"
"OPEX";"Charging Infrastructure";"ES";"Depot - Network fees savings potential";"Tractor-Trailer";"BAU";"EUR/kWh";2035;"0";"Sensitivity | Removed policies except for bio/syn fuel mandates";"Electricity"
"OPEX";"Charging Infrastructure";"FR";"Depot - Network fees savings potential";"Rigid";"BAU";"EUR/kWh";2035;"0";"Sensitivity | Removed policies except for bio/syn fuel mandates";"Electricity"
"OPEX";"Charging Infrastructure";"FR";"Depot - Network fees savings potential";"Tractor-Trailer";"BAU";"EUR/kWh";2035;"0";"Sensitivity | Removed policies except for bio/syn fuel mandates";"Electricity"
"OPEX";"Charging Infrastructure";"IT";"Depot - Network fees savings potential";"Rigid";"BAU";"EUR/kWh";2035;"0";"Sensitivity | Removed policies except for bio/syn fuel mandates";"Electricity"
"OPEX";"Charging Infrastructure";"IT";"Depot - Network fees savings potential";"Tractor-Trailer";"BAU";"EUR/kWh";2035;"0";"Sensitivity | Removed policies except for bio/syn fuel mandates";"Electricity"
"OPEX";"Charging Infrastructure";"NL";"Depot - Network fees savings potential";"Rigid";"BAU";"EUR/kWh";2035;"0";"Sensitivity | Removed policies except for bio/syn fuel mandates";"Electricity"
"OPEX";"Charging Infrastructure";"NL";"Depot - Network fees savings potential";"Tractor-Trailer";"BAU";"EUR/kWh";2035;"0";"Sensitivity | Removed policies except for bio/syn fuel mandates";"Electricity"
"OPEX";"Charging Infrastructure";"PL";"Depot - Network fees savings potential";"Rigid";"BAU";"EUR/kWh";2035;"0";"Sensitivity | Removed policies except for bio/syn fuel mandates";"Electricity"
"OPEX";"Charging Infrastructure";"PL";"Depot - Network fees savings potential";"Tractor-Trailer";"BAU";"EUR/kWh";2035;"0";"Sensitivity | Removed policies except for bio/syn fuel mandates";"Electricity"
"OPEX";"Charging Infrastructure";"UK";"Depot - Network fees savings potential";"Rigid";"BAU";"EUR/kWh";2035;"0";"Sensitivity | Removed policies except for bio/syn fuel mandates";"Electricity"
"OPEX";"Charging Infrastructure";"UK";"Depot - Network fees savings potential";"Tractor-Trailer";"BAU";"EUR/kWh";2035;"0";"Sensitivity | Removed policies except for bio/syn fuel mandates";"Electricity"
"OPEX";"Taxes";"DE";"Tax reduction";"Rigid";"BAU";"%";2035;"0";"Sensitivity | Removed policies except for bio/syn fuel mandates";"Hydrogen"
"OPEX";"Taxes";"DE";"Tax reduction";"Tractor-Trailer";"BAU";"%";2035;"0";"Sensitivity | Removed policies except for bio/syn fuel mandates";"Hydrogen"
"OPEX";"Taxes";"ES";"Tax reduction";"Rigid";"BAU";"%";2035;"0";"Sensitivity | Removed policies except for bio/syn fuel mandates";"Hydrogen"
"OPEX";"Taxes";"ES";"Tax reduction";"Tractor-Trailer";"BAU";"%";2035;"0";"Sensitivity | Removed policies except for bio/syn fuel mandates";"Hydrogen"
"OPEX";"Taxes";"FR";"Tax reduction";"Rigid";"BAU";"%";2035;"0";"Sensitivity | Removed policies except for bio/syn fuel mandates";"Hydrogen"
"OPEX";"Taxes";"FR";"Tax reduction";"Tractor-Trailer";"BAU";"%";2035;"0";"Sensitivity | Removed policies except for bio/syn fuel mandates";"Hydrogen"
"OPEX";"Taxes";"IT";"Tax reduction";"Rigid";"BAU";"%";2035;"0";"Sensitivity | Removed policies except for bio/syn fuel mandates";"Hydrogen"
"OPEX";"Taxes";"IT";"Tax reduction";"Tractor-Trailer";"BAU";"%";2035;"0";"Sensitivity | Removed policies except for bio/syn fuel mandates";"Hydrogen"
"OPEX";"Taxes";"NL";"Tax reduction";"Rigid";"BAU";"%";2035;"0";"Sensitivity | Removed policies except for bio/syn fuel mandates";"Hydrogen"
"OPEX";"Taxes";"NL";"Tax reduction";"Tractor-Trailer";"BAU";"%";2035;"0";"Sensitivity | Removed policies except for bio/syn fuel mandates";"Hydrogen"
"OPEX";"Taxes";"PL";"Tax reduction";"Rigid";"BAU";"%";2035;"0";"Sensitivity | Removed policies except for bio/syn fuel mandates";"Hydrogen"
"OPEX";"Taxes";"PL";"Tax reduction";"Tractor-Trailer";"BAU";"%";2035;"0";"Sensitivity | Removed policies except for bio/syn fuel mandates";"Hydrogen"
"OPEX";"Taxes";"UK";"Tax reduction";"Rigid";"BAU";"%";2035;"0";"Sensitivity | Removed policies except for bio/syn fuel mandates";"Hydrogen"
"OPEX";"Taxes";"UK";"Tax reduction";"Tractor-Trailer";"BAU";"%";2035;"0";"Sensitivity | Removed policies except for bio/syn fuel mandates";"Hydrogen"
"OPEX";"Taxes";"DE";"Increasing grid fees";"Rigid";"PROG";"%";2035;"0.15";"Sensitivity | Removed policies except for bio/syn fuel mandates";"Electricity"
"OPEX";"Taxes";"DE";"Increasing grid fees";"Tractor-Trailer";"PROG";"%";2035;"0.15";"Sensitivity | Removed policies except for bio/syn fuel mandates";"Electricity"
"OPEX";"Taxes";"ES";"Increasing grid fees";"Rigid";"PROG";"%";2035;"0.15";"Sensitivity | Removed policies except for bio/syn fuel mandates";"Electricity"
"OPEX";"Taxes";"ES";"Increasing grid fees";"Tractor-Trailer";"PROG";"%";2035;"0.15";"Sensitivity | Removed policies except for bio/syn fuel mandates";"Electricity"
"OPEX";"Taxes";"FR";"Increasing grid fees";"Rigid";"PROG";"%";2035;"0.15";"Sensitivity | Removed policies except for bio/syn fuel mandates";"Electricity"
"OPEX";"Taxes";"FR";"Increasing grid fees";"Tractor-Trailer";"PROG";"%";2035;"0.15";"Sensitivity | Removed policies except for bio/syn fuel mandates";"Electricity"
"OPEX";"Taxes";"IT";"Increasing grid fees";"Rigid";"PROG";"%";2035;"0.15";"Sensitivity | Removed policies except for bio/syn fuel mandates";"Electricity"
"OPEX";"Taxes";"IT";"Increasing grid fees";"Tractor-Trailer";"PROG";"%";2035;"0.15";"Sensitivity | Removed policies except for bio/syn fuel mandates";"Electricity"
"OPEX";"Taxes";"NL";"Increasing grid fees";"Rigid";"PROG";"%";2035;"0.15";"Sensitivity | Removed policies except for bio/syn fuel mandates";"Electricity"
"OPEX";"Taxes";"NL";"Increasing grid fees";"Tractor-Trailer";"PROG";"%";2035;"0.15";"Sensitivity | Removed policies except for bio/syn fuel mandates";"Electricity"
"OPEX";"Taxes";"PL";"Increasing grid fees";"Rigid";"PROG";"%";2035;"0.15";"Sensitivity | Removed policies except for bio/syn fuel mandates";"Electricity"
"OPEX";"Taxes";"PL";"Increasing grid fees";"Tractor-Trailer";"PROG";"%";2035;"0.15";"Sensitivity | Removed policies except for bio/syn fuel mandates";"Electricity"
"OPEX";"Taxes";"UK";"Increasing grid fees";"Rigid";"PROG";"%";2035;"0.15";"Sensitivity | Removed policies except for bio/syn fuel mandates";"Electricity"
"OPEX";"Taxes";"UK";"Increasing grid fees";"Tractor-Trailer";"PROG";"%";2035;"0.15";"Sensitivity | Removed policies except for bio/syn fuel mandates";"Electricity"
"OPEX";"Taxes";"DE";"Increasing grid fees";"Rigid";"BAU";"%";2035;"0.25";"Sensitivity | Removed policies except for bio/syn fuel mandates";"Electricity"
"OPEX";"Taxes";"DE";"Increasing grid fees";"Tractor-Trailer";"BAU";"%";2035;"0.25";"Sensitivity | Removed policies except for bio/syn fuel mandates";"Electricity"
"OPEX";"Taxes";"ES";"Increasing grid fees";"Rigid";"BAU";"%";2035;"0.25";"Sensitivity | Removed policies except for bio/syn fuel mandates";"Electricity"
"OPEX";"Taxes";"ES";"Increasing grid fees";"Tractor-Trailer";"BAU";"%";2035;"0.25";"Sensitivity | Removed policies except for bio/syn fuel mandates";"Electricity"
"OPEX";"Taxes";"FR";"Increasing grid fees";"Rigid";"BAU";"%";2035;"0.25";"Sensitivity | Removed policies except for bio/syn fuel mandates";"Electricity"
"OPEX";"Taxes";"FR";"Increasing grid fees";"Tractor-Trailer";"BAU";"%";2035;"0.25";"Sensitivity | Removed policies except for bio/syn fuel mandates";"Electricity"
"OPEX";"Taxes";"IT";"Increasing grid fees";"Rigid";"BAU";"%";2035;"0.25";"Sensitivity | Removed policies except for bio/syn fuel mandates";"Electricity"
"OPEX";"Taxes";"IT";"Increasing grid fees";"Tractor-Trailer";"BAU";"%";2035;"0.25";"Sensitivity | Removed policies except for bio/syn fuel mandates";"Electricity"
"OPEX";"Taxes";"NL";"Increasing grid fees";"Rigid";"BAU";"%";2035;"0.25";"Sensitivity | Removed policies except for bio/syn fuel mandates";"Electricity"
"OPEX";"Taxes";"NL";"Increasing grid fees";"Tractor-Trailer";"BAU";"%";2035;"0.25";"Sensitivity | Removed policies except for bio/syn fuel mandates";"Electricity"
"OPEX";"Taxes";"PL";"Increasing grid fees";"Rigid";"BAU";"%";2035;"0.25";"Sensitivity | Removed policies except for bio/syn fuel mandates";"Electricity"
"OPEX";"Taxes";"PL";"Increasing grid fees";"Tractor-Trailer";"BAU";"%";2035;"0.25";"Sensitivity | Removed policies except for bio/syn fuel mandates";"Electricity"
"OPEX";"Taxes";"UK";"Increasing grid fees";"Rigid";"BAU";"%";2035;"0.25";"Sensitivity | Removed policies except for bio/syn fuel mandates";"Electricity"
"OPEX";"Taxes";"UK";"Increasing grid fees";"Tractor-Trailer";"BAU";"%";2035;"0.25";"Sensitivity | Removed policies except for bio/syn fuel mandates";"Electricity"
"OPEX";"Taxes";"DE";"Network Costs - MCS";"Rigid";"PROG";"EUR/kWh";2040;"0.03";"Sensitivity | Removed policies except for bio/syn fuel mandates";"Electricity"
"OPEX";"Taxes";"DE";"Network Costs - MCS";"Tractor-Trailer";"PROG";"EUR/kWh";2040;"0.03";"Sensitivity | Removed policies except for bio/syn fuel mandates";"Electricity"
"OPEX";"Taxes";"ES";"Network Costs - MCS";"Rigid";"PROG";"EUR/kWh";2040;"0.011";"Sensitivity | Removed policies except for bio/syn fuel mandates";"Electricity"
"OPEX";"Taxes";"ES";"Network Costs - MCS";"Tractor-Trailer";"PROG";"EUR/kWh";2040;"0.011";"Sensitivity | Removed policies except for bio/syn fuel mandates";"Electricity"
"OPEX";"Taxes";"FR";"Network Costs - MCS";"Rigid";"PROG";"EUR/kWh";2040;"0.014";"Sensitivity | Removed policies except for bio/syn fuel mandates";"Electricity"
"OPEX";"Taxes";"FR";"Network Costs - MCS";"Tractor-Trailer";"PROG";"EUR/kWh";2040;"0.014";"Sensitivity | Removed policies except for bio/syn fuel mandates";"Electricity"
"OPEX";"Taxes";"IT";"Network Costs - MCS";"Rigid";"PROG";"EUR/kWh";2040;"0.013";"Sensitivity | Removed policies except for bio/syn fuel mandates";"Electricity"
"OPEX";"Taxes";"IT";"Network Costs - MCS";"Tractor-Trailer";"PROG";"EUR/kWh";2040;"0.013";"Sensitivity | Removed policies except for bio/syn fuel mandates";"Electricity"
"OPEX";"Taxes";"NL";"Network Costs - MCS";"Rigid";"PROG";"EUR/kWh";2040;"0.015";"Sensitivity | Removed policies except for bio/syn fuel mandates";"Electricity"
"OPEX";"Taxes";"NL";"Network Costs - MCS";"Tractor-Trailer";"PROG";"EUR/kWh";2040;"0.015";"Sensitivity | Removed policies except for bio/syn fuel mandates";"Electricity"
"OPEX";"Taxes";"PL";"Network Costs - MCS";"Rigid";"PROG";"EUR/kWh";2040;"0.015";"Sensitivity | Removed policies except for bio/syn fuel mandates";"Electricity"
"OPEX";"Taxes";"PL";"Network Costs - MCS";"Tractor-Trailer";"PROG";"EUR/kWh";2040;"0.015";"Sensitivity | Removed policies except for bio/syn fuel mandates";"Electricity"
"OPEX";"Taxes";"UK";"Network Costs - MCS";"Rigid";"PROG";"EUR/kWh";2040;"0.022";"Sensitivity | Removed policies except for bio/syn fuel mandates";"Electricity"
"OPEX";"Taxes";"UK";"Network Costs - MCS";"Tractor-Trailer";"PROG";"EUR/kWh";2040;"0.022";"Sensitivity | Removed policies except for bio/syn fuel mandates";"Electricity"
"OPEX";"Taxes";"DE";"Taxes, Fees, Levies and charges - MCS";"Rigid";"PROG";"EUR/kWh";2040;"0.051";"Sensitivity | Removed policies except for bio/syn fuel mandates";"Electricity"
"OPEX";"Taxes";"DE";"Taxes, Fees, Levies and charges - MCS";"Tractor-Trailer";"PROG";"EUR/kWh";2040;"0.051";"Sensitivity | Removed policies except for bio/syn fuel mandates";"Electricity"
"OPEX";"Taxes";"ES";"Taxes, Fees, Levies and charges - MCS";"Rigid";"PROG";"EUR/kWh";2040;"0.027";"Sensitivity | Removed policies except for bio/syn fuel mandates";"Electricity"
"OPEX";"Taxes";"ES";"Taxes, Fees, Levies and charges - MCS";"Tractor-Trailer";"PROG";"EUR/kWh";2040;"0.027";"Sensitivity | Removed policies except for bio/syn fuel mandates";"Electricity"
"OPEX";"Taxes";"FR";"Taxes, Fees, Levies and charges - MCS";"Rigid";"PROG";"EUR/kWh";2040;"0.024";"Sensitivity | Removed policies except for bio/syn fuel mandates";"Electricity"
"OPEX";"Taxes";"FR";"Taxes, Fees, Levies and charges - MCS";"Tractor-Trailer";"PROG";"EUR/kWh";2040;"0.024";"Sensitivity | Removed policies except for bio/syn fuel mandates";"Electricity"
"OPEX";"Taxes";"IT";"Taxes, Fees, Levies and charges - MCS";"Rigid";"PROG";"EUR/kWh";2040;"0.042";"Sensitivity | Removed policies except for bio/syn fuel mandates";"Electricity"
"OPEX";"Taxes";"IT";"Taxes, Fees, Levies and charges - MCS";"Tractor-Trailer";"PROG";"EUR/kWh";2040;"0.042";"Sensitivity | Removed policies except for bio/syn fuel mandates";"Electricity"
"OPEX";"Taxes";"NL";"Taxes, Fees, Levies and charges - MCS";"Rigid";"PROG";"EUR/kWh";2040;"0.037";"Sensitivity | Removed policies except for bio/syn fuel mandates";"Electricity"
"OPEX";"Taxes";"NL";"Taxes, Fees, Levies and charges - MCS";"Tractor-Trailer";"PROG";"EUR/kWh";2040;"0.037";"Sensitivity | Removed policies except for bio/syn fuel mandates";"Electricity"
"OPEX";"Taxes";"PL";"Taxes, Fees, Levies and charges - MCS";"Rigid";"PROG";"EUR/kWh";2040;"0.046";"Sensitivity | Removed policies except for bio/syn fuel mandates";"Electricity"
"OPEX";"Taxes";"PL";"Taxes, Fees, Levies and charges - MCS";"Tractor-Trailer";"PROG";"EUR/kWh";2040;"0.046";"Sensitivity | Removed policies except for bio/syn fuel mandates";"Electricity"
"OPEX";"Taxes";"UK";"Taxes, Fees, Levies and charges - MCS";"Rigid";"PROG";"EUR/kWh";2040;"0.074";"Sensitivity | Removed policies except for bio/syn fuel mandates";"Electricity"
"OPEX";"Taxes";"UK";"Taxes, Fees, Levies and charges - MCS";"Tractor-Trailer";"PROG";"EUR/kWh";2040;"0.074";"Sensitivity | Removed policies except for bio/syn fuel mandates";"Electricity"
"OPEX";"Taxes";"DE";"Network Costs - Depot";"Rigid";"PROG";"EUR/kWh";2040;"0.034";"Sensitivity | Removed policies except for bio/syn fuel mandates";"Electricity"
"OPEX";"Taxes";"DE";"Network Costs - Depot";"Tractor-Trailer";"PROG";"EUR/kWh";2040;"0.034";"Sensitivity | Removed policies except for bio/syn fuel mandates";"Electricity"
"OPEX";"Taxes";"ES";"Network Costs - Depot";"Rigid";"PROG";"EUR/kWh";2040;"0.018";"Sensitivity | Removed policies except for bio/syn fuel mandates";"Electricity"
"OPEX";"Taxes";"ES";"Network Costs - Depot";"Tractor-Trailer";"PROG";"EUR/kWh";2040;"0.018";"Sensitivity | Removed policies except for bio/syn fuel mandates";"Electricity"
"OPEX";"Taxes";"FR";"Network Costs - Depot";"Rigid";"PROG";"EUR/kWh";2040;"0.018";"Sensitivity | Removed policies except for bio/syn fuel mandates";"Electricity"
"OPEX";"Taxes";"FR";"Network Costs - Depot";"Tractor-Trailer";"PROG";"EUR/kWh";2040;"0.018";"Sensitivity | Removed policies except for bio/syn fuel mandates";"Electricity"
"OPEX";"Taxes";"IT";"Network Costs - Depot";"Rigid";"PROG";"EUR/kWh";2040;"0.016";"Sensitivity | Removed policies except for bio/syn fuel mandates";"Electricity"
"OPEX";"Taxes";"IT";"Network Costs - Depot";"Tractor-Trailer";"PROG";"EUR/kWh";2040;"0.016";"Sensitivity | Removed policies except for bio/syn fuel mandates";"Electricity"
"OPEX";"Taxes";"NL";"Network Costs - Depot";"Rigid";"PROG";"EUR/kWh";2040;"0.016";"Sensitivity | Removed policies except for bio/syn fuel mandates";"Electricity"
"OPEX";"Taxes";"NL";"Network Costs - Depot";"Tractor-Trailer";"PROG";"EUR/kWh";2040;"0.016";"Sensitivity | Removed policies except for bio/syn fuel mandates";"Electricity"
"OPEX";"Taxes";"PL";"Network Costs - Depot";"Rigid";"PROG";"EUR/kWh";2040;"0.019";"Sensitivity | Removed policies except for bio/syn fuel mandates";"Electricity"
"OPEX";"Taxes";"PL";"Network Costs - Depot";"Tractor-Trailer";"PROG";"EUR/kWh";2040;"0.019";"Sensitivity | Removed policies except for bio/syn fuel mandates";"Electricity"
"OPEX";"Taxes";"UK";"Network Costs - Depot";"Rigid";"PROG";"EUR/kWh";2040;"0.027";"Sensitivity | Removed policies except for bio/syn fuel mandates";"Electricity"
"OPEX";"Taxes";"UK";"Network Costs - Depot";"Tractor-Trailer";"PROG";"EUR/kWh";2040;"0.027";"Sensitivity | Removed policies except for bio/syn fuel mandates";"Electricity"
"OPEX";"Taxes";"DE";"Taxes, Fees, Levies and charges - Depot";"Rigid";"PROG";"EUR/kWh";2040;"0.056";"Sensitivity | Removed policies except for bio/syn fuel mandates";"Electricity"
"OPEX";"Taxes";"DE";"Taxes, Fees, Levies and charges - Depot";"Tractor-Trailer";"PROG";"EUR/kWh";2040;"0.056";"Sensitivity | Removed policies except for bio/syn fuel mandates";"Electricity"
"OPEX";"Taxes";"ES";"Taxes, Fees, Levies and charges - Depot";"Rigid";"PROG";"EUR/kWh";2040;"0.036";"Sensitivity | Removed policies except for bio/syn fuel mandates";"Electricity"
"OPEX";"Taxes";"ES";"Taxes, Fees, Levies and charges - Depot";"Tractor-Trailer";"PROG";"EUR/kWh";2040;"0.036";"Sensitivity | Removed policies except for bio/syn fuel mandates";"Electricity"
"OPEX";"Taxes";"FR";"Taxes, Fees, Levies and charges - Depot";"Rigid";"PROG";"EUR/kWh";2040;"0.03";"Sensitivity | Removed policies except for bio/syn fuel mandates";"Electricity"
"OPEX";"Taxes";"FR";"Taxes, Fees, Levies and charges - Depot";"Tractor-Trailer";"PROG";"EUR/kWh";2040;"0.03";"Sensitivity | Removed policies except for bio/syn fuel mandates";"Electricity"
"OPEX";"Taxes";"IT";"Taxes, Fees, Levies and charges - Depot";"Rigid";"PROG";"EUR/kWh";2040;"0.063";"Sensitivity | Removed policies except for bio/syn fuel mandates";"Electricity"
"OPEX";"Taxes";"IT";"Taxes, Fees, Levies and charges - Depot";"Tractor-Trailer";"PROG";"EUR/kWh";2040;"0.063";"Sensitivity | Removed policies except for bio/syn fuel mandates";"Electricity"
"OPEX";"Taxes";"NL";"Taxes, Fees, Levies and charges - Depot";"Rigid";"PROG";"EUR/kWh";2040;"0.055";"Sensitivity | Removed policies except for bio/syn fuel mandates";"Electricity"
"OPEX";"Taxes";"NL";"Taxes, Fees, Levies and charges - Depot";"Tractor-Trailer";"PROG";"EUR/kWh";2040;"0.055";"Sensitivity | Removed policies except for bio/syn fuel mandates";"Electricity"
"OPEX";"Taxes";"PL";"Taxes, Fees, Levies and charges - Depot";"Rigid";"PROG";"EUR/kWh";2040;"0.049";"Sensitivity | Removed policies except for bio/syn fuel mandates";"Electricity"
"OPEX";"Taxes";"PL";"Taxes, Fees, Levies and charges - Depot";"Tractor-Trailer";"PROG";"EUR/kWh";2040;"0.049";"Sensitivity | Removed policies except for bio/syn fuel mandates";"Electricity"
"OPEX";"Taxes";"UK";"Taxes, Fees, Levies and charges - Depot";"Rigid";"PROG";"EUR/kWh";2040;"0.077";"Sensitivity | Removed policies except for bio/syn fuel mandates";"Electricity"
"OPEX";"Taxes";"UK";"Taxes, Fees, Levies and charges - Depot";"Tractor-Trailer";"PROG";"EUR/kWh";2040;"0.077";"Sensitivity | Removed policies except for bio/syn fuel mandates";"Electricity"
"OPEX";"H2 Infrastructure";"DE";"HRS costs";"Rigid";"PROG";"EUR/kg H2";2040;"0.7";"Sensitivity | Removed policies except for bio/syn fuel mandates";"Hydrogen"
"OPEX";"H2 Infrastructure";"DE";"HRS costs";"Tractor-Trailer";"PROG";"EUR/kg H2";2040;"0.7";"Sensitivity | Removed policies except for bio/syn fuel mandates";"Hydrogen"
"OPEX";"H2 Infrastructure";"ES";"HRS costs";"Rigid";"PROG";"EUR/kg H2";2040;"0.7";"Sensitivity | Removed policies except for bio/syn fuel mandates";"Hydrogen"
"OPEX";"H2 Infrastructure";"ES";"HRS costs";"Tractor-Trailer";"PROG";"EUR/kg H2";2040;"0.7";"Sensitivity | Removed policies except for bio/syn fuel mandates";"Hydrogen"
"OPEX";"H2 Infrastructure";"FR";"HRS costs";"Rigid";"PROG";"EUR/kg H2";2040;"0.7";"Sensitivity | Removed policies except for bio/syn fuel mandates";"Hydrogen"
"OPEX";"H2 Infrastructure";"FR";"HRS costs";"Tractor-Trailer";"PROG";"EUR/kg H2";2040;"0.7";"Sensitivity | Removed policies except for bio/syn fuel mandates";"Hydrogen"
"OPEX";"H2 Infrastructure";"IT";"HRS costs";"Rigid";"PROG";"EUR/kg H2";2040;"0.7";"Sensitivity | Removed policies except for bio/syn fuel mandates";"Hydrogen"
"OPEX";"H2 Infrastructure";"IT";"HRS costs";"Tractor-Trailer";"PROG";"EUR/kg H2";2040;"0.7";"Sensitivity | Removed policies except for bio/syn fuel mandates";"Hydrogen"
"OPEX";"H2 Infrastructure";"NL";"HRS costs";"Rigid";"PROG";"EUR/kg H2";2040;"0.7";"Sensitivity | Removed policies except for bio/syn fuel mandates";"Hydrogen"
"OPEX";"H2 Infrastructure";"NL";"HRS costs";"Tractor-Trailer";"PROG";"EUR/kg H2";2040;"0.7";"Sensitivity | Removed policies except for bio/syn fuel mandates";"Hydrogen"
"OPEX";"H2 Infrastructure";"PL";"HRS costs";"Rigid";"PROG";"EUR/kg H2";2040;"0.7";"Sensitivity | Removed policies except for bio/syn fuel mandates";"Hydrogen"
"OPEX";"H2 Infrastructure";"PL";"HRS costs";"Tractor-Trailer";"PROG";"EUR/kg H2";2040;"0.7";"Sensitivity | Removed policies except for bio/syn fuel mandates";"Hydrogen"
"OPEX";"H2 Infrastructure";"UK";"HRS costs";"Rigid";"PROG";"EUR/kg H2";2040;"0.7";"Sensitivity | Removed policies except for bio/syn fuel mandates";"Hydrogen"
"OPEX";"H2 Infrastructure";"UK";"HRS costs";"Tractor-Trailer";"PROG";"EUR/kg H2";2040;"0.7";"Sensitivity | Removed policies except for bio/syn fuel mandates";"Hydrogen"
"OPEX";"H2 Infrastructure";"DE";"H2 transport and distribution";"Rigid";"PROG";"EUR/kg H2";2040;"0.667";"Sensitivity | Removed policies except for bio/syn fuel mandates";"Hydrogen"
"OPEX";"H2 Infrastructure";"DE";"H2 transport and distribution";"Tractor-Trailer";"PROG";"EUR/kg H2";2040;"0.667";"Sensitivity | Removed policies except for bio/syn fuel mandates";"Hydrogen"
"OPEX";"H2 Infrastructure";"ES";"H2 transport and distribution";"Rigid";"PROG";"EUR/kg H2";2040;"0.667";"Sensitivity | Removed policies except for bio/syn fuel mandates";"Hydrogen"
"OPEX";"H2 Infrastructure";"ES";"H2 transport and distribution";"Tractor-Trailer";"PROG";"EUR/kg H2";2040;"0.667";"Sensitivity | Removed policies except for bio/syn fuel mandates";"Hydrogen"
"OPEX";"H2 Infrastructure";"FR";"H2 transport and distribution";"Rigid";"PROG";"EUR/kg H2";2040;"0.667";"Sensitivity | Removed policies except for bio/syn fuel mandates";"Hydrogen"
"OPEX";"H2 Infrastructure";"FR";"H2 transport and distribution";"Tractor-Trailer";"PROG";"EUR/kg H2";2040;"0.667";"Sensitivity | Removed policies except for bio/syn fuel mandates";"Hydrogen"
"OPEX";"H2 Infrastructure";"IT";"H2 transport and distribution";"Rigid";"PROG";"EUR/kg H2";2040;"0.667";"Sensitivity | Removed policies except for bio/syn fuel mandates";"Hydrogen"
"OPEX";"H2 Infrastructure";"IT";"H2 transport and distribution";"Tractor-Trailer";"PROG";"EUR/kg H2";2040;"0.667";"Sensitivity | Removed policies except for bio/syn fuel mandates";"Hydrogen"
"OPEX";"H2 Infrastructure";"NL";"H2 transport and distribution";"Rigid";"PROG";"EUR/kg H2";2040;"0.667";"Sensitivity | Removed policies except for bio/syn fuel mandates";"Hydrogen"
"OPEX";"H2 Infrastructure";"NL";"H2 transport and distribution";"Tractor-Trailer";"PROG";"EUR/kg H2";2040;"0.667";"Sensitivity | Removed policies except for bio/syn fuel mandates";"Hydrogen"
"OPEX";"H2 Infrastructure";"PL";"H2 transport and distribution";"Rigid";"PROG";"EUR/kg H2";2040;"0.667";"Sensitivity | Removed policies except for bio/syn fuel mandates";"Hydrogen"
"OPEX";"H2 Infrastructure";"PL";"H2 transport and distribution";"Tractor-Trailer";"PROG";"EUR/kg H2";2040;"0.667";"Sensitivity | Removed policies except for bio/syn fuel mandates";"Hydrogen"
"OPEX";"H2 Infrastructure";"UK";"H2 transport and distribution";"Rigid";"PROG";"EUR/kg H2";2040;"0.667";"Sensitivity | Removed policies except for bio/syn fuel mandates";"Hydrogen"
"OPEX";"H2 Infrastructure";"UK";"H2 transport and distribution";"Tractor-Trailer";"PROG";"EUR/kg H2";2040;"0.667";"Sensitivity | Removed policies except for bio/syn fuel mandates";"Hydrogen"
"OPEX";"H2 Infrastructure";"DE";"HRS Overhead, Profit and Mark-Up";"Rigid";"PROG";"EUR/kg H2";2040;"0.25";"Sensitivity | Removed policies except for bio/syn fuel mandates";"Hydrogen"
"OPEX";"H2 Infrastructure";"DE";"HRS Overhead, Profit and Mark-Up";"Tractor-Trailer";"PROG";"EUR/kg H2";2040;"0.25";"Sensitivity | Removed policies except for bio/syn fuel mandates";"Hydrogen"
"OPEX";"H2 Infrastructure";"ES";"HRS Overhead, Profit and Mark-Up";"Rigid";"PROG";"EUR/kg H2";2040;"0.25";"Sensitivity | Removed policies except for bio/syn fuel mandates";"Hydrogen"
"OPEX";"H2 Infrastructure";"ES";"HRS Overhead, Profit and Mark-Up";"Tractor-Trailer";"PROG";"EUR/kg H2";2040;"0.25";"Sensitivity | Removed policies except for bio/syn fuel mandates";"Hydrogen"
"OPEX";"H2 Infrastructure";"FR";"HRS Overhead, Profit and Mark-Up";"Rigid";"PROG";"EUR/kg H2";2040;"0.25";"Sensitivity | Removed policies except for bio/syn fuel mandates";"Hydrogen"
"OPEX";"H2 Infrastructure";"FR";"HRS Overhead, Profit and Mark-Up";"Tractor-Trailer";"PROG";"EUR/kg H2";2040;"0.25";"Sensitivity | Removed policies except for bio/syn fuel mandates";"Hydrogen"
"OPEX";"H2 Infrastructure";"IT";"HRS Overhead, Profit and Mark-Up";"Rigid";"PROG";"EUR/kg H2";2040;"0.25";"Sensitivity | Removed policies except for bio/syn fuel mandates";"Hydrogen"
"OPEX";"H2 Infrastructure";"IT";"HRS Overhead, Profit and Mark-Up";"Tractor-Trailer";"PROG";"EUR/kg H2";2040;"0.25";"Sensitivity | Removed policies except for bio/syn fuel mandates";"Hydrogen"
"OPEX";"H2 Infrastructure";"NL";"HRS Overhead, Profit and Mark-Up";"Rigid";"PROG";"EUR/kg H2";2040;"0.25";"Sensitivity | Removed policies except for bio/syn fuel mandates";"Hydrogen"
"OPEX";"H2 Infrastructure";"NL";"HRS Overhead, Profit and Mark-Up";"Tractor-Trailer";"PROG";"EUR/kg H2";2040;"0.25";"Sensitivity | Removed policies except for bio/syn fuel mandates";"Hydrogen"
"OPEX";"H2 Infrastructure";"PL";"HRS Overhead, Profit and Mark-Up";"Rigid";"PROG";"EUR/kg H2";2040;"0.25";"Sensitivity | Removed policies except for bio/syn fuel mandates";"Hydrogen"
"OPEX";"H2 Infrastructure";"PL";"HRS Overhead, Profit and Mark-Up";"Tractor-Trailer";"PROG";"EUR/kg H2";2040;"0.25";"Sensitivity | Removed policies except for bio/syn fuel mandates";"Hydrogen"
"OPEX";"H2 Infrastructure";"UK";"HRS Overhead, Profit and Mark-Up";"Rigid";"PROG";"EUR/kg H2";2040;"0.25";"Sensitivity | Removed policies except for bio/syn fuel mandates";"Hydrogen"
"OPEX";"H2 Infrastructure";"UK";"HRS Overhead, Profit and Mark-Up";"Tractor-Trailer";"PROG";"EUR/kg H2";2040;"0.25";"Sensitivity | Removed policies except for bio/syn fuel mandates";"Hydrogen"
"OPEX";"Charging Infrastructure";"DE";"MCS Station (Public Charging) - Incl. Overhead";"Rigid";"PROG";"EUR/kWh";2040;"0.02";"Sensitivity | Removed policies except for bio/syn fuel mandates";"Electricity"
"OPEX";"Charging Infrastructure";"DE";"MCS Station (Public Charging) - Incl. Overhead";"Tractor-Trailer";"PROG";"EUR/kWh";2040;"0.02";"Sensitivity | Removed policies except for bio/syn fuel mandates";"Electricity"
"OPEX";"Charging Infrastructure";"ES";"MCS Station (Public Charging) - Incl. Overhead";"Rigid";"PROG";"EUR/kWh";2040;"0.02";"Sensitivity | Removed policies except for bio/syn fuel mandates";"Electricity"
"OPEX";"Charging Infrastructure";"ES";"MCS Station (Public Charging) - Incl. Overhead";"Tractor-Trailer";"PROG";"EUR/kWh";2040;"0.02";"Sensitivity | Removed policies except for bio/syn fuel mandates";"Electricity"
"OPEX";"Charging Infrastructure";"FR";"MCS Station (Public Charging) - Incl. Overhead";"Rigid";"PROG";"EUR/kWh";2040;"0.02";"Sensitivity | Removed policies except for bio/syn fuel mandates";"Electricity"
"OPEX";"Charging Infrastructure";"FR";"MCS Station (Public Charging) - Incl. Overhead";"Tractor-Trailer";"PROG";"EUR/kWh";2040;"0.02";"Sensitivity | Removed policies except for bio/syn fuel mandates";"Electricity"
"OPEX";"Charging Infrastructure";"IT";"MCS Station (Public Charging) - Incl. Overhead";"Rigid";"PROG";"EUR/kWh";2040;"0.02";"Sensitivity | Removed policies except for bio/syn fuel mandates";"Electricity"
"OPEX";"Charging Infrastructure";"IT";"MCS Station (Public Charging) - Incl. Overhead";"Tractor-Trailer";"PROG";"EUR/kWh";2040;"0.02";"Sensitivity | Removed policies except for bio/syn fuel mandates";"Electricity"
"OPEX";"Charging Infrastructure";"NL";"MCS Station (Public Charging) - Incl. Overhead";"Rigid";"PROG";"EUR/kWh";2040;"0.02";"Sensitivity | Removed policies except for bio/syn fuel mandates";"Electricity"
"OPEX";"Charging Infrastructure";"NL";"MCS Station (Public Charging) - Incl. Overhead";"Tractor-Trailer";"PROG";"EUR/kWh";2040;"0.02";"Sensitivity | Removed policies except for bio/syn fuel mandates";"Electricity"
"OPEX";"Charging Infrastructure";"PL";"MCS Station (Public Charging) - Incl. Overhead";"Rigid";"PROG";"EUR/kWh";2040;"0.02";"Sensitivity | Removed policies except for bio/syn fuel mandates";"Electricity"
"OPEX";"Charging Infrastructure";"PL";"MCS Station (Public Charging) - Incl. Overhead";"Tractor-Trailer";"PROG";"EUR/kWh";2040;"0.02";"Sensitivity | Removed policies except for bio/syn fuel mandates";"Electricity"
"OPEX";"Charging Infrastructure";"UK";"MCS Station (Public Charging) - Incl. Overhead";"Rigid";"PROG";"EUR/kWh";2040;"0.02";"Sensitivity | Removed policies except for bio/syn fuel mandates";"Electricity"
"OPEX";"Charging Infrastructure";"UK";"MCS Station (Public Charging) - Incl. Overhead";"Tractor-Trailer";"PROG";"EUR/kWh";2040;"0.02";"Sensitivity | Removed policies except for bio/syn fuel mandates";"Electricity"
"OPEX";"Charging Infrastructure";"DE";"Share MCS-Charging";"Rigid";"PROG";"%";2040;"0.2";"Sensitivity | Removed policies except for bio/syn fuel mandates";"Electricity"
"OPEX";"Charging Infrastructure";"DE";"Share MCS-Charging";"Tractor-Trailer";"PROG";"%";2040;"0.2";"Sensitivity | Removed policies except for bio/syn fuel mandates";"Electricity"
"OPEX";"Charging Infrastructure";"ES";"Share MCS-Charging";"Rigid";"PROG";"%";2040;"0.2";"Sensitivity | Removed policies except for bio/syn fuel mandates";"Electricity"
"OPEX";"Charging Infrastructure";"ES";"Share MCS-Charging";"Tractor-Trailer";"PROG";"%";2040;"0.2";"Sensitivity | Removed policies except for bio/syn fuel mandates";"Electricity"
"OPEX";"Charging Infrastructure";"FR";"Share MCS-Charging";"Rigid";"PROG";"%";2040;"0.2";"Sensitivity | Removed policies except for bio/syn fuel mandates";"Electricity"
"OPEX";"Charging Infrastructure";"FR";"Share MCS-Charging";"Tractor-Trailer";"PROG";"%";2040;"0.2";"Sensitivity | Removed policies except for bio/syn fuel mandates";"Electricity"
"OPEX";"Charging Infrastructure";"IT";"Share MCS-Charging";"Rigid";"PROG";"%";2040;"0.2";"Sensitivity | Removed policies except for bio/syn fuel mandates";"Electricity"
"OPEX";"Charging Infrastructure";"IT";"Share MCS-Charging";"Tractor-Trailer";"PROG";"%";2040;"0.2";"Sensitivity | Removed policies except for bio/syn fuel mandates";"Electricity"
"OPEX";"Charging Infrastructure";"NL";"Share MCS-Charging";"Rigid";"PROG";"%";2040;"0.2";"Sensitivity | Removed policies except for bio/syn fuel mandates";"Electricity"
"OPEX";"Charging Infrastructure";"NL";"Share MCS-Charging";"Tractor-Trailer";"PROG";"%";2040;"0.2";"Sensitivity | Removed policies except for bio/syn fuel mandates";"Electricity"
"OPEX";"Charging Infrastructure";"PL";"Share MCS-Charging";"Rigid";"PROG";"%";2040;"0.2";"Sensitivity | Removed policies except for bio/syn fuel mandates";"Electricity"
"OPEX";"Charging Infrastructure";"PL";"Share MCS-Charging";"Tractor-Trailer";"PROG";"%";2040;"0.2";"Sensitivity | Removed policies except for bio/syn fuel mandates";"Electricity"
"OPEX";"Charging Infrastructure";"UK";"Share MCS-Charging";"Rigid";"PROG";"%";2040;"0.2";"Sensitivity | Removed policies except for bio/syn fuel mandates";"Electricity"
"OPEX";"Charging Infrastructure";"UK";"Share MCS-Charging";"Tractor-Trailer";"PROG";"%";2040;"0.2";"Sensitivity | Removed policies except for bio/syn fuel mandates";"Electricity"
"OPEX";"Charging Infrastructure";"DE";"Depot - Network fees savings potential";"Rigid";"PROG";"EUR/kWh";2040;"-0.01";"Sensitivity | Removed policies except for bio/syn fuel mandates";"Electricity"
"OPEX";"Charging Infrastructure";"DE";"Depot - Network fees savings potential";"Tractor-Trailer";"PROG";"EUR/kWh";2040;"-0.01";"Sensitivity | Removed policies except for bio/syn fuel mandates";"Electricity"
"OPEX";"Charging Infrastructure";"ES";"Depot - Network fees savings potential";"Rigid";"PROG";"EUR/kWh";2040;"-0.01";"Sensitivity | Removed policies except for bio/syn fuel mandates";"Electricity"
"OPEX";"Charging Infrastructure";"ES";"Depot - Network fees savings potential";"Tractor-Trailer";"PROG";"EUR/kWh";2040;"-0.01";"Sensitivity | Removed policies except for bio/syn fuel mandates";"Electricity"
"OPEX";"Charging Infrastructure";"FR";"Depot - Network fees savings potential";"Rigid";"PROG";"EUR/kWh";2040;"-0.01";"Sensitivity | Removed policies except for bio/syn fuel mandates";"Electricity"
"OPEX";"Charging Infrastructure";"FR";"Depot - Network fees savings potential";"Tractor-Trailer";"PROG";"EUR/kWh";2040;"-0.01";"Sensitivity | Removed policies except for bio/syn fuel mandates";"Electricity"
"OPEX";"Charging Infrastructure";"IT";"Depot - Network fees savings potential";"Rigid";"PROG";"EUR/kWh";2040;"-0.01";"Sensitivity | Removed policies except for bio/syn fuel mandates";"Electricity"
"OPEX";"Charging Infrastructure";"IT";"Depot - Network fees savings potential";"Tractor-Trailer";"PROG";"EUR/kWh";2040;"-0.01";"Sensitivity | Removed policies except for bio/syn fuel mandates";"Electricity"
"OPEX";"Charging Infrastructure";"NL";"Depot - Network fees savings potential";"Rigid";"PROG";"EUR/kWh";2040;"-0.01";"Sensitivity | Removed policies except for bio/syn fuel mandates";"Electricity"
"OPEX";"Charging Infrastructure";"NL";"Depot - Network fees savings potential";"Tractor-Trailer";"PROG";"EUR/kWh";2040;"-0.01";"Sensitivity | Removed policies except for bio/syn fuel mandates";"Electricity"
"OPEX";"Charging Infrastructure";"PL";"Depot - Network fees savings potential";"Rigid";"PROG";"EUR/kWh";2040;"-0.01";"Sensitivity | Removed policies except for bio/syn fuel mandates";"Electricity"
"OPEX";"Charging Infrastructure";"PL";"Depot - Network fees savings potential";"Tractor-Trailer";"PROG";"EUR/kWh";2040;"-0.01";"Sensitivity | Removed policies except for bio/syn fuel mandates";"Electricity"
"OPEX";"Charging Infrastructure";"UK";"Depot - Network fees savings potential";"Rigid";"PROG";"EUR/kWh";2040;"-0.01";"Sensitivity | Removed policies except for bio/syn fuel mandates";"Electricity"
"OPEX";"Charging Infrastructure";"UK";"Depot - Network fees savings potential";"Tractor-Trailer";"PROG";"EUR/kWh";2040;"-0.01";"Sensitivity | Removed policies except for bio/syn fuel mandates";"Electricity"
"OPEX";"Taxes";"DE";"Tax reduction";"Rigid";"PROG";"%";2040;"0";"Sensitivity | Removed policies except for bio/syn fuel mandates";"Hydrogen"
"OPEX";"Taxes";"DE";"Tax reduction";"Tractor-Trailer";"PROG";"%";2040;"0";"Sensitivity | Removed policies except for bio/syn fuel mandates";"Hydrogen"
"OPEX";"Taxes";"ES";"Tax reduction";"Rigid";"PROG";"%";2040;"0";"Sensitivity | Removed policies except for bio/syn fuel mandates";"Hydrogen"
"OPEX";"Taxes";"ES";"Tax reduction";"Tractor-Trailer";"PROG";"%";2040;"0";"Sensitivity | Removed policies except for bio/syn fuel mandates";"Hydrogen"
"OPEX";"Taxes";"FR";"Tax reduction";"Rigid";"PROG";"%";2040;"0";"Sensitivity | Removed policies except for bio/syn fuel mandates";"Hydrogen"
"OPEX";"Taxes";"FR";"Tax reduction";"Tractor-Trailer";"PROG";"%";2040;"0";"Sensitivity | Removed policies except for bio/syn fuel mandates";"Hydrogen"
"OPEX";"Taxes";"IT";"Tax reduction";"Rigid";"PROG";"%";2040;"0";"Sensitivity | Removed policies except for bio/syn fuel mandates";"Hydrogen"
"OPEX";"Taxes";"IT";"Tax reduction";"Tractor-Trailer";"PROG";"%";2040;"0";"Sensitivity | Removed policies except for bio/syn fuel mandates";"Hydrogen"
"OPEX";"Taxes";"NL";"Tax reduction";"Rigid";"PROG";"%";2040;"0";"Sensitivity | Removed policies except for bio/syn fuel mandates";"Hydrogen"
"OPEX";"Taxes";"NL";"Tax reduction";"Tractor-Trailer";"PROG";"%";2040;"0";"Sensitivity | Removed policies except for bio/syn fuel mandates";"Hydrogen"
"OPEX";"Taxes";"PL";"Tax reduction";"Rigid";"PROG";"%";2040;"0";"Sensitivity | Removed policies except for bio/syn fuel mandates";"Hydrogen"
"OPEX";"Taxes";"PL";"Tax reduction";"Tractor-Trailer";"PROG";"%";2040;"0";"Sensitivity | Removed policies except for bio/syn fuel mandates";"Hydrogen"
"OPEX";"Taxes";"UK";"Tax reduction";"Rigid";"PROG";"%";2040;"0";"Sensitivity | Removed policies except for bio/syn fuel mandates";"Hydrogen"
"OPEX";"Taxes";"UK";"Tax reduction";"Tractor-Trailer";"PROG";"%";2040;"0";"Sensitivity | Removed policies except for bio/syn fuel mandates";"Hydrogen"
"OPEX";"Taxes";"DE";"Excise Duty - Diesel";"Rigid";"BAU";"EUR/kWh";2040;"0.047";"Sensitivity | Removed policies except for bio/syn fuel mandates";"Diesel"
"OPEX";"Taxes";"DE";"Excise Duty - Diesel";"Tractor-Trailer";"BAU";"EUR/kWh";2040;"0.047";"Sensitivity | Removed policies except for bio/syn fuel mandates";"Diesel"
"OPEX";"Taxes";"DE";"Excise Duty - Diesel";"Rigid";"PROG";"EUR/kWh";2040;"0.047";"Sensitivity | Removed policies except for bio/syn fuel mandates";"Diesel"
"OPEX";"Taxes";"DE";"Excise Duty - Diesel";"Tractor-Trailer";"PROG";"EUR/kWh";2040;"0.047";"Sensitivity | Removed policies except for bio/syn fuel mandates";"Diesel"
"OPEX";"Taxes";"ES";"Excise Duty - Diesel";"Rigid";"BAU";"EUR/kWh";2040;"0.038";"Sensitivity | Removed policies except for bio/syn fuel mandates";"Diesel"
"OPEX";"Taxes";"ES";"Excise Duty - Diesel";"Tractor-Trailer";"BAU";"EUR/kWh";2040;"0.038";"Sensitivity | Removed policies except for bio/syn fuel mandates";"Diesel"
"OPEX";"Taxes";"ES";"Excise Duty - Diesel";"Rigid";"PROG";"EUR/kWh";2040;"0.038";"Sensitivity | Removed policies except for bio/syn fuel mandates";"Diesel"
"OPEX";"Taxes";"ES";"Excise Duty - Diesel";"Tractor-Trailer";"PROG";"EUR/kWh";2040;"0.038";"Sensitivity | Removed policies except for bio/syn fuel mandates";"Diesel"
"OPEX";"Taxes";"FR";"Excise Duty - Diesel";"Rigid";"BAU";"EUR/kWh";2040;"0.06";"Sensitivity | Removed policies except for bio/syn fuel mandates";"Diesel"
"OPEX";"Taxes";"FR";"Excise Duty - Diesel";"Tractor-Trailer";"BAU";"EUR/kWh";2040;"0.06";"Sensitivity | Removed policies except for bio/syn fuel mandates";"Diesel"
"OPEX";"Taxes";"FR";"Excise Duty - Diesel";"Rigid";"PROG";"EUR/kWh";2040;"0.06";"Sensitivity | Removed policies except for bio/syn fuel mandates";"Diesel"
"OPEX";"Taxes";"FR";"Excise Duty - Diesel";"Tractor-Trailer";"PROG";"EUR/kWh";2040;"0.06";"Sensitivity | Removed policies except for bio/syn fuel mandates";"Diesel"
"OPEX";"Taxes";"IT";"Excise Duty - Diesel";"Rigid";"BAU";"EUR/kWh";2040;"0.062";"Sensitivity | Removed policies except for bio/syn fuel mandates";"Diesel"
"OPEX";"Taxes";"IT";"Excise Duty - Diesel";"Tractor-Trailer";"BAU";"EUR/kWh";2040;"0.062";"Sensitivity | Removed policies except for bio/syn fuel mandates";"Diesel"
"OPEX";"Taxes";"IT";"Excise Duty - Diesel";"Rigid";"PROG";"EUR/kWh";2040;"0.062";"Sensitivity | Removed policies except for bio/syn fuel mandates";"Diesel"
"OPEX";"Taxes";"IT";"Excise Duty - Diesel";"Tractor-Trailer";"PROG";"EUR/kWh";2040;"0.062";"Sensitivity | Removed policies except for bio/syn fuel mandates";"Diesel"
"OPEX";"Taxes";"NL";"Excise Duty - Diesel";"Rigid";"BAU";"EUR/kWh";2040;"0.053";"Sensitivity | Removed policies except for bio/syn fuel mandates";"Diesel"
"OPEX";"Taxes";"NL";"Excise Duty - Diesel";"Tractor-Trailer";"BAU";"EUR/kWh";2040;"0.053";"Sensitivity | Removed policies except for bio/syn fuel mandates";"Diesel"
"OPEX";"Taxes";"NL";"Excise Duty - Diesel";"Rigid";"PROG";"EUR/kWh";2040;"0.053";"Sensitivity | Removed policies except for bio/syn fuel mandates";"Diesel"
"OPEX";"Taxes";"NL";"Excise Duty - Diesel";"Tractor-Trailer";"PROG";"EUR/kWh";2040;"0.053";"Sensitivity | Removed policies except for bio/syn fuel mandates";"Diesel"
"OPEX";"Taxes";"PL";"Excise Duty - Diesel";"Rigid";"BAU";"EUR/kWh";2040;"0.033";"Sensitivity | Removed policies except for bio/syn fuel mandates";"Diesel"
"OPEX";"Taxes";"PL";"Excise Duty - Diesel";"Tractor-Trailer";"BAU";"EUR/kWh";2040;"0.033";"Sensitivity | Removed policies except for bio/syn fuel mandates";"Diesel"
"OPEX";"Taxes";"PL";"Excise Duty - Diesel";"Rigid";"PROG";"EUR/kWh";2040;"0.033";"Sensitivity | Removed policies except for bio/syn fuel mandates";"Diesel"
"OPEX";"Taxes";"PL";"Excise Duty - Diesel";"Tractor-Trailer";"PROG";"EUR/kWh";2040;"0.033";"Sensitivity | Removed policies except for bio/syn fuel mandates";"Diesel"
"OPEX";"Taxes";"UK";"Excise Duty - Diesel";"Rigid";"BAU";"EUR/kWh";2040;"0.053";"Sensitivity | Removed policies except for bio/syn fuel mandates";"Diesel"
"OPEX";"Taxes";"UK";"Excise Duty - Diesel";"Tractor-Trailer";"BAU";"EUR/kWh";2040;"0.053";"Sensitivity | Removed policies except for bio/syn fuel mandates";"Diesel"
"OPEX";"Taxes";"UK";"Excise Duty - Diesel";"Rigid";"PROG";"EUR/kWh";2040;"0.053";"Sensitivity | Removed policies except for bio/syn fuel mandates";"Diesel"
"OPEX";"Taxes";"UK";"Excise Duty - Diesel";"Tractor-Trailer";"PROG";"EUR/kWh";2040;"0.053";"Sensitivity | Removed policies except for bio/syn fuel mandates";"Diesel"
"OPEX";"Taxes";"DE";"Excise Duty - Reduction biodiesel";"Rigid";"BAU";"%";2040;"0.5";"Sensitivity | Removed policies except for bio/syn fuel mandates";"Diesel"
"OPEX";"Taxes";"DE";"Excise Duty - Reduction biodiesel";"Tractor-Trailer";"BAU";"%";2040;"0.5";"Sensitivity | Removed policies except for bio/syn fuel mandates";"Diesel"
"OPEX";"Taxes";"DE";"Excise Duty - Reduction biodiesel";"Rigid";"PROG";"%";2040;"0.5";"Sensitivity | Removed policies except for bio/syn fuel mandates";"Diesel"
"OPEX";"Taxes";"DE";"Excise Duty - Reduction biodiesel";"Tractor-Trailer";"PROG";"%";2040;"0.5";"Sensitivity | Removed policies except for bio/syn fuel mandates";"Diesel"
"OPEX";"Taxes";"ES";"Excise Duty - Reduction biodiesel";"Rigid";"BAU";"%";2040;"0.5";"Sensitivity | Removed policies except for bio/syn fuel mandates";"Diesel"
"OPEX";"Taxes";"ES";"Excise Duty - Reduction biodiesel";"Tractor-Trailer";"BAU";"%";2040;"0.5";"Sensitivity | Removed policies except for bio/syn fuel mandates";"Diesel"
"OPEX";"Taxes";"ES";"Excise Duty - Reduction biodiesel";"Rigid";"PROG";"%";2040;"0.5";"Sensitivity | Removed policies except for bio/syn fuel mandates";"Diesel"
"OPEX";"Taxes";"ES";"Excise Duty - Reduction biodiesel";"Tractor-Trailer";"PROG";"%";2040;"0.5";"Sensitivity | Removed policies except for bio/syn fuel mandates";"Diesel"
"OPEX";"Taxes";"FR";"Excise Duty - Reduction biodiesel";"Rigid";"BAU";"%";2040;"0.5";"Sensitivity | Removed policies except for bio/syn fuel mandates";"Diesel"
"OPEX";"Taxes";"FR";"Excise Duty - Reduction biodiesel";"Tractor-Trailer";"BAU";"%";2040;"0.5";"Sensitivity | Removed policies except for bio/syn fuel mandates";"Diesel"
"OPEX";"Taxes";"FR";"Excise Duty - Reduction biodiesel";"Rigid";"PROG";"%";2040;"0.5";"Sensitivity | Removed policies except for bio/syn fuel mandates";"Diesel"
"OPEX";"Taxes";"FR";"Excise Duty - Reduction biodiesel";"Tractor-Trailer";"PROG";"%";2040;"0.5";"Sensitivity | Removed policies except for bio/syn fuel mandates";"Diesel"
"OPEX";"Taxes";"IT";"Excise Duty - Reduction biodiesel";"Rigid";"BAU";"%";2040;"0.5";"Sensitivity | Removed policies except for bio/syn fuel mandates";"Diesel"
"OPEX";"Taxes";"IT";"Excise Duty - Reduction biodiesel";"Tractor-Trailer";"BAU";"%";2040;"0.5";"Sensitivity | Removed policies except for bio/syn fuel mandates";"Diesel"
"OPEX";"Taxes";"IT";"Excise Duty - Reduction biodiesel";"Rigid";"PROG";"%";2040;"0.5";"Sensitivity | Removed policies except for bio/syn fuel mandates";"Diesel"
"OPEX";"Taxes";"IT";"Excise Duty - Reduction biodiesel";"Tractor-Trailer";"PROG";"%";2040;"0.5";"Sensitivity | Removed policies except for bio/syn fuel mandates";"Diesel"
"OPEX";"Taxes";"NL";"Excise Duty - Reduction biodiesel";"Rigid";"BAU";"%";2040;"0.5";"Sensitivity | Removed policies except for bio/syn fuel mandates";"Diesel"
"OPEX";"Taxes";"NL";"Excise Duty - Reduction biodiesel";"Tractor-Trailer";"BAU";"%";2040;"0.5";"Sensitivity | Removed policies except for bio/syn fuel mandates";"Diesel"
"OPEX";"Taxes";"NL";"Excise Duty - Reduction biodiesel";"Rigid";"PROG";"%";2040;"0.5";"Sensitivity | Removed policies except for bio/syn fuel mandates";"Diesel"
"OPEX";"Taxes";"NL";"Excise Duty - Reduction biodiesel";"Tractor-Trailer";"PROG";"%";2040;"0.5";"Sensitivity | Removed policies except for bio/syn fuel mandates";"Diesel"
"OPEX";"Taxes";"PL";"Excise Duty - Reduction biodiesel";"Rigid";"BAU";"%";2040;"0.5";"Sensitivity | Removed policies except for bio/syn fuel mandates";"Diesel"
"OPEX";"Taxes";"PL";"Excise Duty - Reduction biodiesel";"Tractor-Trailer";"BAU";"%";2040;"0.5";"Sensitivity | Removed policies except for bio/syn fuel mandates";"Diesel"
"OPEX";"Taxes";"PL";"Excise Duty - Reduction biodiesel";"Rigid";"PROG";"%";2040;"0.5";"Sensitivity | Removed policies except for bio/syn fuel mandates";"Diesel"
"OPEX";"Taxes";"PL";"Excise Duty - Reduction biodiesel";"Tractor-Trailer";"PROG";"%";2040;"0.5";"Sensitivity | Removed policies except for bio/syn fuel mandates";"Diesel"
"OPEX";"Taxes";"UK";"Excise Duty - Reduction biodiesel";"Rigid";"BAU";"%";2040;"0.5";"Sensitivity | Removed policies except for bio/syn fuel mandates";"Diesel"
"OPEX";"Taxes";"UK";"Excise Duty - Reduction biodiesel";"Tractor-Trailer";"BAU";"%";2040;"0.5";"Sensitivity | Removed policies except for bio/syn fuel mandates";"Diesel"
"OPEX";"Taxes";"UK";"Excise Duty - Reduction biodiesel";"Rigid";"PROG";"%";2040;"0.5";"Sensitivity | Removed policies except for bio/syn fuel mandates";"Diesel"
"OPEX";"Taxes";"UK";"Excise Duty - Reduction biodiesel";"Tractor-Trailer";"PROG";"%";2040;"0.5";"Sensitivity | Removed policies except for bio/syn fuel mandates";"Diesel"
"OPEX";"Taxes";"DE";"Excise Duty - Reduction Synthetic Diesel (E-Fuels)";"Rigid";"BAU";"%";2040;"0.5";"Sensitivity | Removed policies except for bio/syn fuel mandates";"Diesel"
"OPEX";"Taxes";"DE";"Excise Duty - Reduction Synthetic Diesel (E-Fuels)";"Tractor-Trailer";"BAU";"%";2040;"0.5";"Sensitivity | Removed policies except for bio/syn fuel mandates";"Diesel"
"OPEX";"Taxes";"DE";"Excise Duty - Reduction Synthetic Diesel (E-Fuels)";"Rigid";"PROG";"%";2040;"0.5";"Sensitivity | Removed policies except for bio/syn fuel mandates";"Diesel"
"OPEX";"Taxes";"DE";"Excise Duty - Reduction Synthetic Diesel (E-Fuels)";"Tractor-Trailer";"PROG";"%";2040;"0.5";"Sensitivity | Removed policies except for bio/syn fuel mandates";"Diesel"
"OPEX";"Taxes";"ES";"Excise Duty - Reduction Synthetic Diesel (E-Fuels)";"Rigid";"BAU";"%";2040;"0.5";"Sensitivity | Removed policies except for bio/syn fuel mandates";"Diesel"
"OPEX";"Taxes";"ES";"Excise Duty - Reduction Synthetic Diesel (E-Fuels)";"Tractor-Trailer";"BAU";"%";2040;"0.5";"Sensitivity | Removed policies except for bio/syn fuel mandates";"Diesel"
"OPEX";"Taxes";"ES";"Excise Duty - Reduction Synthetic Diesel (E-Fuels)";"Rigid";"PROG";"%";2040;"0.5";"Sensitivity | Removed policies except for bio/syn fuel mandates";"Diesel"
"OPEX";"Taxes";"ES";"Excise Duty - Reduction Synthetic Diesel (E-Fuels)";"Tractor-Trailer";"PROG";"%";2040;"0.5";"Sensitivity | Removed policies except for bio/syn fuel mandates";"Diesel"
"OPEX";"Taxes";"FR";"Excise Duty - Reduction Synthetic Diesel (E-Fuels)";"Rigid";"BAU";"%";2040;"0.5";"Sensitivity | Removed policies except for bio/syn fuel mandates";"Diesel"
"OPEX";"Taxes";"FR";"Excise Duty - Reduction Synthetic Diesel (E-Fuels)";"Tractor-Trailer";"BAU";"%";2040;"0.5";"Sensitivity | Removed policies except for bio/syn fuel mandates";"Diesel"
"OPEX";"Taxes";"FR";"Excise Duty - Reduction Synthetic Diesel (E-Fuels)";"Rigid";"PROG";"%";2040;"0.5";"Sensitivity | Removed policies except for bio/syn fuel mandates";"Diesel"
"OPEX";"Taxes";"FR";"Excise Duty - Reduction Synthetic Diesel (E-Fuels)";"Tractor-Trailer";"PROG";"%";2040;"0.5";"Sensitivity | Removed policies except for bio/syn fuel mandates";"Diesel"
"OPEX";"Taxes";"IT";"Excise Duty - Reduction Synthetic Diesel (E-Fuels)";"Rigid";"BAU";"%";2040;"0.5";"Sensitivity | Removed policies except for bio/syn fuel mandates";"Diesel"
"OPEX";"Taxes";"IT";"Excise Duty - Reduction Synthetic Diesel (E-Fuels)";"Tractor-Trailer";"BAU";"%";2040;"0.5";"Sensitivity | Removed policies except for bio/syn fuel mandates";"Diesel"
"OPEX";"Taxes";"IT";"Excise Duty - Reduction Synthetic Diesel (E-Fuels)";"Rigid";"PROG";"%";2040;"0.5";"Sensitivity | Removed policies except for bio/syn fuel mandates";"Diesel"
"OPEX";"Taxes";"IT";"Excise Duty - Reduction Synthetic Diesel (E-Fuels)";"Tractor-Trailer";"PROG";"%";2040;"0.5";"Sensitivity | Removed policies except for bio/syn fuel mandates";"Diesel"
"OPEX";"Taxes";"NL";"Excise Duty - Reduction Synthetic Diesel (E-Fuels)";"Rigid";"BAU";"%";2040;"0.5";"Sensitivity | Removed policies except for bio/syn fuel mandates";"Diesel"
"OPEX";"Taxes";"NL";"Excise Duty - Reduction Synthetic Diesel (E-Fuels)";"Tractor-Trailer";"BAU";"%";2040;"0.5";"Sensitivity | Removed policies except for bio/syn fuel mandates";"Diesel"
"OPEX";"Taxes";"NL";"Excise Duty - Reduction Synthetic Diesel (E-Fuels)";"Rigid";"PROG";"%";2040;"0.5";"Sensitivity | Removed policies except for bio/syn fuel mandates";"Diesel"
"OPEX";"Taxes";"NL";"Excise Duty - Reduction Synthetic Diesel (E-Fuels)";"Tractor-Trailer";"PROG";"%";2040;"0.5";"Sensitivity | Removed policies except for bio/syn fuel mandates";"Diesel"
"OPEX";"Taxes";"PL";"Excise Duty - Reduction Synthetic Diesel (E-Fuels)";"Rigid";"BAU";"%";2040;"0.5";"Sensitivity | Removed policies except for bio/syn fuel mandates";"Diesel"
"OPEX";"Taxes";"PL";"Excise Duty - Reduction Synthetic Diesel (E-Fuels)";"Tractor-Trailer";"BAU";"%";2040;"0.5";"Sensitivity | Removed policies except for bio/syn fuel mandates";"Diesel"
"OPEX";"Taxes";"PL";"Excise Duty - Reduction Synthetic Diesel (E-Fuels)";"Rigid";"PROG";"%";2040;"0.5";"Sensitivity | Removed policies except for bio/syn fuel mandates";"Diesel"
"OPEX";"Taxes";"PL";"Excise Duty - Reduction Synthetic Diesel (E-Fuels)";"Tractor-Trailer";"PROG";"%";2040;"0.5";"Sensitivity | Removed policies except for bio/syn fuel mandates";"Diesel"
"OPEX";"Taxes";"UK";"Excise Duty - Reduction Synthetic Diesel (E-Fuels)";"Rigid";"BAU";"%";2040;"0.5";"Sensitivity | Removed policies except for bio/syn fuel mandates";"Diesel"
"OPEX";"Taxes";"UK";"Excise Duty - Reduction Synthetic Diesel (E-Fuels)";"Tractor-Trailer";"BAU";"%";2040;"0.5";"Sensitivity | Removed policies except for bio/syn fuel mandates";"Diesel"
"OPEX";"Taxes";"UK";"Excise Duty - Reduction Synthetic Diesel (E-Fuels)";"Rigid";"PROG";"%";2040;"0.5";"Sensitivity | Removed policies except for bio/syn fuel mandates";"Diesel"
"OPEX";"Taxes";"UK";"Excise Duty - Reduction Synthetic Diesel (E-Fuels)";"Tractor-Trailer";"PROG";"%";2040;"0.5";"Sensitivity | Removed policies except for bio/syn fuel mandates";"Diesel"
"OPEX";"Taxes";"DE";"Taxes, Fees, Levies and charges - H2";"Rigid";"BAU";"EUR/kWh";2040;"0.015";"Sensitivity | Removed policies except for bio/syn fuel mandates";"Hydrogen"
"OPEX";"Taxes";"DE";"Taxes, Fees, Levies and charges - H2";"Tractor-Trailer";"BAU";"EUR/kWh";2040;"0.015";"Sensitivity | Removed policies except for bio/syn fuel mandates";"Hydrogen"
"OPEX";"Taxes";"DE";"Taxes, Fees, Levies and charges - H2";"Rigid";"PROG";"EUR/kWh";2040;"0.015";"Sensitivity | Removed policies except for bio/syn fuel mandates";"Hydrogen"
"OPEX";"Taxes";"DE";"Taxes, Fees, Levies and charges - H2";"Tractor-Trailer";"PROG";"EUR/kWh";2040;"0.015";"Sensitivity | Removed policies except for bio/syn fuel mandates";"Hydrogen"
"OPEX";"Taxes";"ES";"Taxes, Fees, Levies and charges - H2";"Rigid";"BAU";"EUR/kWh";2040;"0.008";"Sensitivity | Removed policies except for bio/syn fuel mandates";"Hydrogen"
"OPEX";"Taxes";"ES";"Taxes, Fees, Levies and charges - H2";"Tractor-Trailer";"BAU";"EUR/kWh";2040;"0.008";"Sensitivity | Removed policies except for bio/syn fuel mandates";"Hydrogen"
"OPEX";"Taxes";"ES";"Taxes, Fees, Levies and charges - H2";"Rigid";"PROG";"EUR/kWh";2040;"0.008";"Sensitivity | Removed policies except for bio/syn fuel mandates";"Hydrogen"
"OPEX";"Taxes";"ES";"Taxes, Fees, Levies and charges - H2";"Tractor-Trailer";"PROG";"EUR/kWh";2040;"0.008";"Sensitivity | Removed policies except for bio/syn fuel mandates";"Hydrogen"
"OPEX";"Taxes";"FR";"Taxes, Fees, Levies and charges - H2";"Rigid";"BAU";"EUR/kWh";2040;"0.012";"Sensitivity | Removed policies except for bio/syn fuel mandates";"Hydrogen"
"OPEX";"Taxes";"FR";"Taxes, Fees, Levies and charges - H2";"Tractor-Trailer";"BAU";"EUR/kWh";2040;"0.012";"Sensitivity | Removed policies except for bio/syn fuel mandates";"Hydrogen"
"OPEX";"Taxes";"FR";"Taxes, Fees, Levies and charges - H2";"Rigid";"PROG";"EUR/kWh";2040;"0.012";"Sensitivity | Removed policies except for bio/syn fuel mandates";"Hydrogen"
"OPEX";"Taxes";"FR";"Taxes, Fees, Levies and charges - H2";"Tractor-Trailer";"PROG";"EUR/kWh";2040;"0.012";"Sensitivity | Removed policies except for bio/syn fuel mandates";"Hydrogen"
"OPEX";"Taxes";"IT";"Taxes, Fees, Levies and charges - H2";"Rigid";"BAU";"EUR/kWh";2040;"0.009";"Sensitivity | Removed policies except for bio/syn fuel mandates";"Hydrogen"
"OPEX";"Taxes";"IT";"Taxes, Fees, Levies and charges - H2";"Tractor-Trailer";"BAU";"EUR/kWh";2040;"0.009";"Sensitivity | Removed policies except for bio/syn fuel mandates";"Hydrogen"
"OPEX";"Taxes";"IT";"Taxes, Fees, Levies and charges - H2";"Rigid";"PROG";"EUR/kWh";2040;"0.009";"Sensitivity | Removed policies except for bio/syn fuel mandates";"Hydrogen"
"OPEX";"Taxes";"IT";"Taxes, Fees, Levies and charges - H2";"Tractor-Trailer";"PROG";"EUR/kWh";2040;"0.009";"Sensitivity | Removed policies except for bio/syn fuel mandates";"Hydrogen"
"OPEX";"Taxes";"NL";"Taxes, Fees, Levies and charges - H2";"Rigid";"BAU";"EUR/kWh";2040;"0.024";"Sensitivity | Removed policies except for bio/syn fuel mandates";"Hydrogen"
"OPEX";"Taxes";"NL";"Taxes, Fees, Levies and charges - H2";"Tractor-Trailer";"BAU";"EUR/kWh";2040;"0.024";"Sensitivity | Removed policies except for bio/syn fuel mandates";"Hydrogen"
"OPEX";"Taxes";"NL";"Taxes, Fees, Levies and charges - H2";"Rigid";"PROG";"EUR/kWh";2040;"0.024";"Sensitivity | Removed policies except for bio/syn fuel mandates";"Hydrogen"
"OPEX";"Taxes";"NL";"Taxes, Fees, Levies and charges - H2";"Tractor-Trailer";"PROG";"EUR/kWh";2040;"0.024";"Sensitivity | Removed policies except for bio/syn fuel mandates";"Hydrogen"
"OPEX";"Taxes";"PL";"Taxes, Fees, Levies and charges - H2";"Rigid";"BAU";"EUR/kWh";2040;"0.009";"Sensitivity | Removed policies except for bio/syn fuel mandates";"Hydrogen"
"OPEX";"Taxes";"PL";"Taxes, Fees, Levies and charges - H2";"Tractor-Trailer";"BAU";"EUR/kWh";2040;"0.009";"Sensitivity | Removed policies except for bio/syn fuel mandates";"Hydrogen"
"OPEX";"Taxes";"PL";"Taxes, Fees, Levies and charges - H2";"Rigid";"PROG";"EUR/kWh";2040;"0.009";"Sensitivity | Removed policies except for bio/syn fuel mandates";"Hydrogen"
"OPEX";"Taxes";"PL";"Taxes, Fees, Levies and charges - H2";"Tractor-Trailer";"PROG";"EUR/kWh";2040;"0.009";"Sensitivity | Removed policies except for bio/syn fuel mandates";"Hydrogen"
"OPEX";"Taxes";"UK";"Taxes, Fees, Levies and charges - H2";"Rigid";"BAU";"EUR/kWh";2040;"0.006";"Sensitivity | Removed policies except for bio/syn fuel mandates";"Hydrogen"
"OPEX";"Taxes";"UK";"Taxes, Fees, Levies and charges - H2";"Tractor-Trailer";"BAU";"EUR/kWh";2040;"0.006";"Sensitivity | Removed policies except for bio/syn fuel mandates";"Hydrogen"
"OPEX";"Taxes";"UK";"Taxes, Fees, Levies and charges - H2";"Rigid";"PROG";"EUR/kWh";2040;"0.006";"Sensitivity | Removed policies except for bio/syn fuel mandates";"Hydrogen"
"OPEX";"Taxes";"UK";"Taxes, Fees, Levies and charges - H2";"Tractor-Trailer";"PROG";"EUR/kWh";2040;"0.006";"Sensitivity | Removed policies except for bio/syn fuel mandates";"Hydrogen"
"OPEX";"Charging Infrastructure";"DE";"MCS grid extension";"Rigid";"PROG";"EUR/kWh";2040;"0.055";"Sensitivity | Removed policies except for bio/syn fuel mandates";"Electricity"
"OPEX";"Charging Infrastructure";"DE";"MCS grid extension";"Tractor-Trailer";"PROG";"EUR/kWh";2040;"0.055";"Sensitivity | Removed policies except for bio/syn fuel mandates";"Electricity"
"OPEX";"Charging Infrastructure";"DE";"MCS grid extension";"Rigid";"BAU";"EUR/kWh";2040;"0.055";"Sensitivity | Removed policies except for bio/syn fuel mandates";"Electricity"
"OPEX";"Charging Infrastructure";"DE";"MCS grid extension";"Tractor-Trailer";"BAU";"EUR/kWh";2040;"0.055";"Sensitivity | Removed policies except for bio/syn fuel mandates";"Electricity"
"OPEX";"Charging Infrastructure";"ES";"MCS grid extension";"Rigid";"PROG";"EUR/kWh";2040;"0.055";"Sensitivity | Removed policies except for bio/syn fuel mandates";"Electricity"
"OPEX";"Charging Infrastructure";"ES";"MCS grid extension";"Tractor-Trailer";"PROG";"EUR/kWh";2040;"0.055";"Sensitivity | Removed policies except for bio/syn fuel mandates";"Electricity"
"OPEX";"Charging Infrastructure";"ES";"MCS grid extension";"Rigid";"BAU";"EUR/kWh";2040;"0.055";"Sensitivity | Removed policies except for bio/syn fuel mandates";"Electricity"
"OPEX";"Charging Infrastructure";"ES";"MCS grid extension";"Tractor-Trailer";"BAU";"EUR/kWh";2040;"0.055";"Sensitivity | Removed policies except for bio/syn fuel mandates";"Electricity"
"OPEX";"Charging Infrastructure";"FR";"MCS grid extension";"Rigid";"PROG";"EUR/kWh";2040;"0.055";"Sensitivity | Removed policies except for bio/syn fuel mandates";"Electricity"
"OPEX";"Charging Infrastructure";"FR";"MCS grid extension";"Tractor-Trailer";"PROG";"EUR/kWh";2040;"0.055";"Sensitivity | Removed policies except for bio/syn fuel mandates";"Electricity"
"OPEX";"Charging Infrastructure";"FR";"MCS grid extension";"Rigid";"BAU";"EUR/kWh";2040;"0.055";"Sensitivity | Removed policies except for bio/syn fuel mandates";"Electricity"
"OPEX";"Charging Infrastructure";"FR";"MCS grid extension";"Tractor-Trailer";"BAU";"EUR/kWh";2040;"0.055";"Sensitivity | Removed policies except for bio/syn fuel mandates";"Electricity"
"OPEX";"Charging Infrastructure";"IT";"MCS grid extension";"Rigid";"PROG";"EUR/kWh";2040;"0.055";"Sensitivity | Removed policies except for bio/syn fuel mandates";"Electricity"
"OPEX";"Charging Infrastructure";"IT";"MCS grid extension";"Tractor-Trailer";"PROG";"EUR/kWh";2040;"0.055";"Sensitivity | Removed policies except for bio/syn fuel mandates";"Electricity"
"OPEX";"Charging Infrastructure";"IT";"MCS grid extension";"Rigid";"BAU";"EUR/kWh";2040;"0.055";"Sensitivity | Removed policies except for bio/syn fuel mandates";"Electricity"
"OPEX";"Charging Infrastructure";"IT";"MCS grid extension";"Tractor-Trailer";"BAU";"EUR/kWh";2040;"0.055";"Sensitivity | Removed policies except for bio/syn fuel mandates";"Electricity"
"OPEX";"Charging Infrastructure";"NL";"MCS grid extension";"Rigid";"PROG";"EUR/kWh";2040;"0.055";"Sensitivity | Removed policies except for bio/syn fuel mandates";"Electricity"
"OPEX";"Charging Infrastructure";"NL";"MCS grid extension";"Tractor-Trailer";"PROG";"EUR/kWh";2040;"0.055";"Sensitivity | Removed policies except for bio/syn fuel mandates";"Electricity"
"OPEX";"Charging Infrastructure";"NL";"MCS grid extension";"Rigid";"BAU";"EUR/kWh";2040;"0.055";"Sensitivity | Removed policies except for bio/syn fuel mandates";"Electricity"
"OPEX";"Charging Infrastructure";"NL";"MCS grid extension";"Tractor-Trailer";"BAU";"EUR/kWh";2040;"0.055";"Sensitivity | Removed policies except for bio/syn fuel mandates";"Electricity"
"OPEX";"Charging Infrastructure";"PL";"MCS grid extension";"Rigid";"PROG";"EUR/kWh";2040;"0.055";"Sensitivity | Removed policies except for bio/syn fuel mandates";"Electricity"
"OPEX";"Charging Infrastructure";"PL";"MCS grid extension";"Tractor-Trailer";"PROG";"EUR/kWh";2040;"0.055";"Sensitivity | Removed policies except for bio/syn fuel mandates";"Electricity"
"OPEX";"Charging Infrastructure";"PL";"MCS grid extension";"Rigid";"BAU";"EUR/kWh";2040;"0.055";"Sensitivity | Removed policies except for bio/syn fuel mandates";"Electricity"
"OPEX";"Charging Infrastructure";"PL";"MCS grid extension";"Tractor-Trailer";"BAU";"EUR/kWh";2040;"0.055";"Sensitivity | Removed policies except for bio/syn fuel mandates";"Electricity"
"OPEX";"Charging Infrastructure";"UK";"MCS grid extension";"Rigid";"PROG";"EUR/kWh";2040;"0.055";"Sensitivity | Removed policies except for bio/syn fuel mandates";"Electricity"
"OPEX";"Charging Infrastructure";"UK";"MCS grid extension";"Tractor-Trailer";"PROG";"EUR/kWh";2040;"0.055";"Sensitivity | Removed policies except for bio/syn fuel mandates";"Electricity"
"OPEX";"Charging Infrastructure";"UK";"MCS grid extension";"Rigid";"BAU";"EUR/kWh";2040;"0.055";"Sensitivity | Removed policies except for bio/syn fuel mandates";"Electricity"
"OPEX";"Charging Infrastructure";"UK";"MCS grid extension";"Tractor-Trailer";"BAU";"EUR/kWh";2040;"0.055";"Sensitivity | Removed policies except for bio/syn fuel mandates";"Electricity"
"OPEX";"Charging Infrastructure";"DE";"MCS Profit and Mark-Up";"Rigid";"PROG";"%";2040;"0.1";"Sensitivity | Removed policies except for bio/syn fuel mandates";"Electricity"
"OPEX";"Charging Infrastructure";"DE";"MCS Profit and Mark-Up";"Tractor-Trailer";"PROG";"%";2040;"0.1";"Sensitivity | Removed policies except for bio/syn fuel mandates";"Electricity"
"OPEX";"Charging Infrastructure";"DE";"MCS Profit and Mark-Up";"Rigid";"BAU";"%";2040;"0.1";"Sensitivity | Removed policies except for bio/syn fuel mandates";"Electricity"
"OPEX";"Charging Infrastructure";"DE";"MCS Profit and Mark-Up";"Tractor-Trailer";"BAU";"%";2040;"0.1";"Sensitivity | Removed policies except for bio/syn fuel mandates";"Electricity"
"OPEX";"Charging Infrastructure";"ES";"MCS Profit and Mark-Up";"Rigid";"PROG";"%";2040;"0.1";"Sensitivity | Removed policies except for bio/syn fuel mandates";"Electricity"
"OPEX";"Charging Infrastructure";"ES";"MCS Profit and Mark-Up";"Tractor-Trailer";"PROG";"%";2040;"0.1";"Sensitivity | Removed policies except for bio/syn fuel mandates";"Electricity"
"OPEX";"Charging Infrastructure";"ES";"MCS Profit and Mark-Up";"Rigid";"BAU";"%";2040;"0.1";"Sensitivity | Removed policies except for bio/syn fuel mandates";"Electricity"
"OPEX";"Charging Infrastructure";"ES";"MCS Profit and Mark-Up";"Tractor-Trailer";"BAU";"%";2040;"0.1";"Sensitivity | Removed policies except for bio/syn fuel mandates";"Electricity"
"OPEX";"Charging Infrastructure";"FR";"MCS Profit and Mark-Up";"Rigid";"PROG";"%";2040;"0.1";"Sensitivity | Removed policies except for bio/syn fuel mandates";"Electricity"
"OPEX";"Charging Infrastructure";"FR";"MCS Profit and Mark-Up";"Tractor-Trailer";"PROG";"%";2040;"0.1";"Sensitivity | Removed policies except for bio/syn fuel mandates";"Electricity"
"OPEX";"Charging Infrastructure";"FR";"MCS Profit and Mark-Up";"Rigid";"BAU";"%";2040;"0.1";"Sensitivity | Removed policies except for bio/syn fuel mandates";"Electricity"
"OPEX";"Charging Infrastructure";"FR";"MCS Profit and Mark-Up";"Tractor-Trailer";"BAU";"%";2040;"0.1";"Sensitivity | Removed policies except for bio/syn fuel mandates";"Electricity"
"OPEX";"Charging Infrastructure";"IT";"MCS Profit and Mark-Up";"Rigid";"PROG";"%";2040;"0.1";"Sensitivity | Removed policies except for bio/syn fuel mandates";"Electricity"
"OPEX";"Charging Infrastructure";"IT";"MCS Profit and Mark-Up";"Tractor-Trailer";"PROG";"%";2040;"0.1";"Sensitivity | Removed policies except for bio/syn fuel mandates";"Electricity"
"OPEX";"Charging Infrastructure";"IT";"MCS Profit and Mark-Up";"Rigid";"BAU";"%";2040;"0.1";"Sensitivity | Removed policies except for bio/syn fuel mandates";"Electricity"
"OPEX";"Charging Infrastructure";"IT";"MCS Profit and Mark-Up";"Tractor-Trailer";"BAU";"%";2040;"0.1";"Sensitivity | Removed policies except for bio/syn fuel mandates";"Electricity"
"OPEX";"Charging Infrastructure";"NL";"MCS Profit and Mark-Up";"Rigid";"PROG";"%";2040;"0.1";"Sensitivity | Removed policies except for bio/syn fuel mandates";"Electricity"
"OPEX";"Charging Infrastructure";"NL";"MCS Profit and Mark-Up";"Tractor-Trailer";"PROG";"%";2040;"0.1";"Sensitivity | Removed policies except for bio/syn fuel mandates";"Electricity"
"OPEX";"Charging Infrastructure";"NL";"MCS Profit and Mark-Up";"Rigid";"BAU";"%";2040;"0.1";"Sensitivity | Removed policies except for bio/syn fuel mandates";"Electricity"
"OPEX";"Charging Infrastructure";"NL";"MCS Profit and Mark-Up";"Tractor-Trailer";"BAU";"%";2040;"0.1";"Sensitivity | Removed policies except for bio/syn fuel mandates";"Electricity"
"OPEX";"Charging Infrastructure";"PL";"MCS Profit and Mark-Up";"Rigid";"PROG";"%";2040;"0.1";"Sensitivity | Removed policies except for bio/syn fuel mandates";"Electricity"
"OPEX";"Charging Infrastructure";"PL";"MCS Profit and Mark-Up";"Tractor-Trailer";"PROG";"%";2040;"0.1";"Sensitivity | Removed policies except for bio/syn fuel mandates";"Electricity"
"OPEX";"Charging Infrastructure";"PL";"MCS Profit and Mark-Up";"Rigid";"BAU";"%";2040;"0.1";"Sensitivity | Removed policies except for bio/syn fuel mandates";"Electricity"
"OPEX";"Charging Infrastructure";"PL";"MCS Profit and Mark-Up";"Tractor-Trailer";"BAU";"%";2040;"0.1";"Sensitivity | Removed policies except for bio/syn fuel mandates";"Electricity"
"OPEX";"Charging Infrastructure";"UK";"MCS Profit and Mark-Up";"Rigid";"PROG";"%";2040;"0.1";"Sensitivity | Removed policies except for bio/syn fuel mandates";"Electricity"
"OPEX";"Charging Infrastructure";"UK";"MCS Profit and Mark-Up";"Tractor-Trailer";"PROG";"%";2040;"0.1";"Sensitivity | Removed policies except for bio/syn fuel mandates";"Electricity"
"OPEX";"Charging Infrastructure";"UK";"MCS Profit and Mark-Up";"Rigid";"BAU";"%";2040;"0.1";"Sensitivity | Removed policies except for bio/syn fuel mandates";"Electricity"
"OPEX";"Charging Infrastructure";"UK";"MCS Profit and Mark-Up";"Tractor-Trailer";"BAU";"%";2040;"0.1";"Sensitivity | Removed policies except for bio/syn fuel mandates";"Electricity"
"OPEX";"Charging Infrastructure";"DE";"CCS Station (Depot) - Incl. Overhead";"Rigid";"PROG";"EUR/kWh";2040;"0.024";"Sensitivity | Removed policies except for bio/syn fuel mandates";"Electricity"
"OPEX";"Charging Infrastructure";"DE";"CCS Station (Depot) - Incl. Overhead";"Tractor-Trailer";"PROG";"EUR/kWh";2040;"0.024";"Sensitivity | Removed policies except for bio/syn fuel mandates";"Electricity"
"OPEX";"Charging Infrastructure";"DE";"CCS Station (Depot) - Incl. Overhead";"Rigid";"BAU";"EUR/kWh";2040;"0.024";"Sensitivity | Removed policies except for bio/syn fuel mandates";"Electricity"
"OPEX";"Charging Infrastructure";"DE";"CCS Station (Depot) - Incl. Overhead";"Tractor-Trailer";"BAU";"EUR/kWh";2040;"0.024";"Sensitivity | Removed policies except for bio/syn fuel mandates";"Electricity"
"OPEX";"Charging Infrastructure";"ES";"CCS Station (Depot) - Incl. Overhead";"Rigid";"PROG";"EUR/kWh";2040;"0.024";"Sensitivity | Removed policies except for bio/syn fuel mandates";"Electricity"
"OPEX";"Charging Infrastructure";"ES";"CCS Station (Depot) - Incl. Overhead";"Tractor-Trailer";"PROG";"EUR/kWh";2040;"0.024";"Sensitivity | Removed policies except for bio/syn fuel mandates";"Electricity"
"OPEX";"Charging Infrastructure";"ES";"CCS Station (Depot) - Incl. Overhead";"Rigid";"BAU";"EUR/kWh";2040;"0.024";"Sensitivity | Removed policies except for bio/syn fuel mandates";"Electricity"
"OPEX";"Charging Infrastructure";"ES";"CCS Station (Depot) - Incl. Overhead";"Tractor-Trailer";"BAU";"EUR/kWh";2040;"0.024";"Sensitivity | Removed policies except for bio/syn fuel mandates";"Electricity"
"OPEX";"Charging Infrastructure";"FR";"CCS Station (Depot) - Incl. Overhead";"Rigid";"PROG";"EUR/kWh";2040;"0.024";"Sensitivity | Removed policies except for bio/syn fuel mandates";"Electricity"
"OPEX";"Charging Infrastructure";"FR";"CCS Station (Depot) - Incl. Overhead";"Tractor-Trailer";"PROG";"EUR/kWh";2040;"0.024";"Sensitivity | Removed policies except for bio/syn fuel mandates";"Electricity"
"OPEX";"Charging Infrastructure";"FR";"CCS Station (Depot) - Incl. Overhead";"Rigid";"BAU";"EUR/kWh";2040;"0.024";"Sensitivity | Removed policies except for bio/syn fuel mandates";"Electricity"
"OPEX";"Charging Infrastructure";"FR";"CCS Station (Depot) - Incl. Overhead";"Tractor-Trailer";"BAU";"EUR/kWh";2040;"0.024";"Sensitivity | Removed policies except for bio/syn fuel mandates";"Electricity"
"OPEX";"Charging Infrastructure";"IT";"CCS Station (Depot) - Incl. Overhead";"Rigid";"PROG";"EUR/kWh";2040;"0.024";"Sensitivity | Removed policies except for bio/syn fuel mandates";"Electricity"
"OPEX";"Charging Infrastructure";"IT";"CCS Station (Depot) - Incl. Overhead";"Tractor-Trailer";"PROG";"EUR/kWh";2040;"0.024";"Sensitivity | Removed policies except for bio/syn fuel mandates";"Electricity"
"OPEX";"Charging Infrastructure";"IT";"CCS Station (Depot) - Incl. Overhead";"Rigid";"BAU";"EUR/kWh";2040;"0.024";"Sensitivity | Removed policies except for bio/syn fuel mandates";"Electricity"
"OPEX";"Charging Infrastructure";"IT";"CCS Station (Depot) - Incl. Overhead";"Tractor-Trailer";"BAU";"EUR/kWh";2040;"0.024";"Sensitivity | Removed policies except for bio/syn fuel mandates";"Electricity"
"OPEX";"Charging Infrastructure";"NL";"CCS Station (Depot) - Incl. Overhead";"Rigid";"PROG";"EUR/kWh";2040;"0.024";"Sensitivity | Removed policies except for bio/syn fuel mandates";"Electricity"
"OPEX";"Charging Infrastructure";"NL";"CCS Station (Depot) - Incl. Overhead";"Tractor-Trailer";"PROG";"EUR/kWh";2040;"0.024";"Sensitivity | Removed policies except for bio/syn fuel mandates";"Electricity"
"OPEX";"Charging Infrastructure";"NL";"CCS Station (Depot) - Incl. Overhead";"Rigid";"BAU";"EUR/kWh";2040;"0.024";"Sensitivity | Removed policies except for bio/syn fuel mandates";"Electricity"
"OPEX";"Charging Infrastructure";"NL";"CCS Station (Depot) - Incl. Overhead";"Tractor-Trailer";"BAU";"EUR/kWh";2040;"0.024";"Sensitivity | Removed policies except for bio/syn fuel mandates";"Electricity"
"OPEX";"Charging Infrastructure";"PL";"CCS Station (Depot) - Incl. Overhead";"Rigid";"PROG";"EUR/kWh";2040;"0.024";"Sensitivity | Removed policies except for bio/syn fuel mandates";"Electricity"
"OPEX";"Charging Infrastructure";"PL";"CCS Station (Depot) - Incl. Overhead";"Tractor-Trailer";"PROG";"EUR/kWh";2040;"0.024";"Sensitivity | Removed policies except for bio/syn fuel mandates";"Electricity"
"OPEX";"Charging Infrastructure";"PL";"CCS Station (Depot) - Incl. Overhead";"Rigid";"BAU";"EUR/kWh";2040;"0.024";"Sensitivity | Removed policies except for bio/syn fuel mandates";"Electricity"
"OPEX";"Charging Infrastructure";"PL";"CCS Station (Depot) - Incl. Overhead";"Tractor-Trailer";"BAU";"EUR/kWh";2040;"0.024";"Sensitivity | Removed policies except for bio/syn fuel mandates";"Electricity"
"OPEX";"Charging Infrastructure";"UK";"CCS Station (Depot) - Incl. Overhead";"Rigid";"PROG";"EUR/kWh";2040;"0.024";"Sensitivity | Removed policies except for bio/syn fuel mandates";"Electricity"
"OPEX";"Charging Infrastructure";"UK";"CCS Station (Depot) - Incl. Overhead";"Tractor-Trailer";"PROG";"EUR/kWh";2040;"0.024";"Sensitivity | Removed policies except for bio/syn fuel mandates";"Electricity"
"OPEX";"Charging Infrastructure";"UK";"CCS Station (Depot) - Incl. Overhead";"Rigid";"BAU";"EUR/kWh";2040;"0.024";"Sensitivity | Removed policies except for bio/syn fuel mandates";"Electricity"
"OPEX";"Charging Infrastructure";"UK";"CCS Station (Depot) - Incl. Overhead";"Tractor-Trailer";"BAU";"EUR/kWh";2040;"0.024";"Sensitivity | Removed policies except for bio/syn fuel mandates";"Electricity"
"OPEX";"Charging Infrastructure";"DE";"CCS grid extension";"Rigid";"PROG";"EUR/kWh";2040;"0.045";"Sensitivity | Removed policies except for bio/syn fuel mandates";"Electricity"
"OPEX";"Charging Infrastructure";"DE";"CCS grid extension";"Tractor-Trailer";"PROG";"EUR/kWh";2040;"0.045";"Sensitivity | Removed policies except for bio/syn fuel mandates";"Electricity"
"OPEX";"Charging Infrastructure";"DE";"CCS grid extension";"Rigid";"BAU";"EUR/kWh";2040;"0.045";"Sensitivity | Removed policies except for bio/syn fuel mandates";"Electricity"
"OPEX";"Charging Infrastructure";"DE";"CCS grid extension";"Tractor-Trailer";"BAU";"EUR/kWh";2040;"0.045";"Sensitivity | Removed policies except for bio/syn fuel mandates";"Electricity"
"OPEX";"Charging Infrastructure";"ES";"CCS grid extension";"Rigid";"PROG";"EUR/kWh";2040;"0.045";"Sensitivity | Removed policies except for bio/syn fuel mandates";"Electricity"
"OPEX";"Charging Infrastructure";"ES";"CCS grid extension";"Tractor-Trailer";"PROG";"EUR/kWh";2040;"0.045";"Sensitivity | Removed policies except for bio/syn fuel mandates";"Electricity"
"OPEX";"Charging Infrastructure";"ES";"CCS grid extension";"Rigid";"BAU";"EUR/kWh";2040;"0.045";"Sensitivity | Removed policies except for bio/syn fuel mandates";"Electricity"
"OPEX";"Charging Infrastructure";"ES";"CCS grid extension";"Tractor-Trailer";"BAU";"EUR/kWh";2040;"0.045";"Sensitivity | Removed policies except for bio/syn fuel mandates";"Electricity"
"OPEX";"Charging Infrastructure";"FR";"CCS grid extension";"Rigid";"PROG";"EUR/kWh";2040;"0.045";"Sensitivity | Removed policies except for bio/syn fuel mandates";"Electricity"
"OPEX";"Charging Infrastructure";"FR";"CCS grid extension";"Tractor-Trailer";"PROG";"EUR/kWh";2040;"0.045";"Sensitivity | Removed policies except for bio/syn fuel mandates";"Electricity"
"OPEX";"Charging Infrastructure";"FR";"CCS grid extension";"Rigid";"BAU";"EUR/kWh";2040;"0.045";"Sensitivity | Removed policies except for bio/syn fuel mandates";"Electricity"
"OPEX";"Charging Infrastructure";"FR";"CCS grid extension";"Tractor-Trailer";"BAU";"EUR/kWh";2040;"0.045";"Sensitivity | Removed policies except for bio/syn fuel mandates";"Electricity"
"OPEX";"Charging Infrastructure";"IT";"CCS grid extension";"Rigid";"PROG";"EUR/kWh";2040;"0.045";"Sensitivity | Removed policies except for bio/syn fuel mandates";"Electricity"
"OPEX";"Charging Infrastructure";"IT";"CCS grid extension";"Tractor-Trailer";"PROG";"EUR/kWh";2040;"0.045";"Sensitivity | Removed policies except for bio/syn fuel mandates";"Electricity"
"OPEX";"Charging Infrastructure";"IT";"CCS grid extension";"Rigid";"BAU";"EUR/kWh";2040;"0.045";"Sensitivity | Removed policies except for bio/syn fuel mandates";"Electricity"
"OPEX";"Charging Infrastructure";"IT";"CCS grid extension";"Tractor-Trailer";"BAU";"EUR/kWh";2040;"0.045";"Sensitivity | Removed policies except for bio/syn fuel mandates";"Electricity"
"OPEX";"Charging Infrastructure";"NL";"CCS grid extension";"Rigid";"PROG";"EUR/kWh";2040;"0.045";"Sensitivity | Removed policies except for bio/syn fuel mandates";"Electricity"
"OPEX";"Charging Infrastructure";"NL";"CCS grid extension";"Tractor-Trailer";"PROG";"EUR/kWh";2040;"0.045";"Sensitivity | Removed policies except for bio/syn fuel mandates";"Electricity"
"OPEX";"Charging Infrastructure";"NL";"CCS grid extension";"Rigid";"BAU";"EUR/kWh";2040;"0.045";"Sensitivity | Removed policies except for bio/syn fuel mandates";"Electricity"
"OPEX";"Charging Infrastructure";"NL";"CCS grid extension";"Tractor-Trailer";"BAU";"EUR/kWh";2040;"0.045";"Sensitivity | Removed policies except for bio/syn fuel mandates";"Electricity"
"OPEX";"Charging Infrastructure";"PL";"CCS grid extension";"Rigid";"PROG";"EUR/kWh";2040;"0.045";"Sensitivity | Removed policies except for bio/syn fuel mandates";"Electricity"
"OPEX";"Charging Infrastructure";"PL";"CCS grid extension";"Tractor-Trailer";"PROG";"EUR/kWh";2040;"0.045";"Sensitivity | Removed policies except for bio/syn fuel mandates";"Electricity"
"OPEX";"Charging Infrastructure";"PL";"CCS grid extension";"Rigid";"BAU";"EUR/kWh";2040;"0.045";"Sensitivity | Removed policies except for bio/syn fuel mandates";"Electricity"
"OPEX";"Charging Infrastructure";"PL";"CCS grid extension";"Tractor-Trailer";"BAU";"EUR/kWh";2040;"0.045";"Sensitivity | Removed policies except for bio/syn fuel mandates";"Electricity"
"OPEX";"Charging Infrastructure";"UK";"CCS grid extension";"Rigid";"PROG";"EUR/kWh";2040;"0.045";"Sensitivity | Removed policies except for bio/syn fuel mandates";"Electricity"
"OPEX";"Charging Infrastructure";"UK";"CCS grid extension";"Tractor-Trailer";"PROG";"EUR/kWh";2040;"0.045";"Sensitivity | Removed policies except for bio/syn fuel mandates";"Electricity"
"OPEX";"Charging Infrastructure";"UK";"CCS grid extension";"Rigid";"BAU";"EUR/kWh";2040;"0.045";"Sensitivity | Removed policies except for bio/syn fuel mandates";"Electricity"
"OPEX";"Charging Infrastructure";"UK";"CCS grid extension";"Tractor-Trailer";"BAU";"EUR/kWh";2040;"0.045";"Sensitivity | Removed policies except for bio/syn fuel mandates";"Electricity"
"OPEX";"Diesel Infrastructure";"DE";"Total Diesel Mark-Up";"Rigid";"BAU";"EUR/kWh";2040;"0.018";"Sensitivity | Removed policies except for bio/syn fuel mandates";"Diesel"
"OPEX";"Diesel Infrastructure";"DE";"Total Diesel Mark-Up";"Tractor-Trailer";"BAU";"EUR/kWh";2040;"0.018";"Sensitivity | Removed policies except for bio/syn fuel mandates";"Diesel"
"OPEX";"Diesel Infrastructure";"DE";"Total Diesel Mark-Up";"Rigid";"PROG";"EUR/kWh";2040;"0.018";"Sensitivity | Removed policies except for bio/syn fuel mandates";"Diesel"
"OPEX";"Diesel Infrastructure";"DE";"Total Diesel Mark-Up";"Tractor-Trailer";"PROG";"EUR/kWh";2040;"0.018";"Sensitivity | Removed policies except for bio/syn fuel mandates";"Diesel"
"OPEX";"Diesel Infrastructure";"ES";"Total Diesel Mark-Up";"Rigid";"BAU";"EUR/kWh";2040;"0.018";"Sensitivity | Removed policies except for bio/syn fuel mandates";"Diesel"
"OPEX";"Diesel Infrastructure";"ES";"Total Diesel Mark-Up";"Tractor-Trailer";"BAU";"EUR/kWh";2040;"0.018";"Sensitivity | Removed policies except for bio/syn fuel mandates";"Diesel"
"OPEX";"Diesel Infrastructure";"ES";"Total Diesel Mark-Up";"Rigid";"PROG";"EUR/kWh";2040;"0.018";"Sensitivity | Removed policies except for bio/syn fuel mandates";"Diesel"
"OPEX";"Diesel Infrastructure";"ES";"Total Diesel Mark-Up";"Tractor-Trailer";"PROG";"EUR/kWh";2040;"0.018";"Sensitivity | Removed policies except for bio/syn fuel mandates";"Diesel"
"OPEX";"Diesel Infrastructure";"FR";"Total Diesel Mark-Up";"Rigid";"BAU";"EUR/kWh";2040;"0.018";"Sensitivity | Removed policies except for bio/syn fuel mandates";"Diesel"
"OPEX";"Diesel Infrastructure";"FR";"Total Diesel Mark-Up";"Tractor-Trailer";"BAU";"EUR/kWh";2040;"0.018";"Sensitivity | Removed policies except for bio/syn fuel mandates";"Diesel"
"OPEX";"Diesel Infrastructure";"FR";"Total Diesel Mark-Up";"Rigid";"PROG";"EUR/kWh";2040;"0.018";"Sensitivity | Removed policies except for bio/syn fuel mandates";"Diesel"
"OPEX";"Diesel Infrastructure";"FR";"Total Diesel Mark-Up";"Tractor-Trailer";"PROG";"EUR/kWh";2040;"0.018";"Sensitivity | Removed policies except for bio/syn fuel mandates";"Diesel"
"OPEX";"Diesel Infrastructure";"IT";"Total Diesel Mark-Up";"Rigid";"BAU";"EUR/kWh";2040;"0.018";"Sensitivity | Removed policies except for bio/syn fuel mandates";"Diesel"
"OPEX";"Diesel Infrastructure";"IT";"Total Diesel Mark-Up";"Tractor-Trailer";"BAU";"EUR/kWh";2040;"0.018";"Sensitivity | Removed policies except for bio/syn fuel mandates";"Diesel"
"OPEX";"Diesel Infrastructure";"IT";"Total Diesel Mark-Up";"Rigid";"PROG";"EUR/kWh";2040;"0.018";"Sensitivity | Removed policies except for bio/syn fuel mandates";"Diesel"
"OPEX";"Diesel Infrastructure";"IT";"Total Diesel Mark-Up";"Tractor-Trailer";"PROG";"EUR/kWh";2040;"0.018";"Sensitivity | Removed policies except for bio/syn fuel mandates";"Diesel"
"OPEX";"Diesel Infrastructure";"NL";"Total Diesel Mark-Up";"Rigid";"BAU";"EUR/kWh";2040;"0.018";"Sensitivity | Removed policies except for bio/syn fuel mandates";"Diesel"
"OPEX";"Diesel Infrastructure";"NL";"Total Diesel Mark-Up";"Tractor-Trailer";"BAU";"EUR/kWh";2040;"0.018";"Sensitivity | Removed policies except for bio/syn fuel mandates";"Diesel"
"OPEX";"Diesel Infrastructure";"NL";"Total Diesel Mark-Up";"Rigid";"PROG";"EUR/kWh";2040;"0.018";"Sensitivity | Removed policies except for bio/syn fuel mandates";"Diesel"
"OPEX";"Diesel Infrastructure";"NL";"Total Diesel Mark-Up";"Tractor-Trailer";"PROG";"EUR/kWh";2040;"0.018";"Sensitivity | Removed policies except for bio/syn fuel mandates";"Diesel"
"OPEX";"Diesel Infrastructure";"PL";"Total Diesel Mark-Up";"Rigid";"BAU";"EUR/kWh";2040;"0.018";"Sensitivity | Removed policies except for bio/syn fuel mandates";"Diesel"
"OPEX";"Diesel Infrastructure";"PL";"Total Diesel Mark-Up";"Tractor-Trailer";"BAU";"EUR/kWh";2040;"0.018";"Sensitivity | Removed policies except for bio/syn fuel mandates";"Diesel"
"OPEX";"Diesel Infrastructure";"PL";"Total Diesel Mark-Up";"Rigid";"PROG";"EUR/kWh";2040;"0.018";"Sensitivity | Removed policies except for bio/syn fuel mandates";"Diesel"
"OPEX";"Diesel Infrastructure";"PL";"Total Diesel Mark-Up";"Tractor-Trailer";"PROG";"EUR/kWh";2040;"0.018";"Sensitivity | Removed policies except for bio/syn fuel mandates";"Diesel"
"OPEX";"Diesel Infrastructure";"UK";"Total Diesel Mark-Up";"Rigid";"BAU";"EUR/kWh";2040;"0.018";"Sensitivity | Removed policies except for bio/syn fuel mandates";"Diesel"
"OPEX";"Diesel Infrastructure";"UK";"Total Diesel Mark-Up";"Tractor-Trailer";"BAU";"EUR/kWh";2040;"0.018";"Sensitivity | Removed policies except for bio/syn fuel mandates";"Diesel"
"OPEX";"Diesel Infrastructure";"UK";"Total Diesel Mark-Up";"Rigid";"PROG";"EUR/kWh";2040;"0.018";"Sensitivity | Removed policies except for bio/syn fuel mandates";"Diesel"
"OPEX";"Diesel Infrastructure";"UK";"Total Diesel Mark-Up";"Tractor-Trailer";"PROG";"EUR/kWh";2040;"0.018";"Sensitivity | Removed policies except for bio/syn fuel mandates";"Diesel"
"OPEX";"Diesel Infrastructure";"DE";"CO2 emission factor Biodiesel";"Rigid";"BAU";"%";2040;"0.155";"Sensitivity | Removed policies except for bio/syn fuel mandates";"Diesel"
"OPEX";"Diesel Infrastructure";"DE";"CO2 emission factor Biodiesel";"Tractor-Trailer";"BAU";"%";2040;"0.155";"Sensitivity | Removed policies except for bio/syn fuel mandates";"Diesel"
"OPEX";"Diesel Infrastructure";"DE";"CO2 emission factor Biodiesel";"Rigid";"PROG";"%";2040;"0.155";"Sensitivity | Removed policies except for bio/syn fuel mandates";"Diesel"
"OPEX";"Diesel Infrastructure";"DE";"CO2 emission factor Biodiesel";"Tractor-Trailer";"PROG";"%";2040;"0.155";"Sensitivity | Removed policies except for bio/syn fuel mandates";"Diesel"
"OPEX";"Diesel Infrastructure";"ES";"CO2 emission factor Biodiesel";"Rigid";"BAU";"%";2040;"0.155";"Sensitivity | Removed policies except for bio/syn fuel mandates";"Diesel"
"OPEX";"Diesel Infrastructure";"ES";"CO2 emission factor Biodiesel";"Tractor-Trailer";"BAU";"%";2040;"0.155";"Sensitivity | Removed policies except for bio/syn fuel mandates";"Diesel"
"OPEX";"Diesel Infrastructure";"ES";"CO2 emission factor Biodiesel";"Rigid";"PROG";"%";2040;"0.155";"Sensitivity | Removed policies except for bio/syn fuel mandates";"Diesel"
"OPEX";"Diesel Infrastructure";"ES";"CO2 emission factor Biodiesel";"Tractor-Trailer";"PROG";"%";2040;"0.155";"Sensitivity | Removed policies except for bio/syn fuel mandates";"Diesel"
"OPEX";"Diesel Infrastructure";"FR";"CO2 emission factor Biodiesel";"Rigid";"BAU";"%";2040;"0.155";"Sensitivity | Removed policies except for bio/syn fuel mandates";"Diesel"
"OPEX";"Diesel Infrastructure";"FR";"CO2 emission factor Biodiesel";"Tractor-Trailer";"BAU";"%";2040;"0.155";"Sensitivity | Removed policies except for bio/syn fuel mandates";"Diesel"
"OPEX";"Diesel Infrastructure";"FR";"CO2 emission factor Biodiesel";"Rigid";"PROG";"%";2040;"0.155";"Sensitivity | Removed policies except for bio/syn fuel mandates";"Diesel"
"OPEX";"Diesel Infrastructure";"FR";"CO2 emission factor Biodiesel";"Tractor-Trailer";"PROG";"%";2040;"0.155";"Sensitivity | Removed policies except for bio/syn fuel mandates";"Diesel"
"OPEX";"Diesel Infrastructure";"IT";"CO2 emission factor Biodiesel";"Rigid";"BAU";"%";2040;"0.155";"Sensitivity | Removed policies except for bio/syn fuel mandates";"Diesel"
"OPEX";"Diesel Infrastructure";"IT";"CO2 emission factor Biodiesel";"Tractor-Trailer";"BAU";"%";2040;"0.155";"Sensitivity | Removed policies except for bio/syn fuel mandates";"Diesel"
"OPEX";"Diesel Infrastructure";"IT";"CO2 emission factor Biodiesel";"Rigid";"PROG";"%";2040;"0.155";"Sensitivity | Removed policies except for bio/syn fuel mandates";"Diesel"
"OPEX";"Diesel Infrastructure";"IT";"CO2 emission factor Biodiesel";"Tractor-Trailer";"PROG";"%";2040;"0.155";"Sensitivity | Removed policies except for bio/syn fuel mandates";"Diesel"
"OPEX";"Diesel Infrastructure";"NL";"CO2 emission factor Biodiesel";"Rigid";"BAU";"%";2040;"0.155";"Sensitivity | Removed policies except for bio/syn fuel mandates";"Diesel"
"OPEX";"Diesel Infrastructure";"NL";"CO2 emission factor Biodiesel";"Tractor-Trailer";"BAU";"%";2040;"0.155";"Sensitivity | Removed policies except for bio/syn fuel mandates";"Diesel"
"OPEX";"Diesel Infrastructure";"NL";"CO2 emission factor Biodiesel";"Rigid";"PROG";"%";2040;"0.155";"Sensitivity | Removed policies except for bio/syn fuel mandates";"Diesel"
"OPEX";"Diesel Infrastructure";"NL";"CO2 emission factor Biodiesel";"Tractor-Trailer";"PROG";"%";2040;"0.155";"Sensitivity | Removed policies except for bio/syn fuel mandates";"Diesel"
"OPEX";"Diesel Infrastructure";"PL";"CO2 emission factor Biodiesel";"Rigid";"BAU";"%";2040;"0.155";"Sensitivity | Removed policies except for bio/syn fuel mandates";"Diesel"
"OPEX";"Diesel Infrastructure";"PL";"CO2 emission factor Biodiesel";"Tractor-Trailer";"BAU";"%";2040;"0.155";"Sensitivity | Removed policies except for bio/syn fuel mandates";"Diesel"
"OPEX";"Diesel Infrastructure";"PL";"CO2 emission factor Biodiesel";"Rigid";"PROG";"%";2040;"0.155";"Sensitivity | Removed policies except for bio/syn fuel mandates";"Diesel"
"OPEX";"Diesel Infrastructure";"PL";"CO2 emission factor Biodiesel";"Tractor-Trailer";"PROG";"%";2040;"0.155";"Sensitivity | Removed policies except for bio/syn fuel mandates";"Diesel"
"OPEX";"Diesel Infrastructure";"UK";"CO2 emission factor Biodiesel";"Rigid";"BAU";"%";2040;"0.155";"Sensitivity | Removed policies except for bio/syn fuel mandates";"Diesel"
"OPEX";"Diesel Infrastructure";"UK";"CO2 emission factor Biodiesel";"Tractor-Trailer";"BAU";"%";2040;"0.155";"Sensitivity | Removed policies except for bio/syn fuel mandates";"Diesel"
"OPEX";"Diesel Infrastructure";"UK";"CO2 emission factor Biodiesel";"Rigid";"PROG";"%";2040;"0.155";"Sensitivity | Removed policies except for bio/syn fuel mandates";"Diesel"
"OPEX";"Diesel Infrastructure";"UK";"CO2 emission factor Biodiesel";"Tractor-Trailer";"PROG";"%";2040;"0.155";"Sensitivity | Removed policies except for bio/syn fuel mandates";"Diesel"
"OPEX";"Diesel Infrastructure";"DE";"CO2 emission factor Pt-Diesel";"Rigid";"BAU";"%";2040;"0";"Sensitivity | Removed policies except for bio/syn fuel mandates";"Diesel"
"OPEX";"Diesel Infrastructure";"DE";"CO2 emission factor Pt-Diesel";"Tractor-Trailer";"BAU";"%";2040;"0";"Sensitivity | Removed policies except for bio/syn fuel mandates";"Diesel"
"OPEX";"Diesel Infrastructure";"DE";"CO2 emission factor Pt-Diesel";"Rigid";"PROG";"%";2040;"0";"Sensitivity | Removed policies except for bio/syn fuel mandates";"Diesel"
"OPEX";"Diesel Infrastructure";"DE";"CO2 emission factor Pt-Diesel";"Tractor-Trailer";"PROG";"%";2040;"0";"Sensitivity | Removed policies except for bio/syn fuel mandates";"Diesel"
"OPEX";"Diesel Infrastructure";"ES";"CO2 emission factor Pt-Diesel";"Rigid";"BAU";"%";2040;"0";"Sensitivity | Removed policies except for bio/syn fuel mandates";"Diesel"
"OPEX";"Diesel Infrastructure";"ES";"CO2 emission factor Pt-Diesel";"Tractor-Trailer";"BAU";"%";2040;"0";"Sensitivity | Removed policies except for bio/syn fuel mandates";"Diesel"
"OPEX";"Diesel Infrastructure";"ES";"CO2 emission factor Pt-Diesel";"Rigid";"PROG";"%";2040;"0";"Sensitivity | Removed policies except for bio/syn fuel mandates";"Diesel"
"OPEX";"Diesel Infrastructure";"ES";"CO2 emission factor Pt-Diesel";"Tractor-Trailer";"PROG";"%";2040;"0";"Sensitivity | Removed policies except for bio/syn fuel mandates";"Diesel"
"OPEX";"Diesel Infrastructure";"FR";"CO2 emission factor Pt-Diesel";"Rigid";"BAU";"%";2040;"0";"Sensitivity | Removed policies except for bio/syn fuel mandates";"Diesel"
"OPEX";"Diesel Infrastructure";"FR";"CO2 emission factor Pt-Diesel";"Tractor-Trailer";"BAU";"%";2040;"0";"Sensitivity | Removed policies except for bio/syn fuel mandates";"Diesel"
"OPEX";"Diesel Infrastructure";"FR";"CO2 emission factor Pt-Diesel";"Rigid";"PROG";"%";2040;"0";"Sensitivity | Removed policies except for bio/syn fuel mandates";"Diesel"
"OPEX";"Diesel Infrastructure";"FR";"CO2 emission factor Pt-Diesel";"Tractor-Trailer";"PROG";"%";2040;"0";"Sensitivity | Removed policies except for bio/syn fuel mandates";"Diesel"
"OPEX";"Diesel Infrastructure";"IT";"CO2 emission factor Pt-Diesel";"Rigid";"BAU";"%";2040;"0";"Sensitivity | Removed policies except for bio/syn fuel mandates";"Diesel"
"OPEX";"Diesel Infrastructure";"IT";"CO2 emission factor Pt-Diesel";"Tractor-Trailer";"BAU";"%";2040;"0";"Sensitivity | Removed policies except for bio/syn fuel mandates";"Diesel"
"OPEX";"Diesel Infrastructure";"IT";"CO2 emission factor Pt-Diesel";"Rigid";"PROG";"%";2040;"0";"Sensitivity | Removed policies except for bio/syn fuel mandates";"Diesel"
"OPEX";"Diesel Infrastructure";"IT";"CO2 emission factor Pt-Diesel";"Tractor-Trailer";"PROG";"%";2040;"0";"Sensitivity | Removed policies except for bio/syn fuel mandates";"Diesel"
"OPEX";"Diesel Infrastructure";"NL";"CO2 emission factor Pt-Diesel";"Rigid";"BAU";"%";2040;"0";"Sensitivity | Removed policies except for bio/syn fuel mandates";"Diesel"
"OPEX";"Diesel Infrastructure";"NL";"CO2 emission factor Pt-Diesel";"Tractor-Trailer";"BAU";"%";2040;"0";"Sensitivity | Removed policies except for bio/syn fuel mandates";"Diesel"
"OPEX";"Diesel Infrastructure";"NL";"CO2 emission factor Pt-Diesel";"Rigid";"PROG";"%";2040;"0";"Sensitivity | Removed policies except for bio/syn fuel mandates";"Diesel"
"OPEX";"Diesel Infrastructure";"NL";"CO2 emission factor Pt-Diesel";"Tractor-Trailer";"PROG";"%";2040;"0";"Sensitivity | Removed policies except for bio/syn fuel mandates";"Diesel"
"OPEX";"Diesel Infrastructure";"PL";"CO2 emission factor Pt-Diesel";"Rigid";"BAU";"%";2040;"0";"Sensitivity | Removed policies except for bio/syn fuel mandates";"Diesel"
"OPEX";"Diesel Infrastructure";"PL";"CO2 emission factor Pt-Diesel";"Tractor-Trailer";"BAU";"%";2040;"0";"Sensitivity | Removed policies except for bio/syn fuel mandates";"Diesel"
"OPEX";"Diesel Infrastructure";"PL";"CO2 emission factor Pt-Diesel";"Rigid";"PROG";"%";2040;"0";"Sensitivity | Removed policies except for bio/syn fuel mandates";"Diesel"
"OPEX";"Diesel Infrastructure";"PL";"CO2 emission factor Pt-Diesel";"Tractor-Trailer";"PROG";"%";2040;"0";"Sensitivity | Removed policies except for bio/syn fuel mandates";"Diesel"
"OPEX";"Diesel Infrastructure";"UK";"CO2 emission factor Pt-Diesel";"Rigid";"BAU";"%";2040;"0";"Sensitivity | Removed policies except for bio/syn fuel mandates";"Diesel"
"OPEX";"Diesel Infrastructure";"UK";"CO2 emission factor Pt-Diesel";"Tractor-Trailer";"BAU";"%";2040;"0";"Sensitivity | Removed policies except for bio/syn fuel mandates";"Diesel"
"OPEX";"Diesel Infrastructure";"UK";"CO2 emission factor Pt-Diesel";"Rigid";"PROG";"%";2040;"0";"Sensitivity | Removed policies except for bio/syn fuel mandates";"Diesel"
"OPEX";"Diesel Infrastructure";"UK";"CO2 emission factor Pt-Diesel";"Tractor-Trailer";"PROG";"%";2040;"0";"Sensitivity | Removed policies except for bio/syn fuel mandates";"Diesel"
"OPEX";"Taxes";"DE";"Network Costs - MCS";"Rigid";"BAU";"EUR/kWh";2040;"0.034";"Sensitivity | Removed policies except for bio/syn fuel mandates";"Electricity"
"OPEX";"Taxes";"DE";"Network Costs - MCS";"Tractor-Trailer";"BAU";"EUR/kWh";2040;"0.034";"Sensitivity | Removed policies except for bio/syn fuel mandates";"Electricity"
"OPEX";"Taxes";"ES";"Network Costs - MCS";"Rigid";"BAU";"EUR/kWh";2040;"0.018";"Sensitivity | Removed policies except for bio/syn fuel mandates";"Electricity"
"OPEX";"Taxes";"ES";"Network Costs - MCS";"Tractor-Trailer";"BAU";"EUR/kWh";2040;"0.018";"Sensitivity | Removed policies except for bio/syn fuel mandates";"Electricity"
"OPEX";"Taxes";"FR";"Network Costs - MCS";"Rigid";"BAU";"EUR/kWh";2040;"0.018";"Sensitivity | Removed policies except for bio/syn fuel mandates";"Electricity"
"OPEX";"Taxes";"FR";"Network Costs - MCS";"Tractor-Trailer";"BAU";"EUR/kWh";2040;"0.018";"Sensitivity | Removed policies except for bio/syn fuel mandates";"Electricity"
"OPEX";"Taxes";"IT";"Network Costs - MCS";"Rigid";"BAU";"EUR/kWh";2040;"0.015";"Sensitivity | Removed policies except for bio/syn fuel mandates";"Electricity"
"OPEX";"Taxes";"IT";"Network Costs - MCS";"Tractor-Trailer";"BAU";"EUR/kWh";2040;"0.015";"Sensitivity | Removed policies except for bio/syn fuel mandates";"Electricity"
"OPEX";"Taxes";"NL";"Network Costs - MCS";"Rigid";"BAU";"EUR/kWh";2040;"0.016";"Sensitivity | Removed policies except for bio/syn fuel mandates";"Electricity"
"OPEX";"Taxes";"NL";"Network Costs - MCS";"Tractor-Trailer";"BAU";"EUR/kWh";2040;"0.016";"Sensitivity | Removed policies except for bio/syn fuel mandates";"Electricity"
"OPEX";"Taxes";"PL";"Network Costs - MCS";"Rigid";"BAU";"EUR/kWh";2040;"0.019";"Sensitivity | Removed policies except for bio/syn fuel mandates";"Electricity"
"OPEX";"Taxes";"PL";"Network Costs - MCS";"Tractor-Trailer";"BAU";"EUR/kWh";2040;"0.019";"Sensitivity | Removed policies except for bio/syn fuel mandates";"Electricity"
"OPEX";"Taxes";"UK";"Network Costs - MCS";"Rigid";"BAU";"EUR/kWh";2040;"0.027";"Sensitivity | Removed policies except for bio/syn fuel mandates";"Electricity"
"OPEX";"Taxes";"UK";"Network Costs - MCS";"Tractor-Trailer";"BAU";"EUR/kWh";2040;"0.027";"Sensitivity | Removed policies except for bio/syn fuel mandates";"Electricity"
"OPEX";"Taxes";"DE";"Taxes, Fees, Levies and charges - MCS";"Rigid";"BAU";"EUR/kWh";2040;"0.056";"Sensitivity | Removed policies except for bio/syn fuel mandates";"Electricity"
"OPEX";"Taxes";"DE";"Taxes, Fees, Levies and charges - MCS";"Tractor-Trailer";"BAU";"EUR/kWh";2040;"0.056";"Sensitivity | Removed policies except for bio/syn fuel mandates";"Electricity"
"OPEX";"Taxes";"ES";"Taxes, Fees, Levies and charges - MCS";"Rigid";"BAU";"EUR/kWh";2040;"0.036";"Sensitivity | Removed policies except for bio/syn fuel mandates";"Electricity"
"OPEX";"Taxes";"ES";"Taxes, Fees, Levies and charges - MCS";"Tractor-Trailer";"BAU";"EUR/kWh";2040;"0.036";"Sensitivity | Removed policies except for bio/syn fuel mandates";"Electricity"
"OPEX";"Taxes";"FR";"Taxes, Fees, Levies and charges - MCS";"Rigid";"BAU";"EUR/kWh";2040;"0.03";"Sensitivity | Removed policies except for bio/syn fuel mandates";"Electricity"
"OPEX";"Taxes";"FR";"Taxes, Fees, Levies and charges - MCS";"Tractor-Trailer";"BAU";"EUR/kWh";2040;"0.03";"Sensitivity | Removed policies except for bio/syn fuel mandates";"Electricity"
"OPEX";"Taxes";"IT";"Taxes, Fees, Levies and charges - MCS";"Rigid";"BAU";"EUR/kWh";2040;"0.062";"Sensitivity | Removed policies except for bio/syn fuel mandates";"Electricity"
"OPEX";"Taxes";"IT";"Taxes, Fees, Levies and charges - MCS";"Tractor-Trailer";"BAU";"EUR/kWh";2040;"0.062";"Sensitivity | Removed policies except for bio/syn fuel mandates";"Electricity"
"OPEX";"Taxes";"NL";"Taxes, Fees, Levies and charges - MCS";"Rigid";"BAU";"EUR/kWh";2040;"0.055";"Sensitivity | Removed policies except for bio/syn fuel mandates";"Electricity"
"OPEX";"Taxes";"NL";"Taxes, Fees, Levies and charges - MCS";"Tractor-Trailer";"BAU";"EUR/kWh";2040;"0.055";"Sensitivity | Removed policies except for bio/syn fuel mandates";"Electricity"
"OPEX";"Taxes";"PL";"Taxes, Fees, Levies and charges - MCS";"Rigid";"BAU";"EUR/kWh";2040;"0.049";"Sensitivity | Removed policies except for bio/syn fuel mandates";"Electricity"
"OPEX";"Taxes";"PL";"Taxes, Fees, Levies and charges - MCS";"Tractor-Trailer";"BAU";"EUR/kWh";2040;"0.049";"Sensitivity | Removed policies except for bio/syn fuel mandates";"Electricity"
"OPEX";"Taxes";"UK";"Taxes, Fees, Levies and charges - MCS";"Rigid";"BAU";"EUR/kWh";2040;"0.077";"Sensitivity | Removed policies except for bio/syn fuel mandates";"Electricity"
"OPEX";"Taxes";"UK";"Taxes, Fees, Levies and charges - MCS";"Tractor-Trailer";"BAU";"EUR/kWh";2040;"0.077";"Sensitivity | Removed policies except for bio/syn fuel mandates";"Electricity"
"OPEX";"Taxes";"DE";"Network Costs - Depot";"Rigid";"BAU";"EUR/kWh";2040;"0.034";"Sensitivity | Removed policies except for bio/syn fuel mandates";"Electricity"
"OPEX";"Taxes";"DE";"Network Costs - Depot";"Tractor-Trailer";"BAU";"EUR/kWh";2040;"0.034";"Sensitivity | Removed policies except for bio/syn fuel mandates";"Electricity"
"OPEX";"Taxes";"ES";"Network Costs - Depot";"Rigid";"BAU";"EUR/kWh";2040;"0.018";"Sensitivity | Removed policies except for bio/syn fuel mandates";"Electricity"
"OPEX";"Taxes";"ES";"Network Costs - Depot";"Tractor-Trailer";"BAU";"EUR/kWh";2040;"0.018";"Sensitivity | Removed policies except for bio/syn fuel mandates";"Electricity"
"OPEX";"Taxes";"FR";"Network Costs - Depot";"Rigid";"BAU";"EUR/kWh";2040;"0.018";"Sensitivity | Removed policies except for bio/syn fuel mandates";"Electricity"
"OPEX";"Taxes";"FR";"Network Costs - Depot";"Tractor-Trailer";"BAU";"EUR/kWh";2040;"0.018";"Sensitivity | Removed policies except for bio/syn fuel mandates";"Electricity"
"OPEX";"Taxes";"IT";"Network Costs - Depot";"Rigid";"BAU";"EUR/kWh";2040;"0.016";"Sensitivity | Removed policies except for bio/syn fuel mandates";"Electricity"
"OPEX";"Taxes";"IT";"Network Costs - Depot";"Tractor-Trailer";"BAU";"EUR/kWh";2040;"0.016";"Sensitivity | Removed policies except for bio/syn fuel mandates";"Electricity"
"OPEX";"Taxes";"NL";"Network Costs - Depot";"Rigid";"BAU";"EUR/kWh";2040;"0.016";"Sensitivity | Removed policies except for bio/syn fuel mandates";"Electricity"
"OPEX";"Taxes";"NL";"Network Costs - Depot";"Tractor-Trailer";"BAU";"EUR/kWh";2040;"0.016";"Sensitivity | Removed policies except for bio/syn fuel mandates";"Electricity"
"OPEX";"Taxes";"PL";"Network Costs - Depot";"Rigid";"BAU";"EUR/kWh";2040;"0.019";"Sensitivity | Removed policies except for bio/syn fuel mandates";"Electricity"
"OPEX";"Taxes";"PL";"Network Costs - Depot";"Tractor-Trailer";"BAU";"EUR/kWh";2040;"0.019";"Sensitivity | Removed policies except for bio/syn fuel mandates";"Electricity"
"OPEX";"Taxes";"UK";"Network Costs - Depot";"Rigid";"BAU";"EUR/kWh";2040;"0.027";"Sensitivity | Removed policies except for bio/syn fuel mandates";"Electricity"
"OPEX";"Taxes";"UK";"Network Costs - Depot";"Tractor-Trailer";"BAU";"EUR/kWh";2040;"0.027";"Sensitivity | Removed policies except for bio/syn fuel mandates";"Electricity"
"OPEX";"Taxes";"DE";"Taxes, Fees, Levies and charges - Depot";"Rigid";"BAU";"EUR/kWh";2040;"0.056";"Sensitivity | Removed policies except for bio/syn fuel mandates";"Electricity"
"OPEX";"Taxes";"DE";"Taxes, Fees, Levies and charges - Depot";"Tractor-Trailer";"BAU";"EUR/kWh";2040;"0.056";"Sensitivity | Removed policies except for bio/syn fuel mandates";"Electricity"
"OPEX";"Taxes";"ES";"Taxes, Fees, Levies and charges - Depot";"Rigid";"BAU";"EUR/kWh";2040;"0.036";"Sensitivity | Removed policies except for bio/syn fuel mandates";"Electricity"
"OPEX";"Taxes";"ES";"Taxes, Fees, Levies and charges - Depot";"Tractor-Trailer";"BAU";"EUR/kWh";2040;"0.036";"Sensitivity | Removed policies except for bio/syn fuel mandates";"Electricity"
"OPEX";"Taxes";"FR";"Taxes, Fees, Levies and charges - Depot";"Rigid";"BAU";"EUR/kWh";2040;"0.03";"Sensitivity | Removed policies except for bio/syn fuel mandates";"Electricity"
"OPEX";"Taxes";"FR";"Taxes, Fees, Levies and charges - Depot";"Tractor-Trailer";"BAU";"EUR/kWh";2040;"0.03";"Sensitivity | Removed policies except for bio/syn fuel mandates";"Electricity"
"OPEX";"Taxes";"IT";"Taxes, Fees, Levies and charges - Depot";"Rigid";"BAU";"EUR/kWh";2040;"0.063";"Sensitivity | Removed policies except for bio/syn fuel mandates";"Electricity"
"OPEX";"Taxes";"IT";"Taxes, Fees, Levies and charges - Depot";"Tractor-Trailer";"BAU";"EUR/kWh";2040;"0.063";"Sensitivity | Removed policies except for bio/syn fuel mandates";"Electricity"
"OPEX";"Taxes";"NL";"Taxes, Fees, Levies and charges - Depot";"Rigid";"BAU";"EUR/kWh";2040;"0.055";"Sensitivity | Removed policies except for bio/syn fuel mandates";"Electricity"
"OPEX";"Taxes";"NL";"Taxes, Fees, Levies and charges - Depot";"Tractor-Trailer";"BAU";"EUR/kWh";2040;"0.055";"Sensitivity | Removed policies except for bio/syn fuel mandates";"Electricity"
"OPEX";"Taxes";"PL";"Taxes, Fees, Levies and charges - Depot";"Rigid";"BAU";"EUR/kWh";2040;"0.049";"Sensitivity | Removed policies except for bio/syn fuel mandates";"Electricity"
"OPEX";"Taxes";"PL";"Taxes, Fees, Levies and charges - Depot";"Tractor-Trailer";"BAU";"EUR/kWh";2040;"0.049";"Sensitivity | Removed policies except for bio/syn fuel mandates";"Electricity"
"OPEX";"Taxes";"UK";"Taxes, Fees, Levies and charges - Depot";"Rigid";"BAU";"EUR/kWh";2040;"0.077";"Sensitivity | Removed policies except for bio/syn fuel mandates";"Electricity"
"OPEX";"Taxes";"UK";"Taxes, Fees, Levies and charges - Depot";"Tractor-Trailer";"BAU";"EUR/kWh";2040;"0.077";"Sensitivity | Removed policies except for bio/syn fuel mandates";"Electricity"
"OPEX";"H2 Infrastructure";"DE";"HRS costs";"Rigid";"BAU";"EUR/kg H2";2040;"1.2";"Sensitivity | Removed policies except for bio/syn fuel mandates";"Hydrogen"
"OPEX";"H2 Infrastructure";"DE";"HRS costs";"Tractor-Trailer";"BAU";"EUR/kg H2";2040;"1.2";"Sensitivity | Removed policies except for bio/syn fuel mandates";"Hydrogen"
"OPEX";"H2 Infrastructure";"ES";"HRS costs";"Rigid";"BAU";"EUR/kg H2";2040;"1.2";"Sensitivity | Removed policies except for bio/syn fuel mandates";"Hydrogen"
"OPEX";"H2 Infrastructure";"ES";"HRS costs";"Tractor-Trailer";"BAU";"EUR/kg H2";2040;"1.2";"Sensitivity | Removed policies except for bio/syn fuel mandates";"Hydrogen"
"OPEX";"H2 Infrastructure";"FR";"HRS costs";"Rigid";"BAU";"EUR/kg H2";2040;"1.2";"Sensitivity | Removed policies except for bio/syn fuel mandates";"Hydrogen"
"OPEX";"H2 Infrastructure";"FR";"HRS costs";"Tractor-Trailer";"BAU";"EUR/kg H2";2040;"1.2";"Sensitivity | Removed policies except for bio/syn fuel mandates";"Hydrogen"
"OPEX";"H2 Infrastructure";"IT";"HRS costs";"Rigid";"BAU";"EUR/kg H2";2040;"1.2";"Sensitivity | Removed policies except for bio/syn fuel mandates";"Hydrogen"
"OPEX";"H2 Infrastructure";"IT";"HRS costs";"Tractor-Trailer";"BAU";"EUR/kg H2";2040;"1.2";"Sensitivity | Removed policies except for bio/syn fuel mandates";"Hydrogen"
"OPEX";"H2 Infrastructure";"NL";"HRS costs";"Rigid";"BAU";"EUR/kg H2";2040;"1.2";"Sensitivity | Removed policies except for bio/syn fuel mandates";"Hydrogen"
"OPEX";"H2 Infrastructure";"NL";"HRS costs";"Tractor-Trailer";"BAU";"EUR/kg H2";2040;"1.2";"Sensitivity | Removed policies except for bio/syn fuel mandates";"Hydrogen"
"OPEX";"H2 Infrastructure";"PL";"HRS costs";"Rigid";"BAU";"EUR/kg H2";2040;"1.2";"Sensitivity | Removed policies except for bio/syn fuel mandates";"Hydrogen"
"OPEX";"H2 Infrastructure";"PL";"HRS costs";"Tractor-Trailer";"BAU";"EUR/kg H2";2040;"1.2";"Sensitivity | Removed policies except for bio/syn fuel mandates";"Hydrogen"
"OPEX";"H2 Infrastructure";"UK";"HRS costs";"Rigid";"BAU";"EUR/kg H2";2040;"1.2";"Sensitivity | Removed policies except for bio/syn fuel mandates";"Hydrogen"
"OPEX";"H2 Infrastructure";"UK";"HRS costs";"Tractor-Trailer";"BAU";"EUR/kg H2";2040;"1.2";"Sensitivity | Removed policies except for bio/syn fuel mandates";"Hydrogen"
"OPEX";"H2 Infrastructure";"DE";"H2 transport and distribution";"Rigid";"BAU";"EUR/kg H2";2040;"1.167";"Sensitivity | Removed policies except for bio/syn fuel mandates";"Hydrogen"
"OPEX";"H2 Infrastructure";"DE";"H2 transport and distribution";"Tractor-Trailer";"BAU";"EUR/kg H2";2040;"1.167";"Sensitivity | Removed policies except for bio/syn fuel mandates";"Hydrogen"
"OPEX";"H2 Infrastructure";"ES";"H2 transport and distribution";"Rigid";"BAU";"EUR/kg H2";2040;"1.167";"Sensitivity | Removed policies except for bio/syn fuel mandates";"Hydrogen"
"OPEX";"H2 Infrastructure";"ES";"H2 transport and distribution";"Tractor-Trailer";"BAU";"EUR/kg H2";2040;"1.167";"Sensitivity | Removed policies except for bio/syn fuel mandates";"Hydrogen"
"OPEX";"H2 Infrastructure";"FR";"H2 transport and distribution";"Rigid";"BAU";"EUR/kg H2";2040;"1.167";"Sensitivity | Removed policies except for bio/syn fuel mandates";"Hydrogen"
"OPEX";"H2 Infrastructure";"FR";"H2 transport and distribution";"Tractor-Trailer";"BAU";"EUR/kg H2";2040;"1.167";"Sensitivity | Removed policies except for bio/syn fuel mandates";"Hydrogen"
"OPEX";"H2 Infrastructure";"IT";"H2 transport and distribution";"Rigid";"BAU";"EUR/kg H2";2040;"1.167";"Sensitivity | Removed policies except for bio/syn fuel mandates";"Hydrogen"
"OPEX";"H2 Infrastructure";"IT";"H2 transport and distribution";"Tractor-Trailer";"BAU";"EUR/kg H2";2040;"1.167";"Sensitivity | Removed policies except for bio/syn fuel mandates";"Hydrogen"
"OPEX";"H2 Infrastructure";"NL";"H2 transport and distribution";"Rigid";"BAU";"EUR/kg H2";2040;"1.167";"Sensitivity | Removed policies except for bio/syn fuel mandates";"Hydrogen"
"OPEX";"H2 Infrastructure";"NL";"H2 transport and distribution";"Tractor-Trailer";"BAU";"EUR/kg H2";2040;"1.167";"Sensitivity | Removed policies except for bio/syn fuel mandates";"Hydrogen"
"OPEX";"H2 Infrastructure";"PL";"H2 transport and distribution";"Rigid";"BAU";"EUR/kg H2";2040;"1.167";"Sensitivity | Removed policies except for bio/syn fuel mandates";"Hydrogen"
"OPEX";"H2 Infrastructure";"PL";"H2 transport and distribution";"Tractor-Trailer";"BAU";"EUR/kg H2";2040;"1.167";"Sensitivity | Removed policies except for bio/syn fuel mandates";"Hydrogen"
"OPEX";"H2 Infrastructure";"UK";"H2 transport and distribution";"Rigid";"BAU";"EUR/kg H2";2040;"1.167";"Sensitivity | Removed policies except for bio/syn fuel mandates";"Hydrogen"
"OPEX";"H2 Infrastructure";"UK";"H2 transport and distribution";"Tractor-Trailer";"BAU";"EUR/kg H2";2040;"1.167";"Sensitivity | Removed policies except for bio/syn fuel mandates";"Hydrogen"
"OPEX";"H2 Infrastructure";"DE";"HRS Overhead, Profit and Mark-Up";"Rigid";"BAU";"EUR/kg H2";2040;"0.25";"Sensitivity | Removed policies except for bio/syn fuel mandates";"Hydrogen"
"OPEX";"H2 Infrastructure";"DE";"HRS Overhead, Profit and Mark-Up";"Tractor-Trailer";"BAU";"EUR/kg H2";2040;"0.25";"Sensitivity | Removed policies except for bio/syn fuel mandates";"Hydrogen"
"OPEX";"H2 Infrastructure";"ES";"HRS Overhead, Profit and Mark-Up";"Rigid";"BAU";"EUR/kg H2";2040;"0.25";"Sensitivity | Removed policies except for bio/syn fuel mandates";"Hydrogen"
"OPEX";"H2 Infrastructure";"ES";"HRS Overhead, Profit and Mark-Up";"Tractor-Trailer";"BAU";"EUR/kg H2";2040;"0.25";"Sensitivity | Removed policies except for bio/syn fuel mandates";"Hydrogen"
"OPEX";"H2 Infrastructure";"FR";"HRS Overhead, Profit and Mark-Up";"Rigid";"BAU";"EUR/kg H2";2040;"0.25";"Sensitivity | Removed policies except for bio/syn fuel mandates";"Hydrogen"
"OPEX";"H2 Infrastructure";"FR";"HRS Overhead, Profit and Mark-Up";"Tractor-Trailer";"BAU";"EUR/kg H2";2040;"0.25";"Sensitivity | Removed policies except for bio/syn fuel mandates";"Hydrogen"
"OPEX";"H2 Infrastructure";"IT";"HRS Overhead, Profit and Mark-Up";"Rigid";"BAU";"EUR/kg H2";2040;"0.25";"Sensitivity | Removed policies except for bio/syn fuel mandates";"Hydrogen"
"OPEX";"H2 Infrastructure";"IT";"HRS Overhead, Profit and Mark-Up";"Tractor-Trailer";"BAU";"EUR/kg H2";2040;"0.25";"Sensitivity | Removed policies except for bio/syn fuel mandates";"Hydrogen"
"OPEX";"H2 Infrastructure";"NL";"HRS Overhead, Profit and Mark-Up";"Rigid";"BAU";"EUR/kg H2";2040;"0.25";"Sensitivity | Removed policies except for bio/syn fuel mandates";"Hydrogen"
"OPEX";"H2 Infrastructure";"NL";"HRS Overhead, Profit and Mark-Up";"Tractor-Trailer";"BAU";"EUR/kg H2";2040;"0.25";"Sensitivity | Removed policies except for bio/syn fuel mandates";"Hydrogen"
"OPEX";"H2 Infrastructure";"PL";"HRS Overhead, Profit and Mark-Up";"Rigid";"BAU";"EUR/kg H2";2040;"0.25";"Sensitivity | Removed policies except for bio/syn fuel mandates";"Hydrogen"
"OPEX";"H2 Infrastructure";"PL";"HRS Overhead, Profit and Mark-Up";"Tractor-Trailer";"BAU";"EUR/kg H2";2040;"0.25";"Sensitivity | Removed policies except for bio/syn fuel mandates";"Hydrogen"
"OPEX";"H2 Infrastructure";"UK";"HRS Overhead, Profit and Mark-Up";"Rigid";"BAU";"EUR/kg H2";2040;"0.25";"Sensitivity | Removed policies except for bio/syn fuel mandates";"Hydrogen"
"OPEX";"H2 Infrastructure";"UK";"HRS Overhead, Profit and Mark-Up";"Tractor-Trailer";"BAU";"EUR/kg H2";2040;"0.25";"Sensitivity | Removed policies except for bio/syn fuel mandates";"Hydrogen"
"OPEX";"Charging Infrastructure";"DE";"MCS Station (Public Charging) - Incl. Overhead";"Rigid";"BAU";"EUR/kWh";2040;"0.043";"Sensitivity | Removed policies except for bio/syn fuel mandates";"Electricity"
"OPEX";"Charging Infrastructure";"DE";"MCS Station (Public Charging) - Incl. Overhead";"Tractor-Trailer";"BAU";"EUR/kWh";2040;"0.043";"Sensitivity | Removed policies except for bio/syn fuel mandates";"Electricity"
"OPEX";"Charging Infrastructure";"ES";"MCS Station (Public Charging) - Incl. Overhead";"Rigid";"BAU";"EUR/kWh";2040;"0.043";"Sensitivity | Removed policies except for bio/syn fuel mandates";"Electricity"
"OPEX";"Charging Infrastructure";"ES";"MCS Station (Public Charging) - Incl. Overhead";"Tractor-Trailer";"BAU";"EUR/kWh";2040;"0.043";"Sensitivity | Removed policies except for bio/syn fuel mandates";"Electricity"
"OPEX";"Charging Infrastructure";"FR";"MCS Station (Public Charging) - Incl. Overhead";"Rigid";"BAU";"EUR/kWh";2040;"0.043";"Sensitivity | Removed policies except for bio/syn fuel mandates";"Electricity"
"OPEX";"Charging Infrastructure";"FR";"MCS Station (Public Charging) - Incl. Overhead";"Tractor-Trailer";"BAU";"EUR/kWh";2040;"0.043";"Sensitivity | Removed policies except for bio/syn fuel mandates";"Electricity"
"OPEX";"Charging Infrastructure";"IT";"MCS Station (Public Charging) - Incl. Overhead";"Rigid";"BAU";"EUR/kWh";2040;"0.043";"Sensitivity | Removed policies except for bio/syn fuel mandates";"Electricity"
"OPEX";"Charging Infrastructure";"IT";"MCS Station (Public Charging) - Incl. Overhead";"Tractor-Trailer";"BAU";"EUR/kWh";2040;"0.043";"Sensitivity | Removed policies except for bio/syn fuel mandates";"Electricity"
"OPEX";"Charging Infrastructure";"NL";"MCS Station (Public Charging) - Incl. Overhead";"Rigid";"BAU";"EUR/kWh";2040;"0.043";"Sensitivity | Removed policies except for bio/syn fuel mandates";"Electricity"
"OPEX";"Charging Infrastructure";"NL";"MCS Station (Public Charging) - Incl. Overhead";"Tractor-Trailer";"BAU";"EUR/kWh";2040;"0.043";"Sensitivity | Removed policies except for bio/syn fuel mandates";"Electricity"
"OPEX";"Charging Infrastructure";"PL";"MCS Station (Public Charging) - Incl. Overhead";"Rigid";"BAU";"EUR/kWh";2040;"0.043";"Sensitivity | Removed policies except for bio/syn fuel mandates";"Electricity"
"OPEX";"Charging Infrastructure";"PL";"MCS Station (Public Charging) - Incl. Overhead";"Tractor-Trailer";"BAU";"EUR/kWh";2040;"0.043";"Sensitivity | Removed policies except for bio/syn fuel mandates";"Electricity"
"OPEX";"Charging Infrastructure";"UK";"MCS Station (Public Charging) - Incl. Overhead";"Rigid";"BAU";"EUR/kWh";2040;"0.043";"Sensitivity | Removed policies except for bio/syn fuel mandates";"Electricity"
"OPEX";"Charging Infrastructure";"UK";"MCS Station (Public Charging) - Incl. Overhead";"Tractor-Trailer";"BAU";"EUR/kWh";2040;"0.043";"Sensitivity | Removed policies except for bio/syn fuel mandates";"Electricity"
"OPEX";"Charging Infrastructure";"DE";"Share MCS-Charging";"Rigid";"BAU";"%";2040;"0.2";"Sensitivity | Removed policies except for bio/syn fuel mandates";"Electricity"
"OPEX";"Charging Infrastructure";"DE";"Share MCS-Charging";"Tractor-Trailer";"BAU";"%";2040;"0.2";"Sensitivity | Removed policies except for bio/syn fuel mandates";"Electricity"
"OPEX";"Charging Infrastructure";"ES";"Share MCS-Charging";"Rigid";"BAU";"%";2040;"0.2";"Sensitivity | Removed policies except for bio/syn fuel mandates";"Electricity"
"OPEX";"Charging Infrastructure";"ES";"Share MCS-Charging";"Tractor-Trailer";"BAU";"%";2040;"0.2";"Sensitivity | Removed policies except for bio/syn fuel mandates";"Electricity"
"OPEX";"Charging Infrastructure";"FR";"Share MCS-Charging";"Rigid";"BAU";"%";2040;"0.2";"Sensitivity | Removed policies except for bio/syn fuel mandates";"Electricity"
"OPEX";"Charging Infrastructure";"FR";"Share MCS-Charging";"Tractor-Trailer";"BAU";"%";2040;"0.2";"Sensitivity | Removed policies except for bio/syn fuel mandates";"Electricity"
"OPEX";"Charging Infrastructure";"IT";"Share MCS-Charging";"Rigid";"BAU";"%";2040;"0.2";"Sensitivity | Removed policies except for bio/syn fuel mandates";"Electricity"
"OPEX";"Charging Infrastructure";"IT";"Share MCS-Charging";"Tractor-Trailer";"BAU";"%";2040;"0.2";"Sensitivity | Removed policies except for bio/syn fuel mandates";"Electricity"
"OPEX";"Charging Infrastructure";"NL";"Share MCS-Charging";"Rigid";"BAU";"%";2040;"0.2";"Sensitivity | Removed policies except for bio/syn fuel mandates";"Electricity"
"OPEX";"Charging Infrastructure";"NL";"Share MCS-Charging";"Tractor-Trailer";"BAU";"%";2040;"0.2";"Sensitivity | Removed policies except for bio/syn fuel mandates";"Electricity"
"OPEX";"Charging Infrastructure";"PL";"Share MCS-Charging";"Rigid";"BAU";"%";2040;"0.2";"Sensitivity | Removed policies except for bio/syn fuel mandates";"Electricity"
"OPEX";"Charging Infrastructure";"PL";"Share MCS-Charging";"Tractor-Trailer";"BAU";"%";2040;"0.2";"Sensitivity | Removed policies except for bio/syn fuel mandates";"Electricity"
"OPEX";"Charging Infrastructure";"UK";"Share MCS-Charging";"Rigid";"BAU";"%";2040;"0.2";"Sensitivity | Removed policies except for bio/syn fuel mandates";"Electricity"
"OPEX";"Charging Infrastructure";"UK";"Share MCS-Charging";"Tractor-Trailer";"BAU";"%";2040;"0.2";"Sensitivity | Removed policies except for bio/syn fuel mandates";"Electricity"
"OPEX";"Charging Infrastructure";"DE";"Depot - Network fees savings potential";"Rigid";"BAU";"EUR/kWh";2040;"0";"Sensitivity | Removed policies except for bio/syn fuel mandates";"Electricity"
"OPEX";"Charging Infrastructure";"DE";"Depot - Network fees savings potential";"Tractor-Trailer";"BAU";"EUR/kWh";2040;"0";"Sensitivity | Removed policies except for bio/syn fuel mandates";"Electricity"
"OPEX";"Charging Infrastructure";"ES";"Depot - Network fees savings potential";"Rigid";"BAU";"EUR/kWh";2040;"0";"Sensitivity | Removed policies except for bio/syn fuel mandates";"Electricity"
"OPEX";"Charging Infrastructure";"ES";"Depot - Network fees savings potential";"Tractor-Trailer";"BAU";"EUR/kWh";2040;"0";"Sensitivity | Removed policies except for bio/syn fuel mandates";"Electricity"
"OPEX";"Charging Infrastructure";"FR";"Depot - Network fees savings potential";"Rigid";"BAU";"EUR/kWh";2040;"0";"Sensitivity | Removed policies except for bio/syn fuel mandates";"Electricity"
"OPEX";"Charging Infrastructure";"FR";"Depot - Network fees savings potential";"Tractor-Trailer";"BAU";"EUR/kWh";2040;"0";"Sensitivity | Removed policies except for bio/syn fuel mandates";"Electricity"
"OPEX";"Charging Infrastructure";"IT";"Depot - Network fees savings potential";"Rigid";"BAU";"EUR/kWh";2040;"0";"Sensitivity | Removed policies except for bio/syn fuel mandates";"Electricity"
"OPEX";"Charging Infrastructure";"IT";"Depot - Network fees savings potential";"Tractor-Trailer";"BAU";"EUR/kWh";2040;"0";"Sensitivity | Removed policies except for bio/syn fuel mandates";"Electricity"
"OPEX";"Charging Infrastructure";"NL";"Depot - Network fees savings potential";"Rigid";"BAU";"EUR/kWh";2040;"0";"Sensitivity | Removed policies except for bio/syn fuel mandates";"Electricity"
"OPEX";"Charging Infrastructure";"NL";"Depot - Network fees savings potential";"Tractor-Trailer";"BAU";"EUR/kWh";2040;"0";"Sensitivity | Removed policies except for bio/syn fuel mandates";"Electricity"
"OPEX";"Charging Infrastructure";"PL";"Depot - Network fees savings potential";"Rigid";"BAU";"EUR/kWh";2040;"0";"Sensitivity | Removed policies except for bio/syn fuel mandates";"Electricity"
"OPEX";"Charging Infrastructure";"PL";"Depot - Network fees savings potential";"Tractor-Trailer";"BAU";"EUR/kWh";2040;"0";"Sensitivity | Removed policies except for bio/syn fuel mandates";"Electricity"
"OPEX";"Charging Infrastructure";"UK";"Depot - Network fees savings potential";"Rigid";"BAU";"EUR/kWh";2040;"0";"Sensitivity | Removed policies except for bio/syn fuel mandates";"Electricity"
"OPEX";"Charging Infrastructure";"UK";"Depot - Network fees savings potential";"Tractor-Trailer";"BAU";"EUR/kWh";2040;"0";"Sensitivity | Removed policies except for bio/syn fuel mandates";"Electricity"
"OPEX";"Taxes";"DE";"Tax reduction";"Rigid";"BAU";"%";2040;"0";"Sensitivity | Removed policies except for bio/syn fuel mandates";"Hydrogen"
"OPEX";"Taxes";"DE";"Tax reduction";"Tractor-Trailer";"BAU";"%";2040;"0";"Sensitivity | Removed policies except for bio/syn fuel mandates";"Hydrogen"
"OPEX";"Taxes";"ES";"Tax reduction";"Rigid";"BAU";"%";2040;"0";"Sensitivity | Removed policies except for bio/syn fuel mandates";"Hydrogen"
"OPEX";"Taxes";"ES";"Tax reduction";"Tractor-Trailer";"BAU";"%";2040;"0";"Sensitivity | Removed policies except for bio/syn fuel mandates";"Hydrogen"
"OPEX";"Taxes";"FR";"Tax reduction";"Rigid";"BAU";"%";2040;"0";"Sensitivity | Removed policies except for bio/syn fuel mandates";"Hydrogen"
"OPEX";"Taxes";"FR";"Tax reduction";"Tractor-Trailer";"BAU";"%";2040;"0";"Sensitivity | Removed policies except for bio/syn fuel mandates";"Hydrogen"
"OPEX";"Taxes";"IT";"Tax reduction";"Rigid";"BAU";"%";2040;"0";"Sensitivity | Removed policies except for bio/syn fuel mandates";"Hydrogen"
"OPEX";"Taxes";"IT";"Tax reduction";"Tractor-Trailer";"BAU";"%";2040;"0";"Sensitivity | Removed policies except for bio/syn fuel mandates";"Hydrogen"
"OPEX";"Taxes";"NL";"Tax reduction";"Rigid";"BAU";"%";2040;"0";"Sensitivity | Removed policies except for bio/syn fuel mandates";"Hydrogen"
"OPEX";"Taxes";"NL";"Tax reduction";"Tractor-Trailer";"BAU";"%";2040;"0";"Sensitivity | Removed policies except for bio/syn fuel mandates";"Hydrogen"
"OPEX";"Taxes";"PL";"Tax reduction";"Rigid";"BAU";"%";2040;"0";"Sensitivity | Removed policies except for bio/syn fuel mandates";"Hydrogen"
"OPEX";"Taxes";"PL";"Tax reduction";"Tractor-Trailer";"BAU";"%";2040;"0";"Sensitivity | Removed policies except for bio/syn fuel mandates";"Hydrogen"
"OPEX";"Taxes";"UK";"Tax reduction";"Rigid";"BAU";"%";2040;"0";"Sensitivity | Removed policies except for bio/syn fuel mandates";"Hydrogen"
"OPEX";"Taxes";"UK";"Tax reduction";"Tractor-Trailer";"BAU";"%";2040;"0";"Sensitivity | Removed policies except for bio/syn fuel mandates";"Hydrogen"
"OPEX";"Taxes";"DE";"Increasing grid fees";"Rigid";"PROG";"%";2040;"0.2";"Sensitivity | Removed policies except for bio/syn fuel mandates";"Electricity"
"OPEX";"Taxes";"DE";"Increasing grid fees";"Tractor-Trailer";"PROG";"%";2040;"0.2";"Sensitivity | Removed policies except for bio/syn fuel mandates";"Electricity"
"OPEX";"Taxes";"ES";"Increasing grid fees";"Rigid";"PROG";"%";2040;"0.2";"Sensitivity | Removed policies except for bio/syn fuel mandates";"Electricity"
"OPEX";"Taxes";"ES";"Increasing grid fees";"Tractor-Trailer";"PROG";"%";2040;"0.2";"Sensitivity | Removed policies except for bio/syn fuel mandates";"Electricity"
"OPEX";"Taxes";"FR";"Increasing grid fees";"Rigid";"PROG";"%";2040;"0.2";"Sensitivity | Removed policies except for bio/syn fuel mandates";"Electricity"
"OPEX";"Taxes";"FR";"Increasing grid fees";"Tractor-Trailer";"PROG";"%";2040;"0.2";"Sensitivity | Removed policies except for bio/syn fuel mandates";"Electricity"
"OPEX";"Taxes";"IT";"Increasing grid fees";"Rigid";"PROG";"%";2040;"0.2";"Sensitivity | Removed policies except for bio/syn fuel mandates";"Electricity"
"OPEX";"Taxes";"IT";"Increasing grid fees";"Tractor-Trailer";"PROG";"%";2040;"0.2";"Sensitivity | Removed policies except for bio/syn fuel mandates";"Electricity"
"OPEX";"Taxes";"NL";"Increasing grid fees";"Rigid";"PROG";"%";2040;"0.2";"Sensitivity | Removed policies except for bio/syn fuel mandates";"Electricity"
"OPEX";"Taxes";"NL";"Increasing grid fees";"Tractor-Trailer";"PROG";"%";2040;"0.2";"Sensitivity | Removed policies except for bio/syn fuel mandates";"Electricity"
"OPEX";"Taxes";"PL";"Increasing grid fees";"Rigid";"PROG";"%";2040;"0.2";"Sensitivity | Removed policies except for bio/syn fuel mandates";"Electricity"
"OPEX";"Taxes";"PL";"Increasing grid fees";"Tractor-Trailer";"PROG";"%";2040;"0.2";"Sensitivity | Removed policies except for bio/syn fuel mandates";"Electricity"
"OPEX";"Taxes";"UK";"Increasing grid fees";"Rigid";"PROG";"%";2040;"0.2";"Sensitivity | Removed policies except for bio/syn fuel mandates";"Electricity"
"OPEX";"Taxes";"UK";"Increasing grid fees";"Tractor-Trailer";"PROG";"%";2040;"0.2";"Sensitivity | Removed policies except for bio/syn fuel mandates";"Electricity"
"OPEX";"Taxes";"DE";"Increasing grid fees";"Rigid";"BAU";"%";2040;"0.333";"Sensitivity | Removed policies except for bio/syn fuel mandates";"Electricity"
"OPEX";"Taxes";"DE";"Increasing grid fees";"Tractor-Trailer";"BAU";"%";2040;"0.333";"Sensitivity | Removed policies except for bio/syn fuel mandates";"Electricity"
"OPEX";"Taxes";"ES";"Increasing grid fees";"Rigid";"BAU";"%";2040;"0.333";"Sensitivity | Removed policies except for bio/syn fuel mandates";"Electricity"
"OPEX";"Taxes";"ES";"Increasing grid fees";"Tractor-Trailer";"BAU";"%";2040;"0.333";"Sensitivity | Removed policies except for bio/syn fuel mandates";"Electricity"
"OPEX";"Taxes";"FR";"Increasing grid fees";"Rigid";"BAU";"%";2040;"0.333";"Sensitivity | Removed policies except for bio/syn fuel mandates";"Electricity"
"OPEX";"Taxes";"FR";"Increasing grid fees";"Tractor-Trailer";"BAU";"%";2040;"0.333";"Sensitivity | Removed policies except for bio/syn fuel mandates";"Electricity"
"OPEX";"Taxes";"IT";"Increasing grid fees";"Rigid";"BAU";"%";2040;"0.333";"Sensitivity | Removed policies except for bio/syn fuel mandates";"Electricity"
"OPEX";"Taxes";"IT";"Increasing grid fees";"Tractor-Trailer";"BAU";"%";2040;"0.333";"Sensitivity | Removed policies except for bio/syn fuel mandates";"Electricity"
"OPEX";"Taxes";"NL";"Increasing grid fees";"Rigid";"BAU";"%";2040;"0.333";"Sensitivity | Removed policies except for bio/syn fuel mandates";"Electricity"
"OPEX";"Taxes";"NL";"Increasing grid fees";"Tractor-Trailer";"BAU";"%";2040;"0.333";"Sensitivity | Removed policies except for bio/syn fuel mandates";"Electricity"
"OPEX";"Taxes";"PL";"Increasing grid fees";"Rigid";"BAU";"%";2040;"0.333";"Sensitivity | Removed policies except for bio/syn fuel mandates";"Electricity"
"OPEX";"Taxes";"PL";"Increasing grid fees";"Tractor-Trailer";"BAU";"%";2040;"0.333";"Sensitivity | Removed policies except for bio/syn fuel mandates";"Electricity"
"OPEX";"Taxes";"UK";"Increasing grid fees";"Rigid";"BAU";"%";2040;"0.333";"Sensitivity | Removed policies except for bio/syn fuel mandates";"Electricity"
"OPEX";"Taxes";"UK";"Increasing grid fees";"Tractor-Trailer";"BAU";"%";2040;"0.333";"Sensitivity | Removed policies except for bio/syn fuel mandates";"Electricity"
"OPEX";"Taxes";"DE";"Network Costs - MCS";"Rigid";"PROG";"EUR/kWh";2045;"0.026";"Sensitivity | Removed policies except for bio/syn fuel mandates";"Electricity"
"OPEX";"Taxes";"DE";"Network Costs - MCS";"Tractor-Trailer";"PROG";"EUR/kWh";2045;"0.026";"Sensitivity | Removed policies except for bio/syn fuel mandates";"Electricity"
"OPEX";"Taxes";"ES";"Network Costs - MCS";"Rigid";"PROG";"EUR/kWh";2045;"0.009";"Sensitivity | Removed policies except for bio/syn fuel mandates";"Electricity"
"OPEX";"Taxes";"ES";"Network Costs - MCS";"Tractor-Trailer";"PROG";"EUR/kWh";2045;"0.009";"Sensitivity | Removed policies except for bio/syn fuel mandates";"Electricity"
"OPEX";"Taxes";"FR";"Network Costs - MCS";"Rigid";"PROG";"EUR/kWh";2045;"0.014";"Sensitivity | Removed policies except for bio/syn fuel mandates";"Electricity"
"OPEX";"Taxes";"FR";"Network Costs - MCS";"Tractor-Trailer";"PROG";"EUR/kWh";2045;"0.014";"Sensitivity | Removed policies except for bio/syn fuel mandates";"Electricity"
"OPEX";"Taxes";"IT";"Network Costs - MCS";"Rigid";"PROG";"EUR/kWh";2045;"0.012";"Sensitivity | Removed policies except for bio/syn fuel mandates";"Electricity"
"OPEX";"Taxes";"IT";"Network Costs - MCS";"Tractor-Trailer";"PROG";"EUR/kWh";2045;"0.012";"Sensitivity | Removed policies except for bio/syn fuel mandates";"Electricity"
"OPEX";"Taxes";"NL";"Network Costs - MCS";"Rigid";"PROG";"EUR/kWh";2045;"0.015";"Sensitivity | Removed policies except for bio/syn fuel mandates";"Electricity"
"OPEX";"Taxes";"NL";"Network Costs - MCS";"Tractor-Trailer";"PROG";"EUR/kWh";2045;"0.015";"Sensitivity | Removed policies except for bio/syn fuel mandates";"Electricity"
"OPEX";"Taxes";"PL";"Network Costs - MCS";"Rigid";"PROG";"EUR/kWh";2045;"0.014";"Sensitivity | Removed policies except for bio/syn fuel mandates";"Electricity"
"OPEX";"Taxes";"PL";"Network Costs - MCS";"Tractor-Trailer";"PROG";"EUR/kWh";2045;"0.014";"Sensitivity | Removed policies except for bio/syn fuel mandates";"Electricity"
"OPEX";"Taxes";"UK";"Network Costs - MCS";"Rigid";"PROG";"EUR/kWh";2045;"0.018";"Sensitivity | Removed policies except for bio/syn fuel mandates";"Electricity"
"OPEX";"Taxes";"UK";"Network Costs - MCS";"Tractor-Trailer";"PROG";"EUR/kWh";2045;"0.018";"Sensitivity | Removed policies except for bio/syn fuel mandates";"Electricity"
"OPEX";"Taxes";"DE";"Taxes, Fees, Levies and charges - MCS";"Rigid";"PROG";"EUR/kWh";2045;"0.051";"Sensitivity | Removed policies except for bio/syn fuel mandates";"Electricity"
"OPEX";"Taxes";"DE";"Taxes, Fees, Levies and charges - MCS";"Tractor-Trailer";"PROG";"EUR/kWh";2045;"0.051";"Sensitivity | Removed policies except for bio/syn fuel mandates";"Electricity"
"OPEX";"Taxes";"ES";"Taxes, Fees, Levies and charges - MCS";"Rigid";"PROG";"EUR/kWh";2045;"0.026";"Sensitivity | Removed policies except for bio/syn fuel mandates";"Electricity"
"OPEX";"Taxes";"ES";"Taxes, Fees, Levies and charges - MCS";"Tractor-Trailer";"PROG";"EUR/kWh";2045;"0.026";"Sensitivity | Removed policies except for bio/syn fuel mandates";"Electricity"
"OPEX";"Taxes";"FR";"Taxes, Fees, Levies and charges - MCS";"Rigid";"PROG";"EUR/kWh";2045;"0.022";"Sensitivity | Removed policies except for bio/syn fuel mandates";"Electricity"
"OPEX";"Taxes";"FR";"Taxes, Fees, Levies and charges - MCS";"Tractor-Trailer";"PROG";"EUR/kWh";2045;"0.022";"Sensitivity | Removed policies except for bio/syn fuel mandates";"Electricity"
"OPEX";"Taxes";"IT";"Taxes, Fees, Levies and charges - MCS";"Rigid";"PROG";"EUR/kWh";2045;"0.034";"Sensitivity | Removed policies except for bio/syn fuel mandates";"Electricity"
"OPEX";"Taxes";"IT";"Taxes, Fees, Levies and charges - MCS";"Tractor-Trailer";"PROG";"EUR/kWh";2045;"0.034";"Sensitivity | Removed policies except for bio/syn fuel mandates";"Electricity"
"OPEX";"Taxes";"NL";"Taxes, Fees, Levies and charges - MCS";"Rigid";"PROG";"EUR/kWh";2045;"0.023";"Sensitivity | Removed policies except for bio/syn fuel mandates";"Electricity"
"OPEX";"Taxes";"NL";"Taxes, Fees, Levies and charges - MCS";"Tractor-Trailer";"PROG";"EUR/kWh";2045;"0.023";"Sensitivity | Removed policies except for bio/syn fuel mandates";"Electricity"
"OPEX";"Taxes";"PL";"Taxes, Fees, Levies and charges - MCS";"Rigid";"PROG";"EUR/kWh";2045;"0.045";"Sensitivity | Removed policies except for bio/syn fuel mandates";"Electricity"
"OPEX";"Taxes";"PL";"Taxes, Fees, Levies and charges - MCS";"Tractor-Trailer";"PROG";"EUR/kWh";2045;"0.045";"Sensitivity | Removed policies except for bio/syn fuel mandates";"Electricity"
"OPEX";"Taxes";"UK";"Taxes, Fees, Levies and charges - MCS";"Rigid";"PROG";"EUR/kWh";2045;"0.074";"Sensitivity | Removed policies except for bio/syn fuel mandates";"Electricity"
"OPEX";"Taxes";"UK";"Taxes, Fees, Levies and charges - MCS";"Tractor-Trailer";"PROG";"EUR/kWh";2045;"0.074";"Sensitivity | Removed policies except for bio/syn fuel mandates";"Electricity"
"OPEX";"Taxes";"DE";"Network Costs - Depot";"Rigid";"PROG";"EUR/kWh";2045;"0.034";"Sensitivity | Removed policies except for bio/syn fuel mandates";"Electricity"
"OPEX";"Taxes";"DE";"Network Costs - Depot";"Tractor-Trailer";"PROG";"EUR/kWh";2045;"0.034";"Sensitivity | Removed policies except for bio/syn fuel mandates";"Electricity"
"OPEX";"Taxes";"ES";"Network Costs - Depot";"Rigid";"PROG";"EUR/kWh";2045;"0.018";"Sensitivity | Removed policies except for bio/syn fuel mandates";"Electricity"
"OPEX";"Taxes";"ES";"Network Costs - Depot";"Tractor-Trailer";"PROG";"EUR/kWh";2045;"0.018";"Sensitivity | Removed policies except for bio/syn fuel mandates";"Electricity"
"OPEX";"Taxes";"FR";"Network Costs - Depot";"Rigid";"PROG";"EUR/kWh";2045;"0.018";"Sensitivity | Removed policies except for bio/syn fuel mandates";"Electricity"
"OPEX";"Taxes";"FR";"Network Costs - Depot";"Tractor-Trailer";"PROG";"EUR/kWh";2045;"0.018";"Sensitivity | Removed policies except for bio/syn fuel mandates";"Electricity"
"OPEX";"Taxes";"IT";"Network Costs - Depot";"Rigid";"PROG";"EUR/kWh";2045;"0.016";"Sensitivity | Removed policies except for bio/syn fuel mandates";"Electricity"
"OPEX";"Taxes";"IT";"Network Costs - Depot";"Tractor-Trailer";"PROG";"EUR/kWh";2045;"0.016";"Sensitivity | Removed policies except for bio/syn fuel mandates";"Electricity"
"OPEX";"Taxes";"NL";"Network Costs - Depot";"Rigid";"PROG";"EUR/kWh";2045;"0.016";"Sensitivity | Removed policies except for bio/syn fuel mandates";"Electricity"
"OPEX";"Taxes";"NL";"Network Costs - Depot";"Tractor-Trailer";"PROG";"EUR/kWh";2045;"0.016";"Sensitivity | Removed policies except for bio/syn fuel mandates";"Electricity"
"OPEX";"Taxes";"PL";"Network Costs - Depot";"Rigid";"PROG";"EUR/kWh";2045;"0.019";"Sensitivity | Removed policies except for bio/syn fuel mandates";"Electricity"
"OPEX";"Taxes";"PL";"Network Costs - Depot";"Tractor-Trailer";"PROG";"EUR/kWh";2045;"0.019";"Sensitivity | Removed policies except for bio/syn fuel mandates";"Electricity"
"OPEX";"Taxes";"UK";"Network Costs - Depot";"Rigid";"PROG";"EUR/kWh";2045;"0.027";"Sensitivity | Removed policies except for bio/syn fuel mandates";"Electricity"
"OPEX";"Taxes";"UK";"Network Costs - Depot";"Tractor-Trailer";"PROG";"EUR/kWh";2045;"0.027";"Sensitivity | Removed policies except for bio/syn fuel mandates";"Electricity"
"OPEX";"Taxes";"DE";"Taxes, Fees, Levies and charges - Depot";"Rigid";"PROG";"EUR/kWh";2045;"0.056";"Sensitivity | Removed policies except for bio/syn fuel mandates";"Electricity"
"OPEX";"Taxes";"DE";"Taxes, Fees, Levies and charges - Depot";"Tractor-Trailer";"PROG";"EUR/kWh";2045;"0.056";"Sensitivity | Removed policies except for bio/syn fuel mandates";"Electricity"
"OPEX";"Taxes";"ES";"Taxes, Fees, Levies and charges - Depot";"Rigid";"PROG";"EUR/kWh";2045;"0.036";"Sensitivity | Removed policies except for bio/syn fuel mandates";"Electricity"
"OPEX";"Taxes";"ES";"Taxes, Fees, Levies and charges - Depot";"Tractor-Trailer";"PROG";"EUR/kWh";2045;"0.036";"Sensitivity | Removed policies except for bio/syn fuel mandates";"Electricity"
"OPEX";"Taxes";"FR";"Taxes, Fees, Levies and charges - Depot";"Rigid";"PROG";"EUR/kWh";2045;"0.03";"Sensitivity | Removed policies except for bio/syn fuel mandates";"Electricity"
"OPEX";"Taxes";"FR";"Taxes, Fees, Levies and charges - Depot";"Tractor-Trailer";"PROG";"EUR/kWh";2045;"0.03";"Sensitivity | Removed policies except for bio/syn fuel mandates";"Electricity"
"OPEX";"Taxes";"IT";"Taxes, Fees, Levies and charges - Depot";"Rigid";"PROG";"EUR/kWh";2045;"0.063";"Sensitivity | Removed policies except for bio/syn fuel mandates";"Electricity"
"OPEX";"Taxes";"IT";"Taxes, Fees, Levies and charges - Depot";"Tractor-Trailer";"PROG";"EUR/kWh";2045;"0.063";"Sensitivity | Removed policies except for bio/syn fuel mandates";"Electricity"
"OPEX";"Taxes";"NL";"Taxes, Fees, Levies and charges - Depot";"Rigid";"PROG";"EUR/kWh";2045;"0.055";"Sensitivity | Removed policies except for bio/syn fuel mandates";"Electricity"
"OPEX";"Taxes";"NL";"Taxes, Fees, Levies and charges - Depot";"Tractor-Trailer";"PROG";"EUR/kWh";2045;"0.055";"Sensitivity | Removed policies except for bio/syn fuel mandates";"Electricity"
"OPEX";"Taxes";"PL";"Taxes, Fees, Levies and charges - Depot";"Rigid";"PROG";"EUR/kWh";2045;"0.049";"Sensitivity | Removed policies except for bio/syn fuel mandates";"Electricity"
"OPEX";"Taxes";"PL";"Taxes, Fees, Levies and charges - Depot";"Tractor-Trailer";"PROG";"EUR/kWh";2045;"0.049";"Sensitivity | Removed policies except for bio/syn fuel mandates";"Electricity"
"OPEX";"Taxes";"UK";"Taxes, Fees, Levies and charges - Depot";"Rigid";"PROG";"EUR/kWh";2045;"0.077";"Sensitivity | Removed policies except for bio/syn fuel mandates";"Electricity"
"OPEX";"Taxes";"UK";"Taxes, Fees, Levies and charges - Depot";"Tractor-Trailer";"PROG";"EUR/kWh";2045;"0.077";"Sensitivity | Removed policies except for bio/syn fuel mandates";"Electricity"
"OPEX";"H2 Infrastructure";"DE";"HRS costs";"Rigid";"PROG";"EUR/kg H2";2045;"0.65";"Sensitivity | Removed policies except for bio/syn fuel mandates";"Hydrogen"
"OPEX";"H2 Infrastructure";"DE";"HRS costs";"Tractor-Trailer";"PROG";"EUR/kg H2";2045;"0.65";"Sensitivity | Removed policies except for bio/syn fuel mandates";"Hydrogen"
"OPEX";"H2 Infrastructure";"ES";"HRS costs";"Rigid";"PROG";"EUR/kg H2";2045;"0.65";"Sensitivity | Removed policies except for bio/syn fuel mandates";"Hydrogen"
"OPEX";"H2 Infrastructure";"ES";"HRS costs";"Tractor-Trailer";"PROG";"EUR/kg H2";2045;"0.65";"Sensitivity | Removed policies except for bio/syn fuel mandates";"Hydrogen"
"OPEX";"H2 Infrastructure";"FR";"HRS costs";"Rigid";"PROG";"EUR/kg H2";2045;"0.65";"Sensitivity | Removed policies except for bio/syn fuel mandates";"Hydrogen"
"OPEX";"H2 Infrastructure";"FR";"HRS costs";"Tractor-Trailer";"PROG";"EUR/kg H2";2045;"0.65";"Sensitivity | Removed policies except for bio/syn fuel mandates";"Hydrogen"
"OPEX";"H2 Infrastructure";"IT";"HRS costs";"Rigid";"PROG";"EUR/kg H2";2045;"0.65";"Sensitivity | Removed policies except for bio/syn fuel mandates";"Hydrogen"
"OPEX";"H2 Infrastructure";"IT";"HRS costs";"Tractor-Trailer";"PROG";"EUR/kg H2";2045;"0.65";"Sensitivity | Removed policies except for bio/syn fuel mandates";"Hydrogen"
"OPEX";"H2 Infrastructure";"NL";"HRS costs";"Rigid";"PROG";"EUR/kg H2";2045;"0.65";"Sensitivity | Removed policies except for bio/syn fuel mandates";"Hydrogen"
"OPEX";"H2 Infrastructure";"NL";"HRS costs";"Tractor-Trailer";"PROG";"EUR/kg H2";2045;"0.65";"Sensitivity | Removed policies except for bio/syn fuel mandates";"Hydrogen"
"OPEX";"H2 Infrastructure";"PL";"HRS costs";"Rigid";"PROG";"EUR/kg H2";2045;"0.65";"Sensitivity | Removed policies except for bio/syn fuel mandates";"Hydrogen"
"OPEX";"H2 Infrastructure";"PL";"HRS costs";"Tractor-Trailer";"PROG";"EUR/kg H2";2045;"0.65";"Sensitivity | Removed policies except for bio/syn fuel mandates";"Hydrogen"
"OPEX";"H2 Infrastructure";"UK";"HRS costs";"Rigid";"PROG";"EUR/kg H2";2045;"0.65";"Sensitivity | Removed policies except for bio/syn fuel mandates";"Hydrogen"
"OPEX";"H2 Infrastructure";"UK";"HRS costs";"Tractor-Trailer";"PROG";"EUR/kg H2";2045;"0.65";"Sensitivity | Removed policies except for bio/syn fuel mandates";"Hydrogen"
"OPEX";"H2 Infrastructure";"DE";"H2 transport and distribution";"Rigid";"PROG";"EUR/kg H2";2045;"0.667";"Sensitivity | Removed policies except for bio/syn fuel mandates";"Hydrogen"
"OPEX";"H2 Infrastructure";"DE";"H2 transport and distribution";"Tractor-Trailer";"PROG";"EUR/kg H2";2045;"0.667";"Sensitivity | Removed policies except for bio/syn fuel mandates";"Hydrogen"
"OPEX";"H2 Infrastructure";"ES";"H2 transport and distribution";"Rigid";"PROG";"EUR/kg H2";2045;"0.667";"Sensitivity | Removed policies except for bio/syn fuel mandates";"Hydrogen"
"OPEX";"H2 Infrastructure";"ES";"H2 transport and distribution";"Tractor-Trailer";"PROG";"EUR/kg H2";2045;"0.667";"Sensitivity | Removed policies except for bio/syn fuel mandates";"Hydrogen"
"OPEX";"H2 Infrastructure";"FR";"H2 transport and distribution";"Rigid";"PROG";"EUR/kg H2";2045;"0.667";"Sensitivity | Removed policies except for bio/syn fuel mandates";"Hydrogen"
"OPEX";"H2 Infrastructure";"FR";"H2 transport and distribution";"Tractor-Trailer";"PROG";"EUR/kg H2";2045;"0.667";"Sensitivity | Removed policies except for bio/syn fuel mandates";"Hydrogen"
"OPEX";"H2 Infrastructure";"IT";"H2 transport and distribution";"Rigid";"PROG";"EUR/kg H2";2045;"0.667";"Sensitivity | Removed policies except for bio/syn fuel mandates";"Hydrogen"
"OPEX";"H2 Infrastructure";"IT";"H2 transport and distribution";"Tractor-Trailer";"PROG";"EUR/kg H2";2045;"0.667";"Sensitivity | Removed policies except for bio/syn fuel mandates";"Hydrogen"
"OPEX";"H2 Infrastructure";"NL";"H2 transport and distribution";"Rigid";"PROG";"EUR/kg H2";2045;"0.667";"Sensitivity | Removed policies except for bio/syn fuel mandates";"Hydrogen"
"OPEX";"H2 Infrastructure";"NL";"H2 transport and distribution";"Tractor-Trailer";"PROG";"EUR/kg H2";2045;"0.667";"Sensitivity | Removed policies except for bio/syn fuel mandates";"Hydrogen"
"OPEX";"H2 Infrastructure";"PL";"H2 transport and distribution";"Rigid";"PROG";"EUR/kg H2";2045;"0.667";"Sensitivity | Removed policies except for bio/syn fuel mandates";"Hydrogen"
"OPEX";"H2 Infrastructure";"PL";"H2 transport and distribution";"Tractor-Trailer";"PROG";"EUR/kg H2";2045;"0.667";"Sensitivity | Removed policies except for bio/syn fuel mandates";"Hydrogen"
"OPEX";"H2 Infrastructure";"UK";"H2 transport and distribution";"Rigid";"PROG";"EUR/kg H2";2045;"0.667";"Sensitivity | Removed policies except for bio/syn fuel mandates";"Hydrogen"
"OPEX";"H2 Infrastructure";"UK";"H2 transport and distribution";"Tractor-Trailer";"PROG";"EUR/kg H2";2045;"0.667";"Sensitivity | Removed policies except for bio/syn fuel mandates";"Hydrogen"
"OPEX";"H2 Infrastructure";"DE";"HRS Overhead, Profit and Mark-Up";"Rigid";"PROG";"EUR/kg H2";2045;"0.25";"Sensitivity | Removed policies except for bio/syn fuel mandates";"Hydrogen"
"OPEX";"H2 Infrastructure";"DE";"HRS Overhead, Profit and Mark-Up";"Tractor-Trailer";"PROG";"EUR/kg H2";2045;"0.25";"Sensitivity | Removed policies except for bio/syn fuel mandates";"Hydrogen"
"OPEX";"H2 Infrastructure";"ES";"HRS Overhead, Profit and Mark-Up";"Rigid";"PROG";"EUR/kg H2";2045;"0.25";"Sensitivity | Removed policies except for bio/syn fuel mandates";"Hydrogen"
"OPEX";"H2 Infrastructure";"ES";"HRS Overhead, Profit and Mark-Up";"Tractor-Trailer";"PROG";"EUR/kg H2";2045;"0.25";"Sensitivity | Removed policies except for bio/syn fuel mandates";"Hydrogen"
"OPEX";"H2 Infrastructure";"FR";"HRS Overhead, Profit and Mark-Up";"Rigid";"PROG";"EUR/kg H2";2045;"0.25";"Sensitivity | Removed policies except for bio/syn fuel mandates";"Hydrogen"
"OPEX";"H2 Infrastructure";"FR";"HRS Overhead, Profit and Mark-Up";"Tractor-Trailer";"PROG";"EUR/kg H2";2045;"0.25";"Sensitivity | Removed policies except for bio/syn fuel mandates";"Hydrogen"
"OPEX";"H2 Infrastructure";"IT";"HRS Overhead, Profit and Mark-Up";"Rigid";"PROG";"EUR/kg H2";2045;"0.25";"Sensitivity | Removed policies except for bio/syn fuel mandates";"Hydrogen"
"OPEX";"H2 Infrastructure";"IT";"HRS Overhead, Profit and Mark-Up";"Tractor-Trailer";"PROG";"EUR/kg H2";2045;"0.25";"Sensitivity | Removed policies except for bio/syn fuel mandates";"Hydrogen"
"OPEX";"H2 Infrastructure";"NL";"HRS Overhead, Profit and Mark-Up";"Rigid";"PROG";"EUR/kg H2";2045;"0.25";"Sensitivity | Removed policies except for bio/syn fuel mandates";"Hydrogen"
"OPEX";"H2 Infrastructure";"NL";"HRS Overhead, Profit and Mark-Up";"Tractor-Trailer";"PROG";"EUR/kg H2";2045;"0.25";"Sensitivity | Removed policies except for bio/syn fuel mandates";"Hydrogen"
"OPEX";"H2 Infrastructure";"PL";"HRS Overhead, Profit and Mark-Up";"Rigid";"PROG";"EUR/kg H2";2045;"0.25";"Sensitivity | Removed policies except for bio/syn fuel mandates";"Hydrogen"
"OPEX";"H2 Infrastructure";"PL";"HRS Overhead, Profit and Mark-Up";"Tractor-Trailer";"PROG";"EUR/kg H2";2045;"0.25";"Sensitivity | Removed policies except for bio/syn fuel mandates";"Hydrogen"
"OPEX";"H2 Infrastructure";"UK";"HRS Overhead, Profit and Mark-Up";"Rigid";"PROG";"EUR/kg H2";2045;"0.25";"Sensitivity | Removed policies except for bio/syn fuel mandates";"Hydrogen"
"OPEX";"H2 Infrastructure";"UK";"HRS Overhead, Profit and Mark-Up";"Tractor-Trailer";"PROG";"EUR/kg H2";2045;"0.25";"Sensitivity | Removed policies except for bio/syn fuel mandates";"Hydrogen"
"OPEX";"Charging Infrastructure";"DE";"MCS Station (Public Charging) - Incl. Overhead";"Rigid";"PROG";"EUR/kWh";2045;"0.015";"Sensitivity | Removed policies except for bio/syn fuel mandates";"Electricity"
"OPEX";"Charging Infrastructure";"DE";"MCS Station (Public Charging) - Incl. Overhead";"Tractor-Trailer";"PROG";"EUR/kWh";2045;"0.015";"Sensitivity | Removed policies except for bio/syn fuel mandates";"Electricity"
"OPEX";"Charging Infrastructure";"ES";"MCS Station (Public Charging) - Incl. Overhead";"Rigid";"PROG";"EUR/kWh";2045;"0.015";"Sensitivity | Removed policies except for bio/syn fuel mandates";"Electricity"
"OPEX";"Charging Infrastructure";"ES";"MCS Station (Public Charging) - Incl. Overhead";"Tractor-Trailer";"PROG";"EUR/kWh";2045;"0.015";"Sensitivity | Removed policies except for bio/syn fuel mandates";"Electricity"
"OPEX";"Charging Infrastructure";"FR";"MCS Station (Public Charging) - Incl. Overhead";"Rigid";"PROG";"EUR/kWh";2045;"0.015";"Sensitivity | Removed policies except for bio/syn fuel mandates";"Electricity"
"OPEX";"Charging Infrastructure";"FR";"MCS Station (Public Charging) - Incl. Overhead";"Tractor-Trailer";"PROG";"EUR/kWh";2045;"0.015";"Sensitivity | Removed policies except for bio/syn fuel mandates";"Electricity"
"OPEX";"Charging Infrastructure";"IT";"MCS Station (Public Charging) - Incl. Overhead";"Rigid";"PROG";"EUR/kWh";2045;"0.015";"Sensitivity | Removed policies except for bio/syn fuel mandates";"Electricity"
"OPEX";"Charging Infrastructure";"IT";"MCS Station (Public Charging) - Incl. Overhead";"Tractor-Trailer";"PROG";"EUR/kWh";2045;"0.015";"Sensitivity | Removed policies except for bio/syn fuel mandates";"Electricity"
"OPEX";"Charging Infrastructure";"NL";"MCS Station (Public Charging) - Incl. Overhead";"Rigid";"PROG";"EUR/kWh";2045;"0.015";"Sensitivity | Removed policies except for bio/syn fuel mandates";"Electricity"
"OPEX";"Charging Infrastructure";"NL";"MCS Station (Public Charging) - Incl. Overhead";"Tractor-Trailer";"PROG";"EUR/kWh";2045;"0.015";"Sensitivity | Removed policies except for bio/syn fuel mandates";"Electricity"
"OPEX";"Charging Infrastructure";"PL";"MCS Station (Public Charging) - Incl. Overhead";"Rigid";"PROG";"EUR/kWh";2045;"0.015";"Sensitivity | Removed policies except for bio/syn fuel mandates";"Electricity"
"OPEX";"Charging Infrastructure";"PL";"MCS Station (Public Charging) - Incl. Overhead";"Tractor-Trailer";"PROG";"EUR/kWh";2045;"0.015";"Sensitivity | Removed policies except for bio/syn fuel mandates";"Electricity"
"OPEX";"Charging Infrastructure";"UK";"MCS Station (Public Charging) - Incl. Overhead";"Rigid";"PROG";"EUR/kWh";2045;"0.015";"Sensitivity | Removed policies except for bio/syn fuel mandates";"Electricity"
"OPEX";"Charging Infrastructure";"UK";"MCS Station (Public Charging) - Incl. Overhead";"Tractor-Trailer";"PROG";"EUR/kWh";2045;"0.015";"Sensitivity | Removed policies except for bio/syn fuel mandates";"Electricity"
"OPEX";"Charging Infrastructure";"DE";"Share MCS-Charging";"Rigid";"PROG";"%";2045;"0.2";"Sensitivity | Removed policies except for bio/syn fuel mandates";"Electricity"
"OPEX";"Charging Infrastructure";"DE";"Share MCS-Charging";"Tractor-Trailer";"PROG";"%";2045;"0.2";"Sensitivity | Removed policies except for bio/syn fuel mandates";"Electricity"
"OPEX";"Charging Infrastructure";"ES";"Share MCS-Charging";"Rigid";"PROG";"%";2045;"0.2";"Sensitivity | Removed policies except for bio/syn fuel mandates";"Electricity"
"OPEX";"Charging Infrastructure";"ES";"Share MCS-Charging";"Tractor-Trailer";"PROG";"%";2045;"0.2";"Sensitivity | Removed policies except for bio/syn fuel mandates";"Electricity"
"OPEX";"Charging Infrastructure";"FR";"Share MCS-Charging";"Rigid";"PROG";"%";2045;"0.2";"Sensitivity | Removed policies except for bio/syn fuel mandates";"Electricity"
"OPEX";"Charging Infrastructure";"FR";"Share MCS-Charging";"Tractor-Trailer";"PROG";"%";2045;"0.2";"Sensitivity | Removed policies except for bio/syn fuel mandates";"Electricity"
"OPEX";"Charging Infrastructure";"IT";"Share MCS-Charging";"Rigid";"PROG";"%";2045;"0.2";"Sensitivity | Removed policies except for bio/syn fuel mandates";"Electricity"
"OPEX";"Charging Infrastructure";"IT";"Share MCS-Charging";"Tractor-Trailer";"PROG";"%";2045;"0.2";"Sensitivity | Removed policies except for bio/syn fuel mandates";"Electricity"
"OPEX";"Charging Infrastructure";"NL";"Share MCS-Charging";"Rigid";"PROG";"%";2045;"0.2";"Sensitivity | Removed policies except for bio/syn fuel mandates";"Electricity"
"OPEX";"Charging Infrastructure";"NL";"Share MCS-Charging";"Tractor-Trailer";"PROG";"%";2045;"0.2";"Sensitivity | Removed policies except for bio/syn fuel mandates";"Electricity"
"OPEX";"Charging Infrastructure";"PL";"Share MCS-Charging";"Rigid";"PROG";"%";2045;"0.2";"Sensitivity | Removed policies except for bio/syn fuel mandates";"Electricity"
"OPEX";"Charging Infrastructure";"PL";"Share MCS-Charging";"Tractor-Trailer";"PROG";"%";2045;"0.2";"Sensitivity | Removed policies except for bio/syn fuel mandates";"Electricity"
"OPEX";"Charging Infrastructure";"UK";"Share MCS-Charging";"Rigid";"PROG";"%";2045;"0.2";"Sensitivity | Removed policies except for bio/syn fuel mandates";"Electricity"
"OPEX";"Charging Infrastructure";"UK";"Share MCS-Charging";"Tractor-Trailer";"PROG";"%";2045;"0.2";"Sensitivity | Removed policies except for bio/syn fuel mandates";"Electricity"
"OPEX";"Charging Infrastructure";"DE";"Depot - Network fees savings potential";"Rigid";"PROG";"EUR/kWh";2045;"-0.01";"Sensitivity | Removed policies except for bio/syn fuel mandates";"Electricity"
"OPEX";"Charging Infrastructure";"DE";"Depot - Network fees savings potential";"Tractor-Trailer";"PROG";"EUR/kWh";2045;"-0.01";"Sensitivity | Removed policies except for bio/syn fuel mandates";"Electricity"
"OPEX";"Charging Infrastructure";"ES";"Depot - Network fees savings potential";"Rigid";"PROG";"EUR/kWh";2045;"-0.01";"Sensitivity | Removed policies except for bio/syn fuel mandates";"Electricity"
"OPEX";"Charging Infrastructure";"ES";"Depot - Network fees savings potential";"Tractor-Trailer";"PROG";"EUR/kWh";2045;"-0.01";"Sensitivity | Removed policies except for bio/syn fuel mandates";"Electricity"
"OPEX";"Charging Infrastructure";"FR";"Depot - Network fees savings potential";"Rigid";"PROG";"EUR/kWh";2045;"-0.01";"Sensitivity | Removed policies except for bio/syn fuel mandates";"Electricity"
"OPEX";"Charging Infrastructure";"FR";"Depot - Network fees savings potential";"Tractor-Trailer";"PROG";"EUR/kWh";2045;"-0.01";"Sensitivity | Removed policies except for bio/syn fuel mandates";"Electricity"
"OPEX";"Charging Infrastructure";"IT";"Depot - Network fees savings potential";"Rigid";"PROG";"EUR/kWh";2045;"-0.01";"Sensitivity | Removed policies except for bio/syn fuel mandates";"Electricity"
"OPEX";"Charging Infrastructure";"IT";"Depot - Network fees savings potential";"Tractor-Trailer";"PROG";"EUR/kWh";2045;"-0.01";"Sensitivity | Removed policies except for bio/syn fuel mandates";"Electricity"
"OPEX";"Charging Infrastructure";"NL";"Depot - Network fees savings potential";"Rigid";"PROG";"EUR/kWh";2045;"-0.01";"Sensitivity | Removed policies except for bio/syn fuel mandates";"Electricity"
"OPEX";"Charging Infrastructure";"NL";"Depot - Network fees savings potential";"Tractor-Trailer";"PROG";"EUR/kWh";2045;"-0.01";"Sensitivity | Removed policies except for bio/syn fuel mandates";"Electricity"
"OPEX";"Charging Infrastructure";"PL";"Depot - Network fees savings potential";"Rigid";"PROG";"EUR/kWh";2045;"-0.01";"Sensitivity | Removed policies except for bio/syn fuel mandates";"Electricity"
"OPEX";"Charging Infrastructure";"PL";"Depot - Network fees savings potential";"Tractor-Trailer";"PROG";"EUR/kWh";2045;"-0.01";"Sensitivity | Removed policies except for bio/syn fuel mandates";"Electricity"
"OPEX";"Charging Infrastructure";"UK";"Depot - Network fees savings potential";"Rigid";"PROG";"EUR/kWh";2045;"-0.01";"Sensitivity | Removed policies except for bio/syn fuel mandates";"Electricity"
"OPEX";"Charging Infrastructure";"UK";"Depot - Network fees savings potential";"Tractor-Trailer";"PROG";"EUR/kWh";2045;"-0.01";"Sensitivity | Removed policies except for bio/syn fuel mandates";"Electricity"
"OPEX";"Taxes";"DE";"Tax reduction";"Rigid";"PROG";"%";2045;"0";"Sensitivity | Removed policies except for bio/syn fuel mandates";"Hydrogen"
"OPEX";"Taxes";"DE";"Tax reduction";"Tractor-Trailer";"PROG";"%";2045;"0";"Sensitivity | Removed policies except for bio/syn fuel mandates";"Hydrogen"
"OPEX";"Taxes";"ES";"Tax reduction";"Rigid";"PROG";"%";2045;"0";"Sensitivity | Removed policies except for bio/syn fuel mandates";"Hydrogen"
"OPEX";"Taxes";"ES";"Tax reduction";"Tractor-Trailer";"PROG";"%";2045;"0";"Sensitivity | Removed policies except for bio/syn fuel mandates";"Hydrogen"
"OPEX";"Taxes";"FR";"Tax reduction";"Rigid";"PROG";"%";2045;"0";"Sensitivity | Removed policies except for bio/syn fuel mandates";"Hydrogen"
"OPEX";"Taxes";"FR";"Tax reduction";"Tractor-Trailer";"PROG";"%";2045;"0";"Sensitivity | Removed policies except for bio/syn fuel mandates";"Hydrogen"
"OPEX";"Taxes";"IT";"Tax reduction";"Rigid";"PROG";"%";2045;"0";"Sensitivity | Removed policies except for bio/syn fuel mandates";"Hydrogen"
"OPEX";"Taxes";"IT";"Tax reduction";"Tractor-Trailer";"PROG";"%";2045;"0";"Sensitivity | Removed policies except for bio/syn fuel mandates";"Hydrogen"
"OPEX";"Taxes";"NL";"Tax reduction";"Rigid";"PROG";"%";2045;"0";"Sensitivity | Removed policies except for bio/syn fuel mandates";"Hydrogen"
"OPEX";"Taxes";"NL";"Tax reduction";"Tractor-Trailer";"PROG";"%";2045;"0";"Sensitivity | Removed policies except for bio/syn fuel mandates";"Hydrogen"
"OPEX";"Taxes";"PL";"Tax reduction";"Rigid";"PROG";"%";2045;"0";"Sensitivity | Removed policies except for bio/syn fuel mandates";"Hydrogen"
"OPEX";"Taxes";"PL";"Tax reduction";"Tractor-Trailer";"PROG";"%";2045;"0";"Sensitivity | Removed policies except for bio/syn fuel mandates";"Hydrogen"
"OPEX";"Taxes";"UK";"Tax reduction";"Rigid";"PROG";"%";2045;"0";"Sensitivity | Removed policies except for bio/syn fuel mandates";"Hydrogen"
"OPEX";"Taxes";"UK";"Tax reduction";"Tractor-Trailer";"PROG";"%";2045;"0";"Sensitivity | Removed policies except for bio/syn fuel mandates";"Hydrogen"
"OPEX";"Taxes";"DE";"Excise Duty - Diesel";"Rigid";"BAU";"EUR/kWh";2045;"0.047";"Sensitivity | Removed policies except for bio/syn fuel mandates";"Diesel"
"OPEX";"Taxes";"DE";"Excise Duty - Diesel";"Tractor-Trailer";"BAU";"EUR/kWh";2045;"0.047";"Sensitivity | Removed policies except for bio/syn fuel mandates";"Diesel"
"OPEX";"Taxes";"DE";"Excise Duty - Diesel";"Rigid";"PROG";"EUR/kWh";2045;"0.047";"Sensitivity | Removed policies except for bio/syn fuel mandates";"Diesel"
"OPEX";"Taxes";"DE";"Excise Duty - Diesel";"Tractor-Trailer";"PROG";"EUR/kWh";2045;"0.047";"Sensitivity | Removed policies except for bio/syn fuel mandates";"Diesel"
"OPEX";"Taxes";"ES";"Excise Duty - Diesel";"Rigid";"BAU";"EUR/kWh";2045;"0.038";"Sensitivity | Removed policies except for bio/syn fuel mandates";"Diesel"
"OPEX";"Taxes";"ES";"Excise Duty - Diesel";"Tractor-Trailer";"BAU";"EUR/kWh";2045;"0.038";"Sensitivity | Removed policies except for bio/syn fuel mandates";"Diesel"
"OPEX";"Taxes";"ES";"Excise Duty - Diesel";"Rigid";"PROG";"EUR/kWh";2045;"0.038";"Sensitivity | Removed policies except for bio/syn fuel mandates";"Diesel"
"OPEX";"Taxes";"ES";"Excise Duty - Diesel";"Tractor-Trailer";"PROG";"EUR/kWh";2045;"0.038";"Sensitivity | Removed policies except for bio/syn fuel mandates";"Diesel"
"OPEX";"Taxes";"FR";"Excise Duty - Diesel";"Rigid";"BAU";"EUR/kWh";2045;"0.06";"Sensitivity | Removed policies except for bio/syn fuel mandates";"Diesel"
"OPEX";"Taxes";"FR";"Excise Duty - Diesel";"Tractor-Trailer";"BAU";"EUR/kWh";2045;"0.06";"Sensitivity | Removed policies except for bio/syn fuel mandates";"Diesel"
"OPEX";"Taxes";"FR";"Excise Duty - Diesel";"Rigid";"PROG";"EUR/kWh";2045;"0.06";"Sensitivity | Removed policies except for bio/syn fuel mandates";"Diesel"
"OPEX";"Taxes";"FR";"Excise Duty - Diesel";"Tractor-Trailer";"PROG";"EUR/kWh";2045;"0.06";"Sensitivity | Removed policies except for bio/syn fuel mandates";"Diesel"
"OPEX";"Taxes";"IT";"Excise Duty - Diesel";"Rigid";"BAU";"EUR/kWh";2045;"0.062";"Sensitivity | Removed policies except for bio/syn fuel mandates";"Diesel"
"OPEX";"Taxes";"IT";"Excise Duty - Diesel";"Tractor-Trailer";"BAU";"EUR/kWh";2045;"0.062";"Sensitivity | Removed policies except for bio/syn fuel mandates";"Diesel"
"OPEX";"Taxes";"IT";"Excise Duty - Diesel";"Rigid";"PROG";"EUR/kWh";2045;"0.062";"Sensitivity | Removed policies except for bio/syn fuel mandates";"Diesel"
"OPEX";"Taxes";"IT";"Excise Duty - Diesel";"Tractor-Trailer";"PROG";"EUR/kWh";2045;"0.062";"Sensitivity | Removed policies except for bio/syn fuel mandates";"Diesel"
"OPEX";"Taxes";"NL";"Excise Duty - Diesel";"Rigid";"BAU";"EUR/kWh";2045;"0.053";"Sensitivity | Removed policies except for bio/syn fuel mandates";"Diesel"
"OPEX";"Taxes";"NL";"Excise Duty - Diesel";"Tractor-Trailer";"BAU";"EUR/kWh";2045;"0.053";"Sensitivity | Removed policies except for bio/syn fuel mandates";"Diesel"
"OPEX";"Taxes";"NL";"Excise Duty - Diesel";"Rigid";"PROG";"EUR/kWh";2045;"0.053";"Sensitivity | Removed policies except for bio/syn fuel mandates";"Diesel"
"OPEX";"Taxes";"NL";"Excise Duty - Diesel";"Tractor-Trailer";"PROG";"EUR/kWh";2045;"0.053";"Sensitivity | Removed policies except for bio/syn fuel mandates";"Diesel"
"OPEX";"Taxes";"PL";"Excise Duty - Diesel";"Rigid";"BAU";"EUR/kWh";2045;"0.033";"Sensitivity | Removed policies except for bio/syn fuel mandates";"Diesel"
"OPEX";"Taxes";"PL";"Excise Duty - Diesel";"Tractor-Trailer";"BAU";"EUR/kWh";2045;"0.033";"Sensitivity | Removed policies except for bio/syn fuel mandates";"Diesel"
"OPEX";"Taxes";"PL";"Excise Duty - Diesel";"Rigid";"PROG";"EUR/kWh";2045;"0.033";"Sensitivity | Removed policies except for bio/syn fuel mandates";"Diesel"
"OPEX";"Taxes";"PL";"Excise Duty - Diesel";"Tractor-Trailer";"PROG";"EUR/kWh";2045;"0.033";"Sensitivity | Removed policies except for bio/syn fuel mandates";"Diesel"
"OPEX";"Taxes";"UK";"Excise Duty - Diesel";"Rigid";"BAU";"EUR/kWh";2045;"0.053";"Sensitivity | Removed policies except for bio/syn fuel mandates";"Diesel"
"OPEX";"Taxes";"UK";"Excise Duty - Diesel";"Tractor-Trailer";"BAU";"EUR/kWh";2045;"0.053";"Sensitivity | Removed policies except for bio/syn fuel mandates";"Diesel"
"OPEX";"Taxes";"UK";"Excise Duty - Diesel";"Rigid";"PROG";"EUR/kWh";2045;"0.053";"Sensitivity | Removed policies except for bio/syn fuel mandates";"Diesel"
"OPEX";"Taxes";"UK";"Excise Duty - Diesel";"Tractor-Trailer";"PROG";"EUR/kWh";2045;"0.053";"Sensitivity | Removed policies except for bio/syn fuel mandates";"Diesel"
"OPEX";"Taxes";"DE";"Excise Duty - Reduction biodiesel";"Rigid";"BAU";"%";2045;"0.5";"Sensitivity | Removed policies except for bio/syn fuel mandates";"Diesel"
"OPEX";"Taxes";"DE";"Excise Duty - Reduction biodiesel";"Tractor-Trailer";"BAU";"%";2045;"0.5";"Sensitivity | Removed policies except for bio/syn fuel mandates";"Diesel"
"OPEX";"Taxes";"DE";"Excise Duty - Reduction biodiesel";"Rigid";"PROG";"%";2045;"0.5";"Sensitivity | Removed policies except for bio/syn fuel mandates";"Diesel"
"OPEX";"Taxes";"DE";"Excise Duty - Reduction biodiesel";"Tractor-Trailer";"PROG";"%";2045;"0.5";"Sensitivity | Removed policies except for bio/syn fuel mandates";"Diesel"
"OPEX";"Taxes";"ES";"Excise Duty - Reduction biodiesel";"Rigid";"BAU";"%";2045;"0.5";"Sensitivity | Removed policies except for bio/syn fuel mandates";"Diesel"
"OPEX";"Taxes";"ES";"Excise Duty - Reduction biodiesel";"Tractor-Trailer";"BAU";"%";2045;"0.5";"Sensitivity | Removed policies except for bio/syn fuel mandates";"Diesel"
"OPEX";"Taxes";"ES";"Excise Duty - Reduction biodiesel";"Rigid";"PROG";"%";2045;"0.5";"Sensitivity | Removed policies except for bio/syn fuel mandates";"Diesel"
"OPEX";"Taxes";"ES";"Excise Duty - Reduction biodiesel";"Tractor-Trailer";"PROG";"%";2045;"0.5";"Sensitivity | Removed policies except for bio/syn fuel mandates";"Diesel"
"OPEX";"Taxes";"FR";"Excise Duty - Reduction biodiesel";"Rigid";"BAU";"%";2045;"0.5";"Sensitivity | Removed policies except for bio/syn fuel mandates";"Diesel"
"OPEX";"Taxes";"FR";"Excise Duty - Reduction biodiesel";"Tractor-Trailer";"BAU";"%";2045;"0.5";"Sensitivity | Removed policies except for bio/syn fuel mandates";"Diesel"
"OPEX";"Taxes";"FR";"Excise Duty - Reduction biodiesel";"Rigid";"PROG";"%";2045;"0.5";"Sensitivity | Removed policies except for bio/syn fuel mandates";"Diesel"
"OPEX";"Taxes";"FR";"Excise Duty - Reduction biodiesel";"Tractor-Trailer";"PROG";"%";2045;"0.5";"Sensitivity | Removed policies except for bio/syn fuel mandates";"Diesel"
"OPEX";"Taxes";"IT";"Excise Duty - Reduction biodiesel";"Rigid";"BAU";"%";2045;"0.5";"Sensitivity | Removed policies except for bio/syn fuel mandates";"Diesel"
"OPEX";"Taxes";"IT";"Excise Duty - Reduction biodiesel";"Tractor-Trailer";"BAU";"%";2045;"0.5";"Sensitivity | Removed policies except for bio/syn fuel mandates";"Diesel"
"OPEX";"Taxes";"IT";"Excise Duty - Reduction biodiesel";"Rigid";"PROG";"%";2045;"0.5";"Sensitivity | Removed policies except for bio/syn fuel mandates";"Diesel"
"OPEX";"Taxes";"IT";"Excise Duty - Reduction biodiesel";"Tractor-Trailer";"PROG";"%";2045;"0.5";"Sensitivity | Removed policies except for bio/syn fuel mandates";"Diesel"
"OPEX";"Taxes";"NL";"Excise Duty - Reduction biodiesel";"Rigid";"BAU";"%";2045;"0.5";"Sensitivity | Removed policies except for bio/syn fuel mandates";"Diesel"
"OPEX";"Taxes";"NL";"Excise Duty - Reduction biodiesel";"Tractor-Trailer";"BAU";"%";2045;"0.5";"Sensitivity | Removed policies except for bio/syn fuel mandates";"Diesel"
"OPEX";"Taxes";"NL";"Excise Duty - Reduction biodiesel";"Rigid";"PROG";"%";2045;"0.5";"Sensitivity | Removed policies except for bio/syn fuel mandates";"Diesel"
"OPEX";"Taxes";"NL";"Excise Duty - Reduction biodiesel";"Tractor-Trailer";"PROG";"%";2045;"0.5";"Sensitivity | Removed policies except for bio/syn fuel mandates";"Diesel"
"OPEX";"Taxes";"PL";"Excise Duty - Reduction biodiesel";"Rigid";"BAU";"%";2045;"0.5";"Sensitivity | Removed policies except for bio/syn fuel mandates";"Diesel"
"OPEX";"Taxes";"PL";"Excise Duty - Reduction biodiesel";"Tractor-Trailer";"BAU";"%";2045;"0.5";"Sensitivity | Removed policies except for bio/syn fuel mandates";"Diesel"
"OPEX";"Taxes";"PL";"Excise Duty - Reduction biodiesel";"Rigid";"PROG";"%";2045;"0.5";"Sensitivity | Removed policies except for bio/syn fuel mandates";"Diesel"
"OPEX";"Taxes";"PL";"Excise Duty - Reduction biodiesel";"Tractor-Trailer";"PROG";"%";2045;"0.5";"Sensitivity | Removed policies except for bio/syn fuel mandates";"Diesel"
"OPEX";"Taxes";"UK";"Excise Duty - Reduction biodiesel";"Rigid";"BAU";"%";2045;"0.5";"Sensitivity | Removed policies except for bio/syn fuel mandates";"Diesel"
"OPEX";"Taxes";"UK";"Excise Duty - Reduction biodiesel";"Tractor-Trailer";"BAU";"%";2045;"0.5";"Sensitivity | Removed policies except for bio/syn fuel mandates";"Diesel"
"OPEX";"Taxes";"UK";"Excise Duty - Reduction biodiesel";"Rigid";"PROG";"%";2045;"0.5";"Sensitivity | Removed policies except for bio/syn fuel mandates";"Diesel"
"OPEX";"Taxes";"UK";"Excise Duty - Reduction biodiesel";"Tractor-Trailer";"PROG";"%";2045;"0.5";"Sensitivity | Removed policies except for bio/syn fuel mandates";"Diesel"
"OPEX";"Taxes";"DE";"Excise Duty - Reduction Synthetic Diesel (E-Fuels)";"Rigid";"BAU";"%";2045;"0.5";"Sensitivity | Removed policies except for bio/syn fuel mandates";"Diesel"
"OPEX";"Taxes";"DE";"Excise Duty - Reduction Synthetic Diesel (E-Fuels)";"Tractor-Trailer";"BAU";"%";2045;"0.5";"Sensitivity | Removed policies except for bio/syn fuel mandates";"Diesel"
"OPEX";"Taxes";"DE";"Excise Duty - Reduction Synthetic Diesel (E-Fuels)";"Rigid";"PROG";"%";2045;"0.5";"Sensitivity | Removed policies except for bio/syn fuel mandates";"Diesel"
"OPEX";"Taxes";"DE";"Excise Duty - Reduction Synthetic Diesel (E-Fuels)";"Tractor-Trailer";"PROG";"%";2045;"0.5";"Sensitivity | Removed policies except for bio/syn fuel mandates";"Diesel"
"OPEX";"Taxes";"ES";"Excise Duty - Reduction Synthetic Diesel (E-Fuels)";"Rigid";"BAU";"%";2045;"0.5";"Sensitivity | Removed policies except for bio/syn fuel mandates";"Diesel"
"OPEX";"Taxes";"ES";"Excise Duty - Reduction Synthetic Diesel (E-Fuels)";"Tractor-Trailer";"BAU";"%";2045;"0.5";"Sensitivity | Removed policies except for bio/syn fuel mandates";"Diesel"
"OPEX";"Taxes";"ES";"Excise Duty - Reduction Synthetic Diesel (E-Fuels)";"Rigid";"PROG";"%";2045;"0.5";"Sensitivity | Removed policies except for bio/syn fuel mandates";"Diesel"
"OPEX";"Taxes";"ES";"Excise Duty - Reduction Synthetic Diesel (E-Fuels)";"Tractor-Trailer";"PROG";"%";2045;"0.5";"Sensitivity | Removed policies except for bio/syn fuel mandates";"Diesel"
"OPEX";"Taxes";"FR";"Excise Duty - Reduction Synthetic Diesel (E-Fuels)";"Rigid";"BAU";"%";2045;"0.5";"Sensitivity | Removed policies except for bio/syn fuel mandates";"Diesel"
"OPEX";"Taxes";"FR";"Excise Duty - Reduction Synthetic Diesel (E-Fuels)";"Tractor-Trailer";"BAU";"%";2045;"0.5";"Sensitivity | Removed policies except for bio/syn fuel mandates";"Diesel"
"OPEX";"Taxes";"FR";"Excise Duty - Reduction Synthetic Diesel (E-Fuels)";"Rigid";"PROG";"%";2045;"0.5";"Sensitivity | Removed policies except for bio/syn fuel mandates";"Diesel"
"OPEX";"Taxes";"FR";"Excise Duty - Reduction Synthetic Diesel (E-Fuels)";"Tractor-Trailer";"PROG";"%";2045;"0.5";"Sensitivity | Removed policies except for bio/syn fuel mandates";"Diesel"
"OPEX";"Taxes";"IT";"Excise Duty - Reduction Synthetic Diesel (E-Fuels)";"Rigid";"BAU";"%";2045;"0.5";"Sensitivity | Removed policies except for bio/syn fuel mandates";"Diesel"
"OPEX";"Taxes";"IT";"Excise Duty - Reduction Synthetic Diesel (E-Fuels)";"Tractor-Trailer";"BAU";"%";2045;"0.5";"Sensitivity | Removed policies except for bio/syn fuel mandates";"Diesel"
"OPEX";"Taxes";"IT";"Excise Duty - Reduction Synthetic Diesel (E-Fuels)";"Rigid";"PROG";"%";2045;"0.5";"Sensitivity | Removed policies except for bio/syn fuel mandates";"Diesel"
"OPEX";"Taxes";"IT";"Excise Duty - Reduction Synthetic Diesel (E-Fuels)";"Tractor-Trailer";"PROG";"%";2045;"0.5";"Sensitivity | Removed policies except for bio/syn fuel mandates";"Diesel"
"OPEX";"Taxes";"NL";"Excise Duty - Reduction Synthetic Diesel (E-Fuels)";"Rigid";"BAU";"%";2045;"0.5";"Sensitivity | Removed policies except for bio/syn fuel mandates";"Diesel"
"OPEX";"Taxes";"NL";"Excise Duty - Reduction Synthetic Diesel (E-Fuels)";"Tractor-Trailer";"BAU";"%";2045;"0.5";"Sensitivity | Removed policies except for bio/syn fuel mandates";"Diesel"
"OPEX";"Taxes";"NL";"Excise Duty - Reduction Synthetic Diesel (E-Fuels)";"Rigid";"PROG";"%";2045;"0.5";"Sensitivity | Removed policies except for bio/syn fuel mandates";"Diesel"
"OPEX";"Taxes";"NL";"Excise Duty - Reduction Synthetic Diesel (E-Fuels)";"Tractor-Trailer";"PROG";"%";2045;"0.5";"Sensitivity | Removed policies except for bio/syn fuel mandates";"Diesel"
"OPEX";"Taxes";"PL";"Excise Duty - Reduction Synthetic Diesel (E-Fuels)";"Rigid";"BAU";"%";2045;"0.5";"Sensitivity | Removed policies except for bio/syn fuel mandates";"Diesel"
"OPEX";"Taxes";"PL";"Excise Duty - Reduction Synthetic Diesel (E-Fuels)";"Tractor-Trailer";"BAU";"%";2045;"0.5";"Sensitivity | Removed policies except for bio/syn fuel mandates";"Diesel"
"OPEX";"Taxes";"PL";"Excise Duty - Reduction Synthetic Diesel (E-Fuels)";"Rigid";"PROG";"%";2045;"0.5";"Sensitivity | Removed policies except for bio/syn fuel mandates";"Diesel"
"OPEX";"Taxes";"PL";"Excise Duty - Reduction Synthetic Diesel (E-Fuels)";"Tractor-Trailer";"PROG";"%";2045;"0.5";"Sensitivity | Removed policies except for bio/syn fuel mandates";"Diesel"
"OPEX";"Taxes";"UK";"Excise Duty - Reduction Synthetic Diesel (E-Fuels)";"Rigid";"BAU";"%";2045;"0.5";"Sensitivity | Removed policies except for bio/syn fuel mandates";"Diesel"
"OPEX";"Taxes";"UK";"Excise Duty - Reduction Synthetic Diesel (E-Fuels)";"Tractor-Trailer";"BAU";"%";2045;"0.5";"Sensitivity | Removed policies except for bio/syn fuel mandates";"Diesel"
"OPEX";"Taxes";"UK";"Excise Duty - Reduction Synthetic Diesel (E-Fuels)";"Rigid";"PROG";"%";2045;"0.5";"Sensitivity | Removed policies except for bio/syn fuel mandates";"Diesel"
"OPEX";"Taxes";"UK";"Excise Duty - Reduction Synthetic Diesel (E-Fuels)";"Tractor-Trailer";"PROG";"%";2045;"0.5";"Sensitivity | Removed policies except for bio/syn fuel mandates";"Diesel"
"OPEX";"Taxes";"DE";"Taxes, Fees, Levies and charges - H2";"Rigid";"BAU";"EUR/kWh";2045;"0.015";"Sensitivity | Removed policies except for bio/syn fuel mandates";"Hydrogen"
"OPEX";"Taxes";"DE";"Taxes, Fees, Levies and charges - H2";"Tractor-Trailer";"BAU";"EUR/kWh";2045;"0.015";"Sensitivity | Removed policies except for bio/syn fuel mandates";"Hydrogen"
"OPEX";"Taxes";"DE";"Taxes, Fees, Levies and charges - H2";"Rigid";"PROG";"EUR/kWh";2045;"0.015";"Sensitivity | Removed policies except for bio/syn fuel mandates";"Hydrogen"
"OPEX";"Taxes";"DE";"Taxes, Fees, Levies and charges - H2";"Tractor-Trailer";"PROG";"EUR/kWh";2045;"0.015";"Sensitivity | Removed policies except for bio/syn fuel mandates";"Hydrogen"
"OPEX";"Taxes";"ES";"Taxes, Fees, Levies and charges - H2";"Rigid";"BAU";"EUR/kWh";2045;"0.008";"Sensitivity | Removed policies except for bio/syn fuel mandates";"Hydrogen"
"OPEX";"Taxes";"ES";"Taxes, Fees, Levies and charges - H2";"Tractor-Trailer";"BAU";"EUR/kWh";2045;"0.008";"Sensitivity | Removed policies except for bio/syn fuel mandates";"Hydrogen"
"OPEX";"Taxes";"ES";"Taxes, Fees, Levies and charges - H2";"Rigid";"PROG";"EUR/kWh";2045;"0.008";"Sensitivity | Removed policies except for bio/syn fuel mandates";"Hydrogen"
"OPEX";"Taxes";"ES";"Taxes, Fees, Levies and charges - H2";"Tractor-Trailer";"PROG";"EUR/kWh";2045;"0.008";"Sensitivity | Removed policies except for bio/syn fuel mandates";"Hydrogen"
"OPEX";"Taxes";"FR";"Taxes, Fees, Levies and charges - H2";"Rigid";"BAU";"EUR/kWh";2045;"0.012";"Sensitivity | Removed policies except for bio/syn fuel mandates";"Hydrogen"
"OPEX";"Taxes";"FR";"Taxes, Fees, Levies and charges - H2";"Tractor-Trailer";"BAU";"EUR/kWh";2045;"0.012";"Sensitivity | Removed policies except for bio/syn fuel mandates";"Hydrogen"
"OPEX";"Taxes";"FR";"Taxes, Fees, Levies and charges - H2";"Rigid";"PROG";"EUR/kWh";2045;"0.012";"Sensitivity | Removed policies except for bio/syn fuel mandates";"Hydrogen"
"OPEX";"Taxes";"FR";"Taxes, Fees, Levies and charges - H2";"Tractor-Trailer";"PROG";"EUR/kWh";2045;"0.012";"Sensitivity | Removed policies except for bio/syn fuel mandates";"Hydrogen"
"OPEX";"Taxes";"IT";"Taxes, Fees, Levies and charges - H2";"Rigid";"BAU";"EUR/kWh";2045;"0.009";"Sensitivity | Removed policies except for bio/syn fuel mandates";"Hydrogen"
"OPEX";"Taxes";"IT";"Taxes, Fees, Levies and charges - H2";"Tractor-Trailer";"BAU";"EUR/kWh";2045;"0.009";"Sensitivity | Removed policies except for bio/syn fuel mandates";"Hydrogen"
"OPEX";"Taxes";"IT";"Taxes, Fees, Levies and charges - H2";"Rigid";"PROG";"EUR/kWh";2045;"0.009";"Sensitivity | Removed policies except for bio/syn fuel mandates";"Hydrogen"
"OPEX";"Taxes";"IT";"Taxes, Fees, Levies and charges - H2";"Tractor-Trailer";"PROG";"EUR/kWh";2045;"0.009";"Sensitivity | Removed policies except for bio/syn fuel mandates";"Hydrogen"
"OPEX";"Taxes";"NL";"Taxes, Fees, Levies and charges - H2";"Rigid";"BAU";"EUR/kWh";2045;"0.024";"Sensitivity | Removed policies except for bio/syn fuel mandates";"Hydrogen"
"OPEX";"Taxes";"NL";"Taxes, Fees, Levies and charges - H2";"Tractor-Trailer";"BAU";"EUR/kWh";2045;"0.024";"Sensitivity | Removed policies except for bio/syn fuel mandates";"Hydrogen"
"OPEX";"Taxes";"NL";"Taxes, Fees, Levies and charges - H2";"Rigid";"PROG";"EUR/kWh";2045;"0.024";"Sensitivity | Removed policies except for bio/syn fuel mandates";"Hydrogen"
"OPEX";"Taxes";"NL";"Taxes, Fees, Levies and charges - H2";"Tractor-Trailer";"PROG";"EUR/kWh";2045;"0.024";"Sensitivity | Removed policies except for bio/syn fuel mandates";"Hydrogen"
"OPEX";"Taxes";"PL";"Taxes, Fees, Levies and charges - H2";"Rigid";"BAU";"EUR/kWh";2045;"0.009";"Sensitivity | Removed policies except for bio/syn fuel mandates";"Hydrogen"
"OPEX";"Taxes";"PL";"Taxes, Fees, Levies and charges - H2";"Tractor-Trailer";"BAU";"EUR/kWh";2045;"0.009";"Sensitivity | Removed policies except for bio/syn fuel mandates";"Hydrogen"
"OPEX";"Taxes";"PL";"Taxes, Fees, Levies and charges - H2";"Rigid";"PROG";"EUR/kWh";2045;"0.009";"Sensitivity | Removed policies except for bio/syn fuel mandates";"Hydrogen"
"OPEX";"Taxes";"PL";"Taxes, Fees, Levies and charges - H2";"Tractor-Trailer";"PROG";"EUR/kWh";2045;"0.009";"Sensitivity | Removed policies except for bio/syn fuel mandates";"Hydrogen"
"OPEX";"Taxes";"UK";"Taxes, Fees, Levies and charges - H2";"Rigid";"BAU";"EUR/kWh";2045;"0.006";"Sensitivity | Removed policies except for bio/syn fuel mandates";"Hydrogen"
"OPEX";"Taxes";"UK";"Taxes, Fees, Levies and charges - H2";"Tractor-Trailer";"BAU";"EUR/kWh";2045;"0.006";"Sensitivity | Removed policies except for bio/syn fuel mandates";"Hydrogen"
"OPEX";"Taxes";"UK";"Taxes, Fees, Levies and charges - H2";"Rigid";"PROG";"EUR/kWh";2045;"0.006";"Sensitivity | Removed policies except for bio/syn fuel mandates";"Hydrogen"
"OPEX";"Taxes";"UK";"Taxes, Fees, Levies and charges - H2";"Tractor-Trailer";"PROG";"EUR/kWh";2045;"0.006";"Sensitivity | Removed policies except for bio/syn fuel mandates";"Hydrogen"
"OPEX";"Charging Infrastructure";"DE";"MCS grid extension";"Rigid";"PROG";"EUR/kWh";2045;"0.045";"Sensitivity | Removed policies except for bio/syn fuel mandates";"Electricity"
"OPEX";"Charging Infrastructure";"DE";"MCS grid extension";"Tractor-Trailer";"PROG";"EUR/kWh";2045;"0.045";"Sensitivity | Removed policies except for bio/syn fuel mandates";"Electricity"
"OPEX";"Charging Infrastructure";"DE";"MCS grid extension";"Rigid";"BAU";"EUR/kWh";2045;"0.045";"Sensitivity | Removed policies except for bio/syn fuel mandates";"Electricity"
"OPEX";"Charging Infrastructure";"DE";"MCS grid extension";"Tractor-Trailer";"BAU";"EUR/kWh";2045;"0.045";"Sensitivity | Removed policies except for bio/syn fuel mandates";"Electricity"
"OPEX";"Charging Infrastructure";"ES";"MCS grid extension";"Rigid";"PROG";"EUR/kWh";2045;"0.045";"Sensitivity | Removed policies except for bio/syn fuel mandates";"Electricity"
"OPEX";"Charging Infrastructure";"ES";"MCS grid extension";"Tractor-Trailer";"PROG";"EUR/kWh";2045;"0.045";"Sensitivity | Removed policies except for bio/syn fuel mandates";"Electricity"
"OPEX";"Charging Infrastructure";"ES";"MCS grid extension";"Rigid";"BAU";"EUR/kWh";2045;"0.045";"Sensitivity | Removed policies except for bio/syn fuel mandates";"Electricity"
"OPEX";"Charging Infrastructure";"ES";"MCS grid extension";"Tractor-Trailer";"BAU";"EUR/kWh";2045;"0.045";"Sensitivity | Removed policies except for bio/syn fuel mandates";"Electricity"
"OPEX";"Charging Infrastructure";"FR";"MCS grid extension";"Rigid";"PROG";"EUR/kWh";2045;"0.045";"Sensitivity | Removed policies except for bio/syn fuel mandates";"Electricity"
"OPEX";"Charging Infrastructure";"FR";"MCS grid extension";"Tractor-Trailer";"PROG";"EUR/kWh";2045;"0.045";"Sensitivity | Removed policies except for bio/syn fuel mandates";"Electricity"
"OPEX";"Charging Infrastructure";"FR";"MCS grid extension";"Rigid";"BAU";"EUR/kWh";2045;"0.045";"Sensitivity | Removed policies except for bio/syn fuel mandates";"Electricity"
"OPEX";"Charging Infrastructure";"FR";"MCS grid extension";"Tractor-Trailer";"BAU";"EUR/kWh";2045;"0.045";"Sensitivity | Removed policies except for bio/syn fuel mandates";"Electricity"
"OPEX";"Charging Infrastructure";"IT";"MCS grid extension";"Rigid";"PROG";"EUR/kWh";2045;"0.045";"Sensitivity | Removed policies except for bio/syn fuel mandates";"Electricity"
"OPEX";"Charging Infrastructure";"IT";"MCS grid extension";"Tractor-Trailer";"PROG";"EUR/kWh";2045;"0.045";"Sensitivity | Removed policies except for bio/syn fuel mandates";"Electricity"
"OPEX";"Charging Infrastructure";"IT";"MCS grid extension";"Rigid";"BAU";"EUR/kWh";2045;"0.045";"Sensitivity | Removed policies except for bio/syn fuel mandates";"Electricity"
"OPEX";"Charging Infrastructure";"IT";"MCS grid extension";"Tractor-Trailer";"BAU";"EUR/kWh";2045;"0.045";"Sensitivity | Removed policies except for bio/syn fuel mandates";"Electricity"
"OPEX";"Charging Infrastructure";"NL";"MCS grid extension";"Rigid";"PROG";"EUR/kWh";2045;"0.045";"Sensitivity | Removed policies except for bio/syn fuel mandates";"Electricity"
"OPEX";"Charging Infrastructure";"NL";"MCS grid extension";"Tractor-Trailer";"PROG";"EUR/kWh";2045;"0.045";"Sensitivity | Removed policies except for bio/syn fuel mandates";"Electricity"
"OPEX";"Charging Infrastructure";"NL";"MCS grid extension";"Rigid";"BAU";"EUR/kWh";2045;"0.045";"Sensitivity | Removed policies except for bio/syn fuel mandates";"Electricity"
"OPEX";"Charging Infrastructure";"NL";"MCS grid extension";"Tractor-Trailer";"BAU";"EUR/kWh";2045;"0.045";"Sensitivity | Removed policies except for bio/syn fuel mandates";"Electricity"
"OPEX";"Charging Infrastructure";"PL";"MCS grid extension";"Rigid";"PROG";"EUR/kWh";2045;"0.045";"Sensitivity | Removed policies except for bio/syn fuel mandates";"Electricity"
"OPEX";"Charging Infrastructure";"PL";"MCS grid extension";"Tractor-Trailer";"PROG";"EUR/kWh";2045;"0.045";"Sensitivity | Removed policies except for bio/syn fuel mandates";"Electricity"
"OPEX";"Charging Infrastructure";"PL";"MCS grid extension";"Rigid";"BAU";"EUR/kWh";2045;"0.045";"Sensitivity | Removed policies except for bio/syn fuel mandates";"Electricity"
"OPEX";"Charging Infrastructure";"PL";"MCS grid extension";"Tractor-Trailer";"BAU";"EUR/kWh";2045;"0.045";"Sensitivity | Removed policies except for bio/syn fuel mandates";"Electricity"
"OPEX";"Charging Infrastructure";"UK";"MCS grid extension";"Rigid";"PROG";"EUR/kWh";2045;"0.045";"Sensitivity | Removed policies except for bio/syn fuel mandates";"Electricity"
"OPEX";"Charging Infrastructure";"UK";"MCS grid extension";"Tractor-Trailer";"PROG";"EUR/kWh";2045;"0.045";"Sensitivity | Removed policies except for bio/syn fuel mandates";"Electricity"
"OPEX";"Charging Infrastructure";"UK";"MCS grid extension";"Rigid";"BAU";"EUR/kWh";2045;"0.045";"Sensitivity | Removed policies except for bio/syn fuel mandates";"Electricity"
"OPEX";"Charging Infrastructure";"UK";"MCS grid extension";"Tractor-Trailer";"BAU";"EUR/kWh";2045;"0.045";"Sensitivity | Removed policies except for bio/syn fuel mandates";"Electricity"
"OPEX";"Charging Infrastructure";"DE";"MCS Profit and Mark-Up";"Rigid";"PROG";"%";2045;"0.1";"Sensitivity | Removed policies except for bio/syn fuel mandates";"Electricity"
"OPEX";"Charging Infrastructure";"DE";"MCS Profit and Mark-Up";"Tractor-Trailer";"PROG";"%";2045;"0.1";"Sensitivity | Removed policies except for bio/syn fuel mandates";"Electricity"
"OPEX";"Charging Infrastructure";"DE";"MCS Profit and Mark-Up";"Rigid";"BAU";"%";2045;"0.1";"Sensitivity | Removed policies except for bio/syn fuel mandates";"Electricity"
"OPEX";"Charging Infrastructure";"DE";"MCS Profit and Mark-Up";"Tractor-Trailer";"BAU";"%";2045;"0.1";"Sensitivity | Removed policies except for bio/syn fuel mandates";"Electricity"
"OPEX";"Charging Infrastructure";"ES";"MCS Profit and Mark-Up";"Rigid";"PROG";"%";2045;"0.1";"Sensitivity | Removed policies except for bio/syn fuel mandates";"Electricity"
"OPEX";"Charging Infrastructure";"ES";"MCS Profit and Mark-Up";"Tractor-Trailer";"PROG";"%";2045;"0.1";"Sensitivity | Removed policies except for bio/syn fuel mandates";"Electricity"
"OPEX";"Charging Infrastructure";"ES";"MCS Profit and Mark-Up";"Rigid";"BAU";"%";2045;"0.1";"Sensitivity | Removed policies except for bio/syn fuel mandates";"Electricity"
"OPEX";"Charging Infrastructure";"ES";"MCS Profit and Mark-Up";"Tractor-Trailer";"BAU";"%";2045;"0.1";"Sensitivity | Removed policies except for bio/syn fuel mandates";"Electricity"
"OPEX";"Charging Infrastructure";"FR";"MCS Profit and Mark-Up";"Rigid";"PROG";"%";2045;"0.1";"Sensitivity | Removed policies except for bio/syn fuel mandates";"Electricity"
"OPEX";"Charging Infrastructure";"FR";"MCS Profit and Mark-Up";"Tractor-Trailer";"PROG";"%";2045;"0.1";"Sensitivity | Removed policies except for bio/syn fuel mandates";"Electricity"
"OPEX";"Charging Infrastructure";"FR";"MCS Profit and Mark-Up";"Rigid";"BAU";"%";2045;"0.1";"Sensitivity | Removed policies except for bio/syn fuel mandates";"Electricity"
"OPEX";"Charging Infrastructure";"FR";"MCS Profit and Mark-Up";"Tractor-Trailer";"BAU";"%";2045;"0.1";"Sensitivity | Removed policies except for bio/syn fuel mandates";"Electricity"
"OPEX";"Charging Infrastructure";"IT";"MCS Profit and Mark-Up";"Rigid";"PROG";"%";2045;"0.1";"Sensitivity | Removed policies except for bio/syn fuel mandates";"Electricity"
"OPEX";"Charging Infrastructure";"IT";"MCS Profit and Mark-Up";"Tractor-Trailer";"PROG";"%";2045;"0.1";"Sensitivity | Removed policies except for bio/syn fuel mandates";"Electricity"
"OPEX";"Charging Infrastructure";"IT";"MCS Profit and Mark-Up";"Rigid";"BAU";"%";2045;"0.1";"Sensitivity | Removed policies except for bio/syn fuel mandates";"Electricity"
"OPEX";"Charging Infrastructure";"IT";"MCS Profit and Mark-Up";"Tractor-Trailer";"BAU";"%";2045;"0.1";"Sensitivity | Removed policies except for bio/syn fuel mandates";"Electricity"
"OPEX";"Charging Infrastructure";"NL";"MCS Profit and Mark-Up";"Rigid";"PROG";"%";2045;"0.1";"Sensitivity | Removed policies except for bio/syn fuel mandates";"Electricity"
"OPEX";"Charging Infrastructure";"NL";"MCS Profit and Mark-Up";"Tractor-Trailer";"PROG";"%";2045;"0.1";"Sensitivity | Removed policies except for bio/syn fuel mandates";"Electricity"
"OPEX";"Charging Infrastructure";"NL";"MCS Profit and Mark-Up";"Rigid";"BAU";"%";2045;"0.1";"Sensitivity | Removed policies except for bio/syn fuel mandates";"Electricity"
"OPEX";"Charging Infrastructure";"NL";"MCS Profit and Mark-Up";"Tractor-Trailer";"BAU";"%";2045;"0.1";"Sensitivity | Removed policies except for bio/syn fuel mandates";"Electricity"
"OPEX";"Charging Infrastructure";"PL";"MCS Profit and Mark-Up";"Rigid";"PROG";"%";2045;"0.1";"Sensitivity | Removed policies except for bio/syn fuel mandates";"Electricity"
"OPEX";"Charging Infrastructure";"PL";"MCS Profit and Mark-Up";"Tractor-Trailer";"PROG";"%";2045;"0.1";"Sensitivity | Removed policies except for bio/syn fuel mandates";"Electricity"
"OPEX";"Charging Infrastructure";"PL";"MCS Profit and Mark-Up";"Rigid";"BAU";"%";2045;"0.1";"Sensitivity | Removed policies except for bio/syn fuel mandates";"Electricity"
"OPEX";"Charging Infrastructure";"PL";"MCS Profit and Mark-Up";"Tractor-Trailer";"BAU";"%";2045;"0.1";"Sensitivity | Removed policies except for bio/syn fuel mandates";"Electricity"
"OPEX";"Charging Infrastructure";"UK";"MCS Profit and Mark-Up";"Rigid";"PROG";"%";2045;"0.1";"Sensitivity | Removed policies except for bio/syn fuel mandates";"Electricity"
"OPEX";"Charging Infrastructure";"UK";"MCS Profit and Mark-Up";"Tractor-Trailer";"PROG";"%";2045;"0.1";"Sensitivity | Removed policies except for bio/syn fuel mandates";"Electricity"
"OPEX";"Charging Infrastructure";"UK";"MCS Profit and Mark-Up";"Rigid";"BAU";"%";2045;"0.1";"Sensitivity | Removed policies except for bio/syn fuel mandates";"Electricity"
"OPEX";"Charging Infrastructure";"UK";"MCS Profit and Mark-Up";"Tractor-Trailer";"BAU";"%";2045;"0.1";"Sensitivity | Removed policies except for bio/syn fuel mandates";"Electricity"
"OPEX";"Charging Infrastructure";"DE";"CCS Station (Depot) - Incl. Overhead";"Rigid";"PROG";"EUR/kWh";2045;"0.021";"Sensitivity | Removed policies except for bio/syn fuel mandates";"Electricity"
"OPEX";"Charging Infrastructure";"DE";"CCS Station (Depot) - Incl. Overhead";"Tractor-Trailer";"PROG";"EUR/kWh";2045;"0.021";"Sensitivity | Removed policies except for bio/syn fuel mandates";"Electricity"
"OPEX";"Charging Infrastructure";"DE";"CCS Station (Depot) - Incl. Overhead";"Rigid";"BAU";"EUR/kWh";2045;"0.021";"Sensitivity | Removed policies except for bio/syn fuel mandates";"Electricity"
"OPEX";"Charging Infrastructure";"DE";"CCS Station (Depot) - Incl. Overhead";"Tractor-Trailer";"BAU";"EUR/kWh";2045;"0.021";"Sensitivity | Removed policies except for bio/syn fuel mandates";"Electricity"
"OPEX";"Charging Infrastructure";"ES";"CCS Station (Depot) - Incl. Overhead";"Rigid";"PROG";"EUR/kWh";2045;"0.021";"Sensitivity | Removed policies except for bio/syn fuel mandates";"Electricity"
"OPEX";"Charging Infrastructure";"ES";"CCS Station (Depot) - Incl. Overhead";"Tractor-Trailer";"PROG";"EUR/kWh";2045;"0.021";"Sensitivity | Removed policies except for bio/syn fuel mandates";"Electricity"
"OPEX";"Charging Infrastructure";"ES";"CCS Station (Depot) - Incl. Overhead";"Rigid";"BAU";"EUR/kWh";2045;"0.021";"Sensitivity | Removed policies except for bio/syn fuel mandates";"Electricity"
"OPEX";"Charging Infrastructure";"ES";"CCS Station (Depot) - Incl. Overhead";"Tractor-Trailer";"BAU";"EUR/kWh";2045;"0.021";"Sensitivity | Removed policies except for bio/syn fuel mandates";"Electricity"
"OPEX";"Charging Infrastructure";"FR";"CCS Station (Depot) - Incl. Overhead";"Rigid";"PROG";"EUR/kWh";2045;"0.021";"Sensitivity | Removed policies except for bio/syn fuel mandates";"Electricity"
"OPEX";"Charging Infrastructure";"FR";"CCS Station (Depot) - Incl. Overhead";"Tractor-Trailer";"PROG";"EUR/kWh";2045;"0.021";"Sensitivity | Removed policies except for bio/syn fuel mandates";"Electricity"
"OPEX";"Charging Infrastructure";"FR";"CCS Station (Depot) - Incl. Overhead";"Rigid";"BAU";"EUR/kWh";2045;"0.021";"Sensitivity | Removed policies except for bio/syn fuel mandates";"Electricity"
"OPEX";"Charging Infrastructure";"FR";"CCS Station (Depot) - Incl. Overhead";"Tractor-Trailer";"BAU";"EUR/kWh";2045;"0.021";"Sensitivity | Removed policies except for bio/syn fuel mandates";"Electricity"
"OPEX";"Charging Infrastructure";"IT";"CCS Station (Depot) - Incl. Overhead";"Rigid";"PROG";"EUR/kWh";2045;"0.021";"Sensitivity | Removed policies except for bio/syn fuel mandates";"Electricity"
"OPEX";"Charging Infrastructure";"IT";"CCS Station (Depot) - Incl. Overhead";"Tractor-Trailer";"PROG";"EUR/kWh";2045;"0.021";"Sensitivity | Removed policies except for bio/syn fuel mandates";"Electricity"
"OPEX";"Charging Infrastructure";"IT";"CCS Station (Depot) - Incl. Overhead";"Rigid";"BAU";"EUR/kWh";2045;"0.021";"Sensitivity | Removed policies except for bio/syn fuel mandates";"Electricity"
"OPEX";"Charging Infrastructure";"IT";"CCS Station (Depot) - Incl. Overhead";"Tractor-Trailer";"BAU";"EUR/kWh";2045;"0.021";"Sensitivity | Removed policies except for bio/syn fuel mandates";"Electricity"
"OPEX";"Charging Infrastructure";"NL";"CCS Station (Depot) - Incl. Overhead";"Rigid";"PROG";"EUR/kWh";2045;"0.021";"Sensitivity | Removed policies except for bio/syn fuel mandates";"Electricity"
"OPEX";"Charging Infrastructure";"NL";"CCS Station (Depot) - Incl. Overhead";"Tractor-Trailer";"PROG";"EUR/kWh";2045;"0.021";"Sensitivity | Removed policies except for bio/syn fuel mandates";"Electricity"
"OPEX";"Charging Infrastructure";"NL";"CCS Station (Depot) - Incl. Overhead";"Rigid";"BAU";"EUR/kWh";2045;"0.021";"Sensitivity | Removed policies except for bio/syn fuel mandates";"Electricity"
"OPEX";"Charging Infrastructure";"NL";"CCS Station (Depot) - Incl. Overhead";"Tractor-Trailer";"BAU";"EUR/kWh";2045;"0.021";"Sensitivity | Removed policies except for bio/syn fuel mandates";"Electricity"
"OPEX";"Charging Infrastructure";"PL";"CCS Station (Depot) - Incl. Overhead";"Rigid";"PROG";"EUR/kWh";2045;"0.021";"Sensitivity | Removed policies except for bio/syn fuel mandates";"Electricity"
"OPEX";"Charging Infrastructure";"PL";"CCS Station (Depot) - Incl. Overhead";"Tractor-Trailer";"PROG";"EUR/kWh";2045;"0.021";"Sensitivity | Removed policies except for bio/syn fuel mandates";"Electricity"
"OPEX";"Charging Infrastructure";"PL";"CCS Station (Depot) - Incl. Overhead";"Rigid";"BAU";"EUR/kWh";2045;"0.021";"Sensitivity | Removed policies except for bio/syn fuel mandates";"Electricity"
"OPEX";"Charging Infrastructure";"PL";"CCS Station (Depot) - Incl. Overhead";"Tractor-Trailer";"BAU";"EUR/kWh";2045;"0.021";"Sensitivity | Removed policies except for bio/syn fuel mandates";"Electricity"
"OPEX";"Charging Infrastructure";"UK";"CCS Station (Depot) - Incl. Overhead";"Rigid";"PROG";"EUR/kWh";2045;"0.021";"Sensitivity | Removed policies except for bio/syn fuel mandates";"Electricity"
"OPEX";"Charging Infrastructure";"UK";"CCS Station (Depot) - Incl. Overhead";"Tractor-Trailer";"PROG";"EUR/kWh";2045;"0.021";"Sensitivity | Removed policies except for bio/syn fuel mandates";"Electricity"
"OPEX";"Charging Infrastructure";"UK";"CCS Station (Depot) - Incl. Overhead";"Rigid";"BAU";"EUR/kWh";2045;"0.021";"Sensitivity | Removed policies except for bio/syn fuel mandates";"Electricity"
"OPEX";"Charging Infrastructure";"UK";"CCS Station (Depot) - Incl. Overhead";"Tractor-Trailer";"BAU";"EUR/kWh";2045;"0.021";"Sensitivity | Removed policies except for bio/syn fuel mandates";"Electricity"
"OPEX";"Charging Infrastructure";"DE";"CCS grid extension";"Rigid";"PROG";"EUR/kWh";2045;"0.045";"Sensitivity | Removed policies except for bio/syn fuel mandates";"Electricity"
"OPEX";"Charging Infrastructure";"DE";"CCS grid extension";"Tractor-Trailer";"PROG";"EUR/kWh";2045;"0.045";"Sensitivity | Removed policies except for bio/syn fuel mandates";"Electricity"
"OPEX";"Charging Infrastructure";"DE";"CCS grid extension";"Rigid";"BAU";"EUR/kWh";2045;"0.045";"Sensitivity | Removed policies except for bio/syn fuel mandates";"Electricity"
"OPEX";"Charging Infrastructure";"DE";"CCS grid extension";"Tractor-Trailer";"BAU";"EUR/kWh";2045;"0.045";"Sensitivity | Removed policies except for bio/syn fuel mandates";"Electricity"
"OPEX";"Charging Infrastructure";"ES";"CCS grid extension";"Rigid";"PROG";"EUR/kWh";2045;"0.045";"Sensitivity | Removed policies except for bio/syn fuel mandates";"Electricity"
"OPEX";"Charging Infrastructure";"ES";"CCS grid extension";"Tractor-Trailer";"PROG";"EUR/kWh";2045;"0.045";"Sensitivity | Removed policies except for bio/syn fuel mandates";"Electricity"
"OPEX";"Charging Infrastructure";"ES";"CCS grid extension";"Rigid";"BAU";"EUR/kWh";2045;"0.045";"Sensitivity | Removed policies except for bio/syn fuel mandates";"Electricity"
"OPEX";"Charging Infrastructure";"ES";"CCS grid extension";"Tractor-Trailer";"BAU";"EUR/kWh";2045;"0.045";"Sensitivity | Removed policies except for bio/syn fuel mandates";"Electricity"
"OPEX";"Charging Infrastructure";"FR";"CCS grid extension";"Rigid";"PROG";"EUR/kWh";2045;"0.045";"Sensitivity | Removed policies except for bio/syn fuel mandates";"Electricity"
"OPEX";"Charging Infrastructure";"FR";"CCS grid extension";"Tractor-Trailer";"PROG";"EUR/kWh";2045;"0.045";"Sensitivity | Removed policies except for bio/syn fuel mandates";"Electricity"
"OPEX";"Charging Infrastructure";"FR";"CCS grid extension";"Rigid";"BAU";"EUR/kWh";2045;"0.045";"Sensitivity | Removed policies except for bio/syn fuel mandates";"Electricity"
"OPEX";"Charging Infrastructure";"FR";"CCS grid extension";"Tractor-Trailer";"BAU";"EUR/kWh";2045;"0.045";"Sensitivity | Removed policies except for bio/syn fuel mandates";"Electricity"
"OPEX";"Charging Infrastructure";"IT";"CCS grid extension";"Rigid";"PROG";"EUR/kWh";2045;"0.045";"Sensitivity | Removed policies except for bio/syn fuel mandates";"Electricity"
"OPEX";"Charging Infrastructure";"IT";"CCS grid extension";"Tractor-Trailer";"PROG";"EUR/kWh";2045;"0.045";"Sensitivity | Removed policies except for bio/syn fuel mandates";"Electricity"
"OPEX";"Charging Infrastructure";"IT";"CCS grid extension";"Rigid";"BAU";"EUR/kWh";2045;"0.045";"Sensitivity | Removed policies except for bio/syn fuel mandates";"Electricity"
"OPEX";"Charging Infrastructure";"IT";"CCS grid extension";"Tractor-Trailer";"BAU";"EUR/kWh";2045;"0.045";"Sensitivity | Removed policies except for bio/syn fuel mandates";"Electricity"
"OPEX";"Charging Infrastructure";"NL";"CCS grid extension";"Rigid";"PROG";"EUR/kWh";2045;"0.045";"Sensitivity | Removed policies except for bio/syn fuel mandates";"Electricity"
"OPEX";"Charging Infrastructure";"NL";"CCS grid extension";"Tractor-Trailer";"PROG";"EUR/kWh";2045;"0.045";"Sensitivity | Removed policies except for bio/syn fuel mandates";"Electricity"
"OPEX";"Charging Infrastructure";"NL";"CCS grid extension";"Rigid";"BAU";"EUR/kWh";2045;"0.045";"Sensitivity | Removed policies except for bio/syn fuel mandates";"Electricity"
"OPEX";"Charging Infrastructure";"NL";"CCS grid extension";"Tractor-Trailer";"BAU";"EUR/kWh";2045;"0.045";"Sensitivity | Removed policies except for bio/syn fuel mandates";"Electricity"
"OPEX";"Charging Infrastructure";"PL";"CCS grid extension";"Rigid";"PROG";"EUR/kWh";2045;"0.045";"Sensitivity | Removed policies except for bio/syn fuel mandates";"Electricity"
"OPEX";"Charging Infrastructure";"PL";"CCS grid extension";"Tractor-Trailer";"PROG";"EUR/kWh";2045;"0.045";"Sensitivity | Removed policies except for bio/syn fuel mandates";"Electricity"
"OPEX";"Charging Infrastructure";"PL";"CCS grid extension";"Rigid";"BAU";"EUR/kWh";2045;"0.045";"Sensitivity | Removed policies except for bio/syn fuel mandates";"Electricity"
"OPEX";"Charging Infrastructure";"PL";"CCS grid extension";"Tractor-Trailer";"BAU";"EUR/kWh";2045;"0.045";"Sensitivity | Removed policies except for bio/syn fuel mandates";"Electricity"
"OPEX";"Charging Infrastructure";"UK";"CCS grid extension";"Rigid";"PROG";"EUR/kWh";2045;"0.045";"Sensitivity | Removed policies except for bio/syn fuel mandates";"Electricity"
"OPEX";"Charging Infrastructure";"UK";"CCS grid extension";"Tractor-Trailer";"PROG";"EUR/kWh";2045;"0.045";"Sensitivity | Removed policies except for bio/syn fuel mandates";"Electricity"
"OPEX";"Charging Infrastructure";"UK";"CCS grid extension";"Rigid";"BAU";"EUR/kWh";2045;"0.045";"Sensitivity | Removed policies except for bio/syn fuel mandates";"Electricity"
"OPEX";"Charging Infrastructure";"UK";"CCS grid extension";"Tractor-Trailer";"BAU";"EUR/kWh";2045;"0.045";"Sensitivity | Removed policies except for bio/syn fuel mandates";"Electricity"
"OPEX";"Diesel Infrastructure";"DE";"Total Diesel Mark-Up";"Rigid";"BAU";"EUR/kWh";2045;"0.018";"Sensitivity | Removed policies except for bio/syn fuel mandates";"Diesel"
"OPEX";"Diesel Infrastructure";"DE";"Total Diesel Mark-Up";"Tractor-Trailer";"BAU";"EUR/kWh";2045;"0.018";"Sensitivity | Removed policies except for bio/syn fuel mandates";"Diesel"
"OPEX";"Diesel Infrastructure";"DE";"Total Diesel Mark-Up";"Rigid";"PROG";"EUR/kWh";2045;"0.018";"Sensitivity | Removed policies except for bio/syn fuel mandates";"Diesel"
"OPEX";"Diesel Infrastructure";"DE";"Total Diesel Mark-Up";"Tractor-Trailer";"PROG";"EUR/kWh";2045;"0.018";"Sensitivity | Removed policies except for bio/syn fuel mandates";"Diesel"
"OPEX";"Diesel Infrastructure";"ES";"Total Diesel Mark-Up";"Rigid";"BAU";"EUR/kWh";2045;"0.018";"Sensitivity | Removed policies except for bio/syn fuel mandates";"Diesel"
"OPEX";"Diesel Infrastructure";"ES";"Total Diesel Mark-Up";"Tractor-Trailer";"BAU";"EUR/kWh";2045;"0.018";"Sensitivity | Removed policies except for bio/syn fuel mandates";"Diesel"
"OPEX";"Diesel Infrastructure";"ES";"Total Diesel Mark-Up";"Rigid";"PROG";"EUR/kWh";2045;"0.018";"Sensitivity | Removed policies except for bio/syn fuel mandates";"Diesel"
"OPEX";"Diesel Infrastructure";"ES";"Total Diesel Mark-Up";"Tractor-Trailer";"PROG";"EUR/kWh";2045;"0.018";"Sensitivity | Removed policies except for bio/syn fuel mandates";"Diesel"
"OPEX";"Diesel Infrastructure";"FR";"Total Diesel Mark-Up";"Rigid";"BAU";"EUR/kWh";2045;"0.018";"Sensitivity | Removed policies except for bio/syn fuel mandates";"Diesel"
"OPEX";"Diesel Infrastructure";"FR";"Total Diesel Mark-Up";"Tractor-Trailer";"BAU";"EUR/kWh";2045;"0.018";"Sensitivity | Removed policies except for bio/syn fuel mandates";"Diesel"
"OPEX";"Diesel Infrastructure";"FR";"Total Diesel Mark-Up";"Rigid";"PROG";"EUR/kWh";2045;"0.018";"Sensitivity | Removed policies except for bio/syn fuel mandates";"Diesel"
"OPEX";"Diesel Infrastructure";"FR";"Total Diesel Mark-Up";"Tractor-Trailer";"PROG";"EUR/kWh";2045;"0.018";"Sensitivity | Removed policies except for bio/syn fuel mandates";"Diesel"
"OPEX";"Diesel Infrastructure";"IT";"Total Diesel Mark-Up";"Rigid";"BAU";"EUR/kWh";2045;"0.018";"Sensitivity | Removed policies except for bio/syn fuel mandates";"Diesel"
"OPEX";"Diesel Infrastructure";"IT";"Total Diesel Mark-Up";"Tractor-Trailer";"BAU";"EUR/kWh";2045;"0.018";"Sensitivity | Removed policies except for bio/syn fuel mandates";"Diesel"
"OPEX";"Diesel Infrastructure";"IT";"Total Diesel Mark-Up";"Rigid";"PROG";"EUR/kWh";2045;"0.018";"Sensitivity | Removed policies except for bio/syn fuel mandates";"Diesel"
"OPEX";"Diesel Infrastructure";"IT";"Total Diesel Mark-Up";"Tractor-Trailer";"PROG";"EUR/kWh";2045;"0.018";"Sensitivity | Removed policies except for bio/syn fuel mandates";"Diesel"
"OPEX";"Diesel Infrastructure";"NL";"Total Diesel Mark-Up";"Rigid";"BAU";"EUR/kWh";2045;"0.018";"Sensitivity | Removed policies except for bio/syn fuel mandates";"Diesel"
"OPEX";"Diesel Infrastructure";"NL";"Total Diesel Mark-Up";"Tractor-Trailer";"BAU";"EUR/kWh";2045;"0.018";"Sensitivity | Removed policies except for bio/syn fuel mandates";"Diesel"
"OPEX";"Diesel Infrastructure";"NL";"Total Diesel Mark-Up";"Rigid";"PROG";"EUR/kWh";2045;"0.018";"Sensitivity | Removed policies except for bio/syn fuel mandates";"Diesel"
"OPEX";"Diesel Infrastructure";"NL";"Total Diesel Mark-Up";"Tractor-Trailer";"PROG";"EUR/kWh";2045;"0.018";"Sensitivity | Removed policies except for bio/syn fuel mandates";"Diesel"
"OPEX";"Diesel Infrastructure";"PL";"Total Diesel Mark-Up";"Rigid";"BAU";"EUR/kWh";2045;"0.018";"Sensitivity | Removed policies except for bio/syn fuel mandates";"Diesel"
"OPEX";"Diesel Infrastructure";"PL";"Total Diesel Mark-Up";"Tractor-Trailer";"BAU";"EUR/kWh";2045;"0.018";"Sensitivity | Removed policies except for bio/syn fuel mandates";"Diesel"
"OPEX";"Diesel Infrastructure";"PL";"Total Diesel Mark-Up";"Rigid";"PROG";"EUR/kWh";2045;"0.018";"Sensitivity | Removed policies except for bio/syn fuel mandates";"Diesel"
"OPEX";"Diesel Infrastructure";"PL";"Total Diesel Mark-Up";"Tractor-Trailer";"PROG";"EUR/kWh";2045;"0.018";"Sensitivity | Removed policies except for bio/syn fuel mandates";"Diesel"
"OPEX";"Diesel Infrastructure";"UK";"Total Diesel Mark-Up";"Rigid";"BAU";"EUR/kWh";2045;"0.018";"Sensitivity | Removed policies except for bio/syn fuel mandates";"Diesel"
"OPEX";"Diesel Infrastructure";"UK";"Total Diesel Mark-Up";"Tractor-Trailer";"BAU";"EUR/kWh";2045;"0.018";"Sensitivity | Removed policies except for bio/syn fuel mandates";"Diesel"
"OPEX";"Diesel Infrastructure";"UK";"Total Diesel Mark-Up";"Rigid";"PROG";"EUR/kWh";2045;"0.018";"Sensitivity | Removed policies except for bio/syn fuel mandates";"Diesel"
"OPEX";"Diesel Infrastructure";"UK";"Total Diesel Mark-Up";"Tractor-Trailer";"PROG";"EUR/kWh";2045;"0.018";"Sensitivity | Removed policies except for bio/syn fuel mandates";"Diesel"
"OPEX";"Diesel Infrastructure";"DE";"CO2 emission factor Biodiesel";"Rigid";"BAU";"%";2045;"0.154";"Sensitivity | Removed policies except for bio/syn fuel mandates";"Diesel"
"OPEX";"Diesel Infrastructure";"DE";"CO2 emission factor Biodiesel";"Tractor-Trailer";"BAU";"%";2045;"0.154";"Sensitivity | Removed policies except for bio/syn fuel mandates";"Diesel"
"OPEX";"Diesel Infrastructure";"DE";"CO2 emission factor Biodiesel";"Rigid";"PROG";"%";2045;"0.154";"Sensitivity | Removed policies except for bio/syn fuel mandates";"Diesel"
"OPEX";"Diesel Infrastructure";"DE";"CO2 emission factor Biodiesel";"Tractor-Trailer";"PROG";"%";2045;"0.154";"Sensitivity | Removed policies except for bio/syn fuel mandates";"Diesel"
"OPEX";"Diesel Infrastructure";"ES";"CO2 emission factor Biodiesel";"Rigid";"BAU";"%";2045;"0.154";"Sensitivity | Removed policies except for bio/syn fuel mandates";"Diesel"
"OPEX";"Diesel Infrastructure";"ES";"CO2 emission factor Biodiesel";"Tractor-Trailer";"BAU";"%";2045;"0.154";"Sensitivity | Removed policies except for bio/syn fuel mandates";"Diesel"
"OPEX";"Diesel Infrastructure";"ES";"CO2 emission factor Biodiesel";"Rigid";"PROG";"%";2045;"0.154";"Sensitivity | Removed policies except for bio/syn fuel mandates";"Diesel"
"OPEX";"Diesel Infrastructure";"ES";"CO2 emission factor Biodiesel";"Tractor-Trailer";"PROG";"%";2045;"0.154";"Sensitivity | Removed policies except for bio/syn fuel mandates";"Diesel"
"OPEX";"Diesel Infrastructure";"FR";"CO2 emission factor Biodiesel";"Rigid";"BAU";"%";2045;"0.154";"Sensitivity | Removed policies except for bio/syn fuel mandates";"Diesel"
"OPEX";"Diesel Infrastructure";"FR";"CO2 emission factor Biodiesel";"Tractor-Trailer";"BAU";"%";2045;"0.154";"Sensitivity | Removed policies except for bio/syn fuel mandates";"Diesel"
"OPEX";"Diesel Infrastructure";"FR";"CO2 emission factor Biodiesel";"Rigid";"PROG";"%";2045;"0.154";"Sensitivity | Removed policies except for bio/syn fuel mandates";"Diesel"
"OPEX";"Diesel Infrastructure";"FR";"CO2 emission factor Biodiesel";"Tractor-Trailer";"PROG";"%";2045;"0.154";"Sensitivity | Removed policies except for bio/syn fuel mandates";"Diesel"
"OPEX";"Diesel Infrastructure";"IT";"CO2 emission factor Biodiesel";"Rigid";"BAU";"%";2045;"0.154";"Sensitivity | Removed policies except for bio/syn fuel mandates";"Diesel"
"OPEX";"Diesel Infrastructure";"IT";"CO2 emission factor Biodiesel";"Tractor-Trailer";"BAU";"%";2045;"0.154";"Sensitivity | Removed policies except for bio/syn fuel mandates";"Diesel"
"OPEX";"Diesel Infrastructure";"IT";"CO2 emission factor Biodiesel";"Rigid";"PROG";"%";2045;"0.154";"Sensitivity | Removed policies except for bio/syn fuel mandates";"Diesel"
"OPEX";"Diesel Infrastructure";"IT";"CO2 emission factor Biodiesel";"Tractor-Trailer";"PROG";"%";2045;"0.154";"Sensitivity | Removed policies except for bio/syn fuel mandates";"Diesel"
"OPEX";"Diesel Infrastructure";"NL";"CO2 emission factor Biodiesel";"Rigid";"BAU";"%";2045;"0.154";"Sensitivity | Removed policies except for bio/syn fuel mandates";"Diesel"
"OPEX";"Diesel Infrastructure";"NL";"CO2 emission factor Biodiesel";"Tractor-Trailer";"BAU";"%";2045;"0.154";"Sensitivity | Removed policies except for bio/syn fuel mandates";"Diesel"
"OPEX";"Diesel Infrastructure";"NL";"CO2 emission factor Biodiesel";"Rigid";"PROG";"%";2045;"0.154";"Sensitivity | Removed policies except for bio/syn fuel mandates";"Diesel"
"OPEX";"Diesel Infrastructure";"NL";"CO2 emission factor Biodiesel";"Tractor-Trailer";"PROG";"%";2045;"0.154";"Sensitivity | Removed policies except for bio/syn fuel mandates";"Diesel"
"OPEX";"Diesel Infrastructure";"PL";"CO2 emission factor Biodiesel";"Rigid";"BAU";"%";2045;"0.154";"Sensitivity | Removed policies except for bio/syn fuel mandates";"Diesel"
"OPEX";"Diesel Infrastructure";"PL";"CO2 emission factor Biodiesel";"Tractor-Trailer";"BAU";"%";2045;"0.154";"Sensitivity | Removed policies except for bio/syn fuel mandates";"Diesel"
"OPEX";"Diesel Infrastructure";"PL";"CO2 emission factor Biodiesel";"Rigid";"PROG";"%";2045;"0.154";"Sensitivity | Removed policies except for bio/syn fuel mandates";"Diesel"
"OPEX";"Diesel Infrastructure";"PL";"CO2 emission factor Biodiesel";"Tractor-Trailer";"PROG";"%";2045;"0.154";"Sensitivity | Removed policies except for bio/syn fuel mandates";"Diesel"
"OPEX";"Diesel Infrastructure";"UK";"CO2 emission factor Biodiesel";"Rigid";"BAU";"%";2045;"0.154";"Sensitivity | Removed policies except for bio/syn fuel mandates";"Diesel"
"OPEX";"Diesel Infrastructure";"UK";"CO2 emission factor Biodiesel";"Tractor-Trailer";"BAU";"%";2045;"0.154";"Sensitivity | Removed policies except for bio/syn fuel mandates";"Diesel"
"OPEX";"Diesel Infrastructure";"UK";"CO2 emission factor Biodiesel";"Rigid";"PROG";"%";2045;"0.154";"Sensitivity | Removed policies except for bio/syn fuel mandates";"Diesel"
"OPEX";"Diesel Infrastructure";"UK";"CO2 emission factor Biodiesel";"Tractor-Trailer";"PROG";"%";2045;"0.154";"Sensitivity | Removed policies except for bio/syn fuel mandates";"Diesel"
"OPEX";"Diesel Infrastructure";"DE";"CO2 emission factor Pt-Diesel";"Rigid";"BAU";"%";2045;"0";"Sensitivity | Removed policies except for bio/syn fuel mandates";"Diesel"
"OPEX";"Diesel Infrastructure";"DE";"CO2 emission factor Pt-Diesel";"Tractor-Trailer";"BAU";"%";2045;"0";"Sensitivity | Removed policies except for bio/syn fuel mandates";"Diesel"
"OPEX";"Diesel Infrastructure";"DE";"CO2 emission factor Pt-Diesel";"Rigid";"PROG";"%";2045;"0";"Sensitivity | Removed policies except for bio/syn fuel mandates";"Diesel"
"OPEX";"Diesel Infrastructure";"DE";"CO2 emission factor Pt-Diesel";"Tractor-Trailer";"PROG";"%";2045;"0";"Sensitivity | Removed policies except for bio/syn fuel mandates";"Diesel"
"OPEX";"Diesel Infrastructure";"ES";"CO2 emission factor Pt-Diesel";"Rigid";"BAU";"%";2045;"0";"Sensitivity | Removed policies except for bio/syn fuel mandates";"Diesel"
"OPEX";"Diesel Infrastructure";"ES";"CO2 emission factor Pt-Diesel";"Tractor-Trailer";"BAU";"%";2045;"0";"Sensitivity | Removed policies except for bio/syn fuel mandates";"Diesel"
"OPEX";"Diesel Infrastructure";"ES";"CO2 emission factor Pt-Diesel";"Rigid";"PROG";"%";2045;"0";"Sensitivity | Removed policies except for bio/syn fuel mandates";"Diesel"
"OPEX";"Diesel Infrastructure";"ES";"CO2 emission factor Pt-Diesel";"Tractor-Trailer";"PROG";"%";2045;"0";"Sensitivity | Removed policies except for bio/syn fuel mandates";"Diesel"
"OPEX";"Diesel Infrastructure";"FR";"CO2 emission factor Pt-Diesel";"Rigid";"BAU";"%";2045;"0";"Sensitivity | Removed policies except for bio/syn fuel mandates";"Diesel"
"OPEX";"Diesel Infrastructure";"FR";"CO2 emission factor Pt-Diesel";"Tractor-Trailer";"BAU";"%";2045;"0";"Sensitivity | Removed policies except for bio/syn fuel mandates";"Diesel"
"OPEX";"Diesel Infrastructure";"FR";"CO2 emission factor Pt-Diesel";"Rigid";"PROG";"%";2045;"0";"Sensitivity | Removed policies except for bio/syn fuel mandates";"Diesel"
"OPEX";"Diesel Infrastructure";"FR";"CO2 emission factor Pt-Diesel";"Tractor-Trailer";"PROG";"%";2045;"0";"Sensitivity | Removed policies except for bio/syn fuel mandates";"Diesel"
"OPEX";"Diesel Infrastructure";"IT";"CO2 emission factor Pt-Diesel";"Rigid";"BAU";"%";2045;"0";"Sensitivity | Removed policies except for bio/syn fuel mandates";"Diesel"
"OPEX";"Diesel Infrastructure";"IT";"CO2 emission factor Pt-Diesel";"Tractor-Trailer";"BAU";"%";2045;"0";"Sensitivity | Removed policies except for bio/syn fuel mandates";"Diesel"
"OPEX";"Diesel Infrastructure";"IT";"CO2 emission factor Pt-Diesel";"Rigid";"PROG";"%";2045;"0";"Sensitivity | Removed policies except for bio/syn fuel mandates";"Diesel"
"OPEX";"Diesel Infrastructure";"IT";"CO2 emission factor Pt-Diesel";"Tractor-Trailer";"PROG";"%";2045;"0";"Sensitivity | Removed policies except for bio/syn fuel mandates";"Diesel"
"OPEX";"Diesel Infrastructure";"NL";"CO2 emission factor Pt-Diesel";"Rigid";"BAU";"%";2045;"0";"Sensitivity | Removed policies except for bio/syn fuel mandates";"Diesel"
"OPEX";"Diesel Infrastructure";"NL";"CO2 emission factor Pt-Diesel";"Tractor-Trailer";"BAU";"%";2045;"0";"Sensitivity | Removed policies except for bio/syn fuel mandates";"Diesel"
"OPEX";"Diesel Infrastructure";"NL";"CO2 emission factor Pt-Diesel";"Rigid";"PROG";"%";2045;"0";"Sensitivity | Removed policies except for bio/syn fuel mandates";"Diesel"
"OPEX";"Diesel Infrastructure";"NL";"CO2 emission factor Pt-Diesel";"Tractor-Trailer";"PROG";"%";2045;"0";"Sensitivity | Removed policies except for bio/syn fuel mandates";"Diesel"
"OPEX";"Diesel Infrastructure";"PL";"CO2 emission factor Pt-Diesel";"Rigid";"BAU";"%";2045;"0";"Sensitivity | Removed policies except for bio/syn fuel mandates";"Diesel"
"OPEX";"Diesel Infrastructure";"PL";"CO2 emission factor Pt-Diesel";"Tractor-Trailer";"BAU";"%";2045;"0";"Sensitivity | Removed policies except for bio/syn fuel mandates";"Diesel"
"OPEX";"Diesel Infrastructure";"PL";"CO2 emission factor Pt-Diesel";"Rigid";"PROG";"%";2045;"0";"Sensitivity | Removed policies except for bio/syn fuel mandates";"Diesel"
"OPEX";"Diesel Infrastructure";"PL";"CO2 emission factor Pt-Diesel";"Tractor-Trailer";"PROG";"%";2045;"0";"Sensitivity | Removed policies except for bio/syn fuel mandates";"Diesel"
"OPEX";"Diesel Infrastructure";"UK";"CO2 emission factor Pt-Diesel";"Rigid";"BAU";"%";2045;"0";"Sensitivity | Removed policies except for bio/syn fuel mandates";"Diesel"
"OPEX";"Diesel Infrastructure";"UK";"CO2 emission factor Pt-Diesel";"Tractor-Trailer";"BAU";"%";2045;"0";"Sensitivity | Removed policies except for bio/syn fuel mandates";"Diesel"
"OPEX";"Diesel Infrastructure";"UK";"CO2 emission factor Pt-Diesel";"Rigid";"PROG";"%";2045;"0";"Sensitivity | Removed policies except for bio/syn fuel mandates";"Diesel"
"OPEX";"Diesel Infrastructure";"UK";"CO2 emission factor Pt-Diesel";"Tractor-Trailer";"PROG";"%";2045;"0";"Sensitivity | Removed policies except for bio/syn fuel mandates";"Diesel"
"OPEX";"Taxes";"DE";"Network Costs - MCS";"Rigid";"BAU";"EUR/kWh";2045;"0.034";"Sensitivity | Removed policies except for bio/syn fuel mandates";"Electricity"
"OPEX";"Taxes";"DE";"Network Costs - MCS";"Tractor-Trailer";"BAU";"EUR/kWh";2045;"0.034";"Sensitivity | Removed policies except for bio/syn fuel mandates";"Electricity"
"OPEX";"Taxes";"ES";"Network Costs - MCS";"Rigid";"BAU";"EUR/kWh";2045;"0.018";"Sensitivity | Removed policies except for bio/syn fuel mandates";"Electricity"
"OPEX";"Taxes";"ES";"Network Costs - MCS";"Tractor-Trailer";"BAU";"EUR/kWh";2045;"0.018";"Sensitivity | Removed policies except for bio/syn fuel mandates";"Electricity"
"OPEX";"Taxes";"FR";"Network Costs - MCS";"Rigid";"BAU";"EUR/kWh";2045;"0.018";"Sensitivity | Removed policies except for bio/syn fuel mandates";"Electricity"
"OPEX";"Taxes";"FR";"Network Costs - MCS";"Tractor-Trailer";"BAU";"EUR/kWh";2045;"0.018";"Sensitivity | Removed policies except for bio/syn fuel mandates";"Electricity"
"OPEX";"Taxes";"IT";"Network Costs - MCS";"Rigid";"BAU";"EUR/kWh";2045;"0.015";"Sensitivity | Removed policies except for bio/syn fuel mandates";"Electricity"
"OPEX";"Taxes";"IT";"Network Costs - MCS";"Tractor-Trailer";"BAU";"EUR/kWh";2045;"0.015";"Sensitivity | Removed policies except for bio/syn fuel mandates";"Electricity"
"OPEX";"Taxes";"NL";"Network Costs - MCS";"Rigid";"BAU";"EUR/kWh";2045;"0.016";"Sensitivity | Removed policies except for bio/syn fuel mandates";"Electricity"
"OPEX";"Taxes";"NL";"Network Costs - MCS";"Tractor-Trailer";"BAU";"EUR/kWh";2045;"0.016";"Sensitivity | Removed policies except for bio/syn fuel mandates";"Electricity"
"OPEX";"Taxes";"PL";"Network Costs - MCS";"Rigid";"BAU";"EUR/kWh";2045;"0.019";"Sensitivity | Removed policies except for bio/syn fuel mandates";"Electricity"
"OPEX";"Taxes";"PL";"Network Costs - MCS";"Tractor-Trailer";"BAU";"EUR/kWh";2045;"0.019";"Sensitivity | Removed policies except for bio/syn fuel mandates";"Electricity"
"OPEX";"Taxes";"UK";"Network Costs - MCS";"Rigid";"BAU";"EUR/kWh";2045;"0.027";"Sensitivity | Removed policies except for bio/syn fuel mandates";"Electricity"
"OPEX";"Taxes";"UK";"Network Costs - MCS";"Tractor-Trailer";"BAU";"EUR/kWh";2045;"0.027";"Sensitivity | Removed policies except for bio/syn fuel mandates";"Electricity"
"OPEX";"Taxes";"DE";"Taxes, Fees, Levies and charges - MCS";"Rigid";"BAU";"EUR/kWh";2045;"0.056";"Sensitivity | Removed policies except for bio/syn fuel mandates";"Electricity"
"OPEX";"Taxes";"DE";"Taxes, Fees, Levies and charges - MCS";"Tractor-Trailer";"BAU";"EUR/kWh";2045;"0.056";"Sensitivity | Removed policies except for bio/syn fuel mandates";"Electricity"
"OPEX";"Taxes";"ES";"Taxes, Fees, Levies and charges - MCS";"Rigid";"BAU";"EUR/kWh";2045;"0.036";"Sensitivity | Removed policies except for bio/syn fuel mandates";"Electricity"
"OPEX";"Taxes";"ES";"Taxes, Fees, Levies and charges - MCS";"Tractor-Trailer";"BAU";"EUR/kWh";2045;"0.036";"Sensitivity | Removed policies except for bio/syn fuel mandates";"Electricity"
"OPEX";"Taxes";"FR";"Taxes, Fees, Levies and charges - MCS";"Rigid";"BAU";"EUR/kWh";2045;"0.03";"Sensitivity | Removed policies except for bio/syn fuel mandates";"Electricity"
"OPEX";"Taxes";"FR";"Taxes, Fees, Levies and charges - MCS";"Tractor-Trailer";"BAU";"EUR/kWh";2045;"0.03";"Sensitivity | Removed policies except for bio/syn fuel mandates";"Electricity"
"OPEX";"Taxes";"IT";"Taxes, Fees, Levies and charges - MCS";"Rigid";"BAU";"EUR/kWh";2045;"0.062";"Sensitivity | Removed policies except for bio/syn fuel mandates";"Electricity"
"OPEX";"Taxes";"IT";"Taxes, Fees, Levies and charges - MCS";"Tractor-Trailer";"BAU";"EUR/kWh";2045;"0.062";"Sensitivity | Removed policies except for bio/syn fuel mandates";"Electricity"
"OPEX";"Taxes";"NL";"Taxes, Fees, Levies and charges - MCS";"Rigid";"BAU";"EUR/kWh";2045;"0.055";"Sensitivity | Removed policies except for bio/syn fuel mandates";"Electricity"
"OPEX";"Taxes";"NL";"Taxes, Fees, Levies and charges - MCS";"Tractor-Trailer";"BAU";"EUR/kWh";2045;"0.055";"Sensitivity | Removed policies except for bio/syn fuel mandates";"Electricity"
"OPEX";"Taxes";"PL";"Taxes, Fees, Levies and charges - MCS";"Rigid";"BAU";"EUR/kWh";2045;"0.049";"Sensitivity | Removed policies except for bio/syn fuel mandates";"Electricity"
"OPEX";"Taxes";"PL";"Taxes, Fees, Levies and charges - MCS";"Tractor-Trailer";"BAU";"EUR/kWh";2045;"0.049";"Sensitivity | Removed policies except for bio/syn fuel mandates";"Electricity"
"OPEX";"Taxes";"UK";"Taxes, Fees, Levies and charges - MCS";"Rigid";"BAU";"EUR/kWh";2045;"0.077";"Sensitivity | Removed policies except for bio/syn fuel mandates";"Electricity"
"OPEX";"Taxes";"UK";"Taxes, Fees, Levies and charges - MCS";"Tractor-Trailer";"BAU";"EUR/kWh";2045;"0.077";"Sensitivity | Removed policies except for bio/syn fuel mandates";"Electricity"
"OPEX";"Taxes";"DE";"Network Costs - Depot";"Rigid";"BAU";"EUR/kWh";2045;"0.034";"Sensitivity | Removed policies except for bio/syn fuel mandates";"Electricity"
"OPEX";"Taxes";"DE";"Network Costs - Depot";"Tractor-Trailer";"BAU";"EUR/kWh";2045;"0.034";"Sensitivity | Removed policies except for bio/syn fuel mandates";"Electricity"
"OPEX";"Taxes";"ES";"Network Costs - Depot";"Rigid";"BAU";"EUR/kWh";2045;"0.018";"Sensitivity | Removed policies except for bio/syn fuel mandates";"Electricity"
"OPEX";"Taxes";"ES";"Network Costs - Depot";"Tractor-Trailer";"BAU";"EUR/kWh";2045;"0.018";"Sensitivity | Removed policies except for bio/syn fuel mandates";"Electricity"
"OPEX";"Taxes";"FR";"Network Costs - Depot";"Rigid";"BAU";"EUR/kWh";2045;"0.018";"Sensitivity | Removed policies except for bio/syn fuel mandates";"Electricity"
"OPEX";"Taxes";"FR";"Network Costs - Depot";"Tractor-Trailer";"BAU";"EUR/kWh";2045;"0.018";"Sensitivity | Removed policies except for bio/syn fuel mandates";"Electricity"
"OPEX";"Taxes";"IT";"Network Costs - Depot";"Rigid";"BAU";"EUR/kWh";2045;"0.016";"Sensitivity | Removed policies except for bio/syn fuel mandates";"Electricity"
"OPEX";"Taxes";"IT";"Network Costs - Depot";"Tractor-Trailer";"BAU";"EUR/kWh";2045;"0.016";"Sensitivity | Removed policies except for bio/syn fuel mandates";"Electricity"
"OPEX";"Taxes";"NL";"Network Costs - Depot";"Rigid";"BAU";"EUR/kWh";2045;"0.016";"Sensitivity | Removed policies except for bio/syn fuel mandates";"Electricity"
"OPEX";"Taxes";"NL";"Network Costs - Depot";"Tractor-Trailer";"BAU";"EUR/kWh";2045;"0.016";"Sensitivity | Removed policies except for bio/syn fuel mandates";"Electricity"
"OPEX";"Taxes";"PL";"Network Costs - Depot";"Rigid";"BAU";"EUR/kWh";2045;"0.019";"Sensitivity | Removed policies except for bio/syn fuel mandates";"Electricity"
"OPEX";"Taxes";"PL";"Network Costs - Depot";"Tractor-Trailer";"BAU";"EUR/kWh";2045;"0.019";"Sensitivity | Removed policies except for bio/syn fuel mandates";"Electricity"
"OPEX";"Taxes";"UK";"Network Costs - Depot";"Rigid";"BAU";"EUR/kWh";2045;"0.027";"Sensitivity | Removed policies except for bio/syn fuel mandates";"Electricity"
"OPEX";"Taxes";"UK";"Network Costs - Depot";"Tractor-Trailer";"BAU";"EUR/kWh";2045;"0.027";"Sensitivity | Removed policies except for bio/syn fuel mandates";"Electricity"
"OPEX";"Taxes";"DE";"Taxes, Fees, Levies and charges - Depot";"Rigid";"BAU";"EUR/kWh";2045;"0.056";"Sensitivity | Removed policies except for bio/syn fuel mandates";"Electricity"
"OPEX";"Taxes";"DE";"Taxes, Fees, Levies and charges - Depot";"Tractor-Trailer";"BAU";"EUR/kWh";2045;"0.056";"Sensitivity | Removed policies except for bio/syn fuel mandates";"Electricity"
"OPEX";"Taxes";"ES";"Taxes, Fees, Levies and charges - Depot";"Rigid";"BAU";"EUR/kWh";2045;"0.036";"Sensitivity | Removed policies except for bio/syn fuel mandates";"Electricity"
"OPEX";"Taxes";"ES";"Taxes, Fees, Levies and charges - Depot";"Tractor-Trailer";"BAU";"EUR/kWh";2045;"0.036";"Sensitivity | Removed policies except for bio/syn fuel mandates";"Electricity"
"OPEX";"Taxes";"FR";"Taxes, Fees, Levies and charges - Depot";"Rigid";"BAU";"EUR/kWh";2045;"0.03";"Sensitivity | Removed policies except for bio/syn fuel mandates";"Electricity"
"OPEX";"Taxes";"FR";"Taxes, Fees, Levies and charges - Depot";"Tractor-Trailer";"BAU";"EUR/kWh";2045;"0.03";"Sensitivity | Removed policies except for bio/syn fuel mandates";"Electricity"
"OPEX";"Taxes";"IT";"Taxes, Fees, Levies and charges - Depot";"Rigid";"BAU";"EUR/kWh";2045;"0.063";"Sensitivity | Removed policies except for bio/syn fuel mandates";"Electricity"
"OPEX";"Taxes";"IT";"Taxes, Fees, Levies and charges - Depot";"Tractor-Trailer";"BAU";"EUR/kWh";2045;"0.063";"Sensitivity | Removed policies except for bio/syn fuel mandates";"Electricity"
"OPEX";"Taxes";"NL";"Taxes, Fees, Levies and charges - Depot";"Rigid";"BAU";"EUR/kWh";2045;"0.055";"Sensitivity | Removed policies except for bio/syn fuel mandates";"Electricity"
"OPEX";"Taxes";"NL";"Taxes, Fees, Levies and charges - Depot";"Tractor-Trailer";"BAU";"EUR/kWh";2045;"0.055";"Sensitivity | Removed policies except for bio/syn fuel mandates";"Electricity"
"OPEX";"Taxes";"PL";"Taxes, Fees, Levies and charges - Depot";"Rigid";"BAU";"EUR/kWh";2045;"0.049";"Sensitivity | Removed policies except for bio/syn fuel mandates";"Electricity"
"OPEX";"Taxes";"PL";"Taxes, Fees, Levies and charges - Depot";"Tractor-Trailer";"BAU";"EUR/kWh";2045;"0.049";"Sensitivity | Removed policies except for bio/syn fuel mandates";"Electricity"
"OPEX";"Taxes";"UK";"Taxes, Fees, Levies and charges - Depot";"Rigid";"BAU";"EUR/kWh";2045;"0.077";"Sensitivity | Removed policies except for bio/syn fuel mandates";"Electricity"
"OPEX";"Taxes";"UK";"Taxes, Fees, Levies and charges - Depot";"Tractor-Trailer";"BAU";"EUR/kWh";2045;"0.077";"Sensitivity | Removed policies except for bio/syn fuel mandates";"Electricity"
"OPEX";"H2 Infrastructure";"DE";"HRS costs";"Rigid";"BAU";"EUR/kg H2";2045;"1.1";"Sensitivity | Removed policies except for bio/syn fuel mandates";"Hydrogen"
"OPEX";"H2 Infrastructure";"DE";"HRS costs";"Tractor-Trailer";"BAU";"EUR/kg H2";2045;"1.1";"Sensitivity | Removed policies except for bio/syn fuel mandates";"Hydrogen"
"OPEX";"H2 Infrastructure";"ES";"HRS costs";"Rigid";"BAU";"EUR/kg H2";2045;"1.1";"Sensitivity | Removed policies except for bio/syn fuel mandates";"Hydrogen"
"OPEX";"H2 Infrastructure";"ES";"HRS costs";"Tractor-Trailer";"BAU";"EUR/kg H2";2045;"1.1";"Sensitivity | Removed policies except for bio/syn fuel mandates";"Hydrogen"
"OPEX";"H2 Infrastructure";"FR";"HRS costs";"Rigid";"BAU";"EUR/kg H2";2045;"1.1";"Sensitivity | Removed policies except for bio/syn fuel mandates";"Hydrogen"
"OPEX";"H2 Infrastructure";"FR";"HRS costs";"Tractor-Trailer";"BAU";"EUR/kg H2";2045;"1.1";"Sensitivity | Removed policies except for bio/syn fuel mandates";"Hydrogen"
"OPEX";"H2 Infrastructure";"IT";"HRS costs";"Rigid";"BAU";"EUR/kg H2";2045;"1.1";"Sensitivity | Removed policies except for bio/syn fuel mandates";"Hydrogen"
"OPEX";"H2 Infrastructure";"IT";"HRS costs";"Tractor-Trailer";"BAU";"EUR/kg H2";2045;"1.1";"Sensitivity | Removed policies except for bio/syn fuel mandates";"Hydrogen"
"OPEX";"H2 Infrastructure";"NL";"HRS costs";"Rigid";"BAU";"EUR/kg H2";2045;"1.1";"Sensitivity | Removed policies except for bio/syn fuel mandates";"Hydrogen"
"OPEX";"H2 Infrastructure";"NL";"HRS costs";"Tractor-Trailer";"BAU";"EUR/kg H2";2045;"1.1";"Sensitivity | Removed policies except for bio/syn fuel mandates";"Hydrogen"
"OPEX";"H2 Infrastructure";"PL";"HRS costs";"Rigid";"BAU";"EUR/kg H2";2045;"1.1";"Sensitivity | Removed policies except for bio/syn fuel mandates";"Hydrogen"
"OPEX";"H2 Infrastructure";"PL";"HRS costs";"Tractor-Trailer";"BAU";"EUR/kg H2";2045;"1.1";"Sensitivity | Removed policies except for bio/syn fuel mandates";"Hydrogen"
"OPEX";"H2 Infrastructure";"UK";"HRS costs";"Rigid";"BAU";"EUR/kg H2";2045;"1.1";"Sensitivity | Removed policies except for bio/syn fuel mandates";"Hydrogen"
"OPEX";"H2 Infrastructure";"UK";"HRS costs";"Tractor-Trailer";"BAU";"EUR/kg H2";2045;"1.1";"Sensitivity | Removed policies except for bio/syn fuel mandates";"Hydrogen"
"OPEX";"H2 Infrastructure";"DE";"H2 transport and distribution";"Rigid";"BAU";"EUR/kg H2";2045;"1";"Sensitivity | Removed policies except for bio/syn fuel mandates";"Hydrogen"
"OPEX";"H2 Infrastructure";"DE";"H2 transport and distribution";"Tractor-Trailer";"BAU";"EUR/kg H2";2045;"1";"Sensitivity | Removed policies except for bio/syn fuel mandates";"Hydrogen"
"OPEX";"H2 Infrastructure";"ES";"H2 transport and distribution";"Rigid";"BAU";"EUR/kg H2";2045;"1";"Sensitivity | Removed policies except for bio/syn fuel mandates";"Hydrogen"
"OPEX";"H2 Infrastructure";"ES";"H2 transport and distribution";"Tractor-Trailer";"BAU";"EUR/kg H2";2045;"1";"Sensitivity | Removed policies except for bio/syn fuel mandates";"Hydrogen"
"OPEX";"H2 Infrastructure";"FR";"H2 transport and distribution";"Rigid";"BAU";"EUR/kg H2";2045;"1";"Sensitivity | Removed policies except for bio/syn fuel mandates";"Hydrogen"
"OPEX";"H2 Infrastructure";"FR";"H2 transport and distribution";"Tractor-Trailer";"BAU";"EUR/kg H2";2045;"1";"Sensitivity | Removed policies except for bio/syn fuel mandates";"Hydrogen"
"OPEX";"H2 Infrastructure";"IT";"H2 transport and distribution";"Rigid";"BAU";"EUR/kg H2";2045;"1";"Sensitivity | Removed policies except for bio/syn fuel mandates";"Hydrogen"
"OPEX";"H2 Infrastructure";"IT";"H2 transport and distribution";"Tractor-Trailer";"BAU";"EUR/kg H2";2045;"1";"Sensitivity | Removed policies except for bio/syn fuel mandates";"Hydrogen"
"OPEX";"H2 Infrastructure";"NL";"H2 transport and distribution";"Rigid";"BAU";"EUR/kg H2";2045;"1";"Sensitivity | Removed policies except for bio/syn fuel mandates";"Hydrogen"
"OPEX";"H2 Infrastructure";"NL";"H2 transport and distribution";"Tractor-Trailer";"BAU";"EUR/kg H2";2045;"1";"Sensitivity | Removed policies except for bio/syn fuel mandates";"Hydrogen"
"OPEX";"H2 Infrastructure";"PL";"H2 transport and distribution";"Rigid";"BAU";"EUR/kg H2";2045;"1";"Sensitivity | Removed policies except for bio/syn fuel mandates";"Hydrogen"
"OPEX";"H2 Infrastructure";"PL";"H2 transport and distribution";"Tractor-Trailer";"BAU";"EUR/kg H2";2045;"1";"Sensitivity | Removed policies except for bio/syn fuel mandates";"Hydrogen"
"OPEX";"H2 Infrastructure";"UK";"H2 transport and distribution";"Rigid";"BAU";"EUR/kg H2";2045;"1";"Sensitivity | Removed policies except for bio/syn fuel mandates";"Hydrogen"
"OPEX";"H2 Infrastructure";"UK";"H2 transport and distribution";"Tractor-Trailer";"BAU";"EUR/kg H2";2045;"1";"Sensitivity | Removed policies except for bio/syn fuel mandates";"Hydrogen"
"OPEX";"H2 Infrastructure";"DE";"HRS Overhead, Profit and Mark-Up";"Rigid";"BAU";"EUR/kg H2";2045;"0.25";"Sensitivity | Removed policies except for bio/syn fuel mandates";"Hydrogen"
"OPEX";"H2 Infrastructure";"DE";"HRS Overhead, Profit and Mark-Up";"Tractor-Trailer";"BAU";"EUR/kg H2";2045;"0.25";"Sensitivity | Removed policies except for bio/syn fuel mandates";"Hydrogen"
"OPEX";"H2 Infrastructure";"ES";"HRS Overhead, Profit and Mark-Up";"Rigid";"BAU";"EUR/kg H2";2045;"0.25";"Sensitivity | Removed policies except for bio/syn fuel mandates";"Hydrogen"
"OPEX";"H2 Infrastructure";"ES";"HRS Overhead, Profit and Mark-Up";"Tractor-Trailer";"BAU";"EUR/kg H2";2045;"0.25";"Sensitivity | Removed policies except for bio/syn fuel mandates";"Hydrogen"
"OPEX";"H2 Infrastructure";"FR";"HRS Overhead, Profit and Mark-Up";"Rigid";"BAU";"EUR/kg H2";2045;"0.25";"Sensitivity | Removed policies except for bio/syn fuel mandates";"Hydrogen"
"OPEX";"H2 Infrastructure";"FR";"HRS Overhead, Profit and Mark-Up";"Tractor-Trailer";"BAU";"EUR/kg H2";2045;"0.25";"Sensitivity | Removed policies except for bio/syn fuel mandates";"Hydrogen"
"OPEX";"H2 Infrastructure";"IT";"HRS Overhead, Profit and Mark-Up";"Rigid";"BAU";"EUR/kg H2";2045;"0.25";"Sensitivity | Removed policies except for bio/syn fuel mandates";"Hydrogen"
"OPEX";"H2 Infrastructure";"IT";"HRS Overhead, Profit and Mark-Up";"Tractor-Trailer";"BAU";"EUR/kg H2";2045;"0.25";"Sensitivity | Removed policies except for bio/syn fuel mandates";"Hydrogen"
"OPEX";"H2 Infrastructure";"NL";"HRS Overhead, Profit and Mark-Up";"Rigid";"BAU";"EUR/kg H2";2045;"0.25";"Sensitivity | Removed policies except for bio/syn fuel mandates";"Hydrogen"
"OPEX";"H2 Infrastructure";"NL";"HRS Overhead, Profit and Mark-Up";"Tractor-Trailer";"BAU";"EUR/kg H2";2045;"0.25";"Sensitivity | Removed policies except for bio/syn fuel mandates";"Hydrogen"
"OPEX";"H2 Infrastructure";"PL";"HRS Overhead, Profit and Mark-Up";"Rigid";"BAU";"EUR/kg H2";2045;"0.25";"Sensitivity | Removed policies except for bio/syn fuel mandates";"Hydrogen"
"OPEX";"H2 Infrastructure";"PL";"HRS Overhead, Profit and Mark-Up";"Tractor-Trailer";"BAU";"EUR/kg H2";2045;"0.25";"Sensitivity | Removed policies except for bio/syn fuel mandates";"Hydrogen"
"OPEX";"H2 Infrastructure";"UK";"HRS Overhead, Profit and Mark-Up";"Rigid";"BAU";"EUR/kg H2";2045;"0.25";"Sensitivity | Removed policies except for bio/syn fuel mandates";"Hydrogen"
"OPEX";"H2 Infrastructure";"UK";"HRS Overhead, Profit and Mark-Up";"Tractor-Trailer";"BAU";"EUR/kg H2";2045;"0.25";"Sensitivity | Removed policies except for bio/syn fuel mandates";"Hydrogen"
"OPEX";"Charging Infrastructure";"DE";"MCS Station (Public Charging) - Incl. Overhead";"Rigid";"BAU";"EUR/kWh";2045;"0.032";"Sensitivity | Removed policies except for bio/syn fuel mandates";"Electricity"
"OPEX";"Charging Infrastructure";"DE";"MCS Station (Public Charging) - Incl. Overhead";"Tractor-Trailer";"BAU";"EUR/kWh";2045;"0.032";"Sensitivity | Removed policies except for bio/syn fuel mandates";"Electricity"
"OPEX";"Charging Infrastructure";"ES";"MCS Station (Public Charging) - Incl. Overhead";"Rigid";"BAU";"EUR/kWh";2045;"0.032";"Sensitivity | Removed policies except for bio/syn fuel mandates";"Electricity"
"OPEX";"Charging Infrastructure";"ES";"MCS Station (Public Charging) - Incl. Overhead";"Tractor-Trailer";"BAU";"EUR/kWh";2045;"0.032";"Sensitivity | Removed policies except for bio/syn fuel mandates";"Electricity"
"OPEX";"Charging Infrastructure";"FR";"MCS Station (Public Charging) - Incl. Overhead";"Rigid";"BAU";"EUR/kWh";2045;"0.032";"Sensitivity | Removed policies except for bio/syn fuel mandates";"Electricity"
"OPEX";"Charging Infrastructure";"FR";"MCS Station (Public Charging) - Incl. Overhead";"Tractor-Trailer";"BAU";"EUR/kWh";2045;"0.032";"Sensitivity | Removed policies except for bio/syn fuel mandates";"Electricity"
"OPEX";"Charging Infrastructure";"IT";"MCS Station (Public Charging) - Incl. Overhead";"Rigid";"BAU";"EUR/kWh";2045;"0.032";"Sensitivity | Removed policies except for bio/syn fuel mandates";"Electricity"
"OPEX";"Charging Infrastructure";"IT";"MCS Station (Public Charging) - Incl. Overhead";"Tractor-Trailer";"BAU";"EUR/kWh";2045;"0.032";"Sensitivity | Removed policies except for bio/syn fuel mandates";"Electricity"
"OPEX";"Charging Infrastructure";"NL";"MCS Station (Public Charging) - Incl. Overhead";"Rigid";"BAU";"EUR/kWh";2045;"0.032";"Sensitivity | Removed policies except for bio/syn fuel mandates";"Electricity"
"OPEX";"Charging Infrastructure";"NL";"MCS Station (Public Charging) - Incl. Overhead";"Tractor-Trailer";"BAU";"EUR/kWh";2045;"0.032";"Sensitivity | Removed policies except for bio/syn fuel mandates";"Electricity"
"OPEX";"Charging Infrastructure";"PL";"MCS Station (Public Charging) - Incl. Overhead";"Rigid";"BAU";"EUR/kWh";2045;"0.032";"Sensitivity | Removed policies except for bio/syn fuel mandates";"Electricity"
"OPEX";"Charging Infrastructure";"PL";"MCS Station (Public Charging) - Incl. Overhead";"Tractor-Trailer";"BAU";"EUR/kWh";2045;"0.032";"Sensitivity | Removed policies except for bio/syn fuel mandates";"Electricity"
"OPEX";"Charging Infrastructure";"UK";"MCS Station (Public Charging) - Incl. Overhead";"Rigid";"BAU";"EUR/kWh";2045;"0.032";"Sensitivity | Removed policies except for bio/syn fuel mandates";"Electricity"
"OPEX";"Charging Infrastructure";"UK";"MCS Station (Public Charging) - Incl. Overhead";"Tractor-Trailer";"BAU";"EUR/kWh";2045;"0.032";"Sensitivity | Removed policies except for bio/syn fuel mandates";"Electricity"
"OPEX";"Charging Infrastructure";"DE";"Share MCS-Charging";"Rigid";"BAU";"%";2045;"0.2";"Sensitivity | Removed policies except for bio/syn fuel mandates";"Electricity"
"OPEX";"Charging Infrastructure";"DE";"Share MCS-Charging";"Tractor-Trailer";"BAU";"%";2045;"0.2";"Sensitivity | Removed policies except for bio/syn fuel mandates";"Electricity"
"OPEX";"Charging Infrastructure";"ES";"Share MCS-Charging";"Rigid";"BAU";"%";2045;"0.2";"Sensitivity | Removed policies except for bio/syn fuel mandates";"Electricity"
"OPEX";"Charging Infrastructure";"ES";"Share MCS-Charging";"Tractor-Trailer";"BAU";"%";2045;"0.2";"Sensitivity | Removed policies except for bio/syn fuel mandates";"Electricity"
"OPEX";"Charging Infrastructure";"FR";"Share MCS-Charging";"Rigid";"BAU";"%";2045;"0.2";"Sensitivity | Removed policies except for bio/syn fuel mandates";"Electricity"
"OPEX";"Charging Infrastructure";"FR";"Share MCS-Charging";"Tractor-Trailer";"BAU";"%";2045;"0.2";"Sensitivity | Removed policies except for bio/syn fuel mandates";"Electricity"
"OPEX";"Charging Infrastructure";"IT";"Share MCS-Charging";"Rigid";"BAU";"%";2045;"0.2";"Sensitivity | Removed policies except for bio/syn fuel mandates";"Electricity"
"OPEX";"Charging Infrastructure";"IT";"Share MCS-Charging";"Tractor-Trailer";"BAU";"%";2045;"0.2";"Sensitivity | Removed policies except for bio/syn fuel mandates";"Electricity"
"OPEX";"Charging Infrastructure";"NL";"Share MCS-Charging";"Rigid";"BAU";"%";2045;"0.2";"Sensitivity | Removed policies except for bio/syn fuel mandates";"Electricity"
"OPEX";"Charging Infrastructure";"NL";"Share MCS-Charging";"Tractor-Trailer";"BAU";"%";2045;"0.2";"Sensitivity | Removed policies except for bio/syn fuel mandates";"Electricity"
"OPEX";"Charging Infrastructure";"PL";"Share MCS-Charging";"Rigid";"BAU";"%";2045;"0.2";"Sensitivity | Removed policies except for bio/syn fuel mandates";"Electricity"
"OPEX";"Charging Infrastructure";"PL";"Share MCS-Charging";"Tractor-Trailer";"BAU";"%";2045;"0.2";"Sensitivity | Removed policies except for bio/syn fuel mandates";"Electricity"
"OPEX";"Charging Infrastructure";"UK";"Share MCS-Charging";"Rigid";"BAU";"%";2045;"0.2";"Sensitivity | Removed policies except for bio/syn fuel mandates";"Electricity"
"OPEX";"Charging Infrastructure";"UK";"Share MCS-Charging";"Tractor-Trailer";"BAU";"%";2045;"0.2";"Sensitivity | Removed policies except for bio/syn fuel mandates";"Electricity"
"OPEX";"Charging Infrastructure";"DE";"Depot - Network fees savings potential";"Rigid";"BAU";"EUR/kWh";2045;"0";"Sensitivity | Removed policies except for bio/syn fuel mandates";"Electricity"
"OPEX";"Charging Infrastructure";"DE";"Depot - Network fees savings potential";"Tractor-Trailer";"BAU";"EUR/kWh";2045;"0";"Sensitivity | Removed policies except for bio/syn fuel mandates";"Electricity"
"OPEX";"Charging Infrastructure";"ES";"Depot - Network fees savings potential";"Rigid";"BAU";"EUR/kWh";2045;"0";"Sensitivity | Removed policies except for bio/syn fuel mandates";"Electricity"
"OPEX";"Charging Infrastructure";"ES";"Depot - Network fees savings potential";"Tractor-Trailer";"BAU";"EUR/kWh";2045;"0";"Sensitivity | Removed policies except for bio/syn fuel mandates";"Electricity"
"OPEX";"Charging Infrastructure";"FR";"Depot - Network fees savings potential";"Rigid";"BAU";"EUR/kWh";2045;"0";"Sensitivity | Removed policies except for bio/syn fuel mandates";"Electricity"
"OPEX";"Charging Infrastructure";"FR";"Depot - Network fees savings potential";"Tractor-Trailer";"BAU";"EUR/kWh";2045;"0";"Sensitivity | Removed policies except for bio/syn fuel mandates";"Electricity"
"OPEX";"Charging Infrastructure";"IT";"Depot - Network fees savings potential";"Rigid";"BAU";"EUR/kWh";2045;"0";"Sensitivity | Removed policies except for bio/syn fuel mandates";"Electricity"
"OPEX";"Charging Infrastructure";"IT";"Depot - Network fees savings potential";"Tractor-Trailer";"BAU";"EUR/kWh";2045;"0";"Sensitivity | Removed policies except for bio/syn fuel mandates";"Electricity"
"OPEX";"Charging Infrastructure";"NL";"Depot - Network fees savings potential";"Rigid";"BAU";"EUR/kWh";2045;"0";"Sensitivity | Removed policies except for bio/syn fuel mandates";"Electricity"
"OPEX";"Charging Infrastructure";"NL";"Depot - Network fees savings potential";"Tractor-Trailer";"BAU";"EUR/kWh";2045;"0";"Sensitivity | Removed policies except for bio/syn fuel mandates";"Electricity"
"OPEX";"Charging Infrastructure";"PL";"Depot - Network fees savings potential";"Rigid";"BAU";"EUR/kWh";2045;"0";"Sensitivity | Removed policies except for bio/syn fuel mandates";"Electricity"
"OPEX";"Charging Infrastructure";"PL";"Depot - Network fees savings potential";"Tractor-Trailer";"BAU";"EUR/kWh";2045;"0";"Sensitivity | Removed policies except for bio/syn fuel mandates";"Electricity"
"OPEX";"Charging Infrastructure";"UK";"Depot - Network fees savings potential";"Rigid";"BAU";"EUR/kWh";2045;"0";"Sensitivity | Removed policies except for bio/syn fuel mandates";"Electricity"
"OPEX";"Charging Infrastructure";"UK";"Depot - Network fees savings potential";"Tractor-Trailer";"BAU";"EUR/kWh";2045;"0";"Sensitivity | Removed policies except for bio/syn fuel mandates";"Electricity"
"OPEX";"Taxes";"DE";"Tax reduction";"Rigid";"BAU";"%";2045;"0";"Sensitivity | Removed policies except for bio/syn fuel mandates";"Hydrogen"
"OPEX";"Taxes";"DE";"Tax reduction";"Tractor-Trailer";"BAU";"%";2045;"0";"Sensitivity | Removed policies except for bio/syn fuel mandates";"Hydrogen"
"OPEX";"Taxes";"ES";"Tax reduction";"Rigid";"BAU";"%";2045;"0";"Sensitivity | Removed policies except for bio/syn fuel mandates";"Hydrogen"
"OPEX";"Taxes";"ES";"Tax reduction";"Tractor-Trailer";"BAU";"%";2045;"0";"Sensitivity | Removed policies except for bio/syn fuel mandates";"Hydrogen"
"OPEX";"Taxes";"FR";"Tax reduction";"Rigid";"BAU";"%";2045;"0";"Sensitivity | Removed policies except for bio/syn fuel mandates";"Hydrogen"
"OPEX";"Taxes";"FR";"Tax reduction";"Tractor-Trailer";"BAU";"%";2045;"0";"Sensitivity | Removed policies except for bio/syn fuel mandates";"Hydrogen"
"OPEX";"Taxes";"IT";"Tax reduction";"Rigid";"BAU";"%";2045;"0";"Sensitivity | Removed policies except for bio/syn fuel mandates";"Hydrogen"
"OPEX";"Taxes";"IT";"Tax reduction";"Tractor-Trailer";"BAU";"%";2045;"0";"Sensitivity | Removed policies except for bio/syn fuel mandates";"Hydrogen"
"OPEX";"Taxes";"NL";"Tax reduction";"Rigid";"BAU";"%";2045;"0";"Sensitivity | Removed policies except for bio/syn fuel mandates";"Hydrogen"
"OPEX";"Taxes";"NL";"Tax reduction";"Tractor-Trailer";"BAU";"%";2045;"0";"Sensitivity | Removed policies except for bio/syn fuel mandates";"Hydrogen"
"OPEX";"Taxes";"PL";"Tax reduction";"Rigid";"BAU";"%";2045;"0";"Sensitivity | Removed policies except for bio/syn fuel mandates";"Hydrogen"
"OPEX";"Taxes";"PL";"Tax reduction";"Tractor-Trailer";"BAU";"%";2045;"0";"Sensitivity | Removed policies except for bio/syn fuel mandates";"Hydrogen"
"OPEX";"Taxes";"UK";"Tax reduction";"Rigid";"BAU";"%";2045;"0";"Sensitivity | Removed policies except for bio/syn fuel mandates";"Hydrogen"
"OPEX";"Taxes";"UK";"Tax reduction";"Tractor-Trailer";"BAU";"%";2045;"0";"Sensitivity | Removed policies except for bio/syn fuel mandates";"Hydrogen"
"OPEX";"Taxes";"DE";"Increasing grid fees";"Rigid";"PROG";"%";2045;"0.25";"Sensitivity | Removed policies except for bio/syn fuel mandates";"Electricity"
"OPEX";"Taxes";"DE";"Increasing grid fees";"Tractor-Trailer";"PROG";"%";2045;"0.25";"Sensitivity | Removed policies except for bio/syn fuel mandates";"Electricity"
"OPEX";"Taxes";"ES";"Increasing grid fees";"Rigid";"PROG";"%";2045;"0.25";"Sensitivity | Removed policies except for bio/syn fuel mandates";"Electricity"
"OPEX";"Taxes";"ES";"Increasing grid fees";"Tractor-Trailer";"PROG";"%";2045;"0.25";"Sensitivity | Removed policies except for bio/syn fuel mandates";"Electricity"
"OPEX";"Taxes";"FR";"Increasing grid fees";"Rigid";"PROG";"%";2045;"0.25";"Sensitivity | Removed policies except for bio/syn fuel mandates";"Electricity"
"OPEX";"Taxes";"FR";"Increasing grid fees";"Tractor-Trailer";"PROG";"%";2045;"0.25";"Sensitivity | Removed policies except for bio/syn fuel mandates";"Electricity"
"OPEX";"Taxes";"IT";"Increasing grid fees";"Rigid";"PROG";"%";2045;"0.25";"Sensitivity | Removed policies except for bio/syn fuel mandates";"Electricity"
"OPEX";"Taxes";"IT";"Increasing grid fees";"Tractor-Trailer";"PROG";"%";2045;"0.25";"Sensitivity | Removed policies except for bio/syn fuel mandates";"Electricity"
"OPEX";"Taxes";"NL";"Increasing grid fees";"Rigid";"PROG";"%";2045;"0.25";"Sensitivity | Removed policies except for bio/syn fuel mandates";"Electricity"
"OPEX";"Taxes";"NL";"Increasing grid fees";"Tractor-Trailer";"PROG";"%";2045;"0.25";"Sensitivity | Removed policies except for bio/syn fuel mandates";"Electricity"
"OPEX";"Taxes";"PL";"Increasing grid fees";"Rigid";"PROG";"%";2045;"0.25";"Sensitivity | Removed policies except for bio/syn fuel mandates";"Electricity"
"OPEX";"Taxes";"PL";"Increasing grid fees";"Tractor-Trailer";"PROG";"%";2045;"0.25";"Sensitivity | Removed policies except for bio/syn fuel mandates";"Electricity"
"OPEX";"Taxes";"UK";"Increasing grid fees";"Rigid";"PROG";"%";2045;"0.25";"Sensitivity | Removed policies except for bio/syn fuel mandates";"Electricity"
"OPEX";"Taxes";"UK";"Increasing grid fees";"Tractor-Trailer";"PROG";"%";2045;"0.25";"Sensitivity | Removed policies except for bio/syn fuel mandates";"Electricity"
"OPEX";"Taxes";"DE";"Increasing grid fees";"Rigid";"BAU";"%";2045;"0.417";"Sensitivity | Removed policies except for bio/syn fuel mandates";"Electricity"
"OPEX";"Taxes";"DE";"Increasing grid fees";"Tractor-Trailer";"BAU";"%";2045;"0.417";"Sensitivity | Removed policies except for bio/syn fuel mandates";"Electricity"
"OPEX";"Taxes";"ES";"Increasing grid fees";"Rigid";"BAU";"%";2045;"0.417";"Sensitivity | Removed policies except for bio/syn fuel mandates";"Electricity"
"OPEX";"Taxes";"ES";"Increasing grid fees";"Tractor-Trailer";"BAU";"%";2045;"0.417";"Sensitivity | Removed policies except for bio/syn fuel mandates";"Electricity"
"OPEX";"Taxes";"FR";"Increasing grid fees";"Rigid";"BAU";"%";2045;"0.417";"Sensitivity | Removed policies except for bio/syn fuel mandates";"Electricity"
"OPEX";"Taxes";"FR";"Increasing grid fees";"Tractor-Trailer";"BAU";"%";2045;"0.417";"Sensitivity | Removed policies except for bio/syn fuel mandates";"Electricity"
"OPEX";"Taxes";"IT";"Increasing grid fees";"Rigid";"BAU";"%";2045;"0.417";"Sensitivity | Removed policies except for bio/syn fuel mandates";"Electricity"
"OPEX";"Taxes";"IT";"Increasing grid fees";"Tractor-Trailer";"BAU";"%";2045;"0.417";"Sensitivity | Removed policies except for bio/syn fuel mandates";"Electricity"
"OPEX";"Taxes";"NL";"Increasing grid fees";"Rigid";"BAU";"%";2045;"0.417";"Sensitivity | Removed policies except for bio/syn fuel mandates";"Electricity"
"OPEX";"Taxes";"NL";"Increasing grid fees";"Tractor-Trailer";"BAU";"%";2045;"0.417";"Sensitivity | Removed policies except for bio/syn fuel mandates";"Electricity"
"OPEX";"Taxes";"PL";"Increasing grid fees";"Rigid";"BAU";"%";2045;"0.417";"Sensitivity | Removed policies except for bio/syn fuel mandates";"Electricity"
"OPEX";"Taxes";"PL";"Increasing grid fees";"Tractor-Trailer";"BAU";"%";2045;"0.417";"Sensitivity | Removed policies except for bio/syn fuel mandates";"Electricity"
"OPEX";"Taxes";"UK";"Increasing grid fees";"Rigid";"BAU";"%";2045;"0.417";"Sensitivity | Removed policies except for bio/syn fuel mandates";"Electricity"
"OPEX";"Taxes";"UK";"Increasing grid fees";"Tractor-Trailer";"BAU";"%";2045;"0.417";"Sensitivity | Removed policies except for bio/syn fuel mandates";"Electricity"
"OPEX";"Taxes";"DE";"Network Costs - MCS";"Rigid";"PROG";"EUR/kWh";2050;"0.021";"Sensitivity | Removed policies except for bio/syn fuel mandates";"Electricity"
"OPEX";"Taxes";"DE";"Network Costs - MCS";"Tractor-Trailer";"PROG";"EUR/kWh";2050;"0.021";"Sensitivity | Removed policies except for bio/syn fuel mandates";"Electricity"
"OPEX";"Taxes";"ES";"Network Costs - MCS";"Rigid";"PROG";"EUR/kWh";2050;"0.009";"Sensitivity | Removed policies except for bio/syn fuel mandates";"Electricity"
"OPEX";"Taxes";"ES";"Network Costs - MCS";"Tractor-Trailer";"PROG";"EUR/kWh";2050;"0.009";"Sensitivity | Removed policies except for bio/syn fuel mandates";"Electricity"
"OPEX";"Taxes";"FR";"Network Costs - MCS";"Rigid";"PROG";"EUR/kWh";2050;"0.014";"Sensitivity | Removed policies except for bio/syn fuel mandates";"Electricity"
"OPEX";"Taxes";"FR";"Network Costs - MCS";"Tractor-Trailer";"PROG";"EUR/kWh";2050;"0.014";"Sensitivity | Removed policies except for bio/syn fuel mandates";"Electricity"
"OPEX";"Taxes";"IT";"Network Costs - MCS";"Rigid";"PROG";"EUR/kWh";2050;"0.012";"Sensitivity | Removed policies except for bio/syn fuel mandates";"Electricity"
"OPEX";"Taxes";"IT";"Network Costs - MCS";"Tractor-Trailer";"PROG";"EUR/kWh";2050;"0.012";"Sensitivity | Removed policies except for bio/syn fuel mandates";"Electricity"
"OPEX";"Taxes";"NL";"Network Costs - MCS";"Rigid";"PROG";"EUR/kWh";2050;"0.015";"Sensitivity | Removed policies except for bio/syn fuel mandates";"Electricity"
"OPEX";"Taxes";"NL";"Network Costs - MCS";"Tractor-Trailer";"PROG";"EUR/kWh";2050;"0.015";"Sensitivity | Removed policies except for bio/syn fuel mandates";"Electricity"
"OPEX";"Taxes";"PL";"Network Costs - MCS";"Rigid";"PROG";"EUR/kWh";2050;"0.014";"Sensitivity | Removed policies except for bio/syn fuel mandates";"Electricity"
"OPEX";"Taxes";"PL";"Network Costs - MCS";"Tractor-Trailer";"PROG";"EUR/kWh";2050;"0.014";"Sensitivity | Removed policies except for bio/syn fuel mandates";"Electricity"
"OPEX";"Taxes";"UK";"Network Costs - MCS";"Rigid";"PROG";"EUR/kWh";2050;"0.018";"Sensitivity | Removed policies except for bio/syn fuel mandates";"Electricity"
"OPEX";"Taxes";"UK";"Network Costs - MCS";"Tractor-Trailer";"PROG";"EUR/kWh";2050;"0.018";"Sensitivity | Removed policies except for bio/syn fuel mandates";"Electricity"
"OPEX";"Taxes";"DE";"Taxes, Fees, Levies and charges - MCS";"Rigid";"PROG";"EUR/kWh";2050;"0.051";"Sensitivity | Removed policies except for bio/syn fuel mandates";"Electricity"
"OPEX";"Taxes";"DE";"Taxes, Fees, Levies and charges - MCS";"Tractor-Trailer";"PROG";"EUR/kWh";2050;"0.051";"Sensitivity | Removed policies except for bio/syn fuel mandates";"Electricity"
"OPEX";"Taxes";"ES";"Taxes, Fees, Levies and charges - MCS";"Rigid";"PROG";"EUR/kWh";2050;"0.026";"Sensitivity | Removed policies except for bio/syn fuel mandates";"Electricity"
"OPEX";"Taxes";"ES";"Taxes, Fees, Levies and charges - MCS";"Tractor-Trailer";"PROG";"EUR/kWh";2050;"0.026";"Sensitivity | Removed policies except for bio/syn fuel mandates";"Electricity"
"OPEX";"Taxes";"FR";"Taxes, Fees, Levies and charges - MCS";"Rigid";"PROG";"EUR/kWh";2050;"0.022";"Sensitivity | Removed policies except for bio/syn fuel mandates";"Electricity"
"OPEX";"Taxes";"FR";"Taxes, Fees, Levies and charges - MCS";"Tractor-Trailer";"PROG";"EUR/kWh";2050;"0.022";"Sensitivity | Removed policies except for bio/syn fuel mandates";"Electricity"
"OPEX";"Taxes";"IT";"Taxes, Fees, Levies and charges - MCS";"Rigid";"PROG";"EUR/kWh";2050;"0.034";"Sensitivity | Removed policies except for bio/syn fuel mandates";"Electricity"
"OPEX";"Taxes";"IT";"Taxes, Fees, Levies and charges - MCS";"Tractor-Trailer";"PROG";"EUR/kWh";2050;"0.034";"Sensitivity | Removed policies except for bio/syn fuel mandates";"Electricity"
"OPEX";"Taxes";"NL";"Taxes, Fees, Levies and charges - MCS";"Rigid";"PROG";"EUR/kWh";2050;"0.023";"Sensitivity | Removed policies except for bio/syn fuel mandates";"Electricity"
"OPEX";"Taxes";"NL";"Taxes, Fees, Levies and charges - MCS";"Tractor-Trailer";"PROG";"EUR/kWh";2050;"0.023";"Sensitivity | Removed policies except for bio/syn fuel mandates";"Electricity"
"OPEX";"Taxes";"PL";"Taxes, Fees, Levies and charges - MCS";"Rigid";"PROG";"EUR/kWh";2050;"0.045";"Sensitivity | Removed policies except for bio/syn fuel mandates";"Electricity"
"OPEX";"Taxes";"PL";"Taxes, Fees, Levies and charges - MCS";"Tractor-Trailer";"PROG";"EUR/kWh";2050;"0.045";"Sensitivity | Removed policies except for bio/syn fuel mandates";"Electricity"
"OPEX";"Taxes";"UK";"Taxes, Fees, Levies and charges - MCS";"Rigid";"PROG";"EUR/kWh";2050;"0.074";"Sensitivity | Removed policies except for bio/syn fuel mandates";"Electricity"
"OPEX";"Taxes";"UK";"Taxes, Fees, Levies and charges - MCS";"Tractor-Trailer";"PROG";"EUR/kWh";2050;"0.074";"Sensitivity | Removed policies except for bio/syn fuel mandates";"Electricity"
"OPEX";"Taxes";"DE";"Network Costs - Depot";"Rigid";"PROG";"EUR/kWh";2050;"0.034";"Sensitivity | Removed policies except for bio/syn fuel mandates";"Electricity"
"OPEX";"Taxes";"DE";"Network Costs - Depot";"Tractor-Trailer";"PROG";"EUR/kWh";2050;"0.034";"Sensitivity | Removed policies except for bio/syn fuel mandates";"Electricity"
"OPEX";"Taxes";"ES";"Network Costs - Depot";"Rigid";"PROG";"EUR/kWh";2050;"0.018";"Sensitivity | Removed policies except for bio/syn fuel mandates";"Electricity"
"OPEX";"Taxes";"ES";"Network Costs - Depot";"Tractor-Trailer";"PROG";"EUR/kWh";2050;"0.018";"Sensitivity | Removed policies except for bio/syn fuel mandates";"Electricity"
"OPEX";"Taxes";"FR";"Network Costs - Depot";"Rigid";"PROG";"EUR/kWh";2050;"0.018";"Sensitivity | Removed policies except for bio/syn fuel mandates";"Electricity"
"OPEX";"Taxes";"FR";"Network Costs - Depot";"Tractor-Trailer";"PROG";"EUR/kWh";2050;"0.018";"Sensitivity | Removed policies except for bio/syn fuel mandates";"Electricity"
"OPEX";"Taxes";"IT";"Network Costs - Depot";"Rigid";"PROG";"EUR/kWh";2050;"0.016";"Sensitivity | Removed policies except for bio/syn fuel mandates";"Electricity"
"OPEX";"Taxes";"IT";"Network Costs - Depot";"Tractor-Trailer";"PROG";"EUR/kWh";2050;"0.016";"Sensitivity | Removed policies except for bio/syn fuel mandates";"Electricity"
"OPEX";"Taxes";"NL";"Network Costs - Depot";"Rigid";"PROG";"EUR/kWh";2050;"0.016";"Sensitivity | Removed policies except for bio/syn fuel mandates";"Electricity"
"OPEX";"Taxes";"NL";"Network Costs - Depot";"Tractor-Trailer";"PROG";"EUR/kWh";2050;"0.016";"Sensitivity | Removed policies except for bio/syn fuel mandates";"Electricity"
"OPEX";"Taxes";"PL";"Network Costs - Depot";"Rigid";"PROG";"EUR/kWh";2050;"0.019";"Sensitivity | Removed policies except for bio/syn fuel mandates";"Electricity"
"OPEX";"Taxes";"PL";"Network Costs - Depot";"Tractor-Trailer";"PROG";"EUR/kWh";2050;"0.019";"Sensitivity | Removed policies except for bio/syn fuel mandates";"Electricity"
"OPEX";"Taxes";"UK";"Network Costs - Depot";"Rigid";"PROG";"EUR/kWh";2050;"0.027";"Sensitivity | Removed policies except for bio/syn fuel mandates";"Electricity"
"OPEX";"Taxes";"UK";"Network Costs - Depot";"Tractor-Trailer";"PROG";"EUR/kWh";2050;"0.027";"Sensitivity | Removed policies except for bio/syn fuel mandates";"Electricity"
"OPEX";"Taxes";"DE";"Taxes, Fees, Levies and charges - Depot";"Rigid";"PROG";"EUR/kWh";2050;"0.056";"Sensitivity | Removed policies except for bio/syn fuel mandates";"Electricity"
"OPEX";"Taxes";"DE";"Taxes, Fees, Levies and charges - Depot";"Tractor-Trailer";"PROG";"EUR/kWh";2050;"0.056";"Sensitivity | Removed policies except for bio/syn fuel mandates";"Electricity"
"OPEX";"Taxes";"ES";"Taxes, Fees, Levies and charges - Depot";"Rigid";"PROG";"EUR/kWh";2050;"0.036";"Sensitivity | Removed policies except for bio/syn fuel mandates";"Electricity"
"OPEX";"Taxes";"ES";"Taxes, Fees, Levies and charges - Depot";"Tractor-Trailer";"PROG";"EUR/kWh";2050;"0.036";"Sensitivity | Removed policies except for bio/syn fuel mandates";"Electricity"
"OPEX";"Taxes";"FR";"Taxes, Fees, Levies and charges - Depot";"Rigid";"PROG";"EUR/kWh";2050;"0.03";"Sensitivity | Removed policies except for bio/syn fuel mandates";"Electricity"
"OPEX";"Taxes";"FR";"Taxes, Fees, Levies and charges - Depot";"Tractor-Trailer";"PROG";"EUR/kWh";2050;"0.03";"Sensitivity | Removed policies except for bio/syn fuel mandates";"Electricity"
"OPEX";"Taxes";"IT";"Taxes, Fees, Levies and charges - Depot";"Rigid";"PROG";"EUR/kWh";2050;"0.063";"Sensitivity | Removed policies except for bio/syn fuel mandates";"Electricity"
"OPEX";"Taxes";"IT";"Taxes, Fees, Levies and charges - Depot";"Tractor-Trailer";"PROG";"EUR/kWh";2050;"0.063";"Sensitivity | Removed policies except for bio/syn fuel mandates";"Electricity"
"OPEX";"Taxes";"NL";"Taxes, Fees, Levies and charges - Depot";"Rigid";"PROG";"EUR/kWh";2050;"0.055";"Sensitivity | Removed policies except for bio/syn fuel mandates";"Electricity"
"OPEX";"Taxes";"NL";"Taxes, Fees, Levies and charges - Depot";"Tractor-Trailer";"PROG";"EUR/kWh";2050;"0.055";"Sensitivity | Removed policies except for bio/syn fuel mandates";"Electricity"
"OPEX";"Taxes";"PL";"Taxes, Fees, Levies and charges - Depot";"Rigid";"PROG";"EUR/kWh";2050;"0.049";"Sensitivity | Removed policies except for bio/syn fuel mandates";"Electricity"
"OPEX";"Taxes";"PL";"Taxes, Fees, Levies and charges - Depot";"Tractor-Trailer";"PROG";"EUR/kWh";2050;"0.049";"Sensitivity | Removed policies except for bio/syn fuel mandates";"Electricity"
"OPEX";"Taxes";"UK";"Taxes, Fees, Levies and charges - Depot";"Rigid";"PROG";"EUR/kWh";2050;"0.077";"Sensitivity | Removed policies except for bio/syn fuel mandates";"Electricity"
"OPEX";"Taxes";"UK";"Taxes, Fees, Levies and charges - Depot";"Tractor-Trailer";"PROG";"EUR/kWh";2050;"0.077";"Sensitivity | Removed policies except for bio/syn fuel mandates";"Electricity"
"OPEX";"H2 Infrastructure";"DE";"HRS costs";"Rigid";"PROG";"EUR/kg H2";2050;"0.6";"Sensitivity | Removed policies except for bio/syn fuel mandates";"Hydrogen"
"OPEX";"H2 Infrastructure";"DE";"HRS costs";"Tractor-Trailer";"PROG";"EUR/kg H2";2050;"0.6";"Sensitivity | Removed policies except for bio/syn fuel mandates";"Hydrogen"
"OPEX";"H2 Infrastructure";"ES";"HRS costs";"Rigid";"PROG";"EUR/kg H2";2050;"0.6";"Sensitivity | Removed policies except for bio/syn fuel mandates";"Hydrogen"
"OPEX";"H2 Infrastructure";"ES";"HRS costs";"Tractor-Trailer";"PROG";"EUR/kg H2";2050;"0.6";"Sensitivity | Removed policies except for bio/syn fuel mandates";"Hydrogen"
"OPEX";"H2 Infrastructure";"FR";"HRS costs";"Rigid";"PROG";"EUR/kg H2";2050;"0.6";"Sensitivity | Removed policies except for bio/syn fuel mandates";"Hydrogen"
"OPEX";"H2 Infrastructure";"FR";"HRS costs";"Tractor-Trailer";"PROG";"EUR/kg H2";2050;"0.6";"Sensitivity | Removed policies except for bio/syn fuel mandates";"Hydrogen"
"OPEX";"H2 Infrastructure";"IT";"HRS costs";"Rigid";"PROG";"EUR/kg H2";2050;"0.6";"Sensitivity | Removed policies except for bio/syn fuel mandates";"Hydrogen"
"OPEX";"H2 Infrastructure";"IT";"HRS costs";"Tractor-Trailer";"PROG";"EUR/kg H2";2050;"0.6";"Sensitivity | Removed policies except for bio/syn fuel mandates";"Hydrogen"
"OPEX";"H2 Infrastructure";"NL";"HRS costs";"Rigid";"PROG";"EUR/kg H2";2050;"0.6";"Sensitivity | Removed policies except for bio/syn fuel mandates";"Hydrogen"
"OPEX";"H2 Infrastructure";"NL";"HRS costs";"Tractor-Trailer";"PROG";"EUR/kg H2";2050;"0.6";"Sensitivity | Removed policies except for bio/syn fuel mandates";"Hydrogen"
"OPEX";"H2 Infrastructure";"PL";"HRS costs";"Rigid";"PROG";"EUR/kg H2";2050;"0.6";"Sensitivity | Removed policies except for bio/syn fuel mandates";"Hydrogen"
"OPEX";"H2 Infrastructure";"PL";"HRS costs";"Tractor-Trailer";"PROG";"EUR/kg H2";2050;"0.6";"Sensitivity | Removed policies except for bio/syn fuel mandates";"Hydrogen"
"OPEX";"H2 Infrastructure";"UK";"HRS costs";"Rigid";"PROG";"EUR/kg H2";2050;"0.6";"Sensitivity | Removed policies except for bio/syn fuel mandates";"Hydrogen"
"OPEX";"H2 Infrastructure";"UK";"HRS costs";"Tractor-Trailer";"PROG";"EUR/kg H2";2050;"0.6";"Sensitivity | Removed policies except for bio/syn fuel mandates";"Hydrogen"
"OPEX";"H2 Infrastructure";"DE";"H2 transport and distribution";"Rigid";"PROG";"EUR/kg H2";2050;"0.667";"Sensitivity | Removed policies except for bio/syn fuel mandates";"Hydrogen"
"OPEX";"H2 Infrastructure";"DE";"H2 transport and distribution";"Tractor-Trailer";"PROG";"EUR/kg H2";2050;"0.667";"Sensitivity | Removed policies except for bio/syn fuel mandates";"Hydrogen"
"OPEX";"H2 Infrastructure";"ES";"H2 transport and distribution";"Rigid";"PROG";"EUR/kg H2";2050;"0.667";"Sensitivity | Removed policies except for bio/syn fuel mandates";"Hydrogen"
"OPEX";"H2 Infrastructure";"ES";"H2 transport and distribution";"Tractor-Trailer";"PROG";"EUR/kg H2";2050;"0.667";"Sensitivity | Removed policies except for bio/syn fuel mandates";"Hydrogen"
"OPEX";"H2 Infrastructure";"FR";"H2 transport and distribution";"Rigid";"PROG";"EUR/kg H2";2050;"0.667";"Sensitivity | Removed policies except for bio/syn fuel mandates";"Hydrogen"
"OPEX";"H2 Infrastructure";"FR";"H2 transport and distribution";"Tractor-Trailer";"PROG";"EUR/kg H2";2050;"0.667";"Sensitivity | Removed policies except for bio/syn fuel mandates";"Hydrogen"
"OPEX";"H2 Infrastructure";"IT";"H2 transport and distribution";"Rigid";"PROG";"EUR/kg H2";2050;"0.667";"Sensitivity | Removed policies except for bio/syn fuel mandates";"Hydrogen"
"OPEX";"H2 Infrastructure";"IT";"H2 transport and distribution";"Tractor-Trailer";"PROG";"EUR/kg H2";2050;"0.667";"Sensitivity | Removed policies except for bio/syn fuel mandates";"Hydrogen"
"OPEX";"H2 Infrastructure";"NL";"H2 transport and distribution";"Rigid";"PROG";"EUR/kg H2";2050;"0.667";"Sensitivity | Removed policies except for bio/syn fuel mandates";"Hydrogen"
"OPEX";"H2 Infrastructure";"NL";"H2 transport and distribution";"Tractor-Trailer";"PROG";"EUR/kg H2";2050;"0.667";"Sensitivity | Removed policies except for bio/syn fuel mandates";"Hydrogen"
"OPEX";"H2 Infrastructure";"PL";"H2 transport and distribution";"Rigid";"PROG";"EUR/kg H2";2050;"0.667";"Sensitivity | Removed policies except for bio/syn fuel mandates";"Hydrogen"
"OPEX";"H2 Infrastructure";"PL";"H2 transport and distribution";"Tractor-Trailer";"PROG";"EUR/kg H2";2050;"0.667";"Sensitivity | Removed policies except for bio/syn fuel mandates";"Hydrogen"
"OPEX";"H2 Infrastructure";"UK";"H2 transport and distribution";"Rigid";"PROG";"EUR/kg H2";2050;"0.667";"Sensitivity | Removed policies except for bio/syn fuel mandates";"Hydrogen"
"OPEX";"H2 Infrastructure";"UK";"H2 transport and distribution";"Tractor-Trailer";"PROG";"EUR/kg H2";2050;"0.667";"Sensitivity | Removed policies except for bio/syn fuel mandates";"Hydrogen"
"OPEX";"H2 Infrastructure";"DE";"HRS Overhead, Profit and Mark-Up";"Rigid";"PROG";"EUR/kg H2";2050;"0.25";"Sensitivity | Removed policies except for bio/syn fuel mandates";"Hydrogen"
"OPEX";"H2 Infrastructure";"DE";"HRS Overhead, Profit and Mark-Up";"Tractor-Trailer";"PROG";"EUR/kg H2";2050;"0.25";"Sensitivity | Removed policies except for bio/syn fuel mandates";"Hydrogen"
"OPEX";"H2 Infrastructure";"ES";"HRS Overhead, Profit and Mark-Up";"Rigid";"PROG";"EUR/kg H2";2050;"0.25";"Sensitivity | Removed policies except for bio/syn fuel mandates";"Hydrogen"
"OPEX";"H2 Infrastructure";"ES";"HRS Overhead, Profit and Mark-Up";"Tractor-Trailer";"PROG";"EUR/kg H2";2050;"0.25";"Sensitivity | Removed policies except for bio/syn fuel mandates";"Hydrogen"
"OPEX";"H2 Infrastructure";"FR";"HRS Overhead, Profit and Mark-Up";"Rigid";"PROG";"EUR/kg H2";2050;"0.25";"Sensitivity | Removed policies except for bio/syn fuel mandates";"Hydrogen"
"OPEX";"H2 Infrastructure";"FR";"HRS Overhead, Profit and Mark-Up";"Tractor-Trailer";"PROG";"EUR/kg H2";2050;"0.25";"Sensitivity | Removed policies except for bio/syn fuel mandates";"Hydrogen"
"OPEX";"H2 Infrastructure";"IT";"HRS Overhead, Profit and Mark-Up";"Rigid";"PROG";"EUR/kg H2";2050;"0.25";"Sensitivity | Removed policies except for bio/syn fuel mandates";"Hydrogen"
"OPEX";"H2 Infrastructure";"IT";"HRS Overhead, Profit and Mark-Up";"Tractor-Trailer";"PROG";"EUR/kg H2";2050;"0.25";"Sensitivity | Removed policies except for bio/syn fuel mandates";"Hydrogen"
"OPEX";"H2 Infrastructure";"NL";"HRS Overhead, Profit and Mark-Up";"Rigid";"PROG";"EUR/kg H2";2050;"0.25";"Sensitivity | Removed policies except for bio/syn fuel mandates";"Hydrogen"
"OPEX";"H2 Infrastructure";"NL";"HRS Overhead, Profit and Mark-Up";"Tractor-Trailer";"PROG";"EUR/kg H2";2050;"0.25";"Sensitivity | Removed policies except for bio/syn fuel mandates";"Hydrogen"
"OPEX";"H2 Infrastructure";"PL";"HRS Overhead, Profit and Mark-Up";"Rigid";"PROG";"EUR/kg H2";2050;"0.25";"Sensitivity | Removed policies except for bio/syn fuel mandates";"Hydrogen"
"OPEX";"H2 Infrastructure";"PL";"HRS Overhead, Profit and Mark-Up";"Tractor-Trailer";"PROG";"EUR/kg H2";2050;"0.25";"Sensitivity | Removed policies except for bio/syn fuel mandates";"Hydrogen"
"OPEX";"H2 Infrastructure";"UK";"HRS Overhead, Profit and Mark-Up";"Rigid";"PROG";"EUR/kg H2";2050;"0.25";"Sensitivity | Removed policies except for bio/syn fuel mandates";"Hydrogen"
"OPEX";"H2 Infrastructure";"UK";"HRS Overhead, Profit and Mark-Up";"Tractor-Trailer";"PROG";"EUR/kg H2";2050;"0.25";"Sensitivity | Removed policies except for bio/syn fuel mandates";"Hydrogen"
"OPEX";"Charging Infrastructure";"DE";"MCS Station (Public Charging) - Incl. Overhead";"Rigid";"PROG";"EUR/kWh";2050;"0.013";"Sensitivity | Removed policies except for bio/syn fuel mandates";"Electricity"
"OPEX";"Charging Infrastructure";"DE";"MCS Station (Public Charging) - Incl. Overhead";"Tractor-Trailer";"PROG";"EUR/kWh";2050;"0.013";"Sensitivity | Removed policies except for bio/syn fuel mandates";"Electricity"
"OPEX";"Charging Infrastructure";"ES";"MCS Station (Public Charging) - Incl. Overhead";"Rigid";"PROG";"EUR/kWh";2050;"0.013";"Sensitivity | Removed policies except for bio/syn fuel mandates";"Electricity"
"OPEX";"Charging Infrastructure";"ES";"MCS Station (Public Charging) - Incl. Overhead";"Tractor-Trailer";"PROG";"EUR/kWh";2050;"0.013";"Sensitivity | Removed policies except for bio/syn fuel mandates";"Electricity"
"OPEX";"Charging Infrastructure";"FR";"MCS Station (Public Charging) - Incl. Overhead";"Rigid";"PROG";"EUR/kWh";2050;"0.013";"Sensitivity | Removed policies except for bio/syn fuel mandates";"Electricity"
"OPEX";"Charging Infrastructure";"FR";"MCS Station (Public Charging) - Incl. Overhead";"Tractor-Trailer";"PROG";"EUR/kWh";2050;"0.013";"Sensitivity | Removed policies except for bio/syn fuel mandates";"Electricity"
"OPEX";"Charging Infrastructure";"IT";"MCS Station (Public Charging) - Incl. Overhead";"Rigid";"PROG";"EUR/kWh";2050;"0.013";"Sensitivity | Removed policies except for bio/syn fuel mandates";"Electricity"
"OPEX";"Charging Infrastructure";"IT";"MCS Station (Public Charging) - Incl. Overhead";"Tractor-Trailer";"PROG";"EUR/kWh";2050;"0.013";"Sensitivity | Removed policies except for bio/syn fuel mandates";"Electricity"
"OPEX";"Charging Infrastructure";"NL";"MCS Station (Public Charging) - Incl. Overhead";"Rigid";"PROG";"EUR/kWh";2050;"0.013";"Sensitivity | Removed policies except for bio/syn fuel mandates";"Electricity"
"OPEX";"Charging Infrastructure";"NL";"MCS Station (Public Charging) - Incl. Overhead";"Tractor-Trailer";"PROG";"EUR/kWh";2050;"0.013";"Sensitivity | Removed policies except for bio/syn fuel mandates";"Electricity"
"OPEX";"Charging Infrastructure";"PL";"MCS Station (Public Charging) - Incl. Overhead";"Rigid";"PROG";"EUR/kWh";2050;"0.013";"Sensitivity | Removed policies except for bio/syn fuel mandates";"Electricity"
"OPEX";"Charging Infrastructure";"PL";"MCS Station (Public Charging) - Incl. Overhead";"Tractor-Trailer";"PROG";"EUR/kWh";2050;"0.013";"Sensitivity | Removed policies except for bio/syn fuel mandates";"Electricity"
"OPEX";"Charging Infrastructure";"UK";"MCS Station (Public Charging) - Incl. Overhead";"Rigid";"PROG";"EUR/kWh";2050;"0.013";"Sensitivity | Removed policies except for bio/syn fuel mandates";"Electricity"
"OPEX";"Charging Infrastructure";"UK";"MCS Station (Public Charging) - Incl. Overhead";"Tractor-Trailer";"PROG";"EUR/kWh";2050;"0.013";"Sensitivity | Removed policies except for bio/syn fuel mandates";"Electricity"
"OPEX";"Charging Infrastructure";"DE";"Share MCS-Charging";"Rigid";"PROG";"%";2050;"0.2";"Sensitivity | Removed policies except for bio/syn fuel mandates";"Electricity"
"OPEX";"Charging Infrastructure";"DE";"Share MCS-Charging";"Tractor-Trailer";"PROG";"%";2050;"0.2";"Sensitivity | Removed policies except for bio/syn fuel mandates";"Electricity"
"OPEX";"Charging Infrastructure";"ES";"Share MCS-Charging";"Rigid";"PROG";"%";2050;"0.2";"Sensitivity | Removed policies except for bio/syn fuel mandates";"Electricity"
"OPEX";"Charging Infrastructure";"ES";"Share MCS-Charging";"Tractor-Trailer";"PROG";"%";2050;"0.2";"Sensitivity | Removed policies except for bio/syn fuel mandates";"Electricity"
"OPEX";"Charging Infrastructure";"FR";"Share MCS-Charging";"Rigid";"PROG";"%";2050;"0.2";"Sensitivity | Removed policies except for bio/syn fuel mandates";"Electricity"
"OPEX";"Charging Infrastructure";"FR";"Share MCS-Charging";"Tractor-Trailer";"PROG";"%";2050;"0.2";"Sensitivity | Removed policies except for bio/syn fuel mandates";"Electricity"
"OPEX";"Charging Infrastructure";"IT";"Share MCS-Charging";"Rigid";"PROG";"%";2050;"0.2";"Sensitivity | Removed policies except for bio/syn fuel mandates";"Electricity"
"OPEX";"Charging Infrastructure";"IT";"Share MCS-Charging";"Tractor-Trailer";"PROG";"%";2050;"0.2";"Sensitivity | Removed policies except for bio/syn fuel mandates";"Electricity"
"OPEX";"Charging Infrastructure";"NL";"Share MCS-Charging";"Rigid";"PROG";"%";2050;"0.2";"Sensitivity | Removed policies except for bio/syn fuel mandates";"Electricity"
"OPEX";"Charging Infrastructure";"NL";"Share MCS-Charging";"Tractor-Trailer";"PROG";"%";2050;"0.2";"Sensitivity | Removed policies except for bio/syn fuel mandates";"Electricity"
"OPEX";"Charging Infrastructure";"PL";"Share MCS-Charging";"Rigid";"PROG";"%";2050;"0.2";"Sensitivity | Removed policies except for bio/syn fuel mandates";"Electricity"
"OPEX";"Charging Infrastructure";"PL";"Share MCS-Charging";"Tractor-Trailer";"PROG";"%";2050;"0.2";"Sensitivity | Removed policies except for bio/syn fuel mandates";"Electricity"
"OPEX";"Charging Infrastructure";"UK";"Share MCS-Charging";"Rigid";"PROG";"%";2050;"0.2";"Sensitivity | Removed policies except for bio/syn fuel mandates";"Electricity"
"OPEX";"Charging Infrastructure";"UK";"Share MCS-Charging";"Tractor-Trailer";"PROG";"%";2050;"0.2";"Sensitivity | Removed policies except for bio/syn fuel mandates";"Electricity"
"OPEX";"Charging Infrastructure";"DE";"Depot - Network fees savings potential";"Rigid";"PROG";"EUR/kWh";2050;"-0.01";"Sensitivity | Removed policies except for bio/syn fuel mandates";"Electricity"
"OPEX";"Charging Infrastructure";"DE";"Depot - Network fees savings potential";"Tractor-Trailer";"PROG";"EUR/kWh";2050;"-0.01";"Sensitivity | Removed policies except for bio/syn fuel mandates";"Electricity"
"OPEX";"Charging Infrastructure";"ES";"Depot - Network fees savings potential";"Rigid";"PROG";"EUR/kWh";2050;"-0.01";"Sensitivity | Removed policies except for bio/syn fuel mandates";"Electricity"
"OPEX";"Charging Infrastructure";"ES";"Depot - Network fees savings potential";"Tractor-Trailer";"PROG";"EUR/kWh";2050;"-0.01";"Sensitivity | Removed policies except for bio/syn fuel mandates";"Electricity"
"OPEX";"Charging Infrastructure";"FR";"Depot - Network fees savings potential";"Rigid";"PROG";"EUR/kWh";2050;"-0.01";"Sensitivity | Removed policies except for bio/syn fuel mandates";"Electricity"
"OPEX";"Charging Infrastructure";"FR";"Depot - Network fees savings potential";"Tractor-Trailer";"PROG";"EUR/kWh";2050;"-0.01";"Sensitivity | Removed policies except for bio/syn fuel mandates";"Electricity"
"OPEX";"Charging Infrastructure";"IT";"Depot - Network fees savings potential";"Rigid";"PROG";"EUR/kWh";2050;"-0.01";"Sensitivity | Removed policies except for bio/syn fuel mandates";"Electricity"
"OPEX";"Charging Infrastructure";"IT";"Depot - Network fees savings potential";"Tractor-Trailer";"PROG";"EUR/kWh";2050;"-0.01";"Sensitivity | Removed policies except for bio/syn fuel mandates";"Electricity"
"OPEX";"Charging Infrastructure";"NL";"Depot - Network fees savings potential";"Rigid";"PROG";"EUR/kWh";2050;"-0.01";"Sensitivity | Removed policies except for bio/syn fuel mandates";"Electricity"
"OPEX";"Charging Infrastructure";"NL";"Depot - Network fees savings potential";"Tractor-Trailer";"PROG";"EUR/kWh";2050;"-0.01";"Sensitivity | Removed policies except for bio/syn fuel mandates";"Electricity"
"OPEX";"Charging Infrastructure";"PL";"Depot - Network fees savings potential";"Rigid";"PROG";"EUR/kWh";2050;"-0.01";"Sensitivity | Removed policies except for bio/syn fuel mandates";"Electricity"
"OPEX";"Charging Infrastructure";"PL";"Depot - Network fees savings potential";"Tractor-Trailer";"PROG";"EUR/kWh";2050;"-0.01";"Sensitivity | Removed policies except for bio/syn fuel mandates";"Electricity"
"OPEX";"Charging Infrastructure";"UK";"Depot - Network fees savings potential";"Rigid";"PROG";"EUR/kWh";2050;"-0.01";"Sensitivity | Removed policies except for bio/syn fuel mandates";"Electricity"
"OPEX";"Charging Infrastructure";"UK";"Depot - Network fees savings potential";"Tractor-Trailer";"PROG";"EUR/kWh";2050;"-0.01";"Sensitivity | Removed policies except for bio/syn fuel mandates";"Electricity"
"OPEX";"Taxes";"DE";"Tax reduction";"Rigid";"PROG";"%";2050;"0";"Sensitivity | Removed policies except for bio/syn fuel mandates";"Hydrogen"
"OPEX";"Taxes";"DE";"Tax reduction";"Tractor-Trailer";"PROG";"%";2050;"0";"Sensitivity | Removed policies except for bio/syn fuel mandates";"Hydrogen"
"OPEX";"Taxes";"ES";"Tax reduction";"Rigid";"PROG";"%";2050;"0";"Sensitivity | Removed policies except for bio/syn fuel mandates";"Hydrogen"
"OPEX";"Taxes";"ES";"Tax reduction";"Tractor-Trailer";"PROG";"%";2050;"0";"Sensitivity | Removed policies except for bio/syn fuel mandates";"Hydrogen"
"OPEX";"Taxes";"FR";"Tax reduction";"Rigid";"PROG";"%";2050;"0";"Sensitivity | Removed policies except for bio/syn fuel mandates";"Hydrogen"
"OPEX";"Taxes";"FR";"Tax reduction";"Tractor-Trailer";"PROG";"%";2050;"0";"Sensitivity | Removed policies except for bio/syn fuel mandates";"Hydrogen"
"OPEX";"Taxes";"IT";"Tax reduction";"Rigid";"PROG";"%";2050;"0";"Sensitivity | Removed policies except for bio/syn fuel mandates";"Hydrogen"
"OPEX";"Taxes";"IT";"Tax reduction";"Tractor-Trailer";"PROG";"%";2050;"0";"Sensitivity | Removed policies except for bio/syn fuel mandates";"Hydrogen"
"OPEX";"Taxes";"NL";"Tax reduction";"Rigid";"PROG";"%";2050;"0";"Sensitivity | Removed policies except for bio/syn fuel mandates";"Hydrogen"
"OPEX";"Taxes";"NL";"Tax reduction";"Tractor-Trailer";"PROG";"%";2050;"0";"Sensitivity | Removed policies except for bio/syn fuel mandates";"Hydrogen"
"OPEX";"Taxes";"PL";"Tax reduction";"Rigid";"PROG";"%";2050;"0";"Sensitivity | Removed policies except for bio/syn fuel mandates";"Hydrogen"
"OPEX";"Taxes";"PL";"Tax reduction";"Tractor-Trailer";"PROG";"%";2050;"0";"Sensitivity | Removed policies except for bio/syn fuel mandates";"Hydrogen"
"OPEX";"Taxes";"UK";"Tax reduction";"Rigid";"PROG";"%";2050;"0";"Sensitivity | Removed policies except for bio/syn fuel mandates";"Hydrogen"
"OPEX";"Taxes";"UK";"Tax reduction";"Tractor-Trailer";"PROG";"%";2050;"0";"Sensitivity | Removed policies except for bio/syn fuel mandates";"Hydrogen"
"OPEX";"Taxes";"DE";"Excise Duty - Diesel";"Rigid";"BAU";"EUR/kWh";2050;"0.047";"Sensitivity | Removed policies except for bio/syn fuel mandates";"Diesel"
"OPEX";"Taxes";"DE";"Excise Duty - Diesel";"Tractor-Trailer";"BAU";"EUR/kWh";2050;"0.047";"Sensitivity | Removed policies except for bio/syn fuel mandates";"Diesel"
"OPEX";"Taxes";"DE";"Excise Duty - Diesel";"Rigid";"PROG";"EUR/kWh";2050;"0.047";"Sensitivity | Removed policies except for bio/syn fuel mandates";"Diesel"
"OPEX";"Taxes";"DE";"Excise Duty - Diesel";"Tractor-Trailer";"PROG";"EUR/kWh";2050;"0.047";"Sensitivity | Removed policies except for bio/syn fuel mandates";"Diesel"
"OPEX";"Taxes";"ES";"Excise Duty - Diesel";"Rigid";"BAU";"EUR/kWh";2050;"0.038";"Sensitivity | Removed policies except for bio/syn fuel mandates";"Diesel"
"OPEX";"Taxes";"ES";"Excise Duty - Diesel";"Tractor-Trailer";"BAU";"EUR/kWh";2050;"0.038";"Sensitivity | Removed policies except for bio/syn fuel mandates";"Diesel"
"OPEX";"Taxes";"ES";"Excise Duty - Diesel";"Rigid";"PROG";"EUR/kWh";2050;"0.038";"Sensitivity | Removed policies except for bio/syn fuel mandates";"Diesel"
"OPEX";"Taxes";"ES";"Excise Duty - Diesel";"Tractor-Trailer";"PROG";"EUR/kWh";2050;"0.038";"Sensitivity | Removed policies except for bio/syn fuel mandates";"Diesel"
"OPEX";"Taxes";"FR";"Excise Duty - Diesel";"Rigid";"BAU";"EUR/kWh";2050;"0.06";"Sensitivity | Removed policies except for bio/syn fuel mandates";"Diesel"
"OPEX";"Taxes";"FR";"Excise Duty - Diesel";"Tractor-Trailer";"BAU";"EUR/kWh";2050;"0.06";"Sensitivity | Removed policies except for bio/syn fuel mandates";"Diesel"
"OPEX";"Taxes";"FR";"Excise Duty - Diesel";"Rigid";"PROG";"EUR/kWh";2050;"0.06";"Sensitivity | Removed policies except for bio/syn fuel mandates";"Diesel"
"OPEX";"Taxes";"FR";"Excise Duty - Diesel";"Tractor-Trailer";"PROG";"EUR/kWh";2050;"0.06";"Sensitivity | Removed policies except for bio/syn fuel mandates";"Diesel"
"OPEX";"Taxes";"IT";"Excise Duty - Diesel";"Rigid";"BAU";"EUR/kWh";2050;"0.062";"Sensitivity | Removed policies except for bio/syn fuel mandates";"Diesel"
"OPEX";"Taxes";"IT";"Excise Duty - Diesel";"Tractor-Trailer";"BAU";"EUR/kWh";2050;"0.062";"Sensitivity | Removed policies except for bio/syn fuel mandates";"Diesel"
"OPEX";"Taxes";"IT";"Excise Duty - Diesel";"Rigid";"PROG";"EUR/kWh";2050;"0.062";"Sensitivity | Removed policies except for bio/syn fuel mandates";"Diesel"
"OPEX";"Taxes";"IT";"Excise Duty - Diesel";"Tractor-Trailer";"PROG";"EUR/kWh";2050;"0.062";"Sensitivity | Removed policies except for bio/syn fuel mandates";"Diesel"
"OPEX";"Taxes";"NL";"Excise Duty - Diesel";"Rigid";"BAU";"EUR/kWh";2050;"0.053";"Sensitivity | Removed policies except for bio/syn fuel mandates";"Diesel"
"OPEX";"Taxes";"NL";"Excise Duty - Diesel";"Tractor-Trailer";"BAU";"EUR/kWh";2050;"0.053";"Sensitivity | Removed policies except for bio/syn fuel mandates";"Diesel"
"OPEX";"Taxes";"NL";"Excise Duty - Diesel";"Rigid";"PROG";"EUR/kWh";2050;"0.053";"Sensitivity | Removed policies except for bio/syn fuel mandates";"Diesel"
"OPEX";"Taxes";"NL";"Excise Duty - Diesel";"Tractor-Trailer";"PROG";"EUR/kWh";2050;"0.053";"Sensitivity | Removed policies except for bio/syn fuel mandates";"Diesel"
"OPEX";"Taxes";"PL";"Excise Duty - Diesel";"Rigid";"BAU";"EUR/kWh";2050;"0.033";"Sensitivity | Removed policies except for bio/syn fuel mandates";"Diesel"
"OPEX";"Taxes";"PL";"Excise Duty - Diesel";"Tractor-Trailer";"BAU";"EUR/kWh";2050;"0.033";"Sensitivity | Removed policies except for bio/syn fuel mandates";"Diesel"
"OPEX";"Taxes";"PL";"Excise Duty - Diesel";"Rigid";"PROG";"EUR/kWh";2050;"0.033";"Sensitivity | Removed policies except for bio/syn fuel mandates";"Diesel"
"OPEX";"Taxes";"PL";"Excise Duty - Diesel";"Tractor-Trailer";"PROG";"EUR/kWh";2050;"0.033";"Sensitivity | Removed policies except for bio/syn fuel mandates";"Diesel"
"OPEX";"Taxes";"UK";"Excise Duty - Diesel";"Rigid";"BAU";"EUR/kWh";2050;"0.053";"Sensitivity | Removed policies except for bio/syn fuel mandates";"Diesel"
"OPEX";"Taxes";"UK";"Excise Duty - Diesel";"Tractor-Trailer";"BAU";"EUR/kWh";2050;"0.053";"Sensitivity | Removed policies except for bio/syn fuel mandates";"Diesel"
"OPEX";"Taxes";"UK";"Excise Duty - Diesel";"Rigid";"PROG";"EUR/kWh";2050;"0.053";"Sensitivity | Removed policies except for bio/syn fuel mandates";"Diesel"
"OPEX";"Taxes";"UK";"Excise Duty - Diesel";"Tractor-Trailer";"PROG";"EUR/kWh";2050;"0.053";"Sensitivity | Removed policies except for bio/syn fuel mandates";"Diesel"
"OPEX";"Taxes";"DE";"Excise Duty - Reduction biodiesel";"Rigid";"BAU";"%";2050;"0.5";"Sensitivity | Removed policies except for bio/syn fuel mandates";"Diesel"
"OPEX";"Taxes";"DE";"Excise Duty - Reduction biodiesel";"Tractor-Trailer";"BAU";"%";2050;"0.5";"Sensitivity | Removed policies except for bio/syn fuel mandates";"Diesel"
"OPEX";"Taxes";"DE";"Excise Duty - Reduction biodiesel";"Rigid";"PROG";"%";2050;"0.5";"Sensitivity | Removed policies except for bio/syn fuel mandates";"Diesel"
"OPEX";"Taxes";"DE";"Excise Duty - Reduction biodiesel";"Tractor-Trailer";"PROG";"%";2050;"0.5";"Sensitivity | Removed policies except for bio/syn fuel mandates";"Diesel"
"OPEX";"Taxes";"ES";"Excise Duty - Reduction biodiesel";"Rigid";"BAU";"%";2050;"0.5";"Sensitivity | Removed policies except for bio/syn fuel mandates";"Diesel"
"OPEX";"Taxes";"ES";"Excise Duty - Reduction biodiesel";"Tractor-Trailer";"BAU";"%";2050;"0.5";"Sensitivity | Removed policies except for bio/syn fuel mandates";"Diesel"
"OPEX";"Taxes";"ES";"Excise Duty - Reduction biodiesel";"Rigid";"PROG";"%";2050;"0.5";"Sensitivity | Removed policies except for bio/syn fuel mandates";"Diesel"
"OPEX";"Taxes";"ES";"Excise Duty - Reduction biodiesel";"Tractor-Trailer";"PROG";"%";2050;"0.5";"Sensitivity | Removed policies except for bio/syn fuel mandates";"Diesel"
"OPEX";"Taxes";"FR";"Excise Duty - Reduction biodiesel";"Rigid";"BAU";"%";2050;"0.5";"Sensitivity | Removed policies except for bio/syn fuel mandates";"Diesel"
"OPEX";"Taxes";"FR";"Excise Duty - Reduction biodiesel";"Tractor-Trailer";"BAU";"%";2050;"0.5";"Sensitivity | Removed policies except for bio/syn fuel mandates";"Diesel"
"OPEX";"Taxes";"FR";"Excise Duty - Reduction biodiesel";"Rigid";"PROG";"%";2050;"0.5";"Sensitivity | Removed policies except for bio/syn fuel mandates";"Diesel"
"OPEX";"Taxes";"FR";"Excise Duty - Reduction biodiesel";"Tractor-Trailer";"PROG";"%";2050;"0.5";"Sensitivity | Removed policies except for bio/syn fuel mandates";"Diesel"
"OPEX";"Taxes";"IT";"Excise Duty - Reduction biodiesel";"Rigid";"BAU";"%";2050;"0.5";"Sensitivity | Removed policies except for bio/syn fuel mandates";"Diesel"
"OPEX";"Taxes";"IT";"Excise Duty - Reduction biodiesel";"Tractor-Trailer";"BAU";"%";2050;"0.5";"Sensitivity | Removed policies except for bio/syn fuel mandates";"Diesel"
"OPEX";"Taxes";"IT";"Excise Duty - Reduction biodiesel";"Rigid";"PROG";"%";2050;"0.5";"Sensitivity | Removed policies except for bio/syn fuel mandates";"Diesel"
"OPEX";"Taxes";"IT";"Excise Duty - Reduction biodiesel";"Tractor-Trailer";"PROG";"%";2050;"0.5";"Sensitivity | Removed policies except for bio/syn fuel mandates";"Diesel"
"OPEX";"Taxes";"NL";"Excise Duty - Reduction biodiesel";"Rigid";"BAU";"%";2050;"0.5";"Sensitivity | Removed policies except for bio/syn fuel mandates";"Diesel"
"OPEX";"Taxes";"NL";"Excise Duty - Reduction biodiesel";"Tractor-Trailer";"BAU";"%";2050;"0.5";"Sensitivity | Removed policies except for bio/syn fuel mandates";"Diesel"
"OPEX";"Taxes";"NL";"Excise Duty - Reduction biodiesel";"Rigid";"PROG";"%";2050;"0.5";"Sensitivity | Removed policies except for bio/syn fuel mandates";"Diesel"
"OPEX";"Taxes";"NL";"Excise Duty - Reduction biodiesel";"Tractor-Trailer";"PROG";"%";2050;"0.5";"Sensitivity | Removed policies except for bio/syn fuel mandates";"Diesel"
"OPEX";"Taxes";"PL";"Excise Duty - Reduction biodiesel";"Rigid";"BAU";"%";2050;"0.5";"Sensitivity | Removed policies except for bio/syn fuel mandates";"Diesel"
"OPEX";"Taxes";"PL";"Excise Duty - Reduction biodiesel";"Tractor-Trailer";"BAU";"%";2050;"0.5";"Sensitivity | Removed policies except for bio/syn fuel mandates";"Diesel"
"OPEX";"Taxes";"PL";"Excise Duty - Reduction biodiesel";"Rigid";"PROG";"%";2050;"0.5";"Sensitivity | Removed policies except for bio/syn fuel mandates";"Diesel"
"OPEX";"Taxes";"PL";"Excise Duty - Reduction biodiesel";"Tractor-Trailer";"PROG";"%";2050;"0.5";"Sensitivity | Removed policies except for bio/syn fuel mandates";"Diesel"
"OPEX";"Taxes";"UK";"Excise Duty - Reduction biodiesel";"Rigid";"BAU";"%";2050;"0.5";"Sensitivity | Removed policies except for bio/syn fuel mandates";"Diesel"
"OPEX";"Taxes";"UK";"Excise Duty - Reduction biodiesel";"Tractor-Trailer";"BAU";"%";2050;"0.5";"Sensitivity | Removed policies except for bio/syn fuel mandates";"Diesel"
"OPEX";"Taxes";"UK";"Excise Duty - Reduction biodiesel";"Rigid";"PROG";"%";2050;"0.5";"Sensitivity | Removed policies except for bio/syn fuel mandates";"Diesel"
"OPEX";"Taxes";"UK";"Excise Duty - Reduction biodiesel";"Tractor-Trailer";"PROG";"%";2050;"0.5";"Sensitivity | Removed policies except for bio/syn fuel mandates";"Diesel"
"OPEX";"Taxes";"DE";"Excise Duty - Reduction Synthetic Diesel (E-Fuels)";"Rigid";"BAU";"%";2050;"0.5";"Sensitivity | Removed policies except for bio/syn fuel mandates";"Diesel"
"OPEX";"Taxes";"DE";"Excise Duty - Reduction Synthetic Diesel (E-Fuels)";"Tractor-Trailer";"BAU";"%";2050;"0.5";"Sensitivity | Removed policies except for bio/syn fuel mandates";"Diesel"
"OPEX";"Taxes";"DE";"Excise Duty - Reduction Synthetic Diesel (E-Fuels)";"Rigid";"PROG";"%";2050;"0.5";"Sensitivity | Removed policies except for bio/syn fuel mandates";"Diesel"
"OPEX";"Taxes";"DE";"Excise Duty - Reduction Synthetic Diesel (E-Fuels)";"Tractor-Trailer";"PROG";"%";2050;"0.5";"Sensitivity | Removed policies except for bio/syn fuel mandates";"Diesel"
"OPEX";"Taxes";"ES";"Excise Duty - Reduction Synthetic Diesel (E-Fuels)";"Rigid";"BAU";"%";2050;"0.5";"Sensitivity | Removed policies except for bio/syn fuel mandates";"Diesel"
"OPEX";"Taxes";"ES";"Excise Duty - Reduction Synthetic Diesel (E-Fuels)";"Tractor-Trailer";"BAU";"%";2050;"0.5";"Sensitivity | Removed policies except for bio/syn fuel mandates";"Diesel"
"OPEX";"Taxes";"ES";"Excise Duty - Reduction Synthetic Diesel (E-Fuels)";"Rigid";"PROG";"%";2050;"0.5";"Sensitivity | Removed policies except for bio/syn fuel mandates";"Diesel"
"OPEX";"Taxes";"ES";"Excise Duty - Reduction Synthetic Diesel (E-Fuels)";"Tractor-Trailer";"PROG";"%";2050;"0.5";"Sensitivity | Removed policies except for bio/syn fuel mandates";"Diesel"
"OPEX";"Taxes";"FR";"Excise Duty - Reduction Synthetic Diesel (E-Fuels)";"Rigid";"BAU";"%";2050;"0.5";"Sensitivity | Removed policies except for bio/syn fuel mandates";"Diesel"
"OPEX";"Taxes";"FR";"Excise Duty - Reduction Synthetic Diesel (E-Fuels)";"Tractor-Trailer";"BAU";"%";2050;"0.5";"Sensitivity | Removed policies except for bio/syn fuel mandates";"Diesel"
"OPEX";"Taxes";"FR";"Excise Duty - Reduction Synthetic Diesel (E-Fuels)";"Rigid";"PROG";"%";2050;"0.5";"Sensitivity | Removed policies except for bio/syn fuel mandates";"Diesel"
"OPEX";"Taxes";"FR";"Excise Duty - Reduction Synthetic Diesel (E-Fuels)";"Tractor-Trailer";"PROG";"%";2050;"0.5";"Sensitivity | Removed policies except for bio/syn fuel mandates";"Diesel"
"OPEX";"Taxes";"IT";"Excise Duty - Reduction Synthetic Diesel (E-Fuels)";"Rigid";"BAU";"%";2050;"0.5";"Sensitivity | Removed policies except for bio/syn fuel mandates";"Diesel"
"OPEX";"Taxes";"IT";"Excise Duty - Reduction Synthetic Diesel (E-Fuels)";"Tractor-Trailer";"BAU";"%";2050;"0.5";"Sensitivity | Removed policies except for bio/syn fuel mandates";"Diesel"
"OPEX";"Taxes";"IT";"Excise Duty - Reduction Synthetic Diesel (E-Fuels)";"Rigid";"PROG";"%";2050;"0.5";"Sensitivity | Removed policies except for bio/syn fuel mandates";"Diesel"
"OPEX";"Taxes";"IT";"Excise Duty - Reduction Synthetic Diesel (E-Fuels)";"Tractor-Trailer";"PROG";"%";2050;"0.5";"Sensitivity | Removed policies except for bio/syn fuel mandates";"Diesel"
"OPEX";"Taxes";"NL";"Excise Duty - Reduction Synthetic Diesel (E-Fuels)";"Rigid";"BAU";"%";2050;"0.5";"Sensitivity | Removed policies except for bio/syn fuel mandates";"Diesel"
"OPEX";"Taxes";"NL";"Excise Duty - Reduction Synthetic Diesel (E-Fuels)";"Tractor-Trailer";"BAU";"%";2050;"0.5";"Sensitivity | Removed policies except for bio/syn fuel mandates";"Diesel"
"OPEX";"Taxes";"NL";"Excise Duty - Reduction Synthetic Diesel (E-Fuels)";"Rigid";"PROG";"%";2050;"0.5";"Sensitivity | Removed policies except for bio/syn fuel mandates";"Diesel"
"OPEX";"Taxes";"NL";"Excise Duty - Reduction Synthetic Diesel (E-Fuels)";"Tractor-Trailer";"PROG";"%";2050;"0.5";"Sensitivity | Removed policies except for bio/syn fuel mandates";"Diesel"
"OPEX";"Taxes";"PL";"Excise Duty - Reduction Synthetic Diesel (E-Fuels)";"Rigid";"BAU";"%";2050;"0.5";"Sensitivity | Removed policies except for bio/syn fuel mandates";"Diesel"
"OPEX";"Taxes";"PL";"Excise Duty - Reduction Synthetic Diesel (E-Fuels)";"Tractor-Trailer";"BAU";"%";2050;"0.5";"Sensitivity | Removed policies except for bio/syn fuel mandates";"Diesel"
"OPEX";"Taxes";"PL";"Excise Duty - Reduction Synthetic Diesel (E-Fuels)";"Rigid";"PROG";"%";2050;"0.5";"Sensitivity | Removed policies except for bio/syn fuel mandates";"Diesel"
"OPEX";"Taxes";"PL";"Excise Duty - Reduction Synthetic Diesel (E-Fuels)";"Tractor-Trailer";"PROG";"%";2050;"0.5";"Sensitivity | Removed policies except for bio/syn fuel mandates";"Diesel"
"OPEX";"Taxes";"UK";"Excise Duty - Reduction Synthetic Diesel (E-Fuels)";"Rigid";"BAU";"%";2050;"0.5";"Sensitivity | Removed policies except for bio/syn fuel mandates";"Diesel"
"OPEX";"Taxes";"UK";"Excise Duty - Reduction Synthetic Diesel (E-Fuels)";"Tractor-Trailer";"BAU";"%";2050;"0.5";"Sensitivity | Removed policies except for bio/syn fuel mandates";"Diesel"
"OPEX";"Taxes";"UK";"Excise Duty - Reduction Synthetic Diesel (E-Fuels)";"Rigid";"PROG";"%";2050;"0.5";"Sensitivity | Removed policies except for bio/syn fuel mandates";"Diesel"
"OPEX";"Taxes";"UK";"Excise Duty - Reduction Synthetic Diesel (E-Fuels)";"Tractor-Trailer";"PROG";"%";2050;"0.5";"Sensitivity | Removed policies except for bio/syn fuel mandates";"Diesel"
"OPEX";"Taxes";"DE";"Taxes, Fees, Levies and charges - H2";"Rigid";"BAU";"EUR/kWh";2050;"0.015";"Sensitivity | Removed policies except for bio/syn fuel mandates";"Hydrogen"
"OPEX";"Taxes";"DE";"Taxes, Fees, Levies and charges - H2";"Tractor-Trailer";"BAU";"EUR/kWh";2050;"0.015";"Sensitivity | Removed policies except for bio/syn fuel mandates";"Hydrogen"
"OPEX";"Taxes";"DE";"Taxes, Fees, Levies and charges - H2";"Rigid";"PROG";"EUR/kWh";2050;"0.015";"Sensitivity | Removed policies except for bio/syn fuel mandates";"Hydrogen"
"OPEX";"Taxes";"DE";"Taxes, Fees, Levies and charges - H2";"Tractor-Trailer";"PROG";"EUR/kWh";2050;"0.015";"Sensitivity | Removed policies except for bio/syn fuel mandates";"Hydrogen"
"OPEX";"Taxes";"ES";"Taxes, Fees, Levies and charges - H2";"Rigid";"BAU";"EUR/kWh";2050;"0.008";"Sensitivity | Removed policies except for bio/syn fuel mandates";"Hydrogen"
"OPEX";"Taxes";"ES";"Taxes, Fees, Levies and charges - H2";"Tractor-Trailer";"BAU";"EUR/kWh";2050;"0.008";"Sensitivity | Removed policies except for bio/syn fuel mandates";"Hydrogen"
"OPEX";"Taxes";"ES";"Taxes, Fees, Levies and charges - H2";"Rigid";"PROG";"EUR/kWh";2050;"0.008";"Sensitivity | Removed policies except for bio/syn fuel mandates";"Hydrogen"
"OPEX";"Taxes";"ES";"Taxes, Fees, Levies and charges - H2";"Tractor-Trailer";"PROG";"EUR/kWh";2050;"0.008";"Sensitivity | Removed policies except for bio/syn fuel mandates";"Hydrogen"
"OPEX";"Taxes";"FR";"Taxes, Fees, Levies and charges - H2";"Rigid";"BAU";"EUR/kWh";2050;"0.012";"Sensitivity | Removed policies except for bio/syn fuel mandates";"Hydrogen"
"OPEX";"Taxes";"FR";"Taxes, Fees, Levies and charges - H2";"Tractor-Trailer";"BAU";"EUR/kWh";2050;"0.012";"Sensitivity | Removed policies except for bio/syn fuel mandates";"Hydrogen"
"OPEX";"Taxes";"FR";"Taxes, Fees, Levies and charges - H2";"Rigid";"PROG";"EUR/kWh";2050;"0.012";"Sensitivity | Removed policies except for bio/syn fuel mandates";"Hydrogen"
"OPEX";"Taxes";"FR";"Taxes, Fees, Levies and charges - H2";"Tractor-Trailer";"PROG";"EUR/kWh";2050;"0.012";"Sensitivity | Removed policies except for bio/syn fuel mandates";"Hydrogen"
"OPEX";"Taxes";"IT";"Taxes, Fees, Levies and charges - H2";"Rigid";"BAU";"EUR/kWh";2050;"0.009";"Sensitivity | Removed policies except for bio/syn fuel mandates";"Hydrogen"
"OPEX";"Taxes";"IT";"Taxes, Fees, Levies and charges - H2";"Tractor-Trailer";"BAU";"EUR/kWh";2050;"0.009";"Sensitivity | Removed policies except for bio/syn fuel mandates";"Hydrogen"
"OPEX";"Taxes";"IT";"Taxes, Fees, Levies and charges - H2";"Rigid";"PROG";"EUR/kWh";2050;"0.009";"Sensitivity | Removed policies except for bio/syn fuel mandates";"Hydrogen"
"OPEX";"Taxes";"IT";"Taxes, Fees, Levies and charges - H2";"Tractor-Trailer";"PROG";"EUR/kWh";2050;"0.009";"Sensitivity | Removed policies except for bio/syn fuel mandates";"Hydrogen"
"OPEX";"Taxes";"NL";"Taxes, Fees, Levies and charges - H2";"Rigid";"BAU";"EUR/kWh";2050;"0.024";"Sensitivity | Removed policies except for bio/syn fuel mandates";"Hydrogen"
"OPEX";"Taxes";"NL";"Taxes, Fees, Levies and charges - H2";"Tractor-Trailer";"BAU";"EUR/kWh";2050;"0.024";"Sensitivity | Removed policies except for bio/syn fuel mandates";"Hydrogen"
"OPEX";"Taxes";"NL";"Taxes, Fees, Levies and charges - H2";"Rigid";"PROG";"EUR/kWh";2050;"0.024";"Sensitivity | Removed policies except for bio/syn fuel mandates";"Hydrogen"
"OPEX";"Taxes";"NL";"Taxes, Fees, Levies and charges - H2";"Tractor-Trailer";"PROG";"EUR/kWh";2050;"0.024";"Sensitivity | Removed policies except for bio/syn fuel mandates";"Hydrogen"
"OPEX";"Taxes";"PL";"Taxes, Fees, Levies and charges - H2";"Rigid";"BAU";"EUR/kWh";2050;"0.009";"Sensitivity | Removed policies except for bio/syn fuel mandates";"Hydrogen"
"OPEX";"Taxes";"PL";"Taxes, Fees, Levies and charges - H2";"Tractor-Trailer";"BAU";"EUR/kWh";2050;"0.009";"Sensitivity | Removed policies except for bio/syn fuel mandates";"Hydrogen"
"OPEX";"Taxes";"PL";"Taxes, Fees, Levies and charges - H2";"Rigid";"PROG";"EUR/kWh";2050;"0.009";"Sensitivity | Removed policies except for bio/syn fuel mandates";"Hydrogen"
"OPEX";"Taxes";"PL";"Taxes, Fees, Levies and charges - H2";"Tractor-Trailer";"PROG";"EUR/kWh";2050;"0.009";"Sensitivity | Removed policies except for bio/syn fuel mandates";"Hydrogen"
"OPEX";"Taxes";"UK";"Taxes, Fees, Levies and charges - H2";"Rigid";"BAU";"EUR/kWh";2050;"0.006";"Sensitivity | Removed policies except for bio/syn fuel mandates";"Hydrogen"
"OPEX";"Taxes";"UK";"Taxes, Fees, Levies and charges - H2";"Tractor-Trailer";"BAU";"EUR/kWh";2050;"0.006";"Sensitivity | Removed policies except for bio/syn fuel mandates";"Hydrogen"
"OPEX";"Taxes";"UK";"Taxes, Fees, Levies and charges - H2";"Rigid";"PROG";"EUR/kWh";2050;"0.006";"Sensitivity | Removed policies except for bio/syn fuel mandates";"Hydrogen"
"OPEX";"Taxes";"UK";"Taxes, Fees, Levies and charges - H2";"Tractor-Trailer";"PROG";"EUR/kWh";2050;"0.006";"Sensitivity | Removed policies except for bio/syn fuel mandates";"Hydrogen"
"OPEX";"Charging Infrastructure";"DE";"MCS grid extension";"Rigid";"PROG";"EUR/kWh";2050;"0.035";"Sensitivity | Removed policies except for bio/syn fuel mandates";"Electricity"
"OPEX";"Charging Infrastructure";"DE";"MCS grid extension";"Tractor-Trailer";"PROG";"EUR/kWh";2050;"0.035";"Sensitivity | Removed policies except for bio/syn fuel mandates";"Electricity"
"OPEX";"Charging Infrastructure";"DE";"MCS grid extension";"Rigid";"BAU";"EUR/kWh";2050;"0.035";"Sensitivity | Removed policies except for bio/syn fuel mandates";"Electricity"
"OPEX";"Charging Infrastructure";"DE";"MCS grid extension";"Tractor-Trailer";"BAU";"EUR/kWh";2050;"0.035";"Sensitivity | Removed policies except for bio/syn fuel mandates";"Electricity"
"OPEX";"Charging Infrastructure";"ES";"MCS grid extension";"Rigid";"PROG";"EUR/kWh";2050;"0.035";"Sensitivity | Removed policies except for bio/syn fuel mandates";"Electricity"
"OPEX";"Charging Infrastructure";"ES";"MCS grid extension";"Tractor-Trailer";"PROG";"EUR/kWh";2050;"0.035";"Sensitivity | Removed policies except for bio/syn fuel mandates";"Electricity"
"OPEX";"Charging Infrastructure";"ES";"MCS grid extension";"Rigid";"BAU";"EUR/kWh";2050;"0.035";"Sensitivity | Removed policies except for bio/syn fuel mandates";"Electricity"
"OPEX";"Charging Infrastructure";"ES";"MCS grid extension";"Tractor-Trailer";"BAU";"EUR/kWh";2050;"0.035";"Sensitivity | Removed policies except for bio/syn fuel mandates";"Electricity"
"OPEX";"Charging Infrastructure";"FR";"MCS grid extension";"Rigid";"PROG";"EUR/kWh";2050;"0.035";"Sensitivity | Removed policies except for bio/syn fuel mandates";"Electricity"
"OPEX";"Charging Infrastructure";"FR";"MCS grid extension";"Tractor-Trailer";"PROG";"EUR/kWh";2050;"0.035";"Sensitivity | Removed policies except for bio/syn fuel mandates";"Electricity"
"OPEX";"Charging Infrastructure";"FR";"MCS grid extension";"Rigid";"BAU";"EUR/kWh";2050;"0.035";"Sensitivity | Removed policies except for bio/syn fuel mandates";"Electricity"
"OPEX";"Charging Infrastructure";"FR";"MCS grid extension";"Tractor-Trailer";"BAU";"EUR/kWh";2050;"0.035";"Sensitivity | Removed policies except for bio/syn fuel mandates";"Electricity"
"OPEX";"Charging Infrastructure";"IT";"MCS grid extension";"Rigid";"PROG";"EUR/kWh";2050;"0.035";"Sensitivity | Removed policies except for bio/syn fuel mandates";"Electricity"
"OPEX";"Charging Infrastructure";"IT";"MCS grid extension";"Tractor-Trailer";"PROG";"EUR/kWh";2050;"0.035";"Sensitivity | Removed policies except for bio/syn fuel mandates";"Electricity"
"OPEX";"Charging Infrastructure";"IT";"MCS grid extension";"Rigid";"BAU";"EUR/kWh";2050;"0.035";"Sensitivity | Removed policies except for bio/syn fuel mandates";"Electricity"
"OPEX";"Charging Infrastructure";"IT";"MCS grid extension";"Tractor-Trailer";"BAU";"EUR/kWh";2050;"0.035";"Sensitivity | Removed policies except for bio/syn fuel mandates";"Electricity"
"OPEX";"Charging Infrastructure";"NL";"MCS grid extension";"Rigid";"PROG";"EUR/kWh";2050;"0.035";"Sensitivity | Removed policies except for bio/syn fuel mandates";"Electricity"
"OPEX";"Charging Infrastructure";"NL";"MCS grid extension";"Tractor-Trailer";"PROG";"EUR/kWh";2050;"0.035";"Sensitivity | Removed policies except for bio/syn fuel mandates";"Electricity"
"OPEX";"Charging Infrastructure";"NL";"MCS grid extension";"Rigid";"BAU";"EUR/kWh";2050;"0.035";"Sensitivity | Removed policies except for bio/syn fuel mandates";"Electricity"
"OPEX";"Charging Infrastructure";"NL";"MCS grid extension";"Tractor-Trailer";"BAU";"EUR/kWh";2050;"0.035";"Sensitivity | Removed policies except for bio/syn fuel mandates";"Electricity"
"OPEX";"Charging Infrastructure";"PL";"MCS grid extension";"Rigid";"PROG";"EUR/kWh";2050;"0.035";"Sensitivity | Removed policies except for bio/syn fuel mandates";"Electricity"
"OPEX";"Charging Infrastructure";"PL";"MCS grid extension";"Tractor-Trailer";"PROG";"EUR/kWh";2050;"0.035";"Sensitivity | Removed policies except for bio/syn fuel mandates";"Electricity"
"OPEX";"Charging Infrastructure";"PL";"MCS grid extension";"Rigid";"BAU";"EUR/kWh";2050;"0.035";"Sensitivity | Removed policies except for bio/syn fuel mandates";"Electricity"
"OPEX";"Charging Infrastructure";"PL";"MCS grid extension";"Tractor-Trailer";"BAU";"EUR/kWh";2050;"0.035";"Sensitivity | Removed policies except for bio/syn fuel mandates";"Electricity"
"OPEX";"Charging Infrastructure";"UK";"MCS grid extension";"Rigid";"PROG";"EUR/kWh";2050;"0.035";"Sensitivity | Removed policies except for bio/syn fuel mandates";"Electricity"
"OPEX";"Charging Infrastructure";"UK";"MCS grid extension";"Tractor-Trailer";"PROG";"EUR/kWh";2050;"0.035";"Sensitivity | Removed policies except for bio/syn fuel mandates";"Electricity"
"OPEX";"Charging Infrastructure";"UK";"MCS grid extension";"Rigid";"BAU";"EUR/kWh";2050;"0.035";"Sensitivity | Removed policies except for bio/syn fuel mandates";"Electricity"
"OPEX";"Charging Infrastructure";"UK";"MCS grid extension";"Tractor-Trailer";"BAU";"EUR/kWh";2050;"0.035";"Sensitivity | Removed policies except for bio/syn fuel mandates";"Electricity"
"OPEX";"Charging Infrastructure";"DE";"MCS Profit and Mark-Up";"Rigid";"PROG";"%";2050;"0.1";"Sensitivity | Removed policies except for bio/syn fuel mandates";"Electricity"
"OPEX";"Charging Infrastructure";"DE";"MCS Profit and Mark-Up";"Tractor-Trailer";"PROG";"%";2050;"0.1";"Sensitivity | Removed policies except for bio/syn fuel mandates";"Electricity"
"OPEX";"Charging Infrastructure";"DE";"MCS Profit and Mark-Up";"Rigid";"BAU";"%";2050;"0.1";"Sensitivity | Removed policies except for bio/syn fuel mandates";"Electricity"
"OPEX";"Charging Infrastructure";"DE";"MCS Profit and Mark-Up";"Tractor-Trailer";"BAU";"%";2050;"0.1";"Sensitivity | Removed policies except for bio/syn fuel mandates";"Electricity"
"OPEX";"Charging Infrastructure";"ES";"MCS Profit and Mark-Up";"Rigid";"PROG";"%";2050;"0.1";"Sensitivity | Removed policies except for bio/syn fuel mandates";"Electricity"
"OPEX";"Charging Infrastructure";"ES";"MCS Profit and Mark-Up";"Tractor-Trailer";"PROG";"%";2050;"0.1";"Sensitivity | Removed policies except for bio/syn fuel mandates";"Electricity"
"OPEX";"Charging Infrastructure";"ES";"MCS Profit and Mark-Up";"Rigid";"BAU";"%";2050;"0.1";"Sensitivity | Removed policies except for bio/syn fuel mandates";"Electricity"
"OPEX";"Charging Infrastructure";"ES";"MCS Profit and Mark-Up";"Tractor-Trailer";"BAU";"%";2050;"0.1";"Sensitivity | Removed policies except for bio/syn fuel mandates";"Electricity"
"OPEX";"Charging Infrastructure";"FR";"MCS Profit and Mark-Up";"Rigid";"PROG";"%";2050;"0.1";"Sensitivity | Removed policies except for bio/syn fuel mandates";"Electricity"
"OPEX";"Charging Infrastructure";"FR";"MCS Profit and Mark-Up";"Tractor-Trailer";"PROG";"%";2050;"0.1";"Sensitivity | Removed policies except for bio/syn fuel mandates";"Electricity"
"OPEX";"Charging Infrastructure";"FR";"MCS Profit and Mark-Up";"Rigid";"BAU";"%";2050;"0.1";"Sensitivity | Removed policies except for bio/syn fuel mandates";"Electricity"
"OPEX";"Charging Infrastructure";"FR";"MCS Profit and Mark-Up";"Tractor-Trailer";"BAU";"%";2050;"0.1";"Sensitivity | Removed policies except for bio/syn fuel mandates";"Electricity"
"OPEX";"Charging Infrastructure";"IT";"MCS Profit and Mark-Up";"Rigid";"PROG";"%";2050;"0.1";"Sensitivity | Removed policies except for bio/syn fuel mandates";"Electricity"
"OPEX";"Charging Infrastructure";"IT";"MCS Profit and Mark-Up";"Tractor-Trailer";"PROG";"%";2050;"0.1";"Sensitivity | Removed policies except for bio/syn fuel mandates";"Electricity"
"OPEX";"Charging Infrastructure";"IT";"MCS Profit and Mark-Up";"Rigid";"BAU";"%";2050;"0.1";"Sensitivity | Removed policies except for bio/syn fuel mandates";"Electricity"
"OPEX";"Charging Infrastructure";"IT";"MCS Profit and Mark-Up";"Tractor-Trailer";"BAU";"%";2050;"0.1";"Sensitivity | Removed policies except for bio/syn fuel mandates";"Electricity"
"OPEX";"Charging Infrastructure";"NL";"MCS Profit and Mark-Up";"Rigid";"PROG";"%";2050;"0.1";"Sensitivity | Removed policies except for bio/syn fuel mandates";"Electricity"
"OPEX";"Charging Infrastructure";"NL";"MCS Profit and Mark-Up";"Tractor-Trailer";"PROG";"%";2050;"0.1";"Sensitivity | Removed policies except for bio/syn fuel mandates";"Electricity"
"OPEX";"Charging Infrastructure";"NL";"MCS Profit and Mark-Up";"Rigid";"BAU";"%";2050;"0.1";"Sensitivity | Removed policies except for bio/syn fuel mandates";"Electricity"
"OPEX";"Charging Infrastructure";"NL";"MCS Profit and Mark-Up";"Tractor-Trailer";"BAU";"%";2050;"0.1";"Sensitivity | Removed policies except for bio/syn fuel mandates";"Electricity"
"OPEX";"Charging Infrastructure";"PL";"MCS Profit and Mark-Up";"Rigid";"PROG";"%";2050;"0.1";"Sensitivity | Removed policies except for bio/syn fuel mandates";"Electricity"
"OPEX";"Charging Infrastructure";"PL";"MCS Profit and Mark-Up";"Tractor-Trailer";"PROG";"%";2050;"0.1";"Sensitivity | Removed policies except for bio/syn fuel mandates";"Electricity"
"OPEX";"Charging Infrastructure";"PL";"MCS Profit and Mark-Up";"Rigid";"BAU";"%";2050;"0.1";"Sensitivity | Removed policies except for bio/syn fuel mandates";"Electricity"
"OPEX";"Charging Infrastructure";"PL";"MCS Profit and Mark-Up";"Tractor-Trailer";"BAU";"%";2050;"0.1";"Sensitivity | Removed policies except for bio/syn fuel mandates";"Electricity"
"OPEX";"Charging Infrastructure";"UK";"MCS Profit and Mark-Up";"Rigid";"PROG";"%";2050;"0.1";"Sensitivity | Removed policies except for bio/syn fuel mandates";"Electricity"
"OPEX";"Charging Infrastructure";"UK";"MCS Profit and Mark-Up";"Tractor-Trailer";"PROG";"%";2050;"0.1";"Sensitivity | Removed policies except for bio/syn fuel mandates";"Electricity"
"OPEX";"Charging Infrastructure";"UK";"MCS Profit and Mark-Up";"Rigid";"BAU";"%";2050;"0.1";"Sensitivity | Removed policies except for bio/syn fuel mandates";"Electricity"
"OPEX";"Charging Infrastructure";"UK";"MCS Profit and Mark-Up";"Tractor-Trailer";"BAU";"%";2050;"0.1";"Sensitivity | Removed policies except for bio/syn fuel mandates";"Electricity"
"OPEX";"Charging Infrastructure";"DE";"CCS Station (Depot) - Incl. Overhead";"Rigid";"PROG";"EUR/kWh";2050;"0.019";"Sensitivity | Removed policies except for bio/syn fuel mandates";"Electricity"
"OPEX";"Charging Infrastructure";"DE";"CCS Station (Depot) - Incl. Overhead";"Tractor-Trailer";"PROG";"EUR/kWh";2050;"0.019";"Sensitivity | Removed policies except for bio/syn fuel mandates";"Electricity"
"OPEX";"Charging Infrastructure";"DE";"CCS Station (Depot) - Incl. Overhead";"Rigid";"BAU";"EUR/kWh";2050;"0.019";"Sensitivity | Removed policies except for bio/syn fuel mandates";"Electricity"
"OPEX";"Charging Infrastructure";"DE";"CCS Station (Depot) - Incl. Overhead";"Tractor-Trailer";"BAU";"EUR/kWh";2050;"0.019";"Sensitivity | Removed policies except for bio/syn fuel mandates";"Electricity"
"OPEX";"Charging Infrastructure";"ES";"CCS Station (Depot) - Incl. Overhead";"Rigid";"PROG";"EUR/kWh";2050;"0.019";"Sensitivity | Removed policies except for bio/syn fuel mandates";"Electricity"
"OPEX";"Charging Infrastructure";"ES";"CCS Station (Depot) - Incl. Overhead";"Tractor-Trailer";"PROG";"EUR/kWh";2050;"0.019";"Sensitivity | Removed policies except for bio/syn fuel mandates";"Electricity"
"OPEX";"Charging Infrastructure";"ES";"CCS Station (Depot) - Incl. Overhead";"Rigid";"BAU";"EUR/kWh";2050;"0.019";"Sensitivity | Removed policies except for bio/syn fuel mandates";"Electricity"
"OPEX";"Charging Infrastructure";"ES";"CCS Station (Depot) - Incl. Overhead";"Tractor-Trailer";"BAU";"EUR/kWh";2050;"0.019";"Sensitivity | Removed policies except for bio/syn fuel mandates";"Electricity"
"OPEX";"Charging Infrastructure";"FR";"CCS Station (Depot) - Incl. Overhead";"Rigid";"PROG";"EUR/kWh";2050;"0.019";"Sensitivity | Removed policies except for bio/syn fuel mandates";"Electricity"
"OPEX";"Charging Infrastructure";"FR";"CCS Station (Depot) - Incl. Overhead";"Tractor-Trailer";"PROG";"EUR/kWh";2050;"0.019";"Sensitivity | Removed policies except for bio/syn fuel mandates";"Electricity"
"OPEX";"Charging Infrastructure";"FR";"CCS Station (Depot) - Incl. Overhead";"Rigid";"BAU";"EUR/kWh";2050;"0.019";"Sensitivity | Removed policies except for bio/syn fuel mandates";"Electricity"
"OPEX";"Charging Infrastructure";"FR";"CCS Station (Depot) - Incl. Overhead";"Tractor-Trailer";"BAU";"EUR/kWh";2050;"0.019";"Sensitivity | Removed policies except for bio/syn fuel mandates";"Electricity"
"OPEX";"Charging Infrastructure";"IT";"CCS Station (Depot) - Incl. Overhead";"Rigid";"PROG";"EUR/kWh";2050;"0.019";"Sensitivity | Removed policies except for bio/syn fuel mandates";"Electricity"
"OPEX";"Charging Infrastructure";"IT";"CCS Station (Depot) - Incl. Overhead";"Tractor-Trailer";"PROG";"EUR/kWh";2050;"0.019";"Sensitivity | Removed policies except for bio/syn fuel mandates";"Electricity"
"OPEX";"Charging Infrastructure";"IT";"CCS Station (Depot) - Incl. Overhead";"Rigid";"BAU";"EUR/kWh";2050;"0.019";"Sensitivity | Removed policies except for bio/syn fuel mandates";"Electricity"
"OPEX";"Charging Infrastructure";"IT";"CCS Station (Depot) - Incl. Overhead";"Tractor-Trailer";"BAU";"EUR/kWh";2050;"0.019";"Sensitivity | Removed policies except for bio/syn fuel mandates";"Electricity"
"OPEX";"Charging Infrastructure";"NL";"CCS Station (Depot) - Incl. Overhead";"Rigid";"PROG";"EUR/kWh";2050;"0.019";"Sensitivity | Removed policies except for bio/syn fuel mandates";"Electricity"
"OPEX";"Charging Infrastructure";"NL";"CCS Station (Depot) - Incl. Overhead";"Tractor-Trailer";"PROG";"EUR/kWh";2050;"0.019";"Sensitivity | Removed policies except for bio/syn fuel mandates";"Electricity"
"OPEX";"Charging Infrastructure";"NL";"CCS Station (Depot) - Incl. Overhead";"Rigid";"BAU";"EUR/kWh";2050;"0.019";"Sensitivity | Removed policies except for bio/syn fuel mandates";"Electricity"
"OPEX";"Charging Infrastructure";"NL";"CCS Station (Depot) - Incl. Overhead";"Tractor-Trailer";"BAU";"EUR/kWh";2050;"0.019";"Sensitivity | Removed policies except for bio/syn fuel mandates";"Electricity"
"OPEX";"Charging Infrastructure";"PL";"CCS Station (Depot) - Incl. Overhead";"Rigid";"PROG";"EUR/kWh";2050;"0.019";"Sensitivity | Removed policies except for bio/syn fuel mandates";"Electricity"
"OPEX";"Charging Infrastructure";"PL";"CCS Station (Depot) - Incl. Overhead";"Tractor-Trailer";"PROG";"EUR/kWh";2050;"0.019";"Sensitivity | Removed policies except for bio/syn fuel mandates";"Electricity"
"OPEX";"Charging Infrastructure";"PL";"CCS Station (Depot) - Incl. Overhead";"Rigid";"BAU";"EUR/kWh";2050;"0.019";"Sensitivity | Removed policies except for bio/syn fuel mandates";"Electricity"
"OPEX";"Charging Infrastructure";"PL";"CCS Station (Depot) - Incl. Overhead";"Tractor-Trailer";"BAU";"EUR/kWh";2050;"0.019";"Sensitivity | Removed policies except for bio/syn fuel mandates";"Electricity"
"OPEX";"Charging Infrastructure";"UK";"CCS Station (Depot) - Incl. Overhead";"Rigid";"PROG";"EUR/kWh";2050;"0.019";"Sensitivity | Removed policies except for bio/syn fuel mandates";"Electricity"
"OPEX";"Charging Infrastructure";"UK";"CCS Station (Depot) - Incl. Overhead";"Tractor-Trailer";"PROG";"EUR/kWh";2050;"0.019";"Sensitivity | Removed policies except for bio/syn fuel mandates";"Electricity"
"OPEX";"Charging Infrastructure";"UK";"CCS Station (Depot) - Incl. Overhead";"Rigid";"BAU";"EUR/kWh";2050;"0.019";"Sensitivity | Removed policies except for bio/syn fuel mandates";"Electricity"
"OPEX";"Charging Infrastructure";"UK";"CCS Station (Depot) - Incl. Overhead";"Tractor-Trailer";"BAU";"EUR/kWh";2050;"0.019";"Sensitivity | Removed policies except for bio/syn fuel mandates";"Electricity"
"OPEX";"Charging Infrastructure";"DE";"CCS grid extension";"Rigid";"PROG";"EUR/kWh";2050;"0.045";"Sensitivity | Removed policies except for bio/syn fuel mandates";"Electricity"
"OPEX";"Charging Infrastructure";"DE";"CCS grid extension";"Tractor-Trailer";"PROG";"EUR/kWh";2050;"0.045";"Sensitivity | Removed policies except for bio/syn fuel mandates";"Electricity"
"OPEX";"Charging Infrastructure";"DE";"CCS grid extension";"Rigid";"BAU";"EUR/kWh";2050;"0.045";"Sensitivity | Removed policies except for bio/syn fuel mandates";"Electricity"
"OPEX";"Charging Infrastructure";"DE";"CCS grid extension";"Tractor-Trailer";"BAU";"EUR/kWh";2050;"0.045";"Sensitivity | Removed policies except for bio/syn fuel mandates";"Electricity"
"OPEX";"Charging Infrastructure";"ES";"CCS grid extension";"Rigid";"PROG";"EUR/kWh";2050;"0.045";"Sensitivity | Removed policies except for bio/syn fuel mandates";"Electricity"
"OPEX";"Charging Infrastructure";"ES";"CCS grid extension";"Tractor-Trailer";"PROG";"EUR/kWh";2050;"0.045";"Sensitivity | Removed policies except for bio/syn fuel mandates";"Electricity"
"OPEX";"Charging Infrastructure";"ES";"CCS grid extension";"Rigid";"BAU";"EUR/kWh";2050;"0.045";"Sensitivity | Removed policies except for bio/syn fuel mandates";"Electricity"
"OPEX";"Charging Infrastructure";"ES";"CCS grid extension";"Tractor-Trailer";"BAU";"EUR/kWh";2050;"0.045";"Sensitivity | Removed policies except for bio/syn fuel mandates";"Electricity"
"OPEX";"Charging Infrastructure";"FR";"CCS grid extension";"Rigid";"PROG";"EUR/kWh";2050;"0.045";"Sensitivity | Removed policies except for bio/syn fuel mandates";"Electricity"
"OPEX";"Charging Infrastructure";"FR";"CCS grid extension";"Tractor-Trailer";"PROG";"EUR/kWh";2050;"0.045";"Sensitivity | Removed policies except for bio/syn fuel mandates";"Electricity"
"OPEX";"Charging Infrastructure";"FR";"CCS grid extension";"Rigid";"BAU";"EUR/kWh";2050;"0.045";"Sensitivity | Removed policies except for bio/syn fuel mandates";"Electricity"
"OPEX";"Charging Infrastructure";"FR";"CCS grid extension";"Tractor-Trailer";"BAU";"EUR/kWh";2050;"0.045";"Sensitivity | Removed policies except for bio/syn fuel mandates";"Electricity"
"OPEX";"Charging Infrastructure";"IT";"CCS grid extension";"Rigid";"PROG";"EUR/kWh";2050;"0.045";"Sensitivity | Removed policies except for bio/syn fuel mandates";"Electricity"
"OPEX";"Charging Infrastructure";"IT";"CCS grid extension";"Tractor-Trailer";"PROG";"EUR/kWh";2050;"0.045";"Sensitivity | Removed policies except for bio/syn fuel mandates";"Electricity"
"OPEX";"Charging Infrastructure";"IT";"CCS grid extension";"Rigid";"BAU";"EUR/kWh";2050;"0.045";"Sensitivity | Removed policies except for bio/syn fuel mandates";"Electricity"
"OPEX";"Charging Infrastructure";"IT";"CCS grid extension";"Tractor-Trailer";"BAU";"EUR/kWh";2050;"0.045";"Sensitivity | Removed policies except for bio/syn fuel mandates";"Electricity"
"OPEX";"Charging Infrastructure";"NL";"CCS grid extension";"Rigid";"PROG";"EUR/kWh";2050;"0.045";"Sensitivity | Removed policies except for bio/syn fuel mandates";"Electricity"
"OPEX";"Charging Infrastructure";"NL";"CCS grid extension";"Tractor-Trailer";"PROG";"EUR/kWh";2050;"0.045";"Sensitivity | Removed policies except for bio/syn fuel mandates";"Electricity"
"OPEX";"Charging Infrastructure";"NL";"CCS grid extension";"Rigid";"BAU";"EUR/kWh";2050;"0.045";"Sensitivity | Removed policies except for bio/syn fuel mandates";"Electricity"
"OPEX";"Charging Infrastructure";"NL";"CCS grid extension";"Tractor-Trailer";"BAU";"EUR/kWh";2050;"0.045";"Sensitivity | Removed policies except for bio/syn fuel mandates";"Electricity"
"OPEX";"Charging Infrastructure";"PL";"CCS grid extension";"Rigid";"PROG";"EUR/kWh";2050;"0.045";"Sensitivity | Removed policies except for bio/syn fuel mandates";"Electricity"
"OPEX";"Charging Infrastructure";"PL";"CCS grid extension";"Tractor-Trailer";"PROG";"EUR/kWh";2050;"0.045";"Sensitivity | Removed policies except for bio/syn fuel mandates";"Electricity"
"OPEX";"Charging Infrastructure";"PL";"CCS grid extension";"Rigid";"BAU";"EUR/kWh";2050;"0.045";"Sensitivity | Removed policies except for bio/syn fuel mandates";"Electricity"
"OPEX";"Charging Infrastructure";"PL";"CCS grid extension";"Tractor-Trailer";"BAU";"EUR/kWh";2050;"0.045";"Sensitivity | Removed policies except for bio/syn fuel mandates";"Electricity"
"OPEX";"Charging Infrastructure";"UK";"CCS grid extension";"Rigid";"PROG";"EUR/kWh";2050;"0.045";"Sensitivity | Removed policies except for bio/syn fuel mandates";"Electricity"
"OPEX";"Charging Infrastructure";"UK";"CCS grid extension";"Tractor-Trailer";"PROG";"EUR/kWh";2050;"0.045";"Sensitivity | Removed policies except for bio/syn fuel mandates";"Electricity"
"OPEX";"Charging Infrastructure";"UK";"CCS grid extension";"Rigid";"BAU";"EUR/kWh";2050;"0.045";"Sensitivity | Removed policies except for bio/syn fuel mandates";"Electricity"
"OPEX";"Charging Infrastructure";"UK";"CCS grid extension";"Tractor-Trailer";"BAU";"EUR/kWh";2050;"0.045";"Sensitivity | Removed policies except for bio/syn fuel mandates";"Electricity"
"OPEX";"Diesel Infrastructure";"DE";"Total Diesel Mark-Up";"Rigid";"BAU";"EUR/kWh";2050;"0.018";"Sensitivity | Removed policies except for bio/syn fuel mandates";"Diesel"
"OPEX";"Diesel Infrastructure";"DE";"Total Diesel Mark-Up";"Tractor-Trailer";"BAU";"EUR/kWh";2050;"0.018";"Sensitivity | Removed policies except for bio/syn fuel mandates";"Diesel"
"OPEX";"Diesel Infrastructure";"DE";"Total Diesel Mark-Up";"Rigid";"PROG";"EUR/kWh";2050;"0.018";"Sensitivity | Removed policies except for bio/syn fuel mandates";"Diesel"
"OPEX";"Diesel Infrastructure";"DE";"Total Diesel Mark-Up";"Tractor-Trailer";"PROG";"EUR/kWh";2050;"0.018";"Sensitivity | Removed policies except for bio/syn fuel mandates";"Diesel"
"OPEX";"Diesel Infrastructure";"ES";"Total Diesel Mark-Up";"Rigid";"BAU";"EUR/kWh";2050;"0.018";"Sensitivity | Removed policies except for bio/syn fuel mandates";"Diesel"
"OPEX";"Diesel Infrastructure";"ES";"Total Diesel Mark-Up";"Tractor-Trailer";"BAU";"EUR/kWh";2050;"0.018";"Sensitivity | Removed policies except for bio/syn fuel mandates";"Diesel"
"OPEX";"Diesel Infrastructure";"ES";"Total Diesel Mark-Up";"Rigid";"PROG";"EUR/kWh";2050;"0.018";"Sensitivity | Removed policies except for bio/syn fuel mandates";"Diesel"
"OPEX";"Diesel Infrastructure";"ES";"Total Diesel Mark-Up";"Tractor-Trailer";"PROG";"EUR/kWh";2050;"0.018";"Sensitivity | Removed policies except for bio/syn fuel mandates";"Diesel"
"OPEX";"Diesel Infrastructure";"FR";"Total Diesel Mark-Up";"Rigid";"BAU";"EUR/kWh";2050;"0.018";"Sensitivity | Removed policies except for bio/syn fuel mandates";"Diesel"
"OPEX";"Diesel Infrastructure";"FR";"Total Diesel Mark-Up";"Tractor-Trailer";"BAU";"EUR/kWh";2050;"0.018";"Sensitivity | Removed policies except for bio/syn fuel mandates";"Diesel"
"OPEX";"Diesel Infrastructure";"FR";"Total Diesel Mark-Up";"Rigid";"PROG";"EUR/kWh";2050;"0.018";"Sensitivity | Removed policies except for bio/syn fuel mandates";"Diesel"
"OPEX";"Diesel Infrastructure";"FR";"Total Diesel Mark-Up";"Tractor-Trailer";"PROG";"EUR/kWh";2050;"0.018";"Sensitivity | Removed policies except for bio/syn fuel mandates";"Diesel"
"OPEX";"Diesel Infrastructure";"IT";"Total Diesel Mark-Up";"Rigid";"BAU";"EUR/kWh";2050;"0.018";"Sensitivity | Removed policies except for bio/syn fuel mandates";"Diesel"
"OPEX";"Diesel Infrastructure";"IT";"Total Diesel Mark-Up";"Tractor-Trailer";"BAU";"EUR/kWh";2050;"0.018";"Sensitivity | Removed policies except for bio/syn fuel mandates";"Diesel"
"OPEX";"Diesel Infrastructure";"IT";"Total Diesel Mark-Up";"Rigid";"PROG";"EUR/kWh";2050;"0.018";"Sensitivity | Removed policies except for bio/syn fuel mandates";"Diesel"
"OPEX";"Diesel Infrastructure";"IT";"Total Diesel Mark-Up";"Tractor-Trailer";"PROG";"EUR/kWh";2050;"0.018";"Sensitivity | Removed policies except for bio/syn fuel mandates";"Diesel"
"OPEX";"Diesel Infrastructure";"NL";"Total Diesel Mark-Up";"Rigid";"BAU";"EUR/kWh";2050;"0.018";"Sensitivity | Removed policies except for bio/syn fuel mandates";"Diesel"
"OPEX";"Diesel Infrastructure";"NL";"Total Diesel Mark-Up";"Tractor-Trailer";"BAU";"EUR/kWh";2050;"0.018";"Sensitivity | Removed policies except for bio/syn fuel mandates";"Diesel"
"OPEX";"Diesel Infrastructure";"NL";"Total Diesel Mark-Up";"Rigid";"PROG";"EUR/kWh";2050;"0.018";"Sensitivity | Removed policies except for bio/syn fuel mandates";"Diesel"
"OPEX";"Diesel Infrastructure";"NL";"Total Diesel Mark-Up";"Tractor-Trailer";"PROG";"EUR/kWh";2050;"0.018";"Sensitivity | Removed policies except for bio/syn fuel mandates";"Diesel"
"OPEX";"Diesel Infrastructure";"PL";"Total Diesel Mark-Up";"Rigid";"BAU";"EUR/kWh";2050;"0.018";"Sensitivity | Removed policies except for bio/syn fuel mandates";"Diesel"
"OPEX";"Diesel Infrastructure";"PL";"Total Diesel Mark-Up";"Tractor-Trailer";"BAU";"EUR/kWh";2050;"0.018";"Sensitivity | Removed policies except for bio/syn fuel mandates";"Diesel"
"OPEX";"Diesel Infrastructure";"PL";"Total Diesel Mark-Up";"Rigid";"PROG";"EUR/kWh";2050;"0.018";"Sensitivity | Removed policies except for bio/syn fuel mandates";"Diesel"
"OPEX";"Diesel Infrastructure";"PL";"Total Diesel Mark-Up";"Tractor-Trailer";"PROG";"EUR/kWh";2050;"0.018";"Sensitivity | Removed policies except for bio/syn fuel mandates";"Diesel"
"OPEX";"Diesel Infrastructure";"UK";"Total Diesel Mark-Up";"Rigid";"BAU";"EUR/kWh";2050;"0.018";"Sensitivity | Removed policies except for bio/syn fuel mandates";"Diesel"
"OPEX";"Diesel Infrastructure";"UK";"Total Diesel Mark-Up";"Tractor-Trailer";"BAU";"EUR/kWh";2050;"0.018";"Sensitivity | Removed policies except for bio/syn fuel mandates";"Diesel"
"OPEX";"Diesel Infrastructure";"UK";"Total Diesel Mark-Up";"Rigid";"PROG";"EUR/kWh";2050;"0.018";"Sensitivity | Removed policies except for bio/syn fuel mandates";"Diesel"
"OPEX";"Diesel Infrastructure";"UK";"Total Diesel Mark-Up";"Tractor-Trailer";"PROG";"EUR/kWh";2050;"0.018";"Sensitivity | Removed policies except for bio/syn fuel mandates";"Diesel"
"OPEX";"Diesel Infrastructure";"DE";"CO2 emission factor Biodiesel";"Rigid";"BAU";"%";2050;"0.152";"Sensitivity | Removed policies except for bio/syn fuel mandates";"Diesel"
"OPEX";"Diesel Infrastructure";"DE";"CO2 emission factor Biodiesel";"Tractor-Trailer";"BAU";"%";2050;"0.152";"Sensitivity | Removed policies except for bio/syn fuel mandates";"Diesel"
"OPEX";"Diesel Infrastructure";"DE";"CO2 emission factor Biodiesel";"Rigid";"PROG";"%";2050;"0.152";"Sensitivity | Removed policies except for bio/syn fuel mandates";"Diesel"
"OPEX";"Diesel Infrastructure";"DE";"CO2 emission factor Biodiesel";"Tractor-Trailer";"PROG";"%";2050;"0.152";"Sensitivity | Removed policies except for bio/syn fuel mandates";"Diesel"
"OPEX";"Diesel Infrastructure";"ES";"CO2 emission factor Biodiesel";"Rigid";"BAU";"%";2050;"0.152";"Sensitivity | Removed policies except for bio/syn fuel mandates";"Diesel"
"OPEX";"Diesel Infrastructure";"ES";"CO2 emission factor Biodiesel";"Tractor-Trailer";"BAU";"%";2050;"0.152";"Sensitivity | Removed policies except for bio/syn fuel mandates";"Diesel"
"OPEX";"Diesel Infrastructure";"ES";"CO2 emission factor Biodiesel";"Rigid";"PROG";"%";2050;"0.152";"Sensitivity | Removed policies except for bio/syn fuel mandates";"Diesel"
"OPEX";"Diesel Infrastructure";"ES";"CO2 emission factor Biodiesel";"Tractor-Trailer";"PROG";"%";2050;"0.152";"Sensitivity | Removed policies except for bio/syn fuel mandates";"Diesel"
"OPEX";"Diesel Infrastructure";"FR";"CO2 emission factor Biodiesel";"Rigid";"BAU";"%";2050;"0.152";"Sensitivity | Removed policies except for bio/syn fuel mandates";"Diesel"
"OPEX";"Diesel Infrastructure";"FR";"CO2 emission factor Biodiesel";"Tractor-Trailer";"BAU";"%";2050;"0.152";"Sensitivity | Removed policies except for bio/syn fuel mandates";"Diesel"
"OPEX";"Diesel Infrastructure";"FR";"CO2 emission factor Biodiesel";"Rigid";"PROG";"%";2050;"0.152";"Sensitivity | Removed policies except for bio/syn fuel mandates";"Diesel"
"OPEX";"Diesel Infrastructure";"FR";"CO2 emission factor Biodiesel";"Tractor-Trailer";"PROG";"%";2050;"0.152";"Sensitivity | Removed policies except for bio/syn fuel mandates";"Diesel"
"OPEX";"Diesel Infrastructure";"IT";"CO2 emission factor Biodiesel";"Rigid";"BAU";"%";2050;"0.152";"Sensitivity | Removed policies except for bio/syn fuel mandates";"Diesel"
"OPEX";"Diesel Infrastructure";"IT";"CO2 emission factor Biodiesel";"Tractor-Trailer";"BAU";"%";2050;"0.152";"Sensitivity | Removed policies except for bio/syn fuel mandates";"Diesel"
"OPEX";"Diesel Infrastructure";"IT";"CO2 emission factor Biodiesel";"Rigid";"PROG";"%";2050;"0.152";"Sensitivity | Removed policies except for bio/syn fuel mandates";"Diesel"
"OPEX";"Diesel Infrastructure";"IT";"CO2 emission factor Biodiesel";"Tractor-Trailer";"PROG";"%";2050;"0.152";"Sensitivity | Removed policies except for bio/syn fuel mandates";"Diesel"
"OPEX";"Diesel Infrastructure";"NL";"CO2 emission factor Biodiesel";"Rigid";"BAU";"%";2050;"0.152";"Sensitivity | Removed policies except for bio/syn fuel mandates";"Diesel"
"OPEX";"Diesel Infrastructure";"NL";"CO2 emission factor Biodiesel";"Tractor-Trailer";"BAU";"%";2050;"0.152";"Sensitivity | Removed policies except for bio/syn fuel mandates";"Diesel"
"OPEX";"Diesel Infrastructure";"NL";"CO2 emission factor Biodiesel";"Rigid";"PROG";"%";2050;"0.152";"Sensitivity | Removed policies except for bio/syn fuel mandates";"Diesel"
"OPEX";"Diesel Infrastructure";"NL";"CO2 emission factor Biodiesel";"Tractor-Trailer";"PROG";"%";2050;"0.152";"Sensitivity | Removed policies except for bio/syn fuel mandates";"Diesel"
"OPEX";"Diesel Infrastructure";"PL";"CO2 emission factor Biodiesel";"Rigid";"BAU";"%";2050;"0.152";"Sensitivity | Removed policies except for bio/syn fuel mandates";"Diesel"
"OPEX";"Diesel Infrastructure";"PL";"CO2 emission factor Biodiesel";"Tractor-Trailer";"BAU";"%";2050;"0.152";"Sensitivity | Removed policies except for bio/syn fuel mandates";"Diesel"
"OPEX";"Diesel Infrastructure";"PL";"CO2 emission factor Biodiesel";"Rigid";"PROG";"%";2050;"0.152";"Sensitivity | Removed policies except for bio/syn fuel mandates";"Diesel"
"OPEX";"Diesel Infrastructure";"PL";"CO2 emission factor Biodiesel";"Tractor-Trailer";"PROG";"%";2050;"0.152";"Sensitivity | Removed policies except for bio/syn fuel mandates";"Diesel"
"OPEX";"Diesel Infrastructure";"UK";"CO2 emission factor Biodiesel";"Rigid";"BAU";"%";2050;"0.152";"Sensitivity | Removed policies except for bio/syn fuel mandates";"Diesel"
"OPEX";"Diesel Infrastructure";"UK";"CO2 emission factor Biodiesel";"Tractor-Trailer";"BAU";"%";2050;"0.152";"Sensitivity | Removed policies except for bio/syn fuel mandates";"Diesel"
"OPEX";"Diesel Infrastructure";"UK";"CO2 emission factor Biodiesel";"Rigid";"PROG";"%";2050;"0.152";"Sensitivity | Removed policies except for bio/syn fuel mandates";"Diesel"
"OPEX";"Diesel Infrastructure";"UK";"CO2 emission factor Biodiesel";"Tractor-Trailer";"PROG";"%";2050;"0.152";"Sensitivity | Removed policies except for bio/syn fuel mandates";"Diesel"
"OPEX";"Diesel Infrastructure";"DE";"CO2 emission factor Pt-Diesel";"Rigid";"BAU";"%";2050;"0";"Sensitivity | Removed policies except for bio/syn fuel mandates";"Diesel"
"OPEX";"Diesel Infrastructure";"DE";"CO2 emission factor Pt-Diesel";"Tractor-Trailer";"BAU";"%";2050;"0";"Sensitivity | Removed policies except for bio/syn fuel mandates";"Diesel"
"OPEX";"Diesel Infrastructure";"DE";"CO2 emission factor Pt-Diesel";"Rigid";"PROG";"%";2050;"0";"Sensitivity | Removed policies except for bio/syn fuel mandates";"Diesel"
"OPEX";"Diesel Infrastructure";"DE";"CO2 emission factor Pt-Diesel";"Tractor-Trailer";"PROG";"%";2050;"0";"Sensitivity | Removed policies except for bio/syn fuel mandates";"Diesel"
"OPEX";"Diesel Infrastructure";"ES";"CO2 emission factor Pt-Diesel";"Rigid";"BAU";"%";2050;"0";"Sensitivity | Removed policies except for bio/syn fuel mandates";"Diesel"
"OPEX";"Diesel Infrastructure";"ES";"CO2 emission factor Pt-Diesel";"Tractor-Trailer";"BAU";"%";2050;"0";"Sensitivity | Removed policies except for bio/syn fuel mandates";"Diesel"
"OPEX";"Diesel Infrastructure";"ES";"CO2 emission factor Pt-Diesel";"Rigid";"PROG";"%";2050;"0";"Sensitivity | Removed policies except for bio/syn fuel mandates";"Diesel"
"OPEX";"Diesel Infrastructure";"ES";"CO2 emission factor Pt-Diesel";"Tractor-Trailer";"PROG";"%";2050;"0";"Sensitivity | Removed policies except for bio/syn fuel mandates";"Diesel"
"OPEX";"Diesel Infrastructure";"FR";"CO2 emission factor Pt-Diesel";"Rigid";"BAU";"%";2050;"0";"Sensitivity | Removed policies except for bio/syn fuel mandates";"Diesel"
"OPEX";"Diesel Infrastructure";"FR";"CO2 emission factor Pt-Diesel";"Tractor-Trailer";"BAU";"%";2050;"0";"Sensitivity | Removed policies except for bio/syn fuel mandates";"Diesel"
"OPEX";"Diesel Infrastructure";"FR";"CO2 emission factor Pt-Diesel";"Rigid";"PROG";"%";2050;"0";"Sensitivity | Removed policies except for bio/syn fuel mandates";"Diesel"
"OPEX";"Diesel Infrastructure";"FR";"CO2 emission factor Pt-Diesel";"Tractor-Trailer";"PROG";"%";2050;"0";"Sensitivity | Removed policies except for bio/syn fuel mandates";"Diesel"
"OPEX";"Diesel Infrastructure";"IT";"CO2 emission factor Pt-Diesel";"Rigid";"BAU";"%";2050;"0";"Sensitivity | Removed policies except for bio/syn fuel mandates";"Diesel"
"OPEX";"Diesel Infrastructure";"IT";"CO2 emission factor Pt-Diesel";"Tractor-Trailer";"BAU";"%";2050;"0";"Sensitivity | Removed policies except for bio/syn fuel mandates";"Diesel"
"OPEX";"Diesel Infrastructure";"IT";"CO2 emission factor Pt-Diesel";"Rigid";"PROG";"%";2050;"0";"Sensitivity | Removed policies except for bio/syn fuel mandates";"Diesel"
"OPEX";"Diesel Infrastructure";"IT";"CO2 emission factor Pt-Diesel";"Tractor-Trailer";"PROG";"%";2050;"0";"Sensitivity | Removed policies except for bio/syn fuel mandates";"Diesel"
"OPEX";"Diesel Infrastructure";"NL";"CO2 emission factor Pt-Diesel";"Rigid";"BAU";"%";2050;"0";"Sensitivity | Removed policies except for bio/syn fuel mandates";"Diesel"
"OPEX";"Diesel Infrastructure";"NL";"CO2 emission factor Pt-Diesel";"Tractor-Trailer";"BAU";"%";2050;"0";"Sensitivity | Removed policies except for bio/syn fuel mandates";"Diesel"
"OPEX";"Diesel Infrastructure";"NL";"CO2 emission factor Pt-Diesel";"Rigid";"PROG";"%";2050;"0";"Sensitivity | Removed policies except for bio/syn fuel mandates";"Diesel"
"OPEX";"Diesel Infrastructure";"NL";"CO2 emission factor Pt-Diesel";"Tractor-Trailer";"PROG";"%";2050;"0";"Sensitivity | Removed policies except for bio/syn fuel mandates";"Diesel"
"OPEX";"Diesel Infrastructure";"PL";"CO2 emission factor Pt-Diesel";"Rigid";"BAU";"%";2050;"0";"Sensitivity | Removed policies except for bio/syn fuel mandates";"Diesel"
"OPEX";"Diesel Infrastructure";"PL";"CO2 emission factor Pt-Diesel";"Tractor-Trailer";"BAU";"%";2050;"0";"Sensitivity | Removed policies except for bio/syn fuel mandates";"Diesel"
"OPEX";"Diesel Infrastructure";"PL";"CO2 emission factor Pt-Diesel";"Rigid";"PROG";"%";2050;"0";"Sensitivity | Removed policies except for bio/syn fuel mandates";"Diesel"
"OPEX";"Diesel Infrastructure";"PL";"CO2 emission factor Pt-Diesel";"Tractor-Trailer";"PROG";"%";2050;"0";"Sensitivity | Removed policies except for bio/syn fuel mandates";"Diesel"
"OPEX";"Diesel Infrastructure";"UK";"CO2 emission factor Pt-Diesel";"Rigid";"BAU";"%";2050;"0";"Sensitivity | Removed policies except for bio/syn fuel mandates";"Diesel"
"OPEX";"Diesel Infrastructure";"UK";"CO2 emission factor Pt-Diesel";"Tractor-Trailer";"BAU";"%";2050;"0";"Sensitivity | Removed policies except for bio/syn fuel mandates";"Diesel"
"OPEX";"Diesel Infrastructure";"UK";"CO2 emission factor Pt-Diesel";"Rigid";"PROG";"%";2050;"0";"Sensitivity | Removed policies except for bio/syn fuel mandates";"Diesel"
"OPEX";"Diesel Infrastructure";"UK";"CO2 emission factor Pt-Diesel";"Tractor-Trailer";"PROG";"%";2050;"0";"Sensitivity | Removed policies except for bio/syn fuel mandates";"Diesel"
"OPEX";"Taxes";"DE";"Network Costs - MCS";"Rigid";"BAU";"EUR/kWh";2050;"0.034";"Sensitivity | Removed policies except for bio/syn fuel mandates";"Electricity"
"OPEX";"Taxes";"DE";"Network Costs - MCS";"Tractor-Trailer";"BAU";"EUR/kWh";2050;"0.034";"Sensitivity | Removed policies except for bio/syn fuel mandates";"Electricity"
"OPEX";"Taxes";"ES";"Network Costs - MCS";"Rigid";"BAU";"EUR/kWh";2050;"0.018";"Sensitivity | Removed policies except for bio/syn fuel mandates";"Electricity"
"OPEX";"Taxes";"ES";"Network Costs - MCS";"Tractor-Trailer";"BAU";"EUR/kWh";2050;"0.018";"Sensitivity | Removed policies except for bio/syn fuel mandates";"Electricity"
"OPEX";"Taxes";"FR";"Network Costs - MCS";"Rigid";"BAU";"EUR/kWh";2050;"0.018";"Sensitivity | Removed policies except for bio/syn fuel mandates";"Electricity"
"OPEX";"Taxes";"FR";"Network Costs - MCS";"Tractor-Trailer";"BAU";"EUR/kWh";2050;"0.018";"Sensitivity | Removed policies except for bio/syn fuel mandates";"Electricity"
"OPEX";"Taxes";"IT";"Network Costs - MCS";"Rigid";"BAU";"EUR/kWh";2050;"0.015";"Sensitivity | Removed policies except for bio/syn fuel mandates";"Electricity"
"OPEX";"Taxes";"IT";"Network Costs - MCS";"Tractor-Trailer";"BAU";"EUR/kWh";2050;"0.015";"Sensitivity | Removed policies except for bio/syn fuel mandates";"Electricity"
"OPEX";"Taxes";"NL";"Network Costs - MCS";"Rigid";"BAU";"EUR/kWh";2050;"0.016";"Sensitivity | Removed policies except for bio/syn fuel mandates";"Electricity"
"OPEX";"Taxes";"NL";"Network Costs - MCS";"Tractor-Trailer";"BAU";"EUR/kWh";2050;"0.016";"Sensitivity | Removed policies except for bio/syn fuel mandates";"Electricity"
"OPEX";"Taxes";"PL";"Network Costs - MCS";"Rigid";"BAU";"EUR/kWh";2050;"0.019";"Sensitivity | Removed policies except for bio/syn fuel mandates";"Electricity"
"OPEX";"Taxes";"PL";"Network Costs - MCS";"Tractor-Trailer";"BAU";"EUR/kWh";2050;"0.019";"Sensitivity | Removed policies except for bio/syn fuel mandates";"Electricity"
"OPEX";"Taxes";"UK";"Network Costs - MCS";"Rigid";"BAU";"EUR/kWh";2050;"0.027";"Sensitivity | Removed policies except for bio/syn fuel mandates";"Electricity"
"OPEX";"Taxes";"UK";"Network Costs - MCS";"Tractor-Trailer";"BAU";"EUR/kWh";2050;"0.027";"Sensitivity | Removed policies except for bio/syn fuel mandates";"Electricity"
"OPEX";"Taxes";"DE";"Taxes, Fees, Levies and charges - MCS";"Rigid";"BAU";"EUR/kWh";2050;"0.056";"Sensitivity | Removed policies except for bio/syn fuel mandates";"Electricity"
"OPEX";"Taxes";"DE";"Taxes, Fees, Levies and charges - MCS";"Tractor-Trailer";"BAU";"EUR/kWh";2050;"0.056";"Sensitivity | Removed policies except for bio/syn fuel mandates";"Electricity"
"OPEX";"Taxes";"ES";"Taxes, Fees, Levies and charges - MCS";"Rigid";"BAU";"EUR/kWh";2050;"0.036";"Sensitivity | Removed policies except for bio/syn fuel mandates";"Electricity"
"OPEX";"Taxes";"ES";"Taxes, Fees, Levies and charges - MCS";"Tractor-Trailer";"BAU";"EUR/kWh";2050;"0.036";"Sensitivity | Removed policies except for bio/syn fuel mandates";"Electricity"
"OPEX";"Taxes";"FR";"Taxes, Fees, Levies and charges - MCS";"Rigid";"BAU";"EUR/kWh";2050;"0.03";"Sensitivity | Removed policies except for bio/syn fuel mandates";"Electricity"
"OPEX";"Taxes";"FR";"Taxes, Fees, Levies and charges - MCS";"Tractor-Trailer";"BAU";"EUR/kWh";2050;"0.03";"Sensitivity | Removed policies except for bio/syn fuel mandates";"Electricity"
"OPEX";"Taxes";"IT";"Taxes, Fees, Levies and charges - MCS";"Rigid";"BAU";"EUR/kWh";2050;"0.062";"Sensitivity | Removed policies except for bio/syn fuel mandates";"Electricity"
"OPEX";"Taxes";"IT";"Taxes, Fees, Levies and charges - MCS";"Tractor-Trailer";"BAU";"EUR/kWh";2050;"0.062";"Sensitivity | Removed policies except for bio/syn fuel mandates";"Electricity"
"OPEX";"Taxes";"NL";"Taxes, Fees, Levies and charges - MCS";"Rigid";"BAU";"EUR/kWh";2050;"0.055";"Sensitivity | Removed policies except for bio/syn fuel mandates";"Electricity"
"OPEX";"Taxes";"NL";"Taxes, Fees, Levies and charges - MCS";"Tractor-Trailer";"BAU";"EUR/kWh";2050;"0.055";"Sensitivity | Removed policies except for bio/syn fuel mandates";"Electricity"
"OPEX";"Taxes";"PL";"Taxes, Fees, Levies and charges - MCS";"Rigid";"BAU";"EUR/kWh";2050;"0.049";"Sensitivity | Removed policies except for bio/syn fuel mandates";"Electricity"
"OPEX";"Taxes";"PL";"Taxes, Fees, Levies and charges - MCS";"Tractor-Trailer";"BAU";"EUR/kWh";2050;"0.049";"Sensitivity | Removed policies except for bio/syn fuel mandates";"Electricity"
"OPEX";"Taxes";"UK";"Taxes, Fees, Levies and charges - MCS";"Rigid";"BAU";"EUR/kWh";2050;"0.077";"Sensitivity | Removed policies except for bio/syn fuel mandates";"Electricity"
"OPEX";"Taxes";"UK";"Taxes, Fees, Levies and charges - MCS";"Tractor-Trailer";"BAU";"EUR/kWh";2050;"0.077";"Sensitivity | Removed policies except for bio/syn fuel mandates";"Electricity"
"OPEX";"Taxes";"DE";"Network Costs - Depot";"Rigid";"BAU";"EUR/kWh";2050;"0.034";"Sensitivity | Removed policies except for bio/syn fuel mandates";"Electricity"
"OPEX";"Taxes";"DE";"Network Costs - Depot";"Tractor-Trailer";"BAU";"EUR/kWh";2050;"0.034";"Sensitivity | Removed policies except for bio/syn fuel mandates";"Electricity"
"OPEX";"Taxes";"ES";"Network Costs - Depot";"Rigid";"BAU";"EUR/kWh";2050;"0.018";"Sensitivity | Removed policies except for bio/syn fuel mandates";"Electricity"
"OPEX";"Taxes";"ES";"Network Costs - Depot";"Tractor-Trailer";"BAU";"EUR/kWh";2050;"0.018";"Sensitivity | Removed policies except for bio/syn fuel mandates";"Electricity"
"OPEX";"Taxes";"FR";"Network Costs - Depot";"Rigid";"BAU";"EUR/kWh";2050;"0.018";"Sensitivity | Removed policies except for bio/syn fuel mandates";"Electricity"
"OPEX";"Taxes";"FR";"Network Costs - Depot";"Tractor-Trailer";"BAU";"EUR/kWh";2050;"0.018";"Sensitivity | Removed policies except for bio/syn fuel mandates";"Electricity"
"OPEX";"Taxes";"IT";"Network Costs - Depot";"Rigid";"BAU";"EUR/kWh";2050;"0.016";"Sensitivity | Removed policies except for bio/syn fuel mandates";"Electricity"
"OPEX";"Taxes";"IT";"Network Costs - Depot";"Tractor-Trailer";"BAU";"EUR/kWh";2050;"0.016";"Sensitivity | Removed policies except for bio/syn fuel mandates";"Electricity"
"OPEX";"Taxes";"NL";"Network Costs - Depot";"Rigid";"BAU";"EUR/kWh";2050;"0.016";"Sensitivity | Removed policies except for bio/syn fuel mandates";"Electricity"
"OPEX";"Taxes";"NL";"Network Costs - Depot";"Tractor-Trailer";"BAU";"EUR/kWh";2050;"0.016";"Sensitivity | Removed policies except for bio/syn fuel mandates";"Electricity"
"OPEX";"Taxes";"PL";"Network Costs - Depot";"Rigid";"BAU";"EUR/kWh";2050;"0.019";"Sensitivity | Removed policies except for bio/syn fuel mandates";"Electricity"
"OPEX";"Taxes";"PL";"Network Costs - Depot";"Tractor-Trailer";"BAU";"EUR/kWh";2050;"0.019";"Sensitivity | Removed policies except for bio/syn fuel mandates";"Electricity"
"OPEX";"Taxes";"UK";"Network Costs - Depot";"Rigid";"BAU";"EUR/kWh";2050;"0.027";"Sensitivity | Removed policies except for bio/syn fuel mandates";"Electricity"
"OPEX";"Taxes";"UK";"Network Costs - Depot";"Tractor-Trailer";"BAU";"EUR/kWh";2050;"0.027";"Sensitivity | Removed policies except for bio/syn fuel mandates";"Electricity"
"OPEX";"Taxes";"DE";"Taxes, Fees, Levies and charges - Depot";"Rigid";"BAU";"EUR/kWh";2050;"0.056";"Sensitivity | Removed policies except for bio/syn fuel mandates";"Electricity"
"OPEX";"Taxes";"DE";"Taxes, Fees, Levies and charges - Depot";"Tractor-Trailer";"BAU";"EUR/kWh";2050;"0.056";"Sensitivity | Removed policies except for bio/syn fuel mandates";"Electricity"
"OPEX";"Taxes";"ES";"Taxes, Fees, Levies and charges - Depot";"Rigid";"BAU";"EUR/kWh";2050;"0.036";"Sensitivity | Removed policies except for bio/syn fuel mandates";"Electricity"
"OPEX";"Taxes";"ES";"Taxes, Fees, Levies and charges - Depot";"Tractor-Trailer";"BAU";"EUR/kWh";2050;"0.036";"Sensitivity | Removed policies except for bio/syn fuel mandates";"Electricity"
"OPEX";"Taxes";"FR";"Taxes, Fees, Levies and charges - Depot";"Rigid";"BAU";"EUR/kWh";2050;"0.03";"Sensitivity | Removed policies except for bio/syn fuel mandates";"Electricity"
"OPEX";"Taxes";"FR";"Taxes, Fees, Levies and charges - Depot";"Tractor-Trailer";"BAU";"EUR/kWh";2050;"0.03";"Sensitivity | Removed policies except for bio/syn fuel mandates";"Electricity"
"OPEX";"Taxes";"IT";"Taxes, Fees, Levies and charges - Depot";"Rigid";"BAU";"EUR/kWh";2050;"0.063";"Sensitivity | Removed policies except for bio/syn fuel mandates";"Electricity"
"OPEX";"Taxes";"IT";"Taxes, Fees, Levies and charges - Depot";"Tractor-Trailer";"BAU";"EUR/kWh";2050;"0.063";"Sensitivity | Removed policies except for bio/syn fuel mandates";"Electricity"
"OPEX";"Taxes";"NL";"Taxes, Fees, Levies and charges - Depot";"Rigid";"BAU";"EUR/kWh";2050;"0.055";"Sensitivity | Removed policies except for bio/syn fuel mandates";"Electricity"
"OPEX";"Taxes";"NL";"Taxes, Fees, Levies and charges - Depot";"Tractor-Trailer";"BAU";"EUR/kWh";2050;"0.055";"Sensitivity | Removed policies except for bio/syn fuel mandates";"Electricity"
"OPEX";"Taxes";"PL";"Taxes, Fees, Levies and charges - Depot";"Rigid";"BAU";"EUR/kWh";2050;"0.049";"Sensitivity | Removed policies except for bio/syn fuel mandates";"Electricity"
"OPEX";"Taxes";"PL";"Taxes, Fees, Levies and charges - Depot";"Tractor-Trailer";"BAU";"EUR/kWh";2050;"0.049";"Sensitivity | Removed policies except for bio/syn fuel mandates";"Electricity"
"OPEX";"Taxes";"UK";"Taxes, Fees, Levies and charges - Depot";"Rigid";"BAU";"EUR/kWh";2050;"0.077";"Sensitivity | Removed policies except for bio/syn fuel mandates";"Electricity"
"OPEX";"Taxes";"UK";"Taxes, Fees, Levies and charges - Depot";"Tractor-Trailer";"BAU";"EUR/kWh";2050;"0.077";"Sensitivity | Removed policies except for bio/syn fuel mandates";"Electricity"
"OPEX";"H2 Infrastructure";"DE";"HRS costs";"Rigid";"BAU";"EUR/kg H2";2050;"1";"Sensitivity | Removed policies except for bio/syn fuel mandates";"Hydrogen"
"OPEX";"H2 Infrastructure";"DE";"HRS costs";"Tractor-Trailer";"BAU";"EUR/kg H2";2050;"1";"Sensitivity | Removed policies except for bio/syn fuel mandates";"Hydrogen"
"OPEX";"H2 Infrastructure";"ES";"HRS costs";"Rigid";"BAU";"EUR/kg H2";2050;"1";"Sensitivity | Removed policies except for bio/syn fuel mandates";"Hydrogen"
"OPEX";"H2 Infrastructure";"ES";"HRS costs";"Tractor-Trailer";"BAU";"EUR/kg H2";2050;"1";"Sensitivity | Removed policies except for bio/syn fuel mandates";"Hydrogen"
"OPEX";"H2 Infrastructure";"FR";"HRS costs";"Rigid";"BAU";"EUR/kg H2";2050;"1";"Sensitivity | Removed policies except for bio/syn fuel mandates";"Hydrogen"
"OPEX";"H2 Infrastructure";"FR";"HRS costs";"Tractor-Trailer";"BAU";"EUR/kg H2";2050;"1";"Sensitivity | Removed policies except for bio/syn fuel mandates";"Hydrogen"
"OPEX";"H2 Infrastructure";"IT";"HRS costs";"Rigid";"BAU";"EUR/kg H2";2050;"1";"Sensitivity | Removed policies except for bio/syn fuel mandates";"Hydrogen"
"OPEX";"H2 Infrastructure";"IT";"HRS costs";"Tractor-Trailer";"BAU";"EUR/kg H2";2050;"1";"Sensitivity | Removed policies except for bio/syn fuel mandates";"Hydrogen"
"OPEX";"H2 Infrastructure";"NL";"HRS costs";"Rigid";"BAU";"EUR/kg H2";2050;"1";"Sensitivity | Removed policies except for bio/syn fuel mandates";"Hydrogen"
"OPEX";"H2 Infrastructure";"NL";"HRS costs";"Tractor-Trailer";"BAU";"EUR/kg H2";2050;"1";"Sensitivity | Removed policies except for bio/syn fuel mandates";"Hydrogen"
"OPEX";"H2 Infrastructure";"PL";"HRS costs";"Rigid";"BAU";"EUR/kg H2";2050;"1";"Sensitivity | Removed policies except for bio/syn fuel mandates";"Hydrogen"
"OPEX";"H2 Infrastructure";"PL";"HRS costs";"Tractor-Trailer";"BAU";"EUR/kg H2";2050;"1";"Sensitivity | Removed policies except for bio/syn fuel mandates";"Hydrogen"
"OPEX";"H2 Infrastructure";"UK";"HRS costs";"Rigid";"BAU";"EUR/kg H2";2050;"1";"Sensitivity | Removed policies except for bio/syn fuel mandates";"Hydrogen"
"OPEX";"H2 Infrastructure";"UK";"HRS costs";"Tractor-Trailer";"BAU";"EUR/kg H2";2050;"1";"Sensitivity | Removed policies except for bio/syn fuel mandates";"Hydrogen"
"OPEX";"H2 Infrastructure";"DE";"H2 transport and distribution";"Rigid";"BAU";"EUR/kg H2";2050;"1";"Sensitivity | Removed policies except for bio/syn fuel mandates";"Hydrogen"
"OPEX";"H2 Infrastructure";"DE";"H2 transport and distribution";"Tractor-Trailer";"BAU";"EUR/kg H2";2050;"1";"Sensitivity | Removed policies except for bio/syn fuel mandates";"Hydrogen"
"OPEX";"H2 Infrastructure";"ES";"H2 transport and distribution";"Rigid";"BAU";"EUR/kg H2";2050;"1";"Sensitivity | Removed policies except for bio/syn fuel mandates";"Hydrogen"
"OPEX";"H2 Infrastructure";"ES";"H2 transport and distribution";"Tractor-Trailer";"BAU";"EUR/kg H2";2050;"1";"Sensitivity | Removed policies except for bio/syn fuel mandates";"Hydrogen"
"OPEX";"H2 Infrastructure";"FR";"H2 transport and distribution";"Rigid";"BAU";"EUR/kg H2";2050;"1";"Sensitivity | Removed policies except for bio/syn fuel mandates";"Hydrogen"
"OPEX";"H2 Infrastructure";"FR";"H2 transport and distribution";"Tractor-Trailer";"BAU";"EUR/kg H2";2050;"1";"Sensitivity | Removed policies except for bio/syn fuel mandates";"Hydrogen"
"OPEX";"H2 Infrastructure";"IT";"H2 transport and distribution";"Rigid";"BAU";"EUR/kg H2";2050;"1";"Sensitivity | Removed policies except for bio/syn fuel mandates";"Hydrogen"
"OPEX";"H2 Infrastructure";"IT";"H2 transport and distribution";"Tractor-Trailer";"BAU";"EUR/kg H2";2050;"1";"Sensitivity | Removed policies except for bio/syn fuel mandates";"Hydrogen"
"OPEX";"H2 Infrastructure";"NL";"H2 transport and distribution";"Rigid";"BAU";"EUR/kg H2";2050;"1";"Sensitivity | Removed policies except for bio/syn fuel mandates";"Hydrogen"
"OPEX";"H2 Infrastructure";"NL";"H2 transport and distribution";"Tractor-Trailer";"BAU";"EUR/kg H2";2050;"1";"Sensitivity | Removed policies except for bio/syn fuel mandates";"Hydrogen"
"OPEX";"H2 Infrastructure";"PL";"H2 transport and distribution";"Rigid";"BAU";"EUR/kg H2";2050;"1";"Sensitivity | Removed policies except for bio/syn fuel mandates";"Hydrogen"
"OPEX";"H2 Infrastructure";"PL";"H2 transport and distribution";"Tractor-Trailer";"BAU";"EUR/kg H2";2050;"1";"Sensitivity | Removed policies except for bio/syn fuel mandates";"Hydrogen"
"OPEX";"H2 Infrastructure";"UK";"H2 transport and distribution";"Rigid";"BAU";"EUR/kg H2";2050;"1";"Sensitivity | Removed policies except for bio/syn fuel mandates";"Hydrogen"
"OPEX";"H2 Infrastructure";"UK";"H2 transport and distribution";"Tractor-Trailer";"BAU";"EUR/kg H2";2050;"1";"Sensitivity | Removed policies except for bio/syn fuel mandates";"Hydrogen"
"OPEX";"H2 Infrastructure";"DE";"HRS Overhead, Profit and Mark-Up";"Rigid";"BAU";"EUR/kg H2";2050;"0.25";"Sensitivity | Removed policies except for bio/syn fuel mandates";"Hydrogen"
"OPEX";"H2 Infrastructure";"DE";"HRS Overhead, Profit and Mark-Up";"Tractor-Trailer";"BAU";"EUR/kg H2";2050;"0.25";"Sensitivity | Removed policies except for bio/syn fuel mandates";"Hydrogen"
"OPEX";"H2 Infrastructure";"ES";"HRS Overhead, Profit and Mark-Up";"Rigid";"BAU";"EUR/kg H2";2050;"0.25";"Sensitivity | Removed policies except for bio/syn fuel mandates";"Hydrogen"
"OPEX";"H2 Infrastructure";"ES";"HRS Overhead, Profit and Mark-Up";"Tractor-Trailer";"BAU";"EUR/kg H2";2050;"0.25";"Sensitivity | Removed policies except for bio/syn fuel mandates";"Hydrogen"
"OPEX";"H2 Infrastructure";"FR";"HRS Overhead, Profit and Mark-Up";"Rigid";"BAU";"EUR/kg H2";2050;"0.25";"Sensitivity | Removed policies except for bio/syn fuel mandates";"Hydrogen"
"OPEX";"H2 Infrastructure";"FR";"HRS Overhead, Profit and Mark-Up";"Tractor-Trailer";"BAU";"EUR/kg H2";2050;"0.25";"Sensitivity | Removed policies except for bio/syn fuel mandates";"Hydrogen"
"OPEX";"H2 Infrastructure";"IT";"HRS Overhead, Profit and Mark-Up";"Rigid";"BAU";"EUR/kg H2";2050;"0.25";"Sensitivity | Removed policies except for bio/syn fuel mandates";"Hydrogen"
"OPEX";"H2 Infrastructure";"IT";"HRS Overhead, Profit and Mark-Up";"Tractor-Trailer";"BAU";"EUR/kg H2";2050;"0.25";"Sensitivity | Removed policies except for bio/syn fuel mandates";"Hydrogen"
"OPEX";"H2 Infrastructure";"NL";"HRS Overhead, Profit and Mark-Up";"Rigid";"BAU";"EUR/kg H2";2050;"0.25";"Sensitivity | Removed policies except for bio/syn fuel mandates";"Hydrogen"
"OPEX";"H2 Infrastructure";"NL";"HRS Overhead, Profit and Mark-Up";"Tractor-Trailer";"BAU";"EUR/kg H2";2050;"0.25";"Sensitivity | Removed policies except for bio/syn fuel mandates";"Hydrogen"
"OPEX";"H2 Infrastructure";"PL";"HRS Overhead, Profit and Mark-Up";"Rigid";"BAU";"EUR/kg H2";2050;"0.25";"Sensitivity | Removed policies except for bio/syn fuel mandates";"Hydrogen"
"OPEX";"H2 Infrastructure";"PL";"HRS Overhead, Profit and Mark-Up";"Tractor-Trailer";"BAU";"EUR/kg H2";2050;"0.25";"Sensitivity | Removed policies except for bio/syn fuel mandates";"Hydrogen"
"OPEX";"H2 Infrastructure";"UK";"HRS Overhead, Profit and Mark-Up";"Rigid";"BAU";"EUR/kg H2";2050;"0.25";"Sensitivity | Removed policies except for bio/syn fuel mandates";"Hydrogen"
"OPEX";"H2 Infrastructure";"UK";"HRS Overhead, Profit and Mark-Up";"Tractor-Trailer";"BAU";"EUR/kg H2";2050;"0.25";"Sensitivity | Removed policies except for bio/syn fuel mandates";"Hydrogen"
"OPEX";"Charging Infrastructure";"DE";"MCS Station (Public Charging) - Incl. Overhead";"Rigid";"BAU";"EUR/kWh";2050;"0.028";"Sensitivity | Removed policies except for bio/syn fuel mandates";"Electricity"
"OPEX";"Charging Infrastructure";"DE";"MCS Station (Public Charging) - Incl. Overhead";"Tractor-Trailer";"BAU";"EUR/kWh";2050;"0.028";"Sensitivity | Removed policies except for bio/syn fuel mandates";"Electricity"
"OPEX";"Charging Infrastructure";"ES";"MCS Station (Public Charging) - Incl. Overhead";"Rigid";"BAU";"EUR/kWh";2050;"0.028";"Sensitivity | Removed policies except for bio/syn fuel mandates";"Electricity"
"OPEX";"Charging Infrastructure";"ES";"MCS Station (Public Charging) - Incl. Overhead";"Tractor-Trailer";"BAU";"EUR/kWh";2050;"0.028";"Sensitivity | Removed policies except for bio/syn fuel mandates";"Electricity"
"OPEX";"Charging Infrastructure";"FR";"MCS Station (Public Charging) - Incl. Overhead";"Rigid";"BAU";"EUR/kWh";2050;"0.028";"Sensitivity | Removed policies except for bio/syn fuel mandates";"Electricity"
"OPEX";"Charging Infrastructure";"FR";"MCS Station (Public Charging) - Incl. Overhead";"Tractor-Trailer";"BAU";"EUR/kWh";2050;"0.028";"Sensitivity | Removed policies except for bio/syn fuel mandates";"Electricity"
"OPEX";"Charging Infrastructure";"IT";"MCS Station (Public Charging) - Incl. Overhead";"Rigid";"BAU";"EUR/kWh";2050;"0.028";"Sensitivity | Removed policies except for bio/syn fuel mandates";"Electricity"
"OPEX";"Charging Infrastructure";"IT";"MCS Station (Public Charging) - Incl. Overhead";"Tractor-Trailer";"BAU";"EUR/kWh";2050;"0.028";"Sensitivity | Removed policies except for bio/syn fuel mandates";"Electricity"
"OPEX";"Charging Infrastructure";"NL";"MCS Station (Public Charging) - Incl. Overhead";"Rigid";"BAU";"EUR/kWh";2050;"0.028";"Sensitivity | Removed policies except for bio/syn fuel mandates";"Electricity"
"OPEX";"Charging Infrastructure";"NL";"MCS Station (Public Charging) - Incl. Overhead";"Tractor-Trailer";"BAU";"EUR/kWh";2050;"0.028";"Sensitivity | Removed policies except for bio/syn fuel mandates";"Electricity"
"OPEX";"Charging Infrastructure";"PL";"MCS Station (Public Charging) - Incl. Overhead";"Rigid";"BAU";"EUR/kWh";2050;"0.028";"Sensitivity | Removed policies except for bio/syn fuel mandates";"Electricity"
"OPEX";"Charging Infrastructure";"PL";"MCS Station (Public Charging) - Incl. Overhead";"Tractor-Trailer";"BAU";"EUR/kWh";2050;"0.028";"Sensitivity | Removed policies except for bio/syn fuel mandates";"Electricity"
"OPEX";"Charging Infrastructure";"UK";"MCS Station (Public Charging) - Incl. Overhead";"Rigid";"BAU";"EUR/kWh";2050;"0.028";"Sensitivity | Removed policies except for bio/syn fuel mandates";"Electricity"
"OPEX";"Charging Infrastructure";"UK";"MCS Station (Public Charging) - Incl. Overhead";"Tractor-Trailer";"BAU";"EUR/kWh";2050;"0.028";"Sensitivity | Removed policies except for bio/syn fuel mandates";"Electricity"
"OPEX";"Charging Infrastructure";"DE";"Share MCS-Charging";"Rigid";"BAU";"%";2050;"0.2";"Sensitivity | Removed policies except for bio/syn fuel mandates";"Electricity"
"OPEX";"Charging Infrastructure";"DE";"Share MCS-Charging";"Tractor-Trailer";"BAU";"%";2050;"0.2";"Sensitivity | Removed policies except for bio/syn fuel mandates";"Electricity"
"OPEX";"Charging Infrastructure";"ES";"Share MCS-Charging";"Rigid";"BAU";"%";2050;"0.2";"Sensitivity | Removed policies except for bio/syn fuel mandates";"Electricity"
"OPEX";"Charging Infrastructure";"ES";"Share MCS-Charging";"Tractor-Trailer";"BAU";"%";2050;"0.2";"Sensitivity | Removed policies except for bio/syn fuel mandates";"Electricity"
"OPEX";"Charging Infrastructure";"FR";"Share MCS-Charging";"Rigid";"BAU";"%";2050;"0.2";"Sensitivity | Removed policies except for bio/syn fuel mandates";"Electricity"
"OPEX";"Charging Infrastructure";"FR";"Share MCS-Charging";"Tractor-Trailer";"BAU";"%";2050;"0.2";"Sensitivity | Removed policies except for bio/syn fuel mandates";"Electricity"
"OPEX";"Charging Infrastructure";"IT";"Share MCS-Charging";"Rigid";"BAU";"%";2050;"0.2";"Sensitivity | Removed policies except for bio/syn fuel mandates";"Electricity"
"OPEX";"Charging Infrastructure";"IT";"Share MCS-Charging";"Tractor-Trailer";"BAU";"%";2050;"0.2";"Sensitivity | Removed policies except for bio/syn fuel mandates";"Electricity"
"OPEX";"Charging Infrastructure";"NL";"Share MCS-Charging";"Rigid";"BAU";"%";2050;"0.2";"Sensitivity | Removed policies except for bio/syn fuel mandates";"Electricity"
"OPEX";"Charging Infrastructure";"NL";"Share MCS-Charging";"Tractor-Trailer";"BAU";"%";2050;"0.2";"Sensitivity | Removed policies except for bio/syn fuel mandates";"Electricity"
"OPEX";"Charging Infrastructure";"PL";"Share MCS-Charging";"Rigid";"BAU";"%";2050;"0.2";"Sensitivity | Removed policies except for bio/syn fuel mandates";"Electricity"
"OPEX";"Charging Infrastructure";"PL";"Share MCS-Charging";"Tractor-Trailer";"BAU";"%";2050;"0.2";"Sensitivity | Removed policies except for bio/syn fuel mandates";"Electricity"
"OPEX";"Charging Infrastructure";"UK";"Share MCS-Charging";"Rigid";"BAU";"%";2050;"0.2";"Sensitivity | Removed policies except for bio/syn fuel mandates";"Electricity"
"OPEX";"Charging Infrastructure";"UK";"Share MCS-Charging";"Tractor-Trailer";"BAU";"%";2050;"0.2";"Sensitivity | Removed policies except for bio/syn fuel mandates";"Electricity"
"OPEX";"Charging Infrastructure";"DE";"Depot - Network fees savings potential";"Rigid";"BAU";"EUR/kWh";2050;"0";"Sensitivity | Removed policies except for bio/syn fuel mandates";"Electricity"
"OPEX";"Charging Infrastructure";"DE";"Depot - Network fees savings potential";"Tractor-Trailer";"BAU";"EUR/kWh";2050;"0";"Sensitivity | Removed policies except for bio/syn fuel mandates";"Electricity"
"OPEX";"Charging Infrastructure";"ES";"Depot - Network fees savings potential";"Rigid";"BAU";"EUR/kWh";2050;"0";"Sensitivity | Removed policies except for bio/syn fuel mandates";"Electricity"
"OPEX";"Charging Infrastructure";"ES";"Depot - Network fees savings potential";"Tractor-Trailer";"BAU";"EUR/kWh";2050;"0";"Sensitivity | Removed policies except for bio/syn fuel mandates";"Electricity"
"OPEX";"Charging Infrastructure";"FR";"Depot - Network fees savings potential";"Rigid";"BAU";"EUR/kWh";2050;"0";"Sensitivity | Removed policies except for bio/syn fuel mandates";"Electricity"
"OPEX";"Charging Infrastructure";"FR";"Depot - Network fees savings potential";"Tractor-Trailer";"BAU";"EUR/kWh";2050;"0";"Sensitivity | Removed policies except for bio/syn fuel mandates";"Electricity"
"OPEX";"Charging Infrastructure";"IT";"Depot - Network fees savings potential";"Rigid";"BAU";"EUR/kWh";2050;"0";"Sensitivity | Removed policies except for bio/syn fuel mandates";"Electricity"
"OPEX";"Charging Infrastructure";"IT";"Depot - Network fees savings potential";"Tractor-Trailer";"BAU";"EUR/kWh";2050;"0";"Sensitivity | Removed policies except for bio/syn fuel mandates";"Electricity"
"OPEX";"Charging Infrastructure";"NL";"Depot - Network fees savings potential";"Rigid";"BAU";"EUR/kWh";2050;"0";"Sensitivity | Removed policies except for bio/syn fuel mandates";"Electricity"
"OPEX";"Charging Infrastructure";"NL";"Depot - Network fees savings potential";"Tractor-Trailer";"BAU";"EUR/kWh";2050;"0";"Sensitivity | Removed policies except for bio/syn fuel mandates";"Electricity"
"OPEX";"Charging Infrastructure";"PL";"Depot - Network fees savings potential";"Rigid";"BAU";"EUR/kWh";2050;"0";"Sensitivity | Removed policies except for bio/syn fuel mandates";"Electricity"
"OPEX";"Charging Infrastructure";"PL";"Depot - Network fees savings potential";"Tractor-Trailer";"BAU";"EUR/kWh";2050;"0";"Sensitivity | Removed policies except for bio/syn fuel mandates";"Electricity"
"OPEX";"Charging Infrastructure";"UK";"Depot - Network fees savings potential";"Rigid";"BAU";"EUR/kWh";2050;"0";"Sensitivity | Removed policies except for bio/syn fuel mandates";"Electricity"
"OPEX";"Charging Infrastructure";"UK";"Depot - Network fees savings potential";"Tractor-Trailer";"BAU";"EUR/kWh";2050;"0";"Sensitivity | Removed policies except for bio/syn fuel mandates";"Electricity"
"OPEX";"Taxes";"DE";"Tax reduction";"Rigid";"BAU";"%";2050;"0";"Sensitivity | Removed policies except for bio/syn fuel mandates";"Hydrogen"
"OPEX";"Taxes";"DE";"Tax reduction";"Tractor-Trailer";"BAU";"%";2050;"0";"Sensitivity | Removed policies except for bio/syn fuel mandates";"Hydrogen"
"OPEX";"Taxes";"ES";"Tax reduction";"Rigid";"BAU";"%";2050;"0";"Sensitivity | Removed policies except for bio/syn fuel mandates";"Hydrogen"
"OPEX";"Taxes";"ES";"Tax reduction";"Tractor-Trailer";"BAU";"%";2050;"0";"Sensitivity | Removed policies except for bio/syn fuel mandates";"Hydrogen"
"OPEX";"Taxes";"FR";"Tax reduction";"Rigid";"BAU";"%";2050;"0";"Sensitivity | Removed policies except for bio/syn fuel mandates";"Hydrogen"
"OPEX";"Taxes";"FR";"Tax reduction";"Tractor-Trailer";"BAU";"%";2050;"0";"Sensitivity | Removed policies except for bio/syn fuel mandates";"Hydrogen"
"OPEX";"Taxes";"IT";"Tax reduction";"Rigid";"BAU";"%";2050;"0";"Sensitivity | Removed policies except for bio/syn fuel mandates";"Hydrogen"
"OPEX";"Taxes";"IT";"Tax reduction";"Tractor-Trailer";"BAU";"%";2050;"0";"Sensitivity | Removed policies except for bio/syn fuel mandates";"Hydrogen"
"OPEX";"Taxes";"NL";"Tax reduction";"Rigid";"BAU";"%";2050;"0";"Sensitivity | Removed policies except for bio/syn fuel mandates";"Hydrogen"
"OPEX";"Taxes";"NL";"Tax reduction";"Tractor-Trailer";"BAU";"%";2050;"0";"Sensitivity | Removed policies except for bio/syn fuel mandates";"Hydrogen"
"OPEX";"Taxes";"PL";"Tax reduction";"Rigid";"BAU";"%";2050;"0";"Sensitivity | Removed policies except for bio/syn fuel mandates";"Hydrogen"
"OPEX";"Taxes";"PL";"Tax reduction";"Tractor-Trailer";"BAU";"%";2050;"0";"Sensitivity | Removed policies except for bio/syn fuel mandates";"Hydrogen"
"OPEX";"Taxes";"UK";"Tax reduction";"Rigid";"BAU";"%";2050;"0";"Sensitivity | Removed policies except for bio/syn fuel mandates";"Hydrogen"
"OPEX";"Taxes";"UK";"Tax reduction";"Tractor-Trailer";"BAU";"%";2050;"0";"Sensitivity | Removed policies except for bio/syn fuel mandates";"Hydrogen"
"OPEX";"Taxes";"DE";"Increasing grid fees";"Rigid";"PROG";"%";2050;"0.3";"Sensitivity | Removed policies except for bio/syn fuel mandates";"Electricity"
"OPEX";"Taxes";"DE";"Increasing grid fees";"Tractor-Trailer";"PROG";"%";2050;"0.3";"Sensitivity | Removed policies except for bio/syn fuel mandates";"Electricity"
"OPEX";"Taxes";"ES";"Increasing grid fees";"Rigid";"PROG";"%";2050;"0.3";"Sensitivity | Removed policies except for bio/syn fuel mandates";"Electricity"
"OPEX";"Taxes";"ES";"Increasing grid fees";"Tractor-Trailer";"PROG";"%";2050;"0.3";"Sensitivity | Removed policies except for bio/syn fuel mandates";"Electricity"
"OPEX";"Taxes";"FR";"Increasing grid fees";"Rigid";"PROG";"%";2050;"0.3";"Sensitivity | Removed policies except for bio/syn fuel mandates";"Electricity"
"OPEX";"Taxes";"FR";"Increasing grid fees";"Tractor-Trailer";"PROG";"%";2050;"0.3";"Sensitivity | Removed policies except for bio/syn fuel mandates";"Electricity"
"OPEX";"Taxes";"IT";"Increasing grid fees";"Rigid";"PROG";"%";2050;"0.3";"Sensitivity | Removed policies except for bio/syn fuel mandates";"Electricity"
"OPEX";"Taxes";"IT";"Increasing grid fees";"Tractor-Trailer";"PROG";"%";2050;"0.3";"Sensitivity | Removed policies except for bio/syn fuel mandates";"Electricity"
"OPEX";"Taxes";"NL";"Increasing grid fees";"Rigid";"PROG";"%";2050;"0.3";"Sensitivity | Removed policies except for bio/syn fuel mandates";"Electricity"
"OPEX";"Taxes";"NL";"Increasing grid fees";"Tractor-Trailer";"PROG";"%";2050;"0.3";"Sensitivity | Removed policies except for bio/syn fuel mandates";"Electricity"
"OPEX";"Taxes";"PL";"Increasing grid fees";"Rigid";"PROG";"%";2050;"0.3";"Sensitivity | Removed policies except for bio/syn fuel mandates";"Electricity"
"OPEX";"Taxes";"PL";"Increasing grid fees";"Tractor-Trailer";"PROG";"%";2050;"0.3";"Sensitivity | Removed policies except for bio/syn fuel mandates";"Electricity"
"OPEX";"Taxes";"UK";"Increasing grid fees";"Rigid";"PROG";"%";2050;"0.3";"Sensitivity | Removed policies except for bio/syn fuel mandates";"Electricity"
"OPEX";"Taxes";"UK";"Increasing grid fees";"Tractor-Trailer";"PROG";"%";2050;"0.3";"Sensitivity | Removed policies except for bio/syn fuel mandates";"Electricity"
"OPEX";"Taxes";"DE";"Increasing grid fees";"Rigid";"BAU";"%";2050;"0.5";"Sensitivity | Removed policies except for bio/syn fuel mandates";"Electricity"
"OPEX";"Taxes";"DE";"Increasing grid fees";"Tractor-Trailer";"BAU";"%";2050;"0.5";"Sensitivity | Removed policies except for bio/syn fuel mandates";"Electricity"
"OPEX";"Taxes";"ES";"Increasing grid fees";"Rigid";"BAU";"%";2050;"0.5";"Sensitivity | Removed policies except for bio/syn fuel mandates";"Electricity"
"OPEX";"Taxes";"ES";"Increasing grid fees";"Tractor-Trailer";"BAU";"%";2050;"0.5";"Sensitivity | Removed policies except for bio/syn fuel mandates";"Electricity"
"OPEX";"Taxes";"FR";"Increasing grid fees";"Rigid";"BAU";"%";2050;"0.5";"Sensitivity | Removed policies except for bio/syn fuel mandates";"Electricity"
"OPEX";"Taxes";"FR";"Increasing grid fees";"Tractor-Trailer";"BAU";"%";2050;"0.5";"Sensitivity | Removed policies except for bio/syn fuel mandates";"Electricity"
"OPEX";"Taxes";"IT";"Increasing grid fees";"Rigid";"BAU";"%";2050;"0.5";"Sensitivity | Removed policies except for bio/syn fuel mandates";"Electricity"
"OPEX";"Taxes";"IT";"Increasing grid fees";"Tractor-Trailer";"BAU";"%";2050;"0.5";"Sensitivity | Removed policies except for bio/syn fuel mandates";"Electricity"
"OPEX";"Taxes";"NL";"Increasing grid fees";"Rigid";"BAU";"%";2050;"0.5";"Sensitivity | Removed policies except for bio/syn fuel mandates";"Electricity"
"OPEX";"Taxes";"NL";"Increasing grid fees";"Tractor-Trailer";"BAU";"%";2050;"0.5";"Sensitivity | Removed policies except for bio/syn fuel mandates";"Electricity"
"OPEX";"Taxes";"PL";"Increasing grid fees";"Rigid";"BAU";"%";2050;"0.5";"Sensitivity | Removed policies except for bio/syn fuel mandates";"Electricity"
"OPEX";"Taxes";"PL";"Increasing grid fees";"Tractor-Trailer";"BAU";"%";2050;"0.5";"Sensitivity | Removed policies except for bio/syn fuel mandates";"Electricity"
"OPEX";"Taxes";"UK";"Increasing grid fees";"Rigid";"BAU";"%";2050;"0.5";"Sensitivity | Removed policies except for bio/syn fuel mandates";"Electricity"
"OPEX";"Taxes";"UK";"Increasing grid fees";"Tractor-Trailer";"BAU";"%";2050;"0.5";"Sensitivity | Removed policies except for bio/syn fuel mandates";"Electricity"
"OPEX";"Diesel";"FR";"Biodiesel Price";"Rigid";"PROG";"EUR/kWh";2030;"0.106";"Sensitivity | Removed policies except for bio/syn fuel mandates";"Diesel"
"OPEX";"Diesel";"FR";"Biodiesel Price";"Tractor-Trailer";"PROG";"EUR/kWh";2030;"0.106";"Sensitivity | Removed policies except for bio/syn fuel mandates";"Diesel"
"OPEX";"Diesel";"DE";"Biodiesel Price";"Rigid";"PROG";"EUR/kWh";2030;"0.106";"Sensitivity | Removed policies except for bio/syn fuel mandates";"Diesel"
"OPEX";"Diesel";"DE";"Biodiesel Price";"Tractor-Trailer";"PROG";"EUR/kWh";2030;"0.106";"Sensitivity | Removed policies except for bio/syn fuel mandates";"Diesel"
"OPEX";"Diesel";"ES";"Biodiesel Price";"Rigid";"PROG";"EUR/kWh";2030;"0.106";"Sensitivity | Removed policies except for bio/syn fuel mandates";"Diesel"
"OPEX";"Diesel";"ES";"Biodiesel Price";"Tractor-Trailer";"PROG";"EUR/kWh";2030;"0.106";"Sensitivity | Removed policies except for bio/syn fuel mandates";"Diesel"
"OPEX";"Diesel";"IT";"Biodiesel Price";"Rigid";"PROG";"EUR/kWh";2030;"0.106";"Sensitivity | Removed policies except for bio/syn fuel mandates";"Diesel"
"OPEX";"Diesel";"IT";"Biodiesel Price";"Tractor-Trailer";"PROG";"EUR/kWh";2030;"0.106";"Sensitivity | Removed policies except for bio/syn fuel mandates";"Diesel"
"OPEX";"Diesel";"NL";"Biodiesel Price";"Rigid";"PROG";"EUR/kWh";2030;"0.106";"Sensitivity | Removed policies except for bio/syn fuel mandates";"Diesel"
"OPEX";"Diesel";"NL";"Biodiesel Price";"Tractor-Trailer";"PROG";"EUR/kWh";2030;"0.106";"Sensitivity | Removed policies except for bio/syn fuel mandates";"Diesel"
"OPEX";"Diesel";"PL";"Biodiesel Price";"Rigid";"PROG";"EUR/kWh";2030;"0.106";"Sensitivity | Removed policies except for bio/syn fuel mandates";"Diesel"
"OPEX";"Diesel";"PL";"Biodiesel Price";"Tractor-Trailer";"PROG";"EUR/kWh";2030;"0.106";"Sensitivity | Removed policies except for bio/syn fuel mandates";"Diesel"
"OPEX";"Diesel";"UK";"Biodiesel Price";"Rigid";"PROG";"EUR/kWh";2030;"0.106";"Sensitivity | Removed policies except for bio/syn fuel mandates";"Diesel"
"OPEX";"Diesel";"UK";"Biodiesel Price";"Tractor-Trailer";"PROG";"EUR/kWh";2030;"0.106";"Sensitivity | Removed policies except for bio/syn fuel mandates";"Diesel"
"OPEX";"Diesel";"DE";"Pt-Diesel Price";"Rigid";"PROG";"EUR/kWh";2030;"0.244";"Sensitivity | Removed policies except for bio/syn fuel mandates";"Diesel"
"OPEX";"Diesel";"DE";"Pt-Diesel Price";"Tractor-Trailer";"PROG";"EUR/kWh";2030;"0.244";"Sensitivity | Removed policies except for bio/syn fuel mandates";"Diesel"
"OPEX";"Diesel";"ES";"Pt-Diesel Price";"Rigid";"PROG";"EUR/kWh";2030;"0.244";"Sensitivity | Removed policies except for bio/syn fuel mandates";"Diesel"
"OPEX";"Diesel";"ES";"Pt-Diesel Price";"Tractor-Trailer";"PROG";"EUR/kWh";2030;"0.244";"Sensitivity | Removed policies except for bio/syn fuel mandates";"Diesel"
"OPEX";"Diesel";"FR";"Pt-Diesel Price";"Rigid";"PROG";"EUR/kWh";2030;"0.244";"Sensitivity | Removed policies except for bio/syn fuel mandates";"Diesel"
"OPEX";"Diesel";"FR";"Pt-Diesel Price";"Tractor-Trailer";"PROG";"EUR/kWh";2030;"0.244";"Sensitivity | Removed policies except for bio/syn fuel mandates";"Diesel"
"OPEX";"Diesel";"IT";"Pt-Diesel Price";"Rigid";"PROG";"EUR/kWh";2030;"0.244";"Sensitivity | Removed policies except for bio/syn fuel mandates";"Diesel"
"OPEX";"Diesel";"IT";"Pt-Diesel Price";"Tractor-Trailer";"PROG";"EUR/kWh";2030;"0.244";"Sensitivity | Removed policies except for bio/syn fuel mandates";"Diesel"
"OPEX";"Diesel";"NL";"Pt-Diesel Price";"Rigid";"PROG";"EUR/kWh";2030;"0.244";"Sensitivity | Removed policies except for bio/syn fuel mandates";"Diesel"
"OPEX";"Diesel";"NL";"Pt-Diesel Price";"Tractor-Trailer";"PROG";"EUR/kWh";2030;"0.244";"Sensitivity | Removed policies except for bio/syn fuel mandates";"Diesel"
"OPEX";"Diesel";"PL";"Pt-Diesel Price";"Rigid";"PROG";"EUR/kWh";2030;"0.244";"Sensitivity | Removed policies except for bio/syn fuel mandates";"Diesel"
"OPEX";"Diesel";"PL";"Pt-Diesel Price";"Tractor-Trailer";"PROG";"EUR/kWh";2030;"0.244";"Sensitivity | Removed policies except for bio/syn fuel mandates";"Diesel"
"OPEX";"Diesel";"UK";"Pt-Diesel Price";"Rigid";"PROG";"EUR/kWh";2030;"0.244";"Sensitivity | Removed policies except for bio/syn fuel mandates";"Diesel"
"OPEX";"Diesel";"UK";"Pt-Diesel Price";"Tractor-Trailer";"PROG";"EUR/kWh";2030;"0.244";"Sensitivity | Removed policies except for bio/syn fuel mandates";"Diesel"
"OPEX";"Electricity";"DE";"Electricity Price";"Rigid";"PROG";"EUR/kWh";2030;"0.064";"Sensitivity | Removed policies except for bio/syn fuel mandates";"Electricity"
"OPEX";"Electricity";"DE";"Electricity Price";"Tractor-Trailer";"PROG";"EUR/kWh";2030;"0.064";"Sensitivity | Removed policies except for bio/syn fuel mandates";"Electricity"
"OPEX";"Electricity";"ES";"Electricity Price";"Rigid";"PROG";"EUR/kWh";2030;"0.064";"Sensitivity | Removed policies except for bio/syn fuel mandates";"Electricity"
"OPEX";"Electricity";"ES";"Electricity Price";"Tractor-Trailer";"PROG";"EUR/kWh";2030;"0.064";"Sensitivity | Removed policies except for bio/syn fuel mandates";"Electricity"
"OPEX";"Electricity";"FR";"Electricity Price";"Rigid";"PROG";"EUR/kWh";2030;"0.064";"Sensitivity | Removed policies except for bio/syn fuel mandates";"Electricity"
"OPEX";"Electricity";"FR";"Electricity Price";"Tractor-Trailer";"PROG";"EUR/kWh";2030;"0.064";"Sensitivity | Removed policies except for bio/syn fuel mandates";"Electricity"
"OPEX";"Electricity";"IT";"Electricity Price";"Rigid";"PROG";"EUR/kWh";2030;"0.064";"Sensitivity | Removed policies except for bio/syn fuel mandates";"Electricity"
"OPEX";"Electricity";"IT";"Electricity Price";"Tractor-Trailer";"PROG";"EUR/kWh";2030;"0.064";"Sensitivity | Removed policies except for bio/syn fuel mandates";"Electricity"
"OPEX";"Electricity";"NL";"Electricity Price";"Rigid";"PROG";"EUR/kWh";2030;"0.064";"Sensitivity | Removed policies except for bio/syn fuel mandates";"Electricity"
"OPEX";"Electricity";"NL";"Electricity Price";"Tractor-Trailer";"PROG";"EUR/kWh";2030;"0.064";"Sensitivity | Removed policies except for bio/syn fuel mandates";"Electricity"
"OPEX";"Electricity";"PL";"Electricity Price";"Rigid";"PROG";"EUR/kWh";2030;"0.064";"Sensitivity | Removed policies except for bio/syn fuel mandates";"Electricity"
"OPEX";"Electricity";"PL";"Electricity Price";"Tractor-Trailer";"PROG";"EUR/kWh";2030;"0.064";"Sensitivity | Removed policies except for bio/syn fuel mandates";"Electricity"
"OPEX";"Electricity";"UK";"Electricity Price";"Rigid";"PROG";"EUR/kWh";2030;"0.064";"Sensitivity | Removed policies except for bio/syn fuel mandates";"Electricity"
"OPEX";"Electricity";"UK";"Electricity Price";"Tractor-Trailer";"PROG";"EUR/kWh";2030;"0.064";"Sensitivity | Removed policies except for bio/syn fuel mandates";"Electricity"
"OPEX";"Hydrogen";"DE";"Hydrogen Price";"Rigid";"PROG";"EUR/kWh";2030;"0.129";"Sensitivity | Removed policies except for bio/syn fuel mandates";"Hydrogen"
"OPEX";"Hydrogen";"DE";"Hydrogen Price";"Tractor-Trailer";"PROG";"EUR/kWh";2030;"0.129";"Sensitivity | Removed policies except for bio/syn fuel mandates";"Hydrogen"
"OPEX";"Hydrogen";"ES";"Hydrogen Price";"Rigid";"PROG";"EUR/kWh";2030;"0.129";"Sensitivity | Removed policies except for bio/syn fuel mandates";"Hydrogen"
"OPEX";"Hydrogen";"ES";"Hydrogen Price";"Tractor-Trailer";"PROG";"EUR/kWh";2030;"0.129";"Sensitivity | Removed policies except for bio/syn fuel mandates";"Hydrogen"
"OPEX";"Hydrogen";"FR";"Hydrogen Price";"Rigid";"PROG";"EUR/kWh";2030;"0.129";"Sensitivity | Removed policies except for bio/syn fuel mandates";"Hydrogen"
"OPEX";"Hydrogen";"FR";"Hydrogen Price";"Tractor-Trailer";"PROG";"EUR/kWh";2030;"0.129";"Sensitivity | Removed policies except for bio/syn fuel mandates";"Hydrogen"
"OPEX";"Hydrogen";"IT";"Hydrogen Price";"Rigid";"PROG";"EUR/kWh";2030;"0.129";"Sensitivity | Removed policies except for bio/syn fuel mandates";"Hydrogen"
"OPEX";"Hydrogen";"IT";"Hydrogen Price";"Tractor-Trailer";"PROG";"EUR/kWh";2030;"0.129";"Sensitivity | Removed policies except for bio/syn fuel mandates";"Hydrogen"
"OPEX";"Hydrogen";"NL";"Hydrogen Price";"Rigid";"PROG";"EUR/kWh";2030;"0.129";"Sensitivity | Removed policies except for bio/syn fuel mandates";"Hydrogen"
"OPEX";"Hydrogen";"NL";"Hydrogen Price";"Tractor-Trailer";"PROG";"EUR/kWh";2030;"0.129";"Sensitivity | Removed policies except for bio/syn fuel mandates";"Hydrogen"
"OPEX";"Hydrogen";"PL";"Hydrogen Price";"Rigid";"PROG";"EUR/kWh";2030;"0.129";"Sensitivity | Removed policies except for bio/syn fuel mandates";"Hydrogen"
"OPEX";"Hydrogen";"PL";"Hydrogen Price";"Tractor-Trailer";"PROG";"EUR/kWh";2030;"0.129";"Sensitivity | Removed policies except for bio/syn fuel mandates";"Hydrogen"
"OPEX";"Hydrogen";"UK";"Hydrogen Price";"Rigid";"PROG";"EUR/kWh";2030;"0.129";"Sensitivity | Removed policies except for bio/syn fuel mandates";"Hydrogen"
"OPEX";"Hydrogen";"UK";"Hydrogen Price";"Tractor-Trailer";"PROG";"EUR/kWh";2030;"0.129";"Sensitivity | Removed policies except for bio/syn fuel mandates";"Hydrogen"
"OPEX";"Diesel";"FR";"Biodiesel Price";"Rigid";"PROG";"EUR/kWh";2035;"0.119";"Sensitivity | Removed policies except for bio/syn fuel mandates";"Diesel"
"OPEX";"Diesel";"FR";"Biodiesel Price";"Tractor-Trailer";"PROG";"EUR/kWh";2035;"0.119";"Sensitivity | Removed policies except for bio/syn fuel mandates";"Diesel"
"OPEX";"Diesel";"DE";"Biodiesel Price";"Rigid";"PROG";"EUR/kWh";2035;"0.119";"Sensitivity | Removed policies except for bio/syn fuel mandates";"Diesel"
"OPEX";"Diesel";"DE";"Biodiesel Price";"Tractor-Trailer";"PROG";"EUR/kWh";2035;"0.119";"Sensitivity | Removed policies except for bio/syn fuel mandates";"Diesel"
"OPEX";"Diesel";"ES";"Biodiesel Price";"Rigid";"PROG";"EUR/kWh";2035;"0.119";"Sensitivity | Removed policies except for bio/syn fuel mandates";"Diesel"
"OPEX";"Diesel";"ES";"Biodiesel Price";"Tractor-Trailer";"PROG";"EUR/kWh";2035;"0.119";"Sensitivity | Removed policies except for bio/syn fuel mandates";"Diesel"
"OPEX";"Diesel";"IT";"Biodiesel Price";"Rigid";"PROG";"EUR/kWh";2035;"0.119";"Sensitivity | Removed policies except for bio/syn fuel mandates";"Diesel"
"OPEX";"Diesel";"IT";"Biodiesel Price";"Tractor-Trailer";"PROG";"EUR/kWh";2035;"0.119";"Sensitivity | Removed policies except for bio/syn fuel mandates";"Diesel"
"OPEX";"Diesel";"NL";"Biodiesel Price";"Rigid";"PROG";"EUR/kWh";2035;"0.119";"Sensitivity | Removed policies except for bio/syn fuel mandates";"Diesel"
"OPEX";"Diesel";"NL";"Biodiesel Price";"Tractor-Trailer";"PROG";"EUR/kWh";2035;"0.119";"Sensitivity | Removed policies except for bio/syn fuel mandates";"Diesel"
"OPEX";"Diesel";"PL";"Biodiesel Price";"Rigid";"PROG";"EUR/kWh";2035;"0.119";"Sensitivity | Removed policies except for bio/syn fuel mandates";"Diesel"
"OPEX";"Diesel";"PL";"Biodiesel Price";"Tractor-Trailer";"PROG";"EUR/kWh";2035;"0.119";"Sensitivity | Removed policies except for bio/syn fuel mandates";"Diesel"
"OPEX";"Diesel";"UK";"Biodiesel Price";"Rigid";"PROG";"EUR/kWh";2035;"0.119";"Sensitivity | Removed policies except for bio/syn fuel mandates";"Diesel"
"OPEX";"Diesel";"UK";"Biodiesel Price";"Tractor-Trailer";"PROG";"EUR/kWh";2035;"0.119";"Sensitivity | Removed policies except for bio/syn fuel mandates";"Diesel"
"OPEX";"Diesel";"DE";"Pt-Diesel Price";"Rigid";"PROG";"EUR/kWh";2035;"0.215";"Sensitivity | Removed policies except for bio/syn fuel mandates";"Diesel"
"OPEX";"Diesel";"DE";"Pt-Diesel Price";"Tractor-Trailer";"PROG";"EUR/kWh";2035;"0.215";"Sensitivity | Removed policies except for bio/syn fuel mandates";"Diesel"
"OPEX";"Diesel";"ES";"Pt-Diesel Price";"Rigid";"PROG";"EUR/kWh";2035;"0.215";"Sensitivity | Removed policies except for bio/syn fuel mandates";"Diesel"
"OPEX";"Diesel";"ES";"Pt-Diesel Price";"Tractor-Trailer";"PROG";"EUR/kWh";2035;"0.215";"Sensitivity | Removed policies except for bio/syn fuel mandates";"Diesel"
"OPEX";"Diesel";"FR";"Pt-Diesel Price";"Rigid";"PROG";"EUR/kWh";2035;"0.215";"Sensitivity | Removed policies except for bio/syn fuel mandates";"Diesel"
"OPEX";"Diesel";"FR";"Pt-Diesel Price";"Tractor-Trailer";"PROG";"EUR/kWh";2035;"0.215";"Sensitivity | Removed policies except for bio/syn fuel mandates";"Diesel"
"OPEX";"Diesel";"IT";"Pt-Diesel Price";"Rigid";"PROG";"EUR/kWh";2035;"0.215";"Sensitivity | Removed policies except for bio/syn fuel mandates";"Diesel"
"OPEX";"Diesel";"IT";"Pt-Diesel Price";"Tractor-Trailer";"PROG";"EUR/kWh";2035;"0.215";"Sensitivity | Removed policies except for bio/syn fuel mandates";"Diesel"
"OPEX";"Diesel";"NL";"Pt-Diesel Price";"Rigid";"PROG";"EUR/kWh";2035;"0.215";"Sensitivity | Removed policies except for bio/syn fuel mandates";"Diesel"
"OPEX";"Diesel";"NL";"Pt-Diesel Price";"Tractor-Trailer";"PROG";"EUR/kWh";2035;"0.215";"Sensitivity | Removed policies except for bio/syn fuel mandates";"Diesel"
"OPEX";"Diesel";"PL";"Pt-Diesel Price";"Rigid";"PROG";"EUR/kWh";2035;"0.215";"Sensitivity | Removed policies except for bio/syn fuel mandates";"Diesel"
"OPEX";"Diesel";"PL";"Pt-Diesel Price";"Tractor-Trailer";"PROG";"EUR/kWh";2035;"0.215";"Sensitivity | Removed policies except for bio/syn fuel mandates";"Diesel"
"OPEX";"Diesel";"UK";"Pt-Diesel Price";"Rigid";"PROG";"EUR/kWh";2035;"0.215";"Sensitivity | Removed policies except for bio/syn fuel mandates";"Diesel"
"OPEX";"Diesel";"UK";"Pt-Diesel Price";"Tractor-Trailer";"PROG";"EUR/kWh";2035;"0.215";"Sensitivity | Removed policies except for bio/syn fuel mandates";"Diesel"
"OPEX";"Electricity";"DE";"Electricity Price";"Rigid";"PROG";"EUR/kWh";2035;"0.054";"Sensitivity | Removed policies except for bio/syn fuel mandates";"Electricity"
"OPEX";"Electricity";"DE";"Electricity Price";"Tractor-Trailer";"PROG";"EUR/kWh";2035;"0.054";"Sensitivity | Removed policies except for bio/syn fuel mandates";"Electricity"
"OPEX";"Electricity";"ES";"Electricity Price";"Rigid";"PROG";"EUR/kWh";2035;"0.054";"Sensitivity | Removed policies except for bio/syn fuel mandates";"Electricity"
"OPEX";"Electricity";"ES";"Electricity Price";"Tractor-Trailer";"PROG";"EUR/kWh";2035;"0.054";"Sensitivity | Removed policies except for bio/syn fuel mandates";"Electricity"
"OPEX";"Electricity";"FR";"Electricity Price";"Rigid";"PROG";"EUR/kWh";2035;"0.054";"Sensitivity | Removed policies except for bio/syn fuel mandates";"Electricity"
"OPEX";"Electricity";"FR";"Electricity Price";"Tractor-Trailer";"PROG";"EUR/kWh";2035;"0.054";"Sensitivity | Removed policies except for bio/syn fuel mandates";"Electricity"
"OPEX";"Electricity";"IT";"Electricity Price";"Rigid";"PROG";"EUR/kWh";2035;"0.054";"Sensitivity | Removed policies except for bio/syn fuel mandates";"Electricity"
"OPEX";"Electricity";"IT";"Electricity Price";"Tractor-Trailer";"PROG";"EUR/kWh";2035;"0.054";"Sensitivity | Removed policies except for bio/syn fuel mandates";"Electricity"
"OPEX";"Electricity";"NL";"Electricity Price";"Rigid";"PROG";"EUR/kWh";2035;"0.054";"Sensitivity | Removed policies except for bio/syn fuel mandates";"Electricity"
"OPEX";"Electricity";"NL";"Electricity Price";"Tractor-Trailer";"PROG";"EUR/kWh";2035;"0.054";"Sensitivity | Removed policies except for bio/syn fuel mandates";"Electricity"
"OPEX";"Electricity";"PL";"Electricity Price";"Rigid";"PROG";"EUR/kWh";2035;"0.054";"Sensitivity | Removed policies except for bio/syn fuel mandates";"Electricity"
"OPEX";"Electricity";"PL";"Electricity Price";"Tractor-Trailer";"PROG";"EUR/kWh";2035;"0.054";"Sensitivity | Removed policies except for bio/syn fuel mandates";"Electricity"
"OPEX";"Electricity";"UK";"Electricity Price";"Rigid";"PROG";"EUR/kWh";2035;"0.054";"Sensitivity | Removed policies except for bio/syn fuel mandates";"Electricity"
"OPEX";"Electricity";"UK";"Electricity Price";"Tractor-Trailer";"PROG";"EUR/kWh";2035;"0.054";"Sensitivity | Removed policies except for bio/syn fuel mandates";"Electricity"
"OPEX";"Hydrogen";"DE";"Hydrogen Price";"Rigid";"PROG";"EUR/kWh";2035;"0.112";"Sensitivity | Removed policies except for bio/syn fuel mandates";"Hydrogen"
"OPEX";"Hydrogen";"DE";"Hydrogen Price";"Tractor-Trailer";"PROG";"EUR/kWh";2035;"0.112";"Sensitivity | Removed policies except for bio/syn fuel mandates";"Hydrogen"
"OPEX";"Hydrogen";"ES";"Hydrogen Price";"Rigid";"PROG";"EUR/kWh";2035;"0.112";"Sensitivity | Removed policies except for bio/syn fuel mandates";"Hydrogen"
"OPEX";"Hydrogen";"ES";"Hydrogen Price";"Tractor-Trailer";"PROG";"EUR/kWh";2035;"0.112";"Sensitivity | Removed policies except for bio/syn fuel mandates";"Hydrogen"
"OPEX";"Hydrogen";"FR";"Hydrogen Price";"Rigid";"PROG";"EUR/kWh";2035;"0.112";"Sensitivity | Removed policies except for bio/syn fuel mandates";"Hydrogen"
"OPEX";"Hydrogen";"FR";"Hydrogen Price";"Tractor-Trailer";"PROG";"EUR/kWh";2035;"0.112";"Sensitivity | Removed policies except for bio/syn fuel mandates";"Hydrogen"
"OPEX";"Hydrogen";"IT";"Hydrogen Price";"Rigid";"PROG";"EUR/kWh";2035;"0.112";"Sensitivity | Removed policies except for bio/syn fuel mandates";"Hydrogen"
"OPEX";"Hydrogen";"IT";"Hydrogen Price";"Tractor-Trailer";"PROG";"EUR/kWh";2035;"0.112";"Sensitivity | Removed policies except for bio/syn fuel mandates";"Hydrogen"
"OPEX";"Hydrogen";"NL";"Hydrogen Price";"Rigid";"PROG";"EUR/kWh";2035;"0.112";"Sensitivity | Removed policies except for bio/syn fuel mandates";"Hydrogen"
"OPEX";"Hydrogen";"NL";"Hydrogen Price";"Tractor-Trailer";"PROG";"EUR/kWh";2035;"0.112";"Sensitivity | Removed policies except for bio/syn fuel mandates";"Hydrogen"
"OPEX";"Hydrogen";"PL";"Hydrogen Price";"Rigid";"PROG";"EUR/kWh";2035;"0.112";"Sensitivity | Removed policies except for bio/syn fuel mandates";"Hydrogen"
"OPEX";"Hydrogen";"PL";"Hydrogen Price";"Tractor-Trailer";"PROG";"EUR/kWh";2035;"0.112";"Sensitivity | Removed policies except for bio/syn fuel mandates";"Hydrogen"
"OPEX";"Hydrogen";"UK";"Hydrogen Price";"Rigid";"PROG";"EUR/kWh";2035;"0.112";"Sensitivity | Removed policies except for bio/syn fuel mandates";"Hydrogen"
"OPEX";"Hydrogen";"UK";"Hydrogen Price";"Tractor-Trailer";"PROG";"EUR/kWh";2035;"0.112";"Sensitivity | Removed policies except for bio/syn fuel mandates";"Hydrogen"
"OPEX";"Diesel";"FR";"Biodiesel Price";"Rigid";"PROG";"EUR/kWh";2040;"0.131";"Sensitivity | Removed policies except for bio/syn fuel mandates";"Diesel"
"OPEX";"Diesel";"FR";"Biodiesel Price";"Tractor-Trailer";"PROG";"EUR/kWh";2040;"0.131";"Sensitivity | Removed policies except for bio/syn fuel mandates";"Diesel"
"OPEX";"Diesel";"DE";"Biodiesel Price";"Rigid";"PROG";"EUR/kWh";2040;"0.131";"Sensitivity | Removed policies except for bio/syn fuel mandates";"Diesel"
"OPEX";"Diesel";"DE";"Biodiesel Price";"Tractor-Trailer";"PROG";"EUR/kWh";2040;"0.131";"Sensitivity | Removed policies except for bio/syn fuel mandates";"Diesel"
"OPEX";"Diesel";"ES";"Biodiesel Price";"Rigid";"PROG";"EUR/kWh";2040;"0.131";"Sensitivity | Removed policies except for bio/syn fuel mandates";"Diesel"
"OPEX";"Diesel";"ES";"Biodiesel Price";"Tractor-Trailer";"PROG";"EUR/kWh";2040;"0.131";"Sensitivity | Removed policies except for bio/syn fuel mandates";"Diesel"
"OPEX";"Diesel";"IT";"Biodiesel Price";"Rigid";"PROG";"EUR/kWh";2040;"0.131";"Sensitivity | Removed policies except for bio/syn fuel mandates";"Diesel"
"OPEX";"Diesel";"IT";"Biodiesel Price";"Tractor-Trailer";"PROG";"EUR/kWh";2040;"0.131";"Sensitivity | Removed policies except for bio/syn fuel mandates";"Diesel"
"OPEX";"Diesel";"NL";"Biodiesel Price";"Rigid";"PROG";"EUR/kWh";2040;"0.131";"Sensitivity | Removed policies except for bio/syn fuel mandates";"Diesel"
"OPEX";"Diesel";"NL";"Biodiesel Price";"Tractor-Trailer";"PROG";"EUR/kWh";2040;"0.131";"Sensitivity | Removed policies except for bio/syn fuel mandates";"Diesel"
"OPEX";"Diesel";"PL";"Biodiesel Price";"Rigid";"PROG";"EUR/kWh";2040;"0.131";"Sensitivity | Removed policies except for bio/syn fuel mandates";"Diesel"
"OPEX";"Diesel";"PL";"Biodiesel Price";"Tractor-Trailer";"PROG";"EUR/kWh";2040;"0.131";"Sensitivity | Removed policies except for bio/syn fuel mandates";"Diesel"
"OPEX";"Diesel";"UK";"Biodiesel Price";"Rigid";"PROG";"EUR/kWh";2040;"0.131";"Sensitivity | Removed policies except for bio/syn fuel mandates";"Diesel"
"OPEX";"Diesel";"UK";"Biodiesel Price";"Tractor-Trailer";"PROG";"EUR/kWh";2040;"0.131";"Sensitivity | Removed policies except for bio/syn fuel mandates";"Diesel"
"OPEX";"Diesel";"DE";"Pt-Diesel Price";"Rigid";"PROG";"EUR/kWh";2040;"0.186";"Sensitivity | Removed policies except for bio/syn fuel mandates";"Diesel"
"OPEX";"Diesel";"DE";"Pt-Diesel Price";"Tractor-Trailer";"PROG";"EUR/kWh";2040;"0.186";"Sensitivity | Removed policies except for bio/syn fuel mandates";"Diesel"
"OPEX";"Diesel";"ES";"Pt-Diesel Price";"Rigid";"PROG";"EUR/kWh";2040;"0.186";"Sensitivity | Removed policies except for bio/syn fuel mandates";"Diesel"
"OPEX";"Diesel";"ES";"Pt-Diesel Price";"Tractor-Trailer";"PROG";"EUR/kWh";2040;"0.186";"Sensitivity | Removed policies except for bio/syn fuel mandates";"Diesel"
"OPEX";"Diesel";"FR";"Pt-Diesel Price";"Rigid";"PROG";"EUR/kWh";2040;"0.186";"Sensitivity | Removed policies except for bio/syn fuel mandates";"Diesel"
"OPEX";"Diesel";"FR";"Pt-Diesel Price";"Tractor-Trailer";"PROG";"EUR/kWh";2040;"0.186";"Sensitivity | Removed policies except for bio/syn fuel mandates";"Diesel"
"OPEX";"Diesel";"IT";"Pt-Diesel Price";"Rigid";"PROG";"EUR/kWh";2040;"0.186";"Sensitivity | Removed policies except for bio/syn fuel mandates";"Diesel"
"OPEX";"Diesel";"IT";"Pt-Diesel Price";"Tractor-Trailer";"PROG";"EUR/kWh";2040;"0.186";"Sensitivity | Removed policies except for bio/syn fuel mandates";"Diesel"
"OPEX";"Diesel";"NL";"Pt-Diesel Price";"Rigid";"PROG";"EUR/kWh";2040;"0.186";"Sensitivity | Removed policies except for bio/syn fuel mandates";"Diesel"
"OPEX";"Diesel";"NL";"Pt-Diesel Price";"Tractor-Trailer";"PROG";"EUR/kWh";2040;"0.186";"Sensitivity | Removed policies except for bio/syn fuel mandates";"Diesel"
"OPEX";"Diesel";"PL";"Pt-Diesel Price";"Rigid";"PROG";"EUR/kWh";2040;"0.186";"Sensitivity | Removed policies except for bio/syn fuel mandates";"Diesel"
"OPEX";"Diesel";"PL";"Pt-Diesel Price";"Tractor-Trailer";"PROG";"EUR/kWh";2040;"0.186";"Sensitivity | Removed policies except for bio/syn fuel mandates";"Diesel"
"OPEX";"Diesel";"UK";"Pt-Diesel Price";"Rigid";"PROG";"EUR/kWh";2040;"0.186";"Sensitivity | Removed policies except for bio/syn fuel mandates";"Diesel"
"OPEX";"Diesel";"UK";"Pt-Diesel Price";"Tractor-Trailer";"PROG";"EUR/kWh";2040;"0.186";"Sensitivity | Removed policies except for bio/syn fuel mandates";"Diesel"
"OPEX";"Electricity";"DE";"Electricity Price";"Rigid";"PROG";"EUR/kWh";2040;"0.05";"Sensitivity | Removed policies except for bio/syn fuel mandates";"Electricity"
"OPEX";"Electricity";"DE";"Electricity Price";"Tractor-Trailer";"PROG";"EUR/kWh";2040;"0.05";"Sensitivity | Removed policies except for bio/syn fuel mandates";"Electricity"
"OPEX";"Electricity";"ES";"Electricity Price";"Rigid";"PROG";"EUR/kWh";2040;"0.05";"Sensitivity | Removed policies except for bio/syn fuel mandates";"Electricity"
"OPEX";"Electricity";"ES";"Electricity Price";"Tractor-Trailer";"PROG";"EUR/kWh";2040;"0.05";"Sensitivity | Removed policies except for bio/syn fuel mandates";"Electricity"
"OPEX";"Electricity";"FR";"Electricity Price";"Rigid";"PROG";"EUR/kWh";2040;"0.05";"Sensitivity | Removed policies except for bio/syn fuel mandates";"Electricity"
"OPEX";"Electricity";"FR";"Electricity Price";"Tractor-Trailer";"PROG";"EUR/kWh";2040;"0.05";"Sensitivity | Removed policies except for bio/syn fuel mandates";"Electricity"
"OPEX";"Electricity";"IT";"Electricity Price";"Rigid";"PROG";"EUR/kWh";2040;"0.05";"Sensitivity | Removed policies except for bio/syn fuel mandates";"Electricity"
"OPEX";"Electricity";"IT";"Electricity Price";"Tractor-Trailer";"PROG";"EUR/kWh";2040;"0.05";"Sensitivity | Removed policies except for bio/syn fuel mandates";"Electricity"
"OPEX";"Electricity";"NL";"Electricity Price";"Rigid";"PROG";"EUR/kWh";2040;"0.05";"Sensitivity | Removed policies except for bio/syn fuel mandates";"Electricity"
"OPEX";"Electricity";"NL";"Electricity Price";"Tractor-Trailer";"PROG";"EUR/kWh";2040;"0.05";"Sensitivity | Removed policies except for bio/syn fuel mandates";"Electricity"
"OPEX";"Electricity";"PL";"Electricity Price";"Rigid";"PROG";"EUR/kWh";2040;"0.05";"Sensitivity | Removed policies except for bio/syn fuel mandates";"Electricity"
"OPEX";"Electricity";"PL";"Electricity Price";"Tractor-Trailer";"PROG";"EUR/kWh";2040;"0.05";"Sensitivity | Removed policies except for bio/syn fuel mandates";"Electricity"
"OPEX";"Electricity";"UK";"Electricity Price";"Rigid";"PROG";"EUR/kWh";2040;"0.05";"Sensitivity | Removed policies except for bio/syn fuel mandates";"Electricity"
"OPEX";"Electricity";"UK";"Electricity Price";"Tractor-Trailer";"PROG";"EUR/kWh";2040;"0.05";"Sensitivity | Removed policies except for bio/syn fuel mandates";"Electricity"
"OPEX";"Hydrogen";"DE";"Hydrogen Price";"Rigid";"PROG";"EUR/kWh";2040;"0.096";"Sensitivity | Removed policies except for bio/syn fuel mandates";"Hydrogen"
"OPEX";"Hydrogen";"DE";"Hydrogen Price";"Tractor-Trailer";"PROG";"EUR/kWh";2040;"0.096";"Sensitivity | Removed policies except for bio/syn fuel mandates";"Hydrogen"
"OPEX";"Hydrogen";"ES";"Hydrogen Price";"Rigid";"PROG";"EUR/kWh";2040;"0.096";"Sensitivity | Removed policies except for bio/syn fuel mandates";"Hydrogen"
"OPEX";"Hydrogen";"ES";"Hydrogen Price";"Tractor-Trailer";"PROG";"EUR/kWh";2040;"0.096";"Sensitivity | Removed policies except for bio/syn fuel mandates";"Hydrogen"
"OPEX";"Hydrogen";"FR";"Hydrogen Price";"Rigid";"PROG";"EUR/kWh";2040;"0.096";"Sensitivity | Removed policies except for bio/syn fuel mandates";"Hydrogen"
"OPEX";"Hydrogen";"FR";"Hydrogen Price";"Tractor-Trailer";"PROG";"EUR/kWh";2040;"0.096";"Sensitivity | Removed policies except for bio/syn fuel mandates";"Hydrogen"
"OPEX";"Hydrogen";"IT";"Hydrogen Price";"Rigid";"PROG";"EUR/kWh";2040;"0.096";"Sensitivity | Removed policies except for bio/syn fuel mandates";"Hydrogen"
"OPEX";"Hydrogen";"IT";"Hydrogen Price";"Tractor-Trailer";"PROG";"EUR/kWh";2040;"0.096";"Sensitivity | Removed policies except for bio/syn fuel mandates";"Hydrogen"
"OPEX";"Hydrogen";"NL";"Hydrogen Price";"Rigid";"PROG";"EUR/kWh";2040;"0.096";"Sensitivity | Removed policies except for bio/syn fuel mandates";"Hydrogen"
"OPEX";"Hydrogen";"NL";"Hydrogen Price";"Tractor-Trailer";"PROG";"EUR/kWh";2040;"0.096";"Sensitivity | Removed policies except for bio/syn fuel mandates";"Hydrogen"
"OPEX";"Hydrogen";"PL";"Hydrogen Price";"Rigid";"PROG";"EUR/kWh";2040;"0.096";"Sensitivity | Removed policies except for bio/syn fuel mandates";"Hydrogen"
"OPEX";"Hydrogen";"PL";"Hydrogen Price";"Tractor-Trailer";"PROG";"EUR/kWh";2040;"0.096";"Sensitivity | Removed policies except for bio/syn fuel mandates";"Hydrogen"
"OPEX";"Hydrogen";"UK";"Hydrogen Price";"Rigid";"PROG";"EUR/kWh";2040;"0.096";"Sensitivity | Removed policies except for bio/syn fuel mandates";"Hydrogen"
"OPEX";"Hydrogen";"UK";"Hydrogen Price";"Tractor-Trailer";"PROG";"EUR/kWh";2040;"0.096";"Sensitivity | Removed policies except for bio/syn fuel mandates";"Hydrogen"
"OPEX";"Diesel";"FR";"Biodiesel Price";"Rigid";"PROG";"EUR/kWh";2045;"0.142";"Sensitivity | Removed policies except for bio/syn fuel mandates";"Diesel"
"OPEX";"Diesel";"FR";"Biodiesel Price";"Tractor-Trailer";"PROG";"EUR/kWh";2045;"0.142";"Sensitivity | Removed policies except for bio/syn fuel mandates";"Diesel"
"OPEX";"Diesel";"DE";"Biodiesel Price";"Rigid";"PROG";"EUR/kWh";2045;"0.142";"Sensitivity | Removed policies except for bio/syn fuel mandates";"Diesel"
"OPEX";"Diesel";"DE";"Biodiesel Price";"Tractor-Trailer";"PROG";"EUR/kWh";2045;"0.142";"Sensitivity | Removed policies except for bio/syn fuel mandates";"Diesel"
"OPEX";"Diesel";"ES";"Biodiesel Price";"Rigid";"PROG";"EUR/kWh";2045;"0.142";"Sensitivity | Removed policies except for bio/syn fuel mandates";"Diesel"
"OPEX";"Diesel";"ES";"Biodiesel Price";"Tractor-Trailer";"PROG";"EUR/kWh";2045;"0.142";"Sensitivity | Removed policies except for bio/syn fuel mandates";"Diesel"
"OPEX";"Diesel";"IT";"Biodiesel Price";"Rigid";"PROG";"EUR/kWh";2045;"0.142";"Sensitivity | Removed policies except for bio/syn fuel mandates";"Diesel"
"OPEX";"Diesel";"IT";"Biodiesel Price";"Tractor-Trailer";"PROG";"EUR/kWh";2045;"0.142";"Sensitivity | Removed policies except for bio/syn fuel mandates";"Diesel"
"OPEX";"Diesel";"NL";"Biodiesel Price";"Rigid";"PROG";"EUR/kWh";2045;"0.142";"Sensitivity | Removed policies except for bio/syn fuel mandates";"Diesel"
"OPEX";"Diesel";"NL";"Biodiesel Price";"Tractor-Trailer";"PROG";"EUR/kWh";2045;"0.142";"Sensitivity | Removed policies except for bio/syn fuel mandates";"Diesel"
"OPEX";"Diesel";"PL";"Biodiesel Price";"Rigid";"PROG";"EUR/kWh";2045;"0.142";"Sensitivity | Removed policies except for bio/syn fuel mandates";"Diesel"
"OPEX";"Diesel";"PL";"Biodiesel Price";"Tractor-Trailer";"PROG";"EUR/kWh";2045;"0.142";"Sensitivity | Removed policies except for bio/syn fuel mandates";"Diesel"
"OPEX";"Diesel";"UK";"Biodiesel Price";"Rigid";"PROG";"EUR/kWh";2045;"0.142";"Sensitivity | Removed policies except for bio/syn fuel mandates";"Diesel"
"OPEX";"Diesel";"UK";"Biodiesel Price";"Tractor-Trailer";"PROG";"EUR/kWh";2045;"0.142";"Sensitivity | Removed policies except for bio/syn fuel mandates";"Diesel"
"OPEX";"Diesel";"DE";"Pt-Diesel Price";"Rigid";"PROG";"EUR/kWh";2045;"0.156";"Sensitivity | Removed policies except for bio/syn fuel mandates";"Diesel"
"OPEX";"Diesel";"DE";"Pt-Diesel Price";"Tractor-Trailer";"PROG";"EUR/kWh";2045;"0.156";"Sensitivity | Removed policies except for bio/syn fuel mandates";"Diesel"
"OPEX";"Diesel";"ES";"Pt-Diesel Price";"Rigid";"PROG";"EUR/kWh";2045;"0.156";"Sensitivity | Removed policies except for bio/syn fuel mandates";"Diesel"
"OPEX";"Diesel";"ES";"Pt-Diesel Price";"Tractor-Trailer";"PROG";"EUR/kWh";2045;"0.156";"Sensitivity | Removed policies except for bio/syn fuel mandates";"Diesel"
"OPEX";"Diesel";"FR";"Pt-Diesel Price";"Rigid";"PROG";"EUR/kWh";2045;"0.156";"Sensitivity | Removed policies except for bio/syn fuel mandates";"Diesel"
"OPEX";"Diesel";"FR";"Pt-Diesel Price";"Tractor-Trailer";"PROG";"EUR/kWh";2045;"0.156";"Sensitivity | Removed policies except for bio/syn fuel mandates";"Diesel"
"OPEX";"Diesel";"IT";"Pt-Diesel Price";"Rigid";"PROG";"EUR/kWh";2045;"0.156";"Sensitivity | Removed policies except for bio/syn fuel mandates";"Diesel"
"OPEX";"Diesel";"IT";"Pt-Diesel Price";"Tractor-Trailer";"PROG";"EUR/kWh";2045;"0.156";"Sensitivity | Removed policies except for bio/syn fuel mandates";"Diesel"
"OPEX";"Diesel";"NL";"Pt-Diesel Price";"Rigid";"PROG";"EUR/kWh";2045;"0.156";"Sensitivity | Removed policies except for bio/syn fuel mandates";"Diesel"
"OPEX";"Diesel";"NL";"Pt-Diesel Price";"Tractor-Trailer";"PROG";"EUR/kWh";2045;"0.156";"Sensitivity | Removed policies except for bio/syn fuel mandates";"Diesel"
"OPEX";"Diesel";"PL";"Pt-Diesel Price";"Rigid";"PROG";"EUR/kWh";2045;"0.156";"Sensitivity | Removed policies except for bio/syn fuel mandates";"Diesel"
"OPEX";"Diesel";"PL";"Pt-Diesel Price";"Tractor-Trailer";"PROG";"EUR/kWh";2045;"0.156";"Sensitivity | Removed policies except for bio/syn fuel mandates";"Diesel"
"OPEX";"Diesel";"UK";"Pt-Diesel Price";"Rigid";"PROG";"EUR/kWh";2045;"0.156";"Sensitivity | Removed policies except for bio/syn fuel mandates";"Diesel"
"OPEX";"Diesel";"UK";"Pt-Diesel Price";"Tractor-Trailer";"PROG";"EUR/kWh";2045;"0.156";"Sensitivity | Removed policies except for bio/syn fuel mandates";"Diesel"
"OPEX";"Electricity";"DE";"Electricity Price";"Rigid";"PROG";"EUR/kWh";2045;"0.049";"Sensitivity | Removed policies except for bio/syn fuel mandates";"Electricity"
"OPEX";"Electricity";"DE";"Electricity Price";"Tractor-Trailer";"PROG";"EUR/kWh";2045;"0.049";"Sensitivity | Removed policies except for bio/syn fuel mandates";"Electricity"
"OPEX";"Electricity";"ES";"Electricity Price";"Rigid";"PROG";"EUR/kWh";2045;"0.049";"Sensitivity | Removed policies except for bio/syn fuel mandates";"Electricity"
"OPEX";"Electricity";"ES";"Electricity Price";"Tractor-Trailer";"PROG";"EUR/kWh";2045;"0.049";"Sensitivity | Removed policies except for bio/syn fuel mandates";"Electricity"
"OPEX";"Electricity";"FR";"Electricity Price";"Rigid";"PROG";"EUR/kWh";2045;"0.049";"Sensitivity | Removed policies except for bio/syn fuel mandates";"Electricity"
"OPEX";"Electricity";"FR";"Electricity Price";"Tractor-Trailer";"PROG";"EUR/kWh";2045;"0.049";"Sensitivity | Removed policies except for bio/syn fuel mandates";"Electricity"
"OPEX";"Electricity";"IT";"Electricity Price";"Rigid";"PROG";"EUR/kWh";2045;"0.049";"Sensitivity | Removed policies except for bio/syn fuel mandates";"Electricity"
"OPEX";"Electricity";"IT";"Electricity Price";"Tractor-Trailer";"PROG";"EUR/kWh";2045;"0.049";"Sensitivity | Removed policies except for bio/syn fuel mandates";"Electricity"
"OPEX";"Electricity";"NL";"Electricity Price";"Rigid";"PROG";"EUR/kWh";2045;"0.049";"Sensitivity | Removed policies except for bio/syn fuel mandates";"Electricity"
"OPEX";"Electricity";"NL";"Electricity Price";"Tractor-Trailer";"PROG";"EUR/kWh";2045;"0.049";"Sensitivity | Removed policies except for bio/syn fuel mandates";"Electricity"
"OPEX";"Electricity";"PL";"Electricity Price";"Rigid";"PROG";"EUR/kWh";2045;"0.049";"Sensitivity | Removed policies except for bio/syn fuel mandates";"Electricity"
"OPEX";"Electricity";"PL";"Electricity Price";"Tractor-Trailer";"PROG";"EUR/kWh";2045;"0.049";"Sensitivity | Removed policies except for bio/syn fuel mandates";"Electricity"
"OPEX";"Electricity";"UK";"Electricity Price";"Rigid";"PROG";"EUR/kWh";2045;"0.049";"Sensitivity | Removed policies except for bio/syn fuel mandates";"Electricity"
"OPEX";"Electricity";"UK";"Electricity Price";"Tractor-Trailer";"PROG";"EUR/kWh";2045;"0.049";"Sensitivity | Removed policies except for bio/syn fuel mandates";"Electricity"
"OPEX";"Hydrogen";"DE";"Hydrogen Price";"Rigid";"PROG";"EUR/kWh";2045;"0.081";"Sensitivity | Removed policies except for bio/syn fuel mandates";"Hydrogen"
"OPEX";"Hydrogen";"DE";"Hydrogen Price";"Tractor-Trailer";"PROG";"EUR/kWh";2045;"0.081";"Sensitivity | Removed policies except for bio/syn fuel mandates";"Hydrogen"
"OPEX";"Hydrogen";"ES";"Hydrogen Price";"Rigid";"PROG";"EUR/kWh";2045;"0.081";"Sensitivity | Removed policies except for bio/syn fuel mandates";"Hydrogen"
"OPEX";"Hydrogen";"ES";"Hydrogen Price";"Tractor-Trailer";"PROG";"EUR/kWh";2045;"0.081";"Sensitivity | Removed policies except for bio/syn fuel mandates";"Hydrogen"
"OPEX";"Hydrogen";"FR";"Hydrogen Price";"Rigid";"PROG";"EUR/kWh";2045;"0.081";"Sensitivity | Removed policies except for bio/syn fuel mandates";"Hydrogen"
"OPEX";"Hydrogen";"FR";"Hydrogen Price";"Tractor-Trailer";"PROG";"EUR/kWh";2045;"0.081";"Sensitivity | Removed policies except for bio/syn fuel mandates";"Hydrogen"
"OPEX";"Hydrogen";"IT";"Hydrogen Price";"Rigid";"PROG";"EUR/kWh";2045;"0.081";"Sensitivity | Removed policies except for bio/syn fuel mandates";"Hydrogen"
"OPEX";"Hydrogen";"IT";"Hydrogen Price";"Tractor-Trailer";"PROG";"EUR/kWh";2045;"0.081";"Sensitivity | Removed policies except for bio/syn fuel mandates";"Hydrogen"
"OPEX";"Hydrogen";"NL";"Hydrogen Price";"Rigid";"PROG";"EUR/kWh";2045;"0.081";"Sensitivity | Removed policies except for bio/syn fuel mandates";"Hydrogen"
"OPEX";"Hydrogen";"NL";"Hydrogen Price";"Tractor-Trailer";"PROG";"EUR/kWh";2045;"0.081";"Sensitivity | Removed policies except for bio/syn fuel mandates";"Hydrogen"
"OPEX";"Hydrogen";"PL";"Hydrogen Price";"Rigid";"PROG";"EUR/kWh";2045;"0.081";"Sensitivity | Removed policies except for bio/syn fuel mandates";"Hydrogen"
"OPEX";"Hydrogen";"PL";"Hydrogen Price";"Tractor-Trailer";"PROG";"EUR/kWh";2045;"0.081";"Sensitivity | Removed policies except for bio/syn fuel mandates";"Hydrogen"
"OPEX";"Hydrogen";"UK";"Hydrogen Price";"Rigid";"PROG";"EUR/kWh";2045;"0.081";"Sensitivity | Removed policies except for bio/syn fuel mandates";"Hydrogen"
"OPEX";"Hydrogen";"UK";"Hydrogen Price";"Tractor-Trailer";"PROG";"EUR/kWh";2045;"0.081";"Sensitivity | Removed policies except for bio/syn fuel mandates";"Hydrogen"
"OPEX";"Diesel";"FR";"Biodiesel Price";"Rigid";"PROG";"EUR/kWh";2050;"0.151";"Sensitivity | Removed policies except for bio/syn fuel mandates";"Diesel"
"OPEX";"Diesel";"FR";"Biodiesel Price";"Tractor-Trailer";"PROG";"EUR/kWh";2050;"0.151";"Sensitivity | Removed policies except for bio/syn fuel mandates";"Diesel"
"OPEX";"Diesel";"DE";"Biodiesel Price";"Rigid";"PROG";"EUR/kWh";2050;"0.151";"Sensitivity | Removed policies except for bio/syn fuel mandates";"Diesel"
"OPEX";"Diesel";"DE";"Biodiesel Price";"Tractor-Trailer";"PROG";"EUR/kWh";2050;"0.151";"Sensitivity | Removed policies except for bio/syn fuel mandates";"Diesel"
"OPEX";"Diesel";"ES";"Biodiesel Price";"Rigid";"PROG";"EUR/kWh";2050;"0.151";"Sensitivity | Removed policies except for bio/syn fuel mandates";"Diesel"
"OPEX";"Diesel";"ES";"Biodiesel Price";"Tractor-Trailer";"PROG";"EUR/kWh";2050;"0.151";"Sensitivity | Removed policies except for bio/syn fuel mandates";"Diesel"
"OPEX";"Diesel";"IT";"Biodiesel Price";"Rigid";"PROG";"EUR/kWh";2050;"0.151";"Sensitivity | Removed policies except for bio/syn fuel mandates";"Diesel"
"OPEX";"Diesel";"IT";"Biodiesel Price";"Tractor-Trailer";"PROG";"EUR/kWh";2050;"0.151";"Sensitivity | Removed policies except for bio/syn fuel mandates";"Diesel"
"OPEX";"Diesel";"NL";"Biodiesel Price";"Rigid";"PROG";"EUR/kWh";2050;"0.151";"Sensitivity | Removed policies except for bio/syn fuel mandates";"Diesel"
"OPEX";"Diesel";"NL";"Biodiesel Price";"Tractor-Trailer";"PROG";"EUR/kWh";2050;"0.151";"Sensitivity | Removed policies except for bio/syn fuel mandates";"Diesel"
"OPEX";"Diesel";"PL";"Biodiesel Price";"Rigid";"PROG";"EUR/kWh";2050;"0.151";"Sensitivity | Removed policies except for bio/syn fuel mandates";"Diesel"
"OPEX";"Diesel";"PL";"Biodiesel Price";"Tractor-Trailer";"PROG";"EUR/kWh";2050;"0.151";"Sensitivity | Removed policies except for bio/syn fuel mandates";"Diesel"
"OPEX";"Diesel";"UK";"Biodiesel Price";"Rigid";"PROG";"EUR/kWh";2050;"0.151";"Sensitivity | Removed policies except for bio/syn fuel mandates";"Diesel"
"OPEX";"Diesel";"UK";"Biodiesel Price";"Tractor-Trailer";"PROG";"EUR/kWh";2050;"0.151";"Sensitivity | Removed policies except for bio/syn fuel mandates";"Diesel"
"OPEX";"Diesel";"DE";"Pt-Diesel Price";"Rigid";"PROG";"EUR/kWh";2050;"0.127";"Sensitivity | Removed policies except for bio/syn fuel mandates";"Diesel"
"OPEX";"Diesel";"DE";"Pt-Diesel Price";"Tractor-Trailer";"PROG";"EUR/kWh";2050;"0.127";"Sensitivity | Removed policies except for bio/syn fuel mandates";"Diesel"
"OPEX";"Diesel";"ES";"Pt-Diesel Price";"Rigid";"PROG";"EUR/kWh";2050;"0.127";"Sensitivity | Removed policies except for bio/syn fuel mandates";"Diesel"
"OPEX";"Diesel";"ES";"Pt-Diesel Price";"Tractor-Trailer";"PROG";"EUR/kWh";2050;"0.127";"Sensitivity | Removed policies except for bio/syn fuel mandates";"Diesel"
"OPEX";"Diesel";"FR";"Pt-Diesel Price";"Rigid";"PROG";"EUR/kWh";2050;"0.127";"Sensitivity | Removed policies except for bio/syn fuel mandates";"Diesel"
"OPEX";"Diesel";"FR";"Pt-Diesel Price";"Tractor-Trailer";"PROG";"EUR/kWh";2050;"0.127";"Sensitivity | Removed policies except for bio/syn fuel mandates";"Diesel"
"OPEX";"Diesel";"IT";"Pt-Diesel Price";"Rigid";"PROG";"EUR/kWh";2050;"0.127";"Sensitivity | Removed policies except for bio/syn fuel mandates";"Diesel"
"OPEX";"Diesel";"IT";"Pt-Diesel Price";"Tractor-Trailer";"PROG";"EUR/kWh";2050;"0.127";"Sensitivity | Removed policies except for bio/syn fuel mandates";"Diesel"
"OPEX";"Diesel";"NL";"Pt-Diesel Price";"Rigid";"PROG";"EUR/kWh";2050;"0.127";"Sensitivity | Removed policies except for bio/syn fuel mandates";"Diesel"
"OPEX";"Diesel";"NL";"Pt-Diesel Price";"Tractor-Trailer";"PROG";"EUR/kWh";2050;"0.127";"Sensitivity | Removed policies except for bio/syn fuel mandates";"Diesel"
"OPEX";"Diesel";"PL";"Pt-Diesel Price";"Rigid";"PROG";"EUR/kWh";2050;"0.127";"Sensitivity | Removed policies except for bio/syn fuel mandates";"Diesel"
"OPEX";"Diesel";"PL";"Pt-Diesel Price";"Tractor-Trailer";"PROG";"EUR/kWh";2050;"0.127";"Sensitivity | Removed policies except for bio/syn fuel mandates";"Diesel"
"OPEX";"Diesel";"UK";"Pt-Diesel Price";"Rigid";"PROG";"EUR/kWh";2050;"0.127";"Sensitivity | Removed policies except for bio/syn fuel mandates";"Diesel"
"OPEX";"Diesel";"UK";"Pt-Diesel Price";"Tractor-Trailer";"PROG";"EUR/kWh";2050;"0.127";"Sensitivity | Removed policies except for bio/syn fuel mandates";"Diesel"
"OPEX";"Electricity";"DE";"Electricity Price";"Rigid";"PROG";"EUR/kWh";2050;"0.049";"Sensitivity | Removed policies except for bio/syn fuel mandates";"Electricity"
"OPEX";"Electricity";"DE";"Electricity Price";"Tractor-Trailer";"PROG";"EUR/kWh";2050;"0.049";"Sensitivity | Removed policies except for bio/syn fuel mandates";"Electricity"
"OPEX";"Electricity";"ES";"Electricity Price";"Rigid";"PROG";"EUR/kWh";2050;"0.049";"Sensitivity | Removed policies except for bio/syn fuel mandates";"Electricity"
"OPEX";"Electricity";"ES";"Electricity Price";"Tractor-Trailer";"PROG";"EUR/kWh";2050;"0.049";"Sensitivity | Removed policies except for bio/syn fuel mandates";"Electricity"
"OPEX";"Electricity";"FR";"Electricity Price";"Rigid";"PROG";"EUR/kWh";2050;"0.049";"Sensitivity | Removed policies except for bio/syn fuel mandates";"Electricity"
"OPEX";"Electricity";"FR";"Electricity Price";"Tractor-Trailer";"PROG";"EUR/kWh";2050;"0.049";"Sensitivity | Removed policies except for bio/syn fuel mandates";"Electricity"
"OPEX";"Electricity";"IT";"Electricity Price";"Rigid";"PROG";"EUR/kWh";2050;"0.049";"Sensitivity | Removed policies except for bio/syn fuel mandates";"Electricity"
"OPEX";"Electricity";"IT";"Electricity Price";"Tractor-Trailer";"PROG";"EUR/kWh";2050;"0.049";"Sensitivity | Removed policies except for bio/syn fuel mandates";"Electricity"
"OPEX";"Electricity";"NL";"Electricity Price";"Rigid";"PROG";"EUR/kWh";2050;"0.049";"Sensitivity | Removed policies except for bio/syn fuel mandates";"Electricity"
"OPEX";"Electricity";"NL";"Electricity Price";"Tractor-Trailer";"PROG";"EUR/kWh";2050;"0.049";"Sensitivity | Removed policies except for bio/syn fuel mandates";"Electricity"
"OPEX";"Electricity";"PL";"Electricity Price";"Rigid";"PROG";"EUR/kWh";2050;"0.049";"Sensitivity | Removed policies except for bio/syn fuel mandates";"Electricity"
"OPEX";"Electricity";"PL";"Electricity Price";"Tractor-Trailer";"PROG";"EUR/kWh";2050;"0.049";"Sensitivity | Removed policies except for bio/syn fuel mandates";"Electricity"
"OPEX";"Electricity";"UK";"Electricity Price";"Rigid";"PROG";"EUR/kWh";2050;"0.049";"Sensitivity | Removed policies except for bio/syn fuel mandates";"Electricity"
"OPEX";"Electricity";"UK";"Electricity Price";"Tractor-Trailer";"PROG";"EUR/kWh";2050;"0.049";"Sensitivity | Removed policies except for bio/syn fuel mandates";"Electricity"
"OPEX";"Hydrogen";"DE";"Hydrogen Price";"Rigid";"PROG";"EUR/kWh";2050;"0.066";"Sensitivity | Removed policies except for bio/syn fuel mandates";"Hydrogen"
"OPEX";"Hydrogen";"DE";"Hydrogen Price";"Tractor-Trailer";"PROG";"EUR/kWh";2050;"0.066";"Sensitivity | Removed policies except for bio/syn fuel mandates";"Hydrogen"
"OPEX";"Hydrogen";"ES";"Hydrogen Price";"Rigid";"PROG";"EUR/kWh";2050;"0.066";"Sensitivity | Removed policies except for bio/syn fuel mandates";"Hydrogen"
"OPEX";"Hydrogen";"ES";"Hydrogen Price";"Tractor-Trailer";"PROG";"EUR/kWh";2050;"0.066";"Sensitivity | Removed policies except for bio/syn fuel mandates";"Hydrogen"
"OPEX";"Hydrogen";"FR";"Hydrogen Price";"Rigid";"PROG";"EUR/kWh";2050;"0.066";"Sensitivity | Removed policies except for bio/syn fuel mandates";"Hydrogen"
"OPEX";"Hydrogen";"FR";"Hydrogen Price";"Tractor-Trailer";"PROG";"EUR/kWh";2050;"0.066";"Sensitivity | Removed policies except for bio/syn fuel mandates";"Hydrogen"
"OPEX";"Hydrogen";"IT";"Hydrogen Price";"Rigid";"PROG";"EUR/kWh";2050;"0.066";"Sensitivity | Removed policies except for bio/syn fuel mandates";"Hydrogen"
"OPEX";"Hydrogen";"IT";"Hydrogen Price";"Tractor-Trailer";"PROG";"EUR/kWh";2050;"0.066";"Sensitivity | Removed policies except for bio/syn fuel mandates";"Hydrogen"
"OPEX";"Hydrogen";"NL";"Hydrogen Price";"Rigid";"PROG";"EUR/kWh";2050;"0.066";"Sensitivity | Removed policies except for bio/syn fuel mandates";"Hydrogen"
"OPEX";"Hydrogen";"NL";"Hydrogen Price";"Tractor-Trailer";"PROG";"EUR/kWh";2050;"0.066";"Sensitivity | Removed policies except for bio/syn fuel mandates";"Hydrogen"
"OPEX";"Hydrogen";"PL";"Hydrogen Price";"Rigid";"PROG";"EUR/kWh";2050;"0.066";"Sensitivity | Removed policies except for bio/syn fuel mandates";"Hydrogen"
"OPEX";"Hydrogen";"PL";"Hydrogen Price";"Tractor-Trailer";"PROG";"EUR/kWh";2050;"0.066";"Sensitivity | Removed policies except for bio/syn fuel mandates";"Hydrogen"
"OPEX";"Hydrogen";"UK";"Hydrogen Price";"Rigid";"PROG";"EUR/kWh";2050;"0.066";"Sensitivity | Removed policies except for bio/syn fuel mandates";"Hydrogen"
"OPEX";"Hydrogen";"UK";"Hydrogen Price";"Tractor-Trailer";"PROG";"EUR/kWh";2050;"0.066";"Sensitivity | Removed policies except for bio/syn fuel mandates";"Hydrogen"
"OPEX";"Diesel";"FR";"Diesel Price";"Rigid";"BAU";"EUR/kWh";2030;"0.063";"Sensitivity | Removed policies except for bio/syn fuel mandates";"Diesel"
"OPEX";"Diesel";"FR";"Diesel Price";"Tractor-Trailer";"BAU";"EUR/kWh";2030;"0.063";"Sensitivity | Removed policies except for bio/syn fuel mandates";"Diesel"
"OPEX";"Diesel";"FR";"Diesel Price";"Rigid";"PROG";"EUR/kWh";2030;"0.063";"Sensitivity | Removed policies except for bio/syn fuel mandates";"Diesel"
"OPEX";"Diesel";"FR";"Diesel Price";"Tractor-Trailer";"PROG";"EUR/kWh";2030;"0.063";"Sensitivity | Removed policies except for bio/syn fuel mandates";"Diesel"
"OPEX";"Diesel";"DE";"Diesel Price";"Rigid";"BAU";"EUR/kWh";2030;"0.063";"Sensitivity | Removed policies except for bio/syn fuel mandates";"Diesel"
"OPEX";"Diesel";"DE";"Diesel Price";"Tractor-Trailer";"BAU";"EUR/kWh";2030;"0.063";"Sensitivity | Removed policies except for bio/syn fuel mandates";"Diesel"
"OPEX";"Diesel";"DE";"Diesel Price";"Rigid";"PROG";"EUR/kWh";2030;"0.063";"Sensitivity | Removed policies except for bio/syn fuel mandates";"Diesel"
"OPEX";"Diesel";"DE";"Diesel Price";"Tractor-Trailer";"PROG";"EUR/kWh";2030;"0.063";"Sensitivity | Removed policies except for bio/syn fuel mandates";"Diesel"
"OPEX";"Diesel";"ES";"Diesel Price";"Rigid";"BAU";"EUR/kWh";2030;"0.063";"Sensitivity | Removed policies except for bio/syn fuel mandates";"Diesel"
"OPEX";"Diesel";"ES";"Diesel Price";"Tractor-Trailer";"BAU";"EUR/kWh";2030;"0.063";"Sensitivity | Removed policies except for bio/syn fuel mandates";"Diesel"
"OPEX";"Diesel";"ES";"Diesel Price";"Rigid";"PROG";"EUR/kWh";2030;"0.063";"Sensitivity | Removed policies except for bio/syn fuel mandates";"Diesel"
"OPEX";"Diesel";"ES";"Diesel Price";"Tractor-Trailer";"PROG";"EUR/kWh";2030;"0.063";"Sensitivity | Removed policies except for bio/syn fuel mandates";"Diesel"
"OPEX";"Diesel";"IT";"Diesel Price";"Rigid";"BAU";"EUR/kWh";2030;"0.063";"Sensitivity | Removed policies except for bio/syn fuel mandates";"Diesel"
"OPEX";"Diesel";"IT";"Diesel Price";"Tractor-Trailer";"BAU";"EUR/kWh";2030;"0.063";"Sensitivity | Removed policies except for bio/syn fuel mandates";"Diesel"
"OPEX";"Diesel";"IT";"Diesel Price";"Rigid";"PROG";"EUR/kWh";2030;"0.063";"Sensitivity | Removed policies except for bio/syn fuel mandates";"Diesel"
"OPEX";"Diesel";"IT";"Diesel Price";"Tractor-Trailer";"PROG";"EUR/kWh";2030;"0.063";"Sensitivity | Removed policies except for bio/syn fuel mandates";"Diesel"
"OPEX";"Diesel";"NL";"Diesel Price";"Rigid";"BAU";"EUR/kWh";2030;"0.063";"Sensitivity | Removed policies except for bio/syn fuel mandates";"Diesel"
"OPEX";"Diesel";"NL";"Diesel Price";"Tractor-Trailer";"BAU";"EUR/kWh";2030;"0.063";"Sensitivity | Removed policies except for bio/syn fuel mandates";"Diesel"
"OPEX";"Diesel";"NL";"Diesel Price";"Rigid";"PROG";"EUR/kWh";2030;"0.063";"Sensitivity | Removed policies except for bio/syn fuel mandates";"Diesel"
"OPEX";"Diesel";"NL";"Diesel Price";"Tractor-Trailer";"PROG";"EUR/kWh";2030;"0.063";"Sensitivity | Removed policies except for bio/syn fuel mandates";"Diesel"
"OPEX";"Diesel";"PL";"Diesel Price";"Rigid";"BAU";"EUR/kWh";2030;"0.063";"Sensitivity | Removed policies except for bio/syn fuel mandates";"Diesel"
"OPEX";"Diesel";"PL";"Diesel Price";"Tractor-Trailer";"BAU";"EUR/kWh";2030;"0.063";"Sensitivity | Removed policies except for bio/syn fuel mandates";"Diesel"
"OPEX";"Diesel";"PL";"Diesel Price";"Rigid";"PROG";"EUR/kWh";2030;"0.063";"Sensitivity | Removed policies except for bio/syn fuel mandates";"Diesel"
"OPEX";"Diesel";"PL";"Diesel Price";"Tractor-Trailer";"PROG";"EUR/kWh";2030;"0.063";"Sensitivity | Removed policies except for bio/syn fuel mandates";"Diesel"
"OPEX";"Diesel";"UK";"Diesel Price";"Rigid";"BAU";"EUR/kWh";2030;"0.063";"Sensitivity | Removed policies except for bio/syn fuel mandates";"Diesel"
"OPEX";"Diesel";"UK";"Diesel Price";"Tractor-Trailer";"BAU";"EUR/kWh";2030;"0.063";"Sensitivity | Removed policies except for bio/syn fuel mandates";"Diesel"
"OPEX";"Diesel";"UK";"Diesel Price";"Rigid";"PROG";"EUR/kWh";2030;"0.063";"Sensitivity | Removed policies except for bio/syn fuel mandates";"Diesel"
"OPEX";"Diesel";"UK";"Diesel Price";"Tractor-Trailer";"PROG";"EUR/kWh";2030;"0.063";"Sensitivity | Removed policies except for bio/syn fuel mandates";"Diesel"
"OPEX";"Diesel";"FR";"Diesel Price";"Rigid";"BAU";"EUR/kWh";2035;"0.066";"Sensitivity | Removed policies except for bio/syn fuel mandates";"Diesel"
"OPEX";"Diesel";"FR";"Diesel Price";"Tractor-Trailer";"BAU";"EUR/kWh";2035;"0.066";"Sensitivity | Removed policies except for bio/syn fuel mandates";"Diesel"
"OPEX";"Diesel";"FR";"Diesel Price";"Rigid";"PROG";"EUR/kWh";2035;"0.066";"Sensitivity | Removed policies except for bio/syn fuel mandates";"Diesel"
"OPEX";"Diesel";"FR";"Diesel Price";"Tractor-Trailer";"PROG";"EUR/kWh";2035;"0.066";"Sensitivity | Removed policies except for bio/syn fuel mandates";"Diesel"
"OPEX";"Diesel";"DE";"Diesel Price";"Rigid";"BAU";"EUR/kWh";2035;"0.066";"Sensitivity | Removed policies except for bio/syn fuel mandates";"Diesel"
"OPEX";"Diesel";"DE";"Diesel Price";"Tractor-Trailer";"BAU";"EUR/kWh";2035;"0.066";"Sensitivity | Removed policies except for bio/syn fuel mandates";"Diesel"
"OPEX";"Diesel";"DE";"Diesel Price";"Rigid";"PROG";"EUR/kWh";2035;"0.066";"Sensitivity | Removed policies except for bio/syn fuel mandates";"Diesel"
"OPEX";"Diesel";"DE";"Diesel Price";"Tractor-Trailer";"PROG";"EUR/kWh";2035;"0.066";"Sensitivity | Removed policies except for bio/syn fuel mandates";"Diesel"
"OPEX";"Diesel";"ES";"Diesel Price";"Rigid";"BAU";"EUR/kWh";2035;"0.066";"Sensitivity | Removed policies except for bio/syn fuel mandates";"Diesel"
"OPEX";"Diesel";"ES";"Diesel Price";"Tractor-Trailer";"BAU";"EUR/kWh";2035;"0.066";"Sensitivity | Removed policies except for bio/syn fuel mandates";"Diesel"
"OPEX";"Diesel";"ES";"Diesel Price";"Rigid";"PROG";"EUR/kWh";2035;"0.066";"Sensitivity | Removed policies except for bio/syn fuel mandates";"Diesel"
"OPEX";"Diesel";"ES";"Diesel Price";"Tractor-Trailer";"PROG";"EUR/kWh";2035;"0.066";"Sensitivity | Removed policies except for bio/syn fuel mandates";"Diesel"
"OPEX";"Diesel";"IT";"Diesel Price";"Rigid";"BAU";"EUR/kWh";2035;"0.066";"Sensitivity | Removed policies except for bio/syn fuel mandates";"Diesel"
"OPEX";"Diesel";"IT";"Diesel Price";"Tractor-Trailer";"BAU";"EUR/kWh";2035;"0.066";"Sensitivity | Removed policies except for bio/syn fuel mandates";"Diesel"
"OPEX";"Diesel";"IT";"Diesel Price";"Rigid";"PROG";"EUR/kWh";2035;"0.066";"Sensitivity | Removed policies except for bio/syn fuel mandates";"Diesel"
"OPEX";"Diesel";"IT";"Diesel Price";"Tractor-Trailer";"PROG";"EUR/kWh";2035;"0.066";"Sensitivity | Removed policies except for bio/syn fuel mandates";"Diesel"
"OPEX";"Diesel";"NL";"Diesel Price";"Rigid";"BAU";"EUR/kWh";2035;"0.066";"Sensitivity | Removed policies except for bio/syn fuel mandates";"Diesel"
"OPEX";"Diesel";"NL";"Diesel Price";"Tractor-Trailer";"BAU";"EUR/kWh";2035;"0.066";"Sensitivity | Removed policies except for bio/syn fuel mandates";"Diesel"
"OPEX";"Diesel";"NL";"Diesel Price";"Rigid";"PROG";"EUR/kWh";2035;"0.066";"Sensitivity | Removed policies except for bio/syn fuel mandates";"Diesel"
"OPEX";"Diesel";"NL";"Diesel Price";"Tractor-Trailer";"PROG";"EUR/kWh";2035;"0.066";"Sensitivity | Removed policies except for bio/syn fuel mandates";"Diesel"
"OPEX";"Diesel";"PL";"Diesel Price";"Rigid";"BAU";"EUR/kWh";2035;"0.066";"Sensitivity | Removed policies except for bio/syn fuel mandates";"Diesel"
"OPEX";"Diesel";"PL";"Diesel Price";"Tractor-Trailer";"BAU";"EUR/kWh";2035;"0.066";"Sensitivity | Removed policies except for bio/syn fuel mandates";"Diesel"
"OPEX";"Diesel";"PL";"Diesel Price";"Rigid";"PROG";"EUR/kWh";2035;"0.066";"Sensitivity | Removed policies except for bio/syn fuel mandates";"Diesel"
"OPEX";"Diesel";"PL";"Diesel Price";"Tractor-Trailer";"PROG";"EUR/kWh";2035;"0.066";"Sensitivity | Removed policies except for bio/syn fuel mandates";"Diesel"
"OPEX";"Diesel";"UK";"Diesel Price";"Rigid";"BAU";"EUR/kWh";2035;"0.066";"Sensitivity | Removed policies except for bio/syn fuel mandates";"Diesel"
"OPEX";"Diesel";"UK";"Diesel Price";"Tractor-Trailer";"BAU";"EUR/kWh";2035;"0.066";"Sensitivity | Removed policies except for bio/syn fuel mandates";"Diesel"
"OPEX";"Diesel";"UK";"Diesel Price";"Rigid";"PROG";"EUR/kWh";2035;"0.066";"Sensitivity | Removed policies except for bio/syn fuel mandates";"Diesel"
"OPEX";"Diesel";"UK";"Diesel Price";"Tractor-Trailer";"PROG";"EUR/kWh";2035;"0.066";"Sensitivity | Removed policies except for bio/syn fuel mandates";"Diesel"
"OPEX";"Diesel";"FR";"Diesel Price";"Rigid";"BAU";"EUR/kWh";2040;"0.069";"Sensitivity | Removed policies except for bio/syn fuel mandates";"Diesel"
"OPEX";"Diesel";"FR";"Diesel Price";"Tractor-Trailer";"BAU";"EUR/kWh";2040;"0.069";"Sensitivity | Removed policies except for bio/syn fuel mandates";"Diesel"
"OPEX";"Diesel";"FR";"Diesel Price";"Rigid";"PROG";"EUR/kWh";2040;"0.069";"Sensitivity | Removed policies except for bio/syn fuel mandates";"Diesel"
"OPEX";"Diesel";"FR";"Diesel Price";"Tractor-Trailer";"PROG";"EUR/kWh";2040;"0.069";"Sensitivity | Removed policies except for bio/syn fuel mandates";"Diesel"
"OPEX";"Diesel";"DE";"Diesel Price";"Rigid";"BAU";"EUR/kWh";2040;"0.069";"Sensitivity | Removed policies except for bio/syn fuel mandates";"Diesel"
"OPEX";"Diesel";"DE";"Diesel Price";"Tractor-Trailer";"BAU";"EUR/kWh";2040;"0.069";"Sensitivity | Removed policies except for bio/syn fuel mandates";"Diesel"
"OPEX";"Diesel";"DE";"Diesel Price";"Rigid";"PROG";"EUR/kWh";2040;"0.069";"Sensitivity | Removed policies except for bio/syn fuel mandates";"Diesel"
"OPEX";"Diesel";"DE";"Diesel Price";"Tractor-Trailer";"PROG";"EUR/kWh";2040;"0.069";"Sensitivity | Removed policies except for bio/syn fuel mandates";"Diesel"
"OPEX";"Diesel";"ES";"Diesel Price";"Rigid";"BAU";"EUR/kWh";2040;"0.069";"Sensitivity | Removed policies except for bio/syn fuel mandates";"Diesel"
"OPEX";"Diesel";"ES";"Diesel Price";"Tractor-Trailer";"BAU";"EUR/kWh";2040;"0.069";"Sensitivity | Removed policies except for bio/syn fuel mandates";"Diesel"
"OPEX";"Diesel";"ES";"Diesel Price";"Rigid";"PROG";"EUR/kWh";2040;"0.069";"Sensitivity | Removed policies except for bio/syn fuel mandates";"Diesel"
"OPEX";"Diesel";"ES";"Diesel Price";"Tractor-Trailer";"PROG";"EUR/kWh";2040;"0.069";"Sensitivity | Removed policies except for bio/syn fuel mandates";"Diesel"
"OPEX";"Diesel";"IT";"Diesel Price";"Rigid";"BAU";"EUR/kWh";2040;"0.069";"Sensitivity | Removed policies except for bio/syn fuel mandates";"Diesel"
"OPEX";"Diesel";"IT";"Diesel Price";"Tractor-Trailer";"BAU";"EUR/kWh";2040;"0.069";"Sensitivity | Removed policies except for bio/syn fuel mandates";"Diesel"
"OPEX";"Diesel";"IT";"Diesel Price";"Rigid";"PROG";"EUR/kWh";2040;"0.069";"Sensitivity | Removed policies except for bio/syn fuel mandates";"Diesel"
"OPEX";"Diesel";"IT";"Diesel Price";"Tractor-Trailer";"PROG";"EUR/kWh";2040;"0.069";"Sensitivity | Removed policies except for bio/syn fuel mandates";"Diesel"
"OPEX";"Diesel";"NL";"Diesel Price";"Rigid";"BAU";"EUR/kWh";2040;"0.069";"Sensitivity | Removed policies except for bio/syn fuel mandates";"Diesel"
"OPEX";"Diesel";"NL";"Diesel Price";"Tractor-Trailer";"BAU";"EUR/kWh";2040;"0.069";"Sensitivity | Removed policies except for bio/syn fuel mandates";"Diesel"
"OPEX";"Diesel";"NL";"Diesel Price";"Rigid";"PROG";"EUR/kWh";2040;"0.069";"Sensitivity | Removed policies except for bio/syn fuel mandates";"Diesel"
"OPEX";"Diesel";"NL";"Diesel Price";"Tractor-Trailer";"PROG";"EUR/kWh";2040;"0.069";"Sensitivity | Removed policies except for bio/syn fuel mandates";"Diesel"
"OPEX";"Diesel";"PL";"Diesel Price";"Rigid";"BAU";"EUR/kWh";2040;"0.069";"Sensitivity | Removed policies except for bio/syn fuel mandates";"Diesel"
"OPEX";"Diesel";"PL";"Diesel Price";"Tractor-Trailer";"BAU";"EUR/kWh";2040;"0.069";"Sensitivity | Removed policies except for bio/syn fuel mandates";"Diesel"
"OPEX";"Diesel";"PL";"Diesel Price";"Rigid";"PROG";"EUR/kWh";2040;"0.069";"Sensitivity | Removed policies except for bio/syn fuel mandates";"Diesel"
"OPEX";"Diesel";"PL";"Diesel Price";"Tractor-Trailer";"PROG";"EUR/kWh";2040;"0.069";"Sensitivity | Removed policies except for bio/syn fuel mandates";"Diesel"
"OPEX";"Diesel";"UK";"Diesel Price";"Rigid";"BAU";"EUR/kWh";2040;"0.069";"Sensitivity | Removed policies except for bio/syn fuel mandates";"Diesel"
"OPEX";"Diesel";"UK";"Diesel Price";"Tractor-Trailer";"BAU";"EUR/kWh";2040;"0.069";"Sensitivity | Removed policies except for bio/syn fuel mandates";"Diesel"
"OPEX";"Diesel";"UK";"Diesel Price";"Rigid";"PROG";"EUR/kWh";2040;"0.069";"Sensitivity | Removed policies except for bio/syn fuel mandates";"Diesel"
"OPEX";"Diesel";"UK";"Diesel Price";"Tractor-Trailer";"PROG";"EUR/kWh";2040;"0.069";"Sensitivity | Removed policies except for bio/syn fuel mandates";"Diesel"
"OPEX";"Diesel";"FR";"Diesel Price";"Rigid";"BAU";"EUR/kWh";2045;"0.073";"Sensitivity | Removed policies except for bio/syn fuel mandates";"Diesel"
"OPEX";"Diesel";"FR";"Diesel Price";"Tractor-Trailer";"BAU";"EUR/kWh";2045;"0.073";"Sensitivity | Removed policies except for bio/syn fuel mandates";"Diesel"
"OPEX";"Diesel";"FR";"Diesel Price";"Rigid";"PROG";"EUR/kWh";2045;"0.073";"Sensitivity | Removed policies except for bio/syn fuel mandates";"Diesel"
"OPEX";"Diesel";"FR";"Diesel Price";"Tractor-Trailer";"PROG";"EUR/kWh";2045;"0.073";"Sensitivity | Removed policies except for bio/syn fuel mandates";"Diesel"
"OPEX";"Diesel";"DE";"Diesel Price";"Rigid";"BAU";"EUR/kWh";2045;"0.073";"Sensitivity | Removed policies except for bio/syn fuel mandates";"Diesel"
"OPEX";"Diesel";"DE";"Diesel Price";"Tractor-Trailer";"BAU";"EUR/kWh";2045;"0.073";"Sensitivity | Removed policies except for bio/syn fuel mandates";"Diesel"
"OPEX";"Diesel";"DE";"Diesel Price";"Rigid";"PROG";"EUR/kWh";2045;"0.073";"Sensitivity | Removed policies except for bio/syn fuel mandates";"Diesel"
"OPEX";"Diesel";"DE";"Diesel Price";"Tractor-Trailer";"PROG";"EUR/kWh";2045;"0.073";"Sensitivity | Removed policies except for bio/syn fuel mandates";"Diesel"
"OPEX";"Diesel";"ES";"Diesel Price";"Rigid";"BAU";"EUR/kWh";2045;"0.073";"Sensitivity | Removed policies except for bio/syn fuel mandates";"Diesel"
"OPEX";"Diesel";"ES";"Diesel Price";"Tractor-Trailer";"BAU";"EUR/kWh";2045;"0.073";"Sensitivity | Removed policies except for bio/syn fuel mandates";"Diesel"
"OPEX";"Diesel";"ES";"Diesel Price";"Rigid";"PROG";"EUR/kWh";2045;"0.073";"Sensitivity | Removed policies except for bio/syn fuel mandates";"Diesel"
"OPEX";"Diesel";"ES";"Diesel Price";"Tractor-Trailer";"PROG";"EUR/kWh";2045;"0.073";"Sensitivity | Removed policies except for bio/syn fuel mandates";"Diesel"
"OPEX";"Diesel";"IT";"Diesel Price";"Rigid";"BAU";"EUR/kWh";2045;"0.073";"Sensitivity | Removed policies except for bio/syn fuel mandates";"Diesel"
"OPEX";"Diesel";"IT";"Diesel Price";"Tractor-Trailer";"BAU";"EUR/kWh";2045;"0.073";"Sensitivity | Removed policies except for bio/syn fuel mandates";"Diesel"
"OPEX";"Diesel";"IT";"Diesel Price";"Rigid";"PROG";"EUR/kWh";2045;"0.073";"Sensitivity | Removed policies except for bio/syn fuel mandates";"Diesel"
"OPEX";"Diesel";"IT";"Diesel Price";"Tractor-Trailer";"PROG";"EUR/kWh";2045;"0.073";"Sensitivity | Removed policies except for bio/syn fuel mandates";"Diesel"
"OPEX";"Diesel";"NL";"Diesel Price";"Rigid";"BAU";"EUR/kWh";2045;"0.073";"Sensitivity | Removed policies except for bio/syn fuel mandates";"Diesel"
"OPEX";"Diesel";"NL";"Diesel Price";"Tractor-Trailer";"BAU";"EUR/kWh";2045;"0.073";"Sensitivity | Removed policies except for bio/syn fuel mandates";"Diesel"
"OPEX";"Diesel";"NL";"Diesel Price";"Rigid";"PROG";"EUR/kWh";2045;"0.073";"Sensitivity | Removed policies except for bio/syn fuel mandates";"Diesel"
"OPEX";"Diesel";"NL";"Diesel Price";"Tractor-Trailer";"PROG";"EUR/kWh";2045;"0.073";"Sensitivity | Removed policies except for bio/syn fuel mandates";"Diesel"
"OPEX";"Diesel";"PL";"Diesel Price";"Rigid";"BAU";"EUR/kWh";2045;"0.073";"Sensitivity | Removed policies except for bio/syn fuel mandates";"Diesel"
"OPEX";"Diesel";"PL";"Diesel Price";"Tractor-Trailer";"BAU";"EUR/kWh";2045;"0.073";"Sensitivity | Removed policies except for bio/syn fuel mandates";"Diesel"
"OPEX";"Diesel";"PL";"Diesel Price";"Rigid";"PROG";"EUR/kWh";2045;"0.073";"Sensitivity | Removed policies except for bio/syn fuel mandates";"Diesel"
"OPEX";"Diesel";"PL";"Diesel Price";"Tractor-Trailer";"PROG";"EUR/kWh";2045;"0.073";"Sensitivity | Removed policies except for bio/syn fuel mandates";"Diesel"
"OPEX";"Diesel";"UK";"Diesel Price";"Rigid";"BAU";"EUR/kWh";2045;"0.073";"Sensitivity | Removed policies except for bio/syn fuel mandates";"Diesel"
"OPEX";"Diesel";"UK";"Diesel Price";"Tractor-Trailer";"BAU";"EUR/kWh";2045;"0.073";"Sensitivity | Removed policies except for bio/syn fuel mandates";"Diesel"
"OPEX";"Diesel";"UK";"Diesel Price";"Rigid";"PROG";"EUR/kWh";2045;"0.073";"Sensitivity | Removed policies except for bio/syn fuel mandates";"Diesel"
"OPEX";"Diesel";"UK";"Diesel Price";"Tractor-Trailer";"PROG";"EUR/kWh";2045;"0.073";"Sensitivity | Removed policies except for bio/syn fuel mandates";"Diesel"
"OPEX";"Diesel";"FR";"Diesel Price";"Rigid";"BAU";"EUR/kWh";2050;"0.079";"Sensitivity | Removed policies except for bio/syn fuel mandates";"Diesel"
"OPEX";"Diesel";"FR";"Diesel Price";"Tractor-Trailer";"BAU";"EUR/kWh";2050;"0.079";"Sensitivity | Removed policies except for bio/syn fuel mandates";"Diesel"
"OPEX";"Diesel";"FR";"Diesel Price";"Rigid";"PROG";"EUR/kWh";2050;"0.079";"Sensitivity | Removed policies except for bio/syn fuel mandates";"Diesel"
"OPEX";"Diesel";"FR";"Diesel Price";"Tractor-Trailer";"PROG";"EUR/kWh";2050;"0.079";"Sensitivity | Removed policies except for bio/syn fuel mandates";"Diesel"
"OPEX";"Diesel";"DE";"Diesel Price";"Rigid";"BAU";"EUR/kWh";2050;"0.079";"Sensitivity | Removed policies except for bio/syn fuel mandates";"Diesel"
"OPEX";"Diesel";"DE";"Diesel Price";"Tractor-Trailer";"BAU";"EUR/kWh";2050;"0.079";"Sensitivity | Removed policies except for bio/syn fuel mandates";"Diesel"
"OPEX";"Diesel";"DE";"Diesel Price";"Rigid";"PROG";"EUR/kWh";2050;"0.079";"Sensitivity | Removed policies except for bio/syn fuel mandates";"Diesel"
"OPEX";"Diesel";"DE";"Diesel Price";"Tractor-Trailer";"PROG";"EUR/kWh";2050;"0.079";"Sensitivity | Removed policies except for bio/syn fuel mandates";"Diesel"
"OPEX";"Diesel";"ES";"Diesel Price";"Rigid";"BAU";"EUR/kWh";2050;"0.079";"Sensitivity | Removed policies except for bio/syn fuel mandates";"Diesel"
"OPEX";"Diesel";"ES";"Diesel Price";"Tractor-Trailer";"BAU";"EUR/kWh";2050;"0.079";"Sensitivity | Removed policies except for bio/syn fuel mandates";"Diesel"
"OPEX";"Diesel";"ES";"Diesel Price";"Rigid";"PROG";"EUR/kWh";2050;"0.079";"Sensitivity | Removed policies except for bio/syn fuel mandates";"Diesel"
"OPEX";"Diesel";"ES";"Diesel Price";"Tractor-Trailer";"PROG";"EUR/kWh";2050;"0.079";"Sensitivity | Removed policies except for bio/syn fuel mandates";"Diesel"
"OPEX";"Diesel";"IT";"Diesel Price";"Rigid";"BAU";"EUR/kWh";2050;"0.079";"Sensitivity | Removed policies except for bio/syn fuel mandates";"Diesel"
"OPEX";"Diesel";"IT";"Diesel Price";"Tractor-Trailer";"BAU";"EUR/kWh";2050;"0.079";"Sensitivity | Removed policies except for bio/syn fuel mandates";"Diesel"
"OPEX";"Diesel";"IT";"Diesel Price";"Rigid";"PROG";"EUR/kWh";2050;"0.079";"Sensitivity | Removed policies except for bio/syn fuel mandates";"Diesel"
"OPEX";"Diesel";"IT";"Diesel Price";"Tractor-Trailer";"PROG";"EUR/kWh";2050;"0.079";"Sensitivity | Removed policies except for bio/syn fuel mandates";"Diesel"
"OPEX";"Diesel";"NL";"Diesel Price";"Rigid";"BAU";"EUR/kWh";2050;"0.079";"Sensitivity | Removed policies except for bio/syn fuel mandates";"Diesel"
"OPEX";"Diesel";"NL";"Diesel Price";"Tractor-Trailer";"BAU";"EUR/kWh";2050;"0.079";"Sensitivity | Removed policies except for bio/syn fuel mandates";"Diesel"
"OPEX";"Diesel";"NL";"Diesel Price";"Rigid";"PROG";"EUR/kWh";2050;"0.079";"Sensitivity | Removed policies except for bio/syn fuel mandates";"Diesel"
"OPEX";"Diesel";"NL";"Diesel Price";"Tractor-Trailer";"PROG";"EUR/kWh";2050;"0.079";"Sensitivity | Removed policies except for bio/syn fuel mandates";"Diesel"
"OPEX";"Diesel";"PL";"Diesel Price";"Rigid";"BAU";"EUR/kWh";2050;"0.079";"Sensitivity | Removed policies except for bio/syn fuel mandates";"Diesel"
"OPEX";"Diesel";"PL";"Diesel Price";"Tractor-Trailer";"BAU";"EUR/kWh";2050;"0.079";"Sensitivity | Removed policies except for bio/syn fuel mandates";"Diesel"
"OPEX";"Diesel";"PL";"Diesel Price";"Rigid";"PROG";"EUR/kWh";2050;"0.079";"Sensitivity | Removed policies except for bio/syn fuel mandates";"Diesel"
"OPEX";"Diesel";"PL";"Diesel Price";"Tractor-Trailer";"PROG";"EUR/kWh";2050;"0.079";"Sensitivity | Removed policies except for bio/syn fuel mandates";"Diesel"
"OPEX";"Diesel";"UK";"Diesel Price";"Rigid";"BAU";"EUR/kWh";2050;"0.079";"Sensitivity | Removed policies except for bio/syn fuel mandates";"Diesel"
"OPEX";"Diesel";"UK";"Diesel Price";"Tractor-Trailer";"BAU";"EUR/kWh";2050;"0.079";"Sensitivity | Removed policies except for bio/syn fuel mandates";"Diesel"
"OPEX";"Diesel";"UK";"Diesel Price";"Rigid";"PROG";"EUR/kWh";2050;"0.079";"Sensitivity | Removed policies except for bio/syn fuel mandates";"Diesel"
"OPEX";"Diesel";"UK";"Diesel Price";"Tractor-Trailer";"PROG";"EUR/kWh";2050;"0.079";"Sensitivity | Removed policies except for bio/syn fuel mandates";"Diesel"
"OPEX";"Diesel";"FR";"Biodiesel Price";"Rigid";"BAU";"EUR/kWh";2030;"0.141";"Sensitivity | Removed policies except for bio/syn fuel mandates";"Diesel"
"OPEX";"Diesel";"FR";"Biodiesel Price";"Tractor-Trailer";"BAU";"EUR/kWh";2030;"0.141";"Sensitivity | Removed policies except for bio/syn fuel mandates";"Diesel"
"OPEX";"Diesel";"DE";"Biodiesel Price";"Rigid";"BAU";"EUR/kWh";2030;"0.141";"Sensitivity | Removed policies except for bio/syn fuel mandates";"Diesel"
"OPEX";"Diesel";"DE";"Biodiesel Price";"Tractor-Trailer";"BAU";"EUR/kWh";2030;"0.141";"Sensitivity | Removed policies except for bio/syn fuel mandates";"Diesel"
"OPEX";"Diesel";"ES";"Biodiesel Price";"Rigid";"BAU";"EUR/kWh";2030;"0.141";"Sensitivity | Removed policies except for bio/syn fuel mandates";"Diesel"
"OPEX";"Diesel";"ES";"Biodiesel Price";"Tractor-Trailer";"BAU";"EUR/kWh";2030;"0.141";"Sensitivity | Removed policies except for bio/syn fuel mandates";"Diesel"
"OPEX";"Diesel";"IT";"Biodiesel Price";"Rigid";"BAU";"EUR/kWh";2030;"0.141";"Sensitivity | Removed policies except for bio/syn fuel mandates";"Diesel"
"OPEX";"Diesel";"IT";"Biodiesel Price";"Tractor-Trailer";"BAU";"EUR/kWh";2030;"0.141";"Sensitivity | Removed policies except for bio/syn fuel mandates";"Diesel"
"OPEX";"Diesel";"NL";"Biodiesel Price";"Rigid";"BAU";"EUR/kWh";2030;"0.141";"Sensitivity | Removed policies except for bio/syn fuel mandates";"Diesel"
"OPEX";"Diesel";"NL";"Biodiesel Price";"Tractor-Trailer";"BAU";"EUR/kWh";2030;"0.141";"Sensitivity | Removed policies except for bio/syn fuel mandates";"Diesel"
"OPEX";"Diesel";"PL";"Biodiesel Price";"Rigid";"BAU";"EUR/kWh";2030;"0.141";"Sensitivity | Removed policies except for bio/syn fuel mandates";"Diesel"
"OPEX";"Diesel";"PL";"Biodiesel Price";"Tractor-Trailer";"BAU";"EUR/kWh";2030;"0.141";"Sensitivity | Removed policies except for bio/syn fuel mandates";"Diesel"
"OPEX";"Diesel";"UK";"Biodiesel Price";"Rigid";"BAU";"EUR/kWh";2030;"0.141";"Sensitivity | Removed policies except for bio/syn fuel mandates";"Diesel"
"OPEX";"Diesel";"UK";"Biodiesel Price";"Tractor-Trailer";"BAU";"EUR/kWh";2030;"0.141";"Sensitivity | Removed policies except for bio/syn fuel mandates";"Diesel"
"OPEX";"Diesel";"DE";"Pt-Diesel Price";"Rigid";"BAU";"EUR/kWh";2030;"0.26";"Sensitivity | Removed policies except for bio/syn fuel mandates";"Diesel"
"OPEX";"Diesel";"DE";"Pt-Diesel Price";"Tractor-Trailer";"BAU";"EUR/kWh";2030;"0.26";"Sensitivity | Removed policies except for bio/syn fuel mandates";"Diesel"
"OPEX";"Diesel";"ES";"Pt-Diesel Price";"Rigid";"BAU";"EUR/kWh";2030;"0.26";"Sensitivity | Removed policies except for bio/syn fuel mandates";"Diesel"
"OPEX";"Diesel";"ES";"Pt-Diesel Price";"Tractor-Trailer";"BAU";"EUR/kWh";2030;"0.26";"Sensitivity | Removed policies except for bio/syn fuel mandates";"Diesel"
"OPEX";"Diesel";"FR";"Pt-Diesel Price";"Rigid";"BAU";"EUR/kWh";2030;"0.26";"Sensitivity | Removed policies except for bio/syn fuel mandates";"Diesel"
"OPEX";"Diesel";"FR";"Pt-Diesel Price";"Tractor-Trailer";"BAU";"EUR/kWh";2030;"0.26";"Sensitivity | Removed policies except for bio/syn fuel mandates";"Diesel"
"OPEX";"Diesel";"IT";"Pt-Diesel Price";"Rigid";"BAU";"EUR/kWh";2030;"0.26";"Sensitivity | Removed policies except for bio/syn fuel mandates";"Diesel"
"OPEX";"Diesel";"IT";"Pt-Diesel Price";"Tractor-Trailer";"BAU";"EUR/kWh";2030;"0.26";"Sensitivity | Removed policies except for bio/syn fuel mandates";"Diesel"
"OPEX";"Diesel";"NL";"Pt-Diesel Price";"Rigid";"BAU";"EUR/kWh";2030;"0.26";"Sensitivity | Removed policies except for bio/syn fuel mandates";"Diesel"
"OPEX";"Diesel";"NL";"Pt-Diesel Price";"Tractor-Trailer";"BAU";"EUR/kWh";2030;"0.26";"Sensitivity | Removed policies except for bio/syn fuel mandates";"Diesel"
"OPEX";"Diesel";"PL";"Pt-Diesel Price";"Rigid";"BAU";"EUR/kWh";2030;"0.26";"Sensitivity | Removed policies except for bio/syn fuel mandates";"Diesel"
"OPEX";"Diesel";"PL";"Pt-Diesel Price";"Tractor-Trailer";"BAU";"EUR/kWh";2030;"0.26";"Sensitivity | Removed policies except for bio/syn fuel mandates";"Diesel"
"OPEX";"Diesel";"UK";"Pt-Diesel Price";"Rigid";"BAU";"EUR/kWh";2030;"0.26";"Sensitivity | Removed policies except for bio/syn fuel mandates";"Diesel"
"OPEX";"Diesel";"UK";"Pt-Diesel Price";"Tractor-Trailer";"BAU";"EUR/kWh";2030;"0.26";"Sensitivity | Removed policies except for bio/syn fuel mandates";"Diesel"
"OPEX";"Electricity";"DE";"Electricity Price";"Rigid";"BAU";"EUR/kWh";2030;"0.086";"Sensitivity | Removed policies except for bio/syn fuel mandates";"Electricity"
"OPEX";"Electricity";"DE";"Electricity Price";"Tractor-Trailer";"BAU";"EUR/kWh";2030;"0.086";"Sensitivity | Removed policies except for bio/syn fuel mandates";"Electricity"
"OPEX";"Electricity";"ES";"Electricity Price";"Rigid";"BAU";"EUR/kWh";2030;"0.086";"Sensitivity | Removed policies except for bio/syn fuel mandates";"Electricity"
"OPEX";"Electricity";"ES";"Electricity Price";"Tractor-Trailer";"BAU";"EUR/kWh";2030;"0.086";"Sensitivity | Removed policies except for bio/syn fuel mandates";"Electricity"
"OPEX";"Electricity";"FR";"Electricity Price";"Rigid";"BAU";"EUR/kWh";2030;"0.086";"Sensitivity | Removed policies except for bio/syn fuel mandates";"Electricity"
"OPEX";"Electricity";"FR";"Electricity Price";"Tractor-Trailer";"BAU";"EUR/kWh";2030;"0.086";"Sensitivity | Removed policies except for bio/syn fuel mandates";"Electricity"
"OPEX";"Electricity";"IT";"Electricity Price";"Rigid";"BAU";"EUR/kWh";2030;"0.086";"Sensitivity | Removed policies except for bio/syn fuel mandates";"Electricity"
"OPEX";"Electricity";"IT";"Electricity Price";"Tractor-Trailer";"BAU";"EUR/kWh";2030;"0.086";"Sensitivity | Removed policies except for bio/syn fuel mandates";"Electricity"
"OPEX";"Electricity";"NL";"Electricity Price";"Rigid";"BAU";"EUR/kWh";2030;"0.086";"Sensitivity | Removed policies except for bio/syn fuel mandates";"Electricity"
"OPEX";"Electricity";"NL";"Electricity Price";"Tractor-Trailer";"BAU";"EUR/kWh";2030;"0.086";"Sensitivity | Removed policies except for bio/syn fuel mandates";"Electricity"
"OPEX";"Electricity";"PL";"Electricity Price";"Rigid";"BAU";"EUR/kWh";2030;"0.086";"Sensitivity | Removed policies except for bio/syn fuel mandates";"Electricity"
"OPEX";"Electricity";"PL";"Electricity Price";"Tractor-Trailer";"BAU";"EUR/kWh";2030;"0.086";"Sensitivity | Removed policies except for bio/syn fuel mandates";"Electricity"
"OPEX";"Electricity";"UK";"Electricity Price";"Rigid";"BAU";"EUR/kWh";2030;"0.086";"Sensitivity | Removed policies except for bio/syn fuel mandates";"Electricity"
"OPEX";"Electricity";"UK";"Electricity Price";"Tractor-Trailer";"BAU";"EUR/kWh";2030;"0.086";"Sensitivity | Removed policies except for bio/syn fuel mandates";"Electricity"
"OPEX";"Hydrogen";"DE";"Hydrogen Price";"Rigid";"BAU";"EUR/kWh";2030;"0.168";"Sensitivity | Removed policies except for bio/syn fuel mandates";"Hydrogen"
"OPEX";"Hydrogen";"DE";"Hydrogen Price";"Tractor-Trailer";"BAU";"EUR/kWh";2030;"0.168";"Sensitivity | Removed policies except for bio/syn fuel mandates";"Hydrogen"
"OPEX";"Hydrogen";"ES";"Hydrogen Price";"Rigid";"BAU";"EUR/kWh";2030;"0.168";"Sensitivity | Removed policies except for bio/syn fuel mandates";"Hydrogen"
"OPEX";"Hydrogen";"ES";"Hydrogen Price";"Tractor-Trailer";"BAU";"EUR/kWh";2030;"0.168";"Sensitivity | Removed policies except for bio/syn fuel mandates";"Hydrogen"
"OPEX";"Hydrogen";"FR";"Hydrogen Price";"Rigid";"BAU";"EUR/kWh";2030;"0.168";"Sensitivity | Removed policies except for bio/syn fuel mandates";"Hydrogen"
"OPEX";"Hydrogen";"FR";"Hydrogen Price";"Tractor-Trailer";"BAU";"EUR/kWh";2030;"0.168";"Sensitivity | Removed policies except for bio/syn fuel mandates";"Hydrogen"
"OPEX";"Hydrogen";"IT";"Hydrogen Price";"Rigid";"BAU";"EUR/kWh";2030;"0.168";"Sensitivity | Removed policies except for bio/syn fuel mandates";"Hydrogen"
"OPEX";"Hydrogen";"IT";"Hydrogen Price";"Tractor-Trailer";"BAU";"EUR/kWh";2030;"0.168";"Sensitivity | Removed policies except for bio/syn fuel mandates";"Hydrogen"
"OPEX";"Hydrogen";"NL";"Hydrogen Price";"Rigid";"BAU";"EUR/kWh";2030;"0.168";"Sensitivity | Removed policies except for bio/syn fuel mandates";"Hydrogen"
"OPEX";"Hydrogen";"NL";"Hydrogen Price";"Tractor-Trailer";"BAU";"EUR/kWh";2030;"0.168";"Sensitivity | Removed policies except for bio/syn fuel mandates";"Hydrogen"
"OPEX";"Hydrogen";"PL";"Hydrogen Price";"Rigid";"BAU";"EUR/kWh";2030;"0.168";"Sensitivity | Removed policies except for bio/syn fuel mandates";"Hydrogen"
"OPEX";"Hydrogen";"PL";"Hydrogen Price";"Tractor-Trailer";"BAU";"EUR/kWh";2030;"0.168";"Sensitivity | Removed policies except for bio/syn fuel mandates";"Hydrogen"
"OPEX";"Hydrogen";"UK";"Hydrogen Price";"Rigid";"BAU";"EUR/kWh";2030;"0.168";"Sensitivity | Removed policies except for bio/syn fuel mandates";"Hydrogen"
"OPEX";"Hydrogen";"UK";"Hydrogen Price";"Tractor-Trailer";"BAU";"EUR/kWh";2030;"0.168";"Sensitivity | Removed policies except for bio/syn fuel mandates";"Hydrogen"
"OPEX";"Diesel";"FR";"Biodiesel Price";"Rigid";"BAU";"EUR/kWh";2035;"0.159";"Sensitivity | Removed policies except for bio/syn fuel mandates";"Diesel"
"OPEX";"Diesel";"FR";"Biodiesel Price";"Tractor-Trailer";"BAU";"EUR/kWh";2035;"0.159";"Sensitivity | Removed policies except for bio/syn fuel mandates";"Diesel"
"OPEX";"Diesel";"DE";"Biodiesel Price";"Rigid";"BAU";"EUR/kWh";2035;"0.159";"Sensitivity | Removed policies except for bio/syn fuel mandates";"Diesel"
"OPEX";"Diesel";"DE";"Biodiesel Price";"Tractor-Trailer";"BAU";"EUR/kWh";2035;"0.159";"Sensitivity | Removed policies except for bio/syn fuel mandates";"Diesel"
"OPEX";"Diesel";"ES";"Biodiesel Price";"Rigid";"BAU";"EUR/kWh";2035;"0.159";"Sensitivity | Removed policies except for bio/syn fuel mandates";"Diesel"
"OPEX";"Diesel";"ES";"Biodiesel Price";"Tractor-Trailer";"BAU";"EUR/kWh";2035;"0.159";"Sensitivity | Removed policies except for bio/syn fuel mandates";"Diesel"
"OPEX";"Diesel";"IT";"Biodiesel Price";"Rigid";"BAU";"EUR/kWh";2035;"0.159";"Sensitivity | Removed policies except for bio/syn fuel mandates";"Diesel"
"OPEX";"Diesel";"IT";"Biodiesel Price";"Tractor-Trailer";"BAU";"EUR/kWh";2035;"0.159";"Sensitivity | Removed policies except for bio/syn fuel mandates";"Diesel"
"OPEX";"Diesel";"NL";"Biodiesel Price";"Rigid";"BAU";"EUR/kWh";2035;"0.159";"Sensitivity | Removed policies except for bio/syn fuel mandates";"Diesel"
"OPEX";"Diesel";"NL";"Biodiesel Price";"Tractor-Trailer";"BAU";"EUR/kWh";2035;"0.159";"Sensitivity | Removed policies except for bio/syn fuel mandates";"Diesel"
"OPEX";"Diesel";"PL";"Biodiesel Price";"Rigid";"BAU";"EUR/kWh";2035;"0.159";"Sensitivity | Removed policies except for bio/syn fuel mandates";"Diesel"
"OPEX";"Diesel";"PL";"Biodiesel Price";"Tractor-Trailer";"BAU";"EUR/kWh";2035;"0.159";"Sensitivity | Removed policies except for bio/syn fuel mandates";"Diesel"
"OPEX";"Diesel";"UK";"Biodiesel Price";"Rigid";"BAU";"EUR/kWh";2035;"0.159";"Sensitivity | Removed policies except for bio/syn fuel mandates";"Diesel"
"OPEX";"Diesel";"UK";"Biodiesel Price";"Tractor-Trailer";"BAU";"EUR/kWh";2035;"0.159";"Sensitivity | Removed policies except for bio/syn fuel mandates";"Diesel"
"OPEX";"Diesel";"DE";"Pt-Diesel Price";"Rigid";"BAU";"EUR/kWh";2035;"0.239";"Sensitivity | Removed policies except for bio/syn fuel mandates";"Diesel"
"OPEX";"Diesel";"DE";"Pt-Diesel Price";"Tractor-Trailer";"BAU";"EUR/kWh";2035;"0.239";"Sensitivity | Removed policies except for bio/syn fuel mandates";"Diesel"
"OPEX";"Diesel";"ES";"Pt-Diesel Price";"Rigid";"BAU";"EUR/kWh";2035;"0.239";"Sensitivity | Removed policies except for bio/syn fuel mandates";"Diesel"
"OPEX";"Diesel";"ES";"Pt-Diesel Price";"Tractor-Trailer";"BAU";"EUR/kWh";2035;"0.239";"Sensitivity | Removed policies except for bio/syn fuel mandates";"Diesel"
"OPEX";"Diesel";"FR";"Pt-Diesel Price";"Rigid";"BAU";"EUR/kWh";2035;"0.239";"Sensitivity | Removed policies except for bio/syn fuel mandates";"Diesel"
"OPEX";"Diesel";"FR";"Pt-Diesel Price";"Tractor-Trailer";"BAU";"EUR/kWh";2035;"0.239";"Sensitivity | Removed policies except for bio/syn fuel mandates";"Diesel"
"OPEX";"Diesel";"IT";"Pt-Diesel Price";"Rigid";"BAU";"EUR/kWh";2035;"0.239";"Sensitivity | Removed policies except for bio/syn fuel mandates";"Diesel"
"OPEX";"Diesel";"IT";"Pt-Diesel Price";"Tractor-Trailer";"BAU";"EUR/kWh";2035;"0.239";"Sensitivity | Removed policies except for bio/syn fuel mandates";"Diesel"
"OPEX";"Diesel";"NL";"Pt-Diesel Price";"Rigid";"BAU";"EUR/kWh";2035;"0.239";"Sensitivity | Removed policies except for bio/syn fuel mandates";"Diesel"
"OPEX";"Diesel";"NL";"Pt-Diesel Price";"Tractor-Trailer";"BAU";"EUR/kWh";2035;"0.239";"Sensitivity | Removed policies except for bio/syn fuel mandates";"Diesel"
"OPEX";"Diesel";"PL";"Pt-Diesel Price";"Rigid";"BAU";"EUR/kWh";2035;"0.239";"Sensitivity | Removed policies except for bio/syn fuel mandates";"Diesel"
"OPEX";"Diesel";"PL";"Pt-Diesel Price";"Tractor-Trailer";"BAU";"EUR/kWh";2035;"0.239";"Sensitivity | Removed policies except for bio/syn fuel mandates";"Diesel"
"OPEX";"Diesel";"UK";"Pt-Diesel Price";"Rigid";"BAU";"EUR/kWh";2035;"0.239";"Sensitivity | Removed policies except for bio/syn fuel mandates";"Diesel"
"OPEX";"Diesel";"UK";"Pt-Diesel Price";"Tractor-Trailer";"BAU";"EUR/kWh";2035;"0.239";"Sensitivity | Removed policies except for bio/syn fuel mandates";"Diesel"
"OPEX";"Electricity";"DE";"Electricity Price";"Rigid";"BAU";"EUR/kWh";2035;"0.076";"Sensitivity | Removed policies except for bio/syn fuel mandates";"Electricity"
"OPEX";"Electricity";"DE";"Electricity Price";"Tractor-Trailer";"BAU";"EUR/kWh";2035;"0.076";"Sensitivity | Removed policies except for bio/syn fuel mandates";"Electricity"
"OPEX";"Electricity";"ES";"Electricity Price";"Rigid";"BAU";"EUR/kWh";2035;"0.076";"Sensitivity | Removed policies except for bio/syn fuel mandates";"Electricity"
"OPEX";"Electricity";"ES";"Electricity Price";"Tractor-Trailer";"BAU";"EUR/kWh";2035;"0.076";"Sensitivity | Removed policies except for bio/syn fuel mandates";"Electricity"
"OPEX";"Electricity";"FR";"Electricity Price";"Rigid";"BAU";"EUR/kWh";2035;"0.076";"Sensitivity | Removed policies except for bio/syn fuel mandates";"Electricity"
"OPEX";"Electricity";"FR";"Electricity Price";"Tractor-Trailer";"BAU";"EUR/kWh";2035;"0.076";"Sensitivity | Removed policies except for bio/syn fuel mandates";"Electricity"
"OPEX";"Electricity";"IT";"Electricity Price";"Rigid";"BAU";"EUR/kWh";2035;"0.076";"Sensitivity | Removed policies except for bio/syn fuel mandates";"Electricity"
"OPEX";"Electricity";"IT";"Electricity Price";"Tractor-Trailer";"BAU";"EUR/kWh";2035;"0.076";"Sensitivity | Removed policies except for bio/syn fuel mandates";"Electricity"
"OPEX";"Electricity";"NL";"Electricity Price";"Rigid";"BAU";"EUR/kWh";2035;"0.076";"Sensitivity | Removed policies except for bio/syn fuel mandates";"Electricity"
"OPEX";"Electricity";"NL";"Electricity Price";"Tractor-Trailer";"BAU";"EUR/kWh";2035;"0.076";"Sensitivity | Removed policies except for bio/syn fuel mandates";"Electricity"
"OPEX";"Electricity";"PL";"Electricity Price";"Rigid";"BAU";"EUR/kWh";2035;"0.076";"Sensitivity | Removed policies except for bio/syn fuel mandates";"Electricity"
"OPEX";"Electricity";"PL";"Electricity Price";"Tractor-Trailer";"BAU";"EUR/kWh";2035;"0.076";"Sensitivity | Removed policies except for bio/syn fuel mandates";"Electricity"
"OPEX";"Electricity";"UK";"Electricity Price";"Rigid";"BAU";"EUR/kWh";2035;"0.076";"Sensitivity | Removed policies except for bio/syn fuel mandates";"Electricity"
"OPEX";"Electricity";"UK";"Electricity Price";"Tractor-Trailer";"BAU";"EUR/kWh";2035;"0.076";"Sensitivity | Removed policies except for bio/syn fuel mandates";"Electricity"
"OPEX";"Hydrogen";"DE";"Hydrogen Price";"Rigid";"BAU";"EUR/kWh";2035;"0.151";"Sensitivity | Removed policies except for bio/syn fuel mandates";"Hydrogen"
"OPEX";"Hydrogen";"DE";"Hydrogen Price";"Tractor-Trailer";"BAU";"EUR/kWh";2035;"0.151";"Sensitivity | Removed policies except for bio/syn fuel mandates";"Hydrogen"
"OPEX";"Hydrogen";"ES";"Hydrogen Price";"Rigid";"BAU";"EUR/kWh";2035;"0.151";"Sensitivity | Removed policies except for bio/syn fuel mandates";"Hydrogen"
"OPEX";"Hydrogen";"ES";"Hydrogen Price";"Tractor-Trailer";"BAU";"EUR/kWh";2035;"0.151";"Sensitivity | Removed policies except for bio/syn fuel mandates";"Hydrogen"
"OPEX";"Hydrogen";"FR";"Hydrogen Price";"Rigid";"BAU";"EUR/kWh";2035;"0.151";"Sensitivity | Removed policies except for bio/syn fuel mandates";"Hydrogen"
"OPEX";"Hydrogen";"FR";"Hydrogen Price";"Tractor-Trailer";"BAU";"EUR/kWh";2035;"0.151";"Sensitivity | Removed policies except for bio/syn fuel mandates";"Hydrogen"
"OPEX";"Hydrogen";"IT";"Hydrogen Price";"Rigid";"BAU";"EUR/kWh";2035;"0.151";"Sensitivity | Removed policies except for bio/syn fuel mandates";"Hydrogen"
"OPEX";"Hydrogen";"IT";"Hydrogen Price";"Tractor-Trailer";"BAU";"EUR/kWh";2035;"0.151";"Sensitivity | Removed policies except for bio/syn fuel mandates";"Hydrogen"
"OPEX";"Hydrogen";"NL";"Hydrogen Price";"Rigid";"BAU";"EUR/kWh";2035;"0.151";"Sensitivity | Removed policies except for bio/syn fuel mandates";"Hydrogen"
"OPEX";"Hydrogen";"NL";"Hydrogen Price";"Tractor-Trailer";"BAU";"EUR/kWh";2035;"0.151";"Sensitivity | Removed policies except for bio/syn fuel mandates";"Hydrogen"
"OPEX";"Hydrogen";"PL";"Hydrogen Price";"Rigid";"BAU";"EUR/kWh";2035;"0.151";"Sensitivity | Removed policies except for bio/syn fuel mandates";"Hydrogen"
"OPEX";"Hydrogen";"PL";"Hydrogen Price";"Tractor-Trailer";"BAU";"EUR/kWh";2035;"0.151";"Sensitivity | Removed policies except for bio/syn fuel mandates";"Hydrogen"
"OPEX";"Hydrogen";"UK";"Hydrogen Price";"Rigid";"BAU";"EUR/kWh";2035;"0.151";"Sensitivity | Removed policies except for bio/syn fuel mandates";"Hydrogen"
"OPEX";"Hydrogen";"UK";"Hydrogen Price";"Tractor-Trailer";"BAU";"EUR/kWh";2035;"0.151";"Sensitivity | Removed policies except for bio/syn fuel mandates";"Hydrogen"
"OPEX";"Diesel";"FR";"Biodiesel Price";"Rigid";"BAU";"EUR/kWh";2040;"0.172";"Sensitivity | Removed policies except for bio/syn fuel mandates";"Diesel"
"OPEX";"Diesel";"FR";"Biodiesel Price";"Tractor-Trailer";"BAU";"EUR/kWh";2040;"0.172";"Sensitivity | Removed policies except for bio/syn fuel mandates";"Diesel"
"OPEX";"Diesel";"DE";"Biodiesel Price";"Rigid";"BAU";"EUR/kWh";2040;"0.172";"Sensitivity | Removed policies except for bio/syn fuel mandates";"Diesel"
"OPEX";"Diesel";"DE";"Biodiesel Price";"Tractor-Trailer";"BAU";"EUR/kWh";2040;"0.172";"Sensitivity | Removed policies except for bio/syn fuel mandates";"Diesel"
"OPEX";"Diesel";"ES";"Biodiesel Price";"Rigid";"BAU";"EUR/kWh";2040;"0.172";"Sensitivity | Removed policies except for bio/syn fuel mandates";"Diesel"
"OPEX";"Diesel";"ES";"Biodiesel Price";"Tractor-Trailer";"BAU";"EUR/kWh";2040;"0.172";"Sensitivity | Removed policies except for bio/syn fuel mandates";"Diesel"
"OPEX";"Diesel";"IT";"Biodiesel Price";"Rigid";"BAU";"EUR/kWh";2040;"0.172";"Sensitivity | Removed policies except for bio/syn fuel mandates";"Diesel"
"OPEX";"Diesel";"IT";"Biodiesel Price";"Tractor-Trailer";"BAU";"EUR/kWh";2040;"0.172";"Sensitivity | Removed policies except for bio/syn fuel mandates";"Diesel"
"OPEX";"Diesel";"NL";"Biodiesel Price";"Rigid";"BAU";"EUR/kWh";2040;"0.172";"Sensitivity | Removed policies except for bio/syn fuel mandates";"Diesel"
"OPEX";"Diesel";"NL";"Biodiesel Price";"Tractor-Trailer";"BAU";"EUR/kWh";2040;"0.172";"Sensitivity | Removed policies except for bio/syn fuel mandates";"Diesel"
"OPEX";"Diesel";"PL";"Biodiesel Price";"Rigid";"BAU";"EUR/kWh";2040;"0.172";"Sensitivity | Removed policies except for bio/syn fuel mandates";"Diesel"
"OPEX";"Diesel";"PL";"Biodiesel Price";"Tractor-Trailer";"BAU";"EUR/kWh";2040;"0.172";"Sensitivity | Removed policies except for bio/syn fuel mandates";"Diesel"
"OPEX";"Diesel";"UK";"Biodiesel Price";"Rigid";"BAU";"EUR/kWh";2040;"0.172";"Sensitivity | Removed policies except for bio/syn fuel mandates";"Diesel"
"OPEX";"Diesel";"UK";"Biodiesel Price";"Tractor-Trailer";"BAU";"EUR/kWh";2040;"0.172";"Sensitivity | Removed policies except for bio/syn fuel mandates";"Diesel"
"OPEX";"Diesel";"DE";"Pt-Diesel Price";"Rigid";"BAU";"EUR/kWh";2040;"0.218";"Sensitivity | Removed policies except for bio/syn fuel mandates";"Diesel"
"OPEX";"Diesel";"DE";"Pt-Diesel Price";"Tractor-Trailer";"BAU";"EUR/kWh";2040;"0.218";"Sensitivity | Removed policies except for bio/syn fuel mandates";"Diesel"
"OPEX";"Diesel";"ES";"Pt-Diesel Price";"Rigid";"BAU";"EUR/kWh";2040;"0.218";"Sensitivity | Removed policies except for bio/syn fuel mandates";"Diesel"
"OPEX";"Diesel";"ES";"Pt-Diesel Price";"Tractor-Trailer";"BAU";"EUR/kWh";2040;"0.218";"Sensitivity | Removed policies except for bio/syn fuel mandates";"Diesel"
"OPEX";"Diesel";"FR";"Pt-Diesel Price";"Rigid";"BAU";"EUR/kWh";2040;"0.218";"Sensitivity | Removed policies except for bio/syn fuel mandates";"Diesel"
"OPEX";"Diesel";"FR";"Pt-Diesel Price";"Tractor-Trailer";"BAU";"EUR/kWh";2040;"0.218";"Sensitivity | Removed policies except for bio/syn fuel mandates";"Diesel"
"OPEX";"Diesel";"IT";"Pt-Diesel Price";"Rigid";"BAU";"EUR/kWh";2040;"0.218";"Sensitivity | Removed policies except for bio/syn fuel mandates";"Diesel"
"OPEX";"Diesel";"IT";"Pt-Diesel Price";"Tractor-Trailer";"BAU";"EUR/kWh";2040;"0.218";"Sensitivity | Removed policies except for bio/syn fuel mandates";"Diesel"
"OPEX";"Diesel";"NL";"Pt-Diesel Price";"Rigid";"BAU";"EUR/kWh";2040;"0.218";"Sensitivity | Removed policies except for bio/syn fuel mandates";"Diesel"
"OPEX";"Diesel";"NL";"Pt-Diesel Price";"Tractor-Trailer";"BAU";"EUR/kWh";2040;"0.218";"Sensitivity | Removed policies except for bio/syn fuel mandates";"Diesel"
"OPEX";"Diesel";"PL";"Pt-Diesel Price";"Rigid";"BAU";"EUR/kWh";2040;"0.218";"Sensitivity | Removed policies except for bio/syn fuel mandates";"Diesel"
"OPEX";"Diesel";"PL";"Pt-Diesel Price";"Tractor-Trailer";"BAU";"EUR/kWh";2040;"0.218";"Sensitivity | Removed policies except for bio/syn fuel mandates";"Diesel"
"OPEX";"Diesel";"UK";"Pt-Diesel Price";"Rigid";"BAU";"EUR/kWh";2040;"0.218";"Sensitivity | Removed policies except for bio/syn fuel mandates";"Diesel"
"OPEX";"Diesel";"UK";"Pt-Diesel Price";"Tractor-Trailer";"BAU";"EUR/kWh";2040;"0.218";"Sensitivity | Removed policies except for bio/syn fuel mandates";"Diesel"
"OPEX";"Electricity";"DE";"Electricity Price";"Rigid";"BAU";"EUR/kWh";2040;"0.071";"Sensitivity | Removed policies except for bio/syn fuel mandates";"Electricity"
"OPEX";"Electricity";"DE";"Electricity Price";"Tractor-Trailer";"BAU";"EUR/kWh";2040;"0.071";"Sensitivity | Removed policies except for bio/syn fuel mandates";"Electricity"
"OPEX";"Electricity";"ES";"Electricity Price";"Rigid";"BAU";"EUR/kWh";2040;"0.071";"Sensitivity | Removed policies except for bio/syn fuel mandates";"Electricity"
"OPEX";"Electricity";"ES";"Electricity Price";"Tractor-Trailer";"BAU";"EUR/kWh";2040;"0.071";"Sensitivity | Removed policies except for bio/syn fuel mandates";"Electricity"
"OPEX";"Electricity";"FR";"Electricity Price";"Rigid";"BAU";"EUR/kWh";2040;"0.071";"Sensitivity | Removed policies except for bio/syn fuel mandates";"Electricity"
"OPEX";"Electricity";"FR";"Electricity Price";"Tractor-Trailer";"BAU";"EUR/kWh";2040;"0.071";"Sensitivity | Removed policies except for bio/syn fuel mandates";"Electricity"
"OPEX";"Electricity";"IT";"Electricity Price";"Rigid";"BAU";"EUR/kWh";2040;"0.071";"Sensitivity | Removed policies except for bio/syn fuel mandates";"Electricity"
"OPEX";"Electricity";"IT";"Electricity Price";"Tractor-Trailer";"BAU";"EUR/kWh";2040;"0.071";"Sensitivity | Removed policies except for bio/syn fuel mandates";"Electricity"
"OPEX";"Electricity";"NL";"Electricity Price";"Rigid";"BAU";"EUR/kWh";2040;"0.071";"Sensitivity | Removed policies except for bio/syn fuel mandates";"Electricity"
"OPEX";"Electricity";"NL";"Electricity Price";"Tractor-Trailer";"BAU";"EUR/kWh";2040;"0.071";"Sensitivity | Removed policies except for bio/syn fuel mandates";"Electricity"
"OPEX";"Electricity";"PL";"Electricity Price";"Rigid";"BAU";"EUR/kWh";2040;"0.071";"Sensitivity | Removed policies except for bio/syn fuel mandates";"Electricity"
"OPEX";"Electricity";"PL";"Electricity Price";"Tractor-Trailer";"BAU";"EUR/kWh";2040;"0.071";"Sensitivity | Removed policies except for bio/syn fuel mandates";"Electricity"
"OPEX";"Electricity";"UK";"Electricity Price";"Rigid";"BAU";"EUR/kWh";2040;"0.071";"Sensitivity | Removed policies except for bio/syn fuel mandates";"Electricity"
"OPEX";"Electricity";"UK";"Electricity Price";"Tractor-Trailer";"BAU";"EUR/kWh";2040;"0.071";"Sensitivity | Removed policies except for bio/syn fuel mandates";"Electricity"
"OPEX";"Hydrogen";"DE";"Hydrogen Price";"Rigid";"BAU";"EUR/kWh";2040;"0.134";"Sensitivity | Removed policies except for bio/syn fuel mandates";"Hydrogen"
"OPEX";"Hydrogen";"DE";"Hydrogen Price";"Tractor-Trailer";"BAU";"EUR/kWh";2040;"0.134";"Sensitivity | Removed policies except for bio/syn fuel mandates";"Hydrogen"
"OPEX";"Hydrogen";"ES";"Hydrogen Price";"Rigid";"BAU";"EUR/kWh";2040;"0.134";"Sensitivity | Removed policies except for bio/syn fuel mandates";"Hydrogen"
"OPEX";"Hydrogen";"ES";"Hydrogen Price";"Tractor-Trailer";"BAU";"EUR/kWh";2040;"0.134";"Sensitivity | Removed policies except for bio/syn fuel mandates";"Hydrogen"
"OPEX";"Hydrogen";"FR";"Hydrogen Price";"Rigid";"BAU";"EUR/kWh";2040;"0.134";"Sensitivity | Removed policies except for bio/syn fuel mandates";"Hydrogen"
"OPEX";"Hydrogen";"FR";"Hydrogen Price";"Tractor-Trailer";"BAU";"EUR/kWh";2040;"0.134";"Sensitivity | Removed policies except for bio/syn fuel mandates";"Hydrogen"
"OPEX";"Hydrogen";"IT";"Hydrogen Price";"Rigid";"BAU";"EUR/kWh";2040;"0.134";"Sensitivity | Removed policies except for bio/syn fuel mandates";"Hydrogen"
"OPEX";"Hydrogen";"IT";"Hydrogen Price";"Tractor-Trailer";"BAU";"EUR/kWh";2040;"0.134";"Sensitivity | Removed policies except for bio/syn fuel mandates";"Hydrogen"
"OPEX";"Hydrogen";"NL";"Hydrogen Price";"Rigid";"BAU";"EUR/kWh";2040;"0.134";"Sensitivity | Removed policies except for bio/syn fuel mandates";"Hydrogen"
"OPEX";"Hydrogen";"NL";"Hydrogen Price";"Tractor-Trailer";"BAU";"EUR/kWh";2040;"0.134";"Sensitivity | Removed policies except for bio/syn fuel mandates";"Hydrogen"
"OPEX";"Hydrogen";"PL";"Hydrogen Price";"Rigid";"BAU";"EUR/kWh";2040;"0.134";"Sensitivity | Removed policies except for bio/syn fuel mandates";"Hydrogen"
"OPEX";"Hydrogen";"PL";"Hydrogen Price";"Tractor-Trailer";"BAU";"EUR/kWh";2040;"0.134";"Sensitivity | Removed policies except for bio/syn fuel mandates";"Hydrogen"
"OPEX";"Hydrogen";"UK";"Hydrogen Price";"Rigid";"BAU";"EUR/kWh";2040;"0.134";"Sensitivity | Removed policies except for bio/syn fuel mandates";"Hydrogen"
"OPEX";"Hydrogen";"UK";"Hydrogen Price";"Tractor-Trailer";"BAU";"EUR/kWh";2040;"0.134";"Sensitivity | Removed policies except for bio/syn fuel mandates";"Hydrogen"
"OPEX";"Diesel";"FR";"Biodiesel Price";"Rigid";"BAU";"EUR/kWh";2045;"0.17";"Sensitivity | Removed policies except for bio/syn fuel mandates";"Diesel"
"OPEX";"Diesel";"FR";"Biodiesel Price";"Tractor-Trailer";"BAU";"EUR/kWh";2045;"0.17";"Sensitivity | Removed policies except for bio/syn fuel mandates";"Diesel"
"OPEX";"Diesel";"DE";"Biodiesel Price";"Rigid";"BAU";"EUR/kWh";2045;"0.17";"Sensitivity | Removed policies except for bio/syn fuel mandates";"Diesel"
"OPEX";"Diesel";"DE";"Biodiesel Price";"Tractor-Trailer";"BAU";"EUR/kWh";2045;"0.17";"Sensitivity | Removed policies except for bio/syn fuel mandates";"Diesel"
"OPEX";"Diesel";"ES";"Biodiesel Price";"Rigid";"BAU";"EUR/kWh";2045;"0.17";"Sensitivity | Removed policies except for bio/syn fuel mandates";"Diesel"
"OPEX";"Diesel";"ES";"Biodiesel Price";"Tractor-Trailer";"BAU";"EUR/kWh";2045;"0.17";"Sensitivity | Removed policies except for bio/syn fuel mandates";"Diesel"
"OPEX";"Diesel";"IT";"Biodiesel Price";"Rigid";"BAU";"EUR/kWh";2045;"0.17";"Sensitivity | Removed policies except for bio/syn fuel mandates";"Diesel"
"OPEX";"Diesel";"IT";"Biodiesel Price";"Tractor-Trailer";"BAU";"EUR/kWh";2045;"0.17";"Sensitivity | Removed policies except for bio/syn fuel mandates";"Diesel"
"OPEX";"Diesel";"NL";"Biodiesel Price";"Rigid";"BAU";"EUR/kWh";2045;"0.17";"Sensitivity | Removed policies except for bio/syn fuel mandates";"Diesel"
"OPEX";"Diesel";"NL";"Biodiesel Price";"Tractor-Trailer";"BAU";"EUR/kWh";2045;"0.17";"Sensitivity | Removed policies except for bio/syn fuel mandates";"Diesel"
"OPEX";"Diesel";"PL";"Biodiesel Price";"Rigid";"BAU";"EUR/kWh";2045;"0.17";"Sensitivity | Removed policies except for bio/syn fuel mandates";"Diesel"
"OPEX";"Diesel";"PL";"Biodiesel Price";"Tractor-Trailer";"BAU";"EUR/kWh";2045;"0.17";"Sensitivity | Removed policies except for bio/syn fuel mandates";"Diesel"
"OPEX";"Diesel";"UK";"Biodiesel Price";"Rigid";"BAU";"EUR/kWh";2045;"0.17";"Sensitivity | Removed policies except for bio/syn fuel mandates";"Diesel"
"OPEX";"Diesel";"UK";"Biodiesel Price";"Tractor-Trailer";"BAU";"EUR/kWh";2045;"0.17";"Sensitivity | Removed policies except for bio/syn fuel mandates";"Diesel"
"OPEX";"Diesel";"DE";"Pt-Diesel Price";"Rigid";"BAU";"EUR/kWh";2045;"0.196";"Sensitivity | Removed policies except for bio/syn fuel mandates";"Diesel"
"OPEX";"Diesel";"DE";"Pt-Diesel Price";"Tractor-Trailer";"BAU";"EUR/kWh";2045;"0.196";"Sensitivity | Removed policies except for bio/syn fuel mandates";"Diesel"
"OPEX";"Diesel";"ES";"Pt-Diesel Price";"Rigid";"BAU";"EUR/kWh";2045;"0.196";"Sensitivity | Removed policies except for bio/syn fuel mandates";"Diesel"
"OPEX";"Diesel";"ES";"Pt-Diesel Price";"Tractor-Trailer";"BAU";"EUR/kWh";2045;"0.196";"Sensitivity | Removed policies except for bio/syn fuel mandates";"Diesel"
"OPEX";"Diesel";"FR";"Pt-Diesel Price";"Rigid";"BAU";"EUR/kWh";2045;"0.196";"Sensitivity | Removed policies except for bio/syn fuel mandates";"Diesel"
"OPEX";"Diesel";"FR";"Pt-Diesel Price";"Tractor-Trailer";"BAU";"EUR/kWh";2045;"0.196";"Sensitivity | Removed policies except for bio/syn fuel mandates";"Diesel"
"OPEX";"Diesel";"IT";"Pt-Diesel Price";"Rigid";"BAU";"EUR/kWh";2045;"0.196";"Sensitivity | Removed policies except for bio/syn fuel mandates";"Diesel"
"OPEX";"Diesel";"IT";"Pt-Diesel Price";"Tractor-Trailer";"BAU";"EUR/kWh";2045;"0.196";"Sensitivity | Removed policies except for bio/syn fuel mandates";"Diesel"
"OPEX";"Diesel";"NL";"Pt-Diesel Price";"Rigid";"BAU";"EUR/kWh";2045;"0.196";"Sensitivity | Removed policies except for bio/syn fuel mandates";"Diesel"
"OPEX";"Diesel";"NL";"Pt-Diesel Price";"Tractor-Trailer";"BAU";"EUR/kWh";2045;"0.196";"Sensitivity | Removed policies except for bio/syn fuel mandates";"Diesel"
"OPEX";"Diesel";"PL";"Pt-Diesel Price";"Rigid";"BAU";"EUR/kWh";2045;"0.196";"Sensitivity | Removed policies except for bio/syn fuel mandates";"Diesel"
"OPEX";"Diesel";"PL";"Pt-Diesel Price";"Tractor-Trailer";"BAU";"EUR/kWh";2045;"0.196";"Sensitivity | Removed policies except for bio/syn fuel mandates";"Diesel"
"OPEX";"Diesel";"UK";"Pt-Diesel Price";"Rigid";"BAU";"EUR/kWh";2045;"0.196";"Sensitivity | Removed policies except for bio/syn fuel mandates";"Diesel"
"OPEX";"Diesel";"UK";"Pt-Diesel Price";"Tractor-Trailer";"BAU";"EUR/kWh";2045;"0.196";"Sensitivity | Removed policies except for bio/syn fuel mandates";"Diesel"
"OPEX";"Electricity";"DE";"Electricity Price";"Rigid";"BAU";"EUR/kWh";2045;"0.07";"Sensitivity | Removed policies except for bio/syn fuel mandates";"Electricity"
"OPEX";"Electricity";"DE";"Electricity Price";"Tractor-Trailer";"BAU";"EUR/kWh";2045;"0.07";"Sensitivity | Removed policies except for bio/syn fuel mandates";"Electricity"
"OPEX";"Electricity";"ES";"Electricity Price";"Rigid";"BAU";"EUR/kWh";2045;"0.07";"Sensitivity | Removed policies except for bio/syn fuel mandates";"Electricity"
"OPEX";"Electricity";"ES";"Electricity Price";"Tractor-Trailer";"BAU";"EUR/kWh";2045;"0.07";"Sensitivity | Removed policies except for bio/syn fuel mandates";"Electricity"
"OPEX";"Electricity";"FR";"Electricity Price";"Rigid";"BAU";"EUR/kWh";2045;"0.07";"Sensitivity | Removed policies except for bio/syn fuel mandates";"Electricity"
"OPEX";"Electricity";"FR";"Electricity Price";"Tractor-Trailer";"BAU";"EUR/kWh";2045;"0.07";"Sensitivity | Removed policies except for bio/syn fuel mandates";"Electricity"
"OPEX";"Electricity";"IT";"Electricity Price";"Rigid";"BAU";"EUR/kWh";2045;"0.07";"Sensitivity | Removed policies except for bio/syn fuel mandates";"Electricity"
"OPEX";"Electricity";"IT";"Electricity Price";"Tractor-Trailer";"BAU";"EUR/kWh";2045;"0.07";"Sensitivity | Removed policies except for bio/syn fuel mandates";"Electricity"
"OPEX";"Electricity";"NL";"Electricity Price";"Rigid";"BAU";"EUR/kWh";2045;"0.07";"Sensitivity | Removed policies except for bio/syn fuel mandates";"Electricity"
"OPEX";"Electricity";"NL";"Electricity Price";"Tractor-Trailer";"BAU";"EUR/kWh";2045;"0.07";"Sensitivity | Removed policies except for bio/syn fuel mandates";"Electricity"
"OPEX";"Electricity";"PL";"Electricity Price";"Rigid";"BAU";"EUR/kWh";2045;"0.07";"Sensitivity | Removed policies except for bio/syn fuel mandates";"Electricity"
"OPEX";"Electricity";"PL";"Electricity Price";"Tractor-Trailer";"BAU";"EUR/kWh";2045;"0.07";"Sensitivity | Removed policies except for bio/syn fuel mandates";"Electricity"
"OPEX";"Electricity";"UK";"Electricity Price";"Rigid";"BAU";"EUR/kWh";2045;"0.07";"Sensitivity | Removed policies except for bio/syn fuel mandates";"Electricity"
"OPEX";"Electricity";"UK";"Electricity Price";"Tractor-Trailer";"BAU";"EUR/kWh";2045;"0.07";"Sensitivity | Removed policies except for bio/syn fuel mandates";"Electricity"
"OPEX";"Hydrogen";"DE";"Hydrogen Price";"Rigid";"BAU";"EUR/kWh";2045;"0.118";"Sensitivity | Removed policies except for bio/syn fuel mandates";"Hydrogen"
"OPEX";"Hydrogen";"DE";"Hydrogen Price";"Tractor-Trailer";"BAU";"EUR/kWh";2045;"0.118";"Sensitivity | Removed policies except for bio/syn fuel mandates";"Hydrogen"
"OPEX";"Hydrogen";"ES";"Hydrogen Price";"Rigid";"BAU";"EUR/kWh";2045;"0.118";"Sensitivity | Removed policies except for bio/syn fuel mandates";"Hydrogen"
"OPEX";"Hydrogen";"ES";"Hydrogen Price";"Tractor-Trailer";"BAU";"EUR/kWh";2045;"0.118";"Sensitivity | Removed policies except for bio/syn fuel mandates";"Hydrogen"
"OPEX";"Hydrogen";"FR";"Hydrogen Price";"Rigid";"BAU";"EUR/kWh";2045;"0.118";"Sensitivity | Removed policies except for bio/syn fuel mandates";"Hydrogen"
"OPEX";"Hydrogen";"FR";"Hydrogen Price";"Tractor-Trailer";"BAU";"EUR/kWh";2045;"0.118";"Sensitivity | Removed policies except for bio/syn fuel mandates";"Hydrogen"
"OPEX";"Hydrogen";"IT";"Hydrogen Price";"Rigid";"BAU";"EUR/kWh";2045;"0.118";"Sensitivity | Removed policies except for bio/syn fuel mandates";"Hydrogen"
"OPEX";"Hydrogen";"IT";"Hydrogen Price";"Tractor-Trailer";"BAU";"EUR/kWh";2045;"0.118";"Sensitivity | Removed policies except for bio/syn fuel mandates";"Hydrogen"
"OPEX";"Hydrogen";"NL";"Hydrogen Price";"Rigid";"BAU";"EUR/kWh";2045;"0.118";"Sensitivity | Removed policies except for bio/syn fuel mandates";"Hydrogen"
"OPEX";"Hydrogen";"NL";"Hydrogen Price";"Tractor-Trailer";"BAU";"EUR/kWh";2045;"0.118";"Sensitivity | Removed policies except for bio/syn fuel mandates";"Hydrogen"
"OPEX";"Hydrogen";"PL";"Hydrogen Price";"Rigid";"BAU";"EUR/kWh";2045;"0.118";"Sensitivity | Removed policies except for bio/syn fuel mandates";"Hydrogen"
"OPEX";"Hydrogen";"PL";"Hydrogen Price";"Tractor-Trailer";"BAU";"EUR/kWh";2045;"0.118";"Sensitivity | Removed policies except for bio/syn fuel mandates";"Hydrogen"
"OPEX";"Hydrogen";"UK";"Hydrogen Price";"Rigid";"BAU";"EUR/kWh";2045;"0.118";"Sensitivity | Removed policies except for bio/syn fuel mandates";"Hydrogen"
"OPEX";"Hydrogen";"UK";"Hydrogen Price";"Tractor-Trailer";"BAU";"EUR/kWh";2045;"0.118";"Sensitivity | Removed policies except for bio/syn fuel mandates";"Hydrogen"
"OPEX";"Diesel";"FR";"Biodiesel Price";"Rigid";"BAU";"EUR/kWh";2050;"0.152";"Sensitivity | Removed policies except for bio/syn fuel mandates";"Diesel"
"OPEX";"Diesel";"FR";"Biodiesel Price";"Tractor-Trailer";"BAU";"EUR/kWh";2050;"0.152";"Sensitivity | Removed policies except for bio/syn fuel mandates";"Diesel"
"OPEX";"Diesel";"DE";"Biodiesel Price";"Rigid";"BAU";"EUR/kWh";2050;"0.152";"Sensitivity | Removed policies except for bio/syn fuel mandates";"Diesel"
"OPEX";"Diesel";"DE";"Biodiesel Price";"Tractor-Trailer";"BAU";"EUR/kWh";2050;"0.152";"Sensitivity | Removed policies except for bio/syn fuel mandates";"Diesel"
"OPEX";"Diesel";"ES";"Biodiesel Price";"Rigid";"BAU";"EUR/kWh";2050;"0.152";"Sensitivity | Removed policies except for bio/syn fuel mandates";"Diesel"
"OPEX";"Diesel";"ES";"Biodiesel Price";"Tractor-Trailer";"BAU";"EUR/kWh";2050;"0.152";"Sensitivity | Removed policies except for bio/syn fuel mandates";"Diesel"
"OPEX";"Diesel";"IT";"Biodiesel Price";"Rigid";"BAU";"EUR/kWh";2050;"0.152";"Sensitivity | Removed policies except for bio/syn fuel mandates";"Diesel"
"OPEX";"Diesel";"IT";"Biodiesel Price";"Tractor-Trailer";"BAU";"EUR/kWh";2050;"0.152";"Sensitivity | Removed policies except for bio/syn fuel mandates";"Diesel"
"OPEX";"Diesel";"NL";"Biodiesel Price";"Rigid";"BAU";"EUR/kWh";2050;"0.152";"Sensitivity | Removed policies except for bio/syn fuel mandates";"Diesel"
"OPEX";"Diesel";"NL";"Biodiesel Price";"Tractor-Trailer";"BAU";"EUR/kWh";2050;"0.152";"Sensitivity | Removed policies except for bio/syn fuel mandates";"Diesel"
"OPEX";"Diesel";"PL";"Biodiesel Price";"Rigid";"BAU";"EUR/kWh";2050;"0.152";"Sensitivity | Removed policies except for bio/syn fuel mandates";"Diesel"
"OPEX";"Diesel";"PL";"Biodiesel Price";"Tractor-Trailer";"BAU";"EUR/kWh";2050;"0.152";"Sensitivity | Removed policies except for bio/syn fuel mandates";"Diesel"
"OPEX";"Diesel";"UK";"Biodiesel Price";"Rigid";"BAU";"EUR/kWh";2050;"0.152";"Sensitivity | Removed policies except for bio/syn fuel mandates";"Diesel"
"OPEX";"Diesel";"UK";"Biodiesel Price";"Tractor-Trailer";"BAU";"EUR/kWh";2050;"0.152";"Sensitivity | Removed policies except for bio/syn fuel mandates";"Diesel"
"OPEX";"Diesel";"DE";"Pt-Diesel Price";"Rigid";"BAU";"EUR/kWh";2050;"0.175";"Sensitivity | Removed policies except for bio/syn fuel mandates";"Diesel"
"OPEX";"Diesel";"DE";"Pt-Diesel Price";"Tractor-Trailer";"BAU";"EUR/kWh";2050;"0.175";"Sensitivity | Removed policies except for bio/syn fuel mandates";"Diesel"
"OPEX";"Diesel";"ES";"Pt-Diesel Price";"Rigid";"BAU";"EUR/kWh";2050;"0.175";"Sensitivity | Removed policies except for bio/syn fuel mandates";"Diesel"
"OPEX";"Diesel";"ES";"Pt-Diesel Price";"Tractor-Trailer";"BAU";"EUR/kWh";2050;"0.175";"Sensitivity | Removed policies except for bio/syn fuel mandates";"Diesel"
"OPEX";"Diesel";"FR";"Pt-Diesel Price";"Rigid";"BAU";"EUR/kWh";2050;"0.175";"Sensitivity | Removed policies except for bio/syn fuel mandates";"Diesel"
"OPEX";"Diesel";"FR";"Pt-Diesel Price";"Tractor-Trailer";"BAU";"EUR/kWh";2050;"0.175";"Sensitivity | Removed policies except for bio/syn fuel mandates";"Diesel"
"OPEX";"Diesel";"IT";"Pt-Diesel Price";"Rigid";"BAU";"EUR/kWh";2050;"0.175";"Sensitivity | Removed policies except for bio/syn fuel mandates";"Diesel"
"OPEX";"Diesel";"IT";"Pt-Diesel Price";"Tractor-Trailer";"BAU";"EUR/kWh";2050;"0.175";"Sensitivity | Removed policies except for bio/syn fuel mandates";"Diesel"
"OPEX";"Diesel";"NL";"Pt-Diesel Price";"Rigid";"BAU";"EUR/kWh";2050;"0.175";"Sensitivity | Removed policies except for bio/syn fuel mandates";"Diesel"
"OPEX";"Diesel";"NL";"Pt-Diesel Price";"Tractor-Trailer";"BAU";"EUR/kWh";2050;"0.175";"Sensitivity | Removed policies except for bio/syn fuel mandates";"Diesel"
"OPEX";"Diesel";"PL";"Pt-Diesel Price";"Rigid";"BAU";"EUR/kWh";2050;"0.175";"Sensitivity | Removed policies except for bio/syn fuel mandates";"Diesel"
"OPEX";"Diesel";"PL";"Pt-Diesel Price";"Tractor-Trailer";"BAU";"EUR/kWh";2050;"0.175";"Sensitivity | Removed policies except for bio/syn fuel mandates";"Diesel"
"OPEX";"Diesel";"UK";"Pt-Diesel Price";"Rigid";"BAU";"EUR/kWh";2050;"0.175";"Sensitivity | Removed policies except for bio/syn fuel mandates";"Diesel"
"OPEX";"Diesel";"UK";"Pt-Diesel Price";"Tractor-Trailer";"BAU";"EUR/kWh";2050;"0.175";"Sensitivity | Removed policies except for bio/syn fuel mandates";"Diesel"
"OPEX";"Electricity";"DE";"Electricity Price";"Rigid";"BAU";"EUR/kWh";2050;"0.07";"Sensitivity | Removed policies except for bio/syn fuel mandates";"Electricity"
"OPEX";"Electricity";"DE";"Electricity Price";"Tractor-Trailer";"BAU";"EUR/kWh";2050;"0.07";"Sensitivity | Removed policies except for bio/syn fuel mandates";"Electricity"
"OPEX";"Electricity";"ES";"Electricity Price";"Rigid";"BAU";"EUR/kWh";2050;"0.07";"Sensitivity | Removed policies except for bio/syn fuel mandates";"Electricity"
"OPEX";"Electricity";"ES";"Electricity Price";"Tractor-Trailer";"BAU";"EUR/kWh";2050;"0.07";"Sensitivity | Removed policies except for bio/syn fuel mandates";"Electricity"
"OPEX";"Electricity";"FR";"Electricity Price";"Rigid";"BAU";"EUR/kWh";2050;"0.07";"Sensitivity | Removed policies except for bio/syn fuel mandates";"Electricity"
"OPEX";"Electricity";"FR";"Electricity Price";"Tractor-Trailer";"BAU";"EUR/kWh";2050;"0.07";"Sensitivity | Removed policies except for bio/syn fuel mandates";"Electricity"
"OPEX";"Electricity";"IT";"Electricity Price";"Rigid";"BAU";"EUR/kWh";2050;"0.07";"Sensitivity | Removed policies except for bio/syn fuel mandates";"Electricity"
"OPEX";"Electricity";"IT";"Electricity Price";"Tractor-Trailer";"BAU";"EUR/kWh";2050;"0.07";"Sensitivity | Removed policies except for bio/syn fuel mandates";"Electricity"
"OPEX";"Electricity";"NL";"Electricity Price";"Rigid";"BAU";"EUR/kWh";2050;"0.07";"Sensitivity | Removed policies except for bio/syn fuel mandates";"Electricity"
"OPEX";"Electricity";"NL";"Electricity Price";"Tractor-Trailer";"BAU";"EUR/kWh";2050;"0.07";"Sensitivity | Removed policies except for bio/syn fuel mandates";"Electricity"
"OPEX";"Electricity";"PL";"Electricity Price";"Rigid";"BAU";"EUR/kWh";2050;"0.07";"Sensitivity | Removed policies except for bio/syn fuel mandates";"Electricity"
"OPEX";"Electricity";"PL";"Electricity Price";"Tractor-Trailer";"BAU";"EUR/kWh";2050;"0.07";"Sensitivity | Removed policies except for bio/syn fuel mandates";"Electricity"
"OPEX";"Electricity";"UK";"Electricity Price";"Rigid";"BAU";"EUR/kWh";2050;"0.07";"Sensitivity | Removed policies except for bio/syn fuel mandates";"Electricity"
"OPEX";"Electricity";"UK";"Electricity Price";"Tractor-Trailer";"BAU";"EUR/kWh";2050;"0.07";"Sensitivity | Removed policies except for bio/syn fuel mandates";"Electricity"
"OPEX";"Hydrogen";"DE";"Hydrogen Price";"Rigid";"BAU";"EUR/kWh";2050;"0.101";"Sensitivity | Removed policies except for bio/syn fuel mandates";"Hydrogen"
"OPEX";"Hydrogen";"DE";"Hydrogen Price";"Tractor-Trailer";"BAU";"EUR/kWh";2050;"0.101";"Sensitivity | Removed policies except for bio/syn fuel mandates";"Hydrogen"
"OPEX";"Hydrogen";"ES";"Hydrogen Price";"Rigid";"BAU";"EUR/kWh";2050;"0.101";"Sensitivity | Removed policies except for bio/syn fuel mandates";"Hydrogen"
"OPEX";"Hydrogen";"ES";"Hydrogen Price";"Tractor-Trailer";"BAU";"EUR/kWh";2050;"0.101";"Sensitivity | Removed policies except for bio/syn fuel mandates";"Hydrogen"
"OPEX";"Hydrogen";"FR";"Hydrogen Price";"Rigid";"BAU";"EUR/kWh";2050;"0.101";"Sensitivity | Removed policies except for bio/syn fuel mandates";"Hydrogen"
"OPEX";"Hydrogen";"FR";"Hydrogen Price";"Tractor-Trailer";"BAU";"EUR/kWh";2050;"0.101";"Sensitivity | Removed policies except for bio/syn fuel mandates";"Hydrogen"
"OPEX";"Hydrogen";"IT";"Hydrogen Price";"Rigid";"BAU";"EUR/kWh";2050;"0.101";"Sensitivity | Removed policies except for bio/syn fuel mandates";"Hydrogen"
"OPEX";"Hydrogen";"IT";"Hydrogen Price";"Tractor-Trailer";"BAU";"EUR/kWh";2050;"0.101";"Sensitivity | Removed policies except for bio/syn fuel mandates";"Hydrogen"
"OPEX";"Hydrogen";"NL";"Hydrogen Price";"Rigid";"BAU";"EUR/kWh";2050;"0.101";"Sensitivity | Removed policies except for bio/syn fuel mandates";"Hydrogen"
"OPEX";"Hydrogen";"NL";"Hydrogen Price";"Tractor-Trailer";"BAU";"EUR/kWh";2050;"0.101";"Sensitivity | Removed policies except for bio/syn fuel mandates";"Hydrogen"
"OPEX";"Hydrogen";"PL";"Hydrogen Price";"Rigid";"BAU";"EUR/kWh";2050;"0.101";"Sensitivity | Removed policies except for bio/syn fuel mandates";"Hydrogen"
"OPEX";"Hydrogen";"PL";"Hydrogen Price";"Tractor-Trailer";"BAU";"EUR/kWh";2050;"0.101";"Sensitivity | Removed policies except for bio/syn fuel mandates";"Hydrogen"
"OPEX";"Hydrogen";"UK";"Hydrogen Price";"Rigid";"BAU";"EUR/kWh";2050;"0.101";"Sensitivity | Removed policies except for bio/syn fuel mandates";"Hydrogen"
"OPEX";"Hydrogen";"UK";"Hydrogen Price";"Tractor-Trailer";"BAU";"EUR/kWh";2050;"0.101";"Sensitivity | Removed policies except for bio/syn fuel mandates";"Hydrogen"
"OPEX";"Diesel";"DE";"Share Biodiesel";"Rigid";"BAU";"%";2030;"0.14";"Sensitivity | Removed policies except for bio/syn fuel mandates";"Diesel"
"OPEX";"Diesel";"DE";"Share Biodiesel";"Tractor-Trailer";"BAU";"%";2030;"0.14";"Sensitivity | Removed policies except for bio/syn fuel mandates";"Diesel"
"OPEX";"Diesel";"ES";"Share Biodiesel";"Rigid";"BAU";"%";2030;"0.14";"Sensitivity | Removed policies except for bio/syn fuel mandates";"Diesel"
"OPEX";"Diesel";"ES";"Share Biodiesel";"Tractor-Trailer";"BAU";"%";2030;"0.14";"Sensitivity | Removed policies except for bio/syn fuel mandates";"Diesel"
"OPEX";"Diesel";"FR";"Share Biodiesel";"Rigid";"BAU";"%";2030;"0.14";"Sensitivity | Removed policies except for bio/syn fuel mandates";"Diesel"
"OPEX";"Diesel";"FR";"Share Biodiesel";"Tractor-Trailer";"BAU";"%";2030;"0.14";"Sensitivity | Removed policies except for bio/syn fuel mandates";"Diesel"
"OPEX";"Diesel";"IT";"Share Biodiesel";"Rigid";"BAU";"%";2030;"0.14";"Sensitivity | Removed policies except for bio/syn fuel mandates";"Diesel"
"OPEX";"Diesel";"IT";"Share Biodiesel";"Tractor-Trailer";"BAU";"%";2030;"0.14";"Sensitivity | Removed policies except for bio/syn fuel mandates";"Diesel"
"OPEX";"Diesel";"NL";"Share Biodiesel";"Rigid";"BAU";"%";2030;"0.14";"Sensitivity | Removed policies except for bio/syn fuel mandates";"Diesel"
"OPEX";"Diesel";"NL";"Share Biodiesel";"Tractor-Trailer";"BAU";"%";2030;"0.14";"Sensitivity | Removed policies except for bio/syn fuel mandates";"Diesel"
"OPEX";"Diesel";"PL";"Share Biodiesel";"Rigid";"BAU";"%";2030;"0.14";"Sensitivity | Removed policies except for bio/syn fuel mandates";"Diesel"
"OPEX";"Diesel";"PL";"Share Biodiesel";"Tractor-Trailer";"BAU";"%";2030;"0.14";"Sensitivity | Removed policies except for bio/syn fuel mandates";"Diesel"
"OPEX";"Diesel";"UK";"Share Biodiesel";"Rigid";"BAU";"%";2030;"0.14";"Sensitivity | Removed policies except for bio/syn fuel mandates";"Diesel"
"OPEX";"Diesel";"UK";"Share Biodiesel";"Tractor-Trailer";"BAU";"%";2030;"0.14";"Sensitivity | Removed policies except for bio/syn fuel mandates";"Diesel"
"OPEX";"Diesel";"DE";"Share Biodiesel";"Rigid";"BAU";"%";2035;"0.23";"Sensitivity | Removed policies except for bio/syn fuel mandates";"Diesel"
"OPEX";"Diesel";"DE";"Share Biodiesel";"Tractor-Trailer";"BAU";"%";2035;"0.23";"Sensitivity | Removed policies except for bio/syn fuel mandates";"Diesel"
"OPEX";"Diesel";"ES";"Share Biodiesel";"Rigid";"BAU";"%";2035;"0.23";"Sensitivity | Removed policies except for bio/syn fuel mandates";"Diesel"
"OPEX";"Diesel";"ES";"Share Biodiesel";"Tractor-Trailer";"BAU";"%";2035;"0.23";"Sensitivity | Removed policies except for bio/syn fuel mandates";"Diesel"
"OPEX";"Diesel";"FR";"Share Biodiesel";"Rigid";"BAU";"%";2035;"0.23";"Sensitivity | Removed policies except for bio/syn fuel mandates";"Diesel"
"OPEX";"Diesel";"FR";"Share Biodiesel";"Tractor-Trailer";"BAU";"%";2035;"0.23";"Sensitivity | Removed policies except for bio/syn fuel mandates";"Diesel"
"OPEX";"Diesel";"IT";"Share Biodiesel";"Rigid";"BAU";"%";2035;"0.23";"Sensitivity | Removed policies except for bio/syn fuel mandates";"Diesel"
"OPEX";"Diesel";"IT";"Share Biodiesel";"Tractor-Trailer";"BAU";"%";2035;"0.23";"Sensitivity | Removed policies except for bio/syn fuel mandates";"Diesel"
"OPEX";"Diesel";"NL";"Share Biodiesel";"Rigid";"BAU";"%";2035;"0.23";"Sensitivity | Removed policies except for bio/syn fuel mandates";"Diesel"
"OPEX";"Diesel";"NL";"Share Biodiesel";"Tractor-Trailer";"BAU";"%";2035;"0.23";"Sensitivity | Removed policies except for bio/syn fuel mandates";"Diesel"
"OPEX";"Diesel";"PL";"Share Biodiesel";"Rigid";"BAU";"%";2035;"0.23";"Sensitivity | Removed policies except for bio/syn fuel mandates";"Diesel"
"OPEX";"Diesel";"PL";"Share Biodiesel";"Tractor-Trailer";"BAU";"%";2035;"0.23";"Sensitivity | Removed policies except for bio/syn fuel mandates";"Diesel"
"OPEX";"Diesel";"UK";"Share Biodiesel";"Rigid";"BAU";"%";2035;"0.23";"Sensitivity | Removed policies except for bio/syn fuel mandates";"Diesel"
"OPEX";"Diesel";"UK";"Share Biodiesel";"Tractor-Trailer";"BAU";"%";2035;"0.23";"Sensitivity | Removed policies except for bio/syn fuel mandates";"Diesel"
"OPEX";"Diesel";"DE";"Share Biodiesel";"Rigid";"BAU";"%";2040;"0.45";"Sensitivity | Removed policies except for bio/syn fuel mandates";"Diesel"
"OPEX";"Diesel";"DE";"Share Biodiesel";"Tractor-Trailer";"BAU";"%";2040;"0.45";"Sensitivity | Removed policies except for bio/syn fuel mandates";"Diesel"
"OPEX";"Diesel";"ES";"Share Biodiesel";"Rigid";"BAU";"%";2040;"0.45";"Sensitivity | Removed policies except for bio/syn fuel mandates";"Diesel"
"OPEX";"Diesel";"ES";"Share Biodiesel";"Tractor-Trailer";"BAU";"%";2040;"0.45";"Sensitivity | Removed policies except for bio/syn fuel mandates";"Diesel"
"OPEX";"Diesel";"FR";"Share Biodiesel";"Rigid";"BAU";"%";2040;"0.45";"Sensitivity | Removed policies except for bio/syn fuel mandates";"Diesel"
"OPEX";"Diesel";"FR";"Share Biodiesel";"Tractor-Trailer";"BAU";"%";2040;"0.45";"Sensitivity | Removed policies except for bio/syn fuel mandates";"Diesel"
"OPEX";"Diesel";"IT";"Share Biodiesel";"Rigid";"BAU";"%";2040;"0.45";"Sensitivity | Removed policies except for bio/syn fuel mandates";"Diesel"
"OPEX";"Diesel";"IT";"Share Biodiesel";"Tractor-Trailer";"BAU";"%";2040;"0.45";"Sensitivity | Removed policies except for bio/syn fuel mandates";"Diesel"
"OPEX";"Diesel";"NL";"Share Biodiesel";"Rigid";"BAU";"%";2040;"0.45";"Sensitivity | Removed policies except for bio/syn fuel mandates";"Diesel"
"OPEX";"Diesel";"NL";"Share Biodiesel";"Tractor-Trailer";"BAU";"%";2040;"0.45";"Sensitivity | Removed policies except for bio/syn fuel mandates";"Diesel"
"OPEX";"Diesel";"PL";"Share Biodiesel";"Rigid";"BAU";"%";2040;"0.45";"Sensitivity | Removed policies except for bio/syn fuel mandates";"Diesel"
"OPEX";"Diesel";"PL";"Share Biodiesel";"Tractor-Trailer";"BAU";"%";2040;"0.45";"Sensitivity | Removed policies except for bio/syn fuel mandates";"Diesel"
"OPEX";"Diesel";"UK";"Share Biodiesel";"Rigid";"BAU";"%";2040;"0.45";"Sensitivity | Removed policies except for bio/syn fuel mandates";"Diesel"
"OPEX";"Diesel";"UK";"Share Biodiesel";"Tractor-Trailer";"BAU";"%";2040;"0.45";"Sensitivity | Removed policies except for bio/syn fuel mandates";"Diesel"
"OPEX";"Diesel";"DE";"Share Biodiesel";"Rigid";"BAU";"%";2045;"0.53";"Sensitivity | Removed policies except for bio/syn fuel mandates";"Diesel"
"OPEX";"Diesel";"DE";"Share Biodiesel";"Tractor-Trailer";"BAU";"%";2045;"0.53";"Sensitivity | Removed policies except for bio/syn fuel mandates";"Diesel"
"OPEX";"Diesel";"ES";"Share Biodiesel";"Rigid";"BAU";"%";2045;"0.53";"Sensitivity | Removed policies except for bio/syn fuel mandates";"Diesel"
"OPEX";"Diesel";"ES";"Share Biodiesel";"Tractor-Trailer";"BAU";"%";2045;"0.53";"Sensitivity | Removed policies except for bio/syn fuel mandates";"Diesel"
"OPEX";"Diesel";"FR";"Share Biodiesel";"Rigid";"BAU";"%";2045;"0.53";"Sensitivity | Removed policies except for bio/syn fuel mandates";"Diesel"
"OPEX";"Diesel";"FR";"Share Biodiesel";"Tractor-Trailer";"BAU";"%";2045;"0.53";"Sensitivity | Removed policies except for bio/syn fuel mandates";"Diesel"
"OPEX";"Diesel";"IT";"Share Biodiesel";"Rigid";"BAU";"%";2045;"0.53";"Sensitivity | Removed policies except for bio/syn fuel mandates";"Diesel"
"OPEX";"Diesel";"IT";"Share Biodiesel";"Tractor-Trailer";"BAU";"%";2045;"0.53";"Sensitivity | Removed policies except for bio/syn fuel mandates";"Diesel"
"OPEX";"Diesel";"NL";"Share Biodiesel";"Rigid";"BAU";"%";2045;"0.53";"Sensitivity | Removed policies except for bio/syn fuel mandates";"Diesel"
"OPEX";"Diesel";"NL";"Share Biodiesel";"Tractor-Trailer";"BAU";"%";2045;"0.53";"Sensitivity | Removed policies except for bio/syn fuel mandates";"Diesel"
"OPEX";"Diesel";"PL";"Share Biodiesel";"Rigid";"BAU";"%";2045;"0.53";"Sensitivity | Removed policies except for bio/syn fuel mandates";"Diesel"
"OPEX";"Diesel";"PL";"Share Biodiesel";"Tractor-Trailer";"BAU";"%";2045;"0.53";"Sensitivity | Removed policies except for bio/syn fuel mandates";"Diesel"
"OPEX";"Diesel";"UK";"Share Biodiesel";"Rigid";"BAU";"%";2045;"0.53";"Sensitivity | Removed policies except for bio/syn fuel mandates";"Diesel"
"OPEX";"Diesel";"UK";"Share Biodiesel";"Tractor-Trailer";"BAU";"%";2045;"0.53";"Sensitivity | Removed policies except for bio/syn fuel mandates";"Diesel"
"OPEX";"Diesel";"DE";"Share Biodiesel";"Rigid";"BAU";"%";2050;"0.51";"Sensitivity | Removed policies except for bio/syn fuel mandates";"Diesel"
"OPEX";"Diesel";"DE";"Share Biodiesel";"Tractor-Trailer";"BAU";"%";2050;"0.51";"Sensitivity | Removed policies except for bio/syn fuel mandates";"Diesel"
"OPEX";"Diesel";"ES";"Share Biodiesel";"Rigid";"BAU";"%";2050;"0.51";"Sensitivity | Removed policies except for bio/syn fuel mandates";"Diesel"
"OPEX";"Diesel";"ES";"Share Biodiesel";"Tractor-Trailer";"BAU";"%";2050;"0.51";"Sensitivity | Removed policies except for bio/syn fuel mandates";"Diesel"
"OPEX";"Diesel";"FR";"Share Biodiesel";"Rigid";"BAU";"%";2050;"0.51";"Sensitivity | Removed policies except for bio/syn fuel mandates";"Diesel"
"OPEX";"Diesel";"FR";"Share Biodiesel";"Tractor-Trailer";"BAU";"%";2050;"0.51";"Sensitivity | Removed policies except for bio/syn fuel mandates";"Diesel"
"OPEX";"Diesel";"IT";"Share Biodiesel";"Rigid";"BAU";"%";2050;"0.51";"Sensitivity | Removed policies except for bio/syn fuel mandates";"Diesel"
"OPEX";"Diesel";"IT";"Share Biodiesel";"Tractor-Trailer";"BAU";"%";2050;"0.51";"Sensitivity | Removed policies except for bio/syn fuel mandates";"Diesel"
"OPEX";"Diesel";"NL";"Share Biodiesel";"Rigid";"BAU";"%";2050;"0.51";"Sensitivity | Removed policies except for bio/syn fuel mandates";"Diesel"
"OPEX";"Diesel";"NL";"Share Biodiesel";"Tractor-Trailer";"BAU";"%";2050;"0.51";"Sensitivity | Removed policies except for bio/syn fuel mandates";"Diesel"
"OPEX";"Diesel";"PL";"Share Biodiesel";"Rigid";"BAU";"%";2050;"0.51";"Sensitivity | Removed policies except for bio/syn fuel mandates";"Diesel"
"OPEX";"Diesel";"PL";"Share Biodiesel";"Tractor-Trailer";"BAU";"%";2050;"0.51";"Sensitivity | Removed policies except for bio/syn fuel mandates";"Diesel"
"OPEX";"Diesel";"UK";"Share Biodiesel";"Rigid";"BAU";"%";2050;"0.51";"Sensitivity | Removed policies except for bio/syn fuel mandates";"Diesel"
"OPEX";"Diesel";"UK";"Share Biodiesel";"Tractor-Trailer";"BAU";"%";2050;"0.51";"Sensitivity | Removed policies except for bio/syn fuel mandates";"Diesel"
"OPEX";"Diesel";"DE";"Share Biodiesel";"Rigid";"PROG";"%";2030;"0.18";"Sensitivity | Removed policies except for bio/syn fuel mandates";"Diesel"
"OPEX";"Diesel";"DE";"Share Biodiesel";"Tractor-Trailer";"PROG";"%";2030;"0.18";"Sensitivity | Removed policies except for bio/syn fuel mandates";"Diesel"
"OPEX";"Diesel";"ES";"Share Biodiesel";"Rigid";"PROG";"%";2030;"0.18";"Sensitivity | Removed policies except for bio/syn fuel mandates";"Diesel"
"OPEX";"Diesel";"ES";"Share Biodiesel";"Tractor-Trailer";"PROG";"%";2030;"0.18";"Sensitivity | Removed policies except for bio/syn fuel mandates";"Diesel"
"OPEX";"Diesel";"FR";"Share Biodiesel";"Rigid";"PROG";"%";2030;"0.18";"Sensitivity | Removed policies except for bio/syn fuel mandates";"Diesel"
"OPEX";"Diesel";"FR";"Share Biodiesel";"Tractor-Trailer";"PROG";"%";2030;"0.18";"Sensitivity | Removed policies except for bio/syn fuel mandates";"Diesel"
"OPEX";"Diesel";"IT";"Share Biodiesel";"Rigid";"PROG";"%";2030;"0.18";"Sensitivity | Removed policies except for bio/syn fuel mandates";"Diesel"
"OPEX";"Diesel";"IT";"Share Biodiesel";"Tractor-Trailer";"PROG";"%";2030;"0.18";"Sensitivity | Removed policies except for bio/syn fuel mandates";"Diesel"
"OPEX";"Diesel";"NL";"Share Biodiesel";"Rigid";"PROG";"%";2030;"0.18";"Sensitivity | Removed policies except for bio/syn fuel mandates";"Diesel"
"OPEX";"Diesel";"NL";"Share Biodiesel";"Tractor-Trailer";"PROG";"%";2030;"0.18";"Sensitivity | Removed policies except for bio/syn fuel mandates";"Diesel"
"OPEX";"Diesel";"PL";"Share Biodiesel";"Rigid";"PROG";"%";2030;"0.18";"Sensitivity | Removed policies except for bio/syn fuel mandates";"Diesel"
"OPEX";"Diesel";"PL";"Share Biodiesel";"Tractor-Trailer";"PROG";"%";2030;"0.18";"Sensitivity | Removed policies except for bio/syn fuel mandates";"Diesel"
"OPEX";"Diesel";"UK";"Share Biodiesel";"Rigid";"PROG";"%";2030;"0.18";"Sensitivity | Removed policies except for bio/syn fuel mandates";"Diesel"
"OPEX";"Diesel";"UK";"Share Biodiesel";"Tractor-Trailer";"PROG";"%";2030;"0.18";"Sensitivity | Removed policies except for bio/syn fuel mandates";"Diesel"
"OPEX";"Diesel";"DE";"Share Biodiesel";"Rigid";"PROG";"%";2035;"0.24";"Sensitivity | Removed policies except for bio/syn fuel mandates";"Diesel"
"OPEX";"Diesel";"DE";"Share Biodiesel";"Tractor-Trailer";"PROG";"%";2035;"0.24";"Sensitivity | Removed policies except for bio/syn fuel mandates";"Diesel"
"OPEX";"Diesel";"ES";"Share Biodiesel";"Rigid";"PROG";"%";2035;"0.24";"Sensitivity | Removed policies except for bio/syn fuel mandates";"Diesel"
"OPEX";"Diesel";"ES";"Share Biodiesel";"Tractor-Trailer";"PROG";"%";2035;"0.24";"Sensitivity | Removed policies except for bio/syn fuel mandates";"Diesel"
"OPEX";"Diesel";"FR";"Share Biodiesel";"Rigid";"PROG";"%";2035;"0.24";"Sensitivity | Removed policies except for bio/syn fuel mandates";"Diesel"
"OPEX";"Diesel";"FR";"Share Biodiesel";"Tractor-Trailer";"PROG";"%";2035;"0.24";"Sensitivity | Removed policies except for bio/syn fuel mandates";"Diesel"
"OPEX";"Diesel";"IT";"Share Biodiesel";"Rigid";"PROG";"%";2035;"0.24";"Sensitivity | Removed policies except for bio/syn fuel mandates";"Diesel"
"OPEX";"Diesel";"IT";"Share Biodiesel";"Tractor-Trailer";"PROG";"%";2035;"0.24";"Sensitivity | Removed policies except for bio/syn fuel mandates";"Diesel"
"OPEX";"Diesel";"NL";"Share Biodiesel";"Rigid";"PROG";"%";2035;"0.24";"Sensitivity | Removed policies except for bio/syn fuel mandates";"Diesel"
"OPEX";"Diesel";"NL";"Share Biodiesel";"Tractor-Trailer";"PROG";"%";2035;"0.24";"Sensitivity | Removed policies except for bio/syn fuel mandates";"Diesel"
"OPEX";"Diesel";"PL";"Share Biodiesel";"Rigid";"PROG";"%";2035;"0.24";"Sensitivity | Removed policies except for bio/syn fuel mandates";"Diesel"
"OPEX";"Diesel";"PL";"Share Biodiesel";"Tractor-Trailer";"PROG";"%";2035;"0.24";"Sensitivity | Removed policies except for bio/syn fuel mandates";"Diesel"
"OPEX";"Diesel";"UK";"Share Biodiesel";"Rigid";"PROG";"%";2035;"0.24";"Sensitivity | Removed policies except for bio/syn fuel mandates";"Diesel"
"OPEX";"Diesel";"UK";"Share Biodiesel";"Tractor-Trailer";"PROG";"%";2035;"0.24";"Sensitivity | Removed policies except for bio/syn fuel mandates";"Diesel"
"OPEX";"Diesel";"DE";"Share Biodiesel";"Rigid";"PROG";"%";2040;"0.32";"Sensitivity | Removed policies except for bio/syn fuel mandates";"Diesel"
"OPEX";"Diesel";"DE";"Share Biodiesel";"Tractor-Trailer";"PROG";"%";2040;"0.32";"Sensitivity | Removed policies except for bio/syn fuel mandates";"Diesel"
"OPEX";"Diesel";"ES";"Share Biodiesel";"Rigid";"PROG";"%";2040;"0.32";"Sensitivity | Removed policies except for bio/syn fuel mandates";"Diesel"
"OPEX";"Diesel";"ES";"Share Biodiesel";"Tractor-Trailer";"PROG";"%";2040;"0.32";"Sensitivity | Removed policies except for bio/syn fuel mandates";"Diesel"
"OPEX";"Diesel";"FR";"Share Biodiesel";"Rigid";"PROG";"%";2040;"0.32";"Sensitivity | Removed policies except for bio/syn fuel mandates";"Diesel"
"OPEX";"Diesel";"FR";"Share Biodiesel";"Tractor-Trailer";"PROG";"%";2040;"0.32";"Sensitivity | Removed policies except for bio/syn fuel mandates";"Diesel"
"OPEX";"Diesel";"IT";"Share Biodiesel";"Rigid";"PROG";"%";2040;"0.32";"Sensitivity | Removed policies except for bio/syn fuel mandates";"Diesel"
"OPEX";"Diesel";"IT";"Share Biodiesel";"Tractor-Trailer";"PROG";"%";2040;"0.32";"Sensitivity | Removed policies except for bio/syn fuel mandates";"Diesel"
"OPEX";"Diesel";"NL";"Share Biodiesel";"Rigid";"PROG";"%";2040;"0.32";"Sensitivity | Removed policies except for bio/syn fuel mandates";"Diesel"
"OPEX";"Diesel";"NL";"Share Biodiesel";"Tractor-Trailer";"PROG";"%";2040;"0.32";"Sensitivity | Removed policies except for bio/syn fuel mandates";"Diesel"
"OPEX";"Diesel";"PL";"Share Biodiesel";"Rigid";"PROG";"%";2040;"0.32";"Sensitivity | Removed policies except for bio/syn fuel mandates";"Diesel"
"OPEX";"Diesel";"PL";"Share Biodiesel";"Tractor-Trailer";"PROG";"%";2040;"0.32";"Sensitivity | Removed policies except for bio/syn fuel mandates";"Diesel"
"OPEX";"Diesel";"UK";"Share Biodiesel";"Rigid";"PROG";"%";2040;"0.32";"Sensitivity | Removed policies except for bio/syn fuel mandates";"Diesel"
"OPEX";"Diesel";"UK";"Share Biodiesel";"Tractor-Trailer";"PROG";"%";2040;"0.32";"Sensitivity | Removed policies except for bio/syn fuel mandates";"Diesel"
"OPEX";"Diesel";"DE";"Share Biodiesel";"Rigid";"PROG";"%";2045;"0.35";"Sensitivity | Removed policies except for bio/syn fuel mandates";"Diesel"
"OPEX";"Diesel";"DE";"Share Biodiesel";"Tractor-Trailer";"PROG";"%";2045;"0.35";"Sensitivity | Removed policies except for bio/syn fuel mandates";"Diesel"
"OPEX";"Diesel";"ES";"Share Biodiesel";"Rigid";"PROG";"%";2045;"0.35";"Sensitivity | Removed policies except for bio/syn fuel mandates";"Diesel"
"OPEX";"Diesel";"ES";"Share Biodiesel";"Tractor-Trailer";"PROG";"%";2045;"0.35";"Sensitivity | Removed policies except for bio/syn fuel mandates";"Diesel"
"OPEX";"Diesel";"FR";"Share Biodiesel";"Rigid";"PROG";"%";2045;"0.35";"Sensitivity | Removed policies except for bio/syn fuel mandates";"Diesel"
"OPEX";"Diesel";"FR";"Share Biodiesel";"Tractor-Trailer";"PROG";"%";2045;"0.35";"Sensitivity | Removed policies except for bio/syn fuel mandates";"Diesel"
"OPEX";"Diesel";"IT";"Share Biodiesel";"Rigid";"PROG";"%";2045;"0.35";"Sensitivity | Removed policies except for bio/syn fuel mandates";"Diesel"
"OPEX";"Diesel";"IT";"Share Biodiesel";"Tractor-Trailer";"PROG";"%";2045;"0.35";"Sensitivity | Removed policies except for bio/syn fuel mandates";"Diesel"
"OPEX";"Diesel";"NL";"Share Biodiesel";"Rigid";"PROG";"%";2045;"0.35";"Sensitivity | Removed policies except for bio/syn fuel mandates";"Diesel"
"OPEX";"Diesel";"NL";"Share Biodiesel";"Tractor-Trailer";"PROG";"%";2045;"0.35";"Sensitivity | Removed policies except for bio/syn fuel mandates";"Diesel"
"OPEX";"Diesel";"PL";"Share Biodiesel";"Rigid";"PROG";"%";2045;"0.35";"Sensitivity | Removed policies except for bio/syn fuel mandates";"Diesel"
"OPEX";"Diesel";"PL";"Share Biodiesel";"Tractor-Trailer";"PROG";"%";2045;"0.35";"Sensitivity | Removed policies except for bio/syn fuel mandates";"Diesel"
"OPEX";"Diesel";"UK";"Share Biodiesel";"Rigid";"PROG";"%";2045;"0.35";"Sensitivity | Removed policies except for bio/syn fuel mandates";"Diesel"
"OPEX";"Diesel";"UK";"Share Biodiesel";"Tractor-Trailer";"PROG";"%";2045;"0.35";"Sensitivity | Removed policies except for bio/syn fuel mandates";"Diesel"
"OPEX";"Diesel";"DE";"Share Biodiesel";"Rigid";"PROG";"%";2050;"0.33";"Sensitivity | Removed policies except for bio/syn fuel mandates";"Diesel"
"OPEX";"Diesel";"DE";"Share Biodiesel";"Tractor-Trailer";"PROG";"%";2050;"0.33";"Sensitivity | Removed policies except for bio/syn fuel mandates";"Diesel"
"OPEX";"Diesel";"ES";"Share Biodiesel";"Rigid";"PROG";"%";2050;"0.33";"Sensitivity | Removed policies except for bio/syn fuel mandates";"Diesel"
"OPEX";"Diesel";"ES";"Share Biodiesel";"Tractor-Trailer";"PROG";"%";2050;"0.33";"Sensitivity | Removed policies except for bio/syn fuel mandates";"Diesel"
"OPEX";"Diesel";"FR";"Share Biodiesel";"Rigid";"PROG";"%";2050;"0.33";"Sensitivity | Removed policies except for bio/syn fuel mandates";"Diesel"
"OPEX";"Diesel";"FR";"Share Biodiesel";"Tractor-Trailer";"PROG";"%";2050;"0.33";"Sensitivity | Removed policies except for bio/syn fuel mandates";"Diesel"
"OPEX";"Diesel";"IT";"Share Biodiesel";"Rigid";"PROG";"%";2050;"0.33";"Sensitivity | Removed policies except for bio/syn fuel mandates";"Diesel"
"OPEX";"Diesel";"IT";"Share Biodiesel";"Tractor-Trailer";"PROG";"%";2050;"0.33";"Sensitivity | Removed policies except for bio/syn fuel mandates";"Diesel"
"OPEX";"Diesel";"NL";"Share Biodiesel";"Rigid";"PROG";"%";2050;"0.33";"Sensitivity | Removed policies except for bio/syn fuel mandates";"Diesel"
"OPEX";"Diesel";"NL";"Share Biodiesel";"Tractor-Trailer";"PROG";"%";2050;"0.33";"Sensitivity | Removed policies except for bio/syn fuel mandates";"Diesel"
"OPEX";"Diesel";"PL";"Share Biodiesel";"Rigid";"PROG";"%";2050;"0.33";"Sensitivity | Removed policies except for bio/syn fuel mandates";"Diesel"
"OPEX";"Diesel";"PL";"Share Biodiesel";"Tractor-Trailer";"PROG";"%";2050;"0.33";"Sensitivity | Removed policies except for bio/syn fuel mandates";"Diesel"
"OPEX";"Diesel";"UK";"Share Biodiesel";"Rigid";"PROG";"%";2050;"0.33";"Sensitivity | Removed policies except for bio/syn fuel mandates";"Diesel"
"OPEX";"Diesel";"UK";"Share Biodiesel";"Tractor-Trailer";"PROG";"%";2050;"0.33";"Sensitivity | Removed policies except for bio/syn fuel mandates";"Diesel"
"OPEX";"Diesel";"DE";"Share Synthetic Diesel (E-Fuels)";"Rigid";"BAU";"%";2030;"0";"Sensitivity | Removed policies except for bio/syn fuel mandates";"Diesel"
"OPEX";"Diesel";"DE";"Share Synthetic Diesel (E-Fuels)";"Tractor-Trailer";"BAU";"%";2030;"0";"Sensitivity | Removed policies except for bio/syn fuel mandates";"Diesel"
"OPEX";"Diesel";"ES";"Share Synthetic Diesel (E-Fuels)";"Rigid";"BAU";"%";2030;"0";"Sensitivity | Removed policies except for bio/syn fuel mandates";"Diesel"
"OPEX";"Diesel";"ES";"Share Synthetic Diesel (E-Fuels)";"Tractor-Trailer";"BAU";"%";2030;"0";"Sensitivity | Removed policies except for bio/syn fuel mandates";"Diesel"
"OPEX";"Diesel";"FR";"Share Synthetic Diesel (E-Fuels)";"Rigid";"BAU";"%";2030;"0";"Sensitivity | Removed policies except for bio/syn fuel mandates";"Diesel"
"OPEX";"Diesel";"FR";"Share Synthetic Diesel (E-Fuels)";"Tractor-Trailer";"BAU";"%";2030;"0";"Sensitivity | Removed policies except for bio/syn fuel mandates";"Diesel"
"OPEX";"Diesel";"IT";"Share Synthetic Diesel (E-Fuels)";"Rigid";"BAU";"%";2030;"0";"Sensitivity | Removed policies except for bio/syn fuel mandates";"Diesel"
"OPEX";"Diesel";"IT";"Share Synthetic Diesel (E-Fuels)";"Tractor-Trailer";"BAU";"%";2030;"0";"Sensitivity | Removed policies except for bio/syn fuel mandates";"Diesel"
"OPEX";"Diesel";"NL";"Share Synthetic Diesel (E-Fuels)";"Rigid";"BAU";"%";2030;"0";"Sensitivity | Removed policies except for bio/syn fuel mandates";"Diesel"
"OPEX";"Diesel";"NL";"Share Synthetic Diesel (E-Fuels)";"Tractor-Trailer";"BAU";"%";2030;"0";"Sensitivity | Removed policies except for bio/syn fuel mandates";"Diesel"
"OPEX";"Diesel";"PL";"Share Synthetic Diesel (E-Fuels)";"Rigid";"BAU";"%";2030;"0";"Sensitivity | Removed policies except for bio/syn fuel mandates";"Diesel"
"OPEX";"Diesel";"PL";"Share Synthetic Diesel (E-Fuels)";"Tractor-Trailer";"BAU";"%";2030;"0";"Sensitivity | Removed policies except for bio/syn fuel mandates";"Diesel"
"OPEX";"Diesel";"UK";"Share Synthetic Diesel (E-Fuels)";"Rigid";"BAU";"%";2030;"0";"Sensitivity | Removed policies except for bio/syn fuel mandates";"Diesel"
"OPEX";"Diesel";"UK";"Share Synthetic Diesel (E-Fuels)";"Tractor-Trailer";"BAU";"%";2030;"0";"Sensitivity | Removed policies except for bio/syn fuel mandates";"Diesel"
"OPEX";"Diesel";"DE";"Share Synthetic Diesel (E-Fuels)";"Rigid";"BAU";"%";2035;"0";"Sensitivity | Removed policies except for bio/syn fuel mandates";"Diesel"
"OPEX";"Diesel";"DE";"Share Synthetic Diesel (E-Fuels)";"Tractor-Trailer";"BAU";"%";2035;"0";"Sensitivity | Removed policies except for bio/syn fuel mandates";"Diesel"
"OPEX";"Diesel";"ES";"Share Synthetic Diesel (E-Fuels)";"Rigid";"BAU";"%";2035;"0";"Sensitivity | Removed policies except for bio/syn fuel mandates";"Diesel"
"OPEX";"Diesel";"ES";"Share Synthetic Diesel (E-Fuels)";"Tractor-Trailer";"BAU";"%";2035;"0";"Sensitivity | Removed policies except for bio/syn fuel mandates";"Diesel"
"OPEX";"Diesel";"FR";"Share Synthetic Diesel (E-Fuels)";"Rigid";"BAU";"%";2035;"0";"Sensitivity | Removed policies except for bio/syn fuel mandates";"Diesel"
"OPEX";"Diesel";"FR";"Share Synthetic Diesel (E-Fuels)";"Tractor-Trailer";"BAU";"%";2035;"0";"Sensitivity | Removed policies except for bio/syn fuel mandates";"Diesel"
"OPEX";"Diesel";"IT";"Share Synthetic Diesel (E-Fuels)";"Rigid";"BAU";"%";2035;"0";"Sensitivity | Removed policies except for bio/syn fuel mandates";"Diesel"
"OPEX";"Diesel";"IT";"Share Synthetic Diesel (E-Fuels)";"Tractor-Trailer";"BAU";"%";2035;"0";"Sensitivity | Removed policies except for bio/syn fuel mandates";"Diesel"
"OPEX";"Diesel";"NL";"Share Synthetic Diesel (E-Fuels)";"Rigid";"BAU";"%";2035;"0";"Sensitivity | Removed policies except for bio/syn fuel mandates";"Diesel"
"OPEX";"Diesel";"NL";"Share Synthetic Diesel (E-Fuels)";"Tractor-Trailer";"BAU";"%";2035;"0";"Sensitivity | Removed policies except for bio/syn fuel mandates";"Diesel"
"OPEX";"Diesel";"PL";"Share Synthetic Diesel (E-Fuels)";"Rigid";"BAU";"%";2035;"0";"Sensitivity | Removed policies except for bio/syn fuel mandates";"Diesel"
"OPEX";"Diesel";"PL";"Share Synthetic Diesel (E-Fuels)";"Tractor-Trailer";"BAU";"%";2035;"0";"Sensitivity | Removed policies except for bio/syn fuel mandates";"Diesel"
"OPEX";"Diesel";"UK";"Share Synthetic Diesel (E-Fuels)";"Rigid";"BAU";"%";2035;"0";"Sensitivity | Removed policies except for bio/syn fuel mandates";"Diesel"
"OPEX";"Diesel";"UK";"Share Synthetic Diesel (E-Fuels)";"Tractor-Trailer";"BAU";"%";2035;"0";"Sensitivity | Removed policies except for bio/syn fuel mandates";"Diesel"
"OPEX";"Diesel";"DE";"Share Synthetic Diesel (E-Fuels)";"Rigid";"BAU";"%";2040;"0.2";"Sensitivity | Removed policies except for bio/syn fuel mandates";"Diesel"
"OPEX";"Diesel";"DE";"Share Synthetic Diesel (E-Fuels)";"Tractor-Trailer";"BAU";"%";2040;"0.2";"Sensitivity | Removed policies except for bio/syn fuel mandates";"Diesel"
"OPEX";"Diesel";"ES";"Share Synthetic Diesel (E-Fuels)";"Rigid";"BAU";"%";2040;"0.2";"Sensitivity | Removed policies except for bio/syn fuel mandates";"Diesel"
"OPEX";"Diesel";"ES";"Share Synthetic Diesel (E-Fuels)";"Tractor-Trailer";"BAU";"%";2040;"0.2";"Sensitivity | Removed policies except for bio/syn fuel mandates";"Diesel"
"OPEX";"Diesel";"FR";"Share Synthetic Diesel (E-Fuels)";"Rigid";"BAU";"%";2040;"0.2";"Sensitivity | Removed policies except for bio/syn fuel mandates";"Diesel"
"OPEX";"Diesel";"FR";"Share Synthetic Diesel (E-Fuels)";"Tractor-Trailer";"BAU";"%";2040;"0.2";"Sensitivity | Removed policies except for bio/syn fuel mandates";"Diesel"
"OPEX";"Diesel";"IT";"Share Synthetic Diesel (E-Fuels)";"Rigid";"BAU";"%";2040;"0.2";"Sensitivity | Removed policies except for bio/syn fuel mandates";"Diesel"
"OPEX";"Diesel";"IT";"Share Synthetic Diesel (E-Fuels)";"Tractor-Trailer";"BAU";"%";2040;"0.2";"Sensitivity | Removed policies except for bio/syn fuel mandates";"Diesel"
"OPEX";"Diesel";"NL";"Share Synthetic Diesel (E-Fuels)";"Rigid";"BAU";"%";2040;"0.2";"Sensitivity | Removed policies except for bio/syn fuel mandates";"Diesel"
"OPEX";"Diesel";"NL";"Share Synthetic Diesel (E-Fuels)";"Tractor-Trailer";"BAU";"%";2040;"0.2";"Sensitivity | Removed policies except for bio/syn fuel mandates";"Diesel"
"OPEX";"Diesel";"PL";"Share Synthetic Diesel (E-Fuels)";"Rigid";"BAU";"%";2040;"0.2";"Sensitivity | Removed policies except for bio/syn fuel mandates";"Diesel"
"OPEX";"Diesel";"PL";"Share Synthetic Diesel (E-Fuels)";"Tractor-Trailer";"BAU";"%";2040;"0.2";"Sensitivity | Removed policies except for bio/syn fuel mandates";"Diesel"
"OPEX";"Diesel";"UK";"Share Synthetic Diesel (E-Fuels)";"Rigid";"BAU";"%";2040;"0.2";"Sensitivity | Removed policies except for bio/syn fuel mandates";"Diesel"
"OPEX";"Diesel";"UK";"Share Synthetic Diesel (E-Fuels)";"Tractor-Trailer";"BAU";"%";2040;"0.2";"Sensitivity | Removed policies except for bio/syn fuel mandates";"Diesel"
"OPEX";"Diesel";"DE";"Share Synthetic Diesel (E-Fuels)";"Rigid";"BAU";"%";2045;"0.47";"Sensitivity | Removed policies except for bio/syn fuel mandates";"Diesel"
"OPEX";"Diesel";"DE";"Share Synthetic Diesel (E-Fuels)";"Tractor-Trailer";"BAU";"%";2045;"0.47";"Sensitivity | Removed policies except for bio/syn fuel mandates";"Diesel"
"OPEX";"Diesel";"ES";"Share Synthetic Diesel (E-Fuels)";"Rigid";"BAU";"%";2045;"0.47";"Sensitivity | Removed policies except for bio/syn fuel mandates";"Diesel"
"OPEX";"Diesel";"ES";"Share Synthetic Diesel (E-Fuels)";"Tractor-Trailer";"BAU";"%";2045;"0.47";"Sensitivity | Removed policies except for bio/syn fuel mandates";"Diesel"
"OPEX";"Diesel";"FR";"Share Synthetic Diesel (E-Fuels)";"Rigid";"BAU";"%";2045;"0.47";"Sensitivity | Removed policies except for bio/syn fuel mandates";"Diesel"
"OPEX";"Diesel";"FR";"Share Synthetic Diesel (E-Fuels)";"Tractor-Trailer";"BAU";"%";2045;"0.47";"Sensitivity | Removed policies except for bio/syn fuel mandates";"Diesel"
"OPEX";"Diesel";"IT";"Share Synthetic Diesel (E-Fuels)";"Rigid";"BAU";"%";2045;"0.47";"Sensitivity | Removed policies except for bio/syn fuel mandates";"Diesel"
"OPEX";"Diesel";"IT";"Share Synthetic Diesel (E-Fuels)";"Tractor-Trailer";"BAU";"%";2045;"0.47";"Sensitivity | Removed policies except for bio/syn fuel mandates";"Diesel"
"OPEX";"Diesel";"NL";"Share Synthetic Diesel (E-Fuels)";"Rigid";"BAU";"%";2045;"0.47";"Sensitivity | Removed policies except for bio/syn fuel mandates";"Diesel"
"OPEX";"Diesel";"NL";"Share Synthetic Diesel (E-Fuels)";"Tractor-Trailer";"BAU";"%";2045;"0.47";"Sensitivity | Removed policies except for bio/syn fuel mandates";"Diesel"
"OPEX";"Diesel";"PL";"Share Synthetic Diesel (E-Fuels)";"Rigid";"BAU";"%";2045;"0.47";"Sensitivity | Removed policies except for bio/syn fuel mandates";"Diesel"
"OPEX";"Diesel";"PL";"Share Synthetic Diesel (E-Fuels)";"Tractor-Trailer";"BAU";"%";2045;"0.47";"Sensitivity | Removed policies except for bio/syn fuel mandates";"Diesel"
"OPEX";"Diesel";"UK";"Share Synthetic Diesel (E-Fuels)";"Rigid";"BAU";"%";2045;"0.47";"Sensitivity | Removed policies except for bio/syn fuel mandates";"Diesel"
"OPEX";"Diesel";"UK";"Share Synthetic Diesel (E-Fuels)";"Tractor-Trailer";"BAU";"%";2045;"0.47";"Sensitivity | Removed policies except for bio/syn fuel mandates";"Diesel"
"OPEX";"Diesel";"DE";"Share Synthetic Diesel (E-Fuels)";"Rigid";"BAU";"%";2050;"0.49";"Sensitivity | Removed policies except for bio/syn fuel mandates";"Diesel"
"OPEX";"Diesel";"DE";"Share Synthetic Diesel (E-Fuels)";"Tractor-Trailer";"BAU";"%";2050;"0.49";"Sensitivity | Removed policies except for bio/syn fuel mandates";"Diesel"
"OPEX";"Diesel";"ES";"Share Synthetic Diesel (E-Fuels)";"Rigid";"BAU";"%";2050;"0.49";"Sensitivity | Removed policies except for bio/syn fuel mandates";"Diesel"
"OPEX";"Diesel";"ES";"Share Synthetic Diesel (E-Fuels)";"Tractor-Trailer";"BAU";"%";2050;"0.49";"Sensitivity | Removed policies except for bio/syn fuel mandates";"Diesel"
"OPEX";"Diesel";"FR";"Share Synthetic Diesel (E-Fuels)";"Rigid";"BAU";"%";2050;"0.49";"Sensitivity | Removed policies except for bio/syn fuel mandates";"Diesel"
"OPEX";"Diesel";"FR";"Share Synthetic Diesel (E-Fuels)";"Tractor-Trailer";"BAU";"%";2050;"0.49";"Sensitivity | Removed policies except for bio/syn fuel mandates";"Diesel"
"OPEX";"Diesel";"IT";"Share Synthetic Diesel (E-Fuels)";"Rigid";"BAU";"%";2050;"0.49";"Sensitivity | Removed policies except for bio/syn fuel mandates";"Diesel"
"OPEX";"Diesel";"IT";"Share Synthetic Diesel (E-Fuels)";"Tractor-Trailer";"BAU";"%";2050;"0.49";"Sensitivity | Removed policies except for bio/syn fuel mandates";"Diesel"
"OPEX";"Diesel";"NL";"Share Synthetic Diesel (E-Fuels)";"Rigid";"BAU";"%";2050;"0.49";"Sensitivity | Removed policies except for bio/syn fuel mandates";"Diesel"
"OPEX";"Diesel";"NL";"Share Synthetic Diesel (E-Fuels)";"Tractor-Trailer";"BAU";"%";2050;"0.49";"Sensitivity | Removed policies except for bio/syn fuel mandates";"Diesel"
"OPEX";"Diesel";"PL";"Share Synthetic Diesel (E-Fuels)";"Rigid";"BAU";"%";2050;"0.49";"Sensitivity | Removed policies except for bio/syn fuel mandates";"Diesel"
"OPEX";"Diesel";"PL";"Share Synthetic Diesel (E-Fuels)";"Tractor-Trailer";"BAU";"%";2050;"0.49";"Sensitivity | Removed policies except for bio/syn fuel mandates";"Diesel"
"OPEX";"Diesel";"UK";"Share Synthetic Diesel (E-Fuels)";"Rigid";"BAU";"%";2050;"0.49";"Sensitivity | Removed policies except for bio/syn fuel mandates";"Diesel"
"OPEX";"Diesel";"UK";"Share Synthetic Diesel (E-Fuels)";"Tractor-Trailer";"BAU";"%";2050;"0.49";"Sensitivity | Removed policies except for bio/syn fuel mandates";"Diesel"
"OPEX";"Diesel";"DE";"Share Synthetic Diesel (E-Fuels)";"Rigid";"PROG";"%";2030;"0.01";"Sensitivity | Removed policies except for bio/syn fuel mandates";"Diesel"
"OPEX";"Diesel";"DE";"Share Synthetic Diesel (E-Fuels)";"Tractor-Trailer";"PROG";"%";2030;"0.01";"Sensitivity | Removed policies except for bio/syn fuel mandates";"Diesel"
"OPEX";"Diesel";"ES";"Share Synthetic Diesel (E-Fuels)";"Rigid";"PROG";"%";2030;"0.01";"Sensitivity | Removed policies except for bio/syn fuel mandates";"Diesel"
"OPEX";"Diesel";"ES";"Share Synthetic Diesel (E-Fuels)";"Tractor-Trailer";"PROG";"%";2030;"0.01";"Sensitivity | Removed policies except for bio/syn fuel mandates";"Diesel"
"OPEX";"Diesel";"FR";"Share Synthetic Diesel (E-Fuels)";"Rigid";"PROG";"%";2030;"0.01";"Sensitivity | Removed policies except for bio/syn fuel mandates";"Diesel"
"OPEX";"Diesel";"FR";"Share Synthetic Diesel (E-Fuels)";"Tractor-Trailer";"PROG";"%";2030;"0.01";"Sensitivity | Removed policies except for bio/syn fuel mandates";"Diesel"
"OPEX";"Diesel";"IT";"Share Synthetic Diesel (E-Fuels)";"Rigid";"PROG";"%";2030;"0.01";"Sensitivity | Removed policies except for bio/syn fuel mandates";"Diesel"
"OPEX";"Diesel";"IT";"Share Synthetic Diesel (E-Fuels)";"Tractor-Trailer";"PROG";"%";2030;"0.01";"Sensitivity | Removed policies except for bio/syn fuel mandates";"Diesel"
"OPEX";"Diesel";"NL";"Share Synthetic Diesel (E-Fuels)";"Rigid";"PROG";"%";2030;"0.01";"Sensitivity | Removed policies except for bio/syn fuel mandates";"Diesel"
"OPEX";"Diesel";"NL";"Share Synthetic Diesel (E-Fuels)";"Tractor-Trailer";"PROG";"%";2030;"0.01";"Sensitivity | Removed policies except for bio/syn fuel mandates";"Diesel"
"OPEX";"Diesel";"PL";"Share Synthetic Diesel (E-Fuels)";"Rigid";"PROG";"%";2030;"0.01";"Sensitivity | Removed policies except for bio/syn fuel mandates";"Diesel"
"OPEX";"Diesel";"PL";"Share Synthetic Diesel (E-Fuels)";"Tractor-Trailer";"PROG";"%";2030;"0.01";"Sensitivity | Removed policies except for bio/syn fuel mandates";"Diesel"
"OPEX";"Diesel";"UK";"Share Synthetic Diesel (E-Fuels)";"Rigid";"PROG";"%";2030;"0.01";"Sensitivity | Removed policies except for bio/syn fuel mandates";"Diesel"
"OPEX";"Diesel";"UK";"Share Synthetic Diesel (E-Fuels)";"Tractor-Trailer";"PROG";"%";2030;"0.01";"Sensitivity | Removed policies except for bio/syn fuel mandates";"Diesel"
"OPEX";"Diesel";"DE";"Share Synthetic Diesel (E-Fuels)";"Rigid";"PROG";"%";2035;"0.12";"Sensitivity | Removed policies except for bio/syn fuel mandates";"Diesel"
"OPEX";"Diesel";"DE";"Share Synthetic Diesel (E-Fuels)";"Tractor-Trailer";"PROG";"%";2035;"0.12";"Sensitivity | Removed policies except for bio/syn fuel mandates";"Diesel"
"OPEX";"Diesel";"ES";"Share Synthetic Diesel (E-Fuels)";"Rigid";"PROG";"%";2035;"0.12";"Sensitivity | Removed policies except for bio/syn fuel mandates";"Diesel"
"OPEX";"Diesel";"ES";"Share Synthetic Diesel (E-Fuels)";"Tractor-Trailer";"PROG";"%";2035;"0.12";"Sensitivity | Removed policies except for bio/syn fuel mandates";"Diesel"
"OPEX";"Diesel";"FR";"Share Synthetic Diesel (E-Fuels)";"Rigid";"PROG";"%";2035;"0.12";"Sensitivity | Removed policies except for bio/syn fuel mandates";"Diesel"
"OPEX";"Diesel";"FR";"Share Synthetic Diesel (E-Fuels)";"Tractor-Trailer";"PROG";"%";2035;"0.12";"Sensitivity | Removed policies except for bio/syn fuel mandates";"Diesel"
"OPEX";"Diesel";"IT";"Share Synthetic Diesel (E-Fuels)";"Rigid";"PROG";"%";2035;"0.12";"Sensitivity | Removed policies except for bio/syn fuel mandates";"Diesel"
"OPEX";"Diesel";"IT";"Share Synthetic Diesel (E-Fuels)";"Tractor-Trailer";"PROG";"%";2035;"0.12";"Sensitivity | Removed policies except for bio/syn fuel mandates";"Diesel"
"OPEX";"Diesel";"NL";"Share Synthetic Diesel (E-Fuels)";"Rigid";"PROG";"%";2035;"0.12";"Sensitivity | Removed policies except for bio/syn fuel mandates";"Diesel"
"OPEX";"Diesel";"NL";"Share Synthetic Diesel (E-Fuels)";"Tractor-Trailer";"PROG";"%";2035;"0.12";"Sensitivity | Removed policies except for bio/syn fuel mandates";"Diesel"
"OPEX";"Diesel";"PL";"Share Synthetic Diesel (E-Fuels)";"Rigid";"PROG";"%";2035;"0.12";"Sensitivity | Removed policies except for bio/syn fuel mandates";"Diesel"
"OPEX";"Diesel";"PL";"Share Synthetic Diesel (E-Fuels)";"Tractor-Trailer";"PROG";"%";2035;"0.12";"Sensitivity | Removed policies except for bio/syn fuel mandates";"Diesel"
"OPEX";"Diesel";"UK";"Share Synthetic Diesel (E-Fuels)";"Rigid";"PROG";"%";2035;"0.12";"Sensitivity | Removed policies except for bio/syn fuel mandates";"Diesel"
"OPEX";"Diesel";"UK";"Share Synthetic Diesel (E-Fuels)";"Tractor-Trailer";"PROG";"%";2035;"0.12";"Sensitivity | Removed policies except for bio/syn fuel mandates";"Diesel"
"OPEX";"Diesel";"DE";"Share Synthetic Diesel (E-Fuels)";"Rigid";"PROG";"%";2040;"0.45";"Sensitivity | Removed policies except for bio/syn fuel mandates";"Diesel"
"OPEX";"Diesel";"DE";"Share Synthetic Diesel (E-Fuels)";"Tractor-Trailer";"PROG";"%";2040;"0.45";"Sensitivity | Removed policies except for bio/syn fuel mandates";"Diesel"
"OPEX";"Diesel";"ES";"Share Synthetic Diesel (E-Fuels)";"Rigid";"PROG";"%";2040;"0.45";"Sensitivity | Removed policies except for bio/syn fuel mandates";"Diesel"
"OPEX";"Diesel";"ES";"Share Synthetic Diesel (E-Fuels)";"Tractor-Trailer";"PROG";"%";2040;"0.45";"Sensitivity | Removed policies except for bio/syn fuel mandates";"Diesel"
"OPEX";"Diesel";"FR";"Share Synthetic Diesel (E-Fuels)";"Rigid";"PROG";"%";2040;"0.45";"Sensitivity | Removed policies except for bio/syn fuel mandates";"Diesel"
"OPEX";"Diesel";"FR";"Share Synthetic Diesel (E-Fuels)";"Tractor-Trailer";"PROG";"%";2040;"0.45";"Sensitivity | Removed policies except for bio/syn fuel mandates";"Diesel"
"OPEX";"Diesel";"IT";"Share Synthetic Diesel (E-Fuels)";"Rigid";"PROG";"%";2040;"0.45";"Sensitivity | Removed policies except for bio/syn fuel mandates";"Diesel"
"OPEX";"Diesel";"IT";"Share Synthetic Diesel (E-Fuels)";"Tractor-Trailer";"PROG";"%";2040;"0.45";"Sensitivity | Removed policies except for bio/syn fuel mandates";"Diesel"
"OPEX";"Diesel";"NL";"Share Synthetic Diesel (E-Fuels)";"Rigid";"PROG";"%";2040;"0.45";"Sensitivity | Removed policies except for bio/syn fuel mandates";"Diesel"
"OPEX";"Diesel";"NL";"Share Synthetic Diesel (E-Fuels)";"Tractor-Trailer";"PROG";"%";2040;"0.45";"Sensitivity | Removed policies except for bio/syn fuel mandates";"Diesel"
"OPEX";"Diesel";"PL";"Share Synthetic Diesel (E-Fuels)";"Rigid";"PROG";"%";2040;"0.45";"Sensitivity | Removed policies except for bio/syn fuel mandates";"Diesel"
"OPEX";"Diesel";"PL";"Share Synthetic Diesel (E-Fuels)";"Tractor-Trailer";"PROG";"%";2040;"0.45";"Sensitivity | Removed policies except for bio/syn fuel mandates";"Diesel"
"OPEX";"Diesel";"UK";"Share Synthetic Diesel (E-Fuels)";"Rigid";"PROG";"%";2040;"0.45";"Sensitivity | Removed policies except for bio/syn fuel mandates";"Diesel"
"OPEX";"Diesel";"UK";"Share Synthetic Diesel (E-Fuels)";"Tractor-Trailer";"PROG";"%";2040;"0.45";"Sensitivity | Removed policies except for bio/syn fuel mandates";"Diesel"
"OPEX";"Diesel";"DE";"Share Synthetic Diesel (E-Fuels)";"Rigid";"PROG";"%";2045;"0.65";"Sensitivity | Removed policies except for bio/syn fuel mandates";"Diesel"
"OPEX";"Diesel";"DE";"Share Synthetic Diesel (E-Fuels)";"Tractor-Trailer";"PROG";"%";2045;"0.65";"Sensitivity | Removed policies except for bio/syn fuel mandates";"Diesel"
"OPEX";"Diesel";"ES";"Share Synthetic Diesel (E-Fuels)";"Rigid";"PROG";"%";2045;"0.65";"Sensitivity | Removed policies except for bio/syn fuel mandates";"Diesel"
"OPEX";"Diesel";"ES";"Share Synthetic Diesel (E-Fuels)";"Tractor-Trailer";"PROG";"%";2045;"0.65";"Sensitivity | Removed policies except for bio/syn fuel mandates";"Diesel"
"OPEX";"Diesel";"FR";"Share Synthetic Diesel (E-Fuels)";"Rigid";"PROG";"%";2045;"0.65";"Sensitivity | Removed policies except for bio/syn fuel mandates";"Diesel"
"OPEX";"Diesel";"FR";"Share Synthetic Diesel (E-Fuels)";"Tractor-Trailer";"PROG";"%";2045;"0.65";"Sensitivity | Removed policies except for bio/syn fuel mandates";"Diesel"
"OPEX";"Diesel";"IT";"Share Synthetic Diesel (E-Fuels)";"Rigid";"PROG";"%";2045;"0.65";"Sensitivity | Removed policies except for bio/syn fuel mandates";"Diesel"
"OPEX";"Diesel";"IT";"Share Synthetic Diesel (E-Fuels)";"Tractor-Trailer";"PROG";"%";2045;"0.65";"Sensitivity | Removed policies except for bio/syn fuel mandates";"Diesel"
"OPEX";"Diesel";"NL";"Share Synthetic Diesel (E-Fuels)";"Rigid";"PROG";"%";2045;"0.65";"Sensitivity | Removed policies except for bio/syn fuel mandates";"Diesel"
"OPEX";"Diesel";"NL";"Share Synthetic Diesel (E-Fuels)";"Tractor-Trailer";"PROG";"%";2045;"0.65";"Sensitivity | Removed policies except for bio/syn fuel mandates";"Diesel"
"OPEX";"Diesel";"PL";"Share Synthetic Diesel (E-Fuels)";"Rigid";"PROG";"%";2045;"0.65";"Sensitivity | Removed policies except for bio/syn fuel mandates";"Diesel"
"OPEX";"Diesel";"PL";"Share Synthetic Diesel (E-Fuels)";"Tractor-Trailer";"PROG";"%";2045;"0.65";"Sensitivity | Removed policies except for bio/syn fuel mandates";"Diesel"
"OPEX";"Diesel";"UK";"Share Synthetic Diesel (E-Fuels)";"Rigid";"PROG";"%";2045;"0.65";"Sensitivity | Removed policies except for bio/syn fuel mandates";"Diesel"
"OPEX";"Diesel";"UK";"Share Synthetic Diesel (E-Fuels)";"Tractor-Trailer";"PROG";"%";2045;"0.65";"Sensitivity | Removed policies except for bio/syn fuel mandates";"Diesel"
"OPEX";"Diesel";"DE";"Share Synthetic Diesel (E-Fuels)";"Rigid";"PROG";"%";2050;"0.67";"Sensitivity | Removed policies except for bio/syn fuel mandates";"Diesel"
"OPEX";"Diesel";"DE";"Share Synthetic Diesel (E-Fuels)";"Tractor-Trailer";"PROG";"%";2050;"0.67";"Sensitivity | Removed policies except for bio/syn fuel mandates";"Diesel"
"OPEX";"Diesel";"ES";"Share Synthetic Diesel (E-Fuels)";"Rigid";"PROG";"%";2050;"0.67";"Sensitivity | Removed policies except for bio/syn fuel mandates";"Diesel"
"OPEX";"Diesel";"ES";"Share Synthetic Diesel (E-Fuels)";"Tractor-Trailer";"PROG";"%";2050;"0.67";"Sensitivity | Removed policies except for bio/syn fuel mandates";"Diesel"
"OPEX";"Diesel";"FR";"Share Synthetic Diesel (E-Fuels)";"Rigid";"PROG";"%";2050;"0.67";"Sensitivity | Removed policies except for bio/syn fuel mandates";"Diesel"
"OPEX";"Diesel";"FR";"Share Synthetic Diesel (E-Fuels)";"Tractor-Trailer";"PROG";"%";2050;"0.67";"Sensitivity | Removed policies except for bio/syn fuel mandates";"Diesel"
"OPEX";"Diesel";"IT";"Share Synthetic Diesel (E-Fuels)";"Rigid";"PROG";"%";2050;"0.67";"Sensitivity | Removed policies except for bio/syn fuel mandates";"Diesel"
"OPEX";"Diesel";"IT";"Share Synthetic Diesel (E-Fuels)";"Tractor-Trailer";"PROG";"%";2050;"0.67";"Sensitivity | Removed policies except for bio/syn fuel mandates";"Diesel"
"OPEX";"Diesel";"NL";"Share Synthetic Diesel (E-Fuels)";"Rigid";"PROG";"%";2050;"0.67";"Sensitivity | Removed policies except for bio/syn fuel mandates";"Diesel"
"OPEX";"Diesel";"NL";"Share Synthetic Diesel (E-Fuels)";"Tractor-Trailer";"PROG";"%";2050;"0.67";"Sensitivity | Removed policies except for bio/syn fuel mandates";"Diesel"
"OPEX";"Diesel";"PL";"Share Synthetic Diesel (E-Fuels)";"Rigid";"PROG";"%";2050;"0.67";"Sensitivity | Removed policies except for bio/syn fuel mandates";"Diesel"
"OPEX";"Diesel";"PL";"Share Synthetic Diesel (E-Fuels)";"Tractor-Trailer";"PROG";"%";2050;"0.67";"Sensitivity | Removed policies except for bio/syn fuel mandates";"Diesel"
"OPEX";"Diesel";"UK";"Share Synthetic Diesel (E-Fuels)";"Rigid";"PROG";"%";2050;"0.67";"Sensitivity | Removed policies except for bio/syn fuel mandates";"Diesel"
"OPEX";"Diesel";"UK";"Share Synthetic Diesel (E-Fuels)";"Tractor-Trailer";"PROG";"%";2050;"0.67";"Sensitivity | Removed policies except for bio/syn fuel mandates";"Diesel"
"OPEX";"Taxes";"DE";"Non-ETS CO2";"Rigid";"BAU";"EUR/tCO2";2030;"0";"Sensitivity | Removed policies except for bio/syn fuel mandates";"Diesel"
"OPEX";"Taxes";"DE";"Non-ETS CO2";"Tractor-Trailer";"BAU";"EUR/tCO2";2030;"0";"Sensitivity | Removed policies except for bio/syn fuel mandates";"Diesel"
"OPEX";"Taxes";"DE";"Non-ETS CO2";"Rigid";"PROG";"EUR/tCO2";2030;"0";"Sensitivity | Removed policies except for bio/syn fuel mandates";"Diesel"
"OPEX";"Taxes";"DE";"Non-ETS CO2";"Tractor-Trailer";"PROG";"EUR/tCO2";2030;"0";"Sensitivity | Removed policies except for bio/syn fuel mandates";"Diesel"
"OPEX";"Taxes";"ES";"Non-ETS CO2";"Rigid";"BAU";"EUR/tCO2";2030;"0";"Sensitivity | Removed policies except for bio/syn fuel mandates";"Diesel"
"OPEX";"Taxes";"ES";"Non-ETS CO2";"Tractor-Trailer";"BAU";"EUR/tCO2";2030;"0";"Sensitivity | Removed policies except for bio/syn fuel mandates";"Diesel"
"OPEX";"Taxes";"ES";"Non-ETS CO2";"Rigid";"PROG";"EUR/tCO2";2030;"0";"Sensitivity | Removed policies except for bio/syn fuel mandates";"Diesel"
"OPEX";"Taxes";"ES";"Non-ETS CO2";"Tractor-Trailer";"PROG";"EUR/tCO2";2030;"0";"Sensitivity | Removed policies except for bio/syn fuel mandates";"Diesel"
"OPEX";"Taxes";"FR";"Non-ETS CO2";"Rigid";"BAU";"EUR/tCO2";2030;"0";"Sensitivity | Removed policies except for bio/syn fuel mandates";"Diesel"
"OPEX";"Taxes";"FR";"Non-ETS CO2";"Tractor-Trailer";"BAU";"EUR/tCO2";2030;"0";"Sensitivity | Removed policies except for bio/syn fuel mandates";"Diesel"
"OPEX";"Taxes";"FR";"Non-ETS CO2";"Rigid";"PROG";"EUR/tCO2";2030;"0";"Sensitivity | Removed policies except for bio/syn fuel mandates";"Diesel"
"OPEX";"Taxes";"FR";"Non-ETS CO2";"Tractor-Trailer";"PROG";"EUR/tCO2";2030;"0";"Sensitivity | Removed policies except for bio/syn fuel mandates";"Diesel"
"OPEX";"Taxes";"IT";"Non-ETS CO2";"Rigid";"BAU";"EUR/tCO2";2030;"0";"Sensitivity | Removed policies except for bio/syn fuel mandates";"Diesel"
"OPEX";"Taxes";"IT";"Non-ETS CO2";"Tractor-Trailer";"BAU";"EUR/tCO2";2030;"0";"Sensitivity | Removed policies except for bio/syn fuel mandates";"Diesel"
"OPEX";"Taxes";"IT";"Non-ETS CO2";"Rigid";"PROG";"EUR/tCO2";2030;"0";"Sensitivity | Removed policies except for bio/syn fuel mandates";"Diesel"
"OPEX";"Taxes";"IT";"Non-ETS CO2";"Tractor-Trailer";"PROG";"EUR/tCO2";2030;"0";"Sensitivity | Removed policies except for bio/syn fuel mandates";"Diesel"
"OPEX";"Taxes";"NL";"Non-ETS CO2";"Rigid";"BAU";"EUR/tCO2";2030;"0";"Sensitivity | Removed policies except for bio/syn fuel mandates";"Diesel"
"OPEX";"Taxes";"NL";"Non-ETS CO2";"Tractor-Trailer";"BAU";"EUR/tCO2";2030;"0";"Sensitivity | Removed policies except for bio/syn fuel mandates";"Diesel"
"OPEX";"Taxes";"NL";"Non-ETS CO2";"Rigid";"PROG";"EUR/tCO2";2030;"0";"Sensitivity | Removed policies except for bio/syn fuel mandates";"Diesel"
"OPEX";"Taxes";"NL";"Non-ETS CO2";"Tractor-Trailer";"PROG";"EUR/tCO2";2030;"0";"Sensitivity | Removed policies except for bio/syn fuel mandates";"Diesel"
"OPEX";"Taxes";"PL";"Non-ETS CO2";"Rigid";"BAU";"EUR/tCO2";2030;"0";"Sensitivity | Removed policies except for bio/syn fuel mandates";"Diesel"
"OPEX";"Taxes";"PL";"Non-ETS CO2";"Tractor-Trailer";"BAU";"EUR/tCO2";2030;"0";"Sensitivity | Removed policies except for bio/syn fuel mandates";"Diesel"
"OPEX";"Taxes";"PL";"Non-ETS CO2";"Rigid";"PROG";"EUR/tCO2";2030;"0";"Sensitivity | Removed policies except for bio/syn fuel mandates";"Diesel"
"OPEX";"Taxes";"PL";"Non-ETS CO2";"Tractor-Trailer";"PROG";"EUR/tCO2";2030;"0";"Sensitivity | Removed policies except for bio/syn fuel mandates";"Diesel"
"OPEX";"Taxes";"UK";"Non-ETS CO2";"Rigid";"BAU";"EUR/tCO2";2030;"0";"Sensitivity | Removed policies except for bio/syn fuel mandates";"Diesel"
"OPEX";"Taxes";"UK";"Non-ETS CO2";"Tractor-Trailer";"BAU";"EUR/tCO2";2030;"0";"Sensitivity | Removed policies except for bio/syn fuel mandates";"Diesel"
"OPEX";"Taxes";"UK";"Non-ETS CO2";"Rigid";"PROG";"EUR/tCO2";2030;"0";"Sensitivity | Removed policies except for bio/syn fuel mandates";"Diesel"
"OPEX";"Taxes";"UK";"Non-ETS CO2";"Tractor-Trailer";"PROG";"EUR/tCO2";2030;"0";"Sensitivity | Removed policies except for bio/syn fuel mandates";"Diesel"
"OPEX";"Taxes";"DE";"Non-ETS CO2";"Rigid";"BAU";"EUR/tCO2";2035;"0";"Sensitivity | Removed policies except for bio/syn fuel mandates";"Diesel"
"OPEX";"Taxes";"DE";"Non-ETS CO2";"Tractor-Trailer";"BAU";"EUR/tCO2";2035;"0";"Sensitivity | Removed policies except for bio/syn fuel mandates";"Diesel"
"OPEX";"Taxes";"DE";"Non-ETS CO2";"Rigid";"PROG";"EUR/tCO2";2035;"0";"Sensitivity | Removed policies except for bio/syn fuel mandates";"Diesel"
"OPEX";"Taxes";"DE";"Non-ETS CO2";"Tractor-Trailer";"PROG";"EUR/tCO2";2035;"0";"Sensitivity | Removed policies except for bio/syn fuel mandates";"Diesel"
"OPEX";"Taxes";"ES";"Non-ETS CO2";"Rigid";"BAU";"EUR/tCO2";2035;"0";"Sensitivity | Removed policies except for bio/syn fuel mandates";"Diesel"
"OPEX";"Taxes";"ES";"Non-ETS CO2";"Tractor-Trailer";"BAU";"EUR/tCO2";2035;"0";"Sensitivity | Removed policies except for bio/syn fuel mandates";"Diesel"
"OPEX";"Taxes";"ES";"Non-ETS CO2";"Rigid";"PROG";"EUR/tCO2";2035;"0";"Sensitivity | Removed policies except for bio/syn fuel mandates";"Diesel"
"OPEX";"Taxes";"ES";"Non-ETS CO2";"Tractor-Trailer";"PROG";"EUR/tCO2";2035;"0";"Sensitivity | Removed policies except for bio/syn fuel mandates";"Diesel"
"OPEX";"Taxes";"FR";"Non-ETS CO2";"Rigid";"BAU";"EUR/tCO2";2035;"0";"Sensitivity | Removed policies except for bio/syn fuel mandates";"Diesel"
"OPEX";"Taxes";"FR";"Non-ETS CO2";"Tractor-Trailer";"BAU";"EUR/tCO2";2035;"0";"Sensitivity | Removed policies except for bio/syn fuel mandates";"Diesel"
"OPEX";"Taxes";"FR";"Non-ETS CO2";"Rigid";"PROG";"EUR/tCO2";2035;"0";"Sensitivity | Removed policies except for bio/syn fuel mandates";"Diesel"
"OPEX";"Taxes";"FR";"Non-ETS CO2";"Tractor-Trailer";"PROG";"EUR/tCO2";2035;"0";"Sensitivity | Removed policies except for bio/syn fuel mandates";"Diesel"
"OPEX";"Taxes";"IT";"Non-ETS CO2";"Rigid";"BAU";"EUR/tCO2";2035;"0";"Sensitivity | Removed policies except for bio/syn fuel mandates";"Diesel"
"OPEX";"Taxes";"IT";"Non-ETS CO2";"Tractor-Trailer";"BAU";"EUR/tCO2";2035;"0";"Sensitivity | Removed policies except for bio/syn fuel mandates";"Diesel"
"OPEX";"Taxes";"IT";"Non-ETS CO2";"Rigid";"PROG";"EUR/tCO2";2035;"0";"Sensitivity | Removed policies except for bio/syn fuel mandates";"Diesel"
"OPEX";"Taxes";"IT";"Non-ETS CO2";"Tractor-Trailer";"PROG";"EUR/tCO2";2035;"0";"Sensitivity | Removed policies except for bio/syn fuel mandates";"Diesel"
"OPEX";"Taxes";"NL";"Non-ETS CO2";"Rigid";"BAU";"EUR/tCO2";2035;"0";"Sensitivity | Removed policies except for bio/syn fuel mandates";"Diesel"
"OPEX";"Taxes";"NL";"Non-ETS CO2";"Tractor-Trailer";"BAU";"EUR/tCO2";2035;"0";"Sensitivity | Removed policies except for bio/syn fuel mandates";"Diesel"
"OPEX";"Taxes";"NL";"Non-ETS CO2";"Rigid";"PROG";"EUR/tCO2";2035;"0";"Sensitivity | Removed policies except for bio/syn fuel mandates";"Diesel"
"OPEX";"Taxes";"NL";"Non-ETS CO2";"Tractor-Trailer";"PROG";"EUR/tCO2";2035;"0";"Sensitivity | Removed policies except for bio/syn fuel mandates";"Diesel"
"OPEX";"Taxes";"PL";"Non-ETS CO2";"Rigid";"BAU";"EUR/tCO2";2035;"0";"Sensitivity | Removed policies except for bio/syn fuel mandates";"Diesel"
"OPEX";"Taxes";"PL";"Non-ETS CO2";"Tractor-Trailer";"BAU";"EUR/tCO2";2035;"0";"Sensitivity | Removed policies except for bio/syn fuel mandates";"Diesel"
"OPEX";"Taxes";"PL";"Non-ETS CO2";"Rigid";"PROG";"EUR/tCO2";2035;"0";"Sensitivity | Removed policies except for bio/syn fuel mandates";"Diesel"
"OPEX";"Taxes";"PL";"Non-ETS CO2";"Tractor-Trailer";"PROG";"EUR/tCO2";2035;"0";"Sensitivity | Removed policies except for bio/syn fuel mandates";"Diesel"
"OPEX";"Taxes";"UK";"Non-ETS CO2";"Rigid";"BAU";"EUR/tCO2";2035;"0";"Sensitivity | Removed policies except for bio/syn fuel mandates";"Diesel"
"OPEX";"Taxes";"UK";"Non-ETS CO2";"Tractor-Trailer";"BAU";"EUR/tCO2";2035;"0";"Sensitivity | Removed policies except for bio/syn fuel mandates";"Diesel"
"OPEX";"Taxes";"UK";"Non-ETS CO2";"Rigid";"PROG";"EUR/tCO2";2035;"0";"Sensitivity | Removed policies except for bio/syn fuel mandates";"Diesel"
"OPEX";"Taxes";"UK";"Non-ETS CO2";"Tractor-Trailer";"PROG";"EUR/tCO2";2035;"0";"Sensitivity | Removed policies except for bio/syn fuel mandates";"Diesel"
"OPEX";"Taxes";"DE";"Non-ETS CO2";"Rigid";"BAU";"EUR/tCO2";2040;"0";"Sensitivity | Removed policies except for bio/syn fuel mandates";"Diesel"
"OPEX";"Taxes";"DE";"Non-ETS CO2";"Tractor-Trailer";"BAU";"EUR/tCO2";2040;"0";"Sensitivity | Removed policies except for bio/syn fuel mandates";"Diesel"
"OPEX";"Taxes";"DE";"Non-ETS CO2";"Rigid";"PROG";"EUR/tCO2";2040;"0";"Sensitivity | Removed policies except for bio/syn fuel mandates";"Diesel"
"OPEX";"Taxes";"DE";"Non-ETS CO2";"Tractor-Trailer";"PROG";"EUR/tCO2";2040;"0";"Sensitivity | Removed policies except for bio/syn fuel mandates";"Diesel"
"OPEX";"Taxes";"ES";"Non-ETS CO2";"Rigid";"BAU";"EUR/tCO2";2040;"0";"Sensitivity | Removed policies except for bio/syn fuel mandates";"Diesel"
"OPEX";"Taxes";"ES";"Non-ETS CO2";"Tractor-Trailer";"BAU";"EUR/tCO2";2040;"0";"Sensitivity | Removed policies except for bio/syn fuel mandates";"Diesel"
"OPEX";"Taxes";"ES";"Non-ETS CO2";"Rigid";"PROG";"EUR/tCO2";2040;"0";"Sensitivity | Removed policies except for bio/syn fuel mandates";"Diesel"
"OPEX";"Taxes";"ES";"Non-ETS CO2";"Tractor-Trailer";"PROG";"EUR/tCO2";2040;"0";"Sensitivity | Removed policies except for bio/syn fuel mandates";"Diesel"
"OPEX";"Taxes";"FR";"Non-ETS CO2";"Rigid";"BAU";"EUR/tCO2";2040;"0";"Sensitivity | Removed policies except for bio/syn fuel mandates";"Diesel"
"OPEX";"Taxes";"FR";"Non-ETS CO2";"Tractor-Trailer";"BAU";"EUR/tCO2";2040;"0";"Sensitivity | Removed policies except for bio/syn fuel mandates";"Diesel"
"OPEX";"Taxes";"FR";"Non-ETS CO2";"Rigid";"PROG";"EUR/tCO2";2040;"0";"Sensitivity | Removed policies except for bio/syn fuel mandates";"Diesel"
"OPEX";"Taxes";"FR";"Non-ETS CO2";"Tractor-Trailer";"PROG";"EUR/tCO2";2040;"0";"Sensitivity | Removed policies except for bio/syn fuel mandates";"Diesel"
"OPEX";"Taxes";"IT";"Non-ETS CO2";"Rigid";"BAU";"EUR/tCO2";2040;"0";"Sensitivity | Removed policies except for bio/syn fuel mandates";"Diesel"
"OPEX";"Taxes";"IT";"Non-ETS CO2";"Tractor-Trailer";"BAU";"EUR/tCO2";2040;"0";"Sensitivity | Removed policies except for bio/syn fuel mandates";"Diesel"
"OPEX";"Taxes";"IT";"Non-ETS CO2";"Rigid";"PROG";"EUR/tCO2";2040;"0";"Sensitivity | Removed policies except for bio/syn fuel mandates";"Diesel"
"OPEX";"Taxes";"IT";"Non-ETS CO2";"Tractor-Trailer";"PROG";"EUR/tCO2";2040;"0";"Sensitivity | Removed policies except for bio/syn fuel mandates";"Diesel"
"OPEX";"Taxes";"NL";"Non-ETS CO2";"Rigid";"BAU";"EUR/tCO2";2040;"0";"Sensitivity | Removed policies except for bio/syn fuel mandates";"Diesel"
"OPEX";"Taxes";"NL";"Non-ETS CO2";"Tractor-Trailer";"BAU";"EUR/tCO2";2040;"0";"Sensitivity | Removed policies except for bio/syn fuel mandates";"Diesel"
"OPEX";"Taxes";"NL";"Non-ETS CO2";"Rigid";"PROG";"EUR/tCO2";2040;"0";"Sensitivity | Removed policies except for bio/syn fuel mandates";"Diesel"
"OPEX";"Taxes";"NL";"Non-ETS CO2";"Tractor-Trailer";"PROG";"EUR/tCO2";2040;"0";"Sensitivity | Removed policies except for bio/syn fuel mandates";"Diesel"
"OPEX";"Taxes";"PL";"Non-ETS CO2";"Rigid";"BAU";"EUR/tCO2";2040;"0";"Sensitivity | Removed policies except for bio/syn fuel mandates";"Diesel"
"OPEX";"Taxes";"PL";"Non-ETS CO2";"Tractor-Trailer";"BAU";"EUR/tCO2";2040;"0";"Sensitivity | Removed policies except for bio/syn fuel mandates";"Diesel"
"OPEX";"Taxes";"PL";"Non-ETS CO2";"Rigid";"PROG";"EUR/tCO2";2040;"0";"Sensitivity | Removed policies except for bio/syn fuel mandates";"Diesel"
"OPEX";"Taxes";"PL";"Non-ETS CO2";"Tractor-Trailer";"PROG";"EUR/tCO2";2040;"0";"Sensitivity | Removed policies except for bio/syn fuel mandates";"Diesel"
"OPEX";"Taxes";"UK";"Non-ETS CO2";"Rigid";"BAU";"EUR/tCO2";2040;"0";"Sensitivity | Removed policies except for bio/syn fuel mandates";"Diesel"
"OPEX";"Taxes";"UK";"Non-ETS CO2";"Tractor-Trailer";"BAU";"EUR/tCO2";2040;"0";"Sensitivity | Removed policies except for bio/syn fuel mandates";"Diesel"
"OPEX";"Taxes";"UK";"Non-ETS CO2";"Rigid";"PROG";"EUR/tCO2";2040;"0";"Sensitivity | Removed policies except for bio/syn fuel mandates";"Diesel"
"OPEX";"Taxes";"UK";"Non-ETS CO2";"Tractor-Trailer";"PROG";"EUR/tCO2";2040;"0";"Sensitivity | Removed policies except for bio/syn fuel mandates";"Diesel"
"OPEX";"Taxes";"DE";"Non-ETS CO2";"Rigid";"BAU";"EUR/tCO2";2045;"0";"Sensitivity | Removed policies except for bio/syn fuel mandates";"Diesel"
"OPEX";"Taxes";"DE";"Non-ETS CO2";"Tractor-Trailer";"BAU";"EUR/tCO2";2045;"0";"Sensitivity | Removed policies except for bio/syn fuel mandates";"Diesel"
"OPEX";"Taxes";"DE";"Non-ETS CO2";"Rigid";"PROG";"EUR/tCO2";2045;"0";"Sensitivity | Removed policies except for bio/syn fuel mandates";"Diesel"
"OPEX";"Taxes";"DE";"Non-ETS CO2";"Tractor-Trailer";"PROG";"EUR/tCO2";2045;"0";"Sensitivity | Removed policies except for bio/syn fuel mandates";"Diesel"
"OPEX";"Taxes";"ES";"Non-ETS CO2";"Rigid";"BAU";"EUR/tCO2";2045;"0";"Sensitivity | Removed policies except for bio/syn fuel mandates";"Diesel"
"OPEX";"Taxes";"ES";"Non-ETS CO2";"Tractor-Trailer";"BAU";"EUR/tCO2";2045;"0";"Sensitivity | Removed policies except for bio/syn fuel mandates";"Diesel"
"OPEX";"Taxes";"ES";"Non-ETS CO2";"Rigid";"PROG";"EUR/tCO2";2045;"0";"Sensitivity | Removed policies except for bio/syn fuel mandates";"Diesel"
"OPEX";"Taxes";"ES";"Non-ETS CO2";"Tractor-Trailer";"PROG";"EUR/tCO2";2045;"0";"Sensitivity | Removed policies except for bio/syn fuel mandates";"Diesel"
"OPEX";"Taxes";"FR";"Non-ETS CO2";"Rigid";"BAU";"EUR/tCO2";2045;"0";"Sensitivity | Removed policies except for bio/syn fuel mandates";"Diesel"
"OPEX";"Taxes";"FR";"Non-ETS CO2";"Tractor-Trailer";"BAU";"EUR/tCO2";2045;"0";"Sensitivity | Removed policies except for bio/syn fuel mandates";"Diesel"
"OPEX";"Taxes";"FR";"Non-ETS CO2";"Rigid";"PROG";"EUR/tCO2";2045;"0";"Sensitivity | Removed policies except for bio/syn fuel mandates";"Diesel"
"OPEX";"Taxes";"FR";"Non-ETS CO2";"Tractor-Trailer";"PROG";"EUR/tCO2";2045;"0";"Sensitivity | Removed policies except for bio/syn fuel mandates";"Diesel"
"OPEX";"Taxes";"IT";"Non-ETS CO2";"Rigid";"BAU";"EUR/tCO2";2045;"0";"Sensitivity | Removed policies except for bio/syn fuel mandates";"Diesel"
"OPEX";"Taxes";"IT";"Non-ETS CO2";"Tractor-Trailer";"BAU";"EUR/tCO2";2045;"0";"Sensitivity | Removed policies except for bio/syn fuel mandates";"Diesel"
"OPEX";"Taxes";"IT";"Non-ETS CO2";"Rigid";"PROG";"EUR/tCO2";2045;"0";"Sensitivity | Removed policies except for bio/syn fuel mandates";"Diesel"
"OPEX";"Taxes";"IT";"Non-ETS CO2";"Tractor-Trailer";"PROG";"EUR/tCO2";2045;"0";"Sensitivity | Removed policies except for bio/syn fuel mandates";"Diesel"
"OPEX";"Taxes";"NL";"Non-ETS CO2";"Rigid";"BAU";"EUR/tCO2";2045;"0";"Sensitivity | Removed policies except for bio/syn fuel mandates";"Diesel"
"OPEX";"Taxes";"NL";"Non-ETS CO2";"Tractor-Trailer";"BAU";"EUR/tCO2";2045;"0";"Sensitivity | Removed policies except for bio/syn fuel mandates";"Diesel"
"OPEX";"Taxes";"NL";"Non-ETS CO2";"Rigid";"PROG";"EUR/tCO2";2045;"0";"Sensitivity | Removed policies except for bio/syn fuel mandates";"Diesel"
"OPEX";"Taxes";"NL";"Non-ETS CO2";"Tractor-Trailer";"PROG";"EUR/tCO2";2045;"0";"Sensitivity | Removed policies except for bio/syn fuel mandates";"Diesel"
"OPEX";"Taxes";"PL";"Non-ETS CO2";"Rigid";"BAU";"EUR/tCO2";2045;"0";"Sensitivity | Removed policies except for bio/syn fuel mandates";"Diesel"
"OPEX";"Taxes";"PL";"Non-ETS CO2";"Tractor-Trailer";"BAU";"EUR/tCO2";2045;"0";"Sensitivity | Removed policies except for bio/syn fuel mandates";"Diesel"
"OPEX";"Taxes";"PL";"Non-ETS CO2";"Rigid";"PROG";"EUR/tCO2";2045;"0";"Sensitivity | Removed policies except for bio/syn fuel mandates";"Diesel"
"OPEX";"Taxes";"PL";"Non-ETS CO2";"Tractor-Trailer";"PROG";"EUR/tCO2";2045;"0";"Sensitivity | Removed policies except for bio/syn fuel mandates";"Diesel"
"OPEX";"Taxes";"UK";"Non-ETS CO2";"Rigid";"BAU";"EUR/tCO2";2045;"0";"Sensitivity | Removed policies except for bio/syn fuel mandates";"Diesel"
"OPEX";"Taxes";"UK";"Non-ETS CO2";"Tractor-Trailer";"BAU";"EUR/tCO2";2045;"0";"Sensitivity | Removed policies except for bio/syn fuel mandates";"Diesel"
"OPEX";"Taxes";"UK";"Non-ETS CO2";"Rigid";"PROG";"EUR/tCO2";2045;"0";"Sensitivity | Removed policies except for bio/syn fuel mandates";"Diesel"
"OPEX";"Taxes";"UK";"Non-ETS CO2";"Tractor-Trailer";"PROG";"EUR/tCO2";2045;"0";"Sensitivity | Removed policies except for bio/syn fuel mandates";"Diesel"
"OPEX";"Taxes";"DE";"Non-ETS CO2";"Rigid";"BAU";"EUR/tCO2";2050;"0";"Sensitivity | Removed policies except for bio/syn fuel mandates";"Diesel"
"OPEX";"Taxes";"DE";"Non-ETS CO2";"Tractor-Trailer";"BAU";"EUR/tCO2";2050;"0";"Sensitivity | Removed policies except for bio/syn fuel mandates";"Diesel"
"OPEX";"Taxes";"DE";"Non-ETS CO2";"Rigid";"PROG";"EUR/tCO2";2050;"0";"Sensitivity | Removed policies except for bio/syn fuel mandates";"Diesel"
"OPEX";"Taxes";"DE";"Non-ETS CO2";"Tractor-Trailer";"PROG";"EUR/tCO2";2050;"0";"Sensitivity | Removed policies except for bio/syn fuel mandates";"Diesel"
"OPEX";"Taxes";"ES";"Non-ETS CO2";"Rigid";"BAU";"EUR/tCO2";2050;"0";"Sensitivity | Removed policies except for bio/syn fuel mandates";"Diesel"
"OPEX";"Taxes";"ES";"Non-ETS CO2";"Tractor-Trailer";"BAU";"EUR/tCO2";2050;"0";"Sensitivity | Removed policies except for bio/syn fuel mandates";"Diesel"
"OPEX";"Taxes";"ES";"Non-ETS CO2";"Rigid";"PROG";"EUR/tCO2";2050;"0";"Sensitivity | Removed policies except for bio/syn fuel mandates";"Diesel"
"OPEX";"Taxes";"ES";"Non-ETS CO2";"Tractor-Trailer";"PROG";"EUR/tCO2";2050;"0";"Sensitivity | Removed policies except for bio/syn fuel mandates";"Diesel"
"OPEX";"Taxes";"FR";"Non-ETS CO2";"Rigid";"BAU";"EUR/tCO2";2050;"0";"Sensitivity | Removed policies except for bio/syn fuel mandates";"Diesel"
"OPEX";"Taxes";"FR";"Non-ETS CO2";"Tractor-Trailer";"BAU";"EUR/tCO2";2050;"0";"Sensitivity | Removed policies except for bio/syn fuel mandates";"Diesel"
"OPEX";"Taxes";"FR";"Non-ETS CO2";"Rigid";"PROG";"EUR/tCO2";2050;"0";"Sensitivity | Removed policies except for bio/syn fuel mandates";"Diesel"
"OPEX";"Taxes";"FR";"Non-ETS CO2";"Tractor-Trailer";"PROG";"EUR/tCO2";2050;"0";"Sensitivity | Removed policies except for bio/syn fuel mandates";"Diesel"
"OPEX";"Taxes";"IT";"Non-ETS CO2";"Rigid";"BAU";"EUR/tCO2";2050;"0";"Sensitivity | Removed policies except for bio/syn fuel mandates";"Diesel"
"OPEX";"Taxes";"IT";"Non-ETS CO2";"Tractor-Trailer";"BAU";"EUR/tCO2";2050;"0";"Sensitivity | Removed policies except for bio/syn fuel mandates";"Diesel"
"OPEX";"Taxes";"IT";"Non-ETS CO2";"Rigid";"PROG";"EUR/tCO2";2050;"0";"Sensitivity | Removed policies except for bio/syn fuel mandates";"Diesel"
"OPEX";"Taxes";"IT";"Non-ETS CO2";"Tractor-Trailer";"PROG";"EUR/tCO2";2050;"0";"Sensitivity | Removed policies except for bio/syn fuel mandates";"Diesel"
"OPEX";"Taxes";"NL";"Non-ETS CO2";"Rigid";"BAU";"EUR/tCO2";2050;"0";"Sensitivity | Removed policies except for bio/syn fuel mandates";"Diesel"
"OPEX";"Taxes";"NL";"Non-ETS CO2";"Tractor-Trailer";"BAU";"EUR/tCO2";2050;"0";"Sensitivity | Removed policies except for bio/syn fuel mandates";"Diesel"
"OPEX";"Taxes";"NL";"Non-ETS CO2";"Rigid";"PROG";"EUR/tCO2";2050;"0";"Sensitivity | Removed policies except for bio/syn fuel mandates";"Diesel"
"OPEX";"Taxes";"NL";"Non-ETS CO2";"Tractor-Trailer";"PROG";"EUR/tCO2";2050;"0";"Sensitivity | Removed policies except for bio/syn fuel mandates";"Diesel"
"OPEX";"Taxes";"PL";"Non-ETS CO2";"Rigid";"BAU";"EUR/tCO2";2050;"0";"Sensitivity | Removed policies except for bio/syn fuel mandates";"Diesel"
"OPEX";"Taxes";"PL";"Non-ETS CO2";"Tractor-Trailer";"BAU";"EUR/tCO2";2050;"0";"Sensitivity | Removed policies except for bio/syn fuel mandates";"Diesel"
"OPEX";"Taxes";"PL";"Non-ETS CO2";"Rigid";"PROG";"EUR/tCO2";2050;"0";"Sensitivity | Removed policies except for bio/syn fuel mandates";"Diesel"
"OPEX";"Taxes";"PL";"Non-ETS CO2";"Tractor-Trailer";"PROG";"EUR/tCO2";2050;"0";"Sensitivity | Removed policies except for bio/syn fuel mandates";"Diesel"
"OPEX";"Taxes";"UK";"Non-ETS CO2";"Rigid";"BAU";"EUR/tCO2";2050;"0";"Sensitivity | Removed policies except for bio/syn fuel mandates";"Diesel"
"OPEX";"Taxes";"UK";"Non-ETS CO2";"Tractor-Trailer";"BAU";"EUR/tCO2";2050;"0";"Sensitivity | Removed policies except for bio/syn fuel mandates";"Diesel"
"OPEX";"Taxes";"UK";"Non-ETS CO2";"Rigid";"PROG";"EUR/tCO2";2050;"0";"Sensitivity | Removed policies except for bio/syn fuel mandates";"Diesel"
"OPEX";"Taxes";"UK";"Non-ETS CO2";"Tractor-Trailer";"PROG";"EUR/tCO2";2050;"0";"Sensitivity | Removed policies except for bio/syn fuel mandates";"Diesel"
"OPEX";"Taxes";"DE";"Network Costs - MCS";"Rigid";"PROG";"EUR/kWh";2030;"0.038";"Sensitivity | Current policies | Removed diesel efficiency gains";"Electricity"
"OPEX";"Taxes";"DE";"Network Costs - MCS";"Tractor-Trailer";"PROG";"EUR/kWh";2030;"0.038";"Sensitivity | Current policies | Removed diesel efficiency gains";"Electricity"
"OPEX";"Taxes";"ES";"Network Costs - MCS";"Rigid";"PROG";"EUR/kWh";2030;"0.018";"Sensitivity | Current policies | Removed diesel efficiency gains";"Electricity"
"OPEX";"Taxes";"ES";"Network Costs - MCS";"Tractor-Trailer";"PROG";"EUR/kWh";2030;"0.018";"Sensitivity | Current policies | Removed diesel efficiency gains";"Electricity"
"OPEX";"Taxes";"FR";"Network Costs - MCS";"Rigid";"PROG";"EUR/kWh";2030;"0.018";"Sensitivity | Current policies | Removed diesel efficiency gains";"Electricity"
"OPEX";"Taxes";"FR";"Network Costs - MCS";"Tractor-Trailer";"PROG";"EUR/kWh";2030;"0.018";"Sensitivity | Current policies | Removed diesel efficiency gains";"Electricity"
"OPEX";"Taxes";"IT";"Network Costs - MCS";"Rigid";"PROG";"EUR/kWh";2030;"0.016";"Sensitivity | Current policies | Removed diesel efficiency gains";"Electricity"
"OPEX";"Taxes";"IT";"Network Costs - MCS";"Tractor-Trailer";"PROG";"EUR/kWh";2030;"0.016";"Sensitivity | Current policies | Removed diesel efficiency gains";"Electricity"
"OPEX";"Taxes";"NL";"Network Costs - MCS";"Rigid";"PROG";"EUR/kWh";2030;"0.016";"Sensitivity | Current policies | Removed diesel efficiency gains";"Electricity"
"OPEX";"Taxes";"NL";"Network Costs - MCS";"Tractor-Trailer";"PROG";"EUR/kWh";2030;"0.016";"Sensitivity | Current policies | Removed diesel efficiency gains";"Electricity"
"OPEX";"Taxes";"PL";"Network Costs - MCS";"Rigid";"PROG";"EUR/kWh";2030;"0.019";"Sensitivity | Current policies | Removed diesel efficiency gains";"Electricity"
"OPEX";"Taxes";"PL";"Network Costs - MCS";"Tractor-Trailer";"PROG";"EUR/kWh";2030;"0.019";"Sensitivity | Current policies | Removed diesel efficiency gains";"Electricity"
"OPEX";"Taxes";"UK";"Network Costs - MCS";"Rigid";"PROG";"EUR/kWh";2030;"0.027";"Sensitivity | Current policies | Removed diesel efficiency gains";"Electricity"
"OPEX";"Taxes";"UK";"Network Costs - MCS";"Tractor-Trailer";"PROG";"EUR/kWh";2030;"0.027";"Sensitivity | Current policies | Removed diesel efficiency gains";"Electricity"
"OPEX";"Taxes";"DE";"Taxes, Fees, Levies and charges - MCS";"Rigid";"PROG";"EUR/kWh";2030;"0.073";"Sensitivity | Current policies | Removed diesel efficiency gains";"Electricity"
"OPEX";"Taxes";"DE";"Taxes, Fees, Levies and charges - MCS";"Tractor-Trailer";"PROG";"EUR/kWh";2030;"0.073";"Sensitivity | Current policies | Removed diesel efficiency gains";"Electricity"
"OPEX";"Taxes";"ES";"Taxes, Fees, Levies and charges - MCS";"Rigid";"PROG";"EUR/kWh";2030;"0.036";"Sensitivity | Current policies | Removed diesel efficiency gains";"Electricity"
"OPEX";"Taxes";"ES";"Taxes, Fees, Levies and charges - MCS";"Tractor-Trailer";"PROG";"EUR/kWh";2030;"0.036";"Sensitivity | Current policies | Removed diesel efficiency gains";"Electricity"
"OPEX";"Taxes";"FR";"Taxes, Fees, Levies and charges - MCS";"Rigid";"PROG";"EUR/kWh";2030;"0.03";"Sensitivity | Current policies | Removed diesel efficiency gains";"Electricity"
"OPEX";"Taxes";"FR";"Taxes, Fees, Levies and charges - MCS";"Tractor-Trailer";"PROG";"EUR/kWh";2030;"0.03";"Sensitivity | Current policies | Removed diesel efficiency gains";"Electricity"
"OPEX";"Taxes";"IT";"Taxes, Fees, Levies and charges - MCS";"Rigid";"PROG";"EUR/kWh";2030;"0.063";"Sensitivity | Current policies | Removed diesel efficiency gains";"Electricity"
"OPEX";"Taxes";"IT";"Taxes, Fees, Levies and charges - MCS";"Tractor-Trailer";"PROG";"EUR/kWh";2030;"0.063";"Sensitivity | Current policies | Removed diesel efficiency gains";"Electricity"
"OPEX";"Taxes";"NL";"Taxes, Fees, Levies and charges - MCS";"Rigid";"PROG";"EUR/kWh";2030;"0.055";"Sensitivity | Current policies | Removed diesel efficiency gains";"Electricity"
"OPEX";"Taxes";"NL";"Taxes, Fees, Levies and charges - MCS";"Tractor-Trailer";"PROG";"EUR/kWh";2030;"0.055";"Sensitivity | Current policies | Removed diesel efficiency gains";"Electricity"
"OPEX";"Taxes";"PL";"Taxes, Fees, Levies and charges - MCS";"Rigid";"PROG";"EUR/kWh";2030;"0.049";"Sensitivity | Current policies | Removed diesel efficiency gains";"Electricity"
"OPEX";"Taxes";"PL";"Taxes, Fees, Levies and charges - MCS";"Tractor-Trailer";"PROG";"EUR/kWh";2030;"0.049";"Sensitivity | Current policies | Removed diesel efficiency gains";"Electricity"
"OPEX";"Taxes";"UK";"Taxes, Fees, Levies and charges - MCS";"Rigid";"PROG";"EUR/kWh";2030;"0.077";"Sensitivity | Current policies | Removed diesel efficiency gains";"Electricity"
"OPEX";"Taxes";"UK";"Taxes, Fees, Levies and charges - MCS";"Tractor-Trailer";"PROG";"EUR/kWh";2030;"0.077";"Sensitivity | Current policies | Removed diesel efficiency gains";"Electricity"
"OPEX";"Taxes";"DE";"Network Costs - Depot";"Rigid";"PROG";"EUR/kWh";2030;"0.044";"Sensitivity | Current policies | Removed diesel efficiency gains";"Electricity"
"OPEX";"Taxes";"DE";"Network Costs - Depot";"Tractor-Trailer";"PROG";"EUR/kWh";2030;"0.044";"Sensitivity | Current policies | Removed diesel efficiency gains";"Electricity"
"OPEX";"Taxes";"ES";"Network Costs - Depot";"Rigid";"PROG";"EUR/kWh";2030;"0.031";"Sensitivity | Current policies | Removed diesel efficiency gains";"Electricity"
"OPEX";"Taxes";"ES";"Network Costs - Depot";"Tractor-Trailer";"PROG";"EUR/kWh";2030;"0.031";"Sensitivity | Current policies | Removed diesel efficiency gains";"Electricity"
"OPEX";"Taxes";"FR";"Network Costs - Depot";"Rigid";"PROG";"EUR/kWh";2030;"0.024";"Sensitivity | Current policies | Removed diesel efficiency gains";"Electricity"
"OPEX";"Taxes";"FR";"Network Costs - Depot";"Tractor-Trailer";"PROG";"EUR/kWh";2030;"0.024";"Sensitivity | Current policies | Removed diesel efficiency gains";"Electricity"
"OPEX";"Taxes";"IT";"Network Costs - Depot";"Rigid";"PROG";"EUR/kWh";2030;"0.018";"Sensitivity | Current policies | Removed diesel efficiency gains";"Electricity"
"OPEX";"Taxes";"IT";"Network Costs - Depot";"Tractor-Trailer";"PROG";"EUR/kWh";2030;"0.018";"Sensitivity | Current policies | Removed diesel efficiency gains";"Electricity"
"OPEX";"Taxes";"NL";"Network Costs - Depot";"Rigid";"PROG";"EUR/kWh";2030;"0.019";"Sensitivity | Current policies | Removed diesel efficiency gains";"Electricity"
"OPEX";"Taxes";"NL";"Network Costs - Depot";"Tractor-Trailer";"PROG";"EUR/kWh";2030;"0.019";"Sensitivity | Current policies | Removed diesel efficiency gains";"Electricity"
"OPEX";"Taxes";"PL";"Network Costs - Depot";"Rigid";"PROG";"EUR/kWh";2030;"0.026";"Sensitivity | Current policies | Removed diesel efficiency gains";"Electricity"
"OPEX";"Taxes";"PL";"Network Costs - Depot";"Tractor-Trailer";"PROG";"EUR/kWh";2030;"0.026";"Sensitivity | Current policies | Removed diesel efficiency gains";"Electricity"
"OPEX";"Taxes";"UK";"Network Costs - Depot";"Rigid";"PROG";"EUR/kWh";2030;"0.029";"Sensitivity | Current policies | Removed diesel efficiency gains";"Electricity"
"OPEX";"Taxes";"UK";"Network Costs - Depot";"Tractor-Trailer";"PROG";"EUR/kWh";2030;"0.029";"Sensitivity | Current policies | Removed diesel efficiency gains";"Electricity"
"OPEX";"Taxes";"DE";"Taxes, Fees, Levies and charges - Depot";"Rigid";"PROG";"EUR/kWh";2030;"0.062";"Sensitivity | Current policies | Removed diesel efficiency gains";"Electricity"
"OPEX";"Taxes";"DE";"Taxes, Fees, Levies and charges - Depot";"Tractor-Trailer";"PROG";"EUR/kWh";2030;"0.062";"Sensitivity | Current policies | Removed diesel efficiency gains";"Electricity"
"OPEX";"Taxes";"ES";"Taxes, Fees, Levies and charges - Depot";"Rigid";"PROG";"EUR/kWh";2030;"0.054";"Sensitivity | Current policies | Removed diesel efficiency gains";"Electricity"
"OPEX";"Taxes";"ES";"Taxes, Fees, Levies and charges - Depot";"Tractor-Trailer";"PROG";"EUR/kWh";2030;"0.054";"Sensitivity | Current policies | Removed diesel efficiency gains";"Electricity"
"OPEX";"Taxes";"FR";"Taxes, Fees, Levies and charges - Depot";"Rigid";"PROG";"EUR/kWh";2030;"0.04";"Sensitivity | Current policies | Removed diesel efficiency gains";"Electricity"
"OPEX";"Taxes";"FR";"Taxes, Fees, Levies and charges - Depot";"Tractor-Trailer";"PROG";"EUR/kWh";2030;"0.04";"Sensitivity | Current policies | Removed diesel efficiency gains";"Electricity"
"OPEX";"Taxes";"IT";"Taxes, Fees, Levies and charges - Depot";"Rigid";"PROG";"EUR/kWh";2030;"0.088";"Sensitivity | Current policies | Removed diesel efficiency gains";"Electricity"
"OPEX";"Taxes";"IT";"Taxes, Fees, Levies and charges - Depot";"Tractor-Trailer";"PROG";"EUR/kWh";2030;"0.088";"Sensitivity | Current policies | Removed diesel efficiency gains";"Electricity"
"OPEX";"Taxes";"NL";"Taxes, Fees, Levies and charges - Depot";"Rigid";"PROG";"EUR/kWh";2030;"0.058";"Sensitivity | Current policies | Removed diesel efficiency gains";"Electricity"
"OPEX";"Taxes";"NL";"Taxes, Fees, Levies and charges - Depot";"Tractor-Trailer";"PROG";"EUR/kWh";2030;"0.058";"Sensitivity | Current policies | Removed diesel efficiency gains";"Electricity"
"OPEX";"Taxes";"PL";"Taxes, Fees, Levies and charges - Depot";"Rigid";"PROG";"EUR/kWh";2030;"0.053";"Sensitivity | Current policies | Removed diesel efficiency gains";"Electricity"
"OPEX";"Taxes";"PL";"Taxes, Fees, Levies and charges - Depot";"Tractor-Trailer";"PROG";"EUR/kWh";2030;"0.053";"Sensitivity | Current policies | Removed diesel efficiency gains";"Electricity"
"OPEX";"Taxes";"UK";"Taxes, Fees, Levies and charges - Depot";"Rigid";"PROG";"EUR/kWh";2030;"0.086";"Sensitivity | Current policies | Removed diesel efficiency gains";"Electricity"
"OPEX";"Taxes";"UK";"Taxes, Fees, Levies and charges - Depot";"Tractor-Trailer";"PROG";"EUR/kWh";2030;"0.086";"Sensitivity | Current policies | Removed diesel efficiency gains";"Electricity"
"OPEX";"H2 Infrastructure";"DE";"HRS costs";"Rigid";"PROG";"EUR/kg H2";2030;"1.1";"Sensitivity | Current policies | Removed diesel efficiency gains";"Hydrogen"
"OPEX";"H2 Infrastructure";"DE";"HRS costs";"Tractor-Trailer";"PROG";"EUR/kg H2";2030;"1.1";"Sensitivity | Current policies | Removed diesel efficiency gains";"Hydrogen"
"OPEX";"H2 Infrastructure";"ES";"HRS costs";"Rigid";"PROG";"EUR/kg H2";2030;"1.1";"Sensitivity | Current policies | Removed diesel efficiency gains";"Hydrogen"
"OPEX";"H2 Infrastructure";"ES";"HRS costs";"Tractor-Trailer";"PROG";"EUR/kg H2";2030;"1.1";"Sensitivity | Current policies | Removed diesel efficiency gains";"Hydrogen"
"OPEX";"H2 Infrastructure";"FR";"HRS costs";"Rigid";"PROG";"EUR/kg H2";2030;"1.1";"Sensitivity | Current policies | Removed diesel efficiency gains";"Hydrogen"
"OPEX";"H2 Infrastructure";"FR";"HRS costs";"Tractor-Trailer";"PROG";"EUR/kg H2";2030;"1.1";"Sensitivity | Current policies | Removed diesel efficiency gains";"Hydrogen"
"OPEX";"H2 Infrastructure";"IT";"HRS costs";"Rigid";"PROG";"EUR/kg H2";2030;"1.1";"Sensitivity | Current policies | Removed diesel efficiency gains";"Hydrogen"
"OPEX";"H2 Infrastructure";"IT";"HRS costs";"Tractor-Trailer";"PROG";"EUR/kg H2";2030;"1.1";"Sensitivity | Current policies | Removed diesel efficiency gains";"Hydrogen"
"OPEX";"H2 Infrastructure";"NL";"HRS costs";"Rigid";"PROG";"EUR/kg H2";2030;"1.1";"Sensitivity | Current policies | Removed diesel efficiency gains";"Hydrogen"
"OPEX";"H2 Infrastructure";"NL";"HRS costs";"Tractor-Trailer";"PROG";"EUR/kg H2";2030;"1.1";"Sensitivity | Current policies | Removed diesel efficiency gains";"Hydrogen"
"OPEX";"H2 Infrastructure";"PL";"HRS costs";"Rigid";"PROG";"EUR/kg H2";2030;"1.1";"Sensitivity | Current policies | Removed diesel efficiency gains";"Hydrogen"
"OPEX";"H2 Infrastructure";"PL";"HRS costs";"Tractor-Trailer";"PROG";"EUR/kg H2";2030;"1.1";"Sensitivity | Current policies | Removed diesel efficiency gains";"Hydrogen"
"OPEX";"H2 Infrastructure";"UK";"HRS costs";"Rigid";"PROG";"EUR/kg H2";2030;"1.1";"Sensitivity | Current policies | Removed diesel efficiency gains";"Hydrogen"
"OPEX";"H2 Infrastructure";"UK";"HRS costs";"Tractor-Trailer";"PROG";"EUR/kg H2";2030;"1.1";"Sensitivity | Current policies | Removed diesel efficiency gains";"Hydrogen"
"OPEX";"H2 Infrastructure";"DE";"H2 transport and distribution";"Rigid";"PROG";"EUR/kg H2";2030;"1";"Sensitivity | Current policies | Removed diesel efficiency gains";"Hydrogen"
"OPEX";"H2 Infrastructure";"DE";"H2 transport and distribution";"Tractor-Trailer";"PROG";"EUR/kg H2";2030;"1";"Sensitivity | Current policies | Removed diesel efficiency gains";"Hydrogen"
"OPEX";"H2 Infrastructure";"ES";"H2 transport and distribution";"Rigid";"PROG";"EUR/kg H2";2030;"1";"Sensitivity | Current policies | Removed diesel efficiency gains";"Hydrogen"
"OPEX";"H2 Infrastructure";"ES";"H2 transport and distribution";"Tractor-Trailer";"PROG";"EUR/kg H2";2030;"1";"Sensitivity | Current policies | Removed diesel efficiency gains";"Hydrogen"
"OPEX";"H2 Infrastructure";"FR";"H2 transport and distribution";"Rigid";"PROG";"EUR/kg H2";2030;"1";"Sensitivity | Current policies | Removed diesel efficiency gains";"Hydrogen"
"OPEX";"H2 Infrastructure";"FR";"H2 transport and distribution";"Tractor-Trailer";"PROG";"EUR/kg H2";2030;"1";"Sensitivity | Current policies | Removed diesel efficiency gains";"Hydrogen"
"OPEX";"H2 Infrastructure";"IT";"H2 transport and distribution";"Rigid";"PROG";"EUR/kg H2";2030;"1";"Sensitivity | Current policies | Removed diesel efficiency gains";"Hydrogen"
"OPEX";"H2 Infrastructure";"IT";"H2 transport and distribution";"Tractor-Trailer";"PROG";"EUR/kg H2";2030;"1";"Sensitivity | Current policies | Removed diesel efficiency gains";"Hydrogen"
"OPEX";"H2 Infrastructure";"NL";"H2 transport and distribution";"Rigid";"PROG";"EUR/kg H2";2030;"1";"Sensitivity | Current policies | Removed diesel efficiency gains";"Hydrogen"
"OPEX";"H2 Infrastructure";"NL";"H2 transport and distribution";"Tractor-Trailer";"PROG";"EUR/kg H2";2030;"1";"Sensitivity | Current policies | Removed diesel efficiency gains";"Hydrogen"
"OPEX";"H2 Infrastructure";"PL";"H2 transport and distribution";"Rigid";"PROG";"EUR/kg H2";2030;"1";"Sensitivity | Current policies | Removed diesel efficiency gains";"Hydrogen"
"OPEX";"H2 Infrastructure";"PL";"H2 transport and distribution";"Tractor-Trailer";"PROG";"EUR/kg H2";2030;"1";"Sensitivity | Current policies | Removed diesel efficiency gains";"Hydrogen"
"OPEX";"H2 Infrastructure";"UK";"H2 transport and distribution";"Rigid";"PROG";"EUR/kg H2";2030;"1";"Sensitivity | Current policies | Removed diesel efficiency gains";"Hydrogen"
"OPEX";"H2 Infrastructure";"UK";"H2 transport and distribution";"Tractor-Trailer";"PROG";"EUR/kg H2";2030;"1";"Sensitivity | Current policies | Removed diesel efficiency gains";"Hydrogen"
"OPEX";"H2 Infrastructure";"DE";"HRS Overhead, Profit and Mark-Up";"Rigid";"PROG";"EUR/kg H2";2030;"0.25";"Sensitivity | Current policies | Removed diesel efficiency gains";"Hydrogen"
"OPEX";"H2 Infrastructure";"DE";"HRS Overhead, Profit and Mark-Up";"Tractor-Trailer";"PROG";"EUR/kg H2";2030;"0.25";"Sensitivity | Current policies | Removed diesel efficiency gains";"Hydrogen"
"OPEX";"H2 Infrastructure";"ES";"HRS Overhead, Profit and Mark-Up";"Rigid";"PROG";"EUR/kg H2";2030;"0.25";"Sensitivity | Current policies | Removed diesel efficiency gains";"Hydrogen"
"OPEX";"H2 Infrastructure";"ES";"HRS Overhead, Profit and Mark-Up";"Tractor-Trailer";"PROG";"EUR/kg H2";2030;"0.25";"Sensitivity | Current policies | Removed diesel efficiency gains";"Hydrogen"
"OPEX";"H2 Infrastructure";"FR";"HRS Overhead, Profit and Mark-Up";"Rigid";"PROG";"EUR/kg H2";2030;"0.25";"Sensitivity | Current policies | Removed diesel efficiency gains";"Hydrogen"
"OPEX";"H2 Infrastructure";"FR";"HRS Overhead, Profit and Mark-Up";"Tractor-Trailer";"PROG";"EUR/kg H2";2030;"0.25";"Sensitivity | Current policies | Removed diesel efficiency gains";"Hydrogen"
"OPEX";"H2 Infrastructure";"IT";"HRS Overhead, Profit and Mark-Up";"Rigid";"PROG";"EUR/kg H2";2030;"0.25";"Sensitivity | Current policies | Removed diesel efficiency gains";"Hydrogen"
"OPEX";"H2 Infrastructure";"IT";"HRS Overhead, Profit and Mark-Up";"Tractor-Trailer";"PROG";"EUR/kg H2";2030;"0.25";"Sensitivity | Current policies | Removed diesel efficiency gains";"Hydrogen"
"OPEX";"H2 Infrastructure";"NL";"HRS Overhead, Profit and Mark-Up";"Rigid";"PROG";"EUR/kg H2";2030;"0.25";"Sensitivity | Current policies | Removed diesel efficiency gains";"Hydrogen"
"OPEX";"H2 Infrastructure";"NL";"HRS Overhead, Profit and Mark-Up";"Tractor-Trailer";"PROG";"EUR/kg H2";2030;"0.25";"Sensitivity | Current policies | Removed diesel efficiency gains";"Hydrogen"
"OPEX";"H2 Infrastructure";"PL";"HRS Overhead, Profit and Mark-Up";"Rigid";"PROG";"EUR/kg H2";2030;"0.25";"Sensitivity | Current policies | Removed diesel efficiency gains";"Hydrogen"
"OPEX";"H2 Infrastructure";"PL";"HRS Overhead, Profit and Mark-Up";"Tractor-Trailer";"PROG";"EUR/kg H2";2030;"0.25";"Sensitivity | Current policies | Removed diesel efficiency gains";"Hydrogen"
"OPEX";"H2 Infrastructure";"UK";"HRS Overhead, Profit and Mark-Up";"Rigid";"PROG";"EUR/kg H2";2030;"0.25";"Sensitivity | Current policies | Removed diesel efficiency gains";"Hydrogen"
"OPEX";"H2 Infrastructure";"UK";"HRS Overhead, Profit and Mark-Up";"Tractor-Trailer";"PROG";"EUR/kg H2";2030;"0.25";"Sensitivity | Current policies | Removed diesel efficiency gains";"Hydrogen"
"OPEX";"Charging Infrastructure";"DE";"MCS Station (Public Charging) - Incl. Overhead";"Rigid";"PROG";"EUR/kWh";2030;"0.053";"Sensitivity | Current policies | Removed diesel efficiency gains";"Electricity"
"OPEX";"Charging Infrastructure";"DE";"MCS Station (Public Charging) - Incl. Overhead";"Tractor-Trailer";"PROG";"EUR/kWh";2030;"0.053";"Sensitivity | Current policies | Removed diesel efficiency gains";"Electricity"
"OPEX";"Charging Infrastructure";"ES";"MCS Station (Public Charging) - Incl. Overhead";"Rigid";"PROG";"EUR/kWh";2030;"0.053";"Sensitivity | Current policies | Removed diesel efficiency gains";"Electricity"
"OPEX";"Charging Infrastructure";"ES";"MCS Station (Public Charging) - Incl. Overhead";"Tractor-Trailer";"PROG";"EUR/kWh";2030;"0.053";"Sensitivity | Current policies | Removed diesel efficiency gains";"Electricity"
"OPEX";"Charging Infrastructure";"FR";"MCS Station (Public Charging) - Incl. Overhead";"Rigid";"PROG";"EUR/kWh";2030;"0.053";"Sensitivity | Current policies | Removed diesel efficiency gains";"Electricity"
"OPEX";"Charging Infrastructure";"FR";"MCS Station (Public Charging) - Incl. Overhead";"Tractor-Trailer";"PROG";"EUR/kWh";2030;"0.053";"Sensitivity | Current policies | Removed diesel efficiency gains";"Electricity"
"OPEX";"Charging Infrastructure";"IT";"MCS Station (Public Charging) - Incl. Overhead";"Rigid";"PROG";"EUR/kWh";2030;"0.053";"Sensitivity | Current policies | Removed diesel efficiency gains";"Electricity"
"OPEX";"Charging Infrastructure";"IT";"MCS Station (Public Charging) - Incl. Overhead";"Tractor-Trailer";"PROG";"EUR/kWh";2030;"0.053";"Sensitivity | Current policies | Removed diesel efficiency gains";"Electricity"
"OPEX";"Charging Infrastructure";"NL";"MCS Station (Public Charging) - Incl. Overhead";"Rigid";"PROG";"EUR/kWh";2030;"0.053";"Sensitivity | Current policies | Removed diesel efficiency gains";"Electricity"
"OPEX";"Charging Infrastructure";"NL";"MCS Station (Public Charging) - Incl. Overhead";"Tractor-Trailer";"PROG";"EUR/kWh";2030;"0.053";"Sensitivity | Current policies | Removed diesel efficiency gains";"Electricity"
"OPEX";"Charging Infrastructure";"PL";"MCS Station (Public Charging) - Incl. Overhead";"Rigid";"PROG";"EUR/kWh";2030;"0.053";"Sensitivity | Current policies | Removed diesel efficiency gains";"Electricity"
"OPEX";"Charging Infrastructure";"PL";"MCS Station (Public Charging) - Incl. Overhead";"Tractor-Trailer";"PROG";"EUR/kWh";2030;"0.053";"Sensitivity | Current policies | Removed diesel efficiency gains";"Electricity"
"OPEX";"Charging Infrastructure";"UK";"MCS Station (Public Charging) - Incl. Overhead";"Rigid";"PROG";"EUR/kWh";2030;"0.053";"Sensitivity | Current policies | Removed diesel efficiency gains";"Electricity"
"OPEX";"Charging Infrastructure";"UK";"MCS Station (Public Charging) - Incl. Overhead";"Tractor-Trailer";"PROG";"EUR/kWh";2030;"0.053";"Sensitivity | Current policies | Removed diesel efficiency gains";"Electricity"
"OPEX";"Charging Infrastructure";"DE";"Share MCS-Charging";"Rigid";"PROG";"%";2030;"0.2";"Sensitivity | Current policies | Removed diesel efficiency gains";"Electricity"
"OPEX";"Charging Infrastructure";"DE";"Share MCS-Charging";"Tractor-Trailer";"PROG";"%";2030;"0.2";"Sensitivity | Current policies | Removed diesel efficiency gains";"Electricity"
"OPEX";"Charging Infrastructure";"ES";"Share MCS-Charging";"Rigid";"PROG";"%";2030;"0.2";"Sensitivity | Current policies | Removed diesel efficiency gains";"Electricity"
"OPEX";"Charging Infrastructure";"ES";"Share MCS-Charging";"Tractor-Trailer";"PROG";"%";2030;"0.2";"Sensitivity | Current policies | Removed diesel efficiency gains";"Electricity"
"OPEX";"Charging Infrastructure";"FR";"Share MCS-Charging";"Rigid";"PROG";"%";2030;"0.2";"Sensitivity | Current policies | Removed diesel efficiency gains";"Electricity"
"OPEX";"Charging Infrastructure";"FR";"Share MCS-Charging";"Tractor-Trailer";"PROG";"%";2030;"0.2";"Sensitivity | Current policies | Removed diesel efficiency gains";"Electricity"
"OPEX";"Charging Infrastructure";"IT";"Share MCS-Charging";"Rigid";"PROG";"%";2030;"0.2";"Sensitivity | Current policies | Removed diesel efficiency gains";"Electricity"
"OPEX";"Charging Infrastructure";"IT";"Share MCS-Charging";"Tractor-Trailer";"PROG";"%";2030;"0.2";"Sensitivity | Current policies | Removed diesel efficiency gains";"Electricity"
"OPEX";"Charging Infrastructure";"NL";"Share MCS-Charging";"Rigid";"PROG";"%";2030;"0.2";"Sensitivity | Current policies | Removed diesel efficiency gains";"Electricity"
"OPEX";"Charging Infrastructure";"NL";"Share MCS-Charging";"Tractor-Trailer";"PROG";"%";2030;"0.2";"Sensitivity | Current policies | Removed diesel efficiency gains";"Electricity"
"OPEX";"Charging Infrastructure";"PL";"Share MCS-Charging";"Rigid";"PROG";"%";2030;"0.2";"Sensitivity | Current policies | Removed diesel efficiency gains";"Electricity"
"OPEX";"Charging Infrastructure";"PL";"Share MCS-Charging";"Tractor-Trailer";"PROG";"%";2030;"0.2";"Sensitivity | Current policies | Removed diesel efficiency gains";"Electricity"
"OPEX";"Charging Infrastructure";"UK";"Share MCS-Charging";"Rigid";"PROG";"%";2030;"0.2";"Sensitivity | Current policies | Removed diesel efficiency gains";"Electricity"
"OPEX";"Charging Infrastructure";"UK";"Share MCS-Charging";"Tractor-Trailer";"PROG";"%";2030;"0.2";"Sensitivity | Current policies | Removed diesel efficiency gains";"Electricity"
"OPEX";"Charging Infrastructure";"DE";"Depot - Network fees savings potential";"Rigid";"PROG";"EUR/kWh";2030;"-0.01";"Sensitivity | Current policies | Removed diesel efficiency gains";"Electricity"
"OPEX";"Charging Infrastructure";"DE";"Depot - Network fees savings potential";"Tractor-Trailer";"PROG";"EUR/kWh";2030;"-0.01";"Sensitivity | Current policies | Removed diesel efficiency gains";"Electricity"
"OPEX";"Charging Infrastructure";"ES";"Depot - Network fees savings potential";"Rigid";"PROG";"EUR/kWh";2030;"-0.01";"Sensitivity | Current policies | Removed diesel efficiency gains";"Electricity"
"OPEX";"Charging Infrastructure";"ES";"Depot - Network fees savings potential";"Tractor-Trailer";"PROG";"EUR/kWh";2030;"-0.01";"Sensitivity | Current policies | Removed diesel efficiency gains";"Electricity"
"OPEX";"Charging Infrastructure";"FR";"Depot - Network fees savings potential";"Rigid";"PROG";"EUR/kWh";2030;"-0.01";"Sensitivity | Current policies | Removed diesel efficiency gains";"Electricity"
"OPEX";"Charging Infrastructure";"FR";"Depot - Network fees savings potential";"Tractor-Trailer";"PROG";"EUR/kWh";2030;"-0.01";"Sensitivity | Current policies | Removed diesel efficiency gains";"Electricity"
"OPEX";"Charging Infrastructure";"IT";"Depot - Network fees savings potential";"Rigid";"PROG";"EUR/kWh";2030;"-0.01";"Sensitivity | Current policies | Removed diesel efficiency gains";"Electricity"
"OPEX";"Charging Infrastructure";"IT";"Depot - Network fees savings potential";"Tractor-Trailer";"PROG";"EUR/kWh";2030;"-0.01";"Sensitivity | Current policies | Removed diesel efficiency gains";"Electricity"
"OPEX";"Charging Infrastructure";"NL";"Depot - Network fees savings potential";"Rigid";"PROG";"EUR/kWh";2030;"-0.01";"Sensitivity | Current policies | Removed diesel efficiency gains";"Electricity"
"OPEX";"Charging Infrastructure";"NL";"Depot - Network fees savings potential";"Tractor-Trailer";"PROG";"EUR/kWh";2030;"-0.01";"Sensitivity | Current policies | Removed diesel efficiency gains";"Electricity"
"OPEX";"Charging Infrastructure";"PL";"Depot - Network fees savings potential";"Rigid";"PROG";"EUR/kWh";2030;"-0.01";"Sensitivity | Current policies | Removed diesel efficiency gains";"Electricity"
"OPEX";"Charging Infrastructure";"PL";"Depot - Network fees savings potential";"Tractor-Trailer";"PROG";"EUR/kWh";2030;"-0.01";"Sensitivity | Current policies | Removed diesel efficiency gains";"Electricity"
"OPEX";"Charging Infrastructure";"UK";"Depot - Network fees savings potential";"Rigid";"PROG";"EUR/kWh";2030;"-0.01";"Sensitivity | Current policies | Removed diesel efficiency gains";"Electricity"
"OPEX";"Charging Infrastructure";"UK";"Depot - Network fees savings potential";"Tractor-Trailer";"PROG";"EUR/kWh";2030;"-0.01";"Sensitivity | Current policies | Removed diesel efficiency gains";"Electricity"
"OPEX";"Taxes";"DE";"Tax reduction";"Rigid";"PROG";"%";2030;"-1";"Sensitivity | Current policies | Removed diesel efficiency gains";"Hydrogen"
"OPEX";"Taxes";"DE";"Tax reduction";"Tractor-Trailer";"PROG";"%";2030;"-1";"Sensitivity | Current policies | Removed diesel efficiency gains";"Hydrogen"
"OPEX";"Taxes";"ES";"Tax reduction";"Rigid";"PROG";"%";2030;"-1";"Sensitivity | Current policies | Removed diesel efficiency gains";"Hydrogen"
"OPEX";"Taxes";"ES";"Tax reduction";"Tractor-Trailer";"PROG";"%";2030;"-1";"Sensitivity | Current policies | Removed diesel efficiency gains";"Hydrogen"
"OPEX";"Taxes";"FR";"Tax reduction";"Rigid";"PROG";"%";2030;"-1";"Sensitivity | Current policies | Removed diesel efficiency gains";"Hydrogen"
"OPEX";"Taxes";"FR";"Tax reduction";"Tractor-Trailer";"PROG";"%";2030;"-1";"Sensitivity | Current policies | Removed diesel efficiency gains";"Hydrogen"
"OPEX";"Taxes";"IT";"Tax reduction";"Rigid";"PROG";"%";2030;"-1";"Sensitivity | Current policies | Removed diesel efficiency gains";"Hydrogen"
"OPEX";"Taxes";"IT";"Tax reduction";"Tractor-Trailer";"PROG";"%";2030;"-1";"Sensitivity | Current policies | Removed diesel efficiency gains";"Hydrogen"
"OPEX";"Taxes";"NL";"Tax reduction";"Rigid";"PROG";"%";2030;"-1";"Sensitivity | Current policies | Removed diesel efficiency gains";"Hydrogen"
"OPEX";"Taxes";"NL";"Tax reduction";"Tractor-Trailer";"PROG";"%";2030;"-1";"Sensitivity | Current policies | Removed diesel efficiency gains";"Hydrogen"
"OPEX";"Taxes";"PL";"Tax reduction";"Rigid";"PROG";"%";2030;"-1";"Sensitivity | Current policies | Removed diesel efficiency gains";"Hydrogen"
"OPEX";"Taxes";"PL";"Tax reduction";"Tractor-Trailer";"PROG";"%";2030;"-1";"Sensitivity | Current policies | Removed diesel efficiency gains";"Hydrogen"
"OPEX";"Taxes";"UK";"Tax reduction";"Rigid";"PROG";"%";2030;"-1";"Sensitivity | Current policies | Removed diesel efficiency gains";"Hydrogen"
"OPEX";"Taxes";"UK";"Tax reduction";"Tractor-Trailer";"PROG";"%";2030;"-1";"Sensitivity | Current policies | Removed diesel efficiency gains";"Hydrogen"
"OPEX";"Taxes";"DE";"Excise Duty - Diesel";"Rigid";"BAU";"EUR/kWh";2030;"0.047";"Sensitivity | Current policies | Removed diesel efficiency gains";"Diesel"
"OPEX";"Taxes";"DE";"Excise Duty - Diesel";"Tractor-Trailer";"BAU";"EUR/kWh";2030;"0.047";"Sensitivity | Current policies | Removed diesel efficiency gains";"Diesel"
"OPEX";"Taxes";"DE";"Excise Duty - Diesel";"Rigid";"PROG";"EUR/kWh";2030;"0.047";"Sensitivity | Current policies | Removed diesel efficiency gains";"Diesel"
"OPEX";"Taxes";"DE";"Excise Duty - Diesel";"Tractor-Trailer";"PROG";"EUR/kWh";2030;"0.047";"Sensitivity | Current policies | Removed diesel efficiency gains";"Diesel"
"OPEX";"Taxes";"ES";"Excise Duty - Diesel";"Rigid";"BAU";"EUR/kWh";2030;"0.038";"Sensitivity | Current policies | Removed diesel efficiency gains";"Diesel"
"OPEX";"Taxes";"ES";"Excise Duty - Diesel";"Tractor-Trailer";"BAU";"EUR/kWh";2030;"0.038";"Sensitivity | Current policies | Removed diesel efficiency gains";"Diesel"
"OPEX";"Taxes";"ES";"Excise Duty - Diesel";"Rigid";"PROG";"EUR/kWh";2030;"0.038";"Sensitivity | Current policies | Removed diesel efficiency gains";"Diesel"
"OPEX";"Taxes";"ES";"Excise Duty - Diesel";"Tractor-Trailer";"PROG";"EUR/kWh";2030;"0.038";"Sensitivity | Current policies | Removed diesel efficiency gains";"Diesel"
"OPEX";"Taxes";"FR";"Excise Duty - Diesel";"Rigid";"BAU";"EUR/kWh";2030;"0.06";"Sensitivity | Current policies | Removed diesel efficiency gains";"Diesel"
"OPEX";"Taxes";"FR";"Excise Duty - Diesel";"Tractor-Trailer";"BAU";"EUR/kWh";2030;"0.06";"Sensitivity | Current policies | Removed diesel efficiency gains";"Diesel"
"OPEX";"Taxes";"FR";"Excise Duty - Diesel";"Rigid";"PROG";"EUR/kWh";2030;"0.06";"Sensitivity | Current policies | Removed diesel efficiency gains";"Diesel"
"OPEX";"Taxes";"FR";"Excise Duty - Diesel";"Tractor-Trailer";"PROG";"EUR/kWh";2030;"0.06";"Sensitivity | Current policies | Removed diesel efficiency gains";"Diesel"
"OPEX";"Taxes";"IT";"Excise Duty - Diesel";"Rigid";"BAU";"EUR/kWh";2030;"0.062";"Sensitivity | Current policies | Removed diesel efficiency gains";"Diesel"
"OPEX";"Taxes";"IT";"Excise Duty - Diesel";"Tractor-Trailer";"BAU";"EUR/kWh";2030;"0.062";"Sensitivity | Current policies | Removed diesel efficiency gains";"Diesel"
"OPEX";"Taxes";"IT";"Excise Duty - Diesel";"Rigid";"PROG";"EUR/kWh";2030;"0.062";"Sensitivity | Current policies | Removed diesel efficiency gains";"Diesel"
"OPEX";"Taxes";"IT";"Excise Duty - Diesel";"Tractor-Trailer";"PROG";"EUR/kWh";2030;"0.062";"Sensitivity | Current policies | Removed diesel efficiency gains";"Diesel"
"OPEX";"Taxes";"NL";"Excise Duty - Diesel";"Rigid";"BAU";"EUR/kWh";2030;"0.053";"Sensitivity | Current policies | Removed diesel efficiency gains";"Diesel"
"OPEX";"Taxes";"NL";"Excise Duty - Diesel";"Tractor-Trailer";"BAU";"EUR/kWh";2030;"0.053";"Sensitivity | Current policies | Removed diesel efficiency gains";"Diesel"
"OPEX";"Taxes";"NL";"Excise Duty - Diesel";"Rigid";"PROG";"EUR/kWh";2030;"0.053";"Sensitivity | Current policies | Removed diesel efficiency gains";"Diesel"
"OPEX";"Taxes";"NL";"Excise Duty - Diesel";"Tractor-Trailer";"PROG";"EUR/kWh";2030;"0.053";"Sensitivity | Current policies | Removed diesel efficiency gains";"Diesel"
"OPEX";"Taxes";"PL";"Excise Duty - Diesel";"Rigid";"BAU";"EUR/kWh";2030;"0.033";"Sensitivity | Current policies | Removed diesel efficiency gains";"Diesel"
"OPEX";"Taxes";"PL";"Excise Duty - Diesel";"Tractor-Trailer";"BAU";"EUR/kWh";2030;"0.033";"Sensitivity | Current policies | Removed diesel efficiency gains";"Diesel"
"OPEX";"Taxes";"PL";"Excise Duty - Diesel";"Rigid";"PROG";"EUR/kWh";2030;"0.033";"Sensitivity | Current policies | Removed diesel efficiency gains";"Diesel"
"OPEX";"Taxes";"PL";"Excise Duty - Diesel";"Tractor-Trailer";"PROG";"EUR/kWh";2030;"0.033";"Sensitivity | Current policies | Removed diesel efficiency gains";"Diesel"
"OPEX";"Taxes";"UK";"Excise Duty - Diesel";"Rigid";"BAU";"EUR/kWh";2030;"0.053";"Sensitivity | Current policies | Removed diesel efficiency gains";"Diesel"
"OPEX";"Taxes";"UK";"Excise Duty - Diesel";"Tractor-Trailer";"BAU";"EUR/kWh";2030;"0.053";"Sensitivity | Current policies | Removed diesel efficiency gains";"Diesel"
"OPEX";"Taxes";"UK";"Excise Duty - Diesel";"Rigid";"PROG";"EUR/kWh";2030;"0.053";"Sensitivity | Current policies | Removed diesel efficiency gains";"Diesel"
"OPEX";"Taxes";"UK";"Excise Duty - Diesel";"Tractor-Trailer";"PROG";"EUR/kWh";2030;"0.053";"Sensitivity | Current policies | Removed diesel efficiency gains";"Diesel"
"OPEX";"Taxes";"DE";"Excise Duty - Reduction biodiesel";"Rigid";"BAU";"%";2030;"0.5";"Sensitivity | Current policies | Removed diesel efficiency gains";"Diesel"
"OPEX";"Taxes";"DE";"Excise Duty - Reduction biodiesel";"Tractor-Trailer";"BAU";"%";2030;"0.5";"Sensitivity | Current policies | Removed diesel efficiency gains";"Diesel"
"OPEX";"Taxes";"DE";"Excise Duty - Reduction biodiesel";"Rigid";"PROG";"%";2030;"0.5";"Sensitivity | Current policies | Removed diesel efficiency gains";"Diesel"
"OPEX";"Taxes";"DE";"Excise Duty - Reduction biodiesel";"Tractor-Trailer";"PROG";"%";2030;"0.5";"Sensitivity | Current policies | Removed diesel efficiency gains";"Diesel"
"OPEX";"Taxes";"ES";"Excise Duty - Reduction biodiesel";"Rigid";"BAU";"%";2030;"0.5";"Sensitivity | Current policies | Removed diesel efficiency gains";"Diesel"
"OPEX";"Taxes";"ES";"Excise Duty - Reduction biodiesel";"Tractor-Trailer";"BAU";"%";2030;"0.5";"Sensitivity | Current policies | Removed diesel efficiency gains";"Diesel"
"OPEX";"Taxes";"ES";"Excise Duty - Reduction biodiesel";"Rigid";"PROG";"%";2030;"0.5";"Sensitivity | Current policies | Removed diesel efficiency gains";"Diesel"
"OPEX";"Taxes";"ES";"Excise Duty - Reduction biodiesel";"Tractor-Trailer";"PROG";"%";2030;"0.5";"Sensitivity | Current policies | Removed diesel efficiency gains";"Diesel"
"OPEX";"Taxes";"FR";"Excise Duty - Reduction biodiesel";"Rigid";"BAU";"%";2030;"0.5";"Sensitivity | Current policies | Removed diesel efficiency gains";"Diesel"
"OPEX";"Taxes";"FR";"Excise Duty - Reduction biodiesel";"Tractor-Trailer";"BAU";"%";2030;"0.5";"Sensitivity | Current policies | Removed diesel efficiency gains";"Diesel"
"OPEX";"Taxes";"FR";"Excise Duty - Reduction biodiesel";"Rigid";"PROG";"%";2030;"0.5";"Sensitivity | Current policies | Removed diesel efficiency gains";"Diesel"
"OPEX";"Taxes";"FR";"Excise Duty - Reduction biodiesel";"Tractor-Trailer";"PROG";"%";2030;"0.5";"Sensitivity | Current policies | Removed diesel efficiency gains";"Diesel"
"OPEX";"Taxes";"IT";"Excise Duty - Reduction biodiesel";"Rigid";"BAU";"%";2030;"0.5";"Sensitivity | Current policies | Removed diesel efficiency gains";"Diesel"
"OPEX";"Taxes";"IT";"Excise Duty - Reduction biodiesel";"Tractor-Trailer";"BAU";"%";2030;"0.5";"Sensitivity | Current policies | Removed diesel efficiency gains";"Diesel"
"OPEX";"Taxes";"IT";"Excise Duty - Reduction biodiesel";"Rigid";"PROG";"%";2030;"0.5";"Sensitivity | Current policies | Removed diesel efficiency gains";"Diesel"
"OPEX";"Taxes";"IT";"Excise Duty - Reduction biodiesel";"Tractor-Trailer";"PROG";"%";2030;"0.5";"Sensitivity | Current policies | Removed diesel efficiency gains";"Diesel"
"OPEX";"Taxes";"NL";"Excise Duty - Reduction biodiesel";"Rigid";"BAU";"%";2030;"0.5";"Sensitivity | Current policies | Removed diesel efficiency gains";"Diesel"
"OPEX";"Taxes";"NL";"Excise Duty - Reduction biodiesel";"Tractor-Trailer";"BAU";"%";2030;"0.5";"Sensitivity | Current policies | Removed diesel efficiency gains";"Diesel"
"OPEX";"Taxes";"NL";"Excise Duty - Reduction biodiesel";"Rigid";"PROG";"%";2030;"0.5";"Sensitivity | Current policies | Removed diesel efficiency gains";"Diesel"
"OPEX";"Taxes";"NL";"Excise Duty - Reduction biodiesel";"Tractor-Trailer";"PROG";"%";2030;"0.5";"Sensitivity | Current policies | Removed diesel efficiency gains";"Diesel"
"OPEX";"Taxes";"PL";"Excise Duty - Reduction biodiesel";"Rigid";"BAU";"%";2030;"0.5";"Sensitivity | Current policies | Removed diesel efficiency gains";"Diesel"
"OPEX";"Taxes";"PL";"Excise Duty - Reduction biodiesel";"Tractor-Trailer";"BAU";"%";2030;"0.5";"Sensitivity | Current policies | Removed diesel efficiency gains";"Diesel"
"OPEX";"Taxes";"PL";"Excise Duty - Reduction biodiesel";"Rigid";"PROG";"%";2030;"0.5";"Sensitivity | Current policies | Removed diesel efficiency gains";"Diesel"
"OPEX";"Taxes";"PL";"Excise Duty - Reduction biodiesel";"Tractor-Trailer";"PROG";"%";2030;"0.5";"Sensitivity | Current policies | Removed diesel efficiency gains";"Diesel"
"OPEX";"Taxes";"UK";"Excise Duty - Reduction biodiesel";"Rigid";"BAU";"%";2030;"0.5";"Sensitivity | Current policies | Removed diesel efficiency gains";"Diesel"
"OPEX";"Taxes";"UK";"Excise Duty - Reduction biodiesel";"Tractor-Trailer";"BAU";"%";2030;"0.5";"Sensitivity | Current policies | Removed diesel efficiency gains";"Diesel"
"OPEX";"Taxes";"UK";"Excise Duty - Reduction biodiesel";"Rigid";"PROG";"%";2030;"0.5";"Sensitivity | Current policies | Removed diesel efficiency gains";"Diesel"
"OPEX";"Taxes";"UK";"Excise Duty - Reduction biodiesel";"Tractor-Trailer";"PROG";"%";2030;"0.5";"Sensitivity | Current policies | Removed diesel efficiency gains";"Diesel"
"OPEX";"Taxes";"DE";"Excise Duty - Reduction Synthetic Diesel (E-Fuels)";"Rigid";"BAU";"%";2030;"0.5";"Sensitivity | Current policies | Removed diesel efficiency gains";"Diesel"
"OPEX";"Taxes";"DE";"Excise Duty - Reduction Synthetic Diesel (E-Fuels)";"Tractor-Trailer";"BAU";"%";2030;"0.5";"Sensitivity | Current policies | Removed diesel efficiency gains";"Diesel"
"OPEX";"Taxes";"DE";"Excise Duty - Reduction Synthetic Diesel (E-Fuels)";"Rigid";"PROG";"%";2030;"0.5";"Sensitivity | Current policies | Removed diesel efficiency gains";"Diesel"
"OPEX";"Taxes";"DE";"Excise Duty - Reduction Synthetic Diesel (E-Fuels)";"Tractor-Trailer";"PROG";"%";2030;"0.5";"Sensitivity | Current policies | Removed diesel efficiency gains";"Diesel"
"OPEX";"Taxes";"ES";"Excise Duty - Reduction Synthetic Diesel (E-Fuels)";"Rigid";"BAU";"%";2030;"0.5";"Sensitivity | Current policies | Removed diesel efficiency gains";"Diesel"
"OPEX";"Taxes";"ES";"Excise Duty - Reduction Synthetic Diesel (E-Fuels)";"Tractor-Trailer";"BAU";"%";2030;"0.5";"Sensitivity | Current policies | Removed diesel efficiency gains";"Diesel"
"OPEX";"Taxes";"ES";"Excise Duty - Reduction Synthetic Diesel (E-Fuels)";"Rigid";"PROG";"%";2030;"0.5";"Sensitivity | Current policies | Removed diesel efficiency gains";"Diesel"
"OPEX";"Taxes";"ES";"Excise Duty - Reduction Synthetic Diesel (E-Fuels)";"Tractor-Trailer";"PROG";"%";2030;"0.5";"Sensitivity | Current policies | Removed diesel efficiency gains";"Diesel"
"OPEX";"Taxes";"FR";"Excise Duty - Reduction Synthetic Diesel (E-Fuels)";"Rigid";"BAU";"%";2030;"0.5";"Sensitivity | Current policies | Removed diesel efficiency gains";"Diesel"
"OPEX";"Taxes";"FR";"Excise Duty - Reduction Synthetic Diesel (E-Fuels)";"Tractor-Trailer";"BAU";"%";2030;"0.5";"Sensitivity | Current policies | Removed diesel efficiency gains";"Diesel"
"OPEX";"Taxes";"FR";"Excise Duty - Reduction Synthetic Diesel (E-Fuels)";"Rigid";"PROG";"%";2030;"0.5";"Sensitivity | Current policies | Removed diesel efficiency gains";"Diesel"
"OPEX";"Taxes";"FR";"Excise Duty - Reduction Synthetic Diesel (E-Fuels)";"Tractor-Trailer";"PROG";"%";2030;"0.5";"Sensitivity | Current policies | Removed diesel efficiency gains";"Diesel"
"OPEX";"Taxes";"IT";"Excise Duty - Reduction Synthetic Diesel (E-Fuels)";"Rigid";"BAU";"%";2030;"0.5";"Sensitivity | Current policies | Removed diesel efficiency gains";"Diesel"
"OPEX";"Taxes";"IT";"Excise Duty - Reduction Synthetic Diesel (E-Fuels)";"Tractor-Trailer";"BAU";"%";2030;"0.5";"Sensitivity | Current policies | Removed diesel efficiency gains";"Diesel"
"OPEX";"Taxes";"IT";"Excise Duty - Reduction Synthetic Diesel (E-Fuels)";"Rigid";"PROG";"%";2030;"0.5";"Sensitivity | Current policies | Removed diesel efficiency gains";"Diesel"
"OPEX";"Taxes";"IT";"Excise Duty - Reduction Synthetic Diesel (E-Fuels)";"Tractor-Trailer";"PROG";"%";2030;"0.5";"Sensitivity | Current policies | Removed diesel efficiency gains";"Diesel"
"OPEX";"Taxes";"NL";"Excise Duty - Reduction Synthetic Diesel (E-Fuels)";"Rigid";"BAU";"%";2030;"0.5";"Sensitivity | Current policies | Removed diesel efficiency gains";"Diesel"
"OPEX";"Taxes";"NL";"Excise Duty - Reduction Synthetic Diesel (E-Fuels)";"Tractor-Trailer";"BAU";"%";2030;"0.5";"Sensitivity | Current policies | Removed diesel efficiency gains";"Diesel"
"OPEX";"Taxes";"NL";"Excise Duty - Reduction Synthetic Diesel (E-Fuels)";"Rigid";"PROG";"%";2030;"0.5";"Sensitivity | Current policies | Removed diesel efficiency gains";"Diesel"
"OPEX";"Taxes";"NL";"Excise Duty - Reduction Synthetic Diesel (E-Fuels)";"Tractor-Trailer";"PROG";"%";2030;"0.5";"Sensitivity | Current policies | Removed diesel efficiency gains";"Diesel"
"OPEX";"Taxes";"PL";"Excise Duty - Reduction Synthetic Diesel (E-Fuels)";"Rigid";"BAU";"%";2030;"0.5";"Sensitivity | Current policies | Removed diesel efficiency gains";"Diesel"
"OPEX";"Taxes";"PL";"Excise Duty - Reduction Synthetic Diesel (E-Fuels)";"Tractor-Trailer";"BAU";"%";2030;"0.5";"Sensitivity | Current policies | Removed diesel efficiency gains";"Diesel"
"OPEX";"Taxes";"PL";"Excise Duty - Reduction Synthetic Diesel (E-Fuels)";"Rigid";"PROG";"%";2030;"0.5";"Sensitivity | Current policies | Removed diesel efficiency gains";"Diesel"
"OPEX";"Taxes";"PL";"Excise Duty - Reduction Synthetic Diesel (E-Fuels)";"Tractor-Trailer";"PROG";"%";2030;"0.5";"Sensitivity | Current policies | Removed diesel efficiency gains";"Diesel"
"OPEX";"Taxes";"UK";"Excise Duty - Reduction Synthetic Diesel (E-Fuels)";"Rigid";"BAU";"%";2030;"0.5";"Sensitivity | Current policies | Removed diesel efficiency gains";"Diesel"
"OPEX";"Taxes";"UK";"Excise Duty - Reduction Synthetic Diesel (E-Fuels)";"Tractor-Trailer";"BAU";"%";2030;"0.5";"Sensitivity | Current policies | Removed diesel efficiency gains";"Diesel"
"OPEX";"Taxes";"UK";"Excise Duty - Reduction Synthetic Diesel (E-Fuels)";"Rigid";"PROG";"%";2030;"0.5";"Sensitivity | Current policies | Removed diesel efficiency gains";"Diesel"
"OPEX";"Taxes";"UK";"Excise Duty - Reduction Synthetic Diesel (E-Fuels)";"Tractor-Trailer";"PROG";"%";2030;"0.5";"Sensitivity | Current policies | Removed diesel efficiency gains";"Diesel"
"OPEX";"Taxes";"DE";"Taxes, Fees, Levies and charges - H2";"Rigid";"BAU";"EUR/kWh";2030;"0.015";"Sensitivity | Current policies | Removed diesel efficiency gains";"Hydrogen"
"OPEX";"Taxes";"DE";"Taxes, Fees, Levies and charges - H2";"Tractor-Trailer";"BAU";"EUR/kWh";2030;"0.015";"Sensitivity | Current policies | Removed diesel efficiency gains";"Hydrogen"
"OPEX";"Taxes";"DE";"Taxes, Fees, Levies and charges - H2";"Rigid";"PROG";"EUR/kWh";2030;"0.015";"Sensitivity | Current policies | Removed diesel efficiency gains";"Hydrogen"
"OPEX";"Taxes";"DE";"Taxes, Fees, Levies and charges - H2";"Tractor-Trailer";"PROG";"EUR/kWh";2030;"0.015";"Sensitivity | Current policies | Removed diesel efficiency gains";"Hydrogen"
"OPEX";"Taxes";"ES";"Taxes, Fees, Levies and charges - H2";"Rigid";"BAU";"EUR/kWh";2030;"0.008";"Sensitivity | Current policies | Removed diesel efficiency gains";"Hydrogen"
"OPEX";"Taxes";"ES";"Taxes, Fees, Levies and charges - H2";"Tractor-Trailer";"BAU";"EUR/kWh";2030;"0.008";"Sensitivity | Current policies | Removed diesel efficiency gains";"Hydrogen"
"OPEX";"Taxes";"ES";"Taxes, Fees, Levies and charges - H2";"Rigid";"PROG";"EUR/kWh";2030;"0.008";"Sensitivity | Current policies | Removed diesel efficiency gains";"Hydrogen"
"OPEX";"Taxes";"ES";"Taxes, Fees, Levies and charges - H2";"Tractor-Trailer";"PROG";"EUR/kWh";2030;"0.008";"Sensitivity | Current policies | Removed diesel efficiency gains";"Hydrogen"
"OPEX";"Taxes";"FR";"Taxes, Fees, Levies and charges - H2";"Rigid";"BAU";"EUR/kWh";2030;"0.012";"Sensitivity | Current policies | Removed diesel efficiency gains";"Hydrogen"
"OPEX";"Taxes";"FR";"Taxes, Fees, Levies and charges - H2";"Tractor-Trailer";"BAU";"EUR/kWh";2030;"0.012";"Sensitivity | Current policies | Removed diesel efficiency gains";"Hydrogen"
"OPEX";"Taxes";"FR";"Taxes, Fees, Levies and charges - H2";"Rigid";"PROG";"EUR/kWh";2030;"0.012";"Sensitivity | Current policies | Removed diesel efficiency gains";"Hydrogen"
"OPEX";"Taxes";"FR";"Taxes, Fees, Levies and charges - H2";"Tractor-Trailer";"PROG";"EUR/kWh";2030;"0.012";"Sensitivity | Current policies | Removed diesel efficiency gains";"Hydrogen"
"OPEX";"Taxes";"IT";"Taxes, Fees, Levies and charges - H2";"Rigid";"BAU";"EUR/kWh";2030;"0.009";"Sensitivity | Current policies | Removed diesel efficiency gains";"Hydrogen"
"OPEX";"Taxes";"IT";"Taxes, Fees, Levies and charges - H2";"Tractor-Trailer";"BAU";"EUR/kWh";2030;"0.009";"Sensitivity | Current policies | Removed diesel efficiency gains";"Hydrogen"
"OPEX";"Taxes";"IT";"Taxes, Fees, Levies and charges - H2";"Rigid";"PROG";"EUR/kWh";2030;"0.009";"Sensitivity | Current policies | Removed diesel efficiency gains";"Hydrogen"
"OPEX";"Taxes";"IT";"Taxes, Fees, Levies and charges - H2";"Tractor-Trailer";"PROG";"EUR/kWh";2030;"0.009";"Sensitivity | Current policies | Removed diesel efficiency gains";"Hydrogen"
"OPEX";"Taxes";"NL";"Taxes, Fees, Levies and charges - H2";"Rigid";"BAU";"EUR/kWh";2030;"0.024";"Sensitivity | Current policies | Removed diesel efficiency gains";"Hydrogen"
"OPEX";"Taxes";"NL";"Taxes, Fees, Levies and charges - H2";"Tractor-Trailer";"BAU";"EUR/kWh";2030;"0.024";"Sensitivity | Current policies | Removed diesel efficiency gains";"Hydrogen"
"OPEX";"Taxes";"NL";"Taxes, Fees, Levies and charges - H2";"Rigid";"PROG";"EUR/kWh";2030;"0.024";"Sensitivity | Current policies | Removed diesel efficiency gains";"Hydrogen"
"OPEX";"Taxes";"NL";"Taxes, Fees, Levies and charges - H2";"Tractor-Trailer";"PROG";"EUR/kWh";2030;"0.024";"Sensitivity | Current policies | Removed diesel efficiency gains";"Hydrogen"
"OPEX";"Taxes";"PL";"Taxes, Fees, Levies and charges - H2";"Rigid";"BAU";"EUR/kWh";2030;"0.009";"Sensitivity | Current policies | Removed diesel efficiency gains";"Hydrogen"
"OPEX";"Taxes";"PL";"Taxes, Fees, Levies and charges - H2";"Tractor-Trailer";"BAU";"EUR/kWh";2030;"0.009";"Sensitivity | Current policies | Removed diesel efficiency gains";"Hydrogen"
"OPEX";"Taxes";"PL";"Taxes, Fees, Levies and charges - H2";"Rigid";"PROG";"EUR/kWh";2030;"0.009";"Sensitivity | Current policies | Removed diesel efficiency gains";"Hydrogen"
"OPEX";"Taxes";"PL";"Taxes, Fees, Levies and charges - H2";"Tractor-Trailer";"PROG";"EUR/kWh";2030;"0.009";"Sensitivity | Current policies | Removed diesel efficiency gains";"Hydrogen"
"OPEX";"Taxes";"UK";"Taxes, Fees, Levies and charges - H2";"Rigid";"BAU";"EUR/kWh";2030;"0.006";"Sensitivity | Current policies | Removed diesel efficiency gains";"Hydrogen"
"OPEX";"Taxes";"UK";"Taxes, Fees, Levies and charges - H2";"Tractor-Trailer";"BAU";"EUR/kWh";2030;"0.006";"Sensitivity | Current policies | Removed diesel efficiency gains";"Hydrogen"
"OPEX";"Taxes";"UK";"Taxes, Fees, Levies and charges - H2";"Rigid";"PROG";"EUR/kWh";2030;"0.006";"Sensitivity | Current policies | Removed diesel efficiency gains";"Hydrogen"
"OPEX";"Taxes";"UK";"Taxes, Fees, Levies and charges - H2";"Tractor-Trailer";"PROG";"EUR/kWh";2030;"0.006";"Sensitivity | Current policies | Removed diesel efficiency gains";"Hydrogen"
"OPEX";"Charging Infrastructure";"DE";"MCS grid extension";"Rigid";"PROG";"EUR/kWh";2030;"0.075";"Sensitivity | Current policies | Removed diesel efficiency gains";"Electricity"
"OPEX";"Charging Infrastructure";"DE";"MCS grid extension";"Tractor-Trailer";"PROG";"EUR/kWh";2030;"0.075";"Sensitivity | Current policies | Removed diesel efficiency gains";"Electricity"
"OPEX";"Charging Infrastructure";"DE";"MCS grid extension";"Rigid";"BAU";"EUR/kWh";2030;"0.075";"Sensitivity | Current policies | Removed diesel efficiency gains";"Electricity"
"OPEX";"Charging Infrastructure";"DE";"MCS grid extension";"Tractor-Trailer";"BAU";"EUR/kWh";2030;"0.075";"Sensitivity | Current policies | Removed diesel efficiency gains";"Electricity"
"OPEX";"Charging Infrastructure";"ES";"MCS grid extension";"Rigid";"PROG";"EUR/kWh";2030;"0.075";"Sensitivity | Current policies | Removed diesel efficiency gains";"Electricity"
"OPEX";"Charging Infrastructure";"ES";"MCS grid extension";"Tractor-Trailer";"PROG";"EUR/kWh";2030;"0.075";"Sensitivity | Current policies | Removed diesel efficiency gains";"Electricity"
"OPEX";"Charging Infrastructure";"ES";"MCS grid extension";"Rigid";"BAU";"EUR/kWh";2030;"0.075";"Sensitivity | Current policies | Removed diesel efficiency gains";"Electricity"
"OPEX";"Charging Infrastructure";"ES";"MCS grid extension";"Tractor-Trailer";"BAU";"EUR/kWh";2030;"0.075";"Sensitivity | Current policies | Removed diesel efficiency gains";"Electricity"
"OPEX";"Charging Infrastructure";"FR";"MCS grid extension";"Rigid";"PROG";"EUR/kWh";2030;"0.075";"Sensitivity | Current policies | Removed diesel efficiency gains";"Electricity"
"OPEX";"Charging Infrastructure";"FR";"MCS grid extension";"Tractor-Trailer";"PROG";"EUR/kWh";2030;"0.075";"Sensitivity | Current policies | Removed diesel efficiency gains";"Electricity"
"OPEX";"Charging Infrastructure";"FR";"MCS grid extension";"Rigid";"BAU";"EUR/kWh";2030;"0.075";"Sensitivity | Current policies | Removed diesel efficiency gains";"Electricity"
"OPEX";"Charging Infrastructure";"FR";"MCS grid extension";"Tractor-Trailer";"BAU";"EUR/kWh";2030;"0.075";"Sensitivity | Current policies | Removed diesel efficiency gains";"Electricity"
"OPEX";"Charging Infrastructure";"IT";"MCS grid extension";"Rigid";"PROG";"EUR/kWh";2030;"0.075";"Sensitivity | Current policies | Removed diesel efficiency gains";"Electricity"
"OPEX";"Charging Infrastructure";"IT";"MCS grid extension";"Tractor-Trailer";"PROG";"EUR/kWh";2030;"0.075";"Sensitivity | Current policies | Removed diesel efficiency gains";"Electricity"
"OPEX";"Charging Infrastructure";"IT";"MCS grid extension";"Rigid";"BAU";"EUR/kWh";2030;"0.075";"Sensitivity | Current policies | Removed diesel efficiency gains";"Electricity"
"OPEX";"Charging Infrastructure";"IT";"MCS grid extension";"Tractor-Trailer";"BAU";"EUR/kWh";2030;"0.075";"Sensitivity | Current policies | Removed diesel efficiency gains";"Electricity"
"OPEX";"Charging Infrastructure";"NL";"MCS grid extension";"Rigid";"PROG";"EUR/kWh";2030;"0.075";"Sensitivity | Current policies | Removed diesel efficiency gains";"Electricity"
"OPEX";"Charging Infrastructure";"NL";"MCS grid extension";"Tractor-Trailer";"PROG";"EUR/kWh";2030;"0.075";"Sensitivity | Current policies | Removed diesel efficiency gains";"Electricity"
"OPEX";"Charging Infrastructure";"NL";"MCS grid extension";"Rigid";"BAU";"EUR/kWh";2030;"0.075";"Sensitivity | Current policies | Removed diesel efficiency gains";"Electricity"
"OPEX";"Charging Infrastructure";"NL";"MCS grid extension";"Tractor-Trailer";"BAU";"EUR/kWh";2030;"0.075";"Sensitivity | Current policies | Removed diesel efficiency gains";"Electricity"
"OPEX";"Charging Infrastructure";"PL";"MCS grid extension";"Rigid";"PROG";"EUR/kWh";2030;"0.075";"Sensitivity | Current policies | Removed diesel efficiency gains";"Electricity"
"OPEX";"Charging Infrastructure";"PL";"MCS grid extension";"Tractor-Trailer";"PROG";"EUR/kWh";2030;"0.075";"Sensitivity | Current policies | Removed diesel efficiency gains";"Electricity"
"OPEX";"Charging Infrastructure";"PL";"MCS grid extension";"Rigid";"BAU";"EUR/kWh";2030;"0.075";"Sensitivity | Current policies | Removed diesel efficiency gains";"Electricity"
"OPEX";"Charging Infrastructure";"PL";"MCS grid extension";"Tractor-Trailer";"BAU";"EUR/kWh";2030;"0.075";"Sensitivity | Current policies | Removed diesel efficiency gains";"Electricity"
"OPEX";"Charging Infrastructure";"UK";"MCS grid extension";"Rigid";"PROG";"EUR/kWh";2030;"0.075";"Sensitivity | Current policies | Removed diesel efficiency gains";"Electricity"
"OPEX";"Charging Infrastructure";"UK";"MCS grid extension";"Tractor-Trailer";"PROG";"EUR/kWh";2030;"0.075";"Sensitivity | Current policies | Removed diesel efficiency gains";"Electricity"
"OPEX";"Charging Infrastructure";"UK";"MCS grid extension";"Rigid";"BAU";"EUR/kWh";2030;"0.075";"Sensitivity | Current policies | Removed diesel efficiency gains";"Electricity"
"OPEX";"Charging Infrastructure";"UK";"MCS grid extension";"Tractor-Trailer";"BAU";"EUR/kWh";2030;"0.075";"Sensitivity | Current policies | Removed diesel efficiency gains";"Electricity"
"OPEX";"Charging Infrastructure";"DE";"MCS Profit and Mark-Up";"Rigid";"PROG";"%";2030;"0.1";"Sensitivity | Current policies | Removed diesel efficiency gains";"Electricity"
"OPEX";"Charging Infrastructure";"DE";"MCS Profit and Mark-Up";"Tractor-Trailer";"PROG";"%";2030;"0.1";"Sensitivity | Current policies | Removed diesel efficiency gains";"Electricity"
"OPEX";"Charging Infrastructure";"DE";"MCS Profit and Mark-Up";"Rigid";"BAU";"%";2030;"0.1";"Sensitivity | Current policies | Removed diesel efficiency gains";"Electricity"
"OPEX";"Charging Infrastructure";"DE";"MCS Profit and Mark-Up";"Tractor-Trailer";"BAU";"%";2030;"0.1";"Sensitivity | Current policies | Removed diesel efficiency gains";"Electricity"
"OPEX";"Charging Infrastructure";"ES";"MCS Profit and Mark-Up";"Rigid";"PROG";"%";2030;"0.1";"Sensitivity | Current policies | Removed diesel efficiency gains";"Electricity"
"OPEX";"Charging Infrastructure";"ES";"MCS Profit and Mark-Up";"Tractor-Trailer";"PROG";"%";2030;"0.1";"Sensitivity | Current policies | Removed diesel efficiency gains";"Electricity"
"OPEX";"Charging Infrastructure";"ES";"MCS Profit and Mark-Up";"Rigid";"BAU";"%";2030;"0.1";"Sensitivity | Current policies | Removed diesel efficiency gains";"Electricity"
"OPEX";"Charging Infrastructure";"ES";"MCS Profit and Mark-Up";"Tractor-Trailer";"BAU";"%";2030;"0.1";"Sensitivity | Current policies | Removed diesel efficiency gains";"Electricity"
"OPEX";"Charging Infrastructure";"FR";"MCS Profit and Mark-Up";"Rigid";"PROG";"%";2030;"0.1";"Sensitivity | Current policies | Removed diesel efficiency gains";"Electricity"
"OPEX";"Charging Infrastructure";"FR";"MCS Profit and Mark-Up";"Tractor-Trailer";"PROG";"%";2030;"0.1";"Sensitivity | Current policies | Removed diesel efficiency gains";"Electricity"
"OPEX";"Charging Infrastructure";"FR";"MCS Profit and Mark-Up";"Rigid";"BAU";"%";2030;"0.1";"Sensitivity | Current policies | Removed diesel efficiency gains";"Electricity"
"OPEX";"Charging Infrastructure";"FR";"MCS Profit and Mark-Up";"Tractor-Trailer";"BAU";"%";2030;"0.1";"Sensitivity | Current policies | Removed diesel efficiency gains";"Electricity"
"OPEX";"Charging Infrastructure";"IT";"MCS Profit and Mark-Up";"Rigid";"PROG";"%";2030;"0.1";"Sensitivity | Current policies | Removed diesel efficiency gains";"Electricity"
"OPEX";"Charging Infrastructure";"IT";"MCS Profit and Mark-Up";"Tractor-Trailer";"PROG";"%";2030;"0.1";"Sensitivity | Current policies | Removed diesel efficiency gains";"Electricity"
"OPEX";"Charging Infrastructure";"IT";"MCS Profit and Mark-Up";"Rigid";"BAU";"%";2030;"0.1";"Sensitivity | Current policies | Removed diesel efficiency gains";"Electricity"
"OPEX";"Charging Infrastructure";"IT";"MCS Profit and Mark-Up";"Tractor-Trailer";"BAU";"%";2030;"0.1";"Sensitivity | Current policies | Removed diesel efficiency gains";"Electricity"
"OPEX";"Charging Infrastructure";"NL";"MCS Profit and Mark-Up";"Rigid";"PROG";"%";2030;"0.1";"Sensitivity | Current policies | Removed diesel efficiency gains";"Electricity"
"OPEX";"Charging Infrastructure";"NL";"MCS Profit and Mark-Up";"Tractor-Trailer";"PROG";"%";2030;"0.1";"Sensitivity | Current policies | Removed diesel efficiency gains";"Electricity"
"OPEX";"Charging Infrastructure";"NL";"MCS Profit and Mark-Up";"Rigid";"BAU";"%";2030;"0.1";"Sensitivity | Current policies | Removed diesel efficiency gains";"Electricity"
"OPEX";"Charging Infrastructure";"NL";"MCS Profit and Mark-Up";"Tractor-Trailer";"BAU";"%";2030;"0.1";"Sensitivity | Current policies | Removed diesel efficiency gains";"Electricity"
"OPEX";"Charging Infrastructure";"PL";"MCS Profit and Mark-Up";"Rigid";"PROG";"%";2030;"0.1";"Sensitivity | Current policies | Removed diesel efficiency gains";"Electricity"
"OPEX";"Charging Infrastructure";"PL";"MCS Profit and Mark-Up";"Tractor-Trailer";"PROG";"%";2030;"0.1";"Sensitivity | Current policies | Removed diesel efficiency gains";"Electricity"
"OPEX";"Charging Infrastructure";"PL";"MCS Profit and Mark-Up";"Rigid";"BAU";"%";2030;"0.1";"Sensitivity | Current policies | Removed diesel efficiency gains";"Electricity"
"OPEX";"Charging Infrastructure";"PL";"MCS Profit and Mark-Up";"Tractor-Trailer";"BAU";"%";2030;"0.1";"Sensitivity | Current policies | Removed diesel efficiency gains";"Electricity"
"OPEX";"Charging Infrastructure";"UK";"MCS Profit and Mark-Up";"Rigid";"PROG";"%";2030;"0.1";"Sensitivity | Current policies | Removed diesel efficiency gains";"Electricity"
"OPEX";"Charging Infrastructure";"UK";"MCS Profit and Mark-Up";"Tractor-Trailer";"PROG";"%";2030;"0.1";"Sensitivity | Current policies | Removed diesel efficiency gains";"Electricity"
"OPEX";"Charging Infrastructure";"UK";"MCS Profit and Mark-Up";"Rigid";"BAU";"%";2030;"0.1";"Sensitivity | Current policies | Removed diesel efficiency gains";"Electricity"
"OPEX";"Charging Infrastructure";"UK";"MCS Profit and Mark-Up";"Tractor-Trailer";"BAU";"%";2030;"0.1";"Sensitivity | Current policies | Removed diesel efficiency gains";"Electricity"
"OPEX";"Charging Infrastructure";"DE";"CCS Station (Depot) - Incl. Overhead";"Rigid";"PROG";"EUR/kWh";2030;"0.029";"Sensitivity | Current policies | Removed diesel efficiency gains";"Electricity"
"OPEX";"Charging Infrastructure";"DE";"CCS Station (Depot) - Incl. Overhead";"Tractor-Trailer";"PROG";"EUR/kWh";2030;"0.029";"Sensitivity | Current policies | Removed diesel efficiency gains";"Electricity"
"OPEX";"Charging Infrastructure";"DE";"CCS Station (Depot) - Incl. Overhead";"Rigid";"BAU";"EUR/kWh";2030;"0.029";"Sensitivity | Current policies | Removed diesel efficiency gains";"Electricity"
"OPEX";"Charging Infrastructure";"DE";"CCS Station (Depot) - Incl. Overhead";"Tractor-Trailer";"BAU";"EUR/kWh";2030;"0.029";"Sensitivity | Current policies | Removed diesel efficiency gains";"Electricity"
"OPEX";"Charging Infrastructure";"ES";"CCS Station (Depot) - Incl. Overhead";"Rigid";"PROG";"EUR/kWh";2030;"0.029";"Sensitivity | Current policies | Removed diesel efficiency gains";"Electricity"
"OPEX";"Charging Infrastructure";"ES";"CCS Station (Depot) - Incl. Overhead";"Tractor-Trailer";"PROG";"EUR/kWh";2030;"0.029";"Sensitivity | Current policies | Removed diesel efficiency gains";"Electricity"
"OPEX";"Charging Infrastructure";"ES";"CCS Station (Depot) - Incl. Overhead";"Rigid";"BAU";"EUR/kWh";2030;"0.029";"Sensitivity | Current policies | Removed diesel efficiency gains";"Electricity"
"OPEX";"Charging Infrastructure";"ES";"CCS Station (Depot) - Incl. Overhead";"Tractor-Trailer";"BAU";"EUR/kWh";2030;"0.029";"Sensitivity | Current policies | Removed diesel efficiency gains";"Electricity"
"OPEX";"Charging Infrastructure";"FR";"CCS Station (Depot) - Incl. Overhead";"Rigid";"PROG";"EUR/kWh";2030;"0.029";"Sensitivity | Current policies | Removed diesel efficiency gains";"Electricity"
"OPEX";"Charging Infrastructure";"FR";"CCS Station (Depot) - Incl. Overhead";"Tractor-Trailer";"PROG";"EUR/kWh";2030;"0.029";"Sensitivity | Current policies | Removed diesel efficiency gains";"Electricity"
"OPEX";"Charging Infrastructure";"FR";"CCS Station (Depot) - Incl. Overhead";"Rigid";"BAU";"EUR/kWh";2030;"0.029";"Sensitivity | Current policies | Removed diesel efficiency gains";"Electricity"
"OPEX";"Charging Infrastructure";"FR";"CCS Station (Depot) - Incl. Overhead";"Tractor-Trailer";"BAU";"EUR/kWh";2030;"0.029";"Sensitivity | Current policies | Removed diesel efficiency gains";"Electricity"
"OPEX";"Charging Infrastructure";"IT";"CCS Station (Depot) - Incl. Overhead";"Rigid";"PROG";"EUR/kWh";2030;"0.029";"Sensitivity | Current policies | Removed diesel efficiency gains";"Electricity"
"OPEX";"Charging Infrastructure";"IT";"CCS Station (Depot) - Incl. Overhead";"Tractor-Trailer";"PROG";"EUR/kWh";2030;"0.029";"Sensitivity | Current policies | Removed diesel efficiency gains";"Electricity"
"OPEX";"Charging Infrastructure";"IT";"CCS Station (Depot) - Incl. Overhead";"Rigid";"BAU";"EUR/kWh";2030;"0.029";"Sensitivity | Current policies | Removed diesel efficiency gains";"Electricity"
"OPEX";"Charging Infrastructure";"IT";"CCS Station (Depot) - Incl. Overhead";"Tractor-Trailer";"BAU";"EUR/kWh";2030;"0.029";"Sensitivity | Current policies | Removed diesel efficiency gains";"Electricity"
"OPEX";"Charging Infrastructure";"NL";"CCS Station (Depot) - Incl. Overhead";"Rigid";"PROG";"EUR/kWh";2030;"0.029";"Sensitivity | Current policies | Removed diesel efficiency gains";"Electricity"
"OPEX";"Charging Infrastructure";"NL";"CCS Station (Depot) - Incl. Overhead";"Tractor-Trailer";"PROG";"EUR/kWh";2030;"0.029";"Sensitivity | Current policies | Removed diesel efficiency gains";"Electricity"
"OPEX";"Charging Infrastructure";"NL";"CCS Station (Depot) - Incl. Overhead";"Rigid";"BAU";"EUR/kWh";2030;"0.029";"Sensitivity | Current policies | Removed diesel efficiency gains";"Electricity"
"OPEX";"Charging Infrastructure";"NL";"CCS Station (Depot) - Incl. Overhead";"Tractor-Trailer";"BAU";"EUR/kWh";2030;"0.029";"Sensitivity | Current policies | Removed diesel efficiency gains";"Electricity"
"OPEX";"Charging Infrastructure";"PL";"CCS Station (Depot) - Incl. Overhead";"Rigid";"PROG";"EUR/kWh";2030;"0.029";"Sensitivity | Current policies | Removed diesel efficiency gains";"Electricity"
"OPEX";"Charging Infrastructure";"PL";"CCS Station (Depot) - Incl. Overhead";"Tractor-Trailer";"PROG";"EUR/kWh";2030;"0.029";"Sensitivity | Current policies | Removed diesel efficiency gains";"Electricity"
"OPEX";"Charging Infrastructure";"PL";"CCS Station (Depot) - Incl. Overhead";"Rigid";"BAU";"EUR/kWh";2030;"0.029";"Sensitivity | Current policies | Removed diesel efficiency gains";"Electricity"
"OPEX";"Charging Infrastructure";"PL";"CCS Station (Depot) - Incl. Overhead";"Tractor-Trailer";"BAU";"EUR/kWh";2030;"0.029";"Sensitivity | Current policies | Removed diesel efficiency gains";"Electricity"
"OPEX";"Charging Infrastructure";"UK";"CCS Station (Depot) - Incl. Overhead";"Rigid";"PROG";"EUR/kWh";2030;"0.029";"Sensitivity | Current policies | Removed diesel efficiency gains";"Electricity"
"OPEX";"Charging Infrastructure";"UK";"CCS Station (Depot) - Incl. Overhead";"Tractor-Trailer";"PROG";"EUR/kWh";2030;"0.029";"Sensitivity | Current policies | Removed diesel efficiency gains";"Electricity"
"OPEX";"Charging Infrastructure";"UK";"CCS Station (Depot) - Incl. Overhead";"Rigid";"BAU";"EUR/kWh";2030;"0.029";"Sensitivity | Current policies | Removed diesel efficiency gains";"Electricity"
"OPEX";"Charging Infrastructure";"UK";"CCS Station (Depot) - Incl. Overhead";"Tractor-Trailer";"BAU";"EUR/kWh";2030;"0.029";"Sensitivity | Current policies | Removed diesel efficiency gains";"Electricity"
"OPEX";"Charging Infrastructure";"DE";"CCS grid extension";"Rigid";"PROG";"EUR/kWh";2030;"0.045";"Sensitivity | Current policies | Removed diesel efficiency gains";"Electricity"
"OPEX";"Charging Infrastructure";"DE";"CCS grid extension";"Tractor-Trailer";"PROG";"EUR/kWh";2030;"0.045";"Sensitivity | Current policies | Removed diesel efficiency gains";"Electricity"
"OPEX";"Charging Infrastructure";"DE";"CCS grid extension";"Rigid";"BAU";"EUR/kWh";2030;"0.045";"Sensitivity | Current policies | Removed diesel efficiency gains";"Electricity"
"OPEX";"Charging Infrastructure";"DE";"CCS grid extension";"Tractor-Trailer";"BAU";"EUR/kWh";2030;"0.045";"Sensitivity | Current policies | Removed diesel efficiency gains";"Electricity"
"OPEX";"Charging Infrastructure";"ES";"CCS grid extension";"Rigid";"PROG";"EUR/kWh";2030;"0.045";"Sensitivity | Current policies | Removed diesel efficiency gains";"Electricity"
"OPEX";"Charging Infrastructure";"ES";"CCS grid extension";"Tractor-Trailer";"PROG";"EUR/kWh";2030;"0.045";"Sensitivity | Current policies | Removed diesel efficiency gains";"Electricity"
"OPEX";"Charging Infrastructure";"ES";"CCS grid extension";"Rigid";"BAU";"EUR/kWh";2030;"0.045";"Sensitivity | Current policies | Removed diesel efficiency gains";"Electricity"
"OPEX";"Charging Infrastructure";"ES";"CCS grid extension";"Tractor-Trailer";"BAU";"EUR/kWh";2030;"0.045";"Sensitivity | Current policies | Removed diesel efficiency gains";"Electricity"
"OPEX";"Charging Infrastructure";"FR";"CCS grid extension";"Rigid";"PROG";"EUR/kWh";2030;"0.045";"Sensitivity | Current policies | Removed diesel efficiency gains";"Electricity"
"OPEX";"Charging Infrastructure";"FR";"CCS grid extension";"Tractor-Trailer";"PROG";"EUR/kWh";2030;"0.045";"Sensitivity | Current policies | Removed diesel efficiency gains";"Electricity"
"OPEX";"Charging Infrastructure";"FR";"CCS grid extension";"Rigid";"BAU";"EUR/kWh";2030;"0.045";"Sensitivity | Current policies | Removed diesel efficiency gains";"Electricity"
"OPEX";"Charging Infrastructure";"FR";"CCS grid extension";"Tractor-Trailer";"BAU";"EUR/kWh";2030;"0.045";"Sensitivity | Current policies | Removed diesel efficiency gains";"Electricity"
"OPEX";"Charging Infrastructure";"IT";"CCS grid extension";"Rigid";"PROG";"EUR/kWh";2030;"0.045";"Sensitivity | Current policies | Removed diesel efficiency gains";"Electricity"
"OPEX";"Charging Infrastructure";"IT";"CCS grid extension";"Tractor-Trailer";"PROG";"EUR/kWh";2030;"0.045";"Sensitivity | Current policies | Removed diesel efficiency gains";"Electricity"
"OPEX";"Charging Infrastructure";"IT";"CCS grid extension";"Rigid";"BAU";"EUR/kWh";2030;"0.045";"Sensitivity | Current policies | Removed diesel efficiency gains";"Electricity"
"OPEX";"Charging Infrastructure";"IT";"CCS grid extension";"Tractor-Trailer";"BAU";"EUR/kWh";2030;"0.045";"Sensitivity | Current policies | Removed diesel efficiency gains";"Electricity"
"OPEX";"Charging Infrastructure";"NL";"CCS grid extension";"Rigid";"PROG";"EUR/kWh";2030;"0.045";"Sensitivity | Current policies | Removed diesel efficiency gains";"Electricity"
"OPEX";"Charging Infrastructure";"NL";"CCS grid extension";"Tractor-Trailer";"PROG";"EUR/kWh";2030;"0.045";"Sensitivity | Current policies | Removed diesel efficiency gains";"Electricity"
"OPEX";"Charging Infrastructure";"NL";"CCS grid extension";"Rigid";"BAU";"EUR/kWh";2030;"0.045";"Sensitivity | Current policies | Removed diesel efficiency gains";"Electricity"
"OPEX";"Charging Infrastructure";"NL";"CCS grid extension";"Tractor-Trailer";"BAU";"EUR/kWh";2030;"0.045";"Sensitivity | Current policies | Removed diesel efficiency gains";"Electricity"
"OPEX";"Charging Infrastructure";"PL";"CCS grid extension";"Rigid";"PROG";"EUR/kWh";2030;"0.045";"Sensitivity | Current policies | Removed diesel efficiency gains";"Electricity"
"OPEX";"Charging Infrastructure";"PL";"CCS grid extension";"Tractor-Trailer";"PROG";"EUR/kWh";2030;"0.045";"Sensitivity | Current policies | Removed diesel efficiency gains";"Electricity"
"OPEX";"Charging Infrastructure";"PL";"CCS grid extension";"Rigid";"BAU";"EUR/kWh";2030;"0.045";"Sensitivity | Current policies | Removed diesel efficiency gains";"Electricity"
"OPEX";"Charging Infrastructure";"PL";"CCS grid extension";"Tractor-Trailer";"BAU";"EUR/kWh";2030;"0.045";"Sensitivity | Current policies | Removed diesel efficiency gains";"Electricity"
"OPEX";"Charging Infrastructure";"UK";"CCS grid extension";"Rigid";"PROG";"EUR/kWh";2030;"0.045";"Sensitivity | Current policies | Removed diesel efficiency gains";"Electricity"
"OPEX";"Charging Infrastructure";"UK";"CCS grid extension";"Tractor-Trailer";"PROG";"EUR/kWh";2030;"0.045";"Sensitivity | Current policies | Removed diesel efficiency gains";"Electricity"
"OPEX";"Charging Infrastructure";"UK";"CCS grid extension";"Rigid";"BAU";"EUR/kWh";2030;"0.045";"Sensitivity | Current policies | Removed diesel efficiency gains";"Electricity"
"OPEX";"Charging Infrastructure";"UK";"CCS grid extension";"Tractor-Trailer";"BAU";"EUR/kWh";2030;"0.045";"Sensitivity | Current policies | Removed diesel efficiency gains";"Electricity"
"OPEX";"Diesel Infrastructure";"DE";"Total Diesel Mark-Up";"Rigid";"BAU";"EUR/kWh";2030;"0.018";"Sensitivity | Current policies | Removed diesel efficiency gains";"Diesel"
"OPEX";"Diesel Infrastructure";"DE";"Total Diesel Mark-Up";"Tractor-Trailer";"BAU";"EUR/kWh";2030;"0.018";"Sensitivity | Current policies | Removed diesel efficiency gains";"Diesel"
"OPEX";"Diesel Infrastructure";"DE";"Total Diesel Mark-Up";"Rigid";"PROG";"EUR/kWh";2030;"0.018";"Sensitivity | Current policies | Removed diesel efficiency gains";"Diesel"
"OPEX";"Diesel Infrastructure";"DE";"Total Diesel Mark-Up";"Tractor-Trailer";"PROG";"EUR/kWh";2030;"0.018";"Sensitivity | Current policies | Removed diesel efficiency gains";"Diesel"
"OPEX";"Diesel Infrastructure";"ES";"Total Diesel Mark-Up";"Rigid";"BAU";"EUR/kWh";2030;"0.018";"Sensitivity | Current policies | Removed diesel efficiency gains";"Diesel"
"OPEX";"Diesel Infrastructure";"ES";"Total Diesel Mark-Up";"Tractor-Trailer";"BAU";"EUR/kWh";2030;"0.018";"Sensitivity | Current policies | Removed diesel efficiency gains";"Diesel"
"OPEX";"Diesel Infrastructure";"ES";"Total Diesel Mark-Up";"Rigid";"PROG";"EUR/kWh";2030;"0.018";"Sensitivity | Current policies | Removed diesel efficiency gains";"Diesel"
"OPEX";"Diesel Infrastructure";"ES";"Total Diesel Mark-Up";"Tractor-Trailer";"PROG";"EUR/kWh";2030;"0.018";"Sensitivity | Current policies | Removed diesel efficiency gains";"Diesel"
"OPEX";"Diesel Infrastructure";"FR";"Total Diesel Mark-Up";"Rigid";"BAU";"EUR/kWh";2030;"0.018";"Sensitivity | Current policies | Removed diesel efficiency gains";"Diesel"
"OPEX";"Diesel Infrastructure";"FR";"Total Diesel Mark-Up";"Tractor-Trailer";"BAU";"EUR/kWh";2030;"0.018";"Sensitivity | Current policies | Removed diesel efficiency gains";"Diesel"
"OPEX";"Diesel Infrastructure";"FR";"Total Diesel Mark-Up";"Rigid";"PROG";"EUR/kWh";2030;"0.018";"Sensitivity | Current policies | Removed diesel efficiency gains";"Diesel"
"OPEX";"Diesel Infrastructure";"FR";"Total Diesel Mark-Up";"Tractor-Trailer";"PROG";"EUR/kWh";2030;"0.018";"Sensitivity | Current policies | Removed diesel efficiency gains";"Diesel"
"OPEX";"Diesel Infrastructure";"IT";"Total Diesel Mark-Up";"Rigid";"BAU";"EUR/kWh";2030;"0.018";"Sensitivity | Current policies | Removed diesel efficiency gains";"Diesel"
"OPEX";"Diesel Infrastructure";"IT";"Total Diesel Mark-Up";"Tractor-Trailer";"BAU";"EUR/kWh";2030;"0.018";"Sensitivity | Current policies | Removed diesel efficiency gains";"Diesel"
"OPEX";"Diesel Infrastructure";"IT";"Total Diesel Mark-Up";"Rigid";"PROG";"EUR/kWh";2030;"0.018";"Sensitivity | Current policies | Removed diesel efficiency gains";"Diesel"
"OPEX";"Diesel Infrastructure";"IT";"Total Diesel Mark-Up";"Tractor-Trailer";"PROG";"EUR/kWh";2030;"0.018";"Sensitivity | Current policies | Removed diesel efficiency gains";"Diesel"
"OPEX";"Diesel Infrastructure";"NL";"Total Diesel Mark-Up";"Rigid";"BAU";"EUR/kWh";2030;"0.018";"Sensitivity | Current policies | Removed diesel efficiency gains";"Diesel"
"OPEX";"Diesel Infrastructure";"NL";"Total Diesel Mark-Up";"Tractor-Trailer";"BAU";"EUR/kWh";2030;"0.018";"Sensitivity | Current policies | Removed diesel efficiency gains";"Diesel"
"OPEX";"Diesel Infrastructure";"NL";"Total Diesel Mark-Up";"Rigid";"PROG";"EUR/kWh";2030;"0.018";"Sensitivity | Current policies | Removed diesel efficiency gains";"Diesel"
"OPEX";"Diesel Infrastructure";"NL";"Total Diesel Mark-Up";"Tractor-Trailer";"PROG";"EUR/kWh";2030;"0.018";"Sensitivity | Current policies | Removed diesel efficiency gains";"Diesel"
"OPEX";"Diesel Infrastructure";"PL";"Total Diesel Mark-Up";"Rigid";"BAU";"EUR/kWh";2030;"0.018";"Sensitivity | Current policies | Removed diesel efficiency gains";"Diesel"
"OPEX";"Diesel Infrastructure";"PL";"Total Diesel Mark-Up";"Tractor-Trailer";"BAU";"EUR/kWh";2030;"0.018";"Sensitivity | Current policies | Removed diesel efficiency gains";"Diesel"
"OPEX";"Diesel Infrastructure";"PL";"Total Diesel Mark-Up";"Rigid";"PROG";"EUR/kWh";2030;"0.018";"Sensitivity | Current policies | Removed diesel efficiency gains";"Diesel"
"OPEX";"Diesel Infrastructure";"PL";"Total Diesel Mark-Up";"Tractor-Trailer";"PROG";"EUR/kWh";2030;"0.018";"Sensitivity | Current policies | Removed diesel efficiency gains";"Diesel"
"OPEX";"Diesel Infrastructure";"UK";"Total Diesel Mark-Up";"Rigid";"BAU";"EUR/kWh";2030;"0.018";"Sensitivity | Current policies | Removed diesel efficiency gains";"Diesel"
"OPEX";"Diesel Infrastructure";"UK";"Total Diesel Mark-Up";"Tractor-Trailer";"BAU";"EUR/kWh";2030;"0.018";"Sensitivity | Current policies | Removed diesel efficiency gains";"Diesel"
"OPEX";"Diesel Infrastructure";"UK";"Total Diesel Mark-Up";"Rigid";"PROG";"EUR/kWh";2030;"0.018";"Sensitivity | Current policies | Removed diesel efficiency gains";"Diesel"
"OPEX";"Diesel Infrastructure";"UK";"Total Diesel Mark-Up";"Tractor-Trailer";"PROG";"EUR/kWh";2030;"0.018";"Sensitivity | Current policies | Removed diesel efficiency gains";"Diesel"
"OPEX";"Diesel Infrastructure";"DE";"CO2 emission factor Biodiesel";"Rigid";"BAU";"%";2030;"0.166";"Sensitivity | Current policies | Removed diesel efficiency gains";"Diesel"
"OPEX";"Diesel Infrastructure";"DE";"CO2 emission factor Biodiesel";"Tractor-Trailer";"BAU";"%";2030;"0.166";"Sensitivity | Current policies | Removed diesel efficiency gains";"Diesel"
"OPEX";"Diesel Infrastructure";"DE";"CO2 emission factor Biodiesel";"Rigid";"PROG";"%";2030;"0.166";"Sensitivity | Current policies | Removed diesel efficiency gains";"Diesel"
"OPEX";"Diesel Infrastructure";"DE";"CO2 emission factor Biodiesel";"Tractor-Trailer";"PROG";"%";2030;"0.166";"Sensitivity | Current policies | Removed diesel efficiency gains";"Diesel"
"OPEX";"Diesel Infrastructure";"ES";"CO2 emission factor Biodiesel";"Rigid";"BAU";"%";2030;"0.166";"Sensitivity | Current policies | Removed diesel efficiency gains";"Diesel"
"OPEX";"Diesel Infrastructure";"ES";"CO2 emission factor Biodiesel";"Tractor-Trailer";"BAU";"%";2030;"0.166";"Sensitivity | Current policies | Removed diesel efficiency gains";"Diesel"
"OPEX";"Diesel Infrastructure";"ES";"CO2 emission factor Biodiesel";"Rigid";"PROG";"%";2030;"0.166";"Sensitivity | Current policies | Removed diesel efficiency gains";"Diesel"
"OPEX";"Diesel Infrastructure";"ES";"CO2 emission factor Biodiesel";"Tractor-Trailer";"PROG";"%";2030;"0.166";"Sensitivity | Current policies | Removed diesel efficiency gains";"Diesel"
"OPEX";"Diesel Infrastructure";"FR";"CO2 emission factor Biodiesel";"Rigid";"BAU";"%";2030;"0.166";"Sensitivity | Current policies | Removed diesel efficiency gains";"Diesel"
"OPEX";"Diesel Infrastructure";"FR";"CO2 emission factor Biodiesel";"Tractor-Trailer";"BAU";"%";2030;"0.166";"Sensitivity | Current policies | Removed diesel efficiency gains";"Diesel"
"OPEX";"Diesel Infrastructure";"FR";"CO2 emission factor Biodiesel";"Rigid";"PROG";"%";2030;"0.166";"Sensitivity | Current policies | Removed diesel efficiency gains";"Diesel"
"OPEX";"Diesel Infrastructure";"FR";"CO2 emission factor Biodiesel";"Tractor-Trailer";"PROG";"%";2030;"0.166";"Sensitivity | Current policies | Removed diesel efficiency gains";"Diesel"
"OPEX";"Diesel Infrastructure";"IT";"CO2 emission factor Biodiesel";"Rigid";"BAU";"%";2030;"0.166";"Sensitivity | Current policies | Removed diesel efficiency gains";"Diesel"
"OPEX";"Diesel Infrastructure";"IT";"CO2 emission factor Biodiesel";"Tractor-Trailer";"BAU";"%";2030;"0.166";"Sensitivity | Current policies | Removed diesel efficiency gains";"Diesel"
"OPEX";"Diesel Infrastructure";"IT";"CO2 emission factor Biodiesel";"Rigid";"PROG";"%";2030;"0.166";"Sensitivity | Current policies | Removed diesel efficiency gains";"Diesel"
"OPEX";"Diesel Infrastructure";"IT";"CO2 emission factor Biodiesel";"Tractor-Trailer";"PROG";"%";2030;"0.166";"Sensitivity | Current policies | Removed diesel efficiency gains";"Diesel"
"OPEX";"Diesel Infrastructure";"NL";"CO2 emission factor Biodiesel";"Rigid";"BAU";"%";2030;"0.166";"Sensitivity | Current policies | Removed diesel efficiency gains";"Diesel"
"OPEX";"Diesel Infrastructure";"NL";"CO2 emission factor Biodiesel";"Tractor-Trailer";"BAU";"%";2030;"0.166";"Sensitivity | Current policies | Removed diesel efficiency gains";"Diesel"
"OPEX";"Diesel Infrastructure";"NL";"CO2 emission factor Biodiesel";"Rigid";"PROG";"%";2030;"0.166";"Sensitivity | Current policies | Removed diesel efficiency gains";"Diesel"
"OPEX";"Diesel Infrastructure";"NL";"CO2 emission factor Biodiesel";"Tractor-Trailer";"PROG";"%";2030;"0.166";"Sensitivity | Current policies | Removed diesel efficiency gains";"Diesel"
"OPEX";"Diesel Infrastructure";"PL";"CO2 emission factor Biodiesel";"Rigid";"BAU";"%";2030;"0.166";"Sensitivity | Current policies | Removed diesel efficiency gains";"Diesel"
"OPEX";"Diesel Infrastructure";"PL";"CO2 emission factor Biodiesel";"Tractor-Trailer";"BAU";"%";2030;"0.166";"Sensitivity | Current policies | Removed diesel efficiency gains";"Diesel"
"OPEX";"Diesel Infrastructure";"PL";"CO2 emission factor Biodiesel";"Rigid";"PROG";"%";2030;"0.166";"Sensitivity | Current policies | Removed diesel efficiency gains";"Diesel"
"OPEX";"Diesel Infrastructure";"PL";"CO2 emission factor Biodiesel";"Tractor-Trailer";"PROG";"%";2030;"0.166";"Sensitivity | Current policies | Removed diesel efficiency gains";"Diesel"
"OPEX";"Diesel Infrastructure";"UK";"CO2 emission factor Biodiesel";"Rigid";"BAU";"%";2030;"0.166";"Sensitivity | Current policies | Removed diesel efficiency gains";"Diesel"
"OPEX";"Diesel Infrastructure";"UK";"CO2 emission factor Biodiesel";"Tractor-Trailer";"BAU";"%";2030;"0.166";"Sensitivity | Current policies | Removed diesel efficiency gains";"Diesel"
"OPEX";"Diesel Infrastructure";"UK";"CO2 emission factor Biodiesel";"Rigid";"PROG";"%";2030;"0.166";"Sensitivity | Current policies | Removed diesel efficiency gains";"Diesel"
"OPEX";"Diesel Infrastructure";"UK";"CO2 emission factor Biodiesel";"Tractor-Trailer";"PROG";"%";2030;"0.166";"Sensitivity | Current policies | Removed diesel efficiency gains";"Diesel"
"OPEX";"Diesel Infrastructure";"DE";"CO2 emission factor Pt-Diesel";"Rigid";"BAU";"%";2030;"0";"Sensitivity | Current policies | Removed diesel efficiency gains";"Diesel"
"OPEX";"Diesel Infrastructure";"DE";"CO2 emission factor Pt-Diesel";"Tractor-Trailer";"BAU";"%";2030;"0";"Sensitivity | Current policies | Removed diesel efficiency gains";"Diesel"
"OPEX";"Diesel Infrastructure";"DE";"CO2 emission factor Pt-Diesel";"Rigid";"PROG";"%";2030;"0";"Sensitivity | Current policies | Removed diesel efficiency gains";"Diesel"
"OPEX";"Diesel Infrastructure";"DE";"CO2 emission factor Pt-Diesel";"Tractor-Trailer";"PROG";"%";2030;"0";"Sensitivity | Current policies | Removed diesel efficiency gains";"Diesel"
"OPEX";"Diesel Infrastructure";"ES";"CO2 emission factor Pt-Diesel";"Rigid";"BAU";"%";2030;"0";"Sensitivity | Current policies | Removed diesel efficiency gains";"Diesel"
"OPEX";"Diesel Infrastructure";"ES";"CO2 emission factor Pt-Diesel";"Tractor-Trailer";"BAU";"%";2030;"0";"Sensitivity | Current policies | Removed diesel efficiency gains";"Diesel"
"OPEX";"Diesel Infrastructure";"ES";"CO2 emission factor Pt-Diesel";"Rigid";"PROG";"%";2030;"0";"Sensitivity | Current policies | Removed diesel efficiency gains";"Diesel"
"OPEX";"Diesel Infrastructure";"ES";"CO2 emission factor Pt-Diesel";"Tractor-Trailer";"PROG";"%";2030;"0";"Sensitivity | Current policies | Removed diesel efficiency gains";"Diesel"
"OPEX";"Diesel Infrastructure";"FR";"CO2 emission factor Pt-Diesel";"Rigid";"BAU";"%";2030;"0";"Sensitivity | Current policies | Removed diesel efficiency gains";"Diesel"
"OPEX";"Diesel Infrastructure";"FR";"CO2 emission factor Pt-Diesel";"Tractor-Trailer";"BAU";"%";2030;"0";"Sensitivity | Current policies | Removed diesel efficiency gains";"Diesel"
"OPEX";"Diesel Infrastructure";"FR";"CO2 emission factor Pt-Diesel";"Rigid";"PROG";"%";2030;"0";"Sensitivity | Current policies | Removed diesel efficiency gains";"Diesel"
"OPEX";"Diesel Infrastructure";"FR";"CO2 emission factor Pt-Diesel";"Tractor-Trailer";"PROG";"%";2030;"0";"Sensitivity | Current policies | Removed diesel efficiency gains";"Diesel"
"OPEX";"Diesel Infrastructure";"IT";"CO2 emission factor Pt-Diesel";"Rigid";"BAU";"%";2030;"0";"Sensitivity | Current policies | Removed diesel efficiency gains";"Diesel"
"OPEX";"Diesel Infrastructure";"IT";"CO2 emission factor Pt-Diesel";"Tractor-Trailer";"BAU";"%";2030;"0";"Sensitivity | Current policies | Removed diesel efficiency gains";"Diesel"
"OPEX";"Diesel Infrastructure";"IT";"CO2 emission factor Pt-Diesel";"Rigid";"PROG";"%";2030;"0";"Sensitivity | Current policies | Removed diesel efficiency gains";"Diesel"
"OPEX";"Diesel Infrastructure";"IT";"CO2 emission factor Pt-Diesel";"Tractor-Trailer";"PROG";"%";2030;"0";"Sensitivity | Current policies | Removed diesel efficiency gains";"Diesel"
"OPEX";"Diesel Infrastructure";"NL";"CO2 emission factor Pt-Diesel";"Rigid";"BAU";"%";2030;"0";"Sensitivity | Current policies | Removed diesel efficiency gains";"Diesel"
"OPEX";"Diesel Infrastructure";"NL";"CO2 emission factor Pt-Diesel";"Tractor-Trailer";"BAU";"%";2030;"0";"Sensitivity | Current policies | Removed diesel efficiency gains";"Diesel"
"OPEX";"Diesel Infrastructure";"NL";"CO2 emission factor Pt-Diesel";"Rigid";"PROG";"%";2030;"0";"Sensitivity | Current policies | Removed diesel efficiency gains";"Diesel"
"OPEX";"Diesel Infrastructure";"NL";"CO2 emission factor Pt-Diesel";"Tractor-Trailer";"PROG";"%";2030;"0";"Sensitivity | Current policies | Removed diesel efficiency gains";"Diesel"
"OPEX";"Diesel Infrastructure";"PL";"CO2 emission factor Pt-Diesel";"Rigid";"BAU";"%";2030;"0";"Sensitivity | Current policies | Removed diesel efficiency gains";"Diesel"
"OPEX";"Diesel Infrastructure";"PL";"CO2 emission factor Pt-Diesel";"Tractor-Trailer";"BAU";"%";2030;"0";"Sensitivity | Current policies | Removed diesel efficiency gains";"Diesel"
"OPEX";"Diesel Infrastructure";"PL";"CO2 emission factor Pt-Diesel";"Rigid";"PROG";"%";2030;"0";"Sensitivity | Current policies | Removed diesel efficiency gains";"Diesel"
"OPEX";"Diesel Infrastructure";"PL";"CO2 emission factor Pt-Diesel";"Tractor-Trailer";"PROG";"%";2030;"0";"Sensitivity | Current policies | Removed diesel efficiency gains";"Diesel"
"OPEX";"Diesel Infrastructure";"UK";"CO2 emission factor Pt-Diesel";"Rigid";"BAU";"%";2030;"0";"Sensitivity | Current policies | Removed diesel efficiency gains";"Diesel"
"OPEX";"Diesel Infrastructure";"UK";"CO2 emission factor Pt-Diesel";"Tractor-Trailer";"BAU";"%";2030;"0";"Sensitivity | Current policies | Removed diesel efficiency gains";"Diesel"
"OPEX";"Diesel Infrastructure";"UK";"CO2 emission factor Pt-Diesel";"Rigid";"PROG";"%";2030;"0";"Sensitivity | Current policies | Removed diesel efficiency gains";"Diesel"
"OPEX";"Diesel Infrastructure";"UK";"CO2 emission factor Pt-Diesel";"Tractor-Trailer";"PROG";"%";2030;"0";"Sensitivity | Current policies | Removed diesel efficiency gains";"Diesel"
"OPEX";"Taxes";"DE";"Network Costs - MCS";"Rigid";"BAU";"EUR/kWh";2030;"0.036";"Sensitivity | Current policies | Removed diesel efficiency gains";"Electricity"
"OPEX";"Taxes";"DE";"Network Costs - MCS";"Tractor-Trailer";"BAU";"EUR/kWh";2030;"0.036";"Sensitivity | Current policies | Removed diesel efficiency gains";"Electricity"
"OPEX";"Taxes";"ES";"Network Costs - MCS";"Rigid";"BAU";"EUR/kWh";2030;"0.02";"Sensitivity | Current policies | Removed diesel efficiency gains";"Electricity"
"OPEX";"Taxes";"ES";"Network Costs - MCS";"Tractor-Trailer";"BAU";"EUR/kWh";2030;"0.02";"Sensitivity | Current policies | Removed diesel efficiency gains";"Electricity"
"OPEX";"Taxes";"FR";"Network Costs - MCS";"Rigid";"BAU";"EUR/kWh";2030;"0.019";"Sensitivity | Current policies | Removed diesel efficiency gains";"Electricity"
"OPEX";"Taxes";"FR";"Network Costs - MCS";"Tractor-Trailer";"BAU";"EUR/kWh";2030;"0.019";"Sensitivity | Current policies | Removed diesel efficiency gains";"Electricity"
"OPEX";"Taxes";"IT";"Network Costs - MCS";"Rigid";"BAU";"EUR/kWh";2030;"0.016";"Sensitivity | Current policies | Removed diesel efficiency gains";"Electricity"
"OPEX";"Taxes";"IT";"Network Costs - MCS";"Tractor-Trailer";"BAU";"EUR/kWh";2030;"0.016";"Sensitivity | Current policies | Removed diesel efficiency gains";"Electricity"
"OPEX";"Taxes";"NL";"Network Costs - MCS";"Rigid";"BAU";"EUR/kWh";2030;"0.017";"Sensitivity | Current policies | Removed diesel efficiency gains";"Electricity"
"OPEX";"Taxes";"NL";"Network Costs - MCS";"Tractor-Trailer";"BAU";"EUR/kWh";2030;"0.017";"Sensitivity | Current policies | Removed diesel efficiency gains";"Electricity"
"OPEX";"Taxes";"PL";"Network Costs - MCS";"Rigid";"BAU";"EUR/kWh";2030;"0.02";"Sensitivity | Current policies | Removed diesel efficiency gains";"Electricity"
"OPEX";"Taxes";"PL";"Network Costs - MCS";"Tractor-Trailer";"BAU";"EUR/kWh";2030;"0.02";"Sensitivity | Current policies | Removed diesel efficiency gains";"Electricity"
"OPEX";"Taxes";"UK";"Network Costs - MCS";"Rigid";"BAU";"EUR/kWh";2030;"0.028";"Sensitivity | Current policies | Removed diesel efficiency gains";"Electricity"
"OPEX";"Taxes";"UK";"Network Costs - MCS";"Tractor-Trailer";"BAU";"EUR/kWh";2030;"0.028";"Sensitivity | Current policies | Removed diesel efficiency gains";"Electricity"
"OPEX";"Taxes";"DE";"Taxes, Fees, Levies and charges - MCS";"Rigid";"BAU";"EUR/kWh";2030;"0.068";"Sensitivity | Current policies | Removed diesel efficiency gains";"Electricity"
"OPEX";"Taxes";"DE";"Taxes, Fees, Levies and charges - MCS";"Tractor-Trailer";"BAU";"EUR/kWh";2030;"0.068";"Sensitivity | Current policies | Removed diesel efficiency gains";"Electricity"
"OPEX";"Taxes";"ES";"Taxes, Fees, Levies and charges - MCS";"Rigid";"BAU";"EUR/kWh";2030;"0.039";"Sensitivity | Current policies | Removed diesel efficiency gains";"Electricity"
"OPEX";"Taxes";"ES";"Taxes, Fees, Levies and charges - MCS";"Tractor-Trailer";"BAU";"EUR/kWh";2030;"0.039";"Sensitivity | Current policies | Removed diesel efficiency gains";"Electricity"
"OPEX";"Taxes";"FR";"Taxes, Fees, Levies and charges - MCS";"Rigid";"BAU";"EUR/kWh";2030;"0.032";"Sensitivity | Current policies | Removed diesel efficiency gains";"Electricity"
"OPEX";"Taxes";"FR";"Taxes, Fees, Levies and charges - MCS";"Tractor-Trailer";"BAU";"EUR/kWh";2030;"0.032";"Sensitivity | Current policies | Removed diesel efficiency gains";"Electricity"
"OPEX";"Taxes";"IT";"Taxes, Fees, Levies and charges - MCS";"Rigid";"BAU";"EUR/kWh";2030;"0.067";"Sensitivity | Current policies | Removed diesel efficiency gains";"Electricity"
"OPEX";"Taxes";"IT";"Taxes, Fees, Levies and charges - MCS";"Tractor-Trailer";"BAU";"EUR/kWh";2030;"0.067";"Sensitivity | Current policies | Removed diesel efficiency gains";"Electricity"
"OPEX";"Taxes";"NL";"Taxes, Fees, Levies and charges - MCS";"Rigid";"BAU";"EUR/kWh";2030;"0.055";"Sensitivity | Current policies | Removed diesel efficiency gains";"Electricity"
"OPEX";"Taxes";"NL";"Taxes, Fees, Levies and charges - MCS";"Tractor-Trailer";"BAU";"EUR/kWh";2030;"0.055";"Sensitivity | Current policies | Removed diesel efficiency gains";"Electricity"
"OPEX";"Taxes";"PL";"Taxes, Fees, Levies and charges - MCS";"Rigid";"BAU";"EUR/kWh";2030;"0.05";"Sensitivity | Current policies | Removed diesel efficiency gains";"Electricity"
"OPEX";"Taxes";"PL";"Taxes, Fees, Levies and charges - MCS";"Tractor-Trailer";"BAU";"EUR/kWh";2030;"0.05";"Sensitivity | Current policies | Removed diesel efficiency gains";"Electricity"
"OPEX";"Taxes";"UK";"Taxes, Fees, Levies and charges - MCS";"Rigid";"BAU";"EUR/kWh";2030;"0.078";"Sensitivity | Current policies | Removed diesel efficiency gains";"Electricity"
"OPEX";"Taxes";"UK";"Taxes, Fees, Levies and charges - MCS";"Tractor-Trailer";"BAU";"EUR/kWh";2030;"0.078";"Sensitivity | Current policies | Removed diesel efficiency gains";"Electricity"
"OPEX";"Taxes";"DE";"Network Costs - Depot";"Rigid";"BAU";"EUR/kWh";2030;"0.051";"Sensitivity | Current policies | Removed diesel efficiency gains";"Electricity"
"OPEX";"Taxes";"DE";"Network Costs - Depot";"Tractor-Trailer";"BAU";"EUR/kWh";2030;"0.051";"Sensitivity | Current policies | Removed diesel efficiency gains";"Electricity"
"OPEX";"Taxes";"ES";"Network Costs - Depot";"Rigid";"BAU";"EUR/kWh";2030;"0.041";"Sensitivity | Current policies | Removed diesel efficiency gains";"Electricity"
"OPEX";"Taxes";"ES";"Network Costs - Depot";"Tractor-Trailer";"BAU";"EUR/kWh";2030;"0.041";"Sensitivity | Current policies | Removed diesel efficiency gains";"Electricity"
"OPEX";"Taxes";"FR";"Network Costs - Depot";"Rigid";"BAU";"EUR/kWh";2030;"0.031";"Sensitivity | Current policies | Removed diesel efficiency gains";"Electricity"
"OPEX";"Taxes";"FR";"Network Costs - Depot";"Tractor-Trailer";"BAU";"EUR/kWh";2030;"0.031";"Sensitivity | Current policies | Removed diesel efficiency gains";"Electricity"
"OPEX";"Taxes";"IT";"Network Costs - Depot";"Rigid";"BAU";"EUR/kWh";2030;"0.021";"Sensitivity | Current policies | Removed diesel efficiency gains";"Electricity"
"OPEX";"Taxes";"IT";"Network Costs - Depot";"Tractor-Trailer";"BAU";"EUR/kWh";2030;"0.021";"Sensitivity | Current policies | Removed diesel efficiency gains";"Electricity"
"OPEX";"Taxes";"NL";"Network Costs - Depot";"Rigid";"BAU";"EUR/kWh";2030;"0.022";"Sensitivity | Current policies | Removed diesel efficiency gains";"Electricity"
"OPEX";"Taxes";"NL";"Network Costs - Depot";"Tractor-Trailer";"BAU";"EUR/kWh";2030;"0.022";"Sensitivity | Current policies | Removed diesel efficiency gains";"Electricity"
"OPEX";"Taxes";"PL";"Network Costs - Depot";"Rigid";"BAU";"EUR/kWh";2030;"0.032";"Sensitivity | Current policies | Removed diesel efficiency gains";"Electricity"
"OPEX";"Taxes";"PL";"Network Costs - Depot";"Tractor-Trailer";"BAU";"EUR/kWh";2030;"0.032";"Sensitivity | Current policies | Removed diesel efficiency gains";"Electricity"
"OPEX";"Taxes";"UK";"Network Costs - Depot";"Rigid";"BAU";"EUR/kWh";2030;"0.032";"Sensitivity | Current policies | Removed diesel efficiency gains";"Electricity"
"OPEX";"Taxes";"UK";"Network Costs - Depot";"Tractor-Trailer";"BAU";"EUR/kWh";2030;"0.032";"Sensitivity | Current policies | Removed diesel efficiency gains";"Electricity"
"OPEX";"Taxes";"DE";"Taxes, Fees, Levies and charges - Depot";"Rigid";"BAU";"EUR/kWh";2030;"0.078";"Sensitivity | Current policies | Removed diesel efficiency gains";"Electricity"
"OPEX";"Taxes";"DE";"Taxes, Fees, Levies and charges - Depot";"Tractor-Trailer";"BAU";"EUR/kWh";2030;"0.078";"Sensitivity | Current policies | Removed diesel efficiency gains";"Electricity"
"OPEX";"Taxes";"ES";"Taxes, Fees, Levies and charges - Depot";"Rigid";"BAU";"EUR/kWh";2030;"0.067";"Sensitivity | Current policies | Removed diesel efficiency gains";"Electricity"
"OPEX";"Taxes";"ES";"Taxes, Fees, Levies and charges - Depot";"Tractor-Trailer";"BAU";"EUR/kWh";2030;"0.067";"Sensitivity | Current policies | Removed diesel efficiency gains";"Electricity"
"OPEX";"Taxes";"FR";"Taxes, Fees, Levies and charges - Depot";"Rigid";"BAU";"EUR/kWh";2030;"0.048";"Sensitivity | Current policies | Removed diesel efficiency gains";"Electricity"
"OPEX";"Taxes";"FR";"Taxes, Fees, Levies and charges - Depot";"Tractor-Trailer";"BAU";"EUR/kWh";2030;"0.048";"Sensitivity | Current policies | Removed diesel efficiency gains";"Electricity"
"OPEX";"Taxes";"IT";"Taxes, Fees, Levies and charges - Depot";"Rigid";"BAU";"EUR/kWh";2030;"0.103";"Sensitivity | Current policies | Removed diesel efficiency gains";"Electricity"
"OPEX";"Taxes";"IT";"Taxes, Fees, Levies and charges - Depot";"Tractor-Trailer";"BAU";"EUR/kWh";2030;"0.103";"Sensitivity | Current policies | Removed diesel efficiency gains";"Electricity"
"OPEX";"Taxes";"NL";"Taxes, Fees, Levies and charges - Depot";"Rigid";"BAU";"EUR/kWh";2030;"0.062";"Sensitivity | Current policies | Removed diesel efficiency gains";"Electricity"
"OPEX";"Taxes";"NL";"Taxes, Fees, Levies and charges - Depot";"Tractor-Trailer";"BAU";"EUR/kWh";2030;"0.062";"Sensitivity | Current policies | Removed diesel efficiency gains";"Electricity"
"OPEX";"Taxes";"PL";"Taxes, Fees, Levies and charges - Depot";"Rigid";"BAU";"EUR/kWh";2030;"0.056";"Sensitivity | Current policies | Removed diesel efficiency gains";"Electricity"
"OPEX";"Taxes";"PL";"Taxes, Fees, Levies and charges - Depot";"Tractor-Trailer";"BAU";"EUR/kWh";2030;"0.056";"Sensitivity | Current policies | Removed diesel efficiency gains";"Electricity"
"OPEX";"Taxes";"UK";"Taxes, Fees, Levies and charges - Depot";"Rigid";"BAU";"EUR/kWh";2030;"0.086";"Sensitivity | Current policies | Removed diesel efficiency gains";"Electricity"
"OPEX";"Taxes";"UK";"Taxes, Fees, Levies and charges - Depot";"Tractor-Trailer";"BAU";"EUR/kWh";2030;"0.086";"Sensitivity | Current policies | Removed diesel efficiency gains";"Electricity"
"OPEX";"H2 Infrastructure";"DE";"HRS costs";"Rigid";"BAU";"EUR/kg H2";2030;"1.7";"Sensitivity | Current policies | Removed diesel efficiency gains";"Hydrogen"
"OPEX";"H2 Infrastructure";"DE";"HRS costs";"Tractor-Trailer";"BAU";"EUR/kg H2";2030;"1.7";"Sensitivity | Current policies | Removed diesel efficiency gains";"Hydrogen"
"OPEX";"H2 Infrastructure";"ES";"HRS costs";"Rigid";"BAU";"EUR/kg H2";2030;"1.7";"Sensitivity | Current policies | Removed diesel efficiency gains";"Hydrogen"
"OPEX";"H2 Infrastructure";"ES";"HRS costs";"Tractor-Trailer";"BAU";"EUR/kg H2";2030;"1.7";"Sensitivity | Current policies | Removed diesel efficiency gains";"Hydrogen"
"OPEX";"H2 Infrastructure";"FR";"HRS costs";"Rigid";"BAU";"EUR/kg H2";2030;"1.7";"Sensitivity | Current policies | Removed diesel efficiency gains";"Hydrogen"
"OPEX";"H2 Infrastructure";"FR";"HRS costs";"Tractor-Trailer";"BAU";"EUR/kg H2";2030;"1.7";"Sensitivity | Current policies | Removed diesel efficiency gains";"Hydrogen"
"OPEX";"H2 Infrastructure";"IT";"HRS costs";"Rigid";"BAU";"EUR/kg H2";2030;"1.7";"Sensitivity | Current policies | Removed diesel efficiency gains";"Hydrogen"
"OPEX";"H2 Infrastructure";"IT";"HRS costs";"Tractor-Trailer";"BAU";"EUR/kg H2";2030;"1.7";"Sensitivity | Current policies | Removed diesel efficiency gains";"Hydrogen"
"OPEX";"H2 Infrastructure";"NL";"HRS costs";"Rigid";"BAU";"EUR/kg H2";2030;"1.7";"Sensitivity | Current policies | Removed diesel efficiency gains";"Hydrogen"
"OPEX";"H2 Infrastructure";"NL";"HRS costs";"Tractor-Trailer";"BAU";"EUR/kg H2";2030;"1.7";"Sensitivity | Current policies | Removed diesel efficiency gains";"Hydrogen"
"OPEX";"H2 Infrastructure";"PL";"HRS costs";"Rigid";"BAU";"EUR/kg H2";2030;"1.7";"Sensitivity | Current policies | Removed diesel efficiency gains";"Hydrogen"
"OPEX";"H2 Infrastructure";"PL";"HRS costs";"Tractor-Trailer";"BAU";"EUR/kg H2";2030;"1.7";"Sensitivity | Current policies | Removed diesel efficiency gains";"Hydrogen"
"OPEX";"H2 Infrastructure";"UK";"HRS costs";"Rigid";"BAU";"EUR/kg H2";2030;"1.7";"Sensitivity | Current policies | Removed diesel efficiency gains";"Hydrogen"
"OPEX";"H2 Infrastructure";"UK";"HRS costs";"Tractor-Trailer";"BAU";"EUR/kg H2";2030;"1.7";"Sensitivity | Current policies | Removed diesel efficiency gains";"Hydrogen"
"OPEX";"H2 Infrastructure";"DE";"H2 transport and distribution";"Rigid";"BAU";"EUR/kg H2";2030;"1.5";"Sensitivity | Current policies | Removed diesel efficiency gains";"Hydrogen"
"OPEX";"H2 Infrastructure";"DE";"H2 transport and distribution";"Tractor-Trailer";"BAU";"EUR/kg H2";2030;"1.5";"Sensitivity | Current policies | Removed diesel efficiency gains";"Hydrogen"
"OPEX";"H2 Infrastructure";"ES";"H2 transport and distribution";"Rigid";"BAU";"EUR/kg H2";2030;"1.5";"Sensitivity | Current policies | Removed diesel efficiency gains";"Hydrogen"
"OPEX";"H2 Infrastructure";"ES";"H2 transport and distribution";"Tractor-Trailer";"BAU";"EUR/kg H2";2030;"1.5";"Sensitivity | Current policies | Removed diesel efficiency gains";"Hydrogen"
"OPEX";"H2 Infrastructure";"FR";"H2 transport and distribution";"Rigid";"BAU";"EUR/kg H2";2030;"1.5";"Sensitivity | Current policies | Removed diesel efficiency gains";"Hydrogen"
"OPEX";"H2 Infrastructure";"FR";"H2 transport and distribution";"Tractor-Trailer";"BAU";"EUR/kg H2";2030;"1.5";"Sensitivity | Current policies | Removed diesel efficiency gains";"Hydrogen"
"OPEX";"H2 Infrastructure";"IT";"H2 transport and distribution";"Rigid";"BAU";"EUR/kg H2";2030;"1.5";"Sensitivity | Current policies | Removed diesel efficiency gains";"Hydrogen"
"OPEX";"H2 Infrastructure";"IT";"H2 transport and distribution";"Tractor-Trailer";"BAU";"EUR/kg H2";2030;"1.5";"Sensitivity | Current policies | Removed diesel efficiency gains";"Hydrogen"
"OPEX";"H2 Infrastructure";"NL";"H2 transport and distribution";"Rigid";"BAU";"EUR/kg H2";2030;"1.5";"Sensitivity | Current policies | Removed diesel efficiency gains";"Hydrogen"
"OPEX";"H2 Infrastructure";"NL";"H2 transport and distribution";"Tractor-Trailer";"BAU";"EUR/kg H2";2030;"1.5";"Sensitivity | Current policies | Removed diesel efficiency gains";"Hydrogen"
"OPEX";"H2 Infrastructure";"PL";"H2 transport and distribution";"Rigid";"BAU";"EUR/kg H2";2030;"1.5";"Sensitivity | Current policies | Removed diesel efficiency gains";"Hydrogen"
"OPEX";"H2 Infrastructure";"PL";"H2 transport and distribution";"Tractor-Trailer";"BAU";"EUR/kg H2";2030;"1.5";"Sensitivity | Current policies | Removed diesel efficiency gains";"Hydrogen"
"OPEX";"H2 Infrastructure";"UK";"H2 transport and distribution";"Rigid";"BAU";"EUR/kg H2";2030;"1.5";"Sensitivity | Current policies | Removed diesel efficiency gains";"Hydrogen"
"OPEX";"H2 Infrastructure";"UK";"H2 transport and distribution";"Tractor-Trailer";"BAU";"EUR/kg H2";2030;"1.5";"Sensitivity | Current policies | Removed diesel efficiency gains";"Hydrogen"
"OPEX";"H2 Infrastructure";"DE";"HRS Overhead, Profit and Mark-Up";"Rigid";"BAU";"EUR/kg H2";2030;"0.25";"Sensitivity | Current policies | Removed diesel efficiency gains";"Hydrogen"
"OPEX";"H2 Infrastructure";"DE";"HRS Overhead, Profit and Mark-Up";"Tractor-Trailer";"BAU";"EUR/kg H2";2030;"0.25";"Sensitivity | Current policies | Removed diesel efficiency gains";"Hydrogen"
"OPEX";"H2 Infrastructure";"ES";"HRS Overhead, Profit and Mark-Up";"Rigid";"BAU";"EUR/kg H2";2030;"0.25";"Sensitivity | Current policies | Removed diesel efficiency gains";"Hydrogen"
"OPEX";"H2 Infrastructure";"ES";"HRS Overhead, Profit and Mark-Up";"Tractor-Trailer";"BAU";"EUR/kg H2";2030;"0.25";"Sensitivity | Current policies | Removed diesel efficiency gains";"Hydrogen"
"OPEX";"H2 Infrastructure";"FR";"HRS Overhead, Profit and Mark-Up";"Rigid";"BAU";"EUR/kg H2";2030;"0.25";"Sensitivity | Current policies | Removed diesel efficiency gains";"Hydrogen"
"OPEX";"H2 Infrastructure";"FR";"HRS Overhead, Profit and Mark-Up";"Tractor-Trailer";"BAU";"EUR/kg H2";2030;"0.25";"Sensitivity | Current policies | Removed diesel efficiency gains";"Hydrogen"
"OPEX";"H2 Infrastructure";"IT";"HRS Overhead, Profit and Mark-Up";"Rigid";"BAU";"EUR/kg H2";2030;"0.25";"Sensitivity | Current policies | Removed diesel efficiency gains";"Hydrogen"
"OPEX";"H2 Infrastructure";"IT";"HRS Overhead, Profit and Mark-Up";"Tractor-Trailer";"BAU";"EUR/kg H2";2030;"0.25";"Sensitivity | Current policies | Removed diesel efficiency gains";"Hydrogen"
"OPEX";"H2 Infrastructure";"NL";"HRS Overhead, Profit and Mark-Up";"Rigid";"BAU";"EUR/kg H2";2030;"0.25";"Sensitivity | Current policies | Removed diesel efficiency gains";"Hydrogen"
"OPEX";"H2 Infrastructure";"NL";"HRS Overhead, Profit and Mark-Up";"Tractor-Trailer";"BAU";"EUR/kg H2";2030;"0.25";"Sensitivity | Current policies | Removed diesel efficiency gains";"Hydrogen"
"OPEX";"H2 Infrastructure";"PL";"HRS Overhead, Profit and Mark-Up";"Rigid";"BAU";"EUR/kg H2";2030;"0.25";"Sensitivity | Current policies | Removed diesel efficiency gains";"Hydrogen"
"OPEX";"H2 Infrastructure";"PL";"HRS Overhead, Profit and Mark-Up";"Tractor-Trailer";"BAU";"EUR/kg H2";2030;"0.25";"Sensitivity | Current policies | Removed diesel efficiency gains";"Hydrogen"
"OPEX";"H2 Infrastructure";"UK";"HRS Overhead, Profit and Mark-Up";"Rigid";"BAU";"EUR/kg H2";2030;"0.25";"Sensitivity | Current policies | Removed diesel efficiency gains";"Hydrogen"
"OPEX";"H2 Infrastructure";"UK";"HRS Overhead, Profit and Mark-Up";"Tractor-Trailer";"BAU";"EUR/kg H2";2030;"0.25";"Sensitivity | Current policies | Removed diesel efficiency gains";"Hydrogen"
"OPEX";"Charging Infrastructure";"DE";"MCS Station (Public Charging) - Incl. Overhead";"Rigid";"BAU";"EUR/kWh";2030;"0.143";"Sensitivity | Current policies | Removed diesel efficiency gains";"Electricity"
"OPEX";"Charging Infrastructure";"DE";"MCS Station (Public Charging) - Incl. Overhead";"Tractor-Trailer";"BAU";"EUR/kWh";2030;"0.143";"Sensitivity | Current policies | Removed diesel efficiency gains";"Electricity"
"OPEX";"Charging Infrastructure";"ES";"MCS Station (Public Charging) - Incl. Overhead";"Rigid";"BAU";"EUR/kWh";2030;"0.143";"Sensitivity | Current policies | Removed diesel efficiency gains";"Electricity"
"OPEX";"Charging Infrastructure";"ES";"MCS Station (Public Charging) - Incl. Overhead";"Tractor-Trailer";"BAU";"EUR/kWh";2030;"0.143";"Sensitivity | Current policies | Removed diesel efficiency gains";"Electricity"
"OPEX";"Charging Infrastructure";"FR";"MCS Station (Public Charging) - Incl. Overhead";"Rigid";"BAU";"EUR/kWh";2030;"0.143";"Sensitivity | Current policies | Removed diesel efficiency gains";"Electricity"
"OPEX";"Charging Infrastructure";"FR";"MCS Station (Public Charging) - Incl. Overhead";"Tractor-Trailer";"BAU";"EUR/kWh";2030;"0.143";"Sensitivity | Current policies | Removed diesel efficiency gains";"Electricity"
"OPEX";"Charging Infrastructure";"IT";"MCS Station (Public Charging) - Incl. Overhead";"Rigid";"BAU";"EUR/kWh";2030;"0.143";"Sensitivity | Current policies | Removed diesel efficiency gains";"Electricity"
"OPEX";"Charging Infrastructure";"IT";"MCS Station (Public Charging) - Incl. Overhead";"Tractor-Trailer";"BAU";"EUR/kWh";2030;"0.143";"Sensitivity | Current policies | Removed diesel efficiency gains";"Electricity"
"OPEX";"Charging Infrastructure";"NL";"MCS Station (Public Charging) - Incl. Overhead";"Rigid";"BAU";"EUR/kWh";2030;"0.143";"Sensitivity | Current policies | Removed diesel efficiency gains";"Electricity"
"OPEX";"Charging Infrastructure";"NL";"MCS Station (Public Charging) - Incl. Overhead";"Tractor-Trailer";"BAU";"EUR/kWh";2030;"0.143";"Sensitivity | Current policies | Removed diesel efficiency gains";"Electricity"
"OPEX";"Charging Infrastructure";"PL";"MCS Station (Public Charging) - Incl. Overhead";"Rigid";"BAU";"EUR/kWh";2030;"0.143";"Sensitivity | Current policies | Removed diesel efficiency gains";"Electricity"
"OPEX";"Charging Infrastructure";"PL";"MCS Station (Public Charging) - Incl. Overhead";"Tractor-Trailer";"BAU";"EUR/kWh";2030;"0.143";"Sensitivity | Current policies | Removed diesel efficiency gains";"Electricity"
"OPEX";"Charging Infrastructure";"UK";"MCS Station (Public Charging) - Incl. Overhead";"Rigid";"BAU";"EUR/kWh";2030;"0.143";"Sensitivity | Current policies | Removed diesel efficiency gains";"Electricity"
"OPEX";"Charging Infrastructure";"UK";"MCS Station (Public Charging) - Incl. Overhead";"Tractor-Trailer";"BAU";"EUR/kWh";2030;"0.143";"Sensitivity | Current policies | Removed diesel efficiency gains";"Electricity"
"OPEX";"Charging Infrastructure";"DE";"Share MCS-Charging";"Rigid";"BAU";"%";2030;"0.2";"Sensitivity | Current policies | Removed diesel efficiency gains";"Electricity"
"OPEX";"Charging Infrastructure";"DE";"Share MCS-Charging";"Tractor-Trailer";"BAU";"%";2030;"0.2";"Sensitivity | Current policies | Removed diesel efficiency gains";"Electricity"
"OPEX";"Charging Infrastructure";"ES";"Share MCS-Charging";"Rigid";"BAU";"%";2030;"0.2";"Sensitivity | Current policies | Removed diesel efficiency gains";"Electricity"
"OPEX";"Charging Infrastructure";"ES";"Share MCS-Charging";"Tractor-Trailer";"BAU";"%";2030;"0.2";"Sensitivity | Current policies | Removed diesel efficiency gains";"Electricity"
"OPEX";"Charging Infrastructure";"FR";"Share MCS-Charging";"Rigid";"BAU";"%";2030;"0.2";"Sensitivity | Current policies | Removed diesel efficiency gains";"Electricity"
"OPEX";"Charging Infrastructure";"FR";"Share MCS-Charging";"Tractor-Trailer";"BAU";"%";2030;"0.2";"Sensitivity | Current policies | Removed diesel efficiency gains";"Electricity"
"OPEX";"Charging Infrastructure";"IT";"Share MCS-Charging";"Rigid";"BAU";"%";2030;"0.2";"Sensitivity | Current policies | Removed diesel efficiency gains";"Electricity"
"OPEX";"Charging Infrastructure";"IT";"Share MCS-Charging";"Tractor-Trailer";"BAU";"%";2030;"0.2";"Sensitivity | Current policies | Removed diesel efficiency gains";"Electricity"
"OPEX";"Charging Infrastructure";"NL";"Share MCS-Charging";"Rigid";"BAU";"%";2030;"0.2";"Sensitivity | Current policies | Removed diesel efficiency gains";"Electricity"
"OPEX";"Charging Infrastructure";"NL";"Share MCS-Charging";"Tractor-Trailer";"BAU";"%";2030;"0.2";"Sensitivity | Current policies | Removed diesel efficiency gains";"Electricity"
"OPEX";"Charging Infrastructure";"PL";"Share MCS-Charging";"Rigid";"BAU";"%";2030;"0.2";"Sensitivity | Current policies | Removed diesel efficiency gains";"Electricity"
"OPEX";"Charging Infrastructure";"PL";"Share MCS-Charging";"Tractor-Trailer";"BAU";"%";2030;"0.2";"Sensitivity | Current policies | Removed diesel efficiency gains";"Electricity"
"OPEX";"Charging Infrastructure";"UK";"Share MCS-Charging";"Rigid";"BAU";"%";2030;"0.2";"Sensitivity | Current policies | Removed diesel efficiency gains";"Electricity"
"OPEX";"Charging Infrastructure";"UK";"Share MCS-Charging";"Tractor-Trailer";"BAU";"%";2030;"0.2";"Sensitivity | Current policies | Removed diesel efficiency gains";"Electricity"
"OPEX";"Charging Infrastructure";"DE";"Depot - Network fees savings potential";"Rigid";"BAU";"EUR/kWh";2030;"0";"Sensitivity | Current policies | Removed diesel efficiency gains";"Electricity"
"OPEX";"Charging Infrastructure";"DE";"Depot - Network fees savings potential";"Tractor-Trailer";"BAU";"EUR/kWh";2030;"0";"Sensitivity | Current policies | Removed diesel efficiency gains";"Electricity"
"OPEX";"Charging Infrastructure";"ES";"Depot - Network fees savings potential";"Rigid";"BAU";"EUR/kWh";2030;"0";"Sensitivity | Current policies | Removed diesel efficiency gains";"Electricity"
"OPEX";"Charging Infrastructure";"ES";"Depot - Network fees savings potential";"Tractor-Trailer";"BAU";"EUR/kWh";2030;"0";"Sensitivity | Current policies | Removed diesel efficiency gains";"Electricity"
"OPEX";"Charging Infrastructure";"FR";"Depot - Network fees savings potential";"Rigid";"BAU";"EUR/kWh";2030;"0";"Sensitivity | Current policies | Removed diesel efficiency gains";"Electricity"
"OPEX";"Charging Infrastructure";"FR";"Depot - Network fees savings potential";"Tractor-Trailer";"BAU";"EUR/kWh";2030;"0";"Sensitivity | Current policies | Removed diesel efficiency gains";"Electricity"
"OPEX";"Charging Infrastructure";"IT";"Depot - Network fees savings potential";"Rigid";"BAU";"EUR/kWh";2030;"0";"Sensitivity | Current policies | Removed diesel efficiency gains";"Electricity"
"OPEX";"Charging Infrastructure";"IT";"Depot - Network fees savings potential";"Tractor-Trailer";"BAU";"EUR/kWh";2030;"0";"Sensitivity | Current policies | Removed diesel efficiency gains";"Electricity"
"OPEX";"Charging Infrastructure";"NL";"Depot - Network fees savings potential";"Rigid";"BAU";"EUR/kWh";2030;"0";"Sensitivity | Current policies | Removed diesel efficiency gains";"Electricity"
"OPEX";"Charging Infrastructure";"NL";"Depot - Network fees savings potential";"Tractor-Trailer";"BAU";"EUR/kWh";2030;"0";"Sensitivity | Current policies | Removed diesel efficiency gains";"Electricity"
"OPEX";"Charging Infrastructure";"PL";"Depot - Network fees savings potential";"Rigid";"BAU";"EUR/kWh";2030;"0";"Sensitivity | Current policies | Removed diesel efficiency gains";"Electricity"
"OPEX";"Charging Infrastructure";"PL";"Depot - Network fees savings potential";"Tractor-Trailer";"BAU";"EUR/kWh";2030;"0";"Sensitivity | Current policies | Removed diesel efficiency gains";"Electricity"
"OPEX";"Charging Infrastructure";"UK";"Depot - Network fees savings potential";"Rigid";"BAU";"EUR/kWh";2030;"0";"Sensitivity | Current policies | Removed diesel efficiency gains";"Electricity"
"OPEX";"Charging Infrastructure";"UK";"Depot - Network fees savings potential";"Tractor-Trailer";"BAU";"EUR/kWh";2030;"0";"Sensitivity | Current policies | Removed diesel efficiency gains";"Electricity"
"OPEX";"Taxes";"DE";"Tax reduction";"Rigid";"BAU";"%";2030;"-1";"Sensitivity | Current policies | Removed diesel efficiency gains";"Hydrogen"
"OPEX";"Taxes";"DE";"Tax reduction";"Tractor-Trailer";"BAU";"%";2030;"-1";"Sensitivity | Current policies | Removed diesel efficiency gains";"Hydrogen"
"OPEX";"Taxes";"ES";"Tax reduction";"Rigid";"BAU";"%";2030;"-1";"Sensitivity | Current policies | Removed diesel efficiency gains";"Hydrogen"
"OPEX";"Taxes";"ES";"Tax reduction";"Tractor-Trailer";"BAU";"%";2030;"-1";"Sensitivity | Current policies | Removed diesel efficiency gains";"Hydrogen"
"OPEX";"Taxes";"FR";"Tax reduction";"Rigid";"BAU";"%";2030;"-1";"Sensitivity | Current policies | Removed diesel efficiency gains";"Hydrogen"
"OPEX";"Taxes";"FR";"Tax reduction";"Tractor-Trailer";"BAU";"%";2030;"-1";"Sensitivity | Current policies | Removed diesel efficiency gains";"Hydrogen"
"OPEX";"Taxes";"IT";"Tax reduction";"Rigid";"BAU";"%";2030;"-1";"Sensitivity | Current policies | Removed diesel efficiency gains";"Hydrogen"
"OPEX";"Taxes";"IT";"Tax reduction";"Tractor-Trailer";"BAU";"%";2030;"-1";"Sensitivity | Current policies | Removed diesel efficiency gains";"Hydrogen"
"OPEX";"Taxes";"NL";"Tax reduction";"Rigid";"BAU";"%";2030;"-1";"Sensitivity | Current policies | Removed diesel efficiency gains";"Hydrogen"
"OPEX";"Taxes";"NL";"Tax reduction";"Tractor-Trailer";"BAU";"%";2030;"-1";"Sensitivity | Current policies | Removed diesel efficiency gains";"Hydrogen"
"OPEX";"Taxes";"PL";"Tax reduction";"Rigid";"BAU";"%";2030;"-1";"Sensitivity | Current policies | Removed diesel efficiency gains";"Hydrogen"
"OPEX";"Taxes";"PL";"Tax reduction";"Tractor-Trailer";"BAU";"%";2030;"-1";"Sensitivity | Current policies | Removed diesel efficiency gains";"Hydrogen"
"OPEX";"Taxes";"UK";"Tax reduction";"Rigid";"BAU";"%";2030;"-1";"Sensitivity | Current policies | Removed diesel efficiency gains";"Hydrogen"
"OPEX";"Taxes";"UK";"Tax reduction";"Tractor-Trailer";"BAU";"%";2030;"-1";"Sensitivity | Current policies | Removed diesel efficiency gains";"Hydrogen"
"OPEX";"Taxes";"DE";"Increasing grid fees";"Rigid";"PROG";"%";2030;"0.1";"Sensitivity | Current policies | Removed diesel efficiency gains";"Electricity"
"OPEX";"Taxes";"DE";"Increasing grid fees";"Tractor-Trailer";"PROG";"%";2030;"0.1";"Sensitivity | Current policies | Removed diesel efficiency gains";"Electricity"
"OPEX";"Taxes";"ES";"Increasing grid fees";"Rigid";"PROG";"%";2030;"0.1";"Sensitivity | Current policies | Removed diesel efficiency gains";"Electricity"
"OPEX";"Taxes";"ES";"Increasing grid fees";"Tractor-Trailer";"PROG";"%";2030;"0.1";"Sensitivity | Current policies | Removed diesel efficiency gains";"Electricity"
"OPEX";"Taxes";"FR";"Increasing grid fees";"Rigid";"PROG";"%";2030;"0.1";"Sensitivity | Current policies | Removed diesel efficiency gains";"Electricity"
"OPEX";"Taxes";"FR";"Increasing grid fees";"Tractor-Trailer";"PROG";"%";2030;"0.1";"Sensitivity | Current policies | Removed diesel efficiency gains";"Electricity"
"OPEX";"Taxes";"IT";"Increasing grid fees";"Rigid";"PROG";"%";2030;"0.1";"Sensitivity | Current policies | Removed diesel efficiency gains";"Electricity"
"OPEX";"Taxes";"IT";"Increasing grid fees";"Tractor-Trailer";"PROG";"%";2030;"0.1";"Sensitivity | Current policies | Removed diesel efficiency gains";"Electricity"
"OPEX";"Taxes";"NL";"Increasing grid fees";"Rigid";"PROG";"%";2030;"0.1";"Sensitivity | Current policies | Removed diesel efficiency gains";"Electricity"
"OPEX";"Taxes";"NL";"Increasing grid fees";"Tractor-Trailer";"PROG";"%";2030;"0.1";"Sensitivity | Current policies | Removed diesel efficiency gains";"Electricity"
"OPEX";"Taxes";"PL";"Increasing grid fees";"Rigid";"PROG";"%";2030;"0.1";"Sensitivity | Current policies | Removed diesel efficiency gains";"Electricity"
"OPEX";"Taxes";"PL";"Increasing grid fees";"Tractor-Trailer";"PROG";"%";2030;"0.1";"Sensitivity | Current policies | Removed diesel efficiency gains";"Electricity"
"OPEX";"Taxes";"UK";"Increasing grid fees";"Rigid";"PROG";"%";2030;"0.1";"Sensitivity | Current policies | Removed diesel efficiency gains";"Electricity"
"OPEX";"Taxes";"UK";"Increasing grid fees";"Tractor-Trailer";"PROG";"%";2030;"0.1";"Sensitivity | Current policies | Removed diesel efficiency gains";"Electricity"
"OPEX";"Taxes";"DE";"Increasing grid fees";"Rigid";"BAU";"%";2030;"0.167";"Sensitivity | Current policies | Removed diesel efficiency gains";"Electricity"
"OPEX";"Taxes";"DE";"Increasing grid fees";"Tractor-Trailer";"BAU";"%";2030;"0.167";"Sensitivity | Current policies | Removed diesel efficiency gains";"Electricity"
"OPEX";"Taxes";"ES";"Increasing grid fees";"Rigid";"BAU";"%";2030;"0.167";"Sensitivity | Current policies | Removed diesel efficiency gains";"Electricity"
"OPEX";"Taxes";"ES";"Increasing grid fees";"Tractor-Trailer";"BAU";"%";2030;"0.167";"Sensitivity | Current policies | Removed diesel efficiency gains";"Electricity"
"OPEX";"Taxes";"FR";"Increasing grid fees";"Rigid";"BAU";"%";2030;"0.167";"Sensitivity | Current policies | Removed diesel efficiency gains";"Electricity"
"OPEX";"Taxes";"FR";"Increasing grid fees";"Tractor-Trailer";"BAU";"%";2030;"0.167";"Sensitivity | Current policies | Removed diesel efficiency gains";"Electricity"
"OPEX";"Taxes";"IT";"Increasing grid fees";"Rigid";"BAU";"%";2030;"0.167";"Sensitivity | Current policies | Removed diesel efficiency gains";"Electricity"
"OPEX";"Taxes";"IT";"Increasing grid fees";"Tractor-Trailer";"BAU";"%";2030;"0.167";"Sensitivity | Current policies | Removed diesel efficiency gains";"Electricity"
"OPEX";"Taxes";"NL";"Increasing grid fees";"Rigid";"BAU";"%";2030;"0.167";"Sensitivity | Current policies | Removed diesel efficiency gains";"Electricity"
"OPEX";"Taxes";"NL";"Increasing grid fees";"Tractor-Trailer";"BAU";"%";2030;"0.167";"Sensitivity | Current policies | Removed diesel efficiency gains";"Electricity"
"OPEX";"Taxes";"PL";"Increasing grid fees";"Rigid";"BAU";"%";2030;"0.167";"Sensitivity | Current policies | Removed diesel efficiency gains";"Electricity"
"OPEX";"Taxes";"PL";"Increasing grid fees";"Tractor-Trailer";"BAU";"%";2030;"0.167";"Sensitivity | Current policies | Removed diesel efficiency gains";"Electricity"
"OPEX";"Taxes";"UK";"Increasing grid fees";"Rigid";"BAU";"%";2030;"0.167";"Sensitivity | Current policies | Removed diesel efficiency gains";"Electricity"
"OPEX";"Taxes";"UK";"Increasing grid fees";"Tractor-Trailer";"BAU";"%";2030;"0.167";"Sensitivity | Current policies | Removed diesel efficiency gains";"Electricity"
"OPEX";"Taxes";"DE";"Network Costs - MCS";"Rigid";"PROG";"EUR/kWh";2035;"0.034";"Sensitivity | Current policies | Removed diesel efficiency gains";"Electricity"
"OPEX";"Taxes";"DE";"Network Costs - MCS";"Tractor-Trailer";"PROG";"EUR/kWh";2035;"0.034";"Sensitivity | Current policies | Removed diesel efficiency gains";"Electricity"
"OPEX";"Taxes";"ES";"Network Costs - MCS";"Rigid";"PROG";"EUR/kWh";2035;"0.014";"Sensitivity | Current policies | Removed diesel efficiency gains";"Electricity"
"OPEX";"Taxes";"ES";"Network Costs - MCS";"Tractor-Trailer";"PROG";"EUR/kWh";2035;"0.014";"Sensitivity | Current policies | Removed diesel efficiency gains";"Electricity"
"OPEX";"Taxes";"FR";"Network Costs - MCS";"Rigid";"PROG";"EUR/kWh";2035;"0.016";"Sensitivity | Current policies | Removed diesel efficiency gains";"Electricity"
"OPEX";"Taxes";"FR";"Network Costs - MCS";"Tractor-Trailer";"PROG";"EUR/kWh";2035;"0.016";"Sensitivity | Current policies | Removed diesel efficiency gains";"Electricity"
"OPEX";"Taxes";"IT";"Network Costs - MCS";"Rigid";"PROG";"EUR/kWh";2035;"0.014";"Sensitivity | Current policies | Removed diesel efficiency gains";"Electricity"
"OPEX";"Taxes";"IT";"Network Costs - MCS";"Tractor-Trailer";"PROG";"EUR/kWh";2035;"0.014";"Sensitivity | Current policies | Removed diesel efficiency gains";"Electricity"
"OPEX";"Taxes";"NL";"Network Costs - MCS";"Rigid";"PROG";"EUR/kWh";2035;"0.015";"Sensitivity | Current policies | Removed diesel efficiency gains";"Electricity"
"OPEX";"Taxes";"NL";"Network Costs - MCS";"Tractor-Trailer";"PROG";"EUR/kWh";2035;"0.015";"Sensitivity | Current policies | Removed diesel efficiency gains";"Electricity"
"OPEX";"Taxes";"PL";"Network Costs - MCS";"Rigid";"PROG";"EUR/kWh";2035;"0.016";"Sensitivity | Current policies | Removed diesel efficiency gains";"Electricity"
"OPEX";"Taxes";"PL";"Network Costs - MCS";"Tractor-Trailer";"PROG";"EUR/kWh";2035;"0.016";"Sensitivity | Current policies | Removed diesel efficiency gains";"Electricity"
"OPEX";"Taxes";"UK";"Network Costs - MCS";"Rigid";"PROG";"EUR/kWh";2035;"0.025";"Sensitivity | Current policies | Removed diesel efficiency gains";"Electricity"
"OPEX";"Taxes";"UK";"Network Costs - MCS";"Tractor-Trailer";"PROG";"EUR/kWh";2035;"0.025";"Sensitivity | Current policies | Removed diesel efficiency gains";"Electricity"
"OPEX";"Taxes";"DE";"Taxes, Fees, Levies and charges - MCS";"Rigid";"PROG";"EUR/kWh";2035;"0.056";"Sensitivity | Current policies | Removed diesel efficiency gains";"Electricity"
"OPEX";"Taxes";"DE";"Taxes, Fees, Levies and charges - MCS";"Tractor-Trailer";"PROG";"EUR/kWh";2035;"0.056";"Sensitivity | Current policies | Removed diesel efficiency gains";"Electricity"
"OPEX";"Taxes";"ES";"Taxes, Fees, Levies and charges - MCS";"Rigid";"PROG";"EUR/kWh";2035;"0.03";"Sensitivity | Current policies | Removed diesel efficiency gains";"Electricity"
"OPEX";"Taxes";"ES";"Taxes, Fees, Levies and charges - MCS";"Tractor-Trailer";"PROG";"EUR/kWh";2035;"0.03";"Sensitivity | Current policies | Removed diesel efficiency gains";"Electricity"
"OPEX";"Taxes";"FR";"Taxes, Fees, Levies and charges - MCS";"Rigid";"PROG";"EUR/kWh";2035;"0.027";"Sensitivity | Current policies | Removed diesel efficiency gains";"Electricity"
"OPEX";"Taxes";"FR";"Taxes, Fees, Levies and charges - MCS";"Tractor-Trailer";"PROG";"EUR/kWh";2035;"0.027";"Sensitivity | Current policies | Removed diesel efficiency gains";"Electricity"
"OPEX";"Taxes";"IT";"Taxes, Fees, Levies and charges - MCS";"Rigid";"PROG";"EUR/kWh";2035;"0.052";"Sensitivity | Current policies | Removed diesel efficiency gains";"Electricity"
"OPEX";"Taxes";"IT";"Taxes, Fees, Levies and charges - MCS";"Tractor-Trailer";"PROG";"EUR/kWh";2035;"0.052";"Sensitivity | Current policies | Removed diesel efficiency gains";"Electricity"
"OPEX";"Taxes";"NL";"Taxes, Fees, Levies and charges - MCS";"Rigid";"PROG";"EUR/kWh";2035;"0.048";"Sensitivity | Current policies | Removed diesel efficiency gains";"Electricity"
"OPEX";"Taxes";"NL";"Taxes, Fees, Levies and charges - MCS";"Tractor-Trailer";"PROG";"EUR/kWh";2035;"0.048";"Sensitivity | Current policies | Removed diesel efficiency gains";"Electricity"
"OPEX";"Taxes";"PL";"Taxes, Fees, Levies and charges - MCS";"Rigid";"PROG";"EUR/kWh";2035;"0.047";"Sensitivity | Current policies | Removed diesel efficiency gains";"Electricity"
"OPEX";"Taxes";"PL";"Taxes, Fees, Levies and charges - MCS";"Tractor-Trailer";"PROG";"EUR/kWh";2035;"0.047";"Sensitivity | Current policies | Removed diesel efficiency gains";"Electricity"
"OPEX";"Taxes";"UK";"Taxes, Fees, Levies and charges - MCS";"Rigid";"PROG";"EUR/kWh";2035;"0.075";"Sensitivity | Current policies | Removed diesel efficiency gains";"Electricity"
"OPEX";"Taxes";"UK";"Taxes, Fees, Levies and charges - MCS";"Tractor-Trailer";"PROG";"EUR/kWh";2035;"0.075";"Sensitivity | Current policies | Removed diesel efficiency gains";"Electricity"
"OPEX";"Taxes";"DE";"Network Costs - Depot";"Rigid";"PROG";"EUR/kWh";2035;"0.034";"Sensitivity | Current policies | Removed diesel efficiency gains";"Electricity"
"OPEX";"Taxes";"DE";"Network Costs - Depot";"Tractor-Trailer";"PROG";"EUR/kWh";2035;"0.034";"Sensitivity | Current policies | Removed diesel efficiency gains";"Electricity"
"OPEX";"Taxes";"ES";"Network Costs - Depot";"Rigid";"PROG";"EUR/kWh";2035;"0.018";"Sensitivity | Current policies | Removed diesel efficiency gains";"Electricity"
"OPEX";"Taxes";"ES";"Network Costs - Depot";"Tractor-Trailer";"PROG";"EUR/kWh";2035;"0.018";"Sensitivity | Current policies | Removed diesel efficiency gains";"Electricity"
"OPEX";"Taxes";"FR";"Network Costs - Depot";"Rigid";"PROG";"EUR/kWh";2035;"0.018";"Sensitivity | Current policies | Removed diesel efficiency gains";"Electricity"
"OPEX";"Taxes";"FR";"Network Costs - Depot";"Tractor-Trailer";"PROG";"EUR/kWh";2035;"0.018";"Sensitivity | Current policies | Removed diesel efficiency gains";"Electricity"
"OPEX";"Taxes";"IT";"Network Costs - Depot";"Rigid";"PROG";"EUR/kWh";2035;"0.016";"Sensitivity | Current policies | Removed diesel efficiency gains";"Electricity"
"OPEX";"Taxes";"IT";"Network Costs - Depot";"Tractor-Trailer";"PROG";"EUR/kWh";2035;"0.016";"Sensitivity | Current policies | Removed diesel efficiency gains";"Electricity"
"OPEX";"Taxes";"NL";"Network Costs - Depot";"Rigid";"PROG";"EUR/kWh";2035;"0.016";"Sensitivity | Current policies | Removed diesel efficiency gains";"Electricity"
"OPEX";"Taxes";"NL";"Network Costs - Depot";"Tractor-Trailer";"PROG";"EUR/kWh";2035;"0.016";"Sensitivity | Current policies | Removed diesel efficiency gains";"Electricity"
"OPEX";"Taxes";"PL";"Network Costs - Depot";"Rigid";"PROG";"EUR/kWh";2035;"0.019";"Sensitivity | Current policies | Removed diesel efficiency gains";"Electricity"
"OPEX";"Taxes";"PL";"Network Costs - Depot";"Tractor-Trailer";"PROG";"EUR/kWh";2035;"0.019";"Sensitivity | Current policies | Removed diesel efficiency gains";"Electricity"
"OPEX";"Taxes";"UK";"Network Costs - Depot";"Rigid";"PROG";"EUR/kWh";2035;"0.027";"Sensitivity | Current policies | Removed diesel efficiency gains";"Electricity"
"OPEX";"Taxes";"UK";"Network Costs - Depot";"Tractor-Trailer";"PROG";"EUR/kWh";2035;"0.027";"Sensitivity | Current policies | Removed diesel efficiency gains";"Electricity"
"OPEX";"Taxes";"DE";"Taxes, Fees, Levies and charges - Depot";"Rigid";"PROG";"EUR/kWh";2035;"0.056";"Sensitivity | Current policies | Removed diesel efficiency gains";"Electricity"
"OPEX";"Taxes";"DE";"Taxes, Fees, Levies and charges - Depot";"Tractor-Trailer";"PROG";"EUR/kWh";2035;"0.056";"Sensitivity | Current policies | Removed diesel efficiency gains";"Electricity"
"OPEX";"Taxes";"ES";"Taxes, Fees, Levies and charges - Depot";"Rigid";"PROG";"EUR/kWh";2035;"0.036";"Sensitivity | Current policies | Removed diesel efficiency gains";"Electricity"
"OPEX";"Taxes";"ES";"Taxes, Fees, Levies and charges - Depot";"Tractor-Trailer";"PROG";"EUR/kWh";2035;"0.036";"Sensitivity | Current policies | Removed diesel efficiency gains";"Electricity"
"OPEX";"Taxes";"FR";"Taxes, Fees, Levies and charges - Depot";"Rigid";"PROG";"EUR/kWh";2035;"0.03";"Sensitivity | Current policies | Removed diesel efficiency gains";"Electricity"
"OPEX";"Taxes";"FR";"Taxes, Fees, Levies and charges - Depot";"Tractor-Trailer";"PROG";"EUR/kWh";2035;"0.03";"Sensitivity | Current policies | Removed diesel efficiency gains";"Electricity"
"OPEX";"Taxes";"IT";"Taxes, Fees, Levies and charges - Depot";"Rigid";"PROG";"EUR/kWh";2035;"0.063";"Sensitivity | Current policies | Removed diesel efficiency gains";"Electricity"
"OPEX";"Taxes";"IT";"Taxes, Fees, Levies and charges - Depot";"Tractor-Trailer";"PROG";"EUR/kWh";2035;"0.063";"Sensitivity | Current policies | Removed diesel efficiency gains";"Electricity"
"OPEX";"Taxes";"NL";"Taxes, Fees, Levies and charges - Depot";"Rigid";"PROG";"EUR/kWh";2035;"0.055";"Sensitivity | Current policies | Removed diesel efficiency gains";"Electricity"
"OPEX";"Taxes";"NL";"Taxes, Fees, Levies and charges - Depot";"Tractor-Trailer";"PROG";"EUR/kWh";2035;"0.055";"Sensitivity | Current policies | Removed diesel efficiency gains";"Electricity"
"OPEX";"Taxes";"PL";"Taxes, Fees, Levies and charges - Depot";"Rigid";"PROG";"EUR/kWh";2035;"0.049";"Sensitivity | Current policies | Removed diesel efficiency gains";"Electricity"
"OPEX";"Taxes";"PL";"Taxes, Fees, Levies and charges - Depot";"Tractor-Trailer";"PROG";"EUR/kWh";2035;"0.049";"Sensitivity | Current policies | Removed diesel efficiency gains";"Electricity"
"OPEX";"Taxes";"UK";"Taxes, Fees, Levies and charges - Depot";"Rigid";"PROG";"EUR/kWh";2035;"0.084";"Sensitivity | Current policies | Removed diesel efficiency gains";"Electricity"
"OPEX";"Taxes";"UK";"Taxes, Fees, Levies and charges - Depot";"Tractor-Trailer";"PROG";"EUR/kWh";2035;"0.084";"Sensitivity | Current policies | Removed diesel efficiency gains";"Electricity"
"OPEX";"H2 Infrastructure";"DE";"HRS costs";"Rigid";"PROG";"EUR/kg H2";2035;"0.9";"Sensitivity | Current policies | Removed diesel efficiency gains";"Hydrogen"
"OPEX";"H2 Infrastructure";"DE";"HRS costs";"Tractor-Trailer";"PROG";"EUR/kg H2";2035;"0.9";"Sensitivity | Current policies | Removed diesel efficiency gains";"Hydrogen"
"OPEX";"H2 Infrastructure";"ES";"HRS costs";"Rigid";"PROG";"EUR/kg H2";2035;"0.9";"Sensitivity | Current policies | Removed diesel efficiency gains";"Hydrogen"
"OPEX";"H2 Infrastructure";"ES";"HRS costs";"Tractor-Trailer";"PROG";"EUR/kg H2";2035;"0.9";"Sensitivity | Current policies | Removed diesel efficiency gains";"Hydrogen"
"OPEX";"H2 Infrastructure";"FR";"HRS costs";"Rigid";"PROG";"EUR/kg H2";2035;"0.9";"Sensitivity | Current policies | Removed diesel efficiency gains";"Hydrogen"
"OPEX";"H2 Infrastructure";"FR";"HRS costs";"Tractor-Trailer";"PROG";"EUR/kg H2";2035;"0.9";"Sensitivity | Current policies | Removed diesel efficiency gains";"Hydrogen"
"OPEX";"H2 Infrastructure";"IT";"HRS costs";"Rigid";"PROG";"EUR/kg H2";2035;"0.9";"Sensitivity | Current policies | Removed diesel efficiency gains";"Hydrogen"
"OPEX";"H2 Infrastructure";"IT";"HRS costs";"Tractor-Trailer";"PROG";"EUR/kg H2";2035;"0.9";"Sensitivity | Current policies | Removed diesel efficiency gains";"Hydrogen"
"OPEX";"H2 Infrastructure";"NL";"HRS costs";"Rigid";"PROG";"EUR/kg H2";2035;"0.9";"Sensitivity | Current policies | Removed diesel efficiency gains";"Hydrogen"
"OPEX";"H2 Infrastructure";"NL";"HRS costs";"Tractor-Trailer";"PROG";"EUR/kg H2";2035;"0.9";"Sensitivity | Current policies | Removed diesel efficiency gains";"Hydrogen"
"OPEX";"H2 Infrastructure";"PL";"HRS costs";"Rigid";"PROG";"EUR/kg H2";2035;"0.9";"Sensitivity | Current policies | Removed diesel efficiency gains";"Hydrogen"
"OPEX";"H2 Infrastructure";"PL";"HRS costs";"Tractor-Trailer";"PROG";"EUR/kg H2";2035;"0.9";"Sensitivity | Current policies | Removed diesel efficiency gains";"Hydrogen"
"OPEX";"H2 Infrastructure";"UK";"HRS costs";"Rigid";"PROG";"EUR/kg H2";2035;"0.9";"Sensitivity | Current policies | Removed diesel efficiency gains";"Hydrogen"
"OPEX";"H2 Infrastructure";"UK";"HRS costs";"Tractor-Trailer";"PROG";"EUR/kg H2";2035;"0.9";"Sensitivity | Current policies | Removed diesel efficiency gains";"Hydrogen"
"OPEX";"H2 Infrastructure";"DE";"H2 transport and distribution";"Rigid";"PROG";"EUR/kg H2";2035;"0.833";"Sensitivity | Current policies | Removed diesel efficiency gains";"Hydrogen"
"OPEX";"H2 Infrastructure";"DE";"H2 transport and distribution";"Tractor-Trailer";"PROG";"EUR/kg H2";2035;"0.833";"Sensitivity | Current policies | Removed diesel efficiency gains";"Hydrogen"
"OPEX";"H2 Infrastructure";"ES";"H2 transport and distribution";"Rigid";"PROG";"EUR/kg H2";2035;"0.833";"Sensitivity | Current policies | Removed diesel efficiency gains";"Hydrogen"
"OPEX";"H2 Infrastructure";"ES";"H2 transport and distribution";"Tractor-Trailer";"PROG";"EUR/kg H2";2035;"0.833";"Sensitivity | Current policies | Removed diesel efficiency gains";"Hydrogen"
"OPEX";"H2 Infrastructure";"FR";"H2 transport and distribution";"Rigid";"PROG";"EUR/kg H2";2035;"0.833";"Sensitivity | Current policies | Removed diesel efficiency gains";"Hydrogen"
"OPEX";"H2 Infrastructure";"FR";"H2 transport and distribution";"Tractor-Trailer";"PROG";"EUR/kg H2";2035;"0.833";"Sensitivity | Current policies | Removed diesel efficiency gains";"Hydrogen"
"OPEX";"H2 Infrastructure";"IT";"H2 transport and distribution";"Rigid";"PROG";"EUR/kg H2";2035;"0.833";"Sensitivity | Current policies | Removed diesel efficiency gains";"Hydrogen"
"OPEX";"H2 Infrastructure";"IT";"H2 transport and distribution";"Tractor-Trailer";"PROG";"EUR/kg H2";2035;"0.833";"Sensitivity | Current policies | Removed diesel efficiency gains";"Hydrogen"
"OPEX";"H2 Infrastructure";"NL";"H2 transport and distribution";"Rigid";"PROG";"EUR/kg H2";2035;"0.833";"Sensitivity | Current policies | Removed diesel efficiency gains";"Hydrogen"
"OPEX";"H2 Infrastructure";"NL";"H2 transport and distribution";"Tractor-Trailer";"PROG";"EUR/kg H2";2035;"0.833";"Sensitivity | Current policies | Removed diesel efficiency gains";"Hydrogen"
"OPEX";"H2 Infrastructure";"PL";"H2 transport and distribution";"Rigid";"PROG";"EUR/kg H2";2035;"0.833";"Sensitivity | Current policies | Removed diesel efficiency gains";"Hydrogen"
"OPEX";"H2 Infrastructure";"PL";"H2 transport and distribution";"Tractor-Trailer";"PROG";"EUR/kg H2";2035;"0.833";"Sensitivity | Current policies | Removed diesel efficiency gains";"Hydrogen"
"OPEX";"H2 Infrastructure";"UK";"H2 transport and distribution";"Rigid";"PROG";"EUR/kg H2";2035;"0.833";"Sensitivity | Current policies | Removed diesel efficiency gains";"Hydrogen"
"OPEX";"H2 Infrastructure";"UK";"H2 transport and distribution";"Tractor-Trailer";"PROG";"EUR/kg H2";2035;"0.833";"Sensitivity | Current policies | Removed diesel efficiency gains";"Hydrogen"
"OPEX";"H2 Infrastructure";"DE";"HRS Overhead, Profit and Mark-Up";"Rigid";"PROG";"EUR/kg H2";2035;"0.25";"Sensitivity | Current policies | Removed diesel efficiency gains";"Hydrogen"
"OPEX";"H2 Infrastructure";"DE";"HRS Overhead, Profit and Mark-Up";"Tractor-Trailer";"PROG";"EUR/kg H2";2035;"0.25";"Sensitivity | Current policies | Removed diesel efficiency gains";"Hydrogen"
"OPEX";"H2 Infrastructure";"ES";"HRS Overhead, Profit and Mark-Up";"Rigid";"PROG";"EUR/kg H2";2035;"0.25";"Sensitivity | Current policies | Removed diesel efficiency gains";"Hydrogen"
"OPEX";"H2 Infrastructure";"ES";"HRS Overhead, Profit and Mark-Up";"Tractor-Trailer";"PROG";"EUR/kg H2";2035;"0.25";"Sensitivity | Current policies | Removed diesel efficiency gains";"Hydrogen"
"OPEX";"H2 Infrastructure";"FR";"HRS Overhead, Profit and Mark-Up";"Rigid";"PROG";"EUR/kg H2";2035;"0.25";"Sensitivity | Current policies | Removed diesel efficiency gains";"Hydrogen"
"OPEX";"H2 Infrastructure";"FR";"HRS Overhead, Profit and Mark-Up";"Tractor-Trailer";"PROG";"EUR/kg H2";2035;"0.25";"Sensitivity | Current policies | Removed diesel efficiency gains";"Hydrogen"
"OPEX";"H2 Infrastructure";"IT";"HRS Overhead, Profit and Mark-Up";"Rigid";"PROG";"EUR/kg H2";2035;"0.25";"Sensitivity | Current policies | Removed diesel efficiency gains";"Hydrogen"
"OPEX";"H2 Infrastructure";"IT";"HRS Overhead, Profit and Mark-Up";"Tractor-Trailer";"PROG";"EUR/kg H2";2035;"0.25";"Sensitivity | Current policies | Removed diesel efficiency gains";"Hydrogen"
"OPEX";"H2 Infrastructure";"NL";"HRS Overhead, Profit and Mark-Up";"Rigid";"PROG";"EUR/kg H2";2035;"0.25";"Sensitivity | Current policies | Removed diesel efficiency gains";"Hydrogen"
"OPEX";"H2 Infrastructure";"NL";"HRS Overhead, Profit and Mark-Up";"Tractor-Trailer";"PROG";"EUR/kg H2";2035;"0.25";"Sensitivity | Current policies | Removed diesel efficiency gains";"Hydrogen"
"OPEX";"H2 Infrastructure";"PL";"HRS Overhead, Profit and Mark-Up";"Rigid";"PROG";"EUR/kg H2";2035;"0.25";"Sensitivity | Current policies | Removed diesel efficiency gains";"Hydrogen"
"OPEX";"H2 Infrastructure";"PL";"HRS Overhead, Profit and Mark-Up";"Tractor-Trailer";"PROG";"EUR/kg H2";2035;"0.25";"Sensitivity | Current policies | Removed diesel efficiency gains";"Hydrogen"
"OPEX";"H2 Infrastructure";"UK";"HRS Overhead, Profit and Mark-Up";"Rigid";"PROG";"EUR/kg H2";2035;"0.25";"Sensitivity | Current policies | Removed diesel efficiency gains";"Hydrogen"
"OPEX";"H2 Infrastructure";"UK";"HRS Overhead, Profit and Mark-Up";"Tractor-Trailer";"PROG";"EUR/kg H2";2035;"0.25";"Sensitivity | Current policies | Removed diesel efficiency gains";"Hydrogen"
"OPEX";"Charging Infrastructure";"DE";"MCS Station (Public Charging) - Incl. Overhead";"Rigid";"PROG";"EUR/kWh";2035;"0.031";"Sensitivity | Current policies | Removed diesel efficiency gains";"Electricity"
"OPEX";"Charging Infrastructure";"DE";"MCS Station (Public Charging) - Incl. Overhead";"Tractor-Trailer";"PROG";"EUR/kWh";2035;"0.031";"Sensitivity | Current policies | Removed diesel efficiency gains";"Electricity"
"OPEX";"Charging Infrastructure";"ES";"MCS Station (Public Charging) - Incl. Overhead";"Rigid";"PROG";"EUR/kWh";2035;"0.031";"Sensitivity | Current policies | Removed diesel efficiency gains";"Electricity"
"OPEX";"Charging Infrastructure";"ES";"MCS Station (Public Charging) - Incl. Overhead";"Tractor-Trailer";"PROG";"EUR/kWh";2035;"0.031";"Sensitivity | Current policies | Removed diesel efficiency gains";"Electricity"
"OPEX";"Charging Infrastructure";"FR";"MCS Station (Public Charging) - Incl. Overhead";"Rigid";"PROG";"EUR/kWh";2035;"0.031";"Sensitivity | Current policies | Removed diesel efficiency gains";"Electricity"
"OPEX";"Charging Infrastructure";"FR";"MCS Station (Public Charging) - Incl. Overhead";"Tractor-Trailer";"PROG";"EUR/kWh";2035;"0.031";"Sensitivity | Current policies | Removed diesel efficiency gains";"Electricity"
"OPEX";"Charging Infrastructure";"IT";"MCS Station (Public Charging) - Incl. Overhead";"Rigid";"PROG";"EUR/kWh";2035;"0.031";"Sensitivity | Current policies | Removed diesel efficiency gains";"Electricity"
"OPEX";"Charging Infrastructure";"IT";"MCS Station (Public Charging) - Incl. Overhead";"Tractor-Trailer";"PROG";"EUR/kWh";2035;"0.031";"Sensitivity | Current policies | Removed diesel efficiency gains";"Electricity"
"OPEX";"Charging Infrastructure";"NL";"MCS Station (Public Charging) - Incl. Overhead";"Rigid";"PROG";"EUR/kWh";2035;"0.031";"Sensitivity | Current policies | Removed diesel efficiency gains";"Electricity"
"OPEX";"Charging Infrastructure";"NL";"MCS Station (Public Charging) - Incl. Overhead";"Tractor-Trailer";"PROG";"EUR/kWh";2035;"0.031";"Sensitivity | Current policies | Removed diesel efficiency gains";"Electricity"
"OPEX";"Charging Infrastructure";"PL";"MCS Station (Public Charging) - Incl. Overhead";"Rigid";"PROG";"EUR/kWh";2035;"0.031";"Sensitivity | Current policies | Removed diesel efficiency gains";"Electricity"
"OPEX";"Charging Infrastructure";"PL";"MCS Station (Public Charging) - Incl. Overhead";"Tractor-Trailer";"PROG";"EUR/kWh";2035;"0.031";"Sensitivity | Current policies | Removed diesel efficiency gains";"Electricity"
"OPEX";"Charging Infrastructure";"UK";"MCS Station (Public Charging) - Incl. Overhead";"Rigid";"PROG";"EUR/kWh";2035;"0.031";"Sensitivity | Current policies | Removed diesel efficiency gains";"Electricity"
"OPEX";"Charging Infrastructure";"UK";"MCS Station (Public Charging) - Incl. Overhead";"Tractor-Trailer";"PROG";"EUR/kWh";2035;"0.031";"Sensitivity | Current policies | Removed diesel efficiency gains";"Electricity"
"OPEX";"Charging Infrastructure";"DE";"Share MCS-Charging";"Rigid";"PROG";"%";2035;"0.2";"Sensitivity | Current policies | Removed diesel efficiency gains";"Electricity"
"OPEX";"Charging Infrastructure";"DE";"Share MCS-Charging";"Tractor-Trailer";"PROG";"%";2035;"0.2";"Sensitivity | Current policies | Removed diesel efficiency gains";"Electricity"
"OPEX";"Charging Infrastructure";"ES";"Share MCS-Charging";"Rigid";"PROG";"%";2035;"0.2";"Sensitivity | Current policies | Removed diesel efficiency gains";"Electricity"
"OPEX";"Charging Infrastructure";"ES";"Share MCS-Charging";"Tractor-Trailer";"PROG";"%";2035;"0.2";"Sensitivity | Current policies | Removed diesel efficiency gains";"Electricity"
"OPEX";"Charging Infrastructure";"FR";"Share MCS-Charging";"Rigid";"PROG";"%";2035;"0.2";"Sensitivity | Current policies | Removed diesel efficiency gains";"Electricity"
"OPEX";"Charging Infrastructure";"FR";"Share MCS-Charging";"Tractor-Trailer";"PROG";"%";2035;"0.2";"Sensitivity | Current policies | Removed diesel efficiency gains";"Electricity"
"OPEX";"Charging Infrastructure";"IT";"Share MCS-Charging";"Rigid";"PROG";"%";2035;"0.2";"Sensitivity | Current policies | Removed diesel efficiency gains";"Electricity"
"OPEX";"Charging Infrastructure";"IT";"Share MCS-Charging";"Tractor-Trailer";"PROG";"%";2035;"0.2";"Sensitivity | Current policies | Removed diesel efficiency gains";"Electricity"
"OPEX";"Charging Infrastructure";"NL";"Share MCS-Charging";"Rigid";"PROG";"%";2035;"0.2";"Sensitivity | Current policies | Removed diesel efficiency gains";"Electricity"
"OPEX";"Charging Infrastructure";"NL";"Share MCS-Charging";"Tractor-Trailer";"PROG";"%";2035;"0.2";"Sensitivity | Current policies | Removed diesel efficiency gains";"Electricity"
"OPEX";"Charging Infrastructure";"PL";"Share MCS-Charging";"Rigid";"PROG";"%";2035;"0.2";"Sensitivity | Current policies | Removed diesel efficiency gains";"Electricity"
"OPEX";"Charging Infrastructure";"PL";"Share MCS-Charging";"Tractor-Trailer";"PROG";"%";2035;"0.2";"Sensitivity | Current policies | Removed diesel efficiency gains";"Electricity"
"OPEX";"Charging Infrastructure";"UK";"Share MCS-Charging";"Rigid";"PROG";"%";2035;"0.2";"Sensitivity | Current policies | Removed diesel efficiency gains";"Electricity"
"OPEX";"Charging Infrastructure";"UK";"Share MCS-Charging";"Tractor-Trailer";"PROG";"%";2035;"0.2";"Sensitivity | Current policies | Removed diesel efficiency gains";"Electricity"
"OPEX";"Charging Infrastructure";"DE";"Depot - Network fees savings potential";"Rigid";"PROG";"EUR/kWh";2035;"-0.01";"Sensitivity | Current policies | Removed diesel efficiency gains";"Electricity"
"OPEX";"Charging Infrastructure";"DE";"Depot - Network fees savings potential";"Tractor-Trailer";"PROG";"EUR/kWh";2035;"-0.01";"Sensitivity | Current policies | Removed diesel efficiency gains";"Electricity"
"OPEX";"Charging Infrastructure";"ES";"Depot - Network fees savings potential";"Rigid";"PROG";"EUR/kWh";2035;"-0.01";"Sensitivity | Current policies | Removed diesel efficiency gains";"Electricity"
"OPEX";"Charging Infrastructure";"ES";"Depot - Network fees savings potential";"Tractor-Trailer";"PROG";"EUR/kWh";2035;"-0.01";"Sensitivity | Current policies | Removed diesel efficiency gains";"Electricity"
"OPEX";"Charging Infrastructure";"FR";"Depot - Network fees savings potential";"Rigid";"PROG";"EUR/kWh";2035;"-0.01";"Sensitivity | Current policies | Removed diesel efficiency gains";"Electricity"
"OPEX";"Charging Infrastructure";"FR";"Depot - Network fees savings potential";"Tractor-Trailer";"PROG";"EUR/kWh";2035;"-0.01";"Sensitivity | Current policies | Removed diesel efficiency gains";"Electricity"
"OPEX";"Charging Infrastructure";"IT";"Depot - Network fees savings potential";"Rigid";"PROG";"EUR/kWh";2035;"-0.01";"Sensitivity | Current policies | Removed diesel efficiency gains";"Electricity"
"OPEX";"Charging Infrastructure";"IT";"Depot - Network fees savings potential";"Tractor-Trailer";"PROG";"EUR/kWh";2035;"-0.01";"Sensitivity | Current policies | Removed diesel efficiency gains";"Electricity"
"OPEX";"Charging Infrastructure";"NL";"Depot - Network fees savings potential";"Rigid";"PROG";"EUR/kWh";2035;"-0.01";"Sensitivity | Current policies | Removed diesel efficiency gains";"Electricity"
"OPEX";"Charging Infrastructure";"NL";"Depot - Network fees savings potential";"Tractor-Trailer";"PROG";"EUR/kWh";2035;"-0.01";"Sensitivity | Current policies | Removed diesel efficiency gains";"Electricity"
"OPEX";"Charging Infrastructure";"PL";"Depot - Network fees savings potential";"Rigid";"PROG";"EUR/kWh";2035;"-0.01";"Sensitivity | Current policies | Removed diesel efficiency gains";"Electricity"
"OPEX";"Charging Infrastructure";"PL";"Depot - Network fees savings potential";"Tractor-Trailer";"PROG";"EUR/kWh";2035;"-0.01";"Sensitivity | Current policies | Removed diesel efficiency gains";"Electricity"
"OPEX";"Charging Infrastructure";"UK";"Depot - Network fees savings potential";"Rigid";"PROG";"EUR/kWh";2035;"-0.01";"Sensitivity | Current policies | Removed diesel efficiency gains";"Electricity"
"OPEX";"Charging Infrastructure";"UK";"Depot - Network fees savings potential";"Tractor-Trailer";"PROG";"EUR/kWh";2035;"-0.01";"Sensitivity | Current policies | Removed diesel efficiency gains";"Electricity"
"OPEX";"Taxes";"DE";"Tax reduction";"Rigid";"PROG";"%";2035;"0";"Sensitivity | Current policies | Removed diesel efficiency gains";"Hydrogen"
"OPEX";"Taxes";"DE";"Tax reduction";"Tractor-Trailer";"PROG";"%";2035;"0";"Sensitivity | Current policies | Removed diesel efficiency gains";"Hydrogen"
"OPEX";"Taxes";"ES";"Tax reduction";"Rigid";"PROG";"%";2035;"0";"Sensitivity | Current policies | Removed diesel efficiency gains";"Hydrogen"
"OPEX";"Taxes";"ES";"Tax reduction";"Tractor-Trailer";"PROG";"%";2035;"0";"Sensitivity | Current policies | Removed diesel efficiency gains";"Hydrogen"
"OPEX";"Taxes";"FR";"Tax reduction";"Rigid";"PROG";"%";2035;"0";"Sensitivity | Current policies | Removed diesel efficiency gains";"Hydrogen"
"OPEX";"Taxes";"FR";"Tax reduction";"Tractor-Trailer";"PROG";"%";2035;"0";"Sensitivity | Current policies | Removed diesel efficiency gains";"Hydrogen"
"OPEX";"Taxes";"IT";"Tax reduction";"Rigid";"PROG";"%";2035;"0";"Sensitivity | Current policies | Removed diesel efficiency gains";"Hydrogen"
"OPEX";"Taxes";"IT";"Tax reduction";"Tractor-Trailer";"PROG";"%";2035;"0";"Sensitivity | Current policies | Removed diesel efficiency gains";"Hydrogen"
"OPEX";"Taxes";"NL";"Tax reduction";"Rigid";"PROG";"%";2035;"0";"Sensitivity | Current policies | Removed diesel efficiency gains";"Hydrogen"
"OPEX";"Taxes";"NL";"Tax reduction";"Tractor-Trailer";"PROG";"%";2035;"0";"Sensitivity | Current policies | Removed diesel efficiency gains";"Hydrogen"
"OPEX";"Taxes";"PL";"Tax reduction";"Rigid";"PROG";"%";2035;"0";"Sensitivity | Current policies | Removed diesel efficiency gains";"Hydrogen"
"OPEX";"Taxes";"PL";"Tax reduction";"Tractor-Trailer";"PROG";"%";2035;"0";"Sensitivity | Current policies | Removed diesel efficiency gains";"Hydrogen"
"OPEX";"Taxes";"UK";"Tax reduction";"Rigid";"PROG";"%";2035;"0";"Sensitivity | Current policies | Removed diesel efficiency gains";"Hydrogen"
"OPEX";"Taxes";"UK";"Tax reduction";"Tractor-Trailer";"PROG";"%";2035;"0";"Sensitivity | Current policies | Removed diesel efficiency gains";"Hydrogen"
"OPEX";"Taxes";"DE";"Excise Duty - Diesel";"Rigid";"BAU";"EUR/kWh";2035;"0.047";"Sensitivity | Current policies | Removed diesel efficiency gains";"Diesel"
"OPEX";"Taxes";"DE";"Excise Duty - Diesel";"Tractor-Trailer";"BAU";"EUR/kWh";2035;"0.047";"Sensitivity | Current policies | Removed diesel efficiency gains";"Diesel"
"OPEX";"Taxes";"DE";"Excise Duty - Diesel";"Rigid";"PROG";"EUR/kWh";2035;"0.047";"Sensitivity | Current policies | Removed diesel efficiency gains";"Diesel"
"OPEX";"Taxes";"DE";"Excise Duty - Diesel";"Tractor-Trailer";"PROG";"EUR/kWh";2035;"0.047";"Sensitivity | Current policies | Removed diesel efficiency gains";"Diesel"
"OPEX";"Taxes";"ES";"Excise Duty - Diesel";"Rigid";"BAU";"EUR/kWh";2035;"0.038";"Sensitivity | Current policies | Removed diesel efficiency gains";"Diesel"
"OPEX";"Taxes";"ES";"Excise Duty - Diesel";"Tractor-Trailer";"BAU";"EUR/kWh";2035;"0.038";"Sensitivity | Current policies | Removed diesel efficiency gains";"Diesel"
"OPEX";"Taxes";"ES";"Excise Duty - Diesel";"Rigid";"PROG";"EUR/kWh";2035;"0.038";"Sensitivity | Current policies | Removed diesel efficiency gains";"Diesel"
"OPEX";"Taxes";"ES";"Excise Duty - Diesel";"Tractor-Trailer";"PROG";"EUR/kWh";2035;"0.038";"Sensitivity | Current policies | Removed diesel efficiency gains";"Diesel"
"OPEX";"Taxes";"FR";"Excise Duty - Diesel";"Rigid";"BAU";"EUR/kWh";2035;"0.06";"Sensitivity | Current policies | Removed diesel efficiency gains";"Diesel"
"OPEX";"Taxes";"FR";"Excise Duty - Diesel";"Tractor-Trailer";"BAU";"EUR/kWh";2035;"0.06";"Sensitivity | Current policies | Removed diesel efficiency gains";"Diesel"
"OPEX";"Taxes";"FR";"Excise Duty - Diesel";"Rigid";"PROG";"EUR/kWh";2035;"0.06";"Sensitivity | Current policies | Removed diesel efficiency gains";"Diesel"
"OPEX";"Taxes";"FR";"Excise Duty - Diesel";"Tractor-Trailer";"PROG";"EUR/kWh";2035;"0.06";"Sensitivity | Current policies | Removed diesel efficiency gains";"Diesel"
"OPEX";"Taxes";"IT";"Excise Duty - Diesel";"Rigid";"BAU";"EUR/kWh";2035;"0.062";"Sensitivity | Current policies | Removed diesel efficiency gains";"Diesel"
"OPEX";"Taxes";"IT";"Excise Duty - Diesel";"Tractor-Trailer";"BAU";"EUR/kWh";2035;"0.062";"Sensitivity | Current policies | Removed diesel efficiency gains";"Diesel"
"OPEX";"Taxes";"IT";"Excise Duty - Diesel";"Rigid";"PROG";"EUR/kWh";2035;"0.062";"Sensitivity | Current policies | Removed diesel efficiency gains";"Diesel"
"OPEX";"Taxes";"IT";"Excise Duty - Diesel";"Tractor-Trailer";"PROG";"EUR/kWh";2035;"0.062";"Sensitivity | Current policies | Removed diesel efficiency gains";"Diesel"
"OPEX";"Taxes";"NL";"Excise Duty - Diesel";"Rigid";"BAU";"EUR/kWh";2035;"0.053";"Sensitivity | Current policies | Removed diesel efficiency gains";"Diesel"
"OPEX";"Taxes";"NL";"Excise Duty - Diesel";"Tractor-Trailer";"BAU";"EUR/kWh";2035;"0.053";"Sensitivity | Current policies | Removed diesel efficiency gains";"Diesel"
"OPEX";"Taxes";"NL";"Excise Duty - Diesel";"Rigid";"PROG";"EUR/kWh";2035;"0.053";"Sensitivity | Current policies | Removed diesel efficiency gains";"Diesel"
"OPEX";"Taxes";"NL";"Excise Duty - Diesel";"Tractor-Trailer";"PROG";"EUR/kWh";2035;"0.053";"Sensitivity | Current policies | Removed diesel efficiency gains";"Diesel"
"OPEX";"Taxes";"PL";"Excise Duty - Diesel";"Rigid";"BAU";"EUR/kWh";2035;"0.033";"Sensitivity | Current policies | Removed diesel efficiency gains";"Diesel"
"OPEX";"Taxes";"PL";"Excise Duty - Diesel";"Tractor-Trailer";"BAU";"EUR/kWh";2035;"0.033";"Sensitivity | Current policies | Removed diesel efficiency gains";"Diesel"
"OPEX";"Taxes";"PL";"Excise Duty - Diesel";"Rigid";"PROG";"EUR/kWh";2035;"0.033";"Sensitivity | Current policies | Removed diesel efficiency gains";"Diesel"
"OPEX";"Taxes";"PL";"Excise Duty - Diesel";"Tractor-Trailer";"PROG";"EUR/kWh";2035;"0.033";"Sensitivity | Current policies | Removed diesel efficiency gains";"Diesel"
"OPEX";"Taxes";"UK";"Excise Duty - Diesel";"Rigid";"BAU";"EUR/kWh";2035;"0.053";"Sensitivity | Current policies | Removed diesel efficiency gains";"Diesel"
"OPEX";"Taxes";"UK";"Excise Duty - Diesel";"Tractor-Trailer";"BAU";"EUR/kWh";2035;"0.053";"Sensitivity | Current policies | Removed diesel efficiency gains";"Diesel"
"OPEX";"Taxes";"UK";"Excise Duty - Diesel";"Rigid";"PROG";"EUR/kWh";2035;"0.053";"Sensitivity | Current policies | Removed diesel efficiency gains";"Diesel"
"OPEX";"Taxes";"UK";"Excise Duty - Diesel";"Tractor-Trailer";"PROG";"EUR/kWh";2035;"0.053";"Sensitivity | Current policies | Removed diesel efficiency gains";"Diesel"
"OPEX";"Taxes";"DE";"Excise Duty - Reduction biodiesel";"Rigid";"BAU";"%";2035;"0.5";"Sensitivity | Current policies | Removed diesel efficiency gains";"Diesel"
"OPEX";"Taxes";"DE";"Excise Duty - Reduction biodiesel";"Tractor-Trailer";"BAU";"%";2035;"0.5";"Sensitivity | Current policies | Removed diesel efficiency gains";"Diesel"
"OPEX";"Taxes";"DE";"Excise Duty - Reduction biodiesel";"Rigid";"PROG";"%";2035;"0.5";"Sensitivity | Current policies | Removed diesel efficiency gains";"Diesel"
"OPEX";"Taxes";"DE";"Excise Duty - Reduction biodiesel";"Tractor-Trailer";"PROG";"%";2035;"0.5";"Sensitivity | Current policies | Removed diesel efficiency gains";"Diesel"
"OPEX";"Taxes";"ES";"Excise Duty - Reduction biodiesel";"Rigid";"BAU";"%";2035;"0.5";"Sensitivity | Current policies | Removed diesel efficiency gains";"Diesel"
"OPEX";"Taxes";"ES";"Excise Duty - Reduction biodiesel";"Tractor-Trailer";"BAU";"%";2035;"0.5";"Sensitivity | Current policies | Removed diesel efficiency gains";"Diesel"
"OPEX";"Taxes";"ES";"Excise Duty - Reduction biodiesel";"Rigid";"PROG";"%";2035;"0.5";"Sensitivity | Current policies | Removed diesel efficiency gains";"Diesel"
"OPEX";"Taxes";"ES";"Excise Duty - Reduction biodiesel";"Tractor-Trailer";"PROG";"%";2035;"0.5";"Sensitivity | Current policies | Removed diesel efficiency gains";"Diesel"
"OPEX";"Taxes";"FR";"Excise Duty - Reduction biodiesel";"Rigid";"BAU";"%";2035;"0.5";"Sensitivity | Current policies | Removed diesel efficiency gains";"Diesel"
"OPEX";"Taxes";"FR";"Excise Duty - Reduction biodiesel";"Tractor-Trailer";"BAU";"%";2035;"0.5";"Sensitivity | Current policies | Removed diesel efficiency gains";"Diesel"
"OPEX";"Taxes";"FR";"Excise Duty - Reduction biodiesel";"Rigid";"PROG";"%";2035;"0.5";"Sensitivity | Current policies | Removed diesel efficiency gains";"Diesel"
"OPEX";"Taxes";"FR";"Excise Duty - Reduction biodiesel";"Tractor-Trailer";"PROG";"%";2035;"0.5";"Sensitivity | Current policies | Removed diesel efficiency gains";"Diesel"
"OPEX";"Taxes";"IT";"Excise Duty - Reduction biodiesel";"Rigid";"BAU";"%";2035;"0.5";"Sensitivity | Current policies | Removed diesel efficiency gains";"Diesel"
"OPEX";"Taxes";"IT";"Excise Duty - Reduction biodiesel";"Tractor-Trailer";"BAU";"%";2035;"0.5";"Sensitivity | Current policies | Removed diesel efficiency gains";"Diesel"
"OPEX";"Taxes";"IT";"Excise Duty - Reduction biodiesel";"Rigid";"PROG";"%";2035;"0.5";"Sensitivity | Current policies | Removed diesel efficiency gains";"Diesel"
"OPEX";"Taxes";"IT";"Excise Duty - Reduction biodiesel";"Tractor-Trailer";"PROG";"%";2035;"0.5";"Sensitivity | Current policies | Removed diesel efficiency gains";"Diesel"
"OPEX";"Taxes";"NL";"Excise Duty - Reduction biodiesel";"Rigid";"BAU";"%";2035;"0.5";"Sensitivity | Current policies | Removed diesel efficiency gains";"Diesel"
"OPEX";"Taxes";"NL";"Excise Duty - Reduction biodiesel";"Tractor-Trailer";"BAU";"%";2035;"0.5";"Sensitivity | Current policies | Removed diesel efficiency gains";"Diesel"
"OPEX";"Taxes";"NL";"Excise Duty - Reduction biodiesel";"Rigid";"PROG";"%";2035;"0.5";"Sensitivity | Current policies | Removed diesel efficiency gains";"Diesel"
"OPEX";"Taxes";"NL";"Excise Duty - Reduction biodiesel";"Tractor-Trailer";"PROG";"%";2035;"0.5";"Sensitivity | Current policies | Removed diesel efficiency gains";"Diesel"
"OPEX";"Taxes";"PL";"Excise Duty - Reduction biodiesel";"Rigid";"BAU";"%";2035;"0.5";"Sensitivity | Current policies | Removed diesel efficiency gains";"Diesel"
"OPEX";"Taxes";"PL";"Excise Duty - Reduction biodiesel";"Tractor-Trailer";"BAU";"%";2035;"0.5";"Sensitivity | Current policies | Removed diesel efficiency gains";"Diesel"
"OPEX";"Taxes";"PL";"Excise Duty - Reduction biodiesel";"Rigid";"PROG";"%";2035;"0.5";"Sensitivity | Current policies | Removed diesel efficiency gains";"Diesel"
"OPEX";"Taxes";"PL";"Excise Duty - Reduction biodiesel";"Tractor-Trailer";"PROG";"%";2035;"0.5";"Sensitivity | Current policies | Removed diesel efficiency gains";"Diesel"
"OPEX";"Taxes";"UK";"Excise Duty - Reduction biodiesel";"Rigid";"BAU";"%";2035;"0.5";"Sensitivity | Current policies | Removed diesel efficiency gains";"Diesel"
"OPEX";"Taxes";"UK";"Excise Duty - Reduction biodiesel";"Tractor-Trailer";"BAU";"%";2035;"0.5";"Sensitivity | Current policies | Removed diesel efficiency gains";"Diesel"
"OPEX";"Taxes";"UK";"Excise Duty - Reduction biodiesel";"Rigid";"PROG";"%";2035;"0.5";"Sensitivity | Current policies | Removed diesel efficiency gains";"Diesel"
"OPEX";"Taxes";"UK";"Excise Duty - Reduction biodiesel";"Tractor-Trailer";"PROG";"%";2035;"0.5";"Sensitivity | Current policies | Removed diesel efficiency gains";"Diesel"
"OPEX";"Taxes";"DE";"Excise Duty - Reduction Synthetic Diesel (E-Fuels)";"Rigid";"BAU";"%";2035;"0.5";"Sensitivity | Current policies | Removed diesel efficiency gains";"Diesel"
"OPEX";"Taxes";"DE";"Excise Duty - Reduction Synthetic Diesel (E-Fuels)";"Tractor-Trailer";"BAU";"%";2035;"0.5";"Sensitivity | Current policies | Removed diesel efficiency gains";"Diesel"
"OPEX";"Taxes";"DE";"Excise Duty - Reduction Synthetic Diesel (E-Fuels)";"Rigid";"PROG";"%";2035;"0.5";"Sensitivity | Current policies | Removed diesel efficiency gains";"Diesel"
"OPEX";"Taxes";"DE";"Excise Duty - Reduction Synthetic Diesel (E-Fuels)";"Tractor-Trailer";"PROG";"%";2035;"0.5";"Sensitivity | Current policies | Removed diesel efficiency gains";"Diesel"
"OPEX";"Taxes";"ES";"Excise Duty - Reduction Synthetic Diesel (E-Fuels)";"Rigid";"BAU";"%";2035;"0.5";"Sensitivity | Current policies | Removed diesel efficiency gains";"Diesel"
"OPEX";"Taxes";"ES";"Excise Duty - Reduction Synthetic Diesel (E-Fuels)";"Tractor-Trailer";"BAU";"%";2035;"0.5";"Sensitivity | Current policies | Removed diesel efficiency gains";"Diesel"
"OPEX";"Taxes";"ES";"Excise Duty - Reduction Synthetic Diesel (E-Fuels)";"Rigid";"PROG";"%";2035;"0.5";"Sensitivity | Current policies | Removed diesel efficiency gains";"Diesel"
"OPEX";"Taxes";"ES";"Excise Duty - Reduction Synthetic Diesel (E-Fuels)";"Tractor-Trailer";"PROG";"%";2035;"0.5";"Sensitivity | Current policies | Removed diesel efficiency gains";"Diesel"
"OPEX";"Taxes";"FR";"Excise Duty - Reduction Synthetic Diesel (E-Fuels)";"Rigid";"BAU";"%";2035;"0.5";"Sensitivity | Current policies | Removed diesel efficiency gains";"Diesel"
"OPEX";"Taxes";"FR";"Excise Duty - Reduction Synthetic Diesel (E-Fuels)";"Tractor-Trailer";"BAU";"%";2035;"0.5";"Sensitivity | Current policies | Removed diesel efficiency gains";"Diesel"
"OPEX";"Taxes";"FR";"Excise Duty - Reduction Synthetic Diesel (E-Fuels)";"Rigid";"PROG";"%";2035;"0.5";"Sensitivity | Current policies | Removed diesel efficiency gains";"Diesel"
"OPEX";"Taxes";"FR";"Excise Duty - Reduction Synthetic Diesel (E-Fuels)";"Tractor-Trailer";"PROG";"%";2035;"0.5";"Sensitivity | Current policies | Removed diesel efficiency gains";"Diesel"
"OPEX";"Taxes";"IT";"Excise Duty - Reduction Synthetic Diesel (E-Fuels)";"Rigid";"BAU";"%";2035;"0.5";"Sensitivity | Current policies | Removed diesel efficiency gains";"Diesel"
"OPEX";"Taxes";"IT";"Excise Duty - Reduction Synthetic Diesel (E-Fuels)";"Tractor-Trailer";"BAU";"%";2035;"0.5";"Sensitivity | Current policies | Removed diesel efficiency gains";"Diesel"
"OPEX";"Taxes";"IT";"Excise Duty - Reduction Synthetic Diesel (E-Fuels)";"Rigid";"PROG";"%";2035;"0.5";"Sensitivity | Current policies | Removed diesel efficiency gains";"Diesel"
"OPEX";"Taxes";"IT";"Excise Duty - Reduction Synthetic Diesel (E-Fuels)";"Tractor-Trailer";"PROG";"%";2035;"0.5";"Sensitivity | Current policies | Removed diesel efficiency gains";"Diesel"
"OPEX";"Taxes";"NL";"Excise Duty - Reduction Synthetic Diesel (E-Fuels)";"Rigid";"BAU";"%";2035;"0.5";"Sensitivity | Current policies | Removed diesel efficiency gains";"Diesel"
"OPEX";"Taxes";"NL";"Excise Duty - Reduction Synthetic Diesel (E-Fuels)";"Tractor-Trailer";"BAU";"%";2035;"0.5";"Sensitivity | Current policies | Removed diesel efficiency gains";"Diesel"
"OPEX";"Taxes";"NL";"Excise Duty - Reduction Synthetic Diesel (E-Fuels)";"Rigid";"PROG";"%";2035;"0.5";"Sensitivity | Current policies | Removed diesel efficiency gains";"Diesel"
"OPEX";"Taxes";"NL";"Excise Duty - Reduction Synthetic Diesel (E-Fuels)";"Tractor-Trailer";"PROG";"%";2035;"0.5";"Sensitivity | Current policies | Removed diesel efficiency gains";"Diesel"
"OPEX";"Taxes";"PL";"Excise Duty - Reduction Synthetic Diesel (E-Fuels)";"Rigid";"BAU";"%";2035;"0.5";"Sensitivity | Current policies | Removed diesel efficiency gains";"Diesel"
"OPEX";"Taxes";"PL";"Excise Duty - Reduction Synthetic Diesel (E-Fuels)";"Tractor-Trailer";"BAU";"%";2035;"0.5";"Sensitivity | Current policies | Removed diesel efficiency gains";"Diesel"
"OPEX";"Taxes";"PL";"Excise Duty - Reduction Synthetic Diesel (E-Fuels)";"Rigid";"PROG";"%";2035;"0.5";"Sensitivity | Current policies | Removed diesel efficiency gains";"Diesel"
"OPEX";"Taxes";"PL";"Excise Duty - Reduction Synthetic Diesel (E-Fuels)";"Tractor-Trailer";"PROG";"%";2035;"0.5";"Sensitivity | Current policies | Removed diesel efficiency gains";"Diesel"
"OPEX";"Taxes";"UK";"Excise Duty - Reduction Synthetic Diesel (E-Fuels)";"Rigid";"BAU";"%";2035;"0.5";"Sensitivity | Current policies | Removed diesel efficiency gains";"Diesel"
"OPEX";"Taxes";"UK";"Excise Duty - Reduction Synthetic Diesel (E-Fuels)";"Tractor-Trailer";"BAU";"%";2035;"0.5";"Sensitivity | Current policies | Removed diesel efficiency gains";"Diesel"
"OPEX";"Taxes";"UK";"Excise Duty - Reduction Synthetic Diesel (E-Fuels)";"Rigid";"PROG";"%";2035;"0.5";"Sensitivity | Current policies | Removed diesel efficiency gains";"Diesel"
"OPEX";"Taxes";"UK";"Excise Duty - Reduction Synthetic Diesel (E-Fuels)";"Tractor-Trailer";"PROG";"%";2035;"0.5";"Sensitivity | Current policies | Removed diesel efficiency gains";"Diesel"
"OPEX";"Taxes";"DE";"Taxes, Fees, Levies and charges - H2";"Rigid";"BAU";"EUR/kWh";2035;"0.015";"Sensitivity | Current policies | Removed diesel efficiency gains";"Hydrogen"
"OPEX";"Taxes";"DE";"Taxes, Fees, Levies and charges - H2";"Tractor-Trailer";"BAU";"EUR/kWh";2035;"0.015";"Sensitivity | Current policies | Removed diesel efficiency gains";"Hydrogen"
"OPEX";"Taxes";"DE";"Taxes, Fees, Levies and charges - H2";"Rigid";"PROG";"EUR/kWh";2035;"0.015";"Sensitivity | Current policies | Removed diesel efficiency gains";"Hydrogen"
"OPEX";"Taxes";"DE";"Taxes, Fees, Levies and charges - H2";"Tractor-Trailer";"PROG";"EUR/kWh";2035;"0.015";"Sensitivity | Current policies | Removed diesel efficiency gains";"Hydrogen"
"OPEX";"Taxes";"ES";"Taxes, Fees, Levies and charges - H2";"Rigid";"BAU";"EUR/kWh";2035;"0.008";"Sensitivity | Current policies | Removed diesel efficiency gains";"Hydrogen"
"OPEX";"Taxes";"ES";"Taxes, Fees, Levies and charges - H2";"Tractor-Trailer";"BAU";"EUR/kWh";2035;"0.008";"Sensitivity | Current policies | Removed diesel efficiency gains";"Hydrogen"
"OPEX";"Taxes";"ES";"Taxes, Fees, Levies and charges - H2";"Rigid";"PROG";"EUR/kWh";2035;"0.008";"Sensitivity | Current policies | Removed diesel efficiency gains";"Hydrogen"
"OPEX";"Taxes";"ES";"Taxes, Fees, Levies and charges - H2";"Tractor-Trailer";"PROG";"EUR/kWh";2035;"0.008";"Sensitivity | Current policies | Removed diesel efficiency gains";"Hydrogen"
"OPEX";"Taxes";"FR";"Taxes, Fees, Levies and charges - H2";"Rigid";"BAU";"EUR/kWh";2035;"0.012";"Sensitivity | Current policies | Removed diesel efficiency gains";"Hydrogen"
"OPEX";"Taxes";"FR";"Taxes, Fees, Levies and charges - H2";"Tractor-Trailer";"BAU";"EUR/kWh";2035;"0.012";"Sensitivity | Current policies | Removed diesel efficiency gains";"Hydrogen"
"OPEX";"Taxes";"FR";"Taxes, Fees, Levies and charges - H2";"Rigid";"PROG";"EUR/kWh";2035;"0.012";"Sensitivity | Current policies | Removed diesel efficiency gains";"Hydrogen"
"OPEX";"Taxes";"FR";"Taxes, Fees, Levies and charges - H2";"Tractor-Trailer";"PROG";"EUR/kWh";2035;"0.012";"Sensitivity | Current policies | Removed diesel efficiency gains";"Hydrogen"
"OPEX";"Taxes";"IT";"Taxes, Fees, Levies and charges - H2";"Rigid";"BAU";"EUR/kWh";2035;"0.009";"Sensitivity | Current policies | Removed diesel efficiency gains";"Hydrogen"
"OPEX";"Taxes";"IT";"Taxes, Fees, Levies and charges - H2";"Tractor-Trailer";"BAU";"EUR/kWh";2035;"0.009";"Sensitivity | Current policies | Removed diesel efficiency gains";"Hydrogen"
"OPEX";"Taxes";"IT";"Taxes, Fees, Levies and charges - H2";"Rigid";"PROG";"EUR/kWh";2035;"0.009";"Sensitivity | Current policies | Removed diesel efficiency gains";"Hydrogen"
"OPEX";"Taxes";"IT";"Taxes, Fees, Levies and charges - H2";"Tractor-Trailer";"PROG";"EUR/kWh";2035;"0.009";"Sensitivity | Current policies | Removed diesel efficiency gains";"Hydrogen"
"OPEX";"Taxes";"NL";"Taxes, Fees, Levies and charges - H2";"Rigid";"BAU";"EUR/kWh";2035;"0.024";"Sensitivity | Current policies | Removed diesel efficiency gains";"Hydrogen"
"OPEX";"Taxes";"NL";"Taxes, Fees, Levies and charges - H2";"Tractor-Trailer";"BAU";"EUR/kWh";2035;"0.024";"Sensitivity | Current policies | Removed diesel efficiency gains";"Hydrogen"
"OPEX";"Taxes";"NL";"Taxes, Fees, Levies and charges - H2";"Rigid";"PROG";"EUR/kWh";2035;"0.024";"Sensitivity | Current policies | Removed diesel efficiency gains";"Hydrogen"
"OPEX";"Taxes";"NL";"Taxes, Fees, Levies and charges - H2";"Tractor-Trailer";"PROG";"EUR/kWh";2035;"0.024";"Sensitivity | Current policies | Removed diesel efficiency gains";"Hydrogen"
"OPEX";"Taxes";"PL";"Taxes, Fees, Levies and charges - H2";"Rigid";"BAU";"EUR/kWh";2035;"0.009";"Sensitivity | Current policies | Removed diesel efficiency gains";"Hydrogen"
"OPEX";"Taxes";"PL";"Taxes, Fees, Levies and charges - H2";"Tractor-Trailer";"BAU";"EUR/kWh";2035;"0.009";"Sensitivity | Current policies | Removed diesel efficiency gains";"Hydrogen"
"OPEX";"Taxes";"PL";"Taxes, Fees, Levies and charges - H2";"Rigid";"PROG";"EUR/kWh";2035;"0.009";"Sensitivity | Current policies | Removed diesel efficiency gains";"Hydrogen"
"OPEX";"Taxes";"PL";"Taxes, Fees, Levies and charges - H2";"Tractor-Trailer";"PROG";"EUR/kWh";2035;"0.009";"Sensitivity | Current policies | Removed diesel efficiency gains";"Hydrogen"
"OPEX";"Taxes";"UK";"Taxes, Fees, Levies and charges - H2";"Rigid";"BAU";"EUR/kWh";2035;"0.006";"Sensitivity | Current policies | Removed diesel efficiency gains";"Hydrogen"
"OPEX";"Taxes";"UK";"Taxes, Fees, Levies and charges - H2";"Tractor-Trailer";"BAU";"EUR/kWh";2035;"0.006";"Sensitivity | Current policies | Removed diesel efficiency gains";"Hydrogen"
"OPEX";"Taxes";"UK";"Taxes, Fees, Levies and charges - H2";"Rigid";"PROG";"EUR/kWh";2035;"0.006";"Sensitivity | Current policies | Removed diesel efficiency gains";"Hydrogen"
"OPEX";"Taxes";"UK";"Taxes, Fees, Levies and charges - H2";"Tractor-Trailer";"PROG";"EUR/kWh";2035;"0.006";"Sensitivity | Current policies | Removed diesel efficiency gains";"Hydrogen"
"OPEX";"Charging Infrastructure";"DE";"MCS grid extension";"Rigid";"PROG";"EUR/kWh";2035;"0.065";"Sensitivity | Current policies | Removed diesel efficiency gains";"Electricity"
"OPEX";"Charging Infrastructure";"DE";"MCS grid extension";"Tractor-Trailer";"PROG";"EUR/kWh";2035;"0.065";"Sensitivity | Current policies | Removed diesel efficiency gains";"Electricity"
"OPEX";"Charging Infrastructure";"DE";"MCS grid extension";"Rigid";"BAU";"EUR/kWh";2035;"0.065";"Sensitivity | Current policies | Removed diesel efficiency gains";"Electricity"
"OPEX";"Charging Infrastructure";"DE";"MCS grid extension";"Tractor-Trailer";"BAU";"EUR/kWh";2035;"0.065";"Sensitivity | Current policies | Removed diesel efficiency gains";"Electricity"
"OPEX";"Charging Infrastructure";"ES";"MCS grid extension";"Rigid";"PROG";"EUR/kWh";2035;"0.065";"Sensitivity | Current policies | Removed diesel efficiency gains";"Electricity"
"OPEX";"Charging Infrastructure";"ES";"MCS grid extension";"Tractor-Trailer";"PROG";"EUR/kWh";2035;"0.065";"Sensitivity | Current policies | Removed diesel efficiency gains";"Electricity"
"OPEX";"Charging Infrastructure";"ES";"MCS grid extension";"Rigid";"BAU";"EUR/kWh";2035;"0.065";"Sensitivity | Current policies | Removed diesel efficiency gains";"Electricity"
"OPEX";"Charging Infrastructure";"ES";"MCS grid extension";"Tractor-Trailer";"BAU";"EUR/kWh";2035;"0.065";"Sensitivity | Current policies | Removed diesel efficiency gains";"Electricity"
"OPEX";"Charging Infrastructure";"FR";"MCS grid extension";"Rigid";"PROG";"EUR/kWh";2035;"0.065";"Sensitivity | Current policies | Removed diesel efficiency gains";"Electricity"
"OPEX";"Charging Infrastructure";"FR";"MCS grid extension";"Tractor-Trailer";"PROG";"EUR/kWh";2035;"0.065";"Sensitivity | Current policies | Removed diesel efficiency gains";"Electricity"
"OPEX";"Charging Infrastructure";"FR";"MCS grid extension";"Rigid";"BAU";"EUR/kWh";2035;"0.065";"Sensitivity | Current policies | Removed diesel efficiency gains";"Electricity"
"OPEX";"Charging Infrastructure";"FR";"MCS grid extension";"Tractor-Trailer";"BAU";"EUR/kWh";2035;"0.065";"Sensitivity | Current policies | Removed diesel efficiency gains";"Electricity"
"OPEX";"Charging Infrastructure";"IT";"MCS grid extension";"Rigid";"PROG";"EUR/kWh";2035;"0.065";"Sensitivity | Current policies | Removed diesel efficiency gains";"Electricity"
"OPEX";"Charging Infrastructure";"IT";"MCS grid extension";"Tractor-Trailer";"PROG";"EUR/kWh";2035;"0.065";"Sensitivity | Current policies | Removed diesel efficiency gains";"Electricity"
"OPEX";"Charging Infrastructure";"IT";"MCS grid extension";"Rigid";"BAU";"EUR/kWh";2035;"0.065";"Sensitivity | Current policies | Removed diesel efficiency gains";"Electricity"
"OPEX";"Charging Infrastructure";"IT";"MCS grid extension";"Tractor-Trailer";"BAU";"EUR/kWh";2035;"0.065";"Sensitivity | Current policies | Removed diesel efficiency gains";"Electricity"
"OPEX";"Charging Infrastructure";"NL";"MCS grid extension";"Rigid";"PROG";"EUR/kWh";2035;"0.065";"Sensitivity | Current policies | Removed diesel efficiency gains";"Electricity"
"OPEX";"Charging Infrastructure";"NL";"MCS grid extension";"Tractor-Trailer";"PROG";"EUR/kWh";2035;"0.065";"Sensitivity | Current policies | Removed diesel efficiency gains";"Electricity"
"OPEX";"Charging Infrastructure";"NL";"MCS grid extension";"Rigid";"BAU";"EUR/kWh";2035;"0.065";"Sensitivity | Current policies | Removed diesel efficiency gains";"Electricity"
"OPEX";"Charging Infrastructure";"NL";"MCS grid extension";"Tractor-Trailer";"BAU";"EUR/kWh";2035;"0.065";"Sensitivity | Current policies | Removed diesel efficiency gains";"Electricity"
"OPEX";"Charging Infrastructure";"PL";"MCS grid extension";"Rigid";"PROG";"EUR/kWh";2035;"0.065";"Sensitivity | Current policies | Removed diesel efficiency gains";"Electricity"
"OPEX";"Charging Infrastructure";"PL";"MCS grid extension";"Tractor-Trailer";"PROG";"EUR/kWh";2035;"0.065";"Sensitivity | Current policies | Removed diesel efficiency gains";"Electricity"
"OPEX";"Charging Infrastructure";"PL";"MCS grid extension";"Rigid";"BAU";"EUR/kWh";2035;"0.065";"Sensitivity | Current policies | Removed diesel efficiency gains";"Electricity"
"OPEX";"Charging Infrastructure";"PL";"MCS grid extension";"Tractor-Trailer";"BAU";"EUR/kWh";2035;"0.065";"Sensitivity | Current policies | Removed diesel efficiency gains";"Electricity"
"OPEX";"Charging Infrastructure";"UK";"MCS grid extension";"Rigid";"PROG";"EUR/kWh";2035;"0.065";"Sensitivity | Current policies | Removed diesel efficiency gains";"Electricity"
"OPEX";"Charging Infrastructure";"UK";"MCS grid extension";"Tractor-Trailer";"PROG";"EUR/kWh";2035;"0.065";"Sensitivity | Current policies | Removed diesel efficiency gains";"Electricity"
"OPEX";"Charging Infrastructure";"UK";"MCS grid extension";"Rigid";"BAU";"EUR/kWh";2035;"0.065";"Sensitivity | Current policies | Removed diesel efficiency gains";"Electricity"
"OPEX";"Charging Infrastructure";"UK";"MCS grid extension";"Tractor-Trailer";"BAU";"EUR/kWh";2035;"0.065";"Sensitivity | Current policies | Removed diesel efficiency gains";"Electricity"
"OPEX";"Charging Infrastructure";"DE";"MCS Profit and Mark-Up";"Rigid";"PROG";"%";2035;"0.1";"Sensitivity | Current policies | Removed diesel efficiency gains";"Electricity"
"OPEX";"Charging Infrastructure";"DE";"MCS Profit and Mark-Up";"Tractor-Trailer";"PROG";"%";2035;"0.1";"Sensitivity | Current policies | Removed diesel efficiency gains";"Electricity"
"OPEX";"Charging Infrastructure";"DE";"MCS Profit and Mark-Up";"Rigid";"BAU";"%";2035;"0.1";"Sensitivity | Current policies | Removed diesel efficiency gains";"Electricity"
"OPEX";"Charging Infrastructure";"DE";"MCS Profit and Mark-Up";"Tractor-Trailer";"BAU";"%";2035;"0.1";"Sensitivity | Current policies | Removed diesel efficiency gains";"Electricity"
"OPEX";"Charging Infrastructure";"ES";"MCS Profit and Mark-Up";"Rigid";"PROG";"%";2035;"0.1";"Sensitivity | Current policies | Removed diesel efficiency gains";"Electricity"
"OPEX";"Charging Infrastructure";"ES";"MCS Profit and Mark-Up";"Tractor-Trailer";"PROG";"%";2035;"0.1";"Sensitivity | Current policies | Removed diesel efficiency gains";"Electricity"
"OPEX";"Charging Infrastructure";"ES";"MCS Profit and Mark-Up";"Rigid";"BAU";"%";2035;"0.1";"Sensitivity | Current policies | Removed diesel efficiency gains";"Electricity"
"OPEX";"Charging Infrastructure";"ES";"MCS Profit and Mark-Up";"Tractor-Trailer";"BAU";"%";2035;"0.1";"Sensitivity | Current policies | Removed diesel efficiency gains";"Electricity"
"OPEX";"Charging Infrastructure";"FR";"MCS Profit and Mark-Up";"Rigid";"PROG";"%";2035;"0.1";"Sensitivity | Current policies | Removed diesel efficiency gains";"Electricity"
"OPEX";"Charging Infrastructure";"FR";"MCS Profit and Mark-Up";"Tractor-Trailer";"PROG";"%";2035;"0.1";"Sensitivity | Current policies | Removed diesel efficiency gains";"Electricity"
"OPEX";"Charging Infrastructure";"FR";"MCS Profit and Mark-Up";"Rigid";"BAU";"%";2035;"0.1";"Sensitivity | Current policies | Removed diesel efficiency gains";"Electricity"
"OPEX";"Charging Infrastructure";"FR";"MCS Profit and Mark-Up";"Tractor-Trailer";"BAU";"%";2035;"0.1";"Sensitivity | Current policies | Removed diesel efficiency gains";"Electricity"
"OPEX";"Charging Infrastructure";"IT";"MCS Profit and Mark-Up";"Rigid";"PROG";"%";2035;"0.1";"Sensitivity | Current policies | Removed diesel efficiency gains";"Electricity"
"OPEX";"Charging Infrastructure";"IT";"MCS Profit and Mark-Up";"Tractor-Trailer";"PROG";"%";2035;"0.1";"Sensitivity | Current policies | Removed diesel efficiency gains";"Electricity"
"OPEX";"Charging Infrastructure";"IT";"MCS Profit and Mark-Up";"Rigid";"BAU";"%";2035;"0.1";"Sensitivity | Current policies | Removed diesel efficiency gains";"Electricity"
"OPEX";"Charging Infrastructure";"IT";"MCS Profit and Mark-Up";"Tractor-Trailer";"BAU";"%";2035;"0.1";"Sensitivity | Current policies | Removed diesel efficiency gains";"Electricity"
"OPEX";"Charging Infrastructure";"NL";"MCS Profit and Mark-Up";"Rigid";"PROG";"%";2035;"0.1";"Sensitivity | Current policies | Removed diesel efficiency gains";"Electricity"
"OPEX";"Charging Infrastructure";"NL";"MCS Profit and Mark-Up";"Tractor-Trailer";"PROG";"%";2035;"0.1";"Sensitivity | Current policies | Removed diesel efficiency gains";"Electricity"
"OPEX";"Charging Infrastructure";"NL";"MCS Profit and Mark-Up";"Rigid";"BAU";"%";2035;"0.1";"Sensitivity | Current policies | Removed diesel efficiency gains";"Electricity"
"OPEX";"Charging Infrastructure";"NL";"MCS Profit and Mark-Up";"Tractor-Trailer";"BAU";"%";2035;"0.1";"Sensitivity | Current policies | Removed diesel efficiency gains";"Electricity"
"OPEX";"Charging Infrastructure";"PL";"MCS Profit and Mark-Up";"Rigid";"PROG";"%";2035;"0.1";"Sensitivity | Current policies | Removed diesel efficiency gains";"Electricity"
"OPEX";"Charging Infrastructure";"PL";"MCS Profit and Mark-Up";"Tractor-Trailer";"PROG";"%";2035;"0.1";"Sensitivity | Current policies | Removed diesel efficiency gains";"Electricity"
"OPEX";"Charging Infrastructure";"PL";"MCS Profit and Mark-Up";"Rigid";"BAU";"%";2035;"0.1";"Sensitivity | Current policies | Removed diesel efficiency gains";"Electricity"
"OPEX";"Charging Infrastructure";"PL";"MCS Profit and Mark-Up";"Tractor-Trailer";"BAU";"%";2035;"0.1";"Sensitivity | Current policies | Removed diesel efficiency gains";"Electricity"
"OPEX";"Charging Infrastructure";"UK";"MCS Profit and Mark-Up";"Rigid";"PROG";"%";2035;"0.1";"Sensitivity | Current policies | Removed diesel efficiency gains";"Electricity"
"OPEX";"Charging Infrastructure";"UK";"MCS Profit and Mark-Up";"Tractor-Trailer";"PROG";"%";2035;"0.1";"Sensitivity | Current policies | Removed diesel efficiency gains";"Electricity"
"OPEX";"Charging Infrastructure";"UK";"MCS Profit and Mark-Up";"Rigid";"BAU";"%";2035;"0.1";"Sensitivity | Current policies | Removed diesel efficiency gains";"Electricity"
"OPEX";"Charging Infrastructure";"UK";"MCS Profit and Mark-Up";"Tractor-Trailer";"BAU";"%";2035;"0.1";"Sensitivity | Current policies | Removed diesel efficiency gains";"Electricity"
"OPEX";"Charging Infrastructure";"DE";"CCS Station (Depot) - Incl. Overhead";"Rigid";"PROG";"EUR/kWh";2035;"0.027";"Sensitivity | Current policies | Removed diesel efficiency gains";"Electricity"
"OPEX";"Charging Infrastructure";"DE";"CCS Station (Depot) - Incl. Overhead";"Tractor-Trailer";"PROG";"EUR/kWh";2035;"0.027";"Sensitivity | Current policies | Removed diesel efficiency gains";"Electricity"
"OPEX";"Charging Infrastructure";"DE";"CCS Station (Depot) - Incl. Overhead";"Rigid";"BAU";"EUR/kWh";2035;"0.027";"Sensitivity | Current policies | Removed diesel efficiency gains";"Electricity"
"OPEX";"Charging Infrastructure";"DE";"CCS Station (Depot) - Incl. Overhead";"Tractor-Trailer";"BAU";"EUR/kWh";2035;"0.027";"Sensitivity | Current policies | Removed diesel efficiency gains";"Electricity"
"OPEX";"Charging Infrastructure";"ES";"CCS Station (Depot) - Incl. Overhead";"Rigid";"PROG";"EUR/kWh";2035;"0.027";"Sensitivity | Current policies | Removed diesel efficiency gains";"Electricity"
"OPEX";"Charging Infrastructure";"ES";"CCS Station (Depot) - Incl. Overhead";"Tractor-Trailer";"PROG";"EUR/kWh";2035;"0.027";"Sensitivity | Current policies | Removed diesel efficiency gains";"Electricity"
"OPEX";"Charging Infrastructure";"ES";"CCS Station (Depot) - Incl. Overhead";"Rigid";"BAU";"EUR/kWh";2035;"0.027";"Sensitivity | Current policies | Removed diesel efficiency gains";"Electricity"
"OPEX";"Charging Infrastructure";"ES";"CCS Station (Depot) - Incl. Overhead";"Tractor-Trailer";"BAU";"EUR/kWh";2035;"0.027";"Sensitivity | Current policies | Removed diesel efficiency gains";"Electricity"
"OPEX";"Charging Infrastructure";"FR";"CCS Station (Depot) - Incl. Overhead";"Rigid";"PROG";"EUR/kWh";2035;"0.027";"Sensitivity | Current policies | Removed diesel efficiency gains";"Electricity"
"OPEX";"Charging Infrastructure";"FR";"CCS Station (Depot) - Incl. Overhead";"Tractor-Trailer";"PROG";"EUR/kWh";2035;"0.027";"Sensitivity | Current policies | Removed diesel efficiency gains";"Electricity"
"OPEX";"Charging Infrastructure";"FR";"CCS Station (Depot) - Incl. Overhead";"Rigid";"BAU";"EUR/kWh";2035;"0.027";"Sensitivity | Current policies | Removed diesel efficiency gains";"Electricity"
"OPEX";"Charging Infrastructure";"FR";"CCS Station (Depot) - Incl. Overhead";"Tractor-Trailer";"BAU";"EUR/kWh";2035;"0.027";"Sensitivity | Current policies | Removed diesel efficiency gains";"Electricity"
"OPEX";"Charging Infrastructure";"IT";"CCS Station (Depot) - Incl. Overhead";"Rigid";"PROG";"EUR/kWh";2035;"0.027";"Sensitivity | Current policies | Removed diesel efficiency gains";"Electricity"
"OPEX";"Charging Infrastructure";"IT";"CCS Station (Depot) - Incl. Overhead";"Tractor-Trailer";"PROG";"EUR/kWh";2035;"0.027";"Sensitivity | Current policies | Removed diesel efficiency gains";"Electricity"
"OPEX";"Charging Infrastructure";"IT";"CCS Station (Depot) - Incl. Overhead";"Rigid";"BAU";"EUR/kWh";2035;"0.027";"Sensitivity | Current policies | Removed diesel efficiency gains";"Electricity"
"OPEX";"Charging Infrastructure";"IT";"CCS Station (Depot) - Incl. Overhead";"Tractor-Trailer";"BAU";"EUR/kWh";2035;"0.027";"Sensitivity | Current policies | Removed diesel efficiency gains";"Electricity"
"OPEX";"Charging Infrastructure";"NL";"CCS Station (Depot) - Incl. Overhead";"Rigid";"PROG";"EUR/kWh";2035;"0.027";"Sensitivity | Current policies | Removed diesel efficiency gains";"Electricity"
"OPEX";"Charging Infrastructure";"NL";"CCS Station (Depot) - Incl. Overhead";"Tractor-Trailer";"PROG";"EUR/kWh";2035;"0.027";"Sensitivity | Current policies | Removed diesel efficiency gains";"Electricity"
"OPEX";"Charging Infrastructure";"NL";"CCS Station (Depot) - Incl. Overhead";"Rigid";"BAU";"EUR/kWh";2035;"0.027";"Sensitivity | Current policies | Removed diesel efficiency gains";"Electricity"
"OPEX";"Charging Infrastructure";"NL";"CCS Station (Depot) - Incl. Overhead";"Tractor-Trailer";"BAU";"EUR/kWh";2035;"0.027";"Sensitivity | Current policies | Removed diesel efficiency gains";"Electricity"
"OPEX";"Charging Infrastructure";"PL";"CCS Station (Depot) - Incl. Overhead";"Rigid";"PROG";"EUR/kWh";2035;"0.027";"Sensitivity | Current policies | Removed diesel efficiency gains";"Electricity"
"OPEX";"Charging Infrastructure";"PL";"CCS Station (Depot) - Incl. Overhead";"Tractor-Trailer";"PROG";"EUR/kWh";2035;"0.027";"Sensitivity | Current policies | Removed diesel efficiency gains";"Electricity"
"OPEX";"Charging Infrastructure";"PL";"CCS Station (Depot) - Incl. Overhead";"Rigid";"BAU";"EUR/kWh";2035;"0.027";"Sensitivity | Current policies | Removed diesel efficiency gains";"Electricity"
"OPEX";"Charging Infrastructure";"PL";"CCS Station (Depot) - Incl. Overhead";"Tractor-Trailer";"BAU";"EUR/kWh";2035;"0.027";"Sensitivity | Current policies | Removed diesel efficiency gains";"Electricity"
"OPEX";"Charging Infrastructure";"UK";"CCS Station (Depot) - Incl. Overhead";"Rigid";"PROG";"EUR/kWh";2035;"0.027";"Sensitivity | Current policies | Removed diesel efficiency gains";"Electricity"
"OPEX";"Charging Infrastructure";"UK";"CCS Station (Depot) - Incl. Overhead";"Tractor-Trailer";"PROG";"EUR/kWh";2035;"0.027";"Sensitivity | Current policies | Removed diesel efficiency gains";"Electricity"
"OPEX";"Charging Infrastructure";"UK";"CCS Station (Depot) - Incl. Overhead";"Rigid";"BAU";"EUR/kWh";2035;"0.027";"Sensitivity | Current policies | Removed diesel efficiency gains";"Electricity"
"OPEX";"Charging Infrastructure";"UK";"CCS Station (Depot) - Incl. Overhead";"Tractor-Trailer";"BAU";"EUR/kWh";2035;"0.027";"Sensitivity | Current policies | Removed diesel efficiency gains";"Electricity"
"OPEX";"Charging Infrastructure";"DE";"CCS grid extension";"Rigid";"PROG";"EUR/kWh";2035;"0.045";"Sensitivity | Current policies | Removed diesel efficiency gains";"Electricity"
"OPEX";"Charging Infrastructure";"DE";"CCS grid extension";"Tractor-Trailer";"PROG";"EUR/kWh";2035;"0.045";"Sensitivity | Current policies | Removed diesel efficiency gains";"Electricity"
"OPEX";"Charging Infrastructure";"DE";"CCS grid extension";"Rigid";"BAU";"EUR/kWh";2035;"0.045";"Sensitivity | Current policies | Removed diesel efficiency gains";"Electricity"
"OPEX";"Charging Infrastructure";"DE";"CCS grid extension";"Tractor-Trailer";"BAU";"EUR/kWh";2035;"0.045";"Sensitivity | Current policies | Removed diesel efficiency gains";"Electricity"
"OPEX";"Charging Infrastructure";"ES";"CCS grid extension";"Rigid";"PROG";"EUR/kWh";2035;"0.045";"Sensitivity | Current policies | Removed diesel efficiency gains";"Electricity"
"OPEX";"Charging Infrastructure";"ES";"CCS grid extension";"Tractor-Trailer";"PROG";"EUR/kWh";2035;"0.045";"Sensitivity | Current policies | Removed diesel efficiency gains";"Electricity"
"OPEX";"Charging Infrastructure";"ES";"CCS grid extension";"Rigid";"BAU";"EUR/kWh";2035;"0.045";"Sensitivity | Current policies | Removed diesel efficiency gains";"Electricity"
"OPEX";"Charging Infrastructure";"ES";"CCS grid extension";"Tractor-Trailer";"BAU";"EUR/kWh";2035;"0.045";"Sensitivity | Current policies | Removed diesel efficiency gains";"Electricity"
"OPEX";"Charging Infrastructure";"FR";"CCS grid extension";"Rigid";"PROG";"EUR/kWh";2035;"0.045";"Sensitivity | Current policies | Removed diesel efficiency gains";"Electricity"
"OPEX";"Charging Infrastructure";"FR";"CCS grid extension";"Tractor-Trailer";"PROG";"EUR/kWh";2035;"0.045";"Sensitivity | Current policies | Removed diesel efficiency gains";"Electricity"
"OPEX";"Charging Infrastructure";"FR";"CCS grid extension";"Rigid";"BAU";"EUR/kWh";2035;"0.045";"Sensitivity | Current policies | Removed diesel efficiency gains";"Electricity"
"OPEX";"Charging Infrastructure";"FR";"CCS grid extension";"Tractor-Trailer";"BAU";"EUR/kWh";2035;"0.045";"Sensitivity | Current policies | Removed diesel efficiency gains";"Electricity"
"OPEX";"Charging Infrastructure";"IT";"CCS grid extension";"Rigid";"PROG";"EUR/kWh";2035;"0.045";"Sensitivity | Current policies | Removed diesel efficiency gains";"Electricity"
"OPEX";"Charging Infrastructure";"IT";"CCS grid extension";"Tractor-Trailer";"PROG";"EUR/kWh";2035;"0.045";"Sensitivity | Current policies | Removed diesel efficiency gains";"Electricity"
"OPEX";"Charging Infrastructure";"IT";"CCS grid extension";"Rigid";"BAU";"EUR/kWh";2035;"0.045";"Sensitivity | Current policies | Removed diesel efficiency gains";"Electricity"
"OPEX";"Charging Infrastructure";"IT";"CCS grid extension";"Tractor-Trailer";"BAU";"EUR/kWh";2035;"0.045";"Sensitivity | Current policies | Removed diesel efficiency gains";"Electricity"
"OPEX";"Charging Infrastructure";"NL";"CCS grid extension";"Rigid";"PROG";"EUR/kWh";2035;"0.045";"Sensitivity | Current policies | Removed diesel efficiency gains";"Electricity"
"OPEX";"Charging Infrastructure";"NL";"CCS grid extension";"Tractor-Trailer";"PROG";"EUR/kWh";2035;"0.045";"Sensitivity | Current policies | Removed diesel efficiency gains";"Electricity"
"OPEX";"Charging Infrastructure";"NL";"CCS grid extension";"Rigid";"BAU";"EUR/kWh";2035;"0.045";"Sensitivity | Current policies | Removed diesel efficiency gains";"Electricity"
"OPEX";"Charging Infrastructure";"NL";"CCS grid extension";"Tractor-Trailer";"BAU";"EUR/kWh";2035;"0.045";"Sensitivity | Current policies | Removed diesel efficiency gains";"Electricity"
"OPEX";"Charging Infrastructure";"PL";"CCS grid extension";"Rigid";"PROG";"EUR/kWh";2035;"0.045";"Sensitivity | Current policies | Removed diesel efficiency gains";"Electricity"
"OPEX";"Charging Infrastructure";"PL";"CCS grid extension";"Tractor-Trailer";"PROG";"EUR/kWh";2035;"0.045";"Sensitivity | Current policies | Removed diesel efficiency gains";"Electricity"
"OPEX";"Charging Infrastructure";"PL";"CCS grid extension";"Rigid";"BAU";"EUR/kWh";2035;"0.045";"Sensitivity | Current policies | Removed diesel efficiency gains";"Electricity"
"OPEX";"Charging Infrastructure";"PL";"CCS grid extension";"Tractor-Trailer";"BAU";"EUR/kWh";2035;"0.045";"Sensitivity | Current policies | Removed diesel efficiency gains";"Electricity"
"OPEX";"Charging Infrastructure";"UK";"CCS grid extension";"Rigid";"PROG";"EUR/kWh";2035;"0.045";"Sensitivity | Current policies | Removed diesel efficiency gains";"Electricity"
"OPEX";"Charging Infrastructure";"UK";"CCS grid extension";"Tractor-Trailer";"PROG";"EUR/kWh";2035;"0.045";"Sensitivity | Current policies | Removed diesel efficiency gains";"Electricity"
"OPEX";"Charging Infrastructure";"UK";"CCS grid extension";"Rigid";"BAU";"EUR/kWh";2035;"0.045";"Sensitivity | Current policies | Removed diesel efficiency gains";"Electricity"
"OPEX";"Charging Infrastructure";"UK";"CCS grid extension";"Tractor-Trailer";"BAU";"EUR/kWh";2035;"0.045";"Sensitivity | Current policies | Removed diesel efficiency gains";"Electricity"
"OPEX";"Diesel Infrastructure";"DE";"Total Diesel Mark-Up";"Rigid";"BAU";"EUR/kWh";2035;"0.018";"Sensitivity | Current policies | Removed diesel efficiency gains";"Diesel"
"OPEX";"Diesel Infrastructure";"DE";"Total Diesel Mark-Up";"Tractor-Trailer";"BAU";"EUR/kWh";2035;"0.018";"Sensitivity | Current policies | Removed diesel efficiency gains";"Diesel"
"OPEX";"Diesel Infrastructure";"DE";"Total Diesel Mark-Up";"Rigid";"PROG";"EUR/kWh";2035;"0.018";"Sensitivity | Current policies | Removed diesel efficiency gains";"Diesel"
"OPEX";"Diesel Infrastructure";"DE";"Total Diesel Mark-Up";"Tractor-Trailer";"PROG";"EUR/kWh";2035;"0.018";"Sensitivity | Current policies | Removed diesel efficiency gains";"Diesel"
"OPEX";"Diesel Infrastructure";"ES";"Total Diesel Mark-Up";"Rigid";"BAU";"EUR/kWh";2035;"0.018";"Sensitivity | Current policies | Removed diesel efficiency gains";"Diesel"
"OPEX";"Diesel Infrastructure";"ES";"Total Diesel Mark-Up";"Tractor-Trailer";"BAU";"EUR/kWh";2035;"0.018";"Sensitivity | Current policies | Removed diesel efficiency gains";"Diesel"
"OPEX";"Diesel Infrastructure";"ES";"Total Diesel Mark-Up";"Rigid";"PROG";"EUR/kWh";2035;"0.018";"Sensitivity | Current policies | Removed diesel efficiency gains";"Diesel"
"OPEX";"Diesel Infrastructure";"ES";"Total Diesel Mark-Up";"Tractor-Trailer";"PROG";"EUR/kWh";2035;"0.018";"Sensitivity | Current policies | Removed diesel efficiency gains";"Diesel"
"OPEX";"Diesel Infrastructure";"FR";"Total Diesel Mark-Up";"Rigid";"BAU";"EUR/kWh";2035;"0.018";"Sensitivity | Current policies | Removed diesel efficiency gains";"Diesel"
"OPEX";"Diesel Infrastructure";"FR";"Total Diesel Mark-Up";"Tractor-Trailer";"BAU";"EUR/kWh";2035;"0.018";"Sensitivity | Current policies | Removed diesel efficiency gains";"Diesel"
"OPEX";"Diesel Infrastructure";"FR";"Total Diesel Mark-Up";"Rigid";"PROG";"EUR/kWh";2035;"0.018";"Sensitivity | Current policies | Removed diesel efficiency gains";"Diesel"
"OPEX";"Diesel Infrastructure";"FR";"Total Diesel Mark-Up";"Tractor-Trailer";"PROG";"EUR/kWh";2035;"0.018";"Sensitivity | Current policies | Removed diesel efficiency gains";"Diesel"
"OPEX";"Diesel Infrastructure";"IT";"Total Diesel Mark-Up";"Rigid";"BAU";"EUR/kWh";2035;"0.018";"Sensitivity | Current policies | Removed diesel efficiency gains";"Diesel"
"OPEX";"Diesel Infrastructure";"IT";"Total Diesel Mark-Up";"Tractor-Trailer";"BAU";"EUR/kWh";2035;"0.018";"Sensitivity | Current policies | Removed diesel efficiency gains";"Diesel"
"OPEX";"Diesel Infrastructure";"IT";"Total Diesel Mark-Up";"Rigid";"PROG";"EUR/kWh";2035;"0.018";"Sensitivity | Current policies | Removed diesel efficiency gains";"Diesel"
"OPEX";"Diesel Infrastructure";"IT";"Total Diesel Mark-Up";"Tractor-Trailer";"PROG";"EUR/kWh";2035;"0.018";"Sensitivity | Current policies | Removed diesel efficiency gains";"Diesel"
"OPEX";"Diesel Infrastructure";"NL";"Total Diesel Mark-Up";"Rigid";"BAU";"EUR/kWh";2035;"0.018";"Sensitivity | Current policies | Removed diesel efficiency gains";"Diesel"
"OPEX";"Diesel Infrastructure";"NL";"Total Diesel Mark-Up";"Tractor-Trailer";"BAU";"EUR/kWh";2035;"0.018";"Sensitivity | Current policies | Removed diesel efficiency gains";"Diesel"
"OPEX";"Diesel Infrastructure";"NL";"Total Diesel Mark-Up";"Rigid";"PROG";"EUR/kWh";2035;"0.018";"Sensitivity | Current policies | Removed diesel efficiency gains";"Diesel"
"OPEX";"Diesel Infrastructure";"NL";"Total Diesel Mark-Up";"Tractor-Trailer";"PROG";"EUR/kWh";2035;"0.018";"Sensitivity | Current policies | Removed diesel efficiency gains";"Diesel"
"OPEX";"Diesel Infrastructure";"PL";"Total Diesel Mark-Up";"Rigid";"BAU";"EUR/kWh";2035;"0.018";"Sensitivity | Current policies | Removed diesel efficiency gains";"Diesel"
"OPEX";"Diesel Infrastructure";"PL";"Total Diesel Mark-Up";"Tractor-Trailer";"BAU";"EUR/kWh";2035;"0.018";"Sensitivity | Current policies | Removed diesel efficiency gains";"Diesel"
"OPEX";"Diesel Infrastructure";"PL";"Total Diesel Mark-Up";"Rigid";"PROG";"EUR/kWh";2035;"0.018";"Sensitivity | Current policies | Removed diesel efficiency gains";"Diesel"
"OPEX";"Diesel Infrastructure";"PL";"Total Diesel Mark-Up";"Tractor-Trailer";"PROG";"EUR/kWh";2035;"0.018";"Sensitivity | Current policies | Removed diesel efficiency gains";"Diesel"
"OPEX";"Diesel Infrastructure";"UK";"Total Diesel Mark-Up";"Rigid";"BAU";"EUR/kWh";2035;"0.018";"Sensitivity | Current policies | Removed diesel efficiency gains";"Diesel"
"OPEX";"Diesel Infrastructure";"UK";"Total Diesel Mark-Up";"Tractor-Trailer";"BAU";"EUR/kWh";2035;"0.018";"Sensitivity | Current policies | Removed diesel efficiency gains";"Diesel"
"OPEX";"Diesel Infrastructure";"UK";"Total Diesel Mark-Up";"Rigid";"PROG";"EUR/kWh";2035;"0.018";"Sensitivity | Current policies | Removed diesel efficiency gains";"Diesel"
"OPEX";"Diesel Infrastructure";"UK";"Total Diesel Mark-Up";"Tractor-Trailer";"PROG";"EUR/kWh";2035;"0.018";"Sensitivity | Current policies | Removed diesel efficiency gains";"Diesel"
"OPEX";"Diesel Infrastructure";"DE";"CO2 emission factor Biodiesel";"Rigid";"BAU";"%";2035;"0.161";"Sensitivity | Current policies | Removed diesel efficiency gains";"Diesel"
"OPEX";"Diesel Infrastructure";"DE";"CO2 emission factor Biodiesel";"Tractor-Trailer";"BAU";"%";2035;"0.161";"Sensitivity | Current policies | Removed diesel efficiency gains";"Diesel"
"OPEX";"Diesel Infrastructure";"DE";"CO2 emission factor Biodiesel";"Rigid";"PROG";"%";2035;"0.161";"Sensitivity | Current policies | Removed diesel efficiency gains";"Diesel"
"OPEX";"Diesel Infrastructure";"DE";"CO2 emission factor Biodiesel";"Tractor-Trailer";"PROG";"%";2035;"0.161";"Sensitivity | Current policies | Removed diesel efficiency gains";"Diesel"
"OPEX";"Diesel Infrastructure";"ES";"CO2 emission factor Biodiesel";"Rigid";"BAU";"%";2035;"0.161";"Sensitivity | Current policies | Removed diesel efficiency gains";"Diesel"
"OPEX";"Diesel Infrastructure";"ES";"CO2 emission factor Biodiesel";"Tractor-Trailer";"BAU";"%";2035;"0.161";"Sensitivity | Current policies | Removed diesel efficiency gains";"Diesel"
"OPEX";"Diesel Infrastructure";"ES";"CO2 emission factor Biodiesel";"Rigid";"PROG";"%";2035;"0.161";"Sensitivity | Current policies | Removed diesel efficiency gains";"Diesel"
"OPEX";"Diesel Infrastructure";"ES";"CO2 emission factor Biodiesel";"Tractor-Trailer";"PROG";"%";2035;"0.161";"Sensitivity | Current policies | Removed diesel efficiency gains";"Diesel"
"OPEX";"Diesel Infrastructure";"FR";"CO2 emission factor Biodiesel";"Rigid";"BAU";"%";2035;"0.161";"Sensitivity | Current policies | Removed diesel efficiency gains";"Diesel"
"OPEX";"Diesel Infrastructure";"FR";"CO2 emission factor Biodiesel";"Tractor-Trailer";"BAU";"%";2035;"0.161";"Sensitivity | Current policies | Removed diesel efficiency gains";"Diesel"
"OPEX";"Diesel Infrastructure";"FR";"CO2 emission factor Biodiesel";"Rigid";"PROG";"%";2035;"0.161";"Sensitivity | Current policies | Removed diesel efficiency gains";"Diesel"
"OPEX";"Diesel Infrastructure";"FR";"CO2 emission factor Biodiesel";"Tractor-Trailer";"PROG";"%";2035;"0.161";"Sensitivity | Current policies | Removed diesel efficiency gains";"Diesel"
"OPEX";"Diesel Infrastructure";"IT";"CO2 emission factor Biodiesel";"Rigid";"BAU";"%";2035;"0.161";"Sensitivity | Current policies | Removed diesel efficiency gains";"Diesel"
"OPEX";"Diesel Infrastructure";"IT";"CO2 emission factor Biodiesel";"Tractor-Trailer";"BAU";"%";2035;"0.161";"Sensitivity | Current policies | Removed diesel efficiency gains";"Diesel"
"OPEX";"Diesel Infrastructure";"IT";"CO2 emission factor Biodiesel";"Rigid";"PROG";"%";2035;"0.161";"Sensitivity | Current policies | Removed diesel efficiency gains";"Diesel"
"OPEX";"Diesel Infrastructure";"IT";"CO2 emission factor Biodiesel";"Tractor-Trailer";"PROG";"%";2035;"0.161";"Sensitivity | Current policies | Removed diesel efficiency gains";"Diesel"
"OPEX";"Diesel Infrastructure";"NL";"CO2 emission factor Biodiesel";"Rigid";"BAU";"%";2035;"0.161";"Sensitivity | Current policies | Removed diesel efficiency gains";"Diesel"
"OPEX";"Diesel Infrastructure";"NL";"CO2 emission factor Biodiesel";"Tractor-Trailer";"BAU";"%";2035;"0.161";"Sensitivity | Current policies | Removed diesel efficiency gains";"Diesel"
"OPEX";"Diesel Infrastructure";"NL";"CO2 emission factor Biodiesel";"Rigid";"PROG";"%";2035;"0.161";"Sensitivity | Current policies | Removed diesel efficiency gains";"Diesel"
"OPEX";"Diesel Infrastructure";"NL";"CO2 emission factor Biodiesel";"Tractor-Trailer";"PROG";"%";2035;"0.161";"Sensitivity | Current policies | Removed diesel efficiency gains";"Diesel"
"OPEX";"Diesel Infrastructure";"PL";"CO2 emission factor Biodiesel";"Rigid";"BAU";"%";2035;"0.161";"Sensitivity | Current policies | Removed diesel efficiency gains";"Diesel"
"OPEX";"Diesel Infrastructure";"PL";"CO2 emission factor Biodiesel";"Tractor-Trailer";"BAU";"%";2035;"0.161";"Sensitivity | Current policies | Removed diesel efficiency gains";"Diesel"
"OPEX";"Diesel Infrastructure";"PL";"CO2 emission factor Biodiesel";"Rigid";"PROG";"%";2035;"0.161";"Sensitivity | Current policies | Removed diesel efficiency gains";"Diesel"
"OPEX";"Diesel Infrastructure";"PL";"CO2 emission factor Biodiesel";"Tractor-Trailer";"PROG";"%";2035;"0.161";"Sensitivity | Current policies | Removed diesel efficiency gains";"Diesel"
"OPEX";"Diesel Infrastructure";"UK";"CO2 emission factor Biodiesel";"Rigid";"BAU";"%";2035;"0.161";"Sensitivity | Current policies | Removed diesel efficiency gains";"Diesel"
"OPEX";"Diesel Infrastructure";"UK";"CO2 emission factor Biodiesel";"Tractor-Trailer";"BAU";"%";2035;"0.161";"Sensitivity | Current policies | Removed diesel efficiency gains";"Diesel"
"OPEX";"Diesel Infrastructure";"UK";"CO2 emission factor Biodiesel";"Rigid";"PROG";"%";2035;"0.161";"Sensitivity | Current policies | Removed diesel efficiency gains";"Diesel"
"OPEX";"Diesel Infrastructure";"UK";"CO2 emission factor Biodiesel";"Tractor-Trailer";"PROG";"%";2035;"0.161";"Sensitivity | Current policies | Removed diesel efficiency gains";"Diesel"
"OPEX";"Diesel Infrastructure";"DE";"CO2 emission factor Pt-Diesel";"Rigid";"BAU";"%";2035;"0";"Sensitivity | Current policies | Removed diesel efficiency gains";"Diesel"
"OPEX";"Diesel Infrastructure";"DE";"CO2 emission factor Pt-Diesel";"Tractor-Trailer";"BAU";"%";2035;"0";"Sensitivity | Current policies | Removed diesel efficiency gains";"Diesel"
"OPEX";"Diesel Infrastructure";"DE";"CO2 emission factor Pt-Diesel";"Rigid";"PROG";"%";2035;"0";"Sensitivity | Current policies | Removed diesel efficiency gains";"Diesel"
"OPEX";"Diesel Infrastructure";"DE";"CO2 emission factor Pt-Diesel";"Tractor-Trailer";"PROG";"%";2035;"0";"Sensitivity | Current policies | Removed diesel efficiency gains";"Diesel"
"OPEX";"Diesel Infrastructure";"ES";"CO2 emission factor Pt-Diesel";"Rigid";"BAU";"%";2035;"0";"Sensitivity | Current policies | Removed diesel efficiency gains";"Diesel"
"OPEX";"Diesel Infrastructure";"ES";"CO2 emission factor Pt-Diesel";"Tractor-Trailer";"BAU";"%";2035;"0";"Sensitivity | Current policies | Removed diesel efficiency gains";"Diesel"
"OPEX";"Diesel Infrastructure";"ES";"CO2 emission factor Pt-Diesel";"Rigid";"PROG";"%";2035;"0";"Sensitivity | Current policies | Removed diesel efficiency gains";"Diesel"
"OPEX";"Diesel Infrastructure";"ES";"CO2 emission factor Pt-Diesel";"Tractor-Trailer";"PROG";"%";2035;"0";"Sensitivity | Current policies | Removed diesel efficiency gains";"Diesel"
"OPEX";"Diesel Infrastructure";"FR";"CO2 emission factor Pt-Diesel";"Rigid";"BAU";"%";2035;"0";"Sensitivity | Current policies | Removed diesel efficiency gains";"Diesel"
"OPEX";"Diesel Infrastructure";"FR";"CO2 emission factor Pt-Diesel";"Tractor-Trailer";"BAU";"%";2035;"0";"Sensitivity | Current policies | Removed diesel efficiency gains";"Diesel"
"OPEX";"Diesel Infrastructure";"FR";"CO2 emission factor Pt-Diesel";"Rigid";"PROG";"%";2035;"0";"Sensitivity | Current policies | Removed diesel efficiency gains";"Diesel"
"OPEX";"Diesel Infrastructure";"FR";"CO2 emission factor Pt-Diesel";"Tractor-Trailer";"PROG";"%";2035;"0";"Sensitivity | Current policies | Removed diesel efficiency gains";"Diesel"
"OPEX";"Diesel Infrastructure";"IT";"CO2 emission factor Pt-Diesel";"Rigid";"BAU";"%";2035;"0";"Sensitivity | Current policies | Removed diesel efficiency gains";"Diesel"
"OPEX";"Diesel Infrastructure";"IT";"CO2 emission factor Pt-Diesel";"Tractor-Trailer";"BAU";"%";2035;"0";"Sensitivity | Current policies | Removed diesel efficiency gains";"Diesel"
"OPEX";"Diesel Infrastructure";"IT";"CO2 emission factor Pt-Diesel";"Rigid";"PROG";"%";2035;"0";"Sensitivity | Current policies | Removed diesel efficiency gains";"Diesel"
"OPEX";"Diesel Infrastructure";"IT";"CO2 emission factor Pt-Diesel";"Tractor-Trailer";"PROG";"%";2035;"0";"Sensitivity | Current policies | Removed diesel efficiency gains";"Diesel"
"OPEX";"Diesel Infrastructure";"NL";"CO2 emission factor Pt-Diesel";"Rigid";"BAU";"%";2035;"0";"Sensitivity | Current policies | Removed diesel efficiency gains";"Diesel"
"OPEX";"Diesel Infrastructure";"NL";"CO2 emission factor Pt-Diesel";"Tractor-Trailer";"BAU";"%";2035;"0";"Sensitivity | Current policies | Removed diesel efficiency gains";"Diesel"
"OPEX";"Diesel Infrastructure";"NL";"CO2 emission factor Pt-Diesel";"Rigid";"PROG";"%";2035;"0";"Sensitivity | Current policies | Removed diesel efficiency gains";"Diesel"
"OPEX";"Diesel Infrastructure";"NL";"CO2 emission factor Pt-Diesel";"Tractor-Trailer";"PROG";"%";2035;"0";"Sensitivity | Current policies | Removed diesel efficiency gains";"Diesel"
"OPEX";"Diesel Infrastructure";"PL";"CO2 emission factor Pt-Diesel";"Rigid";"BAU";"%";2035;"0";"Sensitivity | Current policies | Removed diesel efficiency gains";"Diesel"
"OPEX";"Diesel Infrastructure";"PL";"CO2 emission factor Pt-Diesel";"Tractor-Trailer";"BAU";"%";2035;"0";"Sensitivity | Current policies | Removed diesel efficiency gains";"Diesel"
"OPEX";"Diesel Infrastructure";"PL";"CO2 emission factor Pt-Diesel";"Rigid";"PROG";"%";2035;"0";"Sensitivity | Current policies | Removed diesel efficiency gains";"Diesel"
"OPEX";"Diesel Infrastructure";"PL";"CO2 emission factor Pt-Diesel";"Tractor-Trailer";"PROG";"%";2035;"0";"Sensitivity | Current policies | Removed diesel efficiency gains";"Diesel"
"OPEX";"Diesel Infrastructure";"UK";"CO2 emission factor Pt-Diesel";"Rigid";"BAU";"%";2035;"0";"Sensitivity | Current policies | Removed diesel efficiency gains";"Diesel"
"OPEX";"Diesel Infrastructure";"UK";"CO2 emission factor Pt-Diesel";"Tractor-Trailer";"BAU";"%";2035;"0";"Sensitivity | Current policies | Removed diesel efficiency gains";"Diesel"
"OPEX";"Diesel Infrastructure";"UK";"CO2 emission factor Pt-Diesel";"Rigid";"PROG";"%";2035;"0";"Sensitivity | Current policies | Removed diesel efficiency gains";"Diesel"
"OPEX";"Diesel Infrastructure";"UK";"CO2 emission factor Pt-Diesel";"Tractor-Trailer";"PROG";"%";2035;"0";"Sensitivity | Current policies | Removed diesel efficiency gains";"Diesel"
"OPEX";"Taxes";"DE";"Network Costs - MCS";"Rigid";"BAU";"EUR/kWh";2035;"0.034";"Sensitivity | Current policies | Removed diesel efficiency gains";"Electricity"
"OPEX";"Taxes";"DE";"Network Costs - MCS";"Tractor-Trailer";"BAU";"EUR/kWh";2035;"0.034";"Sensitivity | Current policies | Removed diesel efficiency gains";"Electricity"
"OPEX";"Taxes";"ES";"Network Costs - MCS";"Rigid";"BAU";"EUR/kWh";2035;"0.018";"Sensitivity | Current policies | Removed diesel efficiency gains";"Electricity"
"OPEX";"Taxes";"ES";"Network Costs - MCS";"Tractor-Trailer";"BAU";"EUR/kWh";2035;"0.018";"Sensitivity | Current policies | Removed diesel efficiency gains";"Electricity"
"OPEX";"Taxes";"FR";"Network Costs - MCS";"Rigid";"BAU";"EUR/kWh";2035;"0.018";"Sensitivity | Current policies | Removed diesel efficiency gains";"Electricity"
"OPEX";"Taxes";"FR";"Network Costs - MCS";"Tractor-Trailer";"BAU";"EUR/kWh";2035;"0.018";"Sensitivity | Current policies | Removed diesel efficiency gains";"Electricity"
"OPEX";"Taxes";"IT";"Network Costs - MCS";"Rigid";"BAU";"EUR/kWh";2035;"0.016";"Sensitivity | Current policies | Removed diesel efficiency gains";"Electricity"
"OPEX";"Taxes";"IT";"Network Costs - MCS";"Tractor-Trailer";"BAU";"EUR/kWh";2035;"0.016";"Sensitivity | Current policies | Removed diesel efficiency gains";"Electricity"
"OPEX";"Taxes";"NL";"Network Costs - MCS";"Rigid";"BAU";"EUR/kWh";2035;"0.016";"Sensitivity | Current policies | Removed diesel efficiency gains";"Electricity"
"OPEX";"Taxes";"NL";"Network Costs - MCS";"Tractor-Trailer";"BAU";"EUR/kWh";2035;"0.016";"Sensitivity | Current policies | Removed diesel efficiency gains";"Electricity"
"OPEX";"Taxes";"PL";"Network Costs - MCS";"Rigid";"BAU";"EUR/kWh";2035;"0.019";"Sensitivity | Current policies | Removed diesel efficiency gains";"Electricity"
"OPEX";"Taxes";"PL";"Network Costs - MCS";"Tractor-Trailer";"BAU";"EUR/kWh";2035;"0.019";"Sensitivity | Current policies | Removed diesel efficiency gains";"Electricity"
"OPEX";"Taxes";"UK";"Network Costs - MCS";"Rigid";"BAU";"EUR/kWh";2035;"0.027";"Sensitivity | Current policies | Removed diesel efficiency gains";"Electricity"
"OPEX";"Taxes";"UK";"Network Costs - MCS";"Tractor-Trailer";"BAU";"EUR/kWh";2035;"0.027";"Sensitivity | Current policies | Removed diesel efficiency gains";"Electricity"
"OPEX";"Taxes";"DE";"Taxes, Fees, Levies and charges - MCS";"Rigid";"BAU";"EUR/kWh";2035;"0.056";"Sensitivity | Current policies | Removed diesel efficiency gains";"Electricity"
"OPEX";"Taxes";"DE";"Taxes, Fees, Levies and charges - MCS";"Tractor-Trailer";"BAU";"EUR/kWh";2035;"0.056";"Sensitivity | Current policies | Removed diesel efficiency gains";"Electricity"
"OPEX";"Taxes";"ES";"Taxes, Fees, Levies and charges - MCS";"Rigid";"BAU";"EUR/kWh";2035;"0.036";"Sensitivity | Current policies | Removed diesel efficiency gains";"Electricity"
"OPEX";"Taxes";"ES";"Taxes, Fees, Levies and charges - MCS";"Tractor-Trailer";"BAU";"EUR/kWh";2035;"0.036";"Sensitivity | Current policies | Removed diesel efficiency gains";"Electricity"
"OPEX";"Taxes";"FR";"Taxes, Fees, Levies and charges - MCS";"Rigid";"BAU";"EUR/kWh";2035;"0.03";"Sensitivity | Current policies | Removed diesel efficiency gains";"Electricity"
"OPEX";"Taxes";"FR";"Taxes, Fees, Levies and charges - MCS";"Tractor-Trailer";"BAU";"EUR/kWh";2035;"0.03";"Sensitivity | Current policies | Removed diesel efficiency gains";"Electricity"
"OPEX";"Taxes";"IT";"Taxes, Fees, Levies and charges - MCS";"Rigid";"BAU";"EUR/kWh";2035;"0.063";"Sensitivity | Current policies | Removed diesel efficiency gains";"Electricity"
"OPEX";"Taxes";"IT";"Taxes, Fees, Levies and charges - MCS";"Tractor-Trailer";"BAU";"EUR/kWh";2035;"0.063";"Sensitivity | Current policies | Removed diesel efficiency gains";"Electricity"
"OPEX";"Taxes";"NL";"Taxes, Fees, Levies and charges - MCS";"Rigid";"BAU";"EUR/kWh";2035;"0.055";"Sensitivity | Current policies | Removed diesel efficiency gains";"Electricity"
"OPEX";"Taxes";"NL";"Taxes, Fees, Levies and charges - MCS";"Tractor-Trailer";"BAU";"EUR/kWh";2035;"0.055";"Sensitivity | Current policies | Removed diesel efficiency gains";"Electricity"
"OPEX";"Taxes";"PL";"Taxes, Fees, Levies and charges - MCS";"Rigid";"BAU";"EUR/kWh";2035;"0.049";"Sensitivity | Current policies | Removed diesel efficiency gains";"Electricity"
"OPEX";"Taxes";"PL";"Taxes, Fees, Levies and charges - MCS";"Tractor-Trailer";"BAU";"EUR/kWh";2035;"0.049";"Sensitivity | Current policies | Removed diesel efficiency gains";"Electricity"
"OPEX";"Taxes";"UK";"Taxes, Fees, Levies and charges - MCS";"Rigid";"BAU";"EUR/kWh";2035;"0.077";"Sensitivity | Current policies | Removed diesel efficiency gains";"Electricity"
"OPEX";"Taxes";"UK";"Taxes, Fees, Levies and charges - MCS";"Tractor-Trailer";"BAU";"EUR/kWh";2035;"0.077";"Sensitivity | Current policies | Removed diesel efficiency gains";"Electricity"
"OPEX";"Taxes";"DE";"Network Costs - Depot";"Rigid";"BAU";"EUR/kWh";2035;"0.044";"Sensitivity | Current policies | Removed diesel efficiency gains";"Electricity"
"OPEX";"Taxes";"DE";"Network Costs - Depot";"Tractor-Trailer";"BAU";"EUR/kWh";2035;"0.044";"Sensitivity | Current policies | Removed diesel efficiency gains";"Electricity"
"OPEX";"Taxes";"ES";"Network Costs - Depot";"Rigid";"BAU";"EUR/kWh";2035;"0.031";"Sensitivity | Current policies | Removed diesel efficiency gains";"Electricity"
"OPEX";"Taxes";"ES";"Network Costs - Depot";"Tractor-Trailer";"BAU";"EUR/kWh";2035;"0.031";"Sensitivity | Current policies | Removed diesel efficiency gains";"Electricity"
"OPEX";"Taxes";"FR";"Network Costs - Depot";"Rigid";"BAU";"EUR/kWh";2035;"0.024";"Sensitivity | Current policies | Removed diesel efficiency gains";"Electricity"
"OPEX";"Taxes";"FR";"Network Costs - Depot";"Tractor-Trailer";"BAU";"EUR/kWh";2035;"0.024";"Sensitivity | Current policies | Removed diesel efficiency gains";"Electricity"
"OPEX";"Taxes";"IT";"Network Costs - Depot";"Rigid";"BAU";"EUR/kWh";2035;"0.018";"Sensitivity | Current policies | Removed diesel efficiency gains";"Electricity"
"OPEX";"Taxes";"IT";"Network Costs - Depot";"Tractor-Trailer";"BAU";"EUR/kWh";2035;"0.018";"Sensitivity | Current policies | Removed diesel efficiency gains";"Electricity"
"OPEX";"Taxes";"NL";"Network Costs - Depot";"Rigid";"BAU";"EUR/kWh";2035;"0.019";"Sensitivity | Current policies | Removed diesel efficiency gains";"Electricity"
"OPEX";"Taxes";"NL";"Network Costs - Depot";"Tractor-Trailer";"BAU";"EUR/kWh";2035;"0.019";"Sensitivity | Current policies | Removed diesel efficiency gains";"Electricity"
"OPEX";"Taxes";"PL";"Network Costs - Depot";"Rigid";"BAU";"EUR/kWh";2035;"0.026";"Sensitivity | Current policies | Removed diesel efficiency gains";"Electricity"
"OPEX";"Taxes";"PL";"Network Costs - Depot";"Tractor-Trailer";"BAU";"EUR/kWh";2035;"0.026";"Sensitivity | Current policies | Removed diesel efficiency gains";"Electricity"
"OPEX";"Taxes";"UK";"Network Costs - Depot";"Rigid";"BAU";"EUR/kWh";2035;"0.029";"Sensitivity | Current policies | Removed diesel efficiency gains";"Electricity"
"OPEX";"Taxes";"UK";"Network Costs - Depot";"Tractor-Trailer";"BAU";"EUR/kWh";2035;"0.029";"Sensitivity | Current policies | Removed diesel efficiency gains";"Electricity"
"OPEX";"Taxes";"DE";"Taxes, Fees, Levies and charges - Depot";"Rigid";"BAU";"EUR/kWh";2035;"0.062";"Sensitivity | Current policies | Removed diesel efficiency gains";"Electricity"
"OPEX";"Taxes";"DE";"Taxes, Fees, Levies and charges - Depot";"Tractor-Trailer";"BAU";"EUR/kWh";2035;"0.062";"Sensitivity | Current policies | Removed diesel efficiency gains";"Electricity"
"OPEX";"Taxes";"ES";"Taxes, Fees, Levies and charges - Depot";"Rigid";"BAU";"EUR/kWh";2035;"0.054";"Sensitivity | Current policies | Removed diesel efficiency gains";"Electricity"
"OPEX";"Taxes";"ES";"Taxes, Fees, Levies and charges - Depot";"Tractor-Trailer";"BAU";"EUR/kWh";2035;"0.054";"Sensitivity | Current policies | Removed diesel efficiency gains";"Electricity"
"OPEX";"Taxes";"FR";"Taxes, Fees, Levies and charges - Depot";"Rigid";"BAU";"EUR/kWh";2035;"0.04";"Sensitivity | Current policies | Removed diesel efficiency gains";"Electricity"
"OPEX";"Taxes";"FR";"Taxes, Fees, Levies and charges - Depot";"Tractor-Trailer";"BAU";"EUR/kWh";2035;"0.04";"Sensitivity | Current policies | Removed diesel efficiency gains";"Electricity"
"OPEX";"Taxes";"IT";"Taxes, Fees, Levies and charges - Depot";"Rigid";"BAU";"EUR/kWh";2035;"0.088";"Sensitivity | Current policies | Removed diesel efficiency gains";"Electricity"
"OPEX";"Taxes";"IT";"Taxes, Fees, Levies and charges - Depot";"Tractor-Trailer";"BAU";"EUR/kWh";2035;"0.088";"Sensitivity | Current policies | Removed diesel efficiency gains";"Electricity"
"OPEX";"Taxes";"NL";"Taxes, Fees, Levies and charges - Depot";"Rigid";"BAU";"EUR/kWh";2035;"0.058";"Sensitivity | Current policies | Removed diesel efficiency gains";"Electricity"
"OPEX";"Taxes";"NL";"Taxes, Fees, Levies and charges - Depot";"Tractor-Trailer";"BAU";"EUR/kWh";2035;"0.058";"Sensitivity | Current policies | Removed diesel efficiency gains";"Electricity"
"OPEX";"Taxes";"PL";"Taxes, Fees, Levies and charges - Depot";"Rigid";"BAU";"EUR/kWh";2035;"0.053";"Sensitivity | Current policies | Removed diesel efficiency gains";"Electricity"
"OPEX";"Taxes";"PL";"Taxes, Fees, Levies and charges - Depot";"Tractor-Trailer";"BAU";"EUR/kWh";2035;"0.053";"Sensitivity | Current policies | Removed diesel efficiency gains";"Electricity"
"OPEX";"Taxes";"UK";"Taxes, Fees, Levies and charges - Depot";"Rigid";"BAU";"EUR/kWh";2035;"0.084";"Sensitivity | Current policies | Removed diesel efficiency gains";"Electricity"
"OPEX";"Taxes";"UK";"Taxes, Fees, Levies and charges - Depot";"Tractor-Trailer";"BAU";"EUR/kWh";2035;"0.084";"Sensitivity | Current policies | Removed diesel efficiency gains";"Electricity"
"OPEX";"H2 Infrastructure";"DE";"HRS costs";"Rigid";"BAU";"EUR/kg H2";2035;"1.45";"Sensitivity | Current policies | Removed diesel efficiency gains";"Hydrogen"
"OPEX";"H2 Infrastructure";"DE";"HRS costs";"Tractor-Trailer";"BAU";"EUR/kg H2";2035;"1.45";"Sensitivity | Current policies | Removed diesel efficiency gains";"Hydrogen"
"OPEX";"H2 Infrastructure";"ES";"HRS costs";"Rigid";"BAU";"EUR/kg H2";2035;"1.45";"Sensitivity | Current policies | Removed diesel efficiency gains";"Hydrogen"
"OPEX";"H2 Infrastructure";"ES";"HRS costs";"Tractor-Trailer";"BAU";"EUR/kg H2";2035;"1.45";"Sensitivity | Current policies | Removed diesel efficiency gains";"Hydrogen"
"OPEX";"H2 Infrastructure";"FR";"HRS costs";"Rigid";"BAU";"EUR/kg H2";2035;"1.45";"Sensitivity | Current policies | Removed diesel efficiency gains";"Hydrogen"
"OPEX";"H2 Infrastructure";"FR";"HRS costs";"Tractor-Trailer";"BAU";"EUR/kg H2";2035;"1.45";"Sensitivity | Current policies | Removed diesel efficiency gains";"Hydrogen"
"OPEX";"H2 Infrastructure";"IT";"HRS costs";"Rigid";"BAU";"EUR/kg H2";2035;"1.45";"Sensitivity | Current policies | Removed diesel efficiency gains";"Hydrogen"
"OPEX";"H2 Infrastructure";"IT";"HRS costs";"Tractor-Trailer";"BAU";"EUR/kg H2";2035;"1.45";"Sensitivity | Current policies | Removed diesel efficiency gains";"Hydrogen"
"OPEX";"H2 Infrastructure";"NL";"HRS costs";"Rigid";"BAU";"EUR/kg H2";2035;"1.45";"Sensitivity | Current policies | Removed diesel efficiency gains";"Hydrogen"
"OPEX";"H2 Infrastructure";"NL";"HRS costs";"Tractor-Trailer";"BAU";"EUR/kg H2";2035;"1.45";"Sensitivity | Current policies | Removed diesel efficiency gains";"Hydrogen"
"OPEX";"H2 Infrastructure";"PL";"HRS costs";"Rigid";"BAU";"EUR/kg H2";2035;"1.45";"Sensitivity | Current policies | Removed diesel efficiency gains";"Hydrogen"
"OPEX";"H2 Infrastructure";"PL";"HRS costs";"Tractor-Trailer";"BAU";"EUR/kg H2";2035;"1.45";"Sensitivity | Current policies | Removed diesel efficiency gains";"Hydrogen"
"OPEX";"H2 Infrastructure";"UK";"HRS costs";"Rigid";"BAU";"EUR/kg H2";2035;"1.45";"Sensitivity | Current policies | Removed diesel efficiency gains";"Hydrogen"
"OPEX";"H2 Infrastructure";"UK";"HRS costs";"Tractor-Trailer";"BAU";"EUR/kg H2";2035;"1.45";"Sensitivity | Current policies | Removed diesel efficiency gains";"Hydrogen"
"OPEX";"H2 Infrastructure";"DE";"H2 transport and distribution";"Rigid";"BAU";"EUR/kg H2";2035;"1.333";"Sensitivity | Current policies | Removed diesel efficiency gains";"Hydrogen"
"OPEX";"H2 Infrastructure";"DE";"H2 transport and distribution";"Tractor-Trailer";"BAU";"EUR/kg H2";2035;"1.333";"Sensitivity | Current policies | Removed diesel efficiency gains";"Hydrogen"
"OPEX";"H2 Infrastructure";"ES";"H2 transport and distribution";"Rigid";"BAU";"EUR/kg H2";2035;"1.333";"Sensitivity | Current policies | Removed diesel efficiency gains";"Hydrogen"
"OPEX";"H2 Infrastructure";"ES";"H2 transport and distribution";"Tractor-Trailer";"BAU";"EUR/kg H2";2035;"1.333";"Sensitivity | Current policies | Removed diesel efficiency gains";"Hydrogen"
"OPEX";"H2 Infrastructure";"FR";"H2 transport and distribution";"Rigid";"BAU";"EUR/kg H2";2035;"1.333";"Sensitivity | Current policies | Removed diesel efficiency gains";"Hydrogen"
"OPEX";"H2 Infrastructure";"FR";"H2 transport and distribution";"Tractor-Trailer";"BAU";"EUR/kg H2";2035;"1.333";"Sensitivity | Current policies | Removed diesel efficiency gains";"Hydrogen"
"OPEX";"H2 Infrastructure";"IT";"H2 transport and distribution";"Rigid";"BAU";"EUR/kg H2";2035;"1.333";"Sensitivity | Current policies | Removed diesel efficiency gains";"Hydrogen"
"OPEX";"H2 Infrastructure";"IT";"H2 transport and distribution";"Tractor-Trailer";"BAU";"EUR/kg H2";2035;"1.333";"Sensitivity | Current policies | Removed diesel efficiency gains";"Hydrogen"
"OPEX";"H2 Infrastructure";"NL";"H2 transport and distribution";"Rigid";"BAU";"EUR/kg H2";2035;"1.333";"Sensitivity | Current policies | Removed diesel efficiency gains";"Hydrogen"
"OPEX";"H2 Infrastructure";"NL";"H2 transport and distribution";"Tractor-Trailer";"BAU";"EUR/kg H2";2035;"1.333";"Sensitivity | Current policies | Removed diesel efficiency gains";"Hydrogen"
"OPEX";"H2 Infrastructure";"PL";"H2 transport and distribution";"Rigid";"BAU";"EUR/kg H2";2035;"1.333";"Sensitivity | Current policies | Removed diesel efficiency gains";"Hydrogen"
"OPEX";"H2 Infrastructure";"PL";"H2 transport and distribution";"Tractor-Trailer";"BAU";"EUR/kg H2";2035;"1.333";"Sensitivity | Current policies | Removed diesel efficiency gains";"Hydrogen"
"OPEX";"H2 Infrastructure";"UK";"H2 transport and distribution";"Rigid";"BAU";"EUR/kg H2";2035;"1.333";"Sensitivity | Current policies | Removed diesel efficiency gains";"Hydrogen"
"OPEX";"H2 Infrastructure";"UK";"H2 transport and distribution";"Tractor-Trailer";"BAU";"EUR/kg H2";2035;"1.333";"Sensitivity | Current policies | Removed diesel efficiency gains";"Hydrogen"
"OPEX";"H2 Infrastructure";"DE";"HRS Overhead, Profit and Mark-Up";"Rigid";"BAU";"EUR/kg H2";2035;"0.25";"Sensitivity | Current policies | Removed diesel efficiency gains";"Hydrogen"
"OPEX";"H2 Infrastructure";"DE";"HRS Overhead, Profit and Mark-Up";"Tractor-Trailer";"BAU";"EUR/kg H2";2035;"0.25";"Sensitivity | Current policies | Removed diesel efficiency gains";"Hydrogen"
"OPEX";"H2 Infrastructure";"ES";"HRS Overhead, Profit and Mark-Up";"Rigid";"BAU";"EUR/kg H2";2035;"0.25";"Sensitivity | Current policies | Removed diesel efficiency gains";"Hydrogen"
"OPEX";"H2 Infrastructure";"ES";"HRS Overhead, Profit and Mark-Up";"Tractor-Trailer";"BAU";"EUR/kg H2";2035;"0.25";"Sensitivity | Current policies | Removed diesel efficiency gains";"Hydrogen"
"OPEX";"H2 Infrastructure";"FR";"HRS Overhead, Profit and Mark-Up";"Rigid";"BAU";"EUR/kg H2";2035;"0.25";"Sensitivity | Current policies | Removed diesel efficiency gains";"Hydrogen"
"OPEX";"H2 Infrastructure";"FR";"HRS Overhead, Profit and Mark-Up";"Tractor-Trailer";"BAU";"EUR/kg H2";2035;"0.25";"Sensitivity | Current policies | Removed diesel efficiency gains";"Hydrogen"
"OPEX";"H2 Infrastructure";"IT";"HRS Overhead, Profit and Mark-Up";"Rigid";"BAU";"EUR/kg H2";2035;"0.25";"Sensitivity | Current policies | Removed diesel efficiency gains";"Hydrogen"
"OPEX";"H2 Infrastructure";"IT";"HRS Overhead, Profit and Mark-Up";"Tractor-Trailer";"BAU";"EUR/kg H2";2035;"0.25";"Sensitivity | Current policies | Removed diesel efficiency gains";"Hydrogen"
"OPEX";"H2 Infrastructure";"NL";"HRS Overhead, Profit and Mark-Up";"Rigid";"BAU";"EUR/kg H2";2035;"0.25";"Sensitivity | Current policies | Removed diesel efficiency gains";"Hydrogen"
"OPEX";"H2 Infrastructure";"NL";"HRS Overhead, Profit and Mark-Up";"Tractor-Trailer";"BAU";"EUR/kg H2";2035;"0.25";"Sensitivity | Current policies | Removed diesel efficiency gains";"Hydrogen"
"OPEX";"H2 Infrastructure";"PL";"HRS Overhead, Profit and Mark-Up";"Rigid";"BAU";"EUR/kg H2";2035;"0.25";"Sensitivity | Current policies | Removed diesel efficiency gains";"Hydrogen"
"OPEX";"H2 Infrastructure";"PL";"HRS Overhead, Profit and Mark-Up";"Tractor-Trailer";"BAU";"EUR/kg H2";2035;"0.25";"Sensitivity | Current policies | Removed diesel efficiency gains";"Hydrogen"
"OPEX";"H2 Infrastructure";"UK";"HRS Overhead, Profit and Mark-Up";"Rigid";"BAU";"EUR/kg H2";2035;"0.25";"Sensitivity | Current policies | Removed diesel efficiency gains";"Hydrogen"
"OPEX";"H2 Infrastructure";"UK";"HRS Overhead, Profit and Mark-Up";"Tractor-Trailer";"BAU";"EUR/kg H2";2035;"0.25";"Sensitivity | Current policies | Removed diesel efficiency gains";"Hydrogen"
"OPEX";"Charging Infrastructure";"DE";"MCS Station (Public Charging) - Incl. Overhead";"Rigid";"BAU";"EUR/kWh";2035;"0.082";"Sensitivity | Current policies | Removed diesel efficiency gains";"Electricity"
"OPEX";"Charging Infrastructure";"DE";"MCS Station (Public Charging) - Incl. Overhead";"Tractor-Trailer";"BAU";"EUR/kWh";2035;"0.082";"Sensitivity | Current policies | Removed diesel efficiency gains";"Electricity"
"OPEX";"Charging Infrastructure";"ES";"MCS Station (Public Charging) - Incl. Overhead";"Rigid";"BAU";"EUR/kWh";2035;"0.082";"Sensitivity | Current policies | Removed diesel efficiency gains";"Electricity"
"OPEX";"Charging Infrastructure";"ES";"MCS Station (Public Charging) - Incl. Overhead";"Tractor-Trailer";"BAU";"EUR/kWh";2035;"0.082";"Sensitivity | Current policies | Removed diesel efficiency gains";"Electricity"
"OPEX";"Charging Infrastructure";"FR";"MCS Station (Public Charging) - Incl. Overhead";"Rigid";"BAU";"EUR/kWh";2035;"0.082";"Sensitivity | Current policies | Removed diesel efficiency gains";"Electricity"
"OPEX";"Charging Infrastructure";"FR";"MCS Station (Public Charging) - Incl. Overhead";"Tractor-Trailer";"BAU";"EUR/kWh";2035;"0.082";"Sensitivity | Current policies | Removed diesel efficiency gains";"Electricity"
"OPEX";"Charging Infrastructure";"IT";"MCS Station (Public Charging) - Incl. Overhead";"Rigid";"BAU";"EUR/kWh";2035;"0.082";"Sensitivity | Current policies | Removed diesel efficiency gains";"Electricity"
"OPEX";"Charging Infrastructure";"IT";"MCS Station (Public Charging) - Incl. Overhead";"Tractor-Trailer";"BAU";"EUR/kWh";2035;"0.082";"Sensitivity | Current policies | Removed diesel efficiency gains";"Electricity"
"OPEX";"Charging Infrastructure";"NL";"MCS Station (Public Charging) - Incl. Overhead";"Rigid";"BAU";"EUR/kWh";2035;"0.082";"Sensitivity | Current policies | Removed diesel efficiency gains";"Electricity"
"OPEX";"Charging Infrastructure";"NL";"MCS Station (Public Charging) - Incl. Overhead";"Tractor-Trailer";"BAU";"EUR/kWh";2035;"0.082";"Sensitivity | Current policies | Removed diesel efficiency gains";"Electricity"
"OPEX";"Charging Infrastructure";"PL";"MCS Station (Public Charging) - Incl. Overhead";"Rigid";"BAU";"EUR/kWh";2035;"0.082";"Sensitivity | Current policies | Removed diesel efficiency gains";"Electricity"
"OPEX";"Charging Infrastructure";"PL";"MCS Station (Public Charging) - Incl. Overhead";"Tractor-Trailer";"BAU";"EUR/kWh";2035;"0.082";"Sensitivity | Current policies | Removed diesel efficiency gains";"Electricity"
"OPEX";"Charging Infrastructure";"UK";"MCS Station (Public Charging) - Incl. Overhead";"Rigid";"BAU";"EUR/kWh";2035;"0.082";"Sensitivity | Current policies | Removed diesel efficiency gains";"Electricity"
"OPEX";"Charging Infrastructure";"UK";"MCS Station (Public Charging) - Incl. Overhead";"Tractor-Trailer";"BAU";"EUR/kWh";2035;"0.082";"Sensitivity | Current policies | Removed diesel efficiency gains";"Electricity"
"OPEX";"Charging Infrastructure";"DE";"Share MCS-Charging";"Rigid";"BAU";"%";2035;"0.2";"Sensitivity | Current policies | Removed diesel efficiency gains";"Electricity"
"OPEX";"Charging Infrastructure";"DE";"Share MCS-Charging";"Tractor-Trailer";"BAU";"%";2035;"0.2";"Sensitivity | Current policies | Removed diesel efficiency gains";"Electricity"
"OPEX";"Charging Infrastructure";"ES";"Share MCS-Charging";"Rigid";"BAU";"%";2035;"0.2";"Sensitivity | Current policies | Removed diesel efficiency gains";"Electricity"
"OPEX";"Charging Infrastructure";"ES";"Share MCS-Charging";"Tractor-Trailer";"BAU";"%";2035;"0.2";"Sensitivity | Current policies | Removed diesel efficiency gains";"Electricity"
"OPEX";"Charging Infrastructure";"FR";"Share MCS-Charging";"Rigid";"BAU";"%";2035;"0.2";"Sensitivity | Current policies | Removed diesel efficiency gains";"Electricity"
"OPEX";"Charging Infrastructure";"FR";"Share MCS-Charging";"Tractor-Trailer";"BAU";"%";2035;"0.2";"Sensitivity | Current policies | Removed diesel efficiency gains";"Electricity"
"OPEX";"Charging Infrastructure";"IT";"Share MCS-Charging";"Rigid";"BAU";"%";2035;"0.2";"Sensitivity | Current policies | Removed diesel efficiency gains";"Electricity"
"OPEX";"Charging Infrastructure";"IT";"Share MCS-Charging";"Tractor-Trailer";"BAU";"%";2035;"0.2";"Sensitivity | Current policies | Removed diesel efficiency gains";"Electricity"
"OPEX";"Charging Infrastructure";"NL";"Share MCS-Charging";"Rigid";"BAU";"%";2035;"0.2";"Sensitivity | Current policies | Removed diesel efficiency gains";"Electricity"
"OPEX";"Charging Infrastructure";"NL";"Share MCS-Charging";"Tractor-Trailer";"BAU";"%";2035;"0.2";"Sensitivity | Current policies | Removed diesel efficiency gains";"Electricity"
"OPEX";"Charging Infrastructure";"PL";"Share MCS-Charging";"Rigid";"BAU";"%";2035;"0.2";"Sensitivity | Current policies | Removed diesel efficiency gains";"Electricity"
"OPEX";"Charging Infrastructure";"PL";"Share MCS-Charging";"Tractor-Trailer";"BAU";"%";2035;"0.2";"Sensitivity | Current policies | Removed diesel efficiency gains";"Electricity"
"OPEX";"Charging Infrastructure";"UK";"Share MCS-Charging";"Rigid";"BAU";"%";2035;"0.2";"Sensitivity | Current policies | Removed diesel efficiency gains";"Electricity"
"OPEX";"Charging Infrastructure";"UK";"Share MCS-Charging";"Tractor-Trailer";"BAU";"%";2035;"0.2";"Sensitivity | Current policies | Removed diesel efficiency gains";"Electricity"
"OPEX";"Charging Infrastructure";"DE";"Depot - Network fees savings potential";"Rigid";"BAU";"EUR/kWh";2035;"0";"Sensitivity | Current policies | Removed diesel efficiency gains";"Electricity"
"OPEX";"Charging Infrastructure";"DE";"Depot - Network fees savings potential";"Tractor-Trailer";"BAU";"EUR/kWh";2035;"0";"Sensitivity | Current policies | Removed diesel efficiency gains";"Electricity"
"OPEX";"Charging Infrastructure";"ES";"Depot - Network fees savings potential";"Rigid";"BAU";"EUR/kWh";2035;"0";"Sensitivity | Current policies | Removed diesel efficiency gains";"Electricity"
"OPEX";"Charging Infrastructure";"ES";"Depot - Network fees savings potential";"Tractor-Trailer";"BAU";"EUR/kWh";2035;"0";"Sensitivity | Current policies | Removed diesel efficiency gains";"Electricity"
"OPEX";"Charging Infrastructure";"FR";"Depot - Network fees savings potential";"Rigid";"BAU";"EUR/kWh";2035;"0";"Sensitivity | Current policies | Removed diesel efficiency gains";"Electricity"
"OPEX";"Charging Infrastructure";"FR";"Depot - Network fees savings potential";"Tractor-Trailer";"BAU";"EUR/kWh";2035;"0";"Sensitivity | Current policies | Removed diesel efficiency gains";"Electricity"
"OPEX";"Charging Infrastructure";"IT";"Depot - Network fees savings potential";"Rigid";"BAU";"EUR/kWh";2035;"0";"Sensitivity | Current policies | Removed diesel efficiency gains";"Electricity"
"OPEX";"Charging Infrastructure";"IT";"Depot - Network fees savings potential";"Tractor-Trailer";"BAU";"EUR/kWh";2035;"0";"Sensitivity | Current policies | Removed diesel efficiency gains";"Electricity"
"OPEX";"Charging Infrastructure";"NL";"Depot - Network fees savings potential";"Rigid";"BAU";"EUR/kWh";2035;"0";"Sensitivity | Current policies | Removed diesel efficiency gains";"Electricity"
"OPEX";"Charging Infrastructure";"NL";"Depot - Network fees savings potential";"Tractor-Trailer";"BAU";"EUR/kWh";2035;"0";"Sensitivity | Current policies | Removed diesel efficiency gains";"Electricity"
"OPEX";"Charging Infrastructure";"PL";"Depot - Network fees savings potential";"Rigid";"BAU";"EUR/kWh";2035;"0";"Sensitivity | Current policies | Removed diesel efficiency gains";"Electricity"
"OPEX";"Charging Infrastructure";"PL";"Depot - Network fees savings potential";"Tractor-Trailer";"BAU";"EUR/kWh";2035;"0";"Sensitivity | Current policies | Removed diesel efficiency gains";"Electricity"
"OPEX";"Charging Infrastructure";"UK";"Depot - Network fees savings potential";"Rigid";"BAU";"EUR/kWh";2035;"0";"Sensitivity | Current policies | Removed diesel efficiency gains";"Electricity"
"OPEX";"Charging Infrastructure";"UK";"Depot - Network fees savings potential";"Tractor-Trailer";"BAU";"EUR/kWh";2035;"0";"Sensitivity | Current policies | Removed diesel efficiency gains";"Electricity"
"OPEX";"Taxes";"DE";"Tax reduction";"Rigid";"BAU";"%";2035;"-1";"Sensitivity | Current policies | Removed diesel efficiency gains";"Hydrogen"
"OPEX";"Taxes";"DE";"Tax reduction";"Tractor-Trailer";"BAU";"%";2035;"-1";"Sensitivity | Current policies | Removed diesel efficiency gains";"Hydrogen"
"OPEX";"Taxes";"ES";"Tax reduction";"Rigid";"BAU";"%";2035;"-1";"Sensitivity | Current policies | Removed diesel efficiency gains";"Hydrogen"
"OPEX";"Taxes";"ES";"Tax reduction";"Tractor-Trailer";"BAU";"%";2035;"-1";"Sensitivity | Current policies | Removed diesel efficiency gains";"Hydrogen"
"OPEX";"Taxes";"FR";"Tax reduction";"Rigid";"BAU";"%";2035;"-1";"Sensitivity | Current policies | Removed diesel efficiency gains";"Hydrogen"
"OPEX";"Taxes";"FR";"Tax reduction";"Tractor-Trailer";"BAU";"%";2035;"-1";"Sensitivity | Current policies | Removed diesel efficiency gains";"Hydrogen"
"OPEX";"Taxes";"IT";"Tax reduction";"Rigid";"BAU";"%";2035;"-1";"Sensitivity | Current policies | Removed diesel efficiency gains";"Hydrogen"
"OPEX";"Taxes";"IT";"Tax reduction";"Tractor-Trailer";"BAU";"%";2035;"-1";"Sensitivity | Current policies | Removed diesel efficiency gains";"Hydrogen"
"OPEX";"Taxes";"NL";"Tax reduction";"Rigid";"BAU";"%";2035;"-1";"Sensitivity | Current policies | Removed diesel efficiency gains";"Hydrogen"
"OPEX";"Taxes";"NL";"Tax reduction";"Tractor-Trailer";"BAU";"%";2035;"-1";"Sensitivity | Current policies | Removed diesel efficiency gains";"Hydrogen"
"OPEX";"Taxes";"PL";"Tax reduction";"Rigid";"BAU";"%";2035;"-1";"Sensitivity | Current policies | Removed diesel efficiency gains";"Hydrogen"
"OPEX";"Taxes";"PL";"Tax reduction";"Tractor-Trailer";"BAU";"%";2035;"-1";"Sensitivity | Current policies | Removed diesel efficiency gains";"Hydrogen"
"OPEX";"Taxes";"UK";"Tax reduction";"Rigid";"BAU";"%";2035;"-1";"Sensitivity | Current policies | Removed diesel efficiency gains";"Hydrogen"
"OPEX";"Taxes";"UK";"Tax reduction";"Tractor-Trailer";"BAU";"%";2035;"-1";"Sensitivity | Current policies | Removed diesel efficiency gains";"Hydrogen"
"OPEX";"Taxes";"DE";"Increasing grid fees";"Rigid";"PROG";"%";2035;"0.15";"Sensitivity | Current policies | Removed diesel efficiency gains";"Electricity"
"OPEX";"Taxes";"DE";"Increasing grid fees";"Tractor-Trailer";"PROG";"%";2035;"0.15";"Sensitivity | Current policies | Removed diesel efficiency gains";"Electricity"
"OPEX";"Taxes";"ES";"Increasing grid fees";"Rigid";"PROG";"%";2035;"0.15";"Sensitivity | Current policies | Removed diesel efficiency gains";"Electricity"
"OPEX";"Taxes";"ES";"Increasing grid fees";"Tractor-Trailer";"PROG";"%";2035;"0.15";"Sensitivity | Current policies | Removed diesel efficiency gains";"Electricity"
"OPEX";"Taxes";"FR";"Increasing grid fees";"Rigid";"PROG";"%";2035;"0.15";"Sensitivity | Current policies | Removed diesel efficiency gains";"Electricity"
"OPEX";"Taxes";"FR";"Increasing grid fees";"Tractor-Trailer";"PROG";"%";2035;"0.15";"Sensitivity | Current policies | Removed diesel efficiency gains";"Electricity"
"OPEX";"Taxes";"IT";"Increasing grid fees";"Rigid";"PROG";"%";2035;"0.15";"Sensitivity | Current policies | Removed diesel efficiency gains";"Electricity"
"OPEX";"Taxes";"IT";"Increasing grid fees";"Tractor-Trailer";"PROG";"%";2035;"0.15";"Sensitivity | Current policies | Removed diesel efficiency gains";"Electricity"
"OPEX";"Taxes";"NL";"Increasing grid fees";"Rigid";"PROG";"%";2035;"0.15";"Sensitivity | Current policies | Removed diesel efficiency gains";"Electricity"
"OPEX";"Taxes";"NL";"Increasing grid fees";"Tractor-Trailer";"PROG";"%";2035;"0.15";"Sensitivity | Current policies | Removed diesel efficiency gains";"Electricity"
"OPEX";"Taxes";"PL";"Increasing grid fees";"Rigid";"PROG";"%";2035;"0.15";"Sensitivity | Current policies | Removed diesel efficiency gains";"Electricity"
"OPEX";"Taxes";"PL";"Increasing grid fees";"Tractor-Trailer";"PROG";"%";2035;"0.15";"Sensitivity | Current policies | Removed diesel efficiency gains";"Electricity"
"OPEX";"Taxes";"UK";"Increasing grid fees";"Rigid";"PROG";"%";2035;"0.15";"Sensitivity | Current policies | Removed diesel efficiency gains";"Electricity"
"OPEX";"Taxes";"UK";"Increasing grid fees";"Tractor-Trailer";"PROG";"%";2035;"0.15";"Sensitivity | Current policies | Removed diesel efficiency gains";"Electricity"
"OPEX";"Taxes";"DE";"Increasing grid fees";"Rigid";"BAU";"%";2035;"0.25";"Sensitivity | Current policies | Removed diesel efficiency gains";"Electricity"
"OPEX";"Taxes";"DE";"Increasing grid fees";"Tractor-Trailer";"BAU";"%";2035;"0.25";"Sensitivity | Current policies | Removed diesel efficiency gains";"Electricity"
"OPEX";"Taxes";"ES";"Increasing grid fees";"Rigid";"BAU";"%";2035;"0.25";"Sensitivity | Current policies | Removed diesel efficiency gains";"Electricity"
"OPEX";"Taxes";"ES";"Increasing grid fees";"Tractor-Trailer";"BAU";"%";2035;"0.25";"Sensitivity | Current policies | Removed diesel efficiency gains";"Electricity"
"OPEX";"Taxes";"FR";"Increasing grid fees";"Rigid";"BAU";"%";2035;"0.25";"Sensitivity | Current policies | Removed diesel efficiency gains";"Electricity"
"OPEX";"Taxes";"FR";"Increasing grid fees";"Tractor-Trailer";"BAU";"%";2035;"0.25";"Sensitivity | Current policies | Removed diesel efficiency gains";"Electricity"
"OPEX";"Taxes";"IT";"Increasing grid fees";"Rigid";"BAU";"%";2035;"0.25";"Sensitivity | Current policies | Removed diesel efficiency gains";"Electricity"
"OPEX";"Taxes";"IT";"Increasing grid fees";"Tractor-Trailer";"BAU";"%";2035;"0.25";"Sensitivity | Current policies | Removed diesel efficiency gains";"Electricity"
"OPEX";"Taxes";"NL";"Increasing grid fees";"Rigid";"BAU";"%";2035;"0.25";"Sensitivity | Current policies | Removed diesel efficiency gains";"Electricity"
"OPEX";"Taxes";"NL";"Increasing grid fees";"Tractor-Trailer";"BAU";"%";2035;"0.25";"Sensitivity | Current policies | Removed diesel efficiency gains";"Electricity"
"OPEX";"Taxes";"PL";"Increasing grid fees";"Rigid";"BAU";"%";2035;"0.25";"Sensitivity | Current policies | Removed diesel efficiency gains";"Electricity"
"OPEX";"Taxes";"PL";"Increasing grid fees";"Tractor-Trailer";"BAU";"%";2035;"0.25";"Sensitivity | Current policies | Removed diesel efficiency gains";"Electricity"
"OPEX";"Taxes";"UK";"Increasing grid fees";"Rigid";"BAU";"%";2035;"0.25";"Sensitivity | Current policies | Removed diesel efficiency gains";"Electricity"
"OPEX";"Taxes";"UK";"Increasing grid fees";"Tractor-Trailer";"BAU";"%";2035;"0.25";"Sensitivity | Current policies | Removed diesel efficiency gains";"Electricity"
"OPEX";"Taxes";"DE";"Network Costs - MCS";"Rigid";"PROG";"EUR/kWh";2040;"0.03";"Sensitivity | Current policies | Removed diesel efficiency gains";"Electricity"
"OPEX";"Taxes";"DE";"Network Costs - MCS";"Tractor-Trailer";"PROG";"EUR/kWh";2040;"0.03";"Sensitivity | Current policies | Removed diesel efficiency gains";"Electricity"
"OPEX";"Taxes";"ES";"Network Costs - MCS";"Rigid";"PROG";"EUR/kWh";2040;"0.011";"Sensitivity | Current policies | Removed diesel efficiency gains";"Electricity"
"OPEX";"Taxes";"ES";"Network Costs - MCS";"Tractor-Trailer";"PROG";"EUR/kWh";2040;"0.011";"Sensitivity | Current policies | Removed diesel efficiency gains";"Electricity"
"OPEX";"Taxes";"FR";"Network Costs - MCS";"Rigid";"PROG";"EUR/kWh";2040;"0.014";"Sensitivity | Current policies | Removed diesel efficiency gains";"Electricity"
"OPEX";"Taxes";"FR";"Network Costs - MCS";"Tractor-Trailer";"PROG";"EUR/kWh";2040;"0.014";"Sensitivity | Current policies | Removed diesel efficiency gains";"Electricity"
"OPEX";"Taxes";"IT";"Network Costs - MCS";"Rigid";"PROG";"EUR/kWh";2040;"0.013";"Sensitivity | Current policies | Removed diesel efficiency gains";"Electricity"
"OPEX";"Taxes";"IT";"Network Costs - MCS";"Tractor-Trailer";"PROG";"EUR/kWh";2040;"0.013";"Sensitivity | Current policies | Removed diesel efficiency gains";"Electricity"
"OPEX";"Taxes";"NL";"Network Costs - MCS";"Rigid";"PROG";"EUR/kWh";2040;"0.015";"Sensitivity | Current policies | Removed diesel efficiency gains";"Electricity"
"OPEX";"Taxes";"NL";"Network Costs - MCS";"Tractor-Trailer";"PROG";"EUR/kWh";2040;"0.015";"Sensitivity | Current policies | Removed diesel efficiency gains";"Electricity"
"OPEX";"Taxes";"PL";"Network Costs - MCS";"Rigid";"PROG";"EUR/kWh";2040;"0.015";"Sensitivity | Current policies | Removed diesel efficiency gains";"Electricity"
"OPEX";"Taxes";"PL";"Network Costs - MCS";"Tractor-Trailer";"PROG";"EUR/kWh";2040;"0.015";"Sensitivity | Current policies | Removed diesel efficiency gains";"Electricity"
"OPEX";"Taxes";"UK";"Network Costs - MCS";"Rigid";"PROG";"EUR/kWh";2040;"0.022";"Sensitivity | Current policies | Removed diesel efficiency gains";"Electricity"
"OPEX";"Taxes";"UK";"Network Costs - MCS";"Tractor-Trailer";"PROG";"EUR/kWh";2040;"0.022";"Sensitivity | Current policies | Removed diesel efficiency gains";"Electricity"
"OPEX";"Taxes";"DE";"Taxes, Fees, Levies and charges - MCS";"Rigid";"PROG";"EUR/kWh";2040;"0.051";"Sensitivity | Current policies | Removed diesel efficiency gains";"Electricity"
"OPEX";"Taxes";"DE";"Taxes, Fees, Levies and charges - MCS";"Tractor-Trailer";"PROG";"EUR/kWh";2040;"0.051";"Sensitivity | Current policies | Removed diesel efficiency gains";"Electricity"
"OPEX";"Taxes";"ES";"Taxes, Fees, Levies and charges - MCS";"Rigid";"PROG";"EUR/kWh";2040;"0.027";"Sensitivity | Current policies | Removed diesel efficiency gains";"Electricity"
"OPEX";"Taxes";"ES";"Taxes, Fees, Levies and charges - MCS";"Tractor-Trailer";"PROG";"EUR/kWh";2040;"0.027";"Sensitivity | Current policies | Removed diesel efficiency gains";"Electricity"
"OPEX";"Taxes";"FR";"Taxes, Fees, Levies and charges - MCS";"Rigid";"PROG";"EUR/kWh";2040;"0.024";"Sensitivity | Current policies | Removed diesel efficiency gains";"Electricity"
"OPEX";"Taxes";"FR";"Taxes, Fees, Levies and charges - MCS";"Tractor-Trailer";"PROG";"EUR/kWh";2040;"0.024";"Sensitivity | Current policies | Removed diesel efficiency gains";"Electricity"
"OPEX";"Taxes";"IT";"Taxes, Fees, Levies and charges - MCS";"Rigid";"PROG";"EUR/kWh";2040;"0.042";"Sensitivity | Current policies | Removed diesel efficiency gains";"Electricity"
"OPEX";"Taxes";"IT";"Taxes, Fees, Levies and charges - MCS";"Tractor-Trailer";"PROG";"EUR/kWh";2040;"0.042";"Sensitivity | Current policies | Removed diesel efficiency gains";"Electricity"
"OPEX";"Taxes";"NL";"Taxes, Fees, Levies and charges - MCS";"Rigid";"PROG";"EUR/kWh";2040;"0.037";"Sensitivity | Current policies | Removed diesel efficiency gains";"Electricity"
"OPEX";"Taxes";"NL";"Taxes, Fees, Levies and charges - MCS";"Tractor-Trailer";"PROG";"EUR/kWh";2040;"0.037";"Sensitivity | Current policies | Removed diesel efficiency gains";"Electricity"
"OPEX";"Taxes";"PL";"Taxes, Fees, Levies and charges - MCS";"Rigid";"PROG";"EUR/kWh";2040;"0.046";"Sensitivity | Current policies | Removed diesel efficiency gains";"Electricity"
"OPEX";"Taxes";"PL";"Taxes, Fees, Levies and charges - MCS";"Tractor-Trailer";"PROG";"EUR/kWh";2040;"0.046";"Sensitivity | Current policies | Removed diesel efficiency gains";"Electricity"
"OPEX";"Taxes";"UK";"Taxes, Fees, Levies and charges - MCS";"Rigid";"PROG";"EUR/kWh";2040;"0.074";"Sensitivity | Current policies | Removed diesel efficiency gains";"Electricity"
"OPEX";"Taxes";"UK";"Taxes, Fees, Levies and charges - MCS";"Tractor-Trailer";"PROG";"EUR/kWh";2040;"0.074";"Sensitivity | Current policies | Removed diesel efficiency gains";"Electricity"
"OPEX";"Taxes";"DE";"Network Costs - Depot";"Rigid";"PROG";"EUR/kWh";2040;"0.034";"Sensitivity | Current policies | Removed diesel efficiency gains";"Electricity"
"OPEX";"Taxes";"DE";"Network Costs - Depot";"Tractor-Trailer";"PROG";"EUR/kWh";2040;"0.034";"Sensitivity | Current policies | Removed diesel efficiency gains";"Electricity"
"OPEX";"Taxes";"ES";"Network Costs - Depot";"Rigid";"PROG";"EUR/kWh";2040;"0.018";"Sensitivity | Current policies | Removed diesel efficiency gains";"Electricity"
"OPEX";"Taxes";"ES";"Network Costs - Depot";"Tractor-Trailer";"PROG";"EUR/kWh";2040;"0.018";"Sensitivity | Current policies | Removed diesel efficiency gains";"Electricity"
"OPEX";"Taxes";"FR";"Network Costs - Depot";"Rigid";"PROG";"EUR/kWh";2040;"0.018";"Sensitivity | Current policies | Removed diesel efficiency gains";"Electricity"
"OPEX";"Taxes";"FR";"Network Costs - Depot";"Tractor-Trailer";"PROG";"EUR/kWh";2040;"0.018";"Sensitivity | Current policies | Removed diesel efficiency gains";"Electricity"
"OPEX";"Taxes";"IT";"Network Costs - Depot";"Rigid";"PROG";"EUR/kWh";2040;"0.016";"Sensitivity | Current policies | Removed diesel efficiency gains";"Electricity"
"OPEX";"Taxes";"IT";"Network Costs - Depot";"Tractor-Trailer";"PROG";"EUR/kWh";2040;"0.016";"Sensitivity | Current policies | Removed diesel efficiency gains";"Electricity"
"OPEX";"Taxes";"NL";"Network Costs - Depot";"Rigid";"PROG";"EUR/kWh";2040;"0.016";"Sensitivity | Current policies | Removed diesel efficiency gains";"Electricity"
"OPEX";"Taxes";"NL";"Network Costs - Depot";"Tractor-Trailer";"PROG";"EUR/kWh";2040;"0.016";"Sensitivity | Current policies | Removed diesel efficiency gains";"Electricity"
"OPEX";"Taxes";"PL";"Network Costs - Depot";"Rigid";"PROG";"EUR/kWh";2040;"0.019";"Sensitivity | Current policies | Removed diesel efficiency gains";"Electricity"
"OPEX";"Taxes";"PL";"Network Costs - Depot";"Tractor-Trailer";"PROG";"EUR/kWh";2040;"0.019";"Sensitivity | Current policies | Removed diesel efficiency gains";"Electricity"
"OPEX";"Taxes";"UK";"Network Costs - Depot";"Rigid";"PROG";"EUR/kWh";2040;"0.027";"Sensitivity | Current policies | Removed diesel efficiency gains";"Electricity"
"OPEX";"Taxes";"UK";"Network Costs - Depot";"Tractor-Trailer";"PROG";"EUR/kWh";2040;"0.027";"Sensitivity | Current policies | Removed diesel efficiency gains";"Electricity"
"OPEX";"Taxes";"DE";"Taxes, Fees, Levies and charges - Depot";"Rigid";"PROG";"EUR/kWh";2040;"0.056";"Sensitivity | Current policies | Removed diesel efficiency gains";"Electricity"
"OPEX";"Taxes";"DE";"Taxes, Fees, Levies and charges - Depot";"Tractor-Trailer";"PROG";"EUR/kWh";2040;"0.056";"Sensitivity | Current policies | Removed diesel efficiency gains";"Electricity"
"OPEX";"Taxes";"ES";"Taxes, Fees, Levies and charges - Depot";"Rigid";"PROG";"EUR/kWh";2040;"0.036";"Sensitivity | Current policies | Removed diesel efficiency gains";"Electricity"
"OPEX";"Taxes";"ES";"Taxes, Fees, Levies and charges - Depot";"Tractor-Trailer";"PROG";"EUR/kWh";2040;"0.036";"Sensitivity | Current policies | Removed diesel efficiency gains";"Electricity"
"OPEX";"Taxes";"FR";"Taxes, Fees, Levies and charges - Depot";"Rigid";"PROG";"EUR/kWh";2040;"0.03";"Sensitivity | Current policies | Removed diesel efficiency gains";"Electricity"
"OPEX";"Taxes";"FR";"Taxes, Fees, Levies and charges - Depot";"Tractor-Trailer";"PROG";"EUR/kWh";2040;"0.03";"Sensitivity | Current policies | Removed diesel efficiency gains";"Electricity"
"OPEX";"Taxes";"IT";"Taxes, Fees, Levies and charges - Depot";"Rigid";"PROG";"EUR/kWh";2040;"0.063";"Sensitivity | Current policies | Removed diesel efficiency gains";"Electricity"
"OPEX";"Taxes";"IT";"Taxes, Fees, Levies and charges - Depot";"Tractor-Trailer";"PROG";"EUR/kWh";2040;"0.063";"Sensitivity | Current policies | Removed diesel efficiency gains";"Electricity"
"OPEX";"Taxes";"NL";"Taxes, Fees, Levies and charges - Depot";"Rigid";"PROG";"EUR/kWh";2040;"0.055";"Sensitivity | Current policies | Removed diesel efficiency gains";"Electricity"
"OPEX";"Taxes";"NL";"Taxes, Fees, Levies and charges - Depot";"Tractor-Trailer";"PROG";"EUR/kWh";2040;"0.055";"Sensitivity | Current policies | Removed diesel efficiency gains";"Electricity"
"OPEX";"Taxes";"PL";"Taxes, Fees, Levies and charges - Depot";"Rigid";"PROG";"EUR/kWh";2040;"0.049";"Sensitivity | Current policies | Removed diesel efficiency gains";"Electricity"
"OPEX";"Taxes";"PL";"Taxes, Fees, Levies and charges - Depot";"Tractor-Trailer";"PROG";"EUR/kWh";2040;"0.049";"Sensitivity | Current policies | Removed diesel efficiency gains";"Electricity"
"OPEX";"Taxes";"UK";"Taxes, Fees, Levies and charges - Depot";"Rigid";"PROG";"EUR/kWh";2040;"0.077";"Sensitivity | Current policies | Removed diesel efficiency gains";"Electricity"
"OPEX";"Taxes";"UK";"Taxes, Fees, Levies and charges - Depot";"Tractor-Trailer";"PROG";"EUR/kWh";2040;"0.077";"Sensitivity | Current policies | Removed diesel efficiency gains";"Electricity"
"OPEX";"H2 Infrastructure";"DE";"HRS costs";"Rigid";"PROG";"EUR/kg H2";2040;"0.7";"Sensitivity | Current policies | Removed diesel efficiency gains";"Hydrogen"
"OPEX";"H2 Infrastructure";"DE";"HRS costs";"Tractor-Trailer";"PROG";"EUR/kg H2";2040;"0.7";"Sensitivity | Current policies | Removed diesel efficiency gains";"Hydrogen"
"OPEX";"H2 Infrastructure";"ES";"HRS costs";"Rigid";"PROG";"EUR/kg H2";2040;"0.7";"Sensitivity | Current policies | Removed diesel efficiency gains";"Hydrogen"
"OPEX";"H2 Infrastructure";"ES";"HRS costs";"Tractor-Trailer";"PROG";"EUR/kg H2";2040;"0.7";"Sensitivity | Current policies | Removed diesel efficiency gains";"Hydrogen"
"OPEX";"H2 Infrastructure";"FR";"HRS costs";"Rigid";"PROG";"EUR/kg H2";2040;"0.7";"Sensitivity | Current policies | Removed diesel efficiency gains";"Hydrogen"
"OPEX";"H2 Infrastructure";"FR";"HRS costs";"Tractor-Trailer";"PROG";"EUR/kg H2";2040;"0.7";"Sensitivity | Current policies | Removed diesel efficiency gains";"Hydrogen"
"OPEX";"H2 Infrastructure";"IT";"HRS costs";"Rigid";"PROG";"EUR/kg H2";2040;"0.7";"Sensitivity | Current policies | Removed diesel efficiency gains";"Hydrogen"
"OPEX";"H2 Infrastructure";"IT";"HRS costs";"Tractor-Trailer";"PROG";"EUR/kg H2";2040;"0.7";"Sensitivity | Current policies | Removed diesel efficiency gains";"Hydrogen"
"OPEX";"H2 Infrastructure";"NL";"HRS costs";"Rigid";"PROG";"EUR/kg H2";2040;"0.7";"Sensitivity | Current policies | Removed diesel efficiency gains";"Hydrogen"
"OPEX";"H2 Infrastructure";"NL";"HRS costs";"Tractor-Trailer";"PROG";"EUR/kg H2";2040;"0.7";"Sensitivity | Current policies | Removed diesel efficiency gains";"Hydrogen"
"OPEX";"H2 Infrastructure";"PL";"HRS costs";"Rigid";"PROG";"EUR/kg H2";2040;"0.7";"Sensitivity | Current policies | Removed diesel efficiency gains";"Hydrogen"
"OPEX";"H2 Infrastructure";"PL";"HRS costs";"Tractor-Trailer";"PROG";"EUR/kg H2";2040;"0.7";"Sensitivity | Current policies | Removed diesel efficiency gains";"Hydrogen"
"OPEX";"H2 Infrastructure";"UK";"HRS costs";"Rigid";"PROG";"EUR/kg H2";2040;"0.7";"Sensitivity | Current policies | Removed diesel efficiency gains";"Hydrogen"
"OPEX";"H2 Infrastructure";"UK";"HRS costs";"Tractor-Trailer";"PROG";"EUR/kg H2";2040;"0.7";"Sensitivity | Current policies | Removed diesel efficiency gains";"Hydrogen"
"OPEX";"H2 Infrastructure";"DE";"H2 transport and distribution";"Rigid";"PROG";"EUR/kg H2";2040;"0.667";"Sensitivity | Current policies | Removed diesel efficiency gains";"Hydrogen"
"OPEX";"H2 Infrastructure";"DE";"H2 transport and distribution";"Tractor-Trailer";"PROG";"EUR/kg H2";2040;"0.667";"Sensitivity | Current policies | Removed diesel efficiency gains";"Hydrogen"
"OPEX";"H2 Infrastructure";"ES";"H2 transport and distribution";"Rigid";"PROG";"EUR/kg H2";2040;"0.667";"Sensitivity | Current policies | Removed diesel efficiency gains";"Hydrogen"
"OPEX";"H2 Infrastructure";"ES";"H2 transport and distribution";"Tractor-Trailer";"PROG";"EUR/kg H2";2040;"0.667";"Sensitivity | Current policies | Removed diesel efficiency gains";"Hydrogen"
"OPEX";"H2 Infrastructure";"FR";"H2 transport and distribution";"Rigid";"PROG";"EUR/kg H2";2040;"0.667";"Sensitivity | Current policies | Removed diesel efficiency gains";"Hydrogen"
"OPEX";"H2 Infrastructure";"FR";"H2 transport and distribution";"Tractor-Trailer";"PROG";"EUR/kg H2";2040;"0.667";"Sensitivity | Current policies | Removed diesel efficiency gains";"Hydrogen"
"OPEX";"H2 Infrastructure";"IT";"H2 transport and distribution";"Rigid";"PROG";"EUR/kg H2";2040;"0.667";"Sensitivity | Current policies | Removed diesel efficiency gains";"Hydrogen"
"OPEX";"H2 Infrastructure";"IT";"H2 transport and distribution";"Tractor-Trailer";"PROG";"EUR/kg H2";2040;"0.667";"Sensitivity | Current policies | Removed diesel efficiency gains";"Hydrogen"
"OPEX";"H2 Infrastructure";"NL";"H2 transport and distribution";"Rigid";"PROG";"EUR/kg H2";2040;"0.667";"Sensitivity | Current policies | Removed diesel efficiency gains";"Hydrogen"
"OPEX";"H2 Infrastructure";"NL";"H2 transport and distribution";"Tractor-Trailer";"PROG";"EUR/kg H2";2040;"0.667";"Sensitivity | Current policies | Removed diesel efficiency gains";"Hydrogen"
"OPEX";"H2 Infrastructure";"PL";"H2 transport and distribution";"Rigid";"PROG";"EUR/kg H2";2040;"0.667";"Sensitivity | Current policies | Removed diesel efficiency gains";"Hydrogen"
"OPEX";"H2 Infrastructure";"PL";"H2 transport and distribution";"Tractor-Trailer";"PROG";"EUR/kg H2";2040;"0.667";"Sensitivity | Current policies | Removed diesel efficiency gains";"Hydrogen"
"OPEX";"H2 Infrastructure";"UK";"H2 transport and distribution";"Rigid";"PROG";"EUR/kg H2";2040;"0.667";"Sensitivity | Current policies | Removed diesel efficiency gains";"Hydrogen"
"OPEX";"H2 Infrastructure";"UK";"H2 transport and distribution";"Tractor-Trailer";"PROG";"EUR/kg H2";2040;"0.667";"Sensitivity | Current policies | Removed diesel efficiency gains";"Hydrogen"
"OPEX";"H2 Infrastructure";"DE";"HRS Overhead, Profit and Mark-Up";"Rigid";"PROG";"EUR/kg H2";2040;"0.25";"Sensitivity | Current policies | Removed diesel efficiency gains";"Hydrogen"
"OPEX";"H2 Infrastructure";"DE";"HRS Overhead, Profit and Mark-Up";"Tractor-Trailer";"PROG";"EUR/kg H2";2040;"0.25";"Sensitivity | Current policies | Removed diesel efficiency gains";"Hydrogen"
"OPEX";"H2 Infrastructure";"ES";"HRS Overhead, Profit and Mark-Up";"Rigid";"PROG";"EUR/kg H2";2040;"0.25";"Sensitivity | Current policies | Removed diesel efficiency gains";"Hydrogen"
"OPEX";"H2 Infrastructure";"ES";"HRS Overhead, Profit and Mark-Up";"Tractor-Trailer";"PROG";"EUR/kg H2";2040;"0.25";"Sensitivity | Current policies | Removed diesel efficiency gains";"Hydrogen"
"OPEX";"H2 Infrastructure";"FR";"HRS Overhead, Profit and Mark-Up";"Rigid";"PROG";"EUR/kg H2";2040;"0.25";"Sensitivity | Current policies | Removed diesel efficiency gains";"Hydrogen"
"OPEX";"H2 Infrastructure";"FR";"HRS Overhead, Profit and Mark-Up";"Tractor-Trailer";"PROG";"EUR/kg H2";2040;"0.25";"Sensitivity | Current policies | Removed diesel efficiency gains";"Hydrogen"
"OPEX";"H2 Infrastructure";"IT";"HRS Overhead, Profit and Mark-Up";"Rigid";"PROG";"EUR/kg H2";2040;"0.25";"Sensitivity | Current policies | Removed diesel efficiency gains";"Hydrogen"
"OPEX";"H2 Infrastructure";"IT";"HRS Overhead, Profit and Mark-Up";"Tractor-Trailer";"PROG";"EUR/kg H2";2040;"0.25";"Sensitivity | Current policies | Removed diesel efficiency gains";"Hydrogen"
"OPEX";"H2 Infrastructure";"NL";"HRS Overhead, Profit and Mark-Up";"Rigid";"PROG";"EUR/kg H2";2040;"0.25";"Sensitivity | Current policies | Removed diesel efficiency gains";"Hydrogen"
"OPEX";"H2 Infrastructure";"NL";"HRS Overhead, Profit and Mark-Up";"Tractor-Trailer";"PROG";"EUR/kg H2";2040;"0.25";"Sensitivity | Current policies | Removed diesel efficiency gains";"Hydrogen"
"OPEX";"H2 Infrastructure";"PL";"HRS Overhead, Profit and Mark-Up";"Rigid";"PROG";"EUR/kg H2";2040;"0.25";"Sensitivity | Current policies | Removed diesel efficiency gains";"Hydrogen"
"OPEX";"H2 Infrastructure";"PL";"HRS Overhead, Profit and Mark-Up";"Tractor-Trailer";"PROG";"EUR/kg H2";2040;"0.25";"Sensitivity | Current policies | Removed diesel efficiency gains";"Hydrogen"
"OPEX";"H2 Infrastructure";"UK";"HRS Overhead, Profit and Mark-Up";"Rigid";"PROG";"EUR/kg H2";2040;"0.25";"Sensitivity | Current policies | Removed diesel efficiency gains";"Hydrogen"
"OPEX";"H2 Infrastructure";"UK";"HRS Overhead, Profit and Mark-Up";"Tractor-Trailer";"PROG";"EUR/kg H2";2040;"0.25";"Sensitivity | Current policies | Removed diesel efficiency gains";"Hydrogen"
"OPEX";"Charging Infrastructure";"DE";"MCS Station (Public Charging) - Incl. Overhead";"Rigid";"PROG";"EUR/kWh";2040;"0.02";"Sensitivity | Current policies | Removed diesel efficiency gains";"Electricity"
"OPEX";"Charging Infrastructure";"DE";"MCS Station (Public Charging) - Incl. Overhead";"Tractor-Trailer";"PROG";"EUR/kWh";2040;"0.02";"Sensitivity | Current policies | Removed diesel efficiency gains";"Electricity"
"OPEX";"Charging Infrastructure";"ES";"MCS Station (Public Charging) - Incl. Overhead";"Rigid";"PROG";"EUR/kWh";2040;"0.02";"Sensitivity | Current policies | Removed diesel efficiency gains";"Electricity"
"OPEX";"Charging Infrastructure";"ES";"MCS Station (Public Charging) - Incl. Overhead";"Tractor-Trailer";"PROG";"EUR/kWh";2040;"0.02";"Sensitivity | Current policies | Removed diesel efficiency gains";"Electricity"
"OPEX";"Charging Infrastructure";"FR";"MCS Station (Public Charging) - Incl. Overhead";"Rigid";"PROG";"EUR/kWh";2040;"0.02";"Sensitivity | Current policies | Removed diesel efficiency gains";"Electricity"
"OPEX";"Charging Infrastructure";"FR";"MCS Station (Public Charging) - Incl. Overhead";"Tractor-Trailer";"PROG";"EUR/kWh";2040;"0.02";"Sensitivity | Current policies | Removed diesel efficiency gains";"Electricity"
"OPEX";"Charging Infrastructure";"IT";"MCS Station (Public Charging) - Incl. Overhead";"Rigid";"PROG";"EUR/kWh";2040;"0.02";"Sensitivity | Current policies | Removed diesel efficiency gains";"Electricity"
"OPEX";"Charging Infrastructure";"IT";"MCS Station (Public Charging) - Incl. Overhead";"Tractor-Trailer";"PROG";"EUR/kWh";2040;"0.02";"Sensitivity | Current policies | Removed diesel efficiency gains";"Electricity"
"OPEX";"Charging Infrastructure";"NL";"MCS Station (Public Charging) - Incl. Overhead";"Rigid";"PROG";"EUR/kWh";2040;"0.02";"Sensitivity | Current policies | Removed diesel efficiency gains";"Electricity"
"OPEX";"Charging Infrastructure";"NL";"MCS Station (Public Charging) - Incl. Overhead";"Tractor-Trailer";"PROG";"EUR/kWh";2040;"0.02";"Sensitivity | Current policies | Removed diesel efficiency gains";"Electricity"
"OPEX";"Charging Infrastructure";"PL";"MCS Station (Public Charging) - Incl. Overhead";"Rigid";"PROG";"EUR/kWh";2040;"0.02";"Sensitivity | Current policies | Removed diesel efficiency gains";"Electricity"
"OPEX";"Charging Infrastructure";"PL";"MCS Station (Public Charging) - Incl. Overhead";"Tractor-Trailer";"PROG";"EUR/kWh";2040;"0.02";"Sensitivity | Current policies | Removed diesel efficiency gains";"Electricity"
"OPEX";"Charging Infrastructure";"UK";"MCS Station (Public Charging) - Incl. Overhead";"Rigid";"PROG";"EUR/kWh";2040;"0.02";"Sensitivity | Current policies | Removed diesel efficiency gains";"Electricity"
"OPEX";"Charging Infrastructure";"UK";"MCS Station (Public Charging) - Incl. Overhead";"Tractor-Trailer";"PROG";"EUR/kWh";2040;"0.02";"Sensitivity | Current policies | Removed diesel efficiency gains";"Electricity"
"OPEX";"Charging Infrastructure";"DE";"Share MCS-Charging";"Rigid";"PROG";"%";2040;"0.2";"Sensitivity | Current policies | Removed diesel efficiency gains";"Electricity"
"OPEX";"Charging Infrastructure";"DE";"Share MCS-Charging";"Tractor-Trailer";"PROG";"%";2040;"0.2";"Sensitivity | Current policies | Removed diesel efficiency gains";"Electricity"
"OPEX";"Charging Infrastructure";"ES";"Share MCS-Charging";"Rigid";"PROG";"%";2040;"0.2";"Sensitivity | Current policies | Removed diesel efficiency gains";"Electricity"
"OPEX";"Charging Infrastructure";"ES";"Share MCS-Charging";"Tractor-Trailer";"PROG";"%";2040;"0.2";"Sensitivity | Current policies | Removed diesel efficiency gains";"Electricity"
"OPEX";"Charging Infrastructure";"FR";"Share MCS-Charging";"Rigid";"PROG";"%";2040;"0.2";"Sensitivity | Current policies | Removed diesel efficiency gains";"Electricity"
"OPEX";"Charging Infrastructure";"FR";"Share MCS-Charging";"Tractor-Trailer";"PROG";"%";2040;"0.2";"Sensitivity | Current policies | Removed diesel efficiency gains";"Electricity"
"OPEX";"Charging Infrastructure";"IT";"Share MCS-Charging";"Rigid";"PROG";"%";2040;"0.2";"Sensitivity | Current policies | Removed diesel efficiency gains";"Electricity"
"OPEX";"Charging Infrastructure";"IT";"Share MCS-Charging";"Tractor-Trailer";"PROG";"%";2040;"0.2";"Sensitivity | Current policies | Removed diesel efficiency gains";"Electricity"
"OPEX";"Charging Infrastructure";"NL";"Share MCS-Charging";"Rigid";"PROG";"%";2040;"0.2";"Sensitivity | Current policies | Removed diesel efficiency gains";"Electricity"
"OPEX";"Charging Infrastructure";"NL";"Share MCS-Charging";"Tractor-Trailer";"PROG";"%";2040;"0.2";"Sensitivity | Current policies | Removed diesel efficiency gains";"Electricity"
"OPEX";"Charging Infrastructure";"PL";"Share MCS-Charging";"Rigid";"PROG";"%";2040;"0.2";"Sensitivity | Current policies | Removed diesel efficiency gains";"Electricity"
"OPEX";"Charging Infrastructure";"PL";"Share MCS-Charging";"Tractor-Trailer";"PROG";"%";2040;"0.2";"Sensitivity | Current policies | Removed diesel efficiency gains";"Electricity"
"OPEX";"Charging Infrastructure";"UK";"Share MCS-Charging";"Rigid";"PROG";"%";2040;"0.2";"Sensitivity | Current policies | Removed diesel efficiency gains";"Electricity"
"OPEX";"Charging Infrastructure";"UK";"Share MCS-Charging";"Tractor-Trailer";"PROG";"%";2040;"0.2";"Sensitivity | Current policies | Removed diesel efficiency gains";"Electricity"
"OPEX";"Charging Infrastructure";"DE";"Depot - Network fees savings potential";"Rigid";"PROG";"EUR/kWh";2040;"-0.01";"Sensitivity | Current policies | Removed diesel efficiency gains";"Electricity"
"OPEX";"Charging Infrastructure";"DE";"Depot - Network fees savings potential";"Tractor-Trailer";"PROG";"EUR/kWh";2040;"-0.01";"Sensitivity | Current policies | Removed diesel efficiency gains";"Electricity"
"OPEX";"Charging Infrastructure";"ES";"Depot - Network fees savings potential";"Rigid";"PROG";"EUR/kWh";2040;"-0.01";"Sensitivity | Current policies | Removed diesel efficiency gains";"Electricity"
"OPEX";"Charging Infrastructure";"ES";"Depot - Network fees savings potential";"Tractor-Trailer";"PROG";"EUR/kWh";2040;"-0.01";"Sensitivity | Current policies | Removed diesel efficiency gains";"Electricity"
"OPEX";"Charging Infrastructure";"FR";"Depot - Network fees savings potential";"Rigid";"PROG";"EUR/kWh";2040;"-0.01";"Sensitivity | Current policies | Removed diesel efficiency gains";"Electricity"
"OPEX";"Charging Infrastructure";"FR";"Depot - Network fees savings potential";"Tractor-Trailer";"PROG";"EUR/kWh";2040;"-0.01";"Sensitivity | Current policies | Removed diesel efficiency gains";"Electricity"
"OPEX";"Charging Infrastructure";"IT";"Depot - Network fees savings potential";"Rigid";"PROG";"EUR/kWh";2040;"-0.01";"Sensitivity | Current policies | Removed diesel efficiency gains";"Electricity"
"OPEX";"Charging Infrastructure";"IT";"Depot - Network fees savings potential";"Tractor-Trailer";"PROG";"EUR/kWh";2040;"-0.01";"Sensitivity | Current policies | Removed diesel efficiency gains";"Electricity"
"OPEX";"Charging Infrastructure";"NL";"Depot - Network fees savings potential";"Rigid";"PROG";"EUR/kWh";2040;"-0.01";"Sensitivity | Current policies | Removed diesel efficiency gains";"Electricity"
"OPEX";"Charging Infrastructure";"NL";"Depot - Network fees savings potential";"Tractor-Trailer";"PROG";"EUR/kWh";2040;"-0.01";"Sensitivity | Current policies | Removed diesel efficiency gains";"Electricity"
"OPEX";"Charging Infrastructure";"PL";"Depot - Network fees savings potential";"Rigid";"PROG";"EUR/kWh";2040;"-0.01";"Sensitivity | Current policies | Removed diesel efficiency gains";"Electricity"
"OPEX";"Charging Infrastructure";"PL";"Depot - Network fees savings potential";"Tractor-Trailer";"PROG";"EUR/kWh";2040;"-0.01";"Sensitivity | Current policies | Removed diesel efficiency gains";"Electricity"
"OPEX";"Charging Infrastructure";"UK";"Depot - Network fees savings potential";"Rigid";"PROG";"EUR/kWh";2040;"-0.01";"Sensitivity | Current policies | Removed diesel efficiency gains";"Electricity"
"OPEX";"Charging Infrastructure";"UK";"Depot - Network fees savings potential";"Tractor-Trailer";"PROG";"EUR/kWh";2040;"-0.01";"Sensitivity | Current policies | Removed diesel efficiency gains";"Electricity"
"OPEX";"Taxes";"DE";"Tax reduction";"Rigid";"PROG";"%";2040;"0";"Sensitivity | Current policies | Removed diesel efficiency gains";"Hydrogen"
"OPEX";"Taxes";"DE";"Tax reduction";"Tractor-Trailer";"PROG";"%";2040;"0";"Sensitivity | Current policies | Removed diesel efficiency gains";"Hydrogen"
"OPEX";"Taxes";"ES";"Tax reduction";"Rigid";"PROG";"%";2040;"0";"Sensitivity | Current policies | Removed diesel efficiency gains";"Hydrogen"
"OPEX";"Taxes";"ES";"Tax reduction";"Tractor-Trailer";"PROG";"%";2040;"0";"Sensitivity | Current policies | Removed diesel efficiency gains";"Hydrogen"
"OPEX";"Taxes";"FR";"Tax reduction";"Rigid";"PROG";"%";2040;"0";"Sensitivity | Current policies | Removed diesel efficiency gains";"Hydrogen"
"OPEX";"Taxes";"FR";"Tax reduction";"Tractor-Trailer";"PROG";"%";2040;"0";"Sensitivity | Current policies | Removed diesel efficiency gains";"Hydrogen"
"OPEX";"Taxes";"IT";"Tax reduction";"Rigid";"PROG";"%";2040;"0";"Sensitivity | Current policies | Removed diesel efficiency gains";"Hydrogen"
"OPEX";"Taxes";"IT";"Tax reduction";"Tractor-Trailer";"PROG";"%";2040;"0";"Sensitivity | Current policies | Removed diesel efficiency gains";"Hydrogen"
"OPEX";"Taxes";"NL";"Tax reduction";"Rigid";"PROG";"%";2040;"0";"Sensitivity | Current policies | Removed diesel efficiency gains";"Hydrogen"
"OPEX";"Taxes";"NL";"Tax reduction";"Tractor-Trailer";"PROG";"%";2040;"0";"Sensitivity | Current policies | Removed diesel efficiency gains";"Hydrogen"
"OPEX";"Taxes";"PL";"Tax reduction";"Rigid";"PROG";"%";2040;"0";"Sensitivity | Current policies | Removed diesel efficiency gains";"Hydrogen"
"OPEX";"Taxes";"PL";"Tax reduction";"Tractor-Trailer";"PROG";"%";2040;"0";"Sensitivity | Current policies | Removed diesel efficiency gains";"Hydrogen"
"OPEX";"Taxes";"UK";"Tax reduction";"Rigid";"PROG";"%";2040;"0";"Sensitivity | Current policies | Removed diesel efficiency gains";"Hydrogen"
"OPEX";"Taxes";"UK";"Tax reduction";"Tractor-Trailer";"PROG";"%";2040;"0";"Sensitivity | Current policies | Removed diesel efficiency gains";"Hydrogen"
"OPEX";"Taxes";"DE";"Excise Duty - Diesel";"Rigid";"BAU";"EUR/kWh";2040;"0.047";"Sensitivity | Current policies | Removed diesel efficiency gains";"Diesel"
"OPEX";"Taxes";"DE";"Excise Duty - Diesel";"Tractor-Trailer";"BAU";"EUR/kWh";2040;"0.047";"Sensitivity | Current policies | Removed diesel efficiency gains";"Diesel"
"OPEX";"Taxes";"DE";"Excise Duty - Diesel";"Rigid";"PROG";"EUR/kWh";2040;"0.047";"Sensitivity | Current policies | Removed diesel efficiency gains";"Diesel"
"OPEX";"Taxes";"DE";"Excise Duty - Diesel";"Tractor-Trailer";"PROG";"EUR/kWh";2040;"0.047";"Sensitivity | Current policies | Removed diesel efficiency gains";"Diesel"
"OPEX";"Taxes";"ES";"Excise Duty - Diesel";"Rigid";"BAU";"EUR/kWh";2040;"0.038";"Sensitivity | Current policies | Removed diesel efficiency gains";"Diesel"
"OPEX";"Taxes";"ES";"Excise Duty - Diesel";"Tractor-Trailer";"BAU";"EUR/kWh";2040;"0.038";"Sensitivity | Current policies | Removed diesel efficiency gains";"Diesel"
"OPEX";"Taxes";"ES";"Excise Duty - Diesel";"Rigid";"PROG";"EUR/kWh";2040;"0.038";"Sensitivity | Current policies | Removed diesel efficiency gains";"Diesel"
"OPEX";"Taxes";"ES";"Excise Duty - Diesel";"Tractor-Trailer";"PROG";"EUR/kWh";2040;"0.038";"Sensitivity | Current policies | Removed diesel efficiency gains";"Diesel"
"OPEX";"Taxes";"FR";"Excise Duty - Diesel";"Rigid";"BAU";"EUR/kWh";2040;"0.06";"Sensitivity | Current policies | Removed diesel efficiency gains";"Diesel"
"OPEX";"Taxes";"FR";"Excise Duty - Diesel";"Tractor-Trailer";"BAU";"EUR/kWh";2040;"0.06";"Sensitivity | Current policies | Removed diesel efficiency gains";"Diesel"
"OPEX";"Taxes";"FR";"Excise Duty - Diesel";"Rigid";"PROG";"EUR/kWh";2040;"0.06";"Sensitivity | Current policies | Removed diesel efficiency gains";"Diesel"
"OPEX";"Taxes";"FR";"Excise Duty - Diesel";"Tractor-Trailer";"PROG";"EUR/kWh";2040;"0.06";"Sensitivity | Current policies | Removed diesel efficiency gains";"Diesel"
"OPEX";"Taxes";"IT";"Excise Duty - Diesel";"Rigid";"BAU";"EUR/kWh";2040;"0.062";"Sensitivity | Current policies | Removed diesel efficiency gains";"Diesel"
"OPEX";"Taxes";"IT";"Excise Duty - Diesel";"Tractor-Trailer";"BAU";"EUR/kWh";2040;"0.062";"Sensitivity | Current policies | Removed diesel efficiency gains";"Diesel"
"OPEX";"Taxes";"IT";"Excise Duty - Diesel";"Rigid";"PROG";"EUR/kWh";2040;"0.062";"Sensitivity | Current policies | Removed diesel efficiency gains";"Diesel"
"OPEX";"Taxes";"IT";"Excise Duty - Diesel";"Tractor-Trailer";"PROG";"EUR/kWh";2040;"0.062";"Sensitivity | Current policies | Removed diesel efficiency gains";"Diesel"
"OPEX";"Taxes";"NL";"Excise Duty - Diesel";"Rigid";"BAU";"EUR/kWh";2040;"0.053";"Sensitivity | Current policies | Removed diesel efficiency gains";"Diesel"
"OPEX";"Taxes";"NL";"Excise Duty - Diesel";"Tractor-Trailer";"BAU";"EUR/kWh";2040;"0.053";"Sensitivity | Current policies | Removed diesel efficiency gains";"Diesel"
"OPEX";"Taxes";"NL";"Excise Duty - Diesel";"Rigid";"PROG";"EUR/kWh";2040;"0.053";"Sensitivity | Current policies | Removed diesel efficiency gains";"Diesel"
"OPEX";"Taxes";"NL";"Excise Duty - Diesel";"Tractor-Trailer";"PROG";"EUR/kWh";2040;"0.053";"Sensitivity | Current policies | Removed diesel efficiency gains";"Diesel"
"OPEX";"Taxes";"PL";"Excise Duty - Diesel";"Rigid";"BAU";"EUR/kWh";2040;"0.033";"Sensitivity | Current policies | Removed diesel efficiency gains";"Diesel"
"OPEX";"Taxes";"PL";"Excise Duty - Diesel";"Tractor-Trailer";"BAU";"EUR/kWh";2040;"0.033";"Sensitivity | Current policies | Removed diesel efficiency gains";"Diesel"
"OPEX";"Taxes";"PL";"Excise Duty - Diesel";"Rigid";"PROG";"EUR/kWh";2040;"0.033";"Sensitivity | Current policies | Removed diesel efficiency gains";"Diesel"
"OPEX";"Taxes";"PL";"Excise Duty - Diesel";"Tractor-Trailer";"PROG";"EUR/kWh";2040;"0.033";"Sensitivity | Current policies | Removed diesel efficiency gains";"Diesel"
"OPEX";"Taxes";"UK";"Excise Duty - Diesel";"Rigid";"BAU";"EUR/kWh";2040;"0.053";"Sensitivity | Current policies | Removed diesel efficiency gains";"Diesel"
"OPEX";"Taxes";"UK";"Excise Duty - Diesel";"Tractor-Trailer";"BAU";"EUR/kWh";2040;"0.053";"Sensitivity | Current policies | Removed diesel efficiency gains";"Diesel"
"OPEX";"Taxes";"UK";"Excise Duty - Diesel";"Rigid";"PROG";"EUR/kWh";2040;"0.053";"Sensitivity | Current policies | Removed diesel efficiency gains";"Diesel"
"OPEX";"Taxes";"UK";"Excise Duty - Diesel";"Tractor-Trailer";"PROG";"EUR/kWh";2040;"0.053";"Sensitivity | Current policies | Removed diesel efficiency gains";"Diesel"
"OPEX";"Taxes";"DE";"Excise Duty - Reduction biodiesel";"Rigid";"BAU";"%";2040;"0.5";"Sensitivity | Current policies | Removed diesel efficiency gains";"Diesel"
"OPEX";"Taxes";"DE";"Excise Duty - Reduction biodiesel";"Tractor-Trailer";"BAU";"%";2040;"0.5";"Sensitivity | Current policies | Removed diesel efficiency gains";"Diesel"
"OPEX";"Taxes";"DE";"Excise Duty - Reduction biodiesel";"Rigid";"PROG";"%";2040;"0.5";"Sensitivity | Current policies | Removed diesel efficiency gains";"Diesel"
"OPEX";"Taxes";"DE";"Excise Duty - Reduction biodiesel";"Tractor-Trailer";"PROG";"%";2040;"0.5";"Sensitivity | Current policies | Removed diesel efficiency gains";"Diesel"
"OPEX";"Taxes";"ES";"Excise Duty - Reduction biodiesel";"Rigid";"BAU";"%";2040;"0.5";"Sensitivity | Current policies | Removed diesel efficiency gains";"Diesel"
"OPEX";"Taxes";"ES";"Excise Duty - Reduction biodiesel";"Tractor-Trailer";"BAU";"%";2040;"0.5";"Sensitivity | Current policies | Removed diesel efficiency gains";"Diesel"
"OPEX";"Taxes";"ES";"Excise Duty - Reduction biodiesel";"Rigid";"PROG";"%";2040;"0.5";"Sensitivity | Current policies | Removed diesel efficiency gains";"Diesel"
"OPEX";"Taxes";"ES";"Excise Duty - Reduction biodiesel";"Tractor-Trailer";"PROG";"%";2040;"0.5";"Sensitivity | Current policies | Removed diesel efficiency gains";"Diesel"
"OPEX";"Taxes";"FR";"Excise Duty - Reduction biodiesel";"Rigid";"BAU";"%";2040;"0.5";"Sensitivity | Current policies | Removed diesel efficiency gains";"Diesel"
"OPEX";"Taxes";"FR";"Excise Duty - Reduction biodiesel";"Tractor-Trailer";"BAU";"%";2040;"0.5";"Sensitivity | Current policies | Removed diesel efficiency gains";"Diesel"
"OPEX";"Taxes";"FR";"Excise Duty - Reduction biodiesel";"Rigid";"PROG";"%";2040;"0.5";"Sensitivity | Current policies | Removed diesel efficiency gains";"Diesel"
"OPEX";"Taxes";"FR";"Excise Duty - Reduction biodiesel";"Tractor-Trailer";"PROG";"%";2040;"0.5";"Sensitivity | Current policies | Removed diesel efficiency gains";"Diesel"
"OPEX";"Taxes";"IT";"Excise Duty - Reduction biodiesel";"Rigid";"BAU";"%";2040;"0.5";"Sensitivity | Current policies | Removed diesel efficiency gains";"Diesel"
"OPEX";"Taxes";"IT";"Excise Duty - Reduction biodiesel";"Tractor-Trailer";"BAU";"%";2040;"0.5";"Sensitivity | Current policies | Removed diesel efficiency gains";"Diesel"
"OPEX";"Taxes";"IT";"Excise Duty - Reduction biodiesel";"Rigid";"PROG";"%";2040;"0.5";"Sensitivity | Current policies | Removed diesel efficiency gains";"Diesel"
"OPEX";"Taxes";"IT";"Excise Duty - Reduction biodiesel";"Tractor-Trailer";"PROG";"%";2040;"0.5";"Sensitivity | Current policies | Removed diesel efficiency gains";"Diesel"
"OPEX";"Taxes";"NL";"Excise Duty - Reduction biodiesel";"Rigid";"BAU";"%";2040;"0.5";"Sensitivity | Current policies | Removed diesel efficiency gains";"Diesel"
"OPEX";"Taxes";"NL";"Excise Duty - Reduction biodiesel";"Tractor-Trailer";"BAU";"%";2040;"0.5";"Sensitivity | Current policies | Removed diesel efficiency gains";"Diesel"
"OPEX";"Taxes";"NL";"Excise Duty - Reduction biodiesel";"Rigid";"PROG";"%";2040;"0.5";"Sensitivity | Current policies | Removed diesel efficiency gains";"Diesel"
"OPEX";"Taxes";"NL";"Excise Duty - Reduction biodiesel";"Tractor-Trailer";"PROG";"%";2040;"0.5";"Sensitivity | Current policies | Removed diesel efficiency gains";"Diesel"
"OPEX";"Taxes";"PL";"Excise Duty - Reduction biodiesel";"Rigid";"BAU";"%";2040;"0.5";"Sensitivity | Current policies | Removed diesel efficiency gains";"Diesel"
"OPEX";"Taxes";"PL";"Excise Duty - Reduction biodiesel";"Tractor-Trailer";"BAU";"%";2040;"0.5";"Sensitivity | Current policies | Removed diesel efficiency gains";"Diesel"
"OPEX";"Taxes";"PL";"Excise Duty - Reduction biodiesel";"Rigid";"PROG";"%";2040;"0.5";"Sensitivity | Current policies | Removed diesel efficiency gains";"Diesel"
"OPEX";"Taxes";"PL";"Excise Duty - Reduction biodiesel";"Tractor-Trailer";"PROG";"%";2040;"0.5";"Sensitivity | Current policies | Removed diesel efficiency gains";"Diesel"
"OPEX";"Taxes";"UK";"Excise Duty - Reduction biodiesel";"Rigid";"BAU";"%";2040;"0.5";"Sensitivity | Current policies | Removed diesel efficiency gains";"Diesel"
"OPEX";"Taxes";"UK";"Excise Duty - Reduction biodiesel";"Tractor-Trailer";"BAU";"%";2040;"0.5";"Sensitivity | Current policies | Removed diesel efficiency gains";"Diesel"
"OPEX";"Taxes";"UK";"Excise Duty - Reduction biodiesel";"Rigid";"PROG";"%";2040;"0.5";"Sensitivity | Current policies | Removed diesel efficiency gains";"Diesel"
"OPEX";"Taxes";"UK";"Excise Duty - Reduction biodiesel";"Tractor-Trailer";"PROG";"%";2040;"0.5";"Sensitivity | Current policies | Removed diesel efficiency gains";"Diesel"
"OPEX";"Taxes";"DE";"Excise Duty - Reduction Synthetic Diesel (E-Fuels)";"Rigid";"BAU";"%";2040;"0.5";"Sensitivity | Current policies | Removed diesel efficiency gains";"Diesel"
"OPEX";"Taxes";"DE";"Excise Duty - Reduction Synthetic Diesel (E-Fuels)";"Tractor-Trailer";"BAU";"%";2040;"0.5";"Sensitivity | Current policies | Removed diesel efficiency gains";"Diesel"
"OPEX";"Taxes";"DE";"Excise Duty - Reduction Synthetic Diesel (E-Fuels)";"Rigid";"PROG";"%";2040;"0.5";"Sensitivity | Current policies | Removed diesel efficiency gains";"Diesel"
"OPEX";"Taxes";"DE";"Excise Duty - Reduction Synthetic Diesel (E-Fuels)";"Tractor-Trailer";"PROG";"%";2040;"0.5";"Sensitivity | Current policies | Removed diesel efficiency gains";"Diesel"
"OPEX";"Taxes";"ES";"Excise Duty - Reduction Synthetic Diesel (E-Fuels)";"Rigid";"BAU";"%";2040;"0.5";"Sensitivity | Current policies | Removed diesel efficiency gains";"Diesel"
"OPEX";"Taxes";"ES";"Excise Duty - Reduction Synthetic Diesel (E-Fuels)";"Tractor-Trailer";"BAU";"%";2040;"0.5";"Sensitivity | Current policies | Removed diesel efficiency gains";"Diesel"
"OPEX";"Taxes";"ES";"Excise Duty - Reduction Synthetic Diesel (E-Fuels)";"Rigid";"PROG";"%";2040;"0.5";"Sensitivity | Current policies | Removed diesel efficiency gains";"Diesel"
"OPEX";"Taxes";"ES";"Excise Duty - Reduction Synthetic Diesel (E-Fuels)";"Tractor-Trailer";"PROG";"%";2040;"0.5";"Sensitivity | Current policies | Removed diesel efficiency gains";"Diesel"
"OPEX";"Taxes";"FR";"Excise Duty - Reduction Synthetic Diesel (E-Fuels)";"Rigid";"BAU";"%";2040;"0.5";"Sensitivity | Current policies | Removed diesel efficiency gains";"Diesel"
"OPEX";"Taxes";"FR";"Excise Duty - Reduction Synthetic Diesel (E-Fuels)";"Tractor-Trailer";"BAU";"%";2040;"0.5";"Sensitivity | Current policies | Removed diesel efficiency gains";"Diesel"
"OPEX";"Taxes";"FR";"Excise Duty - Reduction Synthetic Diesel (E-Fuels)";"Rigid";"PROG";"%";2040;"0.5";"Sensitivity | Current policies | Removed diesel efficiency gains";"Diesel"
"OPEX";"Taxes";"FR";"Excise Duty - Reduction Synthetic Diesel (E-Fuels)";"Tractor-Trailer";"PROG";"%";2040;"0.5";"Sensitivity | Current policies | Removed diesel efficiency gains";"Diesel"
"OPEX";"Taxes";"IT";"Excise Duty - Reduction Synthetic Diesel (E-Fuels)";"Rigid";"BAU";"%";2040;"0.5";"Sensitivity | Current policies | Removed diesel efficiency gains";"Diesel"
"OPEX";"Taxes";"IT";"Excise Duty - Reduction Synthetic Diesel (E-Fuels)";"Tractor-Trailer";"BAU";"%";2040;"0.5";"Sensitivity | Current policies | Removed diesel efficiency gains";"Diesel"
"OPEX";"Taxes";"IT";"Excise Duty - Reduction Synthetic Diesel (E-Fuels)";"Rigid";"PROG";"%";2040;"0.5";"Sensitivity | Current policies | Removed diesel efficiency gains";"Diesel"
"OPEX";"Taxes";"IT";"Excise Duty - Reduction Synthetic Diesel (E-Fuels)";"Tractor-Trailer";"PROG";"%";2040;"0.5";"Sensitivity | Current policies | Removed diesel efficiency gains";"Diesel"
"OPEX";"Taxes";"NL";"Excise Duty - Reduction Synthetic Diesel (E-Fuels)";"Rigid";"BAU";"%";2040;"0.5";"Sensitivity | Current policies | Removed diesel efficiency gains";"Diesel"
"OPEX";"Taxes";"NL";"Excise Duty - Reduction Synthetic Diesel (E-Fuels)";"Tractor-Trailer";"BAU";"%";2040;"0.5";"Sensitivity | Current policies | Removed diesel efficiency gains";"Diesel"
"OPEX";"Taxes";"NL";"Excise Duty - Reduction Synthetic Diesel (E-Fuels)";"Rigid";"PROG";"%";2040;"0.5";"Sensitivity | Current policies | Removed diesel efficiency gains";"Diesel"
"OPEX";"Taxes";"NL";"Excise Duty - Reduction Synthetic Diesel (E-Fuels)";"Tractor-Trailer";"PROG";"%";2040;"0.5";"Sensitivity | Current policies | Removed diesel efficiency gains";"Diesel"
"OPEX";"Taxes";"PL";"Excise Duty - Reduction Synthetic Diesel (E-Fuels)";"Rigid";"BAU";"%";2040;"0.5";"Sensitivity | Current policies | Removed diesel efficiency gains";"Diesel"
"OPEX";"Taxes";"PL";"Excise Duty - Reduction Synthetic Diesel (E-Fuels)";"Tractor-Trailer";"BAU";"%";2040;"0.5";"Sensitivity | Current policies | Removed diesel efficiency gains";"Diesel"
"OPEX";"Taxes";"PL";"Excise Duty - Reduction Synthetic Diesel (E-Fuels)";"Rigid";"PROG";"%";2040;"0.5";"Sensitivity | Current policies | Removed diesel efficiency gains";"Diesel"
"OPEX";"Taxes";"PL";"Excise Duty - Reduction Synthetic Diesel (E-Fuels)";"Tractor-Trailer";"PROG";"%";2040;"0.5";"Sensitivity | Current policies | Removed diesel efficiency gains";"Diesel"
"OPEX";"Taxes";"UK";"Excise Duty - Reduction Synthetic Diesel (E-Fuels)";"Rigid";"BAU";"%";2040;"0.5";"Sensitivity | Current policies | Removed diesel efficiency gains";"Diesel"
"OPEX";"Taxes";"UK";"Excise Duty - Reduction Synthetic Diesel (E-Fuels)";"Tractor-Trailer";"BAU";"%";2040;"0.5";"Sensitivity | Current policies | Removed diesel efficiency gains";"Diesel"
"OPEX";"Taxes";"UK";"Excise Duty - Reduction Synthetic Diesel (E-Fuels)";"Rigid";"PROG";"%";2040;"0.5";"Sensitivity | Current policies | Removed diesel efficiency gains";"Diesel"
"OPEX";"Taxes";"UK";"Excise Duty - Reduction Synthetic Diesel (E-Fuels)";"Tractor-Trailer";"PROG";"%";2040;"0.5";"Sensitivity | Current policies | Removed diesel efficiency gains";"Diesel"
"OPEX";"Taxes";"DE";"Taxes, Fees, Levies and charges - H2";"Rigid";"BAU";"EUR/kWh";2040;"0.015";"Sensitivity | Current policies | Removed diesel efficiency gains";"Hydrogen"
"OPEX";"Taxes";"DE";"Taxes, Fees, Levies and charges - H2";"Tractor-Trailer";"BAU";"EUR/kWh";2040;"0.015";"Sensitivity | Current policies | Removed diesel efficiency gains";"Hydrogen"
"OPEX";"Taxes";"DE";"Taxes, Fees, Levies and charges - H2";"Rigid";"PROG";"EUR/kWh";2040;"0.015";"Sensitivity | Current policies | Removed diesel efficiency gains";"Hydrogen"
"OPEX";"Taxes";"DE";"Taxes, Fees, Levies and charges - H2";"Tractor-Trailer";"PROG";"EUR/kWh";2040;"0.015";"Sensitivity | Current policies | Removed diesel efficiency gains";"Hydrogen"
"OPEX";"Taxes";"ES";"Taxes, Fees, Levies and charges - H2";"Rigid";"BAU";"EUR/kWh";2040;"0.008";"Sensitivity | Current policies | Removed diesel efficiency gains";"Hydrogen"
"OPEX";"Taxes";"ES";"Taxes, Fees, Levies and charges - H2";"Tractor-Trailer";"BAU";"EUR/kWh";2040;"0.008";"Sensitivity | Current policies | Removed diesel efficiency gains";"Hydrogen"
"OPEX";"Taxes";"ES";"Taxes, Fees, Levies and charges - H2";"Rigid";"PROG";"EUR/kWh";2040;"0.008";"Sensitivity | Current policies | Removed diesel efficiency gains";"Hydrogen"
"OPEX";"Taxes";"ES";"Taxes, Fees, Levies and charges - H2";"Tractor-Trailer";"PROG";"EUR/kWh";2040;"0.008";"Sensitivity | Current policies | Removed diesel efficiency gains";"Hydrogen"
"OPEX";"Taxes";"FR";"Taxes, Fees, Levies and charges - H2";"Rigid";"BAU";"EUR/kWh";2040;"0.012";"Sensitivity | Current policies | Removed diesel efficiency gains";"Hydrogen"
"OPEX";"Taxes";"FR";"Taxes, Fees, Levies and charges - H2";"Tractor-Trailer";"BAU";"EUR/kWh";2040;"0.012";"Sensitivity | Current policies | Removed diesel efficiency gains";"Hydrogen"
"OPEX";"Taxes";"FR";"Taxes, Fees, Levies and charges - H2";"Rigid";"PROG";"EUR/kWh";2040;"0.012";"Sensitivity | Current policies | Removed diesel efficiency gains";"Hydrogen"
"OPEX";"Taxes";"FR";"Taxes, Fees, Levies and charges - H2";"Tractor-Trailer";"PROG";"EUR/kWh";2040;"0.012";"Sensitivity | Current policies | Removed diesel efficiency gains";"Hydrogen"
"OPEX";"Taxes";"IT";"Taxes, Fees, Levies and charges - H2";"Rigid";"BAU";"EUR/kWh";2040;"0.009";"Sensitivity | Current policies | Removed diesel efficiency gains";"Hydrogen"
"OPEX";"Taxes";"IT";"Taxes, Fees, Levies and charges - H2";"Tractor-Trailer";"BAU";"EUR/kWh";2040;"0.009";"Sensitivity | Current policies | Removed diesel efficiency gains";"Hydrogen"
"OPEX";"Taxes";"IT";"Taxes, Fees, Levies and charges - H2";"Rigid";"PROG";"EUR/kWh";2040;"0.009";"Sensitivity | Current policies | Removed diesel efficiency gains";"Hydrogen"
"OPEX";"Taxes";"IT";"Taxes, Fees, Levies and charges - H2";"Tractor-Trailer";"PROG";"EUR/kWh";2040;"0.009";"Sensitivity | Current policies | Removed diesel efficiency gains";"Hydrogen"
"OPEX";"Taxes";"NL";"Taxes, Fees, Levies and charges - H2";"Rigid";"BAU";"EUR/kWh";2040;"0.024";"Sensitivity | Current policies | Removed diesel efficiency gains";"Hydrogen"
"OPEX";"Taxes";"NL";"Taxes, Fees, Levies and charges - H2";"Tractor-Trailer";"BAU";"EUR/kWh";2040;"0.024";"Sensitivity | Current policies | Removed diesel efficiency gains";"Hydrogen"
"OPEX";"Taxes";"NL";"Taxes, Fees, Levies and charges - H2";"Rigid";"PROG";"EUR/kWh";2040;"0.024";"Sensitivity | Current policies | Removed diesel efficiency gains";"Hydrogen"
"OPEX";"Taxes";"NL";"Taxes, Fees, Levies and charges - H2";"Tractor-Trailer";"PROG";"EUR/kWh";2040;"0.024";"Sensitivity | Current policies | Removed diesel efficiency gains";"Hydrogen"
"OPEX";"Taxes";"PL";"Taxes, Fees, Levies and charges - H2";"Rigid";"BAU";"EUR/kWh";2040;"0.009";"Sensitivity | Current policies | Removed diesel efficiency gains";"Hydrogen"
"OPEX";"Taxes";"PL";"Taxes, Fees, Levies and charges - H2";"Tractor-Trailer";"BAU";"EUR/kWh";2040;"0.009";"Sensitivity | Current policies | Removed diesel efficiency gains";"Hydrogen"
"OPEX";"Taxes";"PL";"Taxes, Fees, Levies and charges - H2";"Rigid";"PROG";"EUR/kWh";2040;"0.009";"Sensitivity | Current policies | Removed diesel efficiency gains";"Hydrogen"
"OPEX";"Taxes";"PL";"Taxes, Fees, Levies and charges - H2";"Tractor-Trailer";"PROG";"EUR/kWh";2040;"0.009";"Sensitivity | Current policies | Removed diesel efficiency gains";"Hydrogen"
"OPEX";"Taxes";"UK";"Taxes, Fees, Levies and charges - H2";"Rigid";"BAU";"EUR/kWh";2040;"0.006";"Sensitivity | Current policies | Removed diesel efficiency gains";"Hydrogen"
"OPEX";"Taxes";"UK";"Taxes, Fees, Levies and charges - H2";"Tractor-Trailer";"BAU";"EUR/kWh";2040;"0.006";"Sensitivity | Current policies | Removed diesel efficiency gains";"Hydrogen"
"OPEX";"Taxes";"UK";"Taxes, Fees, Levies and charges - H2";"Rigid";"PROG";"EUR/kWh";2040;"0.006";"Sensitivity | Current policies | Removed diesel efficiency gains";"Hydrogen"
"OPEX";"Taxes";"UK";"Taxes, Fees, Levies and charges - H2";"Tractor-Trailer";"PROG";"EUR/kWh";2040;"0.006";"Sensitivity | Current policies | Removed diesel efficiency gains";"Hydrogen"
"OPEX";"Charging Infrastructure";"DE";"MCS grid extension";"Rigid";"PROG";"EUR/kWh";2040;"0.055";"Sensitivity | Current policies | Removed diesel efficiency gains";"Electricity"
"OPEX";"Charging Infrastructure";"DE";"MCS grid extension";"Tractor-Trailer";"PROG";"EUR/kWh";2040;"0.055";"Sensitivity | Current policies | Removed diesel efficiency gains";"Electricity"
"OPEX";"Charging Infrastructure";"DE";"MCS grid extension";"Rigid";"BAU";"EUR/kWh";2040;"0.055";"Sensitivity | Current policies | Removed diesel efficiency gains";"Electricity"
"OPEX";"Charging Infrastructure";"DE";"MCS grid extension";"Tractor-Trailer";"BAU";"EUR/kWh";2040;"0.055";"Sensitivity | Current policies | Removed diesel efficiency gains";"Electricity"
"OPEX";"Charging Infrastructure";"ES";"MCS grid extension";"Rigid";"PROG";"EUR/kWh";2040;"0.055";"Sensitivity | Current policies | Removed diesel efficiency gains";"Electricity"
"OPEX";"Charging Infrastructure";"ES";"MCS grid extension";"Tractor-Trailer";"PROG";"EUR/kWh";2040;"0.055";"Sensitivity | Current policies | Removed diesel efficiency gains";"Electricity"
"OPEX";"Charging Infrastructure";"ES";"MCS grid extension";"Rigid";"BAU";"EUR/kWh";2040;"0.055";"Sensitivity | Current policies | Removed diesel efficiency gains";"Electricity"
"OPEX";"Charging Infrastructure";"ES";"MCS grid extension";"Tractor-Trailer";"BAU";"EUR/kWh";2040;"0.055";"Sensitivity | Current policies | Removed diesel efficiency gains";"Electricity"
"OPEX";"Charging Infrastructure";"FR";"MCS grid extension";"Rigid";"PROG";"EUR/kWh";2040;"0.055";"Sensitivity | Current policies | Removed diesel efficiency gains";"Electricity"
"OPEX";"Charging Infrastructure";"FR";"MCS grid extension";"Tractor-Trailer";"PROG";"EUR/kWh";2040;"0.055";"Sensitivity | Current policies | Removed diesel efficiency gains";"Electricity"
"OPEX";"Charging Infrastructure";"FR";"MCS grid extension";"Rigid";"BAU";"EUR/kWh";2040;"0.055";"Sensitivity | Current policies | Removed diesel efficiency gains";"Electricity"
"OPEX";"Charging Infrastructure";"FR";"MCS grid extension";"Tractor-Trailer";"BAU";"EUR/kWh";2040;"0.055";"Sensitivity | Current policies | Removed diesel efficiency gains";"Electricity"
"OPEX";"Charging Infrastructure";"IT";"MCS grid extension";"Rigid";"PROG";"EUR/kWh";2040;"0.055";"Sensitivity | Current policies | Removed diesel efficiency gains";"Electricity"
"OPEX";"Charging Infrastructure";"IT";"MCS grid extension";"Tractor-Trailer";"PROG";"EUR/kWh";2040;"0.055";"Sensitivity | Current policies | Removed diesel efficiency gains";"Electricity"
"OPEX";"Charging Infrastructure";"IT";"MCS grid extension";"Rigid";"BAU";"EUR/kWh";2040;"0.055";"Sensitivity | Current policies | Removed diesel efficiency gains";"Electricity"
"OPEX";"Charging Infrastructure";"IT";"MCS grid extension";"Tractor-Trailer";"BAU";"EUR/kWh";2040;"0.055";"Sensitivity | Current policies | Removed diesel efficiency gains";"Electricity"
"OPEX";"Charging Infrastructure";"NL";"MCS grid extension";"Rigid";"PROG";"EUR/kWh";2040;"0.055";"Sensitivity | Current policies | Removed diesel efficiency gains";"Electricity"
"OPEX";"Charging Infrastructure";"NL";"MCS grid extension";"Tractor-Trailer";"PROG";"EUR/kWh";2040;"0.055";"Sensitivity | Current policies | Removed diesel efficiency gains";"Electricity"
"OPEX";"Charging Infrastructure";"NL";"MCS grid extension";"Rigid";"BAU";"EUR/kWh";2040;"0.055";"Sensitivity | Current policies | Removed diesel efficiency gains";"Electricity"
"OPEX";"Charging Infrastructure";"NL";"MCS grid extension";"Tractor-Trailer";"BAU";"EUR/kWh";2040;"0.055";"Sensitivity | Current policies | Removed diesel efficiency gains";"Electricity"
"OPEX";"Charging Infrastructure";"PL";"MCS grid extension";"Rigid";"PROG";"EUR/kWh";2040;"0.055";"Sensitivity | Current policies | Removed diesel efficiency gains";"Electricity"
"OPEX";"Charging Infrastructure";"PL";"MCS grid extension";"Tractor-Trailer";"PROG";"EUR/kWh";2040;"0.055";"Sensitivity | Current policies | Removed diesel efficiency gains";"Electricity"
"OPEX";"Charging Infrastructure";"PL";"MCS grid extension";"Rigid";"BAU";"EUR/kWh";2040;"0.055";"Sensitivity | Current policies | Removed diesel efficiency gains";"Electricity"
"OPEX";"Charging Infrastructure";"PL";"MCS grid extension";"Tractor-Trailer";"BAU";"EUR/kWh";2040;"0.055";"Sensitivity | Current policies | Removed diesel efficiency gains";"Electricity"
"OPEX";"Charging Infrastructure";"UK";"MCS grid extension";"Rigid";"PROG";"EUR/kWh";2040;"0.055";"Sensitivity | Current policies | Removed diesel efficiency gains";"Electricity"
"OPEX";"Charging Infrastructure";"UK";"MCS grid extension";"Tractor-Trailer";"PROG";"EUR/kWh";2040;"0.055";"Sensitivity | Current policies | Removed diesel efficiency gains";"Electricity"
"OPEX";"Charging Infrastructure";"UK";"MCS grid extension";"Rigid";"BAU";"EUR/kWh";2040;"0.055";"Sensitivity | Current policies | Removed diesel efficiency gains";"Electricity"
"OPEX";"Charging Infrastructure";"UK";"MCS grid extension";"Tractor-Trailer";"BAU";"EUR/kWh";2040;"0.055";"Sensitivity | Current policies | Removed diesel efficiency gains";"Electricity"
"OPEX";"Charging Infrastructure";"DE";"MCS Profit and Mark-Up";"Rigid";"PROG";"%";2040;"0.1";"Sensitivity | Current policies | Removed diesel efficiency gains";"Electricity"
"OPEX";"Charging Infrastructure";"DE";"MCS Profit and Mark-Up";"Tractor-Trailer";"PROG";"%";2040;"0.1";"Sensitivity | Current policies | Removed diesel efficiency gains";"Electricity"
"OPEX";"Charging Infrastructure";"DE";"MCS Profit and Mark-Up";"Rigid";"BAU";"%";2040;"0.1";"Sensitivity | Current policies | Removed diesel efficiency gains";"Electricity"
"OPEX";"Charging Infrastructure";"DE";"MCS Profit and Mark-Up";"Tractor-Trailer";"BAU";"%";2040;"0.1";"Sensitivity | Current policies | Removed diesel efficiency gains";"Electricity"
"OPEX";"Charging Infrastructure";"ES";"MCS Profit and Mark-Up";"Rigid";"PROG";"%";2040;"0.1";"Sensitivity | Current policies | Removed diesel efficiency gains";"Electricity"
"OPEX";"Charging Infrastructure";"ES";"MCS Profit and Mark-Up";"Tractor-Trailer";"PROG";"%";2040;"0.1";"Sensitivity | Current policies | Removed diesel efficiency gains";"Electricity"
"OPEX";"Charging Infrastructure";"ES";"MCS Profit and Mark-Up";"Rigid";"BAU";"%";2040;"0.1";"Sensitivity | Current policies | Removed diesel efficiency gains";"Electricity"
"OPEX";"Charging Infrastructure";"ES";"MCS Profit and Mark-Up";"Tractor-Trailer";"BAU";"%";2040;"0.1";"Sensitivity | Current policies | Removed diesel efficiency gains";"Electricity"
"OPEX";"Charging Infrastructure";"FR";"MCS Profit and Mark-Up";"Rigid";"PROG";"%";2040;"0.1";"Sensitivity | Current policies | Removed diesel efficiency gains";"Electricity"
"OPEX";"Charging Infrastructure";"FR";"MCS Profit and Mark-Up";"Tractor-Trailer";"PROG";"%";2040;"0.1";"Sensitivity | Current policies | Removed diesel efficiency gains";"Electricity"
"OPEX";"Charging Infrastructure";"FR";"MCS Profit and Mark-Up";"Rigid";"BAU";"%";2040;"0.1";"Sensitivity | Current policies | Removed diesel efficiency gains";"Electricity"
"OPEX";"Charging Infrastructure";"FR";"MCS Profit and Mark-Up";"Tractor-Trailer";"BAU";"%";2040;"0.1";"Sensitivity | Current policies | Removed diesel efficiency gains";"Electricity"
"OPEX";"Charging Infrastructure";"IT";"MCS Profit and Mark-Up";"Rigid";"PROG";"%";2040;"0.1";"Sensitivity | Current policies | Removed diesel efficiency gains";"Electricity"
"OPEX";"Charging Infrastructure";"IT";"MCS Profit and Mark-Up";"Tractor-Trailer";"PROG";"%";2040;"0.1";"Sensitivity | Current policies | Removed diesel efficiency gains";"Electricity"
"OPEX";"Charging Infrastructure";"IT";"MCS Profit and Mark-Up";"Rigid";"BAU";"%";2040;"0.1";"Sensitivity | Current policies | Removed diesel efficiency gains";"Electricity"
"OPEX";"Charging Infrastructure";"IT";"MCS Profit and Mark-Up";"Tractor-Trailer";"BAU";"%";2040;"0.1";"Sensitivity | Current policies | Removed diesel efficiency gains";"Electricity"
"OPEX";"Charging Infrastructure";"NL";"MCS Profit and Mark-Up";"Rigid";"PROG";"%";2040;"0.1";"Sensitivity | Current policies | Removed diesel efficiency gains";"Electricity"
"OPEX";"Charging Infrastructure";"NL";"MCS Profit and Mark-Up";"Tractor-Trailer";"PROG";"%";2040;"0.1";"Sensitivity | Current policies | Removed diesel efficiency gains";"Electricity"
"OPEX";"Charging Infrastructure";"NL";"MCS Profit and Mark-Up";"Rigid";"BAU";"%";2040;"0.1";"Sensitivity | Current policies | Removed diesel efficiency gains";"Electricity"
"OPEX";"Charging Infrastructure";"NL";"MCS Profit and Mark-Up";"Tractor-Trailer";"BAU";"%";2040;"0.1";"Sensitivity | Current policies | Removed diesel efficiency gains";"Electricity"
"OPEX";"Charging Infrastructure";"PL";"MCS Profit and Mark-Up";"Rigid";"PROG";"%";2040;"0.1";"Sensitivity | Current policies | Removed diesel efficiency gains";"Electricity"
"OPEX";"Charging Infrastructure";"PL";"MCS Profit and Mark-Up";"Tractor-Trailer";"PROG";"%";2040;"0.1";"Sensitivity | Current policies | Removed diesel efficiency gains";"Electricity"
"OPEX";"Charging Infrastructure";"PL";"MCS Profit and Mark-Up";"Rigid";"BAU";"%";2040;"0.1";"Sensitivity | Current policies | Removed diesel efficiency gains";"Electricity"
"OPEX";"Charging Infrastructure";"PL";"MCS Profit and Mark-Up";"Tractor-Trailer";"BAU";"%";2040;"0.1";"Sensitivity | Current policies | Removed diesel efficiency gains";"Electricity"
"OPEX";"Charging Infrastructure";"UK";"MCS Profit and Mark-Up";"Rigid";"PROG";"%";2040;"0.1";"Sensitivity | Current policies | Removed diesel efficiency gains";"Electricity"
"OPEX";"Charging Infrastructure";"UK";"MCS Profit and Mark-Up";"Tractor-Trailer";"PROG";"%";2040;"0.1";"Sensitivity | Current policies | Removed diesel efficiency gains";"Electricity"
"OPEX";"Charging Infrastructure";"UK";"MCS Profit and Mark-Up";"Rigid";"BAU";"%";2040;"0.1";"Sensitivity | Current policies | Removed diesel efficiency gains";"Electricity"
"OPEX";"Charging Infrastructure";"UK";"MCS Profit and Mark-Up";"Tractor-Trailer";"BAU";"%";2040;"0.1";"Sensitivity | Current policies | Removed diesel efficiency gains";"Electricity"
"OPEX";"Charging Infrastructure";"DE";"CCS Station (Depot) - Incl. Overhead";"Rigid";"PROG";"EUR/kWh";2040;"0.024";"Sensitivity | Current policies | Removed diesel efficiency gains";"Electricity"
"OPEX";"Charging Infrastructure";"DE";"CCS Station (Depot) - Incl. Overhead";"Tractor-Trailer";"PROG";"EUR/kWh";2040;"0.024";"Sensitivity | Current policies | Removed diesel efficiency gains";"Electricity"
"OPEX";"Charging Infrastructure";"DE";"CCS Station (Depot) - Incl. Overhead";"Rigid";"BAU";"EUR/kWh";2040;"0.024";"Sensitivity | Current policies | Removed diesel efficiency gains";"Electricity"
"OPEX";"Charging Infrastructure";"DE";"CCS Station (Depot) - Incl. Overhead";"Tractor-Trailer";"BAU";"EUR/kWh";2040;"0.024";"Sensitivity | Current policies | Removed diesel efficiency gains";"Electricity"
"OPEX";"Charging Infrastructure";"ES";"CCS Station (Depot) - Incl. Overhead";"Rigid";"PROG";"EUR/kWh";2040;"0.024";"Sensitivity | Current policies | Removed diesel efficiency gains";"Electricity"
"OPEX";"Charging Infrastructure";"ES";"CCS Station (Depot) - Incl. Overhead";"Tractor-Trailer";"PROG";"EUR/kWh";2040;"0.024";"Sensitivity | Current policies | Removed diesel efficiency gains";"Electricity"
"OPEX";"Charging Infrastructure";"ES";"CCS Station (Depot) - Incl. Overhead";"Rigid";"BAU";"EUR/kWh";2040;"0.024";"Sensitivity | Current policies | Removed diesel efficiency gains";"Electricity"
"OPEX";"Charging Infrastructure";"ES";"CCS Station (Depot) - Incl. Overhead";"Tractor-Trailer";"BAU";"EUR/kWh";2040;"0.024";"Sensitivity | Current policies | Removed diesel efficiency gains";"Electricity"
"OPEX";"Charging Infrastructure";"FR";"CCS Station (Depot) - Incl. Overhead";"Rigid";"PROG";"EUR/kWh";2040;"0.024";"Sensitivity | Current policies | Removed diesel efficiency gains";"Electricity"
"OPEX";"Charging Infrastructure";"FR";"CCS Station (Depot) - Incl. Overhead";"Tractor-Trailer";"PROG";"EUR/kWh";2040;"0.024";"Sensitivity | Current policies | Removed diesel efficiency gains";"Electricity"
"OPEX";"Charging Infrastructure";"FR";"CCS Station (Depot) - Incl. Overhead";"Rigid";"BAU";"EUR/kWh";2040;"0.024";"Sensitivity | Current policies | Removed diesel efficiency gains";"Electricity"
"OPEX";"Charging Infrastructure";"FR";"CCS Station (Depot) - Incl. Overhead";"Tractor-Trailer";"BAU";"EUR/kWh";2040;"0.024";"Sensitivity | Current policies | Removed diesel efficiency gains";"Electricity"
"OPEX";"Charging Infrastructure";"IT";"CCS Station (Depot) - Incl. Overhead";"Rigid";"PROG";"EUR/kWh";2040;"0.024";"Sensitivity | Current policies | Removed diesel efficiency gains";"Electricity"
"OPEX";"Charging Infrastructure";"IT";"CCS Station (Depot) - Incl. Overhead";"Tractor-Trailer";"PROG";"EUR/kWh";2040;"0.024";"Sensitivity | Current policies | Removed diesel efficiency gains";"Electricity"
"OPEX";"Charging Infrastructure";"IT";"CCS Station (Depot) - Incl. Overhead";"Rigid";"BAU";"EUR/kWh";2040;"0.024";"Sensitivity | Current policies | Removed diesel efficiency gains";"Electricity"
"OPEX";"Charging Infrastructure";"IT";"CCS Station (Depot) - Incl. Overhead";"Tractor-Trailer";"BAU";"EUR/kWh";2040;"0.024";"Sensitivity | Current policies | Removed diesel efficiency gains";"Electricity"
"OPEX";"Charging Infrastructure";"NL";"CCS Station (Depot) - Incl. Overhead";"Rigid";"PROG";"EUR/kWh";2040;"0.024";"Sensitivity | Current policies | Removed diesel efficiency gains";"Electricity"
"OPEX";"Charging Infrastructure";"NL";"CCS Station (Depot) - Incl. Overhead";"Tractor-Trailer";"PROG";"EUR/kWh";2040;"0.024";"Sensitivity | Current policies | Removed diesel efficiency gains";"Electricity"
"OPEX";"Charging Infrastructure";"NL";"CCS Station (Depot) - Incl. Overhead";"Rigid";"BAU";"EUR/kWh";2040;"0.024";"Sensitivity | Current policies | Removed diesel efficiency gains";"Electricity"
"OPEX";"Charging Infrastructure";"NL";"CCS Station (Depot) - Incl. Overhead";"Tractor-Trailer";"BAU";"EUR/kWh";2040;"0.024";"Sensitivity | Current policies | Removed diesel efficiency gains";"Electricity"
"OPEX";"Charging Infrastructure";"PL";"CCS Station (Depot) - Incl. Overhead";"Rigid";"PROG";"EUR/kWh";2040;"0.024";"Sensitivity | Current policies | Removed diesel efficiency gains";"Electricity"
"OPEX";"Charging Infrastructure";"PL";"CCS Station (Depot) - Incl. Overhead";"Tractor-Trailer";"PROG";"EUR/kWh";2040;"0.024";"Sensitivity | Current policies | Removed diesel efficiency gains";"Electricity"
"OPEX";"Charging Infrastructure";"PL";"CCS Station (Depot) - Incl. Overhead";"Rigid";"BAU";"EUR/kWh";2040;"0.024";"Sensitivity | Current policies | Removed diesel efficiency gains";"Electricity"
"OPEX";"Charging Infrastructure";"PL";"CCS Station (Depot) - Incl. Overhead";"Tractor-Trailer";"BAU";"EUR/kWh";2040;"0.024";"Sensitivity | Current policies | Removed diesel efficiency gains";"Electricity"
"OPEX";"Charging Infrastructure";"UK";"CCS Station (Depot) - Incl. Overhead";"Rigid";"PROG";"EUR/kWh";2040;"0.024";"Sensitivity | Current policies | Removed diesel efficiency gains";"Electricity"
"OPEX";"Charging Infrastructure";"UK";"CCS Station (Depot) - Incl. Overhead";"Tractor-Trailer";"PROG";"EUR/kWh";2040;"0.024";"Sensitivity | Current policies | Removed diesel efficiency gains";"Electricity"
"OPEX";"Charging Infrastructure";"UK";"CCS Station (Depot) - Incl. Overhead";"Rigid";"BAU";"EUR/kWh";2040;"0.024";"Sensitivity | Current policies | Removed diesel efficiency gains";"Electricity"
"OPEX";"Charging Infrastructure";"UK";"CCS Station (Depot) - Incl. Overhead";"Tractor-Trailer";"BAU";"EUR/kWh";2040;"0.024";"Sensitivity | Current policies | Removed diesel efficiency gains";"Electricity"
"OPEX";"Charging Infrastructure";"DE";"CCS grid extension";"Rigid";"PROG";"EUR/kWh";2040;"0.045";"Sensitivity | Current policies | Removed diesel efficiency gains";"Electricity"
"OPEX";"Charging Infrastructure";"DE";"CCS grid extension";"Tractor-Trailer";"PROG";"EUR/kWh";2040;"0.045";"Sensitivity | Current policies | Removed diesel efficiency gains";"Electricity"
"OPEX";"Charging Infrastructure";"DE";"CCS grid extension";"Rigid";"BAU";"EUR/kWh";2040;"0.045";"Sensitivity | Current policies | Removed diesel efficiency gains";"Electricity"
"OPEX";"Charging Infrastructure";"DE";"CCS grid extension";"Tractor-Trailer";"BAU";"EUR/kWh";2040;"0.045";"Sensitivity | Current policies | Removed diesel efficiency gains";"Electricity"
"OPEX";"Charging Infrastructure";"ES";"CCS grid extension";"Rigid";"PROG";"EUR/kWh";2040;"0.045";"Sensitivity | Current policies | Removed diesel efficiency gains";"Electricity"
"OPEX";"Charging Infrastructure";"ES";"CCS grid extension";"Tractor-Trailer";"PROG";"EUR/kWh";2040;"0.045";"Sensitivity | Current policies | Removed diesel efficiency gains";"Electricity"
"OPEX";"Charging Infrastructure";"ES";"CCS grid extension";"Rigid";"BAU";"EUR/kWh";2040;"0.045";"Sensitivity | Current policies | Removed diesel efficiency gains";"Electricity"
"OPEX";"Charging Infrastructure";"ES";"CCS grid extension";"Tractor-Trailer";"BAU";"EUR/kWh";2040;"0.045";"Sensitivity | Current policies | Removed diesel efficiency gains";"Electricity"
"OPEX";"Charging Infrastructure";"FR";"CCS grid extension";"Rigid";"PROG";"EUR/kWh";2040;"0.045";"Sensitivity | Current policies | Removed diesel efficiency gains";"Electricity"
"OPEX";"Charging Infrastructure";"FR";"CCS grid extension";"Tractor-Trailer";"PROG";"EUR/kWh";2040;"0.045";"Sensitivity | Current policies | Removed diesel efficiency gains";"Electricity"
"OPEX";"Charging Infrastructure";"FR";"CCS grid extension";"Rigid";"BAU";"EUR/kWh";2040;"0.045";"Sensitivity | Current policies | Removed diesel efficiency gains";"Electricity"
"OPEX";"Charging Infrastructure";"FR";"CCS grid extension";"Tractor-Trailer";"BAU";"EUR/kWh";2040;"0.045";"Sensitivity | Current policies | Removed diesel efficiency gains";"Electricity"
"OPEX";"Charging Infrastructure";"IT";"CCS grid extension";"Rigid";"PROG";"EUR/kWh";2040;"0.045";"Sensitivity | Current policies | Removed diesel efficiency gains";"Electricity"
"OPEX";"Charging Infrastructure";"IT";"CCS grid extension";"Tractor-Trailer";"PROG";"EUR/kWh";2040;"0.045";"Sensitivity | Current policies | Removed diesel efficiency gains";"Electricity"
"OPEX";"Charging Infrastructure";"IT";"CCS grid extension";"Rigid";"BAU";"EUR/kWh";2040;"0.045";"Sensitivity | Current policies | Removed diesel efficiency gains";"Electricity"
"OPEX";"Charging Infrastructure";"IT";"CCS grid extension";"Tractor-Trailer";"BAU";"EUR/kWh";2040;"0.045";"Sensitivity | Current policies | Removed diesel efficiency gains";"Electricity"
"OPEX";"Charging Infrastructure";"NL";"CCS grid extension";"Rigid";"PROG";"EUR/kWh";2040;"0.045";"Sensitivity | Current policies | Removed diesel efficiency gains";"Electricity"
"OPEX";"Charging Infrastructure";"NL";"CCS grid extension";"Tractor-Trailer";"PROG";"EUR/kWh";2040;"0.045";"Sensitivity | Current policies | Removed diesel efficiency gains";"Electricity"
"OPEX";"Charging Infrastructure";"NL";"CCS grid extension";"Rigid";"BAU";"EUR/kWh";2040;"0.045";"Sensitivity | Current policies | Removed diesel efficiency gains";"Electricity"
"OPEX";"Charging Infrastructure";"NL";"CCS grid extension";"Tractor-Trailer";"BAU";"EUR/kWh";2040;"0.045";"Sensitivity | Current policies | Removed diesel efficiency gains";"Electricity"
"OPEX";"Charging Infrastructure";"PL";"CCS grid extension";"Rigid";"PROG";"EUR/kWh";2040;"0.045";"Sensitivity | Current policies | Removed diesel efficiency gains";"Electricity"
"OPEX";"Charging Infrastructure";"PL";"CCS grid extension";"Tractor-Trailer";"PROG";"EUR/kWh";2040;"0.045";"Sensitivity | Current policies | Removed diesel efficiency gains";"Electricity"
"OPEX";"Charging Infrastructure";"PL";"CCS grid extension";"Rigid";"BAU";"EUR/kWh";2040;"0.045";"Sensitivity | Current policies | Removed diesel efficiency gains";"Electricity"
"OPEX";"Charging Infrastructure";"PL";"CCS grid extension";"Tractor-Trailer";"BAU";"EUR/kWh";2040;"0.045";"Sensitivity | Current policies | Removed diesel efficiency gains";"Electricity"
"OPEX";"Charging Infrastructure";"UK";"CCS grid extension";"Rigid";"PROG";"EUR/kWh";2040;"0.045";"Sensitivity | Current policies | Removed diesel efficiency gains";"Electricity"
"OPEX";"Charging Infrastructure";"UK";"CCS grid extension";"Tractor-Trailer";"PROG";"EUR/kWh";2040;"0.045";"Sensitivity | Current policies | Removed diesel efficiency gains";"Electricity"
"OPEX";"Charging Infrastructure";"UK";"CCS grid extension";"Rigid";"BAU";"EUR/kWh";2040;"0.045";"Sensitivity | Current policies | Removed diesel efficiency gains";"Electricity"
"OPEX";"Charging Infrastructure";"UK";"CCS grid extension";"Tractor-Trailer";"BAU";"EUR/kWh";2040;"0.045";"Sensitivity | Current policies | Removed diesel efficiency gains";"Electricity"
"OPEX";"Diesel Infrastructure";"DE";"Total Diesel Mark-Up";"Rigid";"BAU";"EUR/kWh";2040;"0.018";"Sensitivity | Current policies | Removed diesel efficiency gains";"Diesel"
"OPEX";"Diesel Infrastructure";"DE";"Total Diesel Mark-Up";"Tractor-Trailer";"BAU";"EUR/kWh";2040;"0.018";"Sensitivity | Current policies | Removed diesel efficiency gains";"Diesel"
"OPEX";"Diesel Infrastructure";"DE";"Total Diesel Mark-Up";"Rigid";"PROG";"EUR/kWh";2040;"0.018";"Sensitivity | Current policies | Removed diesel efficiency gains";"Diesel"
"OPEX";"Diesel Infrastructure";"DE";"Total Diesel Mark-Up";"Tractor-Trailer";"PROG";"EUR/kWh";2040;"0.018";"Sensitivity | Current policies | Removed diesel efficiency gains";"Diesel"
"OPEX";"Diesel Infrastructure";"ES";"Total Diesel Mark-Up";"Rigid";"BAU";"EUR/kWh";2040;"0.018";"Sensitivity | Current policies | Removed diesel efficiency gains";"Diesel"
"OPEX";"Diesel Infrastructure";"ES";"Total Diesel Mark-Up";"Tractor-Trailer";"BAU";"EUR/kWh";2040;"0.018";"Sensitivity | Current policies | Removed diesel efficiency gains";"Diesel"
"OPEX";"Diesel Infrastructure";"ES";"Total Diesel Mark-Up";"Rigid";"PROG";"EUR/kWh";2040;"0.018";"Sensitivity | Current policies | Removed diesel efficiency gains";"Diesel"
"OPEX";"Diesel Infrastructure";"ES";"Total Diesel Mark-Up";"Tractor-Trailer";"PROG";"EUR/kWh";2040;"0.018";"Sensitivity | Current policies | Removed diesel efficiency gains";"Diesel"
"OPEX";"Diesel Infrastructure";"FR";"Total Diesel Mark-Up";"Rigid";"BAU";"EUR/kWh";2040;"0.018";"Sensitivity | Current policies | Removed diesel efficiency gains";"Diesel"
"OPEX";"Diesel Infrastructure";"FR";"Total Diesel Mark-Up";"Tractor-Trailer";"BAU";"EUR/kWh";2040;"0.018";"Sensitivity | Current policies | Removed diesel efficiency gains";"Diesel"
"OPEX";"Diesel Infrastructure";"FR";"Total Diesel Mark-Up";"Rigid";"PROG";"EUR/kWh";2040;"0.018";"Sensitivity | Current policies | Removed diesel efficiency gains";"Diesel"
"OPEX";"Diesel Infrastructure";"FR";"Total Diesel Mark-Up";"Tractor-Trailer";"PROG";"EUR/kWh";2040;"0.018";"Sensitivity | Current policies | Removed diesel efficiency gains";"Diesel"
"OPEX";"Diesel Infrastructure";"IT";"Total Diesel Mark-Up";"Rigid";"BAU";"EUR/kWh";2040;"0.018";"Sensitivity | Current policies | Removed diesel efficiency gains";"Diesel"
"OPEX";"Diesel Infrastructure";"IT";"Total Diesel Mark-Up";"Tractor-Trailer";"BAU";"EUR/kWh";2040;"0.018";"Sensitivity | Current policies | Removed diesel efficiency gains";"Diesel"
"OPEX";"Diesel Infrastructure";"IT";"Total Diesel Mark-Up";"Rigid";"PROG";"EUR/kWh";2040;"0.018";"Sensitivity | Current policies | Removed diesel efficiency gains";"Diesel"
"OPEX";"Diesel Infrastructure";"IT";"Total Diesel Mark-Up";"Tractor-Trailer";"PROG";"EUR/kWh";2040;"0.018";"Sensitivity | Current policies | Removed diesel efficiency gains";"Diesel"
"OPEX";"Diesel Infrastructure";"NL";"Total Diesel Mark-Up";"Rigid";"BAU";"EUR/kWh";2040;"0.018";"Sensitivity | Current policies | Removed diesel efficiency gains";"Diesel"
"OPEX";"Diesel Infrastructure";"NL";"Total Diesel Mark-Up";"Tractor-Trailer";"BAU";"EUR/kWh";2040;"0.018";"Sensitivity | Current policies | Removed diesel efficiency gains";"Diesel"
"OPEX";"Diesel Infrastructure";"NL";"Total Diesel Mark-Up";"Rigid";"PROG";"EUR/kWh";2040;"0.018";"Sensitivity | Current policies | Removed diesel efficiency gains";"Diesel"
"OPEX";"Diesel Infrastructure";"NL";"Total Diesel Mark-Up";"Tractor-Trailer";"PROG";"EUR/kWh";2040;"0.018";"Sensitivity | Current policies | Removed diesel efficiency gains";"Diesel"
"OPEX";"Diesel Infrastructure";"PL";"Total Diesel Mark-Up";"Rigid";"BAU";"EUR/kWh";2040;"0.018";"Sensitivity | Current policies | Removed diesel efficiency gains";"Diesel"
"OPEX";"Diesel Infrastructure";"PL";"Total Diesel Mark-Up";"Tractor-Trailer";"BAU";"EUR/kWh";2040;"0.018";"Sensitivity | Current policies | Removed diesel efficiency gains";"Diesel"
"OPEX";"Diesel Infrastructure";"PL";"Total Diesel Mark-Up";"Rigid";"PROG";"EUR/kWh";2040;"0.018";"Sensitivity | Current policies | Removed diesel efficiency gains";"Diesel"
"OPEX";"Diesel Infrastructure";"PL";"Total Diesel Mark-Up";"Tractor-Trailer";"PROG";"EUR/kWh";2040;"0.018";"Sensitivity | Current policies | Removed diesel efficiency gains";"Diesel"
"OPEX";"Diesel Infrastructure";"UK";"Total Diesel Mark-Up";"Rigid";"BAU";"EUR/kWh";2040;"0.018";"Sensitivity | Current policies | Removed diesel efficiency gains";"Diesel"
"OPEX";"Diesel Infrastructure";"UK";"Total Diesel Mark-Up";"Tractor-Trailer";"BAU";"EUR/kWh";2040;"0.018";"Sensitivity | Current policies | Removed diesel efficiency gains";"Diesel"
"OPEX";"Diesel Infrastructure";"UK";"Total Diesel Mark-Up";"Rigid";"PROG";"EUR/kWh";2040;"0.018";"Sensitivity | Current policies | Removed diesel efficiency gains";"Diesel"
"OPEX";"Diesel Infrastructure";"UK";"Total Diesel Mark-Up";"Tractor-Trailer";"PROG";"EUR/kWh";2040;"0.018";"Sensitivity | Current policies | Removed diesel efficiency gains";"Diesel"
"OPEX";"Diesel Infrastructure";"DE";"CO2 emission factor Biodiesel";"Rigid";"BAU";"%";2040;"0.155";"Sensitivity | Current policies | Removed diesel efficiency gains";"Diesel"
"OPEX";"Diesel Infrastructure";"DE";"CO2 emission factor Biodiesel";"Tractor-Trailer";"BAU";"%";2040;"0.155";"Sensitivity | Current policies | Removed diesel efficiency gains";"Diesel"
"OPEX";"Diesel Infrastructure";"DE";"CO2 emission factor Biodiesel";"Rigid";"PROG";"%";2040;"0.155";"Sensitivity | Current policies | Removed diesel efficiency gains";"Diesel"
"OPEX";"Diesel Infrastructure";"DE";"CO2 emission factor Biodiesel";"Tractor-Trailer";"PROG";"%";2040;"0.155";"Sensitivity | Current policies | Removed diesel efficiency gains";"Diesel"
"OPEX";"Diesel Infrastructure";"ES";"CO2 emission factor Biodiesel";"Rigid";"BAU";"%";2040;"0.155";"Sensitivity | Current policies | Removed diesel efficiency gains";"Diesel"
"OPEX";"Diesel Infrastructure";"ES";"CO2 emission factor Biodiesel";"Tractor-Trailer";"BAU";"%";2040;"0.155";"Sensitivity | Current policies | Removed diesel efficiency gains";"Diesel"
"OPEX";"Diesel Infrastructure";"ES";"CO2 emission factor Biodiesel";"Rigid";"PROG";"%";2040;"0.155";"Sensitivity | Current policies | Removed diesel efficiency gains";"Diesel"
"OPEX";"Diesel Infrastructure";"ES";"CO2 emission factor Biodiesel";"Tractor-Trailer";"PROG";"%";2040;"0.155";"Sensitivity | Current policies | Removed diesel efficiency gains";"Diesel"
"OPEX";"Diesel Infrastructure";"FR";"CO2 emission factor Biodiesel";"Rigid";"BAU";"%";2040;"0.155";"Sensitivity | Current policies | Removed diesel efficiency gains";"Diesel"
"OPEX";"Diesel Infrastructure";"FR";"CO2 emission factor Biodiesel";"Tractor-Trailer";"BAU";"%";2040;"0.155";"Sensitivity | Current policies | Removed diesel efficiency gains";"Diesel"
"OPEX";"Diesel Infrastructure";"FR";"CO2 emission factor Biodiesel";"Rigid";"PROG";"%";2040;"0.155";"Sensitivity | Current policies | Removed diesel efficiency gains";"Diesel"
"OPEX";"Diesel Infrastructure";"FR";"CO2 emission factor Biodiesel";"Tractor-Trailer";"PROG";"%";2040;"0.155";"Sensitivity | Current policies | Removed diesel efficiency gains";"Diesel"
"OPEX";"Diesel Infrastructure";"IT";"CO2 emission factor Biodiesel";"Rigid";"BAU";"%";2040;"0.155";"Sensitivity | Current policies | Removed diesel efficiency gains";"Diesel"
"OPEX";"Diesel Infrastructure";"IT";"CO2 emission factor Biodiesel";"Tractor-Trailer";"BAU";"%";2040;"0.155";"Sensitivity | Current policies | Removed diesel efficiency gains";"Diesel"
"OPEX";"Diesel Infrastructure";"IT";"CO2 emission factor Biodiesel";"Rigid";"PROG";"%";2040;"0.155";"Sensitivity | Current policies | Removed diesel efficiency gains";"Diesel"
"OPEX";"Diesel Infrastructure";"IT";"CO2 emission factor Biodiesel";"Tractor-Trailer";"PROG";"%";2040;"0.155";"Sensitivity | Current policies | Removed diesel efficiency gains";"Diesel"
"OPEX";"Diesel Infrastructure";"NL";"CO2 emission factor Biodiesel";"Rigid";"BAU";"%";2040;"0.155";"Sensitivity | Current policies | Removed diesel efficiency gains";"Diesel"
"OPEX";"Diesel Infrastructure";"NL";"CO2 emission factor Biodiesel";"Tractor-Trailer";"BAU";"%";2040;"0.155";"Sensitivity | Current policies | Removed diesel efficiency gains";"Diesel"
"OPEX";"Diesel Infrastructure";"NL";"CO2 emission factor Biodiesel";"Rigid";"PROG";"%";2040;"0.155";"Sensitivity | Current policies | Removed diesel efficiency gains";"Diesel"
"OPEX";"Diesel Infrastructure";"NL";"CO2 emission factor Biodiesel";"Tractor-Trailer";"PROG";"%";2040;"0.155";"Sensitivity | Current policies | Removed diesel efficiency gains";"Diesel"
"OPEX";"Diesel Infrastructure";"PL";"CO2 emission factor Biodiesel";"Rigid";"BAU";"%";2040;"0.155";"Sensitivity | Current policies | Removed diesel efficiency gains";"Diesel"
"OPEX";"Diesel Infrastructure";"PL";"CO2 emission factor Biodiesel";"Tractor-Trailer";"BAU";"%";2040;"0.155";"Sensitivity | Current policies | Removed diesel efficiency gains";"Diesel"
"OPEX";"Diesel Infrastructure";"PL";"CO2 emission factor Biodiesel";"Rigid";"PROG";"%";2040;"0.155";"Sensitivity | Current policies | Removed diesel efficiency gains";"Diesel"
"OPEX";"Diesel Infrastructure";"PL";"CO2 emission factor Biodiesel";"Tractor-Trailer";"PROG";"%";2040;"0.155";"Sensitivity | Current policies | Removed diesel efficiency gains";"Diesel"
"OPEX";"Diesel Infrastructure";"UK";"CO2 emission factor Biodiesel";"Rigid";"BAU";"%";2040;"0.155";"Sensitivity | Current policies | Removed diesel efficiency gains";"Diesel"
"OPEX";"Diesel Infrastructure";"UK";"CO2 emission factor Biodiesel";"Tractor-Trailer";"BAU";"%";2040;"0.155";"Sensitivity | Current policies | Removed diesel efficiency gains";"Diesel"
"OPEX";"Diesel Infrastructure";"UK";"CO2 emission factor Biodiesel";"Rigid";"PROG";"%";2040;"0.155";"Sensitivity | Current policies | Removed diesel efficiency gains";"Diesel"
"OPEX";"Diesel Infrastructure";"UK";"CO2 emission factor Biodiesel";"Tractor-Trailer";"PROG";"%";2040;"0.155";"Sensitivity | Current policies | Removed diesel efficiency gains";"Diesel"
"OPEX";"Diesel Infrastructure";"DE";"CO2 emission factor Pt-Diesel";"Rigid";"BAU";"%";2040;"0";"Sensitivity | Current policies | Removed diesel efficiency gains";"Diesel"
"OPEX";"Diesel Infrastructure";"DE";"CO2 emission factor Pt-Diesel";"Tractor-Trailer";"BAU";"%";2040;"0";"Sensitivity | Current policies | Removed diesel efficiency gains";"Diesel"
"OPEX";"Diesel Infrastructure";"DE";"CO2 emission factor Pt-Diesel";"Rigid";"PROG";"%";2040;"0";"Sensitivity | Current policies | Removed diesel efficiency gains";"Diesel"
"OPEX";"Diesel Infrastructure";"DE";"CO2 emission factor Pt-Diesel";"Tractor-Trailer";"PROG";"%";2040;"0";"Sensitivity | Current policies | Removed diesel efficiency gains";"Diesel"
"OPEX";"Diesel Infrastructure";"ES";"CO2 emission factor Pt-Diesel";"Rigid";"BAU";"%";2040;"0";"Sensitivity | Current policies | Removed diesel efficiency gains";"Diesel"
"OPEX";"Diesel Infrastructure";"ES";"CO2 emission factor Pt-Diesel";"Tractor-Trailer";"BAU";"%";2040;"0";"Sensitivity | Current policies | Removed diesel efficiency gains";"Diesel"
"OPEX";"Diesel Infrastructure";"ES";"CO2 emission factor Pt-Diesel";"Rigid";"PROG";"%";2040;"0";"Sensitivity | Current policies | Removed diesel efficiency gains";"Diesel"
"OPEX";"Diesel Infrastructure";"ES";"CO2 emission factor Pt-Diesel";"Tractor-Trailer";"PROG";"%";2040;"0";"Sensitivity | Current policies | Removed diesel efficiency gains";"Diesel"
"OPEX";"Diesel Infrastructure";"FR";"CO2 emission factor Pt-Diesel";"Rigid";"BAU";"%";2040;"0";"Sensitivity | Current policies | Removed diesel efficiency gains";"Diesel"
"OPEX";"Diesel Infrastructure";"FR";"CO2 emission factor Pt-Diesel";"Tractor-Trailer";"BAU";"%";2040;"0";"Sensitivity | Current policies | Removed diesel efficiency gains";"Diesel"
"OPEX";"Diesel Infrastructure";"FR";"CO2 emission factor Pt-Diesel";"Rigid";"PROG";"%";2040;"0";"Sensitivity | Current policies | Removed diesel efficiency gains";"Diesel"
"OPEX";"Diesel Infrastructure";"FR";"CO2 emission factor Pt-Diesel";"Tractor-Trailer";"PROG";"%";2040;"0";"Sensitivity | Current policies | Removed diesel efficiency gains";"Diesel"
"OPEX";"Diesel Infrastructure";"IT";"CO2 emission factor Pt-Diesel";"Rigid";"BAU";"%";2040;"0";"Sensitivity | Current policies | Removed diesel efficiency gains";"Diesel"
"OPEX";"Diesel Infrastructure";"IT";"CO2 emission factor Pt-Diesel";"Tractor-Trailer";"BAU";"%";2040;"0";"Sensitivity | Current policies | Removed diesel efficiency gains";"Diesel"
"OPEX";"Diesel Infrastructure";"IT";"CO2 emission factor Pt-Diesel";"Rigid";"PROG";"%";2040;"0";"Sensitivity | Current policies | Removed diesel efficiency gains";"Diesel"
"OPEX";"Diesel Infrastructure";"IT";"CO2 emission factor Pt-Diesel";"Tractor-Trailer";"PROG";"%";2040;"0";"Sensitivity | Current policies | Removed diesel efficiency gains";"Diesel"
"OPEX";"Diesel Infrastructure";"NL";"CO2 emission factor Pt-Diesel";"Rigid";"BAU";"%";2040;"0";"Sensitivity | Current policies | Removed diesel efficiency gains";"Diesel"
"OPEX";"Diesel Infrastructure";"NL";"CO2 emission factor Pt-Diesel";"Tractor-Trailer";"BAU";"%";2040;"0";"Sensitivity | Current policies | Removed diesel efficiency gains";"Diesel"
"OPEX";"Diesel Infrastructure";"NL";"CO2 emission factor Pt-Diesel";"Rigid";"PROG";"%";2040;"0";"Sensitivity | Current policies | Removed diesel efficiency gains";"Diesel"
"OPEX";"Diesel Infrastructure";"NL";"CO2 emission factor Pt-Diesel";"Tractor-Trailer";"PROG";"%";2040;"0";"Sensitivity | Current policies | Removed diesel efficiency gains";"Diesel"
"OPEX";"Diesel Infrastructure";"PL";"CO2 emission factor Pt-Diesel";"Rigid";"BAU";"%";2040;"0";"Sensitivity | Current policies | Removed diesel efficiency gains";"Diesel"
"OPEX";"Diesel Infrastructure";"PL";"CO2 emission factor Pt-Diesel";"Tractor-Trailer";"BAU";"%";2040;"0";"Sensitivity | Current policies | Removed diesel efficiency gains";"Diesel"
"OPEX";"Diesel Infrastructure";"PL";"CO2 emission factor Pt-Diesel";"Rigid";"PROG";"%";2040;"0";"Sensitivity | Current policies | Removed diesel efficiency gains";"Diesel"
"OPEX";"Diesel Infrastructure";"PL";"CO2 emission factor Pt-Diesel";"Tractor-Trailer";"PROG";"%";2040;"0";"Sensitivity | Current policies | Removed diesel efficiency gains";"Diesel"
"OPEX";"Diesel Infrastructure";"UK";"CO2 emission factor Pt-Diesel";"Rigid";"BAU";"%";2040;"0";"Sensitivity | Current policies | Removed diesel efficiency gains";"Diesel"
"OPEX";"Diesel Infrastructure";"UK";"CO2 emission factor Pt-Diesel";"Tractor-Trailer";"BAU";"%";2040;"0";"Sensitivity | Current policies | Removed diesel efficiency gains";"Diesel"
"OPEX";"Diesel Infrastructure";"UK";"CO2 emission factor Pt-Diesel";"Rigid";"PROG";"%";2040;"0";"Sensitivity | Current policies | Removed diesel efficiency gains";"Diesel"
"OPEX";"Diesel Infrastructure";"UK";"CO2 emission factor Pt-Diesel";"Tractor-Trailer";"PROG";"%";2040;"0";"Sensitivity | Current policies | Removed diesel efficiency gains";"Diesel"
"OPEX";"Taxes";"DE";"Network Costs - MCS";"Rigid";"BAU";"EUR/kWh";2040;"0.034";"Sensitivity | Current policies | Removed diesel efficiency gains";"Electricity"
"OPEX";"Taxes";"DE";"Network Costs - MCS";"Tractor-Trailer";"BAU";"EUR/kWh";2040;"0.034";"Sensitivity | Current policies | Removed diesel efficiency gains";"Electricity"
"OPEX";"Taxes";"ES";"Network Costs - MCS";"Rigid";"BAU";"EUR/kWh";2040;"0.018";"Sensitivity | Current policies | Removed diesel efficiency gains";"Electricity"
"OPEX";"Taxes";"ES";"Network Costs - MCS";"Tractor-Trailer";"BAU";"EUR/kWh";2040;"0.018";"Sensitivity | Current policies | Removed diesel efficiency gains";"Electricity"
"OPEX";"Taxes";"FR";"Network Costs - MCS";"Rigid";"BAU";"EUR/kWh";2040;"0.018";"Sensitivity | Current policies | Removed diesel efficiency gains";"Electricity"
"OPEX";"Taxes";"FR";"Network Costs - MCS";"Tractor-Trailer";"BAU";"EUR/kWh";2040;"0.018";"Sensitivity | Current policies | Removed diesel efficiency gains";"Electricity"
"OPEX";"Taxes";"IT";"Network Costs - MCS";"Rigid";"BAU";"EUR/kWh";2040;"0.015";"Sensitivity | Current policies | Removed diesel efficiency gains";"Electricity"
"OPEX";"Taxes";"IT";"Network Costs - MCS";"Tractor-Trailer";"BAU";"EUR/kWh";2040;"0.015";"Sensitivity | Current policies | Removed diesel efficiency gains";"Electricity"
"OPEX";"Taxes";"NL";"Network Costs - MCS";"Rigid";"BAU";"EUR/kWh";2040;"0.016";"Sensitivity | Current policies | Removed diesel efficiency gains";"Electricity"
"OPEX";"Taxes";"NL";"Network Costs - MCS";"Tractor-Trailer";"BAU";"EUR/kWh";2040;"0.016";"Sensitivity | Current policies | Removed diesel efficiency gains";"Electricity"
"OPEX";"Taxes";"PL";"Network Costs - MCS";"Rigid";"BAU";"EUR/kWh";2040;"0.019";"Sensitivity | Current policies | Removed diesel efficiency gains";"Electricity"
"OPEX";"Taxes";"PL";"Network Costs - MCS";"Tractor-Trailer";"BAU";"EUR/kWh";2040;"0.019";"Sensitivity | Current policies | Removed diesel efficiency gains";"Electricity"
"OPEX";"Taxes";"UK";"Network Costs - MCS";"Rigid";"BAU";"EUR/kWh";2040;"0.027";"Sensitivity | Current policies | Removed diesel efficiency gains";"Electricity"
"OPEX";"Taxes";"UK";"Network Costs - MCS";"Tractor-Trailer";"BAU";"EUR/kWh";2040;"0.027";"Sensitivity | Current policies | Removed diesel efficiency gains";"Electricity"
"OPEX";"Taxes";"DE";"Taxes, Fees, Levies and charges - MCS";"Rigid";"BAU";"EUR/kWh";2040;"0.056";"Sensitivity | Current policies | Removed diesel efficiency gains";"Electricity"
"OPEX";"Taxes";"DE";"Taxes, Fees, Levies and charges - MCS";"Tractor-Trailer";"BAU";"EUR/kWh";2040;"0.056";"Sensitivity | Current policies | Removed diesel efficiency gains";"Electricity"
"OPEX";"Taxes";"ES";"Taxes, Fees, Levies and charges - MCS";"Rigid";"BAU";"EUR/kWh";2040;"0.036";"Sensitivity | Current policies | Removed diesel efficiency gains";"Electricity"
"OPEX";"Taxes";"ES";"Taxes, Fees, Levies and charges - MCS";"Tractor-Trailer";"BAU";"EUR/kWh";2040;"0.036";"Sensitivity | Current policies | Removed diesel efficiency gains";"Electricity"
"OPEX";"Taxes";"FR";"Taxes, Fees, Levies and charges - MCS";"Rigid";"BAU";"EUR/kWh";2040;"0.03";"Sensitivity | Current policies | Removed diesel efficiency gains";"Electricity"
"OPEX";"Taxes";"FR";"Taxes, Fees, Levies and charges - MCS";"Tractor-Trailer";"BAU";"EUR/kWh";2040;"0.03";"Sensitivity | Current policies | Removed diesel efficiency gains";"Electricity"
"OPEX";"Taxes";"IT";"Taxes, Fees, Levies and charges - MCS";"Rigid";"BAU";"EUR/kWh";2040;"0.062";"Sensitivity | Current policies | Removed diesel efficiency gains";"Electricity"
"OPEX";"Taxes";"IT";"Taxes, Fees, Levies and charges - MCS";"Tractor-Trailer";"BAU";"EUR/kWh";2040;"0.062";"Sensitivity | Current policies | Removed diesel efficiency gains";"Electricity"
"OPEX";"Taxes";"NL";"Taxes, Fees, Levies and charges - MCS";"Rigid";"BAU";"EUR/kWh";2040;"0.055";"Sensitivity | Current policies | Removed diesel efficiency gains";"Electricity"
"OPEX";"Taxes";"NL";"Taxes, Fees, Levies and charges - MCS";"Tractor-Trailer";"BAU";"EUR/kWh";2040;"0.055";"Sensitivity | Current policies | Removed diesel efficiency gains";"Electricity"
"OPEX";"Taxes";"PL";"Taxes, Fees, Levies and charges - MCS";"Rigid";"BAU";"EUR/kWh";2040;"0.049";"Sensitivity | Current policies | Removed diesel efficiency gains";"Electricity"
"OPEX";"Taxes";"PL";"Taxes, Fees, Levies and charges - MCS";"Tractor-Trailer";"BAU";"EUR/kWh";2040;"0.049";"Sensitivity | Current policies | Removed diesel efficiency gains";"Electricity"
"OPEX";"Taxes";"UK";"Taxes, Fees, Levies and charges - MCS";"Rigid";"BAU";"EUR/kWh";2040;"0.077";"Sensitivity | Current policies | Removed diesel efficiency gains";"Electricity"
"OPEX";"Taxes";"UK";"Taxes, Fees, Levies and charges - MCS";"Tractor-Trailer";"BAU";"EUR/kWh";2040;"0.077";"Sensitivity | Current policies | Removed diesel efficiency gains";"Electricity"
"OPEX";"Taxes";"DE";"Network Costs - Depot";"Rigid";"BAU";"EUR/kWh";2040;"0.034";"Sensitivity | Current policies | Removed diesel efficiency gains";"Electricity"
"OPEX";"Taxes";"DE";"Network Costs - Depot";"Tractor-Trailer";"BAU";"EUR/kWh";2040;"0.034";"Sensitivity | Current policies | Removed diesel efficiency gains";"Electricity"
"OPEX";"Taxes";"ES";"Network Costs - Depot";"Rigid";"BAU";"EUR/kWh";2040;"0.018";"Sensitivity | Current policies | Removed diesel efficiency gains";"Electricity"
"OPEX";"Taxes";"ES";"Network Costs - Depot";"Tractor-Trailer";"BAU";"EUR/kWh";2040;"0.018";"Sensitivity | Current policies | Removed diesel efficiency gains";"Electricity"
"OPEX";"Taxes";"FR";"Network Costs - Depot";"Rigid";"BAU";"EUR/kWh";2040;"0.018";"Sensitivity | Current policies | Removed diesel efficiency gains";"Electricity"
"OPEX";"Taxes";"FR";"Network Costs - Depot";"Tractor-Trailer";"BAU";"EUR/kWh";2040;"0.018";"Sensitivity | Current policies | Removed diesel efficiency gains";"Electricity"
"OPEX";"Taxes";"IT";"Network Costs - Depot";"Rigid";"BAU";"EUR/kWh";2040;"0.016";"Sensitivity | Current policies | Removed diesel efficiency gains";"Electricity"
"OPEX";"Taxes";"IT";"Network Costs - Depot";"Tractor-Trailer";"BAU";"EUR/kWh";2040;"0.016";"Sensitivity | Current policies | Removed diesel efficiency gains";"Electricity"
"OPEX";"Taxes";"NL";"Network Costs - Depot";"Rigid";"BAU";"EUR/kWh";2040;"0.016";"Sensitivity | Current policies | Removed diesel efficiency gains";"Electricity"
"OPEX";"Taxes";"NL";"Network Costs - Depot";"Tractor-Trailer";"BAU";"EUR/kWh";2040;"0.016";"Sensitivity | Current policies | Removed diesel efficiency gains";"Electricity"
"OPEX";"Taxes";"PL";"Network Costs - Depot";"Rigid";"BAU";"EUR/kWh";2040;"0.019";"Sensitivity | Current policies | Removed diesel efficiency gains";"Electricity"
"OPEX";"Taxes";"PL";"Network Costs - Depot";"Tractor-Trailer";"BAU";"EUR/kWh";2040;"0.019";"Sensitivity | Current policies | Removed diesel efficiency gains";"Electricity"
"OPEX";"Taxes";"UK";"Network Costs - Depot";"Rigid";"BAU";"EUR/kWh";2040;"0.027";"Sensitivity | Current policies | Removed diesel efficiency gains";"Electricity"
"OPEX";"Taxes";"UK";"Network Costs - Depot";"Tractor-Trailer";"BAU";"EUR/kWh";2040;"0.027";"Sensitivity | Current policies | Removed diesel efficiency gains";"Electricity"
"OPEX";"Taxes";"DE";"Taxes, Fees, Levies and charges - Depot";"Rigid";"BAU";"EUR/kWh";2040;"0.056";"Sensitivity | Current policies | Removed diesel efficiency gains";"Electricity"
"OPEX";"Taxes";"DE";"Taxes, Fees, Levies and charges - Depot";"Tractor-Trailer";"BAU";"EUR/kWh";2040;"0.056";"Sensitivity | Current policies | Removed diesel efficiency gains";"Electricity"
"OPEX";"Taxes";"ES";"Taxes, Fees, Levies and charges - Depot";"Rigid";"BAU";"EUR/kWh";2040;"0.036";"Sensitivity | Current policies | Removed diesel efficiency gains";"Electricity"
"OPEX";"Taxes";"ES";"Taxes, Fees, Levies and charges - Depot";"Tractor-Trailer";"BAU";"EUR/kWh";2040;"0.036";"Sensitivity | Current policies | Removed diesel efficiency gains";"Electricity"
"OPEX";"Taxes";"FR";"Taxes, Fees, Levies and charges - Depot";"Rigid";"BAU";"EUR/kWh";2040;"0.03";"Sensitivity | Current policies | Removed diesel efficiency gains";"Electricity"
"OPEX";"Taxes";"FR";"Taxes, Fees, Levies and charges - Depot";"Tractor-Trailer";"BAU";"EUR/kWh";2040;"0.03";"Sensitivity | Current policies | Removed diesel efficiency gains";"Electricity"
"OPEX";"Taxes";"IT";"Taxes, Fees, Levies and charges - Depot";"Rigid";"BAU";"EUR/kWh";2040;"0.063";"Sensitivity | Current policies | Removed diesel efficiency gains";"Electricity"
"OPEX";"Taxes";"IT";"Taxes, Fees, Levies and charges - Depot";"Tractor-Trailer";"BAU";"EUR/kWh";2040;"0.063";"Sensitivity | Current policies | Removed diesel efficiency gains";"Electricity"
"OPEX";"Taxes";"NL";"Taxes, Fees, Levies and charges - Depot";"Rigid";"BAU";"EUR/kWh";2040;"0.055";"Sensitivity | Current policies | Removed diesel efficiency gains";"Electricity"
"OPEX";"Taxes";"NL";"Taxes, Fees, Levies and charges - Depot";"Tractor-Trailer";"BAU";"EUR/kWh";2040;"0.055";"Sensitivity | Current policies | Removed diesel efficiency gains";"Electricity"
"OPEX";"Taxes";"PL";"Taxes, Fees, Levies and charges - Depot";"Rigid";"BAU";"EUR/kWh";2040;"0.049";"Sensitivity | Current policies | Removed diesel efficiency gains";"Electricity"
"OPEX";"Taxes";"PL";"Taxes, Fees, Levies and charges - Depot";"Tractor-Trailer";"BAU";"EUR/kWh";2040;"0.049";"Sensitivity | Current policies | Removed diesel efficiency gains";"Electricity"
"OPEX";"Taxes";"UK";"Taxes, Fees, Levies and charges - Depot";"Rigid";"BAU";"EUR/kWh";2040;"0.077";"Sensitivity | Current policies | Removed diesel efficiency gains";"Electricity"
"OPEX";"Taxes";"UK";"Taxes, Fees, Levies and charges - Depot";"Tractor-Trailer";"BAU";"EUR/kWh";2040;"0.077";"Sensitivity | Current policies | Removed diesel efficiency gains";"Electricity"
"OPEX";"H2 Infrastructure";"DE";"HRS costs";"Rigid";"BAU";"EUR/kg H2";2040;"1.2";"Sensitivity | Current policies | Removed diesel efficiency gains";"Hydrogen"
"OPEX";"H2 Infrastructure";"DE";"HRS costs";"Tractor-Trailer";"BAU";"EUR/kg H2";2040;"1.2";"Sensitivity | Current policies | Removed diesel efficiency gains";"Hydrogen"
"OPEX";"H2 Infrastructure";"ES";"HRS costs";"Rigid";"BAU";"EUR/kg H2";2040;"1.2";"Sensitivity | Current policies | Removed diesel efficiency gains";"Hydrogen"
"OPEX";"H2 Infrastructure";"ES";"HRS costs";"Tractor-Trailer";"BAU";"EUR/kg H2";2040;"1.2";"Sensitivity | Current policies | Removed diesel efficiency gains";"Hydrogen"
"OPEX";"H2 Infrastructure";"FR";"HRS costs";"Rigid";"BAU";"EUR/kg H2";2040;"1.2";"Sensitivity | Current policies | Removed diesel efficiency gains";"Hydrogen"
"OPEX";"H2 Infrastructure";"FR";"HRS costs";"Tractor-Trailer";"BAU";"EUR/kg H2";2040;"1.2";"Sensitivity | Current policies | Removed diesel efficiency gains";"Hydrogen"
"OPEX";"H2 Infrastructure";"IT";"HRS costs";"Rigid";"BAU";"EUR/kg H2";2040;"1.2";"Sensitivity | Current policies | Removed diesel efficiency gains";"Hydrogen"
"OPEX";"H2 Infrastructure";"IT";"HRS costs";"Tractor-Trailer";"BAU";"EUR/kg H2";2040;"1.2";"Sensitivity | Current policies | Removed diesel efficiency gains";"Hydrogen"
"OPEX";"H2 Infrastructure";"NL";"HRS costs";"Rigid";"BAU";"EUR/kg H2";2040;"1.2";"Sensitivity | Current policies | Removed diesel efficiency gains";"Hydrogen"
"OPEX";"H2 Infrastructure";"NL";"HRS costs";"Tractor-Trailer";"BAU";"EUR/kg H2";2040;"1.2";"Sensitivity | Current policies | Removed diesel efficiency gains";"Hydrogen"
"OPEX";"H2 Infrastructure";"PL";"HRS costs";"Rigid";"BAU";"EUR/kg H2";2040;"1.2";"Sensitivity | Current policies | Removed diesel efficiency gains";"Hydrogen"
"OPEX";"H2 Infrastructure";"PL";"HRS costs";"Tractor-Trailer";"BAU";"EUR/kg H2";2040;"1.2";"Sensitivity | Current policies | Removed diesel efficiency gains";"Hydrogen"
"OPEX";"H2 Infrastructure";"UK";"HRS costs";"Rigid";"BAU";"EUR/kg H2";2040;"1.2";"Sensitivity | Current policies | Removed diesel efficiency gains";"Hydrogen"
"OPEX";"H2 Infrastructure";"UK";"HRS costs";"Tractor-Trailer";"BAU";"EUR/kg H2";2040;"1.2";"Sensitivity | Current policies | Removed diesel efficiency gains";"Hydrogen"
"OPEX";"H2 Infrastructure";"DE";"H2 transport and distribution";"Rigid";"BAU";"EUR/kg H2";2040;"1.167";"Sensitivity | Current policies | Removed diesel efficiency gains";"Hydrogen"
"OPEX";"H2 Infrastructure";"DE";"H2 transport and distribution";"Tractor-Trailer";"BAU";"EUR/kg H2";2040;"1.167";"Sensitivity | Current policies | Removed diesel efficiency gains";"Hydrogen"
"OPEX";"H2 Infrastructure";"ES";"H2 transport and distribution";"Rigid";"BAU";"EUR/kg H2";2040;"1.167";"Sensitivity | Current policies | Removed diesel efficiency gains";"Hydrogen"
"OPEX";"H2 Infrastructure";"ES";"H2 transport and distribution";"Tractor-Trailer";"BAU";"EUR/kg H2";2040;"1.167";"Sensitivity | Current policies | Removed diesel efficiency gains";"Hydrogen"
"OPEX";"H2 Infrastructure";"FR";"H2 transport and distribution";"Rigid";"BAU";"EUR/kg H2";2040;"1.167";"Sensitivity | Current policies | Removed diesel efficiency gains";"Hydrogen"
"OPEX";"H2 Infrastructure";"FR";"H2 transport and distribution";"Tractor-Trailer";"BAU";"EUR/kg H2";2040;"1.167";"Sensitivity | Current policies | Removed diesel efficiency gains";"Hydrogen"
"OPEX";"H2 Infrastructure";"IT";"H2 transport and distribution";"Rigid";"BAU";"EUR/kg H2";2040;"1.167";"Sensitivity | Current policies | Removed diesel efficiency gains";"Hydrogen"
"OPEX";"H2 Infrastructure";"IT";"H2 transport and distribution";"Tractor-Trailer";"BAU";"EUR/kg H2";2040;"1.167";"Sensitivity | Current policies | Removed diesel efficiency gains";"Hydrogen"
"OPEX";"H2 Infrastructure";"NL";"H2 transport and distribution";"Rigid";"BAU";"EUR/kg H2";2040;"1.167";"Sensitivity | Current policies | Removed diesel efficiency gains";"Hydrogen"
"OPEX";"H2 Infrastructure";"NL";"H2 transport and distribution";"Tractor-Trailer";"BAU";"EUR/kg H2";2040;"1.167";"Sensitivity | Current policies | Removed diesel efficiency gains";"Hydrogen"
"OPEX";"H2 Infrastructure";"PL";"H2 transport and distribution";"Rigid";"BAU";"EUR/kg H2";2040;"1.167";"Sensitivity | Current policies | Removed diesel efficiency gains";"Hydrogen"
"OPEX";"H2 Infrastructure";"PL";"H2 transport and distribution";"Tractor-Trailer";"BAU";"EUR/kg H2";2040;"1.167";"Sensitivity | Current policies | Removed diesel efficiency gains";"Hydrogen"
"OPEX";"H2 Infrastructure";"UK";"H2 transport and distribution";"Rigid";"BAU";"EUR/kg H2";2040;"1.167";"Sensitivity | Current policies | Removed diesel efficiency gains";"Hydrogen"
"OPEX";"H2 Infrastructure";"UK";"H2 transport and distribution";"Tractor-Trailer";"BAU";"EUR/kg H2";2040;"1.167";"Sensitivity | Current policies | Removed diesel efficiency gains";"Hydrogen"
"OPEX";"H2 Infrastructure";"DE";"HRS Overhead, Profit and Mark-Up";"Rigid";"BAU";"EUR/kg H2";2040;"0.25";"Sensitivity | Current policies | Removed diesel efficiency gains";"Hydrogen"
"OPEX";"H2 Infrastructure";"DE";"HRS Overhead, Profit and Mark-Up";"Tractor-Trailer";"BAU";"EUR/kg H2";2040;"0.25";"Sensitivity | Current policies | Removed diesel efficiency gains";"Hydrogen"
"OPEX";"H2 Infrastructure";"ES";"HRS Overhead, Profit and Mark-Up";"Rigid";"BAU";"EUR/kg H2";2040;"0.25";"Sensitivity | Current policies | Removed diesel efficiency gains";"Hydrogen"
"OPEX";"H2 Infrastructure";"ES";"HRS Overhead, Profit and Mark-Up";"Tractor-Trailer";"BAU";"EUR/kg H2";2040;"0.25";"Sensitivity | Current policies | Removed diesel efficiency gains";"Hydrogen"
"OPEX";"H2 Infrastructure";"FR";"HRS Overhead, Profit and Mark-Up";"Rigid";"BAU";"EUR/kg H2";2040;"0.25";"Sensitivity | Current policies | Removed diesel efficiency gains";"Hydrogen"
"OPEX";"H2 Infrastructure";"FR";"HRS Overhead, Profit and Mark-Up";"Tractor-Trailer";"BAU";"EUR/kg H2";2040;"0.25";"Sensitivity | Current policies | Removed diesel efficiency gains";"Hydrogen"
"OPEX";"H2 Infrastructure";"IT";"HRS Overhead, Profit and Mark-Up";"Rigid";"BAU";"EUR/kg H2";2040;"0.25";"Sensitivity | Current policies | Removed diesel efficiency gains";"Hydrogen"
"OPEX";"H2 Infrastructure";"IT";"HRS Overhead, Profit and Mark-Up";"Tractor-Trailer";"BAU";"EUR/kg H2";2040;"0.25";"Sensitivity | Current policies | Removed diesel efficiency gains";"Hydrogen"
"OPEX";"H2 Infrastructure";"NL";"HRS Overhead, Profit and Mark-Up";"Rigid";"BAU";"EUR/kg H2";2040;"0.25";"Sensitivity | Current policies | Removed diesel efficiency gains";"Hydrogen"
"OPEX";"H2 Infrastructure";"NL";"HRS Overhead, Profit and Mark-Up";"Tractor-Trailer";"BAU";"EUR/kg H2";2040;"0.25";"Sensitivity | Current policies | Removed diesel efficiency gains";"Hydrogen"
"OPEX";"H2 Infrastructure";"PL";"HRS Overhead, Profit and Mark-Up";"Rigid";"BAU";"EUR/kg H2";2040;"0.25";"Sensitivity | Current policies | Removed diesel efficiency gains";"Hydrogen"
"OPEX";"H2 Infrastructure";"PL";"HRS Overhead, Profit and Mark-Up";"Tractor-Trailer";"BAU";"EUR/kg H2";2040;"0.25";"Sensitivity | Current policies | Removed diesel efficiency gains";"Hydrogen"
"OPEX";"H2 Infrastructure";"UK";"HRS Overhead, Profit and Mark-Up";"Rigid";"BAU";"EUR/kg H2";2040;"0.25";"Sensitivity | Current policies | Removed diesel efficiency gains";"Hydrogen"
"OPEX";"H2 Infrastructure";"UK";"HRS Overhead, Profit and Mark-Up";"Tractor-Trailer";"BAU";"EUR/kg H2";2040;"0.25";"Sensitivity | Current policies | Removed diesel efficiency gains";"Hydrogen"
"OPEX";"Charging Infrastructure";"DE";"MCS Station (Public Charging) - Incl. Overhead";"Rigid";"BAU";"EUR/kWh";2040;"0.043";"Sensitivity | Current policies | Removed diesel efficiency gains";"Electricity"
"OPEX";"Charging Infrastructure";"DE";"MCS Station (Public Charging) - Incl. Overhead";"Tractor-Trailer";"BAU";"EUR/kWh";2040;"0.043";"Sensitivity | Current policies | Removed diesel efficiency gains";"Electricity"
"OPEX";"Charging Infrastructure";"ES";"MCS Station (Public Charging) - Incl. Overhead";"Rigid";"BAU";"EUR/kWh";2040;"0.043";"Sensitivity | Current policies | Removed diesel efficiency gains";"Electricity"
"OPEX";"Charging Infrastructure";"ES";"MCS Station (Public Charging) - Incl. Overhead";"Tractor-Trailer";"BAU";"EUR/kWh";2040;"0.043";"Sensitivity | Current policies | Removed diesel efficiency gains";"Electricity"
"OPEX";"Charging Infrastructure";"FR";"MCS Station (Public Charging) - Incl. Overhead";"Rigid";"BAU";"EUR/kWh";2040;"0.043";"Sensitivity | Current policies | Removed diesel efficiency gains";"Electricity"
"OPEX";"Charging Infrastructure";"FR";"MCS Station (Public Charging) - Incl. Overhead";"Tractor-Trailer";"BAU";"EUR/kWh";2040;"0.043";"Sensitivity | Current policies | Removed diesel efficiency gains";"Electricity"
"OPEX";"Charging Infrastructure";"IT";"MCS Station (Public Charging) - Incl. Overhead";"Rigid";"BAU";"EUR/kWh";2040;"0.043";"Sensitivity | Current policies | Removed diesel efficiency gains";"Electricity"
"OPEX";"Charging Infrastructure";"IT";"MCS Station (Public Charging) - Incl. Overhead";"Tractor-Trailer";"BAU";"EUR/kWh";2040;"0.043";"Sensitivity | Current policies | Removed diesel efficiency gains";"Electricity"
"OPEX";"Charging Infrastructure";"NL";"MCS Station (Public Charging) - Incl. Overhead";"Rigid";"BAU";"EUR/kWh";2040;"0.043";"Sensitivity | Current policies | Removed diesel efficiency gains";"Electricity"
"OPEX";"Charging Infrastructure";"NL";"MCS Station (Public Charging) - Incl. Overhead";"Tractor-Trailer";"BAU";"EUR/kWh";2040;"0.043";"Sensitivity | Current policies | Removed diesel efficiency gains";"Electricity"
"OPEX";"Charging Infrastructure";"PL";"MCS Station (Public Charging) - Incl. Overhead";"Rigid";"BAU";"EUR/kWh";2040;"0.043";"Sensitivity | Current policies | Removed diesel efficiency gains";"Electricity"
"OPEX";"Charging Infrastructure";"PL";"MCS Station (Public Charging) - Incl. Overhead";"Tractor-Trailer";"BAU";"EUR/kWh";2040;"0.043";"Sensitivity | Current policies | Removed diesel efficiency gains";"Electricity"
"OPEX";"Charging Infrastructure";"UK";"MCS Station (Public Charging) - Incl. Overhead";"Rigid";"BAU";"EUR/kWh";2040;"0.043";"Sensitivity | Current policies | Removed diesel efficiency gains";"Electricity"
"OPEX";"Charging Infrastructure";"UK";"MCS Station (Public Charging) - Incl. Overhead";"Tractor-Trailer";"BAU";"EUR/kWh";2040;"0.043";"Sensitivity | Current policies | Removed diesel efficiency gains";"Electricity"
"OPEX";"Charging Infrastructure";"DE";"Share MCS-Charging";"Rigid";"BAU";"%";2040;"0.2";"Sensitivity | Current policies | Removed diesel efficiency gains";"Electricity"
"OPEX";"Charging Infrastructure";"DE";"Share MCS-Charging";"Tractor-Trailer";"BAU";"%";2040;"0.2";"Sensitivity | Current policies | Removed diesel efficiency gains";"Electricity"
"OPEX";"Charging Infrastructure";"ES";"Share MCS-Charging";"Rigid";"BAU";"%";2040;"0.2";"Sensitivity | Current policies | Removed diesel efficiency gains";"Electricity"
"OPEX";"Charging Infrastructure";"ES";"Share MCS-Charging";"Tractor-Trailer";"BAU";"%";2040;"0.2";"Sensitivity | Current policies | Removed diesel efficiency gains";"Electricity"
"OPEX";"Charging Infrastructure";"FR";"Share MCS-Charging";"Rigid";"BAU";"%";2040;"0.2";"Sensitivity | Current policies | Removed diesel efficiency gains";"Electricity"
"OPEX";"Charging Infrastructure";"FR";"Share MCS-Charging";"Tractor-Trailer";"BAU";"%";2040;"0.2";"Sensitivity | Current policies | Removed diesel efficiency gains";"Electricity"
"OPEX";"Charging Infrastructure";"IT";"Share MCS-Charging";"Rigid";"BAU";"%";2040;"0.2";"Sensitivity | Current policies | Removed diesel efficiency gains";"Electricity"
"OPEX";"Charging Infrastructure";"IT";"Share MCS-Charging";"Tractor-Trailer";"BAU";"%";2040;"0.2";"Sensitivity | Current policies | Removed diesel efficiency gains";"Electricity"
"OPEX";"Charging Infrastructure";"NL";"Share MCS-Charging";"Rigid";"BAU";"%";2040;"0.2";"Sensitivity | Current policies | Removed diesel efficiency gains";"Electricity"
"OPEX";"Charging Infrastructure";"NL";"Share MCS-Charging";"Tractor-Trailer";"BAU";"%";2040;"0.2";"Sensitivity | Current policies | Removed diesel efficiency gains";"Electricity"
"OPEX";"Charging Infrastructure";"PL";"Share MCS-Charging";"Rigid";"BAU";"%";2040;"0.2";"Sensitivity | Current policies | Removed diesel efficiency gains";"Electricity"
"OPEX";"Charging Infrastructure";"PL";"Share MCS-Charging";"Tractor-Trailer";"BAU";"%";2040;"0.2";"Sensitivity | Current policies | Removed diesel efficiency gains";"Electricity"
"OPEX";"Charging Infrastructure";"UK";"Share MCS-Charging";"Rigid";"BAU";"%";2040;"0.2";"Sensitivity | Current policies | Removed diesel efficiency gains";"Electricity"
"OPEX";"Charging Infrastructure";"UK";"Share MCS-Charging";"Tractor-Trailer";"BAU";"%";2040;"0.2";"Sensitivity | Current policies | Removed diesel efficiency gains";"Electricity"
"OPEX";"Charging Infrastructure";"DE";"Depot - Network fees savings potential";"Rigid";"BAU";"EUR/kWh";2040;"0";"Sensitivity | Current policies | Removed diesel efficiency gains";"Electricity"
"OPEX";"Charging Infrastructure";"DE";"Depot - Network fees savings potential";"Tractor-Trailer";"BAU";"EUR/kWh";2040;"0";"Sensitivity | Current policies | Removed diesel efficiency gains";"Electricity"
"OPEX";"Charging Infrastructure";"ES";"Depot - Network fees savings potential";"Rigid";"BAU";"EUR/kWh";2040;"0";"Sensitivity | Current policies | Removed diesel efficiency gains";"Electricity"
"OPEX";"Charging Infrastructure";"ES";"Depot - Network fees savings potential";"Tractor-Trailer";"BAU";"EUR/kWh";2040;"0";"Sensitivity | Current policies | Removed diesel efficiency gains";"Electricity"
"OPEX";"Charging Infrastructure";"FR";"Depot - Network fees savings potential";"Rigid";"BAU";"EUR/kWh";2040;"0";"Sensitivity | Current policies | Removed diesel efficiency gains";"Electricity"
"OPEX";"Charging Infrastructure";"FR";"Depot - Network fees savings potential";"Tractor-Trailer";"BAU";"EUR/kWh";2040;"0";"Sensitivity | Current policies | Removed diesel efficiency gains";"Electricity"
"OPEX";"Charging Infrastructure";"IT";"Depot - Network fees savings potential";"Rigid";"BAU";"EUR/kWh";2040;"0";"Sensitivity | Current policies | Removed diesel efficiency gains";"Electricity"
"OPEX";"Charging Infrastructure";"IT";"Depot - Network fees savings potential";"Tractor-Trailer";"BAU";"EUR/kWh";2040;"0";"Sensitivity | Current policies | Removed diesel efficiency gains";"Electricity"
"OPEX";"Charging Infrastructure";"NL";"Depot - Network fees savings potential";"Rigid";"BAU";"EUR/kWh";2040;"0";"Sensitivity | Current policies | Removed diesel efficiency gains";"Electricity"
"OPEX";"Charging Infrastructure";"NL";"Depot - Network fees savings potential";"Tractor-Trailer";"BAU";"EUR/kWh";2040;"0";"Sensitivity | Current policies | Removed diesel efficiency gains";"Electricity"
"OPEX";"Charging Infrastructure";"PL";"Depot - Network fees savings potential";"Rigid";"BAU";"EUR/kWh";2040;"0";"Sensitivity | Current policies | Removed diesel efficiency gains";"Electricity"
"OPEX";"Charging Infrastructure";"PL";"Depot - Network fees savings potential";"Tractor-Trailer";"BAU";"EUR/kWh";2040;"0";"Sensitivity | Current policies | Removed diesel efficiency gains";"Electricity"
"OPEX";"Charging Infrastructure";"UK";"Depot - Network fees savings potential";"Rigid";"BAU";"EUR/kWh";2040;"0";"Sensitivity | Current policies | Removed diesel efficiency gains";"Electricity"
"OPEX";"Charging Infrastructure";"UK";"Depot - Network fees savings potential";"Tractor-Trailer";"BAU";"EUR/kWh";2040;"0";"Sensitivity | Current policies | Removed diesel efficiency gains";"Electricity"
"OPEX";"Taxes";"DE";"Tax reduction";"Rigid";"BAU";"%";2040;"0";"Sensitivity | Current policies | Removed diesel efficiency gains";"Hydrogen"
"OPEX";"Taxes";"DE";"Tax reduction";"Tractor-Trailer";"BAU";"%";2040;"0";"Sensitivity | Current policies | Removed diesel efficiency gains";"Hydrogen"
"OPEX";"Taxes";"ES";"Tax reduction";"Rigid";"BAU";"%";2040;"0";"Sensitivity | Current policies | Removed diesel efficiency gains";"Hydrogen"
"OPEX";"Taxes";"ES";"Tax reduction";"Tractor-Trailer";"BAU";"%";2040;"0";"Sensitivity | Current policies | Removed diesel efficiency gains";"Hydrogen"
"OPEX";"Taxes";"FR";"Tax reduction";"Rigid";"BAU";"%";2040;"0";"Sensitivity | Current policies | Removed diesel efficiency gains";"Hydrogen"
"OPEX";"Taxes";"FR";"Tax reduction";"Tractor-Trailer";"BAU";"%";2040;"0";"Sensitivity | Current policies | Removed diesel efficiency gains";"Hydrogen"
"OPEX";"Taxes";"IT";"Tax reduction";"Rigid";"BAU";"%";2040;"0";"Sensitivity | Current policies | Removed diesel efficiency gains";"Hydrogen"
"OPEX";"Taxes";"IT";"Tax reduction";"Tractor-Trailer";"BAU";"%";2040;"0";"Sensitivity | Current policies | Removed diesel efficiency gains";"Hydrogen"
"OPEX";"Taxes";"NL";"Tax reduction";"Rigid";"BAU";"%";2040;"0";"Sensitivity | Current policies | Removed diesel efficiency gains";"Hydrogen"
"OPEX";"Taxes";"NL";"Tax reduction";"Tractor-Trailer";"BAU";"%";2040;"0";"Sensitivity | Current policies | Removed diesel efficiency gains";"Hydrogen"
"OPEX";"Taxes";"PL";"Tax reduction";"Rigid";"BAU";"%";2040;"0";"Sensitivity | Current policies | Removed diesel efficiency gains";"Hydrogen"
"OPEX";"Taxes";"PL";"Tax reduction";"Tractor-Trailer";"BAU";"%";2040;"0";"Sensitivity | Current policies | Removed diesel efficiency gains";"Hydrogen"
"OPEX";"Taxes";"UK";"Tax reduction";"Rigid";"BAU";"%";2040;"0";"Sensitivity | Current policies | Removed diesel efficiency gains";"Hydrogen"
"OPEX";"Taxes";"UK";"Tax reduction";"Tractor-Trailer";"BAU";"%";2040;"0";"Sensitivity | Current policies | Removed diesel efficiency gains";"Hydrogen"
"OPEX";"Taxes";"DE";"Increasing grid fees";"Rigid";"PROG";"%";2040;"0.2";"Sensitivity | Current policies | Removed diesel efficiency gains";"Electricity"
"OPEX";"Taxes";"DE";"Increasing grid fees";"Tractor-Trailer";"PROG";"%";2040;"0.2";"Sensitivity | Current policies | Removed diesel efficiency gains";"Electricity"
"OPEX";"Taxes";"ES";"Increasing grid fees";"Rigid";"PROG";"%";2040;"0.2";"Sensitivity | Current policies | Removed diesel efficiency gains";"Electricity"
"OPEX";"Taxes";"ES";"Increasing grid fees";"Tractor-Trailer";"PROG";"%";2040;"0.2";"Sensitivity | Current policies | Removed diesel efficiency gains";"Electricity"
"OPEX";"Taxes";"FR";"Increasing grid fees";"Rigid";"PROG";"%";2040;"0.2";"Sensitivity | Current policies | Removed diesel efficiency gains";"Electricity"
"OPEX";"Taxes";"FR";"Increasing grid fees";"Tractor-Trailer";"PROG";"%";2040;"0.2";"Sensitivity | Current policies | Removed diesel efficiency gains";"Electricity"
"OPEX";"Taxes";"IT";"Increasing grid fees";"Rigid";"PROG";"%";2040;"0.2";"Sensitivity | Current policies | Removed diesel efficiency gains";"Electricity"
"OPEX";"Taxes";"IT";"Increasing grid fees";"Tractor-Trailer";"PROG";"%";2040;"0.2";"Sensitivity | Current policies | Removed diesel efficiency gains";"Electricity"
"OPEX";"Taxes";"NL";"Increasing grid fees";"Rigid";"PROG";"%";2040;"0.2";"Sensitivity | Current policies | Removed diesel efficiency gains";"Electricity"
"OPEX";"Taxes";"NL";"Increasing grid fees";"Tractor-Trailer";"PROG";"%";2040;"0.2";"Sensitivity | Current policies | Removed diesel efficiency gains";"Electricity"
"OPEX";"Taxes";"PL";"Increasing grid fees";"Rigid";"PROG";"%";2040;"0.2";"Sensitivity | Current policies | Removed diesel efficiency gains";"Electricity"
"OPEX";"Taxes";"PL";"Increasing grid fees";"Tractor-Trailer";"PROG";"%";2040;"0.2";"Sensitivity | Current policies | Removed diesel efficiency gains";"Electricity"
"OPEX";"Taxes";"UK";"Increasing grid fees";"Rigid";"PROG";"%";2040;"0.2";"Sensitivity | Current policies | Removed diesel efficiency gains";"Electricity"
"OPEX";"Taxes";"UK";"Increasing grid fees";"Tractor-Trailer";"PROG";"%";2040;"0.2";"Sensitivity | Current policies | Removed diesel efficiency gains";"Electricity"
"OPEX";"Taxes";"DE";"Increasing grid fees";"Rigid";"BAU";"%";2040;"0.333";"Sensitivity | Current policies | Removed diesel efficiency gains";"Electricity"
"OPEX";"Taxes";"DE";"Increasing grid fees";"Tractor-Trailer";"BAU";"%";2040;"0.333";"Sensitivity | Current policies | Removed diesel efficiency gains";"Electricity"
"OPEX";"Taxes";"ES";"Increasing grid fees";"Rigid";"BAU";"%";2040;"0.333";"Sensitivity | Current policies | Removed diesel efficiency gains";"Electricity"
"OPEX";"Taxes";"ES";"Increasing grid fees";"Tractor-Trailer";"BAU";"%";2040;"0.333";"Sensitivity | Current policies | Removed diesel efficiency gains";"Electricity"
"OPEX";"Taxes";"FR";"Increasing grid fees";"Rigid";"BAU";"%";2040;"0.333";"Sensitivity | Current policies | Removed diesel efficiency gains";"Electricity"
"OPEX";"Taxes";"FR";"Increasing grid fees";"Tractor-Trailer";"BAU";"%";2040;"0.333";"Sensitivity | Current policies | Removed diesel efficiency gains";"Electricity"
"OPEX";"Taxes";"IT";"Increasing grid fees";"Rigid";"BAU";"%";2040;"0.333";"Sensitivity | Current policies | Removed diesel efficiency gains";"Electricity"
"OPEX";"Taxes";"IT";"Increasing grid fees";"Tractor-Trailer";"BAU";"%";2040;"0.333";"Sensitivity | Current policies | Removed diesel efficiency gains";"Electricity"
"OPEX";"Taxes";"NL";"Increasing grid fees";"Rigid";"BAU";"%";2040;"0.333";"Sensitivity | Current policies | Removed diesel efficiency gains";"Electricity"
"OPEX";"Taxes";"NL";"Increasing grid fees";"Tractor-Trailer";"BAU";"%";2040;"0.333";"Sensitivity | Current policies | Removed diesel efficiency gains";"Electricity"
"OPEX";"Taxes";"PL";"Increasing grid fees";"Rigid";"BAU";"%";2040;"0.333";"Sensitivity | Current policies | Removed diesel efficiency gains";"Electricity"
"OPEX";"Taxes";"PL";"Increasing grid fees";"Tractor-Trailer";"BAU";"%";2040;"0.333";"Sensitivity | Current policies | Removed diesel efficiency gains";"Electricity"
"OPEX";"Taxes";"UK";"Increasing grid fees";"Rigid";"BAU";"%";2040;"0.333";"Sensitivity | Current policies | Removed diesel efficiency gains";"Electricity"
"OPEX";"Taxes";"UK";"Increasing grid fees";"Tractor-Trailer";"BAU";"%";2040;"0.333";"Sensitivity | Current policies | Removed diesel efficiency gains";"Electricity"
"OPEX";"Taxes";"DE";"Network Costs - MCS";"Rigid";"PROG";"EUR/kWh";2045;"0.026";"Sensitivity | Current policies | Removed diesel efficiency gains";"Electricity"
"OPEX";"Taxes";"DE";"Network Costs - MCS";"Tractor-Trailer";"PROG";"EUR/kWh";2045;"0.026";"Sensitivity | Current policies | Removed diesel efficiency gains";"Electricity"
"OPEX";"Taxes";"ES";"Network Costs - MCS";"Rigid";"PROG";"EUR/kWh";2045;"0.009";"Sensitivity | Current policies | Removed diesel efficiency gains";"Electricity"
"OPEX";"Taxes";"ES";"Network Costs - MCS";"Tractor-Trailer";"PROG";"EUR/kWh";2045;"0.009";"Sensitivity | Current policies | Removed diesel efficiency gains";"Electricity"
"OPEX";"Taxes";"FR";"Network Costs - MCS";"Rigid";"PROG";"EUR/kWh";2045;"0.014";"Sensitivity | Current policies | Removed diesel efficiency gains";"Electricity"
"OPEX";"Taxes";"FR";"Network Costs - MCS";"Tractor-Trailer";"PROG";"EUR/kWh";2045;"0.014";"Sensitivity | Current policies | Removed diesel efficiency gains";"Electricity"
"OPEX";"Taxes";"IT";"Network Costs - MCS";"Rigid";"PROG";"EUR/kWh";2045;"0.012";"Sensitivity | Current policies | Removed diesel efficiency gains";"Electricity"
"OPEX";"Taxes";"IT";"Network Costs - MCS";"Tractor-Trailer";"PROG";"EUR/kWh";2045;"0.012";"Sensitivity | Current policies | Removed diesel efficiency gains";"Electricity"
"OPEX";"Taxes";"NL";"Network Costs - MCS";"Rigid";"PROG";"EUR/kWh";2045;"0.015";"Sensitivity | Current policies | Removed diesel efficiency gains";"Electricity"
"OPEX";"Taxes";"NL";"Network Costs - MCS";"Tractor-Trailer";"PROG";"EUR/kWh";2045;"0.015";"Sensitivity | Current policies | Removed diesel efficiency gains";"Electricity"
"OPEX";"Taxes";"PL";"Network Costs - MCS";"Rigid";"PROG";"EUR/kWh";2045;"0.014";"Sensitivity | Current policies | Removed diesel efficiency gains";"Electricity"
"OPEX";"Taxes";"PL";"Network Costs - MCS";"Tractor-Trailer";"PROG";"EUR/kWh";2045;"0.014";"Sensitivity | Current policies | Removed diesel efficiency gains";"Electricity"
"OPEX";"Taxes";"UK";"Network Costs - MCS";"Rigid";"PROG";"EUR/kWh";2045;"0.018";"Sensitivity | Current policies | Removed diesel efficiency gains";"Electricity"
"OPEX";"Taxes";"UK";"Network Costs - MCS";"Tractor-Trailer";"PROG";"EUR/kWh";2045;"0.018";"Sensitivity | Current policies | Removed diesel efficiency gains";"Electricity"
"OPEX";"Taxes";"DE";"Taxes, Fees, Levies and charges - MCS";"Rigid";"PROG";"EUR/kWh";2045;"0.051";"Sensitivity | Current policies | Removed diesel efficiency gains";"Electricity"
"OPEX";"Taxes";"DE";"Taxes, Fees, Levies and charges - MCS";"Tractor-Trailer";"PROG";"EUR/kWh";2045;"0.051";"Sensitivity | Current policies | Removed diesel efficiency gains";"Electricity"
"OPEX";"Taxes";"ES";"Taxes, Fees, Levies and charges - MCS";"Rigid";"PROG";"EUR/kWh";2045;"0.026";"Sensitivity | Current policies | Removed diesel efficiency gains";"Electricity"
"OPEX";"Taxes";"ES";"Taxes, Fees, Levies and charges - MCS";"Tractor-Trailer";"PROG";"EUR/kWh";2045;"0.026";"Sensitivity | Current policies | Removed diesel efficiency gains";"Electricity"
"OPEX";"Taxes";"FR";"Taxes, Fees, Levies and charges - MCS";"Rigid";"PROG";"EUR/kWh";2045;"0.022";"Sensitivity | Current policies | Removed diesel efficiency gains";"Electricity"
"OPEX";"Taxes";"FR";"Taxes, Fees, Levies and charges - MCS";"Tractor-Trailer";"PROG";"EUR/kWh";2045;"0.022";"Sensitivity | Current policies | Removed diesel efficiency gains";"Electricity"
"OPEX";"Taxes";"IT";"Taxes, Fees, Levies and charges - MCS";"Rigid";"PROG";"EUR/kWh";2045;"0.034";"Sensitivity | Current policies | Removed diesel efficiency gains";"Electricity"
"OPEX";"Taxes";"IT";"Taxes, Fees, Levies and charges - MCS";"Tractor-Trailer";"PROG";"EUR/kWh";2045;"0.034";"Sensitivity | Current policies | Removed diesel efficiency gains";"Electricity"
"OPEX";"Taxes";"NL";"Taxes, Fees, Levies and charges - MCS";"Rigid";"PROG";"EUR/kWh";2045;"0.023";"Sensitivity | Current policies | Removed diesel efficiency gains";"Electricity"
"OPEX";"Taxes";"NL";"Taxes, Fees, Levies and charges - MCS";"Tractor-Trailer";"PROG";"EUR/kWh";2045;"0.023";"Sensitivity | Current policies | Removed diesel efficiency gains";"Electricity"
"OPEX";"Taxes";"PL";"Taxes, Fees, Levies and charges - MCS";"Rigid";"PROG";"EUR/kWh";2045;"0.045";"Sensitivity | Current policies | Removed diesel efficiency gains";"Electricity"
"OPEX";"Taxes";"PL";"Taxes, Fees, Levies and charges - MCS";"Tractor-Trailer";"PROG";"EUR/kWh";2045;"0.045";"Sensitivity | Current policies | Removed diesel efficiency gains";"Electricity"
"OPEX";"Taxes";"UK";"Taxes, Fees, Levies and charges - MCS";"Rigid";"PROG";"EUR/kWh";2045;"0.074";"Sensitivity | Current policies | Removed diesel efficiency gains";"Electricity"
"OPEX";"Taxes";"UK";"Taxes, Fees, Levies and charges - MCS";"Tractor-Trailer";"PROG";"EUR/kWh";2045;"0.074";"Sensitivity | Current policies | Removed diesel efficiency gains";"Electricity"
"OPEX";"Taxes";"DE";"Network Costs - Depot";"Rigid";"PROG";"EUR/kWh";2045;"0.034";"Sensitivity | Current policies | Removed diesel efficiency gains";"Electricity"
"OPEX";"Taxes";"DE";"Network Costs - Depot";"Tractor-Trailer";"PROG";"EUR/kWh";2045;"0.034";"Sensitivity | Current policies | Removed diesel efficiency gains";"Electricity"
"OPEX";"Taxes";"ES";"Network Costs - Depot";"Rigid";"PROG";"EUR/kWh";2045;"0.018";"Sensitivity | Current policies | Removed diesel efficiency gains";"Electricity"
"OPEX";"Taxes";"ES";"Network Costs - Depot";"Tractor-Trailer";"PROG";"EUR/kWh";2045;"0.018";"Sensitivity | Current policies | Removed diesel efficiency gains";"Electricity"
"OPEX";"Taxes";"FR";"Network Costs - Depot";"Rigid";"PROG";"EUR/kWh";2045;"0.018";"Sensitivity | Current policies | Removed diesel efficiency gains";"Electricity"
"OPEX";"Taxes";"FR";"Network Costs - Depot";"Tractor-Trailer";"PROG";"EUR/kWh";2045;"0.018";"Sensitivity | Current policies | Removed diesel efficiency gains";"Electricity"
"OPEX";"Taxes";"IT";"Network Costs - Depot";"Rigid";"PROG";"EUR/kWh";2045;"0.016";"Sensitivity | Current policies | Removed diesel efficiency gains";"Electricity"
"OPEX";"Taxes";"IT";"Network Costs - Depot";"Tractor-Trailer";"PROG";"EUR/kWh";2045;"0.016";"Sensitivity | Current policies | Removed diesel efficiency gains";"Electricity"
"OPEX";"Taxes";"NL";"Network Costs - Depot";"Rigid";"PROG";"EUR/kWh";2045;"0.016";"Sensitivity | Current policies | Removed diesel efficiency gains";"Electricity"
"OPEX";"Taxes";"NL";"Network Costs - Depot";"Tractor-Trailer";"PROG";"EUR/kWh";2045;"0.016";"Sensitivity | Current policies | Removed diesel efficiency gains";"Electricity"
"OPEX";"Taxes";"PL";"Network Costs - Depot";"Rigid";"PROG";"EUR/kWh";2045;"0.019";"Sensitivity | Current policies | Removed diesel efficiency gains";"Electricity"
"OPEX";"Taxes";"PL";"Network Costs - Depot";"Tractor-Trailer";"PROG";"EUR/kWh";2045;"0.019";"Sensitivity | Current policies | Removed diesel efficiency gains";"Electricity"
"OPEX";"Taxes";"UK";"Network Costs - Depot";"Rigid";"PROG";"EUR/kWh";2045;"0.027";"Sensitivity | Current policies | Removed diesel efficiency gains";"Electricity"
"OPEX";"Taxes";"UK";"Network Costs - Depot";"Tractor-Trailer";"PROG";"EUR/kWh";2045;"0.027";"Sensitivity | Current policies | Removed diesel efficiency gains";"Electricity"
"OPEX";"Taxes";"DE";"Taxes, Fees, Levies and charges - Depot";"Rigid";"PROG";"EUR/kWh";2045;"0.056";"Sensitivity | Current policies | Removed diesel efficiency gains";"Electricity"
"OPEX";"Taxes";"DE";"Taxes, Fees, Levies and charges - Depot";"Tractor-Trailer";"PROG";"EUR/kWh";2045;"0.056";"Sensitivity | Current policies | Removed diesel efficiency gains";"Electricity"
"OPEX";"Taxes";"ES";"Taxes, Fees, Levies and charges - Depot";"Rigid";"PROG";"EUR/kWh";2045;"0.036";"Sensitivity | Current policies | Removed diesel efficiency gains";"Electricity"
"OPEX";"Taxes";"ES";"Taxes, Fees, Levies and charges - Depot";"Tractor-Trailer";"PROG";"EUR/kWh";2045;"0.036";"Sensitivity | Current policies | Removed diesel efficiency gains";"Electricity"
"OPEX";"Taxes";"FR";"Taxes, Fees, Levies and charges - Depot";"Rigid";"PROG";"EUR/kWh";2045;"0.03";"Sensitivity | Current policies | Removed diesel efficiency gains";"Electricity"
"OPEX";"Taxes";"FR";"Taxes, Fees, Levies and charges - Depot";"Tractor-Trailer";"PROG";"EUR/kWh";2045;"0.03";"Sensitivity | Current policies | Removed diesel efficiency gains";"Electricity"
"OPEX";"Taxes";"IT";"Taxes, Fees, Levies and charges - Depot";"Rigid";"PROG";"EUR/kWh";2045;"0.063";"Sensitivity | Current policies | Removed diesel efficiency gains";"Electricity"
"OPEX";"Taxes";"IT";"Taxes, Fees, Levies and charges - Depot";"Tractor-Trailer";"PROG";"EUR/kWh";2045;"0.063";"Sensitivity | Current policies | Removed diesel efficiency gains";"Electricity"
"OPEX";"Taxes";"NL";"Taxes, Fees, Levies and charges - Depot";"Rigid";"PROG";"EUR/kWh";2045;"0.055";"Sensitivity | Current policies | Removed diesel efficiency gains";"Electricity"
"OPEX";"Taxes";"NL";"Taxes, Fees, Levies and charges - Depot";"Tractor-Trailer";"PROG";"EUR/kWh";2045;"0.055";"Sensitivity | Current policies | Removed diesel efficiency gains";"Electricity"
"OPEX";"Taxes";"PL";"Taxes, Fees, Levies and charges - Depot";"Rigid";"PROG";"EUR/kWh";2045;"0.049";"Sensitivity | Current policies | Removed diesel efficiency gains";"Electricity"
"OPEX";"Taxes";"PL";"Taxes, Fees, Levies and charges - Depot";"Tractor-Trailer";"PROG";"EUR/kWh";2045;"0.049";"Sensitivity | Current policies | Removed diesel efficiency gains";"Electricity"
"OPEX";"Taxes";"UK";"Taxes, Fees, Levies and charges - Depot";"Rigid";"PROG";"EUR/kWh";2045;"0.077";"Sensitivity | Current policies | Removed diesel efficiency gains";"Electricity"
"OPEX";"Taxes";"UK";"Taxes, Fees, Levies and charges - Depot";"Tractor-Trailer";"PROG";"EUR/kWh";2045;"0.077";"Sensitivity | Current policies | Removed diesel efficiency gains";"Electricity"
"OPEX";"H2 Infrastructure";"DE";"HRS costs";"Rigid";"PROG";"EUR/kg H2";2045;"0.65";"Sensitivity | Current policies | Removed diesel efficiency gains";"Hydrogen"
"OPEX";"H2 Infrastructure";"DE";"HRS costs";"Tractor-Trailer";"PROG";"EUR/kg H2";2045;"0.65";"Sensitivity | Current policies | Removed diesel efficiency gains";"Hydrogen"
"OPEX";"H2 Infrastructure";"ES";"HRS costs";"Rigid";"PROG";"EUR/kg H2";2045;"0.65";"Sensitivity | Current policies | Removed diesel efficiency gains";"Hydrogen"
"OPEX";"H2 Infrastructure";"ES";"HRS costs";"Tractor-Trailer";"PROG";"EUR/kg H2";2045;"0.65";"Sensitivity | Current policies | Removed diesel efficiency gains";"Hydrogen"
"OPEX";"H2 Infrastructure";"FR";"HRS costs";"Rigid";"PROG";"EUR/kg H2";2045;"0.65";"Sensitivity | Current policies | Removed diesel efficiency gains";"Hydrogen"
"OPEX";"H2 Infrastructure";"FR";"HRS costs";"Tractor-Trailer";"PROG";"EUR/kg H2";2045;"0.65";"Sensitivity | Current policies | Removed diesel efficiency gains";"Hydrogen"
"OPEX";"H2 Infrastructure";"IT";"HRS costs";"Rigid";"PROG";"EUR/kg H2";2045;"0.65";"Sensitivity | Current policies | Removed diesel efficiency gains";"Hydrogen"
"OPEX";"H2 Infrastructure";"IT";"HRS costs";"Tractor-Trailer";"PROG";"EUR/kg H2";2045;"0.65";"Sensitivity | Current policies | Removed diesel efficiency gains";"Hydrogen"
"OPEX";"H2 Infrastructure";"NL";"HRS costs";"Rigid";"PROG";"EUR/kg H2";2045;"0.65";"Sensitivity | Current policies | Removed diesel efficiency gains";"Hydrogen"
"OPEX";"H2 Infrastructure";"NL";"HRS costs";"Tractor-Trailer";"PROG";"EUR/kg H2";2045;"0.65";"Sensitivity | Current policies | Removed diesel efficiency gains";"Hydrogen"
"OPEX";"H2 Infrastructure";"PL";"HRS costs";"Rigid";"PROG";"EUR/kg H2";2045;"0.65";"Sensitivity | Current policies | Removed diesel efficiency gains";"Hydrogen"
"OPEX";"H2 Infrastructure";"PL";"HRS costs";"Tractor-Trailer";"PROG";"EUR/kg H2";2045;"0.65";"Sensitivity | Current policies | Removed diesel efficiency gains";"Hydrogen"
"OPEX";"H2 Infrastructure";"UK";"HRS costs";"Rigid";"PROG";"EUR/kg H2";2045;"0.65";"Sensitivity | Current policies | Removed diesel efficiency gains";"Hydrogen"
"OPEX";"H2 Infrastructure";"UK";"HRS costs";"Tractor-Trailer";"PROG";"EUR/kg H2";2045;"0.65";"Sensitivity | Current policies | Removed diesel efficiency gains";"Hydrogen"
"OPEX";"H2 Infrastructure";"DE";"H2 transport and distribution";"Rigid";"PROG";"EUR/kg H2";2045;"0.667";"Sensitivity | Current policies | Removed diesel efficiency gains";"Hydrogen"
"OPEX";"H2 Infrastructure";"DE";"H2 transport and distribution";"Tractor-Trailer";"PROG";"EUR/kg H2";2045;"0.667";"Sensitivity | Current policies | Removed diesel efficiency gains";"Hydrogen"
"OPEX";"H2 Infrastructure";"ES";"H2 transport and distribution";"Rigid";"PROG";"EUR/kg H2";2045;"0.667";"Sensitivity | Current policies | Removed diesel efficiency gains";"Hydrogen"
"OPEX";"H2 Infrastructure";"ES";"H2 transport and distribution";"Tractor-Trailer";"PROG";"EUR/kg H2";2045;"0.667";"Sensitivity | Current policies | Removed diesel efficiency gains";"Hydrogen"
"OPEX";"H2 Infrastructure";"FR";"H2 transport and distribution";"Rigid";"PROG";"EUR/kg H2";2045;"0.667";"Sensitivity | Current policies | Removed diesel efficiency gains";"Hydrogen"
"OPEX";"H2 Infrastructure";"FR";"H2 transport and distribution";"Tractor-Trailer";"PROG";"EUR/kg H2";2045;"0.667";"Sensitivity | Current policies | Removed diesel efficiency gains";"Hydrogen"
"OPEX";"H2 Infrastructure";"IT";"H2 transport and distribution";"Rigid";"PROG";"EUR/kg H2";2045;"0.667";"Sensitivity | Current policies | Removed diesel efficiency gains";"Hydrogen"
"OPEX";"H2 Infrastructure";"IT";"H2 transport and distribution";"Tractor-Trailer";"PROG";"EUR/kg H2";2045;"0.667";"Sensitivity | Current policies | Removed diesel efficiency gains";"Hydrogen"
"OPEX";"H2 Infrastructure";"NL";"H2 transport and distribution";"Rigid";"PROG";"EUR/kg H2";2045;"0.667";"Sensitivity | Current policies | Removed diesel efficiency gains";"Hydrogen"
"OPEX";"H2 Infrastructure";"NL";"H2 transport and distribution";"Tractor-Trailer";"PROG";"EUR/kg H2";2045;"0.667";"Sensitivity | Current policies | Removed diesel efficiency gains";"Hydrogen"
"OPEX";"H2 Infrastructure";"PL";"H2 transport and distribution";"Rigid";"PROG";"EUR/kg H2";2045;"0.667";"Sensitivity | Current policies | Removed diesel efficiency gains";"Hydrogen"
"OPEX";"H2 Infrastructure";"PL";"H2 transport and distribution";"Tractor-Trailer";"PROG";"EUR/kg H2";2045;"0.667";"Sensitivity | Current policies | Removed diesel efficiency gains";"Hydrogen"
"OPEX";"H2 Infrastructure";"UK";"H2 transport and distribution";"Rigid";"PROG";"EUR/kg H2";2045;"0.667";"Sensitivity | Current policies | Removed diesel efficiency gains";"Hydrogen"
"OPEX";"H2 Infrastructure";"UK";"H2 transport and distribution";"Tractor-Trailer";"PROG";"EUR/kg H2";2045;"0.667";"Sensitivity | Current policies | Removed diesel efficiency gains";"Hydrogen"
"OPEX";"H2 Infrastructure";"DE";"HRS Overhead, Profit and Mark-Up";"Rigid";"PROG";"EUR/kg H2";2045;"0.25";"Sensitivity | Current policies | Removed diesel efficiency gains";"Hydrogen"
"OPEX";"H2 Infrastructure";"DE";"HRS Overhead, Profit and Mark-Up";"Tractor-Trailer";"PROG";"EUR/kg H2";2045;"0.25";"Sensitivity | Current policies | Removed diesel efficiency gains";"Hydrogen"
"OPEX";"H2 Infrastructure";"ES";"HRS Overhead, Profit and Mark-Up";"Rigid";"PROG";"EUR/kg H2";2045;"0.25";"Sensitivity | Current policies | Removed diesel efficiency gains";"Hydrogen"
"OPEX";"H2 Infrastructure";"ES";"HRS Overhead, Profit and Mark-Up";"Tractor-Trailer";"PROG";"EUR/kg H2";2045;"0.25";"Sensitivity | Current policies | Removed diesel efficiency gains";"Hydrogen"
"OPEX";"H2 Infrastructure";"FR";"HRS Overhead, Profit and Mark-Up";"Rigid";"PROG";"EUR/kg H2";2045;"0.25";"Sensitivity | Current policies | Removed diesel efficiency gains";"Hydrogen"
"OPEX";"H2 Infrastructure";"FR";"HRS Overhead, Profit and Mark-Up";"Tractor-Trailer";"PROG";"EUR/kg H2";2045;"0.25";"Sensitivity | Current policies | Removed diesel efficiency gains";"Hydrogen"
"OPEX";"H2 Infrastructure";"IT";"HRS Overhead, Profit and Mark-Up";"Rigid";"PROG";"EUR/kg H2";2045;"0.25";"Sensitivity | Current policies | Removed diesel efficiency gains";"Hydrogen"
"OPEX";"H2 Infrastructure";"IT";"HRS Overhead, Profit and Mark-Up";"Tractor-Trailer";"PROG";"EUR/kg H2";2045;"0.25";"Sensitivity | Current policies | Removed diesel efficiency gains";"Hydrogen"
"OPEX";"H2 Infrastructure";"NL";"HRS Overhead, Profit and Mark-Up";"Rigid";"PROG";"EUR/kg H2";2045;"0.25";"Sensitivity | Current policies | Removed diesel efficiency gains";"Hydrogen"
"OPEX";"H2 Infrastructure";"NL";"HRS Overhead, Profit and Mark-Up";"Tractor-Trailer";"PROG";"EUR/kg H2";2045;"0.25";"Sensitivity | Current policies | Removed diesel efficiency gains";"Hydrogen"
"OPEX";"H2 Infrastructure";"PL";"HRS Overhead, Profit and Mark-Up";"Rigid";"PROG";"EUR/kg H2";2045;"0.25";"Sensitivity | Current policies | Removed diesel efficiency gains";"Hydrogen"
"OPEX";"H2 Infrastructure";"PL";"HRS Overhead, Profit and Mark-Up";"Tractor-Trailer";"PROG";"EUR/kg H2";2045;"0.25";"Sensitivity | Current policies | Removed diesel efficiency gains";"Hydrogen"
"OPEX";"H2 Infrastructure";"UK";"HRS Overhead, Profit and Mark-Up";"Rigid";"PROG";"EUR/kg H2";2045;"0.25";"Sensitivity | Current policies | Removed diesel efficiency gains";"Hydrogen"
"OPEX";"H2 Infrastructure";"UK";"HRS Overhead, Profit and Mark-Up";"Tractor-Trailer";"PROG";"EUR/kg H2";2045;"0.25";"Sensitivity | Current policies | Removed diesel efficiency gains";"Hydrogen"
"OPEX";"Charging Infrastructure";"DE";"MCS Station (Public Charging) - Incl. Overhead";"Rigid";"PROG";"EUR/kWh";2045;"0.015";"Sensitivity | Current policies | Removed diesel efficiency gains";"Electricity"
"OPEX";"Charging Infrastructure";"DE";"MCS Station (Public Charging) - Incl. Overhead";"Tractor-Trailer";"PROG";"EUR/kWh";2045;"0.015";"Sensitivity | Current policies | Removed diesel efficiency gains";"Electricity"
"OPEX";"Charging Infrastructure";"ES";"MCS Station (Public Charging) - Incl. Overhead";"Rigid";"PROG";"EUR/kWh";2045;"0.015";"Sensitivity | Current policies | Removed diesel efficiency gains";"Electricity"
"OPEX";"Charging Infrastructure";"ES";"MCS Station (Public Charging) - Incl. Overhead";"Tractor-Trailer";"PROG";"EUR/kWh";2045;"0.015";"Sensitivity | Current policies | Removed diesel efficiency gains";"Electricity"
"OPEX";"Charging Infrastructure";"FR";"MCS Station (Public Charging) - Incl. Overhead";"Rigid";"PROG";"EUR/kWh";2045;"0.015";"Sensitivity | Current policies | Removed diesel efficiency gains";"Electricity"
"OPEX";"Charging Infrastructure";"FR";"MCS Station (Public Charging) - Incl. Overhead";"Tractor-Trailer";"PROG";"EUR/kWh";2045;"0.015";"Sensitivity | Current policies | Removed diesel efficiency gains";"Electricity"
"OPEX";"Charging Infrastructure";"IT";"MCS Station (Public Charging) - Incl. Overhead";"Rigid";"PROG";"EUR/kWh";2045;"0.015";"Sensitivity | Current policies | Removed diesel efficiency gains";"Electricity"
"OPEX";"Charging Infrastructure";"IT";"MCS Station (Public Charging) - Incl. Overhead";"Tractor-Trailer";"PROG";"EUR/kWh";2045;"0.015";"Sensitivity | Current policies | Removed diesel efficiency gains";"Electricity"
"OPEX";"Charging Infrastructure";"NL";"MCS Station (Public Charging) - Incl. Overhead";"Rigid";"PROG";"EUR/kWh";2045;"0.015";"Sensitivity | Current policies | Removed diesel efficiency gains";"Electricity"
"OPEX";"Charging Infrastructure";"NL";"MCS Station (Public Charging) - Incl. Overhead";"Tractor-Trailer";"PROG";"EUR/kWh";2045;"0.015";"Sensitivity | Current policies | Removed diesel efficiency gains";"Electricity"
"OPEX";"Charging Infrastructure";"PL";"MCS Station (Public Charging) - Incl. Overhead";"Rigid";"PROG";"EUR/kWh";2045;"0.015";"Sensitivity | Current policies | Removed diesel efficiency gains";"Electricity"
"OPEX";"Charging Infrastructure";"PL";"MCS Station (Public Charging) - Incl. Overhead";"Tractor-Trailer";"PROG";"EUR/kWh";2045;"0.015";"Sensitivity | Current policies | Removed diesel efficiency gains";"Electricity"
"OPEX";"Charging Infrastructure";"UK";"MCS Station (Public Charging) - Incl. Overhead";"Rigid";"PROG";"EUR/kWh";2045;"0.015";"Sensitivity | Current policies | Removed diesel efficiency gains";"Electricity"
"OPEX";"Charging Infrastructure";"UK";"MCS Station (Public Charging) - Incl. Overhead";"Tractor-Trailer";"PROG";"EUR/kWh";2045;"0.015";"Sensitivity | Current policies | Removed diesel efficiency gains";"Electricity"
"OPEX";"Charging Infrastructure";"DE";"Share MCS-Charging";"Rigid";"PROG";"%";2045;"0.2";"Sensitivity | Current policies | Removed diesel efficiency gains";"Electricity"
"OPEX";"Charging Infrastructure";"DE";"Share MCS-Charging";"Tractor-Trailer";"PROG";"%";2045;"0.2";"Sensitivity | Current policies | Removed diesel efficiency gains";"Electricity"
"OPEX";"Charging Infrastructure";"ES";"Share MCS-Charging";"Rigid";"PROG";"%";2045;"0.2";"Sensitivity | Current policies | Removed diesel efficiency gains";"Electricity"
"OPEX";"Charging Infrastructure";"ES";"Share MCS-Charging";"Tractor-Trailer";"PROG";"%";2045;"0.2";"Sensitivity | Current policies | Removed diesel efficiency gains";"Electricity"
"OPEX";"Charging Infrastructure";"FR";"Share MCS-Charging";"Rigid";"PROG";"%";2045;"0.2";"Sensitivity | Current policies | Removed diesel efficiency gains";"Electricity"
"OPEX";"Charging Infrastructure";"FR";"Share MCS-Charging";"Tractor-Trailer";"PROG";"%";2045;"0.2";"Sensitivity | Current policies | Removed diesel efficiency gains";"Electricity"
"OPEX";"Charging Infrastructure";"IT";"Share MCS-Charging";"Rigid";"PROG";"%";2045;"0.2";"Sensitivity | Current policies | Removed diesel efficiency gains";"Electricity"
"OPEX";"Charging Infrastructure";"IT";"Share MCS-Charging";"Tractor-Trailer";"PROG";"%";2045;"0.2";"Sensitivity | Current policies | Removed diesel efficiency gains";"Electricity"
"OPEX";"Charging Infrastructure";"NL";"Share MCS-Charging";"Rigid";"PROG";"%";2045;"0.2";"Sensitivity | Current policies | Removed diesel efficiency gains";"Electricity"
"OPEX";"Charging Infrastructure";"NL";"Share MCS-Charging";"Tractor-Trailer";"PROG";"%";2045;"0.2";"Sensitivity | Current policies | Removed diesel efficiency gains";"Electricity"
"OPEX";"Charging Infrastructure";"PL";"Share MCS-Charging";"Rigid";"PROG";"%";2045;"0.2";"Sensitivity | Current policies | Removed diesel efficiency gains";"Electricity"
"OPEX";"Charging Infrastructure";"PL";"Share MCS-Charging";"Tractor-Trailer";"PROG";"%";2045;"0.2";"Sensitivity | Current policies | Removed diesel efficiency gains";"Electricity"
"OPEX";"Charging Infrastructure";"UK";"Share MCS-Charging";"Rigid";"PROG";"%";2045;"0.2";"Sensitivity | Current policies | Removed diesel efficiency gains";"Electricity"
"OPEX";"Charging Infrastructure";"UK";"Share MCS-Charging";"Tractor-Trailer";"PROG";"%";2045;"0.2";"Sensitivity | Current policies | Removed diesel efficiency gains";"Electricity"
"OPEX";"Charging Infrastructure";"DE";"Depot - Network fees savings potential";"Rigid";"PROG";"EUR/kWh";2045;"-0.01";"Sensitivity | Current policies | Removed diesel efficiency gains";"Electricity"
"OPEX";"Charging Infrastructure";"DE";"Depot - Network fees savings potential";"Tractor-Trailer";"PROG";"EUR/kWh";2045;"-0.01";"Sensitivity | Current policies | Removed diesel efficiency gains";"Electricity"
"OPEX";"Charging Infrastructure";"ES";"Depot - Network fees savings potential";"Rigid";"PROG";"EUR/kWh";2045;"-0.01";"Sensitivity | Current policies | Removed diesel efficiency gains";"Electricity"
"OPEX";"Charging Infrastructure";"ES";"Depot - Network fees savings potential";"Tractor-Trailer";"PROG";"EUR/kWh";2045;"-0.01";"Sensitivity | Current policies | Removed diesel efficiency gains";"Electricity"
"OPEX";"Charging Infrastructure";"FR";"Depot - Network fees savings potential";"Rigid";"PROG";"EUR/kWh";2045;"-0.01";"Sensitivity | Current policies | Removed diesel efficiency gains";"Electricity"
"OPEX";"Charging Infrastructure";"FR";"Depot - Network fees savings potential";"Tractor-Trailer";"PROG";"EUR/kWh";2045;"-0.01";"Sensitivity | Current policies | Removed diesel efficiency gains";"Electricity"
"OPEX";"Charging Infrastructure";"IT";"Depot - Network fees savings potential";"Rigid";"PROG";"EUR/kWh";2045;"-0.01";"Sensitivity | Current policies | Removed diesel efficiency gains";"Electricity"
"OPEX";"Charging Infrastructure";"IT";"Depot - Network fees savings potential";"Tractor-Trailer";"PROG";"EUR/kWh";2045;"-0.01";"Sensitivity | Current policies | Removed diesel efficiency gains";"Electricity"
"OPEX";"Charging Infrastructure";"NL";"Depot - Network fees savings potential";"Rigid";"PROG";"EUR/kWh";2045;"-0.01";"Sensitivity | Current policies | Removed diesel efficiency gains";"Electricity"
"OPEX";"Charging Infrastructure";"NL";"Depot - Network fees savings potential";"Tractor-Trailer";"PROG";"EUR/kWh";2045;"-0.01";"Sensitivity | Current policies | Removed diesel efficiency gains";"Electricity"
"OPEX";"Charging Infrastructure";"PL";"Depot - Network fees savings potential";"Rigid";"PROG";"EUR/kWh";2045;"-0.01";"Sensitivity | Current policies | Removed diesel efficiency gains";"Electricity"
"OPEX";"Charging Infrastructure";"PL";"Depot - Network fees savings potential";"Tractor-Trailer";"PROG";"EUR/kWh";2045;"-0.01";"Sensitivity | Current policies | Removed diesel efficiency gains";"Electricity"
"OPEX";"Charging Infrastructure";"UK";"Depot - Network fees savings potential";"Rigid";"PROG";"EUR/kWh";2045;"-0.01";"Sensitivity | Current policies | Removed diesel efficiency gains";"Electricity"
"OPEX";"Charging Infrastructure";"UK";"Depot - Network fees savings potential";"Tractor-Trailer";"PROG";"EUR/kWh";2045;"-0.01";"Sensitivity | Current policies | Removed diesel efficiency gains";"Electricity"
"OPEX";"Taxes";"DE";"Tax reduction";"Rigid";"PROG";"%";2045;"0";"Sensitivity | Current policies | Removed diesel efficiency gains";"Hydrogen"
"OPEX";"Taxes";"DE";"Tax reduction";"Tractor-Trailer";"PROG";"%";2045;"0";"Sensitivity | Current policies | Removed diesel efficiency gains";"Hydrogen"
"OPEX";"Taxes";"ES";"Tax reduction";"Rigid";"PROG";"%";2045;"0";"Sensitivity | Current policies | Removed diesel efficiency gains";"Hydrogen"
"OPEX";"Taxes";"ES";"Tax reduction";"Tractor-Trailer";"PROG";"%";2045;"0";"Sensitivity | Current policies | Removed diesel efficiency gains";"Hydrogen"
"OPEX";"Taxes";"FR";"Tax reduction";"Rigid";"PROG";"%";2045;"0";"Sensitivity | Current policies | Removed diesel efficiency gains";"Hydrogen"
"OPEX";"Taxes";"FR";"Tax reduction";"Tractor-Trailer";"PROG";"%";2045;"0";"Sensitivity | Current policies | Removed diesel efficiency gains";"Hydrogen"
"OPEX";"Taxes";"IT";"Tax reduction";"Rigid";"PROG";"%";2045;"0";"Sensitivity | Current policies | Removed diesel efficiency gains";"Hydrogen"
"OPEX";"Taxes";"IT";"Tax reduction";"Tractor-Trailer";"PROG";"%";2045;"0";"Sensitivity | Current policies | Removed diesel efficiency gains";"Hydrogen"
"OPEX";"Taxes";"NL";"Tax reduction";"Rigid";"PROG";"%";2045;"0";"Sensitivity | Current policies | Removed diesel efficiency gains";"Hydrogen"
"OPEX";"Taxes";"NL";"Tax reduction";"Tractor-Trailer";"PROG";"%";2045;"0";"Sensitivity | Current policies | Removed diesel efficiency gains";"Hydrogen"
"OPEX";"Taxes";"PL";"Tax reduction";"Rigid";"PROG";"%";2045;"0";"Sensitivity | Current policies | Removed diesel efficiency gains";"Hydrogen"
"OPEX";"Taxes";"PL";"Tax reduction";"Tractor-Trailer";"PROG";"%";2045;"0";"Sensitivity | Current policies | Removed diesel efficiency gains";"Hydrogen"
"OPEX";"Taxes";"UK";"Tax reduction";"Rigid";"PROG";"%";2045;"0";"Sensitivity | Current policies | Removed diesel efficiency gains";"Hydrogen"
"OPEX";"Taxes";"UK";"Tax reduction";"Tractor-Trailer";"PROG";"%";2045;"0";"Sensitivity | Current policies | Removed diesel efficiency gains";"Hydrogen"
"OPEX";"Taxes";"DE";"Excise Duty - Diesel";"Rigid";"BAU";"EUR/kWh";2045;"0.047";"Sensitivity | Current policies | Removed diesel efficiency gains";"Diesel"
"OPEX";"Taxes";"DE";"Excise Duty - Diesel";"Tractor-Trailer";"BAU";"EUR/kWh";2045;"0.047";"Sensitivity | Current policies | Removed diesel efficiency gains";"Diesel"
"OPEX";"Taxes";"DE";"Excise Duty - Diesel";"Rigid";"PROG";"EUR/kWh";2045;"0.047";"Sensitivity | Current policies | Removed diesel efficiency gains";"Diesel"
"OPEX";"Taxes";"DE";"Excise Duty - Diesel";"Tractor-Trailer";"PROG";"EUR/kWh";2045;"0.047";"Sensitivity | Current policies | Removed diesel efficiency gains";"Diesel"
"OPEX";"Taxes";"ES";"Excise Duty - Diesel";"Rigid";"BAU";"EUR/kWh";2045;"0.038";"Sensitivity | Current policies | Removed diesel efficiency gains";"Diesel"
"OPEX";"Taxes";"ES";"Excise Duty - Diesel";"Tractor-Trailer";"BAU";"EUR/kWh";2045;"0.038";"Sensitivity | Current policies | Removed diesel efficiency gains";"Diesel"
"OPEX";"Taxes";"ES";"Excise Duty - Diesel";"Rigid";"PROG";"EUR/kWh";2045;"0.038";"Sensitivity | Current policies | Removed diesel efficiency gains";"Diesel"
"OPEX";"Taxes";"ES";"Excise Duty - Diesel";"Tractor-Trailer";"PROG";"EUR/kWh";2045;"0.038";"Sensitivity | Current policies | Removed diesel efficiency gains";"Diesel"
"OPEX";"Taxes";"FR";"Excise Duty - Diesel";"Rigid";"BAU";"EUR/kWh";2045;"0.06";"Sensitivity | Current policies | Removed diesel efficiency gains";"Diesel"
"OPEX";"Taxes";"FR";"Excise Duty - Diesel";"Tractor-Trailer";"BAU";"EUR/kWh";2045;"0.06";"Sensitivity | Current policies | Removed diesel efficiency gains";"Diesel"
"OPEX";"Taxes";"FR";"Excise Duty - Diesel";"Rigid";"PROG";"EUR/kWh";2045;"0.06";"Sensitivity | Current policies | Removed diesel efficiency gains";"Diesel"
"OPEX";"Taxes";"FR";"Excise Duty - Diesel";"Tractor-Trailer";"PROG";"EUR/kWh";2045;"0.06";"Sensitivity | Current policies | Removed diesel efficiency gains";"Diesel"
"OPEX";"Taxes";"IT";"Excise Duty - Diesel";"Rigid";"BAU";"EUR/kWh";2045;"0.062";"Sensitivity | Current policies | Removed diesel efficiency gains";"Diesel"
"OPEX";"Taxes";"IT";"Excise Duty - Diesel";"Tractor-Trailer";"BAU";"EUR/kWh";2045;"0.062";"Sensitivity | Current policies | Removed diesel efficiency gains";"Diesel"
"OPEX";"Taxes";"IT";"Excise Duty - Diesel";"Rigid";"PROG";"EUR/kWh";2045;"0.062";"Sensitivity | Current policies | Removed diesel efficiency gains";"Diesel"
"OPEX";"Taxes";"IT";"Excise Duty - Diesel";"Tractor-Trailer";"PROG";"EUR/kWh";2045;"0.062";"Sensitivity | Current policies | Removed diesel efficiency gains";"Diesel"
"OPEX";"Taxes";"NL";"Excise Duty - Diesel";"Rigid";"BAU";"EUR/kWh";2045;"0.053";"Sensitivity | Current policies | Removed diesel efficiency gains";"Diesel"
"OPEX";"Taxes";"NL";"Excise Duty - Diesel";"Tractor-Trailer";"BAU";"EUR/kWh";2045;"0.053";"Sensitivity | Current policies | Removed diesel efficiency gains";"Diesel"
"OPEX";"Taxes";"NL";"Excise Duty - Diesel";"Rigid";"PROG";"EUR/kWh";2045;"0.053";"Sensitivity | Current policies | Removed diesel efficiency gains";"Diesel"
"OPEX";"Taxes";"NL";"Excise Duty - Diesel";"Tractor-Trailer";"PROG";"EUR/kWh";2045;"0.053";"Sensitivity | Current policies | Removed diesel efficiency gains";"Diesel"
"OPEX";"Taxes";"PL";"Excise Duty - Diesel";"Rigid";"BAU";"EUR/kWh";2045;"0.033";"Sensitivity | Current policies | Removed diesel efficiency gains";"Diesel"
"OPEX";"Taxes";"PL";"Excise Duty - Diesel";"Tractor-Trailer";"BAU";"EUR/kWh";2045;"0.033";"Sensitivity | Current policies | Removed diesel efficiency gains";"Diesel"
"OPEX";"Taxes";"PL";"Excise Duty - Diesel";"Rigid";"PROG";"EUR/kWh";2045;"0.033";"Sensitivity | Current policies | Removed diesel efficiency gains";"Diesel"
"OPEX";"Taxes";"PL";"Excise Duty - Diesel";"Tractor-Trailer";"PROG";"EUR/kWh";2045;"0.033";"Sensitivity | Current policies | Removed diesel efficiency gains";"Diesel"
"OPEX";"Taxes";"UK";"Excise Duty - Diesel";"Rigid";"BAU";"EUR/kWh";2045;"0.053";"Sensitivity | Current policies | Removed diesel efficiency gains";"Diesel"
"OPEX";"Taxes";"UK";"Excise Duty - Diesel";"Tractor-Trailer";"BAU";"EUR/kWh";2045;"0.053";"Sensitivity | Current policies | Removed diesel efficiency gains";"Diesel"
"OPEX";"Taxes";"UK";"Excise Duty - Diesel";"Rigid";"PROG";"EUR/kWh";2045;"0.053";"Sensitivity | Current policies | Removed diesel efficiency gains";"Diesel"
"OPEX";"Taxes";"UK";"Excise Duty - Diesel";"Tractor-Trailer";"PROG";"EUR/kWh";2045;"0.053";"Sensitivity | Current policies | Removed diesel efficiency gains";"Diesel"
"OPEX";"Taxes";"DE";"Excise Duty - Reduction biodiesel";"Rigid";"BAU";"%";2045;"0.5";"Sensitivity | Current policies | Removed diesel efficiency gains";"Diesel"
"OPEX";"Taxes";"DE";"Excise Duty - Reduction biodiesel";"Tractor-Trailer";"BAU";"%";2045;"0.5";"Sensitivity | Current policies | Removed diesel efficiency gains";"Diesel"
"OPEX";"Taxes";"DE";"Excise Duty - Reduction biodiesel";"Rigid";"PROG";"%";2045;"0.5";"Sensitivity | Current policies | Removed diesel efficiency gains";"Diesel"
"OPEX";"Taxes";"DE";"Excise Duty - Reduction biodiesel";"Tractor-Trailer";"PROG";"%";2045;"0.5";"Sensitivity | Current policies | Removed diesel efficiency gains";"Diesel"
"OPEX";"Taxes";"ES";"Excise Duty - Reduction biodiesel";"Rigid";"BAU";"%";2045;"0.5";"Sensitivity | Current policies | Removed diesel efficiency gains";"Diesel"
"OPEX";"Taxes";"ES";"Excise Duty - Reduction biodiesel";"Tractor-Trailer";"BAU";"%";2045;"0.5";"Sensitivity | Current policies | Removed diesel efficiency gains";"Diesel"
"OPEX";"Taxes";"ES";"Excise Duty - Reduction biodiesel";"Rigid";"PROG";"%";2045;"0.5";"Sensitivity | Current policies | Removed diesel efficiency gains";"Diesel"
"OPEX";"Taxes";"ES";"Excise Duty - Reduction biodiesel";"Tractor-Trailer";"PROG";"%";2045;"0.5";"Sensitivity | Current policies | Removed diesel efficiency gains";"Diesel"
"OPEX";"Taxes";"FR";"Excise Duty - Reduction biodiesel";"Rigid";"BAU";"%";2045;"0.5";"Sensitivity | Current policies | Removed diesel efficiency gains";"Diesel"
"OPEX";"Taxes";"FR";"Excise Duty - Reduction biodiesel";"Tractor-Trailer";"BAU";"%";2045;"0.5";"Sensitivity | Current policies | Removed diesel efficiency gains";"Diesel"
"OPEX";"Taxes";"FR";"Excise Duty - Reduction biodiesel";"Rigid";"PROG";"%";2045;"0.5";"Sensitivity | Current policies | Removed diesel efficiency gains";"Diesel"
"OPEX";"Taxes";"FR";"Excise Duty - Reduction biodiesel";"Tractor-Trailer";"PROG";"%";2045;"0.5";"Sensitivity | Current policies | Removed diesel efficiency gains";"Diesel"
"OPEX";"Taxes";"IT";"Excise Duty - Reduction biodiesel";"Rigid";"BAU";"%";2045;"0.5";"Sensitivity | Current policies | Removed diesel efficiency gains";"Diesel"
"OPEX";"Taxes";"IT";"Excise Duty - Reduction biodiesel";"Tractor-Trailer";"BAU";"%";2045;"0.5";"Sensitivity | Current policies | Removed diesel efficiency gains";"Diesel"
"OPEX";"Taxes";"IT";"Excise Duty - Reduction biodiesel";"Rigid";"PROG";"%";2045;"0.5";"Sensitivity | Current policies | Removed diesel efficiency gains";"Diesel"
"OPEX";"Taxes";"IT";"Excise Duty - Reduction biodiesel";"Tractor-Trailer";"PROG";"%";2045;"0.5";"Sensitivity | Current policies | Removed diesel efficiency gains";"Diesel"
"OPEX";"Taxes";"NL";"Excise Duty - Reduction biodiesel";"Rigid";"BAU";"%";2045;"0.5";"Sensitivity | Current policies | Removed diesel efficiency gains";"Diesel"
"OPEX";"Taxes";"NL";"Excise Duty - Reduction biodiesel";"Tractor-Trailer";"BAU";"%";2045;"0.5";"Sensitivity | Current policies | Removed diesel efficiency gains";"Diesel"
"OPEX";"Taxes";"NL";"Excise Duty - Reduction biodiesel";"Rigid";"PROG";"%";2045;"0.5";"Sensitivity | Current policies | Removed diesel efficiency gains";"Diesel"
"OPEX";"Taxes";"NL";"Excise Duty - Reduction biodiesel";"Tractor-Trailer";"PROG";"%";2045;"0.5";"Sensitivity | Current policies | Removed diesel efficiency gains";"Diesel"
"OPEX";"Taxes";"PL";"Excise Duty - Reduction biodiesel";"Rigid";"BAU";"%";2045;"0.5";"Sensitivity | Current policies | Removed diesel efficiency gains";"Diesel"
"OPEX";"Taxes";"PL";"Excise Duty - Reduction biodiesel";"Tractor-Trailer";"BAU";"%";2045;"0.5";"Sensitivity | Current policies | Removed diesel efficiency gains";"Diesel"
"OPEX";"Taxes";"PL";"Excise Duty - Reduction biodiesel";"Rigid";"PROG";"%";2045;"0.5";"Sensitivity | Current policies | Removed diesel efficiency gains";"Diesel"
"OPEX";"Taxes";"PL";"Excise Duty - Reduction biodiesel";"Tractor-Trailer";"PROG";"%";2045;"0.5";"Sensitivity | Current policies | Removed diesel efficiency gains";"Diesel"
"OPEX";"Taxes";"UK";"Excise Duty - Reduction biodiesel";"Rigid";"BAU";"%";2045;"0.5";"Sensitivity | Current policies | Removed diesel efficiency gains";"Diesel"
"OPEX";"Taxes";"UK";"Excise Duty - Reduction biodiesel";"Tractor-Trailer";"BAU";"%";2045;"0.5";"Sensitivity | Current policies | Removed diesel efficiency gains";"Diesel"
"OPEX";"Taxes";"UK";"Excise Duty - Reduction biodiesel";"Rigid";"PROG";"%";2045;"0.5";"Sensitivity | Current policies | Removed diesel efficiency gains";"Diesel"
"OPEX";"Taxes";"UK";"Excise Duty - Reduction biodiesel";"Tractor-Trailer";"PROG";"%";2045;"0.5";"Sensitivity | Current policies | Removed diesel efficiency gains";"Diesel"
"OPEX";"Taxes";"DE";"Excise Duty - Reduction Synthetic Diesel (E-Fuels)";"Rigid";"BAU";"%";2045;"0.5";"Sensitivity | Current policies | Removed diesel efficiency gains";"Diesel"
"OPEX";"Taxes";"DE";"Excise Duty - Reduction Synthetic Diesel (E-Fuels)";"Tractor-Trailer";"BAU";"%";2045;"0.5";"Sensitivity | Current policies | Removed diesel efficiency gains";"Diesel"
"OPEX";"Taxes";"DE";"Excise Duty - Reduction Synthetic Diesel (E-Fuels)";"Rigid";"PROG";"%";2045;"0.5";"Sensitivity | Current policies | Removed diesel efficiency gains";"Diesel"
"OPEX";"Taxes";"DE";"Excise Duty - Reduction Synthetic Diesel (E-Fuels)";"Tractor-Trailer";"PROG";"%";2045;"0.5";"Sensitivity | Current policies | Removed diesel efficiency gains";"Diesel"
"OPEX";"Taxes";"ES";"Excise Duty - Reduction Synthetic Diesel (E-Fuels)";"Rigid";"BAU";"%";2045;"0.5";"Sensitivity | Current policies | Removed diesel efficiency gains";"Diesel"
"OPEX";"Taxes";"ES";"Excise Duty - Reduction Synthetic Diesel (E-Fuels)";"Tractor-Trailer";"BAU";"%";2045;"0.5";"Sensitivity | Current policies | Removed diesel efficiency gains";"Diesel"
"OPEX";"Taxes";"ES";"Excise Duty - Reduction Synthetic Diesel (E-Fuels)";"Rigid";"PROG";"%";2045;"0.5";"Sensitivity | Current policies | Removed diesel efficiency gains";"Diesel"
"OPEX";"Taxes";"ES";"Excise Duty - Reduction Synthetic Diesel (E-Fuels)";"Tractor-Trailer";"PROG";"%";2045;"0.5";"Sensitivity | Current policies | Removed diesel efficiency gains";"Diesel"
"OPEX";"Taxes";"FR";"Excise Duty - Reduction Synthetic Diesel (E-Fuels)";"Rigid";"BAU";"%";2045;"0.5";"Sensitivity | Current policies | Removed diesel efficiency gains";"Diesel"
"OPEX";"Taxes";"FR";"Excise Duty - Reduction Synthetic Diesel (E-Fuels)";"Tractor-Trailer";"BAU";"%";2045;"0.5";"Sensitivity | Current policies | Removed diesel efficiency gains";"Diesel"
"OPEX";"Taxes";"FR";"Excise Duty - Reduction Synthetic Diesel (E-Fuels)";"Rigid";"PROG";"%";2045;"0.5";"Sensitivity | Current policies | Removed diesel efficiency gains";"Diesel"
"OPEX";"Taxes";"FR";"Excise Duty - Reduction Synthetic Diesel (E-Fuels)";"Tractor-Trailer";"PROG";"%";2045;"0.5";"Sensitivity | Current policies | Removed diesel efficiency gains";"Diesel"
"OPEX";"Taxes";"IT";"Excise Duty - Reduction Synthetic Diesel (E-Fuels)";"Rigid";"BAU";"%";2045;"0.5";"Sensitivity | Current policies | Removed diesel efficiency gains";"Diesel"
"OPEX";"Taxes";"IT";"Excise Duty - Reduction Synthetic Diesel (E-Fuels)";"Tractor-Trailer";"BAU";"%";2045;"0.5";"Sensitivity | Current policies | Removed diesel efficiency gains";"Diesel"
"OPEX";"Taxes";"IT";"Excise Duty - Reduction Synthetic Diesel (E-Fuels)";"Rigid";"PROG";"%";2045;"0.5";"Sensitivity | Current policies | Removed diesel efficiency gains";"Diesel"
"OPEX";"Taxes";"IT";"Excise Duty - Reduction Synthetic Diesel (E-Fuels)";"Tractor-Trailer";"PROG";"%";2045;"0.5";"Sensitivity | Current policies | Removed diesel efficiency gains";"Diesel"
"OPEX";"Taxes";"NL";"Excise Duty - Reduction Synthetic Diesel (E-Fuels)";"Rigid";"BAU";"%";2045;"0.5";"Sensitivity | Current policies | Removed diesel efficiency gains";"Diesel"
"OPEX";"Taxes";"NL";"Excise Duty - Reduction Synthetic Diesel (E-Fuels)";"Tractor-Trailer";"BAU";"%";2045;"0.5";"Sensitivity | Current policies | Removed diesel efficiency gains";"Diesel"
"OPEX";"Taxes";"NL";"Excise Duty - Reduction Synthetic Diesel (E-Fuels)";"Rigid";"PROG";"%";2045;"0.5";"Sensitivity | Current policies | Removed diesel efficiency gains";"Diesel"
"OPEX";"Taxes";"NL";"Excise Duty - Reduction Synthetic Diesel (E-Fuels)";"Tractor-Trailer";"PROG";"%";2045;"0.5";"Sensitivity | Current policies | Removed diesel efficiency gains";"Diesel"
"OPEX";"Taxes";"PL";"Excise Duty - Reduction Synthetic Diesel (E-Fuels)";"Rigid";"BAU";"%";2045;"0.5";"Sensitivity | Current policies | Removed diesel efficiency gains";"Diesel"
"OPEX";"Taxes";"PL";"Excise Duty - Reduction Synthetic Diesel (E-Fuels)";"Tractor-Trailer";"BAU";"%";2045;"0.5";"Sensitivity | Current policies | Removed diesel efficiency gains";"Diesel"
"OPEX";"Taxes";"PL";"Excise Duty - Reduction Synthetic Diesel (E-Fuels)";"Rigid";"PROG";"%";2045;"0.5";"Sensitivity | Current policies | Removed diesel efficiency gains";"Diesel"
"OPEX";"Taxes";"PL";"Excise Duty - Reduction Synthetic Diesel (E-Fuels)";"Tractor-Trailer";"PROG";"%";2045;"0.5";"Sensitivity | Current policies | Removed diesel efficiency gains";"Diesel"
"OPEX";"Taxes";"UK";"Excise Duty - Reduction Synthetic Diesel (E-Fuels)";"Rigid";"BAU";"%";2045;"0.5";"Sensitivity | Current policies | Removed diesel efficiency gains";"Diesel"
"OPEX";"Taxes";"UK";"Excise Duty - Reduction Synthetic Diesel (E-Fuels)";"Tractor-Trailer";"BAU";"%";2045;"0.5";"Sensitivity | Current policies | Removed diesel efficiency gains";"Diesel"
"OPEX";"Taxes";"UK";"Excise Duty - Reduction Synthetic Diesel (E-Fuels)";"Rigid";"PROG";"%";2045;"0.5";"Sensitivity | Current policies | Removed diesel efficiency gains";"Diesel"
"OPEX";"Taxes";"UK";"Excise Duty - Reduction Synthetic Diesel (E-Fuels)";"Tractor-Trailer";"PROG";"%";2045;"0.5";"Sensitivity | Current policies | Removed diesel efficiency gains";"Diesel"
"OPEX";"Taxes";"DE";"Taxes, Fees, Levies and charges - H2";"Rigid";"BAU";"EUR/kWh";2045;"0.015";"Sensitivity | Current policies | Removed diesel efficiency gains";"Hydrogen"
"OPEX";"Taxes";"DE";"Taxes, Fees, Levies and charges - H2";"Tractor-Trailer";"BAU";"EUR/kWh";2045;"0.015";"Sensitivity | Current policies | Removed diesel efficiency gains";"Hydrogen"
"OPEX";"Taxes";"DE";"Taxes, Fees, Levies and charges - H2";"Rigid";"PROG";"EUR/kWh";2045;"0.015";"Sensitivity | Current policies | Removed diesel efficiency gains";"Hydrogen"
"OPEX";"Taxes";"DE";"Taxes, Fees, Levies and charges - H2";"Tractor-Trailer";"PROG";"EUR/kWh";2045;"0.015";"Sensitivity | Current policies | Removed diesel efficiency gains";"Hydrogen"
"OPEX";"Taxes";"ES";"Taxes, Fees, Levies and charges - H2";"Rigid";"BAU";"EUR/kWh";2045;"0.008";"Sensitivity | Current policies | Removed diesel efficiency gains";"Hydrogen"
"OPEX";"Taxes";"ES";"Taxes, Fees, Levies and charges - H2";"Tractor-Trailer";"BAU";"EUR/kWh";2045;"0.008";"Sensitivity | Current policies | Removed diesel efficiency gains";"Hydrogen"
"OPEX";"Taxes";"ES";"Taxes, Fees, Levies and charges - H2";"Rigid";"PROG";"EUR/kWh";2045;"0.008";"Sensitivity | Current policies | Removed diesel efficiency gains";"Hydrogen"
"OPEX";"Taxes";"ES";"Taxes, Fees, Levies and charges - H2";"Tractor-Trailer";"PROG";"EUR/kWh";2045;"0.008";"Sensitivity | Current policies | Removed diesel efficiency gains";"Hydrogen"
"OPEX";"Taxes";"FR";"Taxes, Fees, Levies and charges - H2";"Rigid";"BAU";"EUR/kWh";2045;"0.012";"Sensitivity | Current policies | Removed diesel efficiency gains";"Hydrogen"
"OPEX";"Taxes";"FR";"Taxes, Fees, Levies and charges - H2";"Tractor-Trailer";"BAU";"EUR/kWh";2045;"0.012";"Sensitivity | Current policies | Removed diesel efficiency gains";"Hydrogen"
"OPEX";"Taxes";"FR";"Taxes, Fees, Levies and charges - H2";"Rigid";"PROG";"EUR/kWh";2045;"0.012";"Sensitivity | Current policies | Removed diesel efficiency gains";"Hydrogen"
"OPEX";"Taxes";"FR";"Taxes, Fees, Levies and charges - H2";"Tractor-Trailer";"PROG";"EUR/kWh";2045;"0.012";"Sensitivity | Current policies | Removed diesel efficiency gains";"Hydrogen"
"OPEX";"Taxes";"IT";"Taxes, Fees, Levies and charges - H2";"Rigid";"BAU";"EUR/kWh";2045;"0.009";"Sensitivity | Current policies | Removed diesel efficiency gains";"Hydrogen"
"OPEX";"Taxes";"IT";"Taxes, Fees, Levies and charges - H2";"Tractor-Trailer";"BAU";"EUR/kWh";2045;"0.009";"Sensitivity | Current policies | Removed diesel efficiency gains";"Hydrogen"
"OPEX";"Taxes";"IT";"Taxes, Fees, Levies and charges - H2";"Rigid";"PROG";"EUR/kWh";2045;"0.009";"Sensitivity | Current policies | Removed diesel efficiency gains";"Hydrogen"
"OPEX";"Taxes";"IT";"Taxes, Fees, Levies and charges - H2";"Tractor-Trailer";"PROG";"EUR/kWh";2045;"0.009";"Sensitivity | Current policies | Removed diesel efficiency gains";"Hydrogen"
"OPEX";"Taxes";"NL";"Taxes, Fees, Levies and charges - H2";"Rigid";"BAU";"EUR/kWh";2045;"0.024";"Sensitivity | Current policies | Removed diesel efficiency gains";"Hydrogen"
"OPEX";"Taxes";"NL";"Taxes, Fees, Levies and charges - H2";"Tractor-Trailer";"BAU";"EUR/kWh";2045;"0.024";"Sensitivity | Current policies | Removed diesel efficiency gains";"Hydrogen"
"OPEX";"Taxes";"NL";"Taxes, Fees, Levies and charges - H2";"Rigid";"PROG";"EUR/kWh";2045;"0.024";"Sensitivity | Current policies | Removed diesel efficiency gains";"Hydrogen"
"OPEX";"Taxes";"NL";"Taxes, Fees, Levies and charges - H2";"Tractor-Trailer";"PROG";"EUR/kWh";2045;"0.024";"Sensitivity | Current policies | Removed diesel efficiency gains";"Hydrogen"
"OPEX";"Taxes";"PL";"Taxes, Fees, Levies and charges - H2";"Rigid";"BAU";"EUR/kWh";2045;"0.009";"Sensitivity | Current policies | Removed diesel efficiency gains";"Hydrogen"
"OPEX";"Taxes";"PL";"Taxes, Fees, Levies and charges - H2";"Tractor-Trailer";"BAU";"EUR/kWh";2045;"0.009";"Sensitivity | Current policies | Removed diesel efficiency gains";"Hydrogen"
"OPEX";"Taxes";"PL";"Taxes, Fees, Levies and charges - H2";"Rigid";"PROG";"EUR/kWh";2045;"0.009";"Sensitivity | Current policies | Removed diesel efficiency gains";"Hydrogen"
"OPEX";"Taxes";"PL";"Taxes, Fees, Levies and charges - H2";"Tractor-Trailer";"PROG";"EUR/kWh";2045;"0.009";"Sensitivity | Current policies | Removed diesel efficiency gains";"Hydrogen"
"OPEX";"Taxes";"UK";"Taxes, Fees, Levies and charges - H2";"Rigid";"BAU";"EUR/kWh";2045;"0.006";"Sensitivity | Current policies | Removed diesel efficiency gains";"Hydrogen"
"OPEX";"Taxes";"UK";"Taxes, Fees, Levies and charges - H2";"Tractor-Trailer";"BAU";"EUR/kWh";2045;"0.006";"Sensitivity | Current policies | Removed diesel efficiency gains";"Hydrogen"
"OPEX";"Taxes";"UK";"Taxes, Fees, Levies and charges - H2";"Rigid";"PROG";"EUR/kWh";2045;"0.006";"Sensitivity | Current policies | Removed diesel efficiency gains";"Hydrogen"
"OPEX";"Taxes";"UK";"Taxes, Fees, Levies and charges - H2";"Tractor-Trailer";"PROG";"EUR/kWh";2045;"0.006";"Sensitivity | Current policies | Removed diesel efficiency gains";"Hydrogen"
"OPEX";"Charging Infrastructure";"DE";"MCS grid extension";"Rigid";"PROG";"EUR/kWh";2045;"0.045";"Sensitivity | Current policies | Removed diesel efficiency gains";"Electricity"
"OPEX";"Charging Infrastructure";"DE";"MCS grid extension";"Tractor-Trailer";"PROG";"EUR/kWh";2045;"0.045";"Sensitivity | Current policies | Removed diesel efficiency gains";"Electricity"
"OPEX";"Charging Infrastructure";"DE";"MCS grid extension";"Rigid";"BAU";"EUR/kWh";2045;"0.045";"Sensitivity | Current policies | Removed diesel efficiency gains";"Electricity"
"OPEX";"Charging Infrastructure";"DE";"MCS grid extension";"Tractor-Trailer";"BAU";"EUR/kWh";2045;"0.045";"Sensitivity | Current policies | Removed diesel efficiency gains";"Electricity"
"OPEX";"Charging Infrastructure";"ES";"MCS grid extension";"Rigid";"PROG";"EUR/kWh";2045;"0.045";"Sensitivity | Current policies | Removed diesel efficiency gains";"Electricity"
"OPEX";"Charging Infrastructure";"ES";"MCS grid extension";"Tractor-Trailer";"PROG";"EUR/kWh";2045;"0.045";"Sensitivity | Current policies | Removed diesel efficiency gains";"Electricity"
"OPEX";"Charging Infrastructure";"ES";"MCS grid extension";"Rigid";"BAU";"EUR/kWh";2045;"0.045";"Sensitivity | Current policies | Removed diesel efficiency gains";"Electricity"
"OPEX";"Charging Infrastructure";"ES";"MCS grid extension";"Tractor-Trailer";"BAU";"EUR/kWh";2045;"0.045";"Sensitivity | Current policies | Removed diesel efficiency gains";"Electricity"
"OPEX";"Charging Infrastructure";"FR";"MCS grid extension";"Rigid";"PROG";"EUR/kWh";2045;"0.045";"Sensitivity | Current policies | Removed diesel efficiency gains";"Electricity"
"OPEX";"Charging Infrastructure";"FR";"MCS grid extension";"Tractor-Trailer";"PROG";"EUR/kWh";2045;"0.045";"Sensitivity | Current policies | Removed diesel efficiency gains";"Electricity"
"OPEX";"Charging Infrastructure";"FR";"MCS grid extension";"Rigid";"BAU";"EUR/kWh";2045;"0.045";"Sensitivity | Current policies | Removed diesel efficiency gains";"Electricity"
"OPEX";"Charging Infrastructure";"FR";"MCS grid extension";"Tractor-Trailer";"BAU";"EUR/kWh";2045;"0.045";"Sensitivity | Current policies | Removed diesel efficiency gains";"Electricity"
"OPEX";"Charging Infrastructure";"IT";"MCS grid extension";"Rigid";"PROG";"EUR/kWh";2045;"0.045";"Sensitivity | Current policies | Removed diesel efficiency gains";"Electricity"
"OPEX";"Charging Infrastructure";"IT";"MCS grid extension";"Tractor-Trailer";"PROG";"EUR/kWh";2045;"0.045";"Sensitivity | Current policies | Removed diesel efficiency gains";"Electricity"
"OPEX";"Charging Infrastructure";"IT";"MCS grid extension";"Rigid";"BAU";"EUR/kWh";2045;"0.045";"Sensitivity | Current policies | Removed diesel efficiency gains";"Electricity"
"OPEX";"Charging Infrastructure";"IT";"MCS grid extension";"Tractor-Trailer";"BAU";"EUR/kWh";2045;"0.045";"Sensitivity | Current policies | Removed diesel efficiency gains";"Electricity"
"OPEX";"Charging Infrastructure";"NL";"MCS grid extension";"Rigid";"PROG";"EUR/kWh";2045;"0.045";"Sensitivity | Current policies | Removed diesel efficiency gains";"Electricity"
"OPEX";"Charging Infrastructure";"NL";"MCS grid extension";"Tractor-Trailer";"PROG";"EUR/kWh";2045;"0.045";"Sensitivity | Current policies | Removed diesel efficiency gains";"Electricity"
"OPEX";"Charging Infrastructure";"NL";"MCS grid extension";"Rigid";"BAU";"EUR/kWh";2045;"0.045";"Sensitivity | Current policies | Removed diesel efficiency gains";"Electricity"
"OPEX";"Charging Infrastructure";"NL";"MCS grid extension";"Tractor-Trailer";"BAU";"EUR/kWh";2045;"0.045";"Sensitivity | Current policies | Removed diesel efficiency gains";"Electricity"
"OPEX";"Charging Infrastructure";"PL";"MCS grid extension";"Rigid";"PROG";"EUR/kWh";2045;"0.045";"Sensitivity | Current policies | Removed diesel efficiency gains";"Electricity"
"OPEX";"Charging Infrastructure";"PL";"MCS grid extension";"Tractor-Trailer";"PROG";"EUR/kWh";2045;"0.045";"Sensitivity | Current policies | Removed diesel efficiency gains";"Electricity"
"OPEX";"Charging Infrastructure";"PL";"MCS grid extension";"Rigid";"BAU";"EUR/kWh";2045;"0.045";"Sensitivity | Current policies | Removed diesel efficiency gains";"Electricity"
"OPEX";"Charging Infrastructure";"PL";"MCS grid extension";"Tractor-Trailer";"BAU";"EUR/kWh";2045;"0.045";"Sensitivity | Current policies | Removed diesel efficiency gains";"Electricity"
"OPEX";"Charging Infrastructure";"UK";"MCS grid extension";"Rigid";"PROG";"EUR/kWh";2045;"0.045";"Sensitivity | Current policies | Removed diesel efficiency gains";"Electricity"
"OPEX";"Charging Infrastructure";"UK";"MCS grid extension";"Tractor-Trailer";"PROG";"EUR/kWh";2045;"0.045";"Sensitivity | Current policies | Removed diesel efficiency gains";"Electricity"
"OPEX";"Charging Infrastructure";"UK";"MCS grid extension";"Rigid";"BAU";"EUR/kWh";2045;"0.045";"Sensitivity | Current policies | Removed diesel efficiency gains";"Electricity"
"OPEX";"Charging Infrastructure";"UK";"MCS grid extension";"Tractor-Trailer";"BAU";"EUR/kWh";2045;"0.045";"Sensitivity | Current policies | Removed diesel efficiency gains";"Electricity"
"OPEX";"Charging Infrastructure";"DE";"MCS Profit and Mark-Up";"Rigid";"PROG";"%";2045;"0.1";"Sensitivity | Current policies | Removed diesel efficiency gains";"Electricity"
"OPEX";"Charging Infrastructure";"DE";"MCS Profit and Mark-Up";"Tractor-Trailer";"PROG";"%";2045;"0.1";"Sensitivity | Current policies | Removed diesel efficiency gains";"Electricity"
"OPEX";"Charging Infrastructure";"DE";"MCS Profit and Mark-Up";"Rigid";"BAU";"%";2045;"0.1";"Sensitivity | Current policies | Removed diesel efficiency gains";"Electricity"
"OPEX";"Charging Infrastructure";"DE";"MCS Profit and Mark-Up";"Tractor-Trailer";"BAU";"%";2045;"0.1";"Sensitivity | Current policies | Removed diesel efficiency gains";"Electricity"
"OPEX";"Charging Infrastructure";"ES";"MCS Profit and Mark-Up";"Rigid";"PROG";"%";2045;"0.1";"Sensitivity | Current policies | Removed diesel efficiency gains";"Electricity"
"OPEX";"Charging Infrastructure";"ES";"MCS Profit and Mark-Up";"Tractor-Trailer";"PROG";"%";2045;"0.1";"Sensitivity | Current policies | Removed diesel efficiency gains";"Electricity"
"OPEX";"Charging Infrastructure";"ES";"MCS Profit and Mark-Up";"Rigid";"BAU";"%";2045;"0.1";"Sensitivity | Current policies | Removed diesel efficiency gains";"Electricity"
"OPEX";"Charging Infrastructure";"ES";"MCS Profit and Mark-Up";"Tractor-Trailer";"BAU";"%";2045;"0.1";"Sensitivity | Current policies | Removed diesel efficiency gains";"Electricity"
"OPEX";"Charging Infrastructure";"FR";"MCS Profit and Mark-Up";"Rigid";"PROG";"%";2045;"0.1";"Sensitivity | Current policies | Removed diesel efficiency gains";"Electricity"
"OPEX";"Charging Infrastructure";"FR";"MCS Profit and Mark-Up";"Tractor-Trailer";"PROG";"%";2045;"0.1";"Sensitivity | Current policies | Removed diesel efficiency gains";"Electricity"
"OPEX";"Charging Infrastructure";"FR";"MCS Profit and Mark-Up";"Rigid";"BAU";"%";2045;"0.1";"Sensitivity | Current policies | Removed diesel efficiency gains";"Electricity"
"OPEX";"Charging Infrastructure";"FR";"MCS Profit and Mark-Up";"Tractor-Trailer";"BAU";"%";2045;"0.1";"Sensitivity | Current policies | Removed diesel efficiency gains";"Electricity"
"OPEX";"Charging Infrastructure";"IT";"MCS Profit and Mark-Up";"Rigid";"PROG";"%";2045;"0.1";"Sensitivity | Current policies | Removed diesel efficiency gains";"Electricity"
"OPEX";"Charging Infrastructure";"IT";"MCS Profit and Mark-Up";"Tractor-Trailer";"PROG";"%";2045;"0.1";"Sensitivity | Current policies | Removed diesel efficiency gains";"Electricity"
"OPEX";"Charging Infrastructure";"IT";"MCS Profit and Mark-Up";"Rigid";"BAU";"%";2045;"0.1";"Sensitivity | Current policies | Removed diesel efficiency gains";"Electricity"
"OPEX";"Charging Infrastructure";"IT";"MCS Profit and Mark-Up";"Tractor-Trailer";"BAU";"%";2045;"0.1";"Sensitivity | Current policies | Removed diesel efficiency gains";"Electricity"
"OPEX";"Charging Infrastructure";"NL";"MCS Profit and Mark-Up";"Rigid";"PROG";"%";2045;"0.1";"Sensitivity | Current policies | Removed diesel efficiency gains";"Electricity"
"OPEX";"Charging Infrastructure";"NL";"MCS Profit and Mark-Up";"Tractor-Trailer";"PROG";"%";2045;"0.1";"Sensitivity | Current policies | Removed diesel efficiency gains";"Electricity"
"OPEX";"Charging Infrastructure";"NL";"MCS Profit and Mark-Up";"Rigid";"BAU";"%";2045;"0.1";"Sensitivity | Current policies | Removed diesel efficiency gains";"Electricity"
"OPEX";"Charging Infrastructure";"NL";"MCS Profit and Mark-Up";"Tractor-Trailer";"BAU";"%";2045;"0.1";"Sensitivity | Current policies | Removed diesel efficiency gains";"Electricity"
"OPEX";"Charging Infrastructure";"PL";"MCS Profit and Mark-Up";"Rigid";"PROG";"%";2045;"0.1";"Sensitivity | Current policies | Removed diesel efficiency gains";"Electricity"
"OPEX";"Charging Infrastructure";"PL";"MCS Profit and Mark-Up";"Tractor-Trailer";"PROG";"%";2045;"0.1";"Sensitivity | Current policies | Removed diesel efficiency gains";"Electricity"
"OPEX";"Charging Infrastructure";"PL";"MCS Profit and Mark-Up";"Rigid";"BAU";"%";2045;"0.1";"Sensitivity | Current policies | Removed diesel efficiency gains";"Electricity"
"OPEX";"Charging Infrastructure";"PL";"MCS Profit and Mark-Up";"Tractor-Trailer";"BAU";"%";2045;"0.1";"Sensitivity | Current policies | Removed diesel efficiency gains";"Electricity"
"OPEX";"Charging Infrastructure";"UK";"MCS Profit and Mark-Up";"Rigid";"PROG";"%";2045;"0.1";"Sensitivity | Current policies | Removed diesel efficiency gains";"Electricity"
"OPEX";"Charging Infrastructure";"UK";"MCS Profit and Mark-Up";"Tractor-Trailer";"PROG";"%";2045;"0.1";"Sensitivity | Current policies | Removed diesel efficiency gains";"Electricity"
"OPEX";"Charging Infrastructure";"UK";"MCS Profit and Mark-Up";"Rigid";"BAU";"%";2045;"0.1";"Sensitivity | Current policies | Removed diesel efficiency gains";"Electricity"
"OPEX";"Charging Infrastructure";"UK";"MCS Profit and Mark-Up";"Tractor-Trailer";"BAU";"%";2045;"0.1";"Sensitivity | Current policies | Removed diesel efficiency gains";"Electricity"
"OPEX";"Charging Infrastructure";"DE";"CCS Station (Depot) - Incl. Overhead";"Rigid";"PROG";"EUR/kWh";2045;"0.021";"Sensitivity | Current policies | Removed diesel efficiency gains";"Electricity"
"OPEX";"Charging Infrastructure";"DE";"CCS Station (Depot) - Incl. Overhead";"Tractor-Trailer";"PROG";"EUR/kWh";2045;"0.021";"Sensitivity | Current policies | Removed diesel efficiency gains";"Electricity"
"OPEX";"Charging Infrastructure";"DE";"CCS Station (Depot) - Incl. Overhead";"Rigid";"BAU";"EUR/kWh";2045;"0.021";"Sensitivity | Current policies | Removed diesel efficiency gains";"Electricity"
"OPEX";"Charging Infrastructure";"DE";"CCS Station (Depot) - Incl. Overhead";"Tractor-Trailer";"BAU";"EUR/kWh";2045;"0.021";"Sensitivity | Current policies | Removed diesel efficiency gains";"Electricity"
"OPEX";"Charging Infrastructure";"ES";"CCS Station (Depot) - Incl. Overhead";"Rigid";"PROG";"EUR/kWh";2045;"0.021";"Sensitivity | Current policies | Removed diesel efficiency gains";"Electricity"
"OPEX";"Charging Infrastructure";"ES";"CCS Station (Depot) - Incl. Overhead";"Tractor-Trailer";"PROG";"EUR/kWh";2045;"0.021";"Sensitivity | Current policies | Removed diesel efficiency gains";"Electricity"
"OPEX";"Charging Infrastructure";"ES";"CCS Station (Depot) - Incl. Overhead";"Rigid";"BAU";"EUR/kWh";2045;"0.021";"Sensitivity | Current policies | Removed diesel efficiency gains";"Electricity"
"OPEX";"Charging Infrastructure";"ES";"CCS Station (Depot) - Incl. Overhead";"Tractor-Trailer";"BAU";"EUR/kWh";2045;"0.021";"Sensitivity | Current policies | Removed diesel efficiency gains";"Electricity"
"OPEX";"Charging Infrastructure";"FR";"CCS Station (Depot) - Incl. Overhead";"Rigid";"PROG";"EUR/kWh";2045;"0.021";"Sensitivity | Current policies | Removed diesel efficiency gains";"Electricity"
"OPEX";"Charging Infrastructure";"FR";"CCS Station (Depot) - Incl. Overhead";"Tractor-Trailer";"PROG";"EUR/kWh";2045;"0.021";"Sensitivity | Current policies | Removed diesel efficiency gains";"Electricity"
"OPEX";"Charging Infrastructure";"FR";"CCS Station (Depot) - Incl. Overhead";"Rigid";"BAU";"EUR/kWh";2045;"0.021";"Sensitivity | Current policies | Removed diesel efficiency gains";"Electricity"
"OPEX";"Charging Infrastructure";"FR";"CCS Station (Depot) - Incl. Overhead";"Tractor-Trailer";"BAU";"EUR/kWh";2045;"0.021";"Sensitivity | Current policies | Removed diesel efficiency gains";"Electricity"
"OPEX";"Charging Infrastructure";"IT";"CCS Station (Depot) - Incl. Overhead";"Rigid";"PROG";"EUR/kWh";2045;"0.021";"Sensitivity | Current policies | Removed diesel efficiency gains";"Electricity"
"OPEX";"Charging Infrastructure";"IT";"CCS Station (Depot) - Incl. Overhead";"Tractor-Trailer";"PROG";"EUR/kWh";2045;"0.021";"Sensitivity | Current policies | Removed diesel efficiency gains";"Electricity"
"OPEX";"Charging Infrastructure";"IT";"CCS Station (Depot) - Incl. Overhead";"Rigid";"BAU";"EUR/kWh";2045;"0.021";"Sensitivity | Current policies | Removed diesel efficiency gains";"Electricity"
"OPEX";"Charging Infrastructure";"IT";"CCS Station (Depot) - Incl. Overhead";"Tractor-Trailer";"BAU";"EUR/kWh";2045;"0.021";"Sensitivity | Current policies | Removed diesel efficiency gains";"Electricity"
"OPEX";"Charging Infrastructure";"NL";"CCS Station (Depot) - Incl. Overhead";"Rigid";"PROG";"EUR/kWh";2045;"0.021";"Sensitivity | Current policies | Removed diesel efficiency gains";"Electricity"
"OPEX";"Charging Infrastructure";"NL";"CCS Station (Depot) - Incl. Overhead";"Tractor-Trailer";"PROG";"EUR/kWh";2045;"0.021";"Sensitivity | Current policies | Removed diesel efficiency gains";"Electricity"
"OPEX";"Charging Infrastructure";"NL";"CCS Station (Depot) - Incl. Overhead";"Rigid";"BAU";"EUR/kWh";2045;"0.021";"Sensitivity | Current policies | Removed diesel efficiency gains";"Electricity"
"OPEX";"Charging Infrastructure";"NL";"CCS Station (Depot) - Incl. Overhead";"Tractor-Trailer";"BAU";"EUR/kWh";2045;"0.021";"Sensitivity | Current policies | Removed diesel efficiency gains";"Electricity"
"OPEX";"Charging Infrastructure";"PL";"CCS Station (Depot) - Incl. Overhead";"Rigid";"PROG";"EUR/kWh";2045;"0.021";"Sensitivity | Current policies | Removed diesel efficiency gains";"Electricity"
"OPEX";"Charging Infrastructure";"PL";"CCS Station (Depot) - Incl. Overhead";"Tractor-Trailer";"PROG";"EUR/kWh";2045;"0.021";"Sensitivity | Current policies | Removed diesel efficiency gains";"Electricity"
"OPEX";"Charging Infrastructure";"PL";"CCS Station (Depot) - Incl. Overhead";"Rigid";"BAU";"EUR/kWh";2045;"0.021";"Sensitivity | Current policies | Removed diesel efficiency gains";"Electricity"
"OPEX";"Charging Infrastructure";"PL";"CCS Station (Depot) - Incl. Overhead";"Tractor-Trailer";"BAU";"EUR/kWh";2045;"0.021";"Sensitivity | Current policies | Removed diesel efficiency gains";"Electricity"
"OPEX";"Charging Infrastructure";"UK";"CCS Station (Depot) - Incl. Overhead";"Rigid";"PROG";"EUR/kWh";2045;"0.021";"Sensitivity | Current policies | Removed diesel efficiency gains";"Electricity"
"OPEX";"Charging Infrastructure";"UK";"CCS Station (Depot) - Incl. Overhead";"Tractor-Trailer";"PROG";"EUR/kWh";2045;"0.021";"Sensitivity | Current policies | Removed diesel efficiency gains";"Electricity"
"OPEX";"Charging Infrastructure";"UK";"CCS Station (Depot) - Incl. Overhead";"Rigid";"BAU";"EUR/kWh";2045;"0.021";"Sensitivity | Current policies | Removed diesel efficiency gains";"Electricity"
"OPEX";"Charging Infrastructure";"UK";"CCS Station (Depot) - Incl. Overhead";"Tractor-Trailer";"BAU";"EUR/kWh";2045;"0.021";"Sensitivity | Current policies | Removed diesel efficiency gains";"Electricity"
"OPEX";"Charging Infrastructure";"DE";"CCS grid extension";"Rigid";"PROG";"EUR/kWh";2045;"0.045";"Sensitivity | Current policies | Removed diesel efficiency gains";"Electricity"
"OPEX";"Charging Infrastructure";"DE";"CCS grid extension";"Tractor-Trailer";"PROG";"EUR/kWh";2045;"0.045";"Sensitivity | Current policies | Removed diesel efficiency gains";"Electricity"
"OPEX";"Charging Infrastructure";"DE";"CCS grid extension";"Rigid";"BAU";"EUR/kWh";2045;"0.045";"Sensitivity | Current policies | Removed diesel efficiency gains";"Electricity"
"OPEX";"Charging Infrastructure";"DE";"CCS grid extension";"Tractor-Trailer";"BAU";"EUR/kWh";2045;"0.045";"Sensitivity | Current policies | Removed diesel efficiency gains";"Electricity"
"OPEX";"Charging Infrastructure";"ES";"CCS grid extension";"Rigid";"PROG";"EUR/kWh";2045;"0.045";"Sensitivity | Current policies | Removed diesel efficiency gains";"Electricity"
"OPEX";"Charging Infrastructure";"ES";"CCS grid extension";"Tractor-Trailer";"PROG";"EUR/kWh";2045;"0.045";"Sensitivity | Current policies | Removed diesel efficiency gains";"Electricity"
"OPEX";"Charging Infrastructure";"ES";"CCS grid extension";"Rigid";"BAU";"EUR/kWh";2045;"0.045";"Sensitivity | Current policies | Removed diesel efficiency gains";"Electricity"
"OPEX";"Charging Infrastructure";"ES";"CCS grid extension";"Tractor-Trailer";"BAU";"EUR/kWh";2045;"0.045";"Sensitivity | Current policies | Removed diesel efficiency gains";"Electricity"
"OPEX";"Charging Infrastructure";"FR";"CCS grid extension";"Rigid";"PROG";"EUR/kWh";2045;"0.045";"Sensitivity | Current policies | Removed diesel efficiency gains";"Electricity"
"OPEX";"Charging Infrastructure";"FR";"CCS grid extension";"Tractor-Trailer";"PROG";"EUR/kWh";2045;"0.045";"Sensitivity | Current policies | Removed diesel efficiency gains";"Electricity"
"OPEX";"Charging Infrastructure";"FR";"CCS grid extension";"Rigid";"BAU";"EUR/kWh";2045;"0.045";"Sensitivity | Current policies | Removed diesel efficiency gains";"Electricity"
"OPEX";"Charging Infrastructure";"FR";"CCS grid extension";"Tractor-Trailer";"BAU";"EUR/kWh";2045;"0.045";"Sensitivity | Current policies | Removed diesel efficiency gains";"Electricity"
"OPEX";"Charging Infrastructure";"IT";"CCS grid extension";"Rigid";"PROG";"EUR/kWh";2045;"0.045";"Sensitivity | Current policies | Removed diesel efficiency gains";"Electricity"
"OPEX";"Charging Infrastructure";"IT";"CCS grid extension";"Tractor-Trailer";"PROG";"EUR/kWh";2045;"0.045";"Sensitivity | Current policies | Removed diesel efficiency gains";"Electricity"
"OPEX";"Charging Infrastructure";"IT";"CCS grid extension";"Rigid";"BAU";"EUR/kWh";2045;"0.045";"Sensitivity | Current policies | Removed diesel efficiency gains";"Electricity"
"OPEX";"Charging Infrastructure";"IT";"CCS grid extension";"Tractor-Trailer";"BAU";"EUR/kWh";2045;"0.045";"Sensitivity | Current policies | Removed diesel efficiency gains";"Electricity"
"OPEX";"Charging Infrastructure";"NL";"CCS grid extension";"Rigid";"PROG";"EUR/kWh";2045;"0.045";"Sensitivity | Current policies | Removed diesel efficiency gains";"Electricity"
"OPEX";"Charging Infrastructure";"NL";"CCS grid extension";"Tractor-Trailer";"PROG";"EUR/kWh";2045;"0.045";"Sensitivity | Current policies | Removed diesel efficiency gains";"Electricity"
"OPEX";"Charging Infrastructure";"NL";"CCS grid extension";"Rigid";"BAU";"EUR/kWh";2045;"0.045";"Sensitivity | Current policies | Removed diesel efficiency gains";"Electricity"
"OPEX";"Charging Infrastructure";"NL";"CCS grid extension";"Tractor-Trailer";"BAU";"EUR/kWh";2045;"0.045";"Sensitivity | Current policies | Removed diesel efficiency gains";"Electricity"
"OPEX";"Charging Infrastructure";"PL";"CCS grid extension";"Rigid";"PROG";"EUR/kWh";2045;"0.045";"Sensitivity | Current policies | Removed diesel efficiency gains";"Electricity"
"OPEX";"Charging Infrastructure";"PL";"CCS grid extension";"Tractor-Trailer";"PROG";"EUR/kWh";2045;"0.045";"Sensitivity | Current policies | Removed diesel efficiency gains";"Electricity"
"OPEX";"Charging Infrastructure";"PL";"CCS grid extension";"Rigid";"BAU";"EUR/kWh";2045;"0.045";"Sensitivity | Current policies | Removed diesel efficiency gains";"Electricity"
"OPEX";"Charging Infrastructure";"PL";"CCS grid extension";"Tractor-Trailer";"BAU";"EUR/kWh";2045;"0.045";"Sensitivity | Current policies | Removed diesel efficiency gains";"Electricity"
"OPEX";"Charging Infrastructure";"UK";"CCS grid extension";"Rigid";"PROG";"EUR/kWh";2045;"0.045";"Sensitivity | Current policies | Removed diesel efficiency gains";"Electricity"
"OPEX";"Charging Infrastructure";"UK";"CCS grid extension";"Tractor-Trailer";"PROG";"EUR/kWh";2045;"0.045";"Sensitivity | Current policies | Removed diesel efficiency gains";"Electricity"
"OPEX";"Charging Infrastructure";"UK";"CCS grid extension";"Rigid";"BAU";"EUR/kWh";2045;"0.045";"Sensitivity | Current policies | Removed diesel efficiency gains";"Electricity"
"OPEX";"Charging Infrastructure";"UK";"CCS grid extension";"Tractor-Trailer";"BAU";"EUR/kWh";2045;"0.045";"Sensitivity | Current policies | Removed diesel efficiency gains";"Electricity"
"OPEX";"Diesel Infrastructure";"DE";"Total Diesel Mark-Up";"Rigid";"BAU";"EUR/kWh";2045;"0.018";"Sensitivity | Current policies | Removed diesel efficiency gains";"Diesel"
"OPEX";"Diesel Infrastructure";"DE";"Total Diesel Mark-Up";"Tractor-Trailer";"BAU";"EUR/kWh";2045;"0.018";"Sensitivity | Current policies | Removed diesel efficiency gains";"Diesel"
"OPEX";"Diesel Infrastructure";"DE";"Total Diesel Mark-Up";"Rigid";"PROG";"EUR/kWh";2045;"0.018";"Sensitivity | Current policies | Removed diesel efficiency gains";"Diesel"
"OPEX";"Diesel Infrastructure";"DE";"Total Diesel Mark-Up";"Tractor-Trailer";"PROG";"EUR/kWh";2045;"0.018";"Sensitivity | Current policies | Removed diesel efficiency gains";"Diesel"
"OPEX";"Diesel Infrastructure";"ES";"Total Diesel Mark-Up";"Rigid";"BAU";"EUR/kWh";2045;"0.018";"Sensitivity | Current policies | Removed diesel efficiency gains";"Diesel"
"OPEX";"Diesel Infrastructure";"ES";"Total Diesel Mark-Up";"Tractor-Trailer";"BAU";"EUR/kWh";2045;"0.018";"Sensitivity | Current policies | Removed diesel efficiency gains";"Diesel"
"OPEX";"Diesel Infrastructure";"ES";"Total Diesel Mark-Up";"Rigid";"PROG";"EUR/kWh";2045;"0.018";"Sensitivity | Current policies | Removed diesel efficiency gains";"Diesel"
"OPEX";"Diesel Infrastructure";"ES";"Total Diesel Mark-Up";"Tractor-Trailer";"PROG";"EUR/kWh";2045;"0.018";"Sensitivity | Current policies | Removed diesel efficiency gains";"Diesel"
"OPEX";"Diesel Infrastructure";"FR";"Total Diesel Mark-Up";"Rigid";"BAU";"EUR/kWh";2045;"0.018";"Sensitivity | Current policies | Removed diesel efficiency gains";"Diesel"
"OPEX";"Diesel Infrastructure";"FR";"Total Diesel Mark-Up";"Tractor-Trailer";"BAU";"EUR/kWh";2045;"0.018";"Sensitivity | Current policies | Removed diesel efficiency gains";"Diesel"
"OPEX";"Diesel Infrastructure";"FR";"Total Diesel Mark-Up";"Rigid";"PROG";"EUR/kWh";2045;"0.018";"Sensitivity | Current policies | Removed diesel efficiency gains";"Diesel"
"OPEX";"Diesel Infrastructure";"FR";"Total Diesel Mark-Up";"Tractor-Trailer";"PROG";"EUR/kWh";2045;"0.018";"Sensitivity | Current policies | Removed diesel efficiency gains";"Diesel"
"OPEX";"Diesel Infrastructure";"IT";"Total Diesel Mark-Up";"Rigid";"BAU";"EUR/kWh";2045;"0.018";"Sensitivity | Current policies | Removed diesel efficiency gains";"Diesel"
"OPEX";"Diesel Infrastructure";"IT";"Total Diesel Mark-Up";"Tractor-Trailer";"BAU";"EUR/kWh";2045;"0.018";"Sensitivity | Current policies | Removed diesel efficiency gains";"Diesel"
"OPEX";"Diesel Infrastructure";"IT";"Total Diesel Mark-Up";"Rigid";"PROG";"EUR/kWh";2045;"0.018";"Sensitivity | Current policies | Removed diesel efficiency gains";"Diesel"
"OPEX";"Diesel Infrastructure";"IT";"Total Diesel Mark-Up";"Tractor-Trailer";"PROG";"EUR/kWh";2045;"0.018";"Sensitivity | Current policies | Removed diesel efficiency gains";"Diesel"
"OPEX";"Diesel Infrastructure";"NL";"Total Diesel Mark-Up";"Rigid";"BAU";"EUR/kWh";2045;"0.018";"Sensitivity | Current policies | Removed diesel efficiency gains";"Diesel"
"OPEX";"Diesel Infrastructure";"NL";"Total Diesel Mark-Up";"Tractor-Trailer";"BAU";"EUR/kWh";2045;"0.018";"Sensitivity | Current policies | Removed diesel efficiency gains";"Diesel"
"OPEX";"Diesel Infrastructure";"NL";"Total Diesel Mark-Up";"Rigid";"PROG";"EUR/kWh";2045;"0.018";"Sensitivity | Current policies | Removed diesel efficiency gains";"Diesel"
"OPEX";"Diesel Infrastructure";"NL";"Total Diesel Mark-Up";"Tractor-Trailer";"PROG";"EUR/kWh";2045;"0.018";"Sensitivity | Current policies | Removed diesel efficiency gains";"Diesel"
"OPEX";"Diesel Infrastructure";"PL";"Total Diesel Mark-Up";"Rigid";"BAU";"EUR/kWh";2045;"0.018";"Sensitivity | Current policies | Removed diesel efficiency gains";"Diesel"
"OPEX";"Diesel Infrastructure";"PL";"Total Diesel Mark-Up";"Tractor-Trailer";"BAU";"EUR/kWh";2045;"0.018";"Sensitivity | Current policies | Removed diesel efficiency gains";"Diesel"
"OPEX";"Diesel Infrastructure";"PL";"Total Diesel Mark-Up";"Rigid";"PROG";"EUR/kWh";2045;"0.018";"Sensitivity | Current policies | Removed diesel efficiency gains";"Diesel"
"OPEX";"Diesel Infrastructure";"PL";"Total Diesel Mark-Up";"Tractor-Trailer";"PROG";"EUR/kWh";2045;"0.018";"Sensitivity | Current policies | Removed diesel efficiency gains";"Diesel"
"OPEX";"Diesel Infrastructure";"UK";"Total Diesel Mark-Up";"Rigid";"BAU";"EUR/kWh";2045;"0.018";"Sensitivity | Current policies | Removed diesel efficiency gains";"Diesel"
"OPEX";"Diesel Infrastructure";"UK";"Total Diesel Mark-Up";"Tractor-Trailer";"BAU";"EUR/kWh";2045;"0.018";"Sensitivity | Current policies | Removed diesel efficiency gains";"Diesel"
"OPEX";"Diesel Infrastructure";"UK";"Total Diesel Mark-Up";"Rigid";"PROG";"EUR/kWh";2045;"0.018";"Sensitivity | Current policies | Removed diesel efficiency gains";"Diesel"
"OPEX";"Diesel Infrastructure";"UK";"Total Diesel Mark-Up";"Tractor-Trailer";"PROG";"EUR/kWh";2045;"0.018";"Sensitivity | Current policies | Removed diesel efficiency gains";"Diesel"
"OPEX";"Diesel Infrastructure";"DE";"CO2 emission factor Biodiesel";"Rigid";"BAU";"%";2045;"0.154";"Sensitivity | Current policies | Removed diesel efficiency gains";"Diesel"
"OPEX";"Diesel Infrastructure";"DE";"CO2 emission factor Biodiesel";"Tractor-Trailer";"BAU";"%";2045;"0.154";"Sensitivity | Current policies | Removed diesel efficiency gains";"Diesel"
"OPEX";"Diesel Infrastructure";"DE";"CO2 emission factor Biodiesel";"Rigid";"PROG";"%";2045;"0.154";"Sensitivity | Current policies | Removed diesel efficiency gains";"Diesel"
"OPEX";"Diesel Infrastructure";"DE";"CO2 emission factor Biodiesel";"Tractor-Trailer";"PROG";"%";2045;"0.154";"Sensitivity | Current policies | Removed diesel efficiency gains";"Diesel"
"OPEX";"Diesel Infrastructure";"ES";"CO2 emission factor Biodiesel";"Rigid";"BAU";"%";2045;"0.154";"Sensitivity | Current policies | Removed diesel efficiency gains";"Diesel"
"OPEX";"Diesel Infrastructure";"ES";"CO2 emission factor Biodiesel";"Tractor-Trailer";"BAU";"%";2045;"0.154";"Sensitivity | Current policies | Removed diesel efficiency gains";"Diesel"
"OPEX";"Diesel Infrastructure";"ES";"CO2 emission factor Biodiesel";"Rigid";"PROG";"%";2045;"0.154";"Sensitivity | Current policies | Removed diesel efficiency gains";"Diesel"
"OPEX";"Diesel Infrastructure";"ES";"CO2 emission factor Biodiesel";"Tractor-Trailer";"PROG";"%";2045;"0.154";"Sensitivity | Current policies | Removed diesel efficiency gains";"Diesel"
"OPEX";"Diesel Infrastructure";"FR";"CO2 emission factor Biodiesel";"Rigid";"BAU";"%";2045;"0.154";"Sensitivity | Current policies | Removed diesel efficiency gains";"Diesel"
"OPEX";"Diesel Infrastructure";"FR";"CO2 emission factor Biodiesel";"Tractor-Trailer";"BAU";"%";2045;"0.154";"Sensitivity | Current policies | Removed diesel efficiency gains";"Diesel"
"OPEX";"Diesel Infrastructure";"FR";"CO2 emission factor Biodiesel";"Rigid";"PROG";"%";2045;"0.154";"Sensitivity | Current policies | Removed diesel efficiency gains";"Diesel"
"OPEX";"Diesel Infrastructure";"FR";"CO2 emission factor Biodiesel";"Tractor-Trailer";"PROG";"%";2045;"0.154";"Sensitivity | Current policies | Removed diesel efficiency gains";"Diesel"
"OPEX";"Diesel Infrastructure";"IT";"CO2 emission factor Biodiesel";"Rigid";"BAU";"%";2045;"0.154";"Sensitivity | Current policies | Removed diesel efficiency gains";"Diesel"
"OPEX";"Diesel Infrastructure";"IT";"CO2 emission factor Biodiesel";"Tractor-Trailer";"BAU";"%";2045;"0.154";"Sensitivity | Current policies | Removed diesel efficiency gains";"Diesel"
"OPEX";"Diesel Infrastructure";"IT";"CO2 emission factor Biodiesel";"Rigid";"PROG";"%";2045;"0.154";"Sensitivity | Current policies | Removed diesel efficiency gains";"Diesel"
"OPEX";"Diesel Infrastructure";"IT";"CO2 emission factor Biodiesel";"Tractor-Trailer";"PROG";"%";2045;"0.154";"Sensitivity | Current policies | Removed diesel efficiency gains";"Diesel"
"OPEX";"Diesel Infrastructure";"NL";"CO2 emission factor Biodiesel";"Rigid";"BAU";"%";2045;"0.154";"Sensitivity | Current policies | Removed diesel efficiency gains";"Diesel"
"OPEX";"Diesel Infrastructure";"NL";"CO2 emission factor Biodiesel";"Tractor-Trailer";"BAU";"%";2045;"0.154";"Sensitivity | Current policies | Removed diesel efficiency gains";"Diesel"
"OPEX";"Diesel Infrastructure";"NL";"CO2 emission factor Biodiesel";"Rigid";"PROG";"%";2045;"0.154";"Sensitivity | Current policies | Removed diesel efficiency gains";"Diesel"
"OPEX";"Diesel Infrastructure";"NL";"CO2 emission factor Biodiesel";"Tractor-Trailer";"PROG";"%";2045;"0.154";"Sensitivity | Current policies | Removed diesel efficiency gains";"Diesel"
"OPEX";"Diesel Infrastructure";"PL";"CO2 emission factor Biodiesel";"Rigid";"BAU";"%";2045;"0.154";"Sensitivity | Current policies | Removed diesel efficiency gains";"Diesel"
"OPEX";"Diesel Infrastructure";"PL";"CO2 emission factor Biodiesel";"Tractor-Trailer";"BAU";"%";2045;"0.154";"Sensitivity | Current policies | Removed diesel efficiency gains";"Diesel"
"OPEX";"Diesel Infrastructure";"PL";"CO2 emission factor Biodiesel";"Rigid";"PROG";"%";2045;"0.154";"Sensitivity | Current policies | Removed diesel efficiency gains";"Diesel"
"OPEX";"Diesel Infrastructure";"PL";"CO2 emission factor Biodiesel";"Tractor-Trailer";"PROG";"%";2045;"0.154";"Sensitivity | Current policies | Removed diesel efficiency gains";"Diesel"
"OPEX";"Diesel Infrastructure";"UK";"CO2 emission factor Biodiesel";"Rigid";"BAU";"%";2045;"0.154";"Sensitivity | Current policies | Removed diesel efficiency gains";"Diesel"
"OPEX";"Diesel Infrastructure";"UK";"CO2 emission factor Biodiesel";"Tractor-Trailer";"BAU";"%";2045;"0.154";"Sensitivity | Current policies | Removed diesel efficiency gains";"Diesel"
"OPEX";"Diesel Infrastructure";"UK";"CO2 emission factor Biodiesel";"Rigid";"PROG";"%";2045;"0.154";"Sensitivity | Current policies | Removed diesel efficiency gains";"Diesel"
"OPEX";"Diesel Infrastructure";"UK";"CO2 emission factor Biodiesel";"Tractor-Trailer";"PROG";"%";2045;"0.154";"Sensitivity | Current policies | Removed diesel efficiency gains";"Diesel"
"OPEX";"Diesel Infrastructure";"DE";"CO2 emission factor Pt-Diesel";"Rigid";"BAU";"%";2045;"0";"Sensitivity | Current policies | Removed diesel efficiency gains";"Diesel"
"OPEX";"Diesel Infrastructure";"DE";"CO2 emission factor Pt-Diesel";"Tractor-Trailer";"BAU";"%";2045;"0";"Sensitivity | Current policies | Removed diesel efficiency gains";"Diesel"
"OPEX";"Diesel Infrastructure";"DE";"CO2 emission factor Pt-Diesel";"Rigid";"PROG";"%";2045;"0";"Sensitivity | Current policies | Removed diesel efficiency gains";"Diesel"
"OPEX";"Diesel Infrastructure";"DE";"CO2 emission factor Pt-Diesel";"Tractor-Trailer";"PROG";"%";2045;"0";"Sensitivity | Current policies | Removed diesel efficiency gains";"Diesel"
"OPEX";"Diesel Infrastructure";"ES";"CO2 emission factor Pt-Diesel";"Rigid";"BAU";"%";2045;"0";"Sensitivity | Current policies | Removed diesel efficiency gains";"Diesel"
"OPEX";"Diesel Infrastructure";"ES";"CO2 emission factor Pt-Diesel";"Tractor-Trailer";"BAU";"%";2045;"0";"Sensitivity | Current policies | Removed diesel efficiency gains";"Diesel"
"OPEX";"Diesel Infrastructure";"ES";"CO2 emission factor Pt-Diesel";"Rigid";"PROG";"%";2045;"0";"Sensitivity | Current policies | Removed diesel efficiency gains";"Diesel"
"OPEX";"Diesel Infrastructure";"ES";"CO2 emission factor Pt-Diesel";"Tractor-Trailer";"PROG";"%";2045;"0";"Sensitivity | Current policies | Removed diesel efficiency gains";"Diesel"
"OPEX";"Diesel Infrastructure";"FR";"CO2 emission factor Pt-Diesel";"Rigid";"BAU";"%";2045;"0";"Sensitivity | Current policies | Removed diesel efficiency gains";"Diesel"
"OPEX";"Diesel Infrastructure";"FR";"CO2 emission factor Pt-Diesel";"Tractor-Trailer";"BAU";"%";2045;"0";"Sensitivity | Current policies | Removed diesel efficiency gains";"Diesel"
"OPEX";"Diesel Infrastructure";"FR";"CO2 emission factor Pt-Diesel";"Rigid";"PROG";"%";2045;"0";"Sensitivity | Current policies | Removed diesel efficiency gains";"Diesel"
"OPEX";"Diesel Infrastructure";"FR";"CO2 emission factor Pt-Diesel";"Tractor-Trailer";"PROG";"%";2045;"0";"Sensitivity | Current policies | Removed diesel efficiency gains";"Diesel"
"OPEX";"Diesel Infrastructure";"IT";"CO2 emission factor Pt-Diesel";"Rigid";"BAU";"%";2045;"0";"Sensitivity | Current policies | Removed diesel efficiency gains";"Diesel"
"OPEX";"Diesel Infrastructure";"IT";"CO2 emission factor Pt-Diesel";"Tractor-Trailer";"BAU";"%";2045;"0";"Sensitivity | Current policies | Removed diesel efficiency gains";"Diesel"
"OPEX";"Diesel Infrastructure";"IT";"CO2 emission factor Pt-Diesel";"Rigid";"PROG";"%";2045;"0";"Sensitivity | Current policies | Removed diesel efficiency gains";"Diesel"
"OPEX";"Diesel Infrastructure";"IT";"CO2 emission factor Pt-Diesel";"Tractor-Trailer";"PROG";"%";2045;"0";"Sensitivity | Current policies | Removed diesel efficiency gains";"Diesel"
"OPEX";"Diesel Infrastructure";"NL";"CO2 emission factor Pt-Diesel";"Rigid";"BAU";"%";2045;"0";"Sensitivity | Current policies | Removed diesel efficiency gains";"Diesel"
"OPEX";"Diesel Infrastructure";"NL";"CO2 emission factor Pt-Diesel";"Tractor-Trailer";"BAU";"%";2045;"0";"Sensitivity | Current policies | Removed diesel efficiency gains";"Diesel"
"OPEX";"Diesel Infrastructure";"NL";"CO2 emission factor Pt-Diesel";"Rigid";"PROG";"%";2045;"0";"Sensitivity | Current policies | Removed diesel efficiency gains";"Diesel"
"OPEX";"Diesel Infrastructure";"NL";"CO2 emission factor Pt-Diesel";"Tractor-Trailer";"PROG";"%";2045;"0";"Sensitivity | Current policies | Removed diesel efficiency gains";"Diesel"
"OPEX";"Diesel Infrastructure";"PL";"CO2 emission factor Pt-Diesel";"Rigid";"BAU";"%";2045;"0";"Sensitivity | Current policies | Removed diesel efficiency gains";"Diesel"
"OPEX";"Diesel Infrastructure";"PL";"CO2 emission factor Pt-Diesel";"Tractor-Trailer";"BAU";"%";2045;"0";"Sensitivity | Current policies | Removed diesel efficiency gains";"Diesel"
"OPEX";"Diesel Infrastructure";"PL";"CO2 emission factor Pt-Diesel";"Rigid";"PROG";"%";2045;"0";"Sensitivity | Current policies | Removed diesel efficiency gains";"Diesel"
"OPEX";"Diesel Infrastructure";"PL";"CO2 emission factor Pt-Diesel";"Tractor-Trailer";"PROG";"%";2045;"0";"Sensitivity | Current policies | Removed diesel efficiency gains";"Diesel"
"OPEX";"Diesel Infrastructure";"UK";"CO2 emission factor Pt-Diesel";"Rigid";"BAU";"%";2045;"0";"Sensitivity | Current policies | Removed diesel efficiency gains";"Diesel"
"OPEX";"Diesel Infrastructure";"UK";"CO2 emission factor Pt-Diesel";"Tractor-Trailer";"BAU";"%";2045;"0";"Sensitivity | Current policies | Removed diesel efficiency gains";"Diesel"
"OPEX";"Diesel Infrastructure";"UK";"CO2 emission factor Pt-Diesel";"Rigid";"PROG";"%";2045;"0";"Sensitivity | Current policies | Removed diesel efficiency gains";"Diesel"
"OPEX";"Diesel Infrastructure";"UK";"CO2 emission factor Pt-Diesel";"Tractor-Trailer";"PROG";"%";2045;"0";"Sensitivity | Current policies | Removed diesel efficiency gains";"Diesel"
"OPEX";"Taxes";"DE";"Network Costs - MCS";"Rigid";"BAU";"EUR/kWh";2045;"0.034";"Sensitivity | Current policies | Removed diesel efficiency gains";"Electricity"
"OPEX";"Taxes";"DE";"Network Costs - MCS";"Tractor-Trailer";"BAU";"EUR/kWh";2045;"0.034";"Sensitivity | Current policies | Removed diesel efficiency gains";"Electricity"
"OPEX";"Taxes";"ES";"Network Costs - MCS";"Rigid";"BAU";"EUR/kWh";2045;"0.018";"Sensitivity | Current policies | Removed diesel efficiency gains";"Electricity"
"OPEX";"Taxes";"ES";"Network Costs - MCS";"Tractor-Trailer";"BAU";"EUR/kWh";2045;"0.018";"Sensitivity | Current policies | Removed diesel efficiency gains";"Electricity"
"OPEX";"Taxes";"FR";"Network Costs - MCS";"Rigid";"BAU";"EUR/kWh";2045;"0.018";"Sensitivity | Current policies | Removed diesel efficiency gains";"Electricity"
"OPEX";"Taxes";"FR";"Network Costs - MCS";"Tractor-Trailer";"BAU";"EUR/kWh";2045;"0.018";"Sensitivity | Current policies | Removed diesel efficiency gains";"Electricity"
"OPEX";"Taxes";"IT";"Network Costs - MCS";"Rigid";"BAU";"EUR/kWh";2045;"0.015";"Sensitivity | Current policies | Removed diesel efficiency gains";"Electricity"
"OPEX";"Taxes";"IT";"Network Costs - MCS";"Tractor-Trailer";"BAU";"EUR/kWh";2045;"0.015";"Sensitivity | Current policies | Removed diesel efficiency gains";"Electricity"
"OPEX";"Taxes";"NL";"Network Costs - MCS";"Rigid";"BAU";"EUR/kWh";2045;"0.016";"Sensitivity | Current policies | Removed diesel efficiency gains";"Electricity"
"OPEX";"Taxes";"NL";"Network Costs - MCS";"Tractor-Trailer";"BAU";"EUR/kWh";2045;"0.016";"Sensitivity | Current policies | Removed diesel efficiency gains";"Electricity"
"OPEX";"Taxes";"PL";"Network Costs - MCS";"Rigid";"BAU";"EUR/kWh";2045;"0.019";"Sensitivity | Current policies | Removed diesel efficiency gains";"Electricity"
"OPEX";"Taxes";"PL";"Network Costs - MCS";"Tractor-Trailer";"BAU";"EUR/kWh";2045;"0.019";"Sensitivity | Current policies | Removed diesel efficiency gains";"Electricity"
"OPEX";"Taxes";"UK";"Network Costs - MCS";"Rigid";"BAU";"EUR/kWh";2045;"0.027";"Sensitivity | Current policies | Removed diesel efficiency gains";"Electricity"
"OPEX";"Taxes";"UK";"Network Costs - MCS";"Tractor-Trailer";"BAU";"EUR/kWh";2045;"0.027";"Sensitivity | Current policies | Removed diesel efficiency gains";"Electricity"
"OPEX";"Taxes";"DE";"Taxes, Fees, Levies and charges - MCS";"Rigid";"BAU";"EUR/kWh";2045;"0.056";"Sensitivity | Current policies | Removed diesel efficiency gains";"Electricity"
"OPEX";"Taxes";"DE";"Taxes, Fees, Levies and charges - MCS";"Tractor-Trailer";"BAU";"EUR/kWh";2045;"0.056";"Sensitivity | Current policies | Removed diesel efficiency gains";"Electricity"
"OPEX";"Taxes";"ES";"Taxes, Fees, Levies and charges - MCS";"Rigid";"BAU";"EUR/kWh";2045;"0.036";"Sensitivity | Current policies | Removed diesel efficiency gains";"Electricity"
"OPEX";"Taxes";"ES";"Taxes, Fees, Levies and charges - MCS";"Tractor-Trailer";"BAU";"EUR/kWh";2045;"0.036";"Sensitivity | Current policies | Removed diesel efficiency gains";"Electricity"
"OPEX";"Taxes";"FR";"Taxes, Fees, Levies and charges - MCS";"Rigid";"BAU";"EUR/kWh";2045;"0.03";"Sensitivity | Current policies | Removed diesel efficiency gains";"Electricity"
"OPEX";"Taxes";"FR";"Taxes, Fees, Levies and charges - MCS";"Tractor-Trailer";"BAU";"EUR/kWh";2045;"0.03";"Sensitivity | Current policies | Removed diesel efficiency gains";"Electricity"
"OPEX";"Taxes";"IT";"Taxes, Fees, Levies and charges - MCS";"Rigid";"BAU";"EUR/kWh";2045;"0.062";"Sensitivity | Current policies | Removed diesel efficiency gains";"Electricity"
"OPEX";"Taxes";"IT";"Taxes, Fees, Levies and charges - MCS";"Tractor-Trailer";"BAU";"EUR/kWh";2045;"0.062";"Sensitivity | Current policies | Removed diesel efficiency gains";"Electricity"
"OPEX";"Taxes";"NL";"Taxes, Fees, Levies and charges - MCS";"Rigid";"BAU";"EUR/kWh";2045;"0.055";"Sensitivity | Current policies | Removed diesel efficiency gains";"Electricity"
"OPEX";"Taxes";"NL";"Taxes, Fees, Levies and charges - MCS";"Tractor-Trailer";"BAU";"EUR/kWh";2045;"0.055";"Sensitivity | Current policies | Removed diesel efficiency gains";"Electricity"
"OPEX";"Taxes";"PL";"Taxes, Fees, Levies and charges - MCS";"Rigid";"BAU";"EUR/kWh";2045;"0.049";"Sensitivity | Current policies | Removed diesel efficiency gains";"Electricity"
"OPEX";"Taxes";"PL";"Taxes, Fees, Levies and charges - MCS";"Tractor-Trailer";"BAU";"EUR/kWh";2045;"0.049";"Sensitivity | Current policies | Removed diesel efficiency gains";"Electricity"
"OPEX";"Taxes";"UK";"Taxes, Fees, Levies and charges - MCS";"Rigid";"BAU";"EUR/kWh";2045;"0.077";"Sensitivity | Current policies | Removed diesel efficiency gains";"Electricity"
"OPEX";"Taxes";"UK";"Taxes, Fees, Levies and charges - MCS";"Tractor-Trailer";"BAU";"EUR/kWh";2045;"0.077";"Sensitivity | Current policies | Removed diesel efficiency gains";"Electricity"
"OPEX";"Taxes";"DE";"Network Costs - Depot";"Rigid";"BAU";"EUR/kWh";2045;"0.034";"Sensitivity | Current policies | Removed diesel efficiency gains";"Electricity"
"OPEX";"Taxes";"DE";"Network Costs - Depot";"Tractor-Trailer";"BAU";"EUR/kWh";2045;"0.034";"Sensitivity | Current policies | Removed diesel efficiency gains";"Electricity"
"OPEX";"Taxes";"ES";"Network Costs - Depot";"Rigid";"BAU";"EUR/kWh";2045;"0.018";"Sensitivity | Current policies | Removed diesel efficiency gains";"Electricity"
"OPEX";"Taxes";"ES";"Network Costs - Depot";"Tractor-Trailer";"BAU";"EUR/kWh";2045;"0.018";"Sensitivity | Current policies | Removed diesel efficiency gains";"Electricity"
"OPEX";"Taxes";"FR";"Network Costs - Depot";"Rigid";"BAU";"EUR/kWh";2045;"0.018";"Sensitivity | Current policies | Removed diesel efficiency gains";"Electricity"
"OPEX";"Taxes";"FR";"Network Costs - Depot";"Tractor-Trailer";"BAU";"EUR/kWh";2045;"0.018";"Sensitivity | Current policies | Removed diesel efficiency gains";"Electricity"
"OPEX";"Taxes";"IT";"Network Costs - Depot";"Rigid";"BAU";"EUR/kWh";2045;"0.016";"Sensitivity | Current policies | Removed diesel efficiency gains";"Electricity"
"OPEX";"Taxes";"IT";"Network Costs - Depot";"Tractor-Trailer";"BAU";"EUR/kWh";2045;"0.016";"Sensitivity | Current policies | Removed diesel efficiency gains";"Electricity"
"OPEX";"Taxes";"NL";"Network Costs - Depot";"Rigid";"BAU";"EUR/kWh";2045;"0.016";"Sensitivity | Current policies | Removed diesel efficiency gains";"Electricity"
"OPEX";"Taxes";"NL";"Network Costs - Depot";"Tractor-Trailer";"BAU";"EUR/kWh";2045;"0.016";"Sensitivity | Current policies | Removed diesel efficiency gains";"Electricity"
"OPEX";"Taxes";"PL";"Network Costs - Depot";"Rigid";"BAU";"EUR/kWh";2045;"0.019";"Sensitivity | Current policies | Removed diesel efficiency gains";"Electricity"
"OPEX";"Taxes";"PL";"Network Costs - Depot";"Tractor-Trailer";"BAU";"EUR/kWh";2045;"0.019";"Sensitivity | Current policies | Removed diesel efficiency gains";"Electricity"
"OPEX";"Taxes";"UK";"Network Costs - Depot";"Rigid";"BAU";"EUR/kWh";2045;"0.027";"Sensitivity | Current policies | Removed diesel efficiency gains";"Electricity"
"OPEX";"Taxes";"UK";"Network Costs - Depot";"Tractor-Trailer";"BAU";"EUR/kWh";2045;"0.027";"Sensitivity | Current policies | Removed diesel efficiency gains";"Electricity"
"OPEX";"Taxes";"DE";"Taxes, Fees, Levies and charges - Depot";"Rigid";"BAU";"EUR/kWh";2045;"0.056";"Sensitivity | Current policies | Removed diesel efficiency gains";"Electricity"
"OPEX";"Taxes";"DE";"Taxes, Fees, Levies and charges - Depot";"Tractor-Trailer";"BAU";"EUR/kWh";2045;"0.056";"Sensitivity | Current policies | Removed diesel efficiency gains";"Electricity"
"OPEX";"Taxes";"ES";"Taxes, Fees, Levies and charges - Depot";"Rigid";"BAU";"EUR/kWh";2045;"0.036";"Sensitivity | Current policies | Removed diesel efficiency gains";"Electricity"
"OPEX";"Taxes";"ES";"Taxes, Fees, Levies and charges - Depot";"Tractor-Trailer";"BAU";"EUR/kWh";2045;"0.036";"Sensitivity | Current policies | Removed diesel efficiency gains";"Electricity"
"OPEX";"Taxes";"FR";"Taxes, Fees, Levies and charges - Depot";"Rigid";"BAU";"EUR/kWh";2045;"0.03";"Sensitivity | Current policies | Removed diesel efficiency gains";"Electricity"
"OPEX";"Taxes";"FR";"Taxes, Fees, Levies and charges - Depot";"Tractor-Trailer";"BAU";"EUR/kWh";2045;"0.03";"Sensitivity | Current policies | Removed diesel efficiency gains";"Electricity"
"OPEX";"Taxes";"IT";"Taxes, Fees, Levies and charges - Depot";"Rigid";"BAU";"EUR/kWh";2045;"0.063";"Sensitivity | Current policies | Removed diesel efficiency gains";"Electricity"
"OPEX";"Taxes";"IT";"Taxes, Fees, Levies and charges - Depot";"Tractor-Trailer";"BAU";"EUR/kWh";2045;"0.063";"Sensitivity | Current policies | Removed diesel efficiency gains";"Electricity"
"OPEX";"Taxes";"NL";"Taxes, Fees, Levies and charges - Depot";"Rigid";"BAU";"EUR/kWh";2045;"0.055";"Sensitivity | Current policies | Removed diesel efficiency gains";"Electricity"
"OPEX";"Taxes";"NL";"Taxes, Fees, Levies and charges - Depot";"Tractor-Trailer";"BAU";"EUR/kWh";2045;"0.055";"Sensitivity | Current policies | Removed diesel efficiency gains";"Electricity"
"OPEX";"Taxes";"PL";"Taxes, Fees, Levies and charges - Depot";"Rigid";"BAU";"EUR/kWh";2045;"0.049";"Sensitivity | Current policies | Removed diesel efficiency gains";"Electricity"
"OPEX";"Taxes";"PL";"Taxes, Fees, Levies and charges - Depot";"Tractor-Trailer";"BAU";"EUR/kWh";2045;"0.049";"Sensitivity | Current policies | Removed diesel efficiency gains";"Electricity"
"OPEX";"Taxes";"UK";"Taxes, Fees, Levies and charges - Depot";"Rigid";"BAU";"EUR/kWh";2045;"0.077";"Sensitivity | Current policies | Removed diesel efficiency gains";"Electricity"
"OPEX";"Taxes";"UK";"Taxes, Fees, Levies and charges - Depot";"Tractor-Trailer";"BAU";"EUR/kWh";2045;"0.077";"Sensitivity | Current policies | Removed diesel efficiency gains";"Electricity"
"OPEX";"H2 Infrastructure";"DE";"HRS costs";"Rigid";"BAU";"EUR/kg H2";2045;"1.1";"Sensitivity | Current policies | Removed diesel efficiency gains";"Hydrogen"
"OPEX";"H2 Infrastructure";"DE";"HRS costs";"Tractor-Trailer";"BAU";"EUR/kg H2";2045;"1.1";"Sensitivity | Current policies | Removed diesel efficiency gains";"Hydrogen"
"OPEX";"H2 Infrastructure";"ES";"HRS costs";"Rigid";"BAU";"EUR/kg H2";2045;"1.1";"Sensitivity | Current policies | Removed diesel efficiency gains";"Hydrogen"
"OPEX";"H2 Infrastructure";"ES";"HRS costs";"Tractor-Trailer";"BAU";"EUR/kg H2";2045;"1.1";"Sensitivity | Current policies | Removed diesel efficiency gains";"Hydrogen"
"OPEX";"H2 Infrastructure";"FR";"HRS costs";"Rigid";"BAU";"EUR/kg H2";2045;"1.1";"Sensitivity | Current policies | Removed diesel efficiency gains";"Hydrogen"
"OPEX";"H2 Infrastructure";"FR";"HRS costs";"Tractor-Trailer";"BAU";"EUR/kg H2";2045;"1.1";"Sensitivity | Current policies | Removed diesel efficiency gains";"Hydrogen"
"OPEX";"H2 Infrastructure";"IT";"HRS costs";"Rigid";"BAU";"EUR/kg H2";2045;"1.1";"Sensitivity | Current policies | Removed diesel efficiency gains";"Hydrogen"
"OPEX";"H2 Infrastructure";"IT";"HRS costs";"Tractor-Trailer";"BAU";"EUR/kg H2";2045;"1.1";"Sensitivity | Current policies | Removed diesel efficiency gains";"Hydrogen"
"OPEX";"H2 Infrastructure";"NL";"HRS costs";"Rigid";"BAU";"EUR/kg H2";2045;"1.1";"Sensitivity | Current policies | Removed diesel efficiency gains";"Hydrogen"
"OPEX";"H2 Infrastructure";"NL";"HRS costs";"Tractor-Trailer";"BAU";"EUR/kg H2";2045;"1.1";"Sensitivity | Current policies | Removed diesel efficiency gains";"Hydrogen"
"OPEX";"H2 Infrastructure";"PL";"HRS costs";"Rigid";"BAU";"EUR/kg H2";2045;"1.1";"Sensitivity | Current policies | Removed diesel efficiency gains";"Hydrogen"
"OPEX";"H2 Infrastructure";"PL";"HRS costs";"Tractor-Trailer";"BAU";"EUR/kg H2";2045;"1.1";"Sensitivity | Current policies | Removed diesel efficiency gains";"Hydrogen"
"OPEX";"H2 Infrastructure";"UK";"HRS costs";"Rigid";"BAU";"EUR/kg H2";2045;"1.1";"Sensitivity | Current policies | Removed diesel efficiency gains";"Hydrogen"
"OPEX";"H2 Infrastructure";"UK";"HRS costs";"Tractor-Trailer";"BAU";"EUR/kg H2";2045;"1.1";"Sensitivity | Current policies | Removed diesel efficiency gains";"Hydrogen"
"OPEX";"H2 Infrastructure";"DE";"H2 transport and distribution";"Rigid";"BAU";"EUR/kg H2";2045;"1";"Sensitivity | Current policies | Removed diesel efficiency gains";"Hydrogen"
"OPEX";"H2 Infrastructure";"DE";"H2 transport and distribution";"Tractor-Trailer";"BAU";"EUR/kg H2";2045;"1";"Sensitivity | Current policies | Removed diesel efficiency gains";"Hydrogen"
"OPEX";"H2 Infrastructure";"ES";"H2 transport and distribution";"Rigid";"BAU";"EUR/kg H2";2045;"1";"Sensitivity | Current policies | Removed diesel efficiency gains";"Hydrogen"
"OPEX";"H2 Infrastructure";"ES";"H2 transport and distribution";"Tractor-Trailer";"BAU";"EUR/kg H2";2045;"1";"Sensitivity | Current policies | Removed diesel efficiency gains";"Hydrogen"
"OPEX";"H2 Infrastructure";"FR";"H2 transport and distribution";"Rigid";"BAU";"EUR/kg H2";2045;"1";"Sensitivity | Current policies | Removed diesel efficiency gains";"Hydrogen"
"OPEX";"H2 Infrastructure";"FR";"H2 transport and distribution";"Tractor-Trailer";"BAU";"EUR/kg H2";2045;"1";"Sensitivity | Current policies | Removed diesel efficiency gains";"Hydrogen"
"OPEX";"H2 Infrastructure";"IT";"H2 transport and distribution";"Rigid";"BAU";"EUR/kg H2";2045;"1";"Sensitivity | Current policies | Removed diesel efficiency gains";"Hydrogen"
"OPEX";"H2 Infrastructure";"IT";"H2 transport and distribution";"Tractor-Trailer";"BAU";"EUR/kg H2";2045;"1";"Sensitivity | Current policies | Removed diesel efficiency gains";"Hydrogen"
"OPEX";"H2 Infrastructure";"NL";"H2 transport and distribution";"Rigid";"BAU";"EUR/kg H2";2045;"1";"Sensitivity | Current policies | Removed diesel efficiency gains";"Hydrogen"
"OPEX";"H2 Infrastructure";"NL";"H2 transport and distribution";"Tractor-Trailer";"BAU";"EUR/kg H2";2045;"1";"Sensitivity | Current policies | Removed diesel efficiency gains";"Hydrogen"
"OPEX";"H2 Infrastructure";"PL";"H2 transport and distribution";"Rigid";"BAU";"EUR/kg H2";2045;"1";"Sensitivity | Current policies | Removed diesel efficiency gains";"Hydrogen"
"OPEX";"H2 Infrastructure";"PL";"H2 transport and distribution";"Tractor-Trailer";"BAU";"EUR/kg H2";2045;"1";"Sensitivity | Current policies | Removed diesel efficiency gains";"Hydrogen"
"OPEX";"H2 Infrastructure";"UK";"H2 transport and distribution";"Rigid";"BAU";"EUR/kg H2";2045;"1";"Sensitivity | Current policies | Removed diesel efficiency gains";"Hydrogen"
"OPEX";"H2 Infrastructure";"UK";"H2 transport and distribution";"Tractor-Trailer";"BAU";"EUR/kg H2";2045;"1";"Sensitivity | Current policies | Removed diesel efficiency gains";"Hydrogen"
"OPEX";"H2 Infrastructure";"DE";"HRS Overhead, Profit and Mark-Up";"Rigid";"BAU";"EUR/kg H2";2045;"0.25";"Sensitivity | Current policies | Removed diesel efficiency gains";"Hydrogen"
"OPEX";"H2 Infrastructure";"DE";"HRS Overhead, Profit and Mark-Up";"Tractor-Trailer";"BAU";"EUR/kg H2";2045;"0.25";"Sensitivity | Current policies | Removed diesel efficiency gains";"Hydrogen"
"OPEX";"H2 Infrastructure";"ES";"HRS Overhead, Profit and Mark-Up";"Rigid";"BAU";"EUR/kg H2";2045;"0.25";"Sensitivity | Current policies | Removed diesel efficiency gains";"Hydrogen"
"OPEX";"H2 Infrastructure";"ES";"HRS Overhead, Profit and Mark-Up";"Tractor-Trailer";"BAU";"EUR/kg H2";2045;"0.25";"Sensitivity | Current policies | Removed diesel efficiency gains";"Hydrogen"
"OPEX";"H2 Infrastructure";"FR";"HRS Overhead, Profit and Mark-Up";"Rigid";"BAU";"EUR/kg H2";2045;"0.25";"Sensitivity | Current policies | Removed diesel efficiency gains";"Hydrogen"
"OPEX";"H2 Infrastructure";"FR";"HRS Overhead, Profit and Mark-Up";"Tractor-Trailer";"BAU";"EUR/kg H2";2045;"0.25";"Sensitivity | Current policies | Removed diesel efficiency gains";"Hydrogen"
"OPEX";"H2 Infrastructure";"IT";"HRS Overhead, Profit and Mark-Up";"Rigid";"BAU";"EUR/kg H2";2045;"0.25";"Sensitivity | Current policies | Removed diesel efficiency gains";"Hydrogen"
"OPEX";"H2 Infrastructure";"IT";"HRS Overhead, Profit and Mark-Up";"Tractor-Trailer";"BAU";"EUR/kg H2";2045;"0.25";"Sensitivity | Current policies | Removed diesel efficiency gains";"Hydrogen"
"OPEX";"H2 Infrastructure";"NL";"HRS Overhead, Profit and Mark-Up";"Rigid";"BAU";"EUR/kg H2";2045;"0.25";"Sensitivity | Current policies | Removed diesel efficiency gains";"Hydrogen"
"OPEX";"H2 Infrastructure";"NL";"HRS Overhead, Profit and Mark-Up";"Tractor-Trailer";"BAU";"EUR/kg H2";2045;"0.25";"Sensitivity | Current policies | Removed diesel efficiency gains";"Hydrogen"
"OPEX";"H2 Infrastructure";"PL";"HRS Overhead, Profit and Mark-Up";"Rigid";"BAU";"EUR/kg H2";2045;"0.25";"Sensitivity | Current policies | Removed diesel efficiency gains";"Hydrogen"
"OPEX";"H2 Infrastructure";"PL";"HRS Overhead, Profit and Mark-Up";"Tractor-Trailer";"BAU";"EUR/kg H2";2045;"0.25";"Sensitivity | Current policies | Removed diesel efficiency gains";"Hydrogen"
"OPEX";"H2 Infrastructure";"UK";"HRS Overhead, Profit and Mark-Up";"Rigid";"BAU";"EUR/kg H2";2045;"0.25";"Sensitivity | Current policies | Removed diesel efficiency gains";"Hydrogen"
"OPEX";"H2 Infrastructure";"UK";"HRS Overhead, Profit and Mark-Up";"Tractor-Trailer";"BAU";"EUR/kg H2";2045;"0.25";"Sensitivity | Current policies | Removed diesel efficiency gains";"Hydrogen"
"OPEX";"Charging Infrastructure";"DE";"MCS Station (Public Charging) - Incl. Overhead";"Rigid";"BAU";"EUR/kWh";2045;"0.032";"Sensitivity | Current policies | Removed diesel efficiency gains";"Electricity"
"OPEX";"Charging Infrastructure";"DE";"MCS Station (Public Charging) - Incl. Overhead";"Tractor-Trailer";"BAU";"EUR/kWh";2045;"0.032";"Sensitivity | Current policies | Removed diesel efficiency gains";"Electricity"
"OPEX";"Charging Infrastructure";"ES";"MCS Station (Public Charging) - Incl. Overhead";"Rigid";"BAU";"EUR/kWh";2045;"0.032";"Sensitivity | Current policies | Removed diesel efficiency gains";"Electricity"
"OPEX";"Charging Infrastructure";"ES";"MCS Station (Public Charging) - Incl. Overhead";"Tractor-Trailer";"BAU";"EUR/kWh";2045;"0.032";"Sensitivity | Current policies | Removed diesel efficiency gains";"Electricity"
"OPEX";"Charging Infrastructure";"FR";"MCS Station (Public Charging) - Incl. Overhead";"Rigid";"BAU";"EUR/kWh";2045;"0.032";"Sensitivity | Current policies | Removed diesel efficiency gains";"Electricity"
"OPEX";"Charging Infrastructure";"FR";"MCS Station (Public Charging) - Incl. Overhead";"Tractor-Trailer";"BAU";"EUR/kWh";2045;"0.032";"Sensitivity | Current policies | Removed diesel efficiency gains";"Electricity"
"OPEX";"Charging Infrastructure";"IT";"MCS Station (Public Charging) - Incl. Overhead";"Rigid";"BAU";"EUR/kWh";2045;"0.032";"Sensitivity | Current policies | Removed diesel efficiency gains";"Electricity"
"OPEX";"Charging Infrastructure";"IT";"MCS Station (Public Charging) - Incl. Overhead";"Tractor-Trailer";"BAU";"EUR/kWh";2045;"0.032";"Sensitivity | Current policies | Removed diesel efficiency gains";"Electricity"
"OPEX";"Charging Infrastructure";"NL";"MCS Station (Public Charging) - Incl. Overhead";"Rigid";"BAU";"EUR/kWh";2045;"0.032";"Sensitivity | Current policies | Removed diesel efficiency gains";"Electricity"
"OPEX";"Charging Infrastructure";"NL";"MCS Station (Public Charging) - Incl. Overhead";"Tractor-Trailer";"BAU";"EUR/kWh";2045;"0.032";"Sensitivity | Current policies | Removed diesel efficiency gains";"Electricity"
"OPEX";"Charging Infrastructure";"PL";"MCS Station (Public Charging) - Incl. Overhead";"Rigid";"BAU";"EUR/kWh";2045;"0.032";"Sensitivity | Current policies | Removed diesel efficiency gains";"Electricity"
"OPEX";"Charging Infrastructure";"PL";"MCS Station (Public Charging) - Incl. Overhead";"Tractor-Trailer";"BAU";"EUR/kWh";2045;"0.032";"Sensitivity | Current policies | Removed diesel efficiency gains";"Electricity"
"OPEX";"Charging Infrastructure";"UK";"MCS Station (Public Charging) - Incl. Overhead";"Rigid";"BAU";"EUR/kWh";2045;"0.032";"Sensitivity | Current policies | Removed diesel efficiency gains";"Electricity"
"OPEX";"Charging Infrastructure";"UK";"MCS Station (Public Charging) - Incl. Overhead";"Tractor-Trailer";"BAU";"EUR/kWh";2045;"0.032";"Sensitivity | Current policies | Removed diesel efficiency gains";"Electricity"
"OPEX";"Charging Infrastructure";"DE";"Share MCS-Charging";"Rigid";"BAU";"%";2045;"0.2";"Sensitivity | Current policies | Removed diesel efficiency gains";"Electricity"
"OPEX";"Charging Infrastructure";"DE";"Share MCS-Charging";"Tractor-Trailer";"BAU";"%";2045;"0.2";"Sensitivity | Current policies | Removed diesel efficiency gains";"Electricity"
"OPEX";"Charging Infrastructure";"ES";"Share MCS-Charging";"Rigid";"BAU";"%";2045;"0.2";"Sensitivity | Current policies | Removed diesel efficiency gains";"Electricity"
"OPEX";"Charging Infrastructure";"ES";"Share MCS-Charging";"Tractor-Trailer";"BAU";"%";2045;"0.2";"Sensitivity | Current policies | Removed diesel efficiency gains";"Electricity"
"OPEX";"Charging Infrastructure";"FR";"Share MCS-Charging";"Rigid";"BAU";"%";2045;"0.2";"Sensitivity | Current policies | Removed diesel efficiency gains";"Electricity"
"OPEX";"Charging Infrastructure";"FR";"Share MCS-Charging";"Tractor-Trailer";"BAU";"%";2045;"0.2";"Sensitivity | Current policies | Removed diesel efficiency gains";"Electricity"
"OPEX";"Charging Infrastructure";"IT";"Share MCS-Charging";"Rigid";"BAU";"%";2045;"0.2";"Sensitivity | Current policies | Removed diesel efficiency gains";"Electricity"
"OPEX";"Charging Infrastructure";"IT";"Share MCS-Charging";"Tractor-Trailer";"BAU";"%";2045;"0.2";"Sensitivity | Current policies | Removed diesel efficiency gains";"Electricity"
"OPEX";"Charging Infrastructure";"NL";"Share MCS-Charging";"Rigid";"BAU";"%";2045;"0.2";"Sensitivity | Current policies | Removed diesel efficiency gains";"Electricity"
"OPEX";"Charging Infrastructure";"NL";"Share MCS-Charging";"Tractor-Trailer";"BAU";"%";2045;"0.2";"Sensitivity | Current policies | Removed diesel efficiency gains";"Electricity"
"OPEX";"Charging Infrastructure";"PL";"Share MCS-Charging";"Rigid";"BAU";"%";2045;"0.2";"Sensitivity | Current policies | Removed diesel efficiency gains";"Electricity"
"OPEX";"Charging Infrastructure";"PL";"Share MCS-Charging";"Tractor-Trailer";"BAU";"%";2045;"0.2";"Sensitivity | Current policies | Removed diesel efficiency gains";"Electricity"
"OPEX";"Charging Infrastructure";"UK";"Share MCS-Charging";"Rigid";"BAU";"%";2045;"0.2";"Sensitivity | Current policies | Removed diesel efficiency gains";"Electricity"
"OPEX";"Charging Infrastructure";"UK";"Share MCS-Charging";"Tractor-Trailer";"BAU";"%";2045;"0.2";"Sensitivity | Current policies | Removed diesel efficiency gains";"Electricity"
"OPEX";"Charging Infrastructure";"DE";"Depot - Network fees savings potential";"Rigid";"BAU";"EUR/kWh";2045;"0";"Sensitivity | Current policies | Removed diesel efficiency gains";"Electricity"
"OPEX";"Charging Infrastructure";"DE";"Depot - Network fees savings potential";"Tractor-Trailer";"BAU";"EUR/kWh";2045;"0";"Sensitivity | Current policies | Removed diesel efficiency gains";"Electricity"
"OPEX";"Charging Infrastructure";"ES";"Depot - Network fees savings potential";"Rigid";"BAU";"EUR/kWh";2045;"0";"Sensitivity | Current policies | Removed diesel efficiency gains";"Electricity"
"OPEX";"Charging Infrastructure";"ES";"Depot - Network fees savings potential";"Tractor-Trailer";"BAU";"EUR/kWh";2045;"0";"Sensitivity | Current policies | Removed diesel efficiency gains";"Electricity"
"OPEX";"Charging Infrastructure";"FR";"Depot - Network fees savings potential";"Rigid";"BAU";"EUR/kWh";2045;"0";"Sensitivity | Current policies | Removed diesel efficiency gains";"Electricity"
"OPEX";"Charging Infrastructure";"FR";"Depot - Network fees savings potential";"Tractor-Trailer";"BAU";"EUR/kWh";2045;"0";"Sensitivity | Current policies | Removed diesel efficiency gains";"Electricity"
"OPEX";"Charging Infrastructure";"IT";"Depot - Network fees savings potential";"Rigid";"BAU";"EUR/kWh";2045;"0";"Sensitivity | Current policies | Removed diesel efficiency gains";"Electricity"
"OPEX";"Charging Infrastructure";"IT";"Depot - Network fees savings potential";"Tractor-Trailer";"BAU";"EUR/kWh";2045;"0";"Sensitivity | Current policies | Removed diesel efficiency gains";"Electricity"
"OPEX";"Charging Infrastructure";"NL";"Depot - Network fees savings potential";"Rigid";"BAU";"EUR/kWh";2045;"0";"Sensitivity | Current policies | Removed diesel efficiency gains";"Electricity"
"OPEX";"Charging Infrastructure";"NL";"Depot - Network fees savings potential";"Tractor-Trailer";"BAU";"EUR/kWh";2045;"0";"Sensitivity | Current policies | Removed diesel efficiency gains";"Electricity"
"OPEX";"Charging Infrastructure";"PL";"Depot - Network fees savings potential";"Rigid";"BAU";"EUR/kWh";2045;"0";"Sensitivity | Current policies | Removed diesel efficiency gains";"Electricity"
"OPEX";"Charging Infrastructure";"PL";"Depot - Network fees savings potential";"Tractor-Trailer";"BAU";"EUR/kWh";2045;"0";"Sensitivity | Current policies | Removed diesel efficiency gains";"Electricity"
"OPEX";"Charging Infrastructure";"UK";"Depot - Network fees savings potential";"Rigid";"BAU";"EUR/kWh";2045;"0";"Sensitivity | Current policies | Removed diesel efficiency gains";"Electricity"
"OPEX";"Charging Infrastructure";"UK";"Depot - Network fees savings potential";"Tractor-Trailer";"BAU";"EUR/kWh";2045;"0";"Sensitivity | Current policies | Removed diesel efficiency gains";"Electricity"
"OPEX";"Taxes";"DE";"Tax reduction";"Rigid";"BAU";"%";2045;"0";"Sensitivity | Current policies | Removed diesel efficiency gains";"Hydrogen"
"OPEX";"Taxes";"DE";"Tax reduction";"Tractor-Trailer";"BAU";"%";2045;"0";"Sensitivity | Current policies | Removed diesel efficiency gains";"Hydrogen"
"OPEX";"Taxes";"ES";"Tax reduction";"Rigid";"BAU";"%";2045;"0";"Sensitivity | Current policies | Removed diesel efficiency gains";"Hydrogen"
"OPEX";"Taxes";"ES";"Tax reduction";"Tractor-Trailer";"BAU";"%";2045;"0";"Sensitivity | Current policies | Removed diesel efficiency gains";"Hydrogen"
"OPEX";"Taxes";"FR";"Tax reduction";"Rigid";"BAU";"%";2045;"0";"Sensitivity | Current policies | Removed diesel efficiency gains";"Hydrogen"
"OPEX";"Taxes";"FR";"Tax reduction";"Tractor-Trailer";"BAU";"%";2045;"0";"Sensitivity | Current policies | Removed diesel efficiency gains";"Hydrogen"
"OPEX";"Taxes";"IT";"Tax reduction";"Rigid";"BAU";"%";2045;"0";"Sensitivity | Current policies | Removed diesel efficiency gains";"Hydrogen"
"OPEX";"Taxes";"IT";"Tax reduction";"Tractor-Trailer";"BAU";"%";2045;"0";"Sensitivity | Current policies | Removed diesel efficiency gains";"Hydrogen"
"OPEX";"Taxes";"NL";"Tax reduction";"Rigid";"BAU";"%";2045;"0";"Sensitivity | Current policies | Removed diesel efficiency gains";"Hydrogen"
"OPEX";"Taxes";"NL";"Tax reduction";"Tractor-Trailer";"BAU";"%";2045;"0";"Sensitivity | Current policies | Removed diesel efficiency gains";"Hydrogen"
"OPEX";"Taxes";"PL";"Tax reduction";"Rigid";"BAU";"%";2045;"0";"Sensitivity | Current policies | Removed diesel efficiency gains";"Hydrogen"
"OPEX";"Taxes";"PL";"Tax reduction";"Tractor-Trailer";"BAU";"%";2045;"0";"Sensitivity | Current policies | Removed diesel efficiency gains";"Hydrogen"
"OPEX";"Taxes";"UK";"Tax reduction";"Rigid";"BAU";"%";2045;"0";"Sensitivity | Current policies | Removed diesel efficiency gains";"Hydrogen"
"OPEX";"Taxes";"UK";"Tax reduction";"Tractor-Trailer";"BAU";"%";2045;"0";"Sensitivity | Current policies | Removed diesel efficiency gains";"Hydrogen"
"OPEX";"Taxes";"DE";"Increasing grid fees";"Rigid";"PROG";"%";2045;"0.25";"Sensitivity | Current policies | Removed diesel efficiency gains";"Electricity"
"OPEX";"Taxes";"DE";"Increasing grid fees";"Tractor-Trailer";"PROG";"%";2045;"0.25";"Sensitivity | Current policies | Removed diesel efficiency gains";"Electricity"
"OPEX";"Taxes";"ES";"Increasing grid fees";"Rigid";"PROG";"%";2045;"0.25";"Sensitivity | Current policies | Removed diesel efficiency gains";"Electricity"
"OPEX";"Taxes";"ES";"Increasing grid fees";"Tractor-Trailer";"PROG";"%";2045;"0.25";"Sensitivity | Current policies | Removed diesel efficiency gains";"Electricity"
"OPEX";"Taxes";"FR";"Increasing grid fees";"Rigid";"PROG";"%";2045;"0.25";"Sensitivity | Current policies | Removed diesel efficiency gains";"Electricity"
"OPEX";"Taxes";"FR";"Increasing grid fees";"Tractor-Trailer";"PROG";"%";2045;"0.25";"Sensitivity | Current policies | Removed diesel efficiency gains";"Electricity"
"OPEX";"Taxes";"IT";"Increasing grid fees";"Rigid";"PROG";"%";2045;"0.25";"Sensitivity | Current policies | Removed diesel efficiency gains";"Electricity"
"OPEX";"Taxes";"IT";"Increasing grid fees";"Tractor-Trailer";"PROG";"%";2045;"0.25";"Sensitivity | Current policies | Removed diesel efficiency gains";"Electricity"
"OPEX";"Taxes";"NL";"Increasing grid fees";"Rigid";"PROG";"%";2045;"0.25";"Sensitivity | Current policies | Removed diesel efficiency gains";"Electricity"
"OPEX";"Taxes";"NL";"Increasing grid fees";"Tractor-Trailer";"PROG";"%";2045;"0.25";"Sensitivity | Current policies | Removed diesel efficiency gains";"Electricity"
"OPEX";"Taxes";"PL";"Increasing grid fees";"Rigid";"PROG";"%";2045;"0.25";"Sensitivity | Current policies | Removed diesel efficiency gains";"Electricity"
"OPEX";"Taxes";"PL";"Increasing grid fees";"Tractor-Trailer";"PROG";"%";2045;"0.25";"Sensitivity | Current policies | Removed diesel efficiency gains";"Electricity"
"OPEX";"Taxes";"UK";"Increasing grid fees";"Rigid";"PROG";"%";2045;"0.25";"Sensitivity | Current policies | Removed diesel efficiency gains";"Electricity"
"OPEX";"Taxes";"UK";"Increasing grid fees";"Tractor-Trailer";"PROG";"%";2045;"0.25";"Sensitivity | Current policies | Removed diesel efficiency gains";"Electricity"
"OPEX";"Taxes";"DE";"Increasing grid fees";"Rigid";"BAU";"%";2045;"0.417";"Sensitivity | Current policies | Removed diesel efficiency gains";"Electricity"
"OPEX";"Taxes";"DE";"Increasing grid fees";"Tractor-Trailer";"BAU";"%";2045;"0.417";"Sensitivity | Current policies | Removed diesel efficiency gains";"Electricity"
"OPEX";"Taxes";"ES";"Increasing grid fees";"Rigid";"BAU";"%";2045;"0.417";"Sensitivity | Current policies | Removed diesel efficiency gains";"Electricity"
"OPEX";"Taxes";"ES";"Increasing grid fees";"Tractor-Trailer";"BAU";"%";2045;"0.417";"Sensitivity | Current policies | Removed diesel efficiency gains";"Electricity"
"OPEX";"Taxes";"FR";"Increasing grid fees";"Rigid";"BAU";"%";2045;"0.417";"Sensitivity | Current policies | Removed diesel efficiency gains";"Electricity"
"OPEX";"Taxes";"FR";"Increasing grid fees";"Tractor-Trailer";"BAU";"%";2045;"0.417";"Sensitivity | Current policies | Removed diesel efficiency gains";"Electricity"
"OPEX";"Taxes";"IT";"Increasing grid fees";"Rigid";"BAU";"%";2045;"0.417";"Sensitivity | Current policies | Removed diesel efficiency gains";"Electricity"
"OPEX";"Taxes";"IT";"Increasing grid fees";"Tractor-Trailer";"BAU";"%";2045;"0.417";"Sensitivity | Current policies | Removed diesel efficiency gains";"Electricity"
"OPEX";"Taxes";"NL";"Increasing grid fees";"Rigid";"BAU";"%";2045;"0.417";"Sensitivity | Current policies | Removed diesel efficiency gains";"Electricity"
"OPEX";"Taxes";"NL";"Increasing grid fees";"Tractor-Trailer";"BAU";"%";2045;"0.417";"Sensitivity | Current policies | Removed diesel efficiency gains";"Electricity"
"OPEX";"Taxes";"PL";"Increasing grid fees";"Rigid";"BAU";"%";2045;"0.417";"Sensitivity | Current policies | Removed diesel efficiency gains";"Electricity"
"OPEX";"Taxes";"PL";"Increasing grid fees";"Tractor-Trailer";"BAU";"%";2045;"0.417";"Sensitivity | Current policies | Removed diesel efficiency gains";"Electricity"
"OPEX";"Taxes";"UK";"Increasing grid fees";"Rigid";"BAU";"%";2045;"0.417";"Sensitivity | Current policies | Removed diesel efficiency gains";"Electricity"
"OPEX";"Taxes";"UK";"Increasing grid fees";"Tractor-Trailer";"BAU";"%";2045;"0.417";"Sensitivity | Current policies | Removed diesel efficiency gains";"Electricity"
"OPEX";"Taxes";"DE";"Network Costs - MCS";"Rigid";"PROG";"EUR/kWh";2050;"0.021";"Sensitivity | Current policies | Removed diesel efficiency gains";"Electricity"
"OPEX";"Taxes";"DE";"Network Costs - MCS";"Tractor-Trailer";"PROG";"EUR/kWh";2050;"0.021";"Sensitivity | Current policies | Removed diesel efficiency gains";"Electricity"
"OPEX";"Taxes";"ES";"Network Costs - MCS";"Rigid";"PROG";"EUR/kWh";2050;"0.009";"Sensitivity | Current policies | Removed diesel efficiency gains";"Electricity"
"OPEX";"Taxes";"ES";"Network Costs - MCS";"Tractor-Trailer";"PROG";"EUR/kWh";2050;"0.009";"Sensitivity | Current policies | Removed diesel efficiency gains";"Electricity"
"OPEX";"Taxes";"FR";"Network Costs - MCS";"Rigid";"PROG";"EUR/kWh";2050;"0.014";"Sensitivity | Current policies | Removed diesel efficiency gains";"Electricity"
"OPEX";"Taxes";"FR";"Network Costs - MCS";"Tractor-Trailer";"PROG";"EUR/kWh";2050;"0.014";"Sensitivity | Current policies | Removed diesel efficiency gains";"Electricity"
"OPEX";"Taxes";"IT";"Network Costs - MCS";"Rigid";"PROG";"EUR/kWh";2050;"0.012";"Sensitivity | Current policies | Removed diesel efficiency gains";"Electricity"
"OPEX";"Taxes";"IT";"Network Costs - MCS";"Tractor-Trailer";"PROG";"EUR/kWh";2050;"0.012";"Sensitivity | Current policies | Removed diesel efficiency gains";"Electricity"
"OPEX";"Taxes";"NL";"Network Costs - MCS";"Rigid";"PROG";"EUR/kWh";2050;"0.015";"Sensitivity | Current policies | Removed diesel efficiency gains";"Electricity"
"OPEX";"Taxes";"NL";"Network Costs - MCS";"Tractor-Trailer";"PROG";"EUR/kWh";2050;"0.015";"Sensitivity | Current policies | Removed diesel efficiency gains";"Electricity"
"OPEX";"Taxes";"PL";"Network Costs - MCS";"Rigid";"PROG";"EUR/kWh";2050;"0.014";"Sensitivity | Current policies | Removed diesel efficiency gains";"Electricity"
"OPEX";"Taxes";"PL";"Network Costs - MCS";"Tractor-Trailer";"PROG";"EUR/kWh";2050;"0.014";"Sensitivity | Current policies | Removed diesel efficiency gains";"Electricity"
"OPEX";"Taxes";"UK";"Network Costs - MCS";"Rigid";"PROG";"EUR/kWh";2050;"0.018";"Sensitivity | Current policies | Removed diesel efficiency gains";"Electricity"
"OPEX";"Taxes";"UK";"Network Costs - MCS";"Tractor-Trailer";"PROG";"EUR/kWh";2050;"0.018";"Sensitivity | Current policies | Removed diesel efficiency gains";"Electricity"
"OPEX";"Taxes";"DE";"Taxes, Fees, Levies and charges - MCS";"Rigid";"PROG";"EUR/kWh";2050;"0.051";"Sensitivity | Current policies | Removed diesel efficiency gains";"Electricity"
"OPEX";"Taxes";"DE";"Taxes, Fees, Levies and charges - MCS";"Tractor-Trailer";"PROG";"EUR/kWh";2050;"0.051";"Sensitivity | Current policies | Removed diesel efficiency gains";"Electricity"
"OPEX";"Taxes";"ES";"Taxes, Fees, Levies and charges - MCS";"Rigid";"PROG";"EUR/kWh";2050;"0.026";"Sensitivity | Current policies | Removed diesel efficiency gains";"Electricity"
"OPEX";"Taxes";"ES";"Taxes, Fees, Levies and charges - MCS";"Tractor-Trailer";"PROG";"EUR/kWh";2050;"0.026";"Sensitivity | Current policies | Removed diesel efficiency gains";"Electricity"
"OPEX";"Taxes";"FR";"Taxes, Fees, Levies and charges - MCS";"Rigid";"PROG";"EUR/kWh";2050;"0.022";"Sensitivity | Current policies | Removed diesel efficiency gains";"Electricity"
"OPEX";"Taxes";"FR";"Taxes, Fees, Levies and charges - MCS";"Tractor-Trailer";"PROG";"EUR/kWh";2050;"0.022";"Sensitivity | Current policies | Removed diesel efficiency gains";"Electricity"
"OPEX";"Taxes";"IT";"Taxes, Fees, Levies and charges - MCS";"Rigid";"PROG";"EUR/kWh";2050;"0.034";"Sensitivity | Current policies | Removed diesel efficiency gains";"Electricity"
"OPEX";"Taxes";"IT";"Taxes, Fees, Levies and charges - MCS";"Tractor-Trailer";"PROG";"EUR/kWh";2050;"0.034";"Sensitivity | Current policies | Removed diesel efficiency gains";"Electricity"
"OPEX";"Taxes";"NL";"Taxes, Fees, Levies and charges - MCS";"Rigid";"PROG";"EUR/kWh";2050;"0.023";"Sensitivity | Current policies | Removed diesel efficiency gains";"Electricity"
"OPEX";"Taxes";"NL";"Taxes, Fees, Levies and charges - MCS";"Tractor-Trailer";"PROG";"EUR/kWh";2050;"0.023";"Sensitivity | Current policies | Removed diesel efficiency gains";"Electricity"
"OPEX";"Taxes";"PL";"Taxes, Fees, Levies and charges - MCS";"Rigid";"PROG";"EUR/kWh";2050;"0.045";"Sensitivity | Current policies | Removed diesel efficiency gains";"Electricity"
"OPEX";"Taxes";"PL";"Taxes, Fees, Levies and charges - MCS";"Tractor-Trailer";"PROG";"EUR/kWh";2050;"0.045";"Sensitivity | Current policies | Removed diesel efficiency gains";"Electricity"
"OPEX";"Taxes";"UK";"Taxes, Fees, Levies and charges - MCS";"Rigid";"PROG";"EUR/kWh";2050;"0.074";"Sensitivity | Current policies | Removed diesel efficiency gains";"Electricity"
"OPEX";"Taxes";"UK";"Taxes, Fees, Levies and charges - MCS";"Tractor-Trailer";"PROG";"EUR/kWh";2050;"0.074";"Sensitivity | Current policies | Removed diesel efficiency gains";"Electricity"
"OPEX";"Taxes";"DE";"Network Costs - Depot";"Rigid";"PROG";"EUR/kWh";2050;"0.034";"Sensitivity | Current policies | Removed diesel efficiency gains";"Electricity"
"OPEX";"Taxes";"DE";"Network Costs - Depot";"Tractor-Trailer";"PROG";"EUR/kWh";2050;"0.034";"Sensitivity | Current policies | Removed diesel efficiency gains";"Electricity"
"OPEX";"Taxes";"ES";"Network Costs - Depot";"Rigid";"PROG";"EUR/kWh";2050;"0.018";"Sensitivity | Current policies | Removed diesel efficiency gains";"Electricity"
"OPEX";"Taxes";"ES";"Network Costs - Depot";"Tractor-Trailer";"PROG";"EUR/kWh";2050;"0.018";"Sensitivity | Current policies | Removed diesel efficiency gains";"Electricity"
"OPEX";"Taxes";"FR";"Network Costs - Depot";"Rigid";"PROG";"EUR/kWh";2050;"0.018";"Sensitivity | Current policies | Removed diesel efficiency gains";"Electricity"
"OPEX";"Taxes";"FR";"Network Costs - Depot";"Tractor-Trailer";"PROG";"EUR/kWh";2050;"0.018";"Sensitivity | Current policies | Removed diesel efficiency gains";"Electricity"
"OPEX";"Taxes";"IT";"Network Costs - Depot";"Rigid";"PROG";"EUR/kWh";2050;"0.016";"Sensitivity | Current policies | Removed diesel efficiency gains";"Electricity"
"OPEX";"Taxes";"IT";"Network Costs - Depot";"Tractor-Trailer";"PROG";"EUR/kWh";2050;"0.016";"Sensitivity | Current policies | Removed diesel efficiency gains";"Electricity"
"OPEX";"Taxes";"NL";"Network Costs - Depot";"Rigid";"PROG";"EUR/kWh";2050;"0.016";"Sensitivity | Current policies | Removed diesel efficiency gains";"Electricity"
"OPEX";"Taxes";"NL";"Network Costs - Depot";"Tractor-Trailer";"PROG";"EUR/kWh";2050;"0.016";"Sensitivity | Current policies | Removed diesel efficiency gains";"Electricity"
"OPEX";"Taxes";"PL";"Network Costs - Depot";"Rigid";"PROG";"EUR/kWh";2050;"0.019";"Sensitivity | Current policies | Removed diesel efficiency gains";"Electricity"
"OPEX";"Taxes";"PL";"Network Costs - Depot";"Tractor-Trailer";"PROG";"EUR/kWh";2050;"0.019";"Sensitivity | Current policies | Removed diesel efficiency gains";"Electricity"
"OPEX";"Taxes";"UK";"Network Costs - Depot";"Rigid";"PROG";"EUR/kWh";2050;"0.027";"Sensitivity | Current policies | Removed diesel efficiency gains";"Electricity"
"OPEX";"Taxes";"UK";"Network Costs - Depot";"Tractor-Trailer";"PROG";"EUR/kWh";2050;"0.027";"Sensitivity | Current policies | Removed diesel efficiency gains";"Electricity"
"OPEX";"Taxes";"DE";"Taxes, Fees, Levies and charges - Depot";"Rigid";"PROG";"EUR/kWh";2050;"0.056";"Sensitivity | Current policies | Removed diesel efficiency gains";"Electricity"
"OPEX";"Taxes";"DE";"Taxes, Fees, Levies and charges - Depot";"Tractor-Trailer";"PROG";"EUR/kWh";2050;"0.056";"Sensitivity | Current policies | Removed diesel efficiency gains";"Electricity"
"OPEX";"Taxes";"ES";"Taxes, Fees, Levies and charges - Depot";"Rigid";"PROG";"EUR/kWh";2050;"0.036";"Sensitivity | Current policies | Removed diesel efficiency gains";"Electricity"
"OPEX";"Taxes";"ES";"Taxes, Fees, Levies and charges - Depot";"Tractor-Trailer";"PROG";"EUR/kWh";2050;"0.036";"Sensitivity | Current policies | Removed diesel efficiency gains";"Electricity"
"OPEX";"Taxes";"FR";"Taxes, Fees, Levies and charges - Depot";"Rigid";"PROG";"EUR/kWh";2050;"0.03";"Sensitivity | Current policies | Removed diesel efficiency gains";"Electricity"
"OPEX";"Taxes";"FR";"Taxes, Fees, Levies and charges - Depot";"Tractor-Trailer";"PROG";"EUR/kWh";2050;"0.03";"Sensitivity | Current policies | Removed diesel efficiency gains";"Electricity"
"OPEX";"Taxes";"IT";"Taxes, Fees, Levies and charges - Depot";"Rigid";"PROG";"EUR/kWh";2050;"0.063";"Sensitivity | Current policies | Removed diesel efficiency gains";"Electricity"
"OPEX";"Taxes";"IT";"Taxes, Fees, Levies and charges - Depot";"Tractor-Trailer";"PROG";"EUR/kWh";2050;"0.063";"Sensitivity | Current policies | Removed diesel efficiency gains";"Electricity"
"OPEX";"Taxes";"NL";"Taxes, Fees, Levies and charges - Depot";"Rigid";"PROG";"EUR/kWh";2050;"0.055";"Sensitivity | Current policies | Removed diesel efficiency gains";"Electricity"
"OPEX";"Taxes";"NL";"Taxes, Fees, Levies and charges - Depot";"Tractor-Trailer";"PROG";"EUR/kWh";2050;"0.055";"Sensitivity | Current policies | Removed diesel efficiency gains";"Electricity"
"OPEX";"Taxes";"PL";"Taxes, Fees, Levies and charges - Depot";"Rigid";"PROG";"EUR/kWh";2050;"0.049";"Sensitivity | Current policies | Removed diesel efficiency gains";"Electricity"
"OPEX";"Taxes";"PL";"Taxes, Fees, Levies and charges - Depot";"Tractor-Trailer";"PROG";"EUR/kWh";2050;"0.049";"Sensitivity | Current policies | Removed diesel efficiency gains";"Electricity"
"OPEX";"Taxes";"UK";"Taxes, Fees, Levies and charges - Depot";"Rigid";"PROG";"EUR/kWh";2050;"0.077";"Sensitivity | Current policies | Removed diesel efficiency gains";"Electricity"
"OPEX";"Taxes";"UK";"Taxes, Fees, Levies and charges - Depot";"Tractor-Trailer";"PROG";"EUR/kWh";2050;"0.077";"Sensitivity | Current policies | Removed diesel efficiency gains";"Electricity"
"OPEX";"H2 Infrastructure";"DE";"HRS costs";"Rigid";"PROG";"EUR/kg H2";2050;"0.6";"Sensitivity | Current policies | Removed diesel efficiency gains";"Hydrogen"
"OPEX";"H2 Infrastructure";"DE";"HRS costs";"Tractor-Trailer";"PROG";"EUR/kg H2";2050;"0.6";"Sensitivity | Current policies | Removed diesel efficiency gains";"Hydrogen"
"OPEX";"H2 Infrastructure";"ES";"HRS costs";"Rigid";"PROG";"EUR/kg H2";2050;"0.6";"Sensitivity | Current policies | Removed diesel efficiency gains";"Hydrogen"
"OPEX";"H2 Infrastructure";"ES";"HRS costs";"Tractor-Trailer";"PROG";"EUR/kg H2";2050;"0.6";"Sensitivity | Current policies | Removed diesel efficiency gains";"Hydrogen"
"OPEX";"H2 Infrastructure";"FR";"HRS costs";"Rigid";"PROG";"EUR/kg H2";2050;"0.6";"Sensitivity | Current policies | Removed diesel efficiency gains";"Hydrogen"
"OPEX";"H2 Infrastructure";"FR";"HRS costs";"Tractor-Trailer";"PROG";"EUR/kg H2";2050;"0.6";"Sensitivity | Current policies | Removed diesel efficiency gains";"Hydrogen"
"OPEX";"H2 Infrastructure";"IT";"HRS costs";"Rigid";"PROG";"EUR/kg H2";2050;"0.6";"Sensitivity | Current policies | Removed diesel efficiency gains";"Hydrogen"
"OPEX";"H2 Infrastructure";"IT";"HRS costs";"Tractor-Trailer";"PROG";"EUR/kg H2";2050;"0.6";"Sensitivity | Current policies | Removed diesel efficiency gains";"Hydrogen"
"OPEX";"H2 Infrastructure";"NL";"HRS costs";"Rigid";"PROG";"EUR/kg H2";2050;"0.6";"Sensitivity | Current policies | Removed diesel efficiency gains";"Hydrogen"
"OPEX";"H2 Infrastructure";"NL";"HRS costs";"Tractor-Trailer";"PROG";"EUR/kg H2";2050;"0.6";"Sensitivity | Current policies | Removed diesel efficiency gains";"Hydrogen"
"OPEX";"H2 Infrastructure";"PL";"HRS costs";"Rigid";"PROG";"EUR/kg H2";2050;"0.6";"Sensitivity | Current policies | Removed diesel efficiency gains";"Hydrogen"
"OPEX";"H2 Infrastructure";"PL";"HRS costs";"Tractor-Trailer";"PROG";"EUR/kg H2";2050;"0.6";"Sensitivity | Current policies | Removed diesel efficiency gains";"Hydrogen"
"OPEX";"H2 Infrastructure";"UK";"HRS costs";"Rigid";"PROG";"EUR/kg H2";2050;"0.6";"Sensitivity | Current policies | Removed diesel efficiency gains";"Hydrogen"
"OPEX";"H2 Infrastructure";"UK";"HRS costs";"Tractor-Trailer";"PROG";"EUR/kg H2";2050;"0.6";"Sensitivity | Current policies | Removed diesel efficiency gains";"Hydrogen"
"OPEX";"H2 Infrastructure";"DE";"H2 transport and distribution";"Rigid";"PROG";"EUR/kg H2";2050;"0.667";"Sensitivity | Current policies | Removed diesel efficiency gains";"Hydrogen"
"OPEX";"H2 Infrastructure";"DE";"H2 transport and distribution";"Tractor-Trailer";"PROG";"EUR/kg H2";2050;"0.667";"Sensitivity | Current policies | Removed diesel efficiency gains";"Hydrogen"
"OPEX";"H2 Infrastructure";"ES";"H2 transport and distribution";"Rigid";"PROG";"EUR/kg H2";2050;"0.667";"Sensitivity | Current policies | Removed diesel efficiency gains";"Hydrogen"
"OPEX";"H2 Infrastructure";"ES";"H2 transport and distribution";"Tractor-Trailer";"PROG";"EUR/kg H2";2050;"0.667";"Sensitivity | Current policies | Removed diesel efficiency gains";"Hydrogen"
"OPEX";"H2 Infrastructure";"FR";"H2 transport and distribution";"Rigid";"PROG";"EUR/kg H2";2050;"0.667";"Sensitivity | Current policies | Removed diesel efficiency gains";"Hydrogen"
"OPEX";"H2 Infrastructure";"FR";"H2 transport and distribution";"Tractor-Trailer";"PROG";"EUR/kg H2";2050;"0.667";"Sensitivity | Current policies | Removed diesel efficiency gains";"Hydrogen"
"OPEX";"H2 Infrastructure";"IT";"H2 transport and distribution";"Rigid";"PROG";"EUR/kg H2";2050;"0.667";"Sensitivity | Current policies | Removed diesel efficiency gains";"Hydrogen"
"OPEX";"H2 Infrastructure";"IT";"H2 transport and distribution";"Tractor-Trailer";"PROG";"EUR/kg H2";2050;"0.667";"Sensitivity | Current policies | Removed diesel efficiency gains";"Hydrogen"
"OPEX";"H2 Infrastructure";"NL";"H2 transport and distribution";"Rigid";"PROG";"EUR/kg H2";2050;"0.667";"Sensitivity | Current policies | Removed diesel efficiency gains";"Hydrogen"
"OPEX";"H2 Infrastructure";"NL";"H2 transport and distribution";"Tractor-Trailer";"PROG";"EUR/kg H2";2050;"0.667";"Sensitivity | Current policies | Removed diesel efficiency gains";"Hydrogen"
"OPEX";"H2 Infrastructure";"PL";"H2 transport and distribution";"Rigid";"PROG";"EUR/kg H2";2050;"0.667";"Sensitivity | Current policies | Removed diesel efficiency gains";"Hydrogen"
"OPEX";"H2 Infrastructure";"PL";"H2 transport and distribution";"Tractor-Trailer";"PROG";"EUR/kg H2";2050;"0.667";"Sensitivity | Current policies | Removed diesel efficiency gains";"Hydrogen"
"OPEX";"H2 Infrastructure";"UK";"H2 transport and distribution";"Rigid";"PROG";"EUR/kg H2";2050;"0.667";"Sensitivity | Current policies | Removed diesel efficiency gains";"Hydrogen"
"OPEX";"H2 Infrastructure";"UK";"H2 transport and distribution";"Tractor-Trailer";"PROG";"EUR/kg H2";2050;"0.667";"Sensitivity | Current policies | Removed diesel efficiency gains";"Hydrogen"
"OPEX";"H2 Infrastructure";"DE";"HRS Overhead, Profit and Mark-Up";"Rigid";"PROG";"EUR/kg H2";2050;"0.25";"Sensitivity | Current policies | Removed diesel efficiency gains";"Hydrogen"
"OPEX";"H2 Infrastructure";"DE";"HRS Overhead, Profit and Mark-Up";"Tractor-Trailer";"PROG";"EUR/kg H2";2050;"0.25";"Sensitivity | Current policies | Removed diesel efficiency gains";"Hydrogen"
"OPEX";"H2 Infrastructure";"ES";"HRS Overhead, Profit and Mark-Up";"Rigid";"PROG";"EUR/kg H2";2050;"0.25";"Sensitivity | Current policies | Removed diesel efficiency gains";"Hydrogen"
"OPEX";"H2 Infrastructure";"ES";"HRS Overhead, Profit and Mark-Up";"Tractor-Trailer";"PROG";"EUR/kg H2";2050;"0.25";"Sensitivity | Current policies | Removed diesel efficiency gains";"Hydrogen"
"OPEX";"H2 Infrastructure";"FR";"HRS Overhead, Profit and Mark-Up";"Rigid";"PROG";"EUR/kg H2";2050;"0.25";"Sensitivity | Current policies | Removed diesel efficiency gains";"Hydrogen"
"OPEX";"H2 Infrastructure";"FR";"HRS Overhead, Profit and Mark-Up";"Tractor-Trailer";"PROG";"EUR/kg H2";2050;"0.25";"Sensitivity | Current policies | Removed diesel efficiency gains";"Hydrogen"
"OPEX";"H2 Infrastructure";"IT";"HRS Overhead, Profit and Mark-Up";"Rigid";"PROG";"EUR/kg H2";2050;"0.25";"Sensitivity | Current policies | Removed diesel efficiency gains";"Hydrogen"
"OPEX";"H2 Infrastructure";"IT";"HRS Overhead, Profit and Mark-Up";"Tractor-Trailer";"PROG";"EUR/kg H2";2050;"0.25";"Sensitivity | Current policies | Removed diesel efficiency gains";"Hydrogen"
"OPEX";"H2 Infrastructure";"NL";"HRS Overhead, Profit and Mark-Up";"Rigid";"PROG";"EUR/kg H2";2050;"0.25";"Sensitivity | Current policies | Removed diesel efficiency gains";"Hydrogen"
"OPEX";"H2 Infrastructure";"NL";"HRS Overhead, Profit and Mark-Up";"Tractor-Trailer";"PROG";"EUR/kg H2";2050;"0.25";"Sensitivity | Current policies | Removed diesel efficiency gains";"Hydrogen"
"OPEX";"H2 Infrastructure";"PL";"HRS Overhead, Profit and Mark-Up";"Rigid";"PROG";"EUR/kg H2";2050;"0.25";"Sensitivity | Current policies | Removed diesel efficiency gains";"Hydrogen"
"OPEX";"H2 Infrastructure";"PL";"HRS Overhead, Profit and Mark-Up";"Tractor-Trailer";"PROG";"EUR/kg H2";2050;"0.25";"Sensitivity | Current policies | Removed diesel efficiency gains";"Hydrogen"
"OPEX";"H2 Infrastructure";"UK";"HRS Overhead, Profit and Mark-Up";"Rigid";"PROG";"EUR/kg H2";2050;"0.25";"Sensitivity | Current policies | Removed diesel efficiency gains";"Hydrogen"
"OPEX";"H2 Infrastructure";"UK";"HRS Overhead, Profit and Mark-Up";"Tractor-Trailer";"PROG";"EUR/kg H2";2050;"0.25";"Sensitivity | Current policies | Removed diesel efficiency gains";"Hydrogen"
"OPEX";"Charging Infrastructure";"DE";"MCS Station (Public Charging) - Incl. Overhead";"Rigid";"PROG";"EUR/kWh";2050;"0.013";"Sensitivity | Current policies | Removed diesel efficiency gains";"Electricity"
"OPEX";"Charging Infrastructure";"DE";"MCS Station (Public Charging) - Incl. Overhead";"Tractor-Trailer";"PROG";"EUR/kWh";2050;"0.013";"Sensitivity | Current policies | Removed diesel efficiency gains";"Electricity"
"OPEX";"Charging Infrastructure";"ES";"MCS Station (Public Charging) - Incl. Overhead";"Rigid";"PROG";"EUR/kWh";2050;"0.013";"Sensitivity | Current policies | Removed diesel efficiency gains";"Electricity"
"OPEX";"Charging Infrastructure";"ES";"MCS Station (Public Charging) - Incl. Overhead";"Tractor-Trailer";"PROG";"EUR/kWh";2050;"0.013";"Sensitivity | Current policies | Removed diesel efficiency gains";"Electricity"
"OPEX";"Charging Infrastructure";"FR";"MCS Station (Public Charging) - Incl. Overhead";"Rigid";"PROG";"EUR/kWh";2050;"0.013";"Sensitivity | Current policies | Removed diesel efficiency gains";"Electricity"
"OPEX";"Charging Infrastructure";"FR";"MCS Station (Public Charging) - Incl. Overhead";"Tractor-Trailer";"PROG";"EUR/kWh";2050;"0.013";"Sensitivity | Current policies | Removed diesel efficiency gains";"Electricity"
"OPEX";"Charging Infrastructure";"IT";"MCS Station (Public Charging) - Incl. Overhead";"Rigid";"PROG";"EUR/kWh";2050;"0.013";"Sensitivity | Current policies | Removed diesel efficiency gains";"Electricity"
"OPEX";"Charging Infrastructure";"IT";"MCS Station (Public Charging) - Incl. Overhead";"Tractor-Trailer";"PROG";"EUR/kWh";2050;"0.013";"Sensitivity | Current policies | Removed diesel efficiency gains";"Electricity"
"OPEX";"Charging Infrastructure";"NL";"MCS Station (Public Charging) - Incl. Overhead";"Rigid";"PROG";"EUR/kWh";2050;"0.013";"Sensitivity | Current policies | Removed diesel efficiency gains";"Electricity"
"OPEX";"Charging Infrastructure";"NL";"MCS Station (Public Charging) - Incl. Overhead";"Tractor-Trailer";"PROG";"EUR/kWh";2050;"0.013";"Sensitivity | Current policies | Removed diesel efficiency gains";"Electricity"
"OPEX";"Charging Infrastructure";"PL";"MCS Station (Public Charging) - Incl. Overhead";"Rigid";"PROG";"EUR/kWh";2050;"0.013";"Sensitivity | Current policies | Removed diesel efficiency gains";"Electricity"
"OPEX";"Charging Infrastructure";"PL";"MCS Station (Public Charging) - Incl. Overhead";"Tractor-Trailer";"PROG";"EUR/kWh";2050;"0.013";"Sensitivity | Current policies | Removed diesel efficiency gains";"Electricity"
"OPEX";"Charging Infrastructure";"UK";"MCS Station (Public Charging) - Incl. Overhead";"Rigid";"PROG";"EUR/kWh";2050;"0.013";"Sensitivity | Current policies | Removed diesel efficiency gains";"Electricity"
"OPEX";"Charging Infrastructure";"UK";"MCS Station (Public Charging) - Incl. Overhead";"Tractor-Trailer";"PROG";"EUR/kWh";2050;"0.013";"Sensitivity | Current policies | Removed diesel efficiency gains";"Electricity"
"OPEX";"Charging Infrastructure";"DE";"Share MCS-Charging";"Rigid";"PROG";"%";2050;"0.2";"Sensitivity | Current policies | Removed diesel efficiency gains";"Electricity"
"OPEX";"Charging Infrastructure";"DE";"Share MCS-Charging";"Tractor-Trailer";"PROG";"%";2050;"0.2";"Sensitivity | Current policies | Removed diesel efficiency gains";"Electricity"
"OPEX";"Charging Infrastructure";"ES";"Share MCS-Charging";"Rigid";"PROG";"%";2050;"0.2";"Sensitivity | Current policies | Removed diesel efficiency gains";"Electricity"
"OPEX";"Charging Infrastructure";"ES";"Share MCS-Charging";"Tractor-Trailer";"PROG";"%";2050;"0.2";"Sensitivity | Current policies | Removed diesel efficiency gains";"Electricity"
"OPEX";"Charging Infrastructure";"FR";"Share MCS-Charging";"Rigid";"PROG";"%";2050;"0.2";"Sensitivity | Current policies | Removed diesel efficiency gains";"Electricity"
"OPEX";"Charging Infrastructure";"FR";"Share MCS-Charging";"Tractor-Trailer";"PROG";"%";2050;"0.2";"Sensitivity | Current policies | Removed diesel efficiency gains";"Electricity"
"OPEX";"Charging Infrastructure";"IT";"Share MCS-Charging";"Rigid";"PROG";"%";2050;"0.2";"Sensitivity | Current policies | Removed diesel efficiency gains";"Electricity"
"OPEX";"Charging Infrastructure";"IT";"Share MCS-Charging";"Tractor-Trailer";"PROG";"%";2050;"0.2";"Sensitivity | Current policies | Removed diesel efficiency gains";"Electricity"
"OPEX";"Charging Infrastructure";"NL";"Share MCS-Charging";"Rigid";"PROG";"%";2050;"0.2";"Sensitivity | Current policies | Removed diesel efficiency gains";"Electricity"
"OPEX";"Charging Infrastructure";"NL";"Share MCS-Charging";"Tractor-Trailer";"PROG";"%";2050;"0.2";"Sensitivity | Current policies | Removed diesel efficiency gains";"Electricity"
"OPEX";"Charging Infrastructure";"PL";"Share MCS-Charging";"Rigid";"PROG";"%";2050;"0.2";"Sensitivity | Current policies | Removed diesel efficiency gains";"Electricity"
"OPEX";"Charging Infrastructure";"PL";"Share MCS-Charging";"Tractor-Trailer";"PROG";"%";2050;"0.2";"Sensitivity | Current policies | Removed diesel efficiency gains";"Electricity"
"OPEX";"Charging Infrastructure";"UK";"Share MCS-Charging";"Rigid";"PROG";"%";2050;"0.2";"Sensitivity | Current policies | Removed diesel efficiency gains";"Electricity"
"OPEX";"Charging Infrastructure";"UK";"Share MCS-Charging";"Tractor-Trailer";"PROG";"%";2050;"0.2";"Sensitivity | Current policies | Removed diesel efficiency gains";"Electricity"
"OPEX";"Charging Infrastructure";"DE";"Depot - Network fees savings potential";"Rigid";"PROG";"EUR/kWh";2050;"-0.01";"Sensitivity | Current policies | Removed diesel efficiency gains";"Electricity"
"OPEX";"Charging Infrastructure";"DE";"Depot - Network fees savings potential";"Tractor-Trailer";"PROG";"EUR/kWh";2050;"-0.01";"Sensitivity | Current policies | Removed diesel efficiency gains";"Electricity"
"OPEX";"Charging Infrastructure";"ES";"Depot - Network fees savings potential";"Rigid";"PROG";"EUR/kWh";2050;"-0.01";"Sensitivity | Current policies | Removed diesel efficiency gains";"Electricity"
"OPEX";"Charging Infrastructure";"ES";"Depot - Network fees savings potential";"Tractor-Trailer";"PROG";"EUR/kWh";2050;"-0.01";"Sensitivity | Current policies | Removed diesel efficiency gains";"Electricity"
"OPEX";"Charging Infrastructure";"FR";"Depot - Network fees savings potential";"Rigid";"PROG";"EUR/kWh";2050;"-0.01";"Sensitivity | Current policies | Removed diesel efficiency gains";"Electricity"
"OPEX";"Charging Infrastructure";"FR";"Depot - Network fees savings potential";"Tractor-Trailer";"PROG";"EUR/kWh";2050;"-0.01";"Sensitivity | Current policies | Removed diesel efficiency gains";"Electricity"
"OPEX";"Charging Infrastructure";"IT";"Depot - Network fees savings potential";"Rigid";"PROG";"EUR/kWh";2050;"-0.01";"Sensitivity | Current policies | Removed diesel efficiency gains";"Electricity"
"OPEX";"Charging Infrastructure";"IT";"Depot - Network fees savings potential";"Tractor-Trailer";"PROG";"EUR/kWh";2050;"-0.01";"Sensitivity | Current policies | Removed diesel efficiency gains";"Electricity"
"OPEX";"Charging Infrastructure";"NL";"Depot - Network fees savings potential";"Rigid";"PROG";"EUR/kWh";2050;"-0.01";"Sensitivity | Current policies | Removed diesel efficiency gains";"Electricity"
"OPEX";"Charging Infrastructure";"NL";"Depot - Network fees savings potential";"Tractor-Trailer";"PROG";"EUR/kWh";2050;"-0.01";"Sensitivity | Current policies | Removed diesel efficiency gains";"Electricity"
"OPEX";"Charging Infrastructure";"PL";"Depot - Network fees savings potential";"Rigid";"PROG";"EUR/kWh";2050;"-0.01";"Sensitivity | Current policies | Removed diesel efficiency gains";"Electricity"
"OPEX";"Charging Infrastructure";"PL";"Depot - Network fees savings potential";"Tractor-Trailer";"PROG";"EUR/kWh";2050;"-0.01";"Sensitivity | Current policies | Removed diesel efficiency gains";"Electricity"
"OPEX";"Charging Infrastructure";"UK";"Depot - Network fees savings potential";"Rigid";"PROG";"EUR/kWh";2050;"-0.01";"Sensitivity | Current policies | Removed diesel efficiency gains";"Electricity"
"OPEX";"Charging Infrastructure";"UK";"Depot - Network fees savings potential";"Tractor-Trailer";"PROG";"EUR/kWh";2050;"-0.01";"Sensitivity | Current policies | Removed diesel efficiency gains";"Electricity"
"OPEX";"Taxes";"DE";"Tax reduction";"Rigid";"PROG";"%";2050;"0";"Sensitivity | Current policies | Removed diesel efficiency gains";"Hydrogen"
"OPEX";"Taxes";"DE";"Tax reduction";"Tractor-Trailer";"PROG";"%";2050;"0";"Sensitivity | Current policies | Removed diesel efficiency gains";"Hydrogen"
"OPEX";"Taxes";"ES";"Tax reduction";"Rigid";"PROG";"%";2050;"0";"Sensitivity | Current policies | Removed diesel efficiency gains";"Hydrogen"
"OPEX";"Taxes";"ES";"Tax reduction";"Tractor-Trailer";"PROG";"%";2050;"0";"Sensitivity | Current policies | Removed diesel efficiency gains";"Hydrogen"
"OPEX";"Taxes";"FR";"Tax reduction";"Rigid";"PROG";"%";2050;"0";"Sensitivity | Current policies | Removed diesel efficiency gains";"Hydrogen"
"OPEX";"Taxes";"FR";"Tax reduction";"Tractor-Trailer";"PROG";"%";2050;"0";"Sensitivity | Current policies | Removed diesel efficiency gains";"Hydrogen"
"OPEX";"Taxes";"IT";"Tax reduction";"Rigid";"PROG";"%";2050;"0";"Sensitivity | Current policies | Removed diesel efficiency gains";"Hydrogen"
"OPEX";"Taxes";"IT";"Tax reduction";"Tractor-Trailer";"PROG";"%";2050;"0";"Sensitivity | Current policies | Removed diesel efficiency gains";"Hydrogen"
"OPEX";"Taxes";"NL";"Tax reduction";"Rigid";"PROG";"%";2050;"0";"Sensitivity | Current policies | Removed diesel efficiency gains";"Hydrogen"
"OPEX";"Taxes";"NL";"Tax reduction";"Tractor-Trailer";"PROG";"%";2050;"0";"Sensitivity | Current policies | Removed diesel efficiency gains";"Hydrogen"
"OPEX";"Taxes";"PL";"Tax reduction";"Rigid";"PROG";"%";2050;"0";"Sensitivity | Current policies | Removed diesel efficiency gains";"Hydrogen"
"OPEX";"Taxes";"PL";"Tax reduction";"Tractor-Trailer";"PROG";"%";2050;"0";"Sensitivity | Current policies | Removed diesel efficiency gains";"Hydrogen"
"OPEX";"Taxes";"UK";"Tax reduction";"Rigid";"PROG";"%";2050;"0";"Sensitivity | Current policies | Removed diesel efficiency gains";"Hydrogen"
"OPEX";"Taxes";"UK";"Tax reduction";"Tractor-Trailer";"PROG";"%";2050;"0";"Sensitivity | Current policies | Removed diesel efficiency gains";"Hydrogen"
"OPEX";"Taxes";"DE";"Excise Duty - Diesel";"Rigid";"BAU";"EUR/kWh";2050;"0.047";"Sensitivity | Current policies | Removed diesel efficiency gains";"Diesel"
"OPEX";"Taxes";"DE";"Excise Duty - Diesel";"Tractor-Trailer";"BAU";"EUR/kWh";2050;"0.047";"Sensitivity | Current policies | Removed diesel efficiency gains";"Diesel"
"OPEX";"Taxes";"DE";"Excise Duty - Diesel";"Rigid";"PROG";"EUR/kWh";2050;"0.047";"Sensitivity | Current policies | Removed diesel efficiency gains";"Diesel"
"OPEX";"Taxes";"DE";"Excise Duty - Diesel";"Tractor-Trailer";"PROG";"EUR/kWh";2050;"0.047";"Sensitivity | Current policies | Removed diesel efficiency gains";"Diesel"
"OPEX";"Taxes";"ES";"Excise Duty - Diesel";"Rigid";"BAU";"EUR/kWh";2050;"0.038";"Sensitivity | Current policies | Removed diesel efficiency gains";"Diesel"
"OPEX";"Taxes";"ES";"Excise Duty - Diesel";"Tractor-Trailer";"BAU";"EUR/kWh";2050;"0.038";"Sensitivity | Current policies | Removed diesel efficiency gains";"Diesel"
"OPEX";"Taxes";"ES";"Excise Duty - Diesel";"Rigid";"PROG";"EUR/kWh";2050;"0.038";"Sensitivity | Current policies | Removed diesel efficiency gains";"Diesel"
"OPEX";"Taxes";"ES";"Excise Duty - Diesel";"Tractor-Trailer";"PROG";"EUR/kWh";2050;"0.038";"Sensitivity | Current policies | Removed diesel efficiency gains";"Diesel"
"OPEX";"Taxes";"FR";"Excise Duty - Diesel";"Rigid";"BAU";"EUR/kWh";2050;"0.06";"Sensitivity | Current policies | Removed diesel efficiency gains";"Diesel"
"OPEX";"Taxes";"FR";"Excise Duty - Diesel";"Tractor-Trailer";"BAU";"EUR/kWh";2050;"0.06";"Sensitivity | Current policies | Removed diesel efficiency gains";"Diesel"
"OPEX";"Taxes";"FR";"Excise Duty - Diesel";"Rigid";"PROG";"EUR/kWh";2050;"0.06";"Sensitivity | Current policies | Removed diesel efficiency gains";"Diesel"
"OPEX";"Taxes";"FR";"Excise Duty - Diesel";"Tractor-Trailer";"PROG";"EUR/kWh";2050;"0.06";"Sensitivity | Current policies | Removed diesel efficiency gains";"Diesel"
"OPEX";"Taxes";"IT";"Excise Duty - Diesel";"Rigid";"BAU";"EUR/kWh";2050;"0.062";"Sensitivity | Current policies | Removed diesel efficiency gains";"Diesel"
"OPEX";"Taxes";"IT";"Excise Duty - Diesel";"Tractor-Trailer";"BAU";"EUR/kWh";2050;"0.062";"Sensitivity | Current policies | Removed diesel efficiency gains";"Diesel"
"OPEX";"Taxes";"IT";"Excise Duty - Diesel";"Rigid";"PROG";"EUR/kWh";2050;"0.062";"Sensitivity | Current policies | Removed diesel efficiency gains";"Diesel"
"OPEX";"Taxes";"IT";"Excise Duty - Diesel";"Tractor-Trailer";"PROG";"EUR/kWh";2050;"0.062";"Sensitivity | Current policies | Removed diesel efficiency gains";"Diesel"
"OPEX";"Taxes";"NL";"Excise Duty - Diesel";"Rigid";"BAU";"EUR/kWh";2050;"0.053";"Sensitivity | Current policies | Removed diesel efficiency gains";"Diesel"
"OPEX";"Taxes";"NL";"Excise Duty - Diesel";"Tractor-Trailer";"BAU";"EUR/kWh";2050;"0.053";"Sensitivity | Current policies | Removed diesel efficiency gains";"Diesel"
"OPEX";"Taxes";"NL";"Excise Duty - Diesel";"Rigid";"PROG";"EUR/kWh";2050;"0.053";"Sensitivity | Current policies | Removed diesel efficiency gains";"Diesel"
"OPEX";"Taxes";"NL";"Excise Duty - Diesel";"Tractor-Trailer";"PROG";"EUR/kWh";2050;"0.053";"Sensitivity | Current policies | Removed diesel efficiency gains";"Diesel"
"OPEX";"Taxes";"PL";"Excise Duty - Diesel";"Rigid";"BAU";"EUR/kWh";2050;"0.033";"Sensitivity | Current policies | Removed diesel efficiency gains";"Diesel"
"OPEX";"Taxes";"PL";"Excise Duty - Diesel";"Tractor-Trailer";"BAU";"EUR/kWh";2050;"0.033";"Sensitivity | Current policies | Removed diesel efficiency gains";"Diesel"
"OPEX";"Taxes";"PL";"Excise Duty - Diesel";"Rigid";"PROG";"EUR/kWh";2050;"0.033";"Sensitivity | Current policies | Removed diesel efficiency gains";"Diesel"
"OPEX";"Taxes";"PL";"Excise Duty - Diesel";"Tractor-Trailer";"PROG";"EUR/kWh";2050;"0.033";"Sensitivity | Current policies | Removed diesel efficiency gains";"Diesel"
"OPEX";"Taxes";"UK";"Excise Duty - Diesel";"Rigid";"BAU";"EUR/kWh";2050;"0.053";"Sensitivity | Current policies | Removed diesel efficiency gains";"Diesel"
"OPEX";"Taxes";"UK";"Excise Duty - Diesel";"Tractor-Trailer";"BAU";"EUR/kWh";2050;"0.053";"Sensitivity | Current policies | Removed diesel efficiency gains";"Diesel"
"OPEX";"Taxes";"UK";"Excise Duty - Diesel";"Rigid";"PROG";"EUR/kWh";2050;"0.053";"Sensitivity | Current policies | Removed diesel efficiency gains";"Diesel"
"OPEX";"Taxes";"UK";"Excise Duty - Diesel";"Tractor-Trailer";"PROG";"EUR/kWh";2050;"0.053";"Sensitivity | Current policies | Removed diesel efficiency gains";"Diesel"
"OPEX";"Taxes";"DE";"Excise Duty - Reduction biodiesel";"Rigid";"BAU";"%";2050;"0.5";"Sensitivity | Current policies | Removed diesel efficiency gains";"Diesel"
"OPEX";"Taxes";"DE";"Excise Duty - Reduction biodiesel";"Tractor-Trailer";"BAU";"%";2050;"0.5";"Sensitivity | Current policies | Removed diesel efficiency gains";"Diesel"
"OPEX";"Taxes";"DE";"Excise Duty - Reduction biodiesel";"Rigid";"PROG";"%";2050;"0.5";"Sensitivity | Current policies | Removed diesel efficiency gains";"Diesel"
"OPEX";"Taxes";"DE";"Excise Duty - Reduction biodiesel";"Tractor-Trailer";"PROG";"%";2050;"0.5";"Sensitivity | Current policies | Removed diesel efficiency gains";"Diesel"
"OPEX";"Taxes";"ES";"Excise Duty - Reduction biodiesel";"Rigid";"BAU";"%";2050;"0.5";"Sensitivity | Current policies | Removed diesel efficiency gains";"Diesel"
"OPEX";"Taxes";"ES";"Excise Duty - Reduction biodiesel";"Tractor-Trailer";"BAU";"%";2050;"0.5";"Sensitivity | Current policies | Removed diesel efficiency gains";"Diesel"
"OPEX";"Taxes";"ES";"Excise Duty - Reduction biodiesel";"Rigid";"PROG";"%";2050;"0.5";"Sensitivity | Current policies | Removed diesel efficiency gains";"Diesel"
"OPEX";"Taxes";"ES";"Excise Duty - Reduction biodiesel";"Tractor-Trailer";"PROG";"%";2050;"0.5";"Sensitivity | Current policies | Removed diesel efficiency gains";"Diesel"
"OPEX";"Taxes";"FR";"Excise Duty - Reduction biodiesel";"Rigid";"BAU";"%";2050;"0.5";"Sensitivity | Current policies | Removed diesel efficiency gains";"Diesel"
"OPEX";"Taxes";"FR";"Excise Duty - Reduction biodiesel";"Tractor-Trailer";"BAU";"%";2050;"0.5";"Sensitivity | Current policies | Removed diesel efficiency gains";"Diesel"
"OPEX";"Taxes";"FR";"Excise Duty - Reduction biodiesel";"Rigid";"PROG";"%";2050;"0.5";"Sensitivity | Current policies | Removed diesel efficiency gains";"Diesel"
"OPEX";"Taxes";"FR";"Excise Duty - Reduction biodiesel";"Tractor-Trailer";"PROG";"%";2050;"0.5";"Sensitivity | Current policies | Removed diesel efficiency gains";"Diesel"
"OPEX";"Taxes";"IT";"Excise Duty - Reduction biodiesel";"Rigid";"BAU";"%";2050;"0.5";"Sensitivity | Current policies | Removed diesel efficiency gains";"Diesel"
"OPEX";"Taxes";"IT";"Excise Duty - Reduction biodiesel";"Tractor-Trailer";"BAU";"%";2050;"0.5";"Sensitivity | Current policies | Removed diesel efficiency gains";"Diesel"
"OPEX";"Taxes";"IT";"Excise Duty - Reduction biodiesel";"Rigid";"PROG";"%";2050;"0.5";"Sensitivity | Current policies | Removed diesel efficiency gains";"Diesel"
"OPEX";"Taxes";"IT";"Excise Duty - Reduction biodiesel";"Tractor-Trailer";"PROG";"%";2050;"0.5";"Sensitivity | Current policies | Removed diesel efficiency gains";"Diesel"
"OPEX";"Taxes";"NL";"Excise Duty - Reduction biodiesel";"Rigid";"BAU";"%";2050;"0.5";"Sensitivity | Current policies | Removed diesel efficiency gains";"Diesel"
"OPEX";"Taxes";"NL";"Excise Duty - Reduction biodiesel";"Tractor-Trailer";"BAU";"%";2050;"0.5";"Sensitivity | Current policies | Removed diesel efficiency gains";"Diesel"
"OPEX";"Taxes";"NL";"Excise Duty - Reduction biodiesel";"Rigid";"PROG";"%";2050;"0.5";"Sensitivity | Current policies | Removed diesel efficiency gains";"Diesel"
"OPEX";"Taxes";"NL";"Excise Duty - Reduction biodiesel";"Tractor-Trailer";"PROG";"%";2050;"0.5";"Sensitivity | Current policies | Removed diesel efficiency gains";"Diesel"
"OPEX";"Taxes";"PL";"Excise Duty - Reduction biodiesel";"Rigid";"BAU";"%";2050;"0.5";"Sensitivity | Current policies | Removed diesel efficiency gains";"Diesel"
"OPEX";"Taxes";"PL";"Excise Duty - Reduction biodiesel";"Tractor-Trailer";"BAU";"%";2050;"0.5";"Sensitivity | Current policies | Removed diesel efficiency gains";"Diesel"
"OPEX";"Taxes";"PL";"Excise Duty - Reduction biodiesel";"Rigid";"PROG";"%";2050;"0.5";"Sensitivity | Current policies | Removed diesel efficiency gains";"Diesel"
"OPEX";"Taxes";"PL";"Excise Duty - Reduction biodiesel";"Tractor-Trailer";"PROG";"%";2050;"0.5";"Sensitivity | Current policies | Removed diesel efficiency gains";"Diesel"
"OPEX";"Taxes";"UK";"Excise Duty - Reduction biodiesel";"Rigid";"BAU";"%";2050;"0.5";"Sensitivity | Current policies | Removed diesel efficiency gains";"Diesel"
"OPEX";"Taxes";"UK";"Excise Duty - Reduction biodiesel";"Tractor-Trailer";"BAU";"%";2050;"0.5";"Sensitivity | Current policies | Removed diesel efficiency gains";"Diesel"
"OPEX";"Taxes";"UK";"Excise Duty - Reduction biodiesel";"Rigid";"PROG";"%";2050;"0.5";"Sensitivity | Current policies | Removed diesel efficiency gains";"Diesel"
"OPEX";"Taxes";"UK";"Excise Duty - Reduction biodiesel";"Tractor-Trailer";"PROG";"%";2050;"0.5";"Sensitivity | Current policies | Removed diesel efficiency gains";"Diesel"
"OPEX";"Taxes";"DE";"Excise Duty - Reduction Synthetic Diesel (E-Fuels)";"Rigid";"BAU";"%";2050;"0.5";"Sensitivity | Current policies | Removed diesel efficiency gains";"Diesel"
"OPEX";"Taxes";"DE";"Excise Duty - Reduction Synthetic Diesel (E-Fuels)";"Tractor-Trailer";"BAU";"%";2050;"0.5";"Sensitivity | Current policies | Removed diesel efficiency gains";"Diesel"
"OPEX";"Taxes";"DE";"Excise Duty - Reduction Synthetic Diesel (E-Fuels)";"Rigid";"PROG";"%";2050;"0.5";"Sensitivity | Current policies | Removed diesel efficiency gains";"Diesel"
"OPEX";"Taxes";"DE";"Excise Duty - Reduction Synthetic Diesel (E-Fuels)";"Tractor-Trailer";"PROG";"%";2050;"0.5";"Sensitivity | Current policies | Removed diesel efficiency gains";"Diesel"
"OPEX";"Taxes";"ES";"Excise Duty - Reduction Synthetic Diesel (E-Fuels)";"Rigid";"BAU";"%";2050;"0.5";"Sensitivity | Current policies | Removed diesel efficiency gains";"Diesel"
"OPEX";"Taxes";"ES";"Excise Duty - Reduction Synthetic Diesel (E-Fuels)";"Tractor-Trailer";"BAU";"%";2050;"0.5";"Sensitivity | Current policies | Removed diesel efficiency gains";"Diesel"
"OPEX";"Taxes";"ES";"Excise Duty - Reduction Synthetic Diesel (E-Fuels)";"Rigid";"PROG";"%";2050;"0.5";"Sensitivity | Current policies | Removed diesel efficiency gains";"Diesel"
"OPEX";"Taxes";"ES";"Excise Duty - Reduction Synthetic Diesel (E-Fuels)";"Tractor-Trailer";"PROG";"%";2050;"0.5";"Sensitivity | Current policies | Removed diesel efficiency gains";"Diesel"
"OPEX";"Taxes";"FR";"Excise Duty - Reduction Synthetic Diesel (E-Fuels)";"Rigid";"BAU";"%";2050;"0.5";"Sensitivity | Current policies | Removed diesel efficiency gains";"Diesel"
"OPEX";"Taxes";"FR";"Excise Duty - Reduction Synthetic Diesel (E-Fuels)";"Tractor-Trailer";"BAU";"%";2050;"0.5";"Sensitivity | Current policies | Removed diesel efficiency gains";"Diesel"
"OPEX";"Taxes";"FR";"Excise Duty - Reduction Synthetic Diesel (E-Fuels)";"Rigid";"PROG";"%";2050;"0.5";"Sensitivity | Current policies | Removed diesel efficiency gains";"Diesel"
"OPEX";"Taxes";"FR";"Excise Duty - Reduction Synthetic Diesel (E-Fuels)";"Tractor-Trailer";"PROG";"%";2050;"0.5";"Sensitivity | Current policies | Removed diesel efficiency gains";"Diesel"
"OPEX";"Taxes";"IT";"Excise Duty - Reduction Synthetic Diesel (E-Fuels)";"Rigid";"BAU";"%";2050;"0.5";"Sensitivity | Current policies | Removed diesel efficiency gains";"Diesel"
"OPEX";"Taxes";"IT";"Excise Duty - Reduction Synthetic Diesel (E-Fuels)";"Tractor-Trailer";"BAU";"%";2050;"0.5";"Sensitivity | Current policies | Removed diesel efficiency gains";"Diesel"
"OPEX";"Taxes";"IT";"Excise Duty - Reduction Synthetic Diesel (E-Fuels)";"Rigid";"PROG";"%";2050;"0.5";"Sensitivity | Current policies | Removed diesel efficiency gains";"Diesel"
"OPEX";"Taxes";"IT";"Excise Duty - Reduction Synthetic Diesel (E-Fuels)";"Tractor-Trailer";"PROG";"%";2050;"0.5";"Sensitivity | Current policies | Removed diesel efficiency gains";"Diesel"
"OPEX";"Taxes";"NL";"Excise Duty - Reduction Synthetic Diesel (E-Fuels)";"Rigid";"BAU";"%";2050;"0.5";"Sensitivity | Current policies | Removed diesel efficiency gains";"Diesel"
"OPEX";"Taxes";"NL";"Excise Duty - Reduction Synthetic Diesel (E-Fuels)";"Tractor-Trailer";"BAU";"%";2050;"0.5";"Sensitivity | Current policies | Removed diesel efficiency gains";"Diesel"
"OPEX";"Taxes";"NL";"Excise Duty - Reduction Synthetic Diesel (E-Fuels)";"Rigid";"PROG";"%";2050;"0.5";"Sensitivity | Current policies | Removed diesel efficiency gains";"Diesel"
"OPEX";"Taxes";"NL";"Excise Duty - Reduction Synthetic Diesel (E-Fuels)";"Tractor-Trailer";"PROG";"%";2050;"0.5";"Sensitivity | Current policies | Removed diesel efficiency gains";"Diesel"
"OPEX";"Taxes";"PL";"Excise Duty - Reduction Synthetic Diesel (E-Fuels)";"Rigid";"BAU";"%";2050;"0.5";"Sensitivity | Current policies | Removed diesel efficiency gains";"Diesel"
"OPEX";"Taxes";"PL";"Excise Duty - Reduction Synthetic Diesel (E-Fuels)";"Tractor-Trailer";"BAU";"%";2050;"0.5";"Sensitivity | Current policies | Removed diesel efficiency gains";"Diesel"
"OPEX";"Taxes";"PL";"Excise Duty - Reduction Synthetic Diesel (E-Fuels)";"Rigid";"PROG";"%";2050;"0.5";"Sensitivity | Current policies | Removed diesel efficiency gains";"Diesel"
"OPEX";"Taxes";"PL";"Excise Duty - Reduction Synthetic Diesel (E-Fuels)";"Tractor-Trailer";"PROG";"%";2050;"0.5";"Sensitivity | Current policies | Removed diesel efficiency gains";"Diesel"
"OPEX";"Taxes";"UK";"Excise Duty - Reduction Synthetic Diesel (E-Fuels)";"Rigid";"BAU";"%";2050;"0.5";"Sensitivity | Current policies | Removed diesel efficiency gains";"Diesel"
"OPEX";"Taxes";"UK";"Excise Duty - Reduction Synthetic Diesel (E-Fuels)";"Tractor-Trailer";"BAU";"%";2050;"0.5";"Sensitivity | Current policies | Removed diesel efficiency gains";"Diesel"
"OPEX";"Taxes";"UK";"Excise Duty - Reduction Synthetic Diesel (E-Fuels)";"Rigid";"PROG";"%";2050;"0.5";"Sensitivity | Current policies | Removed diesel efficiency gains";"Diesel"
"OPEX";"Taxes";"UK";"Excise Duty - Reduction Synthetic Diesel (E-Fuels)";"Tractor-Trailer";"PROG";"%";2050;"0.5";"Sensitivity | Current policies | Removed diesel efficiency gains";"Diesel"
"OPEX";"Taxes";"DE";"Taxes, Fees, Levies and charges - H2";"Rigid";"BAU";"EUR/kWh";2050;"0.015";"Sensitivity | Current policies | Removed diesel efficiency gains";"Hydrogen"
"OPEX";"Taxes";"DE";"Taxes, Fees, Levies and charges - H2";"Tractor-Trailer";"BAU";"EUR/kWh";2050;"0.015";"Sensitivity | Current policies | Removed diesel efficiency gains";"Hydrogen"
"OPEX";"Taxes";"DE";"Taxes, Fees, Levies and charges - H2";"Rigid";"PROG";"EUR/kWh";2050;"0.015";"Sensitivity | Current policies | Removed diesel efficiency gains";"Hydrogen"
"OPEX";"Taxes";"DE";"Taxes, Fees, Levies and charges - H2";"Tractor-Trailer";"PROG";"EUR/kWh";2050;"0.015";"Sensitivity | Current policies | Removed diesel efficiency gains";"Hydrogen"
"OPEX";"Taxes";"ES";"Taxes, Fees, Levies and charges - H2";"Rigid";"BAU";"EUR/kWh";2050;"0.008";"Sensitivity | Current policies | Removed diesel efficiency gains";"Hydrogen"
"OPEX";"Taxes";"ES";"Taxes, Fees, Levies and charges - H2";"Tractor-Trailer";"BAU";"EUR/kWh";2050;"0.008";"Sensitivity | Current policies | Removed diesel efficiency gains";"Hydrogen"
"OPEX";"Taxes";"ES";"Taxes, Fees, Levies and charges - H2";"Rigid";"PROG";"EUR/kWh";2050;"0.008";"Sensitivity | Current policies | Removed diesel efficiency gains";"Hydrogen"
"OPEX";"Taxes";"ES";"Taxes, Fees, Levies and charges - H2";"Tractor-Trailer";"PROG";"EUR/kWh";2050;"0.008";"Sensitivity | Current policies | Removed diesel efficiency gains";"Hydrogen"
"OPEX";"Taxes";"FR";"Taxes, Fees, Levies and charges - H2";"Rigid";"BAU";"EUR/kWh";2050;"0.012";"Sensitivity | Current policies | Removed diesel efficiency gains";"Hydrogen"
"OPEX";"Taxes";"FR";"Taxes, Fees, Levies and charges - H2";"Tractor-Trailer";"BAU";"EUR/kWh";2050;"0.012";"Sensitivity | Current policies | Removed diesel efficiency gains";"Hydrogen"
"OPEX";"Taxes";"FR";"Taxes, Fees, Levies and charges - H2";"Rigid";"PROG";"EUR/kWh";2050;"0.012";"Sensitivity | Current policies | Removed diesel efficiency gains";"Hydrogen"
"OPEX";"Taxes";"FR";"Taxes, Fees, Levies and charges - H2";"Tractor-Trailer";"PROG";"EUR/kWh";2050;"0.012";"Sensitivity | Current policies | Removed diesel efficiency gains";"Hydrogen"
"OPEX";"Taxes";"IT";"Taxes, Fees, Levies and charges - H2";"Rigid";"BAU";"EUR/kWh";2050;"0.009";"Sensitivity | Current policies | Removed diesel efficiency gains";"Hydrogen"
"OPEX";"Taxes";"IT";"Taxes, Fees, Levies and charges - H2";"Tractor-Trailer";"BAU";"EUR/kWh";2050;"0.009";"Sensitivity | Current policies | Removed diesel efficiency gains";"Hydrogen"
"OPEX";"Taxes";"IT";"Taxes, Fees, Levies and charges - H2";"Rigid";"PROG";"EUR/kWh";2050;"0.009";"Sensitivity | Current policies | Removed diesel efficiency gains";"Hydrogen"
"OPEX";"Taxes";"IT";"Taxes, Fees, Levies and charges - H2";"Tractor-Trailer";"PROG";"EUR/kWh";2050;"0.009";"Sensitivity | Current policies | Removed diesel efficiency gains";"Hydrogen"
"OPEX";"Taxes";"NL";"Taxes, Fees, Levies and charges - H2";"Rigid";"BAU";"EUR/kWh";2050;"0.024";"Sensitivity | Current policies | Removed diesel efficiency gains";"Hydrogen"
"OPEX";"Taxes";"NL";"Taxes, Fees, Levies and charges - H2";"Tractor-Trailer";"BAU";"EUR/kWh";2050;"0.024";"Sensitivity | Current policies | Removed diesel efficiency gains";"Hydrogen"
"OPEX";"Taxes";"NL";"Taxes, Fees, Levies and charges - H2";"Rigid";"PROG";"EUR/kWh";2050;"0.024";"Sensitivity | Current policies | Removed diesel efficiency gains";"Hydrogen"
"OPEX";"Taxes";"NL";"Taxes, Fees, Levies and charges - H2";"Tractor-Trailer";"PROG";"EUR/kWh";2050;"0.024";"Sensitivity | Current policies | Removed diesel efficiency gains";"Hydrogen"
"OPEX";"Taxes";"PL";"Taxes, Fees, Levies and charges - H2";"Rigid";"BAU";"EUR/kWh";2050;"0.009";"Sensitivity | Current policies | Removed diesel efficiency gains";"Hydrogen"
"OPEX";"Taxes";"PL";"Taxes, Fees, Levies and charges - H2";"Tractor-Trailer";"BAU";"EUR/kWh";2050;"0.009";"Sensitivity | Current policies | Removed diesel efficiency gains";"Hydrogen"
"OPEX";"Taxes";"PL";"Taxes, Fees, Levies and charges - H2";"Rigid";"PROG";"EUR/kWh";2050;"0.009";"Sensitivity | Current policies | Removed diesel efficiency gains";"Hydrogen"
"OPEX";"Taxes";"PL";"Taxes, Fees, Levies and charges - H2";"Tractor-Trailer";"PROG";"EUR/kWh";2050;"0.009";"Sensitivity | Current policies | Removed diesel efficiency gains";"Hydrogen"
"OPEX";"Taxes";"UK";"Taxes, Fees, Levies and charges - H2";"Rigid";"BAU";"EUR/kWh";2050;"0.006";"Sensitivity | Current policies | Removed diesel efficiency gains";"Hydrogen"
"OPEX";"Taxes";"UK";"Taxes, Fees, Levies and charges - H2";"Tractor-Trailer";"BAU";"EUR/kWh";2050;"0.006";"Sensitivity | Current policies | Removed diesel efficiency gains";"Hydrogen"
"OPEX";"Taxes";"UK";"Taxes, Fees, Levies and charges - H2";"Rigid";"PROG";"EUR/kWh";2050;"0.006";"Sensitivity | Current policies | Removed diesel efficiency gains";"Hydrogen"
"OPEX";"Taxes";"UK";"Taxes, Fees, Levies and charges - H2";"Tractor-Trailer";"PROG";"EUR/kWh";2050;"0.006";"Sensitivity | Current policies | Removed diesel efficiency gains";"Hydrogen"
"OPEX";"Charging Infrastructure";"DE";"MCS grid extension";"Rigid";"PROG";"EUR/kWh";2050;"0.035";"Sensitivity | Current policies | Removed diesel efficiency gains";"Electricity"
"OPEX";"Charging Infrastructure";"DE";"MCS grid extension";"Tractor-Trailer";"PROG";"EUR/kWh";2050;"0.035";"Sensitivity | Current policies | Removed diesel efficiency gains";"Electricity"
"OPEX";"Charging Infrastructure";"DE";"MCS grid extension";"Rigid";"BAU";"EUR/kWh";2050;"0.035";"Sensitivity | Current policies | Removed diesel efficiency gains";"Electricity"
"OPEX";"Charging Infrastructure";"DE";"MCS grid extension";"Tractor-Trailer";"BAU";"EUR/kWh";2050;"0.035";"Sensitivity | Current policies | Removed diesel efficiency gains";"Electricity"
"OPEX";"Charging Infrastructure";"ES";"MCS grid extension";"Rigid";"PROG";"EUR/kWh";2050;"0.035";"Sensitivity | Current policies | Removed diesel efficiency gains";"Electricity"
"OPEX";"Charging Infrastructure";"ES";"MCS grid extension";"Tractor-Trailer";"PROG";"EUR/kWh";2050;"0.035";"Sensitivity | Current policies | Removed diesel efficiency gains";"Electricity"
"OPEX";"Charging Infrastructure";"ES";"MCS grid extension";"Rigid";"BAU";"EUR/kWh";2050;"0.035";"Sensitivity | Current policies | Removed diesel efficiency gains";"Electricity"
"OPEX";"Charging Infrastructure";"ES";"MCS grid extension";"Tractor-Trailer";"BAU";"EUR/kWh";2050;"0.035";"Sensitivity | Current policies | Removed diesel efficiency gains";"Electricity"
"OPEX";"Charging Infrastructure";"FR";"MCS grid extension";"Rigid";"PROG";"EUR/kWh";2050;"0.035";"Sensitivity | Current policies | Removed diesel efficiency gains";"Electricity"
"OPEX";"Charging Infrastructure";"FR";"MCS grid extension";"Tractor-Trailer";"PROG";"EUR/kWh";2050;"0.035";"Sensitivity | Current policies | Removed diesel efficiency gains";"Electricity"
"OPEX";"Charging Infrastructure";"FR";"MCS grid extension";"Rigid";"BAU";"EUR/kWh";2050;"0.035";"Sensitivity | Current policies | Removed diesel efficiency gains";"Electricity"
"OPEX";"Charging Infrastructure";"FR";"MCS grid extension";"Tractor-Trailer";"BAU";"EUR/kWh";2050;"0.035";"Sensitivity | Current policies | Removed diesel efficiency gains";"Electricity"
"OPEX";"Charging Infrastructure";"IT";"MCS grid extension";"Rigid";"PROG";"EUR/kWh";2050;"0.035";"Sensitivity | Current policies | Removed diesel efficiency gains";"Electricity"
"OPEX";"Charging Infrastructure";"IT";"MCS grid extension";"Tractor-Trailer";"PROG";"EUR/kWh";2050;"0.035";"Sensitivity | Current policies | Removed diesel efficiency gains";"Electricity"
"OPEX";"Charging Infrastructure";"IT";"MCS grid extension";"Rigid";"BAU";"EUR/kWh";2050;"0.035";"Sensitivity | Current policies | Removed diesel efficiency gains";"Electricity"
"OPEX";"Charging Infrastructure";"IT";"MCS grid extension";"Tractor-Trailer";"BAU";"EUR/kWh";2050;"0.035";"Sensitivity | Current policies | Removed diesel efficiency gains";"Electricity"
"OPEX";"Charging Infrastructure";"NL";"MCS grid extension";"Rigid";"PROG";"EUR/kWh";2050;"0.035";"Sensitivity | Current policies | Removed diesel efficiency gains";"Electricity"
"OPEX";"Charging Infrastructure";"NL";"MCS grid extension";"Tractor-Trailer";"PROG";"EUR/kWh";2050;"0.035";"Sensitivity | Current policies | Removed diesel efficiency gains";"Electricity"
"OPEX";"Charging Infrastructure";"NL";"MCS grid extension";"Rigid";"BAU";"EUR/kWh";2050;"0.035";"Sensitivity | Current policies | Removed diesel efficiency gains";"Electricity"
"OPEX";"Charging Infrastructure";"NL";"MCS grid extension";"Tractor-Trailer";"BAU";"EUR/kWh";2050;"0.035";"Sensitivity | Current policies | Removed diesel efficiency gains";"Electricity"
"OPEX";"Charging Infrastructure";"PL";"MCS grid extension";"Rigid";"PROG";"EUR/kWh";2050;"0.035";"Sensitivity | Current policies | Removed diesel efficiency gains";"Electricity"
"OPEX";"Charging Infrastructure";"PL";"MCS grid extension";"Tractor-Trailer";"PROG";"EUR/kWh";2050;"0.035";"Sensitivity | Current policies | Removed diesel efficiency gains";"Electricity"
"OPEX";"Charging Infrastructure";"PL";"MCS grid extension";"Rigid";"BAU";"EUR/kWh";2050;"0.035";"Sensitivity | Current policies | Removed diesel efficiency gains";"Electricity"
"OPEX";"Charging Infrastructure";"PL";"MCS grid extension";"Tractor-Trailer";"BAU";"EUR/kWh";2050;"0.035";"Sensitivity | Current policies | Removed diesel efficiency gains";"Electricity"
"OPEX";"Charging Infrastructure";"UK";"MCS grid extension";"Rigid";"PROG";"EUR/kWh";2050;"0.035";"Sensitivity | Current policies | Removed diesel efficiency gains";"Electricity"
"OPEX";"Charging Infrastructure";"UK";"MCS grid extension";"Tractor-Trailer";"PROG";"EUR/kWh";2050;"0.035";"Sensitivity | Current policies | Removed diesel efficiency gains";"Electricity"
"OPEX";"Charging Infrastructure";"UK";"MCS grid extension";"Rigid";"BAU";"EUR/kWh";2050;"0.035";"Sensitivity | Current policies | Removed diesel efficiency gains";"Electricity"
"OPEX";"Charging Infrastructure";"UK";"MCS grid extension";"Tractor-Trailer";"BAU";"EUR/kWh";2050;"0.035";"Sensitivity | Current policies | Removed diesel efficiency gains";"Electricity"
"OPEX";"Charging Infrastructure";"DE";"MCS Profit and Mark-Up";"Rigid";"PROG";"%";2050;"0.1";"Sensitivity | Current policies | Removed diesel efficiency gains";"Electricity"
"OPEX";"Charging Infrastructure";"DE";"MCS Profit and Mark-Up";"Tractor-Trailer";"PROG";"%";2050;"0.1";"Sensitivity | Current policies | Removed diesel efficiency gains";"Electricity"
"OPEX";"Charging Infrastructure";"DE";"MCS Profit and Mark-Up";"Rigid";"BAU";"%";2050;"0.1";"Sensitivity | Current policies | Removed diesel efficiency gains";"Electricity"
"OPEX";"Charging Infrastructure";"DE";"MCS Profit and Mark-Up";"Tractor-Trailer";"BAU";"%";2050;"0.1";"Sensitivity | Current policies | Removed diesel efficiency gains";"Electricity"
"OPEX";"Charging Infrastructure";"ES";"MCS Profit and Mark-Up";"Rigid";"PROG";"%";2050;"0.1";"Sensitivity | Current policies | Removed diesel efficiency gains";"Electricity"
"OPEX";"Charging Infrastructure";"ES";"MCS Profit and Mark-Up";"Tractor-Trailer";"PROG";"%";2050;"0.1";"Sensitivity | Current policies | Removed diesel efficiency gains";"Electricity"
"OPEX";"Charging Infrastructure";"ES";"MCS Profit and Mark-Up";"Rigid";"BAU";"%";2050;"0.1";"Sensitivity | Current policies | Removed diesel efficiency gains";"Electricity"
"OPEX";"Charging Infrastructure";"ES";"MCS Profit and Mark-Up";"Tractor-Trailer";"BAU";"%";2050;"0.1";"Sensitivity | Current policies | Removed diesel efficiency gains";"Electricity"
"OPEX";"Charging Infrastructure";"FR";"MCS Profit and Mark-Up";"Rigid";"PROG";"%";2050;"0.1";"Sensitivity | Current policies | Removed diesel efficiency gains";"Electricity"
"OPEX";"Charging Infrastructure";"FR";"MCS Profit and Mark-Up";"Tractor-Trailer";"PROG";"%";2050;"0.1";"Sensitivity | Current policies | Removed diesel efficiency gains";"Electricity"
"OPEX";"Charging Infrastructure";"FR";"MCS Profit and Mark-Up";"Rigid";"BAU";"%";2050;"0.1";"Sensitivity | Current policies | Removed diesel efficiency gains";"Electricity"
"OPEX";"Charging Infrastructure";"FR";"MCS Profit and Mark-Up";"Tractor-Trailer";"BAU";"%";2050;"0.1";"Sensitivity | Current policies | Removed diesel efficiency gains";"Electricity"
"OPEX";"Charging Infrastructure";"IT";"MCS Profit and Mark-Up";"Rigid";"PROG";"%";2050;"0.1";"Sensitivity | Current policies | Removed diesel efficiency gains";"Electricity"
"OPEX";"Charging Infrastructure";"IT";"MCS Profit and Mark-Up";"Tractor-Trailer";"PROG";"%";2050;"0.1";"Sensitivity | Current policies | Removed diesel efficiency gains";"Electricity"
"OPEX";"Charging Infrastructure";"IT";"MCS Profit and Mark-Up";"Rigid";"BAU";"%";2050;"0.1";"Sensitivity | Current policies | Removed diesel efficiency gains";"Electricity"
"OPEX";"Charging Infrastructure";"IT";"MCS Profit and Mark-Up";"Tractor-Trailer";"BAU";"%";2050;"0.1";"Sensitivity | Current policies | Removed diesel efficiency gains";"Electricity"
"OPEX";"Charging Infrastructure";"NL";"MCS Profit and Mark-Up";"Rigid";"PROG";"%";2050;"0.1";"Sensitivity | Current policies | Removed diesel efficiency gains";"Electricity"
"OPEX";"Charging Infrastructure";"NL";"MCS Profit and Mark-Up";"Tractor-Trailer";"PROG";"%";2050;"0.1";"Sensitivity | Current policies | Removed diesel efficiency gains";"Electricity"
"OPEX";"Charging Infrastructure";"NL";"MCS Profit and Mark-Up";"Rigid";"BAU";"%";2050;"0.1";"Sensitivity | Current policies | Removed diesel efficiency gains";"Electricity"
"OPEX";"Charging Infrastructure";"NL";"MCS Profit and Mark-Up";"Tractor-Trailer";"BAU";"%";2050;"0.1";"Sensitivity | Current policies | Removed diesel efficiency gains";"Electricity"
"OPEX";"Charging Infrastructure";"PL";"MCS Profit and Mark-Up";"Rigid";"PROG";"%";2050;"0.1";"Sensitivity | Current policies | Removed diesel efficiency gains";"Electricity"
"OPEX";"Charging Infrastructure";"PL";"MCS Profit and Mark-Up";"Tractor-Trailer";"PROG";"%";2050;"0.1";"Sensitivity | Current policies | Removed diesel efficiency gains";"Electricity"
"OPEX";"Charging Infrastructure";"PL";"MCS Profit and Mark-Up";"Rigid";"BAU";"%";2050;"0.1";"Sensitivity | Current policies | Removed diesel efficiency gains";"Electricity"
"OPEX";"Charging Infrastructure";"PL";"MCS Profit and Mark-Up";"Tractor-Trailer";"BAU";"%";2050;"0.1";"Sensitivity | Current policies | Removed diesel efficiency gains";"Electricity"
"OPEX";"Charging Infrastructure";"UK";"MCS Profit and Mark-Up";"Rigid";"PROG";"%";2050;"0.1";"Sensitivity | Current policies | Removed diesel efficiency gains";"Electricity"
"OPEX";"Charging Infrastructure";"UK";"MCS Profit and Mark-Up";"Tractor-Trailer";"PROG";"%";2050;"0.1";"Sensitivity | Current policies | Removed diesel efficiency gains";"Electricity"
"OPEX";"Charging Infrastructure";"UK";"MCS Profit and Mark-Up";"Rigid";"BAU";"%";2050;"0.1";"Sensitivity | Current policies | Removed diesel efficiency gains";"Electricity"
"OPEX";"Charging Infrastructure";"UK";"MCS Profit and Mark-Up";"Tractor-Trailer";"BAU";"%";2050;"0.1";"Sensitivity | Current policies | Removed diesel efficiency gains";"Electricity"
"OPEX";"Charging Infrastructure";"DE";"CCS Station (Depot) - Incl. Overhead";"Rigid";"PROG";"EUR/kWh";2050;"0.019";"Sensitivity | Current policies | Removed diesel efficiency gains";"Electricity"
"OPEX";"Charging Infrastructure";"DE";"CCS Station (Depot) - Incl. Overhead";"Tractor-Trailer";"PROG";"EUR/kWh";2050;"0.019";"Sensitivity | Current policies | Removed diesel efficiency gains";"Electricity"
"OPEX";"Charging Infrastructure";"DE";"CCS Station (Depot) - Incl. Overhead";"Rigid";"BAU";"EUR/kWh";2050;"0.019";"Sensitivity | Current policies | Removed diesel efficiency gains";"Electricity"
"OPEX";"Charging Infrastructure";"DE";"CCS Station (Depot) - Incl. Overhead";"Tractor-Trailer";"BAU";"EUR/kWh";2050;"0.019";"Sensitivity | Current policies | Removed diesel efficiency gains";"Electricity"
"OPEX";"Charging Infrastructure";"ES";"CCS Station (Depot) - Incl. Overhead";"Rigid";"PROG";"EUR/kWh";2050;"0.019";"Sensitivity | Current policies | Removed diesel efficiency gains";"Electricity"
"OPEX";"Charging Infrastructure";"ES";"CCS Station (Depot) - Incl. Overhead";"Tractor-Trailer";"PROG";"EUR/kWh";2050;"0.019";"Sensitivity | Current policies | Removed diesel efficiency gains";"Electricity"
"OPEX";"Charging Infrastructure";"ES";"CCS Station (Depot) - Incl. Overhead";"Rigid";"BAU";"EUR/kWh";2050;"0.019";"Sensitivity | Current policies | Removed diesel efficiency gains";"Electricity"
"OPEX";"Charging Infrastructure";"ES";"CCS Station (Depot) - Incl. Overhead";"Tractor-Trailer";"BAU";"EUR/kWh";2050;"0.019";"Sensitivity | Current policies | Removed diesel efficiency gains";"Electricity"
"OPEX";"Charging Infrastructure";"FR";"CCS Station (Depot) - Incl. Overhead";"Rigid";"PROG";"EUR/kWh";2050;"0.019";"Sensitivity | Current policies | Removed diesel efficiency gains";"Electricity"
"OPEX";"Charging Infrastructure";"FR";"CCS Station (Depot) - Incl. Overhead";"Tractor-Trailer";"PROG";"EUR/kWh";2050;"0.019";"Sensitivity | Current policies | Removed diesel efficiency gains";"Electricity"
"OPEX";"Charging Infrastructure";"FR";"CCS Station (Depot) - Incl. Overhead";"Rigid";"BAU";"EUR/kWh";2050;"0.019";"Sensitivity | Current policies | Removed diesel efficiency gains";"Electricity"
"OPEX";"Charging Infrastructure";"FR";"CCS Station (Depot) - Incl. Overhead";"Tractor-Trailer";"BAU";"EUR/kWh";2050;"0.019";"Sensitivity | Current policies | Removed diesel efficiency gains";"Electricity"
"OPEX";"Charging Infrastructure";"IT";"CCS Station (Depot) - Incl. Overhead";"Rigid";"PROG";"EUR/kWh";2050;"0.019";"Sensitivity | Current policies | Removed diesel efficiency gains";"Electricity"
"OPEX";"Charging Infrastructure";"IT";"CCS Station (Depot) - Incl. Overhead";"Tractor-Trailer";"PROG";"EUR/kWh";2050;"0.019";"Sensitivity | Current policies | Removed diesel efficiency gains";"Electricity"
"OPEX";"Charging Infrastructure";"IT";"CCS Station (Depot) - Incl. Overhead";"Rigid";"BAU";"EUR/kWh";2050;"0.019";"Sensitivity | Current policies | Removed diesel efficiency gains";"Electricity"
"OPEX";"Charging Infrastructure";"IT";"CCS Station (Depot) - Incl. Overhead";"Tractor-Trailer";"BAU";"EUR/kWh";2050;"0.019";"Sensitivity | Current policies | Removed diesel efficiency gains";"Electricity"
"OPEX";"Charging Infrastructure";"NL";"CCS Station (Depot) - Incl. Overhead";"Rigid";"PROG";"EUR/kWh";2050;"0.019";"Sensitivity | Current policies | Removed diesel efficiency gains";"Electricity"
"OPEX";"Charging Infrastructure";"NL";"CCS Station (Depot) - Incl. Overhead";"Tractor-Trailer";"PROG";"EUR/kWh";2050;"0.019";"Sensitivity | Current policies | Removed diesel efficiency gains";"Electricity"
"OPEX";"Charging Infrastructure";"NL";"CCS Station (Depot) - Incl. Overhead";"Rigid";"BAU";"EUR/kWh";2050;"0.019";"Sensitivity | Current policies | Removed diesel efficiency gains";"Electricity"
"OPEX";"Charging Infrastructure";"NL";"CCS Station (Depot) - Incl. Overhead";"Tractor-Trailer";"BAU";"EUR/kWh";2050;"0.019";"Sensitivity | Current policies | Removed diesel efficiency gains";"Electricity"
"OPEX";"Charging Infrastructure";"PL";"CCS Station (Depot) - Incl. Overhead";"Rigid";"PROG";"EUR/kWh";2050;"0.019";"Sensitivity | Current policies | Removed diesel efficiency gains";"Electricity"
"OPEX";"Charging Infrastructure";"PL";"CCS Station (Depot) - Incl. Overhead";"Tractor-Trailer";"PROG";"EUR/kWh";2050;"0.019";"Sensitivity | Current policies | Removed diesel efficiency gains";"Electricity"
"OPEX";"Charging Infrastructure";"PL";"CCS Station (Depot) - Incl. Overhead";"Rigid";"BAU";"EUR/kWh";2050;"0.019";"Sensitivity | Current policies | Removed diesel efficiency gains";"Electricity"
"OPEX";"Charging Infrastructure";"PL";"CCS Station (Depot) - Incl. Overhead";"Tractor-Trailer";"BAU";"EUR/kWh";2050;"0.019";"Sensitivity | Current policies | Removed diesel efficiency gains";"Electricity"
"OPEX";"Charging Infrastructure";"UK";"CCS Station (Depot) - Incl. Overhead";"Rigid";"PROG";"EUR/kWh";2050;"0.019";"Sensitivity | Current policies | Removed diesel efficiency gains";"Electricity"
"OPEX";"Charging Infrastructure";"UK";"CCS Station (Depot) - Incl. Overhead";"Tractor-Trailer";"PROG";"EUR/kWh";2050;"0.019";"Sensitivity | Current policies | Removed diesel efficiency gains";"Electricity"
"OPEX";"Charging Infrastructure";"UK";"CCS Station (Depot) - Incl. Overhead";"Rigid";"BAU";"EUR/kWh";2050;"0.019";"Sensitivity | Current policies | Removed diesel efficiency gains";"Electricity"
"OPEX";"Charging Infrastructure";"UK";"CCS Station (Depot) - Incl. Overhead";"Tractor-Trailer";"BAU";"EUR/kWh";2050;"0.019";"Sensitivity | Current policies | Removed diesel efficiency gains";"Electricity"
"OPEX";"Charging Infrastructure";"DE";"CCS grid extension";"Rigid";"PROG";"EUR/kWh";2050;"0.045";"Sensitivity | Current policies | Removed diesel efficiency gains";"Electricity"
"OPEX";"Charging Infrastructure";"DE";"CCS grid extension";"Tractor-Trailer";"PROG";"EUR/kWh";2050;"0.045";"Sensitivity | Current policies | Removed diesel efficiency gains";"Electricity"
"OPEX";"Charging Infrastructure";"DE";"CCS grid extension";"Rigid";"BAU";"EUR/kWh";2050;"0.045";"Sensitivity | Current policies | Removed diesel efficiency gains";"Electricity"
"OPEX";"Charging Infrastructure";"DE";"CCS grid extension";"Tractor-Trailer";"BAU";"EUR/kWh";2050;"0.045";"Sensitivity | Current policies | Removed diesel efficiency gains";"Electricity"
"OPEX";"Charging Infrastructure";"ES";"CCS grid extension";"Rigid";"PROG";"EUR/kWh";2050;"0.045";"Sensitivity | Current policies | Removed diesel efficiency gains";"Electricity"
"OPEX";"Charging Infrastructure";"ES";"CCS grid extension";"Tractor-Trailer";"PROG";"EUR/kWh";2050;"0.045";"Sensitivity | Current policies | Removed diesel efficiency gains";"Electricity"
"OPEX";"Charging Infrastructure";"ES";"CCS grid extension";"Rigid";"BAU";"EUR/kWh";2050;"0.045";"Sensitivity | Current policies | Removed diesel efficiency gains";"Electricity"
"OPEX";"Charging Infrastructure";"ES";"CCS grid extension";"Tractor-Trailer";"BAU";"EUR/kWh";2050;"0.045";"Sensitivity | Current policies | Removed diesel efficiency gains";"Electricity"
"OPEX";"Charging Infrastructure";"FR";"CCS grid extension";"Rigid";"PROG";"EUR/kWh";2050;"0.045";"Sensitivity | Current policies | Removed diesel efficiency gains";"Electricity"
"OPEX";"Charging Infrastructure";"FR";"CCS grid extension";"Tractor-Trailer";"PROG";"EUR/kWh";2050;"0.045";"Sensitivity | Current policies | Removed diesel efficiency gains";"Electricity"
"OPEX";"Charging Infrastructure";"FR";"CCS grid extension";"Rigid";"BAU";"EUR/kWh";2050;"0.045";"Sensitivity | Current policies | Removed diesel efficiency gains";"Electricity"
"OPEX";"Charging Infrastructure";"FR";"CCS grid extension";"Tractor-Trailer";"BAU";"EUR/kWh";2050;"0.045";"Sensitivity | Current policies | Removed diesel efficiency gains";"Electricity"
"OPEX";"Charging Infrastructure";"IT";"CCS grid extension";"Rigid";"PROG";"EUR/kWh";2050;"0.045";"Sensitivity | Current policies | Removed diesel efficiency gains";"Electricity"
"OPEX";"Charging Infrastructure";"IT";"CCS grid extension";"Tractor-Trailer";"PROG";"EUR/kWh";2050;"0.045";"Sensitivity | Current policies | Removed diesel efficiency gains";"Electricity"
"OPEX";"Charging Infrastructure";"IT";"CCS grid extension";"Rigid";"BAU";"EUR/kWh";2050;"0.045";"Sensitivity | Current policies | Removed diesel efficiency gains";"Electricity"
"OPEX";"Charging Infrastructure";"IT";"CCS grid extension";"Tractor-Trailer";"BAU";"EUR/kWh";2050;"0.045";"Sensitivity | Current policies | Removed diesel efficiency gains";"Electricity"
"OPEX";"Charging Infrastructure";"NL";"CCS grid extension";"Rigid";"PROG";"EUR/kWh";2050;"0.045";"Sensitivity | Current policies | Removed diesel efficiency gains";"Electricity"
"OPEX";"Charging Infrastructure";"NL";"CCS grid extension";"Tractor-Trailer";"PROG";"EUR/kWh";2050;"0.045";"Sensitivity | Current policies | Removed diesel efficiency gains";"Electricity"
"OPEX";"Charging Infrastructure";"NL";"CCS grid extension";"Rigid";"BAU";"EUR/kWh";2050;"0.045";"Sensitivity | Current policies | Removed diesel efficiency gains";"Electricity"
"OPEX";"Charging Infrastructure";"NL";"CCS grid extension";"Tractor-Trailer";"BAU";"EUR/kWh";2050;"0.045";"Sensitivity | Current policies | Removed diesel efficiency gains";"Electricity"
"OPEX";"Charging Infrastructure";"PL";"CCS grid extension";"Rigid";"PROG";"EUR/kWh";2050;"0.045";"Sensitivity | Current policies | Removed diesel efficiency gains";"Electricity"
"OPEX";"Charging Infrastructure";"PL";"CCS grid extension";"Tractor-Trailer";"PROG";"EUR/kWh";2050;"0.045";"Sensitivity | Current policies | Removed diesel efficiency gains";"Electricity"
"OPEX";"Charging Infrastructure";"PL";"CCS grid extension";"Rigid";"BAU";"EUR/kWh";2050;"0.045";"Sensitivity | Current policies | Removed diesel efficiency gains";"Electricity"
"OPEX";"Charging Infrastructure";"PL";"CCS grid extension";"Tractor-Trailer";"BAU";"EUR/kWh";2050;"0.045";"Sensitivity | Current policies | Removed diesel efficiency gains";"Electricity"
"OPEX";"Charging Infrastructure";"UK";"CCS grid extension";"Rigid";"PROG";"EUR/kWh";2050;"0.045";"Sensitivity | Current policies | Removed diesel efficiency gains";"Electricity"
"OPEX";"Charging Infrastructure";"UK";"CCS grid extension";"Tractor-Trailer";"PROG";"EUR/kWh";2050;"0.045";"Sensitivity | Current policies | Removed diesel efficiency gains";"Electricity"
"OPEX";"Charging Infrastructure";"UK";"CCS grid extension";"Rigid";"BAU";"EUR/kWh";2050;"0.045";"Sensitivity | Current policies | Removed diesel efficiency gains";"Electricity"
"OPEX";"Charging Infrastructure";"UK";"CCS grid extension";"Tractor-Trailer";"BAU";"EUR/kWh";2050;"0.045";"Sensitivity | Current policies | Removed diesel efficiency gains";"Electricity"
"OPEX";"Diesel Infrastructure";"DE";"Total Diesel Mark-Up";"Rigid";"BAU";"EUR/kWh";2050;"0.018";"Sensitivity | Current policies | Removed diesel efficiency gains";"Diesel"
"OPEX";"Diesel Infrastructure";"DE";"Total Diesel Mark-Up";"Tractor-Trailer";"BAU";"EUR/kWh";2050;"0.018";"Sensitivity | Current policies | Removed diesel efficiency gains";"Diesel"
"OPEX";"Diesel Infrastructure";"DE";"Total Diesel Mark-Up";"Rigid";"PROG";"EUR/kWh";2050;"0.018";"Sensitivity | Current policies | Removed diesel efficiency gains";"Diesel"
"OPEX";"Diesel Infrastructure";"DE";"Total Diesel Mark-Up";"Tractor-Trailer";"PROG";"EUR/kWh";2050;"0.018";"Sensitivity | Current policies | Removed diesel efficiency gains";"Diesel"
"OPEX";"Diesel Infrastructure";"ES";"Total Diesel Mark-Up";"Rigid";"BAU";"EUR/kWh";2050;"0.018";"Sensitivity | Current policies | Removed diesel efficiency gains";"Diesel"
"OPEX";"Diesel Infrastructure";"ES";"Total Diesel Mark-Up";"Tractor-Trailer";"BAU";"EUR/kWh";2050;"0.018";"Sensitivity | Current policies | Removed diesel efficiency gains";"Diesel"
"OPEX";"Diesel Infrastructure";"ES";"Total Diesel Mark-Up";"Rigid";"PROG";"EUR/kWh";2050;"0.018";"Sensitivity | Current policies | Removed diesel efficiency gains";"Diesel"
"OPEX";"Diesel Infrastructure";"ES";"Total Diesel Mark-Up";"Tractor-Trailer";"PROG";"EUR/kWh";2050;"0.018";"Sensitivity | Current policies | Removed diesel efficiency gains";"Diesel"
"OPEX";"Diesel Infrastructure";"FR";"Total Diesel Mark-Up";"Rigid";"BAU";"EUR/kWh";2050;"0.018";"Sensitivity | Current policies | Removed diesel efficiency gains";"Diesel"
"OPEX";"Diesel Infrastructure";"FR";"Total Diesel Mark-Up";"Tractor-Trailer";"BAU";"EUR/kWh";2050;"0.018";"Sensitivity | Current policies | Removed diesel efficiency gains";"Diesel"
"OPEX";"Diesel Infrastructure";"FR";"Total Diesel Mark-Up";"Rigid";"PROG";"EUR/kWh";2050;"0.018";"Sensitivity | Current policies | Removed diesel efficiency gains";"Diesel"
"OPEX";"Diesel Infrastructure";"FR";"Total Diesel Mark-Up";"Tractor-Trailer";"PROG";"EUR/kWh";2050;"0.018";"Sensitivity | Current policies | Removed diesel efficiency gains";"Diesel"
"OPEX";"Diesel Infrastructure";"IT";"Total Diesel Mark-Up";"Rigid";"BAU";"EUR/kWh";2050;"0.018";"Sensitivity | Current policies | Removed diesel efficiency gains";"Diesel"
"OPEX";"Diesel Infrastructure";"IT";"Total Diesel Mark-Up";"Tractor-Trailer";"BAU";"EUR/kWh";2050;"0.018";"Sensitivity | Current policies | Removed diesel efficiency gains";"Diesel"
"OPEX";"Diesel Infrastructure";"IT";"Total Diesel Mark-Up";"Rigid";"PROG";"EUR/kWh";2050;"0.018";"Sensitivity | Current policies | Removed diesel efficiency gains";"Diesel"
"OPEX";"Diesel Infrastructure";"IT";"Total Diesel Mark-Up";"Tractor-Trailer";"PROG";"EUR/kWh";2050;"0.018";"Sensitivity | Current policies | Removed diesel efficiency gains";"Diesel"
"OPEX";"Diesel Infrastructure";"NL";"Total Diesel Mark-Up";"Rigid";"BAU";"EUR/kWh";2050;"0.018";"Sensitivity | Current policies | Removed diesel efficiency gains";"Diesel"
"OPEX";"Diesel Infrastructure";"NL";"Total Diesel Mark-Up";"Tractor-Trailer";"BAU";"EUR/kWh";2050;"0.018";"Sensitivity | Current policies | Removed diesel efficiency gains";"Diesel"
"OPEX";"Diesel Infrastructure";"NL";"Total Diesel Mark-Up";"Rigid";"PROG";"EUR/kWh";2050;"0.018";"Sensitivity | Current policies | Removed diesel efficiency gains";"Diesel"
"OPEX";"Diesel Infrastructure";"NL";"Total Diesel Mark-Up";"Tractor-Trailer";"PROG";"EUR/kWh";2050;"0.018";"Sensitivity | Current policies | Removed diesel efficiency gains";"Diesel"
"OPEX";"Diesel Infrastructure";"PL";"Total Diesel Mark-Up";"Rigid";"BAU";"EUR/kWh";2050;"0.018";"Sensitivity | Current policies | Removed diesel efficiency gains";"Diesel"
"OPEX";"Diesel Infrastructure";"PL";"Total Diesel Mark-Up";"Tractor-Trailer";"BAU";"EUR/kWh";2050;"0.018";"Sensitivity | Current policies | Removed diesel efficiency gains";"Diesel"
"OPEX";"Diesel Infrastructure";"PL";"Total Diesel Mark-Up";"Rigid";"PROG";"EUR/kWh";2050;"0.018";"Sensitivity | Current policies | Removed diesel efficiency gains";"Diesel"
"OPEX";"Diesel Infrastructure";"PL";"Total Diesel Mark-Up";"Tractor-Trailer";"PROG";"EUR/kWh";2050;"0.018";"Sensitivity | Current policies | Removed diesel efficiency gains";"Diesel"
"OPEX";"Diesel Infrastructure";"UK";"Total Diesel Mark-Up";"Rigid";"BAU";"EUR/kWh";2050;"0.018";"Sensitivity | Current policies | Removed diesel efficiency gains";"Diesel"
"OPEX";"Diesel Infrastructure";"UK";"Total Diesel Mark-Up";"Tractor-Trailer";"BAU";"EUR/kWh";2050;"0.018";"Sensitivity | Current policies | Removed diesel efficiency gains";"Diesel"
"OPEX";"Diesel Infrastructure";"UK";"Total Diesel Mark-Up";"Rigid";"PROG";"EUR/kWh";2050;"0.018";"Sensitivity | Current policies | Removed diesel efficiency gains";"Diesel"
"OPEX";"Diesel Infrastructure";"UK";"Total Diesel Mark-Up";"Tractor-Trailer";"PROG";"EUR/kWh";2050;"0.018";"Sensitivity | Current policies | Removed diesel efficiency gains";"Diesel"
"OPEX";"Diesel Infrastructure";"DE";"CO2 emission factor Biodiesel";"Rigid";"BAU";"%";2050;"0.152";"Sensitivity | Current policies | Removed diesel efficiency gains";"Diesel"
"OPEX";"Diesel Infrastructure";"DE";"CO2 emission factor Biodiesel";"Tractor-Trailer";"BAU";"%";2050;"0.152";"Sensitivity | Current policies | Removed diesel efficiency gains";"Diesel"
"OPEX";"Diesel Infrastructure";"DE";"CO2 emission factor Biodiesel";"Rigid";"PROG";"%";2050;"0.152";"Sensitivity | Current policies | Removed diesel efficiency gains";"Diesel"
"OPEX";"Diesel Infrastructure";"DE";"CO2 emission factor Biodiesel";"Tractor-Trailer";"PROG";"%";2050;"0.152";"Sensitivity | Current policies | Removed diesel efficiency gains";"Diesel"
"OPEX";"Diesel Infrastructure";"ES";"CO2 emission factor Biodiesel";"Rigid";"BAU";"%";2050;"0.152";"Sensitivity | Current policies | Removed diesel efficiency gains";"Diesel"
"OPEX";"Diesel Infrastructure";"ES";"CO2 emission factor Biodiesel";"Tractor-Trailer";"BAU";"%";2050;"0.152";"Sensitivity | Current policies | Removed diesel efficiency gains";"Diesel"
"OPEX";"Diesel Infrastructure";"ES";"CO2 emission factor Biodiesel";"Rigid";"PROG";"%";2050;"0.152";"Sensitivity | Current policies | Removed diesel efficiency gains";"Diesel"
"OPEX";"Diesel Infrastructure";"ES";"CO2 emission factor Biodiesel";"Tractor-Trailer";"PROG";"%";2050;"0.152";"Sensitivity | Current policies | Removed diesel efficiency gains";"Diesel"
"OPEX";"Diesel Infrastructure";"FR";"CO2 emission factor Biodiesel";"Rigid";"BAU";"%";2050;"0.152";"Sensitivity | Current policies | Removed diesel efficiency gains";"Diesel"
"OPEX";"Diesel Infrastructure";"FR";"CO2 emission factor Biodiesel";"Tractor-Trailer";"BAU";"%";2050;"0.152";"Sensitivity | Current policies | Removed diesel efficiency gains";"Diesel"
"OPEX";"Diesel Infrastructure";"FR";"CO2 emission factor Biodiesel";"Rigid";"PROG";"%";2050;"0.152";"Sensitivity | Current policies | Removed diesel efficiency gains";"Diesel"
"OPEX";"Diesel Infrastructure";"FR";"CO2 emission factor Biodiesel";"Tractor-Trailer";"PROG";"%";2050;"0.152";"Sensitivity | Current policies | Removed diesel efficiency gains";"Diesel"
"OPEX";"Diesel Infrastructure";"IT";"CO2 emission factor Biodiesel";"Rigid";"BAU";"%";2050;"0.152";"Sensitivity | Current policies | Removed diesel efficiency gains";"Diesel"
"OPEX";"Diesel Infrastructure";"IT";"CO2 emission factor Biodiesel";"Tractor-Trailer";"BAU";"%";2050;"0.152";"Sensitivity | Current policies | Removed diesel efficiency gains";"Diesel"
"OPEX";"Diesel Infrastructure";"IT";"CO2 emission factor Biodiesel";"Rigid";"PROG";"%";2050;"0.152";"Sensitivity | Current policies | Removed diesel efficiency gains";"Diesel"
"OPEX";"Diesel Infrastructure";"IT";"CO2 emission factor Biodiesel";"Tractor-Trailer";"PROG";"%";2050;"0.152";"Sensitivity | Current policies | Removed diesel efficiency gains";"Diesel"
"OPEX";"Diesel Infrastructure";"NL";"CO2 emission factor Biodiesel";"Rigid";"BAU";"%";2050;"0.152";"Sensitivity | Current policies | Removed diesel efficiency gains";"Diesel"
"OPEX";"Diesel Infrastructure";"NL";"CO2 emission factor Biodiesel";"Tractor-Trailer";"BAU";"%";2050;"0.152";"Sensitivity | Current policies | Removed diesel efficiency gains";"Diesel"
"OPEX";"Diesel Infrastructure";"NL";"CO2 emission factor Biodiesel";"Rigid";"PROG";"%";2050;"0.152";"Sensitivity | Current policies | Removed diesel efficiency gains";"Diesel"
"OPEX";"Diesel Infrastructure";"NL";"CO2 emission factor Biodiesel";"Tractor-Trailer";"PROG";"%";2050;"0.152";"Sensitivity | Current policies | Removed diesel efficiency gains";"Diesel"
"OPEX";"Diesel Infrastructure";"PL";"CO2 emission factor Biodiesel";"Rigid";"BAU";"%";2050;"0.152";"Sensitivity | Current policies | Removed diesel efficiency gains";"Diesel"
"OPEX";"Diesel Infrastructure";"PL";"CO2 emission factor Biodiesel";"Tractor-Trailer";"BAU";"%";2050;"0.152";"Sensitivity | Current policies | Removed diesel efficiency gains";"Diesel"
"OPEX";"Diesel Infrastructure";"PL";"CO2 emission factor Biodiesel";"Rigid";"PROG";"%";2050;"0.152";"Sensitivity | Current policies | Removed diesel efficiency gains";"Diesel"
"OPEX";"Diesel Infrastructure";"PL";"CO2 emission factor Biodiesel";"Tractor-Trailer";"PROG";"%";2050;"0.152";"Sensitivity | Current policies | Removed diesel efficiency gains";"Diesel"
"OPEX";"Diesel Infrastructure";"UK";"CO2 emission factor Biodiesel";"Rigid";"BAU";"%";2050;"0.152";"Sensitivity | Current policies | Removed diesel efficiency gains";"Diesel"
"OPEX";"Diesel Infrastructure";"UK";"CO2 emission factor Biodiesel";"Tractor-Trailer";"BAU";"%";2050;"0.152";"Sensitivity | Current policies | Removed diesel efficiency gains";"Diesel"
"OPEX";"Diesel Infrastructure";"UK";"CO2 emission factor Biodiesel";"Rigid";"PROG";"%";2050;"0.152";"Sensitivity | Current policies | Removed diesel efficiency gains";"Diesel"
"OPEX";"Diesel Infrastructure";"UK";"CO2 emission factor Biodiesel";"Tractor-Trailer";"PROG";"%";2050;"0.152";"Sensitivity | Current policies | Removed diesel efficiency gains";"Diesel"
"OPEX";"Diesel Infrastructure";"DE";"CO2 emission factor Pt-Diesel";"Rigid";"BAU";"%";2050;"0";"Sensitivity | Current policies | Removed diesel efficiency gains";"Diesel"
"OPEX";"Diesel Infrastructure";"DE";"CO2 emission factor Pt-Diesel";"Tractor-Trailer";"BAU";"%";2050;"0";"Sensitivity | Current policies | Removed diesel efficiency gains";"Diesel"
"OPEX";"Diesel Infrastructure";"DE";"CO2 emission factor Pt-Diesel";"Rigid";"PROG";"%";2050;"0";"Sensitivity | Current policies | Removed diesel efficiency gains";"Diesel"
"OPEX";"Diesel Infrastructure";"DE";"CO2 emission factor Pt-Diesel";"Tractor-Trailer";"PROG";"%";2050;"0";"Sensitivity | Current policies | Removed diesel efficiency gains";"Diesel"
"OPEX";"Diesel Infrastructure";"ES";"CO2 emission factor Pt-Diesel";"Rigid";"BAU";"%";2050;"0";"Sensitivity | Current policies | Removed diesel efficiency gains";"Diesel"
"OPEX";"Diesel Infrastructure";"ES";"CO2 emission factor Pt-Diesel";"Tractor-Trailer";"BAU";"%";2050;"0";"Sensitivity | Current policies | Removed diesel efficiency gains";"Diesel"
"OPEX";"Diesel Infrastructure";"ES";"CO2 emission factor Pt-Diesel";"Rigid";"PROG";"%";2050;"0";"Sensitivity | Current policies | Removed diesel efficiency gains";"Diesel"
"OPEX";"Diesel Infrastructure";"ES";"CO2 emission factor Pt-Diesel";"Tractor-Trailer";"PROG";"%";2050;"0";"Sensitivity | Current policies | Removed diesel efficiency gains";"Diesel"
"OPEX";"Diesel Infrastructure";"FR";"CO2 emission factor Pt-Diesel";"Rigid";"BAU";"%";2050;"0";"Sensitivity | Current policies | Removed diesel efficiency gains";"Diesel"
"OPEX";"Diesel Infrastructure";"FR";"CO2 emission factor Pt-Diesel";"Tractor-Trailer";"BAU";"%";2050;"0";"Sensitivity | Current policies | Removed diesel efficiency gains";"Diesel"
"OPEX";"Diesel Infrastructure";"FR";"CO2 emission factor Pt-Diesel";"Rigid";"PROG";"%";2050;"0";"Sensitivity | Current policies | Removed diesel efficiency gains";"Diesel"
"OPEX";"Diesel Infrastructure";"FR";"CO2 emission factor Pt-Diesel";"Tractor-Trailer";"PROG";"%";2050;"0";"Sensitivity | Current policies | Removed diesel efficiency gains";"Diesel"
"OPEX";"Diesel Infrastructure";"IT";"CO2 emission factor Pt-Diesel";"Rigid";"BAU";"%";2050;"0";"Sensitivity | Current policies | Removed diesel efficiency gains";"Diesel"
"OPEX";"Diesel Infrastructure";"IT";"CO2 emission factor Pt-Diesel";"Tractor-Trailer";"BAU";"%";2050;"0";"Sensitivity | Current policies | Removed diesel efficiency gains";"Diesel"
"OPEX";"Diesel Infrastructure";"IT";"CO2 emission factor Pt-Diesel";"Rigid";"PROG";"%";2050;"0";"Sensitivity | Current policies | Removed diesel efficiency gains";"Diesel"
"OPEX";"Diesel Infrastructure";"IT";"CO2 emission factor Pt-Diesel";"Tractor-Trailer";"PROG";"%";2050;"0";"Sensitivity | Current policies | Removed diesel efficiency gains";"Diesel"
"OPEX";"Diesel Infrastructure";"NL";"CO2 emission factor Pt-Diesel";"Rigid";"BAU";"%";2050;"0";"Sensitivity | Current policies | Removed diesel efficiency gains";"Diesel"
"OPEX";"Diesel Infrastructure";"NL";"CO2 emission factor Pt-Diesel";"Tractor-Trailer";"BAU";"%";2050;"0";"Sensitivity | Current policies | Removed diesel efficiency gains";"Diesel"
"OPEX";"Diesel Infrastructure";"NL";"CO2 emission factor Pt-Diesel";"Rigid";"PROG";"%";2050;"0";"Sensitivity | Current policies | Removed diesel efficiency gains";"Diesel"
"OPEX";"Diesel Infrastructure";"NL";"CO2 emission factor Pt-Diesel";"Tractor-Trailer";"PROG";"%";2050;"0";"Sensitivity | Current policies | Removed diesel efficiency gains";"Diesel"
"OPEX";"Diesel Infrastructure";"PL";"CO2 emission factor Pt-Diesel";"Rigid";"BAU";"%";2050;"0";"Sensitivity | Current policies | Removed diesel efficiency gains";"Diesel"
"OPEX";"Diesel Infrastructure";"PL";"CO2 emission factor Pt-Diesel";"Tractor-Trailer";"BAU";"%";2050;"0";"Sensitivity | Current policies | Removed diesel efficiency gains";"Diesel"
"OPEX";"Diesel Infrastructure";"PL";"CO2 emission factor Pt-Diesel";"Rigid";"PROG";"%";2050;"0";"Sensitivity | Current policies | Removed diesel efficiency gains";"Diesel"
"OPEX";"Diesel Infrastructure";"PL";"CO2 emission factor Pt-Diesel";"Tractor-Trailer";"PROG";"%";2050;"0";"Sensitivity | Current policies | Removed diesel efficiency gains";"Diesel"
"OPEX";"Diesel Infrastructure";"UK";"CO2 emission factor Pt-Diesel";"Rigid";"BAU";"%";2050;"0";"Sensitivity | Current policies | Removed diesel efficiency gains";"Diesel"
"OPEX";"Diesel Infrastructure";"UK";"CO2 emission factor Pt-Diesel";"Tractor-Trailer";"BAU";"%";2050;"0";"Sensitivity | Current policies | Removed diesel efficiency gains";"Diesel"
"OPEX";"Diesel Infrastructure";"UK";"CO2 emission factor Pt-Diesel";"Rigid";"PROG";"%";2050;"0";"Sensitivity | Current policies | Removed diesel efficiency gains";"Diesel"
"OPEX";"Diesel Infrastructure";"UK";"CO2 emission factor Pt-Diesel";"Tractor-Trailer";"PROG";"%";2050;"0";"Sensitivity | Current policies | Removed diesel efficiency gains";"Diesel"
"OPEX";"Taxes";"DE";"Network Costs - MCS";"Rigid";"BAU";"EUR/kWh";2050;"0.034";"Sensitivity | Current policies | Removed diesel efficiency gains";"Electricity"
"OPEX";"Taxes";"DE";"Network Costs - MCS";"Tractor-Trailer";"BAU";"EUR/kWh";2050;"0.034";"Sensitivity | Current policies | Removed diesel efficiency gains";"Electricity"
"OPEX";"Taxes";"ES";"Network Costs - MCS";"Rigid";"BAU";"EUR/kWh";2050;"0.018";"Sensitivity | Current policies | Removed diesel efficiency gains";"Electricity"
"OPEX";"Taxes";"ES";"Network Costs - MCS";"Tractor-Trailer";"BAU";"EUR/kWh";2050;"0.018";"Sensitivity | Current policies | Removed diesel efficiency gains";"Electricity"
"OPEX";"Taxes";"FR";"Network Costs - MCS";"Rigid";"BAU";"EUR/kWh";2050;"0.018";"Sensitivity | Current policies | Removed diesel efficiency gains";"Electricity"
"OPEX";"Taxes";"FR";"Network Costs - MCS";"Tractor-Trailer";"BAU";"EUR/kWh";2050;"0.018";"Sensitivity | Current policies | Removed diesel efficiency gains";"Electricity"
"OPEX";"Taxes";"IT";"Network Costs - MCS";"Rigid";"BAU";"EUR/kWh";2050;"0.015";"Sensitivity | Current policies | Removed diesel efficiency gains";"Electricity"
"OPEX";"Taxes";"IT";"Network Costs - MCS";"Tractor-Trailer";"BAU";"EUR/kWh";2050;"0.015";"Sensitivity | Current policies | Removed diesel efficiency gains";"Electricity"
"OPEX";"Taxes";"NL";"Network Costs - MCS";"Rigid";"BAU";"EUR/kWh";2050;"0.016";"Sensitivity | Current policies | Removed diesel efficiency gains";"Electricity"
"OPEX";"Taxes";"NL";"Network Costs - MCS";"Tractor-Trailer";"BAU";"EUR/kWh";2050;"0.016";"Sensitivity | Current policies | Removed diesel efficiency gains";"Electricity"
"OPEX";"Taxes";"PL";"Network Costs - MCS";"Rigid";"BAU";"EUR/kWh";2050;"0.019";"Sensitivity | Current policies | Removed diesel efficiency gains";"Electricity"
"OPEX";"Taxes";"PL";"Network Costs - MCS";"Tractor-Trailer";"BAU";"EUR/kWh";2050;"0.019";"Sensitivity | Current policies | Removed diesel efficiency gains";"Electricity"
"OPEX";"Taxes";"UK";"Network Costs - MCS";"Rigid";"BAU";"EUR/kWh";2050;"0.027";"Sensitivity | Current policies | Removed diesel efficiency gains";"Electricity"
"OPEX";"Taxes";"UK";"Network Costs - MCS";"Tractor-Trailer";"BAU";"EUR/kWh";2050;"0.027";"Sensitivity | Current policies | Removed diesel efficiency gains";"Electricity"
"OPEX";"Taxes";"DE";"Taxes, Fees, Levies and charges - MCS";"Rigid";"BAU";"EUR/kWh";2050;"0.056";"Sensitivity | Current policies | Removed diesel efficiency gains";"Electricity"
"OPEX";"Taxes";"DE";"Taxes, Fees, Levies and charges - MCS";"Tractor-Trailer";"BAU";"EUR/kWh";2050;"0.056";"Sensitivity | Current policies | Removed diesel efficiency gains";"Electricity"
"OPEX";"Taxes";"ES";"Taxes, Fees, Levies and charges - MCS";"Rigid";"BAU";"EUR/kWh";2050;"0.036";"Sensitivity | Current policies | Removed diesel efficiency gains";"Electricity"
"OPEX";"Taxes";"ES";"Taxes, Fees, Levies and charges - MCS";"Tractor-Trailer";"BAU";"EUR/kWh";2050;"0.036";"Sensitivity | Current policies | Removed diesel efficiency gains";"Electricity"
"OPEX";"Taxes";"FR";"Taxes, Fees, Levies and charges - MCS";"Rigid";"BAU";"EUR/kWh";2050;"0.03";"Sensitivity | Current policies | Removed diesel efficiency gains";"Electricity"
"OPEX";"Taxes";"FR";"Taxes, Fees, Levies and charges - MCS";"Tractor-Trailer";"BAU";"EUR/kWh";2050;"0.03";"Sensitivity | Current policies | Removed diesel efficiency gains";"Electricity"
"OPEX";"Taxes";"IT";"Taxes, Fees, Levies and charges - MCS";"Rigid";"BAU";"EUR/kWh";2050;"0.062";"Sensitivity | Current policies | Removed diesel efficiency gains";"Electricity"
"OPEX";"Taxes";"IT";"Taxes, Fees, Levies and charges - MCS";"Tractor-Trailer";"BAU";"EUR/kWh";2050;"0.062";"Sensitivity | Current policies | Removed diesel efficiency gains";"Electricity"
"OPEX";"Taxes";"NL";"Taxes, Fees, Levies and charges - MCS";"Rigid";"BAU";"EUR/kWh";2050;"0.055";"Sensitivity | Current policies | Removed diesel efficiency gains";"Electricity"
"OPEX";"Taxes";"NL";"Taxes, Fees, Levies and charges - MCS";"Tractor-Trailer";"BAU";"EUR/kWh";2050;"0.055";"Sensitivity | Current policies | Removed diesel efficiency gains";"Electricity"
"OPEX";"Taxes";"PL";"Taxes, Fees, Levies and charges - MCS";"Rigid";"BAU";"EUR/kWh";2050;"0.049";"Sensitivity | Current policies | Removed diesel efficiency gains";"Electricity"
"OPEX";"Taxes";"PL";"Taxes, Fees, Levies and charges - MCS";"Tractor-Trailer";"BAU";"EUR/kWh";2050;"0.049";"Sensitivity | Current policies | Removed diesel efficiency gains";"Electricity"
"OPEX";"Taxes";"UK";"Taxes, Fees, Levies and charges - MCS";"Rigid";"BAU";"EUR/kWh";2050;"0.077";"Sensitivity | Current policies | Removed diesel efficiency gains";"Electricity"
"OPEX";"Taxes";"UK";"Taxes, Fees, Levies and charges - MCS";"Tractor-Trailer";"BAU";"EUR/kWh";2050;"0.077";"Sensitivity | Current policies | Removed diesel efficiency gains";"Electricity"
"OPEX";"Taxes";"DE";"Network Costs - Depot";"Rigid";"BAU";"EUR/kWh";2050;"0.034";"Sensitivity | Current policies | Removed diesel efficiency gains";"Electricity"
"OPEX";"Taxes";"DE";"Network Costs - Depot";"Tractor-Trailer";"BAU";"EUR/kWh";2050;"0.034";"Sensitivity | Current policies | Removed diesel efficiency gains";"Electricity"
"OPEX";"Taxes";"ES";"Network Costs - Depot";"Rigid";"BAU";"EUR/kWh";2050;"0.018";"Sensitivity | Current policies | Removed diesel efficiency gains";"Electricity"
"OPEX";"Taxes";"ES";"Network Costs - Depot";"Tractor-Trailer";"BAU";"EUR/kWh";2050;"0.018";"Sensitivity | Current policies | Removed diesel efficiency gains";"Electricity"
"OPEX";"Taxes";"FR";"Network Costs - Depot";"Rigid";"BAU";"EUR/kWh";2050;"0.018";"Sensitivity | Current policies | Removed diesel efficiency gains";"Electricity"
"OPEX";"Taxes";"FR";"Network Costs - Depot";"Tractor-Trailer";"BAU";"EUR/kWh";2050;"0.018";"Sensitivity | Current policies | Removed diesel efficiency gains";"Electricity"
"OPEX";"Taxes";"IT";"Network Costs - Depot";"Rigid";"BAU";"EUR/kWh";2050;"0.016";"Sensitivity | Current policies | Removed diesel efficiency gains";"Electricity"
"OPEX";"Taxes";"IT";"Network Costs - Depot";"Tractor-Trailer";"BAU";"EUR/kWh";2050;"0.016";"Sensitivity | Current policies | Removed diesel efficiency gains";"Electricity"
"OPEX";"Taxes";"NL";"Network Costs - Depot";"Rigid";"BAU";"EUR/kWh";2050;"0.016";"Sensitivity | Current policies | Removed diesel efficiency gains";"Electricity"
"OPEX";"Taxes";"NL";"Network Costs - Depot";"Tractor-Trailer";"BAU";"EUR/kWh";2050;"0.016";"Sensitivity | Current policies | Removed diesel efficiency gains";"Electricity"
"OPEX";"Taxes";"PL";"Network Costs - Depot";"Rigid";"BAU";"EUR/kWh";2050;"0.019";"Sensitivity | Current policies | Removed diesel efficiency gains";"Electricity"
"OPEX";"Taxes";"PL";"Network Costs - Depot";"Tractor-Trailer";"BAU";"EUR/kWh";2050;"0.019";"Sensitivity | Current policies | Removed diesel efficiency gains";"Electricity"
"OPEX";"Taxes";"UK";"Network Costs - Depot";"Rigid";"BAU";"EUR/kWh";2050;"0.027";"Sensitivity | Current policies | Removed diesel efficiency gains";"Electricity"
"OPEX";"Taxes";"UK";"Network Costs - Depot";"Tractor-Trailer";"BAU";"EUR/kWh";2050;"0.027";"Sensitivity | Current policies | Removed diesel efficiency gains";"Electricity"
"OPEX";"Taxes";"DE";"Taxes, Fees, Levies and charges - Depot";"Rigid";"BAU";"EUR/kWh";2050;"0.056";"Sensitivity | Current policies | Removed diesel efficiency gains";"Electricity"
"OPEX";"Taxes";"DE";"Taxes, Fees, Levies and charges - Depot";"Tractor-Trailer";"BAU";"EUR/kWh";2050;"0.056";"Sensitivity | Current policies | Removed diesel efficiency gains";"Electricity"
"OPEX";"Taxes";"ES";"Taxes, Fees, Levies and charges - Depot";"Rigid";"BAU";"EUR/kWh";2050;"0.036";"Sensitivity | Current policies | Removed diesel efficiency gains";"Electricity"
"OPEX";"Taxes";"ES";"Taxes, Fees, Levies and charges - Depot";"Tractor-Trailer";"BAU";"EUR/kWh";2050;"0.036";"Sensitivity | Current policies | Removed diesel efficiency gains";"Electricity"
"OPEX";"Taxes";"FR";"Taxes, Fees, Levies and charges - Depot";"Rigid";"BAU";"EUR/kWh";2050;"0.03";"Sensitivity | Current policies | Removed diesel efficiency gains";"Electricity"
"OPEX";"Taxes";"FR";"Taxes, Fees, Levies and charges - Depot";"Tractor-Trailer";"BAU";"EUR/kWh";2050;"0.03";"Sensitivity | Current policies | Removed diesel efficiency gains";"Electricity"
"OPEX";"Taxes";"IT";"Taxes, Fees, Levies and charges - Depot";"Rigid";"BAU";"EUR/kWh";2050;"0.063";"Sensitivity | Current policies | Removed diesel efficiency gains";"Electricity"
"OPEX";"Taxes";"IT";"Taxes, Fees, Levies and charges - Depot";"Tractor-Trailer";"BAU";"EUR/kWh";2050;"0.063";"Sensitivity | Current policies | Removed diesel efficiency gains";"Electricity"
"OPEX";"Taxes";"NL";"Taxes, Fees, Levies and charges - Depot";"Rigid";"BAU";"EUR/kWh";2050;"0.055";"Sensitivity | Current policies | Removed diesel efficiency gains";"Electricity"
"OPEX";"Taxes";"NL";"Taxes, Fees, Levies and charges - Depot";"Tractor-Trailer";"BAU";"EUR/kWh";2050;"0.055";"Sensitivity | Current policies | Removed diesel efficiency gains";"Electricity"
"OPEX";"Taxes";"PL";"Taxes, Fees, Levies and charges - Depot";"Rigid";"BAU";"EUR/kWh";2050;"0.049";"Sensitivity | Current policies | Removed diesel efficiency gains";"Electricity"
"OPEX";"Taxes";"PL";"Taxes, Fees, Levies and charges - Depot";"Tractor-Trailer";"BAU";"EUR/kWh";2050;"0.049";"Sensitivity | Current policies | Removed diesel efficiency gains";"Electricity"
"OPEX";"Taxes";"UK";"Taxes, Fees, Levies and charges - Depot";"Rigid";"BAU";"EUR/kWh";2050;"0.077";"Sensitivity | Current policies | Removed diesel efficiency gains";"Electricity"
"OPEX";"Taxes";"UK";"Taxes, Fees, Levies and charges - Depot";"Tractor-Trailer";"BAU";"EUR/kWh";2050;"0.077";"Sensitivity | Current policies | Removed diesel efficiency gains";"Electricity"
"OPEX";"H2 Infrastructure";"DE";"HRS costs";"Rigid";"BAU";"EUR/kg H2";2050;"1";"Sensitivity | Current policies | Removed diesel efficiency gains";"Hydrogen"
"OPEX";"H2 Infrastructure";"DE";"HRS costs";"Tractor-Trailer";"BAU";"EUR/kg H2";2050;"1";"Sensitivity | Current policies | Removed diesel efficiency gains";"Hydrogen"
"OPEX";"H2 Infrastructure";"ES";"HRS costs";"Rigid";"BAU";"EUR/kg H2";2050;"1";"Sensitivity | Current policies | Removed diesel efficiency gains";"Hydrogen"
"OPEX";"H2 Infrastructure";"ES";"HRS costs";"Tractor-Trailer";"BAU";"EUR/kg H2";2050;"1";"Sensitivity | Current policies | Removed diesel efficiency gains";"Hydrogen"
"OPEX";"H2 Infrastructure";"FR";"HRS costs";"Rigid";"BAU";"EUR/kg H2";2050;"1";"Sensitivity | Current policies | Removed diesel efficiency gains";"Hydrogen"
"OPEX";"H2 Infrastructure";"FR";"HRS costs";"Tractor-Trailer";"BAU";"EUR/kg H2";2050;"1";"Sensitivity | Current policies | Removed diesel efficiency gains";"Hydrogen"
"OPEX";"H2 Infrastructure";"IT";"HRS costs";"Rigid";"BAU";"EUR/kg H2";2050;"1";"Sensitivity | Current policies | Removed diesel efficiency gains";"Hydrogen"
"OPEX";"H2 Infrastructure";"IT";"HRS costs";"Tractor-Trailer";"BAU";"EUR/kg H2";2050;"1";"Sensitivity | Current policies | Removed diesel efficiency gains";"Hydrogen"
"OPEX";"H2 Infrastructure";"NL";"HRS costs";"Rigid";"BAU";"EUR/kg H2";2050;"1";"Sensitivity | Current policies | Removed diesel efficiency gains";"Hydrogen"
"OPEX";"H2 Infrastructure";"NL";"HRS costs";"Tractor-Trailer";"BAU";"EUR/kg H2";2050;"1";"Sensitivity | Current policies | Removed diesel efficiency gains";"Hydrogen"
"OPEX";"H2 Infrastructure";"PL";"HRS costs";"Rigid";"BAU";"EUR/kg H2";2050;"1";"Sensitivity | Current policies | Removed diesel efficiency gains";"Hydrogen"
"OPEX";"H2 Infrastructure";"PL";"HRS costs";"Tractor-Trailer";"BAU";"EUR/kg H2";2050;"1";"Sensitivity | Current policies | Removed diesel efficiency gains";"Hydrogen"
"OPEX";"H2 Infrastructure";"UK";"HRS costs";"Rigid";"BAU";"EUR/kg H2";2050;"1";"Sensitivity | Current policies | Removed diesel efficiency gains";"Hydrogen"
"OPEX";"H2 Infrastructure";"UK";"HRS costs";"Tractor-Trailer";"BAU";"EUR/kg H2";2050;"1";"Sensitivity | Current policies | Removed diesel efficiency gains";"Hydrogen"
"OPEX";"H2 Infrastructure";"DE";"H2 transport and distribution";"Rigid";"BAU";"EUR/kg H2";2050;"1";"Sensitivity | Current policies | Removed diesel efficiency gains";"Hydrogen"
"OPEX";"H2 Infrastructure";"DE";"H2 transport and distribution";"Tractor-Trailer";"BAU";"EUR/kg H2";2050;"1";"Sensitivity | Current policies | Removed diesel efficiency gains";"Hydrogen"
"OPEX";"H2 Infrastructure";"ES";"H2 transport and distribution";"Rigid";"BAU";"EUR/kg H2";2050;"1";"Sensitivity | Current policies | Removed diesel efficiency gains";"Hydrogen"
"OPEX";"H2 Infrastructure";"ES";"H2 transport and distribution";"Tractor-Trailer";"BAU";"EUR/kg H2";2050;"1";"Sensitivity | Current policies | Removed diesel efficiency gains";"Hydrogen"
"OPEX";"H2 Infrastructure";"FR";"H2 transport and distribution";"Rigid";"BAU";"EUR/kg H2";2050;"1";"Sensitivity | Current policies | Removed diesel efficiency gains";"Hydrogen"
"OPEX";"H2 Infrastructure";"FR";"H2 transport and distribution";"Tractor-Trailer";"BAU";"EUR/kg H2";2050;"1";"Sensitivity | Current policies | Removed diesel efficiency gains";"Hydrogen"
"OPEX";"H2 Infrastructure";"IT";"H2 transport and distribution";"Rigid";"BAU";"EUR/kg H2";2050;"1";"Sensitivity | Current policies | Removed diesel efficiency gains";"Hydrogen"
"OPEX";"H2 Infrastructure";"IT";"H2 transport and distribution";"Tractor-Trailer";"BAU";"EUR/kg H2";2050;"1";"Sensitivity | Current policies | Removed diesel efficiency gains";"Hydrogen"
"OPEX";"H2 Infrastructure";"NL";"H2 transport and distribution";"Rigid";"BAU";"EUR/kg H2";2050;"1";"Sensitivity | Current policies | Removed diesel efficiency gains";"Hydrogen"
"OPEX";"H2 Infrastructure";"NL";"H2 transport and distribution";"Tractor-Trailer";"BAU";"EUR/kg H2";2050;"1";"Sensitivity | Current policies | Removed diesel efficiency gains";"Hydrogen"
"OPEX";"H2 Infrastructure";"PL";"H2 transport and distribution";"Rigid";"BAU";"EUR/kg H2";2050;"1";"Sensitivity | Current policies | Removed diesel efficiency gains";"Hydrogen"
"OPEX";"H2 Infrastructure";"PL";"H2 transport and distribution";"Tractor-Trailer";"BAU";"EUR/kg H2";2050;"1";"Sensitivity | Current policies | Removed diesel efficiency gains";"Hydrogen"
"OPEX";"H2 Infrastructure";"UK";"H2 transport and distribution";"Rigid";"BAU";"EUR/kg H2";2050;"1";"Sensitivity | Current policies | Removed diesel efficiency gains";"Hydrogen"
"OPEX";"H2 Infrastructure";"UK";"H2 transport and distribution";"Tractor-Trailer";"BAU";"EUR/kg H2";2050;"1";"Sensitivity | Current policies | Removed diesel efficiency gains";"Hydrogen"
"OPEX";"H2 Infrastructure";"DE";"HRS Overhead, Profit and Mark-Up";"Rigid";"BAU";"EUR/kg H2";2050;"0.25";"Sensitivity | Current policies | Removed diesel efficiency gains";"Hydrogen"
"OPEX";"H2 Infrastructure";"DE";"HRS Overhead, Profit and Mark-Up";"Tractor-Trailer";"BAU";"EUR/kg H2";2050;"0.25";"Sensitivity | Current policies | Removed diesel efficiency gains";"Hydrogen"
"OPEX";"H2 Infrastructure";"ES";"HRS Overhead, Profit and Mark-Up";"Rigid";"BAU";"EUR/kg H2";2050;"0.25";"Sensitivity | Current policies | Removed diesel efficiency gains";"Hydrogen"
"OPEX";"H2 Infrastructure";"ES";"HRS Overhead, Profit and Mark-Up";"Tractor-Trailer";"BAU";"EUR/kg H2";2050;"0.25";"Sensitivity | Current policies | Removed diesel efficiency gains";"Hydrogen"
"OPEX";"H2 Infrastructure";"FR";"HRS Overhead, Profit and Mark-Up";"Rigid";"BAU";"EUR/kg H2";2050;"0.25";"Sensitivity | Current policies | Removed diesel efficiency gains";"Hydrogen"
"OPEX";"H2 Infrastructure";"FR";"HRS Overhead, Profit and Mark-Up";"Tractor-Trailer";"BAU";"EUR/kg H2";2050;"0.25";"Sensitivity | Current policies | Removed diesel efficiency gains";"Hydrogen"
"OPEX";"H2 Infrastructure";"IT";"HRS Overhead, Profit and Mark-Up";"Rigid";"BAU";"EUR/kg H2";2050;"0.25";"Sensitivity | Current policies | Removed diesel efficiency gains";"Hydrogen"
"OPEX";"H2 Infrastructure";"IT";"HRS Overhead, Profit and Mark-Up";"Tractor-Trailer";"BAU";"EUR/kg H2";2050;"0.25";"Sensitivity | Current policies | Removed diesel efficiency gains";"Hydrogen"
"OPEX";"H2 Infrastructure";"NL";"HRS Overhead, Profit and Mark-Up";"Rigid";"BAU";"EUR/kg H2";2050;"0.25";"Sensitivity | Current policies | Removed diesel efficiency gains";"Hydrogen"
"OPEX";"H2 Infrastructure";"NL";"HRS Overhead, Profit and Mark-Up";"Tractor-Trailer";"BAU";"EUR/kg H2";2050;"0.25";"Sensitivity | Current policies | Removed diesel efficiency gains";"Hydrogen"
"OPEX";"H2 Infrastructure";"PL";"HRS Overhead, Profit and Mark-Up";"Rigid";"BAU";"EUR/kg H2";2050;"0.25";"Sensitivity | Current policies | Removed diesel efficiency gains";"Hydrogen"
"OPEX";"H2 Infrastructure";"PL";"HRS Overhead, Profit and Mark-Up";"Tractor-Trailer";"BAU";"EUR/kg H2";2050;"0.25";"Sensitivity | Current policies | Removed diesel efficiency gains";"Hydrogen"
"OPEX";"H2 Infrastructure";"UK";"HRS Overhead, Profit and Mark-Up";"Rigid";"BAU";"EUR/kg H2";2050;"0.25";"Sensitivity | Current policies | Removed diesel efficiency gains";"Hydrogen"
"OPEX";"H2 Infrastructure";"UK";"HRS Overhead, Profit and Mark-Up";"Tractor-Trailer";"BAU";"EUR/kg H2";2050;"0.25";"Sensitivity | Current policies | Removed diesel efficiency gains";"Hydrogen"
"OPEX";"Charging Infrastructure";"DE";"MCS Station (Public Charging) - Incl. Overhead";"Rigid";"BAU";"EUR/kWh";2050;"0.028";"Sensitivity | Current policies | Removed diesel efficiency gains";"Electricity"
"OPEX";"Charging Infrastructure";"DE";"MCS Station (Public Charging) - Incl. Overhead";"Tractor-Trailer";"BAU";"EUR/kWh";2050;"0.028";"Sensitivity | Current policies | Removed diesel efficiency gains";"Electricity"
"OPEX";"Charging Infrastructure";"ES";"MCS Station (Public Charging) - Incl. Overhead";"Rigid";"BAU";"EUR/kWh";2050;"0.028";"Sensitivity | Current policies | Removed diesel efficiency gains";"Electricity"
"OPEX";"Charging Infrastructure";"ES";"MCS Station (Public Charging) - Incl. Overhead";"Tractor-Trailer";"BAU";"EUR/kWh";2050;"0.028";"Sensitivity | Current policies | Removed diesel efficiency gains";"Electricity"
"OPEX";"Charging Infrastructure";"FR";"MCS Station (Public Charging) - Incl. Overhead";"Rigid";"BAU";"EUR/kWh";2050;"0.028";"Sensitivity | Current policies | Removed diesel efficiency gains";"Electricity"
"OPEX";"Charging Infrastructure";"FR";"MCS Station (Public Charging) - Incl. Overhead";"Tractor-Trailer";"BAU";"EUR/kWh";2050;"0.028";"Sensitivity | Current policies | Removed diesel efficiency gains";"Electricity"
"OPEX";"Charging Infrastructure";"IT";"MCS Station (Public Charging) - Incl. Overhead";"Rigid";"BAU";"EUR/kWh";2050;"0.028";"Sensitivity | Current policies | Removed diesel efficiency gains";"Electricity"
"OPEX";"Charging Infrastructure";"IT";"MCS Station (Public Charging) - Incl. Overhead";"Tractor-Trailer";"BAU";"EUR/kWh";2050;"0.028";"Sensitivity | Current policies | Removed diesel efficiency gains";"Electricity"
"OPEX";"Charging Infrastructure";"NL";"MCS Station (Public Charging) - Incl. Overhead";"Rigid";"BAU";"EUR/kWh";2050;"0.028";"Sensitivity | Current policies | Removed diesel efficiency gains";"Electricity"
"OPEX";"Charging Infrastructure";"NL";"MCS Station (Public Charging) - Incl. Overhead";"Tractor-Trailer";"BAU";"EUR/kWh";2050;"0.028";"Sensitivity | Current policies | Removed diesel efficiency gains";"Electricity"
"OPEX";"Charging Infrastructure";"PL";"MCS Station (Public Charging) - Incl. Overhead";"Rigid";"BAU";"EUR/kWh";2050;"0.028";"Sensitivity | Current policies | Removed diesel efficiency gains";"Electricity"
"OPEX";"Charging Infrastructure";"PL";"MCS Station (Public Charging) - Incl. Overhead";"Tractor-Trailer";"BAU";"EUR/kWh";2050;"0.028";"Sensitivity | Current policies | Removed diesel efficiency gains";"Electricity"
"OPEX";"Charging Infrastructure";"UK";"MCS Station (Public Charging) - Incl. Overhead";"Rigid";"BAU";"EUR/kWh";2050;"0.028";"Sensitivity | Current policies | Removed diesel efficiency gains";"Electricity"
"OPEX";"Charging Infrastructure";"UK";"MCS Station (Public Charging) - Incl. Overhead";"Tractor-Trailer";"BAU";"EUR/kWh";2050;"0.028";"Sensitivity | Current policies | Removed diesel efficiency gains";"Electricity"
"OPEX";"Charging Infrastructure";"DE";"Share MCS-Charging";"Rigid";"BAU";"%";2050;"0.2";"Sensitivity | Current policies | Removed diesel efficiency gains";"Electricity"
"OPEX";"Charging Infrastructure";"DE";"Share MCS-Charging";"Tractor-Trailer";"BAU";"%";2050;"0.2";"Sensitivity | Current policies | Removed diesel efficiency gains";"Electricity"
"OPEX";"Charging Infrastructure";"ES";"Share MCS-Charging";"Rigid";"BAU";"%";2050;"0.2";"Sensitivity | Current policies | Removed diesel efficiency gains";"Electricity"
"OPEX";"Charging Infrastructure";"ES";"Share MCS-Charging";"Tractor-Trailer";"BAU";"%";2050;"0.2";"Sensitivity | Current policies | Removed diesel efficiency gains";"Electricity"
"OPEX";"Charging Infrastructure";"FR";"Share MCS-Charging";"Rigid";"BAU";"%";2050;"0.2";"Sensitivity | Current policies | Removed diesel efficiency gains";"Electricity"
"OPEX";"Charging Infrastructure";"FR";"Share MCS-Charging";"Tractor-Trailer";"BAU";"%";2050;"0.2";"Sensitivity | Current policies | Removed diesel efficiency gains";"Electricity"
"OPEX";"Charging Infrastructure";"IT";"Share MCS-Charging";"Rigid";"BAU";"%";2050;"0.2";"Sensitivity | Current policies | Removed diesel efficiency gains";"Electricity"
"OPEX";"Charging Infrastructure";"IT";"Share MCS-Charging";"Tractor-Trailer";"BAU";"%";2050;"0.2";"Sensitivity | Current policies | Removed diesel efficiency gains";"Electricity"
"OPEX";"Charging Infrastructure";"NL";"Share MCS-Charging";"Rigid";"BAU";"%";2050;"0.2";"Sensitivity | Current policies | Removed diesel efficiency gains";"Electricity"
"OPEX";"Charging Infrastructure";"NL";"Share MCS-Charging";"Tractor-Trailer";"BAU";"%";2050;"0.2";"Sensitivity | Current policies | Removed diesel efficiency gains";"Electricity"
"OPEX";"Charging Infrastructure";"PL";"Share MCS-Charging";"Rigid";"BAU";"%";2050;"0.2";"Sensitivity | Current policies | Removed diesel efficiency gains";"Electricity"
"OPEX";"Charging Infrastructure";"PL";"Share MCS-Charging";"Tractor-Trailer";"BAU";"%";2050;"0.2";"Sensitivity | Current policies | Removed diesel efficiency gains";"Electricity"
"OPEX";"Charging Infrastructure";"UK";"Share MCS-Charging";"Rigid";"BAU";"%";2050;"0.2";"Sensitivity | Current policies | Removed diesel efficiency gains";"Electricity"
"OPEX";"Charging Infrastructure";"UK";"Share MCS-Charging";"Tractor-Trailer";"BAU";"%";2050;"0.2";"Sensitivity | Current policies | Removed diesel efficiency gains";"Electricity"
"OPEX";"Charging Infrastructure";"DE";"Depot - Network fees savings potential";"Rigid";"BAU";"EUR/kWh";2050;"0";"Sensitivity | Current policies | Removed diesel efficiency gains";"Electricity"
"OPEX";"Charging Infrastructure";"DE";"Depot - Network fees savings potential";"Tractor-Trailer";"BAU";"EUR/kWh";2050;"0";"Sensitivity | Current policies | Removed diesel efficiency gains";"Electricity"
"OPEX";"Charging Infrastructure";"ES";"Depot - Network fees savings potential";"Rigid";"BAU";"EUR/kWh";2050;"0";"Sensitivity | Current policies | Removed diesel efficiency gains";"Electricity"
"OPEX";"Charging Infrastructure";"ES";"Depot - Network fees savings potential";"Tractor-Trailer";"BAU";"EUR/kWh";2050;"0";"Sensitivity | Current policies | Removed diesel efficiency gains";"Electricity"
"OPEX";"Charging Infrastructure";"FR";"Depot - Network fees savings potential";"Rigid";"BAU";"EUR/kWh";2050;"0";"Sensitivity | Current policies | Removed diesel efficiency gains";"Electricity"
"OPEX";"Charging Infrastructure";"FR";"Depot - Network fees savings potential";"Tractor-Trailer";"BAU";"EUR/kWh";2050;"0";"Sensitivity | Current policies | Removed diesel efficiency gains";"Electricity"
"OPEX";"Charging Infrastructure";"IT";"Depot - Network fees savings potential";"Rigid";"BAU";"EUR/kWh";2050;"0";"Sensitivity | Current policies | Removed diesel efficiency gains";"Electricity"
"OPEX";"Charging Infrastructure";"IT";"Depot - Network fees savings potential";"Tractor-Trailer";"BAU";"EUR/kWh";2050;"0";"Sensitivity | Current policies | Removed diesel efficiency gains";"Electricity"
"OPEX";"Charging Infrastructure";"NL";"Depot - Network fees savings potential";"Rigid";"BAU";"EUR/kWh";2050;"0";"Sensitivity | Current policies | Removed diesel efficiency gains";"Electricity"
"OPEX";"Charging Infrastructure";"NL";"Depot - Network fees savings potential";"Tractor-Trailer";"BAU";"EUR/kWh";2050;"0";"Sensitivity | Current policies | Removed diesel efficiency gains";"Electricity"
"OPEX";"Charging Infrastructure";"PL";"Depot - Network fees savings potential";"Rigid";"BAU";"EUR/kWh";2050;"0";"Sensitivity | Current policies | Removed diesel efficiency gains";"Electricity"
"OPEX";"Charging Infrastructure";"PL";"Depot - Network fees savings potential";"Tractor-Trailer";"BAU";"EUR/kWh";2050;"0";"Sensitivity | Current policies | Removed diesel efficiency gains";"Electricity"
"OPEX";"Charging Infrastructure";"UK";"Depot - Network fees savings potential";"Rigid";"BAU";"EUR/kWh";2050;"0";"Sensitivity | Current policies | Removed diesel efficiency gains";"Electricity"
"OPEX";"Charging Infrastructure";"UK";"Depot - Network fees savings potential";"Tractor-Trailer";"BAU";"EUR/kWh";2050;"0";"Sensitivity | Current policies | Removed diesel efficiency gains";"Electricity"
"OPEX";"Taxes";"DE";"Tax reduction";"Rigid";"BAU";"%";2050;"0";"Sensitivity | Current policies | Removed diesel efficiency gains";"Hydrogen"
"OPEX";"Taxes";"DE";"Tax reduction";"Tractor-Trailer";"BAU";"%";2050;"0";"Sensitivity | Current policies | Removed diesel efficiency gains";"Hydrogen"
"OPEX";"Taxes";"ES";"Tax reduction";"Rigid";"BAU";"%";2050;"0";"Sensitivity | Current policies | Removed diesel efficiency gains";"Hydrogen"
"OPEX";"Taxes";"ES";"Tax reduction";"Tractor-Trailer";"BAU";"%";2050;"0";"Sensitivity | Current policies | Removed diesel efficiency gains";"Hydrogen"
"OPEX";"Taxes";"FR";"Tax reduction";"Rigid";"BAU";"%";2050;"0";"Sensitivity | Current policies | Removed diesel efficiency gains";"Hydrogen"
"OPEX";"Taxes";"FR";"Tax reduction";"Tractor-Trailer";"BAU";"%";2050;"0";"Sensitivity | Current policies | Removed diesel efficiency gains";"Hydrogen"
"OPEX";"Taxes";"IT";"Tax reduction";"Rigid";"BAU";"%";2050;"0";"Sensitivity | Current policies | Removed diesel efficiency gains";"Hydrogen"
"OPEX";"Taxes";"IT";"Tax reduction";"Tractor-Trailer";"BAU";"%";2050;"0";"Sensitivity | Current policies | Removed diesel efficiency gains";"Hydrogen"
"OPEX";"Taxes";"NL";"Tax reduction";"Rigid";"BAU";"%";2050;"0";"Sensitivity | Current policies | Removed diesel efficiency gains";"Hydrogen"
"OPEX";"Taxes";"NL";"Tax reduction";"Tractor-Trailer";"BAU";"%";2050;"0";"Sensitivity | Current policies | Removed diesel efficiency gains";"Hydrogen"
"OPEX";"Taxes";"PL";"Tax reduction";"Rigid";"BAU";"%";2050;"0";"Sensitivity | Current policies | Removed diesel efficiency gains";"Hydrogen"
"OPEX";"Taxes";"PL";"Tax reduction";"Tractor-Trailer";"BAU";"%";2050;"0";"Sensitivity | Current policies | Removed diesel efficiency gains";"Hydrogen"
"OPEX";"Taxes";"UK";"Tax reduction";"Rigid";"BAU";"%";2050;"0";"Sensitivity | Current policies | Removed diesel efficiency gains";"Hydrogen"
"OPEX";"Taxes";"UK";"Tax reduction";"Tractor-Trailer";"BAU";"%";2050;"0";"Sensitivity | Current policies | Removed diesel efficiency gains";"Hydrogen"
"OPEX";"Taxes";"DE";"Increasing grid fees";"Rigid";"PROG";"%";2050;"0.3";"Sensitivity | Current policies | Removed diesel efficiency gains";"Electricity"
"OPEX";"Taxes";"DE";"Increasing grid fees";"Tractor-Trailer";"PROG";"%";2050;"0.3";"Sensitivity | Current policies | Removed diesel efficiency gains";"Electricity"
"OPEX";"Taxes";"ES";"Increasing grid fees";"Rigid";"PROG";"%";2050;"0.3";"Sensitivity | Current policies | Removed diesel efficiency gains";"Electricity"
"OPEX";"Taxes";"ES";"Increasing grid fees";"Tractor-Trailer";"PROG";"%";2050;"0.3";"Sensitivity | Current policies | Removed diesel efficiency gains";"Electricity"
"OPEX";"Taxes";"FR";"Increasing grid fees";"Rigid";"PROG";"%";2050;"0.3";"Sensitivity | Current policies | Removed diesel efficiency gains";"Electricity"
"OPEX";"Taxes";"FR";"Increasing grid fees";"Tractor-Trailer";"PROG";"%";2050;"0.3";"Sensitivity | Current policies | Removed diesel efficiency gains";"Electricity"
"OPEX";"Taxes";"IT";"Increasing grid fees";"Rigid";"PROG";"%";2050;"0.3";"Sensitivity | Current policies | Removed diesel efficiency gains";"Electricity"
"OPEX";"Taxes";"IT";"Increasing grid fees";"Tractor-Trailer";"PROG";"%";2050;"0.3";"Sensitivity | Current policies | Removed diesel efficiency gains";"Electricity"
"OPEX";"Taxes";"NL";"Increasing grid fees";"Rigid";"PROG";"%";2050;"0.3";"Sensitivity | Current policies | Removed diesel efficiency gains";"Electricity"
"OPEX";"Taxes";"NL";"Increasing grid fees";"Tractor-Trailer";"PROG";"%";2050;"0.3";"Sensitivity | Current policies | Removed diesel efficiency gains";"Electricity"
"OPEX";"Taxes";"PL";"Increasing grid fees";"Rigid";"PROG";"%";2050;"0.3";"Sensitivity | Current policies | Removed diesel efficiency gains";"Electricity"
"OPEX";"Taxes";"PL";"Increasing grid fees";"Tractor-Trailer";"PROG";"%";2050;"0.3";"Sensitivity | Current policies | Removed diesel efficiency gains";"Electricity"
"OPEX";"Taxes";"UK";"Increasing grid fees";"Rigid";"PROG";"%";2050;"0.3";"Sensitivity | Current policies | Removed diesel efficiency gains";"Electricity"
"OPEX";"Taxes";"UK";"Increasing grid fees";"Tractor-Trailer";"PROG";"%";2050;"0.3";"Sensitivity | Current policies | Removed diesel efficiency gains";"Electricity"
"OPEX";"Taxes";"DE";"Increasing grid fees";"Rigid";"BAU";"%";2050;"0.5";"Sensitivity | Current policies | Removed diesel efficiency gains";"Electricity"
"OPEX";"Taxes";"DE";"Increasing grid fees";"Tractor-Trailer";"BAU";"%";2050;"0.5";"Sensitivity | Current policies | Removed diesel efficiency gains";"Electricity"
"OPEX";"Taxes";"ES";"Increasing grid fees";"Rigid";"BAU";"%";2050;"0.5";"Sensitivity | Current policies | Removed diesel efficiency gains";"Electricity"
"OPEX";"Taxes";"ES";"Increasing grid fees";"Tractor-Trailer";"BAU";"%";2050;"0.5";"Sensitivity | Current policies | Removed diesel efficiency gains";"Electricity"
"OPEX";"Taxes";"FR";"Increasing grid fees";"Rigid";"BAU";"%";2050;"0.5";"Sensitivity | Current policies | Removed diesel efficiency gains";"Electricity"
"OPEX";"Taxes";"FR";"Increasing grid fees";"Tractor-Trailer";"BAU";"%";2050;"0.5";"Sensitivity | Current policies | Removed diesel efficiency gains";"Electricity"
"OPEX";"Taxes";"IT";"Increasing grid fees";"Rigid";"BAU";"%";2050;"0.5";"Sensitivity | Current policies | Removed diesel efficiency gains";"Electricity"
"OPEX";"Taxes";"IT";"Increasing grid fees";"Tractor-Trailer";"BAU";"%";2050;"0.5";"Sensitivity | Current policies | Removed diesel efficiency gains";"Electricity"
"OPEX";"Taxes";"NL";"Increasing grid fees";"Rigid";"BAU";"%";2050;"0.5";"Sensitivity | Current policies | Removed diesel efficiency gains";"Electricity"
"OPEX";"Taxes";"NL";"Increasing grid fees";"Tractor-Trailer";"BAU";"%";2050;"0.5";"Sensitivity | Current policies | Removed diesel efficiency gains";"Electricity"
"OPEX";"Taxes";"PL";"Increasing grid fees";"Rigid";"BAU";"%";2050;"0.5";"Sensitivity | Current policies | Removed diesel efficiency gains";"Electricity"
"OPEX";"Taxes";"PL";"Increasing grid fees";"Tractor-Trailer";"BAU";"%";2050;"0.5";"Sensitivity | Current policies | Removed diesel efficiency gains";"Electricity"
"OPEX";"Taxes";"UK";"Increasing grid fees";"Rigid";"BAU";"%";2050;"0.5";"Sensitivity | Current policies | Removed diesel efficiency gains";"Electricity"
"OPEX";"Taxes";"UK";"Increasing grid fees";"Tractor-Trailer";"BAU";"%";2050;"0.5";"Sensitivity | Current policies | Removed diesel efficiency gains";"Electricity"
"OPEX";"Diesel";"FR";"Biodiesel Price";"Rigid";"PROG";"EUR/kWh";2030;"0.106";"Sensitivity | Current policies | Removed diesel efficiency gains";"Diesel"
"OPEX";"Diesel";"FR";"Biodiesel Price";"Tractor-Trailer";"PROG";"EUR/kWh";2030;"0.106";"Sensitivity | Current policies | Removed diesel efficiency gains";"Diesel"
"OPEX";"Diesel";"DE";"Biodiesel Price";"Rigid";"PROG";"EUR/kWh";2030;"0.106";"Sensitivity | Current policies | Removed diesel efficiency gains";"Diesel"
"OPEX";"Diesel";"DE";"Biodiesel Price";"Tractor-Trailer";"PROG";"EUR/kWh";2030;"0.106";"Sensitivity | Current policies | Removed diesel efficiency gains";"Diesel"
"OPEX";"Diesel";"ES";"Biodiesel Price";"Rigid";"PROG";"EUR/kWh";2030;"0.106";"Sensitivity | Current policies | Removed diesel efficiency gains";"Diesel"
"OPEX";"Diesel";"ES";"Biodiesel Price";"Tractor-Trailer";"PROG";"EUR/kWh";2030;"0.106";"Sensitivity | Current policies | Removed diesel efficiency gains";"Diesel"
"OPEX";"Diesel";"IT";"Biodiesel Price";"Rigid";"PROG";"EUR/kWh";2030;"0.106";"Sensitivity | Current policies | Removed diesel efficiency gains";"Diesel"
"OPEX";"Diesel";"IT";"Biodiesel Price";"Tractor-Trailer";"PROG";"EUR/kWh";2030;"0.106";"Sensitivity | Current policies | Removed diesel efficiency gains";"Diesel"
"OPEX";"Diesel";"NL";"Biodiesel Price";"Rigid";"PROG";"EUR/kWh";2030;"0.106";"Sensitivity | Current policies | Removed diesel efficiency gains";"Diesel"
"OPEX";"Diesel";"NL";"Biodiesel Price";"Tractor-Trailer";"PROG";"EUR/kWh";2030;"0.106";"Sensitivity | Current policies | Removed diesel efficiency gains";"Diesel"
"OPEX";"Diesel";"PL";"Biodiesel Price";"Rigid";"PROG";"EUR/kWh";2030;"0.106";"Sensitivity | Current policies | Removed diesel efficiency gains";"Diesel"
"OPEX";"Diesel";"PL";"Biodiesel Price";"Tractor-Trailer";"PROG";"EUR/kWh";2030;"0.106";"Sensitivity | Current policies | Removed diesel efficiency gains";"Diesel"
"OPEX";"Diesel";"UK";"Biodiesel Price";"Rigid";"PROG";"EUR/kWh";2030;"0.106";"Sensitivity | Current policies | Removed diesel efficiency gains";"Diesel"
"OPEX";"Diesel";"UK";"Biodiesel Price";"Tractor-Trailer";"PROG";"EUR/kWh";2030;"0.106";"Sensitivity | Current policies | Removed diesel efficiency gains";"Diesel"
"OPEX";"Diesel";"DE";"Pt-Diesel Price";"Rigid";"PROG";"EUR/kWh";2030;"0.244";"Sensitivity | Current policies | Removed diesel efficiency gains";"Diesel"
"OPEX";"Diesel";"DE";"Pt-Diesel Price";"Tractor-Trailer";"PROG";"EUR/kWh";2030;"0.244";"Sensitivity | Current policies | Removed diesel efficiency gains";"Diesel"
"OPEX";"Diesel";"ES";"Pt-Diesel Price";"Rigid";"PROG";"EUR/kWh";2030;"0.244";"Sensitivity | Current policies | Removed diesel efficiency gains";"Diesel"
"OPEX";"Diesel";"ES";"Pt-Diesel Price";"Tractor-Trailer";"PROG";"EUR/kWh";2030;"0.244";"Sensitivity | Current policies | Removed diesel efficiency gains";"Diesel"
"OPEX";"Diesel";"FR";"Pt-Diesel Price";"Rigid";"PROG";"EUR/kWh";2030;"0.244";"Sensitivity | Current policies | Removed diesel efficiency gains";"Diesel"
"OPEX";"Diesel";"FR";"Pt-Diesel Price";"Tractor-Trailer";"PROG";"EUR/kWh";2030;"0.244";"Sensitivity | Current policies | Removed diesel efficiency gains";"Diesel"
"OPEX";"Diesel";"IT";"Pt-Diesel Price";"Rigid";"PROG";"EUR/kWh";2030;"0.244";"Sensitivity | Current policies | Removed diesel efficiency gains";"Diesel"
"OPEX";"Diesel";"IT";"Pt-Diesel Price";"Tractor-Trailer";"PROG";"EUR/kWh";2030;"0.244";"Sensitivity | Current policies | Removed diesel efficiency gains";"Diesel"
"OPEX";"Diesel";"NL";"Pt-Diesel Price";"Rigid";"PROG";"EUR/kWh";2030;"0.244";"Sensitivity | Current policies | Removed diesel efficiency gains";"Diesel"
"OPEX";"Diesel";"NL";"Pt-Diesel Price";"Tractor-Trailer";"PROG";"EUR/kWh";2030;"0.244";"Sensitivity | Current policies | Removed diesel efficiency gains";"Diesel"
"OPEX";"Diesel";"PL";"Pt-Diesel Price";"Rigid";"PROG";"EUR/kWh";2030;"0.244";"Sensitivity | Current policies | Removed diesel efficiency gains";"Diesel"
"OPEX";"Diesel";"PL";"Pt-Diesel Price";"Tractor-Trailer";"PROG";"EUR/kWh";2030;"0.244";"Sensitivity | Current policies | Removed diesel efficiency gains";"Diesel"
"OPEX";"Diesel";"UK";"Pt-Diesel Price";"Rigid";"PROG";"EUR/kWh";2030;"0.244";"Sensitivity | Current policies | Removed diesel efficiency gains";"Diesel"
"OPEX";"Diesel";"UK";"Pt-Diesel Price";"Tractor-Trailer";"PROG";"EUR/kWh";2030;"0.244";"Sensitivity | Current policies | Removed diesel efficiency gains";"Diesel"
"OPEX";"Electricity";"DE";"Electricity Price";"Rigid";"PROG";"EUR/kWh";2030;"0.064";"Sensitivity | Current policies | Removed diesel efficiency gains";"Electricity"
"OPEX";"Electricity";"DE";"Electricity Price";"Tractor-Trailer";"PROG";"EUR/kWh";2030;"0.064";"Sensitivity | Current policies | Removed diesel efficiency gains";"Electricity"
"OPEX";"Electricity";"ES";"Electricity Price";"Rigid";"PROG";"EUR/kWh";2030;"0.064";"Sensitivity | Current policies | Removed diesel efficiency gains";"Electricity"
"OPEX";"Electricity";"ES";"Electricity Price";"Tractor-Trailer";"PROG";"EUR/kWh";2030;"0.064";"Sensitivity | Current policies | Removed diesel efficiency gains";"Electricity"
"OPEX";"Electricity";"FR";"Electricity Price";"Rigid";"PROG";"EUR/kWh";2030;"0.064";"Sensitivity | Current policies | Removed diesel efficiency gains";"Electricity"
"OPEX";"Electricity";"FR";"Electricity Price";"Tractor-Trailer";"PROG";"EUR/kWh";2030;"0.064";"Sensitivity | Current policies | Removed diesel efficiency gains";"Electricity"
"OPEX";"Electricity";"IT";"Electricity Price";"Rigid";"PROG";"EUR/kWh";2030;"0.064";"Sensitivity | Current policies | Removed diesel efficiency gains";"Electricity"
"OPEX";"Electricity";"IT";"Electricity Price";"Tractor-Trailer";"PROG";"EUR/kWh";2030;"0.064";"Sensitivity | Current policies | Removed diesel efficiency gains";"Electricity"
"OPEX";"Electricity";"NL";"Electricity Price";"Rigid";"PROG";"EUR/kWh";2030;"0.064";"Sensitivity | Current policies | Removed diesel efficiency gains";"Electricity"
"OPEX";"Electricity";"NL";"Electricity Price";"Tractor-Trailer";"PROG";"EUR/kWh";2030;"0.064";"Sensitivity | Current policies | Removed diesel efficiency gains";"Electricity"
"OPEX";"Electricity";"PL";"Electricity Price";"Rigid";"PROG";"EUR/kWh";2030;"0.064";"Sensitivity | Current policies | Removed diesel efficiency gains";"Electricity"
"OPEX";"Electricity";"PL";"Electricity Price";"Tractor-Trailer";"PROG";"EUR/kWh";2030;"0.064";"Sensitivity | Current policies | Removed diesel efficiency gains";"Electricity"
"OPEX";"Electricity";"UK";"Electricity Price";"Rigid";"PROG";"EUR/kWh";2030;"0.064";"Sensitivity | Current policies | Removed diesel efficiency gains";"Electricity"
"OPEX";"Electricity";"UK";"Electricity Price";"Tractor-Trailer";"PROG";"EUR/kWh";2030;"0.064";"Sensitivity | Current policies | Removed diesel efficiency gains";"Electricity"
"OPEX";"Hydrogen";"DE";"Hydrogen Price";"Rigid";"PROG";"EUR/kWh";2030;"0.129";"Sensitivity | Current policies | Removed diesel efficiency gains";"Hydrogen"
"OPEX";"Hydrogen";"DE";"Hydrogen Price";"Tractor-Trailer";"PROG";"EUR/kWh";2030;"0.129";"Sensitivity | Current policies | Removed diesel efficiency gains";"Hydrogen"
"OPEX";"Hydrogen";"ES";"Hydrogen Price";"Rigid";"PROG";"EUR/kWh";2030;"0.129";"Sensitivity | Current policies | Removed diesel efficiency gains";"Hydrogen"
"OPEX";"Hydrogen";"ES";"Hydrogen Price";"Tractor-Trailer";"PROG";"EUR/kWh";2030;"0.129";"Sensitivity | Current policies | Removed diesel efficiency gains";"Hydrogen"
"OPEX";"Hydrogen";"FR";"Hydrogen Price";"Rigid";"PROG";"EUR/kWh";2030;"0.129";"Sensitivity | Current policies | Removed diesel efficiency gains";"Hydrogen"
"OPEX";"Hydrogen";"FR";"Hydrogen Price";"Tractor-Trailer";"PROG";"EUR/kWh";2030;"0.129";"Sensitivity | Current policies | Removed diesel efficiency gains";"Hydrogen"
"OPEX";"Hydrogen";"IT";"Hydrogen Price";"Rigid";"PROG";"EUR/kWh";2030;"0.129";"Sensitivity | Current policies | Removed diesel efficiency gains";"Hydrogen"
"OPEX";"Hydrogen";"IT";"Hydrogen Price";"Tractor-Trailer";"PROG";"EUR/kWh";2030;"0.129";"Sensitivity | Current policies | Removed diesel efficiency gains";"Hydrogen"
"OPEX";"Hydrogen";"NL";"Hydrogen Price";"Rigid";"PROG";"EUR/kWh";2030;"0.129";"Sensitivity | Current policies | Removed diesel efficiency gains";"Hydrogen"
"OPEX";"Hydrogen";"NL";"Hydrogen Price";"Tractor-Trailer";"PROG";"EUR/kWh";2030;"0.129";"Sensitivity | Current policies | Removed diesel efficiency gains";"Hydrogen"
"OPEX";"Hydrogen";"PL";"Hydrogen Price";"Rigid";"PROG";"EUR/kWh";2030;"0.129";"Sensitivity | Current policies | Removed diesel efficiency gains";"Hydrogen"
"OPEX";"Hydrogen";"PL";"Hydrogen Price";"Tractor-Trailer";"PROG";"EUR/kWh";2030;"0.129";"Sensitivity | Current policies | Removed diesel efficiency gains";"Hydrogen"
"OPEX";"Hydrogen";"UK";"Hydrogen Price";"Rigid";"PROG";"EUR/kWh";2030;"0.129";"Sensitivity | Current policies | Removed diesel efficiency gains";"Hydrogen"
"OPEX";"Hydrogen";"UK";"Hydrogen Price";"Tractor-Trailer";"PROG";"EUR/kWh";2030;"0.129";"Sensitivity | Current policies | Removed diesel efficiency gains";"Hydrogen"
"OPEX";"Diesel";"FR";"Biodiesel Price";"Rigid";"PROG";"EUR/kWh";2035;"0.119";"Sensitivity | Current policies | Removed diesel efficiency gains";"Diesel"
"OPEX";"Diesel";"FR";"Biodiesel Price";"Tractor-Trailer";"PROG";"EUR/kWh";2035;"0.119";"Sensitivity | Current policies | Removed diesel efficiency gains";"Diesel"
"OPEX";"Diesel";"DE";"Biodiesel Price";"Rigid";"PROG";"EUR/kWh";2035;"0.119";"Sensitivity | Current policies | Removed diesel efficiency gains";"Diesel"
"OPEX";"Diesel";"DE";"Biodiesel Price";"Tractor-Trailer";"PROG";"EUR/kWh";2035;"0.119";"Sensitivity | Current policies | Removed diesel efficiency gains";"Diesel"
"OPEX";"Diesel";"ES";"Biodiesel Price";"Rigid";"PROG";"EUR/kWh";2035;"0.119";"Sensitivity | Current policies | Removed diesel efficiency gains";"Diesel"
"OPEX";"Diesel";"ES";"Biodiesel Price";"Tractor-Trailer";"PROG";"EUR/kWh";2035;"0.119";"Sensitivity | Current policies | Removed diesel efficiency gains";"Diesel"
"OPEX";"Diesel";"IT";"Biodiesel Price";"Rigid";"PROG";"EUR/kWh";2035;"0.119";"Sensitivity | Current policies | Removed diesel efficiency gains";"Diesel"
"OPEX";"Diesel";"IT";"Biodiesel Price";"Tractor-Trailer";"PROG";"EUR/kWh";2035;"0.119";"Sensitivity | Current policies | Removed diesel efficiency gains";"Diesel"
"OPEX";"Diesel";"NL";"Biodiesel Price";"Rigid";"PROG";"EUR/kWh";2035;"0.119";"Sensitivity | Current policies | Removed diesel efficiency gains";"Diesel"
"OPEX";"Diesel";"NL";"Biodiesel Price";"Tractor-Trailer";"PROG";"EUR/kWh";2035;"0.119";"Sensitivity | Current policies | Removed diesel efficiency gains";"Diesel"
"OPEX";"Diesel";"PL";"Biodiesel Price";"Rigid";"PROG";"EUR/kWh";2035;"0.119";"Sensitivity | Current policies | Removed diesel efficiency gains";"Diesel"
"OPEX";"Diesel";"PL";"Biodiesel Price";"Tractor-Trailer";"PROG";"EUR/kWh";2035;"0.119";"Sensitivity | Current policies | Removed diesel efficiency gains";"Diesel"
"OPEX";"Diesel";"UK";"Biodiesel Price";"Rigid";"PROG";"EUR/kWh";2035;"0.119";"Sensitivity | Current policies | Removed diesel efficiency gains";"Diesel"
"OPEX";"Diesel";"UK";"Biodiesel Price";"Tractor-Trailer";"PROG";"EUR/kWh";2035;"0.119";"Sensitivity | Current policies | Removed diesel efficiency gains";"Diesel"
"OPEX";"Diesel";"DE";"Pt-Diesel Price";"Rigid";"PROG";"EUR/kWh";2035;"0.215";"Sensitivity | Current policies | Removed diesel efficiency gains";"Diesel"
"OPEX";"Diesel";"DE";"Pt-Diesel Price";"Tractor-Trailer";"PROG";"EUR/kWh";2035;"0.215";"Sensitivity | Current policies | Removed diesel efficiency gains";"Diesel"
"OPEX";"Diesel";"ES";"Pt-Diesel Price";"Rigid";"PROG";"EUR/kWh";2035;"0.215";"Sensitivity | Current policies | Removed diesel efficiency gains";"Diesel"
"OPEX";"Diesel";"ES";"Pt-Diesel Price";"Tractor-Trailer";"PROG";"EUR/kWh";2035;"0.215";"Sensitivity | Current policies | Removed diesel efficiency gains";"Diesel"
"OPEX";"Diesel";"FR";"Pt-Diesel Price";"Rigid";"PROG";"EUR/kWh";2035;"0.215";"Sensitivity | Current policies | Removed diesel efficiency gains";"Diesel"
"OPEX";"Diesel";"FR";"Pt-Diesel Price";"Tractor-Trailer";"PROG";"EUR/kWh";2035;"0.215";"Sensitivity | Current policies | Removed diesel efficiency gains";"Diesel"
"OPEX";"Diesel";"IT";"Pt-Diesel Price";"Rigid";"PROG";"EUR/kWh";2035;"0.215";"Sensitivity | Current policies | Removed diesel efficiency gains";"Diesel"
"OPEX";"Diesel";"IT";"Pt-Diesel Price";"Tractor-Trailer";"PROG";"EUR/kWh";2035;"0.215";"Sensitivity | Current policies | Removed diesel efficiency gains";"Diesel"
"OPEX";"Diesel";"NL";"Pt-Diesel Price";"Rigid";"PROG";"EUR/kWh";2035;"0.215";"Sensitivity | Current policies | Removed diesel efficiency gains";"Diesel"
"OPEX";"Diesel";"NL";"Pt-Diesel Price";"Tractor-Trailer";"PROG";"EUR/kWh";2035;"0.215";"Sensitivity | Current policies | Removed diesel efficiency gains";"Diesel"
"OPEX";"Diesel";"PL";"Pt-Diesel Price";"Rigid";"PROG";"EUR/kWh";2035;"0.215";"Sensitivity | Current policies | Removed diesel efficiency gains";"Diesel"
"OPEX";"Diesel";"PL";"Pt-Diesel Price";"Tractor-Trailer";"PROG";"EUR/kWh";2035;"0.215";"Sensitivity | Current policies | Removed diesel efficiency gains";"Diesel"
"OPEX";"Diesel";"UK";"Pt-Diesel Price";"Rigid";"PROG";"EUR/kWh";2035;"0.215";"Sensitivity | Current policies | Removed diesel efficiency gains";"Diesel"
"OPEX";"Diesel";"UK";"Pt-Diesel Price";"Tractor-Trailer";"PROG";"EUR/kWh";2035;"0.215";"Sensitivity | Current policies | Removed diesel efficiency gains";"Diesel"
"OPEX";"Electricity";"DE";"Electricity Price";"Rigid";"PROG";"EUR/kWh";2035;"0.054";"Sensitivity | Current policies | Removed diesel efficiency gains";"Electricity"
"OPEX";"Electricity";"DE";"Electricity Price";"Tractor-Trailer";"PROG";"EUR/kWh";2035;"0.054";"Sensitivity | Current policies | Removed diesel efficiency gains";"Electricity"
"OPEX";"Electricity";"ES";"Electricity Price";"Rigid";"PROG";"EUR/kWh";2035;"0.054";"Sensitivity | Current policies | Removed diesel efficiency gains";"Electricity"
"OPEX";"Electricity";"ES";"Electricity Price";"Tractor-Trailer";"PROG";"EUR/kWh";2035;"0.054";"Sensitivity | Current policies | Removed diesel efficiency gains";"Electricity"
"OPEX";"Electricity";"FR";"Electricity Price";"Rigid";"PROG";"EUR/kWh";2035;"0.054";"Sensitivity | Current policies | Removed diesel efficiency gains";"Electricity"
"OPEX";"Electricity";"FR";"Electricity Price";"Tractor-Trailer";"PROG";"EUR/kWh";2035;"0.054";"Sensitivity | Current policies | Removed diesel efficiency gains";"Electricity"
"OPEX";"Electricity";"IT";"Electricity Price";"Rigid";"PROG";"EUR/kWh";2035;"0.054";"Sensitivity | Current policies | Removed diesel efficiency gains";"Electricity"
"OPEX";"Electricity";"IT";"Electricity Price";"Tractor-Trailer";"PROG";"EUR/kWh";2035;"0.054";"Sensitivity | Current policies | Removed diesel efficiency gains";"Electricity"
"OPEX";"Electricity";"NL";"Electricity Price";"Rigid";"PROG";"EUR/kWh";2035;"0.054";"Sensitivity | Current policies | Removed diesel efficiency gains";"Electricity"
"OPEX";"Electricity";"NL";"Electricity Price";"Tractor-Trailer";"PROG";"EUR/kWh";2035;"0.054";"Sensitivity | Current policies | Removed diesel efficiency gains";"Electricity"
"OPEX";"Electricity";"PL";"Electricity Price";"Rigid";"PROG";"EUR/kWh";2035;"0.054";"Sensitivity | Current policies | Removed diesel efficiency gains";"Electricity"
"OPEX";"Electricity";"PL";"Electricity Price";"Tractor-Trailer";"PROG";"EUR/kWh";2035;"0.054";"Sensitivity | Current policies | Removed diesel efficiency gains";"Electricity"
"OPEX";"Electricity";"UK";"Electricity Price";"Rigid";"PROG";"EUR/kWh";2035;"0.054";"Sensitivity | Current policies | Removed diesel efficiency gains";"Electricity"
"OPEX";"Electricity";"UK";"Electricity Price";"Tractor-Trailer";"PROG";"EUR/kWh";2035;"0.054";"Sensitivity | Current policies | Removed diesel efficiency gains";"Electricity"
"OPEX";"Hydrogen";"DE";"Hydrogen Price";"Rigid";"PROG";"EUR/kWh";2035;"0.112";"Sensitivity | Current policies | Removed diesel efficiency gains";"Hydrogen"
"OPEX";"Hydrogen";"DE";"Hydrogen Price";"Tractor-Trailer";"PROG";"EUR/kWh";2035;"0.112";"Sensitivity | Current policies | Removed diesel efficiency gains";"Hydrogen"
"OPEX";"Hydrogen";"ES";"Hydrogen Price";"Rigid";"PROG";"EUR/kWh";2035;"0.112";"Sensitivity | Current policies | Removed diesel efficiency gains";"Hydrogen"
"OPEX";"Hydrogen";"ES";"Hydrogen Price";"Tractor-Trailer";"PROG";"EUR/kWh";2035;"0.112";"Sensitivity | Current policies | Removed diesel efficiency gains";"Hydrogen"
"OPEX";"Hydrogen";"FR";"Hydrogen Price";"Rigid";"PROG";"EUR/kWh";2035;"0.112";"Sensitivity | Current policies | Removed diesel efficiency gains";"Hydrogen"
"OPEX";"Hydrogen";"FR";"Hydrogen Price";"Tractor-Trailer";"PROG";"EUR/kWh";2035;"0.112";"Sensitivity | Current policies | Removed diesel efficiency gains";"Hydrogen"
"OPEX";"Hydrogen";"IT";"Hydrogen Price";"Rigid";"PROG";"EUR/kWh";2035;"0.112";"Sensitivity | Current policies | Removed diesel efficiency gains";"Hydrogen"
"OPEX";"Hydrogen";"IT";"Hydrogen Price";"Tractor-Trailer";"PROG";"EUR/kWh";2035;"0.112";"Sensitivity | Current policies | Removed diesel efficiency gains";"Hydrogen"
"OPEX";"Hydrogen";"NL";"Hydrogen Price";"Rigid";"PROG";"EUR/kWh";2035;"0.112";"Sensitivity | Current policies | Removed diesel efficiency gains";"Hydrogen"
"OPEX";"Hydrogen";"NL";"Hydrogen Price";"Tractor-Trailer";"PROG";"EUR/kWh";2035;"0.112";"Sensitivity | Current policies | Removed diesel efficiency gains";"Hydrogen"
"OPEX";"Hydrogen";"PL";"Hydrogen Price";"Rigid";"PROG";"EUR/kWh";2035;"0.112";"Sensitivity | Current policies | Removed diesel efficiency gains";"Hydrogen"
"OPEX";"Hydrogen";"PL";"Hydrogen Price";"Tractor-Trailer";"PROG";"EUR/kWh";2035;"0.112";"Sensitivity | Current policies | Removed diesel efficiency gains";"Hydrogen"
"OPEX";"Hydrogen";"UK";"Hydrogen Price";"Rigid";"PROG";"EUR/kWh";2035;"0.112";"Sensitivity | Current policies | Removed diesel efficiency gains";"Hydrogen"
"OPEX";"Hydrogen";"UK";"Hydrogen Price";"Tractor-Trailer";"PROG";"EUR/kWh";2035;"0.112";"Sensitivity | Current policies | Removed diesel efficiency gains";"Hydrogen"
"OPEX";"Diesel";"FR";"Biodiesel Price";"Rigid";"PROG";"EUR/kWh";2040;"0.131";"Sensitivity | Current policies | Removed diesel efficiency gains";"Diesel"
"OPEX";"Diesel";"FR";"Biodiesel Price";"Tractor-Trailer";"PROG";"EUR/kWh";2040;"0.131";"Sensitivity | Current policies | Removed diesel efficiency gains";"Diesel"
"OPEX";"Diesel";"DE";"Biodiesel Price";"Rigid";"PROG";"EUR/kWh";2040;"0.131";"Sensitivity | Current policies | Removed diesel efficiency gains";"Diesel"
"OPEX";"Diesel";"DE";"Biodiesel Price";"Tractor-Trailer";"PROG";"EUR/kWh";2040;"0.131";"Sensitivity | Current policies | Removed diesel efficiency gains";"Diesel"
"OPEX";"Diesel";"ES";"Biodiesel Price";"Rigid";"PROG";"EUR/kWh";2040;"0.131";"Sensitivity | Current policies | Removed diesel efficiency gains";"Diesel"
"OPEX";"Diesel";"ES";"Biodiesel Price";"Tractor-Trailer";"PROG";"EUR/kWh";2040;"0.131";"Sensitivity | Current policies | Removed diesel efficiency gains";"Diesel"
"OPEX";"Diesel";"IT";"Biodiesel Price";"Rigid";"PROG";"EUR/kWh";2040;"0.131";"Sensitivity | Current policies | Removed diesel efficiency gains";"Diesel"
"OPEX";"Diesel";"IT";"Biodiesel Price";"Tractor-Trailer";"PROG";"EUR/kWh";2040;"0.131";"Sensitivity | Current policies | Removed diesel efficiency gains";"Diesel"
"OPEX";"Diesel";"NL";"Biodiesel Price";"Rigid";"PROG";"EUR/kWh";2040;"0.131";"Sensitivity | Current policies | Removed diesel efficiency gains";"Diesel"
"OPEX";"Diesel";"NL";"Biodiesel Price";"Tractor-Trailer";"PROG";"EUR/kWh";2040;"0.131";"Sensitivity | Current policies | Removed diesel efficiency gains";"Diesel"
"OPEX";"Diesel";"PL";"Biodiesel Price";"Rigid";"PROG";"EUR/kWh";2040;"0.131";"Sensitivity | Current policies | Removed diesel efficiency gains";"Diesel"
"OPEX";"Diesel";"PL";"Biodiesel Price";"Tractor-Trailer";"PROG";"EUR/kWh";2040;"0.131";"Sensitivity | Current policies | Removed diesel efficiency gains";"Diesel"
"OPEX";"Diesel";"UK";"Biodiesel Price";"Rigid";"PROG";"EUR/kWh";2040;"0.131";"Sensitivity | Current policies | Removed diesel efficiency gains";"Diesel"
"OPEX";"Diesel";"UK";"Biodiesel Price";"Tractor-Trailer";"PROG";"EUR/kWh";2040;"0.131";"Sensitivity | Current policies | Removed diesel efficiency gains";"Diesel"
"OPEX";"Diesel";"DE";"Pt-Diesel Price";"Rigid";"PROG";"EUR/kWh";2040;"0.186";"Sensitivity | Current policies | Removed diesel efficiency gains";"Diesel"
"OPEX";"Diesel";"DE";"Pt-Diesel Price";"Tractor-Trailer";"PROG";"EUR/kWh";2040;"0.186";"Sensitivity | Current policies | Removed diesel efficiency gains";"Diesel"
"OPEX";"Diesel";"ES";"Pt-Diesel Price";"Rigid";"PROG";"EUR/kWh";2040;"0.186";"Sensitivity | Current policies | Removed diesel efficiency gains";"Diesel"
"OPEX";"Diesel";"ES";"Pt-Diesel Price";"Tractor-Trailer";"PROG";"EUR/kWh";2040;"0.186";"Sensitivity | Current policies | Removed diesel efficiency gains";"Diesel"
"OPEX";"Diesel";"FR";"Pt-Diesel Price";"Rigid";"PROG";"EUR/kWh";2040;"0.186";"Sensitivity | Current policies | Removed diesel efficiency gains";"Diesel"
"OPEX";"Diesel";"FR";"Pt-Diesel Price";"Tractor-Trailer";"PROG";"EUR/kWh";2040;"0.186";"Sensitivity | Current policies | Removed diesel efficiency gains";"Diesel"
"OPEX";"Diesel";"IT";"Pt-Diesel Price";"Rigid";"PROG";"EUR/kWh";2040;"0.186";"Sensitivity | Current policies | Removed diesel efficiency gains";"Diesel"
"OPEX";"Diesel";"IT";"Pt-Diesel Price";"Tractor-Trailer";"PROG";"EUR/kWh";2040;"0.186";"Sensitivity | Current policies | Removed diesel efficiency gains";"Diesel"
"OPEX";"Diesel";"NL";"Pt-Diesel Price";"Rigid";"PROG";"EUR/kWh";2040;"0.186";"Sensitivity | Current policies | Removed diesel efficiency gains";"Diesel"
"OPEX";"Diesel";"NL";"Pt-Diesel Price";"Tractor-Trailer";"PROG";"EUR/kWh";2040;"0.186";"Sensitivity | Current policies | Removed diesel efficiency gains";"Diesel"
"OPEX";"Diesel";"PL";"Pt-Diesel Price";"Rigid";"PROG";"EUR/kWh";2040;"0.186";"Sensitivity | Current policies | Removed diesel efficiency gains";"Diesel"
"OPEX";"Diesel";"PL";"Pt-Diesel Price";"Tractor-Trailer";"PROG";"EUR/kWh";2040;"0.186";"Sensitivity | Current policies | Removed diesel efficiency gains";"Diesel"
"OPEX";"Diesel";"UK";"Pt-Diesel Price";"Rigid";"PROG";"EUR/kWh";2040;"0.186";"Sensitivity | Current policies | Removed diesel efficiency gains";"Diesel"
"OPEX";"Diesel";"UK";"Pt-Diesel Price";"Tractor-Trailer";"PROG";"EUR/kWh";2040;"0.186";"Sensitivity | Current policies | Removed diesel efficiency gains";"Diesel"
"OPEX";"Electricity";"DE";"Electricity Price";"Rigid";"PROG";"EUR/kWh";2040;"0.05";"Sensitivity | Current policies | Removed diesel efficiency gains";"Electricity"
"OPEX";"Electricity";"DE";"Electricity Price";"Tractor-Trailer";"PROG";"EUR/kWh";2040;"0.05";"Sensitivity | Current policies | Removed diesel efficiency gains";"Electricity"
"OPEX";"Electricity";"ES";"Electricity Price";"Rigid";"PROG";"EUR/kWh";2040;"0.05";"Sensitivity | Current policies | Removed diesel efficiency gains";"Electricity"
"OPEX";"Electricity";"ES";"Electricity Price";"Tractor-Trailer";"PROG";"EUR/kWh";2040;"0.05";"Sensitivity | Current policies | Removed diesel efficiency gains";"Electricity"
"OPEX";"Electricity";"FR";"Electricity Price";"Rigid";"PROG";"EUR/kWh";2040;"0.05";"Sensitivity | Current policies | Removed diesel efficiency gains";"Electricity"
"OPEX";"Electricity";"FR";"Electricity Price";"Tractor-Trailer";"PROG";"EUR/kWh";2040;"0.05";"Sensitivity | Current policies | Removed diesel efficiency gains";"Electricity"
"OPEX";"Electricity";"IT";"Electricity Price";"Rigid";"PROG";"EUR/kWh";2040;"0.05";"Sensitivity | Current policies | Removed diesel efficiency gains";"Electricity"
"OPEX";"Electricity";"IT";"Electricity Price";"Tractor-Trailer";"PROG";"EUR/kWh";2040;"0.05";"Sensitivity | Current policies | Removed diesel efficiency gains";"Electricity"
"OPEX";"Electricity";"NL";"Electricity Price";"Rigid";"PROG";"EUR/kWh";2040;"0.05";"Sensitivity | Current policies | Removed diesel efficiency gains";"Electricity"
"OPEX";"Electricity";"NL";"Electricity Price";"Tractor-Trailer";"PROG";"EUR/kWh";2040;"0.05";"Sensitivity | Current policies | Removed diesel efficiency gains";"Electricity"
"OPEX";"Electricity";"PL";"Electricity Price";"Rigid";"PROG";"EUR/kWh";2040;"0.05";"Sensitivity | Current policies | Removed diesel efficiency gains";"Electricity"
"OPEX";"Electricity";"PL";"Electricity Price";"Tractor-Trailer";"PROG";"EUR/kWh";2040;"0.05";"Sensitivity | Current policies | Removed diesel efficiency gains";"Electricity"
"OPEX";"Electricity";"UK";"Electricity Price";"Rigid";"PROG";"EUR/kWh";2040;"0.05";"Sensitivity | Current policies | Removed diesel efficiency gains";"Electricity"
"OPEX";"Electricity";"UK";"Electricity Price";"Tractor-Trailer";"PROG";"EUR/kWh";2040;"0.05";"Sensitivity | Current policies | Removed diesel efficiency gains";"Electricity"
"OPEX";"Hydrogen";"DE";"Hydrogen Price";"Rigid";"PROG";"EUR/kWh";2040;"0.096";"Sensitivity | Current policies | Removed diesel efficiency gains";"Hydrogen"
"OPEX";"Hydrogen";"DE";"Hydrogen Price";"Tractor-Trailer";"PROG";"EUR/kWh";2040;"0.096";"Sensitivity | Current policies | Removed diesel efficiency gains";"Hydrogen"
"OPEX";"Hydrogen";"ES";"Hydrogen Price";"Rigid";"PROG";"EUR/kWh";2040;"0.096";"Sensitivity | Current policies | Removed diesel efficiency gains";"Hydrogen"
"OPEX";"Hydrogen";"ES";"Hydrogen Price";"Tractor-Trailer";"PROG";"EUR/kWh";2040;"0.096";"Sensitivity | Current policies | Removed diesel efficiency gains";"Hydrogen"
"OPEX";"Hydrogen";"FR";"Hydrogen Price";"Rigid";"PROG";"EUR/kWh";2040;"0.096";"Sensitivity | Current policies | Removed diesel efficiency gains";"Hydrogen"
"OPEX";"Hydrogen";"FR";"Hydrogen Price";"Tractor-Trailer";"PROG";"EUR/kWh";2040;"0.096";"Sensitivity | Current policies | Removed diesel efficiency gains";"Hydrogen"
"OPEX";"Hydrogen";"IT";"Hydrogen Price";"Rigid";"PROG";"EUR/kWh";2040;"0.096";"Sensitivity | Current policies | Removed diesel efficiency gains";"Hydrogen"
"OPEX";"Hydrogen";"IT";"Hydrogen Price";"Tractor-Trailer";"PROG";"EUR/kWh";2040;"0.096";"Sensitivity | Current policies | Removed diesel efficiency gains";"Hydrogen"
"OPEX";"Hydrogen";"NL";"Hydrogen Price";"Rigid";"PROG";"EUR/kWh";2040;"0.096";"Sensitivity | Current policies | Removed diesel efficiency gains";"Hydrogen"
"OPEX";"Hydrogen";"NL";"Hydrogen Price";"Tractor-Trailer";"PROG";"EUR/kWh";2040;"0.096";"Sensitivity | Current policies | Removed diesel efficiency gains";"Hydrogen"
"OPEX";"Hydrogen";"PL";"Hydrogen Price";"Rigid";"PROG";"EUR/kWh";2040;"0.096";"Sensitivity | Current policies | Removed diesel efficiency gains";"Hydrogen"
"OPEX";"Hydrogen";"PL";"Hydrogen Price";"Tractor-Trailer";"PROG";"EUR/kWh";2040;"0.096";"Sensitivity | Current policies | Removed diesel efficiency gains";"Hydrogen"
"OPEX";"Hydrogen";"UK";"Hydrogen Price";"Rigid";"PROG";"EUR/kWh";2040;"0.096";"Sensitivity | Current policies | Removed diesel efficiency gains";"Hydrogen"
"OPEX";"Hydrogen";"UK";"Hydrogen Price";"Tractor-Trailer";"PROG";"EUR/kWh";2040;"0.096";"Sensitivity | Current policies | Removed diesel efficiency gains";"Hydrogen"
"OPEX";"Diesel";"FR";"Biodiesel Price";"Rigid";"PROG";"EUR/kWh";2045;"0.142";"Sensitivity | Current policies | Removed diesel efficiency gains";"Diesel"
"OPEX";"Diesel";"FR";"Biodiesel Price";"Tractor-Trailer";"PROG";"EUR/kWh";2045;"0.142";"Sensitivity | Current policies | Removed diesel efficiency gains";"Diesel"
"OPEX";"Diesel";"DE";"Biodiesel Price";"Rigid";"PROG";"EUR/kWh";2045;"0.142";"Sensitivity | Current policies | Removed diesel efficiency gains";"Diesel"
"OPEX";"Diesel";"DE";"Biodiesel Price";"Tractor-Trailer";"PROG";"EUR/kWh";2045;"0.142";"Sensitivity | Current policies | Removed diesel efficiency gains";"Diesel"
"OPEX";"Diesel";"ES";"Biodiesel Price";"Rigid";"PROG";"EUR/kWh";2045;"0.142";"Sensitivity | Current policies | Removed diesel efficiency gains";"Diesel"
"OPEX";"Diesel";"ES";"Biodiesel Price";"Tractor-Trailer";"PROG";"EUR/kWh";2045;"0.142";"Sensitivity | Current policies | Removed diesel efficiency gains";"Diesel"
"OPEX";"Diesel";"IT";"Biodiesel Price";"Rigid";"PROG";"EUR/kWh";2045;"0.142";"Sensitivity | Current policies | Removed diesel efficiency gains";"Diesel"
"OPEX";"Diesel";"IT";"Biodiesel Price";"Tractor-Trailer";"PROG";"EUR/kWh";2045;"0.142";"Sensitivity | Current policies | Removed diesel efficiency gains";"Diesel"
"OPEX";"Diesel";"NL";"Biodiesel Price";"Rigid";"PROG";"EUR/kWh";2045;"0.142";"Sensitivity | Current policies | Removed diesel efficiency gains";"Diesel"
"OPEX";"Diesel";"NL";"Biodiesel Price";"Tractor-Trailer";"PROG";"EUR/kWh";2045;"0.142";"Sensitivity | Current policies | Removed diesel efficiency gains";"Diesel"
"OPEX";"Diesel";"PL";"Biodiesel Price";"Rigid";"PROG";"EUR/kWh";2045;"0.142";"Sensitivity | Current policies | Removed diesel efficiency gains";"Diesel"
"OPEX";"Diesel";"PL";"Biodiesel Price";"Tractor-Trailer";"PROG";"EUR/kWh";2045;"0.142";"Sensitivity | Current policies | Removed diesel efficiency gains";"Diesel"
"OPEX";"Diesel";"UK";"Biodiesel Price";"Rigid";"PROG";"EUR/kWh";2045;"0.142";"Sensitivity | Current policies | Removed diesel efficiency gains";"Diesel"
"OPEX";"Diesel";"UK";"Biodiesel Price";"Tractor-Trailer";"PROG";"EUR/kWh";2045;"0.142";"Sensitivity | Current policies | Removed diesel efficiency gains";"Diesel"
"OPEX";"Diesel";"DE";"Pt-Diesel Price";"Rigid";"PROG";"EUR/kWh";2045;"0.156";"Sensitivity | Current policies | Removed diesel efficiency gains";"Diesel"
"OPEX";"Diesel";"DE";"Pt-Diesel Price";"Tractor-Trailer";"PROG";"EUR/kWh";2045;"0.156";"Sensitivity | Current policies | Removed diesel efficiency gains";"Diesel"
"OPEX";"Diesel";"ES";"Pt-Diesel Price";"Rigid";"PROG";"EUR/kWh";2045;"0.156";"Sensitivity | Current policies | Removed diesel efficiency gains";"Diesel"
"OPEX";"Diesel";"ES";"Pt-Diesel Price";"Tractor-Trailer";"PROG";"EUR/kWh";2045;"0.156";"Sensitivity | Current policies | Removed diesel efficiency gains";"Diesel"
"OPEX";"Diesel";"FR";"Pt-Diesel Price";"Rigid";"PROG";"EUR/kWh";2045;"0.156";"Sensitivity | Current policies | Removed diesel efficiency gains";"Diesel"
"OPEX";"Diesel";"FR";"Pt-Diesel Price";"Tractor-Trailer";"PROG";"EUR/kWh";2045;"0.156";"Sensitivity | Current policies | Removed diesel efficiency gains";"Diesel"
"OPEX";"Diesel";"IT";"Pt-Diesel Price";"Rigid";"PROG";"EUR/kWh";2045;"0.156";"Sensitivity | Current policies | Removed diesel efficiency gains";"Diesel"
"OPEX";"Diesel";"IT";"Pt-Diesel Price";"Tractor-Trailer";"PROG";"EUR/kWh";2045;"0.156";"Sensitivity | Current policies | Removed diesel efficiency gains";"Diesel"
"OPEX";"Diesel";"NL";"Pt-Diesel Price";"Rigid";"PROG";"EUR/kWh";2045;"0.156";"Sensitivity | Current policies | Removed diesel efficiency gains";"Diesel"
"OPEX";"Diesel";"NL";"Pt-Diesel Price";"Tractor-Trailer";"PROG";"EUR/kWh";2045;"0.156";"Sensitivity | Current policies | Removed diesel efficiency gains";"Diesel"
"OPEX";"Diesel";"PL";"Pt-Diesel Price";"Rigid";"PROG";"EUR/kWh";2045;"0.156";"Sensitivity | Current policies | Removed diesel efficiency gains";"Diesel"
"OPEX";"Diesel";"PL";"Pt-Diesel Price";"Tractor-Trailer";"PROG";"EUR/kWh";2045;"0.156";"Sensitivity | Current policies | Removed diesel efficiency gains";"Diesel"
"OPEX";"Diesel";"UK";"Pt-Diesel Price";"Rigid";"PROG";"EUR/kWh";2045;"0.156";"Sensitivity | Current policies | Removed diesel efficiency gains";"Diesel"
"OPEX";"Diesel";"UK";"Pt-Diesel Price";"Tractor-Trailer";"PROG";"EUR/kWh";2045;"0.156";"Sensitivity | Current policies | Removed diesel efficiency gains";"Diesel"
"OPEX";"Electricity";"DE";"Electricity Price";"Rigid";"PROG";"EUR/kWh";2045;"0.049";"Sensitivity | Current policies | Removed diesel efficiency gains";"Electricity"
"OPEX";"Electricity";"DE";"Electricity Price";"Tractor-Trailer";"PROG";"EUR/kWh";2045;"0.049";"Sensitivity | Current policies | Removed diesel efficiency gains";"Electricity"
"OPEX";"Electricity";"ES";"Electricity Price";"Rigid";"PROG";"EUR/kWh";2045;"0.049";"Sensitivity | Current policies | Removed diesel efficiency gains";"Electricity"
"OPEX";"Electricity";"ES";"Electricity Price";"Tractor-Trailer";"PROG";"EUR/kWh";2045;"0.049";"Sensitivity | Current policies | Removed diesel efficiency gains";"Electricity"
"OPEX";"Electricity";"FR";"Electricity Price";"Rigid";"PROG";"EUR/kWh";2045;"0.049";"Sensitivity | Current policies | Removed diesel efficiency gains";"Electricity"
"OPEX";"Electricity";"FR";"Electricity Price";"Tractor-Trailer";"PROG";"EUR/kWh";2045;"0.049";"Sensitivity | Current policies | Removed diesel efficiency gains";"Electricity"
"OPEX";"Electricity";"IT";"Electricity Price";"Rigid";"PROG";"EUR/kWh";2045;"0.049";"Sensitivity | Current policies | Removed diesel efficiency gains";"Electricity"
"OPEX";"Electricity";"IT";"Electricity Price";"Tractor-Trailer";"PROG";"EUR/kWh";2045;"0.049";"Sensitivity | Current policies | Removed diesel efficiency gains";"Electricity"
"OPEX";"Electricity";"NL";"Electricity Price";"Rigid";"PROG";"EUR/kWh";2045;"0.049";"Sensitivity | Current policies | Removed diesel efficiency gains";"Electricity"
"OPEX";"Electricity";"NL";"Electricity Price";"Tractor-Trailer";"PROG";"EUR/kWh";2045;"0.049";"Sensitivity | Current policies | Removed diesel efficiency gains";"Electricity"
"OPEX";"Electricity";"PL";"Electricity Price";"Rigid";"PROG";"EUR/kWh";2045;"0.049";"Sensitivity | Current policies | Removed diesel efficiency gains";"Electricity"
"OPEX";"Electricity";"PL";"Electricity Price";"Tractor-Trailer";"PROG";"EUR/kWh";2045;"0.049";"Sensitivity | Current policies | Removed diesel efficiency gains";"Electricity"
"OPEX";"Electricity";"UK";"Electricity Price";"Rigid";"PROG";"EUR/kWh";2045;"0.049";"Sensitivity | Current policies | Removed diesel efficiency gains";"Electricity"
"OPEX";"Electricity";"UK";"Electricity Price";"Tractor-Trailer";"PROG";"EUR/kWh";2045;"0.049";"Sensitivity | Current policies | Removed diesel efficiency gains";"Electricity"
"OPEX";"Hydrogen";"DE";"Hydrogen Price";"Rigid";"PROG";"EUR/kWh";2045;"0.081";"Sensitivity | Current policies | Removed diesel efficiency gains";"Hydrogen"
"OPEX";"Hydrogen";"DE";"Hydrogen Price";"Tractor-Trailer";"PROG";"EUR/kWh";2045;"0.081";"Sensitivity | Current policies | Removed diesel efficiency gains";"Hydrogen"
"OPEX";"Hydrogen";"ES";"Hydrogen Price";"Rigid";"PROG";"EUR/kWh";2045;"0.081";"Sensitivity | Current policies | Removed diesel efficiency gains";"Hydrogen"
"OPEX";"Hydrogen";"ES";"Hydrogen Price";"Tractor-Trailer";"PROG";"EUR/kWh";2045;"0.081";"Sensitivity | Current policies | Removed diesel efficiency gains";"Hydrogen"
"OPEX";"Hydrogen";"FR";"Hydrogen Price";"Rigid";"PROG";"EUR/kWh";2045;"0.081";"Sensitivity | Current policies | Removed diesel efficiency gains";"Hydrogen"
"OPEX";"Hydrogen";"FR";"Hydrogen Price";"Tractor-Trailer";"PROG";"EUR/kWh";2045;"0.081";"Sensitivity | Current policies | Removed diesel efficiency gains";"Hydrogen"
"OPEX";"Hydrogen";"IT";"Hydrogen Price";"Rigid";"PROG";"EUR/kWh";2045;"0.081";"Sensitivity | Current policies | Removed diesel efficiency gains";"Hydrogen"
"OPEX";"Hydrogen";"IT";"Hydrogen Price";"Tractor-Trailer";"PROG";"EUR/kWh";2045;"0.081";"Sensitivity | Current policies | Removed diesel efficiency gains";"Hydrogen"
"OPEX";"Hydrogen";"NL";"Hydrogen Price";"Rigid";"PROG";"EUR/kWh";2045;"0.081";"Sensitivity | Current policies | Removed diesel efficiency gains";"Hydrogen"
"OPEX";"Hydrogen";"NL";"Hydrogen Price";"Tractor-Trailer";"PROG";"EUR/kWh";2045;"0.081";"Sensitivity | Current policies | Removed diesel efficiency gains";"Hydrogen"
"OPEX";"Hydrogen";"PL";"Hydrogen Price";"Rigid";"PROG";"EUR/kWh";2045;"0.081";"Sensitivity | Current policies | Removed diesel efficiency gains";"Hydrogen"
"OPEX";"Hydrogen";"PL";"Hydrogen Price";"Tractor-Trailer";"PROG";"EUR/kWh";2045;"0.081";"Sensitivity | Current policies | Removed diesel efficiency gains";"Hydrogen"
"OPEX";"Hydrogen";"UK";"Hydrogen Price";"Rigid";"PROG";"EUR/kWh";2045;"0.081";"Sensitivity | Current policies | Removed diesel efficiency gains";"Hydrogen"
"OPEX";"Hydrogen";"UK";"Hydrogen Price";"Tractor-Trailer";"PROG";"EUR/kWh";2045;"0.081";"Sensitivity | Current policies | Removed diesel efficiency gains";"Hydrogen"
"OPEX";"Diesel";"FR";"Biodiesel Price";"Rigid";"PROG";"EUR/kWh";2050;"0.151";"Sensitivity | Current policies | Removed diesel efficiency gains";"Diesel"
"OPEX";"Diesel";"FR";"Biodiesel Price";"Tractor-Trailer";"PROG";"EUR/kWh";2050;"0.151";"Sensitivity | Current policies | Removed diesel efficiency gains";"Diesel"
"OPEX";"Diesel";"DE";"Biodiesel Price";"Rigid";"PROG";"EUR/kWh";2050;"0.151";"Sensitivity | Current policies | Removed diesel efficiency gains";"Diesel"
"OPEX";"Diesel";"DE";"Biodiesel Price";"Tractor-Trailer";"PROG";"EUR/kWh";2050;"0.151";"Sensitivity | Current policies | Removed diesel efficiency gains";"Diesel"
"OPEX";"Diesel";"ES";"Biodiesel Price";"Rigid";"PROG";"EUR/kWh";2050;"0.151";"Sensitivity | Current policies | Removed diesel efficiency gains";"Diesel"
"OPEX";"Diesel";"ES";"Biodiesel Price";"Tractor-Trailer";"PROG";"EUR/kWh";2050;"0.151";"Sensitivity | Current policies | Removed diesel efficiency gains";"Diesel"
"OPEX";"Diesel";"IT";"Biodiesel Price";"Rigid";"PROG";"EUR/kWh";2050;"0.151";"Sensitivity | Current policies | Removed diesel efficiency gains";"Diesel"
"OPEX";"Diesel";"IT";"Biodiesel Price";"Tractor-Trailer";"PROG";"EUR/kWh";2050;"0.151";"Sensitivity | Current policies | Removed diesel efficiency gains";"Diesel"
"OPEX";"Diesel";"NL";"Biodiesel Price";"Rigid";"PROG";"EUR/kWh";2050;"0.151";"Sensitivity | Current policies | Removed diesel efficiency gains";"Diesel"
"OPEX";"Diesel";"NL";"Biodiesel Price";"Tractor-Trailer";"PROG";"EUR/kWh";2050;"0.151";"Sensitivity | Current policies | Removed diesel efficiency gains";"Diesel"
"OPEX";"Diesel";"PL";"Biodiesel Price";"Rigid";"PROG";"EUR/kWh";2050;"0.151";"Sensitivity | Current policies | Removed diesel efficiency gains";"Diesel"
"OPEX";"Diesel";"PL";"Biodiesel Price";"Tractor-Trailer";"PROG";"EUR/kWh";2050;"0.151";"Sensitivity | Current policies | Removed diesel efficiency gains";"Diesel"
"OPEX";"Diesel";"UK";"Biodiesel Price";"Rigid";"PROG";"EUR/kWh";2050;"0.151";"Sensitivity | Current policies | Removed diesel efficiency gains";"Diesel"
"OPEX";"Diesel";"UK";"Biodiesel Price";"Tractor-Trailer";"PROG";"EUR/kWh";2050;"0.151";"Sensitivity | Current policies | Removed diesel efficiency gains";"Diesel"
"OPEX";"Diesel";"DE";"Pt-Diesel Price";"Rigid";"PROG";"EUR/kWh";2050;"0.127";"Sensitivity | Current policies | Removed diesel efficiency gains";"Diesel"
"OPEX";"Diesel";"DE";"Pt-Diesel Price";"Tractor-Trailer";"PROG";"EUR/kWh";2050;"0.127";"Sensitivity | Current policies | Removed diesel efficiency gains";"Diesel"
"OPEX";"Diesel";"ES";"Pt-Diesel Price";"Rigid";"PROG";"EUR/kWh";2050;"0.127";"Sensitivity | Current policies | Removed diesel efficiency gains";"Diesel"
"OPEX";"Diesel";"ES";"Pt-Diesel Price";"Tractor-Trailer";"PROG";"EUR/kWh";2050;"0.127";"Sensitivity | Current policies | Removed diesel efficiency gains";"Diesel"
"OPEX";"Diesel";"FR";"Pt-Diesel Price";"Rigid";"PROG";"EUR/kWh";2050;"0.127";"Sensitivity | Current policies | Removed diesel efficiency gains";"Diesel"
"OPEX";"Diesel";"FR";"Pt-Diesel Price";"Tractor-Trailer";"PROG";"EUR/kWh";2050;"0.127";"Sensitivity | Current policies | Removed diesel efficiency gains";"Diesel"
"OPEX";"Diesel";"IT";"Pt-Diesel Price";"Rigid";"PROG";"EUR/kWh";2050;"0.127";"Sensitivity | Current policies | Removed diesel efficiency gains";"Diesel"
"OPEX";"Diesel";"IT";"Pt-Diesel Price";"Tractor-Trailer";"PROG";"EUR/kWh";2050;"0.127";"Sensitivity | Current policies | Removed diesel efficiency gains";"Diesel"
"OPEX";"Diesel";"NL";"Pt-Diesel Price";"Rigid";"PROG";"EUR/kWh";2050;"0.127";"Sensitivity | Current policies | Removed diesel efficiency gains";"Diesel"
"OPEX";"Diesel";"NL";"Pt-Diesel Price";"Tractor-Trailer";"PROG";"EUR/kWh";2050;"0.127";"Sensitivity | Current policies | Removed diesel efficiency gains";"Diesel"
"OPEX";"Diesel";"PL";"Pt-Diesel Price";"Rigid";"PROG";"EUR/kWh";2050;"0.127";"Sensitivity | Current policies | Removed diesel efficiency gains";"Diesel"
"OPEX";"Diesel";"PL";"Pt-Diesel Price";"Tractor-Trailer";"PROG";"EUR/kWh";2050;"0.127";"Sensitivity | Current policies | Removed diesel efficiency gains";"Diesel"
"OPEX";"Diesel";"UK";"Pt-Diesel Price";"Rigid";"PROG";"EUR/kWh";2050;"0.127";"Sensitivity | Current policies | Removed diesel efficiency gains";"Diesel"
"OPEX";"Diesel";"UK";"Pt-Diesel Price";"Tractor-Trailer";"PROG";"EUR/kWh";2050;"0.127";"Sensitivity | Current policies | Removed diesel efficiency gains";"Diesel"
"OPEX";"Electricity";"DE";"Electricity Price";"Rigid";"PROG";"EUR/kWh";2050;"0.049";"Sensitivity | Current policies | Removed diesel efficiency gains";"Electricity"
"OPEX";"Electricity";"DE";"Electricity Price";"Tractor-Trailer";"PROG";"EUR/kWh";2050;"0.049";"Sensitivity | Current policies | Removed diesel efficiency gains";"Electricity"
"OPEX";"Electricity";"ES";"Electricity Price";"Rigid";"PROG";"EUR/kWh";2050;"0.049";"Sensitivity | Current policies | Removed diesel efficiency gains";"Electricity"
"OPEX";"Electricity";"ES";"Electricity Price";"Tractor-Trailer";"PROG";"EUR/kWh";2050;"0.049";"Sensitivity | Current policies | Removed diesel efficiency gains";"Electricity"
"OPEX";"Electricity";"FR";"Electricity Price";"Rigid";"PROG";"EUR/kWh";2050;"0.049";"Sensitivity | Current policies | Removed diesel efficiency gains";"Electricity"
"OPEX";"Electricity";"FR";"Electricity Price";"Tractor-Trailer";"PROG";"EUR/kWh";2050;"0.049";"Sensitivity | Current policies | Removed diesel efficiency gains";"Electricity"
"OPEX";"Electricity";"IT";"Electricity Price";"Rigid";"PROG";"EUR/kWh";2050;"0.049";"Sensitivity | Current policies | Removed diesel efficiency gains";"Electricity"
"OPEX";"Electricity";"IT";"Electricity Price";"Tractor-Trailer";"PROG";"EUR/kWh";2050;"0.049";"Sensitivity | Current policies | Removed diesel efficiency gains";"Electricity"
"OPEX";"Electricity";"NL";"Electricity Price";"Rigid";"PROG";"EUR/kWh";2050;"0.049";"Sensitivity | Current policies | Removed diesel efficiency gains";"Electricity"
"OPEX";"Electricity";"NL";"Electricity Price";"Tractor-Trailer";"PROG";"EUR/kWh";2050;"0.049";"Sensitivity | Current policies | Removed diesel efficiency gains";"Electricity"
"OPEX";"Electricity";"PL";"Electricity Price";"Rigid";"PROG";"EUR/kWh";2050;"0.049";"Sensitivity | Current policies | Removed diesel efficiency gains";"Electricity"
"OPEX";"Electricity";"PL";"Electricity Price";"Tractor-Trailer";"PROG";"EUR/kWh";2050;"0.049";"Sensitivity | Current policies | Removed diesel efficiency gains";"Electricity"
"OPEX";"Electricity";"UK";"Electricity Price";"Rigid";"PROG";"EUR/kWh";2050;"0.049";"Sensitivity | Current policies | Removed diesel efficiency gains";"Electricity"
"OPEX";"Electricity";"UK";"Electricity Price";"Tractor-Trailer";"PROG";"EUR/kWh";2050;"0.049";"Sensitivity | Current policies | Removed diesel efficiency gains";"Electricity"
"OPEX";"Hydrogen";"DE";"Hydrogen Price";"Rigid";"PROG";"EUR/kWh";2050;"0.066";"Sensitivity | Current policies | Removed diesel efficiency gains";"Hydrogen"
"OPEX";"Hydrogen";"DE";"Hydrogen Price";"Tractor-Trailer";"PROG";"EUR/kWh";2050;"0.066";"Sensitivity | Current policies | Removed diesel efficiency gains";"Hydrogen"
"OPEX";"Hydrogen";"ES";"Hydrogen Price";"Rigid";"PROG";"EUR/kWh";2050;"0.066";"Sensitivity | Current policies | Removed diesel efficiency gains";"Hydrogen"
"OPEX";"Hydrogen";"ES";"Hydrogen Price";"Tractor-Trailer";"PROG";"EUR/kWh";2050;"0.066";"Sensitivity | Current policies | Removed diesel efficiency gains";"Hydrogen"
"OPEX";"Hydrogen";"FR";"Hydrogen Price";"Rigid";"PROG";"EUR/kWh";2050;"0.066";"Sensitivity | Current policies | Removed diesel efficiency gains";"Hydrogen"
"OPEX";"Hydrogen";"FR";"Hydrogen Price";"Tractor-Trailer";"PROG";"EUR/kWh";2050;"0.066";"Sensitivity | Current policies | Removed diesel efficiency gains";"Hydrogen"
"OPEX";"Hydrogen";"IT";"Hydrogen Price";"Rigid";"PROG";"EUR/kWh";2050;"0.066";"Sensitivity | Current policies | Removed diesel efficiency gains";"Hydrogen"
"OPEX";"Hydrogen";"IT";"Hydrogen Price";"Tractor-Trailer";"PROG";"EUR/kWh";2050;"0.066";"Sensitivity | Current policies | Removed diesel efficiency gains";"Hydrogen"
"OPEX";"Hydrogen";"NL";"Hydrogen Price";"Rigid";"PROG";"EUR/kWh";2050;"0.066";"Sensitivity | Current policies | Removed diesel efficiency gains";"Hydrogen"
"OPEX";"Hydrogen";"NL";"Hydrogen Price";"Tractor-Trailer";"PROG";"EUR/kWh";2050;"0.066";"Sensitivity | Current policies | Removed diesel efficiency gains";"Hydrogen"
"OPEX";"Hydrogen";"PL";"Hydrogen Price";"Rigid";"PROG";"EUR/kWh";2050;"0.066";"Sensitivity | Current policies | Removed diesel efficiency gains";"Hydrogen"
"OPEX";"Hydrogen";"PL";"Hydrogen Price";"Tractor-Trailer";"PROG";"EUR/kWh";2050;"0.066";"Sensitivity | Current policies | Removed diesel efficiency gains";"Hydrogen"
"OPEX";"Hydrogen";"UK";"Hydrogen Price";"Rigid";"PROG";"EUR/kWh";2050;"0.066";"Sensitivity | Current policies | Removed diesel efficiency gains";"Hydrogen"
"OPEX";"Hydrogen";"UK";"Hydrogen Price";"Tractor-Trailer";"PROG";"EUR/kWh";2050;"0.066";"Sensitivity | Current policies | Removed diesel efficiency gains";"Hydrogen"
"OPEX";"Diesel";"FR";"Diesel Price";"Rigid";"BAU";"EUR/kWh";2030;"0.063";"Sensitivity | Current policies | Removed diesel efficiency gains";"Diesel"
"OPEX";"Diesel";"FR";"Diesel Price";"Tractor-Trailer";"BAU";"EUR/kWh";2030;"0.063";"Sensitivity | Current policies | Removed diesel efficiency gains";"Diesel"
"OPEX";"Diesel";"FR";"Diesel Price";"Rigid";"PROG";"EUR/kWh";2030;"0.063";"Sensitivity | Current policies | Removed diesel efficiency gains";"Diesel"
"OPEX";"Diesel";"FR";"Diesel Price";"Tractor-Trailer";"PROG";"EUR/kWh";2030;"0.063";"Sensitivity | Current policies | Removed diesel efficiency gains";"Diesel"
"OPEX";"Diesel";"DE";"Diesel Price";"Rigid";"BAU";"EUR/kWh";2030;"0.063";"Sensitivity | Current policies | Removed diesel efficiency gains";"Diesel"
"OPEX";"Diesel";"DE";"Diesel Price";"Tractor-Trailer";"BAU";"EUR/kWh";2030;"0.063";"Sensitivity | Current policies | Removed diesel efficiency gains";"Diesel"
"OPEX";"Diesel";"DE";"Diesel Price";"Rigid";"PROG";"EUR/kWh";2030;"0.063";"Sensitivity | Current policies | Removed diesel efficiency gains";"Diesel"
"OPEX";"Diesel";"DE";"Diesel Price";"Tractor-Trailer";"PROG";"EUR/kWh";2030;"0.063";"Sensitivity | Current policies | Removed diesel efficiency gains";"Diesel"
"OPEX";"Diesel";"ES";"Diesel Price";"Rigid";"BAU";"EUR/kWh";2030;"0.063";"Sensitivity | Current policies | Removed diesel efficiency gains";"Diesel"
"OPEX";"Diesel";"ES";"Diesel Price";"Tractor-Trailer";"BAU";"EUR/kWh";2030;"0.063";"Sensitivity | Current policies | Removed diesel efficiency gains";"Diesel"
"OPEX";"Diesel";"ES";"Diesel Price";"Rigid";"PROG";"EUR/kWh";2030;"0.063";"Sensitivity | Current policies | Removed diesel efficiency gains";"Diesel"
"OPEX";"Diesel";"ES";"Diesel Price";"Tractor-Trailer";"PROG";"EUR/kWh";2030;"0.063";"Sensitivity | Current policies | Removed diesel efficiency gains";"Diesel"
"OPEX";"Diesel";"IT";"Diesel Price";"Rigid";"BAU";"EUR/kWh";2030;"0.063";"Sensitivity | Current policies | Removed diesel efficiency gains";"Diesel"
"OPEX";"Diesel";"IT";"Diesel Price";"Tractor-Trailer";"BAU";"EUR/kWh";2030;"0.063";"Sensitivity | Current policies | Removed diesel efficiency gains";"Diesel"
"OPEX";"Diesel";"IT";"Diesel Price";"Rigid";"PROG";"EUR/kWh";2030;"0.063";"Sensitivity | Current policies | Removed diesel efficiency gains";"Diesel"
"OPEX";"Diesel";"IT";"Diesel Price";"Tractor-Trailer";"PROG";"EUR/kWh";2030;"0.063";"Sensitivity | Current policies | Removed diesel efficiency gains";"Diesel"
"OPEX";"Diesel";"NL";"Diesel Price";"Rigid";"BAU";"EUR/kWh";2030;"0.063";"Sensitivity | Current policies | Removed diesel efficiency gains";"Diesel"
"OPEX";"Diesel";"NL";"Diesel Price";"Tractor-Trailer";"BAU";"EUR/kWh";2030;"0.063";"Sensitivity | Current policies | Removed diesel efficiency gains";"Diesel"
"OPEX";"Diesel";"NL";"Diesel Price";"Rigid";"PROG";"EUR/kWh";2030;"0.063";"Sensitivity | Current policies | Removed diesel efficiency gains";"Diesel"
"OPEX";"Diesel";"NL";"Diesel Price";"Tractor-Trailer";"PROG";"EUR/kWh";2030;"0.063";"Sensitivity | Current policies | Removed diesel efficiency gains";"Diesel"
"OPEX";"Diesel";"PL";"Diesel Price";"Rigid";"BAU";"EUR/kWh";2030;"0.063";"Sensitivity | Current policies | Removed diesel efficiency gains";"Diesel"
"OPEX";"Diesel";"PL";"Diesel Price";"Tractor-Trailer";"BAU";"EUR/kWh";2030;"0.063";"Sensitivity | Current policies | Removed diesel efficiency gains";"Diesel"
"OPEX";"Diesel";"PL";"Diesel Price";"Rigid";"PROG";"EUR/kWh";2030;"0.063";"Sensitivity | Current policies | Removed diesel efficiency gains";"Diesel"
"OPEX";"Diesel";"PL";"Diesel Price";"Tractor-Trailer";"PROG";"EUR/kWh";2030;"0.063";"Sensitivity | Current policies | Removed diesel efficiency gains";"Diesel"
"OPEX";"Diesel";"UK";"Diesel Price";"Rigid";"BAU";"EUR/kWh";2030;"0.063";"Sensitivity | Current policies | Removed diesel efficiency gains";"Diesel"
"OPEX";"Diesel";"UK";"Diesel Price";"Tractor-Trailer";"BAU";"EUR/kWh";2030;"0.063";"Sensitivity | Current policies | Removed diesel efficiency gains";"Diesel"
"OPEX";"Diesel";"UK";"Diesel Price";"Rigid";"PROG";"EUR/kWh";2030;"0.063";"Sensitivity | Current policies | Removed diesel efficiency gains";"Diesel"
"OPEX";"Diesel";"UK";"Diesel Price";"Tractor-Trailer";"PROG";"EUR/kWh";2030;"0.063";"Sensitivity | Current policies | Removed diesel efficiency gains";"Diesel"
"OPEX";"Diesel";"FR";"Diesel Price";"Rigid";"BAU";"EUR/kWh";2035;"0.066";"Sensitivity | Current policies | Removed diesel efficiency gains";"Diesel"
"OPEX";"Diesel";"FR";"Diesel Price";"Tractor-Trailer";"BAU";"EUR/kWh";2035;"0.066";"Sensitivity | Current policies | Removed diesel efficiency gains";"Diesel"
"OPEX";"Diesel";"FR";"Diesel Price";"Rigid";"PROG";"EUR/kWh";2035;"0.066";"Sensitivity | Current policies | Removed diesel efficiency gains";"Diesel"
"OPEX";"Diesel";"FR";"Diesel Price";"Tractor-Trailer";"PROG";"EUR/kWh";2035;"0.066";"Sensitivity | Current policies | Removed diesel efficiency gains";"Diesel"
"OPEX";"Diesel";"DE";"Diesel Price";"Rigid";"BAU";"EUR/kWh";2035;"0.066";"Sensitivity | Current policies | Removed diesel efficiency gains";"Diesel"
"OPEX";"Diesel";"DE";"Diesel Price";"Tractor-Trailer";"BAU";"EUR/kWh";2035;"0.066";"Sensitivity | Current policies | Removed diesel efficiency gains";"Diesel"
"OPEX";"Diesel";"DE";"Diesel Price";"Rigid";"PROG";"EUR/kWh";2035;"0.066";"Sensitivity | Current policies | Removed diesel efficiency gains";"Diesel"
"OPEX";"Diesel";"DE";"Diesel Price";"Tractor-Trailer";"PROG";"EUR/kWh";2035;"0.066";"Sensitivity | Current policies | Removed diesel efficiency gains";"Diesel"
"OPEX";"Diesel";"ES";"Diesel Price";"Rigid";"BAU";"EUR/kWh";2035;"0.066";"Sensitivity | Current policies | Removed diesel efficiency gains";"Diesel"
"OPEX";"Diesel";"ES";"Diesel Price";"Tractor-Trailer";"BAU";"EUR/kWh";2035;"0.066";"Sensitivity | Current policies | Removed diesel efficiency gains";"Diesel"
"OPEX";"Diesel";"ES";"Diesel Price";"Rigid";"PROG";"EUR/kWh";2035;"0.066";"Sensitivity | Current policies | Removed diesel efficiency gains";"Diesel"
"OPEX";"Diesel";"ES";"Diesel Price";"Tractor-Trailer";"PROG";"EUR/kWh";2035;"0.066";"Sensitivity | Current policies | Removed diesel efficiency gains";"Diesel"
"OPEX";"Diesel";"IT";"Diesel Price";"Rigid";"BAU";"EUR/kWh";2035;"0.066";"Sensitivity | Current policies | Removed diesel efficiency gains";"Diesel"
"OPEX";"Diesel";"IT";"Diesel Price";"Tractor-Trailer";"BAU";"EUR/kWh";2035;"0.066";"Sensitivity | Current policies | Removed diesel efficiency gains";"Diesel"
"OPEX";"Diesel";"IT";"Diesel Price";"Rigid";"PROG";"EUR/kWh";2035;"0.066";"Sensitivity | Current policies | Removed diesel efficiency gains";"Diesel"
"OPEX";"Diesel";"IT";"Diesel Price";"Tractor-Trailer";"PROG";"EUR/kWh";2035;"0.066";"Sensitivity | Current policies | Removed diesel efficiency gains";"Diesel"
"OPEX";"Diesel";"NL";"Diesel Price";"Rigid";"BAU";"EUR/kWh";2035;"0.066";"Sensitivity | Current policies | Removed diesel efficiency gains";"Diesel"
"OPEX";"Diesel";"NL";"Diesel Price";"Tractor-Trailer";"BAU";"EUR/kWh";2035;"0.066";"Sensitivity | Current policies | Removed diesel efficiency gains";"Diesel"
"OPEX";"Diesel";"NL";"Diesel Price";"Rigid";"PROG";"EUR/kWh";2035;"0.066";"Sensitivity | Current policies | Removed diesel efficiency gains";"Diesel"
"OPEX";"Diesel";"NL";"Diesel Price";"Tractor-Trailer";"PROG";"EUR/kWh";2035;"0.066";"Sensitivity | Current policies | Removed diesel efficiency gains";"Diesel"
"OPEX";"Diesel";"PL";"Diesel Price";"Rigid";"BAU";"EUR/kWh";2035;"0.066";"Sensitivity | Current policies | Removed diesel efficiency gains";"Diesel"
"OPEX";"Diesel";"PL";"Diesel Price";"Tractor-Trailer";"BAU";"EUR/kWh";2035;"0.066";"Sensitivity | Current policies | Removed diesel efficiency gains";"Diesel"
"OPEX";"Diesel";"PL";"Diesel Price";"Rigid";"PROG";"EUR/kWh";2035;"0.066";"Sensitivity | Current policies | Removed diesel efficiency gains";"Diesel"
"OPEX";"Diesel";"PL";"Diesel Price";"Tractor-Trailer";"PROG";"EUR/kWh";2035;"0.066";"Sensitivity | Current policies | Removed diesel efficiency gains";"Diesel"
"OPEX";"Diesel";"UK";"Diesel Price";"Rigid";"BAU";"EUR/kWh";2035;"0.066";"Sensitivity | Current policies | Removed diesel efficiency gains";"Diesel"
"OPEX";"Diesel";"UK";"Diesel Price";"Tractor-Trailer";"BAU";"EUR/kWh";2035;"0.066";"Sensitivity | Current policies | Removed diesel efficiency gains";"Diesel"
"OPEX";"Diesel";"UK";"Diesel Price";"Rigid";"PROG";"EUR/kWh";2035;"0.066";"Sensitivity | Current policies | Removed diesel efficiency gains";"Diesel"
"OPEX";"Diesel";"UK";"Diesel Price";"Tractor-Trailer";"PROG";"EUR/kWh";2035;"0.066";"Sensitivity | Current policies | Removed diesel efficiency gains";"Diesel"
"OPEX";"Diesel";"FR";"Diesel Price";"Rigid";"BAU";"EUR/kWh";2040;"0.069";"Sensitivity | Current policies | Removed diesel efficiency gains";"Diesel"
"OPEX";"Diesel";"FR";"Diesel Price";"Tractor-Trailer";"BAU";"EUR/kWh";2040;"0.069";"Sensitivity | Current policies | Removed diesel efficiency gains";"Diesel"
"OPEX";"Diesel";"FR";"Diesel Price";"Rigid";"PROG";"EUR/kWh";2040;"0.069";"Sensitivity | Current policies | Removed diesel efficiency gains";"Diesel"
"OPEX";"Diesel";"FR";"Diesel Price";"Tractor-Trailer";"PROG";"EUR/kWh";2040;"0.069";"Sensitivity | Current policies | Removed diesel efficiency gains";"Diesel"
"OPEX";"Diesel";"DE";"Diesel Price";"Rigid";"BAU";"EUR/kWh";2040;"0.069";"Sensitivity | Current policies | Removed diesel efficiency gains";"Diesel"
"OPEX";"Diesel";"DE";"Diesel Price";"Tractor-Trailer";"BAU";"EUR/kWh";2040;"0.069";"Sensitivity | Current policies | Removed diesel efficiency gains";"Diesel"
"OPEX";"Diesel";"DE";"Diesel Price";"Rigid";"PROG";"EUR/kWh";2040;"0.069";"Sensitivity | Current policies | Removed diesel efficiency gains";"Diesel"
"OPEX";"Diesel";"DE";"Diesel Price";"Tractor-Trailer";"PROG";"EUR/kWh";2040;"0.069";"Sensitivity | Current policies | Removed diesel efficiency gains";"Diesel"
"OPEX";"Diesel";"ES";"Diesel Price";"Rigid";"BAU";"EUR/kWh";2040;"0.069";"Sensitivity | Current policies | Removed diesel efficiency gains";"Diesel"
"OPEX";"Diesel";"ES";"Diesel Price";"Tractor-Trailer";"BAU";"EUR/kWh";2040;"0.069";"Sensitivity | Current policies | Removed diesel efficiency gains";"Diesel"
"OPEX";"Diesel";"ES";"Diesel Price";"Rigid";"PROG";"EUR/kWh";2040;"0.069";"Sensitivity | Current policies | Removed diesel efficiency gains";"Diesel"
"OPEX";"Diesel";"ES";"Diesel Price";"Tractor-Trailer";"PROG";"EUR/kWh";2040;"0.069";"Sensitivity | Current policies | Removed diesel efficiency gains";"Diesel"
"OPEX";"Diesel";"IT";"Diesel Price";"Rigid";"BAU";"EUR/kWh";2040;"0.069";"Sensitivity | Current policies | Removed diesel efficiency gains";"Diesel"
"OPEX";"Diesel";"IT";"Diesel Price";"Tractor-Trailer";"BAU";"EUR/kWh";2040;"0.069";"Sensitivity | Current policies | Removed diesel efficiency gains";"Diesel"
"OPEX";"Diesel";"IT";"Diesel Price";"Rigid";"PROG";"EUR/kWh";2040;"0.069";"Sensitivity | Current policies | Removed diesel efficiency gains";"Diesel"
"OPEX";"Diesel";"IT";"Diesel Price";"Tractor-Trailer";"PROG";"EUR/kWh";2040;"0.069";"Sensitivity | Current policies | Removed diesel efficiency gains";"Diesel"
"OPEX";"Diesel";"NL";"Diesel Price";"Rigid";"BAU";"EUR/kWh";2040;"0.069";"Sensitivity | Current policies | Removed diesel efficiency gains";"Diesel"
"OPEX";"Diesel";"NL";"Diesel Price";"Tractor-Trailer";"BAU";"EUR/kWh";2040;"0.069";"Sensitivity | Current policies | Removed diesel efficiency gains";"Diesel"
"OPEX";"Diesel";"NL";"Diesel Price";"Rigid";"PROG";"EUR/kWh";2040;"0.069";"Sensitivity | Current policies | Removed diesel efficiency gains";"Diesel"
"OPEX";"Diesel";"NL";"Diesel Price";"Tractor-Trailer";"PROG";"EUR/kWh";2040;"0.069";"Sensitivity | Current policies | Removed diesel efficiency gains";"Diesel"
"OPEX";"Diesel";"PL";"Diesel Price";"Rigid";"BAU";"EUR/kWh";2040;"0.069";"Sensitivity | Current policies | Removed diesel efficiency gains";"Diesel"
"OPEX";"Diesel";"PL";"Diesel Price";"Tractor-Trailer";"BAU";"EUR/kWh";2040;"0.069";"Sensitivity | Current policies | Removed diesel efficiency gains";"Diesel"
"OPEX";"Diesel";"PL";"Diesel Price";"Rigid";"PROG";"EUR/kWh";2040;"0.069";"Sensitivity | Current policies | Removed diesel efficiency gains";"Diesel"
"OPEX";"Diesel";"PL";"Diesel Price";"Tractor-Trailer";"PROG";"EUR/kWh";2040;"0.069";"Sensitivity | Current policies | Removed diesel efficiency gains";"Diesel"
"OPEX";"Diesel";"UK";"Diesel Price";"Rigid";"BAU";"EUR/kWh";2040;"0.069";"Sensitivity | Current policies | Removed diesel efficiency gains";"Diesel"
"OPEX";"Diesel";"UK";"Diesel Price";"Tractor-Trailer";"BAU";"EUR/kWh";2040;"0.069";"Sensitivity | Current policies | Removed diesel efficiency gains";"Diesel"
"OPEX";"Diesel";"UK";"Diesel Price";"Rigid";"PROG";"EUR/kWh";2040;"0.069";"Sensitivity | Current policies | Removed diesel efficiency gains";"Diesel"
"OPEX";"Diesel";"UK";"Diesel Price";"Tractor-Trailer";"PROG";"EUR/kWh";2040;"0.069";"Sensitivity | Current policies | Removed diesel efficiency gains";"Diesel"
"OPEX";"Diesel";"FR";"Diesel Price";"Rigid";"BAU";"EUR/kWh";2045;"0.073";"Sensitivity | Current policies | Removed diesel efficiency gains";"Diesel"
"OPEX";"Diesel";"FR";"Diesel Price";"Tractor-Trailer";"BAU";"EUR/kWh";2045;"0.073";"Sensitivity | Current policies | Removed diesel efficiency gains";"Diesel"
"OPEX";"Diesel";"FR";"Diesel Price";"Rigid";"PROG";"EUR/kWh";2045;"0.073";"Sensitivity | Current policies | Removed diesel efficiency gains";"Diesel"
"OPEX";"Diesel";"FR";"Diesel Price";"Tractor-Trailer";"PROG";"EUR/kWh";2045;"0.073";"Sensitivity | Current policies | Removed diesel efficiency gains";"Diesel"
"OPEX";"Diesel";"DE";"Diesel Price";"Rigid";"BAU";"EUR/kWh";2045;"0.073";"Sensitivity | Current policies | Removed diesel efficiency gains";"Diesel"
"OPEX";"Diesel";"DE";"Diesel Price";"Tractor-Trailer";"BAU";"EUR/kWh";2045;"0.073";"Sensitivity | Current policies | Removed diesel efficiency gains";"Diesel"
"OPEX";"Diesel";"DE";"Diesel Price";"Rigid";"PROG";"EUR/kWh";2045;"0.073";"Sensitivity | Current policies | Removed diesel efficiency gains";"Diesel"
"OPEX";"Diesel";"DE";"Diesel Price";"Tractor-Trailer";"PROG";"EUR/kWh";2045;"0.073";"Sensitivity | Current policies | Removed diesel efficiency gains";"Diesel"
"OPEX";"Diesel";"ES";"Diesel Price";"Rigid";"BAU";"EUR/kWh";2045;"0.073";"Sensitivity | Current policies | Removed diesel efficiency gains";"Diesel"
"OPEX";"Diesel";"ES";"Diesel Price";"Tractor-Trailer";"BAU";"EUR/kWh";2045;"0.073";"Sensitivity | Current policies | Removed diesel efficiency gains";"Diesel"
"OPEX";"Diesel";"ES";"Diesel Price";"Rigid";"PROG";"EUR/kWh";2045;"0.073";"Sensitivity | Current policies | Removed diesel efficiency gains";"Diesel"
"OPEX";"Diesel";"ES";"Diesel Price";"Tractor-Trailer";"PROG";"EUR/kWh";2045;"0.073";"Sensitivity | Current policies | Removed diesel efficiency gains";"Diesel"
"OPEX";"Diesel";"IT";"Diesel Price";"Rigid";"BAU";"EUR/kWh";2045;"0.073";"Sensitivity | Current policies | Removed diesel efficiency gains";"Diesel"
"OPEX";"Diesel";"IT";"Diesel Price";"Tractor-Trailer";"BAU";"EUR/kWh";2045;"0.073";"Sensitivity | Current policies | Removed diesel efficiency gains";"Diesel"
"OPEX";"Diesel";"IT";"Diesel Price";"Rigid";"PROG";"EUR/kWh";2045;"0.073";"Sensitivity | Current policies | Removed diesel efficiency gains";"Diesel"
"OPEX";"Diesel";"IT";"Diesel Price";"Tractor-Trailer";"PROG";"EUR/kWh";2045;"0.073";"Sensitivity | Current policies | Removed diesel efficiency gains";"Diesel"
"OPEX";"Diesel";"NL";"Diesel Price";"Rigid";"BAU";"EUR/kWh";2045;"0.073";"Sensitivity | Current policies | Removed diesel efficiency gains";"Diesel"
"OPEX";"Diesel";"NL";"Diesel Price";"Tractor-Trailer";"BAU";"EUR/kWh";2045;"0.073";"Sensitivity | Current policies | Removed diesel efficiency gains";"Diesel"
"OPEX";"Diesel";"NL";"Diesel Price";"Rigid";"PROG";"EUR/kWh";2045;"0.073";"Sensitivity | Current policies | Removed diesel efficiency gains";"Diesel"
"OPEX";"Diesel";"NL";"Diesel Price";"Tractor-Trailer";"PROG";"EUR/kWh";2045;"0.073";"Sensitivity | Current policies | Removed diesel efficiency gains";"Diesel"
"OPEX";"Diesel";"PL";"Diesel Price";"Rigid";"BAU";"EUR/kWh";2045;"0.073";"Sensitivity | Current policies | Removed diesel efficiency gains";"Diesel"
"OPEX";"Diesel";"PL";"Diesel Price";"Tractor-Trailer";"BAU";"EUR/kWh";2045;"0.073";"Sensitivity | Current policies | Removed diesel efficiency gains";"Diesel"
"OPEX";"Diesel";"PL";"Diesel Price";"Rigid";"PROG";"EUR/kWh";2045;"0.073";"Sensitivity | Current policies | Removed diesel efficiency gains";"Diesel"
"OPEX";"Diesel";"PL";"Diesel Price";"Tractor-Trailer";"PROG";"EUR/kWh";2045;"0.073";"Sensitivity | Current policies | Removed diesel efficiency gains";"Diesel"
"OPEX";"Diesel";"UK";"Diesel Price";"Rigid";"BAU";"EUR/kWh";2045;"0.073";"Sensitivity | Current policies | Removed diesel efficiency gains";"Diesel"
"OPEX";"Diesel";"UK";"Diesel Price";"Tractor-Trailer";"BAU";"EUR/kWh";2045;"0.073";"Sensitivity | Current policies | Removed diesel efficiency gains";"Diesel"
"OPEX";"Diesel";"UK";"Diesel Price";"Rigid";"PROG";"EUR/kWh";2045;"0.073";"Sensitivity | Current policies | Removed diesel efficiency gains";"Diesel"
"OPEX";"Diesel";"UK";"Diesel Price";"Tractor-Trailer";"PROG";"EUR/kWh";2045;"0.073";"Sensitivity | Current policies | Removed diesel efficiency gains";"Diesel"
"OPEX";"Diesel";"FR";"Diesel Price";"Rigid";"BAU";"EUR/kWh";2050;"0.079";"Sensitivity | Current policies | Removed diesel efficiency gains";"Diesel"
"OPEX";"Diesel";"FR";"Diesel Price";"Tractor-Trailer";"BAU";"EUR/kWh";2050;"0.079";"Sensitivity | Current policies | Removed diesel efficiency gains";"Diesel"
"OPEX";"Diesel";"FR";"Diesel Price";"Rigid";"PROG";"EUR/kWh";2050;"0.079";"Sensitivity | Current policies | Removed diesel efficiency gains";"Diesel"
"OPEX";"Diesel";"FR";"Diesel Price";"Tractor-Trailer";"PROG";"EUR/kWh";2050;"0.079";"Sensitivity | Current policies | Removed diesel efficiency gains";"Diesel"
"OPEX";"Diesel";"DE";"Diesel Price";"Rigid";"BAU";"EUR/kWh";2050;"0.079";"Sensitivity | Current policies | Removed diesel efficiency gains";"Diesel"
"OPEX";"Diesel";"DE";"Diesel Price";"Tractor-Trailer";"BAU";"EUR/kWh";2050;"0.079";"Sensitivity | Current policies | Removed diesel efficiency gains";"Diesel"
"OPEX";"Diesel";"DE";"Diesel Price";"Rigid";"PROG";"EUR/kWh";2050;"0.079";"Sensitivity | Current policies | Removed diesel efficiency gains";"Diesel"
"OPEX";"Diesel";"DE";"Diesel Price";"Tractor-Trailer";"PROG";"EUR/kWh";2050;"0.079";"Sensitivity | Current policies | Removed diesel efficiency gains";"Diesel"
"OPEX";"Diesel";"ES";"Diesel Price";"Rigid";"BAU";"EUR/kWh";2050;"0.079";"Sensitivity | Current policies | Removed diesel efficiency gains";"Diesel"
"OPEX";"Diesel";"ES";"Diesel Price";"Tractor-Trailer";"BAU";"EUR/kWh";2050;"0.079";"Sensitivity | Current policies | Removed diesel efficiency gains";"Diesel"
"OPEX";"Diesel";"ES";"Diesel Price";"Rigid";"PROG";"EUR/kWh";2050;"0.079";"Sensitivity | Current policies | Removed diesel efficiency gains";"Diesel"
"OPEX";"Diesel";"ES";"Diesel Price";"Tractor-Trailer";"PROG";"EUR/kWh";2050;"0.079";"Sensitivity | Current policies | Removed diesel efficiency gains";"Diesel"
"OPEX";"Diesel";"IT";"Diesel Price";"Rigid";"BAU";"EUR/kWh";2050;"0.079";"Sensitivity | Current policies | Removed diesel efficiency gains";"Diesel"
"OPEX";"Diesel";"IT";"Diesel Price";"Tractor-Trailer";"BAU";"EUR/kWh";2050;"0.079";"Sensitivity | Current policies | Removed diesel efficiency gains";"Diesel"
"OPEX";"Diesel";"IT";"Diesel Price";"Rigid";"PROG";"EUR/kWh";2050;"0.079";"Sensitivity | Current policies | Removed diesel efficiency gains";"Diesel"
"OPEX";"Diesel";"IT";"Diesel Price";"Tractor-Trailer";"PROG";"EUR/kWh";2050;"0.079";"Sensitivity | Current policies | Removed diesel efficiency gains";"Diesel"
"OPEX";"Diesel";"NL";"Diesel Price";"Rigid";"BAU";"EUR/kWh";2050;"0.079";"Sensitivity | Current policies | Removed diesel efficiency gains";"Diesel"
"OPEX";"Diesel";"NL";"Diesel Price";"Tractor-Trailer";"BAU";"EUR/kWh";2050;"0.079";"Sensitivity | Current policies | Removed diesel efficiency gains";"Diesel"
"OPEX";"Diesel";"NL";"Diesel Price";"Rigid";"PROG";"EUR/kWh";2050;"0.079";"Sensitivity | Current policies | Removed diesel efficiency gains";"Diesel"
"OPEX";"Diesel";"NL";"Diesel Price";"Tractor-Trailer";"PROG";"EUR/kWh";2050;"0.079";"Sensitivity | Current policies | Removed diesel efficiency gains";"Diesel"
"OPEX";"Diesel";"PL";"Diesel Price";"Rigid";"BAU";"EUR/kWh";2050;"0.079";"Sensitivity | Current policies | Removed diesel efficiency gains";"Diesel"
"OPEX";"Diesel";"PL";"Diesel Price";"Tractor-Trailer";"BAU";"EUR/kWh";2050;"0.079";"Sensitivity | Current policies | Removed diesel efficiency gains";"Diesel"
"OPEX";"Diesel";"PL";"Diesel Price";"Rigid";"PROG";"EUR/kWh";2050;"0.079";"Sensitivity | Current policies | Removed diesel efficiency gains";"Diesel"
"OPEX";"Diesel";"PL";"Diesel Price";"Tractor-Trailer";"PROG";"EUR/kWh";2050;"0.079";"Sensitivity | Current policies | Removed diesel efficiency gains";"Diesel"
"OPEX";"Diesel";"UK";"Diesel Price";"Rigid";"BAU";"EUR/kWh";2050;"0.079";"Sensitivity | Current policies | Removed diesel efficiency gains";"Diesel"
"OPEX";"Diesel";"UK";"Diesel Price";"Tractor-Trailer";"BAU";"EUR/kWh";2050;"0.079";"Sensitivity | Current policies | Removed diesel efficiency gains";"Diesel"
"OPEX";"Diesel";"UK";"Diesel Price";"Rigid";"PROG";"EUR/kWh";2050;"0.079";"Sensitivity | Current policies | Removed diesel efficiency gains";"Diesel"
"OPEX";"Diesel";"UK";"Diesel Price";"Tractor-Trailer";"PROG";"EUR/kWh";2050;"0.079";"Sensitivity | Current policies | Removed diesel efficiency gains";"Diesel"
"OPEX";"Diesel";"FR";"Biodiesel Price";"Rigid";"BAU";"EUR/kWh";2030;"0.141";"Sensitivity | Current policies | Removed diesel efficiency gains";"Diesel"
"OPEX";"Diesel";"FR";"Biodiesel Price";"Tractor-Trailer";"BAU";"EUR/kWh";2030;"0.141";"Sensitivity | Current policies | Removed diesel efficiency gains";"Diesel"
"OPEX";"Diesel";"DE";"Biodiesel Price";"Rigid";"BAU";"EUR/kWh";2030;"0.141";"Sensitivity | Current policies | Removed diesel efficiency gains";"Diesel"
"OPEX";"Diesel";"DE";"Biodiesel Price";"Tractor-Trailer";"BAU";"EUR/kWh";2030;"0.141";"Sensitivity | Current policies | Removed diesel efficiency gains";"Diesel"
"OPEX";"Diesel";"ES";"Biodiesel Price";"Rigid";"BAU";"EUR/kWh";2030;"0.141";"Sensitivity | Current policies | Removed diesel efficiency gains";"Diesel"
"OPEX";"Diesel";"ES";"Biodiesel Price";"Tractor-Trailer";"BAU";"EUR/kWh";2030;"0.141";"Sensitivity | Current policies | Removed diesel efficiency gains";"Diesel"
"OPEX";"Diesel";"IT";"Biodiesel Price";"Rigid";"BAU";"EUR/kWh";2030;"0.141";"Sensitivity | Current policies | Removed diesel efficiency gains";"Diesel"
"OPEX";"Diesel";"IT";"Biodiesel Price";"Tractor-Trailer";"BAU";"EUR/kWh";2030;"0.141";"Sensitivity | Current policies | Removed diesel efficiency gains";"Diesel"
"OPEX";"Diesel";"NL";"Biodiesel Price";"Rigid";"BAU";"EUR/kWh";2030;"0.141";"Sensitivity | Current policies | Removed diesel efficiency gains";"Diesel"
"OPEX";"Diesel";"NL";"Biodiesel Price";"Tractor-Trailer";"BAU";"EUR/kWh";2030;"0.141";"Sensitivity | Current policies | Removed diesel efficiency gains";"Diesel"
"OPEX";"Diesel";"PL";"Biodiesel Price";"Rigid";"BAU";"EUR/kWh";2030;"0.141";"Sensitivity | Current policies | Removed diesel efficiency gains";"Diesel"
"OPEX";"Diesel";"PL";"Biodiesel Price";"Tractor-Trailer";"BAU";"EUR/kWh";2030;"0.141";"Sensitivity | Current policies | Removed diesel efficiency gains";"Diesel"
"OPEX";"Diesel";"UK";"Biodiesel Price";"Rigid";"BAU";"EUR/kWh";2030;"0.141";"Sensitivity | Current policies | Removed diesel efficiency gains";"Diesel"
"OPEX";"Diesel";"UK";"Biodiesel Price";"Tractor-Trailer";"BAU";"EUR/kWh";2030;"0.141";"Sensitivity | Current policies | Removed diesel efficiency gains";"Diesel"
"OPEX";"Diesel";"DE";"Pt-Diesel Price";"Rigid";"BAU";"EUR/kWh";2030;"0.26";"Sensitivity | Current policies | Removed diesel efficiency gains";"Diesel"
"OPEX";"Diesel";"DE";"Pt-Diesel Price";"Tractor-Trailer";"BAU";"EUR/kWh";2030;"0.26";"Sensitivity | Current policies | Removed diesel efficiency gains";"Diesel"
"OPEX";"Diesel";"ES";"Pt-Diesel Price";"Rigid";"BAU";"EUR/kWh";2030;"0.26";"Sensitivity | Current policies | Removed diesel efficiency gains";"Diesel"
"OPEX";"Diesel";"ES";"Pt-Diesel Price";"Tractor-Trailer";"BAU";"EUR/kWh";2030;"0.26";"Sensitivity | Current policies | Removed diesel efficiency gains";"Diesel"
"OPEX";"Diesel";"FR";"Pt-Diesel Price";"Rigid";"BAU";"EUR/kWh";2030;"0.26";"Sensitivity | Current policies | Removed diesel efficiency gains";"Diesel"
"OPEX";"Diesel";"FR";"Pt-Diesel Price";"Tractor-Trailer";"BAU";"EUR/kWh";2030;"0.26";"Sensitivity | Current policies | Removed diesel efficiency gains";"Diesel"
"OPEX";"Diesel";"IT";"Pt-Diesel Price";"Rigid";"BAU";"EUR/kWh";2030;"0.26";"Sensitivity | Current policies | Removed diesel efficiency gains";"Diesel"
"OPEX";"Diesel";"IT";"Pt-Diesel Price";"Tractor-Trailer";"BAU";"EUR/kWh";2030;"0.26";"Sensitivity | Current policies | Removed diesel efficiency gains";"Diesel"
"OPEX";"Diesel";"NL";"Pt-Diesel Price";"Rigid";"BAU";"EUR/kWh";2030;"0.26";"Sensitivity | Current policies | Removed diesel efficiency gains";"Diesel"
"OPEX";"Diesel";"NL";"Pt-Diesel Price";"Tractor-Trailer";"BAU";"EUR/kWh";2030;"0.26";"Sensitivity | Current policies | Removed diesel efficiency gains";"Diesel"
"OPEX";"Diesel";"PL";"Pt-Diesel Price";"Rigid";"BAU";"EUR/kWh";2030;"0.26";"Sensitivity | Current policies | Removed diesel efficiency gains";"Diesel"
"OPEX";"Diesel";"PL";"Pt-Diesel Price";"Tractor-Trailer";"BAU";"EUR/kWh";2030;"0.26";"Sensitivity | Current policies | Removed diesel efficiency gains";"Diesel"
"OPEX";"Diesel";"UK";"Pt-Diesel Price";"Rigid";"BAU";"EUR/kWh";2030;"0.26";"Sensitivity | Current policies | Removed diesel efficiency gains";"Diesel"
"OPEX";"Diesel";"UK";"Pt-Diesel Price";"Tractor-Trailer";"BAU";"EUR/kWh";2030;"0.26";"Sensitivity | Current policies | Removed diesel efficiency gains";"Diesel"
"OPEX";"Electricity";"DE";"Electricity Price";"Rigid";"BAU";"EUR/kWh";2030;"0.086";"Sensitivity | Current policies | Removed diesel efficiency gains";"Electricity"
"OPEX";"Electricity";"DE";"Electricity Price";"Tractor-Trailer";"BAU";"EUR/kWh";2030;"0.086";"Sensitivity | Current policies | Removed diesel efficiency gains";"Electricity"
"OPEX";"Electricity";"ES";"Electricity Price";"Rigid";"BAU";"EUR/kWh";2030;"0.086";"Sensitivity | Current policies | Removed diesel efficiency gains";"Electricity"
"OPEX";"Electricity";"ES";"Electricity Price";"Tractor-Trailer";"BAU";"EUR/kWh";2030;"0.086";"Sensitivity | Current policies | Removed diesel efficiency gains";"Electricity"
"OPEX";"Electricity";"FR";"Electricity Price";"Rigid";"BAU";"EUR/kWh";2030;"0.086";"Sensitivity | Current policies | Removed diesel efficiency gains";"Electricity"
"OPEX";"Electricity";"FR";"Electricity Price";"Tractor-Trailer";"BAU";"EUR/kWh";2030;"0.086";"Sensitivity | Current policies | Removed diesel efficiency gains";"Electricity"
"OPEX";"Electricity";"IT";"Electricity Price";"Rigid";"BAU";"EUR/kWh";2030;"0.086";"Sensitivity | Current policies | Removed diesel efficiency gains";"Electricity"
"OPEX";"Electricity";"IT";"Electricity Price";"Tractor-Trailer";"BAU";"EUR/kWh";2030;"0.086";"Sensitivity | Current policies | Removed diesel efficiency gains";"Electricity"
"OPEX";"Electricity";"NL";"Electricity Price";"Rigid";"BAU";"EUR/kWh";2030;"0.086";"Sensitivity | Current policies | Removed diesel efficiency gains";"Electricity"
"OPEX";"Electricity";"NL";"Electricity Price";"Tractor-Trailer";"BAU";"EUR/kWh";2030;"0.086";"Sensitivity | Current policies | Removed diesel efficiency gains";"Electricity"
"OPEX";"Electricity";"PL";"Electricity Price";"Rigid";"BAU";"EUR/kWh";2030;"0.086";"Sensitivity | Current policies | Removed diesel efficiency gains";"Electricity"
"OPEX";"Electricity";"PL";"Electricity Price";"Tractor-Trailer";"BAU";"EUR/kWh";2030;"0.086";"Sensitivity | Current policies | Removed diesel efficiency gains";"Electricity"
"OPEX";"Electricity";"UK";"Electricity Price";"Rigid";"BAU";"EUR/kWh";2030;"0.086";"Sensitivity | Current policies | Removed diesel efficiency gains";"Electricity"
"OPEX";"Electricity";"UK";"Electricity Price";"Tractor-Trailer";"BAU";"EUR/kWh";2030;"0.086";"Sensitivity | Current policies | Removed diesel efficiency gains";"Electricity"
"OPEX";"Hydrogen";"DE";"Hydrogen Price";"Rigid";"BAU";"EUR/kWh";2030;"0.168";"Sensitivity | Current policies | Removed diesel efficiency gains";"Hydrogen"
"OPEX";"Hydrogen";"DE";"Hydrogen Price";"Tractor-Trailer";"BAU";"EUR/kWh";2030;"0.168";"Sensitivity | Current policies | Removed diesel efficiency gains";"Hydrogen"
"OPEX";"Hydrogen";"ES";"Hydrogen Price";"Rigid";"BAU";"EUR/kWh";2030;"0.168";"Sensitivity | Current policies | Removed diesel efficiency gains";"Hydrogen"
"OPEX";"Hydrogen";"ES";"Hydrogen Price";"Tractor-Trailer";"BAU";"EUR/kWh";2030;"0.168";"Sensitivity | Current policies | Removed diesel efficiency gains";"Hydrogen"
"OPEX";"Hydrogen";"FR";"Hydrogen Price";"Rigid";"BAU";"EUR/kWh";2030;"0.168";"Sensitivity | Current policies | Removed diesel efficiency gains";"Hydrogen"
"OPEX";"Hydrogen";"FR";"Hydrogen Price";"Tractor-Trailer";"BAU";"EUR/kWh";2030;"0.168";"Sensitivity | Current policies | Removed diesel efficiency gains";"Hydrogen"
"OPEX";"Hydrogen";"IT";"Hydrogen Price";"Rigid";"BAU";"EUR/kWh";2030;"0.168";"Sensitivity | Current policies | Removed diesel efficiency gains";"Hydrogen"
"OPEX";"Hydrogen";"IT";"Hydrogen Price";"Tractor-Trailer";"BAU";"EUR/kWh";2030;"0.168";"Sensitivity | Current policies | Removed diesel efficiency gains";"Hydrogen"
"OPEX";"Hydrogen";"NL";"Hydrogen Price";"Rigid";"BAU";"EUR/kWh";2030;"0.168";"Sensitivity | Current policies | Removed diesel efficiency gains";"Hydrogen"
"OPEX";"Hydrogen";"NL";"Hydrogen Price";"Tractor-Trailer";"BAU";"EUR/kWh";2030;"0.168";"Sensitivity | Current policies | Removed diesel efficiency gains";"Hydrogen"
"OPEX";"Hydrogen";"PL";"Hydrogen Price";"Rigid";"BAU";"EUR/kWh";2030;"0.168";"Sensitivity | Current policies | Removed diesel efficiency gains";"Hydrogen"
"OPEX";"Hydrogen";"PL";"Hydrogen Price";"Tractor-Trailer";"BAU";"EUR/kWh";2030;"0.168";"Sensitivity | Current policies | Removed diesel efficiency gains";"Hydrogen"
"OPEX";"Hydrogen";"UK";"Hydrogen Price";"Rigid";"BAU";"EUR/kWh";2030;"0.168";"Sensitivity | Current policies | Removed diesel efficiency gains";"Hydrogen"
"OPEX";"Hydrogen";"UK";"Hydrogen Price";"Tractor-Trailer";"BAU";"EUR/kWh";2030;"0.168";"Sensitivity | Current policies | Removed diesel efficiency gains";"Hydrogen"
"OPEX";"Diesel";"FR";"Biodiesel Price";"Rigid";"BAU";"EUR/kWh";2035;"0.159";"Sensitivity | Current policies | Removed diesel efficiency gains";"Diesel"
"OPEX";"Diesel";"FR";"Biodiesel Price";"Tractor-Trailer";"BAU";"EUR/kWh";2035;"0.159";"Sensitivity | Current policies | Removed diesel efficiency gains";"Diesel"
"OPEX";"Diesel";"DE";"Biodiesel Price";"Rigid";"BAU";"EUR/kWh";2035;"0.159";"Sensitivity | Current policies | Removed diesel efficiency gains";"Diesel"
"OPEX";"Diesel";"DE";"Biodiesel Price";"Tractor-Trailer";"BAU";"EUR/kWh";2035;"0.159";"Sensitivity | Current policies | Removed diesel efficiency gains";"Diesel"
"OPEX";"Diesel";"ES";"Biodiesel Price";"Rigid";"BAU";"EUR/kWh";2035;"0.159";"Sensitivity | Current policies | Removed diesel efficiency gains";"Diesel"
"OPEX";"Diesel";"ES";"Biodiesel Price";"Tractor-Trailer";"BAU";"EUR/kWh";2035;"0.159";"Sensitivity | Current policies | Removed diesel efficiency gains";"Diesel"
"OPEX";"Diesel";"IT";"Biodiesel Price";"Rigid";"BAU";"EUR/kWh";2035;"0.159";"Sensitivity | Current policies | Removed diesel efficiency gains";"Diesel"
"OPEX";"Diesel";"IT";"Biodiesel Price";"Tractor-Trailer";"BAU";"EUR/kWh";2035;"0.159";"Sensitivity | Current policies | Removed diesel efficiency gains";"Diesel"
"OPEX";"Diesel";"NL";"Biodiesel Price";"Rigid";"BAU";"EUR/kWh";2035;"0.159";"Sensitivity | Current policies | Removed diesel efficiency gains";"Diesel"
"OPEX";"Diesel";"NL";"Biodiesel Price";"Tractor-Trailer";"BAU";"EUR/kWh";2035;"0.159";"Sensitivity | Current policies | Removed diesel efficiency gains";"Diesel"
"OPEX";"Diesel";"PL";"Biodiesel Price";"Rigid";"BAU";"EUR/kWh";2035;"0.159";"Sensitivity | Current policies | Removed diesel efficiency gains";"Diesel"
"OPEX";"Diesel";"PL";"Biodiesel Price";"Tractor-Trailer";"BAU";"EUR/kWh";2035;"0.159";"Sensitivity | Current policies | Removed diesel efficiency gains";"Diesel"
"OPEX";"Diesel";"UK";"Biodiesel Price";"Rigid";"BAU";"EUR/kWh";2035;"0.159";"Sensitivity | Current policies | Removed diesel efficiency gains";"Diesel"
"OPEX";"Diesel";"UK";"Biodiesel Price";"Tractor-Trailer";"BAU";"EUR/kWh";2035;"0.159";"Sensitivity | Current policies | Removed diesel efficiency gains";"Diesel"
"OPEX";"Diesel";"DE";"Pt-Diesel Price";"Rigid";"BAU";"EUR/kWh";2035;"0.239";"Sensitivity | Current policies | Removed diesel efficiency gains";"Diesel"
"OPEX";"Diesel";"DE";"Pt-Diesel Price";"Tractor-Trailer";"BAU";"EUR/kWh";2035;"0.239";"Sensitivity | Current policies | Removed diesel efficiency gains";"Diesel"
"OPEX";"Diesel";"ES";"Pt-Diesel Price";"Rigid";"BAU";"EUR/kWh";2035;"0.239";"Sensitivity | Current policies | Removed diesel efficiency gains";"Diesel"
"OPEX";"Diesel";"ES";"Pt-Diesel Price";"Tractor-Trailer";"BAU";"EUR/kWh";2035;"0.239";"Sensitivity | Current policies | Removed diesel efficiency gains";"Diesel"
"OPEX";"Diesel";"FR";"Pt-Diesel Price";"Rigid";"BAU";"EUR/kWh";2035;"0.239";"Sensitivity | Current policies | Removed diesel efficiency gains";"Diesel"
"OPEX";"Diesel";"FR";"Pt-Diesel Price";"Tractor-Trailer";"BAU";"EUR/kWh";2035;"0.239";"Sensitivity | Current policies | Removed diesel efficiency gains";"Diesel"
"OPEX";"Diesel";"IT";"Pt-Diesel Price";"Rigid";"BAU";"EUR/kWh";2035;"0.239";"Sensitivity | Current policies | Removed diesel efficiency gains";"Diesel"
"OPEX";"Diesel";"IT";"Pt-Diesel Price";"Tractor-Trailer";"BAU";"EUR/kWh";2035;"0.239";"Sensitivity | Current policies | Removed diesel efficiency gains";"Diesel"
"OPEX";"Diesel";"NL";"Pt-Diesel Price";"Rigid";"BAU";"EUR/kWh";2035;"0.239";"Sensitivity | Current policies | Removed diesel efficiency gains";"Diesel"
"OPEX";"Diesel";"NL";"Pt-Diesel Price";"Tractor-Trailer";"BAU";"EUR/kWh";2035;"0.239";"Sensitivity | Current policies | Removed diesel efficiency gains";"Diesel"
"OPEX";"Diesel";"PL";"Pt-Diesel Price";"Rigid";"BAU";"EUR/kWh";2035;"0.239";"Sensitivity | Current policies | Removed diesel efficiency gains";"Diesel"
"OPEX";"Diesel";"PL";"Pt-Diesel Price";"Tractor-Trailer";"BAU";"EUR/kWh";2035;"0.239";"Sensitivity | Current policies | Removed diesel efficiency gains";"Diesel"
"OPEX";"Diesel";"UK";"Pt-Diesel Price";"Rigid";"BAU";"EUR/kWh";2035;"0.239";"Sensitivity | Current policies | Removed diesel efficiency gains";"Diesel"
"OPEX";"Diesel";"UK";"Pt-Diesel Price";"Tractor-Trailer";"BAU";"EUR/kWh";2035;"0.239";"Sensitivity | Current policies | Removed diesel efficiency gains";"Diesel"
"OPEX";"Electricity";"DE";"Electricity Price";"Rigid";"BAU";"EUR/kWh";2035;"0.076";"Sensitivity | Current policies | Removed diesel efficiency gains";"Electricity"
"OPEX";"Electricity";"DE";"Electricity Price";"Tractor-Trailer";"BAU";"EUR/kWh";2035;"0.076";"Sensitivity | Current policies | Removed diesel efficiency gains";"Electricity"
"OPEX";"Electricity";"ES";"Electricity Price";"Rigid";"BAU";"EUR/kWh";2035;"0.076";"Sensitivity | Current policies | Removed diesel efficiency gains";"Electricity"
"OPEX";"Electricity";"ES";"Electricity Price";"Tractor-Trailer";"BAU";"EUR/kWh";2035;"0.076";"Sensitivity | Current policies | Removed diesel efficiency gains";"Electricity"
"OPEX";"Electricity";"FR";"Electricity Price";"Rigid";"BAU";"EUR/kWh";2035;"0.076";"Sensitivity | Current policies | Removed diesel efficiency gains";"Electricity"
"OPEX";"Electricity";"FR";"Electricity Price";"Tractor-Trailer";"BAU";"EUR/kWh";2035;"0.076";"Sensitivity | Current policies | Removed diesel efficiency gains";"Electricity"
"OPEX";"Electricity";"IT";"Electricity Price";"Rigid";"BAU";"EUR/kWh";2035;"0.076";"Sensitivity | Current policies | Removed diesel efficiency gains";"Electricity"
"OPEX";"Electricity";"IT";"Electricity Price";"Tractor-Trailer";"BAU";"EUR/kWh";2035;"0.076";"Sensitivity | Current policies | Removed diesel efficiency gains";"Electricity"
"OPEX";"Electricity";"NL";"Electricity Price";"Rigid";"BAU";"EUR/kWh";2035;"0.076";"Sensitivity | Current policies | Removed diesel efficiency gains";"Electricity"
"OPEX";"Electricity";"NL";"Electricity Price";"Tractor-Trailer";"BAU";"EUR/kWh";2035;"0.076";"Sensitivity | Current policies | Removed diesel efficiency gains";"Electricity"
"OPEX";"Electricity";"PL";"Electricity Price";"Rigid";"BAU";"EUR/kWh";2035;"0.076";"Sensitivity | Current policies | Removed diesel efficiency gains";"Electricity"
"OPEX";"Electricity";"PL";"Electricity Price";"Tractor-Trailer";"BAU";"EUR/kWh";2035;"0.076";"Sensitivity | Current policies | Removed diesel efficiency gains";"Electricity"
"OPEX";"Electricity";"UK";"Electricity Price";"Rigid";"BAU";"EUR/kWh";2035;"0.076";"Sensitivity | Current policies | Removed diesel efficiency gains";"Electricity"
"OPEX";"Electricity";"UK";"Electricity Price";"Tractor-Trailer";"BAU";"EUR/kWh";2035;"0.076";"Sensitivity | Current policies | Removed diesel efficiency gains";"Electricity"
"OPEX";"Hydrogen";"DE";"Hydrogen Price";"Rigid";"BAU";"EUR/kWh";2035;"0.151";"Sensitivity | Current policies | Removed diesel efficiency gains";"Hydrogen"
"OPEX";"Hydrogen";"DE";"Hydrogen Price";"Tractor-Trailer";"BAU";"EUR/kWh";2035;"0.151";"Sensitivity | Current policies | Removed diesel efficiency gains";"Hydrogen"
"OPEX";"Hydrogen";"ES";"Hydrogen Price";"Rigid";"BAU";"EUR/kWh";2035;"0.151";"Sensitivity | Current policies | Removed diesel efficiency gains";"Hydrogen"
"OPEX";"Hydrogen";"ES";"Hydrogen Price";"Tractor-Trailer";"BAU";"EUR/kWh";2035;"0.151";"Sensitivity | Current policies | Removed diesel efficiency gains";"Hydrogen"
"OPEX";"Hydrogen";"FR";"Hydrogen Price";"Rigid";"BAU";"EUR/kWh";2035;"0.151";"Sensitivity | Current policies | Removed diesel efficiency gains";"Hydrogen"
"OPEX";"Hydrogen";"FR";"Hydrogen Price";"Tractor-Trailer";"BAU";"EUR/kWh";2035;"0.151";"Sensitivity | Current policies | Removed diesel efficiency gains";"Hydrogen"
"OPEX";"Hydrogen";"IT";"Hydrogen Price";"Rigid";"BAU";"EUR/kWh";2035;"0.151";"Sensitivity | Current policies | Removed diesel efficiency gains";"Hydrogen"
"OPEX";"Hydrogen";"IT";"Hydrogen Price";"Tractor-Trailer";"BAU";"EUR/kWh";2035;"0.151";"Sensitivity | Current policies | Removed diesel efficiency gains";"Hydrogen"
"OPEX";"Hydrogen";"NL";"Hydrogen Price";"Rigid";"BAU";"EUR/kWh";2035;"0.151";"Sensitivity | Current policies | Removed diesel efficiency gains";"Hydrogen"
"OPEX";"Hydrogen";"NL";"Hydrogen Price";"Tractor-Trailer";"BAU";"EUR/kWh";2035;"0.151";"Sensitivity | Current policies | Removed diesel efficiency gains";"Hydrogen"
"OPEX";"Hydrogen";"PL";"Hydrogen Price";"Rigid";"BAU";"EUR/kWh";2035;"0.151";"Sensitivity | Current policies | Removed diesel efficiency gains";"Hydrogen"
"OPEX";"Hydrogen";"PL";"Hydrogen Price";"Tractor-Trailer";"BAU";"EUR/kWh";2035;"0.151";"Sensitivity | Current policies | Removed diesel efficiency gains";"Hydrogen"
"OPEX";"Hydrogen";"UK";"Hydrogen Price";"Rigid";"BAU";"EUR/kWh";2035;"0.151";"Sensitivity | Current policies | Removed diesel efficiency gains";"Hydrogen"
"OPEX";"Hydrogen";"UK";"Hydrogen Price";"Tractor-Trailer";"BAU";"EUR/kWh";2035;"0.151";"Sensitivity | Current policies | Removed diesel efficiency gains";"Hydrogen"
"OPEX";"Diesel";"FR";"Biodiesel Price";"Rigid";"BAU";"EUR/kWh";2040;"0.172";"Sensitivity | Current policies | Removed diesel efficiency gains";"Diesel"
"OPEX";"Diesel";"FR";"Biodiesel Price";"Tractor-Trailer";"BAU";"EUR/kWh";2040;"0.172";"Sensitivity | Current policies | Removed diesel efficiency gains";"Diesel"
"OPEX";"Diesel";"DE";"Biodiesel Price";"Rigid";"BAU";"EUR/kWh";2040;"0.172";"Sensitivity | Current policies | Removed diesel efficiency gains";"Diesel"
"OPEX";"Diesel";"DE";"Biodiesel Price";"Tractor-Trailer";"BAU";"EUR/kWh";2040;"0.172";"Sensitivity | Current policies | Removed diesel efficiency gains";"Diesel"
"OPEX";"Diesel";"ES";"Biodiesel Price";"Rigid";"BAU";"EUR/kWh";2040;"0.172";"Sensitivity | Current policies | Removed diesel efficiency gains";"Diesel"
"OPEX";"Diesel";"ES";"Biodiesel Price";"Tractor-Trailer";"BAU";"EUR/kWh";2040;"0.172";"Sensitivity | Current policies | Removed diesel efficiency gains";"Diesel"
"OPEX";"Diesel";"IT";"Biodiesel Price";"Rigid";"BAU";"EUR/kWh";2040;"0.172";"Sensitivity | Current policies | Removed diesel efficiency gains";"Diesel"
"OPEX";"Diesel";"IT";"Biodiesel Price";"Tractor-Trailer";"BAU";"EUR/kWh";2040;"0.172";"Sensitivity | Current policies | Removed diesel efficiency gains";"Diesel"
"OPEX";"Diesel";"NL";"Biodiesel Price";"Rigid";"BAU";"EUR/kWh";2040;"0.172";"Sensitivity | Current policies | Removed diesel efficiency gains";"Diesel"
"OPEX";"Diesel";"NL";"Biodiesel Price";"Tractor-Trailer";"BAU";"EUR/kWh";2040;"0.172";"Sensitivity | Current policies | Removed diesel efficiency gains";"Diesel"
"OPEX";"Diesel";"PL";"Biodiesel Price";"Rigid";"BAU";"EUR/kWh";2040;"0.172";"Sensitivity | Current policies | Removed diesel efficiency gains";"Diesel"
"OPEX";"Diesel";"PL";"Biodiesel Price";"Tractor-Trailer";"BAU";"EUR/kWh";2040;"0.172";"Sensitivity | Current policies | Removed diesel efficiency gains";"Diesel"
"OPEX";"Diesel";"UK";"Biodiesel Price";"Rigid";"BAU";"EUR/kWh";2040;"0.172";"Sensitivity | Current policies | Removed diesel efficiency gains";"Diesel"
"OPEX";"Diesel";"UK";"Biodiesel Price";"Tractor-Trailer";"BAU";"EUR/kWh";2040;"0.172";"Sensitivity | Current policies | Removed diesel efficiency gains";"Diesel"
"OPEX";"Diesel";"DE";"Pt-Diesel Price";"Rigid";"BAU";"EUR/kWh";2040;"0.218";"Sensitivity | Current policies | Removed diesel efficiency gains";"Diesel"
"OPEX";"Diesel";"DE";"Pt-Diesel Price";"Tractor-Trailer";"BAU";"EUR/kWh";2040;"0.218";"Sensitivity | Current policies | Removed diesel efficiency gains";"Diesel"
"OPEX";"Diesel";"ES";"Pt-Diesel Price";"Rigid";"BAU";"EUR/kWh";2040;"0.218";"Sensitivity | Current policies | Removed diesel efficiency gains";"Diesel"
"OPEX";"Diesel";"ES";"Pt-Diesel Price";"Tractor-Trailer";"BAU";"EUR/kWh";2040;"0.218";"Sensitivity | Current policies | Removed diesel efficiency gains";"Diesel"
"OPEX";"Diesel";"FR";"Pt-Diesel Price";"Rigid";"BAU";"EUR/kWh";2040;"0.218";"Sensitivity | Current policies | Removed diesel efficiency gains";"Diesel"
"OPEX";"Diesel";"FR";"Pt-Diesel Price";"Tractor-Trailer";"BAU";"EUR/kWh";2040;"0.218";"Sensitivity | Current policies | Removed diesel efficiency gains";"Diesel"
"OPEX";"Diesel";"IT";"Pt-Diesel Price";"Rigid";"BAU";"EUR/kWh";2040;"0.218";"Sensitivity | Current policies | Removed diesel efficiency gains";"Diesel"
"OPEX";"Diesel";"IT";"Pt-Diesel Price";"Tractor-Trailer";"BAU";"EUR/kWh";2040;"0.218";"Sensitivity | Current policies | Removed diesel efficiency gains";"Diesel"
"OPEX";"Diesel";"NL";"Pt-Diesel Price";"Rigid";"BAU";"EUR/kWh";2040;"0.218";"Sensitivity | Current policies | Removed diesel efficiency gains";"Diesel"
"OPEX";"Diesel";"NL";"Pt-Diesel Price";"Tractor-Trailer";"BAU";"EUR/kWh";2040;"0.218";"Sensitivity | Current policies | Removed diesel efficiency gains";"Diesel"
"OPEX";"Diesel";"PL";"Pt-Diesel Price";"Rigid";"BAU";"EUR/kWh";2040;"0.218";"Sensitivity | Current policies | Removed diesel efficiency gains";"Diesel"
"OPEX";"Diesel";"PL";"Pt-Diesel Price";"Tractor-Trailer";"BAU";"EUR/kWh";2040;"0.218";"Sensitivity | Current policies | Removed diesel efficiency gains";"Diesel"
"OPEX";"Diesel";"UK";"Pt-Diesel Price";"Rigid";"BAU";"EUR/kWh";2040;"0.218";"Sensitivity | Current policies | Removed diesel efficiency gains";"Diesel"
"OPEX";"Diesel";"UK";"Pt-Diesel Price";"Tractor-Trailer";"BAU";"EUR/kWh";2040;"0.218";"Sensitivity | Current policies | Removed diesel efficiency gains";"Diesel"
"OPEX";"Electricity";"DE";"Electricity Price";"Rigid";"BAU";"EUR/kWh";2040;"0.071";"Sensitivity | Current policies | Removed diesel efficiency gains";"Electricity"
"OPEX";"Electricity";"DE";"Electricity Price";"Tractor-Trailer";"BAU";"EUR/kWh";2040;"0.071";"Sensitivity | Current policies | Removed diesel efficiency gains";"Electricity"
"OPEX";"Electricity";"ES";"Electricity Price";"Rigid";"BAU";"EUR/kWh";2040;"0.071";"Sensitivity | Current policies | Removed diesel efficiency gains";"Electricity"
"OPEX";"Electricity";"ES";"Electricity Price";"Tractor-Trailer";"BAU";"EUR/kWh";2040;"0.071";"Sensitivity | Current policies | Removed diesel efficiency gains";"Electricity"
"OPEX";"Electricity";"FR";"Electricity Price";"Rigid";"BAU";"EUR/kWh";2040;"0.071";"Sensitivity | Current policies | Removed diesel efficiency gains";"Electricity"
"OPEX";"Electricity";"FR";"Electricity Price";"Tractor-Trailer";"BAU";"EUR/kWh";2040;"0.071";"Sensitivity | Current policies | Removed diesel efficiency gains";"Electricity"
"OPEX";"Electricity";"IT";"Electricity Price";"Rigid";"BAU";"EUR/kWh";2040;"0.071";"Sensitivity | Current policies | Removed diesel efficiency gains";"Electricity"
"OPEX";"Electricity";"IT";"Electricity Price";"Tractor-Trailer";"BAU";"EUR/kWh";2040;"0.071";"Sensitivity | Current policies | Removed diesel efficiency gains";"Electricity"
"OPEX";"Electricity";"NL";"Electricity Price";"Rigid";"BAU";"EUR/kWh";2040;"0.071";"Sensitivity | Current policies | Removed diesel efficiency gains";"Electricity"
"OPEX";"Electricity";"NL";"Electricity Price";"Tractor-Trailer";"BAU";"EUR/kWh";2040;"0.071";"Sensitivity | Current policies | Removed diesel efficiency gains";"Electricity"
"OPEX";"Electricity";"PL";"Electricity Price";"Rigid";"BAU";"EUR/kWh";2040;"0.071";"Sensitivity | Current policies | Removed diesel efficiency gains";"Electricity"
"OPEX";"Electricity";"PL";"Electricity Price";"Tractor-Trailer";"BAU";"EUR/kWh";2040;"0.071";"Sensitivity | Current policies | Removed diesel efficiency gains";"Electricity"
"OPEX";"Electricity";"UK";"Electricity Price";"Rigid";"BAU";"EUR/kWh";2040;"0.071";"Sensitivity | Current policies | Removed diesel efficiency gains";"Electricity"
"OPEX";"Electricity";"UK";"Electricity Price";"Tractor-Trailer";"BAU";"EUR/kWh";2040;"0.071";"Sensitivity | Current policies | Removed diesel efficiency gains";"Electricity"
"OPEX";"Hydrogen";"DE";"Hydrogen Price";"Rigid";"BAU";"EUR/kWh";2040;"0.134";"Sensitivity | Current policies | Removed diesel efficiency gains";"Hydrogen"
"OPEX";"Hydrogen";"DE";"Hydrogen Price";"Tractor-Trailer";"BAU";"EUR/kWh";2040;"0.134";"Sensitivity | Current policies | Removed diesel efficiency gains";"Hydrogen"
"OPEX";"Hydrogen";"ES";"Hydrogen Price";"Rigid";"BAU";"EUR/kWh";2040;"0.134";"Sensitivity | Current policies | Removed diesel efficiency gains";"Hydrogen"
"OPEX";"Hydrogen";"ES";"Hydrogen Price";"Tractor-Trailer";"BAU";"EUR/kWh";2040;"0.134";"Sensitivity | Current policies | Removed diesel efficiency gains";"Hydrogen"
"OPEX";"Hydrogen";"FR";"Hydrogen Price";"Rigid";"BAU";"EUR/kWh";2040;"0.134";"Sensitivity | Current policies | Removed diesel efficiency gains";"Hydrogen"
"OPEX";"Hydrogen";"FR";"Hydrogen Price";"Tractor-Trailer";"BAU";"EUR/kWh";2040;"0.134";"Sensitivity | Current policies | Removed diesel efficiency gains";"Hydrogen"
"OPEX";"Hydrogen";"IT";"Hydrogen Price";"Rigid";"BAU";"EUR/kWh";2040;"0.134";"Sensitivity | Current policies | Removed diesel efficiency gains";"Hydrogen"
"OPEX";"Hydrogen";"IT";"Hydrogen Price";"Tractor-Trailer";"BAU";"EUR/kWh";2040;"0.134";"Sensitivity | Current policies | Removed diesel efficiency gains";"Hydrogen"
"OPEX";"Hydrogen";"NL";"Hydrogen Price";"Rigid";"BAU";"EUR/kWh";2040;"0.134";"Sensitivity | Current policies | Removed diesel efficiency gains";"Hydrogen"
"OPEX";"Hydrogen";"NL";"Hydrogen Price";"Tractor-Trailer";"BAU";"EUR/kWh";2040;"0.134";"Sensitivity | Current policies | Removed diesel efficiency gains";"Hydrogen"
"OPEX";"Hydrogen";"PL";"Hydrogen Price";"Rigid";"BAU";"EUR/kWh";2040;"0.134";"Sensitivity | Current policies | Removed diesel efficiency gains";"Hydrogen"
"OPEX";"Hydrogen";"PL";"Hydrogen Price";"Tractor-Trailer";"BAU";"EUR/kWh";2040;"0.134";"Sensitivity | Current policies | Removed diesel efficiency gains";"Hydrogen"
"OPEX";"Hydrogen";"UK";"Hydrogen Price";"Rigid";"BAU";"EUR/kWh";2040;"0.134";"Sensitivity | Current policies | Removed diesel efficiency gains";"Hydrogen"
"OPEX";"Hydrogen";"UK";"Hydrogen Price";"Tractor-Trailer";"BAU";"EUR/kWh";2040;"0.134";"Sensitivity | Current policies | Removed diesel efficiency gains";"Hydrogen"
"OPEX";"Diesel";"FR";"Biodiesel Price";"Rigid";"BAU";"EUR/kWh";2045;"0.17";"Sensitivity | Current policies | Removed diesel efficiency gains";"Diesel"
"OPEX";"Diesel";"FR";"Biodiesel Price";"Tractor-Trailer";"BAU";"EUR/kWh";2045;"0.17";"Sensitivity | Current policies | Removed diesel efficiency gains";"Diesel"
"OPEX";"Diesel";"DE";"Biodiesel Price";"Rigid";"BAU";"EUR/kWh";2045;"0.17";"Sensitivity | Current policies | Removed diesel efficiency gains";"Diesel"
"OPEX";"Diesel";"DE";"Biodiesel Price";"Tractor-Trailer";"BAU";"EUR/kWh";2045;"0.17";"Sensitivity | Current policies | Removed diesel efficiency gains";"Diesel"
"OPEX";"Diesel";"ES";"Biodiesel Price";"Rigid";"BAU";"EUR/kWh";2045;"0.17";"Sensitivity | Current policies | Removed diesel efficiency gains";"Diesel"
"OPEX";"Diesel";"ES";"Biodiesel Price";"Tractor-Trailer";"BAU";"EUR/kWh";2045;"0.17";"Sensitivity | Current policies | Removed diesel efficiency gains";"Diesel"
"OPEX";"Diesel";"IT";"Biodiesel Price";"Rigid";"BAU";"EUR/kWh";2045;"0.17";"Sensitivity | Current policies | Removed diesel efficiency gains";"Diesel"
"OPEX";"Diesel";"IT";"Biodiesel Price";"Tractor-Trailer";"BAU";"EUR/kWh";2045;"0.17";"Sensitivity | Current policies | Removed diesel efficiency gains";"Diesel"
"OPEX";"Diesel";"NL";"Biodiesel Price";"Rigid";"BAU";"EUR/kWh";2045;"0.17";"Sensitivity | Current policies | Removed diesel efficiency gains";"Diesel"
"OPEX";"Diesel";"NL";"Biodiesel Price";"Tractor-Trailer";"BAU";"EUR/kWh";2045;"0.17";"Sensitivity | Current policies | Removed diesel efficiency gains";"Diesel"
"OPEX";"Diesel";"PL";"Biodiesel Price";"Rigid";"BAU";"EUR/kWh";2045;"0.17";"Sensitivity | Current policies | Removed diesel efficiency gains";"Diesel"
"OPEX";"Diesel";"PL";"Biodiesel Price";"Tractor-Trailer";"BAU";"EUR/kWh";2045;"0.17";"Sensitivity | Current policies | Removed diesel efficiency gains";"Diesel"
"OPEX";"Diesel";"UK";"Biodiesel Price";"Rigid";"BAU";"EUR/kWh";2045;"0.17";"Sensitivity | Current policies | Removed diesel efficiency gains";"Diesel"
"OPEX";"Diesel";"UK";"Biodiesel Price";"Tractor-Trailer";"BAU";"EUR/kWh";2045;"0.17";"Sensitivity | Current policies | Removed diesel efficiency gains";"Diesel"
"OPEX";"Diesel";"DE";"Pt-Diesel Price";"Rigid";"BAU";"EUR/kWh";2045;"0.196";"Sensitivity | Current policies | Removed diesel efficiency gains";"Diesel"
"OPEX";"Diesel";"DE";"Pt-Diesel Price";"Tractor-Trailer";"BAU";"EUR/kWh";2045;"0.196";"Sensitivity | Current policies | Removed diesel efficiency gains";"Diesel"
"OPEX";"Diesel";"ES";"Pt-Diesel Price";"Rigid";"BAU";"EUR/kWh";2045;"0.196";"Sensitivity | Current policies | Removed diesel efficiency gains";"Diesel"
"OPEX";"Diesel";"ES";"Pt-Diesel Price";"Tractor-Trailer";"BAU";"EUR/kWh";2045;"0.196";"Sensitivity | Current policies | Removed diesel efficiency gains";"Diesel"
"OPEX";"Diesel";"FR";"Pt-Diesel Price";"Rigid";"BAU";"EUR/kWh";2045;"0.196";"Sensitivity | Current policies | Removed diesel efficiency gains";"Diesel"
"OPEX";"Diesel";"FR";"Pt-Diesel Price";"Tractor-Trailer";"BAU";"EUR/kWh";2045;"0.196";"Sensitivity | Current policies | Removed diesel efficiency gains";"Diesel"
"OPEX";"Diesel";"IT";"Pt-Diesel Price";"Rigid";"BAU";"EUR/kWh";2045;"0.196";"Sensitivity | Current policies | Removed diesel efficiency gains";"Diesel"
"OPEX";"Diesel";"IT";"Pt-Diesel Price";"Tractor-Trailer";"BAU";"EUR/kWh";2045;"0.196";"Sensitivity | Current policies | Removed diesel efficiency gains";"Diesel"
"OPEX";"Diesel";"NL";"Pt-Diesel Price";"Rigid";"BAU";"EUR/kWh";2045;"0.196";"Sensitivity | Current policies | Removed diesel efficiency gains";"Diesel"
"OPEX";"Diesel";"NL";"Pt-Diesel Price";"Tractor-Trailer";"BAU";"EUR/kWh";2045;"0.196";"Sensitivity | Current policies | Removed diesel efficiency gains";"Diesel"
"OPEX";"Diesel";"PL";"Pt-Diesel Price";"Rigid";"BAU";"EUR/kWh";2045;"0.196";"Sensitivity | Current policies | Removed diesel efficiency gains";"Diesel"
"OPEX";"Diesel";"PL";"Pt-Diesel Price";"Tractor-Trailer";"BAU";"EUR/kWh";2045;"0.196";"Sensitivity | Current policies | Removed diesel efficiency gains";"Diesel"
"OPEX";"Diesel";"UK";"Pt-Diesel Price";"Rigid";"BAU";"EUR/kWh";2045;"0.196";"Sensitivity | Current policies | Removed diesel efficiency gains";"Diesel"
"OPEX";"Diesel";"UK";"Pt-Diesel Price";"Tractor-Trailer";"BAU";"EUR/kWh";2045;"0.196";"Sensitivity | Current policies | Removed diesel efficiency gains";"Diesel"
"OPEX";"Electricity";"DE";"Electricity Price";"Rigid";"BAU";"EUR/kWh";2045;"0.07";"Sensitivity | Current policies | Removed diesel efficiency gains";"Electricity"
"OPEX";"Electricity";"DE";"Electricity Price";"Tractor-Trailer";"BAU";"EUR/kWh";2045;"0.07";"Sensitivity | Current policies | Removed diesel efficiency gains";"Electricity"
"OPEX";"Electricity";"ES";"Electricity Price";"Rigid";"BAU";"EUR/kWh";2045;"0.07";"Sensitivity | Current policies | Removed diesel efficiency gains";"Electricity"
"OPEX";"Electricity";"ES";"Electricity Price";"Tractor-Trailer";"BAU";"EUR/kWh";2045;"0.07";"Sensitivity | Current policies | Removed diesel efficiency gains";"Electricity"
"OPEX";"Electricity";"FR";"Electricity Price";"Rigid";"BAU";"EUR/kWh";2045;"0.07";"Sensitivity | Current policies | Removed diesel efficiency gains";"Electricity"
"OPEX";"Electricity";"FR";"Electricity Price";"Tractor-Trailer";"BAU";"EUR/kWh";2045;"0.07";"Sensitivity | Current policies | Removed diesel efficiency gains";"Electricity"
"OPEX";"Electricity";"IT";"Electricity Price";"Rigid";"BAU";"EUR/kWh";2045;"0.07";"Sensitivity | Current policies | Removed diesel efficiency gains";"Electricity"
"OPEX";"Electricity";"IT";"Electricity Price";"Tractor-Trailer";"BAU";"EUR/kWh";2045;"0.07";"Sensitivity | Current policies | Removed diesel efficiency gains";"Electricity"
"OPEX";"Electricity";"NL";"Electricity Price";"Rigid";"BAU";"EUR/kWh";2045;"0.07";"Sensitivity | Current policies | Removed diesel efficiency gains";"Electricity"
"OPEX";"Electricity";"NL";"Electricity Price";"Tractor-Trailer";"BAU";"EUR/kWh";2045;"0.07";"Sensitivity | Current policies | Removed diesel efficiency gains";"Electricity"
"OPEX";"Electricity";"PL";"Electricity Price";"Rigid";"BAU";"EUR/kWh";2045;"0.07";"Sensitivity | Current policies | Removed diesel efficiency gains";"Electricity"
"OPEX";"Electricity";"PL";"Electricity Price";"Tractor-Trailer";"BAU";"EUR/kWh";2045;"0.07";"Sensitivity | Current policies | Removed diesel efficiency gains";"Electricity"
"OPEX";"Electricity";"UK";"Electricity Price";"Rigid";"BAU";"EUR/kWh";2045;"0.07";"Sensitivity | Current policies | Removed diesel efficiency gains";"Electricity"
"OPEX";"Electricity";"UK";"Electricity Price";"Tractor-Trailer";"BAU";"EUR/kWh";2045;"0.07";"Sensitivity | Current policies | Removed diesel efficiency gains";"Electricity"
"OPEX";"Hydrogen";"DE";"Hydrogen Price";"Rigid";"BAU";"EUR/kWh";2045;"0.118";"Sensitivity | Current policies | Removed diesel efficiency gains";"Hydrogen"
"OPEX";"Hydrogen";"DE";"Hydrogen Price";"Tractor-Trailer";"BAU";"EUR/kWh";2045;"0.118";"Sensitivity | Current policies | Removed diesel efficiency gains";"Hydrogen"
"OPEX";"Hydrogen";"ES";"Hydrogen Price";"Rigid";"BAU";"EUR/kWh";2045;"0.118";"Sensitivity | Current policies | Removed diesel efficiency gains";"Hydrogen"
"OPEX";"Hydrogen";"ES";"Hydrogen Price";"Tractor-Trailer";"BAU";"EUR/kWh";2045;"0.118";"Sensitivity | Current policies | Removed diesel efficiency gains";"Hydrogen"
"OPEX";"Hydrogen";"FR";"Hydrogen Price";"Rigid";"BAU";"EUR/kWh";2045;"0.118";"Sensitivity | Current policies | Removed diesel efficiency gains";"Hydrogen"
"OPEX";"Hydrogen";"FR";"Hydrogen Price";"Tractor-Trailer";"BAU";"EUR/kWh";2045;"0.118";"Sensitivity | Current policies | Removed diesel efficiency gains";"Hydrogen"
"OPEX";"Hydrogen";"IT";"Hydrogen Price";"Rigid";"BAU";"EUR/kWh";2045;"0.118";"Sensitivity | Current policies | Removed diesel efficiency gains";"Hydrogen"
"OPEX";"Hydrogen";"IT";"Hydrogen Price";"Tractor-Trailer";"BAU";"EUR/kWh";2045;"0.118";"Sensitivity | Current policies | Removed diesel efficiency gains";"Hydrogen"
"OPEX";"Hydrogen";"NL";"Hydrogen Price";"Rigid";"BAU";"EUR/kWh";2045;"0.118";"Sensitivity | Current policies | Removed diesel efficiency gains";"Hydrogen"
"OPEX";"Hydrogen";"NL";"Hydrogen Price";"Tractor-Trailer";"BAU";"EUR/kWh";2045;"0.118";"Sensitivity | Current policies | Removed diesel efficiency gains";"Hydrogen"
"OPEX";"Hydrogen";"PL";"Hydrogen Price";"Rigid";"BAU";"EUR/kWh";2045;"0.118";"Sensitivity | Current policies | Removed diesel efficiency gains";"Hydrogen"
"OPEX";"Hydrogen";"PL";"Hydrogen Price";"Tractor-Trailer";"BAU";"EUR/kWh";2045;"0.118";"Sensitivity | Current policies | Removed diesel efficiency gains";"Hydrogen"
"OPEX";"Hydrogen";"UK";"Hydrogen Price";"Rigid";"BAU";"EUR/kWh";2045;"0.118";"Sensitivity | Current policies | Removed diesel efficiency gains";"Hydrogen"
"OPEX";"Hydrogen";"UK";"Hydrogen Price";"Tractor-Trailer";"BAU";"EUR/kWh";2045;"0.118";"Sensitivity | Current policies | Removed diesel efficiency gains";"Hydrogen"
"OPEX";"Diesel";"FR";"Biodiesel Price";"Rigid";"BAU";"EUR/kWh";2050;"0.152";"Sensitivity | Current policies | Removed diesel efficiency gains";"Diesel"
"OPEX";"Diesel";"FR";"Biodiesel Price";"Tractor-Trailer";"BAU";"EUR/kWh";2050;"0.152";"Sensitivity | Current policies | Removed diesel efficiency gains";"Diesel"
"OPEX";"Diesel";"DE";"Biodiesel Price";"Rigid";"BAU";"EUR/kWh";2050;"0.152";"Sensitivity | Current policies | Removed diesel efficiency gains";"Diesel"
"OPEX";"Diesel";"DE";"Biodiesel Price";"Tractor-Trailer";"BAU";"EUR/kWh";2050;"0.152";"Sensitivity | Current policies | Removed diesel efficiency gains";"Diesel"
"OPEX";"Diesel";"ES";"Biodiesel Price";"Rigid";"BAU";"EUR/kWh";2050;"0.152";"Sensitivity | Current policies | Removed diesel efficiency gains";"Diesel"
"OPEX";"Diesel";"ES";"Biodiesel Price";"Tractor-Trailer";"BAU";"EUR/kWh";2050;"0.152";"Sensitivity | Current policies | Removed diesel efficiency gains";"Diesel"
"OPEX";"Diesel";"IT";"Biodiesel Price";"Rigid";"BAU";"EUR/kWh";2050;"0.152";"Sensitivity | Current policies | Removed diesel efficiency gains";"Diesel"
"OPEX";"Diesel";"IT";"Biodiesel Price";"Tractor-Trailer";"BAU";"EUR/kWh";2050;"0.152";"Sensitivity | Current policies | Removed diesel efficiency gains";"Diesel"
"OPEX";"Diesel";"NL";"Biodiesel Price";"Rigid";"BAU";"EUR/kWh";2050;"0.152";"Sensitivity | Current policies | Removed diesel efficiency gains";"Diesel"
"OPEX";"Diesel";"NL";"Biodiesel Price";"Tractor-Trailer";"BAU";"EUR/kWh";2050;"0.152";"Sensitivity | Current policies | Removed diesel efficiency gains";"Diesel"
"OPEX";"Diesel";"PL";"Biodiesel Price";"Rigid";"BAU";"EUR/kWh";2050;"0.152";"Sensitivity | Current policies | Removed diesel efficiency gains";"Diesel"
"OPEX";"Diesel";"PL";"Biodiesel Price";"Tractor-Trailer";"BAU";"EUR/kWh";2050;"0.152";"Sensitivity | Current policies | Removed diesel efficiency gains";"Diesel"
"OPEX";"Diesel";"UK";"Biodiesel Price";"Rigid";"BAU";"EUR/kWh";2050;"0.152";"Sensitivity | Current policies | Removed diesel efficiency gains";"Diesel"
"OPEX";"Diesel";"UK";"Biodiesel Price";"Tractor-Trailer";"BAU";"EUR/kWh";2050;"0.152";"Sensitivity | Current policies | Removed diesel efficiency gains";"Diesel"
"OPEX";"Diesel";"DE";"Pt-Diesel Price";"Rigid";"BAU";"EUR/kWh";2050;"0.175";"Sensitivity | Current policies | Removed diesel efficiency gains";"Diesel"
"OPEX";"Diesel";"DE";"Pt-Diesel Price";"Tractor-Trailer";"BAU";"EUR/kWh";2050;"0.175";"Sensitivity | Current policies | Removed diesel efficiency gains";"Diesel"
"OPEX";"Diesel";"ES";"Pt-Diesel Price";"Rigid";"BAU";"EUR/kWh";2050;"0.175";"Sensitivity | Current policies | Removed diesel efficiency gains";"Diesel"
"OPEX";"Diesel";"ES";"Pt-Diesel Price";"Tractor-Trailer";"BAU";"EUR/kWh";2050;"0.175";"Sensitivity | Current policies | Removed diesel efficiency gains";"Diesel"
"OPEX";"Diesel";"FR";"Pt-Diesel Price";"Rigid";"BAU";"EUR/kWh";2050;"0.175";"Sensitivity | Current policies | Removed diesel efficiency gains";"Diesel"
"OPEX";"Diesel";"FR";"Pt-Diesel Price";"Tractor-Trailer";"BAU";"EUR/kWh";2050;"0.175";"Sensitivity | Current policies | Removed diesel efficiency gains";"Diesel"
"OPEX";"Diesel";"IT";"Pt-Diesel Price";"Rigid";"BAU";"EUR/kWh";2050;"0.175";"Sensitivity | Current policies | Removed diesel efficiency gains";"Diesel"
"OPEX";"Diesel";"IT";"Pt-Diesel Price";"Tractor-Trailer";"BAU";"EUR/kWh";2050;"0.175";"Sensitivity | Current policies | Removed diesel efficiency gains";"Diesel"
"OPEX";"Diesel";"NL";"Pt-Diesel Price";"Rigid";"BAU";"EUR/kWh";2050;"0.175";"Sensitivity | Current policies | Removed diesel efficiency gains";"Diesel"
"OPEX";"Diesel";"NL";"Pt-Diesel Price";"Tractor-Trailer";"BAU";"EUR/kWh";2050;"0.175";"Sensitivity | Current policies | Removed diesel efficiency gains";"Diesel"
"OPEX";"Diesel";"PL";"Pt-Diesel Price";"Rigid";"BAU";"EUR/kWh";2050;"0.175";"Sensitivity | Current policies | Removed diesel efficiency gains";"Diesel"
"OPEX";"Diesel";"PL";"Pt-Diesel Price";"Tractor-Trailer";"BAU";"EUR/kWh";2050;"0.175";"Sensitivity | Current policies | Removed diesel efficiency gains";"Diesel"
"OPEX";"Diesel";"UK";"Pt-Diesel Price";"Rigid";"BAU";"EUR/kWh";2050;"0.175";"Sensitivity | Current policies | Removed diesel efficiency gains";"Diesel"
"OPEX";"Diesel";"UK";"Pt-Diesel Price";"Tractor-Trailer";"BAU";"EUR/kWh";2050;"0.175";"Sensitivity | Current policies | Removed diesel efficiency gains";"Diesel"
"OPEX";"Electricity";"DE";"Electricity Price";"Rigid";"BAU";"EUR/kWh";2050;"0.07";"Sensitivity | Current policies | Removed diesel efficiency gains";"Electricity"
"OPEX";"Electricity";"DE";"Electricity Price";"Tractor-Trailer";"BAU";"EUR/kWh";2050;"0.07";"Sensitivity | Current policies | Removed diesel efficiency gains";"Electricity"
"OPEX";"Electricity";"ES";"Electricity Price";"Rigid";"BAU";"EUR/kWh";2050;"0.07";"Sensitivity | Current policies | Removed diesel efficiency gains";"Electricity"
"OPEX";"Electricity";"ES";"Electricity Price";"Tractor-Trailer";"BAU";"EUR/kWh";2050;"0.07";"Sensitivity | Current policies | Removed diesel efficiency gains";"Electricity"
"OPEX";"Electricity";"FR";"Electricity Price";"Rigid";"BAU";"EUR/kWh";2050;"0.07";"Sensitivity | Current policies | Removed diesel efficiency gains";"Electricity"
"OPEX";"Electricity";"FR";"Electricity Price";"Tractor-Trailer";"BAU";"EUR/kWh";2050;"0.07";"Sensitivity | Current policies | Removed diesel efficiency gains";"Electricity"
"OPEX";"Electricity";"IT";"Electricity Price";"Rigid";"BAU";"EUR/kWh";2050;"0.07";"Sensitivity | Current policies | Removed diesel efficiency gains";"Electricity"
"OPEX";"Electricity";"IT";"Electricity Price";"Tractor-Trailer";"BAU";"EUR/kWh";2050;"0.07";"Sensitivity | Current policies | Removed diesel efficiency gains";"Electricity"
"OPEX";"Electricity";"NL";"Electricity Price";"Rigid";"BAU";"EUR/kWh";2050;"0.07";"Sensitivity | Current policies | Removed diesel efficiency gains";"Electricity"
"OPEX";"Electricity";"NL";"Electricity Price";"Tractor-Trailer";"BAU";"EUR/kWh";2050;"0.07";"Sensitivity | Current policies | Removed diesel efficiency gains";"Electricity"
"OPEX";"Electricity";"PL";"Electricity Price";"Rigid";"BAU";"EUR/kWh";2050;"0.07";"Sensitivity | Current policies | Removed diesel efficiency gains";"Electricity"
"OPEX";"Electricity";"PL";"Electricity Price";"Tractor-Trailer";"BAU";"EUR/kWh";2050;"0.07";"Sensitivity | Current policies | Removed diesel efficiency gains";"Electricity"
"OPEX";"Electricity";"UK";"Electricity Price";"Rigid";"BAU";"EUR/kWh";2050;"0.07";"Sensitivity | Current policies | Removed diesel efficiency gains";"Electricity"
"OPEX";"Electricity";"UK";"Electricity Price";"Tractor-Trailer";"BAU";"EUR/kWh";2050;"0.07";"Sensitivity | Current policies | Removed diesel efficiency gains";"Electricity"
"OPEX";"Hydrogen";"DE";"Hydrogen Price";"Rigid";"BAU";"EUR/kWh";2050;"0.101";"Sensitivity | Current policies | Removed diesel efficiency gains";"Hydrogen"
"OPEX";"Hydrogen";"DE";"Hydrogen Price";"Tractor-Trailer";"BAU";"EUR/kWh";2050;"0.101";"Sensitivity | Current policies | Removed diesel efficiency gains";"Hydrogen"
"OPEX";"Hydrogen";"ES";"Hydrogen Price";"Rigid";"BAU";"EUR/kWh";2050;"0.101";"Sensitivity | Current policies | Removed diesel efficiency gains";"Hydrogen"
"OPEX";"Hydrogen";"ES";"Hydrogen Price";"Tractor-Trailer";"BAU";"EUR/kWh";2050;"0.101";"Sensitivity | Current policies | Removed diesel efficiency gains";"Hydrogen"
"OPEX";"Hydrogen";"FR";"Hydrogen Price";"Rigid";"BAU";"EUR/kWh";2050;"0.101";"Sensitivity | Current policies | Removed diesel efficiency gains";"Hydrogen"
"OPEX";"Hydrogen";"FR";"Hydrogen Price";"Tractor-Trailer";"BAU";"EUR/kWh";2050;"0.101";"Sensitivity | Current policies | Removed diesel efficiency gains";"Hydrogen"
"OPEX";"Hydrogen";"IT";"Hydrogen Price";"Rigid";"BAU";"EUR/kWh";2050;"0.101";"Sensitivity | Current policies | Removed diesel efficiency gains";"Hydrogen"
"OPEX";"Hydrogen";"IT";"Hydrogen Price";"Tractor-Trailer";"BAU";"EUR/kWh";2050;"0.101";"Sensitivity | Current policies | Removed diesel efficiency gains";"Hydrogen"
"OPEX";"Hydrogen";"NL";"Hydrogen Price";"Rigid";"BAU";"EUR/kWh";2050;"0.101";"Sensitivity | Current policies | Removed diesel efficiency gains";"Hydrogen"
"OPEX";"Hydrogen";"NL";"Hydrogen Price";"Tractor-Trailer";"BAU";"EUR/kWh";2050;"0.101";"Sensitivity | Current policies | Removed diesel efficiency gains";"Hydrogen"
"OPEX";"Hydrogen";"PL";"Hydrogen Price";"Rigid";"BAU";"EUR/kWh";2050;"0.101";"Sensitivity | Current policies | Removed diesel efficiency gains";"Hydrogen"
"OPEX";"Hydrogen";"PL";"Hydrogen Price";"Tractor-Trailer";"BAU";"EUR/kWh";2050;"0.101";"Sensitivity | Current policies | Removed diesel efficiency gains";"Hydrogen"
"OPEX";"Hydrogen";"UK";"Hydrogen Price";"Rigid";"BAU";"EUR/kWh";2050;"0.101";"Sensitivity | Current policies | Removed diesel efficiency gains";"Hydrogen"
"OPEX";"Hydrogen";"UK";"Hydrogen Price";"Tractor-Trailer";"BAU";"EUR/kWh";2050;"0.101";"Sensitivity | Current policies | Removed diesel efficiency gains";"Hydrogen"
"OPEX";"Diesel";"DE";"Share Biodiesel";"Rigid";"BAU";"%";2030;"0.14";"Sensitivity | Current policies | Removed diesel efficiency gains";"Diesel"
"OPEX";"Diesel";"DE";"Share Biodiesel";"Tractor-Trailer";"BAU";"%";2030;"0.14";"Sensitivity | Current policies | Removed diesel efficiency gains";"Diesel"
"OPEX";"Diesel";"ES";"Share Biodiesel";"Rigid";"BAU";"%";2030;"0.14";"Sensitivity | Current policies | Removed diesel efficiency gains";"Diesel"
"OPEX";"Diesel";"ES";"Share Biodiesel";"Tractor-Trailer";"BAU";"%";2030;"0.14";"Sensitivity | Current policies | Removed diesel efficiency gains";"Diesel"
"OPEX";"Diesel";"FR";"Share Biodiesel";"Rigid";"BAU";"%";2030;"0.14";"Sensitivity | Current policies | Removed diesel efficiency gains";"Diesel"
"OPEX";"Diesel";"FR";"Share Biodiesel";"Tractor-Trailer";"BAU";"%";2030;"0.14";"Sensitivity | Current policies | Removed diesel efficiency gains";"Diesel"
"OPEX";"Diesel";"IT";"Share Biodiesel";"Rigid";"BAU";"%";2030;"0.14";"Sensitivity | Current policies | Removed diesel efficiency gains";"Diesel"
"OPEX";"Diesel";"IT";"Share Biodiesel";"Tractor-Trailer";"BAU";"%";2030;"0.14";"Sensitivity | Current policies | Removed diesel efficiency gains";"Diesel"
"OPEX";"Diesel";"NL";"Share Biodiesel";"Rigid";"BAU";"%";2030;"0.14";"Sensitivity | Current policies | Removed diesel efficiency gains";"Diesel"
"OPEX";"Diesel";"NL";"Share Biodiesel";"Tractor-Trailer";"BAU";"%";2030;"0.14";"Sensitivity | Current policies | Removed diesel efficiency gains";"Diesel"
"OPEX";"Diesel";"PL";"Share Biodiesel";"Rigid";"BAU";"%";2030;"0.14";"Sensitivity | Current policies | Removed diesel efficiency gains";"Diesel"
"OPEX";"Diesel";"PL";"Share Biodiesel";"Tractor-Trailer";"BAU";"%";2030;"0.14";"Sensitivity | Current policies | Removed diesel efficiency gains";"Diesel"
"OPEX";"Diesel";"UK";"Share Biodiesel";"Rigid";"BAU";"%";2030;"0.14";"Sensitivity | Current policies | Removed diesel efficiency gains";"Diesel"
"OPEX";"Diesel";"UK";"Share Biodiesel";"Tractor-Trailer";"BAU";"%";2030;"0.14";"Sensitivity | Current policies | Removed diesel efficiency gains";"Diesel"
"OPEX";"Diesel";"DE";"Share Biodiesel";"Rigid";"BAU";"%";2035;"0.23";"Sensitivity | Current policies | Removed diesel efficiency gains";"Diesel"
"OPEX";"Diesel";"DE";"Share Biodiesel";"Tractor-Trailer";"BAU";"%";2035;"0.23";"Sensitivity | Current policies | Removed diesel efficiency gains";"Diesel"
"OPEX";"Diesel";"ES";"Share Biodiesel";"Rigid";"BAU";"%";2035;"0.23";"Sensitivity | Current policies | Removed diesel efficiency gains";"Diesel"
"OPEX";"Diesel";"ES";"Share Biodiesel";"Tractor-Trailer";"BAU";"%";2035;"0.23";"Sensitivity | Current policies | Removed diesel efficiency gains";"Diesel"
"OPEX";"Diesel";"FR";"Share Biodiesel";"Rigid";"BAU";"%";2035;"0.23";"Sensitivity | Current policies | Removed diesel efficiency gains";"Diesel"
"OPEX";"Diesel";"FR";"Share Biodiesel";"Tractor-Trailer";"BAU";"%";2035;"0.23";"Sensitivity | Current policies | Removed diesel efficiency gains";"Diesel"
"OPEX";"Diesel";"IT";"Share Biodiesel";"Rigid";"BAU";"%";2035;"0.23";"Sensitivity | Current policies | Removed diesel efficiency gains";"Diesel"
"OPEX";"Diesel";"IT";"Share Biodiesel";"Tractor-Trailer";"BAU";"%";2035;"0.23";"Sensitivity | Current policies | Removed diesel efficiency gains";"Diesel"
"OPEX";"Diesel";"NL";"Share Biodiesel";"Rigid";"BAU";"%";2035;"0.23";"Sensitivity | Current policies | Removed diesel efficiency gains";"Diesel"
"OPEX";"Diesel";"NL";"Share Biodiesel";"Tractor-Trailer";"BAU";"%";2035;"0.23";"Sensitivity | Current policies | Removed diesel efficiency gains";"Diesel"
"OPEX";"Diesel";"PL";"Share Biodiesel";"Rigid";"BAU";"%";2035;"0.23";"Sensitivity | Current policies | Removed diesel efficiency gains";"Diesel"
"OPEX";"Diesel";"PL";"Share Biodiesel";"Tractor-Trailer";"BAU";"%";2035;"0.23";"Sensitivity | Current policies | Removed diesel efficiency gains";"Diesel"
"OPEX";"Diesel";"UK";"Share Biodiesel";"Rigid";"BAU";"%";2035;"0.23";"Sensitivity | Current policies | Removed diesel efficiency gains";"Diesel"
"OPEX";"Diesel";"UK";"Share Biodiesel";"Tractor-Trailer";"BAU";"%";2035;"0.23";"Sensitivity | Current policies | Removed diesel efficiency gains";"Diesel"
"OPEX";"Diesel";"DE";"Share Biodiesel";"Rigid";"BAU";"%";2040;"0.45";"Sensitivity | Current policies | Removed diesel efficiency gains";"Diesel"
"OPEX";"Diesel";"DE";"Share Biodiesel";"Tractor-Trailer";"BAU";"%";2040;"0.45";"Sensitivity | Current policies | Removed diesel efficiency gains";"Diesel"
"OPEX";"Diesel";"ES";"Share Biodiesel";"Rigid";"BAU";"%";2040;"0.45";"Sensitivity | Current policies | Removed diesel efficiency gains";"Diesel"
"OPEX";"Diesel";"ES";"Share Biodiesel";"Tractor-Trailer";"BAU";"%";2040;"0.45";"Sensitivity | Current policies | Removed diesel efficiency gains";"Diesel"
"OPEX";"Diesel";"FR";"Share Biodiesel";"Rigid";"BAU";"%";2040;"0.45";"Sensitivity | Current policies | Removed diesel efficiency gains";"Diesel"
"OPEX";"Diesel";"FR";"Share Biodiesel";"Tractor-Trailer";"BAU";"%";2040;"0.45";"Sensitivity | Current policies | Removed diesel efficiency gains";"Diesel"
"OPEX";"Diesel";"IT";"Share Biodiesel";"Rigid";"BAU";"%";2040;"0.45";"Sensitivity | Current policies | Removed diesel efficiency gains";"Diesel"
"OPEX";"Diesel";"IT";"Share Biodiesel";"Tractor-Trailer";"BAU";"%";2040;"0.45";"Sensitivity | Current policies | Removed diesel efficiency gains";"Diesel"
"OPEX";"Diesel";"NL";"Share Biodiesel";"Rigid";"BAU";"%";2040;"0.45";"Sensitivity | Current policies | Removed diesel efficiency gains";"Diesel"
"OPEX";"Diesel";"NL";"Share Biodiesel";"Tractor-Trailer";"BAU";"%";2040;"0.45";"Sensitivity | Current policies | Removed diesel efficiency gains";"Diesel"
"OPEX";"Diesel";"PL";"Share Biodiesel";"Rigid";"BAU";"%";2040;"0.45";"Sensitivity | Current policies | Removed diesel efficiency gains";"Diesel"
"OPEX";"Diesel";"PL";"Share Biodiesel";"Tractor-Trailer";"BAU";"%";2040;"0.45";"Sensitivity | Current policies | Removed diesel efficiency gains";"Diesel"
"OPEX";"Diesel";"UK";"Share Biodiesel";"Rigid";"BAU";"%";2040;"0.45";"Sensitivity | Current policies | Removed diesel efficiency gains";"Diesel"
"OPEX";"Diesel";"UK";"Share Biodiesel";"Tractor-Trailer";"BAU";"%";2040;"0.45";"Sensitivity | Current policies | Removed diesel efficiency gains";"Diesel"
"OPEX";"Diesel";"DE";"Share Biodiesel";"Rigid";"BAU";"%";2045;"0.53";"Sensitivity | Current policies | Removed diesel efficiency gains";"Diesel"
"OPEX";"Diesel";"DE";"Share Biodiesel";"Tractor-Trailer";"BAU";"%";2045;"0.53";"Sensitivity | Current policies | Removed diesel efficiency gains";"Diesel"
"OPEX";"Diesel";"ES";"Share Biodiesel";"Rigid";"BAU";"%";2045;"0.53";"Sensitivity | Current policies | Removed diesel efficiency gains";"Diesel"
"OPEX";"Diesel";"ES";"Share Biodiesel";"Tractor-Trailer";"BAU";"%";2045;"0.53";"Sensitivity | Current policies | Removed diesel efficiency gains";"Diesel"
"OPEX";"Diesel";"FR";"Share Biodiesel";"Rigid";"BAU";"%";2045;"0.53";"Sensitivity | Current policies | Removed diesel efficiency gains";"Diesel"
"OPEX";"Diesel";"FR";"Share Biodiesel";"Tractor-Trailer";"BAU";"%";2045;"0.53";"Sensitivity | Current policies | Removed diesel efficiency gains";"Diesel"
"OPEX";"Diesel";"IT";"Share Biodiesel";"Rigid";"BAU";"%";2045;"0.53";"Sensitivity | Current policies | Removed diesel efficiency gains";"Diesel"
"OPEX";"Diesel";"IT";"Share Biodiesel";"Tractor-Trailer";"BAU";"%";2045;"0.53";"Sensitivity | Current policies | Removed diesel efficiency gains";"Diesel"
"OPEX";"Diesel";"NL";"Share Biodiesel";"Rigid";"BAU";"%";2045;"0.53";"Sensitivity | Current policies | Removed diesel efficiency gains";"Diesel"
"OPEX";"Diesel";"NL";"Share Biodiesel";"Tractor-Trailer";"BAU";"%";2045;"0.53";"Sensitivity | Current policies | Removed diesel efficiency gains";"Diesel"
"OPEX";"Diesel";"PL";"Share Biodiesel";"Rigid";"BAU";"%";2045;"0.53";"Sensitivity | Current policies | Removed diesel efficiency gains";"Diesel"
"OPEX";"Diesel";"PL";"Share Biodiesel";"Tractor-Trailer";"BAU";"%";2045;"0.53";"Sensitivity | Current policies | Removed diesel efficiency gains";"Diesel"
"OPEX";"Diesel";"UK";"Share Biodiesel";"Rigid";"BAU";"%";2045;"0.53";"Sensitivity | Current policies | Removed diesel efficiency gains";"Diesel"
"OPEX";"Diesel";"UK";"Share Biodiesel";"Tractor-Trailer";"BAU";"%";2045;"0.53";"Sensitivity | Current policies | Removed diesel efficiency gains";"Diesel"
"OPEX";"Diesel";"DE";"Share Biodiesel";"Rigid";"BAU";"%";2050;"0.51";"Sensitivity | Current policies | Removed diesel efficiency gains";"Diesel"
"OPEX";"Diesel";"DE";"Share Biodiesel";"Tractor-Trailer";"BAU";"%";2050;"0.51";"Sensitivity | Current policies | Removed diesel efficiency gains";"Diesel"
"OPEX";"Diesel";"ES";"Share Biodiesel";"Rigid";"BAU";"%";2050;"0.51";"Sensitivity | Current policies | Removed diesel efficiency gains";"Diesel"
"OPEX";"Diesel";"ES";"Share Biodiesel";"Tractor-Trailer";"BAU";"%";2050;"0.51";"Sensitivity | Current policies | Removed diesel efficiency gains";"Diesel"
"OPEX";"Diesel";"FR";"Share Biodiesel";"Rigid";"BAU";"%";2050;"0.51";"Sensitivity | Current policies | Removed diesel efficiency gains";"Diesel"
"OPEX";"Diesel";"FR";"Share Biodiesel";"Tractor-Trailer";"BAU";"%";2050;"0.51";"Sensitivity | Current policies | Removed diesel efficiency gains";"Diesel"
"OPEX";"Diesel";"IT";"Share Biodiesel";"Rigid";"BAU";"%";2050;"0.51";"Sensitivity | Current policies | Removed diesel efficiency gains";"Diesel"
"OPEX";"Diesel";"IT";"Share Biodiesel";"Tractor-Trailer";"BAU";"%";2050;"0.51";"Sensitivity | Current policies | Removed diesel efficiency gains";"Diesel"
"OPEX";"Diesel";"NL";"Share Biodiesel";"Rigid";"BAU";"%";2050;"0.51";"Sensitivity | Current policies | Removed diesel efficiency gains";"Diesel"
"OPEX";"Diesel";"NL";"Share Biodiesel";"Tractor-Trailer";"BAU";"%";2050;"0.51";"Sensitivity | Current policies | Removed diesel efficiency gains";"Diesel"
"OPEX";"Diesel";"PL";"Share Biodiesel";"Rigid";"BAU";"%";2050;"0.51";"Sensitivity | Current policies | Removed diesel efficiency gains";"Diesel"
"OPEX";"Diesel";"PL";"Share Biodiesel";"Tractor-Trailer";"BAU";"%";2050;"0.51";"Sensitivity | Current policies | Removed diesel efficiency gains";"Diesel"
"OPEX";"Diesel";"UK";"Share Biodiesel";"Rigid";"BAU";"%";2050;"0.51";"Sensitivity | Current policies | Removed diesel efficiency gains";"Diesel"
"OPEX";"Diesel";"UK";"Share Biodiesel";"Tractor-Trailer";"BAU";"%";2050;"0.51";"Sensitivity | Current policies | Removed diesel efficiency gains";"Diesel"
"OPEX";"Diesel";"DE";"Share Biodiesel";"Rigid";"PROG";"%";2030;"0.18";"Sensitivity | Current policies | Removed diesel efficiency gains";"Diesel"
"OPEX";"Diesel";"DE";"Share Biodiesel";"Tractor-Trailer";"PROG";"%";2030;"0.18";"Sensitivity | Current policies | Removed diesel efficiency gains";"Diesel"
"OPEX";"Diesel";"ES";"Share Biodiesel";"Rigid";"PROG";"%";2030;"0.18";"Sensitivity | Current policies | Removed diesel efficiency gains";"Diesel"
"OPEX";"Diesel";"ES";"Share Biodiesel";"Tractor-Trailer";"PROG";"%";2030;"0.18";"Sensitivity | Current policies | Removed diesel efficiency gains";"Diesel"
"OPEX";"Diesel";"FR";"Share Biodiesel";"Rigid";"PROG";"%";2030;"0.18";"Sensitivity | Current policies | Removed diesel efficiency gains";"Diesel"
"OPEX";"Diesel";"FR";"Share Biodiesel";"Tractor-Trailer";"PROG";"%";2030;"0.18";"Sensitivity | Current policies | Removed diesel efficiency gains";"Diesel"
"OPEX";"Diesel";"IT";"Share Biodiesel";"Rigid";"PROG";"%";2030;"0.18";"Sensitivity | Current policies | Removed diesel efficiency gains";"Diesel"
"OPEX";"Diesel";"IT";"Share Biodiesel";"Tractor-Trailer";"PROG";"%";2030;"0.18";"Sensitivity | Current policies | Removed diesel efficiency gains";"Diesel"
"OPEX";"Diesel";"NL";"Share Biodiesel";"Rigid";"PROG";"%";2030;"0.18";"Sensitivity | Current policies | Removed diesel efficiency gains";"Diesel"
"OPEX";"Diesel";"NL";"Share Biodiesel";"Tractor-Trailer";"PROG";"%";2030;"0.18";"Sensitivity | Current policies | Removed diesel efficiency gains";"Diesel"
"OPEX";"Diesel";"PL";"Share Biodiesel";"Rigid";"PROG";"%";2030;"0.18";"Sensitivity | Current policies | Removed diesel efficiency gains";"Diesel"
"OPEX";"Diesel";"PL";"Share Biodiesel";"Tractor-Trailer";"PROG";"%";2030;"0.18";"Sensitivity | Current policies | Removed diesel efficiency gains";"Diesel"
"OPEX";"Diesel";"UK";"Share Biodiesel";"Rigid";"PROG";"%";2030;"0.18";"Sensitivity | Current policies | Removed diesel efficiency gains";"Diesel"
"OPEX";"Diesel";"UK";"Share Biodiesel";"Tractor-Trailer";"PROG";"%";2030;"0.18";"Sensitivity | Current policies | Removed diesel efficiency gains";"Diesel"
"OPEX";"Diesel";"DE";"Share Biodiesel";"Rigid";"PROG";"%";2035;"0.24";"Sensitivity | Current policies | Removed diesel efficiency gains";"Diesel"
"OPEX";"Diesel";"DE";"Share Biodiesel";"Tractor-Trailer";"PROG";"%";2035;"0.24";"Sensitivity | Current policies | Removed diesel efficiency gains";"Diesel"
"OPEX";"Diesel";"ES";"Share Biodiesel";"Rigid";"PROG";"%";2035;"0.24";"Sensitivity | Current policies | Removed diesel efficiency gains";"Diesel"
"OPEX";"Diesel";"ES";"Share Biodiesel";"Tractor-Trailer";"PROG";"%";2035;"0.24";"Sensitivity | Current policies | Removed diesel efficiency gains";"Diesel"
"OPEX";"Diesel";"FR";"Share Biodiesel";"Rigid";"PROG";"%";2035;"0.24";"Sensitivity | Current policies | Removed diesel efficiency gains";"Diesel"
"OPEX";"Diesel";"FR";"Share Biodiesel";"Tractor-Trailer";"PROG";"%";2035;"0.24";"Sensitivity | Current policies | Removed diesel efficiency gains";"Diesel"
"OPEX";"Diesel";"IT";"Share Biodiesel";"Rigid";"PROG";"%";2035;"0.24";"Sensitivity | Current policies | Removed diesel efficiency gains";"Diesel"
"OPEX";"Diesel";"IT";"Share Biodiesel";"Tractor-Trailer";"PROG";"%";2035;"0.24";"Sensitivity | Current policies | Removed diesel efficiency gains";"Diesel"
"OPEX";"Diesel";"NL";"Share Biodiesel";"Rigid";"PROG";"%";2035;"0.24";"Sensitivity | Current policies | Removed diesel efficiency gains";"Diesel"
"OPEX";"Diesel";"NL";"Share Biodiesel";"Tractor-Trailer";"PROG";"%";2035;"0.24";"Sensitivity | Current policies | Removed diesel efficiency gains";"Diesel"
"OPEX";"Diesel";"PL";"Share Biodiesel";"Rigid";"PROG";"%";2035;"0.24";"Sensitivity | Current policies | Removed diesel efficiency gains";"Diesel"
"OPEX";"Diesel";"PL";"Share Biodiesel";"Tractor-Trailer";"PROG";"%";2035;"0.24";"Sensitivity | Current policies | Removed diesel efficiency gains";"Diesel"
"OPEX";"Diesel";"UK";"Share Biodiesel";"Rigid";"PROG";"%";2035;"0.24";"Sensitivity | Current policies | Removed diesel efficiency gains";"Diesel"
"OPEX";"Diesel";"UK";"Share Biodiesel";"Tractor-Trailer";"PROG";"%";2035;"0.24";"Sensitivity | Current policies | Removed diesel efficiency gains";"Diesel"
"OPEX";"Diesel";"DE";"Share Biodiesel";"Rigid";"PROG";"%";2040;"0.32";"Sensitivity | Current policies | Removed diesel efficiency gains";"Diesel"
"OPEX";"Diesel";"DE";"Share Biodiesel";"Tractor-Trailer";"PROG";"%";2040;"0.32";"Sensitivity | Current policies | Removed diesel efficiency gains";"Diesel"
"OPEX";"Diesel";"ES";"Share Biodiesel";"Rigid";"PROG";"%";2040;"0.32";"Sensitivity | Current policies | Removed diesel efficiency gains";"Diesel"
"OPEX";"Diesel";"ES";"Share Biodiesel";"Tractor-Trailer";"PROG";"%";2040;"0.32";"Sensitivity | Current policies | Removed diesel efficiency gains";"Diesel"
"OPEX";"Diesel";"FR";"Share Biodiesel";"Rigid";"PROG";"%";2040;"0.32";"Sensitivity | Current policies | Removed diesel efficiency gains";"Diesel"
"OPEX";"Diesel";"FR";"Share Biodiesel";"Tractor-Trailer";"PROG";"%";2040;"0.32";"Sensitivity | Current policies | Removed diesel efficiency gains";"Diesel"
"OPEX";"Diesel";"IT";"Share Biodiesel";"Rigid";"PROG";"%";2040;"0.32";"Sensitivity | Current policies | Removed diesel efficiency gains";"Diesel"
"OPEX";"Diesel";"IT";"Share Biodiesel";"Tractor-Trailer";"PROG";"%";2040;"0.32";"Sensitivity | Current policies | Removed diesel efficiency gains";"Diesel"
"OPEX";"Diesel";"NL";"Share Biodiesel";"Rigid";"PROG";"%";2040;"0.32";"Sensitivity | Current policies | Removed diesel efficiency gains";"Diesel"
"OPEX";"Diesel";"NL";"Share Biodiesel";"Tractor-Trailer";"PROG";"%";2040;"0.32";"Sensitivity | Current policies | Removed diesel efficiency gains";"Diesel"
"OPEX";"Diesel";"PL";"Share Biodiesel";"Rigid";"PROG";"%";2040;"0.32";"Sensitivity | Current policies | Removed diesel efficiency gains";"Diesel"
"OPEX";"Diesel";"PL";"Share Biodiesel";"Tractor-Trailer";"PROG";"%";2040;"0.32";"Sensitivity | Current policies | Removed diesel efficiency gains";"Diesel"
"OPEX";"Diesel";"UK";"Share Biodiesel";"Rigid";"PROG";"%";2040;"0.32";"Sensitivity | Current policies | Removed diesel efficiency gains";"Diesel"
"OPEX";"Diesel";"UK";"Share Biodiesel";"Tractor-Trailer";"PROG";"%";2040;"0.32";"Sensitivity | Current policies | Removed diesel efficiency gains";"Diesel"
"OPEX";"Diesel";"DE";"Share Biodiesel";"Rigid";"PROG";"%";2045;"0.35";"Sensitivity | Current policies | Removed diesel efficiency gains";"Diesel"
"OPEX";"Diesel";"DE";"Share Biodiesel";"Tractor-Trailer";"PROG";"%";2045;"0.35";"Sensitivity | Current policies | Removed diesel efficiency gains";"Diesel"
"OPEX";"Diesel";"ES";"Share Biodiesel";"Rigid";"PROG";"%";2045;"0.35";"Sensitivity | Current policies | Removed diesel efficiency gains";"Diesel"
"OPEX";"Diesel";"ES";"Share Biodiesel";"Tractor-Trailer";"PROG";"%";2045;"0.35";"Sensitivity | Current policies | Removed diesel efficiency gains";"Diesel"
"OPEX";"Diesel";"FR";"Share Biodiesel";"Rigid";"PROG";"%";2045;"0.35";"Sensitivity | Current policies | Removed diesel efficiency gains";"Diesel"
"OPEX";"Diesel";"FR";"Share Biodiesel";"Tractor-Trailer";"PROG";"%";2045;"0.35";"Sensitivity | Current policies | Removed diesel efficiency gains";"Diesel"
"OPEX";"Diesel";"IT";"Share Biodiesel";"Rigid";"PROG";"%";2045;"0.35";"Sensitivity | Current policies | Removed diesel efficiency gains";"Diesel"
"OPEX";"Diesel";"IT";"Share Biodiesel";"Tractor-Trailer";"PROG";"%";2045;"0.35";"Sensitivity | Current policies | Removed diesel efficiency gains";"Diesel"
"OPEX";"Diesel";"NL";"Share Biodiesel";"Rigid";"PROG";"%";2045;"0.35";"Sensitivity | Current policies | Removed diesel efficiency gains";"Diesel"
"OPEX";"Diesel";"NL";"Share Biodiesel";"Tractor-Trailer";"PROG";"%";2045;"0.35";"Sensitivity | Current policies | Removed diesel efficiency gains";"Diesel"
"OPEX";"Diesel";"PL";"Share Biodiesel";"Rigid";"PROG";"%";2045;"0.35";"Sensitivity | Current policies | Removed diesel efficiency gains";"Diesel"
"OPEX";"Diesel";"PL";"Share Biodiesel";"Tractor-Trailer";"PROG";"%";2045;"0.35";"Sensitivity | Current policies | Removed diesel efficiency gains";"Diesel"
"OPEX";"Diesel";"UK";"Share Biodiesel";"Rigid";"PROG";"%";2045;"0.35";"Sensitivity | Current policies | Removed diesel efficiency gains";"Diesel"
"OPEX";"Diesel";"UK";"Share Biodiesel";"Tractor-Trailer";"PROG";"%";2045;"0.35";"Sensitivity | Current policies | Removed diesel efficiency gains";"Diesel"
"OPEX";"Diesel";"DE";"Share Biodiesel";"Rigid";"PROG";"%";2050;"0.33";"Sensitivity | Current policies | Removed diesel efficiency gains";"Diesel"
"OPEX";"Diesel";"DE";"Share Biodiesel";"Tractor-Trailer";"PROG";"%";2050;"0.33";"Sensitivity | Current policies | Removed diesel efficiency gains";"Diesel"
"OPEX";"Diesel";"ES";"Share Biodiesel";"Rigid";"PROG";"%";2050;"0.33";"Sensitivity | Current policies | Removed diesel efficiency gains";"Diesel"
"OPEX";"Diesel";"ES";"Share Biodiesel";"Tractor-Trailer";"PROG";"%";2050;"0.33";"Sensitivity | Current policies | Removed diesel efficiency gains";"Diesel"
"OPEX";"Diesel";"FR";"Share Biodiesel";"Rigid";"PROG";"%";2050;"0.33";"Sensitivity | Current policies | Removed diesel efficiency gains";"Diesel"
"OPEX";"Diesel";"FR";"Share Biodiesel";"Tractor-Trailer";"PROG";"%";2050;"0.33";"Sensitivity | Current policies | Removed diesel efficiency gains";"Diesel"
"OPEX";"Diesel";"IT";"Share Biodiesel";"Rigid";"PROG";"%";2050;"0.33";"Sensitivity | Current policies | Removed diesel efficiency gains";"Diesel"
"OPEX";"Diesel";"IT";"Share Biodiesel";"Tractor-Trailer";"PROG";"%";2050;"0.33";"Sensitivity | Current policies | Removed diesel efficiency gains";"Diesel"
"OPEX";"Diesel";"NL";"Share Biodiesel";"Rigid";"PROG";"%";2050;"0.33";"Sensitivity | Current policies | Removed diesel efficiency gains";"Diesel"
"OPEX";"Diesel";"NL";"Share Biodiesel";"Tractor-Trailer";"PROG";"%";2050;"0.33";"Sensitivity | Current policies | Removed diesel efficiency gains";"Diesel"
"OPEX";"Diesel";"PL";"Share Biodiesel";"Rigid";"PROG";"%";2050;"0.33";"Sensitivity | Current policies | Removed diesel efficiency gains";"Diesel"
"OPEX";"Diesel";"PL";"Share Biodiesel";"Tractor-Trailer";"PROG";"%";2050;"0.33";"Sensitivity | Current policies | Removed diesel efficiency gains";"Diesel"
"OPEX";"Diesel";"UK";"Share Biodiesel";"Rigid";"PROG";"%";2050;"0.33";"Sensitivity | Current policies | Removed diesel efficiency gains";"Diesel"
"OPEX";"Diesel";"UK";"Share Biodiesel";"Tractor-Trailer";"PROG";"%";2050;"0.33";"Sensitivity | Current policies | Removed diesel efficiency gains";"Diesel"
"OPEX";"Diesel";"DE";"Share Synthetic Diesel (E-Fuels)";"Rigid";"BAU";"%";2030;"0";"Sensitivity | Current policies | Removed diesel efficiency gains";"Diesel"
"OPEX";"Diesel";"DE";"Share Synthetic Diesel (E-Fuels)";"Tractor-Trailer";"BAU";"%";2030;"0";"Sensitivity | Current policies | Removed diesel efficiency gains";"Diesel"
"OPEX";"Diesel";"ES";"Share Synthetic Diesel (E-Fuels)";"Rigid";"BAU";"%";2030;"0";"Sensitivity | Current policies | Removed diesel efficiency gains";"Diesel"
"OPEX";"Diesel";"ES";"Share Synthetic Diesel (E-Fuels)";"Tractor-Trailer";"BAU";"%";2030;"0";"Sensitivity | Current policies | Removed diesel efficiency gains";"Diesel"
"OPEX";"Diesel";"FR";"Share Synthetic Diesel (E-Fuels)";"Rigid";"BAU";"%";2030;"0";"Sensitivity | Current policies | Removed diesel efficiency gains";"Diesel"
"OPEX";"Diesel";"FR";"Share Synthetic Diesel (E-Fuels)";"Tractor-Trailer";"BAU";"%";2030;"0";"Sensitivity | Current policies | Removed diesel efficiency gains";"Diesel"
"OPEX";"Diesel";"IT";"Share Synthetic Diesel (E-Fuels)";"Rigid";"BAU";"%";2030;"0";"Sensitivity | Current policies | Removed diesel efficiency gains";"Diesel"
"OPEX";"Diesel";"IT";"Share Synthetic Diesel (E-Fuels)";"Tractor-Trailer";"BAU";"%";2030;"0";"Sensitivity | Current policies | Removed diesel efficiency gains";"Diesel"
"OPEX";"Diesel";"NL";"Share Synthetic Diesel (E-Fuels)";"Rigid";"BAU";"%";2030;"0";"Sensitivity | Current policies | Removed diesel efficiency gains";"Diesel"
"OPEX";"Diesel";"NL";"Share Synthetic Diesel (E-Fuels)";"Tractor-Trailer";"BAU";"%";2030;"0";"Sensitivity | Current policies | Removed diesel efficiency gains";"Diesel"
"OPEX";"Diesel";"PL";"Share Synthetic Diesel (E-Fuels)";"Rigid";"BAU";"%";2030;"0";"Sensitivity | Current policies | Removed diesel efficiency gains";"Diesel"
"OPEX";"Diesel";"PL";"Share Synthetic Diesel (E-Fuels)";"Tractor-Trailer";"BAU";"%";2030;"0";"Sensitivity | Current policies | Removed diesel efficiency gains";"Diesel"
"OPEX";"Diesel";"UK";"Share Synthetic Diesel (E-Fuels)";"Rigid";"BAU";"%";2030;"0";"Sensitivity | Current policies | Removed diesel efficiency gains";"Diesel"
"OPEX";"Diesel";"UK";"Share Synthetic Diesel (E-Fuels)";"Tractor-Trailer";"BAU";"%";2030;"0";"Sensitivity | Current policies | Removed diesel efficiency gains";"Diesel"
"OPEX";"Diesel";"DE";"Share Synthetic Diesel (E-Fuels)";"Rigid";"BAU";"%";2035;"0";"Sensitivity | Current policies | Removed diesel efficiency gains";"Diesel"
"OPEX";"Diesel";"DE";"Share Synthetic Diesel (E-Fuels)";"Tractor-Trailer";"BAU";"%";2035;"0";"Sensitivity | Current policies | Removed diesel efficiency gains";"Diesel"
"OPEX";"Diesel";"ES";"Share Synthetic Diesel (E-Fuels)";"Rigid";"BAU";"%";2035;"0";"Sensitivity | Current policies | Removed diesel efficiency gains";"Diesel"
"OPEX";"Diesel";"ES";"Share Synthetic Diesel (E-Fuels)";"Tractor-Trailer";"BAU";"%";2035;"0";"Sensitivity | Current policies | Removed diesel efficiency gains";"Diesel"
"OPEX";"Diesel";"FR";"Share Synthetic Diesel (E-Fuels)";"Rigid";"BAU";"%";2035;"0";"Sensitivity | Current policies | Removed diesel efficiency gains";"Diesel"
"OPEX";"Diesel";"FR";"Share Synthetic Diesel (E-Fuels)";"Tractor-Trailer";"BAU";"%";2035;"0";"Sensitivity | Current policies | Removed diesel efficiency gains";"Diesel"
"OPEX";"Diesel";"IT";"Share Synthetic Diesel (E-Fuels)";"Rigid";"BAU";"%";2035;"0";"Sensitivity | Current policies | Removed diesel efficiency gains";"Diesel"
"OPEX";"Diesel";"IT";"Share Synthetic Diesel (E-Fuels)";"Tractor-Trailer";"BAU";"%";2035;"0";"Sensitivity | Current policies | Removed diesel efficiency gains";"Diesel"
"OPEX";"Diesel";"NL";"Share Synthetic Diesel (E-Fuels)";"Rigid";"BAU";"%";2035;"0";"Sensitivity | Current policies | Removed diesel efficiency gains";"Diesel"
"OPEX";"Diesel";"NL";"Share Synthetic Diesel (E-Fuels)";"Tractor-Trailer";"BAU";"%";2035;"0";"Sensitivity | Current policies | Removed diesel efficiency gains";"Diesel"
"OPEX";"Diesel";"PL";"Share Synthetic Diesel (E-Fuels)";"Rigid";"BAU";"%";2035;"0";"Sensitivity | Current policies | Removed diesel efficiency gains";"Diesel"
"OPEX";"Diesel";"PL";"Share Synthetic Diesel (E-Fuels)";"Tractor-Trailer";"BAU";"%";2035;"0";"Sensitivity | Current policies | Removed diesel efficiency gains";"Diesel"
"OPEX";"Diesel";"UK";"Share Synthetic Diesel (E-Fuels)";"Rigid";"BAU";"%";2035;"0";"Sensitivity | Current policies | Removed diesel efficiency gains";"Diesel"
"OPEX";"Diesel";"UK";"Share Synthetic Diesel (E-Fuels)";"Tractor-Trailer";"BAU";"%";2035;"0";"Sensitivity | Current policies | Removed diesel efficiency gains";"Diesel"
"OPEX";"Diesel";"DE";"Share Synthetic Diesel (E-Fuels)";"Rigid";"BAU";"%";2040;"0.2";"Sensitivity | Current policies | Removed diesel efficiency gains";"Diesel"
"OPEX";"Diesel";"DE";"Share Synthetic Diesel (E-Fuels)";"Tractor-Trailer";"BAU";"%";2040;"0.2";"Sensitivity | Current policies | Removed diesel efficiency gains";"Diesel"
"OPEX";"Diesel";"ES";"Share Synthetic Diesel (E-Fuels)";"Rigid";"BAU";"%";2040;"0.2";"Sensitivity | Current policies | Removed diesel efficiency gains";"Diesel"
"OPEX";"Diesel";"ES";"Share Synthetic Diesel (E-Fuels)";"Tractor-Trailer";"BAU";"%";2040;"0.2";"Sensitivity | Current policies | Removed diesel efficiency gains";"Diesel"
"OPEX";"Diesel";"FR";"Share Synthetic Diesel (E-Fuels)";"Rigid";"BAU";"%";2040;"0.2";"Sensitivity | Current policies | Removed diesel efficiency gains";"Diesel"
"OPEX";"Diesel";"FR";"Share Synthetic Diesel (E-Fuels)";"Tractor-Trailer";"BAU";"%";2040;"0.2";"Sensitivity | Current policies | Removed diesel efficiency gains";"Diesel"
"OPEX";"Diesel";"IT";"Share Synthetic Diesel (E-Fuels)";"Rigid";"BAU";"%";2040;"0.2";"Sensitivity | Current policies | Removed diesel efficiency gains";"Diesel"
"OPEX";"Diesel";"IT";"Share Synthetic Diesel (E-Fuels)";"Tractor-Trailer";"BAU";"%";2040;"0.2";"Sensitivity | Current policies | Removed diesel efficiency gains";"Diesel"
"OPEX";"Diesel";"NL";"Share Synthetic Diesel (E-Fuels)";"Rigid";"BAU";"%";2040;"0.2";"Sensitivity | Current policies | Removed diesel efficiency gains";"Diesel"
"OPEX";"Diesel";"NL";"Share Synthetic Diesel (E-Fuels)";"Tractor-Trailer";"BAU";"%";2040;"0.2";"Sensitivity | Current policies | Removed diesel efficiency gains";"Diesel"
"OPEX";"Diesel";"PL";"Share Synthetic Diesel (E-Fuels)";"Rigid";"BAU";"%";2040;"0.2";"Sensitivity | Current policies | Removed diesel efficiency gains";"Diesel"
"OPEX";"Diesel";"PL";"Share Synthetic Diesel (E-Fuels)";"Tractor-Trailer";"BAU";"%";2040;"0.2";"Sensitivity | Current policies | Removed diesel efficiency gains";"Diesel"
"OPEX";"Diesel";"UK";"Share Synthetic Diesel (E-Fuels)";"Rigid";"BAU";"%";2040;"0.2";"Sensitivity | Current policies | Removed diesel efficiency gains";"Diesel"
"OPEX";"Diesel";"UK";"Share Synthetic Diesel (E-Fuels)";"Tractor-Trailer";"BAU";"%";2040;"0.2";"Sensitivity | Current policies | Removed diesel efficiency gains";"Diesel"
"OPEX";"Diesel";"DE";"Share Synthetic Diesel (E-Fuels)";"Rigid";"BAU";"%";2045;"0.47";"Sensitivity | Current policies | Removed diesel efficiency gains";"Diesel"
"OPEX";"Diesel";"DE";"Share Synthetic Diesel (E-Fuels)";"Tractor-Trailer";"BAU";"%";2045;"0.47";"Sensitivity | Current policies | Removed diesel efficiency gains";"Diesel"
"OPEX";"Diesel";"ES";"Share Synthetic Diesel (E-Fuels)";"Rigid";"BAU";"%";2045;"0.47";"Sensitivity | Current policies | Removed diesel efficiency gains";"Diesel"
"OPEX";"Diesel";"ES";"Share Synthetic Diesel (E-Fuels)";"Tractor-Trailer";"BAU";"%";2045;"0.47";"Sensitivity | Current policies | Removed diesel efficiency gains";"Diesel"
"OPEX";"Diesel";"FR";"Share Synthetic Diesel (E-Fuels)";"Rigid";"BAU";"%";2045;"0.47";"Sensitivity | Current policies | Removed diesel efficiency gains";"Diesel"
"OPEX";"Diesel";"FR";"Share Synthetic Diesel (E-Fuels)";"Tractor-Trailer";"BAU";"%";2045;"0.47";"Sensitivity | Current policies | Removed diesel efficiency gains";"Diesel"
"OPEX";"Diesel";"IT";"Share Synthetic Diesel (E-Fuels)";"Rigid";"BAU";"%";2045;"0.47";"Sensitivity | Current policies | Removed diesel efficiency gains";"Diesel"
"OPEX";"Diesel";"IT";"Share Synthetic Diesel (E-Fuels)";"Tractor-Trailer";"BAU";"%";2045;"0.47";"Sensitivity | Current policies | Removed diesel efficiency gains";"Diesel"
"OPEX";"Diesel";"NL";"Share Synthetic Diesel (E-Fuels)";"Rigid";"BAU";"%";2045;"0.47";"Sensitivity | Current policies | Removed diesel efficiency gains";"Diesel"
"OPEX";"Diesel";"NL";"Share Synthetic Diesel (E-Fuels)";"Tractor-Trailer";"BAU";"%";2045;"0.47";"Sensitivity | Current policies | Removed diesel efficiency gains";"Diesel"
"OPEX";"Diesel";"PL";"Share Synthetic Diesel (E-Fuels)";"Rigid";"BAU";"%";2045;"0.47";"Sensitivity | Current policies | Removed diesel efficiency gains";"Diesel"
"OPEX";"Diesel";"PL";"Share Synthetic Diesel (E-Fuels)";"Tractor-Trailer";"BAU";"%";2045;"0.47";"Sensitivity | Current policies | Removed diesel efficiency gains";"Diesel"
"OPEX";"Diesel";"UK";"Share Synthetic Diesel (E-Fuels)";"Rigid";"BAU";"%";2045;"0.47";"Sensitivity | Current policies | Removed diesel efficiency gains";"Diesel"
"OPEX";"Diesel";"UK";"Share Synthetic Diesel (E-Fuels)";"Tractor-Trailer";"BAU";"%";2045;"0.47";"Sensitivity | Current policies | Removed diesel efficiency gains";"Diesel"
"OPEX";"Diesel";"DE";"Share Synthetic Diesel (E-Fuels)";"Rigid";"BAU";"%";2050;"0.49";"Sensitivity | Current policies | Removed diesel efficiency gains";"Diesel"
"OPEX";"Diesel";"DE";"Share Synthetic Diesel (E-Fuels)";"Tractor-Trailer";"BAU";"%";2050;"0.49";"Sensitivity | Current policies | Removed diesel efficiency gains";"Diesel"
"OPEX";"Diesel";"ES";"Share Synthetic Diesel (E-Fuels)";"Rigid";"BAU";"%";2050;"0.49";"Sensitivity | Current policies | Removed diesel efficiency gains";"Diesel"
"OPEX";"Diesel";"ES";"Share Synthetic Diesel (E-Fuels)";"Tractor-Trailer";"BAU";"%";2050;"0.49";"Sensitivity | Current policies | Removed diesel efficiency gains";"Diesel"
"OPEX";"Diesel";"FR";"Share Synthetic Diesel (E-Fuels)";"Rigid";"BAU";"%";2050;"0.49";"Sensitivity | Current policies | Removed diesel efficiency gains";"Diesel"
"OPEX";"Diesel";"FR";"Share Synthetic Diesel (E-Fuels)";"Tractor-Trailer";"BAU";"%";2050;"0.49";"Sensitivity | Current policies | Removed diesel efficiency gains";"Diesel"
"OPEX";"Diesel";"IT";"Share Synthetic Diesel (E-Fuels)";"Rigid";"BAU";"%";2050;"0.49";"Sensitivity | Current policies | Removed diesel efficiency gains";"Diesel"
"OPEX";"Diesel";"IT";"Share Synthetic Diesel (E-Fuels)";"Tractor-Trailer";"BAU";"%";2050;"0.49";"Sensitivity | Current policies | Removed diesel efficiency gains";"Diesel"
"OPEX";"Diesel";"NL";"Share Synthetic Diesel (E-Fuels)";"Rigid";"BAU";"%";2050;"0.49";"Sensitivity | Current policies | Removed diesel efficiency gains";"Diesel"
"OPEX";"Diesel";"NL";"Share Synthetic Diesel (E-Fuels)";"Tractor-Trailer";"BAU";"%";2050;"0.49";"Sensitivity | Current policies | Removed diesel efficiency gains";"Diesel"
"OPEX";"Diesel";"PL";"Share Synthetic Diesel (E-Fuels)";"Rigid";"BAU";"%";2050;"0.49";"Sensitivity | Current policies | Removed diesel efficiency gains";"Diesel"
"OPEX";"Diesel";"PL";"Share Synthetic Diesel (E-Fuels)";"Tractor-Trailer";"BAU";"%";2050;"0.49";"Sensitivity | Current policies | Removed diesel efficiency gains";"Diesel"
"OPEX";"Diesel";"UK";"Share Synthetic Diesel (E-Fuels)";"Rigid";"BAU";"%";2050;"0.49";"Sensitivity | Current policies | Removed diesel efficiency gains";"Diesel"
"OPEX";"Diesel";"UK";"Share Synthetic Diesel (E-Fuels)";"Tractor-Trailer";"BAU";"%";2050;"0.49";"Sensitivity | Current policies | Removed diesel efficiency gains";"Diesel"
"OPEX";"Diesel";"DE";"Share Synthetic Diesel (E-Fuels)";"Rigid";"PROG";"%";2030;"0.01";"Sensitivity | Current policies | Removed diesel efficiency gains";"Diesel"
"OPEX";"Diesel";"DE";"Share Synthetic Diesel (E-Fuels)";"Tractor-Trailer";"PROG";"%";2030;"0.01";"Sensitivity | Current policies | Removed diesel efficiency gains";"Diesel"
"OPEX";"Diesel";"ES";"Share Synthetic Diesel (E-Fuels)";"Rigid";"PROG";"%";2030;"0.01";"Sensitivity | Current policies | Removed diesel efficiency gains";"Diesel"
"OPEX";"Diesel";"ES";"Share Synthetic Diesel (E-Fuels)";"Tractor-Trailer";"PROG";"%";2030;"0.01";"Sensitivity | Current policies | Removed diesel efficiency gains";"Diesel"
"OPEX";"Diesel";"FR";"Share Synthetic Diesel (E-Fuels)";"Rigid";"PROG";"%";2030;"0.01";"Sensitivity | Current policies | Removed diesel efficiency gains";"Diesel"
"OPEX";"Diesel";"FR";"Share Synthetic Diesel (E-Fuels)";"Tractor-Trailer";"PROG";"%";2030;"0.01";"Sensitivity | Current policies | Removed diesel efficiency gains";"Diesel"
"OPEX";"Diesel";"IT";"Share Synthetic Diesel (E-Fuels)";"Rigid";"PROG";"%";2030;"0.01";"Sensitivity | Current policies | Removed diesel efficiency gains";"Diesel"
"OPEX";"Diesel";"IT";"Share Synthetic Diesel (E-Fuels)";"Tractor-Trailer";"PROG";"%";2030;"0.01";"Sensitivity | Current policies | Removed diesel efficiency gains";"Diesel"
"OPEX";"Diesel";"NL";"Share Synthetic Diesel (E-Fuels)";"Rigid";"PROG";"%";2030;"0.01";"Sensitivity | Current policies | Removed diesel efficiency gains";"Diesel"
"OPEX";"Diesel";"NL";"Share Synthetic Diesel (E-Fuels)";"Tractor-Trailer";"PROG";"%";2030;"0.01";"Sensitivity | Current policies | Removed diesel efficiency gains";"Diesel"
"OPEX";"Diesel";"PL";"Share Synthetic Diesel (E-Fuels)";"Rigid";"PROG";"%";2030;"0.01";"Sensitivity | Current policies | Removed diesel efficiency gains";"Diesel"
"OPEX";"Diesel";"PL";"Share Synthetic Diesel (E-Fuels)";"Tractor-Trailer";"PROG";"%";2030;"0.01";"Sensitivity | Current policies | Removed diesel efficiency gains";"Diesel"
"OPEX";"Diesel";"UK";"Share Synthetic Diesel (E-Fuels)";"Rigid";"PROG";"%";2030;"0.01";"Sensitivity | Current policies | Removed diesel efficiency gains";"Diesel"
"OPEX";"Diesel";"UK";"Share Synthetic Diesel (E-Fuels)";"Tractor-Trailer";"PROG";"%";2030;"0.01";"Sensitivity | Current policies | Removed diesel efficiency gains";"Diesel"
"OPEX";"Diesel";"DE";"Share Synthetic Diesel (E-Fuels)";"Rigid";"PROG";"%";2035;"0.12";"Sensitivity | Current policies | Removed diesel efficiency gains";"Diesel"
"OPEX";"Diesel";"DE";"Share Synthetic Diesel (E-Fuels)";"Tractor-Trailer";"PROG";"%";2035;"0.12";"Sensitivity | Current policies | Removed diesel efficiency gains";"Diesel"
"OPEX";"Diesel";"ES";"Share Synthetic Diesel (E-Fuels)";"Rigid";"PROG";"%";2035;"0.12";"Sensitivity | Current policies | Removed diesel efficiency gains";"Diesel"
"OPEX";"Diesel";"ES";"Share Synthetic Diesel (E-Fuels)";"Tractor-Trailer";"PROG";"%";2035;"0.12";"Sensitivity | Current policies | Removed diesel efficiency gains";"Diesel"
"OPEX";"Diesel";"FR";"Share Synthetic Diesel (E-Fuels)";"Rigid";"PROG";"%";2035;"0.12";"Sensitivity | Current policies | Removed diesel efficiency gains";"Diesel"
"OPEX";"Diesel";"FR";"Share Synthetic Diesel (E-Fuels)";"Tractor-Trailer";"PROG";"%";2035;"0.12";"Sensitivity | Current policies | Removed diesel efficiency gains";"Diesel"
"OPEX";"Diesel";"IT";"Share Synthetic Diesel (E-Fuels)";"Rigid";"PROG";"%";2035;"0.12";"Sensitivity | Current policies | Removed diesel efficiency gains";"Diesel"
"OPEX";"Diesel";"IT";"Share Synthetic Diesel (E-Fuels)";"Tractor-Trailer";"PROG";"%";2035;"0.12";"Sensitivity | Current policies | Removed diesel efficiency gains";"Diesel"
"OPEX";"Diesel";"NL";"Share Synthetic Diesel (E-Fuels)";"Rigid";"PROG";"%";2035;"0.12";"Sensitivity | Current policies | Removed diesel efficiency gains";"Diesel"
"OPEX";"Diesel";"NL";"Share Synthetic Diesel (E-Fuels)";"Tractor-Trailer";"PROG";"%";2035;"0.12";"Sensitivity | Current policies | Removed diesel efficiency gains";"Diesel"
"OPEX";"Diesel";"PL";"Share Synthetic Diesel (E-Fuels)";"Rigid";"PROG";"%";2035;"0.12";"Sensitivity | Current policies | Removed diesel efficiency gains";"Diesel"
"OPEX";"Diesel";"PL";"Share Synthetic Diesel (E-Fuels)";"Tractor-Trailer";"PROG";"%";2035;"0.12";"Sensitivity | Current policies | Removed diesel efficiency gains";"Diesel"
"OPEX";"Diesel";"UK";"Share Synthetic Diesel (E-Fuels)";"Rigid";"PROG";"%";2035;"0.12";"Sensitivity | Current policies | Removed diesel efficiency gains";"Diesel"
"OPEX";"Diesel";"UK";"Share Synthetic Diesel (E-Fuels)";"Tractor-Trailer";"PROG";"%";2035;"0.12";"Sensitivity | Current policies | Removed diesel efficiency gains";"Diesel"
"OPEX";"Diesel";"DE";"Share Synthetic Diesel (E-Fuels)";"Rigid";"PROG";"%";2040;"0.45";"Sensitivity | Current policies | Removed diesel efficiency gains";"Diesel"
"OPEX";"Diesel";"DE";"Share Synthetic Diesel (E-Fuels)";"Tractor-Trailer";"PROG";"%";2040;"0.45";"Sensitivity | Current policies | Removed diesel efficiency gains";"Diesel"
"OPEX";"Diesel";"ES";"Share Synthetic Diesel (E-Fuels)";"Rigid";"PROG";"%";2040;"0.45";"Sensitivity | Current policies | Removed diesel efficiency gains";"Diesel"
"OPEX";"Diesel";"ES";"Share Synthetic Diesel (E-Fuels)";"Tractor-Trailer";"PROG";"%";2040;"0.45";"Sensitivity | Current policies | Removed diesel efficiency gains";"Diesel"
"OPEX";"Diesel";"FR";"Share Synthetic Diesel (E-Fuels)";"Rigid";"PROG";"%";2040;"0.45";"Sensitivity | Current policies | Removed diesel efficiency gains";"Diesel"
"OPEX";"Diesel";"FR";"Share Synthetic Diesel (E-Fuels)";"Tractor-Trailer";"PROG";"%";2040;"0.45";"Sensitivity | Current policies | Removed diesel efficiency gains";"Diesel"
"OPEX";"Diesel";"IT";"Share Synthetic Diesel (E-Fuels)";"Rigid";"PROG";"%";2040;"0.45";"Sensitivity | Current policies | Removed diesel efficiency gains";"Diesel"
"OPEX";"Diesel";"IT";"Share Synthetic Diesel (E-Fuels)";"Tractor-Trailer";"PROG";"%";2040;"0.45";"Sensitivity | Current policies | Removed diesel efficiency gains";"Diesel"
"OPEX";"Diesel";"NL";"Share Synthetic Diesel (E-Fuels)";"Rigid";"PROG";"%";2040;"0.45";"Sensitivity | Current policies | Removed diesel efficiency gains";"Diesel"
"OPEX";"Diesel";"NL";"Share Synthetic Diesel (E-Fuels)";"Tractor-Trailer";"PROG";"%";2040;"0.45";"Sensitivity | Current policies | Removed diesel efficiency gains";"Diesel"
"OPEX";"Diesel";"PL";"Share Synthetic Diesel (E-Fuels)";"Rigid";"PROG";"%";2040;"0.45";"Sensitivity | Current policies | Removed diesel efficiency gains";"Diesel"
"OPEX";"Diesel";"PL";"Share Synthetic Diesel (E-Fuels)";"Tractor-Trailer";"PROG";"%";2040;"0.45";"Sensitivity | Current policies | Removed diesel efficiency gains";"Diesel"
"OPEX";"Diesel";"UK";"Share Synthetic Diesel (E-Fuels)";"Rigid";"PROG";"%";2040;"0.45";"Sensitivity | Current policies | Removed diesel efficiency gains";"Diesel"
"OPEX";"Diesel";"UK";"Share Synthetic Diesel (E-Fuels)";"Tractor-Trailer";"PROG";"%";2040;"0.45";"Sensitivity | Current policies | Removed diesel efficiency gains";"Diesel"
"OPEX";"Diesel";"DE";"Share Synthetic Diesel (E-Fuels)";"Rigid";"PROG";"%";2045;"0.65";"Sensitivity | Current policies | Removed diesel efficiency gains";"Diesel"
"OPEX";"Diesel";"DE";"Share Synthetic Diesel (E-Fuels)";"Tractor-Trailer";"PROG";"%";2045;"0.65";"Sensitivity | Current policies | Removed diesel efficiency gains";"Diesel"
"OPEX";"Diesel";"ES";"Share Synthetic Diesel (E-Fuels)";"Rigid";"PROG";"%";2045;"0.65";"Sensitivity | Current policies | Removed diesel efficiency gains";"Diesel"
"OPEX";"Diesel";"ES";"Share Synthetic Diesel (E-Fuels)";"Tractor-Trailer";"PROG";"%";2045;"0.65";"Sensitivity | Current policies | Removed diesel efficiency gains";"Diesel"
"OPEX";"Diesel";"FR";"Share Synthetic Diesel (E-Fuels)";"Rigid";"PROG";"%";2045;"0.65";"Sensitivity | Current policies | Removed diesel efficiency gains";"Diesel"
"OPEX";"Diesel";"FR";"Share Synthetic Diesel (E-Fuels)";"Tractor-Trailer";"PROG";"%";2045;"0.65";"Sensitivity | Current policies | Removed diesel efficiency gains";"Diesel"
"OPEX";"Diesel";"IT";"Share Synthetic Diesel (E-Fuels)";"Rigid";"PROG";"%";2045;"0.65";"Sensitivity | Current policies | Removed diesel efficiency gains";"Diesel"
"OPEX";"Diesel";"IT";"Share Synthetic Diesel (E-Fuels)";"Tractor-Trailer";"PROG";"%";2045;"0.65";"Sensitivity | Current policies | Removed diesel efficiency gains";"Diesel"
"OPEX";"Diesel";"NL";"Share Synthetic Diesel (E-Fuels)";"Rigid";"PROG";"%";2045;"0.65";"Sensitivity | Current policies | Removed diesel efficiency gains";"Diesel"
"OPEX";"Diesel";"NL";"Share Synthetic Diesel (E-Fuels)";"Tractor-Trailer";"PROG";"%";2045;"0.65";"Sensitivity | Current policies | Removed diesel efficiency gains";"Diesel"
"OPEX";"Diesel";"PL";"Share Synthetic Diesel (E-Fuels)";"Rigid";"PROG";"%";2045;"0.65";"Sensitivity | Current policies | Removed diesel efficiency gains";"Diesel"
"OPEX";"Diesel";"PL";"Share Synthetic Diesel (E-Fuels)";"Tractor-Trailer";"PROG";"%";2045;"0.65";"Sensitivity | Current policies | Removed diesel efficiency gains";"Diesel"
"OPEX";"Diesel";"UK";"Share Synthetic Diesel (E-Fuels)";"Rigid";"PROG";"%";2045;"0.65";"Sensitivity | Current policies | Removed diesel efficiency gains";"Diesel"
"OPEX";"Diesel";"UK";"Share Synthetic Diesel (E-Fuels)";"Tractor-Trailer";"PROG";"%";2045;"0.65";"Sensitivity | Current policies | Removed diesel efficiency gains";"Diesel"
"OPEX";"Diesel";"DE";"Share Synthetic Diesel (E-Fuels)";"Rigid";"PROG";"%";2050;"0.67";"Sensitivity | Current policies | Removed diesel efficiency gains";"Diesel"
"OPEX";"Diesel";"DE";"Share Synthetic Diesel (E-Fuels)";"Tractor-Trailer";"PROG";"%";2050;"0.67";"Sensitivity | Current policies | Removed diesel efficiency gains";"Diesel"
"OPEX";"Diesel";"ES";"Share Synthetic Diesel (E-Fuels)";"Rigid";"PROG";"%";2050;"0.67";"Sensitivity | Current policies | Removed diesel efficiency gains";"Diesel"
"OPEX";"Diesel";"ES";"Share Synthetic Diesel (E-Fuels)";"Tractor-Trailer";"PROG";"%";2050;"0.67";"Sensitivity | Current policies | Removed diesel efficiency gains";"Diesel"
"OPEX";"Diesel";"FR";"Share Synthetic Diesel (E-Fuels)";"Rigid";"PROG";"%";2050;"0.67";"Sensitivity | Current policies | Removed diesel efficiency gains";"Diesel"
"OPEX";"Diesel";"FR";"Share Synthetic Diesel (E-Fuels)";"Tractor-Trailer";"PROG";"%";2050;"0.67";"Sensitivity | Current policies | Removed diesel efficiency gains";"Diesel"
"OPEX";"Diesel";"IT";"Share Synthetic Diesel (E-Fuels)";"Rigid";"PROG";"%";2050;"0.67";"Sensitivity | Current policies | Removed diesel efficiency gains";"Diesel"
"OPEX";"Diesel";"IT";"Share Synthetic Diesel (E-Fuels)";"Tractor-Trailer";"PROG";"%";2050;"0.67";"Sensitivity | Current policies | Removed diesel efficiency gains";"Diesel"
"OPEX";"Diesel";"NL";"Share Synthetic Diesel (E-Fuels)";"Rigid";"PROG";"%";2050;"0.67";"Sensitivity | Current policies | Removed diesel efficiency gains";"Diesel"
"OPEX";"Diesel";"NL";"Share Synthetic Diesel (E-Fuels)";"Tractor-Trailer";"PROG";"%";2050;"0.67";"Sensitivity | Current policies | Removed diesel efficiency gains";"Diesel"
"OPEX";"Diesel";"PL";"Share Synthetic Diesel (E-Fuels)";"Rigid";"PROG";"%";2050;"0.67";"Sensitivity | Current policies | Removed diesel efficiency gains";"Diesel"
"OPEX";"Diesel";"PL";"Share Synthetic Diesel (E-Fuels)";"Tractor-Trailer";"PROG";"%";2050;"0.67";"Sensitivity | Current policies | Removed diesel efficiency gains";"Diesel"
"OPEX";"Diesel";"UK";"Share Synthetic Diesel (E-Fuels)";"Rigid";"PROG";"%";2050;"0.67";"Sensitivity | Current policies | Removed diesel efficiency gains";"Diesel"
"OPEX";"Diesel";"UK";"Share Synthetic Diesel (E-Fuels)";"Tractor-Trailer";"PROG";"%";2050;"0.67";"Sensitivity | Current policies | Removed diesel efficiency gains";"Diesel"
"OPEX";"Taxes";"DE";"Non-ETS CO2";"Rigid";"BAU";"EUR/tCO2";2030;"160";"Sensitivity | Current policies | Removed diesel efficiency gains";"Diesel"
"OPEX";"Taxes";"DE";"Non-ETS CO2";"Tractor-Trailer";"BAU";"EUR/tCO2";2030;"160";"Sensitivity | Current policies | Removed diesel efficiency gains";"Diesel"
"OPEX";"Taxes";"DE";"Non-ETS CO2";"Rigid";"PROG";"EUR/tCO2";2030;"160";"Sensitivity | Current policies | Removed diesel efficiency gains";"Diesel"
"OPEX";"Taxes";"DE";"Non-ETS CO2";"Tractor-Trailer";"PROG";"EUR/tCO2";2030;"160";"Sensitivity | Current policies | Removed diesel efficiency gains";"Diesel"
"OPEX";"Taxes";"ES";"Non-ETS CO2";"Rigid";"BAU";"EUR/tCO2";2030;"160";"Sensitivity | Current policies | Removed diesel efficiency gains";"Diesel"
"OPEX";"Taxes";"ES";"Non-ETS CO2";"Tractor-Trailer";"BAU";"EUR/tCO2";2030;"160";"Sensitivity | Current policies | Removed diesel efficiency gains";"Diesel"
"OPEX";"Taxes";"ES";"Non-ETS CO2";"Rigid";"PROG";"EUR/tCO2";2030;"160";"Sensitivity | Current policies | Removed diesel efficiency gains";"Diesel"
"OPEX";"Taxes";"ES";"Non-ETS CO2";"Tractor-Trailer";"PROG";"EUR/tCO2";2030;"160";"Sensitivity | Current policies | Removed diesel efficiency gains";"Diesel"
"OPEX";"Taxes";"FR";"Non-ETS CO2";"Rigid";"BAU";"EUR/tCO2";2030;"160";"Sensitivity | Current policies | Removed diesel efficiency gains";"Diesel"
"OPEX";"Taxes";"FR";"Non-ETS CO2";"Tractor-Trailer";"BAU";"EUR/tCO2";2030;"160";"Sensitivity | Current policies | Removed diesel efficiency gains";"Diesel"
"OPEX";"Taxes";"FR";"Non-ETS CO2";"Rigid";"PROG";"EUR/tCO2";2030;"160";"Sensitivity | Current policies | Removed diesel efficiency gains";"Diesel"
"OPEX";"Taxes";"FR";"Non-ETS CO2";"Tractor-Trailer";"PROG";"EUR/tCO2";2030;"160";"Sensitivity | Current policies | Removed diesel efficiency gains";"Diesel"
"OPEX";"Taxes";"IT";"Non-ETS CO2";"Rigid";"BAU";"EUR/tCO2";2030;"160";"Sensitivity | Current policies | Removed diesel efficiency gains";"Diesel"
"OPEX";"Taxes";"IT";"Non-ETS CO2";"Tractor-Trailer";"BAU";"EUR/tCO2";2030;"160";"Sensitivity | Current policies | Removed diesel efficiency gains";"Diesel"
"OPEX";"Taxes";"IT";"Non-ETS CO2";"Rigid";"PROG";"EUR/tCO2";2030;"160";"Sensitivity | Current policies | Removed diesel efficiency gains";"Diesel"
"OPEX";"Taxes";"IT";"Non-ETS CO2";"Tractor-Trailer";"PROG";"EUR/tCO2";2030;"160";"Sensitivity | Current policies | Removed diesel efficiency gains";"Diesel"
"OPEX";"Taxes";"NL";"Non-ETS CO2";"Rigid";"BAU";"EUR/tCO2";2030;"160";"Sensitivity | Current policies | Removed diesel efficiency gains";"Diesel"
"OPEX";"Taxes";"NL";"Non-ETS CO2";"Tractor-Trailer";"BAU";"EUR/tCO2";2030;"160";"Sensitivity | Current policies | Removed diesel efficiency gains";"Diesel"
"OPEX";"Taxes";"NL";"Non-ETS CO2";"Rigid";"PROG";"EUR/tCO2";2030;"160";"Sensitivity | Current policies | Removed diesel efficiency gains";"Diesel"
"OPEX";"Taxes";"NL";"Non-ETS CO2";"Tractor-Trailer";"PROG";"EUR/tCO2";2030;"160";"Sensitivity | Current policies | Removed diesel efficiency gains";"Diesel"
"OPEX";"Taxes";"PL";"Non-ETS CO2";"Rigid";"BAU";"EUR/tCO2";2030;"160";"Sensitivity | Current policies | Removed diesel efficiency gains";"Diesel"
"OPEX";"Taxes";"PL";"Non-ETS CO2";"Tractor-Trailer";"BAU";"EUR/tCO2";2030;"160";"Sensitivity | Current policies | Removed diesel efficiency gains";"Diesel"
"OPEX";"Taxes";"PL";"Non-ETS CO2";"Rigid";"PROG";"EUR/tCO2";2030;"160";"Sensitivity | Current policies | Removed diesel efficiency gains";"Diesel"
"OPEX";"Taxes";"PL";"Non-ETS CO2";"Tractor-Trailer";"PROG";"EUR/tCO2";2030;"160";"Sensitivity | Current policies | Removed diesel efficiency gains";"Diesel"
"OPEX";"Taxes";"UK";"Non-ETS CO2";"Rigid";"BAU";"EUR/tCO2";2030;"160";"Sensitivity | Current policies | Removed diesel efficiency gains";"Diesel"
"OPEX";"Taxes";"UK";"Non-ETS CO2";"Tractor-Trailer";"BAU";"EUR/tCO2";2030;"160";"Sensitivity | Current policies | Removed diesel efficiency gains";"Diesel"
"OPEX";"Taxes";"UK";"Non-ETS CO2";"Rigid";"PROG";"EUR/tCO2";2030;"160";"Sensitivity | Current policies | Removed diesel efficiency gains";"Diesel"
"OPEX";"Taxes";"UK";"Non-ETS CO2";"Tractor-Trailer";"PROG";"EUR/tCO2";2030;"160";"Sensitivity | Current policies | Removed diesel efficiency gains";"Diesel"
"OPEX";"Taxes";"DE";"Non-ETS CO2";"Rigid";"BAU";"EUR/tCO2";2035;"250";"Sensitivity | Current policies | Removed diesel efficiency gains";"Diesel"
"OPEX";"Taxes";"DE";"Non-ETS CO2";"Tractor-Trailer";"BAU";"EUR/tCO2";2035;"250";"Sensitivity | Current policies | Removed diesel efficiency gains";"Diesel"
"OPEX";"Taxes";"DE";"Non-ETS CO2";"Rigid";"PROG";"EUR/tCO2";2035;"250";"Sensitivity | Current policies | Removed diesel efficiency gains";"Diesel"
"OPEX";"Taxes";"DE";"Non-ETS CO2";"Tractor-Trailer";"PROG";"EUR/tCO2";2035;"250";"Sensitivity | Current policies | Removed diesel efficiency gains";"Diesel"
"OPEX";"Taxes";"ES";"Non-ETS CO2";"Rigid";"BAU";"EUR/tCO2";2035;"250";"Sensitivity | Current policies | Removed diesel efficiency gains";"Diesel"
"OPEX";"Taxes";"ES";"Non-ETS CO2";"Tractor-Trailer";"BAU";"EUR/tCO2";2035;"250";"Sensitivity | Current policies | Removed diesel efficiency gains";"Diesel"
"OPEX";"Taxes";"ES";"Non-ETS CO2";"Rigid";"PROG";"EUR/tCO2";2035;"250";"Sensitivity | Current policies | Removed diesel efficiency gains";"Diesel"
"OPEX";"Taxes";"ES";"Non-ETS CO2";"Tractor-Trailer";"PROG";"EUR/tCO2";2035;"250";"Sensitivity | Current policies | Removed diesel efficiency gains";"Diesel"
"OPEX";"Taxes";"FR";"Non-ETS CO2";"Rigid";"BAU";"EUR/tCO2";2035;"250";"Sensitivity | Current policies | Removed diesel efficiency gains";"Diesel"
"OPEX";"Taxes";"FR";"Non-ETS CO2";"Tractor-Trailer";"BAU";"EUR/tCO2";2035;"250";"Sensitivity | Current policies | Removed diesel efficiency gains";"Diesel"
"OPEX";"Taxes";"FR";"Non-ETS CO2";"Rigid";"PROG";"EUR/tCO2";2035;"250";"Sensitivity | Current policies | Removed diesel efficiency gains";"Diesel"
"OPEX";"Taxes";"FR";"Non-ETS CO2";"Tractor-Trailer";"PROG";"EUR/tCO2";2035;"250";"Sensitivity | Current policies | Removed diesel efficiency gains";"Diesel"
"OPEX";"Taxes";"IT";"Non-ETS CO2";"Rigid";"BAU";"EUR/tCO2";2035;"250";"Sensitivity | Current policies | Removed diesel efficiency gains";"Diesel"
"OPEX";"Taxes";"IT";"Non-ETS CO2";"Tractor-Trailer";"BAU";"EUR/tCO2";2035;"250";"Sensitivity | Current policies | Removed diesel efficiency gains";"Diesel"
"OPEX";"Taxes";"IT";"Non-ETS CO2";"Rigid";"PROG";"EUR/tCO2";2035;"250";"Sensitivity | Current policies | Removed diesel efficiency gains";"Diesel"
"OPEX";"Taxes";"IT";"Non-ETS CO2";"Tractor-Trailer";"PROG";"EUR/tCO2";2035;"250";"Sensitivity | Current policies | Removed diesel efficiency gains";"Diesel"
"OPEX";"Taxes";"NL";"Non-ETS CO2";"Rigid";"BAU";"EUR/tCO2";2035;"250";"Sensitivity | Current policies | Removed diesel efficiency gains";"Diesel"
"OPEX";"Taxes";"NL";"Non-ETS CO2";"Tractor-Trailer";"BAU";"EUR/tCO2";2035;"250";"Sensitivity | Current policies | Removed diesel efficiency gains";"Diesel"
"OPEX";"Taxes";"NL";"Non-ETS CO2";"Rigid";"PROG";"EUR/tCO2";2035;"250";"Sensitivity | Current policies | Removed diesel efficiency gains";"Diesel"
"OPEX";"Taxes";"NL";"Non-ETS CO2";"Tractor-Trailer";"PROG";"EUR/tCO2";2035;"250";"Sensitivity | Current policies | Removed diesel efficiency gains";"Diesel"
"OPEX";"Taxes";"PL";"Non-ETS CO2";"Rigid";"BAU";"EUR/tCO2";2035;"250";"Sensitivity | Current policies | Removed diesel efficiency gains";"Diesel"
"OPEX";"Taxes";"PL";"Non-ETS CO2";"Tractor-Trailer";"BAU";"EUR/tCO2";2035;"250";"Sensitivity | Current policies | Removed diesel efficiency gains";"Diesel"
"OPEX";"Taxes";"PL";"Non-ETS CO2";"Rigid";"PROG";"EUR/tCO2";2035;"250";"Sensitivity | Current policies | Removed diesel efficiency gains";"Diesel"
"OPEX";"Taxes";"PL";"Non-ETS CO2";"Tractor-Trailer";"PROG";"EUR/tCO2";2035;"250";"Sensitivity | Current policies | Removed diesel efficiency gains";"Diesel"
"OPEX";"Taxes";"UK";"Non-ETS CO2";"Rigid";"BAU";"EUR/tCO2";2035;"250";"Sensitivity | Current policies | Removed diesel efficiency gains";"Diesel"
"OPEX";"Taxes";"UK";"Non-ETS CO2";"Tractor-Trailer";"BAU";"EUR/tCO2";2035;"250";"Sensitivity | Current policies | Removed diesel efficiency gains";"Diesel"
"OPEX";"Taxes";"UK";"Non-ETS CO2";"Rigid";"PROG";"EUR/tCO2";2035;"250";"Sensitivity | Current policies | Removed diesel efficiency gains";"Diesel"
"OPEX";"Taxes";"UK";"Non-ETS CO2";"Tractor-Trailer";"PROG";"EUR/tCO2";2035;"250";"Sensitivity | Current policies | Removed diesel efficiency gains";"Diesel"
"OPEX";"Taxes";"DE";"Non-ETS CO2";"Rigid";"BAU";"EUR/tCO2";2040;"350";"Sensitivity | Current policies | Removed diesel efficiency gains";"Diesel"
"OPEX";"Taxes";"DE";"Non-ETS CO2";"Tractor-Trailer";"BAU";"EUR/tCO2";2040;"350";"Sensitivity | Current policies | Removed diesel efficiency gains";"Diesel"
"OPEX";"Taxes";"DE";"Non-ETS CO2";"Rigid";"PROG";"EUR/tCO2";2040;"350";"Sensitivity | Current policies | Removed diesel efficiency gains";"Diesel"
"OPEX";"Taxes";"DE";"Non-ETS CO2";"Tractor-Trailer";"PROG";"EUR/tCO2";2040;"350";"Sensitivity | Current policies | Removed diesel efficiency gains";"Diesel"
"OPEX";"Taxes";"ES";"Non-ETS CO2";"Rigid";"BAU";"EUR/tCO2";2040;"350";"Sensitivity | Current policies | Removed diesel efficiency gains";"Diesel"
"OPEX";"Taxes";"ES";"Non-ETS CO2";"Tractor-Trailer";"BAU";"EUR/tCO2";2040;"350";"Sensitivity | Current policies | Removed diesel efficiency gains";"Diesel"
"OPEX";"Taxes";"ES";"Non-ETS CO2";"Rigid";"PROG";"EUR/tCO2";2040;"350";"Sensitivity | Current policies | Removed diesel efficiency gains";"Diesel"
"OPEX";"Taxes";"ES";"Non-ETS CO2";"Tractor-Trailer";"PROG";"EUR/tCO2";2040;"350";"Sensitivity | Current policies | Removed diesel efficiency gains";"Diesel"
"OPEX";"Taxes";"FR";"Non-ETS CO2";"Rigid";"BAU";"EUR/tCO2";2040;"350";"Sensitivity | Current policies | Removed diesel efficiency gains";"Diesel"
"OPEX";"Taxes";"FR";"Non-ETS CO2";"Tractor-Trailer";"BAU";"EUR/tCO2";2040;"350";"Sensitivity | Current policies | Removed diesel efficiency gains";"Diesel"
"OPEX";"Taxes";"FR";"Non-ETS CO2";"Rigid";"PROG";"EUR/tCO2";2040;"350";"Sensitivity | Current policies | Removed diesel efficiency gains";"Diesel"
"OPEX";"Taxes";"FR";"Non-ETS CO2";"Tractor-Trailer";"PROG";"EUR/tCO2";2040;"350";"Sensitivity | Current policies | Removed diesel efficiency gains";"Diesel"
"OPEX";"Taxes";"IT";"Non-ETS CO2";"Rigid";"BAU";"EUR/tCO2";2040;"350";"Sensitivity | Current policies | Removed diesel efficiency gains";"Diesel"
"OPEX";"Taxes";"IT";"Non-ETS CO2";"Tractor-Trailer";"BAU";"EUR/tCO2";2040;"350";"Sensitivity | Current policies | Removed diesel efficiency gains";"Diesel"
"OPEX";"Taxes";"IT";"Non-ETS CO2";"Rigid";"PROG";"EUR/tCO2";2040;"350";"Sensitivity | Current policies | Removed diesel efficiency gains";"Diesel"
"OPEX";"Taxes";"IT";"Non-ETS CO2";"Tractor-Trailer";"PROG";"EUR/tCO2";2040;"350";"Sensitivity | Current policies | Removed diesel efficiency gains";"Diesel"
"OPEX";"Taxes";"NL";"Non-ETS CO2";"Rigid";"BAU";"EUR/tCO2";2040;"350";"Sensitivity | Current policies | Removed diesel efficiency gains";"Diesel"
"OPEX";"Taxes";"NL";"Non-ETS CO2";"Tractor-Trailer";"BAU";"EUR/tCO2";2040;"350";"Sensitivity | Current policies | Removed diesel efficiency gains";"Diesel"
"OPEX";"Taxes";"NL";"Non-ETS CO2";"Rigid";"PROG";"EUR/tCO2";2040;"350";"Sensitivity | Current policies | Removed diesel efficiency gains";"Diesel"
"OPEX";"Taxes";"NL";"Non-ETS CO2";"Tractor-Trailer";"PROG";"EUR/tCO2";2040;"350";"Sensitivity | Current policies | Removed diesel efficiency gains";"Diesel"
"OPEX";"Taxes";"PL";"Non-ETS CO2";"Rigid";"BAU";"EUR/tCO2";2040;"350";"Sensitivity | Current policies | Removed diesel efficiency gains";"Diesel"
"OPEX";"Taxes";"PL";"Non-ETS CO2";"Tractor-Trailer";"BAU";"EUR/tCO2";2040;"350";"Sensitivity | Current policies | Removed diesel efficiency gains";"Diesel"
"OPEX";"Taxes";"PL";"Non-ETS CO2";"Rigid";"PROG";"EUR/tCO2";2040;"350";"Sensitivity | Current policies | Removed diesel efficiency gains";"Diesel"
"OPEX";"Taxes";"PL";"Non-ETS CO2";"Tractor-Trailer";"PROG";"EUR/tCO2";2040;"350";"Sensitivity | Current policies | Removed diesel efficiency gains";"Diesel"
"OPEX";"Taxes";"UK";"Non-ETS CO2";"Rigid";"BAU";"EUR/tCO2";2040;"350";"Sensitivity | Current policies | Removed diesel efficiency gains";"Diesel"
"OPEX";"Taxes";"UK";"Non-ETS CO2";"Tractor-Trailer";"BAU";"EUR/tCO2";2040;"350";"Sensitivity | Current policies | Removed diesel efficiency gains";"Diesel"
"OPEX";"Taxes";"UK";"Non-ETS CO2";"Rigid";"PROG";"EUR/tCO2";2040;"350";"Sensitivity | Current policies | Removed diesel efficiency gains";"Diesel"
"OPEX";"Taxes";"UK";"Non-ETS CO2";"Tractor-Trailer";"PROG";"EUR/tCO2";2040;"350";"Sensitivity | Current policies | Removed diesel efficiency gains";"Diesel"
"OPEX";"Taxes";"DE";"Non-ETS CO2";"Rigid";"BAU";"EUR/tCO2";2045;"450";"Sensitivity | Current policies | Removed diesel efficiency gains";"Diesel"
"OPEX";"Taxes";"DE";"Non-ETS CO2";"Tractor-Trailer";"BAU";"EUR/tCO2";2045;"450";"Sensitivity | Current policies | Removed diesel efficiency gains";"Diesel"
"OPEX";"Taxes";"DE";"Non-ETS CO2";"Rigid";"PROG";"EUR/tCO2";2045;"450";"Sensitivity | Current policies | Removed diesel efficiency gains";"Diesel"
"OPEX";"Taxes";"DE";"Non-ETS CO2";"Tractor-Trailer";"PROG";"EUR/tCO2";2045;"450";"Sensitivity | Current policies | Removed diesel efficiency gains";"Diesel"
"OPEX";"Taxes";"ES";"Non-ETS CO2";"Rigid";"BAU";"EUR/tCO2";2045;"450";"Sensitivity | Current policies | Removed diesel efficiency gains";"Diesel"
"OPEX";"Taxes";"ES";"Non-ETS CO2";"Tractor-Trailer";"BAU";"EUR/tCO2";2045;"450";"Sensitivity | Current policies | Removed diesel efficiency gains";"Diesel"
"OPEX";"Taxes";"ES";"Non-ETS CO2";"Rigid";"PROG";"EUR/tCO2";2045;"450";"Sensitivity | Current policies | Removed diesel efficiency gains";"Diesel"
"OPEX";"Taxes";"ES";"Non-ETS CO2";"Tractor-Trailer";"PROG";"EUR/tCO2";2045;"450";"Sensitivity | Current policies | Removed diesel efficiency gains";"Diesel"
"OPEX";"Taxes";"FR";"Non-ETS CO2";"Rigid";"BAU";"EUR/tCO2";2045;"450";"Sensitivity | Current policies | Removed diesel efficiency gains";"Diesel"
"OPEX";"Taxes";"FR";"Non-ETS CO2";"Tractor-Trailer";"BAU";"EUR/tCO2";2045;"450";"Sensitivity | Current policies | Removed diesel efficiency gains";"Diesel"
"OPEX";"Taxes";"FR";"Non-ETS CO2";"Rigid";"PROG";"EUR/tCO2";2045;"450";"Sensitivity | Current policies | Removed diesel efficiency gains";"Diesel"
"OPEX";"Taxes";"FR";"Non-ETS CO2";"Tractor-Trailer";"PROG";"EUR/tCO2";2045;"450";"Sensitivity | Current policies | Removed diesel efficiency gains";"Diesel"
"OPEX";"Taxes";"IT";"Non-ETS CO2";"Rigid";"BAU";"EUR/tCO2";2045;"450";"Sensitivity | Current policies | Removed diesel efficiency gains";"Diesel"
"OPEX";"Taxes";"IT";"Non-ETS CO2";"Tractor-Trailer";"BAU";"EUR/tCO2";2045;"450";"Sensitivity | Current policies | Removed diesel efficiency gains";"Diesel"
"OPEX";"Taxes";"IT";"Non-ETS CO2";"Rigid";"PROG";"EUR/tCO2";2045;"450";"Sensitivity | Current policies | Removed diesel efficiency gains";"Diesel"
"OPEX";"Taxes";"IT";"Non-ETS CO2";"Tractor-Trailer";"PROG";"EUR/tCO2";2045;"450";"Sensitivity | Current policies | Removed diesel efficiency gains";"Diesel"
"OPEX";"Taxes";"NL";"Non-ETS CO2";"Rigid";"BAU";"EUR/tCO2";2045;"450";"Sensitivity | Current policies | Removed diesel efficiency gains";"Diesel"
"OPEX";"Taxes";"NL";"Non-ETS CO2";"Tractor-Trailer";"BAU";"EUR/tCO2";2045;"450";"Sensitivity | Current policies | Removed diesel efficiency gains";"Diesel"
"OPEX";"Taxes";"NL";"Non-ETS CO2";"Rigid";"PROG";"EUR/tCO2";2045;"450";"Sensitivity | Current policies | Removed diesel efficiency gains";"Diesel"
"OPEX";"Taxes";"NL";"Non-ETS CO2";"Tractor-Trailer";"PROG";"EUR/tCO2";2045;"450";"Sensitivity | Current policies | Removed diesel efficiency gains";"Diesel"
"OPEX";"Taxes";"PL";"Non-ETS CO2";"Rigid";"BAU";"EUR/tCO2";2045;"450";"Sensitivity | Current policies | Removed diesel efficiency gains";"Diesel"
"OPEX";"Taxes";"PL";"Non-ETS CO2";"Tractor-Trailer";"BAU";"EUR/tCO2";2045;"450";"Sensitivity | Current policies | Removed diesel efficiency gains";"Diesel"
"OPEX";"Taxes";"PL";"Non-ETS CO2";"Rigid";"PROG";"EUR/tCO2";2045;"450";"Sensitivity | Current policies | Removed diesel efficiency gains";"Diesel"
"OPEX";"Taxes";"PL";"Non-ETS CO2";"Tractor-Trailer";"PROG";"EUR/tCO2";2045;"450";"Sensitivity | Current policies | Removed diesel efficiency gains";"Diesel"
"OPEX";"Taxes";"UK";"Non-ETS CO2";"Rigid";"BAU";"EUR/tCO2";2045;"450";"Sensitivity | Current policies | Removed diesel efficiency gains";"Diesel"
"OPEX";"Taxes";"UK";"Non-ETS CO2";"Tractor-Trailer";"BAU";"EUR/tCO2";2045;"450";"Sensitivity | Current policies | Removed diesel efficiency gains";"Diesel"
"OPEX";"Taxes";"UK";"Non-ETS CO2";"Rigid";"PROG";"EUR/tCO2";2045;"450";"Sensitivity | Current policies | Removed diesel efficiency gains";"Diesel"
"OPEX";"Taxes";"UK";"Non-ETS CO2";"Tractor-Trailer";"PROG";"EUR/tCO2";2045;"450";"Sensitivity | Current policies | Removed diesel efficiency gains";"Diesel"
"OPEX";"Taxes";"DE";"Non-ETS CO2";"Rigid";"BAU";"EUR/tCO2";2050;"480";"Sensitivity | Current policies | Removed diesel efficiency gains";"Diesel"
"OPEX";"Taxes";"DE";"Non-ETS CO2";"Tractor-Trailer";"BAU";"EUR/tCO2";2050;"480";"Sensitivity | Current policies | Removed diesel efficiency gains";"Diesel"
"OPEX";"Taxes";"DE";"Non-ETS CO2";"Rigid";"PROG";"EUR/tCO2";2050;"480";"Sensitivity | Current policies | Removed diesel efficiency gains";"Diesel"
"OPEX";"Taxes";"DE";"Non-ETS CO2";"Tractor-Trailer";"PROG";"EUR/tCO2";2050;"480";"Sensitivity | Current policies | Removed diesel efficiency gains";"Diesel"
"OPEX";"Taxes";"ES";"Non-ETS CO2";"Rigid";"BAU";"EUR/tCO2";2050;"480";"Sensitivity | Current policies | Removed diesel efficiency gains";"Diesel"
"OPEX";"Taxes";"ES";"Non-ETS CO2";"Tractor-Trailer";"BAU";"EUR/tCO2";2050;"480";"Sensitivity | Current policies | Removed diesel efficiency gains";"Diesel"
"OPEX";"Taxes";"ES";"Non-ETS CO2";"Rigid";"PROG";"EUR/tCO2";2050;"480";"Sensitivity | Current policies | Removed diesel efficiency gains";"Diesel"
"OPEX";"Taxes";"ES";"Non-ETS CO2";"Tractor-Trailer";"PROG";"EUR/tCO2";2050;"480";"Sensitivity | Current policies | Removed diesel efficiency gains";"Diesel"
"OPEX";"Taxes";"FR";"Non-ETS CO2";"Rigid";"BAU";"EUR/tCO2";2050;"480";"Sensitivity | Current policies | Removed diesel efficiency gains";"Diesel"
"OPEX";"Taxes";"FR";"Non-ETS CO2";"Tractor-Trailer";"BAU";"EUR/tCO2";2050;"480";"Sensitivity | Current policies | Removed diesel efficiency gains";"Diesel"
"OPEX";"Taxes";"FR";"Non-ETS CO2";"Rigid";"PROG";"EUR/tCO2";2050;"480";"Sensitivity | Current policies | Removed diesel efficiency gains";"Diesel"
"OPEX";"Taxes";"FR";"Non-ETS CO2";"Tractor-Trailer";"PROG";"EUR/tCO2";2050;"480";"Sensitivity | Current policies | Removed diesel efficiency gains";"Diesel"
"OPEX";"Taxes";"IT";"Non-ETS CO2";"Rigid";"BAU";"EUR/tCO2";2050;"480";"Sensitivity | Current policies | Removed diesel efficiency gains";"Diesel"
"OPEX";"Taxes";"IT";"Non-ETS CO2";"Tractor-Trailer";"BAU";"EUR/tCO2";2050;"480";"Sensitivity | Current policies | Removed diesel efficiency gains";"Diesel"
"OPEX";"Taxes";"IT";"Non-ETS CO2";"Rigid";"PROG";"EUR/tCO2";2050;"480";"Sensitivity | Current policies | Removed diesel efficiency gains";"Diesel"
"OPEX";"Taxes";"IT";"Non-ETS CO2";"Tractor-Trailer";"PROG";"EUR/tCO2";2050;"480";"Sensitivity | Current policies | Removed diesel efficiency gains";"Diesel"
"OPEX";"Taxes";"NL";"Non-ETS CO2";"Rigid";"BAU";"EUR/tCO2";2050;"480";"Sensitivity | Current policies | Removed diesel efficiency gains";"Diesel"
"OPEX";"Taxes";"NL";"Non-ETS CO2";"Tractor-Trailer";"BAU";"EUR/tCO2";2050;"480";"Sensitivity | Current policies | Removed diesel efficiency gains";"Diesel"
"OPEX";"Taxes";"NL";"Non-ETS CO2";"Rigid";"PROG";"EUR/tCO2";2050;"480";"Sensitivity | Current policies | Removed diesel efficiency gains";"Diesel"
"OPEX";"Taxes";"NL";"Non-ETS CO2";"Tractor-Trailer";"PROG";"EUR/tCO2";2050;"480";"Sensitivity | Current policies | Removed diesel efficiency gains";"Diesel"
"OPEX";"Taxes";"PL";"Non-ETS CO2";"Rigid";"BAU";"EUR/tCO2";2050;"480";"Sensitivity | Current policies | Removed diesel efficiency gains";"Diesel"
"OPEX";"Taxes";"PL";"Non-ETS CO2";"Tractor-Trailer";"BAU";"EUR/tCO2";2050;"480";"Sensitivity | Current policies | Removed diesel efficiency gains";"Diesel"
"OPEX";"Taxes";"PL";"Non-ETS CO2";"Rigid";"PROG";"EUR/tCO2";2050;"480";"Sensitivity | Current policies | Removed diesel efficiency gains";"Diesel"
"OPEX";"Taxes";"PL";"Non-ETS CO2";"Tractor-Trailer";"PROG";"EUR/tCO2";2050;"480";"Sensitivity | Current policies | Removed diesel efficiency gains";"Diesel"
"OPEX";"Taxes";"UK";"Non-ETS CO2";"Rigid";"BAU";"EUR/tCO2";2050;"480";"Sensitivity | Current policies | Removed diesel efficiency gains";"Diesel"
"OPEX";"Taxes";"UK";"Non-ETS CO2";"Tractor-Trailer";"BAU";"EUR/tCO2";2050;"480";"Sensitivity | Current policies | Removed diesel efficiency gains";"Diesel"
"OPEX";"Taxes";"UK";"Non-ETS CO2";"Rigid";"PROG";"EUR/tCO2";2050;"480";"Sensitivity | Current policies | Removed diesel efficiency gains";"Diesel"
"OPEX";"Taxes";"UK";"Non-ETS CO2";"Tractor-Trailer";"PROG";"EUR/tCO2";2050;"480";"Sensitivity | Current policies | Removed diesel efficiency gains";"Diesel"
"OPEX";"Taxes";"DE";"Network Costs - MCS";"Rigid";"PROG";"EUR/kWh";2030;"0.038";"Sensitivity | Removed policies | Removed diesel efficiency gains";"Electricity"
"OPEX";"Taxes";"DE";"Network Costs - MCS";"Tractor-Trailer";"PROG";"EUR/kWh";2030;"0.038";"Sensitivity | Removed policies | Removed diesel efficiency gains";"Electricity"
"OPEX";"Taxes";"ES";"Network Costs - MCS";"Rigid";"PROG";"EUR/kWh";2030;"0.018";"Sensitivity | Removed policies | Removed diesel efficiency gains";"Electricity"
"OPEX";"Taxes";"ES";"Network Costs - MCS";"Tractor-Trailer";"PROG";"EUR/kWh";2030;"0.018";"Sensitivity | Removed policies | Removed diesel efficiency gains";"Electricity"
"OPEX";"Taxes";"FR";"Network Costs - MCS";"Rigid";"PROG";"EUR/kWh";2030;"0.018";"Sensitivity | Removed policies | Removed diesel efficiency gains";"Electricity"
"OPEX";"Taxes";"FR";"Network Costs - MCS";"Tractor-Trailer";"PROG";"EUR/kWh";2030;"0.018";"Sensitivity | Removed policies | Removed diesel efficiency gains";"Electricity"
"OPEX";"Taxes";"IT";"Network Costs - MCS";"Rigid";"PROG";"EUR/kWh";2030;"0.016";"Sensitivity | Removed policies | Removed diesel efficiency gains";"Electricity"
"OPEX";"Taxes";"IT";"Network Costs - MCS";"Tractor-Trailer";"PROG";"EUR/kWh";2030;"0.016";"Sensitivity | Removed policies | Removed diesel efficiency gains";"Electricity"
"OPEX";"Taxes";"NL";"Network Costs - MCS";"Rigid";"PROG";"EUR/kWh";2030;"0.016";"Sensitivity | Removed policies | Removed diesel efficiency gains";"Electricity"
"OPEX";"Taxes";"NL";"Network Costs - MCS";"Tractor-Trailer";"PROG";"EUR/kWh";2030;"0.016";"Sensitivity | Removed policies | Removed diesel efficiency gains";"Electricity"
"OPEX";"Taxes";"PL";"Network Costs - MCS";"Rigid";"PROG";"EUR/kWh";2030;"0.019";"Sensitivity | Removed policies | Removed diesel efficiency gains";"Electricity"
"OPEX";"Taxes";"PL";"Network Costs - MCS";"Tractor-Trailer";"PROG";"EUR/kWh";2030;"0.019";"Sensitivity | Removed policies | Removed diesel efficiency gains";"Electricity"
"OPEX";"Taxes";"UK";"Network Costs - MCS";"Rigid";"PROG";"EUR/kWh";2030;"0.027";"Sensitivity | Removed policies | Removed diesel efficiency gains";"Electricity"
"OPEX";"Taxes";"UK";"Network Costs - MCS";"Tractor-Trailer";"PROG";"EUR/kWh";2030;"0.027";"Sensitivity | Removed policies | Removed diesel efficiency gains";"Electricity"
"OPEX";"Taxes";"DE";"Taxes, Fees, Levies and charges - MCS";"Rigid";"PROG";"EUR/kWh";2030;"0.073";"Sensitivity | Removed policies | Removed diesel efficiency gains";"Electricity"
"OPEX";"Taxes";"DE";"Taxes, Fees, Levies and charges - MCS";"Tractor-Trailer";"PROG";"EUR/kWh";2030;"0.073";"Sensitivity | Removed policies | Removed diesel efficiency gains";"Electricity"
"OPEX";"Taxes";"ES";"Taxes, Fees, Levies and charges - MCS";"Rigid";"PROG";"EUR/kWh";2030;"0.036";"Sensitivity | Removed policies | Removed diesel efficiency gains";"Electricity"
"OPEX";"Taxes";"ES";"Taxes, Fees, Levies and charges - MCS";"Tractor-Trailer";"PROG";"EUR/kWh";2030;"0.036";"Sensitivity | Removed policies | Removed diesel efficiency gains";"Electricity"
"OPEX";"Taxes";"FR";"Taxes, Fees, Levies and charges - MCS";"Rigid";"PROG";"EUR/kWh";2030;"0.03";"Sensitivity | Removed policies | Removed diesel efficiency gains";"Electricity"
"OPEX";"Taxes";"FR";"Taxes, Fees, Levies and charges - MCS";"Tractor-Trailer";"PROG";"EUR/kWh";2030;"0.03";"Sensitivity | Removed policies | Removed diesel efficiency gains";"Electricity"
"OPEX";"Taxes";"IT";"Taxes, Fees, Levies and charges - MCS";"Rigid";"PROG";"EUR/kWh";2030;"0.063";"Sensitivity | Removed policies | Removed diesel efficiency gains";"Electricity"
"OPEX";"Taxes";"IT";"Taxes, Fees, Levies and charges - MCS";"Tractor-Trailer";"PROG";"EUR/kWh";2030;"0.063";"Sensitivity | Removed policies | Removed diesel efficiency gains";"Electricity"
"OPEX";"Taxes";"NL";"Taxes, Fees, Levies and charges - MCS";"Rigid";"PROG";"EUR/kWh";2030;"0.055";"Sensitivity | Removed policies | Removed diesel efficiency gains";"Electricity"
"OPEX";"Taxes";"NL";"Taxes, Fees, Levies and charges - MCS";"Tractor-Trailer";"PROG";"EUR/kWh";2030;"0.055";"Sensitivity | Removed policies | Removed diesel efficiency gains";"Electricity"
"OPEX";"Taxes";"PL";"Taxes, Fees, Levies and charges - MCS";"Rigid";"PROG";"EUR/kWh";2030;"0.049";"Sensitivity | Removed policies | Removed diesel efficiency gains";"Electricity"
"OPEX";"Taxes";"PL";"Taxes, Fees, Levies and charges - MCS";"Tractor-Trailer";"PROG";"EUR/kWh";2030;"0.049";"Sensitivity | Removed policies | Removed diesel efficiency gains";"Electricity"
"OPEX";"Taxes";"UK";"Taxes, Fees, Levies and charges - MCS";"Rigid";"PROG";"EUR/kWh";2030;"0.077";"Sensitivity | Removed policies | Removed diesel efficiency gains";"Electricity"
"OPEX";"Taxes";"UK";"Taxes, Fees, Levies and charges - MCS";"Tractor-Trailer";"PROG";"EUR/kWh";2030;"0.077";"Sensitivity | Removed policies | Removed diesel efficiency gains";"Electricity"
"OPEX";"Taxes";"DE";"Network Costs - Depot";"Rigid";"PROG";"EUR/kWh";2030;"0.044";"Sensitivity | Removed policies | Removed diesel efficiency gains";"Electricity"
"OPEX";"Taxes";"DE";"Network Costs - Depot";"Tractor-Trailer";"PROG";"EUR/kWh";2030;"0.044";"Sensitivity | Removed policies | Removed diesel efficiency gains";"Electricity"
"OPEX";"Taxes";"ES";"Network Costs - Depot";"Rigid";"PROG";"EUR/kWh";2030;"0.031";"Sensitivity | Removed policies | Removed diesel efficiency gains";"Electricity"
"OPEX";"Taxes";"ES";"Network Costs - Depot";"Tractor-Trailer";"PROG";"EUR/kWh";2030;"0.031";"Sensitivity | Removed policies | Removed diesel efficiency gains";"Electricity"
"OPEX";"Taxes";"FR";"Network Costs - Depot";"Rigid";"PROG";"EUR/kWh";2030;"0.024";"Sensitivity | Removed policies | Removed diesel efficiency gains";"Electricity"
"OPEX";"Taxes";"FR";"Network Costs - Depot";"Tractor-Trailer";"PROG";"EUR/kWh";2030;"0.024";"Sensitivity | Removed policies | Removed diesel efficiency gains";"Electricity"
"OPEX";"Taxes";"IT";"Network Costs - Depot";"Rigid";"PROG";"EUR/kWh";2030;"0.018";"Sensitivity | Removed policies | Removed diesel efficiency gains";"Electricity"
"OPEX";"Taxes";"IT";"Network Costs - Depot";"Tractor-Trailer";"PROG";"EUR/kWh";2030;"0.018";"Sensitivity | Removed policies | Removed diesel efficiency gains";"Electricity"
"OPEX";"Taxes";"NL";"Network Costs - Depot";"Rigid";"PROG";"EUR/kWh";2030;"0.019";"Sensitivity | Removed policies | Removed diesel efficiency gains";"Electricity"
"OPEX";"Taxes";"NL";"Network Costs - Depot";"Tractor-Trailer";"PROG";"EUR/kWh";2030;"0.019";"Sensitivity | Removed policies | Removed diesel efficiency gains";"Electricity"
"OPEX";"Taxes";"PL";"Network Costs - Depot";"Rigid";"PROG";"EUR/kWh";2030;"0.026";"Sensitivity | Removed policies | Removed diesel efficiency gains";"Electricity"
"OPEX";"Taxes";"PL";"Network Costs - Depot";"Tractor-Trailer";"PROG";"EUR/kWh";2030;"0.026";"Sensitivity | Removed policies | Removed diesel efficiency gains";"Electricity"
"OPEX";"Taxes";"UK";"Network Costs - Depot";"Rigid";"PROG";"EUR/kWh";2030;"0.029";"Sensitivity | Removed policies | Removed diesel efficiency gains";"Electricity"
"OPEX";"Taxes";"UK";"Network Costs - Depot";"Tractor-Trailer";"PROG";"EUR/kWh";2030;"0.029";"Sensitivity | Removed policies | Removed diesel efficiency gains";"Electricity"
"OPEX";"Taxes";"DE";"Taxes, Fees, Levies and charges - Depot";"Rigid";"PROG";"EUR/kWh";2030;"0.062";"Sensitivity | Removed policies | Removed diesel efficiency gains";"Electricity"
"OPEX";"Taxes";"DE";"Taxes, Fees, Levies and charges - Depot";"Tractor-Trailer";"PROG";"EUR/kWh";2030;"0.062";"Sensitivity | Removed policies | Removed diesel efficiency gains";"Electricity"
"OPEX";"Taxes";"ES";"Taxes, Fees, Levies and charges - Depot";"Rigid";"PROG";"EUR/kWh";2030;"0.054";"Sensitivity | Removed policies | Removed diesel efficiency gains";"Electricity"
"OPEX";"Taxes";"ES";"Taxes, Fees, Levies and charges - Depot";"Tractor-Trailer";"PROG";"EUR/kWh";2030;"0.054";"Sensitivity | Removed policies | Removed diesel efficiency gains";"Electricity"
"OPEX";"Taxes";"FR";"Taxes, Fees, Levies and charges - Depot";"Rigid";"PROG";"EUR/kWh";2030;"0.04";"Sensitivity | Removed policies | Removed diesel efficiency gains";"Electricity"
"OPEX";"Taxes";"FR";"Taxes, Fees, Levies and charges - Depot";"Tractor-Trailer";"PROG";"EUR/kWh";2030;"0.04";"Sensitivity | Removed policies | Removed diesel efficiency gains";"Electricity"
"OPEX";"Taxes";"IT";"Taxes, Fees, Levies and charges - Depot";"Rigid";"PROG";"EUR/kWh";2030;"0.088";"Sensitivity | Removed policies | Removed diesel efficiency gains";"Electricity"
"OPEX";"Taxes";"IT";"Taxes, Fees, Levies and charges - Depot";"Tractor-Trailer";"PROG";"EUR/kWh";2030;"0.088";"Sensitivity | Removed policies | Removed diesel efficiency gains";"Electricity"
"OPEX";"Taxes";"NL";"Taxes, Fees, Levies and charges - Depot";"Rigid";"PROG";"EUR/kWh";2030;"0.058";"Sensitivity | Removed policies | Removed diesel efficiency gains";"Electricity"
"OPEX";"Taxes";"NL";"Taxes, Fees, Levies and charges - Depot";"Tractor-Trailer";"PROG";"EUR/kWh";2030;"0.058";"Sensitivity | Removed policies | Removed diesel efficiency gains";"Electricity"
"OPEX";"Taxes";"PL";"Taxes, Fees, Levies and charges - Depot";"Rigid";"PROG";"EUR/kWh";2030;"0.053";"Sensitivity | Removed policies | Removed diesel efficiency gains";"Electricity"
"OPEX";"Taxes";"PL";"Taxes, Fees, Levies and charges - Depot";"Tractor-Trailer";"PROG";"EUR/kWh";2030;"0.053";"Sensitivity | Removed policies | Removed diesel efficiency gains";"Electricity"
"OPEX";"Taxes";"UK";"Taxes, Fees, Levies and charges - Depot";"Rigid";"PROG";"EUR/kWh";2030;"0.086";"Sensitivity | Removed policies | Removed diesel efficiency gains";"Electricity"
"OPEX";"Taxes";"UK";"Taxes, Fees, Levies and charges - Depot";"Tractor-Trailer";"PROG";"EUR/kWh";2030;"0.086";"Sensitivity | Removed policies | Removed diesel efficiency gains";"Electricity"
"OPEX";"H2 Infrastructure";"DE";"HRS costs";"Rigid";"PROG";"EUR/kg H2";2030;"1.1";"Sensitivity | Removed policies | Removed diesel efficiency gains";"Hydrogen"
"OPEX";"H2 Infrastructure";"DE";"HRS costs";"Tractor-Trailer";"PROG";"EUR/kg H2";2030;"1.1";"Sensitivity | Removed policies | Removed diesel efficiency gains";"Hydrogen"
"OPEX";"H2 Infrastructure";"ES";"HRS costs";"Rigid";"PROG";"EUR/kg H2";2030;"1.1";"Sensitivity | Removed policies | Removed diesel efficiency gains";"Hydrogen"
"OPEX";"H2 Infrastructure";"ES";"HRS costs";"Tractor-Trailer";"PROG";"EUR/kg H2";2030;"1.1";"Sensitivity | Removed policies | Removed diesel efficiency gains";"Hydrogen"
"OPEX";"H2 Infrastructure";"FR";"HRS costs";"Rigid";"PROG";"EUR/kg H2";2030;"1.1";"Sensitivity | Removed policies | Removed diesel efficiency gains";"Hydrogen"
"OPEX";"H2 Infrastructure";"FR";"HRS costs";"Tractor-Trailer";"PROG";"EUR/kg H2";2030;"1.1";"Sensitivity | Removed policies | Removed diesel efficiency gains";"Hydrogen"
"OPEX";"H2 Infrastructure";"IT";"HRS costs";"Rigid";"PROG";"EUR/kg H2";2030;"1.1";"Sensitivity | Removed policies | Removed diesel efficiency gains";"Hydrogen"
"OPEX";"H2 Infrastructure";"IT";"HRS costs";"Tractor-Trailer";"PROG";"EUR/kg H2";2030;"1.1";"Sensitivity | Removed policies | Removed diesel efficiency gains";"Hydrogen"
"OPEX";"H2 Infrastructure";"NL";"HRS costs";"Rigid";"PROG";"EUR/kg H2";2030;"1.1";"Sensitivity | Removed policies | Removed diesel efficiency gains";"Hydrogen"
"OPEX";"H2 Infrastructure";"NL";"HRS costs";"Tractor-Trailer";"PROG";"EUR/kg H2";2030;"1.1";"Sensitivity | Removed policies | Removed diesel efficiency gains";"Hydrogen"
"OPEX";"H2 Infrastructure";"PL";"HRS costs";"Rigid";"PROG";"EUR/kg H2";2030;"1.1";"Sensitivity | Removed policies | Removed diesel efficiency gains";"Hydrogen"
"OPEX";"H2 Infrastructure";"PL";"HRS costs";"Tractor-Trailer";"PROG";"EUR/kg H2";2030;"1.1";"Sensitivity | Removed policies | Removed diesel efficiency gains";"Hydrogen"
"OPEX";"H2 Infrastructure";"UK";"HRS costs";"Rigid";"PROG";"EUR/kg H2";2030;"1.1";"Sensitivity | Removed policies | Removed diesel efficiency gains";"Hydrogen"
"OPEX";"H2 Infrastructure";"UK";"HRS costs";"Tractor-Trailer";"PROG";"EUR/kg H2";2030;"1.1";"Sensitivity | Removed policies | Removed diesel efficiency gains";"Hydrogen"
"OPEX";"H2 Infrastructure";"DE";"H2 transport and distribution";"Rigid";"PROG";"EUR/kg H2";2030;"1";"Sensitivity | Removed policies | Removed diesel efficiency gains";"Hydrogen"
"OPEX";"H2 Infrastructure";"DE";"H2 transport and distribution";"Tractor-Trailer";"PROG";"EUR/kg H2";2030;"1";"Sensitivity | Removed policies | Removed diesel efficiency gains";"Hydrogen"
"OPEX";"H2 Infrastructure";"ES";"H2 transport and distribution";"Rigid";"PROG";"EUR/kg H2";2030;"1";"Sensitivity | Removed policies | Removed diesel efficiency gains";"Hydrogen"
"OPEX";"H2 Infrastructure";"ES";"H2 transport and distribution";"Tractor-Trailer";"PROG";"EUR/kg H2";2030;"1";"Sensitivity | Removed policies | Removed diesel efficiency gains";"Hydrogen"
"OPEX";"H2 Infrastructure";"FR";"H2 transport and distribution";"Rigid";"PROG";"EUR/kg H2";2030;"1";"Sensitivity | Removed policies | Removed diesel efficiency gains";"Hydrogen"
"OPEX";"H2 Infrastructure";"FR";"H2 transport and distribution";"Tractor-Trailer";"PROG";"EUR/kg H2";2030;"1";"Sensitivity | Removed policies | Removed diesel efficiency gains";"Hydrogen"
"OPEX";"H2 Infrastructure";"IT";"H2 transport and distribution";"Rigid";"PROG";"EUR/kg H2";2030;"1";"Sensitivity | Removed policies | Removed diesel efficiency gains";"Hydrogen"
"OPEX";"H2 Infrastructure";"IT";"H2 transport and distribution";"Tractor-Trailer";"PROG";"EUR/kg H2";2030;"1";"Sensitivity | Removed policies | Removed diesel efficiency gains";"Hydrogen"
"OPEX";"H2 Infrastructure";"NL";"H2 transport and distribution";"Rigid";"PROG";"EUR/kg H2";2030;"1";"Sensitivity | Removed policies | Removed diesel efficiency gains";"Hydrogen"
"OPEX";"H2 Infrastructure";"NL";"H2 transport and distribution";"Tractor-Trailer";"PROG";"EUR/kg H2";2030;"1";"Sensitivity | Removed policies | Removed diesel efficiency gains";"Hydrogen"
"OPEX";"H2 Infrastructure";"PL";"H2 transport and distribution";"Rigid";"PROG";"EUR/kg H2";2030;"1";"Sensitivity | Removed policies | Removed diesel efficiency gains";"Hydrogen"
"OPEX";"H2 Infrastructure";"PL";"H2 transport and distribution";"Tractor-Trailer";"PROG";"EUR/kg H2";2030;"1";"Sensitivity | Removed policies | Removed diesel efficiency gains";"Hydrogen"
"OPEX";"H2 Infrastructure";"UK";"H2 transport and distribution";"Rigid";"PROG";"EUR/kg H2";2030;"1";"Sensitivity | Removed policies | Removed diesel efficiency gains";"Hydrogen"
"OPEX";"H2 Infrastructure";"UK";"H2 transport and distribution";"Tractor-Trailer";"PROG";"EUR/kg H2";2030;"1";"Sensitivity | Removed policies | Removed diesel efficiency gains";"Hydrogen"
"OPEX";"H2 Infrastructure";"DE";"HRS Overhead, Profit and Mark-Up";"Rigid";"PROG";"EUR/kg H2";2030;"0.25";"Sensitivity | Removed policies | Removed diesel efficiency gains";"Hydrogen"
"OPEX";"H2 Infrastructure";"DE";"HRS Overhead, Profit and Mark-Up";"Tractor-Trailer";"PROG";"EUR/kg H2";2030;"0.25";"Sensitivity | Removed policies | Removed diesel efficiency gains";"Hydrogen"
"OPEX";"H2 Infrastructure";"ES";"HRS Overhead, Profit and Mark-Up";"Rigid";"PROG";"EUR/kg H2";2030;"0.25";"Sensitivity | Removed policies | Removed diesel efficiency gains";"Hydrogen"
"OPEX";"H2 Infrastructure";"ES";"HRS Overhead, Profit and Mark-Up";"Tractor-Trailer";"PROG";"EUR/kg H2";2030;"0.25";"Sensitivity | Removed policies | Removed diesel efficiency gains";"Hydrogen"
"OPEX";"H2 Infrastructure";"FR";"HRS Overhead, Profit and Mark-Up";"Rigid";"PROG";"EUR/kg H2";2030;"0.25";"Sensitivity | Removed policies | Removed diesel efficiency gains";"Hydrogen"
"OPEX";"H2 Infrastructure";"FR";"HRS Overhead, Profit and Mark-Up";"Tractor-Trailer";"PROG";"EUR/kg H2";2030;"0.25";"Sensitivity | Removed policies | Removed diesel efficiency gains";"Hydrogen"
"OPEX";"H2 Infrastructure";"IT";"HRS Overhead, Profit and Mark-Up";"Rigid";"PROG";"EUR/kg H2";2030;"0.25";"Sensitivity | Removed policies | Removed diesel efficiency gains";"Hydrogen"
"OPEX";"H2 Infrastructure";"IT";"HRS Overhead, Profit and Mark-Up";"Tractor-Trailer";"PROG";"EUR/kg H2";2030;"0.25";"Sensitivity | Removed policies | Removed diesel efficiency gains";"Hydrogen"
"OPEX";"H2 Infrastructure";"NL";"HRS Overhead, Profit and Mark-Up";"Rigid";"PROG";"EUR/kg H2";2030;"0.25";"Sensitivity | Removed policies | Removed diesel efficiency gains";"Hydrogen"
"OPEX";"H2 Infrastructure";"NL";"HRS Overhead, Profit and Mark-Up";"Tractor-Trailer";"PROG";"EUR/kg H2";2030;"0.25";"Sensitivity | Removed policies | Removed diesel efficiency gains";"Hydrogen"
"OPEX";"H2 Infrastructure";"PL";"HRS Overhead, Profit and Mark-Up";"Rigid";"PROG";"EUR/kg H2";2030;"0.25";"Sensitivity | Removed policies | Removed diesel efficiency gains";"Hydrogen"
"OPEX";"H2 Infrastructure";"PL";"HRS Overhead, Profit and Mark-Up";"Tractor-Trailer";"PROG";"EUR/kg H2";2030;"0.25";"Sensitivity | Removed policies | Removed diesel efficiency gains";"Hydrogen"
"OPEX";"H2 Infrastructure";"UK";"HRS Overhead, Profit and Mark-Up";"Rigid";"PROG";"EUR/kg H2";2030;"0.25";"Sensitivity | Removed policies | Removed diesel efficiency gains";"Hydrogen"
"OPEX";"H2 Infrastructure";"UK";"HRS Overhead, Profit and Mark-Up";"Tractor-Trailer";"PROG";"EUR/kg H2";2030;"0.25";"Sensitivity | Removed policies | Removed diesel efficiency gains";"Hydrogen"
"OPEX";"Charging Infrastructure";"DE";"MCS Station (Public Charging) - Incl. Overhead";"Rigid";"PROG";"EUR/kWh";2030;"0.053";"Sensitivity | Removed policies | Removed diesel efficiency gains";"Electricity"
"OPEX";"Charging Infrastructure";"DE";"MCS Station (Public Charging) - Incl. Overhead";"Tractor-Trailer";"PROG";"EUR/kWh";2030;"0.053";"Sensitivity | Removed policies | Removed diesel efficiency gains";"Electricity"
"OPEX";"Charging Infrastructure";"ES";"MCS Station (Public Charging) - Incl. Overhead";"Rigid";"PROG";"EUR/kWh";2030;"0.053";"Sensitivity | Removed policies | Removed diesel efficiency gains";"Electricity"
"OPEX";"Charging Infrastructure";"ES";"MCS Station (Public Charging) - Incl. Overhead";"Tractor-Trailer";"PROG";"EUR/kWh";2030;"0.053";"Sensitivity | Removed policies | Removed diesel efficiency gains";"Electricity"
"OPEX";"Charging Infrastructure";"FR";"MCS Station (Public Charging) - Incl. Overhead";"Rigid";"PROG";"EUR/kWh";2030;"0.053";"Sensitivity | Removed policies | Removed diesel efficiency gains";"Electricity"
"OPEX";"Charging Infrastructure";"FR";"MCS Station (Public Charging) - Incl. Overhead";"Tractor-Trailer";"PROG";"EUR/kWh";2030;"0.053";"Sensitivity | Removed policies | Removed diesel efficiency gains";"Electricity"
"OPEX";"Charging Infrastructure";"IT";"MCS Station (Public Charging) - Incl. Overhead";"Rigid";"PROG";"EUR/kWh";2030;"0.053";"Sensitivity | Removed policies | Removed diesel efficiency gains";"Electricity"
"OPEX";"Charging Infrastructure";"IT";"MCS Station (Public Charging) - Incl. Overhead";"Tractor-Trailer";"PROG";"EUR/kWh";2030;"0.053";"Sensitivity | Removed policies | Removed diesel efficiency gains";"Electricity"
"OPEX";"Charging Infrastructure";"NL";"MCS Station (Public Charging) - Incl. Overhead";"Rigid";"PROG";"EUR/kWh";2030;"0.053";"Sensitivity | Removed policies | Removed diesel efficiency gains";"Electricity"
"OPEX";"Charging Infrastructure";"NL";"MCS Station (Public Charging) - Incl. Overhead";"Tractor-Trailer";"PROG";"EUR/kWh";2030;"0.053";"Sensitivity | Removed policies | Removed diesel efficiency gains";"Electricity"
"OPEX";"Charging Infrastructure";"PL";"MCS Station (Public Charging) - Incl. Overhead";"Rigid";"PROG";"EUR/kWh";2030;"0.053";"Sensitivity | Removed policies | Removed diesel efficiency gains";"Electricity"
"OPEX";"Charging Infrastructure";"PL";"MCS Station (Public Charging) - Incl. Overhead";"Tractor-Trailer";"PROG";"EUR/kWh";2030;"0.053";"Sensitivity | Removed policies | Removed diesel efficiency gains";"Electricity"
"OPEX";"Charging Infrastructure";"UK";"MCS Station (Public Charging) - Incl. Overhead";"Rigid";"PROG";"EUR/kWh";2030;"0.053";"Sensitivity | Removed policies | Removed diesel efficiency gains";"Electricity"
"OPEX";"Charging Infrastructure";"UK";"MCS Station (Public Charging) - Incl. Overhead";"Tractor-Trailer";"PROG";"EUR/kWh";2030;"0.053";"Sensitivity | Removed policies | Removed diesel efficiency gains";"Electricity"
"OPEX";"Charging Infrastructure";"DE";"Share MCS-Charging";"Rigid";"PROG";"%";2030;"0.2";"Sensitivity | Removed policies | Removed diesel efficiency gains";"Electricity"
"OPEX";"Charging Infrastructure";"DE";"Share MCS-Charging";"Tractor-Trailer";"PROG";"%";2030;"0.2";"Sensitivity | Removed policies | Removed diesel efficiency gains";"Electricity"
"OPEX";"Charging Infrastructure";"ES";"Share MCS-Charging";"Rigid";"PROG";"%";2030;"0.2";"Sensitivity | Removed policies | Removed diesel efficiency gains";"Electricity"
"OPEX";"Charging Infrastructure";"ES";"Share MCS-Charging";"Tractor-Trailer";"PROG";"%";2030;"0.2";"Sensitivity | Removed policies | Removed diesel efficiency gains";"Electricity"
"OPEX";"Charging Infrastructure";"FR";"Share MCS-Charging";"Rigid";"PROG";"%";2030;"0.2";"Sensitivity | Removed policies | Removed diesel efficiency gains";"Electricity"
"OPEX";"Charging Infrastructure";"FR";"Share MCS-Charging";"Tractor-Trailer";"PROG";"%";2030;"0.2";"Sensitivity | Removed policies | Removed diesel efficiency gains";"Electricity"
"OPEX";"Charging Infrastructure";"IT";"Share MCS-Charging";"Rigid";"PROG";"%";2030;"0.2";"Sensitivity | Removed policies | Removed diesel efficiency gains";"Electricity"
"OPEX";"Charging Infrastructure";"IT";"Share MCS-Charging";"Tractor-Trailer";"PROG";"%";2030;"0.2";"Sensitivity | Removed policies | Removed diesel efficiency gains";"Electricity"
"OPEX";"Charging Infrastructure";"NL";"Share MCS-Charging";"Rigid";"PROG";"%";2030;"0.2";"Sensitivity | Removed policies | Removed diesel efficiency gains";"Electricity"
"OPEX";"Charging Infrastructure";"NL";"Share MCS-Charging";"Tractor-Trailer";"PROG";"%";2030;"0.2";"Sensitivity | Removed policies | Removed diesel efficiency gains";"Electricity"
"OPEX";"Charging Infrastructure";"PL";"Share MCS-Charging";"Rigid";"PROG";"%";2030;"0.2";"Sensitivity | Removed policies | Removed diesel efficiency gains";"Electricity"
"OPEX";"Charging Infrastructure";"PL";"Share MCS-Charging";"Tractor-Trailer";"PROG";"%";2030;"0.2";"Sensitivity | Removed policies | Removed diesel efficiency gains";"Electricity"
"OPEX";"Charging Infrastructure";"UK";"Share MCS-Charging";"Rigid";"PROG";"%";2030;"0.2";"Sensitivity | Removed policies | Removed diesel efficiency gains";"Electricity"
"OPEX";"Charging Infrastructure";"UK";"Share MCS-Charging";"Tractor-Trailer";"PROG";"%";2030;"0.2";"Sensitivity | Removed policies | Removed diesel efficiency gains";"Electricity"
"OPEX";"Charging Infrastructure";"DE";"Depot - Network fees savings potential";"Rigid";"PROG";"EUR/kWh";2030;"-0.01";"Sensitivity | Removed policies | Removed diesel efficiency gains";"Electricity"
"OPEX";"Charging Infrastructure";"DE";"Depot - Network fees savings potential";"Tractor-Trailer";"PROG";"EUR/kWh";2030;"-0.01";"Sensitivity | Removed policies | Removed diesel efficiency gains";"Electricity"
"OPEX";"Charging Infrastructure";"ES";"Depot - Network fees savings potential";"Rigid";"PROG";"EUR/kWh";2030;"-0.01";"Sensitivity | Removed policies | Removed diesel efficiency gains";"Electricity"
"OPEX";"Charging Infrastructure";"ES";"Depot - Network fees savings potential";"Tractor-Trailer";"PROG";"EUR/kWh";2030;"-0.01";"Sensitivity | Removed policies | Removed diesel efficiency gains";"Electricity"
"OPEX";"Charging Infrastructure";"FR";"Depot - Network fees savings potential";"Rigid";"PROG";"EUR/kWh";2030;"-0.01";"Sensitivity | Removed policies | Removed diesel efficiency gains";"Electricity"
"OPEX";"Charging Infrastructure";"FR";"Depot - Network fees savings potential";"Tractor-Trailer";"PROG";"EUR/kWh";2030;"-0.01";"Sensitivity | Removed policies | Removed diesel efficiency gains";"Electricity"
"OPEX";"Charging Infrastructure";"IT";"Depot - Network fees savings potential";"Rigid";"PROG";"EUR/kWh";2030;"-0.01";"Sensitivity | Removed policies | Removed diesel efficiency gains";"Electricity"
"OPEX";"Charging Infrastructure";"IT";"Depot - Network fees savings potential";"Tractor-Trailer";"PROG";"EUR/kWh";2030;"-0.01";"Sensitivity | Removed policies | Removed diesel efficiency gains";"Electricity"
"OPEX";"Charging Infrastructure";"NL";"Depot - Network fees savings potential";"Rigid";"PROG";"EUR/kWh";2030;"-0.01";"Sensitivity | Removed policies | Removed diesel efficiency gains";"Electricity"
"OPEX";"Charging Infrastructure";"NL";"Depot - Network fees savings potential";"Tractor-Trailer";"PROG";"EUR/kWh";2030;"-0.01";"Sensitivity | Removed policies | Removed diesel efficiency gains";"Electricity"
"OPEX";"Charging Infrastructure";"PL";"Depot - Network fees savings potential";"Rigid";"PROG";"EUR/kWh";2030;"-0.01";"Sensitivity | Removed policies | Removed diesel efficiency gains";"Electricity"
"OPEX";"Charging Infrastructure";"PL";"Depot - Network fees savings potential";"Tractor-Trailer";"PROG";"EUR/kWh";2030;"-0.01";"Sensitivity | Removed policies | Removed diesel efficiency gains";"Electricity"
"OPEX";"Charging Infrastructure";"UK";"Depot - Network fees savings potential";"Rigid";"PROG";"EUR/kWh";2030;"-0.01";"Sensitivity | Removed policies | Removed diesel efficiency gains";"Electricity"
"OPEX";"Charging Infrastructure";"UK";"Depot - Network fees savings potential";"Tractor-Trailer";"PROG";"EUR/kWh";2030;"-0.01";"Sensitivity | Removed policies | Removed diesel efficiency gains";"Electricity"
"OPEX";"Taxes";"DE";"Tax reduction";"Rigid";"PROG";"%";2030;"0";"Sensitivity | Removed policies | Removed diesel efficiency gains";"Hydrogen"
"OPEX";"Taxes";"DE";"Tax reduction";"Tractor-Trailer";"PROG";"%";2030;"0";"Sensitivity | Removed policies | Removed diesel efficiency gains";"Hydrogen"
"OPEX";"Taxes";"ES";"Tax reduction";"Rigid";"PROG";"%";2030;"0";"Sensitivity | Removed policies | Removed diesel efficiency gains";"Hydrogen"
"OPEX";"Taxes";"ES";"Tax reduction";"Tractor-Trailer";"PROG";"%";2030;"0";"Sensitivity | Removed policies | Removed diesel efficiency gains";"Hydrogen"
"OPEX";"Taxes";"FR";"Tax reduction";"Rigid";"PROG";"%";2030;"0";"Sensitivity | Removed policies | Removed diesel efficiency gains";"Hydrogen"
"OPEX";"Taxes";"FR";"Tax reduction";"Tractor-Trailer";"PROG";"%";2030;"0";"Sensitivity | Removed policies | Removed diesel efficiency gains";"Hydrogen"
"OPEX";"Taxes";"IT";"Tax reduction";"Rigid";"PROG";"%";2030;"0";"Sensitivity | Removed policies | Removed diesel efficiency gains";"Hydrogen"
"OPEX";"Taxes";"IT";"Tax reduction";"Tractor-Trailer";"PROG";"%";2030;"0";"Sensitivity | Removed policies | Removed diesel efficiency gains";"Hydrogen"
"OPEX";"Taxes";"NL";"Tax reduction";"Rigid";"PROG";"%";2030;"0";"Sensitivity | Removed policies | Removed diesel efficiency gains";"Hydrogen"
"OPEX";"Taxes";"NL";"Tax reduction";"Tractor-Trailer";"PROG";"%";2030;"0";"Sensitivity | Removed policies | Removed diesel efficiency gains";"Hydrogen"
"OPEX";"Taxes";"PL";"Tax reduction";"Rigid";"PROG";"%";2030;"0";"Sensitivity | Removed policies | Removed diesel efficiency gains";"Hydrogen"
"OPEX";"Taxes";"PL";"Tax reduction";"Tractor-Trailer";"PROG";"%";2030;"0";"Sensitivity | Removed policies | Removed diesel efficiency gains";"Hydrogen"
"OPEX";"Taxes";"UK";"Tax reduction";"Rigid";"PROG";"%";2030;"0";"Sensitivity | Removed policies | Removed diesel efficiency gains";"Hydrogen"
"OPEX";"Taxes";"UK";"Tax reduction";"Tractor-Trailer";"PROG";"%";2030;"0";"Sensitivity | Removed policies | Removed diesel efficiency gains";"Hydrogen"
"OPEX";"Taxes";"DE";"Excise Duty - Diesel";"Rigid";"BAU";"EUR/kWh";2030;"0.047";"Sensitivity | Removed policies | Removed diesel efficiency gains";"Diesel"
"OPEX";"Taxes";"DE";"Excise Duty - Diesel";"Tractor-Trailer";"BAU";"EUR/kWh";2030;"0.047";"Sensitivity | Removed policies | Removed diesel efficiency gains";"Diesel"
"OPEX";"Taxes";"DE";"Excise Duty - Diesel";"Rigid";"PROG";"EUR/kWh";2030;"0.047";"Sensitivity | Removed policies | Removed diesel efficiency gains";"Diesel"
"OPEX";"Taxes";"DE";"Excise Duty - Diesel";"Tractor-Trailer";"PROG";"EUR/kWh";2030;"0.047";"Sensitivity | Removed policies | Removed diesel efficiency gains";"Diesel"
"OPEX";"Taxes";"ES";"Excise Duty - Diesel";"Rigid";"BAU";"EUR/kWh";2030;"0.038";"Sensitivity | Removed policies | Removed diesel efficiency gains";"Diesel"
"OPEX";"Taxes";"ES";"Excise Duty - Diesel";"Tractor-Trailer";"BAU";"EUR/kWh";2030;"0.038";"Sensitivity | Removed policies | Removed diesel efficiency gains";"Diesel"
"OPEX";"Taxes";"ES";"Excise Duty - Diesel";"Rigid";"PROG";"EUR/kWh";2030;"0.038";"Sensitivity | Removed policies | Removed diesel efficiency gains";"Diesel"
"OPEX";"Taxes";"ES";"Excise Duty - Diesel";"Tractor-Trailer";"PROG";"EUR/kWh";2030;"0.038";"Sensitivity | Removed policies | Removed diesel efficiency gains";"Diesel"
"OPEX";"Taxes";"FR";"Excise Duty - Diesel";"Rigid";"BAU";"EUR/kWh";2030;"0.06";"Sensitivity | Removed policies | Removed diesel efficiency gains";"Diesel"
"OPEX";"Taxes";"FR";"Excise Duty - Diesel";"Tractor-Trailer";"BAU";"EUR/kWh";2030;"0.06";"Sensitivity | Removed policies | Removed diesel efficiency gains";"Diesel"
"OPEX";"Taxes";"FR";"Excise Duty - Diesel";"Rigid";"PROG";"EUR/kWh";2030;"0.06";"Sensitivity | Removed policies | Removed diesel efficiency gains";"Diesel"
"OPEX";"Taxes";"FR";"Excise Duty - Diesel";"Tractor-Trailer";"PROG";"EUR/kWh";2030;"0.06";"Sensitivity | Removed policies | Removed diesel efficiency gains";"Diesel"
"OPEX";"Taxes";"IT";"Excise Duty - Diesel";"Rigid";"BAU";"EUR/kWh";2030;"0.062";"Sensitivity | Removed policies | Removed diesel efficiency gains";"Diesel"
"OPEX";"Taxes";"IT";"Excise Duty - Diesel";"Tractor-Trailer";"BAU";"EUR/kWh";2030;"0.062";"Sensitivity | Removed policies | Removed diesel efficiency gains";"Diesel"
"OPEX";"Taxes";"IT";"Excise Duty - Diesel";"Rigid";"PROG";"EUR/kWh";2030;"0.062";"Sensitivity | Removed policies | Removed diesel efficiency gains";"Diesel"
"OPEX";"Taxes";"IT";"Excise Duty - Diesel";"Tractor-Trailer";"PROG";"EUR/kWh";2030;"0.062";"Sensitivity | Removed policies | Removed diesel efficiency gains";"Diesel"
"OPEX";"Taxes";"NL";"Excise Duty - Diesel";"Rigid";"BAU";"EUR/kWh";2030;"0.053";"Sensitivity | Removed policies | Removed diesel efficiency gains";"Diesel"
"OPEX";"Taxes";"NL";"Excise Duty - Diesel";"Tractor-Trailer";"BAU";"EUR/kWh";2030;"0.053";"Sensitivity | Removed policies | Removed diesel efficiency gains";"Diesel"
"OPEX";"Taxes";"NL";"Excise Duty - Diesel";"Rigid";"PROG";"EUR/kWh";2030;"0.053";"Sensitivity | Removed policies | Removed diesel efficiency gains";"Diesel"
"OPEX";"Taxes";"NL";"Excise Duty - Diesel";"Tractor-Trailer";"PROG";"EUR/kWh";2030;"0.053";"Sensitivity | Removed policies | Removed diesel efficiency gains";"Diesel"
"OPEX";"Taxes";"PL";"Excise Duty - Diesel";"Rigid";"BAU";"EUR/kWh";2030;"0.033";"Sensitivity | Removed policies | Removed diesel efficiency gains";"Diesel"
"OPEX";"Taxes";"PL";"Excise Duty - Diesel";"Tractor-Trailer";"BAU";"EUR/kWh";2030;"0.033";"Sensitivity | Removed policies | Removed diesel efficiency gains";"Diesel"
"OPEX";"Taxes";"PL";"Excise Duty - Diesel";"Rigid";"PROG";"EUR/kWh";2030;"0.033";"Sensitivity | Removed policies | Removed diesel efficiency gains";"Diesel"
"OPEX";"Taxes";"PL";"Excise Duty - Diesel";"Tractor-Trailer";"PROG";"EUR/kWh";2030;"0.033";"Sensitivity | Removed policies | Removed diesel efficiency gains";"Diesel"
"OPEX";"Taxes";"UK";"Excise Duty - Diesel";"Rigid";"BAU";"EUR/kWh";2030;"0.053";"Sensitivity | Removed policies | Removed diesel efficiency gains";"Diesel"
"OPEX";"Taxes";"UK";"Excise Duty - Diesel";"Tractor-Trailer";"BAU";"EUR/kWh";2030;"0.053";"Sensitivity | Removed policies | Removed diesel efficiency gains";"Diesel"
"OPEX";"Taxes";"UK";"Excise Duty - Diesel";"Rigid";"PROG";"EUR/kWh";2030;"0.053";"Sensitivity | Removed policies | Removed diesel efficiency gains";"Diesel"
"OPEX";"Taxes";"UK";"Excise Duty - Diesel";"Tractor-Trailer";"PROG";"EUR/kWh";2030;"0.053";"Sensitivity | Removed policies | Removed diesel efficiency gains";"Diesel"
"OPEX";"Taxes";"DE";"Excise Duty - Reduction biodiesel";"Rigid";"BAU";"%";2030;"0.5";"Sensitivity | Removed policies | Removed diesel efficiency gains";"Diesel"
"OPEX";"Taxes";"DE";"Excise Duty - Reduction biodiesel";"Tractor-Trailer";"BAU";"%";2030;"0.5";"Sensitivity | Removed policies | Removed diesel efficiency gains";"Diesel"
"OPEX";"Taxes";"DE";"Excise Duty - Reduction biodiesel";"Rigid";"PROG";"%";2030;"0.5";"Sensitivity | Removed policies | Removed diesel efficiency gains";"Diesel"
"OPEX";"Taxes";"DE";"Excise Duty - Reduction biodiesel";"Tractor-Trailer";"PROG";"%";2030;"0.5";"Sensitivity | Removed policies | Removed diesel efficiency gains";"Diesel"
"OPEX";"Taxes";"ES";"Excise Duty - Reduction biodiesel";"Rigid";"BAU";"%";2030;"0.5";"Sensitivity | Removed policies | Removed diesel efficiency gains";"Diesel"
"OPEX";"Taxes";"ES";"Excise Duty - Reduction biodiesel";"Tractor-Trailer";"BAU";"%";2030;"0.5";"Sensitivity | Removed policies | Removed diesel efficiency gains";"Diesel"
"OPEX";"Taxes";"ES";"Excise Duty - Reduction biodiesel";"Rigid";"PROG";"%";2030;"0.5";"Sensitivity | Removed policies | Removed diesel efficiency gains";"Diesel"
"OPEX";"Taxes";"ES";"Excise Duty - Reduction biodiesel";"Tractor-Trailer";"PROG";"%";2030;"0.5";"Sensitivity | Removed policies | Removed diesel efficiency gains";"Diesel"
"OPEX";"Taxes";"FR";"Excise Duty - Reduction biodiesel";"Rigid";"BAU";"%";2030;"0.5";"Sensitivity | Removed policies | Removed diesel efficiency gains";"Diesel"
"OPEX";"Taxes";"FR";"Excise Duty - Reduction biodiesel";"Tractor-Trailer";"BAU";"%";2030;"0.5";"Sensitivity | Removed policies | Removed diesel efficiency gains";"Diesel"
"OPEX";"Taxes";"FR";"Excise Duty - Reduction biodiesel";"Rigid";"PROG";"%";2030;"0.5";"Sensitivity | Removed policies | Removed diesel efficiency gains";"Diesel"
"OPEX";"Taxes";"FR";"Excise Duty - Reduction biodiesel";"Tractor-Trailer";"PROG";"%";2030;"0.5";"Sensitivity | Removed policies | Removed diesel efficiency gains";"Diesel"
"OPEX";"Taxes";"IT";"Excise Duty - Reduction biodiesel";"Rigid";"BAU";"%";2030;"0.5";"Sensitivity | Removed policies | Removed diesel efficiency gains";"Diesel"
"OPEX";"Taxes";"IT";"Excise Duty - Reduction biodiesel";"Tractor-Trailer";"BAU";"%";2030;"0.5";"Sensitivity | Removed policies | Removed diesel efficiency gains";"Diesel"
"OPEX";"Taxes";"IT";"Excise Duty - Reduction biodiesel";"Rigid";"PROG";"%";2030;"0.5";"Sensitivity | Removed policies | Removed diesel efficiency gains";"Diesel"
"OPEX";"Taxes";"IT";"Excise Duty - Reduction biodiesel";"Tractor-Trailer";"PROG";"%";2030;"0.5";"Sensitivity | Removed policies | Removed diesel efficiency gains";"Diesel"
"OPEX";"Taxes";"NL";"Excise Duty - Reduction biodiesel";"Rigid";"BAU";"%";2030;"0.5";"Sensitivity | Removed policies | Removed diesel efficiency gains";"Diesel"
"OPEX";"Taxes";"NL";"Excise Duty - Reduction biodiesel";"Tractor-Trailer";"BAU";"%";2030;"0.5";"Sensitivity | Removed policies | Removed diesel efficiency gains";"Diesel"
"OPEX";"Taxes";"NL";"Excise Duty - Reduction biodiesel";"Rigid";"PROG";"%";2030;"0.5";"Sensitivity | Removed policies | Removed diesel efficiency gains";"Diesel"
"OPEX";"Taxes";"NL";"Excise Duty - Reduction biodiesel";"Tractor-Trailer";"PROG";"%";2030;"0.5";"Sensitivity | Removed policies | Removed diesel efficiency gains";"Diesel"
"OPEX";"Taxes";"PL";"Excise Duty - Reduction biodiesel";"Rigid";"BAU";"%";2030;"0.5";"Sensitivity | Removed policies | Removed diesel efficiency gains";"Diesel"
"OPEX";"Taxes";"PL";"Excise Duty - Reduction biodiesel";"Tractor-Trailer";"BAU";"%";2030;"0.5";"Sensitivity | Removed policies | Removed diesel efficiency gains";"Diesel"
"OPEX";"Taxes";"PL";"Excise Duty - Reduction biodiesel";"Rigid";"PROG";"%";2030;"0.5";"Sensitivity | Removed policies | Removed diesel efficiency gains";"Diesel"
"OPEX";"Taxes";"PL";"Excise Duty - Reduction biodiesel";"Tractor-Trailer";"PROG";"%";2030;"0.5";"Sensitivity | Removed policies | Removed diesel efficiency gains";"Diesel"
"OPEX";"Taxes";"UK";"Excise Duty - Reduction biodiesel";"Rigid";"BAU";"%";2030;"0.5";"Sensitivity | Removed policies | Removed diesel efficiency gains";"Diesel"
"OPEX";"Taxes";"UK";"Excise Duty - Reduction biodiesel";"Tractor-Trailer";"BAU";"%";2030;"0.5";"Sensitivity | Removed policies | Removed diesel efficiency gains";"Diesel"
"OPEX";"Taxes";"UK";"Excise Duty - Reduction biodiesel";"Rigid";"PROG";"%";2030;"0.5";"Sensitivity | Removed policies | Removed diesel efficiency gains";"Diesel"
"OPEX";"Taxes";"UK";"Excise Duty - Reduction biodiesel";"Tractor-Trailer";"PROG";"%";2030;"0.5";"Sensitivity | Removed policies | Removed diesel efficiency gains";"Diesel"
"OPEX";"Taxes";"DE";"Excise Duty - Reduction Synthetic Diesel (E-Fuels)";"Rigid";"BAU";"%";2030;"0.5";"Sensitivity | Removed policies | Removed diesel efficiency gains";"Diesel"
"OPEX";"Taxes";"DE";"Excise Duty - Reduction Synthetic Diesel (E-Fuels)";"Tractor-Trailer";"BAU";"%";2030;"0.5";"Sensitivity | Removed policies | Removed diesel efficiency gains";"Diesel"
"OPEX";"Taxes";"DE";"Excise Duty - Reduction Synthetic Diesel (E-Fuels)";"Rigid";"PROG";"%";2030;"0.5";"Sensitivity | Removed policies | Removed diesel efficiency gains";"Diesel"
"OPEX";"Taxes";"DE";"Excise Duty - Reduction Synthetic Diesel (E-Fuels)";"Tractor-Trailer";"PROG";"%";2030;"0.5";"Sensitivity | Removed policies | Removed diesel efficiency gains";"Diesel"
"OPEX";"Taxes";"ES";"Excise Duty - Reduction Synthetic Diesel (E-Fuels)";"Rigid";"BAU";"%";2030;"0.5";"Sensitivity | Removed policies | Removed diesel efficiency gains";"Diesel"
"OPEX";"Taxes";"ES";"Excise Duty - Reduction Synthetic Diesel (E-Fuels)";"Tractor-Trailer";"BAU";"%";2030;"0.5";"Sensitivity | Removed policies | Removed diesel efficiency gains";"Diesel"
"OPEX";"Taxes";"ES";"Excise Duty - Reduction Synthetic Diesel (E-Fuels)";"Rigid";"PROG";"%";2030;"0.5";"Sensitivity | Removed policies | Removed diesel efficiency gains";"Diesel"
"OPEX";"Taxes";"ES";"Excise Duty - Reduction Synthetic Diesel (E-Fuels)";"Tractor-Trailer";"PROG";"%";2030;"0.5";"Sensitivity | Removed policies | Removed diesel efficiency gains";"Diesel"
"OPEX";"Taxes";"FR";"Excise Duty - Reduction Synthetic Diesel (E-Fuels)";"Rigid";"BAU";"%";2030;"0.5";"Sensitivity | Removed policies | Removed diesel efficiency gains";"Diesel"
"OPEX";"Taxes";"FR";"Excise Duty - Reduction Synthetic Diesel (E-Fuels)";"Tractor-Trailer";"BAU";"%";2030;"0.5";"Sensitivity | Removed policies | Removed diesel efficiency gains";"Diesel"
"OPEX";"Taxes";"FR";"Excise Duty - Reduction Synthetic Diesel (E-Fuels)";"Rigid";"PROG";"%";2030;"0.5";"Sensitivity | Removed policies | Removed diesel efficiency gains";"Diesel"
"OPEX";"Taxes";"FR";"Excise Duty - Reduction Synthetic Diesel (E-Fuels)";"Tractor-Trailer";"PROG";"%";2030;"0.5";"Sensitivity | Removed policies | Removed diesel efficiency gains";"Diesel"
"OPEX";"Taxes";"IT";"Excise Duty - Reduction Synthetic Diesel (E-Fuels)";"Rigid";"BAU";"%";2030;"0.5";"Sensitivity | Removed policies | Removed diesel efficiency gains";"Diesel"
"OPEX";"Taxes";"IT";"Excise Duty - Reduction Synthetic Diesel (E-Fuels)";"Tractor-Trailer";"BAU";"%";2030;"0.5";"Sensitivity | Removed policies | Removed diesel efficiency gains";"Diesel"
"OPEX";"Taxes";"IT";"Excise Duty - Reduction Synthetic Diesel (E-Fuels)";"Rigid";"PROG";"%";2030;"0.5";"Sensitivity | Removed policies | Removed diesel efficiency gains";"Diesel"
"OPEX";"Taxes";"IT";"Excise Duty - Reduction Synthetic Diesel (E-Fuels)";"Tractor-Trailer";"PROG";"%";2030;"0.5";"Sensitivity | Removed policies | Removed diesel efficiency gains";"Diesel"
"OPEX";"Taxes";"NL";"Excise Duty - Reduction Synthetic Diesel (E-Fuels)";"Rigid";"BAU";"%";2030;"0.5";"Sensitivity | Removed policies | Removed diesel efficiency gains";"Diesel"
"OPEX";"Taxes";"NL";"Excise Duty - Reduction Synthetic Diesel (E-Fuels)";"Tractor-Trailer";"BAU";"%";2030;"0.5";"Sensitivity | Removed policies | Removed diesel efficiency gains";"Diesel"
"OPEX";"Taxes";"NL";"Excise Duty - Reduction Synthetic Diesel (E-Fuels)";"Rigid";"PROG";"%";2030;"0.5";"Sensitivity | Removed policies | Removed diesel efficiency gains";"Diesel"
"OPEX";"Taxes";"NL";"Excise Duty - Reduction Synthetic Diesel (E-Fuels)";"Tractor-Trailer";"PROG";"%";2030;"0.5";"Sensitivity | Removed policies | Removed diesel efficiency gains";"Diesel"
"OPEX";"Taxes";"PL";"Excise Duty - Reduction Synthetic Diesel (E-Fuels)";"Rigid";"BAU";"%";2030;"0.5";"Sensitivity | Removed policies | Removed diesel efficiency gains";"Diesel"
"OPEX";"Taxes";"PL";"Excise Duty - Reduction Synthetic Diesel (E-Fuels)";"Tractor-Trailer";"BAU";"%";2030;"0.5";"Sensitivity | Removed policies | Removed diesel efficiency gains";"Diesel"
"OPEX";"Taxes";"PL";"Excise Duty - Reduction Synthetic Diesel (E-Fuels)";"Rigid";"PROG";"%";2030;"0.5";"Sensitivity | Removed policies | Removed diesel efficiency gains";"Diesel"
"OPEX";"Taxes";"PL";"Excise Duty - Reduction Synthetic Diesel (E-Fuels)";"Tractor-Trailer";"PROG";"%";2030;"0.5";"Sensitivity | Removed policies | Removed diesel efficiency gains";"Diesel"
"OPEX";"Taxes";"UK";"Excise Duty - Reduction Synthetic Diesel (E-Fuels)";"Rigid";"BAU";"%";2030;"0.5";"Sensitivity | Removed policies | Removed diesel efficiency gains";"Diesel"
"OPEX";"Taxes";"UK";"Excise Duty - Reduction Synthetic Diesel (E-Fuels)";"Tractor-Trailer";"BAU";"%";2030;"0.5";"Sensitivity | Removed policies | Removed diesel efficiency gains";"Diesel"
"OPEX";"Taxes";"UK";"Excise Duty - Reduction Synthetic Diesel (E-Fuels)";"Rigid";"PROG";"%";2030;"0.5";"Sensitivity | Removed policies | Removed diesel efficiency gains";"Diesel"
"OPEX";"Taxes";"UK";"Excise Duty - Reduction Synthetic Diesel (E-Fuels)";"Tractor-Trailer";"PROG";"%";2030;"0.5";"Sensitivity | Removed policies | Removed diesel efficiency gains";"Diesel"
"OPEX";"Taxes";"DE";"Taxes, Fees, Levies and charges - H2";"Rigid";"BAU";"EUR/kWh";2030;"0.015";"Sensitivity | Removed policies | Removed diesel efficiency gains";"Hydrogen"
"OPEX";"Taxes";"DE";"Taxes, Fees, Levies and charges - H2";"Tractor-Trailer";"BAU";"EUR/kWh";2030;"0.015";"Sensitivity | Removed policies | Removed diesel efficiency gains";"Hydrogen"
"OPEX";"Taxes";"DE";"Taxes, Fees, Levies and charges - H2";"Rigid";"PROG";"EUR/kWh";2030;"0.015";"Sensitivity | Removed policies | Removed diesel efficiency gains";"Hydrogen"
"OPEX";"Taxes";"DE";"Taxes, Fees, Levies and charges - H2";"Tractor-Trailer";"PROG";"EUR/kWh";2030;"0.015";"Sensitivity | Removed policies | Removed diesel efficiency gains";"Hydrogen"
"OPEX";"Taxes";"ES";"Taxes, Fees, Levies and charges - H2";"Rigid";"BAU";"EUR/kWh";2030;"0.008";"Sensitivity | Removed policies | Removed diesel efficiency gains";"Hydrogen"
"OPEX";"Taxes";"ES";"Taxes, Fees, Levies and charges - H2";"Tractor-Trailer";"BAU";"EUR/kWh";2030;"0.008";"Sensitivity | Removed policies | Removed diesel efficiency gains";"Hydrogen"
"OPEX";"Taxes";"ES";"Taxes, Fees, Levies and charges - H2";"Rigid";"PROG";"EUR/kWh";2030;"0.008";"Sensitivity | Removed policies | Removed diesel efficiency gains";"Hydrogen"
"OPEX";"Taxes";"ES";"Taxes, Fees, Levies and charges - H2";"Tractor-Trailer";"PROG";"EUR/kWh";2030;"0.008";"Sensitivity | Removed policies | Removed diesel efficiency gains";"Hydrogen"
"OPEX";"Taxes";"FR";"Taxes, Fees, Levies and charges - H2";"Rigid";"BAU";"EUR/kWh";2030;"0.012";"Sensitivity | Removed policies | Removed diesel efficiency gains";"Hydrogen"
"OPEX";"Taxes";"FR";"Taxes, Fees, Levies and charges - H2";"Tractor-Trailer";"BAU";"EUR/kWh";2030;"0.012";"Sensitivity | Removed policies | Removed diesel efficiency gains";"Hydrogen"
"OPEX";"Taxes";"FR";"Taxes, Fees, Levies and charges - H2";"Rigid";"PROG";"EUR/kWh";2030;"0.012";"Sensitivity | Removed policies | Removed diesel efficiency gains";"Hydrogen"
"OPEX";"Taxes";"FR";"Taxes, Fees, Levies and charges - H2";"Tractor-Trailer";"PROG";"EUR/kWh";2030;"0.012";"Sensitivity | Removed policies | Removed diesel efficiency gains";"Hydrogen"
"OPEX";"Taxes";"IT";"Taxes, Fees, Levies and charges - H2";"Rigid";"BAU";"EUR/kWh";2030;"0.009";"Sensitivity | Removed policies | Removed diesel efficiency gains";"Hydrogen"
"OPEX";"Taxes";"IT";"Taxes, Fees, Levies and charges - H2";"Tractor-Trailer";"BAU";"EUR/kWh";2030;"0.009";"Sensitivity | Removed policies | Removed diesel efficiency gains";"Hydrogen"
"OPEX";"Taxes";"IT";"Taxes, Fees, Levies and charges - H2";"Rigid";"PROG";"EUR/kWh";2030;"0.009";"Sensitivity | Removed policies | Removed diesel efficiency gains";"Hydrogen"
"OPEX";"Taxes";"IT";"Taxes, Fees, Levies and charges - H2";"Tractor-Trailer";"PROG";"EUR/kWh";2030;"0.009";"Sensitivity | Removed policies | Removed diesel efficiency gains";"Hydrogen"
"OPEX";"Taxes";"NL";"Taxes, Fees, Levies and charges - H2";"Rigid";"BAU";"EUR/kWh";2030;"0.024";"Sensitivity | Removed policies | Removed diesel efficiency gains";"Hydrogen"
"OPEX";"Taxes";"NL";"Taxes, Fees, Levies and charges - H2";"Tractor-Trailer";"BAU";"EUR/kWh";2030;"0.024";"Sensitivity | Removed policies | Removed diesel efficiency gains";"Hydrogen"
"OPEX";"Taxes";"NL";"Taxes, Fees, Levies and charges - H2";"Rigid";"PROG";"EUR/kWh";2030;"0.024";"Sensitivity | Removed policies | Removed diesel efficiency gains";"Hydrogen"
"OPEX";"Taxes";"NL";"Taxes, Fees, Levies and charges - H2";"Tractor-Trailer";"PROG";"EUR/kWh";2030;"0.024";"Sensitivity | Removed policies | Removed diesel efficiency gains";"Hydrogen"
"OPEX";"Taxes";"PL";"Taxes, Fees, Levies and charges - H2";"Rigid";"BAU";"EUR/kWh";2030;"0.009";"Sensitivity | Removed policies | Removed diesel efficiency gains";"Hydrogen"
"OPEX";"Taxes";"PL";"Taxes, Fees, Levies and charges - H2";"Tractor-Trailer";"BAU";"EUR/kWh";2030;"0.009";"Sensitivity | Removed policies | Removed diesel efficiency gains";"Hydrogen"
"OPEX";"Taxes";"PL";"Taxes, Fees, Levies and charges - H2";"Rigid";"PROG";"EUR/kWh";2030;"0.009";"Sensitivity | Removed policies | Removed diesel efficiency gains";"Hydrogen"
"OPEX";"Taxes";"PL";"Taxes, Fees, Levies and charges - H2";"Tractor-Trailer";"PROG";"EUR/kWh";2030;"0.009";"Sensitivity | Removed policies | Removed diesel efficiency gains";"Hydrogen"
"OPEX";"Taxes";"UK";"Taxes, Fees, Levies and charges - H2";"Rigid";"BAU";"EUR/kWh";2030;"0.006";"Sensitivity | Removed policies | Removed diesel efficiency gains";"Hydrogen"
"OPEX";"Taxes";"UK";"Taxes, Fees, Levies and charges - H2";"Tractor-Trailer";"BAU";"EUR/kWh";2030;"0.006";"Sensitivity | Removed policies | Removed diesel efficiency gains";"Hydrogen"
"OPEX";"Taxes";"UK";"Taxes, Fees, Levies and charges - H2";"Rigid";"PROG";"EUR/kWh";2030;"0.006";"Sensitivity | Removed policies | Removed diesel efficiency gains";"Hydrogen"
"OPEX";"Taxes";"UK";"Taxes, Fees, Levies and charges - H2";"Tractor-Trailer";"PROG";"EUR/kWh";2030;"0.006";"Sensitivity | Removed policies | Removed diesel efficiency gains";"Hydrogen"
"OPEX";"Charging Infrastructure";"DE";"MCS grid extension";"Rigid";"PROG";"EUR/kWh";2030;"0.075";"Sensitivity | Removed policies | Removed diesel efficiency gains";"Electricity"
"OPEX";"Charging Infrastructure";"DE";"MCS grid extension";"Tractor-Trailer";"PROG";"EUR/kWh";2030;"0.075";"Sensitivity | Removed policies | Removed diesel efficiency gains";"Electricity"
"OPEX";"Charging Infrastructure";"DE";"MCS grid extension";"Rigid";"BAU";"EUR/kWh";2030;"0.075";"Sensitivity | Removed policies | Removed diesel efficiency gains";"Electricity"
"OPEX";"Charging Infrastructure";"DE";"MCS grid extension";"Tractor-Trailer";"BAU";"EUR/kWh";2030;"0.075";"Sensitivity | Removed policies | Removed diesel efficiency gains";"Electricity"
"OPEX";"Charging Infrastructure";"ES";"MCS grid extension";"Rigid";"PROG";"EUR/kWh";2030;"0.075";"Sensitivity | Removed policies | Removed diesel efficiency gains";"Electricity"
"OPEX";"Charging Infrastructure";"ES";"MCS grid extension";"Tractor-Trailer";"PROG";"EUR/kWh";2030;"0.075";"Sensitivity | Removed policies | Removed diesel efficiency gains";"Electricity"
"OPEX";"Charging Infrastructure";"ES";"MCS grid extension";"Rigid";"BAU";"EUR/kWh";2030;"0.075";"Sensitivity | Removed policies | Removed diesel efficiency gains";"Electricity"
"OPEX";"Charging Infrastructure";"ES";"MCS grid extension";"Tractor-Trailer";"BAU";"EUR/kWh";2030;"0.075";"Sensitivity | Removed policies | Removed diesel efficiency gains";"Electricity"
"OPEX";"Charging Infrastructure";"FR";"MCS grid extension";"Rigid";"PROG";"EUR/kWh";2030;"0.075";"Sensitivity | Removed policies | Removed diesel efficiency gains";"Electricity"
"OPEX";"Charging Infrastructure";"FR";"MCS grid extension";"Tractor-Trailer";"PROG";"EUR/kWh";2030;"0.075";"Sensitivity | Removed policies | Removed diesel efficiency gains";"Electricity"
"OPEX";"Charging Infrastructure";"FR";"MCS grid extension";"Rigid";"BAU";"EUR/kWh";2030;"0.075";"Sensitivity | Removed policies | Removed diesel efficiency gains";"Electricity"
"OPEX";"Charging Infrastructure";"FR";"MCS grid extension";"Tractor-Trailer";"BAU";"EUR/kWh";2030;"0.075";"Sensitivity | Removed policies | Removed diesel efficiency gains";"Electricity"
"OPEX";"Charging Infrastructure";"IT";"MCS grid extension";"Rigid";"PROG";"EUR/kWh";2030;"0.075";"Sensitivity | Removed policies | Removed diesel efficiency gains";"Electricity"
"OPEX";"Charging Infrastructure";"IT";"MCS grid extension";"Tractor-Trailer";"PROG";"EUR/kWh";2030;"0.075";"Sensitivity | Removed policies | Removed diesel efficiency gains";"Electricity"
"OPEX";"Charging Infrastructure";"IT";"MCS grid extension";"Rigid";"BAU";"EUR/kWh";2030;"0.075";"Sensitivity | Removed policies | Removed diesel efficiency gains";"Electricity"
"OPEX";"Charging Infrastructure";"IT";"MCS grid extension";"Tractor-Trailer";"BAU";"EUR/kWh";2030;"0.075";"Sensitivity | Removed policies | Removed diesel efficiency gains";"Electricity"
"OPEX";"Charging Infrastructure";"NL";"MCS grid extension";"Rigid";"PROG";"EUR/kWh";2030;"0.075";"Sensitivity | Removed policies | Removed diesel efficiency gains";"Electricity"
"OPEX";"Charging Infrastructure";"NL";"MCS grid extension";"Tractor-Trailer";"PROG";"EUR/kWh";2030;"0.075";"Sensitivity | Removed policies | Removed diesel efficiency gains";"Electricity"
"OPEX";"Charging Infrastructure";"NL";"MCS grid extension";"Rigid";"BAU";"EUR/kWh";2030;"0.075";"Sensitivity | Removed policies | Removed diesel efficiency gains";"Electricity"
"OPEX";"Charging Infrastructure";"NL";"MCS grid extension";"Tractor-Trailer";"BAU";"EUR/kWh";2030;"0.075";"Sensitivity | Removed policies | Removed diesel efficiency gains";"Electricity"
"OPEX";"Charging Infrastructure";"PL";"MCS grid extension";"Rigid";"PROG";"EUR/kWh";2030;"0.075";"Sensitivity | Removed policies | Removed diesel efficiency gains";"Electricity"
"OPEX";"Charging Infrastructure";"PL";"MCS grid extension";"Tractor-Trailer";"PROG";"EUR/kWh";2030;"0.075";"Sensitivity | Removed policies | Removed diesel efficiency gains";"Electricity"
"OPEX";"Charging Infrastructure";"PL";"MCS grid extension";"Rigid";"BAU";"EUR/kWh";2030;"0.075";"Sensitivity | Removed policies | Removed diesel efficiency gains";"Electricity"
"OPEX";"Charging Infrastructure";"PL";"MCS grid extension";"Tractor-Trailer";"BAU";"EUR/kWh";2030;"0.075";"Sensitivity | Removed policies | Removed diesel efficiency gains";"Electricity"
"OPEX";"Charging Infrastructure";"UK";"MCS grid extension";"Rigid";"PROG";"EUR/kWh";2030;"0.075";"Sensitivity | Removed policies | Removed diesel efficiency gains";"Electricity"
"OPEX";"Charging Infrastructure";"UK";"MCS grid extension";"Tractor-Trailer";"PROG";"EUR/kWh";2030;"0.075";"Sensitivity | Removed policies | Removed diesel efficiency gains";"Electricity"
"OPEX";"Charging Infrastructure";"UK";"MCS grid extension";"Rigid";"BAU";"EUR/kWh";2030;"0.075";"Sensitivity | Removed policies | Removed diesel efficiency gains";"Electricity"
"OPEX";"Charging Infrastructure";"UK";"MCS grid extension";"Tractor-Trailer";"BAU";"EUR/kWh";2030;"0.075";"Sensitivity | Removed policies | Removed diesel efficiency gains";"Electricity"
"OPEX";"Charging Infrastructure";"DE";"MCS Profit and Mark-Up";"Rigid";"PROG";"%";2030;"0.1";"Sensitivity | Removed policies | Removed diesel efficiency gains";"Electricity"
"OPEX";"Charging Infrastructure";"DE";"MCS Profit and Mark-Up";"Tractor-Trailer";"PROG";"%";2030;"0.1";"Sensitivity | Removed policies | Removed diesel efficiency gains";"Electricity"
"OPEX";"Charging Infrastructure";"DE";"MCS Profit and Mark-Up";"Rigid";"BAU";"%";2030;"0.1";"Sensitivity | Removed policies | Removed diesel efficiency gains";"Electricity"
"OPEX";"Charging Infrastructure";"DE";"MCS Profit and Mark-Up";"Tractor-Trailer";"BAU";"%";2030;"0.1";"Sensitivity | Removed policies | Removed diesel efficiency gains";"Electricity"
"OPEX";"Charging Infrastructure";"ES";"MCS Profit and Mark-Up";"Rigid";"PROG";"%";2030;"0.1";"Sensitivity | Removed policies | Removed diesel efficiency gains";"Electricity"
"OPEX";"Charging Infrastructure";"ES";"MCS Profit and Mark-Up";"Tractor-Trailer";"PROG";"%";2030;"0.1";"Sensitivity | Removed policies | Removed diesel efficiency gains";"Electricity"
"OPEX";"Charging Infrastructure";"ES";"MCS Profit and Mark-Up";"Rigid";"BAU";"%";2030;"0.1";"Sensitivity | Removed policies | Removed diesel efficiency gains";"Electricity"
"OPEX";"Charging Infrastructure";"ES";"MCS Profit and Mark-Up";"Tractor-Trailer";"BAU";"%";2030;"0.1";"Sensitivity | Removed policies | Removed diesel efficiency gains";"Electricity"
"OPEX";"Charging Infrastructure";"FR";"MCS Profit and Mark-Up";"Rigid";"PROG";"%";2030;"0.1";"Sensitivity | Removed policies | Removed diesel efficiency gains";"Electricity"
"OPEX";"Charging Infrastructure";"FR";"MCS Profit and Mark-Up";"Tractor-Trailer";"PROG";"%";2030;"0.1";"Sensitivity | Removed policies | Removed diesel efficiency gains";"Electricity"
"OPEX";"Charging Infrastructure";"FR";"MCS Profit and Mark-Up";"Rigid";"BAU";"%";2030;"0.1";"Sensitivity | Removed policies | Removed diesel efficiency gains";"Electricity"
"OPEX";"Charging Infrastructure";"FR";"MCS Profit and Mark-Up";"Tractor-Trailer";"BAU";"%";2030;"0.1";"Sensitivity | Removed policies | Removed diesel efficiency gains";"Electricity"
"OPEX";"Charging Infrastructure";"IT";"MCS Profit and Mark-Up";"Rigid";"PROG";"%";2030;"0.1";"Sensitivity | Removed policies | Removed diesel efficiency gains";"Electricity"
"OPEX";"Charging Infrastructure";"IT";"MCS Profit and Mark-Up";"Tractor-Trailer";"PROG";"%";2030;"0.1";"Sensitivity | Removed policies | Removed diesel efficiency gains";"Electricity"
"OPEX";"Charging Infrastructure";"IT";"MCS Profit and Mark-Up";"Rigid";"BAU";"%";2030;"0.1";"Sensitivity | Removed policies | Removed diesel efficiency gains";"Electricity"
"OPEX";"Charging Infrastructure";"IT";"MCS Profit and Mark-Up";"Tractor-Trailer";"BAU";"%";2030;"0.1";"Sensitivity | Removed policies | Removed diesel efficiency gains";"Electricity"
"OPEX";"Charging Infrastructure";"NL";"MCS Profit and Mark-Up";"Rigid";"PROG";"%";2030;"0.1";"Sensitivity | Removed policies | Removed diesel efficiency gains";"Electricity"
"OPEX";"Charging Infrastructure";"NL";"MCS Profit and Mark-Up";"Tractor-Trailer";"PROG";"%";2030;"0.1";"Sensitivity | Removed policies | Removed diesel efficiency gains";"Electricity"
"OPEX";"Charging Infrastructure";"NL";"MCS Profit and Mark-Up";"Rigid";"BAU";"%";2030;"0.1";"Sensitivity | Removed policies | Removed diesel efficiency gains";"Electricity"
"OPEX";"Charging Infrastructure";"NL";"MCS Profit and Mark-Up";"Tractor-Trailer";"BAU";"%";2030;"0.1";"Sensitivity | Removed policies | Removed diesel efficiency gains";"Electricity"
"OPEX";"Charging Infrastructure";"PL";"MCS Profit and Mark-Up";"Rigid";"PROG";"%";2030;"0.1";"Sensitivity | Removed policies | Removed diesel efficiency gains";"Electricity"
"OPEX";"Charging Infrastructure";"PL";"MCS Profit and Mark-Up";"Tractor-Trailer";"PROG";"%";2030;"0.1";"Sensitivity | Removed policies | Removed diesel efficiency gains";"Electricity"
"OPEX";"Charging Infrastructure";"PL";"MCS Profit and Mark-Up";"Rigid";"BAU";"%";2030;"0.1";"Sensitivity | Removed policies | Removed diesel efficiency gains";"Electricity"
"OPEX";"Charging Infrastructure";"PL";"MCS Profit and Mark-Up";"Tractor-Trailer";"BAU";"%";2030;"0.1";"Sensitivity | Removed policies | Removed diesel efficiency gains";"Electricity"
"OPEX";"Charging Infrastructure";"UK";"MCS Profit and Mark-Up";"Rigid";"PROG";"%";2030;"0.1";"Sensitivity | Removed policies | Removed diesel efficiency gains";"Electricity"
"OPEX";"Charging Infrastructure";"UK";"MCS Profit and Mark-Up";"Tractor-Trailer";"PROG";"%";2030;"0.1";"Sensitivity | Removed policies | Removed diesel efficiency gains";"Electricity"
"OPEX";"Charging Infrastructure";"UK";"MCS Profit and Mark-Up";"Rigid";"BAU";"%";2030;"0.1";"Sensitivity | Removed policies | Removed diesel efficiency gains";"Electricity"
"OPEX";"Charging Infrastructure";"UK";"MCS Profit and Mark-Up";"Tractor-Trailer";"BAU";"%";2030;"0.1";"Sensitivity | Removed policies | Removed diesel efficiency gains";"Electricity"
"OPEX";"Charging Infrastructure";"DE";"CCS Station (Depot) - Incl. Overhead";"Rigid";"PROG";"EUR/kWh";2030;"0.029";"Sensitivity | Removed policies | Removed diesel efficiency gains";"Electricity"
"OPEX";"Charging Infrastructure";"DE";"CCS Station (Depot) - Incl. Overhead";"Tractor-Trailer";"PROG";"EUR/kWh";2030;"0.029";"Sensitivity | Removed policies | Removed diesel efficiency gains";"Electricity"
"OPEX";"Charging Infrastructure";"DE";"CCS Station (Depot) - Incl. Overhead";"Rigid";"BAU";"EUR/kWh";2030;"0.029";"Sensitivity | Removed policies | Removed diesel efficiency gains";"Electricity"
"OPEX";"Charging Infrastructure";"DE";"CCS Station (Depot) - Incl. Overhead";"Tractor-Trailer";"BAU";"EUR/kWh";2030;"0.029";"Sensitivity | Removed policies | Removed diesel efficiency gains";"Electricity"
"OPEX";"Charging Infrastructure";"ES";"CCS Station (Depot) - Incl. Overhead";"Rigid";"PROG";"EUR/kWh";2030;"0.029";"Sensitivity | Removed policies | Removed diesel efficiency gains";"Electricity"
"OPEX";"Charging Infrastructure";"ES";"CCS Station (Depot) - Incl. Overhead";"Tractor-Trailer";"PROG";"EUR/kWh";2030;"0.029";"Sensitivity | Removed policies | Removed diesel efficiency gains";"Electricity"
"OPEX";"Charging Infrastructure";"ES";"CCS Station (Depot) - Incl. Overhead";"Rigid";"BAU";"EUR/kWh";2030;"0.029";"Sensitivity | Removed policies | Removed diesel efficiency gains";"Electricity"
"OPEX";"Charging Infrastructure";"ES";"CCS Station (Depot) - Incl. Overhead";"Tractor-Trailer";"BAU";"EUR/kWh";2030;"0.029";"Sensitivity | Removed policies | Removed diesel efficiency gains";"Electricity"
"OPEX";"Charging Infrastructure";"FR";"CCS Station (Depot) - Incl. Overhead";"Rigid";"PROG";"EUR/kWh";2030;"0.029";"Sensitivity | Removed policies | Removed diesel efficiency gains";"Electricity"
"OPEX";"Charging Infrastructure";"FR";"CCS Station (Depot) - Incl. Overhead";"Tractor-Trailer";"PROG";"EUR/kWh";2030;"0.029";"Sensitivity | Removed policies | Removed diesel efficiency gains";"Electricity"
"OPEX";"Charging Infrastructure";"FR";"CCS Station (Depot) - Incl. Overhead";"Rigid";"BAU";"EUR/kWh";2030;"0.029";"Sensitivity | Removed policies | Removed diesel efficiency gains";"Electricity"
"OPEX";"Charging Infrastructure";"FR";"CCS Station (Depot) - Incl. Overhead";"Tractor-Trailer";"BAU";"EUR/kWh";2030;"0.029";"Sensitivity | Removed policies | Removed diesel efficiency gains";"Electricity"
"OPEX";"Charging Infrastructure";"IT";"CCS Station (Depot) - Incl. Overhead";"Rigid";"PROG";"EUR/kWh";2030;"0.029";"Sensitivity | Removed policies | Removed diesel efficiency gains";"Electricity"
"OPEX";"Charging Infrastructure";"IT";"CCS Station (Depot) - Incl. Overhead";"Tractor-Trailer";"PROG";"EUR/kWh";2030;"0.029";"Sensitivity | Removed policies | Removed diesel efficiency gains";"Electricity"
"OPEX";"Charging Infrastructure";"IT";"CCS Station (Depot) - Incl. Overhead";"Rigid";"BAU";"EUR/kWh";2030;"0.029";"Sensitivity | Removed policies | Removed diesel efficiency gains";"Electricity"
"OPEX";"Charging Infrastructure";"IT";"CCS Station (Depot) - Incl. Overhead";"Tractor-Trailer";"BAU";"EUR/kWh";2030;"0.029";"Sensitivity | Removed policies | Removed diesel efficiency gains";"Electricity"
"OPEX";"Charging Infrastructure";"NL";"CCS Station (Depot) - Incl. Overhead";"Rigid";"PROG";"EUR/kWh";2030;"0.029";"Sensitivity | Removed policies | Removed diesel efficiency gains";"Electricity"
"OPEX";"Charging Infrastructure";"NL";"CCS Station (Depot) - Incl. Overhead";"Tractor-Trailer";"PROG";"EUR/kWh";2030;"0.029";"Sensitivity | Removed policies | Removed diesel efficiency gains";"Electricity"
"OPEX";"Charging Infrastructure";"NL";"CCS Station (Depot) - Incl. Overhead";"Rigid";"BAU";"EUR/kWh";2030;"0.029";"Sensitivity | Removed policies | Removed diesel efficiency gains";"Electricity"
"OPEX";"Charging Infrastructure";"NL";"CCS Station (Depot) - Incl. Overhead";"Tractor-Trailer";"BAU";"EUR/kWh";2030;"0.029";"Sensitivity | Removed policies | Removed diesel efficiency gains";"Electricity"
"OPEX";"Charging Infrastructure";"PL";"CCS Station (Depot) - Incl. Overhead";"Rigid";"PROG";"EUR/kWh";2030;"0.029";"Sensitivity | Removed policies | Removed diesel efficiency gains";"Electricity"
"OPEX";"Charging Infrastructure";"PL";"CCS Station (Depot) - Incl. Overhead";"Tractor-Trailer";"PROG";"EUR/kWh";2030;"0.029";"Sensitivity | Removed policies | Removed diesel efficiency gains";"Electricity"
"OPEX";"Charging Infrastructure";"PL";"CCS Station (Depot) - Incl. Overhead";"Rigid";"BAU";"EUR/kWh";2030;"0.029";"Sensitivity | Removed policies | Removed diesel efficiency gains";"Electricity"
"OPEX";"Charging Infrastructure";"PL";"CCS Station (Depot) - Incl. Overhead";"Tractor-Trailer";"BAU";"EUR/kWh";2030;"0.029";"Sensitivity | Removed policies | Removed diesel efficiency gains";"Electricity"
"OPEX";"Charging Infrastructure";"UK";"CCS Station (Depot) - Incl. Overhead";"Rigid";"PROG";"EUR/kWh";2030;"0.029";"Sensitivity | Removed policies | Removed diesel efficiency gains";"Electricity"
"OPEX";"Charging Infrastructure";"UK";"CCS Station (Depot) - Incl. Overhead";"Tractor-Trailer";"PROG";"EUR/kWh";2030;"0.029";"Sensitivity | Removed policies | Removed diesel efficiency gains";"Electricity"
"OPEX";"Charging Infrastructure";"UK";"CCS Station (Depot) - Incl. Overhead";"Rigid";"BAU";"EUR/kWh";2030;"0.029";"Sensitivity | Removed policies | Removed diesel efficiency gains";"Electricity"
"OPEX";"Charging Infrastructure";"UK";"CCS Station (Depot) - Incl. Overhead";"Tractor-Trailer";"BAU";"EUR/kWh";2030;"0.029";"Sensitivity | Removed policies | Removed diesel efficiency gains";"Electricity"
"OPEX";"Charging Infrastructure";"DE";"CCS grid extension";"Rigid";"PROG";"EUR/kWh";2030;"0.045";"Sensitivity | Removed policies | Removed diesel efficiency gains";"Electricity"
"OPEX";"Charging Infrastructure";"DE";"CCS grid extension";"Tractor-Trailer";"PROG";"EUR/kWh";2030;"0.045";"Sensitivity | Removed policies | Removed diesel efficiency gains";"Electricity"
"OPEX";"Charging Infrastructure";"DE";"CCS grid extension";"Rigid";"BAU";"EUR/kWh";2030;"0.045";"Sensitivity | Removed policies | Removed diesel efficiency gains";"Electricity"
"OPEX";"Charging Infrastructure";"DE";"CCS grid extension";"Tractor-Trailer";"BAU";"EUR/kWh";2030;"0.045";"Sensitivity | Removed policies | Removed diesel efficiency gains";"Electricity"
"OPEX";"Charging Infrastructure";"ES";"CCS grid extension";"Rigid";"PROG";"EUR/kWh";2030;"0.045";"Sensitivity | Removed policies | Removed diesel efficiency gains";"Electricity"
"OPEX";"Charging Infrastructure";"ES";"CCS grid extension";"Tractor-Trailer";"PROG";"EUR/kWh";2030;"0.045";"Sensitivity | Removed policies | Removed diesel efficiency gains";"Electricity"
"OPEX";"Charging Infrastructure";"ES";"CCS grid extension";"Rigid";"BAU";"EUR/kWh";2030;"0.045";"Sensitivity | Removed policies | Removed diesel efficiency gains";"Electricity"
"OPEX";"Charging Infrastructure";"ES";"CCS grid extension";"Tractor-Trailer";"BAU";"EUR/kWh";2030;"0.045";"Sensitivity | Removed policies | Removed diesel efficiency gains";"Electricity"
"OPEX";"Charging Infrastructure";"FR";"CCS grid extension";"Rigid";"PROG";"EUR/kWh";2030;"0.045";"Sensitivity | Removed policies | Removed diesel efficiency gains";"Electricity"
"OPEX";"Charging Infrastructure";"FR";"CCS grid extension";"Tractor-Trailer";"PROG";"EUR/kWh";2030;"0.045";"Sensitivity | Removed policies | Removed diesel efficiency gains";"Electricity"
"OPEX";"Charging Infrastructure";"FR";"CCS grid extension";"Rigid";"BAU";"EUR/kWh";2030;"0.045";"Sensitivity | Removed policies | Removed diesel efficiency gains";"Electricity"
"OPEX";"Charging Infrastructure";"FR";"CCS grid extension";"Tractor-Trailer";"BAU";"EUR/kWh";2030;"0.045";"Sensitivity | Removed policies | Removed diesel efficiency gains";"Electricity"
"OPEX";"Charging Infrastructure";"IT";"CCS grid extension";"Rigid";"PROG";"EUR/kWh";2030;"0.045";"Sensitivity | Removed policies | Removed diesel efficiency gains";"Electricity"
"OPEX";"Charging Infrastructure";"IT";"CCS grid extension";"Tractor-Trailer";"PROG";"EUR/kWh";2030;"0.045";"Sensitivity | Removed policies | Removed diesel efficiency gains";"Electricity"
"OPEX";"Charging Infrastructure";"IT";"CCS grid extension";"Rigid";"BAU";"EUR/kWh";2030;"0.045";"Sensitivity | Removed policies | Removed diesel efficiency gains";"Electricity"
"OPEX";"Charging Infrastructure";"IT";"CCS grid extension";"Tractor-Trailer";"BAU";"EUR/kWh";2030;"0.045";"Sensitivity | Removed policies | Removed diesel efficiency gains";"Electricity"
"OPEX";"Charging Infrastructure";"NL";"CCS grid extension";"Rigid";"PROG";"EUR/kWh";2030;"0.045";"Sensitivity | Removed policies | Removed diesel efficiency gains";"Electricity"
"OPEX";"Charging Infrastructure";"NL";"CCS grid extension";"Tractor-Trailer";"PROG";"EUR/kWh";2030;"0.045";"Sensitivity | Removed policies | Removed diesel efficiency gains";"Electricity"
"OPEX";"Charging Infrastructure";"NL";"CCS grid extension";"Rigid";"BAU";"EUR/kWh";2030;"0.045";"Sensitivity | Removed policies | Removed diesel efficiency gains";"Electricity"
"OPEX";"Charging Infrastructure";"NL";"CCS grid extension";"Tractor-Trailer";"BAU";"EUR/kWh";2030;"0.045";"Sensitivity | Removed policies | Removed diesel efficiency gains";"Electricity"
"OPEX";"Charging Infrastructure";"PL";"CCS grid extension";"Rigid";"PROG";"EUR/kWh";2030;"0.045";"Sensitivity | Removed policies | Removed diesel efficiency gains";"Electricity"
"OPEX";"Charging Infrastructure";"PL";"CCS grid extension";"Tractor-Trailer";"PROG";"EUR/kWh";2030;"0.045";"Sensitivity | Removed policies | Removed diesel efficiency gains";"Electricity"
"OPEX";"Charging Infrastructure";"PL";"CCS grid extension";"Rigid";"BAU";"EUR/kWh";2030;"0.045";"Sensitivity | Removed policies | Removed diesel efficiency gains";"Electricity"
"OPEX";"Charging Infrastructure";"PL";"CCS grid extension";"Tractor-Trailer";"BAU";"EUR/kWh";2030;"0.045";"Sensitivity | Removed policies | Removed diesel efficiency gains";"Electricity"
"OPEX";"Charging Infrastructure";"UK";"CCS grid extension";"Rigid";"PROG";"EUR/kWh";2030;"0.045";"Sensitivity | Removed policies | Removed diesel efficiency gains";"Electricity"
"OPEX";"Charging Infrastructure";"UK";"CCS grid extension";"Tractor-Trailer";"PROG";"EUR/kWh";2030;"0.045";"Sensitivity | Removed policies | Removed diesel efficiency gains";"Electricity"
"OPEX";"Charging Infrastructure";"UK";"CCS grid extension";"Rigid";"BAU";"EUR/kWh";2030;"0.045";"Sensitivity | Removed policies | Removed diesel efficiency gains";"Electricity"
"OPEX";"Charging Infrastructure";"UK";"CCS grid extension";"Tractor-Trailer";"BAU";"EUR/kWh";2030;"0.045";"Sensitivity | Removed policies | Removed diesel efficiency gains";"Electricity"
"OPEX";"Diesel Infrastructure";"DE";"Total Diesel Mark-Up";"Rigid";"BAU";"EUR/kWh";2030;"0.018";"Sensitivity | Removed policies | Removed diesel efficiency gains";"Diesel"
"OPEX";"Diesel Infrastructure";"DE";"Total Diesel Mark-Up";"Tractor-Trailer";"BAU";"EUR/kWh";2030;"0.018";"Sensitivity | Removed policies | Removed diesel efficiency gains";"Diesel"
"OPEX";"Diesel Infrastructure";"DE";"Total Diesel Mark-Up";"Rigid";"PROG";"EUR/kWh";2030;"0.018";"Sensitivity | Removed policies | Removed diesel efficiency gains";"Diesel"
"OPEX";"Diesel Infrastructure";"DE";"Total Diesel Mark-Up";"Tractor-Trailer";"PROG";"EUR/kWh";2030;"0.018";"Sensitivity | Removed policies | Removed diesel efficiency gains";"Diesel"
"OPEX";"Diesel Infrastructure";"ES";"Total Diesel Mark-Up";"Rigid";"BAU";"EUR/kWh";2030;"0.018";"Sensitivity | Removed policies | Removed diesel efficiency gains";"Diesel"
"OPEX";"Diesel Infrastructure";"ES";"Total Diesel Mark-Up";"Tractor-Trailer";"BAU";"EUR/kWh";2030;"0.018";"Sensitivity | Removed policies | Removed diesel efficiency gains";"Diesel"
"OPEX";"Diesel Infrastructure";"ES";"Total Diesel Mark-Up";"Rigid";"PROG";"EUR/kWh";2030;"0.018";"Sensitivity | Removed policies | Removed diesel efficiency gains";"Diesel"
"OPEX";"Diesel Infrastructure";"ES";"Total Diesel Mark-Up";"Tractor-Trailer";"PROG";"EUR/kWh";2030;"0.018";"Sensitivity | Removed policies | Removed diesel efficiency gains";"Diesel"
"OPEX";"Diesel Infrastructure";"FR";"Total Diesel Mark-Up";"Rigid";"BAU";"EUR/kWh";2030;"0.018";"Sensitivity | Removed policies | Removed diesel efficiency gains";"Diesel"
"OPEX";"Diesel Infrastructure";"FR";"Total Diesel Mark-Up";"Tractor-Trailer";"BAU";"EUR/kWh";2030;"0.018";"Sensitivity | Removed policies | Removed diesel efficiency gains";"Diesel"
"OPEX";"Diesel Infrastructure";"FR";"Total Diesel Mark-Up";"Rigid";"PROG";"EUR/kWh";2030;"0.018";"Sensitivity | Removed policies | Removed diesel efficiency gains";"Diesel"
"OPEX";"Diesel Infrastructure";"FR";"Total Diesel Mark-Up";"Tractor-Trailer";"PROG";"EUR/kWh";2030;"0.018";"Sensitivity | Removed policies | Removed diesel efficiency gains";"Diesel"
"OPEX";"Diesel Infrastructure";"IT";"Total Diesel Mark-Up";"Rigid";"BAU";"EUR/kWh";2030;"0.018";"Sensitivity | Removed policies | Removed diesel efficiency gains";"Diesel"
"OPEX";"Diesel Infrastructure";"IT";"Total Diesel Mark-Up";"Tractor-Trailer";"BAU";"EUR/kWh";2030;"0.018";"Sensitivity | Removed policies | Removed diesel efficiency gains";"Diesel"
"OPEX";"Diesel Infrastructure";"IT";"Total Diesel Mark-Up";"Rigid";"PROG";"EUR/kWh";2030;"0.018";"Sensitivity | Removed policies | Removed diesel efficiency gains";"Diesel"
"OPEX";"Diesel Infrastructure";"IT";"Total Diesel Mark-Up";"Tractor-Trailer";"PROG";"EUR/kWh";2030;"0.018";"Sensitivity | Removed policies | Removed diesel efficiency gains";"Diesel"
"OPEX";"Diesel Infrastructure";"NL";"Total Diesel Mark-Up";"Rigid";"BAU";"EUR/kWh";2030;"0.018";"Sensitivity | Removed policies | Removed diesel efficiency gains";"Diesel"
"OPEX";"Diesel Infrastructure";"NL";"Total Diesel Mark-Up";"Tractor-Trailer";"BAU";"EUR/kWh";2030;"0.018";"Sensitivity | Removed policies | Removed diesel efficiency gains";"Diesel"
"OPEX";"Diesel Infrastructure";"NL";"Total Diesel Mark-Up";"Rigid";"PROG";"EUR/kWh";2030;"0.018";"Sensitivity | Removed policies | Removed diesel efficiency gains";"Diesel"
"OPEX";"Diesel Infrastructure";"NL";"Total Diesel Mark-Up";"Tractor-Trailer";"PROG";"EUR/kWh";2030;"0.018";"Sensitivity | Removed policies | Removed diesel efficiency gains";"Diesel"
"OPEX";"Diesel Infrastructure";"PL";"Total Diesel Mark-Up";"Rigid";"BAU";"EUR/kWh";2030;"0.018";"Sensitivity | Removed policies | Removed diesel efficiency gains";"Diesel"
"OPEX";"Diesel Infrastructure";"PL";"Total Diesel Mark-Up";"Tractor-Trailer";"BAU";"EUR/kWh";2030;"0.018";"Sensitivity | Removed policies | Removed diesel efficiency gains";"Diesel"
"OPEX";"Diesel Infrastructure";"PL";"Total Diesel Mark-Up";"Rigid";"PROG";"EUR/kWh";2030;"0.018";"Sensitivity | Removed policies | Removed diesel efficiency gains";"Diesel"
"OPEX";"Diesel Infrastructure";"PL";"Total Diesel Mark-Up";"Tractor-Trailer";"PROG";"EUR/kWh";2030;"0.018";"Sensitivity | Removed policies | Removed diesel efficiency gains";"Diesel"
"OPEX";"Diesel Infrastructure";"UK";"Total Diesel Mark-Up";"Rigid";"BAU";"EUR/kWh";2030;"0.018";"Sensitivity | Removed policies | Removed diesel efficiency gains";"Diesel"
"OPEX";"Diesel Infrastructure";"UK";"Total Diesel Mark-Up";"Tractor-Trailer";"BAU";"EUR/kWh";2030;"0.018";"Sensitivity | Removed policies | Removed diesel efficiency gains";"Diesel"
"OPEX";"Diesel Infrastructure";"UK";"Total Diesel Mark-Up";"Rigid";"PROG";"EUR/kWh";2030;"0.018";"Sensitivity | Removed policies | Removed diesel efficiency gains";"Diesel"
"OPEX";"Diesel Infrastructure";"UK";"Total Diesel Mark-Up";"Tractor-Trailer";"PROG";"EUR/kWh";2030;"0.018";"Sensitivity | Removed policies | Removed diesel efficiency gains";"Diesel"
"OPEX";"Diesel Infrastructure";"DE";"CO2 emission factor Biodiesel";"Rigid";"BAU";"%";2030;"0.166";"Sensitivity | Removed policies | Removed diesel efficiency gains";"Diesel"
"OPEX";"Diesel Infrastructure";"DE";"CO2 emission factor Biodiesel";"Tractor-Trailer";"BAU";"%";2030;"0.166";"Sensitivity | Removed policies | Removed diesel efficiency gains";"Diesel"
"OPEX";"Diesel Infrastructure";"DE";"CO2 emission factor Biodiesel";"Rigid";"PROG";"%";2030;"0.166";"Sensitivity | Removed policies | Removed diesel efficiency gains";"Diesel"
"OPEX";"Diesel Infrastructure";"DE";"CO2 emission factor Biodiesel";"Tractor-Trailer";"PROG";"%";2030;"0.166";"Sensitivity | Removed policies | Removed diesel efficiency gains";"Diesel"
"OPEX";"Diesel Infrastructure";"ES";"CO2 emission factor Biodiesel";"Rigid";"BAU";"%";2030;"0.166";"Sensitivity | Removed policies | Removed diesel efficiency gains";"Diesel"
"OPEX";"Diesel Infrastructure";"ES";"CO2 emission factor Biodiesel";"Tractor-Trailer";"BAU";"%";2030;"0.166";"Sensitivity | Removed policies | Removed diesel efficiency gains";"Diesel"
"OPEX";"Diesel Infrastructure";"ES";"CO2 emission factor Biodiesel";"Rigid";"PROG";"%";2030;"0.166";"Sensitivity | Removed policies | Removed diesel efficiency gains";"Diesel"
"OPEX";"Diesel Infrastructure";"ES";"CO2 emission factor Biodiesel";"Tractor-Trailer";"PROG";"%";2030;"0.166";"Sensitivity | Removed policies | Removed diesel efficiency gains";"Diesel"
"OPEX";"Diesel Infrastructure";"FR";"CO2 emission factor Biodiesel";"Rigid";"BAU";"%";2030;"0.166";"Sensitivity | Removed policies | Removed diesel efficiency gains";"Diesel"
"OPEX";"Diesel Infrastructure";"FR";"CO2 emission factor Biodiesel";"Tractor-Trailer";"BAU";"%";2030;"0.166";"Sensitivity | Removed policies | Removed diesel efficiency gains";"Diesel"
"OPEX";"Diesel Infrastructure";"FR";"CO2 emission factor Biodiesel";"Rigid";"PROG";"%";2030;"0.166";"Sensitivity | Removed policies | Removed diesel efficiency gains";"Diesel"
"OPEX";"Diesel Infrastructure";"FR";"CO2 emission factor Biodiesel";"Tractor-Trailer";"PROG";"%";2030;"0.166";"Sensitivity | Removed policies | Removed diesel efficiency gains";"Diesel"
"OPEX";"Diesel Infrastructure";"IT";"CO2 emission factor Biodiesel";"Rigid";"BAU";"%";2030;"0.166";"Sensitivity | Removed policies | Removed diesel efficiency gains";"Diesel"
"OPEX";"Diesel Infrastructure";"IT";"CO2 emission factor Biodiesel";"Tractor-Trailer";"BAU";"%";2030;"0.166";"Sensitivity | Removed policies | Removed diesel efficiency gains";"Diesel"
"OPEX";"Diesel Infrastructure";"IT";"CO2 emission factor Biodiesel";"Rigid";"PROG";"%";2030;"0.166";"Sensitivity | Removed policies | Removed diesel efficiency gains";"Diesel"
"OPEX";"Diesel Infrastructure";"IT";"CO2 emission factor Biodiesel";"Tractor-Trailer";"PROG";"%";2030;"0.166";"Sensitivity | Removed policies | Removed diesel efficiency gains";"Diesel"
"OPEX";"Diesel Infrastructure";"NL";"CO2 emission factor Biodiesel";"Rigid";"BAU";"%";2030;"0.166";"Sensitivity | Removed policies | Removed diesel efficiency gains";"Diesel"
"OPEX";"Diesel Infrastructure";"NL";"CO2 emission factor Biodiesel";"Tractor-Trailer";"BAU";"%";2030;"0.166";"Sensitivity | Removed policies | Removed diesel efficiency gains";"Diesel"
"OPEX";"Diesel Infrastructure";"NL";"CO2 emission factor Biodiesel";"Rigid";"PROG";"%";2030;"0.166";"Sensitivity | Removed policies | Removed diesel efficiency gains";"Diesel"
"OPEX";"Diesel Infrastructure";"NL";"CO2 emission factor Biodiesel";"Tractor-Trailer";"PROG";"%";2030;"0.166";"Sensitivity | Removed policies | Removed diesel efficiency gains";"Diesel"
"OPEX";"Diesel Infrastructure";"PL";"CO2 emission factor Biodiesel";"Rigid";"BAU";"%";2030;"0.166";"Sensitivity | Removed policies | Removed diesel efficiency gains";"Diesel"
"OPEX";"Diesel Infrastructure";"PL";"CO2 emission factor Biodiesel";"Tractor-Trailer";"BAU";"%";2030;"0.166";"Sensitivity | Removed policies | Removed diesel efficiency gains";"Diesel"
"OPEX";"Diesel Infrastructure";"PL";"CO2 emission factor Biodiesel";"Rigid";"PROG";"%";2030;"0.166";"Sensitivity | Removed policies | Removed diesel efficiency gains";"Diesel"
"OPEX";"Diesel Infrastructure";"PL";"CO2 emission factor Biodiesel";"Tractor-Trailer";"PROG";"%";2030;"0.166";"Sensitivity | Removed policies | Removed diesel efficiency gains";"Diesel"
"OPEX";"Diesel Infrastructure";"UK";"CO2 emission factor Biodiesel";"Rigid";"BAU";"%";2030;"0.166";"Sensitivity | Removed policies | Removed diesel efficiency gains";"Diesel"
"OPEX";"Diesel Infrastructure";"UK";"CO2 emission factor Biodiesel";"Tractor-Trailer";"BAU";"%";2030;"0.166";"Sensitivity | Removed policies | Removed diesel efficiency gains";"Diesel"
"OPEX";"Diesel Infrastructure";"UK";"CO2 emission factor Biodiesel";"Rigid";"PROG";"%";2030;"0.166";"Sensitivity | Removed policies | Removed diesel efficiency gains";"Diesel"
"OPEX";"Diesel Infrastructure";"UK";"CO2 emission factor Biodiesel";"Tractor-Trailer";"PROG";"%";2030;"0.166";"Sensitivity | Removed policies | Removed diesel efficiency gains";"Diesel"
"OPEX";"Diesel Infrastructure";"DE";"CO2 emission factor Pt-Diesel";"Rigid";"BAU";"%";2030;"0";"Sensitivity | Removed policies | Removed diesel efficiency gains";"Diesel"
"OPEX";"Diesel Infrastructure";"DE";"CO2 emission factor Pt-Diesel";"Tractor-Trailer";"BAU";"%";2030;"0";"Sensitivity | Removed policies | Removed diesel efficiency gains";"Diesel"
"OPEX";"Diesel Infrastructure";"DE";"CO2 emission factor Pt-Diesel";"Rigid";"PROG";"%";2030;"0";"Sensitivity | Removed policies | Removed diesel efficiency gains";"Diesel"
"OPEX";"Diesel Infrastructure";"DE";"CO2 emission factor Pt-Diesel";"Tractor-Trailer";"PROG";"%";2030;"0";"Sensitivity | Removed policies | Removed diesel efficiency gains";"Diesel"
"OPEX";"Diesel Infrastructure";"ES";"CO2 emission factor Pt-Diesel";"Rigid";"BAU";"%";2030;"0";"Sensitivity | Removed policies | Removed diesel efficiency gains";"Diesel"
"OPEX";"Diesel Infrastructure";"ES";"CO2 emission factor Pt-Diesel";"Tractor-Trailer";"BAU";"%";2030;"0";"Sensitivity | Removed policies | Removed diesel efficiency gains";"Diesel"
"OPEX";"Diesel Infrastructure";"ES";"CO2 emission factor Pt-Diesel";"Rigid";"PROG";"%";2030;"0";"Sensitivity | Removed policies | Removed diesel efficiency gains";"Diesel"
"OPEX";"Diesel Infrastructure";"ES";"CO2 emission factor Pt-Diesel";"Tractor-Trailer";"PROG";"%";2030;"0";"Sensitivity | Removed policies | Removed diesel efficiency gains";"Diesel"
"OPEX";"Diesel Infrastructure";"FR";"CO2 emission factor Pt-Diesel";"Rigid";"BAU";"%";2030;"0";"Sensitivity | Removed policies | Removed diesel efficiency gains";"Diesel"
"OPEX";"Diesel Infrastructure";"FR";"CO2 emission factor Pt-Diesel";"Tractor-Trailer";"BAU";"%";2030;"0";"Sensitivity | Removed policies | Removed diesel efficiency gains";"Diesel"
"OPEX";"Diesel Infrastructure";"FR";"CO2 emission factor Pt-Diesel";"Rigid";"PROG";"%";2030;"0";"Sensitivity | Removed policies | Removed diesel efficiency gains";"Diesel"
"OPEX";"Diesel Infrastructure";"FR";"CO2 emission factor Pt-Diesel";"Tractor-Trailer";"PROG";"%";2030;"0";"Sensitivity | Removed policies | Removed diesel efficiency gains";"Diesel"
"OPEX";"Diesel Infrastructure";"IT";"CO2 emission factor Pt-Diesel";"Rigid";"BAU";"%";2030;"0";"Sensitivity | Removed policies | Removed diesel efficiency gains";"Diesel"
"OPEX";"Diesel Infrastructure";"IT";"CO2 emission factor Pt-Diesel";"Tractor-Trailer";"BAU";"%";2030;"0";"Sensitivity | Removed policies | Removed diesel efficiency gains";"Diesel"
"OPEX";"Diesel Infrastructure";"IT";"CO2 emission factor Pt-Diesel";"Rigid";"PROG";"%";2030;"0";"Sensitivity | Removed policies | Removed diesel efficiency gains";"Diesel"
"OPEX";"Diesel Infrastructure";"IT";"CO2 emission factor Pt-Diesel";"Tractor-Trailer";"PROG";"%";2030;"0";"Sensitivity | Removed policies | Removed diesel efficiency gains";"Diesel"
"OPEX";"Diesel Infrastructure";"NL";"CO2 emission factor Pt-Diesel";"Rigid";"BAU";"%";2030;"0";"Sensitivity | Removed policies | Removed diesel efficiency gains";"Diesel"
"OPEX";"Diesel Infrastructure";"NL";"CO2 emission factor Pt-Diesel";"Tractor-Trailer";"BAU";"%";2030;"0";"Sensitivity | Removed policies | Removed diesel efficiency gains";"Diesel"
"OPEX";"Diesel Infrastructure";"NL";"CO2 emission factor Pt-Diesel";"Rigid";"PROG";"%";2030;"0";"Sensitivity | Removed policies | Removed diesel efficiency gains";"Diesel"
"OPEX";"Diesel Infrastructure";"NL";"CO2 emission factor Pt-Diesel";"Tractor-Trailer";"PROG";"%";2030;"0";"Sensitivity | Removed policies | Removed diesel efficiency gains";"Diesel"
"OPEX";"Diesel Infrastructure";"PL";"CO2 emission factor Pt-Diesel";"Rigid";"BAU";"%";2030;"0";"Sensitivity | Removed policies | Removed diesel efficiency gains";"Diesel"
"OPEX";"Diesel Infrastructure";"PL";"CO2 emission factor Pt-Diesel";"Tractor-Trailer";"BAU";"%";2030;"0";"Sensitivity | Removed policies | Removed diesel efficiency gains";"Diesel"
"OPEX";"Diesel Infrastructure";"PL";"CO2 emission factor Pt-Diesel";"Rigid";"PROG";"%";2030;"0";"Sensitivity | Removed policies | Removed diesel efficiency gains";"Diesel"
"OPEX";"Diesel Infrastructure";"PL";"CO2 emission factor Pt-Diesel";"Tractor-Trailer";"PROG";"%";2030;"0";"Sensitivity | Removed policies | Removed diesel efficiency gains";"Diesel"
"OPEX";"Diesel Infrastructure";"UK";"CO2 emission factor Pt-Diesel";"Rigid";"BAU";"%";2030;"0";"Sensitivity | Removed policies | Removed diesel efficiency gains";"Diesel"
"OPEX";"Diesel Infrastructure";"UK";"CO2 emission factor Pt-Diesel";"Tractor-Trailer";"BAU";"%";2030;"0";"Sensitivity | Removed policies | Removed diesel efficiency gains";"Diesel"
"OPEX";"Diesel Infrastructure";"UK";"CO2 emission factor Pt-Diesel";"Rigid";"PROG";"%";2030;"0";"Sensitivity | Removed policies | Removed diesel efficiency gains";"Diesel"
"OPEX";"Diesel Infrastructure";"UK";"CO2 emission factor Pt-Diesel";"Tractor-Trailer";"PROG";"%";2030;"0";"Sensitivity | Removed policies | Removed diesel efficiency gains";"Diesel"
"OPEX";"Taxes";"DE";"Network Costs - MCS";"Rigid";"BAU";"EUR/kWh";2030;"0.036";"Sensitivity | Removed policies | Removed diesel efficiency gains";"Electricity"
"OPEX";"Taxes";"DE";"Network Costs - MCS";"Tractor-Trailer";"BAU";"EUR/kWh";2030;"0.036";"Sensitivity | Removed policies | Removed diesel efficiency gains";"Electricity"
"OPEX";"Taxes";"ES";"Network Costs - MCS";"Rigid";"BAU";"EUR/kWh";2030;"0.02";"Sensitivity | Removed policies | Removed diesel efficiency gains";"Electricity"
"OPEX";"Taxes";"ES";"Network Costs - MCS";"Tractor-Trailer";"BAU";"EUR/kWh";2030;"0.02";"Sensitivity | Removed policies | Removed diesel efficiency gains";"Electricity"
"OPEX";"Taxes";"FR";"Network Costs - MCS";"Rigid";"BAU";"EUR/kWh";2030;"0.019";"Sensitivity | Removed policies | Removed diesel efficiency gains";"Electricity"
"OPEX";"Taxes";"FR";"Network Costs - MCS";"Tractor-Trailer";"BAU";"EUR/kWh";2030;"0.019";"Sensitivity | Removed policies | Removed diesel efficiency gains";"Electricity"
"OPEX";"Taxes";"IT";"Network Costs - MCS";"Rigid";"BAU";"EUR/kWh";2030;"0.016";"Sensitivity | Removed policies | Removed diesel efficiency gains";"Electricity"
"OPEX";"Taxes";"IT";"Network Costs - MCS";"Tractor-Trailer";"BAU";"EUR/kWh";2030;"0.016";"Sensitivity | Removed policies | Removed diesel efficiency gains";"Electricity"
"OPEX";"Taxes";"NL";"Network Costs - MCS";"Rigid";"BAU";"EUR/kWh";2030;"0.017";"Sensitivity | Removed policies | Removed diesel efficiency gains";"Electricity"
"OPEX";"Taxes";"NL";"Network Costs - MCS";"Tractor-Trailer";"BAU";"EUR/kWh";2030;"0.017";"Sensitivity | Removed policies | Removed diesel efficiency gains";"Electricity"
"OPEX";"Taxes";"PL";"Network Costs - MCS";"Rigid";"BAU";"EUR/kWh";2030;"0.02";"Sensitivity | Removed policies | Removed diesel efficiency gains";"Electricity"
"OPEX";"Taxes";"PL";"Network Costs - MCS";"Tractor-Trailer";"BAU";"EUR/kWh";2030;"0.02";"Sensitivity | Removed policies | Removed diesel efficiency gains";"Electricity"
"OPEX";"Taxes";"UK";"Network Costs - MCS";"Rigid";"BAU";"EUR/kWh";2030;"0.028";"Sensitivity | Removed policies | Removed diesel efficiency gains";"Electricity"
"OPEX";"Taxes";"UK";"Network Costs - MCS";"Tractor-Trailer";"BAU";"EUR/kWh";2030;"0.028";"Sensitivity | Removed policies | Removed diesel efficiency gains";"Electricity"
"OPEX";"Taxes";"DE";"Taxes, Fees, Levies and charges - MCS";"Rigid";"BAU";"EUR/kWh";2030;"0.068";"Sensitivity | Removed policies | Removed diesel efficiency gains";"Electricity"
"OPEX";"Taxes";"DE";"Taxes, Fees, Levies and charges - MCS";"Tractor-Trailer";"BAU";"EUR/kWh";2030;"0.068";"Sensitivity | Removed policies | Removed diesel efficiency gains";"Electricity"
"OPEX";"Taxes";"ES";"Taxes, Fees, Levies and charges - MCS";"Rigid";"BAU";"EUR/kWh";2030;"0.039";"Sensitivity | Removed policies | Removed diesel efficiency gains";"Electricity"
"OPEX";"Taxes";"ES";"Taxes, Fees, Levies and charges - MCS";"Tractor-Trailer";"BAU";"EUR/kWh";2030;"0.039";"Sensitivity | Removed policies | Removed diesel efficiency gains";"Electricity"
"OPEX";"Taxes";"FR";"Taxes, Fees, Levies and charges - MCS";"Rigid";"BAU";"EUR/kWh";2030;"0.032";"Sensitivity | Removed policies | Removed diesel efficiency gains";"Electricity"
"OPEX";"Taxes";"FR";"Taxes, Fees, Levies and charges - MCS";"Tractor-Trailer";"BAU";"EUR/kWh";2030;"0.032";"Sensitivity | Removed policies | Removed diesel efficiency gains";"Electricity"
"OPEX";"Taxes";"IT";"Taxes, Fees, Levies and charges - MCS";"Rigid";"BAU";"EUR/kWh";2030;"0.067";"Sensitivity | Removed policies | Removed diesel efficiency gains";"Electricity"
"OPEX";"Taxes";"IT";"Taxes, Fees, Levies and charges - MCS";"Tractor-Trailer";"BAU";"EUR/kWh";2030;"0.067";"Sensitivity | Removed policies | Removed diesel efficiency gains";"Electricity"
"OPEX";"Taxes";"NL";"Taxes, Fees, Levies and charges - MCS";"Rigid";"BAU";"EUR/kWh";2030;"0.055";"Sensitivity | Removed policies | Removed diesel efficiency gains";"Electricity"
"OPEX";"Taxes";"NL";"Taxes, Fees, Levies and charges - MCS";"Tractor-Trailer";"BAU";"EUR/kWh";2030;"0.055";"Sensitivity | Removed policies | Removed diesel efficiency gains";"Electricity"
"OPEX";"Taxes";"PL";"Taxes, Fees, Levies and charges - MCS";"Rigid";"BAU";"EUR/kWh";2030;"0.05";"Sensitivity | Removed policies | Removed diesel efficiency gains";"Electricity"
"OPEX";"Taxes";"PL";"Taxes, Fees, Levies and charges - MCS";"Tractor-Trailer";"BAU";"EUR/kWh";2030;"0.05";"Sensitivity | Removed policies | Removed diesel efficiency gains";"Electricity"
"OPEX";"Taxes";"UK";"Taxes, Fees, Levies and charges - MCS";"Rigid";"BAU";"EUR/kWh";2030;"0.078";"Sensitivity | Removed policies | Removed diesel efficiency gains";"Electricity"
"OPEX";"Taxes";"UK";"Taxes, Fees, Levies and charges - MCS";"Tractor-Trailer";"BAU";"EUR/kWh";2030;"0.078";"Sensitivity | Removed policies | Removed diesel efficiency gains";"Electricity"
"OPEX";"Taxes";"DE";"Network Costs - Depot";"Rigid";"BAU";"EUR/kWh";2030;"0.051";"Sensitivity | Removed policies | Removed diesel efficiency gains";"Electricity"
"OPEX";"Taxes";"DE";"Network Costs - Depot";"Tractor-Trailer";"BAU";"EUR/kWh";2030;"0.051";"Sensitivity | Removed policies | Removed diesel efficiency gains";"Electricity"
"OPEX";"Taxes";"ES";"Network Costs - Depot";"Rigid";"BAU";"EUR/kWh";2030;"0.041";"Sensitivity | Removed policies | Removed diesel efficiency gains";"Electricity"
"OPEX";"Taxes";"ES";"Network Costs - Depot";"Tractor-Trailer";"BAU";"EUR/kWh";2030;"0.041";"Sensitivity | Removed policies | Removed diesel efficiency gains";"Electricity"
"OPEX";"Taxes";"FR";"Network Costs - Depot";"Rigid";"BAU";"EUR/kWh";2030;"0.031";"Sensitivity | Removed policies | Removed diesel efficiency gains";"Electricity"
"OPEX";"Taxes";"FR";"Network Costs - Depot";"Tractor-Trailer";"BAU";"EUR/kWh";2030;"0.031";"Sensitivity | Removed policies | Removed diesel efficiency gains";"Electricity"
"OPEX";"Taxes";"IT";"Network Costs - Depot";"Rigid";"BAU";"EUR/kWh";2030;"0.021";"Sensitivity | Removed policies | Removed diesel efficiency gains";"Electricity"
"OPEX";"Taxes";"IT";"Network Costs - Depot";"Tractor-Trailer";"BAU";"EUR/kWh";2030;"0.021";"Sensitivity | Removed policies | Removed diesel efficiency gains";"Electricity"
"OPEX";"Taxes";"NL";"Network Costs - Depot";"Rigid";"BAU";"EUR/kWh";2030;"0.022";"Sensitivity | Removed policies | Removed diesel efficiency gains";"Electricity"
"OPEX";"Taxes";"NL";"Network Costs - Depot";"Tractor-Trailer";"BAU";"EUR/kWh";2030;"0.022";"Sensitivity | Removed policies | Removed diesel efficiency gains";"Electricity"
"OPEX";"Taxes";"PL";"Network Costs - Depot";"Rigid";"BAU";"EUR/kWh";2030;"0.032";"Sensitivity | Removed policies | Removed diesel efficiency gains";"Electricity"
"OPEX";"Taxes";"PL";"Network Costs - Depot";"Tractor-Trailer";"BAU";"EUR/kWh";2030;"0.032";"Sensitivity | Removed policies | Removed diesel efficiency gains";"Electricity"
"OPEX";"Taxes";"UK";"Network Costs - Depot";"Rigid";"BAU";"EUR/kWh";2030;"0.032";"Sensitivity | Removed policies | Removed diesel efficiency gains";"Electricity"
"OPEX";"Taxes";"UK";"Network Costs - Depot";"Tractor-Trailer";"BAU";"EUR/kWh";2030;"0.032";"Sensitivity | Removed policies | Removed diesel efficiency gains";"Electricity"
"OPEX";"Taxes";"DE";"Taxes, Fees, Levies and charges - Depot";"Rigid";"BAU";"EUR/kWh";2030;"0.078";"Sensitivity | Removed policies | Removed diesel efficiency gains";"Electricity"
"OPEX";"Taxes";"DE";"Taxes, Fees, Levies and charges - Depot";"Tractor-Trailer";"BAU";"EUR/kWh";2030;"0.078";"Sensitivity | Removed policies | Removed diesel efficiency gains";"Electricity"
"OPEX";"Taxes";"ES";"Taxes, Fees, Levies and charges - Depot";"Rigid";"BAU";"EUR/kWh";2030;"0.067";"Sensitivity | Removed policies | Removed diesel efficiency gains";"Electricity"
"OPEX";"Taxes";"ES";"Taxes, Fees, Levies and charges - Depot";"Tractor-Trailer";"BAU";"EUR/kWh";2030;"0.067";"Sensitivity | Removed policies | Removed diesel efficiency gains";"Electricity"
"OPEX";"Taxes";"FR";"Taxes, Fees, Levies and charges - Depot";"Rigid";"BAU";"EUR/kWh";2030;"0.048";"Sensitivity | Removed policies | Removed diesel efficiency gains";"Electricity"
"OPEX";"Taxes";"FR";"Taxes, Fees, Levies and charges - Depot";"Tractor-Trailer";"BAU";"EUR/kWh";2030;"0.048";"Sensitivity | Removed policies | Removed diesel efficiency gains";"Electricity"
"OPEX";"Taxes";"IT";"Taxes, Fees, Levies and charges - Depot";"Rigid";"BAU";"EUR/kWh";2030;"0.103";"Sensitivity | Removed policies | Removed diesel efficiency gains";"Electricity"
"OPEX";"Taxes";"IT";"Taxes, Fees, Levies and charges - Depot";"Tractor-Trailer";"BAU";"EUR/kWh";2030;"0.103";"Sensitivity | Removed policies | Removed diesel efficiency gains";"Electricity"
"OPEX";"Taxes";"NL";"Taxes, Fees, Levies and charges - Depot";"Rigid";"BAU";"EUR/kWh";2030;"0.062";"Sensitivity | Removed policies | Removed diesel efficiency gains";"Electricity"
"OPEX";"Taxes";"NL";"Taxes, Fees, Levies and charges - Depot";"Tractor-Trailer";"BAU";"EUR/kWh";2030;"0.062";"Sensitivity | Removed policies | Removed diesel efficiency gains";"Electricity"
"OPEX";"Taxes";"PL";"Taxes, Fees, Levies and charges - Depot";"Rigid";"BAU";"EUR/kWh";2030;"0.056";"Sensitivity | Removed policies | Removed diesel efficiency gains";"Electricity"
"OPEX";"Taxes";"PL";"Taxes, Fees, Levies and charges - Depot";"Tractor-Trailer";"BAU";"EUR/kWh";2030;"0.056";"Sensitivity | Removed policies | Removed diesel efficiency gains";"Electricity"
"OPEX";"Taxes";"UK";"Taxes, Fees, Levies and charges - Depot";"Rigid";"BAU";"EUR/kWh";2030;"0.086";"Sensitivity | Removed policies | Removed diesel efficiency gains";"Electricity"
"OPEX";"Taxes";"UK";"Taxes, Fees, Levies and charges - Depot";"Tractor-Trailer";"BAU";"EUR/kWh";2030;"0.086";"Sensitivity | Removed policies | Removed diesel efficiency gains";"Electricity"
"OPEX";"H2 Infrastructure";"DE";"HRS costs";"Rigid";"BAU";"EUR/kg H2";2030;"1.7";"Sensitivity | Removed policies | Removed diesel efficiency gains";"Hydrogen"
"OPEX";"H2 Infrastructure";"DE";"HRS costs";"Tractor-Trailer";"BAU";"EUR/kg H2";2030;"1.7";"Sensitivity | Removed policies | Removed diesel efficiency gains";"Hydrogen"
"OPEX";"H2 Infrastructure";"ES";"HRS costs";"Rigid";"BAU";"EUR/kg H2";2030;"1.7";"Sensitivity | Removed policies | Removed diesel efficiency gains";"Hydrogen"
"OPEX";"H2 Infrastructure";"ES";"HRS costs";"Tractor-Trailer";"BAU";"EUR/kg H2";2030;"1.7";"Sensitivity | Removed policies | Removed diesel efficiency gains";"Hydrogen"
"OPEX";"H2 Infrastructure";"FR";"HRS costs";"Rigid";"BAU";"EUR/kg H2";2030;"1.7";"Sensitivity | Removed policies | Removed diesel efficiency gains";"Hydrogen"
"OPEX";"H2 Infrastructure";"FR";"HRS costs";"Tractor-Trailer";"BAU";"EUR/kg H2";2030;"1.7";"Sensitivity | Removed policies | Removed diesel efficiency gains";"Hydrogen"
"OPEX";"H2 Infrastructure";"IT";"HRS costs";"Rigid";"BAU";"EUR/kg H2";2030;"1.7";"Sensitivity | Removed policies | Removed diesel efficiency gains";"Hydrogen"
"OPEX";"H2 Infrastructure";"IT";"HRS costs";"Tractor-Trailer";"BAU";"EUR/kg H2";2030;"1.7";"Sensitivity | Removed policies | Removed diesel efficiency gains";"Hydrogen"
"OPEX";"H2 Infrastructure";"NL";"HRS costs";"Rigid";"BAU";"EUR/kg H2";2030;"1.7";"Sensitivity | Removed policies | Removed diesel efficiency gains";"Hydrogen"
"OPEX";"H2 Infrastructure";"NL";"HRS costs";"Tractor-Trailer";"BAU";"EUR/kg H2";2030;"1.7";"Sensitivity | Removed policies | Removed diesel efficiency gains";"Hydrogen"
"OPEX";"H2 Infrastructure";"PL";"HRS costs";"Rigid";"BAU";"EUR/kg H2";2030;"1.7";"Sensitivity | Removed policies | Removed diesel efficiency gains";"Hydrogen"
"OPEX";"H2 Infrastructure";"PL";"HRS costs";"Tractor-Trailer";"BAU";"EUR/kg H2";2030;"1.7";"Sensitivity | Removed policies | Removed diesel efficiency gains";"Hydrogen"
"OPEX";"H2 Infrastructure";"UK";"HRS costs";"Rigid";"BAU";"EUR/kg H2";2030;"1.7";"Sensitivity | Removed policies | Removed diesel efficiency gains";"Hydrogen"
"OPEX";"H2 Infrastructure";"UK";"HRS costs";"Tractor-Trailer";"BAU";"EUR/kg H2";2030;"1.7";"Sensitivity | Removed policies | Removed diesel efficiency gains";"Hydrogen"
"OPEX";"H2 Infrastructure";"DE";"H2 transport and distribution";"Rigid";"BAU";"EUR/kg H2";2030;"1.5";"Sensitivity | Removed policies | Removed diesel efficiency gains";"Hydrogen"
"OPEX";"H2 Infrastructure";"DE";"H2 transport and distribution";"Tractor-Trailer";"BAU";"EUR/kg H2";2030;"1.5";"Sensitivity | Removed policies | Removed diesel efficiency gains";"Hydrogen"
"OPEX";"H2 Infrastructure";"ES";"H2 transport and distribution";"Rigid";"BAU";"EUR/kg H2";2030;"1.5";"Sensitivity | Removed policies | Removed diesel efficiency gains";"Hydrogen"
"OPEX";"H2 Infrastructure";"ES";"H2 transport and distribution";"Tractor-Trailer";"BAU";"EUR/kg H2";2030;"1.5";"Sensitivity | Removed policies | Removed diesel efficiency gains";"Hydrogen"
"OPEX";"H2 Infrastructure";"FR";"H2 transport and distribution";"Rigid";"BAU";"EUR/kg H2";2030;"1.5";"Sensitivity | Removed policies | Removed diesel efficiency gains";"Hydrogen"
"OPEX";"H2 Infrastructure";"FR";"H2 transport and distribution";"Tractor-Trailer";"BAU";"EUR/kg H2";2030;"1.5";"Sensitivity | Removed policies | Removed diesel efficiency gains";"Hydrogen"
"OPEX";"H2 Infrastructure";"IT";"H2 transport and distribution";"Rigid";"BAU";"EUR/kg H2";2030;"1.5";"Sensitivity | Removed policies | Removed diesel efficiency gains";"Hydrogen"
"OPEX";"H2 Infrastructure";"IT";"H2 transport and distribution";"Tractor-Trailer";"BAU";"EUR/kg H2";2030;"1.5";"Sensitivity | Removed policies | Removed diesel efficiency gains";"Hydrogen"
"OPEX";"H2 Infrastructure";"NL";"H2 transport and distribution";"Rigid";"BAU";"EUR/kg H2";2030;"1.5";"Sensitivity | Removed policies | Removed diesel efficiency gains";"Hydrogen"
"OPEX";"H2 Infrastructure";"NL";"H2 transport and distribution";"Tractor-Trailer";"BAU";"EUR/kg H2";2030;"1.5";"Sensitivity | Removed policies | Removed diesel efficiency gains";"Hydrogen"
"OPEX";"H2 Infrastructure";"PL";"H2 transport and distribution";"Rigid";"BAU";"EUR/kg H2";2030;"1.5";"Sensitivity | Removed policies | Removed diesel efficiency gains";"Hydrogen"
"OPEX";"H2 Infrastructure";"PL";"H2 transport and distribution";"Tractor-Trailer";"BAU";"EUR/kg H2";2030;"1.5";"Sensitivity | Removed policies | Removed diesel efficiency gains";"Hydrogen"
"OPEX";"H2 Infrastructure";"UK";"H2 transport and distribution";"Rigid";"BAU";"EUR/kg H2";2030;"1.5";"Sensitivity | Removed policies | Removed diesel efficiency gains";"Hydrogen"
"OPEX";"H2 Infrastructure";"UK";"H2 transport and distribution";"Tractor-Trailer";"BAU";"EUR/kg H2";2030;"1.5";"Sensitivity | Removed policies | Removed diesel efficiency gains";"Hydrogen"
"OPEX";"H2 Infrastructure";"DE";"HRS Overhead, Profit and Mark-Up";"Rigid";"BAU";"EUR/kg H2";2030;"0.25";"Sensitivity | Removed policies | Removed diesel efficiency gains";"Hydrogen"
"OPEX";"H2 Infrastructure";"DE";"HRS Overhead, Profit and Mark-Up";"Tractor-Trailer";"BAU";"EUR/kg H2";2030;"0.25";"Sensitivity | Removed policies | Removed diesel efficiency gains";"Hydrogen"
"OPEX";"H2 Infrastructure";"ES";"HRS Overhead, Profit and Mark-Up";"Rigid";"BAU";"EUR/kg H2";2030;"0.25";"Sensitivity | Removed policies | Removed diesel efficiency gains";"Hydrogen"
"OPEX";"H2 Infrastructure";"ES";"HRS Overhead, Profit and Mark-Up";"Tractor-Trailer";"BAU";"EUR/kg H2";2030;"0.25";"Sensitivity | Removed policies | Removed diesel efficiency gains";"Hydrogen"
"OPEX";"H2 Infrastructure";"FR";"HRS Overhead, Profit and Mark-Up";"Rigid";"BAU";"EUR/kg H2";2030;"0.25";"Sensitivity | Removed policies | Removed diesel efficiency gains";"Hydrogen"
"OPEX";"H2 Infrastructure";"FR";"HRS Overhead, Profit and Mark-Up";"Tractor-Trailer";"BAU";"EUR/kg H2";2030;"0.25";"Sensitivity | Removed policies | Removed diesel efficiency gains";"Hydrogen"
"OPEX";"H2 Infrastructure";"IT";"HRS Overhead, Profit and Mark-Up";"Rigid";"BAU";"EUR/kg H2";2030;"0.25";"Sensitivity | Removed policies | Removed diesel efficiency gains";"Hydrogen"
"OPEX";"H2 Infrastructure";"IT";"HRS Overhead, Profit and Mark-Up";"Tractor-Trailer";"BAU";"EUR/kg H2";2030;"0.25";"Sensitivity | Removed policies | Removed diesel efficiency gains";"Hydrogen"
"OPEX";"H2 Infrastructure";"NL";"HRS Overhead, Profit and Mark-Up";"Rigid";"BAU";"EUR/kg H2";2030;"0.25";"Sensitivity | Removed policies | Removed diesel efficiency gains";"Hydrogen"
"OPEX";"H2 Infrastructure";"NL";"HRS Overhead, Profit and Mark-Up";"Tractor-Trailer";"BAU";"EUR/kg H2";2030;"0.25";"Sensitivity | Removed policies | Removed diesel efficiency gains";"Hydrogen"
"OPEX";"H2 Infrastructure";"PL";"HRS Overhead, Profit and Mark-Up";"Rigid";"BAU";"EUR/kg H2";2030;"0.25";"Sensitivity | Removed policies | Removed diesel efficiency gains";"Hydrogen"
"OPEX";"H2 Infrastructure";"PL";"HRS Overhead, Profit and Mark-Up";"Tractor-Trailer";"BAU";"EUR/kg H2";2030;"0.25";"Sensitivity | Removed policies | Removed diesel efficiency gains";"Hydrogen"
"OPEX";"H2 Infrastructure";"UK";"HRS Overhead, Profit and Mark-Up";"Rigid";"BAU";"EUR/kg H2";2030;"0.25";"Sensitivity | Removed policies | Removed diesel efficiency gains";"Hydrogen"
"OPEX";"H2 Infrastructure";"UK";"HRS Overhead, Profit and Mark-Up";"Tractor-Trailer";"BAU";"EUR/kg H2";2030;"0.25";"Sensitivity | Removed policies | Removed diesel efficiency gains";"Hydrogen"
"OPEX";"Charging Infrastructure";"DE";"MCS Station (Public Charging) - Incl. Overhead";"Rigid";"BAU";"EUR/kWh";2030;"0.143";"Sensitivity | Removed policies | Removed diesel efficiency gains";"Electricity"
"OPEX";"Charging Infrastructure";"DE";"MCS Station (Public Charging) - Incl. Overhead";"Tractor-Trailer";"BAU";"EUR/kWh";2030;"0.143";"Sensitivity | Removed policies | Removed diesel efficiency gains";"Electricity"
"OPEX";"Charging Infrastructure";"ES";"MCS Station (Public Charging) - Incl. Overhead";"Rigid";"BAU";"EUR/kWh";2030;"0.143";"Sensitivity | Removed policies | Removed diesel efficiency gains";"Electricity"
"OPEX";"Charging Infrastructure";"ES";"MCS Station (Public Charging) - Incl. Overhead";"Tractor-Trailer";"BAU";"EUR/kWh";2030;"0.143";"Sensitivity | Removed policies | Removed diesel efficiency gains";"Electricity"
"OPEX";"Charging Infrastructure";"FR";"MCS Station (Public Charging) - Incl. Overhead";"Rigid";"BAU";"EUR/kWh";2030;"0.143";"Sensitivity | Removed policies | Removed diesel efficiency gains";"Electricity"
"OPEX";"Charging Infrastructure";"FR";"MCS Station (Public Charging) - Incl. Overhead";"Tractor-Trailer";"BAU";"EUR/kWh";2030;"0.143";"Sensitivity | Removed policies | Removed diesel efficiency gains";"Electricity"
"OPEX";"Charging Infrastructure";"IT";"MCS Station (Public Charging) - Incl. Overhead";"Rigid";"BAU";"EUR/kWh";2030;"0.143";"Sensitivity | Removed policies | Removed diesel efficiency gains";"Electricity"
"OPEX";"Charging Infrastructure";"IT";"MCS Station (Public Charging) - Incl. Overhead";"Tractor-Trailer";"BAU";"EUR/kWh";2030;"0.143";"Sensitivity | Removed policies | Removed diesel efficiency gains";"Electricity"
"OPEX";"Charging Infrastructure";"NL";"MCS Station (Public Charging) - Incl. Overhead";"Rigid";"BAU";"EUR/kWh";2030;"0.143";"Sensitivity | Removed policies | Removed diesel efficiency gains";"Electricity"
"OPEX";"Charging Infrastructure";"NL";"MCS Station (Public Charging) - Incl. Overhead";"Tractor-Trailer";"BAU";"EUR/kWh";2030;"0.143";"Sensitivity | Removed policies | Removed diesel efficiency gains";"Electricity"
"OPEX";"Charging Infrastructure";"PL";"MCS Station (Public Charging) - Incl. Overhead";"Rigid";"BAU";"EUR/kWh";2030;"0.143";"Sensitivity | Removed policies | Removed diesel efficiency gains";"Electricity"
"OPEX";"Charging Infrastructure";"PL";"MCS Station (Public Charging) - Incl. Overhead";"Tractor-Trailer";"BAU";"EUR/kWh";2030;"0.143";"Sensitivity | Removed policies | Removed diesel efficiency gains";"Electricity"
"OPEX";"Charging Infrastructure";"UK";"MCS Station (Public Charging) - Incl. Overhead";"Rigid";"BAU";"EUR/kWh";2030;"0.143";"Sensitivity | Removed policies | Removed diesel efficiency gains";"Electricity"
"OPEX";"Charging Infrastructure";"UK";"MCS Station (Public Charging) - Incl. Overhead";"Tractor-Trailer";"BAU";"EUR/kWh";2030;"0.143";"Sensitivity | Removed policies | Removed diesel efficiency gains";"Electricity"
"OPEX";"Charging Infrastructure";"DE";"Share MCS-Charging";"Rigid";"BAU";"%";2030;"0.2";"Sensitivity | Removed policies | Removed diesel efficiency gains";"Electricity"
"OPEX";"Charging Infrastructure";"DE";"Share MCS-Charging";"Tractor-Trailer";"BAU";"%";2030;"0.2";"Sensitivity | Removed policies | Removed diesel efficiency gains";"Electricity"
"OPEX";"Charging Infrastructure";"ES";"Share MCS-Charging";"Rigid";"BAU";"%";2030;"0.2";"Sensitivity | Removed policies | Removed diesel efficiency gains";"Electricity"
"OPEX";"Charging Infrastructure";"ES";"Share MCS-Charging";"Tractor-Trailer";"BAU";"%";2030;"0.2";"Sensitivity | Removed policies | Removed diesel efficiency gains";"Electricity"
"OPEX";"Charging Infrastructure";"FR";"Share MCS-Charging";"Rigid";"BAU";"%";2030;"0.2";"Sensitivity | Removed policies | Removed diesel efficiency gains";"Electricity"
"OPEX";"Charging Infrastructure";"FR";"Share MCS-Charging";"Tractor-Trailer";"BAU";"%";2030;"0.2";"Sensitivity | Removed policies | Removed diesel efficiency gains";"Electricity"
"OPEX";"Charging Infrastructure";"IT";"Share MCS-Charging";"Rigid";"BAU";"%";2030;"0.2";"Sensitivity | Removed policies | Removed diesel efficiency gains";"Electricity"
"OPEX";"Charging Infrastructure";"IT";"Share MCS-Charging";"Tractor-Trailer";"BAU";"%";2030;"0.2";"Sensitivity | Removed policies | Removed diesel efficiency gains";"Electricity"
"OPEX";"Charging Infrastructure";"NL";"Share MCS-Charging";"Rigid";"BAU";"%";2030;"0.2";"Sensitivity | Removed policies | Removed diesel efficiency gains";"Electricity"
"OPEX";"Charging Infrastructure";"NL";"Share MCS-Charging";"Tractor-Trailer";"BAU";"%";2030;"0.2";"Sensitivity | Removed policies | Removed diesel efficiency gains";"Electricity"
"OPEX";"Charging Infrastructure";"PL";"Share MCS-Charging";"Rigid";"BAU";"%";2030;"0.2";"Sensitivity | Removed policies | Removed diesel efficiency gains";"Electricity"
"OPEX";"Charging Infrastructure";"PL";"Share MCS-Charging";"Tractor-Trailer";"BAU";"%";2030;"0.2";"Sensitivity | Removed policies | Removed diesel efficiency gains";"Electricity"
"OPEX";"Charging Infrastructure";"UK";"Share MCS-Charging";"Rigid";"BAU";"%";2030;"0.2";"Sensitivity | Removed policies | Removed diesel efficiency gains";"Electricity"
"OPEX";"Charging Infrastructure";"UK";"Share MCS-Charging";"Tractor-Trailer";"BAU";"%";2030;"0.2";"Sensitivity | Removed policies | Removed diesel efficiency gains";"Electricity"
"OPEX";"Charging Infrastructure";"DE";"Depot - Network fees savings potential";"Rigid";"BAU";"EUR/kWh";2030;"0";"Sensitivity | Removed policies | Removed diesel efficiency gains";"Electricity"
"OPEX";"Charging Infrastructure";"DE";"Depot - Network fees savings potential";"Tractor-Trailer";"BAU";"EUR/kWh";2030;"0";"Sensitivity | Removed policies | Removed diesel efficiency gains";"Electricity"
"OPEX";"Charging Infrastructure";"ES";"Depot - Network fees savings potential";"Rigid";"BAU";"EUR/kWh";2030;"0";"Sensitivity | Removed policies | Removed diesel efficiency gains";"Electricity"
"OPEX";"Charging Infrastructure";"ES";"Depot - Network fees savings potential";"Tractor-Trailer";"BAU";"EUR/kWh";2030;"0";"Sensitivity | Removed policies | Removed diesel efficiency gains";"Electricity"
"OPEX";"Charging Infrastructure";"FR";"Depot - Network fees savings potential";"Rigid";"BAU";"EUR/kWh";2030;"0";"Sensitivity | Removed policies | Removed diesel efficiency gains";"Electricity"
"OPEX";"Charging Infrastructure";"FR";"Depot - Network fees savings potential";"Tractor-Trailer";"BAU";"EUR/kWh";2030;"0";"Sensitivity | Removed policies | Removed diesel efficiency gains";"Electricity"
"OPEX";"Charging Infrastructure";"IT";"Depot - Network fees savings potential";"Rigid";"BAU";"EUR/kWh";2030;"0";"Sensitivity | Removed policies | Removed diesel efficiency gains";"Electricity"
"OPEX";"Charging Infrastructure";"IT";"Depot - Network fees savings potential";"Tractor-Trailer";"BAU";"EUR/kWh";2030;"0";"Sensitivity | Removed policies | Removed diesel efficiency gains";"Electricity"
"OPEX";"Charging Infrastructure";"NL";"Depot - Network fees savings potential";"Rigid";"BAU";"EUR/kWh";2030;"0";"Sensitivity | Removed policies | Removed diesel efficiency gains";"Electricity"
"OPEX";"Charging Infrastructure";"NL";"Depot - Network fees savings potential";"Tractor-Trailer";"BAU";"EUR/kWh";2030;"0";"Sensitivity | Removed policies | Removed diesel efficiency gains";"Electricity"
"OPEX";"Charging Infrastructure";"PL";"Depot - Network fees savings potential";"Rigid";"BAU";"EUR/kWh";2030;"0";"Sensitivity | Removed policies | Removed diesel efficiency gains";"Electricity"
"OPEX";"Charging Infrastructure";"PL";"Depot - Network fees savings potential";"Tractor-Trailer";"BAU";"EUR/kWh";2030;"0";"Sensitivity | Removed policies | Removed diesel efficiency gains";"Electricity"
"OPEX";"Charging Infrastructure";"UK";"Depot - Network fees savings potential";"Rigid";"BAU";"EUR/kWh";2030;"0";"Sensitivity | Removed policies | Removed diesel efficiency gains";"Electricity"
"OPEX";"Charging Infrastructure";"UK";"Depot - Network fees savings potential";"Tractor-Trailer";"BAU";"EUR/kWh";2030;"0";"Sensitivity | Removed policies | Removed diesel efficiency gains";"Electricity"
"OPEX";"Taxes";"DE";"Tax reduction";"Rigid";"BAU";"%";2030;"0";"Sensitivity | Removed policies | Removed diesel efficiency gains";"Hydrogen"
"OPEX";"Taxes";"DE";"Tax reduction";"Tractor-Trailer";"BAU";"%";2030;"0";"Sensitivity | Removed policies | Removed diesel efficiency gains";"Hydrogen"
"OPEX";"Taxes";"ES";"Tax reduction";"Rigid";"BAU";"%";2030;"0";"Sensitivity | Removed policies | Removed diesel efficiency gains";"Hydrogen"
"OPEX";"Taxes";"ES";"Tax reduction";"Tractor-Trailer";"BAU";"%";2030;"0";"Sensitivity | Removed policies | Removed diesel efficiency gains";"Hydrogen"
"OPEX";"Taxes";"FR";"Tax reduction";"Rigid";"BAU";"%";2030;"0";"Sensitivity | Removed policies | Removed diesel efficiency gains";"Hydrogen"
"OPEX";"Taxes";"FR";"Tax reduction";"Tractor-Trailer";"BAU";"%";2030;"0";"Sensitivity | Removed policies | Removed diesel efficiency gains";"Hydrogen"
"OPEX";"Taxes";"IT";"Tax reduction";"Rigid";"BAU";"%";2030;"0";"Sensitivity | Removed policies | Removed diesel efficiency gains";"Hydrogen"
"OPEX";"Taxes";"IT";"Tax reduction";"Tractor-Trailer";"BAU";"%";2030;"0";"Sensitivity | Removed policies | Removed diesel efficiency gains";"Hydrogen"
"OPEX";"Taxes";"NL";"Tax reduction";"Rigid";"BAU";"%";2030;"0";"Sensitivity | Removed policies | Removed diesel efficiency gains";"Hydrogen"
"OPEX";"Taxes";"NL";"Tax reduction";"Tractor-Trailer";"BAU";"%";2030;"0";"Sensitivity | Removed policies | Removed diesel efficiency gains";"Hydrogen"
"OPEX";"Taxes";"PL";"Tax reduction";"Rigid";"BAU";"%";2030;"0";"Sensitivity | Removed policies | Removed diesel efficiency gains";"Hydrogen"
"OPEX";"Taxes";"PL";"Tax reduction";"Tractor-Trailer";"BAU";"%";2030;"0";"Sensitivity | Removed policies | Removed diesel efficiency gains";"Hydrogen"
"OPEX";"Taxes";"UK";"Tax reduction";"Rigid";"BAU";"%";2030;"0";"Sensitivity | Removed policies | Removed diesel efficiency gains";"Hydrogen"
"OPEX";"Taxes";"UK";"Tax reduction";"Tractor-Trailer";"BAU";"%";2030;"0";"Sensitivity | Removed policies | Removed diesel efficiency gains";"Hydrogen"
"OPEX";"Taxes";"DE";"Increasing grid fees";"Rigid";"PROG";"%";2030;"0.1";"Sensitivity | Removed policies | Removed diesel efficiency gains";"Electricity"
"OPEX";"Taxes";"DE";"Increasing grid fees";"Tractor-Trailer";"PROG";"%";2030;"0.1";"Sensitivity | Removed policies | Removed diesel efficiency gains";"Electricity"
"OPEX";"Taxes";"ES";"Increasing grid fees";"Rigid";"PROG";"%";2030;"0.1";"Sensitivity | Removed policies | Removed diesel efficiency gains";"Electricity"
"OPEX";"Taxes";"ES";"Increasing grid fees";"Tractor-Trailer";"PROG";"%";2030;"0.1";"Sensitivity | Removed policies | Removed diesel efficiency gains";"Electricity"
"OPEX";"Taxes";"FR";"Increasing grid fees";"Rigid";"PROG";"%";2030;"0.1";"Sensitivity | Removed policies | Removed diesel efficiency gains";"Electricity"
"OPEX";"Taxes";"FR";"Increasing grid fees";"Tractor-Trailer";"PROG";"%";2030;"0.1";"Sensitivity | Removed policies | Removed diesel efficiency gains";"Electricity"
"OPEX";"Taxes";"IT";"Increasing grid fees";"Rigid";"PROG";"%";2030;"0.1";"Sensitivity | Removed policies | Removed diesel efficiency gains";"Electricity"
"OPEX";"Taxes";"IT";"Increasing grid fees";"Tractor-Trailer";"PROG";"%";2030;"0.1";"Sensitivity | Removed policies | Removed diesel efficiency gains";"Electricity"
"OPEX";"Taxes";"NL";"Increasing grid fees";"Rigid";"PROG";"%";2030;"0.1";"Sensitivity | Removed policies | Removed diesel efficiency gains";"Electricity"
"OPEX";"Taxes";"NL";"Increasing grid fees";"Tractor-Trailer";"PROG";"%";2030;"0.1";"Sensitivity | Removed policies | Removed diesel efficiency gains";"Electricity"
"OPEX";"Taxes";"PL";"Increasing grid fees";"Rigid";"PROG";"%";2030;"0.1";"Sensitivity | Removed policies | Removed diesel efficiency gains";"Electricity"
"OPEX";"Taxes";"PL";"Increasing grid fees";"Tractor-Trailer";"PROG";"%";2030;"0.1";"Sensitivity | Removed policies | Removed diesel efficiency gains";"Electricity"
"OPEX";"Taxes";"UK";"Increasing grid fees";"Rigid";"PROG";"%";2030;"0.1";"Sensitivity | Removed policies | Removed diesel efficiency gains";"Electricity"
"OPEX";"Taxes";"UK";"Increasing grid fees";"Tractor-Trailer";"PROG";"%";2030;"0.1";"Sensitivity | Removed policies | Removed diesel efficiency gains";"Electricity"
"OPEX";"Taxes";"DE";"Increasing grid fees";"Rigid";"BAU";"%";2030;"0.167";"Sensitivity | Removed policies | Removed diesel efficiency gains";"Electricity"
"OPEX";"Taxes";"DE";"Increasing grid fees";"Tractor-Trailer";"BAU";"%";2030;"0.167";"Sensitivity | Removed policies | Removed diesel efficiency gains";"Electricity"
"OPEX";"Taxes";"ES";"Increasing grid fees";"Rigid";"BAU";"%";2030;"0.167";"Sensitivity | Removed policies | Removed diesel efficiency gains";"Electricity"
"OPEX";"Taxes";"ES";"Increasing grid fees";"Tractor-Trailer";"BAU";"%";2030;"0.167";"Sensitivity | Removed policies | Removed diesel efficiency gains";"Electricity"
"OPEX";"Taxes";"FR";"Increasing grid fees";"Rigid";"BAU";"%";2030;"0.167";"Sensitivity | Removed policies | Removed diesel efficiency gains";"Electricity"
"OPEX";"Taxes";"FR";"Increasing grid fees";"Tractor-Trailer";"BAU";"%";2030;"0.167";"Sensitivity | Removed policies | Removed diesel efficiency gains";"Electricity"
"OPEX";"Taxes";"IT";"Increasing grid fees";"Rigid";"BAU";"%";2030;"0.167";"Sensitivity | Removed policies | Removed diesel efficiency gains";"Electricity"
"OPEX";"Taxes";"IT";"Increasing grid fees";"Tractor-Trailer";"BAU";"%";2030;"0.167";"Sensitivity | Removed policies | Removed diesel efficiency gains";"Electricity"
"OPEX";"Taxes";"NL";"Increasing grid fees";"Rigid";"BAU";"%";2030;"0.167";"Sensitivity | Removed policies | Removed diesel efficiency gains";"Electricity"
"OPEX";"Taxes";"NL";"Increasing grid fees";"Tractor-Trailer";"BAU";"%";2030;"0.167";"Sensitivity | Removed policies | Removed diesel efficiency gains";"Electricity"
"OPEX";"Taxes";"PL";"Increasing grid fees";"Rigid";"BAU";"%";2030;"0.167";"Sensitivity | Removed policies | Removed diesel efficiency gains";"Electricity"
"OPEX";"Taxes";"PL";"Increasing grid fees";"Tractor-Trailer";"BAU";"%";2030;"0.167";"Sensitivity | Removed policies | Removed diesel efficiency gains";"Electricity"
"OPEX";"Taxes";"UK";"Increasing grid fees";"Rigid";"BAU";"%";2030;"0.167";"Sensitivity | Removed policies | Removed diesel efficiency gains";"Electricity"
"OPEX";"Taxes";"UK";"Increasing grid fees";"Tractor-Trailer";"BAU";"%";2030;"0.167";"Sensitivity | Removed policies | Removed diesel efficiency gains";"Electricity"
"OPEX";"Taxes";"DE";"Network Costs - MCS";"Rigid";"PROG";"EUR/kWh";2035;"0.034";"Sensitivity | Removed policies | Removed diesel efficiency gains";"Electricity"
"OPEX";"Taxes";"DE";"Network Costs - MCS";"Tractor-Trailer";"PROG";"EUR/kWh";2035;"0.034";"Sensitivity | Removed policies | Removed diesel efficiency gains";"Electricity"
"OPEX";"Taxes";"ES";"Network Costs - MCS";"Rigid";"PROG";"EUR/kWh";2035;"0.014";"Sensitivity | Removed policies | Removed diesel efficiency gains";"Electricity"
"OPEX";"Taxes";"ES";"Network Costs - MCS";"Tractor-Trailer";"PROG";"EUR/kWh";2035;"0.014";"Sensitivity | Removed policies | Removed diesel efficiency gains";"Electricity"
"OPEX";"Taxes";"FR";"Network Costs - MCS";"Rigid";"PROG";"EUR/kWh";2035;"0.016";"Sensitivity | Removed policies | Removed diesel efficiency gains";"Electricity"
"OPEX";"Taxes";"FR";"Network Costs - MCS";"Tractor-Trailer";"PROG";"EUR/kWh";2035;"0.016";"Sensitivity | Removed policies | Removed diesel efficiency gains";"Electricity"
"OPEX";"Taxes";"IT";"Network Costs - MCS";"Rigid";"PROG";"EUR/kWh";2035;"0.014";"Sensitivity | Removed policies | Removed diesel efficiency gains";"Electricity"
"OPEX";"Taxes";"IT";"Network Costs - MCS";"Tractor-Trailer";"PROG";"EUR/kWh";2035;"0.014";"Sensitivity | Removed policies | Removed diesel efficiency gains";"Electricity"
"OPEX";"Taxes";"NL";"Network Costs - MCS";"Rigid";"PROG";"EUR/kWh";2035;"0.015";"Sensitivity | Removed policies | Removed diesel efficiency gains";"Electricity"
"OPEX";"Taxes";"NL";"Network Costs - MCS";"Tractor-Trailer";"PROG";"EUR/kWh";2035;"0.015";"Sensitivity | Removed policies | Removed diesel efficiency gains";"Electricity"
"OPEX";"Taxes";"PL";"Network Costs - MCS";"Rigid";"PROG";"EUR/kWh";2035;"0.016";"Sensitivity | Removed policies | Removed diesel efficiency gains";"Electricity"
"OPEX";"Taxes";"PL";"Network Costs - MCS";"Tractor-Trailer";"PROG";"EUR/kWh";2035;"0.016";"Sensitivity | Removed policies | Removed diesel efficiency gains";"Electricity"
"OPEX";"Taxes";"UK";"Network Costs - MCS";"Rigid";"PROG";"EUR/kWh";2035;"0.025";"Sensitivity | Removed policies | Removed diesel efficiency gains";"Electricity"
"OPEX";"Taxes";"UK";"Network Costs - MCS";"Tractor-Trailer";"PROG";"EUR/kWh";2035;"0.025";"Sensitivity | Removed policies | Removed diesel efficiency gains";"Electricity"
"OPEX";"Taxes";"DE";"Taxes, Fees, Levies and charges - MCS";"Rigid";"PROG";"EUR/kWh";2035;"0.056";"Sensitivity | Removed policies | Removed diesel efficiency gains";"Electricity"
"OPEX";"Taxes";"DE";"Taxes, Fees, Levies and charges - MCS";"Tractor-Trailer";"PROG";"EUR/kWh";2035;"0.056";"Sensitivity | Removed policies | Removed diesel efficiency gains";"Electricity"
"OPEX";"Taxes";"ES";"Taxes, Fees, Levies and charges - MCS";"Rigid";"PROG";"EUR/kWh";2035;"0.03";"Sensitivity | Removed policies | Removed diesel efficiency gains";"Electricity"
"OPEX";"Taxes";"ES";"Taxes, Fees, Levies and charges - MCS";"Tractor-Trailer";"PROG";"EUR/kWh";2035;"0.03";"Sensitivity | Removed policies | Removed diesel efficiency gains";"Electricity"
"OPEX";"Taxes";"FR";"Taxes, Fees, Levies and charges - MCS";"Rigid";"PROG";"EUR/kWh";2035;"0.027";"Sensitivity | Removed policies | Removed diesel efficiency gains";"Electricity"
"OPEX";"Taxes";"FR";"Taxes, Fees, Levies and charges - MCS";"Tractor-Trailer";"PROG";"EUR/kWh";2035;"0.027";"Sensitivity | Removed policies | Removed diesel efficiency gains";"Electricity"
"OPEX";"Taxes";"IT";"Taxes, Fees, Levies and charges - MCS";"Rigid";"PROG";"EUR/kWh";2035;"0.052";"Sensitivity | Removed policies | Removed diesel efficiency gains";"Electricity"
"OPEX";"Taxes";"IT";"Taxes, Fees, Levies and charges - MCS";"Tractor-Trailer";"PROG";"EUR/kWh";2035;"0.052";"Sensitivity | Removed policies | Removed diesel efficiency gains";"Electricity"
"OPEX";"Taxes";"NL";"Taxes, Fees, Levies and charges - MCS";"Rigid";"PROG";"EUR/kWh";2035;"0.048";"Sensitivity | Removed policies | Removed diesel efficiency gains";"Electricity"
"OPEX";"Taxes";"NL";"Taxes, Fees, Levies and charges - MCS";"Tractor-Trailer";"PROG";"EUR/kWh";2035;"0.048";"Sensitivity | Removed policies | Removed diesel efficiency gains";"Electricity"
"OPEX";"Taxes";"PL";"Taxes, Fees, Levies and charges - MCS";"Rigid";"PROG";"EUR/kWh";2035;"0.047";"Sensitivity | Removed policies | Removed diesel efficiency gains";"Electricity"
"OPEX";"Taxes";"PL";"Taxes, Fees, Levies and charges - MCS";"Tractor-Trailer";"PROG";"EUR/kWh";2035;"0.047";"Sensitivity | Removed policies | Removed diesel efficiency gains";"Electricity"
"OPEX";"Taxes";"UK";"Taxes, Fees, Levies and charges - MCS";"Rigid";"PROG";"EUR/kWh";2035;"0.075";"Sensitivity | Removed policies | Removed diesel efficiency gains";"Electricity"
"OPEX";"Taxes";"UK";"Taxes, Fees, Levies and charges - MCS";"Tractor-Trailer";"PROG";"EUR/kWh";2035;"0.075";"Sensitivity | Removed policies | Removed diesel efficiency gains";"Electricity"
"OPEX";"Taxes";"DE";"Network Costs - Depot";"Rigid";"PROG";"EUR/kWh";2035;"0.034";"Sensitivity | Removed policies | Removed diesel efficiency gains";"Electricity"
"OPEX";"Taxes";"DE";"Network Costs - Depot";"Tractor-Trailer";"PROG";"EUR/kWh";2035;"0.034";"Sensitivity | Removed policies | Removed diesel efficiency gains";"Electricity"
"OPEX";"Taxes";"ES";"Network Costs - Depot";"Rigid";"PROG";"EUR/kWh";2035;"0.018";"Sensitivity | Removed policies | Removed diesel efficiency gains";"Electricity"
"OPEX";"Taxes";"ES";"Network Costs - Depot";"Tractor-Trailer";"PROG";"EUR/kWh";2035;"0.018";"Sensitivity | Removed policies | Removed diesel efficiency gains";"Electricity"
"OPEX";"Taxes";"FR";"Network Costs - Depot";"Rigid";"PROG";"EUR/kWh";2035;"0.018";"Sensitivity | Removed policies | Removed diesel efficiency gains";"Electricity"
"OPEX";"Taxes";"FR";"Network Costs - Depot";"Tractor-Trailer";"PROG";"EUR/kWh";2035;"0.018";"Sensitivity | Removed policies | Removed diesel efficiency gains";"Electricity"
"OPEX";"Taxes";"IT";"Network Costs - Depot";"Rigid";"PROG";"EUR/kWh";2035;"0.016";"Sensitivity | Removed policies | Removed diesel efficiency gains";"Electricity"
"OPEX";"Taxes";"IT";"Network Costs - Depot";"Tractor-Trailer";"PROG";"EUR/kWh";2035;"0.016";"Sensitivity | Removed policies | Removed diesel efficiency gains";"Electricity"
"OPEX";"Taxes";"NL";"Network Costs - Depot";"Rigid";"PROG";"EUR/kWh";2035;"0.016";"Sensitivity | Removed policies | Removed diesel efficiency gains";"Electricity"
"OPEX";"Taxes";"NL";"Network Costs - Depot";"Tractor-Trailer";"PROG";"EUR/kWh";2035;"0.016";"Sensitivity | Removed policies | Removed diesel efficiency gains";"Electricity"
"OPEX";"Taxes";"PL";"Network Costs - Depot";"Rigid";"PROG";"EUR/kWh";2035;"0.019";"Sensitivity | Removed policies | Removed diesel efficiency gains";"Electricity"
"OPEX";"Taxes";"PL";"Network Costs - Depot";"Tractor-Trailer";"PROG";"EUR/kWh";2035;"0.019";"Sensitivity | Removed policies | Removed diesel efficiency gains";"Electricity"
"OPEX";"Taxes";"UK";"Network Costs - Depot";"Rigid";"PROG";"EUR/kWh";2035;"0.027";"Sensitivity | Removed policies | Removed diesel efficiency gains";"Electricity"
"OPEX";"Taxes";"UK";"Network Costs - Depot";"Tractor-Trailer";"PROG";"EUR/kWh";2035;"0.027";"Sensitivity | Removed policies | Removed diesel efficiency gains";"Electricity"
"OPEX";"Taxes";"DE";"Taxes, Fees, Levies and charges - Depot";"Rigid";"PROG";"EUR/kWh";2035;"0.056";"Sensitivity | Removed policies | Removed diesel efficiency gains";"Electricity"
"OPEX";"Taxes";"DE";"Taxes, Fees, Levies and charges - Depot";"Tractor-Trailer";"PROG";"EUR/kWh";2035;"0.056";"Sensitivity | Removed policies | Removed diesel efficiency gains";"Electricity"
"OPEX";"Taxes";"ES";"Taxes, Fees, Levies and charges - Depot";"Rigid";"PROG";"EUR/kWh";2035;"0.036";"Sensitivity | Removed policies | Removed diesel efficiency gains";"Electricity"
"OPEX";"Taxes";"ES";"Taxes, Fees, Levies and charges - Depot";"Tractor-Trailer";"PROG";"EUR/kWh";2035;"0.036";"Sensitivity | Removed policies | Removed diesel efficiency gains";"Electricity"
"OPEX";"Taxes";"FR";"Taxes, Fees, Levies and charges - Depot";"Rigid";"PROG";"EUR/kWh";2035;"0.03";"Sensitivity | Removed policies | Removed diesel efficiency gains";"Electricity"
"OPEX";"Taxes";"FR";"Taxes, Fees, Levies and charges - Depot";"Tractor-Trailer";"PROG";"EUR/kWh";2035;"0.03";"Sensitivity | Removed policies | Removed diesel efficiency gains";"Electricity"
"OPEX";"Taxes";"IT";"Taxes, Fees, Levies and charges - Depot";"Rigid";"PROG";"EUR/kWh";2035;"0.063";"Sensitivity | Removed policies | Removed diesel efficiency gains";"Electricity"
"OPEX";"Taxes";"IT";"Taxes, Fees, Levies and charges - Depot";"Tractor-Trailer";"PROG";"EUR/kWh";2035;"0.063";"Sensitivity | Removed policies | Removed diesel efficiency gains";"Electricity"
"OPEX";"Taxes";"NL";"Taxes, Fees, Levies and charges - Depot";"Rigid";"PROG";"EUR/kWh";2035;"0.055";"Sensitivity | Removed policies | Removed diesel efficiency gains";"Electricity"
"OPEX";"Taxes";"NL";"Taxes, Fees, Levies and charges - Depot";"Tractor-Trailer";"PROG";"EUR/kWh";2035;"0.055";"Sensitivity | Removed policies | Removed diesel efficiency gains";"Electricity"
"OPEX";"Taxes";"PL";"Taxes, Fees, Levies and charges - Depot";"Rigid";"PROG";"EUR/kWh";2035;"0.049";"Sensitivity | Removed policies | Removed diesel efficiency gains";"Electricity"
"OPEX";"Taxes";"PL";"Taxes, Fees, Levies and charges - Depot";"Tractor-Trailer";"PROG";"EUR/kWh";2035;"0.049";"Sensitivity | Removed policies | Removed diesel efficiency gains";"Electricity"
"OPEX";"Taxes";"UK";"Taxes, Fees, Levies and charges - Depot";"Rigid";"PROG";"EUR/kWh";2035;"0.084";"Sensitivity | Removed policies | Removed diesel efficiency gains";"Electricity"
"OPEX";"Taxes";"UK";"Taxes, Fees, Levies and charges - Depot";"Tractor-Trailer";"PROG";"EUR/kWh";2035;"0.084";"Sensitivity | Removed policies | Removed diesel efficiency gains";"Electricity"
"OPEX";"H2 Infrastructure";"DE";"HRS costs";"Rigid";"PROG";"EUR/kg H2";2035;"0.9";"Sensitivity | Removed policies | Removed diesel efficiency gains";"Hydrogen"
"OPEX";"H2 Infrastructure";"DE";"HRS costs";"Tractor-Trailer";"PROG";"EUR/kg H2";2035;"0.9";"Sensitivity | Removed policies | Removed diesel efficiency gains";"Hydrogen"
"OPEX";"H2 Infrastructure";"ES";"HRS costs";"Rigid";"PROG";"EUR/kg H2";2035;"0.9";"Sensitivity | Removed policies | Removed diesel efficiency gains";"Hydrogen"
"OPEX";"H2 Infrastructure";"ES";"HRS costs";"Tractor-Trailer";"PROG";"EUR/kg H2";2035;"0.9";"Sensitivity | Removed policies | Removed diesel efficiency gains";"Hydrogen"
"OPEX";"H2 Infrastructure";"FR";"HRS costs";"Rigid";"PROG";"EUR/kg H2";2035;"0.9";"Sensitivity | Removed policies | Removed diesel efficiency gains";"Hydrogen"
"OPEX";"H2 Infrastructure";"FR";"HRS costs";"Tractor-Trailer";"PROG";"EUR/kg H2";2035;"0.9";"Sensitivity | Removed policies | Removed diesel efficiency gains";"Hydrogen"
"OPEX";"H2 Infrastructure";"IT";"HRS costs";"Rigid";"PROG";"EUR/kg H2";2035;"0.9";"Sensitivity | Removed policies | Removed diesel efficiency gains";"Hydrogen"
"OPEX";"H2 Infrastructure";"IT";"HRS costs";"Tractor-Trailer";"PROG";"EUR/kg H2";2035;"0.9";"Sensitivity | Removed policies | Removed diesel efficiency gains";"Hydrogen"
"OPEX";"H2 Infrastructure";"NL";"HRS costs";"Rigid";"PROG";"EUR/kg H2";2035;"0.9";"Sensitivity | Removed policies | Removed diesel efficiency gains";"Hydrogen"
"OPEX";"H2 Infrastructure";"NL";"HRS costs";"Tractor-Trailer";"PROG";"EUR/kg H2";2035;"0.9";"Sensitivity | Removed policies | Removed diesel efficiency gains";"Hydrogen"
"OPEX";"H2 Infrastructure";"PL";"HRS costs";"Rigid";"PROG";"EUR/kg H2";2035;"0.9";"Sensitivity | Removed policies | Removed diesel efficiency gains";"Hydrogen"
"OPEX";"H2 Infrastructure";"PL";"HRS costs";"Tractor-Trailer";"PROG";"EUR/kg H2";2035;"0.9";"Sensitivity | Removed policies | Removed diesel efficiency gains";"Hydrogen"
"OPEX";"H2 Infrastructure";"UK";"HRS costs";"Rigid";"PROG";"EUR/kg H2";2035;"0.9";"Sensitivity | Removed policies | Removed diesel efficiency gains";"Hydrogen"
"OPEX";"H2 Infrastructure";"UK";"HRS costs";"Tractor-Trailer";"PROG";"EUR/kg H2";2035;"0.9";"Sensitivity | Removed policies | Removed diesel efficiency gains";"Hydrogen"
"OPEX";"H2 Infrastructure";"DE";"H2 transport and distribution";"Rigid";"PROG";"EUR/kg H2";2035;"0.833";"Sensitivity | Removed policies | Removed diesel efficiency gains";"Hydrogen"
"OPEX";"H2 Infrastructure";"DE";"H2 transport and distribution";"Tractor-Trailer";"PROG";"EUR/kg H2";2035;"0.833";"Sensitivity | Removed policies | Removed diesel efficiency gains";"Hydrogen"
"OPEX";"H2 Infrastructure";"ES";"H2 transport and distribution";"Rigid";"PROG";"EUR/kg H2";2035;"0.833";"Sensitivity | Removed policies | Removed diesel efficiency gains";"Hydrogen"
"OPEX";"H2 Infrastructure";"ES";"H2 transport and distribution";"Tractor-Trailer";"PROG";"EUR/kg H2";2035;"0.833";"Sensitivity | Removed policies | Removed diesel efficiency gains";"Hydrogen"
"OPEX";"H2 Infrastructure";"FR";"H2 transport and distribution";"Rigid";"PROG";"EUR/kg H2";2035;"0.833";"Sensitivity | Removed policies | Removed diesel efficiency gains";"Hydrogen"
"OPEX";"H2 Infrastructure";"FR";"H2 transport and distribution";"Tractor-Trailer";"PROG";"EUR/kg H2";2035;"0.833";"Sensitivity | Removed policies | Removed diesel efficiency gains";"Hydrogen"
"OPEX";"H2 Infrastructure";"IT";"H2 transport and distribution";"Rigid";"PROG";"EUR/kg H2";2035;"0.833";"Sensitivity | Removed policies | Removed diesel efficiency gains";"Hydrogen"
"OPEX";"H2 Infrastructure";"IT";"H2 transport and distribution";"Tractor-Trailer";"PROG";"EUR/kg H2";2035;"0.833";"Sensitivity | Removed policies | Removed diesel efficiency gains";"Hydrogen"
"OPEX";"H2 Infrastructure";"NL";"H2 transport and distribution";"Rigid";"PROG";"EUR/kg H2";2035;"0.833";"Sensitivity | Removed policies | Removed diesel efficiency gains";"Hydrogen"
"OPEX";"H2 Infrastructure";"NL";"H2 transport and distribution";"Tractor-Trailer";"PROG";"EUR/kg H2";2035;"0.833";"Sensitivity | Removed policies | Removed diesel efficiency gains";"Hydrogen"
"OPEX";"H2 Infrastructure";"PL";"H2 transport and distribution";"Rigid";"PROG";"EUR/kg H2";2035;"0.833";"Sensitivity | Removed policies | Removed diesel efficiency gains";"Hydrogen"
"OPEX";"H2 Infrastructure";"PL";"H2 transport and distribution";"Tractor-Trailer";"PROG";"EUR/kg H2";2035;"0.833";"Sensitivity | Removed policies | Removed diesel efficiency gains";"Hydrogen"
"OPEX";"H2 Infrastructure";"UK";"H2 transport and distribution";"Rigid";"PROG";"EUR/kg H2";2035;"0.833";"Sensitivity | Removed policies | Removed diesel efficiency gains";"Hydrogen"
"OPEX";"H2 Infrastructure";"UK";"H2 transport and distribution";"Tractor-Trailer";"PROG";"EUR/kg H2";2035;"0.833";"Sensitivity | Removed policies | Removed diesel efficiency gains";"Hydrogen"
"OPEX";"H2 Infrastructure";"DE";"HRS Overhead, Profit and Mark-Up";"Rigid";"PROG";"EUR/kg H2";2035;"0.25";"Sensitivity | Removed policies | Removed diesel efficiency gains";"Hydrogen"
"OPEX";"H2 Infrastructure";"DE";"HRS Overhead, Profit and Mark-Up";"Tractor-Trailer";"PROG";"EUR/kg H2";2035;"0.25";"Sensitivity | Removed policies | Removed diesel efficiency gains";"Hydrogen"
"OPEX";"H2 Infrastructure";"ES";"HRS Overhead, Profit and Mark-Up";"Rigid";"PROG";"EUR/kg H2";2035;"0.25";"Sensitivity | Removed policies | Removed diesel efficiency gains";"Hydrogen"
"OPEX";"H2 Infrastructure";"ES";"HRS Overhead, Profit and Mark-Up";"Tractor-Trailer";"PROG";"EUR/kg H2";2035;"0.25";"Sensitivity | Removed policies | Removed diesel efficiency gains";"Hydrogen"
"OPEX";"H2 Infrastructure";"FR";"HRS Overhead, Profit and Mark-Up";"Rigid";"PROG";"EUR/kg H2";2035;"0.25";"Sensitivity | Removed policies | Removed diesel efficiency gains";"Hydrogen"
"OPEX";"H2 Infrastructure";"FR";"HRS Overhead, Profit and Mark-Up";"Tractor-Trailer";"PROG";"EUR/kg H2";2035;"0.25";"Sensitivity | Removed policies | Removed diesel efficiency gains";"Hydrogen"
"OPEX";"H2 Infrastructure";"IT";"HRS Overhead, Profit and Mark-Up";"Rigid";"PROG";"EUR/kg H2";2035;"0.25";"Sensitivity | Removed policies | Removed diesel efficiency gains";"Hydrogen"
"OPEX";"H2 Infrastructure";"IT";"HRS Overhead, Profit and Mark-Up";"Tractor-Trailer";"PROG";"EUR/kg H2";2035;"0.25";"Sensitivity | Removed policies | Removed diesel efficiency gains";"Hydrogen"
"OPEX";"H2 Infrastructure";"NL";"HRS Overhead, Profit and Mark-Up";"Rigid";"PROG";"EUR/kg H2";2035;"0.25";"Sensitivity | Removed policies | Removed diesel efficiency gains";"Hydrogen"
"OPEX";"H2 Infrastructure";"NL";"HRS Overhead, Profit and Mark-Up";"Tractor-Trailer";"PROG";"EUR/kg H2";2035;"0.25";"Sensitivity | Removed policies | Removed diesel efficiency gains";"Hydrogen"
"OPEX";"H2 Infrastructure";"PL";"HRS Overhead, Profit and Mark-Up";"Rigid";"PROG";"EUR/kg H2";2035;"0.25";"Sensitivity | Removed policies | Removed diesel efficiency gains";"Hydrogen"
"OPEX";"H2 Infrastructure";"PL";"HRS Overhead, Profit and Mark-Up";"Tractor-Trailer";"PROG";"EUR/kg H2";2035;"0.25";"Sensitivity | Removed policies | Removed diesel efficiency gains";"Hydrogen"
"OPEX";"H2 Infrastructure";"UK";"HRS Overhead, Profit and Mark-Up";"Rigid";"PROG";"EUR/kg H2";2035;"0.25";"Sensitivity | Removed policies | Removed diesel efficiency gains";"Hydrogen"
"OPEX";"H2 Infrastructure";"UK";"HRS Overhead, Profit and Mark-Up";"Tractor-Trailer";"PROG";"EUR/kg H2";2035;"0.25";"Sensitivity | Removed policies | Removed diesel efficiency gains";"Hydrogen"
"OPEX";"Charging Infrastructure";"DE";"MCS Station (Public Charging) - Incl. Overhead";"Rigid";"PROG";"EUR/kWh";2035;"0.031";"Sensitivity | Removed policies | Removed diesel efficiency gains";"Electricity"
"OPEX";"Charging Infrastructure";"DE";"MCS Station (Public Charging) - Incl. Overhead";"Tractor-Trailer";"PROG";"EUR/kWh";2035;"0.031";"Sensitivity | Removed policies | Removed diesel efficiency gains";"Electricity"
"OPEX";"Charging Infrastructure";"ES";"MCS Station (Public Charging) - Incl. Overhead";"Rigid";"PROG";"EUR/kWh";2035;"0.031";"Sensitivity | Removed policies | Removed diesel efficiency gains";"Electricity"
"OPEX";"Charging Infrastructure";"ES";"MCS Station (Public Charging) - Incl. Overhead";"Tractor-Trailer";"PROG";"EUR/kWh";2035;"0.031";"Sensitivity | Removed policies | Removed diesel efficiency gains";"Electricity"
"OPEX";"Charging Infrastructure";"FR";"MCS Station (Public Charging) - Incl. Overhead";"Rigid";"PROG";"EUR/kWh";2035;"0.031";"Sensitivity | Removed policies | Removed diesel efficiency gains";"Electricity"
"OPEX";"Charging Infrastructure";"FR";"MCS Station (Public Charging) - Incl. Overhead";"Tractor-Trailer";"PROG";"EUR/kWh";2035;"0.031";"Sensitivity | Removed policies | Removed diesel efficiency gains";"Electricity"
"OPEX";"Charging Infrastructure";"IT";"MCS Station (Public Charging) - Incl. Overhead";"Rigid";"PROG";"EUR/kWh";2035;"0.031";"Sensitivity | Removed policies | Removed diesel efficiency gains";"Electricity"
"OPEX";"Charging Infrastructure";"IT";"MCS Station (Public Charging) - Incl. Overhead";"Tractor-Trailer";"PROG";"EUR/kWh";2035;"0.031";"Sensitivity | Removed policies | Removed diesel efficiency gains";"Electricity"
"OPEX";"Charging Infrastructure";"NL";"MCS Station (Public Charging) - Incl. Overhead";"Rigid";"PROG";"EUR/kWh";2035;"0.031";"Sensitivity | Removed policies | Removed diesel efficiency gains";"Electricity"
"OPEX";"Charging Infrastructure";"NL";"MCS Station (Public Charging) - Incl. Overhead";"Tractor-Trailer";"PROG";"EUR/kWh";2035;"0.031";"Sensitivity | Removed policies | Removed diesel efficiency gains";"Electricity"
"OPEX";"Charging Infrastructure";"PL";"MCS Station (Public Charging) - Incl. Overhead";"Rigid";"PROG";"EUR/kWh";2035;"0.031";"Sensitivity | Removed policies | Removed diesel efficiency gains";"Electricity"
"OPEX";"Charging Infrastructure";"PL";"MCS Station (Public Charging) - Incl. Overhead";"Tractor-Trailer";"PROG";"EUR/kWh";2035;"0.031";"Sensitivity | Removed policies | Removed diesel efficiency gains";"Electricity"
"OPEX";"Charging Infrastructure";"UK";"MCS Station (Public Charging) - Incl. Overhead";"Rigid";"PROG";"EUR/kWh";2035;"0.031";"Sensitivity | Removed policies | Removed diesel efficiency gains";"Electricity"
"OPEX";"Charging Infrastructure";"UK";"MCS Station (Public Charging) - Incl. Overhead";"Tractor-Trailer";"PROG";"EUR/kWh";2035;"0.031";"Sensitivity | Removed policies | Removed diesel efficiency gains";"Electricity"
"OPEX";"Charging Infrastructure";"DE";"Share MCS-Charging";"Rigid";"PROG";"%";2035;"0.2";"Sensitivity | Removed policies | Removed diesel efficiency gains";"Electricity"
"OPEX";"Charging Infrastructure";"DE";"Share MCS-Charging";"Tractor-Trailer";"PROG";"%";2035;"0.2";"Sensitivity | Removed policies | Removed diesel efficiency gains";"Electricity"
"OPEX";"Charging Infrastructure";"ES";"Share MCS-Charging";"Rigid";"PROG";"%";2035;"0.2";"Sensitivity | Removed policies | Removed diesel efficiency gains";"Electricity"
"OPEX";"Charging Infrastructure";"ES";"Share MCS-Charging";"Tractor-Trailer";"PROG";"%";2035;"0.2";"Sensitivity | Removed policies | Removed diesel efficiency gains";"Electricity"
"OPEX";"Charging Infrastructure";"FR";"Share MCS-Charging";"Rigid";"PROG";"%";2035;"0.2";"Sensitivity | Removed policies | Removed diesel efficiency gains";"Electricity"
"OPEX";"Charging Infrastructure";"FR";"Share MCS-Charging";"Tractor-Trailer";"PROG";"%";2035;"0.2";"Sensitivity | Removed policies | Removed diesel efficiency gains";"Electricity"
"OPEX";"Charging Infrastructure";"IT";"Share MCS-Charging";"Rigid";"PROG";"%";2035;"0.2";"Sensitivity | Removed policies | Removed diesel efficiency gains";"Electricity"
"OPEX";"Charging Infrastructure";"IT";"Share MCS-Charging";"Tractor-Trailer";"PROG";"%";2035;"0.2";"Sensitivity | Removed policies | Removed diesel efficiency gains";"Electricity"
"OPEX";"Charging Infrastructure";"NL";"Share MCS-Charging";"Rigid";"PROG";"%";2035;"0.2";"Sensitivity | Removed policies | Removed diesel efficiency gains";"Electricity"
"OPEX";"Charging Infrastructure";"NL";"Share MCS-Charging";"Tractor-Trailer";"PROG";"%";2035;"0.2";"Sensitivity | Removed policies | Removed diesel efficiency gains";"Electricity"
"OPEX";"Charging Infrastructure";"PL";"Share MCS-Charging";"Rigid";"PROG";"%";2035;"0.2";"Sensitivity | Removed policies | Removed diesel efficiency gains";"Electricity"
"OPEX";"Charging Infrastructure";"PL";"Share MCS-Charging";"Tractor-Trailer";"PROG";"%";2035;"0.2";"Sensitivity | Removed policies | Removed diesel efficiency gains";"Electricity"
"OPEX";"Charging Infrastructure";"UK";"Share MCS-Charging";"Rigid";"PROG";"%";2035;"0.2";"Sensitivity | Removed policies | Removed diesel efficiency gains";"Electricity"
"OPEX";"Charging Infrastructure";"UK";"Share MCS-Charging";"Tractor-Trailer";"PROG";"%";2035;"0.2";"Sensitivity | Removed policies | Removed diesel efficiency gains";"Electricity"
"OPEX";"Charging Infrastructure";"DE";"Depot - Network fees savings potential";"Rigid";"PROG";"EUR/kWh";2035;"-0.01";"Sensitivity | Removed policies | Removed diesel efficiency gains";"Electricity"
"OPEX";"Charging Infrastructure";"DE";"Depot - Network fees savings potential";"Tractor-Trailer";"PROG";"EUR/kWh";2035;"-0.01";"Sensitivity | Removed policies | Removed diesel efficiency gains";"Electricity"
"OPEX";"Charging Infrastructure";"ES";"Depot - Network fees savings potential";"Rigid";"PROG";"EUR/kWh";2035;"-0.01";"Sensitivity | Removed policies | Removed diesel efficiency gains";"Electricity"
"OPEX";"Charging Infrastructure";"ES";"Depot - Network fees savings potential";"Tractor-Trailer";"PROG";"EUR/kWh";2035;"-0.01";"Sensitivity | Removed policies | Removed diesel efficiency gains";"Electricity"
"OPEX";"Charging Infrastructure";"FR";"Depot - Network fees savings potential";"Rigid";"PROG";"EUR/kWh";2035;"-0.01";"Sensitivity | Removed policies | Removed diesel efficiency gains";"Electricity"
"OPEX";"Charging Infrastructure";"FR";"Depot - Network fees savings potential";"Tractor-Trailer";"PROG";"EUR/kWh";2035;"-0.01";"Sensitivity | Removed policies | Removed diesel efficiency gains";"Electricity"
"OPEX";"Charging Infrastructure";"IT";"Depot - Network fees savings potential";"Rigid";"PROG";"EUR/kWh";2035;"-0.01";"Sensitivity | Removed policies | Removed diesel efficiency gains";"Electricity"
"OPEX";"Charging Infrastructure";"IT";"Depot - Network fees savings potential";"Tractor-Trailer";"PROG";"EUR/kWh";2035;"-0.01";"Sensitivity | Removed policies | Removed diesel efficiency gains";"Electricity"
"OPEX";"Charging Infrastructure";"NL";"Depot - Network fees savings potential";"Rigid";"PROG";"EUR/kWh";2035;"-0.01";"Sensitivity | Removed policies | Removed diesel efficiency gains";"Electricity"
"OPEX";"Charging Infrastructure";"NL";"Depot - Network fees savings potential";"Tractor-Trailer";"PROG";"EUR/kWh";2035;"-0.01";"Sensitivity | Removed policies | Removed diesel efficiency gains";"Electricity"
"OPEX";"Charging Infrastructure";"PL";"Depot - Network fees savings potential";"Rigid";"PROG";"EUR/kWh";2035;"-0.01";"Sensitivity | Removed policies | Removed diesel efficiency gains";"Electricity"
"OPEX";"Charging Infrastructure";"PL";"Depot - Network fees savings potential";"Tractor-Trailer";"PROG";"EUR/kWh";2035;"-0.01";"Sensitivity | Removed policies | Removed diesel efficiency gains";"Electricity"
"OPEX";"Charging Infrastructure";"UK";"Depot - Network fees savings potential";"Rigid";"PROG";"EUR/kWh";2035;"-0.01";"Sensitivity | Removed policies | Removed diesel efficiency gains";"Electricity"
"OPEX";"Charging Infrastructure";"UK";"Depot - Network fees savings potential";"Tractor-Trailer";"PROG";"EUR/kWh";2035;"-0.01";"Sensitivity | Removed policies | Removed diesel efficiency gains";"Electricity"
"OPEX";"Taxes";"DE";"Tax reduction";"Rigid";"PROG";"%";2035;"0";"Sensitivity | Removed policies | Removed diesel efficiency gains";"Hydrogen"
"OPEX";"Taxes";"DE";"Tax reduction";"Tractor-Trailer";"PROG";"%";2035;"0";"Sensitivity | Removed policies | Removed diesel efficiency gains";"Hydrogen"
"OPEX";"Taxes";"ES";"Tax reduction";"Rigid";"PROG";"%";2035;"0";"Sensitivity | Removed policies | Removed diesel efficiency gains";"Hydrogen"
"OPEX";"Taxes";"ES";"Tax reduction";"Tractor-Trailer";"PROG";"%";2035;"0";"Sensitivity | Removed policies | Removed diesel efficiency gains";"Hydrogen"
"OPEX";"Taxes";"FR";"Tax reduction";"Rigid";"PROG";"%";2035;"0";"Sensitivity | Removed policies | Removed diesel efficiency gains";"Hydrogen"
"OPEX";"Taxes";"FR";"Tax reduction";"Tractor-Trailer";"PROG";"%";2035;"0";"Sensitivity | Removed policies | Removed diesel efficiency gains";"Hydrogen"
"OPEX";"Taxes";"IT";"Tax reduction";"Rigid";"PROG";"%";2035;"0";"Sensitivity | Removed policies | Removed diesel efficiency gains";"Hydrogen"
"OPEX";"Taxes";"IT";"Tax reduction";"Tractor-Trailer";"PROG";"%";2035;"0";"Sensitivity | Removed policies | Removed diesel efficiency gains";"Hydrogen"
"OPEX";"Taxes";"NL";"Tax reduction";"Rigid";"PROG";"%";2035;"0";"Sensitivity | Removed policies | Removed diesel efficiency gains";"Hydrogen"
"OPEX";"Taxes";"NL";"Tax reduction";"Tractor-Trailer";"PROG";"%";2035;"0";"Sensitivity | Removed policies | Removed diesel efficiency gains";"Hydrogen"
"OPEX";"Taxes";"PL";"Tax reduction";"Rigid";"PROG";"%";2035;"0";"Sensitivity | Removed policies | Removed diesel efficiency gains";"Hydrogen"
"OPEX";"Taxes";"PL";"Tax reduction";"Tractor-Trailer";"PROG";"%";2035;"0";"Sensitivity | Removed policies | Removed diesel efficiency gains";"Hydrogen"
"OPEX";"Taxes";"UK";"Tax reduction";"Rigid";"PROG";"%";2035;"0";"Sensitivity | Removed policies | Removed diesel efficiency gains";"Hydrogen"
"OPEX";"Taxes";"UK";"Tax reduction";"Tractor-Trailer";"PROG";"%";2035;"0";"Sensitivity | Removed policies | Removed diesel efficiency gains";"Hydrogen"
"OPEX";"Taxes";"DE";"Excise Duty - Diesel";"Rigid";"BAU";"EUR/kWh";2035;"0.047";"Sensitivity | Removed policies | Removed diesel efficiency gains";"Diesel"
"OPEX";"Taxes";"DE";"Excise Duty - Diesel";"Tractor-Trailer";"BAU";"EUR/kWh";2035;"0.047";"Sensitivity | Removed policies | Removed diesel efficiency gains";"Diesel"
"OPEX";"Taxes";"DE";"Excise Duty - Diesel";"Rigid";"PROG";"EUR/kWh";2035;"0.047";"Sensitivity | Removed policies | Removed diesel efficiency gains";"Diesel"
"OPEX";"Taxes";"DE";"Excise Duty - Diesel";"Tractor-Trailer";"PROG";"EUR/kWh";2035;"0.047";"Sensitivity | Removed policies | Removed diesel efficiency gains";"Diesel"
"OPEX";"Taxes";"ES";"Excise Duty - Diesel";"Rigid";"BAU";"EUR/kWh";2035;"0.038";"Sensitivity | Removed policies | Removed diesel efficiency gains";"Diesel"
"OPEX";"Taxes";"ES";"Excise Duty - Diesel";"Tractor-Trailer";"BAU";"EUR/kWh";2035;"0.038";"Sensitivity | Removed policies | Removed diesel efficiency gains";"Diesel"
"OPEX";"Taxes";"ES";"Excise Duty - Diesel";"Rigid";"PROG";"EUR/kWh";2035;"0.038";"Sensitivity | Removed policies | Removed diesel efficiency gains";"Diesel"
"OPEX";"Taxes";"ES";"Excise Duty - Diesel";"Tractor-Trailer";"PROG";"EUR/kWh";2035;"0.038";"Sensitivity | Removed policies | Removed diesel efficiency gains";"Diesel"
"OPEX";"Taxes";"FR";"Excise Duty - Diesel";"Rigid";"BAU";"EUR/kWh";2035;"0.06";"Sensitivity | Removed policies | Removed diesel efficiency gains";"Diesel"
"OPEX";"Taxes";"FR";"Excise Duty - Diesel";"Tractor-Trailer";"BAU";"EUR/kWh";2035;"0.06";"Sensitivity | Removed policies | Removed diesel efficiency gains";"Diesel"
"OPEX";"Taxes";"FR";"Excise Duty - Diesel";"Rigid";"PROG";"EUR/kWh";2035;"0.06";"Sensitivity | Removed policies | Removed diesel efficiency gains";"Diesel"
"OPEX";"Taxes";"FR";"Excise Duty - Diesel";"Tractor-Trailer";"PROG";"EUR/kWh";2035;"0.06";"Sensitivity | Removed policies | Removed diesel efficiency gains";"Diesel"
"OPEX";"Taxes";"IT";"Excise Duty - Diesel";"Rigid";"BAU";"EUR/kWh";2035;"0.062";"Sensitivity | Removed policies | Removed diesel efficiency gains";"Diesel"
"OPEX";"Taxes";"IT";"Excise Duty - Diesel";"Tractor-Trailer";"BAU";"EUR/kWh";2035;"0.062";"Sensitivity | Removed policies | Removed diesel efficiency gains";"Diesel"
"OPEX";"Taxes";"IT";"Excise Duty - Diesel";"Rigid";"PROG";"EUR/kWh";2035;"0.062";"Sensitivity | Removed policies | Removed diesel efficiency gains";"Diesel"
"OPEX";"Taxes";"IT";"Excise Duty - Diesel";"Tractor-Trailer";"PROG";"EUR/kWh";2035;"0.062";"Sensitivity | Removed policies | Removed diesel efficiency gains";"Diesel"
"OPEX";"Taxes";"NL";"Excise Duty - Diesel";"Rigid";"BAU";"EUR/kWh";2035;"0.053";"Sensitivity | Removed policies | Removed diesel efficiency gains";"Diesel"
"OPEX";"Taxes";"NL";"Excise Duty - Diesel";"Tractor-Trailer";"BAU";"EUR/kWh";2035;"0.053";"Sensitivity | Removed policies | Removed diesel efficiency gains";"Diesel"
"OPEX";"Taxes";"NL";"Excise Duty - Diesel";"Rigid";"PROG";"EUR/kWh";2035;"0.053";"Sensitivity | Removed policies | Removed diesel efficiency gains";"Diesel"
"OPEX";"Taxes";"NL";"Excise Duty - Diesel";"Tractor-Trailer";"PROG";"EUR/kWh";2035;"0.053";"Sensitivity | Removed policies | Removed diesel efficiency gains";"Diesel"
"OPEX";"Taxes";"PL";"Excise Duty - Diesel";"Rigid";"BAU";"EUR/kWh";2035;"0.033";"Sensitivity | Removed policies | Removed diesel efficiency gains";"Diesel"
"OPEX";"Taxes";"PL";"Excise Duty - Diesel";"Tractor-Trailer";"BAU";"EUR/kWh";2035;"0.033";"Sensitivity | Removed policies | Removed diesel efficiency gains";"Diesel"
"OPEX";"Taxes";"PL";"Excise Duty - Diesel";"Rigid";"PROG";"EUR/kWh";2035;"0.033";"Sensitivity | Removed policies | Removed diesel efficiency gains";"Diesel"
"OPEX";"Taxes";"PL";"Excise Duty - Diesel";"Tractor-Trailer";"PROG";"EUR/kWh";2035;"0.033";"Sensitivity | Removed policies | Removed diesel efficiency gains";"Diesel"
"OPEX";"Taxes";"UK";"Excise Duty - Diesel";"Rigid";"BAU";"EUR/kWh";2035;"0.053";"Sensitivity | Removed policies | Removed diesel efficiency gains";"Diesel"
"OPEX";"Taxes";"UK";"Excise Duty - Diesel";"Tractor-Trailer";"BAU";"EUR/kWh";2035;"0.053";"Sensitivity | Removed policies | Removed diesel efficiency gains";"Diesel"
"OPEX";"Taxes";"UK";"Excise Duty - Diesel";"Rigid";"PROG";"EUR/kWh";2035;"0.053";"Sensitivity | Removed policies | Removed diesel efficiency gains";"Diesel"
"OPEX";"Taxes";"UK";"Excise Duty - Diesel";"Tractor-Trailer";"PROG";"EUR/kWh";2035;"0.053";"Sensitivity | Removed policies | Removed diesel efficiency gains";"Diesel"
"OPEX";"Taxes";"DE";"Excise Duty - Reduction biodiesel";"Rigid";"BAU";"%";2035;"0.5";"Sensitivity | Removed policies | Removed diesel efficiency gains";"Diesel"
"OPEX";"Taxes";"DE";"Excise Duty - Reduction biodiesel";"Tractor-Trailer";"BAU";"%";2035;"0.5";"Sensitivity | Removed policies | Removed diesel efficiency gains";"Diesel"
"OPEX";"Taxes";"DE";"Excise Duty - Reduction biodiesel";"Rigid";"PROG";"%";2035;"0.5";"Sensitivity | Removed policies | Removed diesel efficiency gains";"Diesel"
"OPEX";"Taxes";"DE";"Excise Duty - Reduction biodiesel";"Tractor-Trailer";"PROG";"%";2035;"0.5";"Sensitivity | Removed policies | Removed diesel efficiency gains";"Diesel"
"OPEX";"Taxes";"ES";"Excise Duty - Reduction biodiesel";"Rigid";"BAU";"%";2035;"0.5";"Sensitivity | Removed policies | Removed diesel efficiency gains";"Diesel"
"OPEX";"Taxes";"ES";"Excise Duty - Reduction biodiesel";"Tractor-Trailer";"BAU";"%";2035;"0.5";"Sensitivity | Removed policies | Removed diesel efficiency gains";"Diesel"
"OPEX";"Taxes";"ES";"Excise Duty - Reduction biodiesel";"Rigid";"PROG";"%";2035;"0.5";"Sensitivity | Removed policies | Removed diesel efficiency gains";"Diesel"
"OPEX";"Taxes";"ES";"Excise Duty - Reduction biodiesel";"Tractor-Trailer";"PROG";"%";2035;"0.5";"Sensitivity | Removed policies | Removed diesel efficiency gains";"Diesel"
"OPEX";"Taxes";"FR";"Excise Duty - Reduction biodiesel";"Rigid";"BAU";"%";2035;"0.5";"Sensitivity | Removed policies | Removed diesel efficiency gains";"Diesel"
"OPEX";"Taxes";"FR";"Excise Duty - Reduction biodiesel";"Tractor-Trailer";"BAU";"%";2035;"0.5";"Sensitivity | Removed policies | Removed diesel efficiency gains";"Diesel"
"OPEX";"Taxes";"FR";"Excise Duty - Reduction biodiesel";"Rigid";"PROG";"%";2035;"0.5";"Sensitivity | Removed policies | Removed diesel efficiency gains";"Diesel"
"OPEX";"Taxes";"FR";"Excise Duty - Reduction biodiesel";"Tractor-Trailer";"PROG";"%";2035;"0.5";"Sensitivity | Removed policies | Removed diesel efficiency gains";"Diesel"
"OPEX";"Taxes";"IT";"Excise Duty - Reduction biodiesel";"Rigid";"BAU";"%";2035;"0.5";"Sensitivity | Removed policies | Removed diesel efficiency gains";"Diesel"
"OPEX";"Taxes";"IT";"Excise Duty - Reduction biodiesel";"Tractor-Trailer";"BAU";"%";2035;"0.5";"Sensitivity | Removed policies | Removed diesel efficiency gains";"Diesel"
"OPEX";"Taxes";"IT";"Excise Duty - Reduction biodiesel";"Rigid";"PROG";"%";2035;"0.5";"Sensitivity | Removed policies | Removed diesel efficiency gains";"Diesel"
"OPEX";"Taxes";"IT";"Excise Duty - Reduction biodiesel";"Tractor-Trailer";"PROG";"%";2035;"0.5";"Sensitivity | Removed policies | Removed diesel efficiency gains";"Diesel"
"OPEX";"Taxes";"NL";"Excise Duty - Reduction biodiesel";"Rigid";"BAU";"%";2035;"0.5";"Sensitivity | Removed policies | Removed diesel efficiency gains";"Diesel"
"OPEX";"Taxes";"NL";"Excise Duty - Reduction biodiesel";"Tractor-Trailer";"BAU";"%";2035;"0.5";"Sensitivity | Removed policies | Removed diesel efficiency gains";"Diesel"
"OPEX";"Taxes";"NL";"Excise Duty - Reduction biodiesel";"Rigid";"PROG";"%";2035;"0.5";"Sensitivity | Removed policies | Removed diesel efficiency gains";"Diesel"
"OPEX";"Taxes";"NL";"Excise Duty - Reduction biodiesel";"Tractor-Trailer";"PROG";"%";2035;"0.5";"Sensitivity | Removed policies | Removed diesel efficiency gains";"Diesel"
"OPEX";"Taxes";"PL";"Excise Duty - Reduction biodiesel";"Rigid";"BAU";"%";2035;"0.5";"Sensitivity | Removed policies | Removed diesel efficiency gains";"Diesel"
"OPEX";"Taxes";"PL";"Excise Duty - Reduction biodiesel";"Tractor-Trailer";"BAU";"%";2035;"0.5";"Sensitivity | Removed policies | Removed diesel efficiency gains";"Diesel"
"OPEX";"Taxes";"PL";"Excise Duty - Reduction biodiesel";"Rigid";"PROG";"%";2035;"0.5";"Sensitivity | Removed policies | Removed diesel efficiency gains";"Diesel"
"OPEX";"Taxes";"PL";"Excise Duty - Reduction biodiesel";"Tractor-Trailer";"PROG";"%";2035;"0.5";"Sensitivity | Removed policies | Removed diesel efficiency gains";"Diesel"
"OPEX";"Taxes";"UK";"Excise Duty - Reduction biodiesel";"Rigid";"BAU";"%";2035;"0.5";"Sensitivity | Removed policies | Removed diesel efficiency gains";"Diesel"
"OPEX";"Taxes";"UK";"Excise Duty - Reduction biodiesel";"Tractor-Trailer";"BAU";"%";2035;"0.5";"Sensitivity | Removed policies | Removed diesel efficiency gains";"Diesel"
"OPEX";"Taxes";"UK";"Excise Duty - Reduction biodiesel";"Rigid";"PROG";"%";2035;"0.5";"Sensitivity | Removed policies | Removed diesel efficiency gains";"Diesel"
"OPEX";"Taxes";"UK";"Excise Duty - Reduction biodiesel";"Tractor-Trailer";"PROG";"%";2035;"0.5";"Sensitivity | Removed policies | Removed diesel efficiency gains";"Diesel"
"OPEX";"Taxes";"DE";"Excise Duty - Reduction Synthetic Diesel (E-Fuels)";"Rigid";"BAU";"%";2035;"0.5";"Sensitivity | Removed policies | Removed diesel efficiency gains";"Diesel"
"OPEX";"Taxes";"DE";"Excise Duty - Reduction Synthetic Diesel (E-Fuels)";"Tractor-Trailer";"BAU";"%";2035;"0.5";"Sensitivity | Removed policies | Removed diesel efficiency gains";"Diesel"
"OPEX";"Taxes";"DE";"Excise Duty - Reduction Synthetic Diesel (E-Fuels)";"Rigid";"PROG";"%";2035;"0.5";"Sensitivity | Removed policies | Removed diesel efficiency gains";"Diesel"
"OPEX";"Taxes";"DE";"Excise Duty - Reduction Synthetic Diesel (E-Fuels)";"Tractor-Trailer";"PROG";"%";2035;"0.5";"Sensitivity | Removed policies | Removed diesel efficiency gains";"Diesel"
"OPEX";"Taxes";"ES";"Excise Duty - Reduction Synthetic Diesel (E-Fuels)";"Rigid";"BAU";"%";2035;"0.5";"Sensitivity | Removed policies | Removed diesel efficiency gains";"Diesel"
"OPEX";"Taxes";"ES";"Excise Duty - Reduction Synthetic Diesel (E-Fuels)";"Tractor-Trailer";"BAU";"%";2035;"0.5";"Sensitivity | Removed policies | Removed diesel efficiency gains";"Diesel"
"OPEX";"Taxes";"ES";"Excise Duty - Reduction Synthetic Diesel (E-Fuels)";"Rigid";"PROG";"%";2035;"0.5";"Sensitivity | Removed policies | Removed diesel efficiency gains";"Diesel"
"OPEX";"Taxes";"ES";"Excise Duty - Reduction Synthetic Diesel (E-Fuels)";"Tractor-Trailer";"PROG";"%";2035;"0.5";"Sensitivity | Removed policies | Removed diesel efficiency gains";"Diesel"
"OPEX";"Taxes";"FR";"Excise Duty - Reduction Synthetic Diesel (E-Fuels)";"Rigid";"BAU";"%";2035;"0.5";"Sensitivity | Removed policies | Removed diesel efficiency gains";"Diesel"
"OPEX";"Taxes";"FR";"Excise Duty - Reduction Synthetic Diesel (E-Fuels)";"Tractor-Trailer";"BAU";"%";2035;"0.5";"Sensitivity | Removed policies | Removed diesel efficiency gains";"Diesel"
"OPEX";"Taxes";"FR";"Excise Duty - Reduction Synthetic Diesel (E-Fuels)";"Rigid";"PROG";"%";2035;"0.5";"Sensitivity | Removed policies | Removed diesel efficiency gains";"Diesel"
"OPEX";"Taxes";"FR";"Excise Duty - Reduction Synthetic Diesel (E-Fuels)";"Tractor-Trailer";"PROG";"%";2035;"0.5";"Sensitivity | Removed policies | Removed diesel efficiency gains";"Diesel"
"OPEX";"Taxes";"IT";"Excise Duty - Reduction Synthetic Diesel (E-Fuels)";"Rigid";"BAU";"%";2035;"0.5";"Sensitivity | Removed policies | Removed diesel efficiency gains";"Diesel"
"OPEX";"Taxes";"IT";"Excise Duty - Reduction Synthetic Diesel (E-Fuels)";"Tractor-Trailer";"BAU";"%";2035;"0.5";"Sensitivity | Removed policies | Removed diesel efficiency gains";"Diesel"
"OPEX";"Taxes";"IT";"Excise Duty - Reduction Synthetic Diesel (E-Fuels)";"Rigid";"PROG";"%";2035;"0.5";"Sensitivity | Removed policies | Removed diesel efficiency gains";"Diesel"
"OPEX";"Taxes";"IT";"Excise Duty - Reduction Synthetic Diesel (E-Fuels)";"Tractor-Trailer";"PROG";"%";2035;"0.5";"Sensitivity | Removed policies | Removed diesel efficiency gains";"Diesel"
"OPEX";"Taxes";"NL";"Excise Duty - Reduction Synthetic Diesel (E-Fuels)";"Rigid";"BAU";"%";2035;"0.5";"Sensitivity | Removed policies | Removed diesel efficiency gains";"Diesel"
"OPEX";"Taxes";"NL";"Excise Duty - Reduction Synthetic Diesel (E-Fuels)";"Tractor-Trailer";"BAU";"%";2035;"0.5";"Sensitivity | Removed policies | Removed diesel efficiency gains";"Diesel"
"OPEX";"Taxes";"NL";"Excise Duty - Reduction Synthetic Diesel (E-Fuels)";"Rigid";"PROG";"%";2035;"0.5";"Sensitivity | Removed policies | Removed diesel efficiency gains";"Diesel"
"OPEX";"Taxes";"NL";"Excise Duty - Reduction Synthetic Diesel (E-Fuels)";"Tractor-Trailer";"PROG";"%";2035;"0.5";"Sensitivity | Removed policies | Removed diesel efficiency gains";"Diesel"
"OPEX";"Taxes";"PL";"Excise Duty - Reduction Synthetic Diesel (E-Fuels)";"Rigid";"BAU";"%";2035;"0.5";"Sensitivity | Removed policies | Removed diesel efficiency gains";"Diesel"
"OPEX";"Taxes";"PL";"Excise Duty - Reduction Synthetic Diesel (E-Fuels)";"Tractor-Trailer";"BAU";"%";2035;"0.5";"Sensitivity | Removed policies | Removed diesel efficiency gains";"Diesel"
"OPEX";"Taxes";"PL";"Excise Duty - Reduction Synthetic Diesel (E-Fuels)";"Rigid";"PROG";"%";2035;"0.5";"Sensitivity | Removed policies | Removed diesel efficiency gains";"Diesel"
"OPEX";"Taxes";"PL";"Excise Duty - Reduction Synthetic Diesel (E-Fuels)";"Tractor-Trailer";"PROG";"%";2035;"0.5";"Sensitivity | Removed policies | Removed diesel efficiency gains";"Diesel"
"OPEX";"Taxes";"UK";"Excise Duty - Reduction Synthetic Diesel (E-Fuels)";"Rigid";"BAU";"%";2035;"0.5";"Sensitivity | Removed policies | Removed diesel efficiency gains";"Diesel"
"OPEX";"Taxes";"UK";"Excise Duty - Reduction Synthetic Diesel (E-Fuels)";"Tractor-Trailer";"BAU";"%";2035;"0.5";"Sensitivity | Removed policies | Removed diesel efficiency gains";"Diesel"
"OPEX";"Taxes";"UK";"Excise Duty - Reduction Synthetic Diesel (E-Fuels)";"Rigid";"PROG";"%";2035;"0.5";"Sensitivity | Removed policies | Removed diesel efficiency gains";"Diesel"
"OPEX";"Taxes";"UK";"Excise Duty - Reduction Synthetic Diesel (E-Fuels)";"Tractor-Trailer";"PROG";"%";2035;"0.5";"Sensitivity | Removed policies | Removed diesel efficiency gains";"Diesel"
"OPEX";"Taxes";"DE";"Taxes, Fees, Levies and charges - H2";"Rigid";"BAU";"EUR/kWh";2035;"0.015";"Sensitivity | Removed policies | Removed diesel efficiency gains";"Hydrogen"
"OPEX";"Taxes";"DE";"Taxes, Fees, Levies and charges - H2";"Tractor-Trailer";"BAU";"EUR/kWh";2035;"0.015";"Sensitivity | Removed policies | Removed diesel efficiency gains";"Hydrogen"
"OPEX";"Taxes";"DE";"Taxes, Fees, Levies and charges - H2";"Rigid";"PROG";"EUR/kWh";2035;"0.015";"Sensitivity | Removed policies | Removed diesel efficiency gains";"Hydrogen"
"OPEX";"Taxes";"DE";"Taxes, Fees, Levies and charges - H2";"Tractor-Trailer";"PROG";"EUR/kWh";2035;"0.015";"Sensitivity | Removed policies | Removed diesel efficiency gains";"Hydrogen"
"OPEX";"Taxes";"ES";"Taxes, Fees, Levies and charges - H2";"Rigid";"BAU";"EUR/kWh";2035;"0.008";"Sensitivity | Removed policies | Removed diesel efficiency gains";"Hydrogen"
"OPEX";"Taxes";"ES";"Taxes, Fees, Levies and charges - H2";"Tractor-Trailer";"BAU";"EUR/kWh";2035;"0.008";"Sensitivity | Removed policies | Removed diesel efficiency gains";"Hydrogen"
"OPEX";"Taxes";"ES";"Taxes, Fees, Levies and charges - H2";"Rigid";"PROG";"EUR/kWh";2035;"0.008";"Sensitivity | Removed policies | Removed diesel efficiency gains";"Hydrogen"
"OPEX";"Taxes";"ES";"Taxes, Fees, Levies and charges - H2";"Tractor-Trailer";"PROG";"EUR/kWh";2035;"0.008";"Sensitivity | Removed policies | Removed diesel efficiency gains";"Hydrogen"
"OPEX";"Taxes";"FR";"Taxes, Fees, Levies and charges - H2";"Rigid";"BAU";"EUR/kWh";2035;"0.012";"Sensitivity | Removed policies | Removed diesel efficiency gains";"Hydrogen"
"OPEX";"Taxes";"FR";"Taxes, Fees, Levies and charges - H2";"Tractor-Trailer";"BAU";"EUR/kWh";2035;"0.012";"Sensitivity | Removed policies | Removed diesel efficiency gains";"Hydrogen"
"OPEX";"Taxes";"FR";"Taxes, Fees, Levies and charges - H2";"Rigid";"PROG";"EUR/kWh";2035;"0.012";"Sensitivity | Removed policies | Removed diesel efficiency gains";"Hydrogen"
"OPEX";"Taxes";"FR";"Taxes, Fees, Levies and charges - H2";"Tractor-Trailer";"PROG";"EUR/kWh";2035;"0.012";"Sensitivity | Removed policies | Removed diesel efficiency gains";"Hydrogen"
"OPEX";"Taxes";"IT";"Taxes, Fees, Levies and charges - H2";"Rigid";"BAU";"EUR/kWh";2035;"0.009";"Sensitivity | Removed policies | Removed diesel efficiency gains";"Hydrogen"
"OPEX";"Taxes";"IT";"Taxes, Fees, Levies and charges - H2";"Tractor-Trailer";"BAU";"EUR/kWh";2035;"0.009";"Sensitivity | Removed policies | Removed diesel efficiency gains";"Hydrogen"
"OPEX";"Taxes";"IT";"Taxes, Fees, Levies and charges - H2";"Rigid";"PROG";"EUR/kWh";2035;"0.009";"Sensitivity | Removed policies | Removed diesel efficiency gains";"Hydrogen"
"OPEX";"Taxes";"IT";"Taxes, Fees, Levies and charges - H2";"Tractor-Trailer";"PROG";"EUR/kWh";2035;"0.009";"Sensitivity | Removed policies | Removed diesel efficiency gains";"Hydrogen"
"OPEX";"Taxes";"NL";"Taxes, Fees, Levies and charges - H2";"Rigid";"BAU";"EUR/kWh";2035;"0.024";"Sensitivity | Removed policies | Removed diesel efficiency gains";"Hydrogen"
"OPEX";"Taxes";"NL";"Taxes, Fees, Levies and charges - H2";"Tractor-Trailer";"BAU";"EUR/kWh";2035;"0.024";"Sensitivity | Removed policies | Removed diesel efficiency gains";"Hydrogen"
"OPEX";"Taxes";"NL";"Taxes, Fees, Levies and charges - H2";"Rigid";"PROG";"EUR/kWh";2035;"0.024";"Sensitivity | Removed policies | Removed diesel efficiency gains";"Hydrogen"
"OPEX";"Taxes";"NL";"Taxes, Fees, Levies and charges - H2";"Tractor-Trailer";"PROG";"EUR/kWh";2035;"0.024";"Sensitivity | Removed policies | Removed diesel efficiency gains";"Hydrogen"
"OPEX";"Taxes";"PL";"Taxes, Fees, Levies and charges - H2";"Rigid";"BAU";"EUR/kWh";2035;"0.009";"Sensitivity | Removed policies | Removed diesel efficiency gains";"Hydrogen"
"OPEX";"Taxes";"PL";"Taxes, Fees, Levies and charges - H2";"Tractor-Trailer";"BAU";"EUR/kWh";2035;"0.009";"Sensitivity | Removed policies | Removed diesel efficiency gains";"Hydrogen"
"OPEX";"Taxes";"PL";"Taxes, Fees, Levies and charges - H2";"Rigid";"PROG";"EUR/kWh";2035;"0.009";"Sensitivity | Removed policies | Removed diesel efficiency gains";"Hydrogen"
"OPEX";"Taxes";"PL";"Taxes, Fees, Levies and charges - H2";"Tractor-Trailer";"PROG";"EUR/kWh";2035;"0.009";"Sensitivity | Removed policies | Removed diesel efficiency gains";"Hydrogen"
"OPEX";"Taxes";"UK";"Taxes, Fees, Levies and charges - H2";"Rigid";"BAU";"EUR/kWh";2035;"0.006";"Sensitivity | Removed policies | Removed diesel efficiency gains";"Hydrogen"
"OPEX";"Taxes";"UK";"Taxes, Fees, Levies and charges - H2";"Tractor-Trailer";"BAU";"EUR/kWh";2035;"0.006";"Sensitivity | Removed policies | Removed diesel efficiency gains";"Hydrogen"
"OPEX";"Taxes";"UK";"Taxes, Fees, Levies and charges - H2";"Rigid";"PROG";"EUR/kWh";2035;"0.006";"Sensitivity | Removed policies | Removed diesel efficiency gains";"Hydrogen"
"OPEX";"Taxes";"UK";"Taxes, Fees, Levies and charges - H2";"Tractor-Trailer";"PROG";"EUR/kWh";2035;"0.006";"Sensitivity | Removed policies | Removed diesel efficiency gains";"Hydrogen"
"OPEX";"Charging Infrastructure";"DE";"MCS grid extension";"Rigid";"PROG";"EUR/kWh";2035;"0.065";"Sensitivity | Removed policies | Removed diesel efficiency gains";"Electricity"
"OPEX";"Charging Infrastructure";"DE";"MCS grid extension";"Tractor-Trailer";"PROG";"EUR/kWh";2035;"0.065";"Sensitivity | Removed policies | Removed diesel efficiency gains";"Electricity"
"OPEX";"Charging Infrastructure";"DE";"MCS grid extension";"Rigid";"BAU";"EUR/kWh";2035;"0.065";"Sensitivity | Removed policies | Removed diesel efficiency gains";"Electricity"
"OPEX";"Charging Infrastructure";"DE";"MCS grid extension";"Tractor-Trailer";"BAU";"EUR/kWh";2035;"0.065";"Sensitivity | Removed policies | Removed diesel efficiency gains";"Electricity"
"OPEX";"Charging Infrastructure";"ES";"MCS grid extension";"Rigid";"PROG";"EUR/kWh";2035;"0.065";"Sensitivity | Removed policies | Removed diesel efficiency gains";"Electricity"
"OPEX";"Charging Infrastructure";"ES";"MCS grid extension";"Tractor-Trailer";"PROG";"EUR/kWh";2035;"0.065";"Sensitivity | Removed policies | Removed diesel efficiency gains";"Electricity"
"OPEX";"Charging Infrastructure";"ES";"MCS grid extension";"Rigid";"BAU";"EUR/kWh";2035;"0.065";"Sensitivity | Removed policies | Removed diesel efficiency gains";"Electricity"
"OPEX";"Charging Infrastructure";"ES";"MCS grid extension";"Tractor-Trailer";"BAU";"EUR/kWh";2035;"0.065";"Sensitivity | Removed policies | Removed diesel efficiency gains";"Electricity"
"OPEX";"Charging Infrastructure";"FR";"MCS grid extension";"Rigid";"PROG";"EUR/kWh";2035;"0.065";"Sensitivity | Removed policies | Removed diesel efficiency gains";"Electricity"
"OPEX";"Charging Infrastructure";"FR";"MCS grid extension";"Tractor-Trailer";"PROG";"EUR/kWh";2035;"0.065";"Sensitivity | Removed policies | Removed diesel efficiency gains";"Electricity"
"OPEX";"Charging Infrastructure";"FR";"MCS grid extension";"Rigid";"BAU";"EUR/kWh";2035;"0.065";"Sensitivity | Removed policies | Removed diesel efficiency gains";"Electricity"
"OPEX";"Charging Infrastructure";"FR";"MCS grid extension";"Tractor-Trailer";"BAU";"EUR/kWh";2035;"0.065";"Sensitivity | Removed policies | Removed diesel efficiency gains";"Electricity"
"OPEX";"Charging Infrastructure";"IT";"MCS grid extension";"Rigid";"PROG";"EUR/kWh";2035;"0.065";"Sensitivity | Removed policies | Removed diesel efficiency gains";"Electricity"
"OPEX";"Charging Infrastructure";"IT";"MCS grid extension";"Tractor-Trailer";"PROG";"EUR/kWh";2035;"0.065";"Sensitivity | Removed policies | Removed diesel efficiency gains";"Electricity"
"OPEX";"Charging Infrastructure";"IT";"MCS grid extension";"Rigid";"BAU";"EUR/kWh";2035;"0.065";"Sensitivity | Removed policies | Removed diesel efficiency gains";"Electricity"
"OPEX";"Charging Infrastructure";"IT";"MCS grid extension";"Tractor-Trailer";"BAU";"EUR/kWh";2035;"0.065";"Sensitivity | Removed policies | Removed diesel efficiency gains";"Electricity"
"OPEX";"Charging Infrastructure";"NL";"MCS grid extension";"Rigid";"PROG";"EUR/kWh";2035;"0.065";"Sensitivity | Removed policies | Removed diesel efficiency gains";"Electricity"
"OPEX";"Charging Infrastructure";"NL";"MCS grid extension";"Tractor-Trailer";"PROG";"EUR/kWh";2035;"0.065";"Sensitivity | Removed policies | Removed diesel efficiency gains";"Electricity"
"OPEX";"Charging Infrastructure";"NL";"MCS grid extension";"Rigid";"BAU";"EUR/kWh";2035;"0.065";"Sensitivity | Removed policies | Removed diesel efficiency gains";"Electricity"
"OPEX";"Charging Infrastructure";"NL";"MCS grid extension";"Tractor-Trailer";"BAU";"EUR/kWh";2035;"0.065";"Sensitivity | Removed policies | Removed diesel efficiency gains";"Electricity"
"OPEX";"Charging Infrastructure";"PL";"MCS grid extension";"Rigid";"PROG";"EUR/kWh";2035;"0.065";"Sensitivity | Removed policies | Removed diesel efficiency gains";"Electricity"
"OPEX";"Charging Infrastructure";"PL";"MCS grid extension";"Tractor-Trailer";"PROG";"EUR/kWh";2035;"0.065";"Sensitivity | Removed policies | Removed diesel efficiency gains";"Electricity"
"OPEX";"Charging Infrastructure";"PL";"MCS grid extension";"Rigid";"BAU";"EUR/kWh";2035;"0.065";"Sensitivity | Removed policies | Removed diesel efficiency gains";"Electricity"
"OPEX";"Charging Infrastructure";"PL";"MCS grid extension";"Tractor-Trailer";"BAU";"EUR/kWh";2035;"0.065";"Sensitivity | Removed policies | Removed diesel efficiency gains";"Electricity"
"OPEX";"Charging Infrastructure";"UK";"MCS grid extension";"Rigid";"PROG";"EUR/kWh";2035;"0.065";"Sensitivity | Removed policies | Removed diesel efficiency gains";"Electricity"
"OPEX";"Charging Infrastructure";"UK";"MCS grid extension";"Tractor-Trailer";"PROG";"EUR/kWh";2035;"0.065";"Sensitivity | Removed policies | Removed diesel efficiency gains";"Electricity"
"OPEX";"Charging Infrastructure";"UK";"MCS grid extension";"Rigid";"BAU";"EUR/kWh";2035;"0.065";"Sensitivity | Removed policies | Removed diesel efficiency gains";"Electricity"
"OPEX";"Charging Infrastructure";"UK";"MCS grid extension";"Tractor-Trailer";"BAU";"EUR/kWh";2035;"0.065";"Sensitivity | Removed policies | Removed diesel efficiency gains";"Electricity"
"OPEX";"Charging Infrastructure";"DE";"MCS Profit and Mark-Up";"Rigid";"PROG";"%";2035;"0.1";"Sensitivity | Removed policies | Removed diesel efficiency gains";"Electricity"
"OPEX";"Charging Infrastructure";"DE";"MCS Profit and Mark-Up";"Tractor-Trailer";"PROG";"%";2035;"0.1";"Sensitivity | Removed policies | Removed diesel efficiency gains";"Electricity"
"OPEX";"Charging Infrastructure";"DE";"MCS Profit and Mark-Up";"Rigid";"BAU";"%";2035;"0.1";"Sensitivity | Removed policies | Removed diesel efficiency gains";"Electricity"
"OPEX";"Charging Infrastructure";"DE";"MCS Profit and Mark-Up";"Tractor-Trailer";"BAU";"%";2035;"0.1";"Sensitivity | Removed policies | Removed diesel efficiency gains";"Electricity"
"OPEX";"Charging Infrastructure";"ES";"MCS Profit and Mark-Up";"Rigid";"PROG";"%";2035;"0.1";"Sensitivity | Removed policies | Removed diesel efficiency gains";"Electricity"
"OPEX";"Charging Infrastructure";"ES";"MCS Profit and Mark-Up";"Tractor-Trailer";"PROG";"%";2035;"0.1";"Sensitivity | Removed policies | Removed diesel efficiency gains";"Electricity"
"OPEX";"Charging Infrastructure";"ES";"MCS Profit and Mark-Up";"Rigid";"BAU";"%";2035;"0.1";"Sensitivity | Removed policies | Removed diesel efficiency gains";"Electricity"
"OPEX";"Charging Infrastructure";"ES";"MCS Profit and Mark-Up";"Tractor-Trailer";"BAU";"%";2035;"0.1";"Sensitivity | Removed policies | Removed diesel efficiency gains";"Electricity"
"OPEX";"Charging Infrastructure";"FR";"MCS Profit and Mark-Up";"Rigid";"PROG";"%";2035;"0.1";"Sensitivity | Removed policies | Removed diesel efficiency gains";"Electricity"
"OPEX";"Charging Infrastructure";"FR";"MCS Profit and Mark-Up";"Tractor-Trailer";"PROG";"%";2035;"0.1";"Sensitivity | Removed policies | Removed diesel efficiency gains";"Electricity"
"OPEX";"Charging Infrastructure";"FR";"MCS Profit and Mark-Up";"Rigid";"BAU";"%";2035;"0.1";"Sensitivity | Removed policies | Removed diesel efficiency gains";"Electricity"
"OPEX";"Charging Infrastructure";"FR";"MCS Profit and Mark-Up";"Tractor-Trailer";"BAU";"%";2035;"0.1";"Sensitivity | Removed policies | Removed diesel efficiency gains";"Electricity"
"OPEX";"Charging Infrastructure";"IT";"MCS Profit and Mark-Up";"Rigid";"PROG";"%";2035;"0.1";"Sensitivity | Removed policies | Removed diesel efficiency gains";"Electricity"
"OPEX";"Charging Infrastructure";"IT";"MCS Profit and Mark-Up";"Tractor-Trailer";"PROG";"%";2035;"0.1";"Sensitivity | Removed policies | Removed diesel efficiency gains";"Electricity"
"OPEX";"Charging Infrastructure";"IT";"MCS Profit and Mark-Up";"Rigid";"BAU";"%";2035;"0.1";"Sensitivity | Removed policies | Removed diesel efficiency gains";"Electricity"
"OPEX";"Charging Infrastructure";"IT";"MCS Profit and Mark-Up";"Tractor-Trailer";"BAU";"%";2035;"0.1";"Sensitivity | Removed policies | Removed diesel efficiency gains";"Electricity"
"OPEX";"Charging Infrastructure";"NL";"MCS Profit and Mark-Up";"Rigid";"PROG";"%";2035;"0.1";"Sensitivity | Removed policies | Removed diesel efficiency gains";"Electricity"
"OPEX";"Charging Infrastructure";"NL";"MCS Profit and Mark-Up";"Tractor-Trailer";"PROG";"%";2035;"0.1";"Sensitivity | Removed policies | Removed diesel efficiency gains";"Electricity"
"OPEX";"Charging Infrastructure";"NL";"MCS Profit and Mark-Up";"Rigid";"BAU";"%";2035;"0.1";"Sensitivity | Removed policies | Removed diesel efficiency gains";"Electricity"
"OPEX";"Charging Infrastructure";"NL";"MCS Profit and Mark-Up";"Tractor-Trailer";"BAU";"%";2035;"0.1";"Sensitivity | Removed policies | Removed diesel efficiency gains";"Electricity"
"OPEX";"Charging Infrastructure";"PL";"MCS Profit and Mark-Up";"Rigid";"PROG";"%";2035;"0.1";"Sensitivity | Removed policies | Removed diesel efficiency gains";"Electricity"
"OPEX";"Charging Infrastructure";"PL";"MCS Profit and Mark-Up";"Tractor-Trailer";"PROG";"%";2035;"0.1";"Sensitivity | Removed policies | Removed diesel efficiency gains";"Electricity"
"OPEX";"Charging Infrastructure";"PL";"MCS Profit and Mark-Up";"Rigid";"BAU";"%";2035;"0.1";"Sensitivity | Removed policies | Removed diesel efficiency gains";"Electricity"
"OPEX";"Charging Infrastructure";"PL";"MCS Profit and Mark-Up";"Tractor-Trailer";"BAU";"%";2035;"0.1";"Sensitivity | Removed policies | Removed diesel efficiency gains";"Electricity"
"OPEX";"Charging Infrastructure";"UK";"MCS Profit and Mark-Up";"Rigid";"PROG";"%";2035;"0.1";"Sensitivity | Removed policies | Removed diesel efficiency gains";"Electricity"
"OPEX";"Charging Infrastructure";"UK";"MCS Profit and Mark-Up";"Tractor-Trailer";"PROG";"%";2035;"0.1";"Sensitivity | Removed policies | Removed diesel efficiency gains";"Electricity"
"OPEX";"Charging Infrastructure";"UK";"MCS Profit and Mark-Up";"Rigid";"BAU";"%";2035;"0.1";"Sensitivity | Removed policies | Removed diesel efficiency gains";"Electricity"
"OPEX";"Charging Infrastructure";"UK";"MCS Profit and Mark-Up";"Tractor-Trailer";"BAU";"%";2035;"0.1";"Sensitivity | Removed policies | Removed diesel efficiency gains";"Electricity"
"OPEX";"Charging Infrastructure";"DE";"CCS Station (Depot) - Incl. Overhead";"Rigid";"PROG";"EUR/kWh";2035;"0.027";"Sensitivity | Removed policies | Removed diesel efficiency gains";"Electricity"
"OPEX";"Charging Infrastructure";"DE";"CCS Station (Depot) - Incl. Overhead";"Tractor-Trailer";"PROG";"EUR/kWh";2035;"0.027";"Sensitivity | Removed policies | Removed diesel efficiency gains";"Electricity"
"OPEX";"Charging Infrastructure";"DE";"CCS Station (Depot) - Incl. Overhead";"Rigid";"BAU";"EUR/kWh";2035;"0.027";"Sensitivity | Removed policies | Removed diesel efficiency gains";"Electricity"
"OPEX";"Charging Infrastructure";"DE";"CCS Station (Depot) - Incl. Overhead";"Tractor-Trailer";"BAU";"EUR/kWh";2035;"0.027";"Sensitivity | Removed policies | Removed diesel efficiency gains";"Electricity"
"OPEX";"Charging Infrastructure";"ES";"CCS Station (Depot) - Incl. Overhead";"Rigid";"PROG";"EUR/kWh";2035;"0.027";"Sensitivity | Removed policies | Removed diesel efficiency gains";"Electricity"
"OPEX";"Charging Infrastructure";"ES";"CCS Station (Depot) - Incl. Overhead";"Tractor-Trailer";"PROG";"EUR/kWh";2035;"0.027";"Sensitivity | Removed policies | Removed diesel efficiency gains";"Electricity"
"OPEX";"Charging Infrastructure";"ES";"CCS Station (Depot) - Incl. Overhead";"Rigid";"BAU";"EUR/kWh";2035;"0.027";"Sensitivity | Removed policies | Removed diesel efficiency gains";"Electricity"
"OPEX";"Charging Infrastructure";"ES";"CCS Station (Depot) - Incl. Overhead";"Tractor-Trailer";"BAU";"EUR/kWh";2035;"0.027";"Sensitivity | Removed policies | Removed diesel efficiency gains";"Electricity"
"OPEX";"Charging Infrastructure";"FR";"CCS Station (Depot) - Incl. Overhead";"Rigid";"PROG";"EUR/kWh";2035;"0.027";"Sensitivity | Removed policies | Removed diesel efficiency gains";"Electricity"
"OPEX";"Charging Infrastructure";"FR";"CCS Station (Depot) - Incl. Overhead";"Tractor-Trailer";"PROG";"EUR/kWh";2035;"0.027";"Sensitivity | Removed policies | Removed diesel efficiency gains";"Electricity"
"OPEX";"Charging Infrastructure";"FR";"CCS Station (Depot) - Incl. Overhead";"Rigid";"BAU";"EUR/kWh";2035;"0.027";"Sensitivity | Removed policies | Removed diesel efficiency gains";"Electricity"
"OPEX";"Charging Infrastructure";"FR";"CCS Station (Depot) - Incl. Overhead";"Tractor-Trailer";"BAU";"EUR/kWh";2035;"0.027";"Sensitivity | Removed policies | Removed diesel efficiency gains";"Electricity"
"OPEX";"Charging Infrastructure";"IT";"CCS Station (Depot) - Incl. Overhead";"Rigid";"PROG";"EUR/kWh";2035;"0.027";"Sensitivity | Removed policies | Removed diesel efficiency gains";"Electricity"
"OPEX";"Charging Infrastructure";"IT";"CCS Station (Depot) - Incl. Overhead";"Tractor-Trailer";"PROG";"EUR/kWh";2035;"0.027";"Sensitivity | Removed policies | Removed diesel efficiency gains";"Electricity"
"OPEX";"Charging Infrastructure";"IT";"CCS Station (Depot) - Incl. Overhead";"Rigid";"BAU";"EUR/kWh";2035;"0.027";"Sensitivity | Removed policies | Removed diesel efficiency gains";"Electricity"
"OPEX";"Charging Infrastructure";"IT";"CCS Station (Depot) - Incl. Overhead";"Tractor-Trailer";"BAU";"EUR/kWh";2035;"0.027";"Sensitivity | Removed policies | Removed diesel efficiency gains";"Electricity"
"OPEX";"Charging Infrastructure";"NL";"CCS Station (Depot) - Incl. Overhead";"Rigid";"PROG";"EUR/kWh";2035;"0.027";"Sensitivity | Removed policies | Removed diesel efficiency gains";"Electricity"
"OPEX";"Charging Infrastructure";"NL";"CCS Station (Depot) - Incl. Overhead";"Tractor-Trailer";"PROG";"EUR/kWh";2035;"0.027";"Sensitivity | Removed policies | Removed diesel efficiency gains";"Electricity"
"OPEX";"Charging Infrastructure";"NL";"CCS Station (Depot) - Incl. Overhead";"Rigid";"BAU";"EUR/kWh";2035;"0.027";"Sensitivity | Removed policies | Removed diesel efficiency gains";"Electricity"
"OPEX";"Charging Infrastructure";"NL";"CCS Station (Depot) - Incl. Overhead";"Tractor-Trailer";"BAU";"EUR/kWh";2035;"0.027";"Sensitivity | Removed policies | Removed diesel efficiency gains";"Electricity"
"OPEX";"Charging Infrastructure";"PL";"CCS Station (Depot) - Incl. Overhead";"Rigid";"PROG";"EUR/kWh";2035;"0.027";"Sensitivity | Removed policies | Removed diesel efficiency gains";"Electricity"
"OPEX";"Charging Infrastructure";"PL";"CCS Station (Depot) - Incl. Overhead";"Tractor-Trailer";"PROG";"EUR/kWh";2035;"0.027";"Sensitivity | Removed policies | Removed diesel efficiency gains";"Electricity"
"OPEX";"Charging Infrastructure";"PL";"CCS Station (Depot) - Incl. Overhead";"Rigid";"BAU";"EUR/kWh";2035;"0.027";"Sensitivity | Removed policies | Removed diesel efficiency gains";"Electricity"
"OPEX";"Charging Infrastructure";"PL";"CCS Station (Depot) - Incl. Overhead";"Tractor-Trailer";"BAU";"EUR/kWh";2035;"0.027";"Sensitivity | Removed policies | Removed diesel efficiency gains";"Electricity"
"OPEX";"Charging Infrastructure";"UK";"CCS Station (Depot) - Incl. Overhead";"Rigid";"PROG";"EUR/kWh";2035;"0.027";"Sensitivity | Removed policies | Removed diesel efficiency gains";"Electricity"
"OPEX";"Charging Infrastructure";"UK";"CCS Station (Depot) - Incl. Overhead";"Tractor-Trailer";"PROG";"EUR/kWh";2035;"0.027";"Sensitivity | Removed policies | Removed diesel efficiency gains";"Electricity"
"OPEX";"Charging Infrastructure";"UK";"CCS Station (Depot) - Incl. Overhead";"Rigid";"BAU";"EUR/kWh";2035;"0.027";"Sensitivity | Removed policies | Removed diesel efficiency gains";"Electricity"
"OPEX";"Charging Infrastructure";"UK";"CCS Station (Depot) - Incl. Overhead";"Tractor-Trailer";"BAU";"EUR/kWh";2035;"0.027";"Sensitivity | Removed policies | Removed diesel efficiency gains";"Electricity"
"OPEX";"Charging Infrastructure";"DE";"CCS grid extension";"Rigid";"PROG";"EUR/kWh";2035;"0.045";"Sensitivity | Removed policies | Removed diesel efficiency gains";"Electricity"
"OPEX";"Charging Infrastructure";"DE";"CCS grid extension";"Tractor-Trailer";"PROG";"EUR/kWh";2035;"0.045";"Sensitivity | Removed policies | Removed diesel efficiency gains";"Electricity"
"OPEX";"Charging Infrastructure";"DE";"CCS grid extension";"Rigid";"BAU";"EUR/kWh";2035;"0.045";"Sensitivity | Removed policies | Removed diesel efficiency gains";"Electricity"
"OPEX";"Charging Infrastructure";"DE";"CCS grid extension";"Tractor-Trailer";"BAU";"EUR/kWh";2035;"0.045";"Sensitivity | Removed policies | Removed diesel efficiency gains";"Electricity"
"OPEX";"Charging Infrastructure";"ES";"CCS grid extension";"Rigid";"PROG";"EUR/kWh";2035;"0.045";"Sensitivity | Removed policies | Removed diesel efficiency gains";"Electricity"
"OPEX";"Charging Infrastructure";"ES";"CCS grid extension";"Tractor-Trailer";"PROG";"EUR/kWh";2035;"0.045";"Sensitivity | Removed policies | Removed diesel efficiency gains";"Electricity"
"OPEX";"Charging Infrastructure";"ES";"CCS grid extension";"Rigid";"BAU";"EUR/kWh";2035;"0.045";"Sensitivity | Removed policies | Removed diesel efficiency gains";"Electricity"
"OPEX";"Charging Infrastructure";"ES";"CCS grid extension";"Tractor-Trailer";"BAU";"EUR/kWh";2035;"0.045";"Sensitivity | Removed policies | Removed diesel efficiency gains";"Electricity"
"OPEX";"Charging Infrastructure";"FR";"CCS grid extension";"Rigid";"PROG";"EUR/kWh";2035;"0.045";"Sensitivity | Removed policies | Removed diesel efficiency gains";"Electricity"
"OPEX";"Charging Infrastructure";"FR";"CCS grid extension";"Tractor-Trailer";"PROG";"EUR/kWh";2035;"0.045";"Sensitivity | Removed policies | Removed diesel efficiency gains";"Electricity"
"OPEX";"Charging Infrastructure";"FR";"CCS grid extension";"Rigid";"BAU";"EUR/kWh";2035;"0.045";"Sensitivity | Removed policies | Removed diesel efficiency gains";"Electricity"
"OPEX";"Charging Infrastructure";"FR";"CCS grid extension";"Tractor-Trailer";"BAU";"EUR/kWh";2035;"0.045";"Sensitivity | Removed policies | Removed diesel efficiency gains";"Electricity"
"OPEX";"Charging Infrastructure";"IT";"CCS grid extension";"Rigid";"PROG";"EUR/kWh";2035;"0.045";"Sensitivity | Removed policies | Removed diesel efficiency gains";"Electricity"
"OPEX";"Charging Infrastructure";"IT";"CCS grid extension";"Tractor-Trailer";"PROG";"EUR/kWh";2035;"0.045";"Sensitivity | Removed policies | Removed diesel efficiency gains";"Electricity"
"OPEX";"Charging Infrastructure";"IT";"CCS grid extension";"Rigid";"BAU";"EUR/kWh";2035;"0.045";"Sensitivity | Removed policies | Removed diesel efficiency gains";"Electricity"
"OPEX";"Charging Infrastructure";"IT";"CCS grid extension";"Tractor-Trailer";"BAU";"EUR/kWh";2035;"0.045";"Sensitivity | Removed policies | Removed diesel efficiency gains";"Electricity"
"OPEX";"Charging Infrastructure";"NL";"CCS grid extension";"Rigid";"PROG";"EUR/kWh";2035;"0.045";"Sensitivity | Removed policies | Removed diesel efficiency gains";"Electricity"
"OPEX";"Charging Infrastructure";"NL";"CCS grid extension";"Tractor-Trailer";"PROG";"EUR/kWh";2035;"0.045";"Sensitivity | Removed policies | Removed diesel efficiency gains";"Electricity"
"OPEX";"Charging Infrastructure";"NL";"CCS grid extension";"Rigid";"BAU";"EUR/kWh";2035;"0.045";"Sensitivity | Removed policies | Removed diesel efficiency gains";"Electricity"
"OPEX";"Charging Infrastructure";"NL";"CCS grid extension";"Tractor-Trailer";"BAU";"EUR/kWh";2035;"0.045";"Sensitivity | Removed policies | Removed diesel efficiency gains";"Electricity"
"OPEX";"Charging Infrastructure";"PL";"CCS grid extension";"Rigid";"PROG";"EUR/kWh";2035;"0.045";"Sensitivity | Removed policies | Removed diesel efficiency gains";"Electricity"
"OPEX";"Charging Infrastructure";"PL";"CCS grid extension";"Tractor-Trailer";"PROG";"EUR/kWh";2035;"0.045";"Sensitivity | Removed policies | Removed diesel efficiency gains";"Electricity"
"OPEX";"Charging Infrastructure";"PL";"CCS grid extension";"Rigid";"BAU";"EUR/kWh";2035;"0.045";"Sensitivity | Removed policies | Removed diesel efficiency gains";"Electricity"
"OPEX";"Charging Infrastructure";"PL";"CCS grid extension";"Tractor-Trailer";"BAU";"EUR/kWh";2035;"0.045";"Sensitivity | Removed policies | Removed diesel efficiency gains";"Electricity"
"OPEX";"Charging Infrastructure";"UK";"CCS grid extension";"Rigid";"PROG";"EUR/kWh";2035;"0.045";"Sensitivity | Removed policies | Removed diesel efficiency gains";"Electricity"
"OPEX";"Charging Infrastructure";"UK";"CCS grid extension";"Tractor-Trailer";"PROG";"EUR/kWh";2035;"0.045";"Sensitivity | Removed policies | Removed diesel efficiency gains";"Electricity"
"OPEX";"Charging Infrastructure";"UK";"CCS grid extension";"Rigid";"BAU";"EUR/kWh";2035;"0.045";"Sensitivity | Removed policies | Removed diesel efficiency gains";"Electricity"
"OPEX";"Charging Infrastructure";"UK";"CCS grid extension";"Tractor-Trailer";"BAU";"EUR/kWh";2035;"0.045";"Sensitivity | Removed policies | Removed diesel efficiency gains";"Electricity"
"OPEX";"Diesel Infrastructure";"DE";"Total Diesel Mark-Up";"Rigid";"BAU";"EUR/kWh";2035;"0.018";"Sensitivity | Removed policies | Removed diesel efficiency gains";"Diesel"
"OPEX";"Diesel Infrastructure";"DE";"Total Diesel Mark-Up";"Tractor-Trailer";"BAU";"EUR/kWh";2035;"0.018";"Sensitivity | Removed policies | Removed diesel efficiency gains";"Diesel"
"OPEX";"Diesel Infrastructure";"DE";"Total Diesel Mark-Up";"Rigid";"PROG";"EUR/kWh";2035;"0.018";"Sensitivity | Removed policies | Removed diesel efficiency gains";"Diesel"
"OPEX";"Diesel Infrastructure";"DE";"Total Diesel Mark-Up";"Tractor-Trailer";"PROG";"EUR/kWh";2035;"0.018";"Sensitivity | Removed policies | Removed diesel efficiency gains";"Diesel"
"OPEX";"Diesel Infrastructure";"ES";"Total Diesel Mark-Up";"Rigid";"BAU";"EUR/kWh";2035;"0.018";"Sensitivity | Removed policies | Removed diesel efficiency gains";"Diesel"
"OPEX";"Diesel Infrastructure";"ES";"Total Diesel Mark-Up";"Tractor-Trailer";"BAU";"EUR/kWh";2035;"0.018";"Sensitivity | Removed policies | Removed diesel efficiency gains";"Diesel"
"OPEX";"Diesel Infrastructure";"ES";"Total Diesel Mark-Up";"Rigid";"PROG";"EUR/kWh";2035;"0.018";"Sensitivity | Removed policies | Removed diesel efficiency gains";"Diesel"
"OPEX";"Diesel Infrastructure";"ES";"Total Diesel Mark-Up";"Tractor-Trailer";"PROG";"EUR/kWh";2035;"0.018";"Sensitivity | Removed policies | Removed diesel efficiency gains";"Diesel"
"OPEX";"Diesel Infrastructure";"FR";"Total Diesel Mark-Up";"Rigid";"BAU";"EUR/kWh";2035;"0.018";"Sensitivity | Removed policies | Removed diesel efficiency gains";"Diesel"
"OPEX";"Diesel Infrastructure";"FR";"Total Diesel Mark-Up";"Tractor-Trailer";"BAU";"EUR/kWh";2035;"0.018";"Sensitivity | Removed policies | Removed diesel efficiency gains";"Diesel"
"OPEX";"Diesel Infrastructure";"FR";"Total Diesel Mark-Up";"Rigid";"PROG";"EUR/kWh";2035;"0.018";"Sensitivity | Removed policies | Removed diesel efficiency gains";"Diesel"
"OPEX";"Diesel Infrastructure";"FR";"Total Diesel Mark-Up";"Tractor-Trailer";"PROG";"EUR/kWh";2035;"0.018";"Sensitivity | Removed policies | Removed diesel efficiency gains";"Diesel"
"OPEX";"Diesel Infrastructure";"IT";"Total Diesel Mark-Up";"Rigid";"BAU";"EUR/kWh";2035;"0.018";"Sensitivity | Removed policies | Removed diesel efficiency gains";"Diesel"
"OPEX";"Diesel Infrastructure";"IT";"Total Diesel Mark-Up";"Tractor-Trailer";"BAU";"EUR/kWh";2035;"0.018";"Sensitivity | Removed policies | Removed diesel efficiency gains";"Diesel"
"OPEX";"Diesel Infrastructure";"IT";"Total Diesel Mark-Up";"Rigid";"PROG";"EUR/kWh";2035;"0.018";"Sensitivity | Removed policies | Removed diesel efficiency gains";"Diesel"
"OPEX";"Diesel Infrastructure";"IT";"Total Diesel Mark-Up";"Tractor-Trailer";"PROG";"EUR/kWh";2035;"0.018";"Sensitivity | Removed policies | Removed diesel efficiency gains";"Diesel"
"OPEX";"Diesel Infrastructure";"NL";"Total Diesel Mark-Up";"Rigid";"BAU";"EUR/kWh";2035;"0.018";"Sensitivity | Removed policies | Removed diesel efficiency gains";"Diesel"
"OPEX";"Diesel Infrastructure";"NL";"Total Diesel Mark-Up";"Tractor-Trailer";"BAU";"EUR/kWh";2035;"0.018";"Sensitivity | Removed policies | Removed diesel efficiency gains";"Diesel"
"OPEX";"Diesel Infrastructure";"NL";"Total Diesel Mark-Up";"Rigid";"PROG";"EUR/kWh";2035;"0.018";"Sensitivity | Removed policies | Removed diesel efficiency gains";"Diesel"
"OPEX";"Diesel Infrastructure";"NL";"Total Diesel Mark-Up";"Tractor-Trailer";"PROG";"EUR/kWh";2035;"0.018";"Sensitivity | Removed policies | Removed diesel efficiency gains";"Diesel"
"OPEX";"Diesel Infrastructure";"PL";"Total Diesel Mark-Up";"Rigid";"BAU";"EUR/kWh";2035;"0.018";"Sensitivity | Removed policies | Removed diesel efficiency gains";"Diesel"
"OPEX";"Diesel Infrastructure";"PL";"Total Diesel Mark-Up";"Tractor-Trailer";"BAU";"EUR/kWh";2035;"0.018";"Sensitivity | Removed policies | Removed diesel efficiency gains";"Diesel"
"OPEX";"Diesel Infrastructure";"PL";"Total Diesel Mark-Up";"Rigid";"PROG";"EUR/kWh";2035;"0.018";"Sensitivity | Removed policies | Removed diesel efficiency gains";"Diesel"
"OPEX";"Diesel Infrastructure";"PL";"Total Diesel Mark-Up";"Tractor-Trailer";"PROG";"EUR/kWh";2035;"0.018";"Sensitivity | Removed policies | Removed diesel efficiency gains";"Diesel"
"OPEX";"Diesel Infrastructure";"UK";"Total Diesel Mark-Up";"Rigid";"BAU";"EUR/kWh";2035;"0.018";"Sensitivity | Removed policies | Removed diesel efficiency gains";"Diesel"
"OPEX";"Diesel Infrastructure";"UK";"Total Diesel Mark-Up";"Tractor-Trailer";"BAU";"EUR/kWh";2035;"0.018";"Sensitivity | Removed policies | Removed diesel efficiency gains";"Diesel"
"OPEX";"Diesel Infrastructure";"UK";"Total Diesel Mark-Up";"Rigid";"PROG";"EUR/kWh";2035;"0.018";"Sensitivity | Removed policies | Removed diesel efficiency gains";"Diesel"
"OPEX";"Diesel Infrastructure";"UK";"Total Diesel Mark-Up";"Tractor-Trailer";"PROG";"EUR/kWh";2035;"0.018";"Sensitivity | Removed policies | Removed diesel efficiency gains";"Diesel"
"OPEX";"Diesel Infrastructure";"DE";"CO2 emission factor Biodiesel";"Rigid";"BAU";"%";2035;"0.161";"Sensitivity | Removed policies | Removed diesel efficiency gains";"Diesel"
"OPEX";"Diesel Infrastructure";"DE";"CO2 emission factor Biodiesel";"Tractor-Trailer";"BAU";"%";2035;"0.161";"Sensitivity | Removed policies | Removed diesel efficiency gains";"Diesel"
"OPEX";"Diesel Infrastructure";"DE";"CO2 emission factor Biodiesel";"Rigid";"PROG";"%";2035;"0.161";"Sensitivity | Removed policies | Removed diesel efficiency gains";"Diesel"
"OPEX";"Diesel Infrastructure";"DE";"CO2 emission factor Biodiesel";"Tractor-Trailer";"PROG";"%";2035;"0.161";"Sensitivity | Removed policies | Removed diesel efficiency gains";"Diesel"
"OPEX";"Diesel Infrastructure";"ES";"CO2 emission factor Biodiesel";"Rigid";"BAU";"%";2035;"0.161";"Sensitivity | Removed policies | Removed diesel efficiency gains";"Diesel"
"OPEX";"Diesel Infrastructure";"ES";"CO2 emission factor Biodiesel";"Tractor-Trailer";"BAU";"%";2035;"0.161";"Sensitivity | Removed policies | Removed diesel efficiency gains";"Diesel"
"OPEX";"Diesel Infrastructure";"ES";"CO2 emission factor Biodiesel";"Rigid";"PROG";"%";2035;"0.161";"Sensitivity | Removed policies | Removed diesel efficiency gains";"Diesel"
"OPEX";"Diesel Infrastructure";"ES";"CO2 emission factor Biodiesel";"Tractor-Trailer";"PROG";"%";2035;"0.161";"Sensitivity | Removed policies | Removed diesel efficiency gains";"Diesel"
"OPEX";"Diesel Infrastructure";"FR";"CO2 emission factor Biodiesel";"Rigid";"BAU";"%";2035;"0.161";"Sensitivity | Removed policies | Removed diesel efficiency gains";"Diesel"
"OPEX";"Diesel Infrastructure";"FR";"CO2 emission factor Biodiesel";"Tractor-Trailer";"BAU";"%";2035;"0.161";"Sensitivity | Removed policies | Removed diesel efficiency gains";"Diesel"
"OPEX";"Diesel Infrastructure";"FR";"CO2 emission factor Biodiesel";"Rigid";"PROG";"%";2035;"0.161";"Sensitivity | Removed policies | Removed diesel efficiency gains";"Diesel"
"OPEX";"Diesel Infrastructure";"FR";"CO2 emission factor Biodiesel";"Tractor-Trailer";"PROG";"%";2035;"0.161";"Sensitivity | Removed policies | Removed diesel efficiency gains";"Diesel"
"OPEX";"Diesel Infrastructure";"IT";"CO2 emission factor Biodiesel";"Rigid";"BAU";"%";2035;"0.161";"Sensitivity | Removed policies | Removed diesel efficiency gains";"Diesel"
"OPEX";"Diesel Infrastructure";"IT";"CO2 emission factor Biodiesel";"Tractor-Trailer";"BAU";"%";2035;"0.161";"Sensitivity | Removed policies | Removed diesel efficiency gains";"Diesel"
"OPEX";"Diesel Infrastructure";"IT";"CO2 emission factor Biodiesel";"Rigid";"PROG";"%";2035;"0.161";"Sensitivity | Removed policies | Removed diesel efficiency gains";"Diesel"
"OPEX";"Diesel Infrastructure";"IT";"CO2 emission factor Biodiesel";"Tractor-Trailer";"PROG";"%";2035;"0.161";"Sensitivity | Removed policies | Removed diesel efficiency gains";"Diesel"
"OPEX";"Diesel Infrastructure";"NL";"CO2 emission factor Biodiesel";"Rigid";"BAU";"%";2035;"0.161";"Sensitivity | Removed policies | Removed diesel efficiency gains";"Diesel"
"OPEX";"Diesel Infrastructure";"NL";"CO2 emission factor Biodiesel";"Tractor-Trailer";"BAU";"%";2035;"0.161";"Sensitivity | Removed policies | Removed diesel efficiency gains";"Diesel"
"OPEX";"Diesel Infrastructure";"NL";"CO2 emission factor Biodiesel";"Rigid";"PROG";"%";2035;"0.161";"Sensitivity | Removed policies | Removed diesel efficiency gains";"Diesel"
"OPEX";"Diesel Infrastructure";"NL";"CO2 emission factor Biodiesel";"Tractor-Trailer";"PROG";"%";2035;"0.161";"Sensitivity | Removed policies | Removed diesel efficiency gains";"Diesel"
"OPEX";"Diesel Infrastructure";"PL";"CO2 emission factor Biodiesel";"Rigid";"BAU";"%";2035;"0.161";"Sensitivity | Removed policies | Removed diesel efficiency gains";"Diesel"
"OPEX";"Diesel Infrastructure";"PL";"CO2 emission factor Biodiesel";"Tractor-Trailer";"BAU";"%";2035;"0.161";"Sensitivity | Removed policies | Removed diesel efficiency gains";"Diesel"
"OPEX";"Diesel Infrastructure";"PL";"CO2 emission factor Biodiesel";"Rigid";"PROG";"%";2035;"0.161";"Sensitivity | Removed policies | Removed diesel efficiency gains";"Diesel"
"OPEX";"Diesel Infrastructure";"PL";"CO2 emission factor Biodiesel";"Tractor-Trailer";"PROG";"%";2035;"0.161";"Sensitivity | Removed policies | Removed diesel efficiency gains";"Diesel"
"OPEX";"Diesel Infrastructure";"UK";"CO2 emission factor Biodiesel";"Rigid";"BAU";"%";2035;"0.161";"Sensitivity | Removed policies | Removed diesel efficiency gains";"Diesel"
"OPEX";"Diesel Infrastructure";"UK";"CO2 emission factor Biodiesel";"Tractor-Trailer";"BAU";"%";2035;"0.161";"Sensitivity | Removed policies | Removed diesel efficiency gains";"Diesel"
"OPEX";"Diesel Infrastructure";"UK";"CO2 emission factor Biodiesel";"Rigid";"PROG";"%";2035;"0.161";"Sensitivity | Removed policies | Removed diesel efficiency gains";"Diesel"
"OPEX";"Diesel Infrastructure";"UK";"CO2 emission factor Biodiesel";"Tractor-Trailer";"PROG";"%";2035;"0.161";"Sensitivity | Removed policies | Removed diesel efficiency gains";"Diesel"
"OPEX";"Diesel Infrastructure";"DE";"CO2 emission factor Pt-Diesel";"Rigid";"BAU";"%";2035;"0";"Sensitivity | Removed policies | Removed diesel efficiency gains";"Diesel"
"OPEX";"Diesel Infrastructure";"DE";"CO2 emission factor Pt-Diesel";"Tractor-Trailer";"BAU";"%";2035;"0";"Sensitivity | Removed policies | Removed diesel efficiency gains";"Diesel"
"OPEX";"Diesel Infrastructure";"DE";"CO2 emission factor Pt-Diesel";"Rigid";"PROG";"%";2035;"0";"Sensitivity | Removed policies | Removed diesel efficiency gains";"Diesel"
"OPEX";"Diesel Infrastructure";"DE";"CO2 emission factor Pt-Diesel";"Tractor-Trailer";"PROG";"%";2035;"0";"Sensitivity | Removed policies | Removed diesel efficiency gains";"Diesel"
"OPEX";"Diesel Infrastructure";"ES";"CO2 emission factor Pt-Diesel";"Rigid";"BAU";"%";2035;"0";"Sensitivity | Removed policies | Removed diesel efficiency gains";"Diesel"
"OPEX";"Diesel Infrastructure";"ES";"CO2 emission factor Pt-Diesel";"Tractor-Trailer";"BAU";"%";2035;"0";"Sensitivity | Removed policies | Removed diesel efficiency gains";"Diesel"
"OPEX";"Diesel Infrastructure";"ES";"CO2 emission factor Pt-Diesel";"Rigid";"PROG";"%";2035;"0";"Sensitivity | Removed policies | Removed diesel efficiency gains";"Diesel"
"OPEX";"Diesel Infrastructure";"ES";"CO2 emission factor Pt-Diesel";"Tractor-Trailer";"PROG";"%";2035;"0";"Sensitivity | Removed policies | Removed diesel efficiency gains";"Diesel"
"OPEX";"Diesel Infrastructure";"FR";"CO2 emission factor Pt-Diesel";"Rigid";"BAU";"%";2035;"0";"Sensitivity | Removed policies | Removed diesel efficiency gains";"Diesel"
"OPEX";"Diesel Infrastructure";"FR";"CO2 emission factor Pt-Diesel";"Tractor-Trailer";"BAU";"%";2035;"0";"Sensitivity | Removed policies | Removed diesel efficiency gains";"Diesel"
"OPEX";"Diesel Infrastructure";"FR";"CO2 emission factor Pt-Diesel";"Rigid";"PROG";"%";2035;"0";"Sensitivity | Removed policies | Removed diesel efficiency gains";"Diesel"
"OPEX";"Diesel Infrastructure";"FR";"CO2 emission factor Pt-Diesel";"Tractor-Trailer";"PROG";"%";2035;"0";"Sensitivity | Removed policies | Removed diesel efficiency gains";"Diesel"
"OPEX";"Diesel Infrastructure";"IT";"CO2 emission factor Pt-Diesel";"Rigid";"BAU";"%";2035;"0";"Sensitivity | Removed policies | Removed diesel efficiency gains";"Diesel"
"OPEX";"Diesel Infrastructure";"IT";"CO2 emission factor Pt-Diesel";"Tractor-Trailer";"BAU";"%";2035;"0";"Sensitivity | Removed policies | Removed diesel efficiency gains";"Diesel"
"OPEX";"Diesel Infrastructure";"IT";"CO2 emission factor Pt-Diesel";"Rigid";"PROG";"%";2035;"0";"Sensitivity | Removed policies | Removed diesel efficiency gains";"Diesel"
"OPEX";"Diesel Infrastructure";"IT";"CO2 emission factor Pt-Diesel";"Tractor-Trailer";"PROG";"%";2035;"0";"Sensitivity | Removed policies | Removed diesel efficiency gains";"Diesel"
"OPEX";"Diesel Infrastructure";"NL";"CO2 emission factor Pt-Diesel";"Rigid";"BAU";"%";2035;"0";"Sensitivity | Removed policies | Removed diesel efficiency gains";"Diesel"
"OPEX";"Diesel Infrastructure";"NL";"CO2 emission factor Pt-Diesel";"Tractor-Trailer";"BAU";"%";2035;"0";"Sensitivity | Removed policies | Removed diesel efficiency gains";"Diesel"
"OPEX";"Diesel Infrastructure";"NL";"CO2 emission factor Pt-Diesel";"Rigid";"PROG";"%";2035;"0";"Sensitivity | Removed policies | Removed diesel efficiency gains";"Diesel"
"OPEX";"Diesel Infrastructure";"NL";"CO2 emission factor Pt-Diesel";"Tractor-Trailer";"PROG";"%";2035;"0";"Sensitivity | Removed policies | Removed diesel efficiency gains";"Diesel"
"OPEX";"Diesel Infrastructure";"PL";"CO2 emission factor Pt-Diesel";"Rigid";"BAU";"%";2035;"0";"Sensitivity | Removed policies | Removed diesel efficiency gains";"Diesel"
"OPEX";"Diesel Infrastructure";"PL";"CO2 emission factor Pt-Diesel";"Tractor-Trailer";"BAU";"%";2035;"0";"Sensitivity | Removed policies | Removed diesel efficiency gains";"Diesel"
"OPEX";"Diesel Infrastructure";"PL";"CO2 emission factor Pt-Diesel";"Rigid";"PROG";"%";2035;"0";"Sensitivity | Removed policies | Removed diesel efficiency gains";"Diesel"
"OPEX";"Diesel Infrastructure";"PL";"CO2 emission factor Pt-Diesel";"Tractor-Trailer";"PROG";"%";2035;"0";"Sensitivity | Removed policies | Removed diesel efficiency gains";"Diesel"
"OPEX";"Diesel Infrastructure";"UK";"CO2 emission factor Pt-Diesel";"Rigid";"BAU";"%";2035;"0";"Sensitivity | Removed policies | Removed diesel efficiency gains";"Diesel"
"OPEX";"Diesel Infrastructure";"UK";"CO2 emission factor Pt-Diesel";"Tractor-Trailer";"BAU";"%";2035;"0";"Sensitivity | Removed policies | Removed diesel efficiency gains";"Diesel"
"OPEX";"Diesel Infrastructure";"UK";"CO2 emission factor Pt-Diesel";"Rigid";"PROG";"%";2035;"0";"Sensitivity | Removed policies | Removed diesel efficiency gains";"Diesel"
"OPEX";"Diesel Infrastructure";"UK";"CO2 emission factor Pt-Diesel";"Tractor-Trailer";"PROG";"%";2035;"0";"Sensitivity | Removed policies | Removed diesel efficiency gains";"Diesel"
"OPEX";"Taxes";"DE";"Network Costs - MCS";"Rigid";"BAU";"EUR/kWh";2035;"0.034";"Sensitivity | Removed policies | Removed diesel efficiency gains";"Electricity"
"OPEX";"Taxes";"DE";"Network Costs - MCS";"Tractor-Trailer";"BAU";"EUR/kWh";2035;"0.034";"Sensitivity | Removed policies | Removed diesel efficiency gains";"Electricity"
"OPEX";"Taxes";"ES";"Network Costs - MCS";"Rigid";"BAU";"EUR/kWh";2035;"0.018";"Sensitivity | Removed policies | Removed diesel efficiency gains";"Electricity"
"OPEX";"Taxes";"ES";"Network Costs - MCS";"Tractor-Trailer";"BAU";"EUR/kWh";2035;"0.018";"Sensitivity | Removed policies | Removed diesel efficiency gains";"Electricity"
"OPEX";"Taxes";"FR";"Network Costs - MCS";"Rigid";"BAU";"EUR/kWh";2035;"0.018";"Sensitivity | Removed policies | Removed diesel efficiency gains";"Electricity"
"OPEX";"Taxes";"FR";"Network Costs - MCS";"Tractor-Trailer";"BAU";"EUR/kWh";2035;"0.018";"Sensitivity | Removed policies | Removed diesel efficiency gains";"Electricity"
"OPEX";"Taxes";"IT";"Network Costs - MCS";"Rigid";"BAU";"EUR/kWh";2035;"0.016";"Sensitivity | Removed policies | Removed diesel efficiency gains";"Electricity"
"OPEX";"Taxes";"IT";"Network Costs - MCS";"Tractor-Trailer";"BAU";"EUR/kWh";2035;"0.016";"Sensitivity | Removed policies | Removed diesel efficiency gains";"Electricity"
"OPEX";"Taxes";"NL";"Network Costs - MCS";"Rigid";"BAU";"EUR/kWh";2035;"0.016";"Sensitivity | Removed policies | Removed diesel efficiency gains";"Electricity"
"OPEX";"Taxes";"NL";"Network Costs - MCS";"Tractor-Trailer";"BAU";"EUR/kWh";2035;"0.016";"Sensitivity | Removed policies | Removed diesel efficiency gains";"Electricity"
"OPEX";"Taxes";"PL";"Network Costs - MCS";"Rigid";"BAU";"EUR/kWh";2035;"0.019";"Sensitivity | Removed policies | Removed diesel efficiency gains";"Electricity"
"OPEX";"Taxes";"PL";"Network Costs - MCS";"Tractor-Trailer";"BAU";"EUR/kWh";2035;"0.019";"Sensitivity | Removed policies | Removed diesel efficiency gains";"Electricity"
"OPEX";"Taxes";"UK";"Network Costs - MCS";"Rigid";"BAU";"EUR/kWh";2035;"0.027";"Sensitivity | Removed policies | Removed diesel efficiency gains";"Electricity"
"OPEX";"Taxes";"UK";"Network Costs - MCS";"Tractor-Trailer";"BAU";"EUR/kWh";2035;"0.027";"Sensitivity | Removed policies | Removed diesel efficiency gains";"Electricity"
"OPEX";"Taxes";"DE";"Taxes, Fees, Levies and charges - MCS";"Rigid";"BAU";"EUR/kWh";2035;"0.056";"Sensitivity | Removed policies | Removed diesel efficiency gains";"Electricity"
"OPEX";"Taxes";"DE";"Taxes, Fees, Levies and charges - MCS";"Tractor-Trailer";"BAU";"EUR/kWh";2035;"0.056";"Sensitivity | Removed policies | Removed diesel efficiency gains";"Electricity"
"OPEX";"Taxes";"ES";"Taxes, Fees, Levies and charges - MCS";"Rigid";"BAU";"EUR/kWh";2035;"0.036";"Sensitivity | Removed policies | Removed diesel efficiency gains";"Electricity"
"OPEX";"Taxes";"ES";"Taxes, Fees, Levies and charges - MCS";"Tractor-Trailer";"BAU";"EUR/kWh";2035;"0.036";"Sensitivity | Removed policies | Removed diesel efficiency gains";"Electricity"
"OPEX";"Taxes";"FR";"Taxes, Fees, Levies and charges - MCS";"Rigid";"BAU";"EUR/kWh";2035;"0.03";"Sensitivity | Removed policies | Removed diesel efficiency gains";"Electricity"
"OPEX";"Taxes";"FR";"Taxes, Fees, Levies and charges - MCS";"Tractor-Trailer";"BAU";"EUR/kWh";2035;"0.03";"Sensitivity | Removed policies | Removed diesel efficiency gains";"Electricity"
"OPEX";"Taxes";"IT";"Taxes, Fees, Levies and charges - MCS";"Rigid";"BAU";"EUR/kWh";2035;"0.063";"Sensitivity | Removed policies | Removed diesel efficiency gains";"Electricity"
"OPEX";"Taxes";"IT";"Taxes, Fees, Levies and charges - MCS";"Tractor-Trailer";"BAU";"EUR/kWh";2035;"0.063";"Sensitivity | Removed policies | Removed diesel efficiency gains";"Electricity"
"OPEX";"Taxes";"NL";"Taxes, Fees, Levies and charges - MCS";"Rigid";"BAU";"EUR/kWh";2035;"0.055";"Sensitivity | Removed policies | Removed diesel efficiency gains";"Electricity"
"OPEX";"Taxes";"NL";"Taxes, Fees, Levies and charges - MCS";"Tractor-Trailer";"BAU";"EUR/kWh";2035;"0.055";"Sensitivity | Removed policies | Removed diesel efficiency gains";"Electricity"
"OPEX";"Taxes";"PL";"Taxes, Fees, Levies and charges - MCS";"Rigid";"BAU";"EUR/kWh";2035;"0.049";"Sensitivity | Removed policies | Removed diesel efficiency gains";"Electricity"
"OPEX";"Taxes";"PL";"Taxes, Fees, Levies and charges - MCS";"Tractor-Trailer";"BAU";"EUR/kWh";2035;"0.049";"Sensitivity | Removed policies | Removed diesel efficiency gains";"Electricity"
"OPEX";"Taxes";"UK";"Taxes, Fees, Levies and charges - MCS";"Rigid";"BAU";"EUR/kWh";2035;"0.077";"Sensitivity | Removed policies | Removed diesel efficiency gains";"Electricity"
"OPEX";"Taxes";"UK";"Taxes, Fees, Levies and charges - MCS";"Tractor-Trailer";"BAU";"EUR/kWh";2035;"0.077";"Sensitivity | Removed policies | Removed diesel efficiency gains";"Electricity"
"OPEX";"Taxes";"DE";"Network Costs - Depot";"Rigid";"BAU";"EUR/kWh";2035;"0.044";"Sensitivity | Removed policies | Removed diesel efficiency gains";"Electricity"
"OPEX";"Taxes";"DE";"Network Costs - Depot";"Tractor-Trailer";"BAU";"EUR/kWh";2035;"0.044";"Sensitivity | Removed policies | Removed diesel efficiency gains";"Electricity"
"OPEX";"Taxes";"ES";"Network Costs - Depot";"Rigid";"BAU";"EUR/kWh";2035;"0.031";"Sensitivity | Removed policies | Removed diesel efficiency gains";"Electricity"
"OPEX";"Taxes";"ES";"Network Costs - Depot";"Tractor-Trailer";"BAU";"EUR/kWh";2035;"0.031";"Sensitivity | Removed policies | Removed diesel efficiency gains";"Electricity"
"OPEX";"Taxes";"FR";"Network Costs - Depot";"Rigid";"BAU";"EUR/kWh";2035;"0.024";"Sensitivity | Removed policies | Removed diesel efficiency gains";"Electricity"
"OPEX";"Taxes";"FR";"Network Costs - Depot";"Tractor-Trailer";"BAU";"EUR/kWh";2035;"0.024";"Sensitivity | Removed policies | Removed diesel efficiency gains";"Electricity"
"OPEX";"Taxes";"IT";"Network Costs - Depot";"Rigid";"BAU";"EUR/kWh";2035;"0.018";"Sensitivity | Removed policies | Removed diesel efficiency gains";"Electricity"
"OPEX";"Taxes";"IT";"Network Costs - Depot";"Tractor-Trailer";"BAU";"EUR/kWh";2035;"0.018";"Sensitivity | Removed policies | Removed diesel efficiency gains";"Electricity"
"OPEX";"Taxes";"NL";"Network Costs - Depot";"Rigid";"BAU";"EUR/kWh";2035;"0.019";"Sensitivity | Removed policies | Removed diesel efficiency gains";"Electricity"
"OPEX";"Taxes";"NL";"Network Costs - Depot";"Tractor-Trailer";"BAU";"EUR/kWh";2035;"0.019";"Sensitivity | Removed policies | Removed diesel efficiency gains";"Electricity"
"OPEX";"Taxes";"PL";"Network Costs - Depot";"Rigid";"BAU";"EUR/kWh";2035;"0.026";"Sensitivity | Removed policies | Removed diesel efficiency gains";"Electricity"
"OPEX";"Taxes";"PL";"Network Costs - Depot";"Tractor-Trailer";"BAU";"EUR/kWh";2035;"0.026";"Sensitivity | Removed policies | Removed diesel efficiency gains";"Electricity"
"OPEX";"Taxes";"UK";"Network Costs - Depot";"Rigid";"BAU";"EUR/kWh";2035;"0.029";"Sensitivity | Removed policies | Removed diesel efficiency gains";"Electricity"
"OPEX";"Taxes";"UK";"Network Costs - Depot";"Tractor-Trailer";"BAU";"EUR/kWh";2035;"0.029";"Sensitivity | Removed policies | Removed diesel efficiency gains";"Electricity"
"OPEX";"Taxes";"DE";"Taxes, Fees, Levies and charges - Depot";"Rigid";"BAU";"EUR/kWh";2035;"0.062";"Sensitivity | Removed policies | Removed diesel efficiency gains";"Electricity"
"OPEX";"Taxes";"DE";"Taxes, Fees, Levies and charges - Depot";"Tractor-Trailer";"BAU";"EUR/kWh";2035;"0.062";"Sensitivity | Removed policies | Removed diesel efficiency gains";"Electricity"
"OPEX";"Taxes";"ES";"Taxes, Fees, Levies and charges - Depot";"Rigid";"BAU";"EUR/kWh";2035;"0.054";"Sensitivity | Removed policies | Removed diesel efficiency gains";"Electricity"
"OPEX";"Taxes";"ES";"Taxes, Fees, Levies and charges - Depot";"Tractor-Trailer";"BAU";"EUR/kWh";2035;"0.054";"Sensitivity | Removed policies | Removed diesel efficiency gains";"Electricity"
"OPEX";"Taxes";"FR";"Taxes, Fees, Levies and charges - Depot";"Rigid";"BAU";"EUR/kWh";2035;"0.04";"Sensitivity | Removed policies | Removed diesel efficiency gains";"Electricity"
"OPEX";"Taxes";"FR";"Taxes, Fees, Levies and charges - Depot";"Tractor-Trailer";"BAU";"EUR/kWh";2035;"0.04";"Sensitivity | Removed policies | Removed diesel efficiency gains";"Electricity"
"OPEX";"Taxes";"IT";"Taxes, Fees, Levies and charges - Depot";"Rigid";"BAU";"EUR/kWh";2035;"0.088";"Sensitivity | Removed policies | Removed diesel efficiency gains";"Electricity"
"OPEX";"Taxes";"IT";"Taxes, Fees, Levies and charges - Depot";"Tractor-Trailer";"BAU";"EUR/kWh";2035;"0.088";"Sensitivity | Removed policies | Removed diesel efficiency gains";"Electricity"
"OPEX";"Taxes";"NL";"Taxes, Fees, Levies and charges - Depot";"Rigid";"BAU";"EUR/kWh";2035;"0.058";"Sensitivity | Removed policies | Removed diesel efficiency gains";"Electricity"
"OPEX";"Taxes";"NL";"Taxes, Fees, Levies and charges - Depot";"Tractor-Trailer";"BAU";"EUR/kWh";2035;"0.058";"Sensitivity | Removed policies | Removed diesel efficiency gains";"Electricity"
"OPEX";"Taxes";"PL";"Taxes, Fees, Levies and charges - Depot";"Rigid";"BAU";"EUR/kWh";2035;"0.053";"Sensitivity | Removed policies | Removed diesel efficiency gains";"Electricity"
"OPEX";"Taxes";"PL";"Taxes, Fees, Levies and charges - Depot";"Tractor-Trailer";"BAU";"EUR/kWh";2035;"0.053";"Sensitivity | Removed policies | Removed diesel efficiency gains";"Electricity"
"OPEX";"Taxes";"UK";"Taxes, Fees, Levies and charges - Depot";"Rigid";"BAU";"EUR/kWh";2035;"0.084";"Sensitivity | Removed policies | Removed diesel efficiency gains";"Electricity"
"OPEX";"Taxes";"UK";"Taxes, Fees, Levies and charges - Depot";"Tractor-Trailer";"BAU";"EUR/kWh";2035;"0.084";"Sensitivity | Removed policies | Removed diesel efficiency gains";"Electricity"
"OPEX";"H2 Infrastructure";"DE";"HRS costs";"Rigid";"BAU";"EUR/kg H2";2035;"1.45";"Sensitivity | Removed policies | Removed diesel efficiency gains";"Hydrogen"
"OPEX";"H2 Infrastructure";"DE";"HRS costs";"Tractor-Trailer";"BAU";"EUR/kg H2";2035;"1.45";"Sensitivity | Removed policies | Removed diesel efficiency gains";"Hydrogen"
"OPEX";"H2 Infrastructure";"ES";"HRS costs";"Rigid";"BAU";"EUR/kg H2";2035;"1.45";"Sensitivity | Removed policies | Removed diesel efficiency gains";"Hydrogen"
"OPEX";"H2 Infrastructure";"ES";"HRS costs";"Tractor-Trailer";"BAU";"EUR/kg H2";2035;"1.45";"Sensitivity | Removed policies | Removed diesel efficiency gains";"Hydrogen"
"OPEX";"H2 Infrastructure";"FR";"HRS costs";"Rigid";"BAU";"EUR/kg H2";2035;"1.45";"Sensitivity | Removed policies | Removed diesel efficiency gains";"Hydrogen"
"OPEX";"H2 Infrastructure";"FR";"HRS costs";"Tractor-Trailer";"BAU";"EUR/kg H2";2035;"1.45";"Sensitivity | Removed policies | Removed diesel efficiency gains";"Hydrogen"
"OPEX";"H2 Infrastructure";"IT";"HRS costs";"Rigid";"BAU";"EUR/kg H2";2035;"1.45";"Sensitivity | Removed policies | Removed diesel efficiency gains";"Hydrogen"
"OPEX";"H2 Infrastructure";"IT";"HRS costs";"Tractor-Trailer";"BAU";"EUR/kg H2";2035;"1.45";"Sensitivity | Removed policies | Removed diesel efficiency gains";"Hydrogen"
"OPEX";"H2 Infrastructure";"NL";"HRS costs";"Rigid";"BAU";"EUR/kg H2";2035;"1.45";"Sensitivity | Removed policies | Removed diesel efficiency gains";"Hydrogen"
"OPEX";"H2 Infrastructure";"NL";"HRS costs";"Tractor-Trailer";"BAU";"EUR/kg H2";2035;"1.45";"Sensitivity | Removed policies | Removed diesel efficiency gains";"Hydrogen"
"OPEX";"H2 Infrastructure";"PL";"HRS costs";"Rigid";"BAU";"EUR/kg H2";2035;"1.45";"Sensitivity | Removed policies | Removed diesel efficiency gains";"Hydrogen"
"OPEX";"H2 Infrastructure";"PL";"HRS costs";"Tractor-Trailer";"BAU";"EUR/kg H2";2035;"1.45";"Sensitivity | Removed policies | Removed diesel efficiency gains";"Hydrogen"
"OPEX";"H2 Infrastructure";"UK";"HRS costs";"Rigid";"BAU";"EUR/kg H2";2035;"1.45";"Sensitivity | Removed policies | Removed diesel efficiency gains";"Hydrogen"
"OPEX";"H2 Infrastructure";"UK";"HRS costs";"Tractor-Trailer";"BAU";"EUR/kg H2";2035;"1.45";"Sensitivity | Removed policies | Removed diesel efficiency gains";"Hydrogen"
"OPEX";"H2 Infrastructure";"DE";"H2 transport and distribution";"Rigid";"BAU";"EUR/kg H2";2035;"1.333";"Sensitivity | Removed policies | Removed diesel efficiency gains";"Hydrogen"
"OPEX";"H2 Infrastructure";"DE";"H2 transport and distribution";"Tractor-Trailer";"BAU";"EUR/kg H2";2035;"1.333";"Sensitivity | Removed policies | Removed diesel efficiency gains";"Hydrogen"
"OPEX";"H2 Infrastructure";"ES";"H2 transport and distribution";"Rigid";"BAU";"EUR/kg H2";2035;"1.333";"Sensitivity | Removed policies | Removed diesel efficiency gains";"Hydrogen"
"OPEX";"H2 Infrastructure";"ES";"H2 transport and distribution";"Tractor-Trailer";"BAU";"EUR/kg H2";2035;"1.333";"Sensitivity | Removed policies | Removed diesel efficiency gains";"Hydrogen"
"OPEX";"H2 Infrastructure";"FR";"H2 transport and distribution";"Rigid";"BAU";"EUR/kg H2";2035;"1.333";"Sensitivity | Removed policies | Removed diesel efficiency gains";"Hydrogen"
"OPEX";"H2 Infrastructure";"FR";"H2 transport and distribution";"Tractor-Trailer";"BAU";"EUR/kg H2";2035;"1.333";"Sensitivity | Removed policies | Removed diesel efficiency gains";"Hydrogen"
"OPEX";"H2 Infrastructure";"IT";"H2 transport and distribution";"Rigid";"BAU";"EUR/kg H2";2035;"1.333";"Sensitivity | Removed policies | Removed diesel efficiency gains";"Hydrogen"
"OPEX";"H2 Infrastructure";"IT";"H2 transport and distribution";"Tractor-Trailer";"BAU";"EUR/kg H2";2035;"1.333";"Sensitivity | Removed policies | Removed diesel efficiency gains";"Hydrogen"
"OPEX";"H2 Infrastructure";"NL";"H2 transport and distribution";"Rigid";"BAU";"EUR/kg H2";2035;"1.333";"Sensitivity | Removed policies | Removed diesel efficiency gains";"Hydrogen"
"OPEX";"H2 Infrastructure";"NL";"H2 transport and distribution";"Tractor-Trailer";"BAU";"EUR/kg H2";2035;"1.333";"Sensitivity | Removed policies | Removed diesel efficiency gains";"Hydrogen"
"OPEX";"H2 Infrastructure";"PL";"H2 transport and distribution";"Rigid";"BAU";"EUR/kg H2";2035;"1.333";"Sensitivity | Removed policies | Removed diesel efficiency gains";"Hydrogen"
"OPEX";"H2 Infrastructure";"PL";"H2 transport and distribution";"Tractor-Trailer";"BAU";"EUR/kg H2";2035;"1.333";"Sensitivity | Removed policies | Removed diesel efficiency gains";"Hydrogen"
"OPEX";"H2 Infrastructure";"UK";"H2 transport and distribution";"Rigid";"BAU";"EUR/kg H2";2035;"1.333";"Sensitivity | Removed policies | Removed diesel efficiency gains";"Hydrogen"
"OPEX";"H2 Infrastructure";"UK";"H2 transport and distribution";"Tractor-Trailer";"BAU";"EUR/kg H2";2035;"1.333";"Sensitivity | Removed policies | Removed diesel efficiency gains";"Hydrogen"
"OPEX";"H2 Infrastructure";"DE";"HRS Overhead, Profit and Mark-Up";"Rigid";"BAU";"EUR/kg H2";2035;"0.25";"Sensitivity | Removed policies | Removed diesel efficiency gains";"Hydrogen"
"OPEX";"H2 Infrastructure";"DE";"HRS Overhead, Profit and Mark-Up";"Tractor-Trailer";"BAU";"EUR/kg H2";2035;"0.25";"Sensitivity | Removed policies | Removed diesel efficiency gains";"Hydrogen"
"OPEX";"H2 Infrastructure";"ES";"HRS Overhead, Profit and Mark-Up";"Rigid";"BAU";"EUR/kg H2";2035;"0.25";"Sensitivity | Removed policies | Removed diesel efficiency gains";"Hydrogen"
"OPEX";"H2 Infrastructure";"ES";"HRS Overhead, Profit and Mark-Up";"Tractor-Trailer";"BAU";"EUR/kg H2";2035;"0.25";"Sensitivity | Removed policies | Removed diesel efficiency gains";"Hydrogen"
"OPEX";"H2 Infrastructure";"FR";"HRS Overhead, Profit and Mark-Up";"Rigid";"BAU";"EUR/kg H2";2035;"0.25";"Sensitivity | Removed policies | Removed diesel efficiency gains";"Hydrogen"
"OPEX";"H2 Infrastructure";"FR";"HRS Overhead, Profit and Mark-Up";"Tractor-Trailer";"BAU";"EUR/kg H2";2035;"0.25";"Sensitivity | Removed policies | Removed diesel efficiency gains";"Hydrogen"
"OPEX";"H2 Infrastructure";"IT";"HRS Overhead, Profit and Mark-Up";"Rigid";"BAU";"EUR/kg H2";2035;"0.25";"Sensitivity | Removed policies | Removed diesel efficiency gains";"Hydrogen"
"OPEX";"H2 Infrastructure";"IT";"HRS Overhead, Profit and Mark-Up";"Tractor-Trailer";"BAU";"EUR/kg H2";2035;"0.25";"Sensitivity | Removed policies | Removed diesel efficiency gains";"Hydrogen"
"OPEX";"H2 Infrastructure";"NL";"HRS Overhead, Profit and Mark-Up";"Rigid";"BAU";"EUR/kg H2";2035;"0.25";"Sensitivity | Removed policies | Removed diesel efficiency gains";"Hydrogen"
"OPEX";"H2 Infrastructure";"NL";"HRS Overhead, Profit and Mark-Up";"Tractor-Trailer";"BAU";"EUR/kg H2";2035;"0.25";"Sensitivity | Removed policies | Removed diesel efficiency gains";"Hydrogen"
"OPEX";"H2 Infrastructure";"PL";"HRS Overhead, Profit and Mark-Up";"Rigid";"BAU";"EUR/kg H2";2035;"0.25";"Sensitivity | Removed policies | Removed diesel efficiency gains";"Hydrogen"
"OPEX";"H2 Infrastructure";"PL";"HRS Overhead, Profit and Mark-Up";"Tractor-Trailer";"BAU";"EUR/kg H2";2035;"0.25";"Sensitivity | Removed policies | Removed diesel efficiency gains";"Hydrogen"
"OPEX";"H2 Infrastructure";"UK";"HRS Overhead, Profit and Mark-Up";"Rigid";"BAU";"EUR/kg H2";2035;"0.25";"Sensitivity | Removed policies | Removed diesel efficiency gains";"Hydrogen"
"OPEX";"H2 Infrastructure";"UK";"HRS Overhead, Profit and Mark-Up";"Tractor-Trailer";"BAU";"EUR/kg H2";2035;"0.25";"Sensitivity | Removed policies | Removed diesel efficiency gains";"Hydrogen"
"OPEX";"Charging Infrastructure";"DE";"MCS Station (Public Charging) - Incl. Overhead";"Rigid";"BAU";"EUR/kWh";2035;"0.082";"Sensitivity | Removed policies | Removed diesel efficiency gains";"Electricity"
"OPEX";"Charging Infrastructure";"DE";"MCS Station (Public Charging) - Incl. Overhead";"Tractor-Trailer";"BAU";"EUR/kWh";2035;"0.082";"Sensitivity | Removed policies | Removed diesel efficiency gains";"Electricity"
"OPEX";"Charging Infrastructure";"ES";"MCS Station (Public Charging) - Incl. Overhead";"Rigid";"BAU";"EUR/kWh";2035;"0.082";"Sensitivity | Removed policies | Removed diesel efficiency gains";"Electricity"
"OPEX";"Charging Infrastructure";"ES";"MCS Station (Public Charging) - Incl. Overhead";"Tractor-Trailer";"BAU";"EUR/kWh";2035;"0.082";"Sensitivity | Removed policies | Removed diesel efficiency gains";"Electricity"
"OPEX";"Charging Infrastructure";"FR";"MCS Station (Public Charging) - Incl. Overhead";"Rigid";"BAU";"EUR/kWh";2035;"0.082";"Sensitivity | Removed policies | Removed diesel efficiency gains";"Electricity"
"OPEX";"Charging Infrastructure";"FR";"MCS Station (Public Charging) - Incl. Overhead";"Tractor-Trailer";"BAU";"EUR/kWh";2035;"0.082";"Sensitivity | Removed policies | Removed diesel efficiency gains";"Electricity"
"OPEX";"Charging Infrastructure";"IT";"MCS Station (Public Charging) - Incl. Overhead";"Rigid";"BAU";"EUR/kWh";2035;"0.082";"Sensitivity | Removed policies | Removed diesel efficiency gains";"Electricity"
"OPEX";"Charging Infrastructure";"IT";"MCS Station (Public Charging) - Incl. Overhead";"Tractor-Trailer";"BAU";"EUR/kWh";2035;"0.082";"Sensitivity | Removed policies | Removed diesel efficiency gains";"Electricity"
"OPEX";"Charging Infrastructure";"NL";"MCS Station (Public Charging) - Incl. Overhead";"Rigid";"BAU";"EUR/kWh";2035;"0.082";"Sensitivity | Removed policies | Removed diesel efficiency gains";"Electricity"
"OPEX";"Charging Infrastructure";"NL";"MCS Station (Public Charging) - Incl. Overhead";"Tractor-Trailer";"BAU";"EUR/kWh";2035;"0.082";"Sensitivity | Removed policies | Removed diesel efficiency gains";"Electricity"
"OPEX";"Charging Infrastructure";"PL";"MCS Station (Public Charging) - Incl. Overhead";"Rigid";"BAU";"EUR/kWh";2035;"0.082";"Sensitivity | Removed policies | Removed diesel efficiency gains";"Electricity"
"OPEX";"Charging Infrastructure";"PL";"MCS Station (Public Charging) - Incl. Overhead";"Tractor-Trailer";"BAU";"EUR/kWh";2035;"0.082";"Sensitivity | Removed policies | Removed diesel efficiency gains";"Electricity"
"OPEX";"Charging Infrastructure";"UK";"MCS Station (Public Charging) - Incl. Overhead";"Rigid";"BAU";"EUR/kWh";2035;"0.082";"Sensitivity | Removed policies | Removed diesel efficiency gains";"Electricity"
"OPEX";"Charging Infrastructure";"UK";"MCS Station (Public Charging) - Incl. Overhead";"Tractor-Trailer";"BAU";"EUR/kWh";2035;"0.082";"Sensitivity | Removed policies | Removed diesel efficiency gains";"Electricity"
"OPEX";"Charging Infrastructure";"DE";"Share MCS-Charging";"Rigid";"BAU";"%";2035;"0.2";"Sensitivity | Removed policies | Removed diesel efficiency gains";"Electricity"
"OPEX";"Charging Infrastructure";"DE";"Share MCS-Charging";"Tractor-Trailer";"BAU";"%";2035;"0.2";"Sensitivity | Removed policies | Removed diesel efficiency gains";"Electricity"
"OPEX";"Charging Infrastructure";"ES";"Share MCS-Charging";"Rigid";"BAU";"%";2035;"0.2";"Sensitivity | Removed policies | Removed diesel efficiency gains";"Electricity"
"OPEX";"Charging Infrastructure";"ES";"Share MCS-Charging";"Tractor-Trailer";"BAU";"%";2035;"0.2";"Sensitivity | Removed policies | Removed diesel efficiency gains";"Electricity"
"OPEX";"Charging Infrastructure";"FR";"Share MCS-Charging";"Rigid";"BAU";"%";2035;"0.2";"Sensitivity | Removed policies | Removed diesel efficiency gains";"Electricity"
"OPEX";"Charging Infrastructure";"FR";"Share MCS-Charging";"Tractor-Trailer";"BAU";"%";2035;"0.2";"Sensitivity | Removed policies | Removed diesel efficiency gains";"Electricity"
"OPEX";"Charging Infrastructure";"IT";"Share MCS-Charging";"Rigid";"BAU";"%";2035;"0.2";"Sensitivity | Removed policies | Removed diesel efficiency gains";"Electricity"
"OPEX";"Charging Infrastructure";"IT";"Share MCS-Charging";"Tractor-Trailer";"BAU";"%";2035;"0.2";"Sensitivity | Removed policies | Removed diesel efficiency gains";"Electricity"
"OPEX";"Charging Infrastructure";"NL";"Share MCS-Charging";"Rigid";"BAU";"%";2035;"0.2";"Sensitivity | Removed policies | Removed diesel efficiency gains";"Electricity"
"OPEX";"Charging Infrastructure";"NL";"Share MCS-Charging";"Tractor-Trailer";"BAU";"%";2035;"0.2";"Sensitivity | Removed policies | Removed diesel efficiency gains";"Electricity"
"OPEX";"Charging Infrastructure";"PL";"Share MCS-Charging";"Rigid";"BAU";"%";2035;"0.2";"Sensitivity | Removed policies | Removed diesel efficiency gains";"Electricity"
"OPEX";"Charging Infrastructure";"PL";"Share MCS-Charging";"Tractor-Trailer";"BAU";"%";2035;"0.2";"Sensitivity | Removed policies | Removed diesel efficiency gains";"Electricity"
"OPEX";"Charging Infrastructure";"UK";"Share MCS-Charging";"Rigid";"BAU";"%";2035;"0.2";"Sensitivity | Removed policies | Removed diesel efficiency gains";"Electricity"
"OPEX";"Charging Infrastructure";"UK";"Share MCS-Charging";"Tractor-Trailer";"BAU";"%";2035;"0.2";"Sensitivity | Removed policies | Removed diesel efficiency gains";"Electricity"
"OPEX";"Charging Infrastructure";"DE";"Depot - Network fees savings potential";"Rigid";"BAU";"EUR/kWh";2035;"0";"Sensitivity | Removed policies | Removed diesel efficiency gains";"Electricity"
"OPEX";"Charging Infrastructure";"DE";"Depot - Network fees savings potential";"Tractor-Trailer";"BAU";"EUR/kWh";2035;"0";"Sensitivity | Removed policies | Removed diesel efficiency gains";"Electricity"
"OPEX";"Charging Infrastructure";"ES";"Depot - Network fees savings potential";"Rigid";"BAU";"EUR/kWh";2035;"0";"Sensitivity | Removed policies | Removed diesel efficiency gains";"Electricity"
"OPEX";"Charging Infrastructure";"ES";"Depot - Network fees savings potential";"Tractor-Trailer";"BAU";"EUR/kWh";2035;"0";"Sensitivity | Removed policies | Removed diesel efficiency gains";"Electricity"
"OPEX";"Charging Infrastructure";"FR";"Depot - Network fees savings potential";"Rigid";"BAU";"EUR/kWh";2035;"0";"Sensitivity | Removed policies | Removed diesel efficiency gains";"Electricity"
"OPEX";"Charging Infrastructure";"FR";"Depot - Network fees savings potential";"Tractor-Trailer";"BAU";"EUR/kWh";2035;"0";"Sensitivity | Removed policies | Removed diesel efficiency gains";"Electricity"
"OPEX";"Charging Infrastructure";"IT";"Depot - Network fees savings potential";"Rigid";"BAU";"EUR/kWh";2035;"0";"Sensitivity | Removed policies | Removed diesel efficiency gains";"Electricity"
"OPEX";"Charging Infrastructure";"IT";"Depot - Network fees savings potential";"Tractor-Trailer";"BAU";"EUR/kWh";2035;"0";"Sensitivity | Removed policies | Removed diesel efficiency gains";"Electricity"
"OPEX";"Charging Infrastructure";"NL";"Depot - Network fees savings potential";"Rigid";"BAU";"EUR/kWh";2035;"0";"Sensitivity | Removed policies | Removed diesel efficiency gains";"Electricity"
"OPEX";"Charging Infrastructure";"NL";"Depot - Network fees savings potential";"Tractor-Trailer";"BAU";"EUR/kWh";2035;"0";"Sensitivity | Removed policies | Removed diesel efficiency gains";"Electricity"
"OPEX";"Charging Infrastructure";"PL";"Depot - Network fees savings potential";"Rigid";"BAU";"EUR/kWh";2035;"0";"Sensitivity | Removed policies | Removed diesel efficiency gains";"Electricity"
"OPEX";"Charging Infrastructure";"PL";"Depot - Network fees savings potential";"Tractor-Trailer";"BAU";"EUR/kWh";2035;"0";"Sensitivity | Removed policies | Removed diesel efficiency gains";"Electricity"
"OPEX";"Charging Infrastructure";"UK";"Depot - Network fees savings potential";"Rigid";"BAU";"EUR/kWh";2035;"0";"Sensitivity | Removed policies | Removed diesel efficiency gains";"Electricity"
"OPEX";"Charging Infrastructure";"UK";"Depot - Network fees savings potential";"Tractor-Trailer";"BAU";"EUR/kWh";2035;"0";"Sensitivity | Removed policies | Removed diesel efficiency gains";"Electricity"
"OPEX";"Taxes";"DE";"Tax reduction";"Rigid";"BAU";"%";2035;"0";"Sensitivity | Removed policies | Removed diesel efficiency gains";"Hydrogen"
"OPEX";"Taxes";"DE";"Tax reduction";"Tractor-Trailer";"BAU";"%";2035;"0";"Sensitivity | Removed policies | Removed diesel efficiency gains";"Hydrogen"
"OPEX";"Taxes";"ES";"Tax reduction";"Rigid";"BAU";"%";2035;"0";"Sensitivity | Removed policies | Removed diesel efficiency gains";"Hydrogen"
"OPEX";"Taxes";"ES";"Tax reduction";"Tractor-Trailer";"BAU";"%";2035;"0";"Sensitivity | Removed policies | Removed diesel efficiency gains";"Hydrogen"
"OPEX";"Taxes";"FR";"Tax reduction";"Rigid";"BAU";"%";2035;"0";"Sensitivity | Removed policies | Removed diesel efficiency gains";"Hydrogen"
"OPEX";"Taxes";"FR";"Tax reduction";"Tractor-Trailer";"BAU";"%";2035;"0";"Sensitivity | Removed policies | Removed diesel efficiency gains";"Hydrogen"
"OPEX";"Taxes";"IT";"Tax reduction";"Rigid";"BAU";"%";2035;"0";"Sensitivity | Removed policies | Removed diesel efficiency gains";"Hydrogen"
"OPEX";"Taxes";"IT";"Tax reduction";"Tractor-Trailer";"BAU";"%";2035;"0";"Sensitivity | Removed policies | Removed diesel efficiency gains";"Hydrogen"
"OPEX";"Taxes";"NL";"Tax reduction";"Rigid";"BAU";"%";2035;"0";"Sensitivity | Removed policies | Removed diesel efficiency gains";"Hydrogen"
"OPEX";"Taxes";"NL";"Tax reduction";"Tractor-Trailer";"BAU";"%";2035;"0";"Sensitivity | Removed policies | Removed diesel efficiency gains";"Hydrogen"
"OPEX";"Taxes";"PL";"Tax reduction";"Rigid";"BAU";"%";2035;"0";"Sensitivity | Removed policies | Removed diesel efficiency gains";"Hydrogen"
"OPEX";"Taxes";"PL";"Tax reduction";"Tractor-Trailer";"BAU";"%";2035;"0";"Sensitivity | Removed policies | Removed diesel efficiency gains";"Hydrogen"
"OPEX";"Taxes";"UK";"Tax reduction";"Rigid";"BAU";"%";2035;"0";"Sensitivity | Removed policies | Removed diesel efficiency gains";"Hydrogen"
"OPEX";"Taxes";"UK";"Tax reduction";"Tractor-Trailer";"BAU";"%";2035;"0";"Sensitivity | Removed policies | Removed diesel efficiency gains";"Hydrogen"
"OPEX";"Taxes";"DE";"Increasing grid fees";"Rigid";"PROG";"%";2035;"0.15";"Sensitivity | Removed policies | Removed diesel efficiency gains";"Electricity"
"OPEX";"Taxes";"DE";"Increasing grid fees";"Tractor-Trailer";"PROG";"%";2035;"0.15";"Sensitivity | Removed policies | Removed diesel efficiency gains";"Electricity"
"OPEX";"Taxes";"ES";"Increasing grid fees";"Rigid";"PROG";"%";2035;"0.15";"Sensitivity | Removed policies | Removed diesel efficiency gains";"Electricity"
"OPEX";"Taxes";"ES";"Increasing grid fees";"Tractor-Trailer";"PROG";"%";2035;"0.15";"Sensitivity | Removed policies | Removed diesel efficiency gains";"Electricity"
"OPEX";"Taxes";"FR";"Increasing grid fees";"Rigid";"PROG";"%";2035;"0.15";"Sensitivity | Removed policies | Removed diesel efficiency gains";"Electricity"
"OPEX";"Taxes";"FR";"Increasing grid fees";"Tractor-Trailer";"PROG";"%";2035;"0.15";"Sensitivity | Removed policies | Removed diesel efficiency gains";"Electricity"
"OPEX";"Taxes";"IT";"Increasing grid fees";"Rigid";"PROG";"%";2035;"0.15";"Sensitivity | Removed policies | Removed diesel efficiency gains";"Electricity"
"OPEX";"Taxes";"IT";"Increasing grid fees";"Tractor-Trailer";"PROG";"%";2035;"0.15";"Sensitivity | Removed policies | Removed diesel efficiency gains";"Electricity"
"OPEX";"Taxes";"NL";"Increasing grid fees";"Rigid";"PROG";"%";2035;"0.15";"Sensitivity | Removed policies | Removed diesel efficiency gains";"Electricity"
"OPEX";"Taxes";"NL";"Increasing grid fees";"Tractor-Trailer";"PROG";"%";2035;"0.15";"Sensitivity | Removed policies | Removed diesel efficiency gains";"Electricity"
"OPEX";"Taxes";"PL";"Increasing grid fees";"Rigid";"PROG";"%";2035;"0.15";"Sensitivity | Removed policies | Removed diesel efficiency gains";"Electricity"
"OPEX";"Taxes";"PL";"Increasing grid fees";"Tractor-Trailer";"PROG";"%";2035;"0.15";"Sensitivity | Removed policies | Removed diesel efficiency gains";"Electricity"
"OPEX";"Taxes";"UK";"Increasing grid fees";"Rigid";"PROG";"%";2035;"0.15";"Sensitivity | Removed policies | Removed diesel efficiency gains";"Electricity"
"OPEX";"Taxes";"UK";"Increasing grid fees";"Tractor-Trailer";"PROG";"%";2035;"0.15";"Sensitivity | Removed policies | Removed diesel efficiency gains";"Electricity"
"OPEX";"Taxes";"DE";"Increasing grid fees";"Rigid";"BAU";"%";2035;"0.25";"Sensitivity | Removed policies | Removed diesel efficiency gains";"Electricity"
"OPEX";"Taxes";"DE";"Increasing grid fees";"Tractor-Trailer";"BAU";"%";2035;"0.25";"Sensitivity | Removed policies | Removed diesel efficiency gains";"Electricity"
"OPEX";"Taxes";"ES";"Increasing grid fees";"Rigid";"BAU";"%";2035;"0.25";"Sensitivity | Removed policies | Removed diesel efficiency gains";"Electricity"
"OPEX";"Taxes";"ES";"Increasing grid fees";"Tractor-Trailer";"BAU";"%";2035;"0.25";"Sensitivity | Removed policies | Removed diesel efficiency gains";"Electricity"
"OPEX";"Taxes";"FR";"Increasing grid fees";"Rigid";"BAU";"%";2035;"0.25";"Sensitivity | Removed policies | Removed diesel efficiency gains";"Electricity"
"OPEX";"Taxes";"FR";"Increasing grid fees";"Tractor-Trailer";"BAU";"%";2035;"0.25";"Sensitivity | Removed policies | Removed diesel efficiency gains";"Electricity"
"OPEX";"Taxes";"IT";"Increasing grid fees";"Rigid";"BAU";"%";2035;"0.25";"Sensitivity | Removed policies | Removed diesel efficiency gains";"Electricity"
"OPEX";"Taxes";"IT";"Increasing grid fees";"Tractor-Trailer";"BAU";"%";2035;"0.25";"Sensitivity | Removed policies | Removed diesel efficiency gains";"Electricity"
"OPEX";"Taxes";"NL";"Increasing grid fees";"Rigid";"BAU";"%";2035;"0.25";"Sensitivity | Removed policies | Removed diesel efficiency gains";"Electricity"
"OPEX";"Taxes";"NL";"Increasing grid fees";"Tractor-Trailer";"BAU";"%";2035;"0.25";"Sensitivity | Removed policies | Removed diesel efficiency gains";"Electricity"
"OPEX";"Taxes";"PL";"Increasing grid fees";"Rigid";"BAU";"%";2035;"0.25";"Sensitivity | Removed policies | Removed diesel efficiency gains";"Electricity"
"OPEX";"Taxes";"PL";"Increasing grid fees";"Tractor-Trailer";"BAU";"%";2035;"0.25";"Sensitivity | Removed policies | Removed diesel efficiency gains";"Electricity"
"OPEX";"Taxes";"UK";"Increasing grid fees";"Rigid";"BAU";"%";2035;"0.25";"Sensitivity | Removed policies | Removed diesel efficiency gains";"Electricity"
"OPEX";"Taxes";"UK";"Increasing grid fees";"Tractor-Trailer";"BAU";"%";2035;"0.25";"Sensitivity | Removed policies | Removed diesel efficiency gains";"Electricity"
"OPEX";"Taxes";"DE";"Network Costs - MCS";"Rigid";"PROG";"EUR/kWh";2040;"0.03";"Sensitivity | Removed policies | Removed diesel efficiency gains";"Electricity"
"OPEX";"Taxes";"DE";"Network Costs - MCS";"Tractor-Trailer";"PROG";"EUR/kWh";2040;"0.03";"Sensitivity | Removed policies | Removed diesel efficiency gains";"Electricity"
"OPEX";"Taxes";"ES";"Network Costs - MCS";"Rigid";"PROG";"EUR/kWh";2040;"0.011";"Sensitivity | Removed policies | Removed diesel efficiency gains";"Electricity"
"OPEX";"Taxes";"ES";"Network Costs - MCS";"Tractor-Trailer";"PROG";"EUR/kWh";2040;"0.011";"Sensitivity | Removed policies | Removed diesel efficiency gains";"Electricity"
"OPEX";"Taxes";"FR";"Network Costs - MCS";"Rigid";"PROG";"EUR/kWh";2040;"0.014";"Sensitivity | Removed policies | Removed diesel efficiency gains";"Electricity"
"OPEX";"Taxes";"FR";"Network Costs - MCS";"Tractor-Trailer";"PROG";"EUR/kWh";2040;"0.014";"Sensitivity | Removed policies | Removed diesel efficiency gains";"Electricity"
"OPEX";"Taxes";"IT";"Network Costs - MCS";"Rigid";"PROG";"EUR/kWh";2040;"0.013";"Sensitivity | Removed policies | Removed diesel efficiency gains";"Electricity"
"OPEX";"Taxes";"IT";"Network Costs - MCS";"Tractor-Trailer";"PROG";"EUR/kWh";2040;"0.013";"Sensitivity | Removed policies | Removed diesel efficiency gains";"Electricity"
"OPEX";"Taxes";"NL";"Network Costs - MCS";"Rigid";"PROG";"EUR/kWh";2040;"0.015";"Sensitivity | Removed policies | Removed diesel efficiency gains";"Electricity"
"OPEX";"Taxes";"NL";"Network Costs - MCS";"Tractor-Trailer";"PROG";"EUR/kWh";2040;"0.015";"Sensitivity | Removed policies | Removed diesel efficiency gains";"Electricity"
"OPEX";"Taxes";"PL";"Network Costs - MCS";"Rigid";"PROG";"EUR/kWh";2040;"0.015";"Sensitivity | Removed policies | Removed diesel efficiency gains";"Electricity"
"OPEX";"Taxes";"PL";"Network Costs - MCS";"Tractor-Trailer";"PROG";"EUR/kWh";2040;"0.015";"Sensitivity | Removed policies | Removed diesel efficiency gains";"Electricity"
"OPEX";"Taxes";"UK";"Network Costs - MCS";"Rigid";"PROG";"EUR/kWh";2040;"0.022";"Sensitivity | Removed policies | Removed diesel efficiency gains";"Electricity"
"OPEX";"Taxes";"UK";"Network Costs - MCS";"Tractor-Trailer";"PROG";"EUR/kWh";2040;"0.022";"Sensitivity | Removed policies | Removed diesel efficiency gains";"Electricity"
"OPEX";"Taxes";"DE";"Taxes, Fees, Levies and charges - MCS";"Rigid";"PROG";"EUR/kWh";2040;"0.051";"Sensitivity | Removed policies | Removed diesel efficiency gains";"Electricity"
"OPEX";"Taxes";"DE";"Taxes, Fees, Levies and charges - MCS";"Tractor-Trailer";"PROG";"EUR/kWh";2040;"0.051";"Sensitivity | Removed policies | Removed diesel efficiency gains";"Electricity"
"OPEX";"Taxes";"ES";"Taxes, Fees, Levies and charges - MCS";"Rigid";"PROG";"EUR/kWh";2040;"0.027";"Sensitivity | Removed policies | Removed diesel efficiency gains";"Electricity"
"OPEX";"Taxes";"ES";"Taxes, Fees, Levies and charges - MCS";"Tractor-Trailer";"PROG";"EUR/kWh";2040;"0.027";"Sensitivity | Removed policies | Removed diesel efficiency gains";"Electricity"
"OPEX";"Taxes";"FR";"Taxes, Fees, Levies and charges - MCS";"Rigid";"PROG";"EUR/kWh";2040;"0.024";"Sensitivity | Removed policies | Removed diesel efficiency gains";"Electricity"
"OPEX";"Taxes";"FR";"Taxes, Fees, Levies and charges - MCS";"Tractor-Trailer";"PROG";"EUR/kWh";2040;"0.024";"Sensitivity | Removed policies | Removed diesel efficiency gains";"Electricity"
"OPEX";"Taxes";"IT";"Taxes, Fees, Levies and charges - MCS";"Rigid";"PROG";"EUR/kWh";2040;"0.042";"Sensitivity | Removed policies | Removed diesel efficiency gains";"Electricity"
"OPEX";"Taxes";"IT";"Taxes, Fees, Levies and charges - MCS";"Tractor-Trailer";"PROG";"EUR/kWh";2040;"0.042";"Sensitivity | Removed policies | Removed diesel efficiency gains";"Electricity"
"OPEX";"Taxes";"NL";"Taxes, Fees, Levies and charges - MCS";"Rigid";"PROG";"EUR/kWh";2040;"0.037";"Sensitivity | Removed policies | Removed diesel efficiency gains";"Electricity"
"OPEX";"Taxes";"NL";"Taxes, Fees, Levies and charges - MCS";"Tractor-Trailer";"PROG";"EUR/kWh";2040;"0.037";"Sensitivity | Removed policies | Removed diesel efficiency gains";"Electricity"
"OPEX";"Taxes";"PL";"Taxes, Fees, Levies and charges - MCS";"Rigid";"PROG";"EUR/kWh";2040;"0.046";"Sensitivity | Removed policies | Removed diesel efficiency gains";"Electricity"
"OPEX";"Taxes";"PL";"Taxes, Fees, Levies and charges - MCS";"Tractor-Trailer";"PROG";"EUR/kWh";2040;"0.046";"Sensitivity | Removed policies | Removed diesel efficiency gains";"Electricity"
"OPEX";"Taxes";"UK";"Taxes, Fees, Levies and charges - MCS";"Rigid";"PROG";"EUR/kWh";2040;"0.074";"Sensitivity | Removed policies | Removed diesel efficiency gains";"Electricity"
"OPEX";"Taxes";"UK";"Taxes, Fees, Levies and charges - MCS";"Tractor-Trailer";"PROG";"EUR/kWh";2040;"0.074";"Sensitivity | Removed policies | Removed diesel efficiency gains";"Electricity"
"OPEX";"Taxes";"DE";"Network Costs - Depot";"Rigid";"PROG";"EUR/kWh";2040;"0.034";"Sensitivity | Removed policies | Removed diesel efficiency gains";"Electricity"
"OPEX";"Taxes";"DE";"Network Costs - Depot";"Tractor-Trailer";"PROG";"EUR/kWh";2040;"0.034";"Sensitivity | Removed policies | Removed diesel efficiency gains";"Electricity"
"OPEX";"Taxes";"ES";"Network Costs - Depot";"Rigid";"PROG";"EUR/kWh";2040;"0.018";"Sensitivity | Removed policies | Removed diesel efficiency gains";"Electricity"
"OPEX";"Taxes";"ES";"Network Costs - Depot";"Tractor-Trailer";"PROG";"EUR/kWh";2040;"0.018";"Sensitivity | Removed policies | Removed diesel efficiency gains";"Electricity"
"OPEX";"Taxes";"FR";"Network Costs - Depot";"Rigid";"PROG";"EUR/kWh";2040;"0.018";"Sensitivity | Removed policies | Removed diesel efficiency gains";"Electricity"
"OPEX";"Taxes";"FR";"Network Costs - Depot";"Tractor-Trailer";"PROG";"EUR/kWh";2040;"0.018";"Sensitivity | Removed policies | Removed diesel efficiency gains";"Electricity"
"OPEX";"Taxes";"IT";"Network Costs - Depot";"Rigid";"PROG";"EUR/kWh";2040;"0.016";"Sensitivity | Removed policies | Removed diesel efficiency gains";"Electricity"
"OPEX";"Taxes";"IT";"Network Costs - Depot";"Tractor-Trailer";"PROG";"EUR/kWh";2040;"0.016";"Sensitivity | Removed policies | Removed diesel efficiency gains";"Electricity"
"OPEX";"Taxes";"NL";"Network Costs - Depot";"Rigid";"PROG";"EUR/kWh";2040;"0.016";"Sensitivity | Removed policies | Removed diesel efficiency gains";"Electricity"
"OPEX";"Taxes";"NL";"Network Costs - Depot";"Tractor-Trailer";"PROG";"EUR/kWh";2040;"0.016";"Sensitivity | Removed policies | Removed diesel efficiency gains";"Electricity"
"OPEX";"Taxes";"PL";"Network Costs - Depot";"Rigid";"PROG";"EUR/kWh";2040;"0.019";"Sensitivity | Removed policies | Removed diesel efficiency gains";"Electricity"
"OPEX";"Taxes";"PL";"Network Costs - Depot";"Tractor-Trailer";"PROG";"EUR/kWh";2040;"0.019";"Sensitivity | Removed policies | Removed diesel efficiency gains";"Electricity"
"OPEX";"Taxes";"UK";"Network Costs - Depot";"Rigid";"PROG";"EUR/kWh";2040;"0.027";"Sensitivity | Removed policies | Removed diesel efficiency gains";"Electricity"
"OPEX";"Taxes";"UK";"Network Costs - Depot";"Tractor-Trailer";"PROG";"EUR/kWh";2040;"0.027";"Sensitivity | Removed policies | Removed diesel efficiency gains";"Electricity"
"OPEX";"Taxes";"DE";"Taxes, Fees, Levies and charges - Depot";"Rigid";"PROG";"EUR/kWh";2040;"0.056";"Sensitivity | Removed policies | Removed diesel efficiency gains";"Electricity"
"OPEX";"Taxes";"DE";"Taxes, Fees, Levies and charges - Depot";"Tractor-Trailer";"PROG";"EUR/kWh";2040;"0.056";"Sensitivity | Removed policies | Removed diesel efficiency gains";"Electricity"
"OPEX";"Taxes";"ES";"Taxes, Fees, Levies and charges - Depot";"Rigid";"PROG";"EUR/kWh";2040;"0.036";"Sensitivity | Removed policies | Removed diesel efficiency gains";"Electricity"
"OPEX";"Taxes";"ES";"Taxes, Fees, Levies and charges - Depot";"Tractor-Trailer";"PROG";"EUR/kWh";2040;"0.036";"Sensitivity | Removed policies | Removed diesel efficiency gains";"Electricity"
"OPEX";"Taxes";"FR";"Taxes, Fees, Levies and charges - Depot";"Rigid";"PROG";"EUR/kWh";2040;"0.03";"Sensitivity | Removed policies | Removed diesel efficiency gains";"Electricity"
"OPEX";"Taxes";"FR";"Taxes, Fees, Levies and charges - Depot";"Tractor-Trailer";"PROG";"EUR/kWh";2040;"0.03";"Sensitivity | Removed policies | Removed diesel efficiency gains";"Electricity"
"OPEX";"Taxes";"IT";"Taxes, Fees, Levies and charges - Depot";"Rigid";"PROG";"EUR/kWh";2040;"0.063";"Sensitivity | Removed policies | Removed diesel efficiency gains";"Electricity"
"OPEX";"Taxes";"IT";"Taxes, Fees, Levies and charges - Depot";"Tractor-Trailer";"PROG";"EUR/kWh";2040;"0.063";"Sensitivity | Removed policies | Removed diesel efficiency gains";"Electricity"
"OPEX";"Taxes";"NL";"Taxes, Fees, Levies and charges - Depot";"Rigid";"PROG";"EUR/kWh";2040;"0.055";"Sensitivity | Removed policies | Removed diesel efficiency gains";"Electricity"
"OPEX";"Taxes";"NL";"Taxes, Fees, Levies and charges - Depot";"Tractor-Trailer";"PROG";"EUR/kWh";2040;"0.055";"Sensitivity | Removed policies | Removed diesel efficiency gains";"Electricity"
"OPEX";"Taxes";"PL";"Taxes, Fees, Levies and charges - Depot";"Rigid";"PROG";"EUR/kWh";2040;"0.049";"Sensitivity | Removed policies | Removed diesel efficiency gains";"Electricity"
"OPEX";"Taxes";"PL";"Taxes, Fees, Levies and charges - Depot";"Tractor-Trailer";"PROG";"EUR/kWh";2040;"0.049";"Sensitivity | Removed policies | Removed diesel efficiency gains";"Electricity"
"OPEX";"Taxes";"UK";"Taxes, Fees, Levies and charges - Depot";"Rigid";"PROG";"EUR/kWh";2040;"0.077";"Sensitivity | Removed policies | Removed diesel efficiency gains";"Electricity"
"OPEX";"Taxes";"UK";"Taxes, Fees, Levies and charges - Depot";"Tractor-Trailer";"PROG";"EUR/kWh";2040;"0.077";"Sensitivity | Removed policies | Removed diesel efficiency gains";"Electricity"
"OPEX";"H2 Infrastructure";"DE";"HRS costs";"Rigid";"PROG";"EUR/kg H2";2040;"0.7";"Sensitivity | Removed policies | Removed diesel efficiency gains";"Hydrogen"
"OPEX";"H2 Infrastructure";"DE";"HRS costs";"Tractor-Trailer";"PROG";"EUR/kg H2";2040;"0.7";"Sensitivity | Removed policies | Removed diesel efficiency gains";"Hydrogen"
"OPEX";"H2 Infrastructure";"ES";"HRS costs";"Rigid";"PROG";"EUR/kg H2";2040;"0.7";"Sensitivity | Removed policies | Removed diesel efficiency gains";"Hydrogen"
"OPEX";"H2 Infrastructure";"ES";"HRS costs";"Tractor-Trailer";"PROG";"EUR/kg H2";2040;"0.7";"Sensitivity | Removed policies | Removed diesel efficiency gains";"Hydrogen"
"OPEX";"H2 Infrastructure";"FR";"HRS costs";"Rigid";"PROG";"EUR/kg H2";2040;"0.7";"Sensitivity | Removed policies | Removed diesel efficiency gains";"Hydrogen"
"OPEX";"H2 Infrastructure";"FR";"HRS costs";"Tractor-Trailer";"PROG";"EUR/kg H2";2040;"0.7";"Sensitivity | Removed policies | Removed diesel efficiency gains";"Hydrogen"
"OPEX";"H2 Infrastructure";"IT";"HRS costs";"Rigid";"PROG";"EUR/kg H2";2040;"0.7";"Sensitivity | Removed policies | Removed diesel efficiency gains";"Hydrogen"
"OPEX";"H2 Infrastructure";"IT";"HRS costs";"Tractor-Trailer";"PROG";"EUR/kg H2";2040;"0.7";"Sensitivity | Removed policies | Removed diesel efficiency gains";"Hydrogen"
"OPEX";"H2 Infrastructure";"NL";"HRS costs";"Rigid";"PROG";"EUR/kg H2";2040;"0.7";"Sensitivity | Removed policies | Removed diesel efficiency gains";"Hydrogen"
"OPEX";"H2 Infrastructure";"NL";"HRS costs";"Tractor-Trailer";"PROG";"EUR/kg H2";2040;"0.7";"Sensitivity | Removed policies | Removed diesel efficiency gains";"Hydrogen"
"OPEX";"H2 Infrastructure";"PL";"HRS costs";"Rigid";"PROG";"EUR/kg H2";2040;"0.7";"Sensitivity | Removed policies | Removed diesel efficiency gains";"Hydrogen"
"OPEX";"H2 Infrastructure";"PL";"HRS costs";"Tractor-Trailer";"PROG";"EUR/kg H2";2040;"0.7";"Sensitivity | Removed policies | Removed diesel efficiency gains";"Hydrogen"
"OPEX";"H2 Infrastructure";"UK";"HRS costs";"Rigid";"PROG";"EUR/kg H2";2040;"0.7";"Sensitivity | Removed policies | Removed diesel efficiency gains";"Hydrogen"
"OPEX";"H2 Infrastructure";"UK";"HRS costs";"Tractor-Trailer";"PROG";"EUR/kg H2";2040;"0.7";"Sensitivity | Removed policies | Removed diesel efficiency gains";"Hydrogen"
"OPEX";"H2 Infrastructure";"DE";"H2 transport and distribution";"Rigid";"PROG";"EUR/kg H2";2040;"0.667";"Sensitivity | Removed policies | Removed diesel efficiency gains";"Hydrogen"
"OPEX";"H2 Infrastructure";"DE";"H2 transport and distribution";"Tractor-Trailer";"PROG";"EUR/kg H2";2040;"0.667";"Sensitivity | Removed policies | Removed diesel efficiency gains";"Hydrogen"
"OPEX";"H2 Infrastructure";"ES";"H2 transport and distribution";"Rigid";"PROG";"EUR/kg H2";2040;"0.667";"Sensitivity | Removed policies | Removed diesel efficiency gains";"Hydrogen"
"OPEX";"H2 Infrastructure";"ES";"H2 transport and distribution";"Tractor-Trailer";"PROG";"EUR/kg H2";2040;"0.667";"Sensitivity | Removed policies | Removed diesel efficiency gains";"Hydrogen"
"OPEX";"H2 Infrastructure";"FR";"H2 transport and distribution";"Rigid";"PROG";"EUR/kg H2";2040;"0.667";"Sensitivity | Removed policies | Removed diesel efficiency gains";"Hydrogen"
"OPEX";"H2 Infrastructure";"FR";"H2 transport and distribution";"Tractor-Trailer";"PROG";"EUR/kg H2";2040;"0.667";"Sensitivity | Removed policies | Removed diesel efficiency gains";"Hydrogen"
"OPEX";"H2 Infrastructure";"IT";"H2 transport and distribution";"Rigid";"PROG";"EUR/kg H2";2040;"0.667";"Sensitivity | Removed policies | Removed diesel efficiency gains";"Hydrogen"
"OPEX";"H2 Infrastructure";"IT";"H2 transport and distribution";"Tractor-Trailer";"PROG";"EUR/kg H2";2040;"0.667";"Sensitivity | Removed policies | Removed diesel efficiency gains";"Hydrogen"
"OPEX";"H2 Infrastructure";"NL";"H2 transport and distribution";"Rigid";"PROG";"EUR/kg H2";2040;"0.667";"Sensitivity | Removed policies | Removed diesel efficiency gains";"Hydrogen"
"OPEX";"H2 Infrastructure";"NL";"H2 transport and distribution";"Tractor-Trailer";"PROG";"EUR/kg H2";2040;"0.667";"Sensitivity | Removed policies | Removed diesel efficiency gains";"Hydrogen"
"OPEX";"H2 Infrastructure";"PL";"H2 transport and distribution";"Rigid";"PROG";"EUR/kg H2";2040;"0.667";"Sensitivity | Removed policies | Removed diesel efficiency gains";"Hydrogen"
"OPEX";"H2 Infrastructure";"PL";"H2 transport and distribution";"Tractor-Trailer";"PROG";"EUR/kg H2";2040;"0.667";"Sensitivity | Removed policies | Removed diesel efficiency gains";"Hydrogen"
"OPEX";"H2 Infrastructure";"UK";"H2 transport and distribution";"Rigid";"PROG";"EUR/kg H2";2040;"0.667";"Sensitivity | Removed policies | Removed diesel efficiency gains";"Hydrogen"
"OPEX";"H2 Infrastructure";"UK";"H2 transport and distribution";"Tractor-Trailer";"PROG";"EUR/kg H2";2040;"0.667";"Sensitivity | Removed policies | Removed diesel efficiency gains";"Hydrogen"
"OPEX";"H2 Infrastructure";"DE";"HRS Overhead, Profit and Mark-Up";"Rigid";"PROG";"EUR/kg H2";2040;"0.25";"Sensitivity | Removed policies | Removed diesel efficiency gains";"Hydrogen"
"OPEX";"H2 Infrastructure";"DE";"HRS Overhead, Profit and Mark-Up";"Tractor-Trailer";"PROG";"EUR/kg H2";2040;"0.25";"Sensitivity | Removed policies | Removed diesel efficiency gains";"Hydrogen"
"OPEX";"H2 Infrastructure";"ES";"HRS Overhead, Profit and Mark-Up";"Rigid";"PROG";"EUR/kg H2";2040;"0.25";"Sensitivity | Removed policies | Removed diesel efficiency gains";"Hydrogen"
"OPEX";"H2 Infrastructure";"ES";"HRS Overhead, Profit and Mark-Up";"Tractor-Trailer";"PROG";"EUR/kg H2";2040;"0.25";"Sensitivity | Removed policies | Removed diesel efficiency gains";"Hydrogen"
"OPEX";"H2 Infrastructure";"FR";"HRS Overhead, Profit and Mark-Up";"Rigid";"PROG";"EUR/kg H2";2040;"0.25";"Sensitivity | Removed policies | Removed diesel efficiency gains";"Hydrogen"
"OPEX";"H2 Infrastructure";"FR";"HRS Overhead, Profit and Mark-Up";"Tractor-Trailer";"PROG";"EUR/kg H2";2040;"0.25";"Sensitivity | Removed policies | Removed diesel efficiency gains";"Hydrogen"
"OPEX";"H2 Infrastructure";"IT";"HRS Overhead, Profit and Mark-Up";"Rigid";"PROG";"EUR/kg H2";2040;"0.25";"Sensitivity | Removed policies | Removed diesel efficiency gains";"Hydrogen"
"OPEX";"H2 Infrastructure";"IT";"HRS Overhead, Profit and Mark-Up";"Tractor-Trailer";"PROG";"EUR/kg H2";2040;"0.25";"Sensitivity | Removed policies | Removed diesel efficiency gains";"Hydrogen"
"OPEX";"H2 Infrastructure";"NL";"HRS Overhead, Profit and Mark-Up";"Rigid";"PROG";"EUR/kg H2";2040;"0.25";"Sensitivity | Removed policies | Removed diesel efficiency gains";"Hydrogen"
"OPEX";"H2 Infrastructure";"NL";"HRS Overhead, Profit and Mark-Up";"Tractor-Trailer";"PROG";"EUR/kg H2";2040;"0.25";"Sensitivity | Removed policies | Removed diesel efficiency gains";"Hydrogen"
"OPEX";"H2 Infrastructure";"PL";"HRS Overhead, Profit and Mark-Up";"Rigid";"PROG";"EUR/kg H2";2040;"0.25";"Sensitivity | Removed policies | Removed diesel efficiency gains";"Hydrogen"
"OPEX";"H2 Infrastructure";"PL";"HRS Overhead, Profit and Mark-Up";"Tractor-Trailer";"PROG";"EUR/kg H2";2040;"0.25";"Sensitivity | Removed policies | Removed diesel efficiency gains";"Hydrogen"
"OPEX";"H2 Infrastructure";"UK";"HRS Overhead, Profit and Mark-Up";"Rigid";"PROG";"EUR/kg H2";2040;"0.25";"Sensitivity | Removed policies | Removed diesel efficiency gains";"Hydrogen"
"OPEX";"H2 Infrastructure";"UK";"HRS Overhead, Profit and Mark-Up";"Tractor-Trailer";"PROG";"EUR/kg H2";2040;"0.25";"Sensitivity | Removed policies | Removed diesel efficiency gains";"Hydrogen"
"OPEX";"Charging Infrastructure";"DE";"MCS Station (Public Charging) - Incl. Overhead";"Rigid";"PROG";"EUR/kWh";2040;"0.02";"Sensitivity | Removed policies | Removed diesel efficiency gains";"Electricity"
"OPEX";"Charging Infrastructure";"DE";"MCS Station (Public Charging) - Incl. Overhead";"Tractor-Trailer";"PROG";"EUR/kWh";2040;"0.02";"Sensitivity | Removed policies | Removed diesel efficiency gains";"Electricity"
"OPEX";"Charging Infrastructure";"ES";"MCS Station (Public Charging) - Incl. Overhead";"Rigid";"PROG";"EUR/kWh";2040;"0.02";"Sensitivity | Removed policies | Removed diesel efficiency gains";"Electricity"
"OPEX";"Charging Infrastructure";"ES";"MCS Station (Public Charging) - Incl. Overhead";"Tractor-Trailer";"PROG";"EUR/kWh";2040;"0.02";"Sensitivity | Removed policies | Removed diesel efficiency gains";"Electricity"
"OPEX";"Charging Infrastructure";"FR";"MCS Station (Public Charging) - Incl. Overhead";"Rigid";"PROG";"EUR/kWh";2040;"0.02";"Sensitivity | Removed policies | Removed diesel efficiency gains";"Electricity"
"OPEX";"Charging Infrastructure";"FR";"MCS Station (Public Charging) - Incl. Overhead";"Tractor-Trailer";"PROG";"EUR/kWh";2040;"0.02";"Sensitivity | Removed policies | Removed diesel efficiency gains";"Electricity"
"OPEX";"Charging Infrastructure";"IT";"MCS Station (Public Charging) - Incl. Overhead";"Rigid";"PROG";"EUR/kWh";2040;"0.02";"Sensitivity | Removed policies | Removed diesel efficiency gains";"Electricity"
"OPEX";"Charging Infrastructure";"IT";"MCS Station (Public Charging) - Incl. Overhead";"Tractor-Trailer";"PROG";"EUR/kWh";2040;"0.02";"Sensitivity | Removed policies | Removed diesel efficiency gains";"Electricity"
"OPEX";"Charging Infrastructure";"NL";"MCS Station (Public Charging) - Incl. Overhead";"Rigid";"PROG";"EUR/kWh";2040;"0.02";"Sensitivity | Removed policies | Removed diesel efficiency gains";"Electricity"
"OPEX";"Charging Infrastructure";"NL";"MCS Station (Public Charging) - Incl. Overhead";"Tractor-Trailer";"PROG";"EUR/kWh";2040;"0.02";"Sensitivity | Removed policies | Removed diesel efficiency gains";"Electricity"
"OPEX";"Charging Infrastructure";"PL";"MCS Station (Public Charging) - Incl. Overhead";"Rigid";"PROG";"EUR/kWh";2040;"0.02";"Sensitivity | Removed policies | Removed diesel efficiency gains";"Electricity"
"OPEX";"Charging Infrastructure";"PL";"MCS Station (Public Charging) - Incl. Overhead";"Tractor-Trailer";"PROG";"EUR/kWh";2040;"0.02";"Sensitivity | Removed policies | Removed diesel efficiency gains";"Electricity"
"OPEX";"Charging Infrastructure";"UK";"MCS Station (Public Charging) - Incl. Overhead";"Rigid";"PROG";"EUR/kWh";2040;"0.02";"Sensitivity | Removed policies | Removed diesel efficiency gains";"Electricity"
"OPEX";"Charging Infrastructure";"UK";"MCS Station (Public Charging) - Incl. Overhead";"Tractor-Trailer";"PROG";"EUR/kWh";2040;"0.02";"Sensitivity | Removed policies | Removed diesel efficiency gains";"Electricity"
"OPEX";"Charging Infrastructure";"DE";"Share MCS-Charging";"Rigid";"PROG";"%";2040;"0.2";"Sensitivity | Removed policies | Removed diesel efficiency gains";"Electricity"
"OPEX";"Charging Infrastructure";"DE";"Share MCS-Charging";"Tractor-Trailer";"PROG";"%";2040;"0.2";"Sensitivity | Removed policies | Removed diesel efficiency gains";"Electricity"
"OPEX";"Charging Infrastructure";"ES";"Share MCS-Charging";"Rigid";"PROG";"%";2040;"0.2";"Sensitivity | Removed policies | Removed diesel efficiency gains";"Electricity"
"OPEX";"Charging Infrastructure";"ES";"Share MCS-Charging";"Tractor-Trailer";"PROG";"%";2040;"0.2";"Sensitivity | Removed policies | Removed diesel efficiency gains";"Electricity"
"OPEX";"Charging Infrastructure";"FR";"Share MCS-Charging";"Rigid";"PROG";"%";2040;"0.2";"Sensitivity | Removed policies | Removed diesel efficiency gains";"Electricity"
"OPEX";"Charging Infrastructure";"FR";"Share MCS-Charging";"Tractor-Trailer";"PROG";"%";2040;"0.2";"Sensitivity | Removed policies | Removed diesel efficiency gains";"Electricity"
"OPEX";"Charging Infrastructure";"IT";"Share MCS-Charging";"Rigid";"PROG";"%";2040;"0.2";"Sensitivity | Removed policies | Removed diesel efficiency gains";"Electricity"
"OPEX";"Charging Infrastructure";"IT";"Share MCS-Charging";"Tractor-Trailer";"PROG";"%";2040;"0.2";"Sensitivity | Removed policies | Removed diesel efficiency gains";"Electricity"
"OPEX";"Charging Infrastructure";"NL";"Share MCS-Charging";"Rigid";"PROG";"%";2040;"0.2";"Sensitivity | Removed policies | Removed diesel efficiency gains";"Electricity"
"OPEX";"Charging Infrastructure";"NL";"Share MCS-Charging";"Tractor-Trailer";"PROG";"%";2040;"0.2";"Sensitivity | Removed policies | Removed diesel efficiency gains";"Electricity"
"OPEX";"Charging Infrastructure";"PL";"Share MCS-Charging";"Rigid";"PROG";"%";2040;"0.2";"Sensitivity | Removed policies | Removed diesel efficiency gains";"Electricity"
"OPEX";"Charging Infrastructure";"PL";"Share MCS-Charging";"Tractor-Trailer";"PROG";"%";2040;"0.2";"Sensitivity | Removed policies | Removed diesel efficiency gains";"Electricity"
"OPEX";"Charging Infrastructure";"UK";"Share MCS-Charging";"Rigid";"PROG";"%";2040;"0.2";"Sensitivity | Removed policies | Removed diesel efficiency gains";"Electricity"
"OPEX";"Charging Infrastructure";"UK";"Share MCS-Charging";"Tractor-Trailer";"PROG";"%";2040;"0.2";"Sensitivity | Removed policies | Removed diesel efficiency gains";"Electricity"
"OPEX";"Charging Infrastructure";"DE";"Depot - Network fees savings potential";"Rigid";"PROG";"EUR/kWh";2040;"-0.01";"Sensitivity | Removed policies | Removed diesel efficiency gains";"Electricity"
"OPEX";"Charging Infrastructure";"DE";"Depot - Network fees savings potential";"Tractor-Trailer";"PROG";"EUR/kWh";2040;"-0.01";"Sensitivity | Removed policies | Removed diesel efficiency gains";"Electricity"
"OPEX";"Charging Infrastructure";"ES";"Depot - Network fees savings potential";"Rigid";"PROG";"EUR/kWh";2040;"-0.01";"Sensitivity | Removed policies | Removed diesel efficiency gains";"Electricity"
"OPEX";"Charging Infrastructure";"ES";"Depot - Network fees savings potential";"Tractor-Trailer";"PROG";"EUR/kWh";2040;"-0.01";"Sensitivity | Removed policies | Removed diesel efficiency gains";"Electricity"
"OPEX";"Charging Infrastructure";"FR";"Depot - Network fees savings potential";"Rigid";"PROG";"EUR/kWh";2040;"-0.01";"Sensitivity | Removed policies | Removed diesel efficiency gains";"Electricity"
"OPEX";"Charging Infrastructure";"FR";"Depot - Network fees savings potential";"Tractor-Trailer";"PROG";"EUR/kWh";2040;"-0.01";"Sensitivity | Removed policies | Removed diesel efficiency gains";"Electricity"
"OPEX";"Charging Infrastructure";"IT";"Depot - Network fees savings potential";"Rigid";"PROG";"EUR/kWh";2040;"-0.01";"Sensitivity | Removed policies | Removed diesel efficiency gains";"Electricity"
"OPEX";"Charging Infrastructure";"IT";"Depot - Network fees savings potential";"Tractor-Trailer";"PROG";"EUR/kWh";2040;"-0.01";"Sensitivity | Removed policies | Removed diesel efficiency gains";"Electricity"
"OPEX";"Charging Infrastructure";"NL";"Depot - Network fees savings potential";"Rigid";"PROG";"EUR/kWh";2040;"-0.01";"Sensitivity | Removed policies | Removed diesel efficiency gains";"Electricity"
"OPEX";"Charging Infrastructure";"NL";"Depot - Network fees savings potential";"Tractor-Trailer";"PROG";"EUR/kWh";2040;"-0.01";"Sensitivity | Removed policies | Removed diesel efficiency gains";"Electricity"
"OPEX";"Charging Infrastructure";"PL";"Depot - Network fees savings potential";"Rigid";"PROG";"EUR/kWh";2040;"-0.01";"Sensitivity | Removed policies | Removed diesel efficiency gains";"Electricity"
"OPEX";"Charging Infrastructure";"PL";"Depot - Network fees savings potential";"Tractor-Trailer";"PROG";"EUR/kWh";2040;"-0.01";"Sensitivity | Removed policies | Removed diesel efficiency gains";"Electricity"
"OPEX";"Charging Infrastructure";"UK";"Depot - Network fees savings potential";"Rigid";"PROG";"EUR/kWh";2040;"-0.01";"Sensitivity | Removed policies | Removed diesel efficiency gains";"Electricity"
"OPEX";"Charging Infrastructure";"UK";"Depot - Network fees savings potential";"Tractor-Trailer";"PROG";"EUR/kWh";2040;"-0.01";"Sensitivity | Removed policies | Removed diesel efficiency gains";"Electricity"
"OPEX";"Taxes";"DE";"Tax reduction";"Rigid";"PROG";"%";2040;"0";"Sensitivity | Removed policies | Removed diesel efficiency gains";"Hydrogen"
"OPEX";"Taxes";"DE";"Tax reduction";"Tractor-Trailer";"PROG";"%";2040;"0";"Sensitivity | Removed policies | Removed diesel efficiency gains";"Hydrogen"
"OPEX";"Taxes";"ES";"Tax reduction";"Rigid";"PROG";"%";2040;"0";"Sensitivity | Removed policies | Removed diesel efficiency gains";"Hydrogen"
"OPEX";"Taxes";"ES";"Tax reduction";"Tractor-Trailer";"PROG";"%";2040;"0";"Sensitivity | Removed policies | Removed diesel efficiency gains";"Hydrogen"
"OPEX";"Taxes";"FR";"Tax reduction";"Rigid";"PROG";"%";2040;"0";"Sensitivity | Removed policies | Removed diesel efficiency gains";"Hydrogen"
"OPEX";"Taxes";"FR";"Tax reduction";"Tractor-Trailer";"PROG";"%";2040;"0";"Sensitivity | Removed policies | Removed diesel efficiency gains";"Hydrogen"
"OPEX";"Taxes";"IT";"Tax reduction";"Rigid";"PROG";"%";2040;"0";"Sensitivity | Removed policies | Removed diesel efficiency gains";"Hydrogen"
"OPEX";"Taxes";"IT";"Tax reduction";"Tractor-Trailer";"PROG";"%";2040;"0";"Sensitivity | Removed policies | Removed diesel efficiency gains";"Hydrogen"
"OPEX";"Taxes";"NL";"Tax reduction";"Rigid";"PROG";"%";2040;"0";"Sensitivity | Removed policies | Removed diesel efficiency gains";"Hydrogen"
"OPEX";"Taxes";"NL";"Tax reduction";"Tractor-Trailer";"PROG";"%";2040;"0";"Sensitivity | Removed policies | Removed diesel efficiency gains";"Hydrogen"
"OPEX";"Taxes";"PL";"Tax reduction";"Rigid";"PROG";"%";2040;"0";"Sensitivity | Removed policies | Removed diesel efficiency gains";"Hydrogen"
"OPEX";"Taxes";"PL";"Tax reduction";"Tractor-Trailer";"PROG";"%";2040;"0";"Sensitivity | Removed policies | Removed diesel efficiency gains";"Hydrogen"
"OPEX";"Taxes";"UK";"Tax reduction";"Rigid";"PROG";"%";2040;"0";"Sensitivity | Removed policies | Removed diesel efficiency gains";"Hydrogen"
"OPEX";"Taxes";"UK";"Tax reduction";"Tractor-Trailer";"PROG";"%";2040;"0";"Sensitivity | Removed policies | Removed diesel efficiency gains";"Hydrogen"
"OPEX";"Taxes";"DE";"Excise Duty - Diesel";"Rigid";"BAU";"EUR/kWh";2040;"0.047";"Sensitivity | Removed policies | Removed diesel efficiency gains";"Diesel"
"OPEX";"Taxes";"DE";"Excise Duty - Diesel";"Tractor-Trailer";"BAU";"EUR/kWh";2040;"0.047";"Sensitivity | Removed policies | Removed diesel efficiency gains";"Diesel"
"OPEX";"Taxes";"DE";"Excise Duty - Diesel";"Rigid";"PROG";"EUR/kWh";2040;"0.047";"Sensitivity | Removed policies | Removed diesel efficiency gains";"Diesel"
"OPEX";"Taxes";"DE";"Excise Duty - Diesel";"Tractor-Trailer";"PROG";"EUR/kWh";2040;"0.047";"Sensitivity | Removed policies | Removed diesel efficiency gains";"Diesel"
"OPEX";"Taxes";"ES";"Excise Duty - Diesel";"Rigid";"BAU";"EUR/kWh";2040;"0.038";"Sensitivity | Removed policies | Removed diesel efficiency gains";"Diesel"
"OPEX";"Taxes";"ES";"Excise Duty - Diesel";"Tractor-Trailer";"BAU";"EUR/kWh";2040;"0.038";"Sensitivity | Removed policies | Removed diesel efficiency gains";"Diesel"
"OPEX";"Taxes";"ES";"Excise Duty - Diesel";"Rigid";"PROG";"EUR/kWh";2040;"0.038";"Sensitivity | Removed policies | Removed diesel efficiency gains";"Diesel"
"OPEX";"Taxes";"ES";"Excise Duty - Diesel";"Tractor-Trailer";"PROG";"EUR/kWh";2040;"0.038";"Sensitivity | Removed policies | Removed diesel efficiency gains";"Diesel"
"OPEX";"Taxes";"FR";"Excise Duty - Diesel";"Rigid";"BAU";"EUR/kWh";2040;"0.06";"Sensitivity | Removed policies | Removed diesel efficiency gains";"Diesel"
"OPEX";"Taxes";"FR";"Excise Duty - Diesel";"Tractor-Trailer";"BAU";"EUR/kWh";2040;"0.06";"Sensitivity | Removed policies | Removed diesel efficiency gains";"Diesel"
"OPEX";"Taxes";"FR";"Excise Duty - Diesel";"Rigid";"PROG";"EUR/kWh";2040;"0.06";"Sensitivity | Removed policies | Removed diesel efficiency gains";"Diesel"
"OPEX";"Taxes";"FR";"Excise Duty - Diesel";"Tractor-Trailer";"PROG";"EUR/kWh";2040;"0.06";"Sensitivity | Removed policies | Removed diesel efficiency gains";"Diesel"
"OPEX";"Taxes";"IT";"Excise Duty - Diesel";"Rigid";"BAU";"EUR/kWh";2040;"0.062";"Sensitivity | Removed policies | Removed diesel efficiency gains";"Diesel"
"OPEX";"Taxes";"IT";"Excise Duty - Diesel";"Tractor-Trailer";"BAU";"EUR/kWh";2040;"0.062";"Sensitivity | Removed policies | Removed diesel efficiency gains";"Diesel"
"OPEX";"Taxes";"IT";"Excise Duty - Diesel";"Rigid";"PROG";"EUR/kWh";2040;"0.062";"Sensitivity | Removed policies | Removed diesel efficiency gains";"Diesel"
"OPEX";"Taxes";"IT";"Excise Duty - Diesel";"Tractor-Trailer";"PROG";"EUR/kWh";2040;"0.062";"Sensitivity | Removed policies | Removed diesel efficiency gains";"Diesel"
"OPEX";"Taxes";"NL";"Excise Duty - Diesel";"Rigid";"BAU";"EUR/kWh";2040;"0.053";"Sensitivity | Removed policies | Removed diesel efficiency gains";"Diesel"
"OPEX";"Taxes";"NL";"Excise Duty - Diesel";"Tractor-Trailer";"BAU";"EUR/kWh";2040;"0.053";"Sensitivity | Removed policies | Removed diesel efficiency gains";"Diesel"
"OPEX";"Taxes";"NL";"Excise Duty - Diesel";"Rigid";"PROG";"EUR/kWh";2040;"0.053";"Sensitivity | Removed policies | Removed diesel efficiency gains";"Diesel"
"OPEX";"Taxes";"NL";"Excise Duty - Diesel";"Tractor-Trailer";"PROG";"EUR/kWh";2040;"0.053";"Sensitivity | Removed policies | Removed diesel efficiency gains";"Diesel"
"OPEX";"Taxes";"PL";"Excise Duty - Diesel";"Rigid";"BAU";"EUR/kWh";2040;"0.033";"Sensitivity | Removed policies | Removed diesel efficiency gains";"Diesel"
"OPEX";"Taxes";"PL";"Excise Duty - Diesel";"Tractor-Trailer";"BAU";"EUR/kWh";2040;"0.033";"Sensitivity | Removed policies | Removed diesel efficiency gains";"Diesel"
"OPEX";"Taxes";"PL";"Excise Duty - Diesel";"Rigid";"PROG";"EUR/kWh";2040;"0.033";"Sensitivity | Removed policies | Removed diesel efficiency gains";"Diesel"
"OPEX";"Taxes";"PL";"Excise Duty - Diesel";"Tractor-Trailer";"PROG";"EUR/kWh";2040;"0.033";"Sensitivity | Removed policies | Removed diesel efficiency gains";"Diesel"
"OPEX";"Taxes";"UK";"Excise Duty - Diesel";"Rigid";"BAU";"EUR/kWh";2040;"0.053";"Sensitivity | Removed policies | Removed diesel efficiency gains";"Diesel"
"OPEX";"Taxes";"UK";"Excise Duty - Diesel";"Tractor-Trailer";"BAU";"EUR/kWh";2040;"0.053";"Sensitivity | Removed policies | Removed diesel efficiency gains";"Diesel"
"OPEX";"Taxes";"UK";"Excise Duty - Diesel";"Rigid";"PROG";"EUR/kWh";2040;"0.053";"Sensitivity | Removed policies | Removed diesel efficiency gains";"Diesel"
"OPEX";"Taxes";"UK";"Excise Duty - Diesel";"Tractor-Trailer";"PROG";"EUR/kWh";2040;"0.053";"Sensitivity | Removed policies | Removed diesel efficiency gains";"Diesel"
"OPEX";"Taxes";"DE";"Excise Duty - Reduction biodiesel";"Rigid";"BAU";"%";2040;"0.5";"Sensitivity | Removed policies | Removed diesel efficiency gains";"Diesel"
"OPEX";"Taxes";"DE";"Excise Duty - Reduction biodiesel";"Tractor-Trailer";"BAU";"%";2040;"0.5";"Sensitivity | Removed policies | Removed diesel efficiency gains";"Diesel"
"OPEX";"Taxes";"DE";"Excise Duty - Reduction biodiesel";"Rigid";"PROG";"%";2040;"0.5";"Sensitivity | Removed policies | Removed diesel efficiency gains";"Diesel"
"OPEX";"Taxes";"DE";"Excise Duty - Reduction biodiesel";"Tractor-Trailer";"PROG";"%";2040;"0.5";"Sensitivity | Removed policies | Removed diesel efficiency gains";"Diesel"
"OPEX";"Taxes";"ES";"Excise Duty - Reduction biodiesel";"Rigid";"BAU";"%";2040;"0.5";"Sensitivity | Removed policies | Removed diesel efficiency gains";"Diesel"
"OPEX";"Taxes";"ES";"Excise Duty - Reduction biodiesel";"Tractor-Trailer";"BAU";"%";2040;"0.5";"Sensitivity | Removed policies | Removed diesel efficiency gains";"Diesel"
"OPEX";"Taxes";"ES";"Excise Duty - Reduction biodiesel";"Rigid";"PROG";"%";2040;"0.5";"Sensitivity | Removed policies | Removed diesel efficiency gains";"Diesel"
"OPEX";"Taxes";"ES";"Excise Duty - Reduction biodiesel";"Tractor-Trailer";"PROG";"%";2040;"0.5";"Sensitivity | Removed policies | Removed diesel efficiency gains";"Diesel"
"OPEX";"Taxes";"FR";"Excise Duty - Reduction biodiesel";"Rigid";"BAU";"%";2040;"0.5";"Sensitivity | Removed policies | Removed diesel efficiency gains";"Diesel"
"OPEX";"Taxes";"FR";"Excise Duty - Reduction biodiesel";"Tractor-Trailer";"BAU";"%";2040;"0.5";"Sensitivity | Removed policies | Removed diesel efficiency gains";"Diesel"
"OPEX";"Taxes";"FR";"Excise Duty - Reduction biodiesel";"Rigid";"PROG";"%";2040;"0.5";"Sensitivity | Removed policies | Removed diesel efficiency gains";"Diesel"
"OPEX";"Taxes";"FR";"Excise Duty - Reduction biodiesel";"Tractor-Trailer";"PROG";"%";2040;"0.5";"Sensitivity | Removed policies | Removed diesel efficiency gains";"Diesel"
"OPEX";"Taxes";"IT";"Excise Duty - Reduction biodiesel";"Rigid";"BAU";"%";2040;"0.5";"Sensitivity | Removed policies | Removed diesel efficiency gains";"Diesel"
"OPEX";"Taxes";"IT";"Excise Duty - Reduction biodiesel";"Tractor-Trailer";"BAU";"%";2040;"0.5";"Sensitivity | Removed policies | Removed diesel efficiency gains";"Diesel"
"OPEX";"Taxes";"IT";"Excise Duty - Reduction biodiesel";"Rigid";"PROG";"%";2040;"0.5";"Sensitivity | Removed policies | Removed diesel efficiency gains";"Diesel"
"OPEX";"Taxes";"IT";"Excise Duty - Reduction biodiesel";"Tractor-Trailer";"PROG";"%";2040;"0.5";"Sensitivity | Removed policies | Removed diesel efficiency gains";"Diesel"
"OPEX";"Taxes";"NL";"Excise Duty - Reduction biodiesel";"Rigid";"BAU";"%";2040;"0.5";"Sensitivity | Removed policies | Removed diesel efficiency gains";"Diesel"
"OPEX";"Taxes";"NL";"Excise Duty - Reduction biodiesel";"Tractor-Trailer";"BAU";"%";2040;"0.5";"Sensitivity | Removed policies | Removed diesel efficiency gains";"Diesel"
"OPEX";"Taxes";"NL";"Excise Duty - Reduction biodiesel";"Rigid";"PROG";"%";2040;"0.5";"Sensitivity | Removed policies | Removed diesel efficiency gains";"Diesel"
"OPEX";"Taxes";"NL";"Excise Duty - Reduction biodiesel";"Tractor-Trailer";"PROG";"%";2040;"0.5";"Sensitivity | Removed policies | Removed diesel efficiency gains";"Diesel"
"OPEX";"Taxes";"PL";"Excise Duty - Reduction biodiesel";"Rigid";"BAU";"%";2040;"0.5";"Sensitivity | Removed policies | Removed diesel efficiency gains";"Diesel"
"OPEX";"Taxes";"PL";"Excise Duty - Reduction biodiesel";"Tractor-Trailer";"BAU";"%";2040;"0.5";"Sensitivity | Removed policies | Removed diesel efficiency gains";"Diesel"
"OPEX";"Taxes";"PL";"Excise Duty - Reduction biodiesel";"Rigid";"PROG";"%";2040;"0.5";"Sensitivity | Removed policies | Removed diesel efficiency gains";"Diesel"
"OPEX";"Taxes";"PL";"Excise Duty - Reduction biodiesel";"Tractor-Trailer";"PROG";"%";2040;"0.5";"Sensitivity | Removed policies | Removed diesel efficiency gains";"Diesel"
"OPEX";"Taxes";"UK";"Excise Duty - Reduction biodiesel";"Rigid";"BAU";"%";2040;"0.5";"Sensitivity | Removed policies | Removed diesel efficiency gains";"Diesel"
"OPEX";"Taxes";"UK";"Excise Duty - Reduction biodiesel";"Tractor-Trailer";"BAU";"%";2040;"0.5";"Sensitivity | Removed policies | Removed diesel efficiency gains";"Diesel"
"OPEX";"Taxes";"UK";"Excise Duty - Reduction biodiesel";"Rigid";"PROG";"%";2040;"0.5";"Sensitivity | Removed policies | Removed diesel efficiency gains";"Diesel"
"OPEX";"Taxes";"UK";"Excise Duty - Reduction biodiesel";"Tractor-Trailer";"PROG";"%";2040;"0.5";"Sensitivity | Removed policies | Removed diesel efficiency gains";"Diesel"
"OPEX";"Taxes";"DE";"Excise Duty - Reduction Synthetic Diesel (E-Fuels)";"Rigid";"BAU";"%";2040;"0.5";"Sensitivity | Removed policies | Removed diesel efficiency gains";"Diesel"
"OPEX";"Taxes";"DE";"Excise Duty - Reduction Synthetic Diesel (E-Fuels)";"Tractor-Trailer";"BAU";"%";2040;"0.5";"Sensitivity | Removed policies | Removed diesel efficiency gains";"Diesel"
"OPEX";"Taxes";"DE";"Excise Duty - Reduction Synthetic Diesel (E-Fuels)";"Rigid";"PROG";"%";2040;"0.5";"Sensitivity | Removed policies | Removed diesel efficiency gains";"Diesel"
"OPEX";"Taxes";"DE";"Excise Duty - Reduction Synthetic Diesel (E-Fuels)";"Tractor-Trailer";"PROG";"%";2040;"0.5";"Sensitivity | Removed policies | Removed diesel efficiency gains";"Diesel"
"OPEX";"Taxes";"ES";"Excise Duty - Reduction Synthetic Diesel (E-Fuels)";"Rigid";"BAU";"%";2040;"0.5";"Sensitivity | Removed policies | Removed diesel efficiency gains";"Diesel"
"OPEX";"Taxes";"ES";"Excise Duty - Reduction Synthetic Diesel (E-Fuels)";"Tractor-Trailer";"BAU";"%";2040;"0.5";"Sensitivity | Removed policies | Removed diesel efficiency gains";"Diesel"
"OPEX";"Taxes";"ES";"Excise Duty - Reduction Synthetic Diesel (E-Fuels)";"Rigid";"PROG";"%";2040;"0.5";"Sensitivity | Removed policies | Removed diesel efficiency gains";"Diesel"
"OPEX";"Taxes";"ES";"Excise Duty - Reduction Synthetic Diesel (E-Fuels)";"Tractor-Trailer";"PROG";"%";2040;"0.5";"Sensitivity | Removed policies | Removed diesel efficiency gains";"Diesel"
"OPEX";"Taxes";"FR";"Excise Duty - Reduction Synthetic Diesel (E-Fuels)";"Rigid";"BAU";"%";2040;"0.5";"Sensitivity | Removed policies | Removed diesel efficiency gains";"Diesel"
"OPEX";"Taxes";"FR";"Excise Duty - Reduction Synthetic Diesel (E-Fuels)";"Tractor-Trailer";"BAU";"%";2040;"0.5";"Sensitivity | Removed policies | Removed diesel efficiency gains";"Diesel"
"OPEX";"Taxes";"FR";"Excise Duty - Reduction Synthetic Diesel (E-Fuels)";"Rigid";"PROG";"%";2040;"0.5";"Sensitivity | Removed policies | Removed diesel efficiency gains";"Diesel"
"OPEX";"Taxes";"FR";"Excise Duty - Reduction Synthetic Diesel (E-Fuels)";"Tractor-Trailer";"PROG";"%";2040;"0.5";"Sensitivity | Removed policies | Removed diesel efficiency gains";"Diesel"
"OPEX";"Taxes";"IT";"Excise Duty - Reduction Synthetic Diesel (E-Fuels)";"Rigid";"BAU";"%";2040;"0.5";"Sensitivity | Removed policies | Removed diesel efficiency gains";"Diesel"
"OPEX";"Taxes";"IT";"Excise Duty - Reduction Synthetic Diesel (E-Fuels)";"Tractor-Trailer";"BAU";"%";2040;"0.5";"Sensitivity | Removed policies | Removed diesel efficiency gains";"Diesel"
"OPEX";"Taxes";"IT";"Excise Duty - Reduction Synthetic Diesel (E-Fuels)";"Rigid";"PROG";"%";2040;"0.5";"Sensitivity | Removed policies | Removed diesel efficiency gains";"Diesel"
"OPEX";"Taxes";"IT";"Excise Duty - Reduction Synthetic Diesel (E-Fuels)";"Tractor-Trailer";"PROG";"%";2040;"0.5";"Sensitivity | Removed policies | Removed diesel efficiency gains";"Diesel"
"OPEX";"Taxes";"NL";"Excise Duty - Reduction Synthetic Diesel (E-Fuels)";"Rigid";"BAU";"%";2040;"0.5";"Sensitivity | Removed policies | Removed diesel efficiency gains";"Diesel"
"OPEX";"Taxes";"NL";"Excise Duty - Reduction Synthetic Diesel (E-Fuels)";"Tractor-Trailer";"BAU";"%";2040;"0.5";"Sensitivity | Removed policies | Removed diesel efficiency gains";"Diesel"
"OPEX";"Taxes";"NL";"Excise Duty - Reduction Synthetic Diesel (E-Fuels)";"Rigid";"PROG";"%";2040;"0.5";"Sensitivity | Removed policies | Removed diesel efficiency gains";"Diesel"
"OPEX";"Taxes";"NL";"Excise Duty - Reduction Synthetic Diesel (E-Fuels)";"Tractor-Trailer";"PROG";"%";2040;"0.5";"Sensitivity | Removed policies | Removed diesel efficiency gains";"Diesel"
"OPEX";"Taxes";"PL";"Excise Duty - Reduction Synthetic Diesel (E-Fuels)";"Rigid";"BAU";"%";2040;"0.5";"Sensitivity | Removed policies | Removed diesel efficiency gains";"Diesel"
"OPEX";"Taxes";"PL";"Excise Duty - Reduction Synthetic Diesel (E-Fuels)";"Tractor-Trailer";"BAU";"%";2040;"0.5";"Sensitivity | Removed policies | Removed diesel efficiency gains";"Diesel"
"OPEX";"Taxes";"PL";"Excise Duty - Reduction Synthetic Diesel (E-Fuels)";"Rigid";"PROG";"%";2040;"0.5";"Sensitivity | Removed policies | Removed diesel efficiency gains";"Diesel"
"OPEX";"Taxes";"PL";"Excise Duty - Reduction Synthetic Diesel (E-Fuels)";"Tractor-Trailer";"PROG";"%";2040;"0.5";"Sensitivity | Removed policies | Removed diesel efficiency gains";"Diesel"
"OPEX";"Taxes";"UK";"Excise Duty - Reduction Synthetic Diesel (E-Fuels)";"Rigid";"BAU";"%";2040;"0.5";"Sensitivity | Removed policies | Removed diesel efficiency gains";"Diesel"
"OPEX";"Taxes";"UK";"Excise Duty - Reduction Synthetic Diesel (E-Fuels)";"Tractor-Trailer";"BAU";"%";2040;"0.5";"Sensitivity | Removed policies | Removed diesel efficiency gains";"Diesel"
"OPEX";"Taxes";"UK";"Excise Duty - Reduction Synthetic Diesel (E-Fuels)";"Rigid";"PROG";"%";2040;"0.5";"Sensitivity | Removed policies | Removed diesel efficiency gains";"Diesel"
"OPEX";"Taxes";"UK";"Excise Duty - Reduction Synthetic Diesel (E-Fuels)";"Tractor-Trailer";"PROG";"%";2040;"0.5";"Sensitivity | Removed policies | Removed diesel efficiency gains";"Diesel"
"OPEX";"Taxes";"DE";"Taxes, Fees, Levies and charges - H2";"Rigid";"BAU";"EUR/kWh";2040;"0.015";"Sensitivity | Removed policies | Removed diesel efficiency gains";"Hydrogen"
"OPEX";"Taxes";"DE";"Taxes, Fees, Levies and charges - H2";"Tractor-Trailer";"BAU";"EUR/kWh";2040;"0.015";"Sensitivity | Removed policies | Removed diesel efficiency gains";"Hydrogen"
"OPEX";"Taxes";"DE";"Taxes, Fees, Levies and charges - H2";"Rigid";"PROG";"EUR/kWh";2040;"0.015";"Sensitivity | Removed policies | Removed diesel efficiency gains";"Hydrogen"
"OPEX";"Taxes";"DE";"Taxes, Fees, Levies and charges - H2";"Tractor-Trailer";"PROG";"EUR/kWh";2040;"0.015";"Sensitivity | Removed policies | Removed diesel efficiency gains";"Hydrogen"
"OPEX";"Taxes";"ES";"Taxes, Fees, Levies and charges - H2";"Rigid";"BAU";"EUR/kWh";2040;"0.008";"Sensitivity | Removed policies | Removed diesel efficiency gains";"Hydrogen"
"OPEX";"Taxes";"ES";"Taxes, Fees, Levies and charges - H2";"Tractor-Trailer";"BAU";"EUR/kWh";2040;"0.008";"Sensitivity | Removed policies | Removed diesel efficiency gains";"Hydrogen"
"OPEX";"Taxes";"ES";"Taxes, Fees, Levies and charges - H2";"Rigid";"PROG";"EUR/kWh";2040;"0.008";"Sensitivity | Removed policies | Removed diesel efficiency gains";"Hydrogen"
"OPEX";"Taxes";"ES";"Taxes, Fees, Levies and charges - H2";"Tractor-Trailer";"PROG";"EUR/kWh";2040;"0.008";"Sensitivity | Removed policies | Removed diesel efficiency gains";"Hydrogen"
"OPEX";"Taxes";"FR";"Taxes, Fees, Levies and charges - H2";"Rigid";"BAU";"EUR/kWh";2040;"0.012";"Sensitivity | Removed policies | Removed diesel efficiency gains";"Hydrogen"
"OPEX";"Taxes";"FR";"Taxes, Fees, Levies and charges - H2";"Tractor-Trailer";"BAU";"EUR/kWh";2040;"0.012";"Sensitivity | Removed policies | Removed diesel efficiency gains";"Hydrogen"
"OPEX";"Taxes";"FR";"Taxes, Fees, Levies and charges - H2";"Rigid";"PROG";"EUR/kWh";2040;"0.012";"Sensitivity | Removed policies | Removed diesel efficiency gains";"Hydrogen"
"OPEX";"Taxes";"FR";"Taxes, Fees, Levies and charges - H2";"Tractor-Trailer";"PROG";"EUR/kWh";2040;"0.012";"Sensitivity | Removed policies | Removed diesel efficiency gains";"Hydrogen"
"OPEX";"Taxes";"IT";"Taxes, Fees, Levies and charges - H2";"Rigid";"BAU";"EUR/kWh";2040;"0.009";"Sensitivity | Removed policies | Removed diesel efficiency gains";"Hydrogen"
"OPEX";"Taxes";"IT";"Taxes, Fees, Levies and charges - H2";"Tractor-Trailer";"BAU";"EUR/kWh";2040;"0.009";"Sensitivity | Removed policies | Removed diesel efficiency gains";"Hydrogen"
"OPEX";"Taxes";"IT";"Taxes, Fees, Levies and charges - H2";"Rigid";"PROG";"EUR/kWh";2040;"0.009";"Sensitivity | Removed policies | Removed diesel efficiency gains";"Hydrogen"
"OPEX";"Taxes";"IT";"Taxes, Fees, Levies and charges - H2";"Tractor-Trailer";"PROG";"EUR/kWh";2040;"0.009";"Sensitivity | Removed policies | Removed diesel efficiency gains";"Hydrogen"
"OPEX";"Taxes";"NL";"Taxes, Fees, Levies and charges - H2";"Rigid";"BAU";"EUR/kWh";2040;"0.024";"Sensitivity | Removed policies | Removed diesel efficiency gains";"Hydrogen"
"OPEX";"Taxes";"NL";"Taxes, Fees, Levies and charges - H2";"Tractor-Trailer";"BAU";"EUR/kWh";2040;"0.024";"Sensitivity | Removed policies | Removed diesel efficiency gains";"Hydrogen"
"OPEX";"Taxes";"NL";"Taxes, Fees, Levies and charges - H2";"Rigid";"PROG";"EUR/kWh";2040;"0.024";"Sensitivity | Removed policies | Removed diesel efficiency gains";"Hydrogen"
"OPEX";"Taxes";"NL";"Taxes, Fees, Levies and charges - H2";"Tractor-Trailer";"PROG";"EUR/kWh";2040;"0.024";"Sensitivity | Removed policies | Removed diesel efficiency gains";"Hydrogen"
"OPEX";"Taxes";"PL";"Taxes, Fees, Levies and charges - H2";"Rigid";"BAU";"EUR/kWh";2040;"0.009";"Sensitivity | Removed policies | Removed diesel efficiency gains";"Hydrogen"
"OPEX";"Taxes";"PL";"Taxes, Fees, Levies and charges - H2";"Tractor-Trailer";"BAU";"EUR/kWh";2040;"0.009";"Sensitivity | Removed policies | Removed diesel efficiency gains";"Hydrogen"
"OPEX";"Taxes";"PL";"Taxes, Fees, Levies and charges - H2";"Rigid";"PROG";"EUR/kWh";2040;"0.009";"Sensitivity | Removed policies | Removed diesel efficiency gains";"Hydrogen"
"OPEX";"Taxes";"PL";"Taxes, Fees, Levies and charges - H2";"Tractor-Trailer";"PROG";"EUR/kWh";2040;"0.009";"Sensitivity | Removed policies | Removed diesel efficiency gains";"Hydrogen"
"OPEX";"Taxes";"UK";"Taxes, Fees, Levies and charges - H2";"Rigid";"BAU";"EUR/kWh";2040;"0.006";"Sensitivity | Removed policies | Removed diesel efficiency gains";"Hydrogen"
"OPEX";"Taxes";"UK";"Taxes, Fees, Levies and charges - H2";"Tractor-Trailer";"BAU";"EUR/kWh";2040;"0.006";"Sensitivity | Removed policies | Removed diesel efficiency gains";"Hydrogen"
"OPEX";"Taxes";"UK";"Taxes, Fees, Levies and charges - H2";"Rigid";"PROG";"EUR/kWh";2040;"0.006";"Sensitivity | Removed policies | Removed diesel efficiency gains";"Hydrogen"
"OPEX";"Taxes";"UK";"Taxes, Fees, Levies and charges - H2";"Tractor-Trailer";"PROG";"EUR/kWh";2040;"0.006";"Sensitivity | Removed policies | Removed diesel efficiency gains";"Hydrogen"
"OPEX";"Charging Infrastructure";"DE";"MCS grid extension";"Rigid";"PROG";"EUR/kWh";2040;"0.055";"Sensitivity | Removed policies | Removed diesel efficiency gains";"Electricity"
"OPEX";"Charging Infrastructure";"DE";"MCS grid extension";"Tractor-Trailer";"PROG";"EUR/kWh";2040;"0.055";"Sensitivity | Removed policies | Removed diesel efficiency gains";"Electricity"
"OPEX";"Charging Infrastructure";"DE";"MCS grid extension";"Rigid";"BAU";"EUR/kWh";2040;"0.055";"Sensitivity | Removed policies | Removed diesel efficiency gains";"Electricity"
"OPEX";"Charging Infrastructure";"DE";"MCS grid extension";"Tractor-Trailer";"BAU";"EUR/kWh";2040;"0.055";"Sensitivity | Removed policies | Removed diesel efficiency gains";"Electricity"
"OPEX";"Charging Infrastructure";"ES";"MCS grid extension";"Rigid";"PROG";"EUR/kWh";2040;"0.055";"Sensitivity | Removed policies | Removed diesel efficiency gains";"Electricity"
"OPEX";"Charging Infrastructure";"ES";"MCS grid extension";"Tractor-Trailer";"PROG";"EUR/kWh";2040;"0.055";"Sensitivity | Removed policies | Removed diesel efficiency gains";"Electricity"
"OPEX";"Charging Infrastructure";"ES";"MCS grid extension";"Rigid";"BAU";"EUR/kWh";2040;"0.055";"Sensitivity | Removed policies | Removed diesel efficiency gains";"Electricity"
"OPEX";"Charging Infrastructure";"ES";"MCS grid extension";"Tractor-Trailer";"BAU";"EUR/kWh";2040;"0.055";"Sensitivity | Removed policies | Removed diesel efficiency gains";"Electricity"
"OPEX";"Charging Infrastructure";"FR";"MCS grid extension";"Rigid";"PROG";"EUR/kWh";2040;"0.055";"Sensitivity | Removed policies | Removed diesel efficiency gains";"Electricity"
"OPEX";"Charging Infrastructure";"FR";"MCS grid extension";"Tractor-Trailer";"PROG";"EUR/kWh";2040;"0.055";"Sensitivity | Removed policies | Removed diesel efficiency gains";"Electricity"
"OPEX";"Charging Infrastructure";"FR";"MCS grid extension";"Rigid";"BAU";"EUR/kWh";2040;"0.055";"Sensitivity | Removed policies | Removed diesel efficiency gains";"Electricity"
"OPEX";"Charging Infrastructure";"FR";"MCS grid extension";"Tractor-Trailer";"BAU";"EUR/kWh";2040;"0.055";"Sensitivity | Removed policies | Removed diesel efficiency gains";"Electricity"
"OPEX";"Charging Infrastructure";"IT";"MCS grid extension";"Rigid";"PROG";"EUR/kWh";2040;"0.055";"Sensitivity | Removed policies | Removed diesel efficiency gains";"Electricity"
"OPEX";"Charging Infrastructure";"IT";"MCS grid extension";"Tractor-Trailer";"PROG";"EUR/kWh";2040;"0.055";"Sensitivity | Removed policies | Removed diesel efficiency gains";"Electricity"
"OPEX";"Charging Infrastructure";"IT";"MCS grid extension";"Rigid";"BAU";"EUR/kWh";2040;"0.055";"Sensitivity | Removed policies | Removed diesel efficiency gains";"Electricity"
"OPEX";"Charging Infrastructure";"IT";"MCS grid extension";"Tractor-Trailer";"BAU";"EUR/kWh";2040;"0.055";"Sensitivity | Removed policies | Removed diesel efficiency gains";"Electricity"
"OPEX";"Charging Infrastructure";"NL";"MCS grid extension";"Rigid";"PROG";"EUR/kWh";2040;"0.055";"Sensitivity | Removed policies | Removed diesel efficiency gains";"Electricity"
"OPEX";"Charging Infrastructure";"NL";"MCS grid extension";"Tractor-Trailer";"PROG";"EUR/kWh";2040;"0.055";"Sensitivity | Removed policies | Removed diesel efficiency gains";"Electricity"
"OPEX";"Charging Infrastructure";"NL";"MCS grid extension";"Rigid";"BAU";"EUR/kWh";2040;"0.055";"Sensitivity | Removed policies | Removed diesel efficiency gains";"Electricity"
"OPEX";"Charging Infrastructure";"NL";"MCS grid extension";"Tractor-Trailer";"BAU";"EUR/kWh";2040;"0.055";"Sensitivity | Removed policies | Removed diesel efficiency gains";"Electricity"
"OPEX";"Charging Infrastructure";"PL";"MCS grid extension";"Rigid";"PROG";"EUR/kWh";2040;"0.055";"Sensitivity | Removed policies | Removed diesel efficiency gains";"Electricity"
"OPEX";"Charging Infrastructure";"PL";"MCS grid extension";"Tractor-Trailer";"PROG";"EUR/kWh";2040;"0.055";"Sensitivity | Removed policies | Removed diesel efficiency gains";"Electricity"
"OPEX";"Charging Infrastructure";"PL";"MCS grid extension";"Rigid";"BAU";"EUR/kWh";2040;"0.055";"Sensitivity | Removed policies | Removed diesel efficiency gains";"Electricity"
"OPEX";"Charging Infrastructure";"PL";"MCS grid extension";"Tractor-Trailer";"BAU";"EUR/kWh";2040;"0.055";"Sensitivity | Removed policies | Removed diesel efficiency gains";"Electricity"
"OPEX";"Charging Infrastructure";"UK";"MCS grid extension";"Rigid";"PROG";"EUR/kWh";2040;"0.055";"Sensitivity | Removed policies | Removed diesel efficiency gains";"Electricity"
"OPEX";"Charging Infrastructure";"UK";"MCS grid extension";"Tractor-Trailer";"PROG";"EUR/kWh";2040;"0.055";"Sensitivity | Removed policies | Removed diesel efficiency gains";"Electricity"
"OPEX";"Charging Infrastructure";"UK";"MCS grid extension";"Rigid";"BAU";"EUR/kWh";2040;"0.055";"Sensitivity | Removed policies | Removed diesel efficiency gains";"Electricity"
"OPEX";"Charging Infrastructure";"UK";"MCS grid extension";"Tractor-Trailer";"BAU";"EUR/kWh";2040;"0.055";"Sensitivity | Removed policies | Removed diesel efficiency gains";"Electricity"
"OPEX";"Charging Infrastructure";"DE";"MCS Profit and Mark-Up";"Rigid";"PROG";"%";2040;"0.1";"Sensitivity | Removed policies | Removed diesel efficiency gains";"Electricity"
"OPEX";"Charging Infrastructure";"DE";"MCS Profit and Mark-Up";"Tractor-Trailer";"PROG";"%";2040;"0.1";"Sensitivity | Removed policies | Removed diesel efficiency gains";"Electricity"
"OPEX";"Charging Infrastructure";"DE";"MCS Profit and Mark-Up";"Rigid";"BAU";"%";2040;"0.1";"Sensitivity | Removed policies | Removed diesel efficiency gains";"Electricity"
"OPEX";"Charging Infrastructure";"DE";"MCS Profit and Mark-Up";"Tractor-Trailer";"BAU";"%";2040;"0.1";"Sensitivity | Removed policies | Removed diesel efficiency gains";"Electricity"
"OPEX";"Charging Infrastructure";"ES";"MCS Profit and Mark-Up";"Rigid";"PROG";"%";2040;"0.1";"Sensitivity | Removed policies | Removed diesel efficiency gains";"Electricity"
"OPEX";"Charging Infrastructure";"ES";"MCS Profit and Mark-Up";"Tractor-Trailer";"PROG";"%";2040;"0.1";"Sensitivity | Removed policies | Removed diesel efficiency gains";"Electricity"
"OPEX";"Charging Infrastructure";"ES";"MCS Profit and Mark-Up";"Rigid";"BAU";"%";2040;"0.1";"Sensitivity | Removed policies | Removed diesel efficiency gains";"Electricity"
"OPEX";"Charging Infrastructure";"ES";"MCS Profit and Mark-Up";"Tractor-Trailer";"BAU";"%";2040;"0.1";"Sensitivity | Removed policies | Removed diesel efficiency gains";"Electricity"
"OPEX";"Charging Infrastructure";"FR";"MCS Profit and Mark-Up";"Rigid";"PROG";"%";2040;"0.1";"Sensitivity | Removed policies | Removed diesel efficiency gains";"Electricity"
"OPEX";"Charging Infrastructure";"FR";"MCS Profit and Mark-Up";"Tractor-Trailer";"PROG";"%";2040;"0.1";"Sensitivity | Removed policies | Removed diesel efficiency gains";"Electricity"
"OPEX";"Charging Infrastructure";"FR";"MCS Profit and Mark-Up";"Rigid";"BAU";"%";2040;"0.1";"Sensitivity | Removed policies | Removed diesel efficiency gains";"Electricity"
"OPEX";"Charging Infrastructure";"FR";"MCS Profit and Mark-Up";"Tractor-Trailer";"BAU";"%";2040;"0.1";"Sensitivity | Removed policies | Removed diesel efficiency gains";"Electricity"
"OPEX";"Charging Infrastructure";"IT";"MCS Profit and Mark-Up";"Rigid";"PROG";"%";2040;"0.1";"Sensitivity | Removed policies | Removed diesel efficiency gains";"Electricity"
"OPEX";"Charging Infrastructure";"IT";"MCS Profit and Mark-Up";"Tractor-Trailer";"PROG";"%";2040;"0.1";"Sensitivity | Removed policies | Removed diesel efficiency gains";"Electricity"
"OPEX";"Charging Infrastructure";"IT";"MCS Profit and Mark-Up";"Rigid";"BAU";"%";2040;"0.1";"Sensitivity | Removed policies | Removed diesel efficiency gains";"Electricity"
"OPEX";"Charging Infrastructure";"IT";"MCS Profit and Mark-Up";"Tractor-Trailer";"BAU";"%";2040;"0.1";"Sensitivity | Removed policies | Removed diesel efficiency gains";"Electricity"
"OPEX";"Charging Infrastructure";"NL";"MCS Profit and Mark-Up";"Rigid";"PROG";"%";2040;"0.1";"Sensitivity | Removed policies | Removed diesel efficiency gains";"Electricity"
"OPEX";"Charging Infrastructure";"NL";"MCS Profit and Mark-Up";"Tractor-Trailer";"PROG";"%";2040;"0.1";"Sensitivity | Removed policies | Removed diesel efficiency gains";"Electricity"
"OPEX";"Charging Infrastructure";"NL";"MCS Profit and Mark-Up";"Rigid";"BAU";"%";2040;"0.1";"Sensitivity | Removed policies | Removed diesel efficiency gains";"Electricity"
"OPEX";"Charging Infrastructure";"NL";"MCS Profit and Mark-Up";"Tractor-Trailer";"BAU";"%";2040;"0.1";"Sensitivity | Removed policies | Removed diesel efficiency gains";"Electricity"
"OPEX";"Charging Infrastructure";"PL";"MCS Profit and Mark-Up";"Rigid";"PROG";"%";2040;"0.1";"Sensitivity | Removed policies | Removed diesel efficiency gains";"Electricity"
"OPEX";"Charging Infrastructure";"PL";"MCS Profit and Mark-Up";"Tractor-Trailer";"PROG";"%";2040;"0.1";"Sensitivity | Removed policies | Removed diesel efficiency gains";"Electricity"
"OPEX";"Charging Infrastructure";"PL";"MCS Profit and Mark-Up";"Rigid";"BAU";"%";2040;"0.1";"Sensitivity | Removed policies | Removed diesel efficiency gains";"Electricity"
"OPEX";"Charging Infrastructure";"PL";"MCS Profit and Mark-Up";"Tractor-Trailer";"BAU";"%";2040;"0.1";"Sensitivity | Removed policies | Removed diesel efficiency gains";"Electricity"
"OPEX";"Charging Infrastructure";"UK";"MCS Profit and Mark-Up";"Rigid";"PROG";"%";2040;"0.1";"Sensitivity | Removed policies | Removed diesel efficiency gains";"Electricity"
"OPEX";"Charging Infrastructure";"UK";"MCS Profit and Mark-Up";"Tractor-Trailer";"PROG";"%";2040;"0.1";"Sensitivity | Removed policies | Removed diesel efficiency gains";"Electricity"
"OPEX";"Charging Infrastructure";"UK";"MCS Profit and Mark-Up";"Rigid";"BAU";"%";2040;"0.1";"Sensitivity | Removed policies | Removed diesel efficiency gains";"Electricity"
"OPEX";"Charging Infrastructure";"UK";"MCS Profit and Mark-Up";"Tractor-Trailer";"BAU";"%";2040;"0.1";"Sensitivity | Removed policies | Removed diesel efficiency gains";"Electricity"
"OPEX";"Charging Infrastructure";"DE";"CCS Station (Depot) - Incl. Overhead";"Rigid";"PROG";"EUR/kWh";2040;"0.024";"Sensitivity | Removed policies | Removed diesel efficiency gains";"Electricity"
"OPEX";"Charging Infrastructure";"DE";"CCS Station (Depot) - Incl. Overhead";"Tractor-Trailer";"PROG";"EUR/kWh";2040;"0.024";"Sensitivity | Removed policies | Removed diesel efficiency gains";"Electricity"
"OPEX";"Charging Infrastructure";"DE";"CCS Station (Depot) - Incl. Overhead";"Rigid";"BAU";"EUR/kWh";2040;"0.024";"Sensitivity | Removed policies | Removed diesel efficiency gains";"Electricity"
"OPEX";"Charging Infrastructure";"DE";"CCS Station (Depot) - Incl. Overhead";"Tractor-Trailer";"BAU";"EUR/kWh";2040;"0.024";"Sensitivity | Removed policies | Removed diesel efficiency gains";"Electricity"
"OPEX";"Charging Infrastructure";"ES";"CCS Station (Depot) - Incl. Overhead";"Rigid";"PROG";"EUR/kWh";2040;"0.024";"Sensitivity | Removed policies | Removed diesel efficiency gains";"Electricity"
"OPEX";"Charging Infrastructure";"ES";"CCS Station (Depot) - Incl. Overhead";"Tractor-Trailer";"PROG";"EUR/kWh";2040;"0.024";"Sensitivity | Removed policies | Removed diesel efficiency gains";"Electricity"
"OPEX";"Charging Infrastructure";"ES";"CCS Station (Depot) - Incl. Overhead";"Rigid";"BAU";"EUR/kWh";2040;"0.024";"Sensitivity | Removed policies | Removed diesel efficiency gains";"Electricity"
"OPEX";"Charging Infrastructure";"ES";"CCS Station (Depot) - Incl. Overhead";"Tractor-Trailer";"BAU";"EUR/kWh";2040;"0.024";"Sensitivity | Removed policies | Removed diesel efficiency gains";"Electricity"
"OPEX";"Charging Infrastructure";"FR";"CCS Station (Depot) - Incl. Overhead";"Rigid";"PROG";"EUR/kWh";2040;"0.024";"Sensitivity | Removed policies | Removed diesel efficiency gains";"Electricity"
"OPEX";"Charging Infrastructure";"FR";"CCS Station (Depot) - Incl. Overhead";"Tractor-Trailer";"PROG";"EUR/kWh";2040;"0.024";"Sensitivity | Removed policies | Removed diesel efficiency gains";"Electricity"
"OPEX";"Charging Infrastructure";"FR";"CCS Station (Depot) - Incl. Overhead";"Rigid";"BAU";"EUR/kWh";2040;"0.024";"Sensitivity | Removed policies | Removed diesel efficiency gains";"Electricity"
"OPEX";"Charging Infrastructure";"FR";"CCS Station (Depot) - Incl. Overhead";"Tractor-Trailer";"BAU";"EUR/kWh";2040;"0.024";"Sensitivity | Removed policies | Removed diesel efficiency gains";"Electricity"
"OPEX";"Charging Infrastructure";"IT";"CCS Station (Depot) - Incl. Overhead";"Rigid";"PROG";"EUR/kWh";2040;"0.024";"Sensitivity | Removed policies | Removed diesel efficiency gains";"Electricity"
"OPEX";"Charging Infrastructure";"IT";"CCS Station (Depot) - Incl. Overhead";"Tractor-Trailer";"PROG";"EUR/kWh";2040;"0.024";"Sensitivity | Removed policies | Removed diesel efficiency gains";"Electricity"
"OPEX";"Charging Infrastructure";"IT";"CCS Station (Depot) - Incl. Overhead";"Rigid";"BAU";"EUR/kWh";2040;"0.024";"Sensitivity | Removed policies | Removed diesel efficiency gains";"Electricity"
"OPEX";"Charging Infrastructure";"IT";"CCS Station (Depot) - Incl. Overhead";"Tractor-Trailer";"BAU";"EUR/kWh";2040;"0.024";"Sensitivity | Removed policies | Removed diesel efficiency gains";"Electricity"
"OPEX";"Charging Infrastructure";"NL";"CCS Station (Depot) - Incl. Overhead";"Rigid";"PROG";"EUR/kWh";2040;"0.024";"Sensitivity | Removed policies | Removed diesel efficiency gains";"Electricity"
"OPEX";"Charging Infrastructure";"NL";"CCS Station (Depot) - Incl. Overhead";"Tractor-Trailer";"PROG";"EUR/kWh";2040;"0.024";"Sensitivity | Removed policies | Removed diesel efficiency gains";"Electricity"
"OPEX";"Charging Infrastructure";"NL";"CCS Station (Depot) - Incl. Overhead";"Rigid";"BAU";"EUR/kWh";2040;"0.024";"Sensitivity | Removed policies | Removed diesel efficiency gains";"Electricity"
"OPEX";"Charging Infrastructure";"NL";"CCS Station (Depot) - Incl. Overhead";"Tractor-Trailer";"BAU";"EUR/kWh";2040;"0.024";"Sensitivity | Removed policies | Removed diesel efficiency gains";"Electricity"
"OPEX";"Charging Infrastructure";"PL";"CCS Station (Depot) - Incl. Overhead";"Rigid";"PROG";"EUR/kWh";2040;"0.024";"Sensitivity | Removed policies | Removed diesel efficiency gains";"Electricity"
"OPEX";"Charging Infrastructure";"PL";"CCS Station (Depot) - Incl. Overhead";"Tractor-Trailer";"PROG";"EUR/kWh";2040;"0.024";"Sensitivity | Removed policies | Removed diesel efficiency gains";"Electricity"
"OPEX";"Charging Infrastructure";"PL";"CCS Station (Depot) - Incl. Overhead";"Rigid";"BAU";"EUR/kWh";2040;"0.024";"Sensitivity | Removed policies | Removed diesel efficiency gains";"Electricity"
"OPEX";"Charging Infrastructure";"PL";"CCS Station (Depot) - Incl. Overhead";"Tractor-Trailer";"BAU";"EUR/kWh";2040;"0.024";"Sensitivity | Removed policies | Removed diesel efficiency gains";"Electricity"
"OPEX";"Charging Infrastructure";"UK";"CCS Station (Depot) - Incl. Overhead";"Rigid";"PROG";"EUR/kWh";2040;"0.024";"Sensitivity | Removed policies | Removed diesel efficiency gains";"Electricity"
"OPEX";"Charging Infrastructure";"UK";"CCS Station (Depot) - Incl. Overhead";"Tractor-Trailer";"PROG";"EUR/kWh";2040;"0.024";"Sensitivity | Removed policies | Removed diesel efficiency gains";"Electricity"
"OPEX";"Charging Infrastructure";"UK";"CCS Station (Depot) - Incl. Overhead";"Rigid";"BAU";"EUR/kWh";2040;"0.024";"Sensitivity | Removed policies | Removed diesel efficiency gains";"Electricity"
"OPEX";"Charging Infrastructure";"UK";"CCS Station (Depot) - Incl. Overhead";"Tractor-Trailer";"BAU";"EUR/kWh";2040;"0.024";"Sensitivity | Removed policies | Removed diesel efficiency gains";"Electricity"
"OPEX";"Charging Infrastructure";"DE";"CCS grid extension";"Rigid";"PROG";"EUR/kWh";2040;"0.045";"Sensitivity | Removed policies | Removed diesel efficiency gains";"Electricity"
"OPEX";"Charging Infrastructure";"DE";"CCS grid extension";"Tractor-Trailer";"PROG";"EUR/kWh";2040;"0.045";"Sensitivity | Removed policies | Removed diesel efficiency gains";"Electricity"
"OPEX";"Charging Infrastructure";"DE";"CCS grid extension";"Rigid";"BAU";"EUR/kWh";2040;"0.045";"Sensitivity | Removed policies | Removed diesel efficiency gains";"Electricity"
"OPEX";"Charging Infrastructure";"DE";"CCS grid extension";"Tractor-Trailer";"BAU";"EUR/kWh";2040;"0.045";"Sensitivity | Removed policies | Removed diesel efficiency gains";"Electricity"
"OPEX";"Charging Infrastructure";"ES";"CCS grid extension";"Rigid";"PROG";"EUR/kWh";2040;"0.045";"Sensitivity | Removed policies | Removed diesel efficiency gains";"Electricity"
"OPEX";"Charging Infrastructure";"ES";"CCS grid extension";"Tractor-Trailer";"PROG";"EUR/kWh";2040;"0.045";"Sensitivity | Removed policies | Removed diesel efficiency gains";"Electricity"
"OPEX";"Charging Infrastructure";"ES";"CCS grid extension";"Rigid";"BAU";"EUR/kWh";2040;"0.045";"Sensitivity | Removed policies | Removed diesel efficiency gains";"Electricity"
"OPEX";"Charging Infrastructure";"ES";"CCS grid extension";"Tractor-Trailer";"BAU";"EUR/kWh";2040;"0.045";"Sensitivity | Removed policies | Removed diesel efficiency gains";"Electricity"
"OPEX";"Charging Infrastructure";"FR";"CCS grid extension";"Rigid";"PROG";"EUR/kWh";2040;"0.045";"Sensitivity | Removed policies | Removed diesel efficiency gains";"Electricity"
"OPEX";"Charging Infrastructure";"FR";"CCS grid extension";"Tractor-Trailer";"PROG";"EUR/kWh";2040;"0.045";"Sensitivity | Removed policies | Removed diesel efficiency gains";"Electricity"
"OPEX";"Charging Infrastructure";"FR";"CCS grid extension";"Rigid";"BAU";"EUR/kWh";2040;"0.045";"Sensitivity | Removed policies | Removed diesel efficiency gains";"Electricity"
"OPEX";"Charging Infrastructure";"FR";"CCS grid extension";"Tractor-Trailer";"BAU";"EUR/kWh";2040;"0.045";"Sensitivity | Removed policies | Removed diesel efficiency gains";"Electricity"
"OPEX";"Charging Infrastructure";"IT";"CCS grid extension";"Rigid";"PROG";"EUR/kWh";2040;"0.045";"Sensitivity | Removed policies | Removed diesel efficiency gains";"Electricity"
"OPEX";"Charging Infrastructure";"IT";"CCS grid extension";"Tractor-Trailer";"PROG";"EUR/kWh";2040;"0.045";"Sensitivity | Removed policies | Removed diesel efficiency gains";"Electricity"
"OPEX";"Charging Infrastructure";"IT";"CCS grid extension";"Rigid";"BAU";"EUR/kWh";2040;"0.045";"Sensitivity | Removed policies | Removed diesel efficiency gains";"Electricity"
"OPEX";"Charging Infrastructure";"IT";"CCS grid extension";"Tractor-Trailer";"BAU";"EUR/kWh";2040;"0.045";"Sensitivity | Removed policies | Removed diesel efficiency gains";"Electricity"
"OPEX";"Charging Infrastructure";"NL";"CCS grid extension";"Rigid";"PROG";"EUR/kWh";2040;"0.045";"Sensitivity | Removed policies | Removed diesel efficiency gains";"Electricity"
"OPEX";"Charging Infrastructure";"NL";"CCS grid extension";"Tractor-Trailer";"PROG";"EUR/kWh";2040;"0.045";"Sensitivity | Removed policies | Removed diesel efficiency gains";"Electricity"
"OPEX";"Charging Infrastructure";"NL";"CCS grid extension";"Rigid";"BAU";"EUR/kWh";2040;"0.045";"Sensitivity | Removed policies | Removed diesel efficiency gains";"Electricity"
"OPEX";"Charging Infrastructure";"NL";"CCS grid extension";"Tractor-Trailer";"BAU";"EUR/kWh";2040;"0.045";"Sensitivity | Removed policies | Removed diesel efficiency gains";"Electricity"
"OPEX";"Charging Infrastructure";"PL";"CCS grid extension";"Rigid";"PROG";"EUR/kWh";2040;"0.045";"Sensitivity | Removed policies | Removed diesel efficiency gains";"Electricity"
"OPEX";"Charging Infrastructure";"PL";"CCS grid extension";"Tractor-Trailer";"PROG";"EUR/kWh";2040;"0.045";"Sensitivity | Removed policies | Removed diesel efficiency gains";"Electricity"
"OPEX";"Charging Infrastructure";"PL";"CCS grid extension";"Rigid";"BAU";"EUR/kWh";2040;"0.045";"Sensitivity | Removed policies | Removed diesel efficiency gains";"Electricity"
"OPEX";"Charging Infrastructure";"PL";"CCS grid extension";"Tractor-Trailer";"BAU";"EUR/kWh";2040;"0.045";"Sensitivity | Removed policies | Removed diesel efficiency gains";"Electricity"
"OPEX";"Charging Infrastructure";"UK";"CCS grid extension";"Rigid";"PROG";"EUR/kWh";2040;"0.045";"Sensitivity | Removed policies | Removed diesel efficiency gains";"Electricity"
"OPEX";"Charging Infrastructure";"UK";"CCS grid extension";"Tractor-Trailer";"PROG";"EUR/kWh";2040;"0.045";"Sensitivity | Removed policies | Removed diesel efficiency gains";"Electricity"
"OPEX";"Charging Infrastructure";"UK";"CCS grid extension";"Rigid";"BAU";"EUR/kWh";2040;"0.045";"Sensitivity | Removed policies | Removed diesel efficiency gains";"Electricity"
"OPEX";"Charging Infrastructure";"UK";"CCS grid extension";"Tractor-Trailer";"BAU";"EUR/kWh";2040;"0.045";"Sensitivity | Removed policies | Removed diesel efficiency gains";"Electricity"
"OPEX";"Diesel Infrastructure";"DE";"Total Diesel Mark-Up";"Rigid";"BAU";"EUR/kWh";2040;"0.018";"Sensitivity | Removed policies | Removed diesel efficiency gains";"Diesel"
"OPEX";"Diesel Infrastructure";"DE";"Total Diesel Mark-Up";"Tractor-Trailer";"BAU";"EUR/kWh";2040;"0.018";"Sensitivity | Removed policies | Removed diesel efficiency gains";"Diesel"
"OPEX";"Diesel Infrastructure";"DE";"Total Diesel Mark-Up";"Rigid";"PROG";"EUR/kWh";2040;"0.018";"Sensitivity | Removed policies | Removed diesel efficiency gains";"Diesel"
"OPEX";"Diesel Infrastructure";"DE";"Total Diesel Mark-Up";"Tractor-Trailer";"PROG";"EUR/kWh";2040;"0.018";"Sensitivity | Removed policies | Removed diesel efficiency gains";"Diesel"
"OPEX";"Diesel Infrastructure";"ES";"Total Diesel Mark-Up";"Rigid";"BAU";"EUR/kWh";2040;"0.018";"Sensitivity | Removed policies | Removed diesel efficiency gains";"Diesel"
"OPEX";"Diesel Infrastructure";"ES";"Total Diesel Mark-Up";"Tractor-Trailer";"BAU";"EUR/kWh";2040;"0.018";"Sensitivity | Removed policies | Removed diesel efficiency gains";"Diesel"
"OPEX";"Diesel Infrastructure";"ES";"Total Diesel Mark-Up";"Rigid";"PROG";"EUR/kWh";2040;"0.018";"Sensitivity | Removed policies | Removed diesel efficiency gains";"Diesel"
"OPEX";"Diesel Infrastructure";"ES";"Total Diesel Mark-Up";"Tractor-Trailer";"PROG";"EUR/kWh";2040;"0.018";"Sensitivity | Removed policies | Removed diesel efficiency gains";"Diesel"
"OPEX";"Diesel Infrastructure";"FR";"Total Diesel Mark-Up";"Rigid";"BAU";"EUR/kWh";2040;"0.018";"Sensitivity | Removed policies | Removed diesel efficiency gains";"Diesel"
"OPEX";"Diesel Infrastructure";"FR";"Total Diesel Mark-Up";"Tractor-Trailer";"BAU";"EUR/kWh";2040;"0.018";"Sensitivity | Removed policies | Removed diesel efficiency gains";"Diesel"
"OPEX";"Diesel Infrastructure";"FR";"Total Diesel Mark-Up";"Rigid";"PROG";"EUR/kWh";2040;"0.018";"Sensitivity | Removed policies | Removed diesel efficiency gains";"Diesel"
"OPEX";"Diesel Infrastructure";"FR";"Total Diesel Mark-Up";"Tractor-Trailer";"PROG";"EUR/kWh";2040;"0.018";"Sensitivity | Removed policies | Removed diesel efficiency gains";"Diesel"
"OPEX";"Diesel Infrastructure";"IT";"Total Diesel Mark-Up";"Rigid";"BAU";"EUR/kWh";2040;"0.018";"Sensitivity | Removed policies | Removed diesel efficiency gains";"Diesel"
"OPEX";"Diesel Infrastructure";"IT";"Total Diesel Mark-Up";"Tractor-Trailer";"BAU";"EUR/kWh";2040;"0.018";"Sensitivity | Removed policies | Removed diesel efficiency gains";"Diesel"
"OPEX";"Diesel Infrastructure";"IT";"Total Diesel Mark-Up";"Rigid";"PROG";"EUR/kWh";2040;"0.018";"Sensitivity | Removed policies | Removed diesel efficiency gains";"Diesel"
"OPEX";"Diesel Infrastructure";"IT";"Total Diesel Mark-Up";"Tractor-Trailer";"PROG";"EUR/kWh";2040;"0.018";"Sensitivity | Removed policies | Removed diesel efficiency gains";"Diesel"
"OPEX";"Diesel Infrastructure";"NL";"Total Diesel Mark-Up";"Rigid";"BAU";"EUR/kWh";2040;"0.018";"Sensitivity | Removed policies | Removed diesel efficiency gains";"Diesel"
"OPEX";"Diesel Infrastructure";"NL";"Total Diesel Mark-Up";"Tractor-Trailer";"BAU";"EUR/kWh";2040;"0.018";"Sensitivity | Removed policies | Removed diesel efficiency gains";"Diesel"
"OPEX";"Diesel Infrastructure";"NL";"Total Diesel Mark-Up";"Rigid";"PROG";"EUR/kWh";2040;"0.018";"Sensitivity | Removed policies | Removed diesel efficiency gains";"Diesel"
"OPEX";"Diesel Infrastructure";"NL";"Total Diesel Mark-Up";"Tractor-Trailer";"PROG";"EUR/kWh";2040;"0.018";"Sensitivity | Removed policies | Removed diesel efficiency gains";"Diesel"
"OPEX";"Diesel Infrastructure";"PL";"Total Diesel Mark-Up";"Rigid";"BAU";"EUR/kWh";2040;"0.018";"Sensitivity | Removed policies | Removed diesel efficiency gains";"Diesel"
"OPEX";"Diesel Infrastructure";"PL";"Total Diesel Mark-Up";"Tractor-Trailer";"BAU";"EUR/kWh";2040;"0.018";"Sensitivity | Removed policies | Removed diesel efficiency gains";"Diesel"
"OPEX";"Diesel Infrastructure";"PL";"Total Diesel Mark-Up";"Rigid";"PROG";"EUR/kWh";2040;"0.018";"Sensitivity | Removed policies | Removed diesel efficiency gains";"Diesel"
"OPEX";"Diesel Infrastructure";"PL";"Total Diesel Mark-Up";"Tractor-Trailer";"PROG";"EUR/kWh";2040;"0.018";"Sensitivity | Removed policies | Removed diesel efficiency gains";"Diesel"
"OPEX";"Diesel Infrastructure";"UK";"Total Diesel Mark-Up";"Rigid";"BAU";"EUR/kWh";2040;"0.018";"Sensitivity | Removed policies | Removed diesel efficiency gains";"Diesel"
"OPEX";"Diesel Infrastructure";"UK";"Total Diesel Mark-Up";"Tractor-Trailer";"BAU";"EUR/kWh";2040;"0.018";"Sensitivity | Removed policies | Removed diesel efficiency gains";"Diesel"
"OPEX";"Diesel Infrastructure";"UK";"Total Diesel Mark-Up";"Rigid";"PROG";"EUR/kWh";2040;"0.018";"Sensitivity | Removed policies | Removed diesel efficiency gains";"Diesel"
"OPEX";"Diesel Infrastructure";"UK";"Total Diesel Mark-Up";"Tractor-Trailer";"PROG";"EUR/kWh";2040;"0.018";"Sensitivity | Removed policies | Removed diesel efficiency gains";"Diesel"
"OPEX";"Diesel Infrastructure";"DE";"CO2 emission factor Biodiesel";"Rigid";"BAU";"%";2040;"0.155";"Sensitivity | Removed policies | Removed diesel efficiency gains";"Diesel"
"OPEX";"Diesel Infrastructure";"DE";"CO2 emission factor Biodiesel";"Tractor-Trailer";"BAU";"%";2040;"0.155";"Sensitivity | Removed policies | Removed diesel efficiency gains";"Diesel"
"OPEX";"Diesel Infrastructure";"DE";"CO2 emission factor Biodiesel";"Rigid";"PROG";"%";2040;"0.155";"Sensitivity | Removed policies | Removed diesel efficiency gains";"Diesel"
"OPEX";"Diesel Infrastructure";"DE";"CO2 emission factor Biodiesel";"Tractor-Trailer";"PROG";"%";2040;"0.155";"Sensitivity | Removed policies | Removed diesel efficiency gains";"Diesel"
"OPEX";"Diesel Infrastructure";"ES";"CO2 emission factor Biodiesel";"Rigid";"BAU";"%";2040;"0.155";"Sensitivity | Removed policies | Removed diesel efficiency gains";"Diesel"
"OPEX";"Diesel Infrastructure";"ES";"CO2 emission factor Biodiesel";"Tractor-Trailer";"BAU";"%";2040;"0.155";"Sensitivity | Removed policies | Removed diesel efficiency gains";"Diesel"
"OPEX";"Diesel Infrastructure";"ES";"CO2 emission factor Biodiesel";"Rigid";"PROG";"%";2040;"0.155";"Sensitivity | Removed policies | Removed diesel efficiency gains";"Diesel"
"OPEX";"Diesel Infrastructure";"ES";"CO2 emission factor Biodiesel";"Tractor-Trailer";"PROG";"%";2040;"0.155";"Sensitivity | Removed policies | Removed diesel efficiency gains";"Diesel"
"OPEX";"Diesel Infrastructure";"FR";"CO2 emission factor Biodiesel";"Rigid";"BAU";"%";2040;"0.155";"Sensitivity | Removed policies | Removed diesel efficiency gains";"Diesel"
"OPEX";"Diesel Infrastructure";"FR";"CO2 emission factor Biodiesel";"Tractor-Trailer";"BAU";"%";2040;"0.155";"Sensitivity | Removed policies | Removed diesel efficiency gains";"Diesel"
"OPEX";"Diesel Infrastructure";"FR";"CO2 emission factor Biodiesel";"Rigid";"PROG";"%";2040;"0.155";"Sensitivity | Removed policies | Removed diesel efficiency gains";"Diesel"
"OPEX";"Diesel Infrastructure";"FR";"CO2 emission factor Biodiesel";"Tractor-Trailer";"PROG";"%";2040;"0.155";"Sensitivity | Removed policies | Removed diesel efficiency gains";"Diesel"
"OPEX";"Diesel Infrastructure";"IT";"CO2 emission factor Biodiesel";"Rigid";"BAU";"%";2040;"0.155";"Sensitivity | Removed policies | Removed diesel efficiency gains";"Diesel"
"OPEX";"Diesel Infrastructure";"IT";"CO2 emission factor Biodiesel";"Tractor-Trailer";"BAU";"%";2040;"0.155";"Sensitivity | Removed policies | Removed diesel efficiency gains";"Diesel"
"OPEX";"Diesel Infrastructure";"IT";"CO2 emission factor Biodiesel";"Rigid";"PROG";"%";2040;"0.155";"Sensitivity | Removed policies | Removed diesel efficiency gains";"Diesel"
"OPEX";"Diesel Infrastructure";"IT";"CO2 emission factor Biodiesel";"Tractor-Trailer";"PROG";"%";2040;"0.155";"Sensitivity | Removed policies | Removed diesel efficiency gains";"Diesel"
"OPEX";"Diesel Infrastructure";"NL";"CO2 emission factor Biodiesel";"Rigid";"BAU";"%";2040;"0.155";"Sensitivity | Removed policies | Removed diesel efficiency gains";"Diesel"
"OPEX";"Diesel Infrastructure";"NL";"CO2 emission factor Biodiesel";"Tractor-Trailer";"BAU";"%";2040;"0.155";"Sensitivity | Removed policies | Removed diesel efficiency gains";"Diesel"
"OPEX";"Diesel Infrastructure";"NL";"CO2 emission factor Biodiesel";"Rigid";"PROG";"%";2040;"0.155";"Sensitivity | Removed policies | Removed diesel efficiency gains";"Diesel"
"OPEX";"Diesel Infrastructure";"NL";"CO2 emission factor Biodiesel";"Tractor-Trailer";"PROG";"%";2040;"0.155";"Sensitivity | Removed policies | Removed diesel efficiency gains";"Diesel"
"OPEX";"Diesel Infrastructure";"PL";"CO2 emission factor Biodiesel";"Rigid";"BAU";"%";2040;"0.155";"Sensitivity | Removed policies | Removed diesel efficiency gains";"Diesel"
"OPEX";"Diesel Infrastructure";"PL";"CO2 emission factor Biodiesel";"Tractor-Trailer";"BAU";"%";2040;"0.155";"Sensitivity | Removed policies | Removed diesel efficiency gains";"Diesel"
"OPEX";"Diesel Infrastructure";"PL";"CO2 emission factor Biodiesel";"Rigid";"PROG";"%";2040;"0.155";"Sensitivity | Removed policies | Removed diesel efficiency gains";"Diesel"
"OPEX";"Diesel Infrastructure";"PL";"CO2 emission factor Biodiesel";"Tractor-Trailer";"PROG";"%";2040;"0.155";"Sensitivity | Removed policies | Removed diesel efficiency gains";"Diesel"
"OPEX";"Diesel Infrastructure";"UK";"CO2 emission factor Biodiesel";"Rigid";"BAU";"%";2040;"0.155";"Sensitivity | Removed policies | Removed diesel efficiency gains";"Diesel"
"OPEX";"Diesel Infrastructure";"UK";"CO2 emission factor Biodiesel";"Tractor-Trailer";"BAU";"%";2040;"0.155";"Sensitivity | Removed policies | Removed diesel efficiency gains";"Diesel"
"OPEX";"Diesel Infrastructure";"UK";"CO2 emission factor Biodiesel";"Rigid";"PROG";"%";2040;"0.155";"Sensitivity | Removed policies | Removed diesel efficiency gains";"Diesel"
"OPEX";"Diesel Infrastructure";"UK";"CO2 emission factor Biodiesel";"Tractor-Trailer";"PROG";"%";2040;"0.155";"Sensitivity | Removed policies | Removed diesel efficiency gains";"Diesel"
"OPEX";"Diesel Infrastructure";"DE";"CO2 emission factor Pt-Diesel";"Rigid";"BAU";"%";2040;"0";"Sensitivity | Removed policies | Removed diesel efficiency gains";"Diesel"
"OPEX";"Diesel Infrastructure";"DE";"CO2 emission factor Pt-Diesel";"Tractor-Trailer";"BAU";"%";2040;"0";"Sensitivity | Removed policies | Removed diesel efficiency gains";"Diesel"
"OPEX";"Diesel Infrastructure";"DE";"CO2 emission factor Pt-Diesel";"Rigid";"PROG";"%";2040;"0";"Sensitivity | Removed policies | Removed diesel efficiency gains";"Diesel"
"OPEX";"Diesel Infrastructure";"DE";"CO2 emission factor Pt-Diesel";"Tractor-Trailer";"PROG";"%";2040;"0";"Sensitivity | Removed policies | Removed diesel efficiency gains";"Diesel"
"OPEX";"Diesel Infrastructure";"ES";"CO2 emission factor Pt-Diesel";"Rigid";"BAU";"%";2040;"0";"Sensitivity | Removed policies | Removed diesel efficiency gains";"Diesel"
"OPEX";"Diesel Infrastructure";"ES";"CO2 emission factor Pt-Diesel";"Tractor-Trailer";"BAU";"%";2040;"0";"Sensitivity | Removed policies | Removed diesel efficiency gains";"Diesel"
"OPEX";"Diesel Infrastructure";"ES";"CO2 emission factor Pt-Diesel";"Rigid";"PROG";"%";2040;"0";"Sensitivity | Removed policies | Removed diesel efficiency gains";"Diesel"
"OPEX";"Diesel Infrastructure";"ES";"CO2 emission factor Pt-Diesel";"Tractor-Trailer";"PROG";"%";2040;"0";"Sensitivity | Removed policies | Removed diesel efficiency gains";"Diesel"
"OPEX";"Diesel Infrastructure";"FR";"CO2 emission factor Pt-Diesel";"Rigid";"BAU";"%";2040;"0";"Sensitivity | Removed policies | Removed diesel efficiency gains";"Diesel"
"OPEX";"Diesel Infrastructure";"FR";"CO2 emission factor Pt-Diesel";"Tractor-Trailer";"BAU";"%";2040;"0";"Sensitivity | Removed policies | Removed diesel efficiency gains";"Diesel"
"OPEX";"Diesel Infrastructure";"FR";"CO2 emission factor Pt-Diesel";"Rigid";"PROG";"%";2040;"0";"Sensitivity | Removed policies | Removed diesel efficiency gains";"Diesel"
"OPEX";"Diesel Infrastructure";"FR";"CO2 emission factor Pt-Diesel";"Tractor-Trailer";"PROG";"%";2040;"0";"Sensitivity | Removed policies | Removed diesel efficiency gains";"Diesel"
"OPEX";"Diesel Infrastructure";"IT";"CO2 emission factor Pt-Diesel";"Rigid";"BAU";"%";2040;"0";"Sensitivity | Removed policies | Removed diesel efficiency gains";"Diesel"
"OPEX";"Diesel Infrastructure";"IT";"CO2 emission factor Pt-Diesel";"Tractor-Trailer";"BAU";"%";2040;"0";"Sensitivity | Removed policies | Removed diesel efficiency gains";"Diesel"
"OPEX";"Diesel Infrastructure";"IT";"CO2 emission factor Pt-Diesel";"Rigid";"PROG";"%";2040;"0";"Sensitivity | Removed policies | Removed diesel efficiency gains";"Diesel"
"OPEX";"Diesel Infrastructure";"IT";"CO2 emission factor Pt-Diesel";"Tractor-Trailer";"PROG";"%";2040;"0";"Sensitivity | Removed policies | Removed diesel efficiency gains";"Diesel"
"OPEX";"Diesel Infrastructure";"NL";"CO2 emission factor Pt-Diesel";"Rigid";"BAU";"%";2040;"0";"Sensitivity | Removed policies | Removed diesel efficiency gains";"Diesel"
"OPEX";"Diesel Infrastructure";"NL";"CO2 emission factor Pt-Diesel";"Tractor-Trailer";"BAU";"%";2040;"0";"Sensitivity | Removed policies | Removed diesel efficiency gains";"Diesel"
"OPEX";"Diesel Infrastructure";"NL";"CO2 emission factor Pt-Diesel";"Rigid";"PROG";"%";2040;"0";"Sensitivity | Removed policies | Removed diesel efficiency gains";"Diesel"
"OPEX";"Diesel Infrastructure";"NL";"CO2 emission factor Pt-Diesel";"Tractor-Trailer";"PROG";"%";2040;"0";"Sensitivity | Removed policies | Removed diesel efficiency gains";"Diesel"
"OPEX";"Diesel Infrastructure";"PL";"CO2 emission factor Pt-Diesel";"Rigid";"BAU";"%";2040;"0";"Sensitivity | Removed policies | Removed diesel efficiency gains";"Diesel"
"OPEX";"Diesel Infrastructure";"PL";"CO2 emission factor Pt-Diesel";"Tractor-Trailer";"BAU";"%";2040;"0";"Sensitivity | Removed policies | Removed diesel efficiency gains";"Diesel"
"OPEX";"Diesel Infrastructure";"PL";"CO2 emission factor Pt-Diesel";"Rigid";"PROG";"%";2040;"0";"Sensitivity | Removed policies | Removed diesel efficiency gains";"Diesel"
"OPEX";"Diesel Infrastructure";"PL";"CO2 emission factor Pt-Diesel";"Tractor-Trailer";"PROG";"%";2040;"0";"Sensitivity | Removed policies | Removed diesel efficiency gains";"Diesel"
"OPEX";"Diesel Infrastructure";"UK";"CO2 emission factor Pt-Diesel";"Rigid";"BAU";"%";2040;"0";"Sensitivity | Removed policies | Removed diesel efficiency gains";"Diesel"
"OPEX";"Diesel Infrastructure";"UK";"CO2 emission factor Pt-Diesel";"Tractor-Trailer";"BAU";"%";2040;"0";"Sensitivity | Removed policies | Removed diesel efficiency gains";"Diesel"
"OPEX";"Diesel Infrastructure";"UK";"CO2 emission factor Pt-Diesel";"Rigid";"PROG";"%";2040;"0";"Sensitivity | Removed policies | Removed diesel efficiency gains";"Diesel"
"OPEX";"Diesel Infrastructure";"UK";"CO2 emission factor Pt-Diesel";"Tractor-Trailer";"PROG";"%";2040;"0";"Sensitivity | Removed policies | Removed diesel efficiency gains";"Diesel"
"OPEX";"Taxes";"DE";"Network Costs - MCS";"Rigid";"BAU";"EUR/kWh";2040;"0.034";"Sensitivity | Removed policies | Removed diesel efficiency gains";"Electricity"
"OPEX";"Taxes";"DE";"Network Costs - MCS";"Tractor-Trailer";"BAU";"EUR/kWh";2040;"0.034";"Sensitivity | Removed policies | Removed diesel efficiency gains";"Electricity"
"OPEX";"Taxes";"ES";"Network Costs - MCS";"Rigid";"BAU";"EUR/kWh";2040;"0.018";"Sensitivity | Removed policies | Removed diesel efficiency gains";"Electricity"
"OPEX";"Taxes";"ES";"Network Costs - MCS";"Tractor-Trailer";"BAU";"EUR/kWh";2040;"0.018";"Sensitivity | Removed policies | Removed diesel efficiency gains";"Electricity"
"OPEX";"Taxes";"FR";"Network Costs - MCS";"Rigid";"BAU";"EUR/kWh";2040;"0.018";"Sensitivity | Removed policies | Removed diesel efficiency gains";"Electricity"
"OPEX";"Taxes";"FR";"Network Costs - MCS";"Tractor-Trailer";"BAU";"EUR/kWh";2040;"0.018";"Sensitivity | Removed policies | Removed diesel efficiency gains";"Electricity"
"OPEX";"Taxes";"IT";"Network Costs - MCS";"Rigid";"BAU";"EUR/kWh";2040;"0.015";"Sensitivity | Removed policies | Removed diesel efficiency gains";"Electricity"
"OPEX";"Taxes";"IT";"Network Costs - MCS";"Tractor-Trailer";"BAU";"EUR/kWh";2040;"0.015";"Sensitivity | Removed policies | Removed diesel efficiency gains";"Electricity"
"OPEX";"Taxes";"NL";"Network Costs - MCS";"Rigid";"BAU";"EUR/kWh";2040;"0.016";"Sensitivity | Removed policies | Removed diesel efficiency gains";"Electricity"
"OPEX";"Taxes";"NL";"Network Costs - MCS";"Tractor-Trailer";"BAU";"EUR/kWh";2040;"0.016";"Sensitivity | Removed policies | Removed diesel efficiency gains";"Electricity"
"OPEX";"Taxes";"PL";"Network Costs - MCS";"Rigid";"BAU";"EUR/kWh";2040;"0.019";"Sensitivity | Removed policies | Removed diesel efficiency gains";"Electricity"
"OPEX";"Taxes";"PL";"Network Costs - MCS";"Tractor-Trailer";"BAU";"EUR/kWh";2040;"0.019";"Sensitivity | Removed policies | Removed diesel efficiency gains";"Electricity"
"OPEX";"Taxes";"UK";"Network Costs - MCS";"Rigid";"BAU";"EUR/kWh";2040;"0.027";"Sensitivity | Removed policies | Removed diesel efficiency gains";"Electricity"
"OPEX";"Taxes";"UK";"Network Costs - MCS";"Tractor-Trailer";"BAU";"EUR/kWh";2040;"0.027";"Sensitivity | Removed policies | Removed diesel efficiency gains";"Electricity"
"OPEX";"Taxes";"DE";"Taxes, Fees, Levies and charges - MCS";"Rigid";"BAU";"EUR/kWh";2040;"0.056";"Sensitivity | Removed policies | Removed diesel efficiency gains";"Electricity"
"OPEX";"Taxes";"DE";"Taxes, Fees, Levies and charges - MCS";"Tractor-Trailer";"BAU";"EUR/kWh";2040;"0.056";"Sensitivity | Removed policies | Removed diesel efficiency gains";"Electricity"
"OPEX";"Taxes";"ES";"Taxes, Fees, Levies and charges - MCS";"Rigid";"BAU";"EUR/kWh";2040;"0.036";"Sensitivity | Removed policies | Removed diesel efficiency gains";"Electricity"
"OPEX";"Taxes";"ES";"Taxes, Fees, Levies and charges - MCS";"Tractor-Trailer";"BAU";"EUR/kWh";2040;"0.036";"Sensitivity | Removed policies | Removed diesel efficiency gains";"Electricity"
"OPEX";"Taxes";"FR";"Taxes, Fees, Levies and charges - MCS";"Rigid";"BAU";"EUR/kWh";2040;"0.03";"Sensitivity | Removed policies | Removed diesel efficiency gains";"Electricity"
"OPEX";"Taxes";"FR";"Taxes, Fees, Levies and charges - MCS";"Tractor-Trailer";"BAU";"EUR/kWh";2040;"0.03";"Sensitivity | Removed policies | Removed diesel efficiency gains";"Electricity"
"OPEX";"Taxes";"IT";"Taxes, Fees, Levies and charges - MCS";"Rigid";"BAU";"EUR/kWh";2040;"0.062";"Sensitivity | Removed policies | Removed diesel efficiency gains";"Electricity"
"OPEX";"Taxes";"IT";"Taxes, Fees, Levies and charges - MCS";"Tractor-Trailer";"BAU";"EUR/kWh";2040;"0.062";"Sensitivity | Removed policies | Removed diesel efficiency gains";"Electricity"
"OPEX";"Taxes";"NL";"Taxes, Fees, Levies and charges - MCS";"Rigid";"BAU";"EUR/kWh";2040;"0.055";"Sensitivity | Removed policies | Removed diesel efficiency gains";"Electricity"
"OPEX";"Taxes";"NL";"Taxes, Fees, Levies and charges - MCS";"Tractor-Trailer";"BAU";"EUR/kWh";2040;"0.055";"Sensitivity | Removed policies | Removed diesel efficiency gains";"Electricity"
"OPEX";"Taxes";"PL";"Taxes, Fees, Levies and charges - MCS";"Rigid";"BAU";"EUR/kWh";2040;"0.049";"Sensitivity | Removed policies | Removed diesel efficiency gains";"Electricity"
"OPEX";"Taxes";"PL";"Taxes, Fees, Levies and charges - MCS";"Tractor-Trailer";"BAU";"EUR/kWh";2040;"0.049";"Sensitivity | Removed policies | Removed diesel efficiency gains";"Electricity"
"OPEX";"Taxes";"UK";"Taxes, Fees, Levies and charges - MCS";"Rigid";"BAU";"EUR/kWh";2040;"0.077";"Sensitivity | Removed policies | Removed diesel efficiency gains";"Electricity"
"OPEX";"Taxes";"UK";"Taxes, Fees, Levies and charges - MCS";"Tractor-Trailer";"BAU";"EUR/kWh";2040;"0.077";"Sensitivity | Removed policies | Removed diesel efficiency gains";"Electricity"
"OPEX";"Taxes";"DE";"Network Costs - Depot";"Rigid";"BAU";"EUR/kWh";2040;"0.034";"Sensitivity | Removed policies | Removed diesel efficiency gains";"Electricity"
"OPEX";"Taxes";"DE";"Network Costs - Depot";"Tractor-Trailer";"BAU";"EUR/kWh";2040;"0.034";"Sensitivity | Removed policies | Removed diesel efficiency gains";"Electricity"
"OPEX";"Taxes";"ES";"Network Costs - Depot";"Rigid";"BAU";"EUR/kWh";2040;"0.018";"Sensitivity | Removed policies | Removed diesel efficiency gains";"Electricity"
"OPEX";"Taxes";"ES";"Network Costs - Depot";"Tractor-Trailer";"BAU";"EUR/kWh";2040;"0.018";"Sensitivity | Removed policies | Removed diesel efficiency gains";"Electricity"
"OPEX";"Taxes";"FR";"Network Costs - Depot";"Rigid";"BAU";"EUR/kWh";2040;"0.018";"Sensitivity | Removed policies | Removed diesel efficiency gains";"Electricity"
"OPEX";"Taxes";"FR";"Network Costs - Depot";"Tractor-Trailer";"BAU";"EUR/kWh";2040;"0.018";"Sensitivity | Removed policies | Removed diesel efficiency gains";"Electricity"
"OPEX";"Taxes";"IT";"Network Costs - Depot";"Rigid";"BAU";"EUR/kWh";2040;"0.016";"Sensitivity | Removed policies | Removed diesel efficiency gains";"Electricity"
"OPEX";"Taxes";"IT";"Network Costs - Depot";"Tractor-Trailer";"BAU";"EUR/kWh";2040;"0.016";"Sensitivity | Removed policies | Removed diesel efficiency gains";"Electricity"
"OPEX";"Taxes";"NL";"Network Costs - Depot";"Rigid";"BAU";"EUR/kWh";2040;"0.016";"Sensitivity | Removed policies | Removed diesel efficiency gains";"Electricity"
"OPEX";"Taxes";"NL";"Network Costs - Depot";"Tractor-Trailer";"BAU";"EUR/kWh";2040;"0.016";"Sensitivity | Removed policies | Removed diesel efficiency gains";"Electricity"
"OPEX";"Taxes";"PL";"Network Costs - Depot";"Rigid";"BAU";"EUR/kWh";2040;"0.019";"Sensitivity | Removed policies | Removed diesel efficiency gains";"Electricity"
"OPEX";"Taxes";"PL";"Network Costs - Depot";"Tractor-Trailer";"BAU";"EUR/kWh";2040;"0.019";"Sensitivity | Removed policies | Removed diesel efficiency gains";"Electricity"
"OPEX";"Taxes";"UK";"Network Costs - Depot";"Rigid";"BAU";"EUR/kWh";2040;"0.027";"Sensitivity | Removed policies | Removed diesel efficiency gains";"Electricity"
"OPEX";"Taxes";"UK";"Network Costs - Depot";"Tractor-Trailer";"BAU";"EUR/kWh";2040;"0.027";"Sensitivity | Removed policies | Removed diesel efficiency gains";"Electricity"
"OPEX";"Taxes";"DE";"Taxes, Fees, Levies and charges - Depot";"Rigid";"BAU";"EUR/kWh";2040;"0.056";"Sensitivity | Removed policies | Removed diesel efficiency gains";"Electricity"
"OPEX";"Taxes";"DE";"Taxes, Fees, Levies and charges - Depot";"Tractor-Trailer";"BAU";"EUR/kWh";2040;"0.056";"Sensitivity | Removed policies | Removed diesel efficiency gains";"Electricity"
"OPEX";"Taxes";"ES";"Taxes, Fees, Levies and charges - Depot";"Rigid";"BAU";"EUR/kWh";2040;"0.036";"Sensitivity | Removed policies | Removed diesel efficiency gains";"Electricity"
"OPEX";"Taxes";"ES";"Taxes, Fees, Levies and charges - Depot";"Tractor-Trailer";"BAU";"EUR/kWh";2040;"0.036";"Sensitivity | Removed policies | Removed diesel efficiency gains";"Electricity"
"OPEX";"Taxes";"FR";"Taxes, Fees, Levies and charges - Depot";"Rigid";"BAU";"EUR/kWh";2040;"0.03";"Sensitivity | Removed policies | Removed diesel efficiency gains";"Electricity"
"OPEX";"Taxes";"FR";"Taxes, Fees, Levies and charges - Depot";"Tractor-Trailer";"BAU";"EUR/kWh";2040;"0.03";"Sensitivity | Removed policies | Removed diesel efficiency gains";"Electricity"
"OPEX";"Taxes";"IT";"Taxes, Fees, Levies and charges - Depot";"Rigid";"BAU";"EUR/kWh";2040;"0.063";"Sensitivity | Removed policies | Removed diesel efficiency gains";"Electricity"
"OPEX";"Taxes";"IT";"Taxes, Fees, Levies and charges - Depot";"Tractor-Trailer";"BAU";"EUR/kWh";2040;"0.063";"Sensitivity | Removed policies | Removed diesel efficiency gains";"Electricity"
"OPEX";"Taxes";"NL";"Taxes, Fees, Levies and charges - Depot";"Rigid";"BAU";"EUR/kWh";2040;"0.055";"Sensitivity | Removed policies | Removed diesel efficiency gains";"Electricity"
"OPEX";"Taxes";"NL";"Taxes, Fees, Levies and charges - Depot";"Tractor-Trailer";"BAU";"EUR/kWh";2040;"0.055";"Sensitivity | Removed policies | Removed diesel efficiency gains";"Electricity"
"OPEX";"Taxes";"PL";"Taxes, Fees, Levies and charges - Depot";"Rigid";"BAU";"EUR/kWh";2040;"0.049";"Sensitivity | Removed policies | Removed diesel efficiency gains";"Electricity"
"OPEX";"Taxes";"PL";"Taxes, Fees, Levies and charges - Depot";"Tractor-Trailer";"BAU";"EUR/kWh";2040;"0.049";"Sensitivity | Removed policies | Removed diesel efficiency gains";"Electricity"
"OPEX";"Taxes";"UK";"Taxes, Fees, Levies and charges - Depot";"Rigid";"BAU";"EUR/kWh";2040;"0.077";"Sensitivity | Removed policies | Removed diesel efficiency gains";"Electricity"
"OPEX";"Taxes";"UK";"Taxes, Fees, Levies and charges - Depot";"Tractor-Trailer";"BAU";"EUR/kWh";2040;"0.077";"Sensitivity | Removed policies | Removed diesel efficiency gains";"Electricity"
"OPEX";"H2 Infrastructure";"DE";"HRS costs";"Rigid";"BAU";"EUR/kg H2";2040;"1.2";"Sensitivity | Removed policies | Removed diesel efficiency gains";"Hydrogen"
"OPEX";"H2 Infrastructure";"DE";"HRS costs";"Tractor-Trailer";"BAU";"EUR/kg H2";2040;"1.2";"Sensitivity | Removed policies | Removed diesel efficiency gains";"Hydrogen"
"OPEX";"H2 Infrastructure";"ES";"HRS costs";"Rigid";"BAU";"EUR/kg H2";2040;"1.2";"Sensitivity | Removed policies | Removed diesel efficiency gains";"Hydrogen"
"OPEX";"H2 Infrastructure";"ES";"HRS costs";"Tractor-Trailer";"BAU";"EUR/kg H2";2040;"1.2";"Sensitivity | Removed policies | Removed diesel efficiency gains";"Hydrogen"
"OPEX";"H2 Infrastructure";"FR";"HRS costs";"Rigid";"BAU";"EUR/kg H2";2040;"1.2";"Sensitivity | Removed policies | Removed diesel efficiency gains";"Hydrogen"
"OPEX";"H2 Infrastructure";"FR";"HRS costs";"Tractor-Trailer";"BAU";"EUR/kg H2";2040;"1.2";"Sensitivity | Removed policies | Removed diesel efficiency gains";"Hydrogen"
"OPEX";"H2 Infrastructure";"IT";"HRS costs";"Rigid";"BAU";"EUR/kg H2";2040;"1.2";"Sensitivity | Removed policies | Removed diesel efficiency gains";"Hydrogen"
"OPEX";"H2 Infrastructure";"IT";"HRS costs";"Tractor-Trailer";"BAU";"EUR/kg H2";2040;"1.2";"Sensitivity | Removed policies | Removed diesel efficiency gains";"Hydrogen"
"OPEX";"H2 Infrastructure";"NL";"HRS costs";"Rigid";"BAU";"EUR/kg H2";2040;"1.2";"Sensitivity | Removed policies | Removed diesel efficiency gains";"Hydrogen"
"OPEX";"H2 Infrastructure";"NL";"HRS costs";"Tractor-Trailer";"BAU";"EUR/kg H2";2040;"1.2";"Sensitivity | Removed policies | Removed diesel efficiency gains";"Hydrogen"
"OPEX";"H2 Infrastructure";"PL";"HRS costs";"Rigid";"BAU";"EUR/kg H2";2040;"1.2";"Sensitivity | Removed policies | Removed diesel efficiency gains";"Hydrogen"
"OPEX";"H2 Infrastructure";"PL";"HRS costs";"Tractor-Trailer";"BAU";"EUR/kg H2";2040;"1.2";"Sensitivity | Removed policies | Removed diesel efficiency gains";"Hydrogen"
"OPEX";"H2 Infrastructure";"UK";"HRS costs";"Rigid";"BAU";"EUR/kg H2";2040;"1.2";"Sensitivity | Removed policies | Removed diesel efficiency gains";"Hydrogen"
"OPEX";"H2 Infrastructure";"UK";"HRS costs";"Tractor-Trailer";"BAU";"EUR/kg H2";2040;"1.2";"Sensitivity | Removed policies | Removed diesel efficiency gains";"Hydrogen"
"OPEX";"H2 Infrastructure";"DE";"H2 transport and distribution";"Rigid";"BAU";"EUR/kg H2";2040;"1.167";"Sensitivity | Removed policies | Removed diesel efficiency gains";"Hydrogen"
"OPEX";"H2 Infrastructure";"DE";"H2 transport and distribution";"Tractor-Trailer";"BAU";"EUR/kg H2";2040;"1.167";"Sensitivity | Removed policies | Removed diesel efficiency gains";"Hydrogen"
"OPEX";"H2 Infrastructure";"ES";"H2 transport and distribution";"Rigid";"BAU";"EUR/kg H2";2040;"1.167";"Sensitivity | Removed policies | Removed diesel efficiency gains";"Hydrogen"
"OPEX";"H2 Infrastructure";"ES";"H2 transport and distribution";"Tractor-Trailer";"BAU";"EUR/kg H2";2040;"1.167";"Sensitivity | Removed policies | Removed diesel efficiency gains";"Hydrogen"
"OPEX";"H2 Infrastructure";"FR";"H2 transport and distribution";"Rigid";"BAU";"EUR/kg H2";2040;"1.167";"Sensitivity | Removed policies | Removed diesel efficiency gains";"Hydrogen"
"OPEX";"H2 Infrastructure";"FR";"H2 transport and distribution";"Tractor-Trailer";"BAU";"EUR/kg H2";2040;"1.167";"Sensitivity | Removed policies | Removed diesel efficiency gains";"Hydrogen"
"OPEX";"H2 Infrastructure";"IT";"H2 transport and distribution";"Rigid";"BAU";"EUR/kg H2";2040;"1.167";"Sensitivity | Removed policies | Removed diesel efficiency gains";"Hydrogen"
"OPEX";"H2 Infrastructure";"IT";"H2 transport and distribution";"Tractor-Trailer";"BAU";"EUR/kg H2";2040;"1.167";"Sensitivity | Removed policies | Removed diesel efficiency gains";"Hydrogen"
"OPEX";"H2 Infrastructure";"NL";"H2 transport and distribution";"Rigid";"BAU";"EUR/kg H2";2040;"1.167";"Sensitivity | Removed policies | Removed diesel efficiency gains";"Hydrogen"
"OPEX";"H2 Infrastructure";"NL";"H2 transport and distribution";"Tractor-Trailer";"BAU";"EUR/kg H2";2040;"1.167";"Sensitivity | Removed policies | Removed diesel efficiency gains";"Hydrogen"
"OPEX";"H2 Infrastructure";"PL";"H2 transport and distribution";"Rigid";"BAU";"EUR/kg H2";2040;"1.167";"Sensitivity | Removed policies | Removed diesel efficiency gains";"Hydrogen"
"OPEX";"H2 Infrastructure";"PL";"H2 transport and distribution";"Tractor-Trailer";"BAU";"EUR/kg H2";2040;"1.167";"Sensitivity | Removed policies | Removed diesel efficiency gains";"Hydrogen"
"OPEX";"H2 Infrastructure";"UK";"H2 transport and distribution";"Rigid";"BAU";"EUR/kg H2";2040;"1.167";"Sensitivity | Removed policies | Removed diesel efficiency gains";"Hydrogen"
"OPEX";"H2 Infrastructure";"UK";"H2 transport and distribution";"Tractor-Trailer";"BAU";"EUR/kg H2";2040;"1.167";"Sensitivity | Removed policies | Removed diesel efficiency gains";"Hydrogen"
"OPEX";"H2 Infrastructure";"DE";"HRS Overhead, Profit and Mark-Up";"Rigid";"BAU";"EUR/kg H2";2040;"0.25";"Sensitivity | Removed policies | Removed diesel efficiency gains";"Hydrogen"
"OPEX";"H2 Infrastructure";"DE";"HRS Overhead, Profit and Mark-Up";"Tractor-Trailer";"BAU";"EUR/kg H2";2040;"0.25";"Sensitivity | Removed policies | Removed diesel efficiency gains";"Hydrogen"
"OPEX";"H2 Infrastructure";"ES";"HRS Overhead, Profit and Mark-Up";"Rigid";"BAU";"EUR/kg H2";2040;"0.25";"Sensitivity | Removed policies | Removed diesel efficiency gains";"Hydrogen"
"OPEX";"H2 Infrastructure";"ES";"HRS Overhead, Profit and Mark-Up";"Tractor-Trailer";"BAU";"EUR/kg H2";2040;"0.25";"Sensitivity | Removed policies | Removed diesel efficiency gains";"Hydrogen"
"OPEX";"H2 Infrastructure";"FR";"HRS Overhead, Profit and Mark-Up";"Rigid";"BAU";"EUR/kg H2";2040;"0.25";"Sensitivity | Removed policies | Removed diesel efficiency gains";"Hydrogen"
"OPEX";"H2 Infrastructure";"FR";"HRS Overhead, Profit and Mark-Up";"Tractor-Trailer";"BAU";"EUR/kg H2";2040;"0.25";"Sensitivity | Removed policies | Removed diesel efficiency gains";"Hydrogen"
"OPEX";"H2 Infrastructure";"IT";"HRS Overhead, Profit and Mark-Up";"Rigid";"BAU";"EUR/kg H2";2040;"0.25";"Sensitivity | Removed policies | Removed diesel efficiency gains";"Hydrogen"
"OPEX";"H2 Infrastructure";"IT";"HRS Overhead, Profit and Mark-Up";"Tractor-Trailer";"BAU";"EUR/kg H2";2040;"0.25";"Sensitivity | Removed policies | Removed diesel efficiency gains";"Hydrogen"
"OPEX";"H2 Infrastructure";"NL";"HRS Overhead, Profit and Mark-Up";"Rigid";"BAU";"EUR/kg H2";2040;"0.25";"Sensitivity | Removed policies | Removed diesel efficiency gains";"Hydrogen"
"OPEX";"H2 Infrastructure";"NL";"HRS Overhead, Profit and Mark-Up";"Tractor-Trailer";"BAU";"EUR/kg H2";2040;"0.25";"Sensitivity | Removed policies | Removed diesel efficiency gains";"Hydrogen"
"OPEX";"H2 Infrastructure";"PL";"HRS Overhead, Profit and Mark-Up";"Rigid";"BAU";"EUR/kg H2";2040;"0.25";"Sensitivity | Removed policies | Removed diesel efficiency gains";"Hydrogen"
"OPEX";"H2 Infrastructure";"PL";"HRS Overhead, Profit and Mark-Up";"Tractor-Trailer";"BAU";"EUR/kg H2";2040;"0.25";"Sensitivity | Removed policies | Removed diesel efficiency gains";"Hydrogen"
"OPEX";"H2 Infrastructure";"UK";"HRS Overhead, Profit and Mark-Up";"Rigid";"BAU";"EUR/kg H2";2040;"0.25";"Sensitivity | Removed policies | Removed diesel efficiency gains";"Hydrogen"
"OPEX";"H2 Infrastructure";"UK";"HRS Overhead, Profit and Mark-Up";"Tractor-Trailer";"BAU";"EUR/kg H2";2040;"0.25";"Sensitivity | Removed policies | Removed diesel efficiency gains";"Hydrogen"
"OPEX";"Charging Infrastructure";"DE";"MCS Station (Public Charging) - Incl. Overhead";"Rigid";"BAU";"EUR/kWh";2040;"0.043";"Sensitivity | Removed policies | Removed diesel efficiency gains";"Electricity"
"OPEX";"Charging Infrastructure";"DE";"MCS Station (Public Charging) - Incl. Overhead";"Tractor-Trailer";"BAU";"EUR/kWh";2040;"0.043";"Sensitivity | Removed policies | Removed diesel efficiency gains";"Electricity"
"OPEX";"Charging Infrastructure";"ES";"MCS Station (Public Charging) - Incl. Overhead";"Rigid";"BAU";"EUR/kWh";2040;"0.043";"Sensitivity | Removed policies | Removed diesel efficiency gains";"Electricity"
"OPEX";"Charging Infrastructure";"ES";"MCS Station (Public Charging) - Incl. Overhead";"Tractor-Trailer";"BAU";"EUR/kWh";2040;"0.043";"Sensitivity | Removed policies | Removed diesel efficiency gains";"Electricity"
"OPEX";"Charging Infrastructure";"FR";"MCS Station (Public Charging) - Incl. Overhead";"Rigid";"BAU";"EUR/kWh";2040;"0.043";"Sensitivity | Removed policies | Removed diesel efficiency gains";"Electricity"
"OPEX";"Charging Infrastructure";"FR";"MCS Station (Public Charging) - Incl. Overhead";"Tractor-Trailer";"BAU";"EUR/kWh";2040;"0.043";"Sensitivity | Removed policies | Removed diesel efficiency gains";"Electricity"
"OPEX";"Charging Infrastructure";"IT";"MCS Station (Public Charging) - Incl. Overhead";"Rigid";"BAU";"EUR/kWh";2040;"0.043";"Sensitivity | Removed policies | Removed diesel efficiency gains";"Electricity"
"OPEX";"Charging Infrastructure";"IT";"MCS Station (Public Charging) - Incl. Overhead";"Tractor-Trailer";"BAU";"EUR/kWh";2040;"0.043";"Sensitivity | Removed policies | Removed diesel efficiency gains";"Electricity"
"OPEX";"Charging Infrastructure";"NL";"MCS Station (Public Charging) - Incl. Overhead";"Rigid";"BAU";"EUR/kWh";2040;"0.043";"Sensitivity | Removed policies | Removed diesel efficiency gains";"Electricity"
"OPEX";"Charging Infrastructure";"NL";"MCS Station (Public Charging) - Incl. Overhead";"Tractor-Trailer";"BAU";"EUR/kWh";2040;"0.043";"Sensitivity | Removed policies | Removed diesel efficiency gains";"Electricity"
"OPEX";"Charging Infrastructure";"PL";"MCS Station (Public Charging) - Incl. Overhead";"Rigid";"BAU";"EUR/kWh";2040;"0.043";"Sensitivity | Removed policies | Removed diesel efficiency gains";"Electricity"
"OPEX";"Charging Infrastructure";"PL";"MCS Station (Public Charging) - Incl. Overhead";"Tractor-Trailer";"BAU";"EUR/kWh";2040;"0.043";"Sensitivity | Removed policies | Removed diesel efficiency gains";"Electricity"
"OPEX";"Charging Infrastructure";"UK";"MCS Station (Public Charging) - Incl. Overhead";"Rigid";"BAU";"EUR/kWh";2040;"0.043";"Sensitivity | Removed policies | Removed diesel efficiency gains";"Electricity"
"OPEX";"Charging Infrastructure";"UK";"MCS Station (Public Charging) - Incl. Overhead";"Tractor-Trailer";"BAU";"EUR/kWh";2040;"0.043";"Sensitivity | Removed policies | Removed diesel efficiency gains";"Electricity"
"OPEX";"Charging Infrastructure";"DE";"Share MCS-Charging";"Rigid";"BAU";"%";2040;"0.2";"Sensitivity | Removed policies | Removed diesel efficiency gains";"Electricity"
"OPEX";"Charging Infrastructure";"DE";"Share MCS-Charging";"Tractor-Trailer";"BAU";"%";2040;"0.2";"Sensitivity | Removed policies | Removed diesel efficiency gains";"Electricity"
"OPEX";"Charging Infrastructure";"ES";"Share MCS-Charging";"Rigid";"BAU";"%";2040;"0.2";"Sensitivity | Removed policies | Removed diesel efficiency gains";"Electricity"
"OPEX";"Charging Infrastructure";"ES";"Share MCS-Charging";"Tractor-Trailer";"BAU";"%";2040;"0.2";"Sensitivity | Removed policies | Removed diesel efficiency gains";"Electricity"
"OPEX";"Charging Infrastructure";"FR";"Share MCS-Charging";"Rigid";"BAU";"%";2040;"0.2";"Sensitivity | Removed policies | Removed diesel efficiency gains";"Electricity"
"OPEX";"Charging Infrastructure";"FR";"Share MCS-Charging";"Tractor-Trailer";"BAU";"%";2040;"0.2";"Sensitivity | Removed policies | Removed diesel efficiency gains";"Electricity"
"OPEX";"Charging Infrastructure";"IT";"Share MCS-Charging";"Rigid";"BAU";"%";2040;"0.2";"Sensitivity | Removed policies | Removed diesel efficiency gains";"Electricity"
"OPEX";"Charging Infrastructure";"IT";"Share MCS-Charging";"Tractor-Trailer";"BAU";"%";2040;"0.2";"Sensitivity | Removed policies | Removed diesel efficiency gains";"Electricity"
"OPEX";"Charging Infrastructure";"NL";"Share MCS-Charging";"Rigid";"BAU";"%";2040;"0.2";"Sensitivity | Removed policies | Removed diesel efficiency gains";"Electricity"
"OPEX";"Charging Infrastructure";"NL";"Share MCS-Charging";"Tractor-Trailer";"BAU";"%";2040;"0.2";"Sensitivity | Removed policies | Removed diesel efficiency gains";"Electricity"
"OPEX";"Charging Infrastructure";"PL";"Share MCS-Charging";"Rigid";"BAU";"%";2040;"0.2";"Sensitivity | Removed policies | Removed diesel efficiency gains";"Electricity"
"OPEX";"Charging Infrastructure";"PL";"Share MCS-Charging";"Tractor-Trailer";"BAU";"%";2040;"0.2";"Sensitivity | Removed policies | Removed diesel efficiency gains";"Electricity"
"OPEX";"Charging Infrastructure";"UK";"Share MCS-Charging";"Rigid";"BAU";"%";2040;"0.2";"Sensitivity | Removed policies | Removed diesel efficiency gains";"Electricity"
"OPEX";"Charging Infrastructure";"UK";"Share MCS-Charging";"Tractor-Trailer";"BAU";"%";2040;"0.2";"Sensitivity | Removed policies | Removed diesel efficiency gains";"Electricity"
"OPEX";"Charging Infrastructure";"DE";"Depot - Network fees savings potential";"Rigid";"BAU";"EUR/kWh";2040;"0";"Sensitivity | Removed policies | Removed diesel efficiency gains";"Electricity"
"OPEX";"Charging Infrastructure";"DE";"Depot - Network fees savings potential";"Tractor-Trailer";"BAU";"EUR/kWh";2040;"0";"Sensitivity | Removed policies | Removed diesel efficiency gains";"Electricity"
"OPEX";"Charging Infrastructure";"ES";"Depot - Network fees savings potential";"Rigid";"BAU";"EUR/kWh";2040;"0";"Sensitivity | Removed policies | Removed diesel efficiency gains";"Electricity"
"OPEX";"Charging Infrastructure";"ES";"Depot - Network fees savings potential";"Tractor-Trailer";"BAU";"EUR/kWh";2040;"0";"Sensitivity | Removed policies | Removed diesel efficiency gains";"Electricity"
"OPEX";"Charging Infrastructure";"FR";"Depot - Network fees savings potential";"Rigid";"BAU";"EUR/kWh";2040;"0";"Sensitivity | Removed policies | Removed diesel efficiency gains";"Electricity"
"OPEX";"Charging Infrastructure";"FR";"Depot - Network fees savings potential";"Tractor-Trailer";"BAU";"EUR/kWh";2040;"0";"Sensitivity | Removed policies | Removed diesel efficiency gains";"Electricity"
"OPEX";"Charging Infrastructure";"IT";"Depot - Network fees savings potential";"Rigid";"BAU";"EUR/kWh";2040;"0";"Sensitivity | Removed policies | Removed diesel efficiency gains";"Electricity"
"OPEX";"Charging Infrastructure";"IT";"Depot - Network fees savings potential";"Tractor-Trailer";"BAU";"EUR/kWh";2040;"0";"Sensitivity | Removed policies | Removed diesel efficiency gains";"Electricity"
"OPEX";"Charging Infrastructure";"NL";"Depot - Network fees savings potential";"Rigid";"BAU";"EUR/kWh";2040;"0";"Sensitivity | Removed policies | Removed diesel efficiency gains";"Electricity"
"OPEX";"Charging Infrastructure";"NL";"Depot - Network fees savings potential";"Tractor-Trailer";"BAU";"EUR/kWh";2040;"0";"Sensitivity | Removed policies | Removed diesel efficiency gains";"Electricity"
"OPEX";"Charging Infrastructure";"PL";"Depot - Network fees savings potential";"Rigid";"BAU";"EUR/kWh";2040;"0";"Sensitivity | Removed policies | Removed diesel efficiency gains";"Electricity"
"OPEX";"Charging Infrastructure";"PL";"Depot - Network fees savings potential";"Tractor-Trailer";"BAU";"EUR/kWh";2040;"0";"Sensitivity | Removed policies | Removed diesel efficiency gains";"Electricity"
"OPEX";"Charging Infrastructure";"UK";"Depot - Network fees savings potential";"Rigid";"BAU";"EUR/kWh";2040;"0";"Sensitivity | Removed policies | Removed diesel efficiency gains";"Electricity"
"OPEX";"Charging Infrastructure";"UK";"Depot - Network fees savings potential";"Tractor-Trailer";"BAU";"EUR/kWh";2040;"0";"Sensitivity | Removed policies | Removed diesel efficiency gains";"Electricity"
"OPEX";"Taxes";"DE";"Tax reduction";"Rigid";"BAU";"%";2040;"0";"Sensitivity | Removed policies | Removed diesel efficiency gains";"Hydrogen"
"OPEX";"Taxes";"DE";"Tax reduction";"Tractor-Trailer";"BAU";"%";2040;"0";"Sensitivity | Removed policies | Removed diesel efficiency gains";"Hydrogen"
"OPEX";"Taxes";"ES";"Tax reduction";"Rigid";"BAU";"%";2040;"0";"Sensitivity | Removed policies | Removed diesel efficiency gains";"Hydrogen"
"OPEX";"Taxes";"ES";"Tax reduction";"Tractor-Trailer";"BAU";"%";2040;"0";"Sensitivity | Removed policies | Removed diesel efficiency gains";"Hydrogen"
"OPEX";"Taxes";"FR";"Tax reduction";"Rigid";"BAU";"%";2040;"0";"Sensitivity | Removed policies | Removed diesel efficiency gains";"Hydrogen"
"OPEX";"Taxes";"FR";"Tax reduction";"Tractor-Trailer";"BAU";"%";2040;"0";"Sensitivity | Removed policies | Removed diesel efficiency gains";"Hydrogen"
"OPEX";"Taxes";"IT";"Tax reduction";"Rigid";"BAU";"%";2040;"0";"Sensitivity | Removed policies | Removed diesel efficiency gains";"Hydrogen"
"OPEX";"Taxes";"IT";"Tax reduction";"Tractor-Trailer";"BAU";"%";2040;"0";"Sensitivity | Removed policies | Removed diesel efficiency gains";"Hydrogen"
"OPEX";"Taxes";"NL";"Tax reduction";"Rigid";"BAU";"%";2040;"0";"Sensitivity | Removed policies | Removed diesel efficiency gains";"Hydrogen"
"OPEX";"Taxes";"NL";"Tax reduction";"Tractor-Trailer";"BAU";"%";2040;"0";"Sensitivity | Removed policies | Removed diesel efficiency gains";"Hydrogen"
"OPEX";"Taxes";"PL";"Tax reduction";"Rigid";"BAU";"%";2040;"0";"Sensitivity | Removed policies | Removed diesel efficiency gains";"Hydrogen"
"OPEX";"Taxes";"PL";"Tax reduction";"Tractor-Trailer";"BAU";"%";2040;"0";"Sensitivity | Removed policies | Removed diesel efficiency gains";"Hydrogen"
"OPEX";"Taxes";"UK";"Tax reduction";"Rigid";"BAU";"%";2040;"0";"Sensitivity | Removed policies | Removed diesel efficiency gains";"Hydrogen"
"OPEX";"Taxes";"UK";"Tax reduction";"Tractor-Trailer";"BAU";"%";2040;"0";"Sensitivity | Removed policies | Removed diesel efficiency gains";"Hydrogen"
"OPEX";"Taxes";"DE";"Increasing grid fees";"Rigid";"PROG";"%";2040;"0.2";"Sensitivity | Removed policies | Removed diesel efficiency gains";"Electricity"
"OPEX";"Taxes";"DE";"Increasing grid fees";"Tractor-Trailer";"PROG";"%";2040;"0.2";"Sensitivity | Removed policies | Removed diesel efficiency gains";"Electricity"
"OPEX";"Taxes";"ES";"Increasing grid fees";"Rigid";"PROG";"%";2040;"0.2";"Sensitivity | Removed policies | Removed diesel efficiency gains";"Electricity"
"OPEX";"Taxes";"ES";"Increasing grid fees";"Tractor-Trailer";"PROG";"%";2040;"0.2";"Sensitivity | Removed policies | Removed diesel efficiency gains";"Electricity"
"OPEX";"Taxes";"FR";"Increasing grid fees";"Rigid";"PROG";"%";2040;"0.2";"Sensitivity | Removed policies | Removed diesel efficiency gains";"Electricity"
"OPEX";"Taxes";"FR";"Increasing grid fees";"Tractor-Trailer";"PROG";"%";2040;"0.2";"Sensitivity | Removed policies | Removed diesel efficiency gains";"Electricity"
"OPEX";"Taxes";"IT";"Increasing grid fees";"Rigid";"PROG";"%";2040;"0.2";"Sensitivity | Removed policies | Removed diesel efficiency gains";"Electricity"
"OPEX";"Taxes";"IT";"Increasing grid fees";"Tractor-Trailer";"PROG";"%";2040;"0.2";"Sensitivity | Removed policies | Removed diesel efficiency gains";"Electricity"
"OPEX";"Taxes";"NL";"Increasing grid fees";"Rigid";"PROG";"%";2040;"0.2";"Sensitivity | Removed policies | Removed diesel efficiency gains";"Electricity"
"OPEX";"Taxes";"NL";"Increasing grid fees";"Tractor-Trailer";"PROG";"%";2040;"0.2";"Sensitivity | Removed policies | Removed diesel efficiency gains";"Electricity"
"OPEX";"Taxes";"PL";"Increasing grid fees";"Rigid";"PROG";"%";2040;"0.2";"Sensitivity | Removed policies | Removed diesel efficiency gains";"Electricity"
"OPEX";"Taxes";"PL";"Increasing grid fees";"Tractor-Trailer";"PROG";"%";2040;"0.2";"Sensitivity | Removed policies | Removed diesel efficiency gains";"Electricity"
"OPEX";"Taxes";"UK";"Increasing grid fees";"Rigid";"PROG";"%";2040;"0.2";"Sensitivity | Removed policies | Removed diesel efficiency gains";"Electricity"
"OPEX";"Taxes";"UK";"Increasing grid fees";"Tractor-Trailer";"PROG";"%";2040;"0.2";"Sensitivity | Removed policies | Removed diesel efficiency gains";"Electricity"
"OPEX";"Taxes";"DE";"Increasing grid fees";"Rigid";"BAU";"%";2040;"0.333";"Sensitivity | Removed policies | Removed diesel efficiency gains";"Electricity"
"OPEX";"Taxes";"DE";"Increasing grid fees";"Tractor-Trailer";"BAU";"%";2040;"0.333";"Sensitivity | Removed policies | Removed diesel efficiency gains";"Electricity"
"OPEX";"Taxes";"ES";"Increasing grid fees";"Rigid";"BAU";"%";2040;"0.333";"Sensitivity | Removed policies | Removed diesel efficiency gains";"Electricity"
"OPEX";"Taxes";"ES";"Increasing grid fees";"Tractor-Trailer";"BAU";"%";2040;"0.333";"Sensitivity | Removed policies | Removed diesel efficiency gains";"Electricity"
"OPEX";"Taxes";"FR";"Increasing grid fees";"Rigid";"BAU";"%";2040;"0.333";"Sensitivity | Removed policies | Removed diesel efficiency gains";"Electricity"
"OPEX";"Taxes";"FR";"Increasing grid fees";"Tractor-Trailer";"BAU";"%";2040;"0.333";"Sensitivity | Removed policies | Removed diesel efficiency gains";"Electricity"
"OPEX";"Taxes";"IT";"Increasing grid fees";"Rigid";"BAU";"%";2040;"0.333";"Sensitivity | Removed policies | Removed diesel efficiency gains";"Electricity"
"OPEX";"Taxes";"IT";"Increasing grid fees";"Tractor-Trailer";"BAU";"%";2040;"0.333";"Sensitivity | Removed policies | Removed diesel efficiency gains";"Electricity"
"OPEX";"Taxes";"NL";"Increasing grid fees";"Rigid";"BAU";"%";2040;"0.333";"Sensitivity | Removed policies | Removed diesel efficiency gains";"Electricity"
"OPEX";"Taxes";"NL";"Increasing grid fees";"Tractor-Trailer";"BAU";"%";2040;"0.333";"Sensitivity | Removed policies | Removed diesel efficiency gains";"Electricity"
"OPEX";"Taxes";"PL";"Increasing grid fees";"Rigid";"BAU";"%";2040;"0.333";"Sensitivity | Removed policies | Removed diesel efficiency gains";"Electricity"
"OPEX";"Taxes";"PL";"Increasing grid fees";"Tractor-Trailer";"BAU";"%";2040;"0.333";"Sensitivity | Removed policies | Removed diesel efficiency gains";"Electricity"
"OPEX";"Taxes";"UK";"Increasing grid fees";"Rigid";"BAU";"%";2040;"0.333";"Sensitivity | Removed policies | Removed diesel efficiency gains";"Electricity"
"OPEX";"Taxes";"UK";"Increasing grid fees";"Tractor-Trailer";"BAU";"%";2040;"0.333";"Sensitivity | Removed policies | Removed diesel efficiency gains";"Electricity"
"OPEX";"Taxes";"DE";"Network Costs - MCS";"Rigid";"PROG";"EUR/kWh";2045;"0.026";"Sensitivity | Removed policies | Removed diesel efficiency gains";"Electricity"
"OPEX";"Taxes";"DE";"Network Costs - MCS";"Tractor-Trailer";"PROG";"EUR/kWh";2045;"0.026";"Sensitivity | Removed policies | Removed diesel efficiency gains";"Electricity"
"OPEX";"Taxes";"ES";"Network Costs - MCS";"Rigid";"PROG";"EUR/kWh";2045;"0.009";"Sensitivity | Removed policies | Removed diesel efficiency gains";"Electricity"
"OPEX";"Taxes";"ES";"Network Costs - MCS";"Tractor-Trailer";"PROG";"EUR/kWh";2045;"0.009";"Sensitivity | Removed policies | Removed diesel efficiency gains";"Electricity"
"OPEX";"Taxes";"FR";"Network Costs - MCS";"Rigid";"PROG";"EUR/kWh";2045;"0.014";"Sensitivity | Removed policies | Removed diesel efficiency gains";"Electricity"
"OPEX";"Taxes";"FR";"Network Costs - MCS";"Tractor-Trailer";"PROG";"EUR/kWh";2045;"0.014";"Sensitivity | Removed policies | Removed diesel efficiency gains";"Electricity"
"OPEX";"Taxes";"IT";"Network Costs - MCS";"Rigid";"PROG";"EUR/kWh";2045;"0.012";"Sensitivity | Removed policies | Removed diesel efficiency gains";"Electricity"
"OPEX";"Taxes";"IT";"Network Costs - MCS";"Tractor-Trailer";"PROG";"EUR/kWh";2045;"0.012";"Sensitivity | Removed policies | Removed diesel efficiency gains";"Electricity"
"OPEX";"Taxes";"NL";"Network Costs - MCS";"Rigid";"PROG";"EUR/kWh";2045;"0.015";"Sensitivity | Removed policies | Removed diesel efficiency gains";"Electricity"
"OPEX";"Taxes";"NL";"Network Costs - MCS";"Tractor-Trailer";"PROG";"EUR/kWh";2045;"0.015";"Sensitivity | Removed policies | Removed diesel efficiency gains";"Electricity"
"OPEX";"Taxes";"PL";"Network Costs - MCS";"Rigid";"PROG";"EUR/kWh";2045;"0.014";"Sensitivity | Removed policies | Removed diesel efficiency gains";"Electricity"
"OPEX";"Taxes";"PL";"Network Costs - MCS";"Tractor-Trailer";"PROG";"EUR/kWh";2045;"0.014";"Sensitivity | Removed policies | Removed diesel efficiency gains";"Electricity"
"OPEX";"Taxes";"UK";"Network Costs - MCS";"Rigid";"PROG";"EUR/kWh";2045;"0.018";"Sensitivity | Removed policies | Removed diesel efficiency gains";"Electricity"
"OPEX";"Taxes";"UK";"Network Costs - MCS";"Tractor-Trailer";"PROG";"EUR/kWh";2045;"0.018";"Sensitivity | Removed policies | Removed diesel efficiency gains";"Electricity"
"OPEX";"Taxes";"DE";"Taxes, Fees, Levies and charges - MCS";"Rigid";"PROG";"EUR/kWh";2045;"0.051";"Sensitivity | Removed policies | Removed diesel efficiency gains";"Electricity"
"OPEX";"Taxes";"DE";"Taxes, Fees, Levies and charges - MCS";"Tractor-Trailer";"PROG";"EUR/kWh";2045;"0.051";"Sensitivity | Removed policies | Removed diesel efficiency gains";"Electricity"
"OPEX";"Taxes";"ES";"Taxes, Fees, Levies and charges - MCS";"Rigid";"PROG";"EUR/kWh";2045;"0.026";"Sensitivity | Removed policies | Removed diesel efficiency gains";"Electricity"
"OPEX";"Taxes";"ES";"Taxes, Fees, Levies and charges - MCS";"Tractor-Trailer";"PROG";"EUR/kWh";2045;"0.026";"Sensitivity | Removed policies | Removed diesel efficiency gains";"Electricity"
"OPEX";"Taxes";"FR";"Taxes, Fees, Levies and charges - MCS";"Rigid";"PROG";"EUR/kWh";2045;"0.022";"Sensitivity | Removed policies | Removed diesel efficiency gains";"Electricity"
"OPEX";"Taxes";"FR";"Taxes, Fees, Levies and charges - MCS";"Tractor-Trailer";"PROG";"EUR/kWh";2045;"0.022";"Sensitivity | Removed policies | Removed diesel efficiency gains";"Electricity"
"OPEX";"Taxes";"IT";"Taxes, Fees, Levies and charges - MCS";"Rigid";"PROG";"EUR/kWh";2045;"0.034";"Sensitivity | Removed policies | Removed diesel efficiency gains";"Electricity"
"OPEX";"Taxes";"IT";"Taxes, Fees, Levies and charges - MCS";"Tractor-Trailer";"PROG";"EUR/kWh";2045;"0.034";"Sensitivity | Removed policies | Removed diesel efficiency gains";"Electricity"
"OPEX";"Taxes";"NL";"Taxes, Fees, Levies and charges - MCS";"Rigid";"PROG";"EUR/kWh";2045;"0.023";"Sensitivity | Removed policies | Removed diesel efficiency gains";"Electricity"
"OPEX";"Taxes";"NL";"Taxes, Fees, Levies and charges - MCS";"Tractor-Trailer";"PROG";"EUR/kWh";2045;"0.023";"Sensitivity | Removed policies | Removed diesel efficiency gains";"Electricity"
"OPEX";"Taxes";"PL";"Taxes, Fees, Levies and charges - MCS";"Rigid";"PROG";"EUR/kWh";2045;"0.045";"Sensitivity | Removed policies | Removed diesel efficiency gains";"Electricity"
"OPEX";"Taxes";"PL";"Taxes, Fees, Levies and charges - MCS";"Tractor-Trailer";"PROG";"EUR/kWh";2045;"0.045";"Sensitivity | Removed policies | Removed diesel efficiency gains";"Electricity"
"OPEX";"Taxes";"UK";"Taxes, Fees, Levies and charges - MCS";"Rigid";"PROG";"EUR/kWh";2045;"0.074";"Sensitivity | Removed policies | Removed diesel efficiency gains";"Electricity"
"OPEX";"Taxes";"UK";"Taxes, Fees, Levies and charges - MCS";"Tractor-Trailer";"PROG";"EUR/kWh";2045;"0.074";"Sensitivity | Removed policies | Removed diesel efficiency gains";"Electricity"
"OPEX";"Taxes";"DE";"Network Costs - Depot";"Rigid";"PROG";"EUR/kWh";2045;"0.034";"Sensitivity | Removed policies | Removed diesel efficiency gains";"Electricity"
"OPEX";"Taxes";"DE";"Network Costs - Depot";"Tractor-Trailer";"PROG";"EUR/kWh";2045;"0.034";"Sensitivity | Removed policies | Removed diesel efficiency gains";"Electricity"
"OPEX";"Taxes";"ES";"Network Costs - Depot";"Rigid";"PROG";"EUR/kWh";2045;"0.018";"Sensitivity | Removed policies | Removed diesel efficiency gains";"Electricity"
"OPEX";"Taxes";"ES";"Network Costs - Depot";"Tractor-Trailer";"PROG";"EUR/kWh";2045;"0.018";"Sensitivity | Removed policies | Removed diesel efficiency gains";"Electricity"
"OPEX";"Taxes";"FR";"Network Costs - Depot";"Rigid";"PROG";"EUR/kWh";2045;"0.018";"Sensitivity | Removed policies | Removed diesel efficiency gains";"Electricity"
"OPEX";"Taxes";"FR";"Network Costs - Depot";"Tractor-Trailer";"PROG";"EUR/kWh";2045;"0.018";"Sensitivity | Removed policies | Removed diesel efficiency gains";"Electricity"
"OPEX";"Taxes";"IT";"Network Costs - Depot";"Rigid";"PROG";"EUR/kWh";2045;"0.016";"Sensitivity | Removed policies | Removed diesel efficiency gains";"Electricity"
"OPEX";"Taxes";"IT";"Network Costs - Depot";"Tractor-Trailer";"PROG";"EUR/kWh";2045;"0.016";"Sensitivity | Removed policies | Removed diesel efficiency gains";"Electricity"
"OPEX";"Taxes";"NL";"Network Costs - Depot";"Rigid";"PROG";"EUR/kWh";2045;"0.016";"Sensitivity | Removed policies | Removed diesel efficiency gains";"Electricity"
"OPEX";"Taxes";"NL";"Network Costs - Depot";"Tractor-Trailer";"PROG";"EUR/kWh";2045;"0.016";"Sensitivity | Removed policies | Removed diesel efficiency gains";"Electricity"
"OPEX";"Taxes";"PL";"Network Costs - Depot";"Rigid";"PROG";"EUR/kWh";2045;"0.019";"Sensitivity | Removed policies | Removed diesel efficiency gains";"Electricity"
"OPEX";"Taxes";"PL";"Network Costs - Depot";"Tractor-Trailer";"PROG";"EUR/kWh";2045;"0.019";"Sensitivity | Removed policies | Removed diesel efficiency gains";"Electricity"
"OPEX";"Taxes";"UK";"Network Costs - Depot";"Rigid";"PROG";"EUR/kWh";2045;"0.027";"Sensitivity | Removed policies | Removed diesel efficiency gains";"Electricity"
"OPEX";"Taxes";"UK";"Network Costs - Depot";"Tractor-Trailer";"PROG";"EUR/kWh";2045;"0.027";"Sensitivity | Removed policies | Removed diesel efficiency gains";"Electricity"
"OPEX";"Taxes";"DE";"Taxes, Fees, Levies and charges - Depot";"Rigid";"PROG";"EUR/kWh";2045;"0.056";"Sensitivity | Removed policies | Removed diesel efficiency gains";"Electricity"
"OPEX";"Taxes";"DE";"Taxes, Fees, Levies and charges - Depot";"Tractor-Trailer";"PROG";"EUR/kWh";2045;"0.056";"Sensitivity | Removed policies | Removed diesel efficiency gains";"Electricity"
"OPEX";"Taxes";"ES";"Taxes, Fees, Levies and charges - Depot";"Rigid";"PROG";"EUR/kWh";2045;"0.036";"Sensitivity | Removed policies | Removed diesel efficiency gains";"Electricity"
"OPEX";"Taxes";"ES";"Taxes, Fees, Levies and charges - Depot";"Tractor-Trailer";"PROG";"EUR/kWh";2045;"0.036";"Sensitivity | Removed policies | Removed diesel efficiency gains";"Electricity"
"OPEX";"Taxes";"FR";"Taxes, Fees, Levies and charges - Depot";"Rigid";"PROG";"EUR/kWh";2045;"0.03";"Sensitivity | Removed policies | Removed diesel efficiency gains";"Electricity"
"OPEX";"Taxes";"FR";"Taxes, Fees, Levies and charges - Depot";"Tractor-Trailer";"PROG";"EUR/kWh";2045;"0.03";"Sensitivity | Removed policies | Removed diesel efficiency gains";"Electricity"
"OPEX";"Taxes";"IT";"Taxes, Fees, Levies and charges - Depot";"Rigid";"PROG";"EUR/kWh";2045;"0.063";"Sensitivity | Removed policies | Removed diesel efficiency gains";"Electricity"
"OPEX";"Taxes";"IT";"Taxes, Fees, Levies and charges - Depot";"Tractor-Trailer";"PROG";"EUR/kWh";2045;"0.063";"Sensitivity | Removed policies | Removed diesel efficiency gains";"Electricity"
"OPEX";"Taxes";"NL";"Taxes, Fees, Levies and charges - Depot";"Rigid";"PROG";"EUR/kWh";2045;"0.055";"Sensitivity | Removed policies | Removed diesel efficiency gains";"Electricity"
"OPEX";"Taxes";"NL";"Taxes, Fees, Levies and charges - Depot";"Tractor-Trailer";"PROG";"EUR/kWh";2045;"0.055";"Sensitivity | Removed policies | Removed diesel efficiency gains";"Electricity"
"OPEX";"Taxes";"PL";"Taxes, Fees, Levies and charges - Depot";"Rigid";"PROG";"EUR/kWh";2045;"0.049";"Sensitivity | Removed policies | Removed diesel efficiency gains";"Electricity"
"OPEX";"Taxes";"PL";"Taxes, Fees, Levies and charges - Depot";"Tractor-Trailer";"PROG";"EUR/kWh";2045;"0.049";"Sensitivity | Removed policies | Removed diesel efficiency gains";"Electricity"
"OPEX";"Taxes";"UK";"Taxes, Fees, Levies and charges - Depot";"Rigid";"PROG";"EUR/kWh";2045;"0.077";"Sensitivity | Removed policies | Removed diesel efficiency gains";"Electricity"
"OPEX";"Taxes";"UK";"Taxes, Fees, Levies and charges - Depot";"Tractor-Trailer";"PROG";"EUR/kWh";2045;"0.077";"Sensitivity | Removed policies | Removed diesel efficiency gains";"Electricity"
"OPEX";"H2 Infrastructure";"DE";"HRS costs";"Rigid";"PROG";"EUR/kg H2";2045;"0.65";"Sensitivity | Removed policies | Removed diesel efficiency gains";"Hydrogen"
"OPEX";"H2 Infrastructure";"DE";"HRS costs";"Tractor-Trailer";"PROG";"EUR/kg H2";2045;"0.65";"Sensitivity | Removed policies | Removed diesel efficiency gains";"Hydrogen"
"OPEX";"H2 Infrastructure";"ES";"HRS costs";"Rigid";"PROG";"EUR/kg H2";2045;"0.65";"Sensitivity | Removed policies | Removed diesel efficiency gains";"Hydrogen"
"OPEX";"H2 Infrastructure";"ES";"HRS costs";"Tractor-Trailer";"PROG";"EUR/kg H2";2045;"0.65";"Sensitivity | Removed policies | Removed diesel efficiency gains";"Hydrogen"
"OPEX";"H2 Infrastructure";"FR";"HRS costs";"Rigid";"PROG";"EUR/kg H2";2045;"0.65";"Sensitivity | Removed policies | Removed diesel efficiency gains";"Hydrogen"
"OPEX";"H2 Infrastructure";"FR";"HRS costs";"Tractor-Trailer";"PROG";"EUR/kg H2";2045;"0.65";"Sensitivity | Removed policies | Removed diesel efficiency gains";"Hydrogen"
"OPEX";"H2 Infrastructure";"IT";"HRS costs";"Rigid";"PROG";"EUR/kg H2";2045;"0.65";"Sensitivity | Removed policies | Removed diesel efficiency gains";"Hydrogen"
"OPEX";"H2 Infrastructure";"IT";"HRS costs";"Tractor-Trailer";"PROG";"EUR/kg H2";2045;"0.65";"Sensitivity | Removed policies | Removed diesel efficiency gains";"Hydrogen"
"OPEX";"H2 Infrastructure";"NL";"HRS costs";"Rigid";"PROG";"EUR/kg H2";2045;"0.65";"Sensitivity | Removed policies | Removed diesel efficiency gains";"Hydrogen"
"OPEX";"H2 Infrastructure";"NL";"HRS costs";"Tractor-Trailer";"PROG";"EUR/kg H2";2045;"0.65";"Sensitivity | Removed policies | Removed diesel efficiency gains";"Hydrogen"
"OPEX";"H2 Infrastructure";"PL";"HRS costs";"Rigid";"PROG";"EUR/kg H2";2045;"0.65";"Sensitivity | Removed policies | Removed diesel efficiency gains";"Hydrogen"
"OPEX";"H2 Infrastructure";"PL";"HRS costs";"Tractor-Trailer";"PROG";"EUR/kg H2";2045;"0.65";"Sensitivity | Removed policies | Removed diesel efficiency gains";"Hydrogen"
"OPEX";"H2 Infrastructure";"UK";"HRS costs";"Rigid";"PROG";"EUR/kg H2";2045;"0.65";"Sensitivity | Removed policies | Removed diesel efficiency gains";"Hydrogen"
"OPEX";"H2 Infrastructure";"UK";"HRS costs";"Tractor-Trailer";"PROG";"EUR/kg H2";2045;"0.65";"Sensitivity | Removed policies | Removed diesel efficiency gains";"Hydrogen"
"OPEX";"H2 Infrastructure";"DE";"H2 transport and distribution";"Rigid";"PROG";"EUR/kg H2";2045;"0.667";"Sensitivity | Removed policies | Removed diesel efficiency gains";"Hydrogen"
"OPEX";"H2 Infrastructure";"DE";"H2 transport and distribution";"Tractor-Trailer";"PROG";"EUR/kg H2";2045;"0.667";"Sensitivity | Removed policies | Removed diesel efficiency gains";"Hydrogen"
"OPEX";"H2 Infrastructure";"ES";"H2 transport and distribution";"Rigid";"PROG";"EUR/kg H2";2045;"0.667";"Sensitivity | Removed policies | Removed diesel efficiency gains";"Hydrogen"
"OPEX";"H2 Infrastructure";"ES";"H2 transport and distribution";"Tractor-Trailer";"PROG";"EUR/kg H2";2045;"0.667";"Sensitivity | Removed policies | Removed diesel efficiency gains";"Hydrogen"
"OPEX";"H2 Infrastructure";"FR";"H2 transport and distribution";"Rigid";"PROG";"EUR/kg H2";2045;"0.667";"Sensitivity | Removed policies | Removed diesel efficiency gains";"Hydrogen"
"OPEX";"H2 Infrastructure";"FR";"H2 transport and distribution";"Tractor-Trailer";"PROG";"EUR/kg H2";2045;"0.667";"Sensitivity | Removed policies | Removed diesel efficiency gains";"Hydrogen"
"OPEX";"H2 Infrastructure";"IT";"H2 transport and distribution";"Rigid";"PROG";"EUR/kg H2";2045;"0.667";"Sensitivity | Removed policies | Removed diesel efficiency gains";"Hydrogen"
"OPEX";"H2 Infrastructure";"IT";"H2 transport and distribution";"Tractor-Trailer";"PROG";"EUR/kg H2";2045;"0.667";"Sensitivity | Removed policies | Removed diesel efficiency gains";"Hydrogen"
"OPEX";"H2 Infrastructure";"NL";"H2 transport and distribution";"Rigid";"PROG";"EUR/kg H2";2045;"0.667";"Sensitivity | Removed policies | Removed diesel efficiency gains";"Hydrogen"
"OPEX";"H2 Infrastructure";"NL";"H2 transport and distribution";"Tractor-Trailer";"PROG";"EUR/kg H2";2045;"0.667";"Sensitivity | Removed policies | Removed diesel efficiency gains";"Hydrogen"
"OPEX";"H2 Infrastructure";"PL";"H2 transport and distribution";"Rigid";"PROG";"EUR/kg H2";2045;"0.667";"Sensitivity | Removed policies | Removed diesel efficiency gains";"Hydrogen"
"OPEX";"H2 Infrastructure";"PL";"H2 transport and distribution";"Tractor-Trailer";"PROG";"EUR/kg H2";2045;"0.667";"Sensitivity | Removed policies | Removed diesel efficiency gains";"Hydrogen"
"OPEX";"H2 Infrastructure";"UK";"H2 transport and distribution";"Rigid";"PROG";"EUR/kg H2";2045;"0.667";"Sensitivity | Removed policies | Removed diesel efficiency gains";"Hydrogen"
"OPEX";"H2 Infrastructure";"UK";"H2 transport and distribution";"Tractor-Trailer";"PROG";"EUR/kg H2";2045;"0.667";"Sensitivity | Removed policies | Removed diesel efficiency gains";"Hydrogen"
"OPEX";"H2 Infrastructure";"DE";"HRS Overhead, Profit and Mark-Up";"Rigid";"PROG";"EUR/kg H2";2045;"0.25";"Sensitivity | Removed policies | Removed diesel efficiency gains";"Hydrogen"
"OPEX";"H2 Infrastructure";"DE";"HRS Overhead, Profit and Mark-Up";"Tractor-Trailer";"PROG";"EUR/kg H2";2045;"0.25";"Sensitivity | Removed policies | Removed diesel efficiency gains";"Hydrogen"
"OPEX";"H2 Infrastructure";"ES";"HRS Overhead, Profit and Mark-Up";"Rigid";"PROG";"EUR/kg H2";2045;"0.25";"Sensitivity | Removed policies | Removed diesel efficiency gains";"Hydrogen"
"OPEX";"H2 Infrastructure";"ES";"HRS Overhead, Profit and Mark-Up";"Tractor-Trailer";"PROG";"EUR/kg H2";2045;"0.25";"Sensitivity | Removed policies | Removed diesel efficiency gains";"Hydrogen"
"OPEX";"H2 Infrastructure";"FR";"HRS Overhead, Profit and Mark-Up";"Rigid";"PROG";"EUR/kg H2";2045;"0.25";"Sensitivity | Removed policies | Removed diesel efficiency gains";"Hydrogen"
"OPEX";"H2 Infrastructure";"FR";"HRS Overhead, Profit and Mark-Up";"Tractor-Trailer";"PROG";"EUR/kg H2";2045;"0.25";"Sensitivity | Removed policies | Removed diesel efficiency gains";"Hydrogen"
"OPEX";"H2 Infrastructure";"IT";"HRS Overhead, Profit and Mark-Up";"Rigid";"PROG";"EUR/kg H2";2045;"0.25";"Sensitivity | Removed policies | Removed diesel efficiency gains";"Hydrogen"
"OPEX";"H2 Infrastructure";"IT";"HRS Overhead, Profit and Mark-Up";"Tractor-Trailer";"PROG";"EUR/kg H2";2045;"0.25";"Sensitivity | Removed policies | Removed diesel efficiency gains";"Hydrogen"
"OPEX";"H2 Infrastructure";"NL";"HRS Overhead, Profit and Mark-Up";"Rigid";"PROG";"EUR/kg H2";2045;"0.25";"Sensitivity | Removed policies | Removed diesel efficiency gains";"Hydrogen"
"OPEX";"H2 Infrastructure";"NL";"HRS Overhead, Profit and Mark-Up";"Tractor-Trailer";"PROG";"EUR/kg H2";2045;"0.25";"Sensitivity | Removed policies | Removed diesel efficiency gains";"Hydrogen"
"OPEX";"H2 Infrastructure";"PL";"HRS Overhead, Profit and Mark-Up";"Rigid";"PROG";"EUR/kg H2";2045;"0.25";"Sensitivity | Removed policies | Removed diesel efficiency gains";"Hydrogen"
"OPEX";"H2 Infrastructure";"PL";"HRS Overhead, Profit and Mark-Up";"Tractor-Trailer";"PROG";"EUR/kg H2";2045;"0.25";"Sensitivity | Removed policies | Removed diesel efficiency gains";"Hydrogen"
"OPEX";"H2 Infrastructure";"UK";"HRS Overhead, Profit and Mark-Up";"Rigid";"PROG";"EUR/kg H2";2045;"0.25";"Sensitivity | Removed policies | Removed diesel efficiency gains";"Hydrogen"
"OPEX";"H2 Infrastructure";"UK";"HRS Overhead, Profit and Mark-Up";"Tractor-Trailer";"PROG";"EUR/kg H2";2045;"0.25";"Sensitivity | Removed policies | Removed diesel efficiency gains";"Hydrogen"
"OPEX";"Charging Infrastructure";"DE";"MCS Station (Public Charging) - Incl. Overhead";"Rigid";"PROG";"EUR/kWh";2045;"0.015";"Sensitivity | Removed policies | Removed diesel efficiency gains";"Electricity"
"OPEX";"Charging Infrastructure";"DE";"MCS Station (Public Charging) - Incl. Overhead";"Tractor-Trailer";"PROG";"EUR/kWh";2045;"0.015";"Sensitivity | Removed policies | Removed diesel efficiency gains";"Electricity"
"OPEX";"Charging Infrastructure";"ES";"MCS Station (Public Charging) - Incl. Overhead";"Rigid";"PROG";"EUR/kWh";2045;"0.015";"Sensitivity | Removed policies | Removed diesel efficiency gains";"Electricity"
"OPEX";"Charging Infrastructure";"ES";"MCS Station (Public Charging) - Incl. Overhead";"Tractor-Trailer";"PROG";"EUR/kWh";2045;"0.015";"Sensitivity | Removed policies | Removed diesel efficiency gains";"Electricity"
"OPEX";"Charging Infrastructure";"FR";"MCS Station (Public Charging) - Incl. Overhead";"Rigid";"PROG";"EUR/kWh";2045;"0.015";"Sensitivity | Removed policies | Removed diesel efficiency gains";"Electricity"
"OPEX";"Charging Infrastructure";"FR";"MCS Station (Public Charging) - Incl. Overhead";"Tractor-Trailer";"PROG";"EUR/kWh";2045;"0.015";"Sensitivity | Removed policies | Removed diesel efficiency gains";"Electricity"
"OPEX";"Charging Infrastructure";"IT";"MCS Station (Public Charging) - Incl. Overhead";"Rigid";"PROG";"EUR/kWh";2045;"0.015";"Sensitivity | Removed policies | Removed diesel efficiency gains";"Electricity"
"OPEX";"Charging Infrastructure";"IT";"MCS Station (Public Charging) - Incl. Overhead";"Tractor-Trailer";"PROG";"EUR/kWh";2045;"0.015";"Sensitivity | Removed policies | Removed diesel efficiency gains";"Electricity"
"OPEX";"Charging Infrastructure";"NL";"MCS Station (Public Charging) - Incl. Overhead";"Rigid";"PROG";"EUR/kWh";2045;"0.015";"Sensitivity | Removed policies | Removed diesel efficiency gains";"Electricity"
"OPEX";"Charging Infrastructure";"NL";"MCS Station (Public Charging) - Incl. Overhead";"Tractor-Trailer";"PROG";"EUR/kWh";2045;"0.015";"Sensitivity | Removed policies | Removed diesel efficiency gains";"Electricity"
"OPEX";"Charging Infrastructure";"PL";"MCS Station (Public Charging) - Incl. Overhead";"Rigid";"PROG";"EUR/kWh";2045;"0.015";"Sensitivity | Removed policies | Removed diesel efficiency gains";"Electricity"
"OPEX";"Charging Infrastructure";"PL";"MCS Station (Public Charging) - Incl. Overhead";"Tractor-Trailer";"PROG";"EUR/kWh";2045;"0.015";"Sensitivity | Removed policies | Removed diesel efficiency gains";"Electricity"
"OPEX";"Charging Infrastructure";"UK";"MCS Station (Public Charging) - Incl. Overhead";"Rigid";"PROG";"EUR/kWh";2045;"0.015";"Sensitivity | Removed policies | Removed diesel efficiency gains";"Electricity"
"OPEX";"Charging Infrastructure";"UK";"MCS Station (Public Charging) - Incl. Overhead";"Tractor-Trailer";"PROG";"EUR/kWh";2045;"0.015";"Sensitivity | Removed policies | Removed diesel efficiency gains";"Electricity"
"OPEX";"Charging Infrastructure";"DE";"Share MCS-Charging";"Rigid";"PROG";"%";2045;"0.2";"Sensitivity | Removed policies | Removed diesel efficiency gains";"Electricity"
"OPEX";"Charging Infrastructure";"DE";"Share MCS-Charging";"Tractor-Trailer";"PROG";"%";2045;"0.2";"Sensitivity | Removed policies | Removed diesel efficiency gains";"Electricity"
"OPEX";"Charging Infrastructure";"ES";"Share MCS-Charging";"Rigid";"PROG";"%";2045;"0.2";"Sensitivity | Removed policies | Removed diesel efficiency gains";"Electricity"
"OPEX";"Charging Infrastructure";"ES";"Share MCS-Charging";"Tractor-Trailer";"PROG";"%";2045;"0.2";"Sensitivity | Removed policies | Removed diesel efficiency gains";"Electricity"
"OPEX";"Charging Infrastructure";"FR";"Share MCS-Charging";"Rigid";"PROG";"%";2045;"0.2";"Sensitivity | Removed policies | Removed diesel efficiency gains";"Electricity"
"OPEX";"Charging Infrastructure";"FR";"Share MCS-Charging";"Tractor-Trailer";"PROG";"%";2045;"0.2";"Sensitivity | Removed policies | Removed diesel efficiency gains";"Electricity"
"OPEX";"Charging Infrastructure";"IT";"Share MCS-Charging";"Rigid";"PROG";"%";2045;"0.2";"Sensitivity | Removed policies | Removed diesel efficiency gains";"Electricity"
"OPEX";"Charging Infrastructure";"IT";"Share MCS-Charging";"Tractor-Trailer";"PROG";"%";2045;"0.2";"Sensitivity | Removed policies | Removed diesel efficiency gains";"Electricity"
"OPEX";"Charging Infrastructure";"NL";"Share MCS-Charging";"Rigid";"PROG";"%";2045;"0.2";"Sensitivity | Removed policies | Removed diesel efficiency gains";"Electricity"
"OPEX";"Charging Infrastructure";"NL";"Share MCS-Charging";"Tractor-Trailer";"PROG";"%";2045;"0.2";"Sensitivity | Removed policies | Removed diesel efficiency gains";"Electricity"
"OPEX";"Charging Infrastructure";"PL";"Share MCS-Charging";"Rigid";"PROG";"%";2045;"0.2";"Sensitivity | Removed policies | Removed diesel efficiency gains";"Electricity"
"OPEX";"Charging Infrastructure";"PL";"Share MCS-Charging";"Tractor-Trailer";"PROG";"%";2045;"0.2";"Sensitivity | Removed policies | Removed diesel efficiency gains";"Electricity"
"OPEX";"Charging Infrastructure";"UK";"Share MCS-Charging";"Rigid";"PROG";"%";2045;"0.2";"Sensitivity | Removed policies | Removed diesel efficiency gains";"Electricity"
"OPEX";"Charging Infrastructure";"UK";"Share MCS-Charging";"Tractor-Trailer";"PROG";"%";2045;"0.2";"Sensitivity | Removed policies | Removed diesel efficiency gains";"Electricity"
"OPEX";"Charging Infrastructure";"DE";"Depot - Network fees savings potential";"Rigid";"PROG";"EUR/kWh";2045;"-0.01";"Sensitivity | Removed policies | Removed diesel efficiency gains";"Electricity"
"OPEX";"Charging Infrastructure";"DE";"Depot - Network fees savings potential";"Tractor-Trailer";"PROG";"EUR/kWh";2045;"-0.01";"Sensitivity | Removed policies | Removed diesel efficiency gains";"Electricity"
"OPEX";"Charging Infrastructure";"ES";"Depot - Network fees savings potential";"Rigid";"PROG";"EUR/kWh";2045;"-0.01";"Sensitivity | Removed policies | Removed diesel efficiency gains";"Electricity"
"OPEX";"Charging Infrastructure";"ES";"Depot - Network fees savings potential";"Tractor-Trailer";"PROG";"EUR/kWh";2045;"-0.01";"Sensitivity | Removed policies | Removed diesel efficiency gains";"Electricity"
"OPEX";"Charging Infrastructure";"FR";"Depot - Network fees savings potential";"Rigid";"PROG";"EUR/kWh";2045;"-0.01";"Sensitivity | Removed policies | Removed diesel efficiency gains";"Electricity"
"OPEX";"Charging Infrastructure";"FR";"Depot - Network fees savings potential";"Tractor-Trailer";"PROG";"EUR/kWh";2045;"-0.01";"Sensitivity | Removed policies | Removed diesel efficiency gains";"Electricity"
"OPEX";"Charging Infrastructure";"IT";"Depot - Network fees savings potential";"Rigid";"PROG";"EUR/kWh";2045;"-0.01";"Sensitivity | Removed policies | Removed diesel efficiency gains";"Electricity"
"OPEX";"Charging Infrastructure";"IT";"Depot - Network fees savings potential";"Tractor-Trailer";"PROG";"EUR/kWh";2045;"-0.01";"Sensitivity | Removed policies | Removed diesel efficiency gains";"Electricity"
"OPEX";"Charging Infrastructure";"NL";"Depot - Network fees savings potential";"Rigid";"PROG";"EUR/kWh";2045;"-0.01";"Sensitivity | Removed policies | Removed diesel efficiency gains";"Electricity"
"OPEX";"Charging Infrastructure";"NL";"Depot - Network fees savings potential";"Tractor-Trailer";"PROG";"EUR/kWh";2045;"-0.01";"Sensitivity | Removed policies | Removed diesel efficiency gains";"Electricity"
"OPEX";"Charging Infrastructure";"PL";"Depot - Network fees savings potential";"Rigid";"PROG";"EUR/kWh";2045;"-0.01";"Sensitivity | Removed policies | Removed diesel efficiency gains";"Electricity"
"OPEX";"Charging Infrastructure";"PL";"Depot - Network fees savings potential";"Tractor-Trailer";"PROG";"EUR/kWh";2045;"-0.01";"Sensitivity | Removed policies | Removed diesel efficiency gains";"Electricity"
"OPEX";"Charging Infrastructure";"UK";"Depot - Network fees savings potential";"Rigid";"PROG";"EUR/kWh";2045;"-0.01";"Sensitivity | Removed policies | Removed diesel efficiency gains";"Electricity"
"OPEX";"Charging Infrastructure";"UK";"Depot - Network fees savings potential";"Tractor-Trailer";"PROG";"EUR/kWh";2045;"-0.01";"Sensitivity | Removed policies | Removed diesel efficiency gains";"Electricity"
"OPEX";"Taxes";"DE";"Tax reduction";"Rigid";"PROG";"%";2045;"0";"Sensitivity | Removed policies | Removed diesel efficiency gains";"Hydrogen"
"OPEX";"Taxes";"DE";"Tax reduction";"Tractor-Trailer";"PROG";"%";2045;"0";"Sensitivity | Removed policies | Removed diesel efficiency gains";"Hydrogen"
"OPEX";"Taxes";"ES";"Tax reduction";"Rigid";"PROG";"%";2045;"0";"Sensitivity | Removed policies | Removed diesel efficiency gains";"Hydrogen"
"OPEX";"Taxes";"ES";"Tax reduction";"Tractor-Trailer";"PROG";"%";2045;"0";"Sensitivity | Removed policies | Removed diesel efficiency gains";"Hydrogen"
"OPEX";"Taxes";"FR";"Tax reduction";"Rigid";"PROG";"%";2045;"0";"Sensitivity | Removed policies | Removed diesel efficiency gains";"Hydrogen"
"OPEX";"Taxes";"FR";"Tax reduction";"Tractor-Trailer";"PROG";"%";2045;"0";"Sensitivity | Removed policies | Removed diesel efficiency gains";"Hydrogen"
"OPEX";"Taxes";"IT";"Tax reduction";"Rigid";"PROG";"%";2045;"0";"Sensitivity | Removed policies | Removed diesel efficiency gains";"Hydrogen"
"OPEX";"Taxes";"IT";"Tax reduction";"Tractor-Trailer";"PROG";"%";2045;"0";"Sensitivity | Removed policies | Removed diesel efficiency gains";"Hydrogen"
"OPEX";"Taxes";"NL";"Tax reduction";"Rigid";"PROG";"%";2045;"0";"Sensitivity | Removed policies | Removed diesel efficiency gains";"Hydrogen"
"OPEX";"Taxes";"NL";"Tax reduction";"Tractor-Trailer";"PROG";"%";2045;"0";"Sensitivity | Removed policies | Removed diesel efficiency gains";"Hydrogen"
"OPEX";"Taxes";"PL";"Tax reduction";"Rigid";"PROG";"%";2045;"0";"Sensitivity | Removed policies | Removed diesel efficiency gains";"Hydrogen"
"OPEX";"Taxes";"PL";"Tax reduction";"Tractor-Trailer";"PROG";"%";2045;"0";"Sensitivity | Removed policies | Removed diesel efficiency gains";"Hydrogen"
"OPEX";"Taxes";"UK";"Tax reduction";"Rigid";"PROG";"%";2045;"0";"Sensitivity | Removed policies | Removed diesel efficiency gains";"Hydrogen"
"OPEX";"Taxes";"UK";"Tax reduction";"Tractor-Trailer";"PROG";"%";2045;"0";"Sensitivity | Removed policies | Removed diesel efficiency gains";"Hydrogen"
"OPEX";"Taxes";"DE";"Excise Duty - Diesel";"Rigid";"BAU";"EUR/kWh";2045;"0.047";"Sensitivity | Removed policies | Removed diesel efficiency gains";"Diesel"
"OPEX";"Taxes";"DE";"Excise Duty - Diesel";"Tractor-Trailer";"BAU";"EUR/kWh";2045;"0.047";"Sensitivity | Removed policies | Removed diesel efficiency gains";"Diesel"
"OPEX";"Taxes";"DE";"Excise Duty - Diesel";"Rigid";"PROG";"EUR/kWh";2045;"0.047";"Sensitivity | Removed policies | Removed diesel efficiency gains";"Diesel"
"OPEX";"Taxes";"DE";"Excise Duty - Diesel";"Tractor-Trailer";"PROG";"EUR/kWh";2045;"0.047";"Sensitivity | Removed policies | Removed diesel efficiency gains";"Diesel"
"OPEX";"Taxes";"ES";"Excise Duty - Diesel";"Rigid";"BAU";"EUR/kWh";2045;"0.038";"Sensitivity | Removed policies | Removed diesel efficiency gains";"Diesel"
"OPEX";"Taxes";"ES";"Excise Duty - Diesel";"Tractor-Trailer";"BAU";"EUR/kWh";2045;"0.038";"Sensitivity | Removed policies | Removed diesel efficiency gains";"Diesel"
"OPEX";"Taxes";"ES";"Excise Duty - Diesel";"Rigid";"PROG";"EUR/kWh";2045;"0.038";"Sensitivity | Removed policies | Removed diesel efficiency gains";"Diesel"
"OPEX";"Taxes";"ES";"Excise Duty - Diesel";"Tractor-Trailer";"PROG";"EUR/kWh";2045;"0.038";"Sensitivity | Removed policies | Removed diesel efficiency gains";"Diesel"
"OPEX";"Taxes";"FR";"Excise Duty - Diesel";"Rigid";"BAU";"EUR/kWh";2045;"0.06";"Sensitivity | Removed policies | Removed diesel efficiency gains";"Diesel"
"OPEX";"Taxes";"FR";"Excise Duty - Diesel";"Tractor-Trailer";"BAU";"EUR/kWh";2045;"0.06";"Sensitivity | Removed policies | Removed diesel efficiency gains";"Diesel"
"OPEX";"Taxes";"FR";"Excise Duty - Diesel";"Rigid";"PROG";"EUR/kWh";2045;"0.06";"Sensitivity | Removed policies | Removed diesel efficiency gains";"Diesel"
"OPEX";"Taxes";"FR";"Excise Duty - Diesel";"Tractor-Trailer";"PROG";"EUR/kWh";2045;"0.06";"Sensitivity | Removed policies | Removed diesel efficiency gains";"Diesel"
"OPEX";"Taxes";"IT";"Excise Duty - Diesel";"Rigid";"BAU";"EUR/kWh";2045;"0.062";"Sensitivity | Removed policies | Removed diesel efficiency gains";"Diesel"
"OPEX";"Taxes";"IT";"Excise Duty - Diesel";"Tractor-Trailer";"BAU";"EUR/kWh";2045;"0.062";"Sensitivity | Removed policies | Removed diesel efficiency gains";"Diesel"
"OPEX";"Taxes";"IT";"Excise Duty - Diesel";"Rigid";"PROG";"EUR/kWh";2045;"0.062";"Sensitivity | Removed policies | Removed diesel efficiency gains";"Diesel"
"OPEX";"Taxes";"IT";"Excise Duty - Diesel";"Tractor-Trailer";"PROG";"EUR/kWh";2045;"0.062";"Sensitivity | Removed policies | Removed diesel efficiency gains";"Diesel"
"OPEX";"Taxes";"NL";"Excise Duty - Diesel";"Rigid";"BAU";"EUR/kWh";2045;"0.053";"Sensitivity | Removed policies | Removed diesel efficiency gains";"Diesel"
"OPEX";"Taxes";"NL";"Excise Duty - Diesel";"Tractor-Trailer";"BAU";"EUR/kWh";2045;"0.053";"Sensitivity | Removed policies | Removed diesel efficiency gains";"Diesel"
"OPEX";"Taxes";"NL";"Excise Duty - Diesel";"Rigid";"PROG";"EUR/kWh";2045;"0.053";"Sensitivity | Removed policies | Removed diesel efficiency gains";"Diesel"
"OPEX";"Taxes";"NL";"Excise Duty - Diesel";"Tractor-Trailer";"PROG";"EUR/kWh";2045;"0.053";"Sensitivity | Removed policies | Removed diesel efficiency gains";"Diesel"
"OPEX";"Taxes";"PL";"Excise Duty - Diesel";"Rigid";"BAU";"EUR/kWh";2045;"0.033";"Sensitivity | Removed policies | Removed diesel efficiency gains";"Diesel"
"OPEX";"Taxes";"PL";"Excise Duty - Diesel";"Tractor-Trailer";"BAU";"EUR/kWh";2045;"0.033";"Sensitivity | Removed policies | Removed diesel efficiency gains";"Diesel"
"OPEX";"Taxes";"PL";"Excise Duty - Diesel";"Rigid";"PROG";"EUR/kWh";2045;"0.033";"Sensitivity | Removed policies | Removed diesel efficiency gains";"Diesel"
"OPEX";"Taxes";"PL";"Excise Duty - Diesel";"Tractor-Trailer";"PROG";"EUR/kWh";2045;"0.033";"Sensitivity | Removed policies | Removed diesel efficiency gains";"Diesel"
"OPEX";"Taxes";"UK";"Excise Duty - Diesel";"Rigid";"BAU";"EUR/kWh";2045;"0.053";"Sensitivity | Removed policies | Removed diesel efficiency gains";"Diesel"
"OPEX";"Taxes";"UK";"Excise Duty - Diesel";"Tractor-Trailer";"BAU";"EUR/kWh";2045;"0.053";"Sensitivity | Removed policies | Removed diesel efficiency gains";"Diesel"
"OPEX";"Taxes";"UK";"Excise Duty - Diesel";"Rigid";"PROG";"EUR/kWh";2045;"0.053";"Sensitivity | Removed policies | Removed diesel efficiency gains";"Diesel"
"OPEX";"Taxes";"UK";"Excise Duty - Diesel";"Tractor-Trailer";"PROG";"EUR/kWh";2045;"0.053";"Sensitivity | Removed policies | Removed diesel efficiency gains";"Diesel"
"OPEX";"Taxes";"DE";"Excise Duty - Reduction biodiesel";"Rigid";"BAU";"%";2045;"0.5";"Sensitivity | Removed policies | Removed diesel efficiency gains";"Diesel"
"OPEX";"Taxes";"DE";"Excise Duty - Reduction biodiesel";"Tractor-Trailer";"BAU";"%";2045;"0.5";"Sensitivity | Removed policies | Removed diesel efficiency gains";"Diesel"
"OPEX";"Taxes";"DE";"Excise Duty - Reduction biodiesel";"Rigid";"PROG";"%";2045;"0.5";"Sensitivity | Removed policies | Removed diesel efficiency gains";"Diesel"
"OPEX";"Taxes";"DE";"Excise Duty - Reduction biodiesel";"Tractor-Trailer";"PROG";"%";2045;"0.5";"Sensitivity | Removed policies | Removed diesel efficiency gains";"Diesel"
"OPEX";"Taxes";"ES";"Excise Duty - Reduction biodiesel";"Rigid";"BAU";"%";2045;"0.5";"Sensitivity | Removed policies | Removed diesel efficiency gains";"Diesel"
"OPEX";"Taxes";"ES";"Excise Duty - Reduction biodiesel";"Tractor-Trailer";"BAU";"%";2045;"0.5";"Sensitivity | Removed policies | Removed diesel efficiency gains";"Diesel"
"OPEX";"Taxes";"ES";"Excise Duty - Reduction biodiesel";"Rigid";"PROG";"%";2045;"0.5";"Sensitivity | Removed policies | Removed diesel efficiency gains";"Diesel"
"OPEX";"Taxes";"ES";"Excise Duty - Reduction biodiesel";"Tractor-Trailer";"PROG";"%";2045;"0.5";"Sensitivity | Removed policies | Removed diesel efficiency gains";"Diesel"
"OPEX";"Taxes";"FR";"Excise Duty - Reduction biodiesel";"Rigid";"BAU";"%";2045;"0.5";"Sensitivity | Removed policies | Removed diesel efficiency gains";"Diesel"
"OPEX";"Taxes";"FR";"Excise Duty - Reduction biodiesel";"Tractor-Trailer";"BAU";"%";2045;"0.5";"Sensitivity | Removed policies | Removed diesel efficiency gains";"Diesel"
"OPEX";"Taxes";"FR";"Excise Duty - Reduction biodiesel";"Rigid";"PROG";"%";2045;"0.5";"Sensitivity | Removed policies | Removed diesel efficiency gains";"Diesel"
"OPEX";"Taxes";"FR";"Excise Duty - Reduction biodiesel";"Tractor-Trailer";"PROG";"%";2045;"0.5";"Sensitivity | Removed policies | Removed diesel efficiency gains";"Diesel"
"OPEX";"Taxes";"IT";"Excise Duty - Reduction biodiesel";"Rigid";"BAU";"%";2045;"0.5";"Sensitivity | Removed policies | Removed diesel efficiency gains";"Diesel"
"OPEX";"Taxes";"IT";"Excise Duty - Reduction biodiesel";"Tractor-Trailer";"BAU";"%";2045;"0.5";"Sensitivity | Removed policies | Removed diesel efficiency gains";"Diesel"
"OPEX";"Taxes";"IT";"Excise Duty - Reduction biodiesel";"Rigid";"PROG";"%";2045;"0.5";"Sensitivity | Removed policies | Removed diesel efficiency gains";"Diesel"
"OPEX";"Taxes";"IT";"Excise Duty - Reduction biodiesel";"Tractor-Trailer";"PROG";"%";2045;"0.5";"Sensitivity | Removed policies | Removed diesel efficiency gains";"Diesel"
"OPEX";"Taxes";"NL";"Excise Duty - Reduction biodiesel";"Rigid";"BAU";"%";2045;"0.5";"Sensitivity | Removed policies | Removed diesel efficiency gains";"Diesel"
"OPEX";"Taxes";"NL";"Excise Duty - Reduction biodiesel";"Tractor-Trailer";"BAU";"%";2045;"0.5";"Sensitivity | Removed policies | Removed diesel efficiency gains";"Diesel"
"OPEX";"Taxes";"NL";"Excise Duty - Reduction biodiesel";"Rigid";"PROG";"%";2045;"0.5";"Sensitivity | Removed policies | Removed diesel efficiency gains";"Diesel"
"OPEX";"Taxes";"NL";"Excise Duty - Reduction biodiesel";"Tractor-Trailer";"PROG";"%";2045;"0.5";"Sensitivity | Removed policies | Removed diesel efficiency gains";"Diesel"
"OPEX";"Taxes";"PL";"Excise Duty - Reduction biodiesel";"Rigid";"BAU";"%";2045;"0.5";"Sensitivity | Removed policies | Removed diesel efficiency gains";"Diesel"
"OPEX";"Taxes";"PL";"Excise Duty - Reduction biodiesel";"Tractor-Trailer";"BAU";"%";2045;"0.5";"Sensitivity | Removed policies | Removed diesel efficiency gains";"Diesel"
"OPEX";"Taxes";"PL";"Excise Duty - Reduction biodiesel";"Rigid";"PROG";"%";2045;"0.5";"Sensitivity | Removed policies | Removed diesel efficiency gains";"Diesel"
"OPEX";"Taxes";"PL";"Excise Duty - Reduction biodiesel";"Tractor-Trailer";"PROG";"%";2045;"0.5";"Sensitivity | Removed policies | Removed diesel efficiency gains";"Diesel"
"OPEX";"Taxes";"UK";"Excise Duty - Reduction biodiesel";"Rigid";"BAU";"%";2045;"0.5";"Sensitivity | Removed policies | Removed diesel efficiency gains";"Diesel"
"OPEX";"Taxes";"UK";"Excise Duty - Reduction biodiesel";"Tractor-Trailer";"BAU";"%";2045;"0.5";"Sensitivity | Removed policies | Removed diesel efficiency gains";"Diesel"
"OPEX";"Taxes";"UK";"Excise Duty - Reduction biodiesel";"Rigid";"PROG";"%";2045;"0.5";"Sensitivity | Removed policies | Removed diesel efficiency gains";"Diesel"
"OPEX";"Taxes";"UK";"Excise Duty - Reduction biodiesel";"Tractor-Trailer";"PROG";"%";2045;"0.5";"Sensitivity | Removed policies | Removed diesel efficiency gains";"Diesel"
"OPEX";"Taxes";"DE";"Excise Duty - Reduction Synthetic Diesel (E-Fuels)";"Rigid";"BAU";"%";2045;"0.5";"Sensitivity | Removed policies | Removed diesel efficiency gains";"Diesel"
"OPEX";"Taxes";"DE";"Excise Duty - Reduction Synthetic Diesel (E-Fuels)";"Tractor-Trailer";"BAU";"%";2045;"0.5";"Sensitivity | Removed policies | Removed diesel efficiency gains";"Diesel"
"OPEX";"Taxes";"DE";"Excise Duty - Reduction Synthetic Diesel (E-Fuels)";"Rigid";"PROG";"%";2045;"0.5";"Sensitivity | Removed policies | Removed diesel efficiency gains";"Diesel"
"OPEX";"Taxes";"DE";"Excise Duty - Reduction Synthetic Diesel (E-Fuels)";"Tractor-Trailer";"PROG";"%";2045;"0.5";"Sensitivity | Removed policies | Removed diesel efficiency gains";"Diesel"
"OPEX";"Taxes";"ES";"Excise Duty - Reduction Synthetic Diesel (E-Fuels)";"Rigid";"BAU";"%";2045;"0.5";"Sensitivity | Removed policies | Removed diesel efficiency gains";"Diesel"
"OPEX";"Taxes";"ES";"Excise Duty - Reduction Synthetic Diesel (E-Fuels)";"Tractor-Trailer";"BAU";"%";2045;"0.5";"Sensitivity | Removed policies | Removed diesel efficiency gains";"Diesel"
"OPEX";"Taxes";"ES";"Excise Duty - Reduction Synthetic Diesel (E-Fuels)";"Rigid";"PROG";"%";2045;"0.5";"Sensitivity | Removed policies | Removed diesel efficiency gains";"Diesel"
"OPEX";"Taxes";"ES";"Excise Duty - Reduction Synthetic Diesel (E-Fuels)";"Tractor-Trailer";"PROG";"%";2045;"0.5";"Sensitivity | Removed policies | Removed diesel efficiency gains";"Diesel"
"OPEX";"Taxes";"FR";"Excise Duty - Reduction Synthetic Diesel (E-Fuels)";"Rigid";"BAU";"%";2045;"0.5";"Sensitivity | Removed policies | Removed diesel efficiency gains";"Diesel"
"OPEX";"Taxes";"FR";"Excise Duty - Reduction Synthetic Diesel (E-Fuels)";"Tractor-Trailer";"BAU";"%";2045;"0.5";"Sensitivity | Removed policies | Removed diesel efficiency gains";"Diesel"
"OPEX";"Taxes";"FR";"Excise Duty - Reduction Synthetic Diesel (E-Fuels)";"Rigid";"PROG";"%";2045;"0.5";"Sensitivity | Removed policies | Removed diesel efficiency gains";"Diesel"
"OPEX";"Taxes";"FR";"Excise Duty - Reduction Synthetic Diesel (E-Fuels)";"Tractor-Trailer";"PROG";"%";2045;"0.5";"Sensitivity | Removed policies | Removed diesel efficiency gains";"Diesel"
"OPEX";"Taxes";"IT";"Excise Duty - Reduction Synthetic Diesel (E-Fuels)";"Rigid";"BAU";"%";2045;"0.5";"Sensitivity | Removed policies | Removed diesel efficiency gains";"Diesel"
"OPEX";"Taxes";"IT";"Excise Duty - Reduction Synthetic Diesel (E-Fuels)";"Tractor-Trailer";"BAU";"%";2045;"0.5";"Sensitivity | Removed policies | Removed diesel efficiency gains";"Diesel"
"OPEX";"Taxes";"IT";"Excise Duty - Reduction Synthetic Diesel (E-Fuels)";"Rigid";"PROG";"%";2045;"0.5";"Sensitivity | Removed policies | Removed diesel efficiency gains";"Diesel"
"OPEX";"Taxes";"IT";"Excise Duty - Reduction Synthetic Diesel (E-Fuels)";"Tractor-Trailer";"PROG";"%";2045;"0.5";"Sensitivity | Removed policies | Removed diesel efficiency gains";"Diesel"
"OPEX";"Taxes";"NL";"Excise Duty - Reduction Synthetic Diesel (E-Fuels)";"Rigid";"BAU";"%";2045;"0.5";"Sensitivity | Removed policies | Removed diesel efficiency gains";"Diesel"
"OPEX";"Taxes";"NL";"Excise Duty - Reduction Synthetic Diesel (E-Fuels)";"Tractor-Trailer";"BAU";"%";2045;"0.5";"Sensitivity | Removed policies | Removed diesel efficiency gains";"Diesel"
"OPEX";"Taxes";"NL";"Excise Duty - Reduction Synthetic Diesel (E-Fuels)";"Rigid";"PROG";"%";2045;"0.5";"Sensitivity | Removed policies | Removed diesel efficiency gains";"Diesel"
"OPEX";"Taxes";"NL";"Excise Duty - Reduction Synthetic Diesel (E-Fuels)";"Tractor-Trailer";"PROG";"%";2045;"0.5";"Sensitivity | Removed policies | Removed diesel efficiency gains";"Diesel"
"OPEX";"Taxes";"PL";"Excise Duty - Reduction Synthetic Diesel (E-Fuels)";"Rigid";"BAU";"%";2045;"0.5";"Sensitivity | Removed policies | Removed diesel efficiency gains";"Diesel"
"OPEX";"Taxes";"PL";"Excise Duty - Reduction Synthetic Diesel (E-Fuels)";"Tractor-Trailer";"BAU";"%";2045;"0.5";"Sensitivity | Removed policies | Removed diesel efficiency gains";"Diesel"
"OPEX";"Taxes";"PL";"Excise Duty - Reduction Synthetic Diesel (E-Fuels)";"Rigid";"PROG";"%";2045;"0.5";"Sensitivity | Removed policies | Removed diesel efficiency gains";"Diesel"
"OPEX";"Taxes";"PL";"Excise Duty - Reduction Synthetic Diesel (E-Fuels)";"Tractor-Trailer";"PROG";"%";2045;"0.5";"Sensitivity | Removed policies | Removed diesel efficiency gains";"Diesel"
"OPEX";"Taxes";"UK";"Excise Duty - Reduction Synthetic Diesel (E-Fuels)";"Rigid";"BAU";"%";2045;"0.5";"Sensitivity | Removed policies | Removed diesel efficiency gains";"Diesel"
"OPEX";"Taxes";"UK";"Excise Duty - Reduction Synthetic Diesel (E-Fuels)";"Tractor-Trailer";"BAU";"%";2045;"0.5";"Sensitivity | Removed policies | Removed diesel efficiency gains";"Diesel"
"OPEX";"Taxes";"UK";"Excise Duty - Reduction Synthetic Diesel (E-Fuels)";"Rigid";"PROG";"%";2045;"0.5";"Sensitivity | Removed policies | Removed diesel efficiency gains";"Diesel"
"OPEX";"Taxes";"UK";"Excise Duty - Reduction Synthetic Diesel (E-Fuels)";"Tractor-Trailer";"PROG";"%";2045;"0.5";"Sensitivity | Removed policies | Removed diesel efficiency gains";"Diesel"
"OPEX";"Taxes";"DE";"Taxes, Fees, Levies and charges - H2";"Rigid";"BAU";"EUR/kWh";2045;"0.015";"Sensitivity | Removed policies | Removed diesel efficiency gains";"Hydrogen"
"OPEX";"Taxes";"DE";"Taxes, Fees, Levies and charges - H2";"Tractor-Trailer";"BAU";"EUR/kWh";2045;"0.015";"Sensitivity | Removed policies | Removed diesel efficiency gains";"Hydrogen"
"OPEX";"Taxes";"DE";"Taxes, Fees, Levies and charges - H2";"Rigid";"PROG";"EUR/kWh";2045;"0.015";"Sensitivity | Removed policies | Removed diesel efficiency gains";"Hydrogen"
"OPEX";"Taxes";"DE";"Taxes, Fees, Levies and charges - H2";"Tractor-Trailer";"PROG";"EUR/kWh";2045;"0.015";"Sensitivity | Removed policies | Removed diesel efficiency gains";"Hydrogen"
"OPEX";"Taxes";"ES";"Taxes, Fees, Levies and charges - H2";"Rigid";"BAU";"EUR/kWh";2045;"0.008";"Sensitivity | Removed policies | Removed diesel efficiency gains";"Hydrogen"
"OPEX";"Taxes";"ES";"Taxes, Fees, Levies and charges - H2";"Tractor-Trailer";"BAU";"EUR/kWh";2045;"0.008";"Sensitivity | Removed policies | Removed diesel efficiency gains";"Hydrogen"
"OPEX";"Taxes";"ES";"Taxes, Fees, Levies and charges - H2";"Rigid";"PROG";"EUR/kWh";2045;"0.008";"Sensitivity | Removed policies | Removed diesel efficiency gains";"Hydrogen"
"OPEX";"Taxes";"ES";"Taxes, Fees, Levies and charges - H2";"Tractor-Trailer";"PROG";"EUR/kWh";2045;"0.008";"Sensitivity | Removed policies | Removed diesel efficiency gains";"Hydrogen"
"OPEX";"Taxes";"FR";"Taxes, Fees, Levies and charges - H2";"Rigid";"BAU";"EUR/kWh";2045;"0.012";"Sensitivity | Removed policies | Removed diesel efficiency gains";"Hydrogen"
"OPEX";"Taxes";"FR";"Taxes, Fees, Levies and charges - H2";"Tractor-Trailer";"BAU";"EUR/kWh";2045;"0.012";"Sensitivity | Removed policies | Removed diesel efficiency gains";"Hydrogen"
"OPEX";"Taxes";"FR";"Taxes, Fees, Levies and charges - H2";"Rigid";"PROG";"EUR/kWh";2045;"0.012";"Sensitivity | Removed policies | Removed diesel efficiency gains";"Hydrogen"
"OPEX";"Taxes";"FR";"Taxes, Fees, Levies and charges - H2";"Tractor-Trailer";"PROG";"EUR/kWh";2045;"0.012";"Sensitivity | Removed policies | Removed diesel efficiency gains";"Hydrogen"
"OPEX";"Taxes";"IT";"Taxes, Fees, Levies and charges - H2";"Rigid";"BAU";"EUR/kWh";2045;"0.009";"Sensitivity | Removed policies | Removed diesel efficiency gains";"Hydrogen"
"OPEX";"Taxes";"IT";"Taxes, Fees, Levies and charges - H2";"Tractor-Trailer";"BAU";"EUR/kWh";2045;"0.009";"Sensitivity | Removed policies | Removed diesel efficiency gains";"Hydrogen"
"OPEX";"Taxes";"IT";"Taxes, Fees, Levies and charges - H2";"Rigid";"PROG";"EUR/kWh";2045;"0.009";"Sensitivity | Removed policies | Removed diesel efficiency gains";"Hydrogen"
"OPEX";"Taxes";"IT";"Taxes, Fees, Levies and charges - H2";"Tractor-Trailer";"PROG";"EUR/kWh";2045;"0.009";"Sensitivity | Removed policies | Removed diesel efficiency gains";"Hydrogen"
"OPEX";"Taxes";"NL";"Taxes, Fees, Levies and charges - H2";"Rigid";"BAU";"EUR/kWh";2045;"0.024";"Sensitivity | Removed policies | Removed diesel efficiency gains";"Hydrogen"
"OPEX";"Taxes";"NL";"Taxes, Fees, Levies and charges - H2";"Tractor-Trailer";"BAU";"EUR/kWh";2045;"0.024";"Sensitivity | Removed policies | Removed diesel efficiency gains";"Hydrogen"
"OPEX";"Taxes";"NL";"Taxes, Fees, Levies and charges - H2";"Rigid";"PROG";"EUR/kWh";2045;"0.024";"Sensitivity | Removed policies | Removed diesel efficiency gains";"Hydrogen"
"OPEX";"Taxes";"NL";"Taxes, Fees, Levies and charges - H2";"Tractor-Trailer";"PROG";"EUR/kWh";2045;"0.024";"Sensitivity | Removed policies | Removed diesel efficiency gains";"Hydrogen"
"OPEX";"Taxes";"PL";"Taxes, Fees, Levies and charges - H2";"Rigid";"BAU";"EUR/kWh";2045;"0.009";"Sensitivity | Removed policies | Removed diesel efficiency gains";"Hydrogen"
"OPEX";"Taxes";"PL";"Taxes, Fees, Levies and charges - H2";"Tractor-Trailer";"BAU";"EUR/kWh";2045;"0.009";"Sensitivity | Removed policies | Removed diesel efficiency gains";"Hydrogen"
"OPEX";"Taxes";"PL";"Taxes, Fees, Levies and charges - H2";"Rigid";"PROG";"EUR/kWh";2045;"0.009";"Sensitivity | Removed policies | Removed diesel efficiency gains";"Hydrogen"
"OPEX";"Taxes";"PL";"Taxes, Fees, Levies and charges - H2";"Tractor-Trailer";"PROG";"EUR/kWh";2045;"0.009";"Sensitivity | Removed policies | Removed diesel efficiency gains";"Hydrogen"
"OPEX";"Taxes";"UK";"Taxes, Fees, Levies and charges - H2";"Rigid";"BAU";"EUR/kWh";2045;"0.006";"Sensitivity | Removed policies | Removed diesel efficiency gains";"Hydrogen"
"OPEX";"Taxes";"UK";"Taxes, Fees, Levies and charges - H2";"Tractor-Trailer";"BAU";"EUR/kWh";2045;"0.006";"Sensitivity | Removed policies | Removed diesel efficiency gains";"Hydrogen"
"OPEX";"Taxes";"UK";"Taxes, Fees, Levies and charges - H2";"Rigid";"PROG";"EUR/kWh";2045;"0.006";"Sensitivity | Removed policies | Removed diesel efficiency gains";"Hydrogen"
"OPEX";"Taxes";"UK";"Taxes, Fees, Levies and charges - H2";"Tractor-Trailer";"PROG";"EUR/kWh";2045;"0.006";"Sensitivity | Removed policies | Removed diesel efficiency gains";"Hydrogen"
"OPEX";"Charging Infrastructure";"DE";"MCS grid extension";"Rigid";"PROG";"EUR/kWh";2045;"0.045";"Sensitivity | Removed policies | Removed diesel efficiency gains";"Electricity"
"OPEX";"Charging Infrastructure";"DE";"MCS grid extension";"Tractor-Trailer";"PROG";"EUR/kWh";2045;"0.045";"Sensitivity | Removed policies | Removed diesel efficiency gains";"Electricity"
"OPEX";"Charging Infrastructure";"DE";"MCS grid extension";"Rigid";"BAU";"EUR/kWh";2045;"0.045";"Sensitivity | Removed policies | Removed diesel efficiency gains";"Electricity"
"OPEX";"Charging Infrastructure";"DE";"MCS grid extension";"Tractor-Trailer";"BAU";"EUR/kWh";2045;"0.045";"Sensitivity | Removed policies | Removed diesel efficiency gains";"Electricity"
"OPEX";"Charging Infrastructure";"ES";"MCS grid extension";"Rigid";"PROG";"EUR/kWh";2045;"0.045";"Sensitivity | Removed policies | Removed diesel efficiency gains";"Electricity"
"OPEX";"Charging Infrastructure";"ES";"MCS grid extension";"Tractor-Trailer";"PROG";"EUR/kWh";2045;"0.045";"Sensitivity | Removed policies | Removed diesel efficiency gains";"Electricity"
"OPEX";"Charging Infrastructure";"ES";"MCS grid extension";"Rigid";"BAU";"EUR/kWh";2045;"0.045";"Sensitivity | Removed policies | Removed diesel efficiency gains";"Electricity"
"OPEX";"Charging Infrastructure";"ES";"MCS grid extension";"Tractor-Trailer";"BAU";"EUR/kWh";2045;"0.045";"Sensitivity | Removed policies | Removed diesel efficiency gains";"Electricity"
"OPEX";"Charging Infrastructure";"FR";"MCS grid extension";"Rigid";"PROG";"EUR/kWh";2045;"0.045";"Sensitivity | Removed policies | Removed diesel efficiency gains";"Electricity"
"OPEX";"Charging Infrastructure";"FR";"MCS grid extension";"Tractor-Trailer";"PROG";"EUR/kWh";2045;"0.045";"Sensitivity | Removed policies | Removed diesel efficiency gains";"Electricity"
"OPEX";"Charging Infrastructure";"FR";"MCS grid extension";"Rigid";"BAU";"EUR/kWh";2045;"0.045";"Sensitivity | Removed policies | Removed diesel efficiency gains";"Electricity"
"OPEX";"Charging Infrastructure";"FR";"MCS grid extension";"Tractor-Trailer";"BAU";"EUR/kWh";2045;"0.045";"Sensitivity | Removed policies | Removed diesel efficiency gains";"Electricity"
"OPEX";"Charging Infrastructure";"IT";"MCS grid extension";"Rigid";"PROG";"EUR/kWh";2045;"0.045";"Sensitivity | Removed policies | Removed diesel efficiency gains";"Electricity"
"OPEX";"Charging Infrastructure";"IT";"MCS grid extension";"Tractor-Trailer";"PROG";"EUR/kWh";2045;"0.045";"Sensitivity | Removed policies | Removed diesel efficiency gains";"Electricity"
"OPEX";"Charging Infrastructure";"IT";"MCS grid extension";"Rigid";"BAU";"EUR/kWh";2045;"0.045";"Sensitivity | Removed policies | Removed diesel efficiency gains";"Electricity"
"OPEX";"Charging Infrastructure";"IT";"MCS grid extension";"Tractor-Trailer";"BAU";"EUR/kWh";2045;"0.045";"Sensitivity | Removed policies | Removed diesel efficiency gains";"Electricity"
"OPEX";"Charging Infrastructure";"NL";"MCS grid extension";"Rigid";"PROG";"EUR/kWh";2045;"0.045";"Sensitivity | Removed policies | Removed diesel efficiency gains";"Electricity"
"OPEX";"Charging Infrastructure";"NL";"MCS grid extension";"Tractor-Trailer";"PROG";"EUR/kWh";2045;"0.045";"Sensitivity | Removed policies | Removed diesel efficiency gains";"Electricity"
"OPEX";"Charging Infrastructure";"NL";"MCS grid extension";"Rigid";"BAU";"EUR/kWh";2045;"0.045";"Sensitivity | Removed policies | Removed diesel efficiency gains";"Electricity"
"OPEX";"Charging Infrastructure";"NL";"MCS grid extension";"Tractor-Trailer";"BAU";"EUR/kWh";2045;"0.045";"Sensitivity | Removed policies | Removed diesel efficiency gains";"Electricity"
"OPEX";"Charging Infrastructure";"PL";"MCS grid extension";"Rigid";"PROG";"EUR/kWh";2045;"0.045";"Sensitivity | Removed policies | Removed diesel efficiency gains";"Electricity"
"OPEX";"Charging Infrastructure";"PL";"MCS grid extension";"Tractor-Trailer";"PROG";"EUR/kWh";2045;"0.045";"Sensitivity | Removed policies | Removed diesel efficiency gains";"Electricity"
"OPEX";"Charging Infrastructure";"PL";"MCS grid extension";"Rigid";"BAU";"EUR/kWh";2045;"0.045";"Sensitivity | Removed policies | Removed diesel efficiency gains";"Electricity"
"OPEX";"Charging Infrastructure";"PL";"MCS grid extension";"Tractor-Trailer";"BAU";"EUR/kWh";2045;"0.045";"Sensitivity | Removed policies | Removed diesel efficiency gains";"Electricity"
"OPEX";"Charging Infrastructure";"UK";"MCS grid extension";"Rigid";"PROG";"EUR/kWh";2045;"0.045";"Sensitivity | Removed policies | Removed diesel efficiency gains";"Electricity"
"OPEX";"Charging Infrastructure";"UK";"MCS grid extension";"Tractor-Trailer";"PROG";"EUR/kWh";2045;"0.045";"Sensitivity | Removed policies | Removed diesel efficiency gains";"Electricity"
"OPEX";"Charging Infrastructure";"UK";"MCS grid extension";"Rigid";"BAU";"EUR/kWh";2045;"0.045";"Sensitivity | Removed policies | Removed diesel efficiency gains";"Electricity"
"OPEX";"Charging Infrastructure";"UK";"MCS grid extension";"Tractor-Trailer";"BAU";"EUR/kWh";2045;"0.045";"Sensitivity | Removed policies | Removed diesel efficiency gains";"Electricity"
"OPEX";"Charging Infrastructure";"DE";"MCS Profit and Mark-Up";"Rigid";"PROG";"%";2045;"0.1";"Sensitivity | Removed policies | Removed diesel efficiency gains";"Electricity"
"OPEX";"Charging Infrastructure";"DE";"MCS Profit and Mark-Up";"Tractor-Trailer";"PROG";"%";2045;"0.1";"Sensitivity | Removed policies | Removed diesel efficiency gains";"Electricity"
"OPEX";"Charging Infrastructure";"DE";"MCS Profit and Mark-Up";"Rigid";"BAU";"%";2045;"0.1";"Sensitivity | Removed policies | Removed diesel efficiency gains";"Electricity"
"OPEX";"Charging Infrastructure";"DE";"MCS Profit and Mark-Up";"Tractor-Trailer";"BAU";"%";2045;"0.1";"Sensitivity | Removed policies | Removed diesel efficiency gains";"Electricity"
"OPEX";"Charging Infrastructure";"ES";"MCS Profit and Mark-Up";"Rigid";"PROG";"%";2045;"0.1";"Sensitivity | Removed policies | Removed diesel efficiency gains";"Electricity"
"OPEX";"Charging Infrastructure";"ES";"MCS Profit and Mark-Up";"Tractor-Trailer";"PROG";"%";2045;"0.1";"Sensitivity | Removed policies | Removed diesel efficiency gains";"Electricity"
"OPEX";"Charging Infrastructure";"ES";"MCS Profit and Mark-Up";"Rigid";"BAU";"%";2045;"0.1";"Sensitivity | Removed policies | Removed diesel efficiency gains";"Electricity"
"OPEX";"Charging Infrastructure";"ES";"MCS Profit and Mark-Up";"Tractor-Trailer";"BAU";"%";2045;"0.1";"Sensitivity | Removed policies | Removed diesel efficiency gains";"Electricity"
"OPEX";"Charging Infrastructure";"FR";"MCS Profit and Mark-Up";"Rigid";"PROG";"%";2045;"0.1";"Sensitivity | Removed policies | Removed diesel efficiency gains";"Electricity"
"OPEX";"Charging Infrastructure";"FR";"MCS Profit and Mark-Up";"Tractor-Trailer";"PROG";"%";2045;"0.1";"Sensitivity | Removed policies | Removed diesel efficiency gains";"Electricity"
"OPEX";"Charging Infrastructure";"FR";"MCS Profit and Mark-Up";"Rigid";"BAU";"%";2045;"0.1";"Sensitivity | Removed policies | Removed diesel efficiency gains";"Electricity"
"OPEX";"Charging Infrastructure";"FR";"MCS Profit and Mark-Up";"Tractor-Trailer";"BAU";"%";2045;"0.1";"Sensitivity | Removed policies | Removed diesel efficiency gains";"Electricity"
"OPEX";"Charging Infrastructure";"IT";"MCS Profit and Mark-Up";"Rigid";"PROG";"%";2045;"0.1";"Sensitivity | Removed policies | Removed diesel efficiency gains";"Electricity"
"OPEX";"Charging Infrastructure";"IT";"MCS Profit and Mark-Up";"Tractor-Trailer";"PROG";"%";2045;"0.1";"Sensitivity | Removed policies | Removed diesel efficiency gains";"Electricity"
"OPEX";"Charging Infrastructure";"IT";"MCS Profit and Mark-Up";"Rigid";"BAU";"%";2045;"0.1";"Sensitivity | Removed policies | Removed diesel efficiency gains";"Electricity"
"OPEX";"Charging Infrastructure";"IT";"MCS Profit and Mark-Up";"Tractor-Trailer";"BAU";"%";2045;"0.1";"Sensitivity | Removed policies | Removed diesel efficiency gains";"Electricity"
"OPEX";"Charging Infrastructure";"NL";"MCS Profit and Mark-Up";"Rigid";"PROG";"%";2045;"0.1";"Sensitivity | Removed policies | Removed diesel efficiency gains";"Electricity"
"OPEX";"Charging Infrastructure";"NL";"MCS Profit and Mark-Up";"Tractor-Trailer";"PROG";"%";2045;"0.1";"Sensitivity | Removed policies | Removed diesel efficiency gains";"Electricity"
"OPEX";"Charging Infrastructure";"NL";"MCS Profit and Mark-Up";"Rigid";"BAU";"%";2045;"0.1";"Sensitivity | Removed policies | Removed diesel efficiency gains";"Electricity"
"OPEX";"Charging Infrastructure";"NL";"MCS Profit and Mark-Up";"Tractor-Trailer";"BAU";"%";2045;"0.1";"Sensitivity | Removed policies | Removed diesel efficiency gains";"Electricity"
"OPEX";"Charging Infrastructure";"PL";"MCS Profit and Mark-Up";"Rigid";"PROG";"%";2045;"0.1";"Sensitivity | Removed policies | Removed diesel efficiency gains";"Electricity"
"OPEX";"Charging Infrastructure";"PL";"MCS Profit and Mark-Up";"Tractor-Trailer";"PROG";"%";2045;"0.1";"Sensitivity | Removed policies | Removed diesel efficiency gains";"Electricity"
"OPEX";"Charging Infrastructure";"PL";"MCS Profit and Mark-Up";"Rigid";"BAU";"%";2045;"0.1";"Sensitivity | Removed policies | Removed diesel efficiency gains";"Electricity"
"OPEX";"Charging Infrastructure";"PL";"MCS Profit and Mark-Up";"Tractor-Trailer";"BAU";"%";2045;"0.1";"Sensitivity | Removed policies | Removed diesel efficiency gains";"Electricity"
"OPEX";"Charging Infrastructure";"UK";"MCS Profit and Mark-Up";"Rigid";"PROG";"%";2045;"0.1";"Sensitivity | Removed policies | Removed diesel efficiency gains";"Electricity"
"OPEX";"Charging Infrastructure";"UK";"MCS Profit and Mark-Up";"Tractor-Trailer";"PROG";"%";2045;"0.1";"Sensitivity | Removed policies | Removed diesel efficiency gains";"Electricity"
"OPEX";"Charging Infrastructure";"UK";"MCS Profit and Mark-Up";"Rigid";"BAU";"%";2045;"0.1";"Sensitivity | Removed policies | Removed diesel efficiency gains";"Electricity"
"OPEX";"Charging Infrastructure";"UK";"MCS Profit and Mark-Up";"Tractor-Trailer";"BAU";"%";2045;"0.1";"Sensitivity | Removed policies | Removed diesel efficiency gains";"Electricity"
"OPEX";"Charging Infrastructure";"DE";"CCS Station (Depot) - Incl. Overhead";"Rigid";"PROG";"EUR/kWh";2045;"0.021";"Sensitivity | Removed policies | Removed diesel efficiency gains";"Electricity"
"OPEX";"Charging Infrastructure";"DE";"CCS Station (Depot) - Incl. Overhead";"Tractor-Trailer";"PROG";"EUR/kWh";2045;"0.021";"Sensitivity | Removed policies | Removed diesel efficiency gains";"Electricity"
"OPEX";"Charging Infrastructure";"DE";"CCS Station (Depot) - Incl. Overhead";"Rigid";"BAU";"EUR/kWh";2045;"0.021";"Sensitivity | Removed policies | Removed diesel efficiency gains";"Electricity"
"OPEX";"Charging Infrastructure";"DE";"CCS Station (Depot) - Incl. Overhead";"Tractor-Trailer";"BAU";"EUR/kWh";2045;"0.021";"Sensitivity | Removed policies | Removed diesel efficiency gains";"Electricity"
"OPEX";"Charging Infrastructure";"ES";"CCS Station (Depot) - Incl. Overhead";"Rigid";"PROG";"EUR/kWh";2045;"0.021";"Sensitivity | Removed policies | Removed diesel efficiency gains";"Electricity"
"OPEX";"Charging Infrastructure";"ES";"CCS Station (Depot) - Incl. Overhead";"Tractor-Trailer";"PROG";"EUR/kWh";2045;"0.021";"Sensitivity | Removed policies | Removed diesel efficiency gains";"Electricity"
"OPEX";"Charging Infrastructure";"ES";"CCS Station (Depot) - Incl. Overhead";"Rigid";"BAU";"EUR/kWh";2045;"0.021";"Sensitivity | Removed policies | Removed diesel efficiency gains";"Electricity"
"OPEX";"Charging Infrastructure";"ES";"CCS Station (Depot) - Incl. Overhead";"Tractor-Trailer";"BAU";"EUR/kWh";2045;"0.021";"Sensitivity | Removed policies | Removed diesel efficiency gains";"Electricity"
"OPEX";"Charging Infrastructure";"FR";"CCS Station (Depot) - Incl. Overhead";"Rigid";"PROG";"EUR/kWh";2045;"0.021";"Sensitivity | Removed policies | Removed diesel efficiency gains";"Electricity"
"OPEX";"Charging Infrastructure";"FR";"CCS Station (Depot) - Incl. Overhead";"Tractor-Trailer";"PROG";"EUR/kWh";2045;"0.021";"Sensitivity | Removed policies | Removed diesel efficiency gains";"Electricity"
"OPEX";"Charging Infrastructure";"FR";"CCS Station (Depot) - Incl. Overhead";"Rigid";"BAU";"EUR/kWh";2045;"0.021";"Sensitivity | Removed policies | Removed diesel efficiency gains";"Electricity"
"OPEX";"Charging Infrastructure";"FR";"CCS Station (Depot) - Incl. Overhead";"Tractor-Trailer";"BAU";"EUR/kWh";2045;"0.021";"Sensitivity | Removed policies | Removed diesel efficiency gains";"Electricity"
"OPEX";"Charging Infrastructure";"IT";"CCS Station (Depot) - Incl. Overhead";"Rigid";"PROG";"EUR/kWh";2045;"0.021";"Sensitivity | Removed policies | Removed diesel efficiency gains";"Electricity"
"OPEX";"Charging Infrastructure";"IT";"CCS Station (Depot) - Incl. Overhead";"Tractor-Trailer";"PROG";"EUR/kWh";2045;"0.021";"Sensitivity | Removed policies | Removed diesel efficiency gains";"Electricity"
"OPEX";"Charging Infrastructure";"IT";"CCS Station (Depot) - Incl. Overhead";"Rigid";"BAU";"EUR/kWh";2045;"0.021";"Sensitivity | Removed policies | Removed diesel efficiency gains";"Electricity"
"OPEX";"Charging Infrastructure";"IT";"CCS Station (Depot) - Incl. Overhead";"Tractor-Trailer";"BAU";"EUR/kWh";2045;"0.021";"Sensitivity | Removed policies | Removed diesel efficiency gains";"Electricity"
"OPEX";"Charging Infrastructure";"NL";"CCS Station (Depot) - Incl. Overhead";"Rigid";"PROG";"EUR/kWh";2045;"0.021";"Sensitivity | Removed policies | Removed diesel efficiency gains";"Electricity"
"OPEX";"Charging Infrastructure";"NL";"CCS Station (Depot) - Incl. Overhead";"Tractor-Trailer";"PROG";"EUR/kWh";2045;"0.021";"Sensitivity | Removed policies | Removed diesel efficiency gains";"Electricity"
"OPEX";"Charging Infrastructure";"NL";"CCS Station (Depot) - Incl. Overhead";"Rigid";"BAU";"EUR/kWh";2045;"0.021";"Sensitivity | Removed policies | Removed diesel efficiency gains";"Electricity"
"OPEX";"Charging Infrastructure";"NL";"CCS Station (Depot) - Incl. Overhead";"Tractor-Trailer";"BAU";"EUR/kWh";2045;"0.021";"Sensitivity | Removed policies | Removed diesel efficiency gains";"Electricity"
"OPEX";"Charging Infrastructure";"PL";"CCS Station (Depot) - Incl. Overhead";"Rigid";"PROG";"EUR/kWh";2045;"0.021";"Sensitivity | Removed policies | Removed diesel efficiency gains";"Electricity"
"OPEX";"Charging Infrastructure";"PL";"CCS Station (Depot) - Incl. Overhead";"Tractor-Trailer";"PROG";"EUR/kWh";2045;"0.021";"Sensitivity | Removed policies | Removed diesel efficiency gains";"Electricity"
"OPEX";"Charging Infrastructure";"PL";"CCS Station (Depot) - Incl. Overhead";"Rigid";"BAU";"EUR/kWh";2045;"0.021";"Sensitivity | Removed policies | Removed diesel efficiency gains";"Electricity"
"OPEX";"Charging Infrastructure";"PL";"CCS Station (Depot) - Incl. Overhead";"Tractor-Trailer";"BAU";"EUR/kWh";2045;"0.021";"Sensitivity | Removed policies | Removed diesel efficiency gains";"Electricity"
"OPEX";"Charging Infrastructure";"UK";"CCS Station (Depot) - Incl. Overhead";"Rigid";"PROG";"EUR/kWh";2045;"0.021";"Sensitivity | Removed policies | Removed diesel efficiency gains";"Electricity"
"OPEX";"Charging Infrastructure";"UK";"CCS Station (Depot) - Incl. Overhead";"Tractor-Trailer";"PROG";"EUR/kWh";2045;"0.021";"Sensitivity | Removed policies | Removed diesel efficiency gains";"Electricity"
"OPEX";"Charging Infrastructure";"UK";"CCS Station (Depot) - Incl. Overhead";"Rigid";"BAU";"EUR/kWh";2045;"0.021";"Sensitivity | Removed policies | Removed diesel efficiency gains";"Electricity"
"OPEX";"Charging Infrastructure";"UK";"CCS Station (Depot) - Incl. Overhead";"Tractor-Trailer";"BAU";"EUR/kWh";2045;"0.021";"Sensitivity | Removed policies | Removed diesel efficiency gains";"Electricity"
"OPEX";"Charging Infrastructure";"DE";"CCS grid extension";"Rigid";"PROG";"EUR/kWh";2045;"0.045";"Sensitivity | Removed policies | Removed diesel efficiency gains";"Electricity"
"OPEX";"Charging Infrastructure";"DE";"CCS grid extension";"Tractor-Trailer";"PROG";"EUR/kWh";2045;"0.045";"Sensitivity | Removed policies | Removed diesel efficiency gains";"Electricity"
"OPEX";"Charging Infrastructure";"DE";"CCS grid extension";"Rigid";"BAU";"EUR/kWh";2045;"0.045";"Sensitivity | Removed policies | Removed diesel efficiency gains";"Electricity"
"OPEX";"Charging Infrastructure";"DE";"CCS grid extension";"Tractor-Trailer";"BAU";"EUR/kWh";2045;"0.045";"Sensitivity | Removed policies | Removed diesel efficiency gains";"Electricity"
"OPEX";"Charging Infrastructure";"ES";"CCS grid extension";"Rigid";"PROG";"EUR/kWh";2045;"0.045";"Sensitivity | Removed policies | Removed diesel efficiency gains";"Electricity"
"OPEX";"Charging Infrastructure";"ES";"CCS grid extension";"Tractor-Trailer";"PROG";"EUR/kWh";2045;"0.045";"Sensitivity | Removed policies | Removed diesel efficiency gains";"Electricity"
"OPEX";"Charging Infrastructure";"ES";"CCS grid extension";"Rigid";"BAU";"EUR/kWh";2045;"0.045";"Sensitivity | Removed policies | Removed diesel efficiency gains";"Electricity"
"OPEX";"Charging Infrastructure";"ES";"CCS grid extension";"Tractor-Trailer";"BAU";"EUR/kWh";2045;"0.045";"Sensitivity | Removed policies | Removed diesel efficiency gains";"Electricity"
"OPEX";"Charging Infrastructure";"FR";"CCS grid extension";"Rigid";"PROG";"EUR/kWh";2045;"0.045";"Sensitivity | Removed policies | Removed diesel efficiency gains";"Electricity"
"OPEX";"Charging Infrastructure";"FR";"CCS grid extension";"Tractor-Trailer";"PROG";"EUR/kWh";2045;"0.045";"Sensitivity | Removed policies | Removed diesel efficiency gains";"Electricity"
"OPEX";"Charging Infrastructure";"FR";"CCS grid extension";"Rigid";"BAU";"EUR/kWh";2045;"0.045";"Sensitivity | Removed policies | Removed diesel efficiency gains";"Electricity"
"OPEX";"Charging Infrastructure";"FR";"CCS grid extension";"Tractor-Trailer";"BAU";"EUR/kWh";2045;"0.045";"Sensitivity | Removed policies | Removed diesel efficiency gains";"Electricity"
"OPEX";"Charging Infrastructure";"IT";"CCS grid extension";"Rigid";"PROG";"EUR/kWh";2045;"0.045";"Sensitivity | Removed policies | Removed diesel efficiency gains";"Electricity"
"OPEX";"Charging Infrastructure";"IT";"CCS grid extension";"Tractor-Trailer";"PROG";"EUR/kWh";2045;"0.045";"Sensitivity | Removed policies | Removed diesel efficiency gains";"Electricity"
"OPEX";"Charging Infrastructure";"IT";"CCS grid extension";"Rigid";"BAU";"EUR/kWh";2045;"0.045";"Sensitivity | Removed policies | Removed diesel efficiency gains";"Electricity"
"OPEX";"Charging Infrastructure";"IT";"CCS grid extension";"Tractor-Trailer";"BAU";"EUR/kWh";2045;"0.045";"Sensitivity | Removed policies | Removed diesel efficiency gains";"Electricity"
"OPEX";"Charging Infrastructure";"NL";"CCS grid extension";"Rigid";"PROG";"EUR/kWh";2045;"0.045";"Sensitivity | Removed policies | Removed diesel efficiency gains";"Electricity"
"OPEX";"Charging Infrastructure";"NL";"CCS grid extension";"Tractor-Trailer";"PROG";"EUR/kWh";2045;"0.045";"Sensitivity | Removed policies | Removed diesel efficiency gains";"Electricity"
"OPEX";"Charging Infrastructure";"NL";"CCS grid extension";"Rigid";"BAU";"EUR/kWh";2045;"0.045";"Sensitivity | Removed policies | Removed diesel efficiency gains";"Electricity"
"OPEX";"Charging Infrastructure";"NL";"CCS grid extension";"Tractor-Trailer";"BAU";"EUR/kWh";2045;"0.045";"Sensitivity | Removed policies | Removed diesel efficiency gains";"Electricity"
"OPEX";"Charging Infrastructure";"PL";"CCS grid extension";"Rigid";"PROG";"EUR/kWh";2045;"0.045";"Sensitivity | Removed policies | Removed diesel efficiency gains";"Electricity"
"OPEX";"Charging Infrastructure";"PL";"CCS grid extension";"Tractor-Trailer";"PROG";"EUR/kWh";2045;"0.045";"Sensitivity | Removed policies | Removed diesel efficiency gains";"Electricity"
"OPEX";"Charging Infrastructure";"PL";"CCS grid extension";"Rigid";"BAU";"EUR/kWh";2045;"0.045";"Sensitivity | Removed policies | Removed diesel efficiency gains";"Electricity"
"OPEX";"Charging Infrastructure";"PL";"CCS grid extension";"Tractor-Trailer";"BAU";"EUR/kWh";2045;"0.045";"Sensitivity | Removed policies | Removed diesel efficiency gains";"Electricity"
"OPEX";"Charging Infrastructure";"UK";"CCS grid extension";"Rigid";"PROG";"EUR/kWh";2045;"0.045";"Sensitivity | Removed policies | Removed diesel efficiency gains";"Electricity"
"OPEX";"Charging Infrastructure";"UK";"CCS grid extension";"Tractor-Trailer";"PROG";"EUR/kWh";2045;"0.045";"Sensitivity | Removed policies | Removed diesel efficiency gains";"Electricity"
"OPEX";"Charging Infrastructure";"UK";"CCS grid extension";"Rigid";"BAU";"EUR/kWh";2045;"0.045";"Sensitivity | Removed policies | Removed diesel efficiency gains";"Electricity"
"OPEX";"Charging Infrastructure";"UK";"CCS grid extension";"Tractor-Trailer";"BAU";"EUR/kWh";2045;"0.045";"Sensitivity | Removed policies | Removed diesel efficiency gains";"Electricity"
"OPEX";"Diesel Infrastructure";"DE";"Total Diesel Mark-Up";"Rigid";"BAU";"EUR/kWh";2045;"0.018";"Sensitivity | Removed policies | Removed diesel efficiency gains";"Diesel"
"OPEX";"Diesel Infrastructure";"DE";"Total Diesel Mark-Up";"Tractor-Trailer";"BAU";"EUR/kWh";2045;"0.018";"Sensitivity | Removed policies | Removed diesel efficiency gains";"Diesel"
"OPEX";"Diesel Infrastructure";"DE";"Total Diesel Mark-Up";"Rigid";"PROG";"EUR/kWh";2045;"0.018";"Sensitivity | Removed policies | Removed diesel efficiency gains";"Diesel"
"OPEX";"Diesel Infrastructure";"DE";"Total Diesel Mark-Up";"Tractor-Trailer";"PROG";"EUR/kWh";2045;"0.018";"Sensitivity | Removed policies | Removed diesel efficiency gains";"Diesel"
"OPEX";"Diesel Infrastructure";"ES";"Total Diesel Mark-Up";"Rigid";"BAU";"EUR/kWh";2045;"0.018";"Sensitivity | Removed policies | Removed diesel efficiency gains";"Diesel"
"OPEX";"Diesel Infrastructure";"ES";"Total Diesel Mark-Up";"Tractor-Trailer";"BAU";"EUR/kWh";2045;"0.018";"Sensitivity | Removed policies | Removed diesel efficiency gains";"Diesel"
"OPEX";"Diesel Infrastructure";"ES";"Total Diesel Mark-Up";"Rigid";"PROG";"EUR/kWh";2045;"0.018";"Sensitivity | Removed policies | Removed diesel efficiency gains";"Diesel"
"OPEX";"Diesel Infrastructure";"ES";"Total Diesel Mark-Up";"Tractor-Trailer";"PROG";"EUR/kWh";2045;"0.018";"Sensitivity | Removed policies | Removed diesel efficiency gains";"Diesel"
"OPEX";"Diesel Infrastructure";"FR";"Total Diesel Mark-Up";"Rigid";"BAU";"EUR/kWh";2045;"0.018";"Sensitivity | Removed policies | Removed diesel efficiency gains";"Diesel"
"OPEX";"Diesel Infrastructure";"FR";"Total Diesel Mark-Up";"Tractor-Trailer";"BAU";"EUR/kWh";2045;"0.018";"Sensitivity | Removed policies | Removed diesel efficiency gains";"Diesel"
"OPEX";"Diesel Infrastructure";"FR";"Total Diesel Mark-Up";"Rigid";"PROG";"EUR/kWh";2045;"0.018";"Sensitivity | Removed policies | Removed diesel efficiency gains";"Diesel"
"OPEX";"Diesel Infrastructure";"FR";"Total Diesel Mark-Up";"Tractor-Trailer";"PROG";"EUR/kWh";2045;"0.018";"Sensitivity | Removed policies | Removed diesel efficiency gains";"Diesel"
"OPEX";"Diesel Infrastructure";"IT";"Total Diesel Mark-Up";"Rigid";"BAU";"EUR/kWh";2045;"0.018";"Sensitivity | Removed policies | Removed diesel efficiency gains";"Diesel"
"OPEX";"Diesel Infrastructure";"IT";"Total Diesel Mark-Up";"Tractor-Trailer";"BAU";"EUR/kWh";2045;"0.018";"Sensitivity | Removed policies | Removed diesel efficiency gains";"Diesel"
"OPEX";"Diesel Infrastructure";"IT";"Total Diesel Mark-Up";"Rigid";"PROG";"EUR/kWh";2045;"0.018";"Sensitivity | Removed policies | Removed diesel efficiency gains";"Diesel"
"OPEX";"Diesel Infrastructure";"IT";"Total Diesel Mark-Up";"Tractor-Trailer";"PROG";"EUR/kWh";2045;"0.018";"Sensitivity | Removed policies | Removed diesel efficiency gains";"Diesel"
"OPEX";"Diesel Infrastructure";"NL";"Total Diesel Mark-Up";"Rigid";"BAU";"EUR/kWh";2045;"0.018";"Sensitivity | Removed policies | Removed diesel efficiency gains";"Diesel"
"OPEX";"Diesel Infrastructure";"NL";"Total Diesel Mark-Up";"Tractor-Trailer";"BAU";"EUR/kWh";2045;"0.018";"Sensitivity | Removed policies | Removed diesel efficiency gains";"Diesel"
"OPEX";"Diesel Infrastructure";"NL";"Total Diesel Mark-Up";"Rigid";"PROG";"EUR/kWh";2045;"0.018";"Sensitivity | Removed policies | Removed diesel efficiency gains";"Diesel"
"OPEX";"Diesel Infrastructure";"NL";"Total Diesel Mark-Up";"Tractor-Trailer";"PROG";"EUR/kWh";2045;"0.018";"Sensitivity | Removed policies | Removed diesel efficiency gains";"Diesel"
"OPEX";"Diesel Infrastructure";"PL";"Total Diesel Mark-Up";"Rigid";"BAU";"EUR/kWh";2045;"0.018";"Sensitivity | Removed policies | Removed diesel efficiency gains";"Diesel"
"OPEX";"Diesel Infrastructure";"PL";"Total Diesel Mark-Up";"Tractor-Trailer";"BAU";"EUR/kWh";2045;"0.018";"Sensitivity | Removed policies | Removed diesel efficiency gains";"Diesel"
"OPEX";"Diesel Infrastructure";"PL";"Total Diesel Mark-Up";"Rigid";"PROG";"EUR/kWh";2045;"0.018";"Sensitivity | Removed policies | Removed diesel efficiency gains";"Diesel"
"OPEX";"Diesel Infrastructure";"PL";"Total Diesel Mark-Up";"Tractor-Trailer";"PROG";"EUR/kWh";2045;"0.018";"Sensitivity | Removed policies | Removed diesel efficiency gains";"Diesel"
"OPEX";"Diesel Infrastructure";"UK";"Total Diesel Mark-Up";"Rigid";"BAU";"EUR/kWh";2045;"0.018";"Sensitivity | Removed policies | Removed diesel efficiency gains";"Diesel"
"OPEX";"Diesel Infrastructure";"UK";"Total Diesel Mark-Up";"Tractor-Trailer";"BAU";"EUR/kWh";2045;"0.018";"Sensitivity | Removed policies | Removed diesel efficiency gains";"Diesel"
"OPEX";"Diesel Infrastructure";"UK";"Total Diesel Mark-Up";"Rigid";"PROG";"EUR/kWh";2045;"0.018";"Sensitivity | Removed policies | Removed diesel efficiency gains";"Diesel"
"OPEX";"Diesel Infrastructure";"UK";"Total Diesel Mark-Up";"Tractor-Trailer";"PROG";"EUR/kWh";2045;"0.018";"Sensitivity | Removed policies | Removed diesel efficiency gains";"Diesel"
"OPEX";"Diesel Infrastructure";"DE";"CO2 emission factor Biodiesel";"Rigid";"BAU";"%";2045;"0.154";"Sensitivity | Removed policies | Removed diesel efficiency gains";"Diesel"
"OPEX";"Diesel Infrastructure";"DE";"CO2 emission factor Biodiesel";"Tractor-Trailer";"BAU";"%";2045;"0.154";"Sensitivity | Removed policies | Removed diesel efficiency gains";"Diesel"
"OPEX";"Diesel Infrastructure";"DE";"CO2 emission factor Biodiesel";"Rigid";"PROG";"%";2045;"0.154";"Sensitivity | Removed policies | Removed diesel efficiency gains";"Diesel"
"OPEX";"Diesel Infrastructure";"DE";"CO2 emission factor Biodiesel";"Tractor-Trailer";"PROG";"%";2045;"0.154";"Sensitivity | Removed policies | Removed diesel efficiency gains";"Diesel"
"OPEX";"Diesel Infrastructure";"ES";"CO2 emission factor Biodiesel";"Rigid";"BAU";"%";2045;"0.154";"Sensitivity | Removed policies | Removed diesel efficiency gains";"Diesel"
"OPEX";"Diesel Infrastructure";"ES";"CO2 emission factor Biodiesel";"Tractor-Trailer";"BAU";"%";2045;"0.154";"Sensitivity | Removed policies | Removed diesel efficiency gains";"Diesel"
"OPEX";"Diesel Infrastructure";"ES";"CO2 emission factor Biodiesel";"Rigid";"PROG";"%";2045;"0.154";"Sensitivity | Removed policies | Removed diesel efficiency gains";"Diesel"
"OPEX";"Diesel Infrastructure";"ES";"CO2 emission factor Biodiesel";"Tractor-Trailer";"PROG";"%";2045;"0.154";"Sensitivity | Removed policies | Removed diesel efficiency gains";"Diesel"
"OPEX";"Diesel Infrastructure";"FR";"CO2 emission factor Biodiesel";"Rigid";"BAU";"%";2045;"0.154";"Sensitivity | Removed policies | Removed diesel efficiency gains";"Diesel"
"OPEX";"Diesel Infrastructure";"FR";"CO2 emission factor Biodiesel";"Tractor-Trailer";"BAU";"%";2045;"0.154";"Sensitivity | Removed policies | Removed diesel efficiency gains";"Diesel"
"OPEX";"Diesel Infrastructure";"FR";"CO2 emission factor Biodiesel";"Rigid";"PROG";"%";2045;"0.154";"Sensitivity | Removed policies | Removed diesel efficiency gains";"Diesel"
"OPEX";"Diesel Infrastructure";"FR";"CO2 emission factor Biodiesel";"Tractor-Trailer";"PROG";"%";2045;"0.154";"Sensitivity | Removed policies | Removed diesel efficiency gains";"Diesel"
"OPEX";"Diesel Infrastructure";"IT";"CO2 emission factor Biodiesel";"Rigid";"BAU";"%";2045;"0.154";"Sensitivity | Removed policies | Removed diesel efficiency gains";"Diesel"
"OPEX";"Diesel Infrastructure";"IT";"CO2 emission factor Biodiesel";"Tractor-Trailer";"BAU";"%";2045;"0.154";"Sensitivity | Removed policies | Removed diesel efficiency gains";"Diesel"
"OPEX";"Diesel Infrastructure";"IT";"CO2 emission factor Biodiesel";"Rigid";"PROG";"%";2045;"0.154";"Sensitivity | Removed policies | Removed diesel efficiency gains";"Diesel"
"OPEX";"Diesel Infrastructure";"IT";"CO2 emission factor Biodiesel";"Tractor-Trailer";"PROG";"%";2045;"0.154";"Sensitivity | Removed policies | Removed diesel efficiency gains";"Diesel"
"OPEX";"Diesel Infrastructure";"NL";"CO2 emission factor Biodiesel";"Rigid";"BAU";"%";2045;"0.154";"Sensitivity | Removed policies | Removed diesel efficiency gains";"Diesel"
"OPEX";"Diesel Infrastructure";"NL";"CO2 emission factor Biodiesel";"Tractor-Trailer";"BAU";"%";2045;"0.154";"Sensitivity | Removed policies | Removed diesel efficiency gains";"Diesel"
"OPEX";"Diesel Infrastructure";"NL";"CO2 emission factor Biodiesel";"Rigid";"PROG";"%";2045;"0.154";"Sensitivity | Removed policies | Removed diesel efficiency gains";"Diesel"
"OPEX";"Diesel Infrastructure";"NL";"CO2 emission factor Biodiesel";"Tractor-Trailer";"PROG";"%";2045;"0.154";"Sensitivity | Removed policies | Removed diesel efficiency gains";"Diesel"
"OPEX";"Diesel Infrastructure";"PL";"CO2 emission factor Biodiesel";"Rigid";"BAU";"%";2045;"0.154";"Sensitivity | Removed policies | Removed diesel efficiency gains";"Diesel"
"OPEX";"Diesel Infrastructure";"PL";"CO2 emission factor Biodiesel";"Tractor-Trailer";"BAU";"%";2045;"0.154";"Sensitivity | Removed policies | Removed diesel efficiency gains";"Diesel"
"OPEX";"Diesel Infrastructure";"PL";"CO2 emission factor Biodiesel";"Rigid";"PROG";"%";2045;"0.154";"Sensitivity | Removed policies | Removed diesel efficiency gains";"Diesel"
"OPEX";"Diesel Infrastructure";"PL";"CO2 emission factor Biodiesel";"Tractor-Trailer";"PROG";"%";2045;"0.154";"Sensitivity | Removed policies | Removed diesel efficiency gains";"Diesel"
"OPEX";"Diesel Infrastructure";"UK";"CO2 emission factor Biodiesel";"Rigid";"BAU";"%";2045;"0.154";"Sensitivity | Removed policies | Removed diesel efficiency gains";"Diesel"
"OPEX";"Diesel Infrastructure";"UK";"CO2 emission factor Biodiesel";"Tractor-Trailer";"BAU";"%";2045;"0.154";"Sensitivity | Removed policies | Removed diesel efficiency gains";"Diesel"
"OPEX";"Diesel Infrastructure";"UK";"CO2 emission factor Biodiesel";"Rigid";"PROG";"%";2045;"0.154";"Sensitivity | Removed policies | Removed diesel efficiency gains";"Diesel"
"OPEX";"Diesel Infrastructure";"UK";"CO2 emission factor Biodiesel";"Tractor-Trailer";"PROG";"%";2045;"0.154";"Sensitivity | Removed policies | Removed diesel efficiency gains";"Diesel"
"OPEX";"Diesel Infrastructure";"DE";"CO2 emission factor Pt-Diesel";"Rigid";"BAU";"%";2045;"0";"Sensitivity | Removed policies | Removed diesel efficiency gains";"Diesel"
"OPEX";"Diesel Infrastructure";"DE";"CO2 emission factor Pt-Diesel";"Tractor-Trailer";"BAU";"%";2045;"0";"Sensitivity | Removed policies | Removed diesel efficiency gains";"Diesel"
"OPEX";"Diesel Infrastructure";"DE";"CO2 emission factor Pt-Diesel";"Rigid";"PROG";"%";2045;"0";"Sensitivity | Removed policies | Removed diesel efficiency gains";"Diesel"
"OPEX";"Diesel Infrastructure";"DE";"CO2 emission factor Pt-Diesel";"Tractor-Trailer";"PROG";"%";2045;"0";"Sensitivity | Removed policies | Removed diesel efficiency gains";"Diesel"
"OPEX";"Diesel Infrastructure";"ES";"CO2 emission factor Pt-Diesel";"Rigid";"BAU";"%";2045;"0";"Sensitivity | Removed policies | Removed diesel efficiency gains";"Diesel"
"OPEX";"Diesel Infrastructure";"ES";"CO2 emission factor Pt-Diesel";"Tractor-Trailer";"BAU";"%";2045;"0";"Sensitivity | Removed policies | Removed diesel efficiency gains";"Diesel"
"OPEX";"Diesel Infrastructure";"ES";"CO2 emission factor Pt-Diesel";"Rigid";"PROG";"%";2045;"0";"Sensitivity | Removed policies | Removed diesel efficiency gains";"Diesel"
"OPEX";"Diesel Infrastructure";"ES";"CO2 emission factor Pt-Diesel";"Tractor-Trailer";"PROG";"%";2045;"0";"Sensitivity | Removed policies | Removed diesel efficiency gains";"Diesel"
"OPEX";"Diesel Infrastructure";"FR";"CO2 emission factor Pt-Diesel";"Rigid";"BAU";"%";2045;"0";"Sensitivity | Removed policies | Removed diesel efficiency gains";"Diesel"
"OPEX";"Diesel Infrastructure";"FR";"CO2 emission factor Pt-Diesel";"Tractor-Trailer";"BAU";"%";2045;"0";"Sensitivity | Removed policies | Removed diesel efficiency gains";"Diesel"
"OPEX";"Diesel Infrastructure";"FR";"CO2 emission factor Pt-Diesel";"Rigid";"PROG";"%";2045;"0";"Sensitivity | Removed policies | Removed diesel efficiency gains";"Diesel"
"OPEX";"Diesel Infrastructure";"FR";"CO2 emission factor Pt-Diesel";"Tractor-Trailer";"PROG";"%";2045;"0";"Sensitivity | Removed policies | Removed diesel efficiency gains";"Diesel"
"OPEX";"Diesel Infrastructure";"IT";"CO2 emission factor Pt-Diesel";"Rigid";"BAU";"%";2045;"0";"Sensitivity | Removed policies | Removed diesel efficiency gains";"Diesel"
"OPEX";"Diesel Infrastructure";"IT";"CO2 emission factor Pt-Diesel";"Tractor-Trailer";"BAU";"%";2045;"0";"Sensitivity | Removed policies | Removed diesel efficiency gains";"Diesel"
"OPEX";"Diesel Infrastructure";"IT";"CO2 emission factor Pt-Diesel";"Rigid";"PROG";"%";2045;"0";"Sensitivity | Removed policies | Removed diesel efficiency gains";"Diesel"
"OPEX";"Diesel Infrastructure";"IT";"CO2 emission factor Pt-Diesel";"Tractor-Trailer";"PROG";"%";2045;"0";"Sensitivity | Removed policies | Removed diesel efficiency gains";"Diesel"
"OPEX";"Diesel Infrastructure";"NL";"CO2 emission factor Pt-Diesel";"Rigid";"BAU";"%";2045;"0";"Sensitivity | Removed policies | Removed diesel efficiency gains";"Diesel"
"OPEX";"Diesel Infrastructure";"NL";"CO2 emission factor Pt-Diesel";"Tractor-Trailer";"BAU";"%";2045;"0";"Sensitivity | Removed policies | Removed diesel efficiency gains";"Diesel"
"OPEX";"Diesel Infrastructure";"NL";"CO2 emission factor Pt-Diesel";"Rigid";"PROG";"%";2045;"0";"Sensitivity | Removed policies | Removed diesel efficiency gains";"Diesel"
"OPEX";"Diesel Infrastructure";"NL";"CO2 emission factor Pt-Diesel";"Tractor-Trailer";"PROG";"%";2045;"0";"Sensitivity | Removed policies | Removed diesel efficiency gains";"Diesel"
"OPEX";"Diesel Infrastructure";"PL";"CO2 emission factor Pt-Diesel";"Rigid";"BAU";"%";2045;"0";"Sensitivity | Removed policies | Removed diesel efficiency gains";"Diesel"
"OPEX";"Diesel Infrastructure";"PL";"CO2 emission factor Pt-Diesel";"Tractor-Trailer";"BAU";"%";2045;"0";"Sensitivity | Removed policies | Removed diesel efficiency gains";"Diesel"
"OPEX";"Diesel Infrastructure";"PL";"CO2 emission factor Pt-Diesel";"Rigid";"PROG";"%";2045;"0";"Sensitivity | Removed policies | Removed diesel efficiency gains";"Diesel"
"OPEX";"Diesel Infrastructure";"PL";"CO2 emission factor Pt-Diesel";"Tractor-Trailer";"PROG";"%";2045;"0";"Sensitivity | Removed policies | Removed diesel efficiency gains";"Diesel"
"OPEX";"Diesel Infrastructure";"UK";"CO2 emission factor Pt-Diesel";"Rigid";"BAU";"%";2045;"0";"Sensitivity | Removed policies | Removed diesel efficiency gains";"Diesel"
"OPEX";"Diesel Infrastructure";"UK";"CO2 emission factor Pt-Diesel";"Tractor-Trailer";"BAU";"%";2045;"0";"Sensitivity | Removed policies | Removed diesel efficiency gains";"Diesel"
"OPEX";"Diesel Infrastructure";"UK";"CO2 emission factor Pt-Diesel";"Rigid";"PROG";"%";2045;"0";"Sensitivity | Removed policies | Removed diesel efficiency gains";"Diesel"
"OPEX";"Diesel Infrastructure";"UK";"CO2 emission factor Pt-Diesel";"Tractor-Trailer";"PROG";"%";2045;"0";"Sensitivity | Removed policies | Removed diesel efficiency gains";"Diesel"
"OPEX";"Taxes";"DE";"Network Costs - MCS";"Rigid";"BAU";"EUR/kWh";2045;"0.034";"Sensitivity | Removed policies | Removed diesel efficiency gains";"Electricity"
"OPEX";"Taxes";"DE";"Network Costs - MCS";"Tractor-Trailer";"BAU";"EUR/kWh";2045;"0.034";"Sensitivity | Removed policies | Removed diesel efficiency gains";"Electricity"
"OPEX";"Taxes";"ES";"Network Costs - MCS";"Rigid";"BAU";"EUR/kWh";2045;"0.018";"Sensitivity | Removed policies | Removed diesel efficiency gains";"Electricity"
"OPEX";"Taxes";"ES";"Network Costs - MCS";"Tractor-Trailer";"BAU";"EUR/kWh";2045;"0.018";"Sensitivity | Removed policies | Removed diesel efficiency gains";"Electricity"
"OPEX";"Taxes";"FR";"Network Costs - MCS";"Rigid";"BAU";"EUR/kWh";2045;"0.018";"Sensitivity | Removed policies | Removed diesel efficiency gains";"Electricity"
"OPEX";"Taxes";"FR";"Network Costs - MCS";"Tractor-Trailer";"BAU";"EUR/kWh";2045;"0.018";"Sensitivity | Removed policies | Removed diesel efficiency gains";"Electricity"
"OPEX";"Taxes";"IT";"Network Costs - MCS";"Rigid";"BAU";"EUR/kWh";2045;"0.015";"Sensitivity | Removed policies | Removed diesel efficiency gains";"Electricity"
"OPEX";"Taxes";"IT";"Network Costs - MCS";"Tractor-Trailer";"BAU";"EUR/kWh";2045;"0.015";"Sensitivity | Removed policies | Removed diesel efficiency gains";"Electricity"
"OPEX";"Taxes";"NL";"Network Costs - MCS";"Rigid";"BAU";"EUR/kWh";2045;"0.016";"Sensitivity | Removed policies | Removed diesel efficiency gains";"Electricity"
"OPEX";"Taxes";"NL";"Network Costs - MCS";"Tractor-Trailer";"BAU";"EUR/kWh";2045;"0.016";"Sensitivity | Removed policies | Removed diesel efficiency gains";"Electricity"
"OPEX";"Taxes";"PL";"Network Costs - MCS";"Rigid";"BAU";"EUR/kWh";2045;"0.019";"Sensitivity | Removed policies | Removed diesel efficiency gains";"Electricity"
"OPEX";"Taxes";"PL";"Network Costs - MCS";"Tractor-Trailer";"BAU";"EUR/kWh";2045;"0.019";"Sensitivity | Removed policies | Removed diesel efficiency gains";"Electricity"
"OPEX";"Taxes";"UK";"Network Costs - MCS";"Rigid";"BAU";"EUR/kWh";2045;"0.027";"Sensitivity | Removed policies | Removed diesel efficiency gains";"Electricity"
"OPEX";"Taxes";"UK";"Network Costs - MCS";"Tractor-Trailer";"BAU";"EUR/kWh";2045;"0.027";"Sensitivity | Removed policies | Removed diesel efficiency gains";"Electricity"
"OPEX";"Taxes";"DE";"Taxes, Fees, Levies and charges - MCS";"Rigid";"BAU";"EUR/kWh";2045;"0.056";"Sensitivity | Removed policies | Removed diesel efficiency gains";"Electricity"
"OPEX";"Taxes";"DE";"Taxes, Fees, Levies and charges - MCS";"Tractor-Trailer";"BAU";"EUR/kWh";2045;"0.056";"Sensitivity | Removed policies | Removed diesel efficiency gains";"Electricity"
"OPEX";"Taxes";"ES";"Taxes, Fees, Levies and charges - MCS";"Rigid";"BAU";"EUR/kWh";2045;"0.036";"Sensitivity | Removed policies | Removed diesel efficiency gains";"Electricity"
"OPEX";"Taxes";"ES";"Taxes, Fees, Levies and charges - MCS";"Tractor-Trailer";"BAU";"EUR/kWh";2045;"0.036";"Sensitivity | Removed policies | Removed diesel efficiency gains";"Electricity"
"OPEX";"Taxes";"FR";"Taxes, Fees, Levies and charges - MCS";"Rigid";"BAU";"EUR/kWh";2045;"0.03";"Sensitivity | Removed policies | Removed diesel efficiency gains";"Electricity"
"OPEX";"Taxes";"FR";"Taxes, Fees, Levies and charges - MCS";"Tractor-Trailer";"BAU";"EUR/kWh";2045;"0.03";"Sensitivity | Removed policies | Removed diesel efficiency gains";"Electricity"
"OPEX";"Taxes";"IT";"Taxes, Fees, Levies and charges - MCS";"Rigid";"BAU";"EUR/kWh";2045;"0.062";"Sensitivity | Removed policies | Removed diesel efficiency gains";"Electricity"
"OPEX";"Taxes";"IT";"Taxes, Fees, Levies and charges - MCS";"Tractor-Trailer";"BAU";"EUR/kWh";2045;"0.062";"Sensitivity | Removed policies | Removed diesel efficiency gains";"Electricity"
"OPEX";"Taxes";"NL";"Taxes, Fees, Levies and charges - MCS";"Rigid";"BAU";"EUR/kWh";2045;"0.055";"Sensitivity | Removed policies | Removed diesel efficiency gains";"Electricity"
"OPEX";"Taxes";"NL";"Taxes, Fees, Levies and charges - MCS";"Tractor-Trailer";"BAU";"EUR/kWh";2045;"0.055";"Sensitivity | Removed policies | Removed diesel efficiency gains";"Electricity"
"OPEX";"Taxes";"PL";"Taxes, Fees, Levies and charges - MCS";"Rigid";"BAU";"EUR/kWh";2045;"0.049";"Sensitivity | Removed policies | Removed diesel efficiency gains";"Electricity"
"OPEX";"Taxes";"PL";"Taxes, Fees, Levies and charges - MCS";"Tractor-Trailer";"BAU";"EUR/kWh";2045;"0.049";"Sensitivity | Removed policies | Removed diesel efficiency gains";"Electricity"
"OPEX";"Taxes";"UK";"Taxes, Fees, Levies and charges - MCS";"Rigid";"BAU";"EUR/kWh";2045;"0.077";"Sensitivity | Removed policies | Removed diesel efficiency gains";"Electricity"
"OPEX";"Taxes";"UK";"Taxes, Fees, Levies and charges - MCS";"Tractor-Trailer";"BAU";"EUR/kWh";2045;"0.077";"Sensitivity | Removed policies | Removed diesel efficiency gains";"Electricity"
"OPEX";"Taxes";"DE";"Network Costs - Depot";"Rigid";"BAU";"EUR/kWh";2045;"0.034";"Sensitivity | Removed policies | Removed diesel efficiency gains";"Electricity"
"OPEX";"Taxes";"DE";"Network Costs - Depot";"Tractor-Trailer";"BAU";"EUR/kWh";2045;"0.034";"Sensitivity | Removed policies | Removed diesel efficiency gains";"Electricity"
"OPEX";"Taxes";"ES";"Network Costs - Depot";"Rigid";"BAU";"EUR/kWh";2045;"0.018";"Sensitivity | Removed policies | Removed diesel efficiency gains";"Electricity"
"OPEX";"Taxes";"ES";"Network Costs - Depot";"Tractor-Trailer";"BAU";"EUR/kWh";2045;"0.018";"Sensitivity | Removed policies | Removed diesel efficiency gains";"Electricity"
"OPEX";"Taxes";"FR";"Network Costs - Depot";"Rigid";"BAU";"EUR/kWh";2045;"0.018";"Sensitivity | Removed policies | Removed diesel efficiency gains";"Electricity"
"OPEX";"Taxes";"FR";"Network Costs - Depot";"Tractor-Trailer";"BAU";"EUR/kWh";2045;"0.018";"Sensitivity | Removed policies | Removed diesel efficiency gains";"Electricity"
"OPEX";"Taxes";"IT";"Network Costs - Depot";"Rigid";"BAU";"EUR/kWh";2045;"0.016";"Sensitivity | Removed policies | Removed diesel efficiency gains";"Electricity"
"OPEX";"Taxes";"IT";"Network Costs - Depot";"Tractor-Trailer";"BAU";"EUR/kWh";2045;"0.016";"Sensitivity | Removed policies | Removed diesel efficiency gains";"Electricity"
"OPEX";"Taxes";"NL";"Network Costs - Depot";"Rigid";"BAU";"EUR/kWh";2045;"0.016";"Sensitivity | Removed policies | Removed diesel efficiency gains";"Electricity"
"OPEX";"Taxes";"NL";"Network Costs - Depot";"Tractor-Trailer";"BAU";"EUR/kWh";2045;"0.016";"Sensitivity | Removed policies | Removed diesel efficiency gains";"Electricity"
"OPEX";"Taxes";"PL";"Network Costs - Depot";"Rigid";"BAU";"EUR/kWh";2045;"0.019";"Sensitivity | Removed policies | Removed diesel efficiency gains";"Electricity"
"OPEX";"Taxes";"PL";"Network Costs - Depot";"Tractor-Trailer";"BAU";"EUR/kWh";2045;"0.019";"Sensitivity | Removed policies | Removed diesel efficiency gains";"Electricity"
"OPEX";"Taxes";"UK";"Network Costs - Depot";"Rigid";"BAU";"EUR/kWh";2045;"0.027";"Sensitivity | Removed policies | Removed diesel efficiency gains";"Electricity"
"OPEX";"Taxes";"UK";"Network Costs - Depot";"Tractor-Trailer";"BAU";"EUR/kWh";2045;"0.027";"Sensitivity | Removed policies | Removed diesel efficiency gains";"Electricity"
"OPEX";"Taxes";"DE";"Taxes, Fees, Levies and charges - Depot";"Rigid";"BAU";"EUR/kWh";2045;"0.056";"Sensitivity | Removed policies | Removed diesel efficiency gains";"Electricity"
"OPEX";"Taxes";"DE";"Taxes, Fees, Levies and charges - Depot";"Tractor-Trailer";"BAU";"EUR/kWh";2045;"0.056";"Sensitivity | Removed policies | Removed diesel efficiency gains";"Electricity"
"OPEX";"Taxes";"ES";"Taxes, Fees, Levies and charges - Depot";"Rigid";"BAU";"EUR/kWh";2045;"0.036";"Sensitivity | Removed policies | Removed diesel efficiency gains";"Electricity"
"OPEX";"Taxes";"ES";"Taxes, Fees, Levies and charges - Depot";"Tractor-Trailer";"BAU";"EUR/kWh";2045;"0.036";"Sensitivity | Removed policies | Removed diesel efficiency gains";"Electricity"
"OPEX";"Taxes";"FR";"Taxes, Fees, Levies and charges - Depot";"Rigid";"BAU";"EUR/kWh";2045;"0.03";"Sensitivity | Removed policies | Removed diesel efficiency gains";"Electricity"
"OPEX";"Taxes";"FR";"Taxes, Fees, Levies and charges - Depot";"Tractor-Trailer";"BAU";"EUR/kWh";2045;"0.03";"Sensitivity | Removed policies | Removed diesel efficiency gains";"Electricity"
"OPEX";"Taxes";"IT";"Taxes, Fees, Levies and charges - Depot";"Rigid";"BAU";"EUR/kWh";2045;"0.063";"Sensitivity | Removed policies | Removed diesel efficiency gains";"Electricity"
"OPEX";"Taxes";"IT";"Taxes, Fees, Levies and charges - Depot";"Tractor-Trailer";"BAU";"EUR/kWh";2045;"0.063";"Sensitivity | Removed policies | Removed diesel efficiency gains";"Electricity"
"OPEX";"Taxes";"NL";"Taxes, Fees, Levies and charges - Depot";"Rigid";"BAU";"EUR/kWh";2045;"0.055";"Sensitivity | Removed policies | Removed diesel efficiency gains";"Electricity"
"OPEX";"Taxes";"NL";"Taxes, Fees, Levies and charges - Depot";"Tractor-Trailer";"BAU";"EUR/kWh";2045;"0.055";"Sensitivity | Removed policies | Removed diesel efficiency gains";"Electricity"
"OPEX";"Taxes";"PL";"Taxes, Fees, Levies and charges - Depot";"Rigid";"BAU";"EUR/kWh";2045;"0.049";"Sensitivity | Removed policies | Removed diesel efficiency gains";"Electricity"
"OPEX";"Taxes";"PL";"Taxes, Fees, Levies and charges - Depot";"Tractor-Trailer";"BAU";"EUR/kWh";2045;"0.049";"Sensitivity | Removed policies | Removed diesel efficiency gains";"Electricity"
"OPEX";"Taxes";"UK";"Taxes, Fees, Levies and charges - Depot";"Rigid";"BAU";"EUR/kWh";2045;"0.077";"Sensitivity | Removed policies | Removed diesel efficiency gains";"Electricity"
"OPEX";"Taxes";"UK";"Taxes, Fees, Levies and charges - Depot";"Tractor-Trailer";"BAU";"EUR/kWh";2045;"0.077";"Sensitivity | Removed policies | Removed diesel efficiency gains";"Electricity"
"OPEX";"H2 Infrastructure";"DE";"HRS costs";"Rigid";"BAU";"EUR/kg H2";2045;"1.1";"Sensitivity | Removed policies | Removed diesel efficiency gains";"Hydrogen"
"OPEX";"H2 Infrastructure";"DE";"HRS costs";"Tractor-Trailer";"BAU";"EUR/kg H2";2045;"1.1";"Sensitivity | Removed policies | Removed diesel efficiency gains";"Hydrogen"
"OPEX";"H2 Infrastructure";"ES";"HRS costs";"Rigid";"BAU";"EUR/kg H2";2045;"1.1";"Sensitivity | Removed policies | Removed diesel efficiency gains";"Hydrogen"
"OPEX";"H2 Infrastructure";"ES";"HRS costs";"Tractor-Trailer";"BAU";"EUR/kg H2";2045;"1.1";"Sensitivity | Removed policies | Removed diesel efficiency gains";"Hydrogen"
"OPEX";"H2 Infrastructure";"FR";"HRS costs";"Rigid";"BAU";"EUR/kg H2";2045;"1.1";"Sensitivity | Removed policies | Removed diesel efficiency gains";"Hydrogen"
"OPEX";"H2 Infrastructure";"FR";"HRS costs";"Tractor-Trailer";"BAU";"EUR/kg H2";2045;"1.1";"Sensitivity | Removed policies | Removed diesel efficiency gains";"Hydrogen"
"OPEX";"H2 Infrastructure";"IT";"HRS costs";"Rigid";"BAU";"EUR/kg H2";2045;"1.1";"Sensitivity | Removed policies | Removed diesel efficiency gains";"Hydrogen"
"OPEX";"H2 Infrastructure";"IT";"HRS costs";"Tractor-Trailer";"BAU";"EUR/kg H2";2045;"1.1";"Sensitivity | Removed policies | Removed diesel efficiency gains";"Hydrogen"
"OPEX";"H2 Infrastructure";"NL";"HRS costs";"Rigid";"BAU";"EUR/kg H2";2045;"1.1";"Sensitivity | Removed policies | Removed diesel efficiency gains";"Hydrogen"
"OPEX";"H2 Infrastructure";"NL";"HRS costs";"Tractor-Trailer";"BAU";"EUR/kg H2";2045;"1.1";"Sensitivity | Removed policies | Removed diesel efficiency gains";"Hydrogen"
"OPEX";"H2 Infrastructure";"PL";"HRS costs";"Rigid";"BAU";"EUR/kg H2";2045;"1.1";"Sensitivity | Removed policies | Removed diesel efficiency gains";"Hydrogen"
"OPEX";"H2 Infrastructure";"PL";"HRS costs";"Tractor-Trailer";"BAU";"EUR/kg H2";2045;"1.1";"Sensitivity | Removed policies | Removed diesel efficiency gains";"Hydrogen"
"OPEX";"H2 Infrastructure";"UK";"HRS costs";"Rigid";"BAU";"EUR/kg H2";2045;"1.1";"Sensitivity | Removed policies | Removed diesel efficiency gains";"Hydrogen"
"OPEX";"H2 Infrastructure";"UK";"HRS costs";"Tractor-Trailer";"BAU";"EUR/kg H2";2045;"1.1";"Sensitivity | Removed policies | Removed diesel efficiency gains";"Hydrogen"
"OPEX";"H2 Infrastructure";"DE";"H2 transport and distribution";"Rigid";"BAU";"EUR/kg H2";2045;"1";"Sensitivity | Removed policies | Removed diesel efficiency gains";"Hydrogen"
"OPEX";"H2 Infrastructure";"DE";"H2 transport and distribution";"Tractor-Trailer";"BAU";"EUR/kg H2";2045;"1";"Sensitivity | Removed policies | Removed diesel efficiency gains";"Hydrogen"
"OPEX";"H2 Infrastructure";"ES";"H2 transport and distribution";"Rigid";"BAU";"EUR/kg H2";2045;"1";"Sensitivity | Removed policies | Removed diesel efficiency gains";"Hydrogen"
"OPEX";"H2 Infrastructure";"ES";"H2 transport and distribution";"Tractor-Trailer";"BAU";"EUR/kg H2";2045;"1";"Sensitivity | Removed policies | Removed diesel efficiency gains";"Hydrogen"
"OPEX";"H2 Infrastructure";"FR";"H2 transport and distribution";"Rigid";"BAU";"EUR/kg H2";2045;"1";"Sensitivity | Removed policies | Removed diesel efficiency gains";"Hydrogen"
"OPEX";"H2 Infrastructure";"FR";"H2 transport and distribution";"Tractor-Trailer";"BAU";"EUR/kg H2";2045;"1";"Sensitivity | Removed policies | Removed diesel efficiency gains";"Hydrogen"
"OPEX";"H2 Infrastructure";"IT";"H2 transport and distribution";"Rigid";"BAU";"EUR/kg H2";2045;"1";"Sensitivity | Removed policies | Removed diesel efficiency gains";"Hydrogen"
"OPEX";"H2 Infrastructure";"IT";"H2 transport and distribution";"Tractor-Trailer";"BAU";"EUR/kg H2";2045;"1";"Sensitivity | Removed policies | Removed diesel efficiency gains";"Hydrogen"
"OPEX";"H2 Infrastructure";"NL";"H2 transport and distribution";"Rigid";"BAU";"EUR/kg H2";2045;"1";"Sensitivity | Removed policies | Removed diesel efficiency gains";"Hydrogen"
"OPEX";"H2 Infrastructure";"NL";"H2 transport and distribution";"Tractor-Trailer";"BAU";"EUR/kg H2";2045;"1";"Sensitivity | Removed policies | Removed diesel efficiency gains";"Hydrogen"
"OPEX";"H2 Infrastructure";"PL";"H2 transport and distribution";"Rigid";"BAU";"EUR/kg H2";2045;"1";"Sensitivity | Removed policies | Removed diesel efficiency gains";"Hydrogen"
"OPEX";"H2 Infrastructure";"PL";"H2 transport and distribution";"Tractor-Trailer";"BAU";"EUR/kg H2";2045;"1";"Sensitivity | Removed policies | Removed diesel efficiency gains";"Hydrogen"
"OPEX";"H2 Infrastructure";"UK";"H2 transport and distribution";"Rigid";"BAU";"EUR/kg H2";2045;"1";"Sensitivity | Removed policies | Removed diesel efficiency gains";"Hydrogen"
"OPEX";"H2 Infrastructure";"UK";"H2 transport and distribution";"Tractor-Trailer";"BAU";"EUR/kg H2";2045;"1";"Sensitivity | Removed policies | Removed diesel efficiency gains";"Hydrogen"
"OPEX";"H2 Infrastructure";"DE";"HRS Overhead, Profit and Mark-Up";"Rigid";"BAU";"EUR/kg H2";2045;"0.25";"Sensitivity | Removed policies | Removed diesel efficiency gains";"Hydrogen"
"OPEX";"H2 Infrastructure";"DE";"HRS Overhead, Profit and Mark-Up";"Tractor-Trailer";"BAU";"EUR/kg H2";2045;"0.25";"Sensitivity | Removed policies | Removed diesel efficiency gains";"Hydrogen"
"OPEX";"H2 Infrastructure";"ES";"HRS Overhead, Profit and Mark-Up";"Rigid";"BAU";"EUR/kg H2";2045;"0.25";"Sensitivity | Removed policies | Removed diesel efficiency gains";"Hydrogen"
"OPEX";"H2 Infrastructure";"ES";"HRS Overhead, Profit and Mark-Up";"Tractor-Trailer";"BAU";"EUR/kg H2";2045;"0.25";"Sensitivity | Removed policies | Removed diesel efficiency gains";"Hydrogen"
"OPEX";"H2 Infrastructure";"FR";"HRS Overhead, Profit and Mark-Up";"Rigid";"BAU";"EUR/kg H2";2045;"0.25";"Sensitivity | Removed policies | Removed diesel efficiency gains";"Hydrogen"
"OPEX";"H2 Infrastructure";"FR";"HRS Overhead, Profit and Mark-Up";"Tractor-Trailer";"BAU";"EUR/kg H2";2045;"0.25";"Sensitivity | Removed policies | Removed diesel efficiency gains";"Hydrogen"
"OPEX";"H2 Infrastructure";"IT";"HRS Overhead, Profit and Mark-Up";"Rigid";"BAU";"EUR/kg H2";2045;"0.25";"Sensitivity | Removed policies | Removed diesel efficiency gains";"Hydrogen"
"OPEX";"H2 Infrastructure";"IT";"HRS Overhead, Profit and Mark-Up";"Tractor-Trailer";"BAU";"EUR/kg H2";2045;"0.25";"Sensitivity | Removed policies | Removed diesel efficiency gains";"Hydrogen"
"OPEX";"H2 Infrastructure";"NL";"HRS Overhead, Profit and Mark-Up";"Rigid";"BAU";"EUR/kg H2";2045;"0.25";"Sensitivity | Removed policies | Removed diesel efficiency gains";"Hydrogen"
"OPEX";"H2 Infrastructure";"NL";"HRS Overhead, Profit and Mark-Up";"Tractor-Trailer";"BAU";"EUR/kg H2";2045;"0.25";"Sensitivity | Removed policies | Removed diesel efficiency gains";"Hydrogen"
"OPEX";"H2 Infrastructure";"PL";"HRS Overhead, Profit and Mark-Up";"Rigid";"BAU";"EUR/kg H2";2045;"0.25";"Sensitivity | Removed policies | Removed diesel efficiency gains";"Hydrogen"
"OPEX";"H2 Infrastructure";"PL";"HRS Overhead, Profit and Mark-Up";"Tractor-Trailer";"BAU";"EUR/kg H2";2045;"0.25";"Sensitivity | Removed policies | Removed diesel efficiency gains";"Hydrogen"
"OPEX";"H2 Infrastructure";"UK";"HRS Overhead, Profit and Mark-Up";"Rigid";"BAU";"EUR/kg H2";2045;"0.25";"Sensitivity | Removed policies | Removed diesel efficiency gains";"Hydrogen"
"OPEX";"H2 Infrastructure";"UK";"HRS Overhead, Profit and Mark-Up";"Tractor-Trailer";"BAU";"EUR/kg H2";2045;"0.25";"Sensitivity | Removed policies | Removed diesel efficiency gains";"Hydrogen"
"OPEX";"Charging Infrastructure";"DE";"MCS Station (Public Charging) - Incl. Overhead";"Rigid";"BAU";"EUR/kWh";2045;"0.032";"Sensitivity | Removed policies | Removed diesel efficiency gains";"Electricity"
"OPEX";"Charging Infrastructure";"DE";"MCS Station (Public Charging) - Incl. Overhead";"Tractor-Trailer";"BAU";"EUR/kWh";2045;"0.032";"Sensitivity | Removed policies | Removed diesel efficiency gains";"Electricity"
"OPEX";"Charging Infrastructure";"ES";"MCS Station (Public Charging) - Incl. Overhead";"Rigid";"BAU";"EUR/kWh";2045;"0.032";"Sensitivity | Removed policies | Removed diesel efficiency gains";"Electricity"
"OPEX";"Charging Infrastructure";"ES";"MCS Station (Public Charging) - Incl. Overhead";"Tractor-Trailer";"BAU";"EUR/kWh";2045;"0.032";"Sensitivity | Removed policies | Removed diesel efficiency gains";"Electricity"
"OPEX";"Charging Infrastructure";"FR";"MCS Station (Public Charging) - Incl. Overhead";"Rigid";"BAU";"EUR/kWh";2045;"0.032";"Sensitivity | Removed policies | Removed diesel efficiency gains";"Electricity"
"OPEX";"Charging Infrastructure";"FR";"MCS Station (Public Charging) - Incl. Overhead";"Tractor-Trailer";"BAU";"EUR/kWh";2045;"0.032";"Sensitivity | Removed policies | Removed diesel efficiency gains";"Electricity"
"OPEX";"Charging Infrastructure";"IT";"MCS Station (Public Charging) - Incl. Overhead";"Rigid";"BAU";"EUR/kWh";2045;"0.032";"Sensitivity | Removed policies | Removed diesel efficiency gains";"Electricity"
"OPEX";"Charging Infrastructure";"IT";"MCS Station (Public Charging) - Incl. Overhead";"Tractor-Trailer";"BAU";"EUR/kWh";2045;"0.032";"Sensitivity | Removed policies | Removed diesel efficiency gains";"Electricity"
"OPEX";"Charging Infrastructure";"NL";"MCS Station (Public Charging) - Incl. Overhead";"Rigid";"BAU";"EUR/kWh";2045;"0.032";"Sensitivity | Removed policies | Removed diesel efficiency gains";"Electricity"
"OPEX";"Charging Infrastructure";"NL";"MCS Station (Public Charging) - Incl. Overhead";"Tractor-Trailer";"BAU";"EUR/kWh";2045;"0.032";"Sensitivity | Removed policies | Removed diesel efficiency gains";"Electricity"
"OPEX";"Charging Infrastructure";"PL";"MCS Station (Public Charging) - Incl. Overhead";"Rigid";"BAU";"EUR/kWh";2045;"0.032";"Sensitivity | Removed policies | Removed diesel efficiency gains";"Electricity"
"OPEX";"Charging Infrastructure";"PL";"MCS Station (Public Charging) - Incl. Overhead";"Tractor-Trailer";"BAU";"EUR/kWh";2045;"0.032";"Sensitivity | Removed policies | Removed diesel efficiency gains";"Electricity"
"OPEX";"Charging Infrastructure";"UK";"MCS Station (Public Charging) - Incl. Overhead";"Rigid";"BAU";"EUR/kWh";2045;"0.032";"Sensitivity | Removed policies | Removed diesel efficiency gains";"Electricity"
"OPEX";"Charging Infrastructure";"UK";"MCS Station (Public Charging) - Incl. Overhead";"Tractor-Trailer";"BAU";"EUR/kWh";2045;"0.032";"Sensitivity | Removed policies | Removed diesel efficiency gains";"Electricity"
"OPEX";"Charging Infrastructure";"DE";"Share MCS-Charging";"Rigid";"BAU";"%";2045;"0.2";"Sensitivity | Removed policies | Removed diesel efficiency gains";"Electricity"
"OPEX";"Charging Infrastructure";"DE";"Share MCS-Charging";"Tractor-Trailer";"BAU";"%";2045;"0.2";"Sensitivity | Removed policies | Removed diesel efficiency gains";"Electricity"
"OPEX";"Charging Infrastructure";"ES";"Share MCS-Charging";"Rigid";"BAU";"%";2045;"0.2";"Sensitivity | Removed policies | Removed diesel efficiency gains";"Electricity"
"OPEX";"Charging Infrastructure";"ES";"Share MCS-Charging";"Tractor-Trailer";"BAU";"%";2045;"0.2";"Sensitivity | Removed policies | Removed diesel efficiency gains";"Electricity"
"OPEX";"Charging Infrastructure";"FR";"Share MCS-Charging";"Rigid";"BAU";"%";2045;"0.2";"Sensitivity | Removed policies | Removed diesel efficiency gains";"Electricity"
"OPEX";"Charging Infrastructure";"FR";"Share MCS-Charging";"Tractor-Trailer";"BAU";"%";2045;"0.2";"Sensitivity | Removed policies | Removed diesel efficiency gains";"Electricity"
"OPEX";"Charging Infrastructure";"IT";"Share MCS-Charging";"Rigid";"BAU";"%";2045;"0.2";"Sensitivity | Removed policies | Removed diesel efficiency gains";"Electricity"
"OPEX";"Charging Infrastructure";"IT";"Share MCS-Charging";"Tractor-Trailer";"BAU";"%";2045;"0.2";"Sensitivity | Removed policies | Removed diesel efficiency gains";"Electricity"
"OPEX";"Charging Infrastructure";"NL";"Share MCS-Charging";"Rigid";"BAU";"%";2045;"0.2";"Sensitivity | Removed policies | Removed diesel efficiency gains";"Electricity"
"OPEX";"Charging Infrastructure";"NL";"Share MCS-Charging";"Tractor-Trailer";"BAU";"%";2045;"0.2";"Sensitivity | Removed policies | Removed diesel efficiency gains";"Electricity"
"OPEX";"Charging Infrastructure";"PL";"Share MCS-Charging";"Rigid";"BAU";"%";2045;"0.2";"Sensitivity | Removed policies | Removed diesel efficiency gains";"Electricity"
"OPEX";"Charging Infrastructure";"PL";"Share MCS-Charging";"Tractor-Trailer";"BAU";"%";2045;"0.2";"Sensitivity | Removed policies | Removed diesel efficiency gains";"Electricity"
"OPEX";"Charging Infrastructure";"UK";"Share MCS-Charging";"Rigid";"BAU";"%";2045;"0.2";"Sensitivity | Removed policies | Removed diesel efficiency gains";"Electricity"
"OPEX";"Charging Infrastructure";"UK";"Share MCS-Charging";"Tractor-Trailer";"BAU";"%";2045;"0.2";"Sensitivity | Removed policies | Removed diesel efficiency gains";"Electricity"
"OPEX";"Charging Infrastructure";"DE";"Depot - Network fees savings potential";"Rigid";"BAU";"EUR/kWh";2045;"0";"Sensitivity | Removed policies | Removed diesel efficiency gains";"Electricity"
"OPEX";"Charging Infrastructure";"DE";"Depot - Network fees savings potential";"Tractor-Trailer";"BAU";"EUR/kWh";2045;"0";"Sensitivity | Removed policies | Removed diesel efficiency gains";"Electricity"
"OPEX";"Charging Infrastructure";"ES";"Depot - Network fees savings potential";"Rigid";"BAU";"EUR/kWh";2045;"0";"Sensitivity | Removed policies | Removed diesel efficiency gains";"Electricity"
"OPEX";"Charging Infrastructure";"ES";"Depot - Network fees savings potential";"Tractor-Trailer";"BAU";"EUR/kWh";2045;"0";"Sensitivity | Removed policies | Removed diesel efficiency gains";"Electricity"
"OPEX";"Charging Infrastructure";"FR";"Depot - Network fees savings potential";"Rigid";"BAU";"EUR/kWh";2045;"0";"Sensitivity | Removed policies | Removed diesel efficiency gains";"Electricity"
"OPEX";"Charging Infrastructure";"FR";"Depot - Network fees savings potential";"Tractor-Trailer";"BAU";"EUR/kWh";2045;"0";"Sensitivity | Removed policies | Removed diesel efficiency gains";"Electricity"
"OPEX";"Charging Infrastructure";"IT";"Depot - Network fees savings potential";"Rigid";"BAU";"EUR/kWh";2045;"0";"Sensitivity | Removed policies | Removed diesel efficiency gains";"Electricity"
"OPEX";"Charging Infrastructure";"IT";"Depot - Network fees savings potential";"Tractor-Trailer";"BAU";"EUR/kWh";2045;"0";"Sensitivity | Removed policies | Removed diesel efficiency gains";"Electricity"
"OPEX";"Charging Infrastructure";"NL";"Depot - Network fees savings potential";"Rigid";"BAU";"EUR/kWh";2045;"0";"Sensitivity | Removed policies | Removed diesel efficiency gains";"Electricity"
"OPEX";"Charging Infrastructure";"NL";"Depot - Network fees savings potential";"Tractor-Trailer";"BAU";"EUR/kWh";2045;"0";"Sensitivity | Removed policies | Removed diesel efficiency gains";"Electricity"
"OPEX";"Charging Infrastructure";"PL";"Depot - Network fees savings potential";"Rigid";"BAU";"EUR/kWh";2045;"0";"Sensitivity | Removed policies | Removed diesel efficiency gains";"Electricity"
"OPEX";"Charging Infrastructure";"PL";"Depot - Network fees savings potential";"Tractor-Trailer";"BAU";"EUR/kWh";2045;"0";"Sensitivity | Removed policies | Removed diesel efficiency gains";"Electricity"
"OPEX";"Charging Infrastructure";"UK";"Depot - Network fees savings potential";"Rigid";"BAU";"EUR/kWh";2045;"0";"Sensitivity | Removed policies | Removed diesel efficiency gains";"Electricity"
"OPEX";"Charging Infrastructure";"UK";"Depot - Network fees savings potential";"Tractor-Trailer";"BAU";"EUR/kWh";2045;"0";"Sensitivity | Removed policies | Removed diesel efficiency gains";"Electricity"
"OPEX";"Taxes";"DE";"Tax reduction";"Rigid";"BAU";"%";2045;"0";"Sensitivity | Removed policies | Removed diesel efficiency gains";"Hydrogen"
"OPEX";"Taxes";"DE";"Tax reduction";"Tractor-Trailer";"BAU";"%";2045;"0";"Sensitivity | Removed policies | Removed diesel efficiency gains";"Hydrogen"
"OPEX";"Taxes";"ES";"Tax reduction";"Rigid";"BAU";"%";2045;"0";"Sensitivity | Removed policies | Removed diesel efficiency gains";"Hydrogen"
"OPEX";"Taxes";"ES";"Tax reduction";"Tractor-Trailer";"BAU";"%";2045;"0";"Sensitivity | Removed policies | Removed diesel efficiency gains";"Hydrogen"
"OPEX";"Taxes";"FR";"Tax reduction";"Rigid";"BAU";"%";2045;"0";"Sensitivity | Removed policies | Removed diesel efficiency gains";"Hydrogen"
"OPEX";"Taxes";"FR";"Tax reduction";"Tractor-Trailer";"BAU";"%";2045;"0";"Sensitivity | Removed policies | Removed diesel efficiency gains";"Hydrogen"
"OPEX";"Taxes";"IT";"Tax reduction";"Rigid";"BAU";"%";2045;"0";"Sensitivity | Removed policies | Removed diesel efficiency gains";"Hydrogen"
"OPEX";"Taxes";"IT";"Tax reduction";"Tractor-Trailer";"BAU";"%";2045;"0";"Sensitivity | Removed policies | Removed diesel efficiency gains";"Hydrogen"
"OPEX";"Taxes";"NL";"Tax reduction";"Rigid";"BAU";"%";2045;"0";"Sensitivity | Removed policies | Removed diesel efficiency gains";"Hydrogen"
"OPEX";"Taxes";"NL";"Tax reduction";"Tractor-Trailer";"BAU";"%";2045;"0";"Sensitivity | Removed policies | Removed diesel efficiency gains";"Hydrogen"
"OPEX";"Taxes";"PL";"Tax reduction";"Rigid";"BAU";"%";2045;"0";"Sensitivity | Removed policies | Removed diesel efficiency gains";"Hydrogen"
"OPEX";"Taxes";"PL";"Tax reduction";"Tractor-Trailer";"BAU";"%";2045;"0";"Sensitivity | Removed policies | Removed diesel efficiency gains";"Hydrogen"
"OPEX";"Taxes";"UK";"Tax reduction";"Rigid";"BAU";"%";2045;"0";"Sensitivity | Removed policies | Removed diesel efficiency gains";"Hydrogen"
"OPEX";"Taxes";"UK";"Tax reduction";"Tractor-Trailer";"BAU";"%";2045;"0";"Sensitivity | Removed policies | Removed diesel efficiency gains";"Hydrogen"
"OPEX";"Taxes";"DE";"Increasing grid fees";"Rigid";"PROG";"%";2045;"0.25";"Sensitivity | Removed policies | Removed diesel efficiency gains";"Electricity"
"OPEX";"Taxes";"DE";"Increasing grid fees";"Tractor-Trailer";"PROG";"%";2045;"0.25";"Sensitivity | Removed policies | Removed diesel efficiency gains";"Electricity"
"OPEX";"Taxes";"ES";"Increasing grid fees";"Rigid";"PROG";"%";2045;"0.25";"Sensitivity | Removed policies | Removed diesel efficiency gains";"Electricity"
"OPEX";"Taxes";"ES";"Increasing grid fees";"Tractor-Trailer";"PROG";"%";2045;"0.25";"Sensitivity | Removed policies | Removed diesel efficiency gains";"Electricity"
"OPEX";"Taxes";"FR";"Increasing grid fees";"Rigid";"PROG";"%";2045;"0.25";"Sensitivity | Removed policies | Removed diesel efficiency gains";"Electricity"
"OPEX";"Taxes";"FR";"Increasing grid fees";"Tractor-Trailer";"PROG";"%";2045;"0.25";"Sensitivity | Removed policies | Removed diesel efficiency gains";"Electricity"
"OPEX";"Taxes";"IT";"Increasing grid fees";"Rigid";"PROG";"%";2045;"0.25";"Sensitivity | Removed policies | Removed diesel efficiency gains";"Electricity"
"OPEX";"Taxes";"IT";"Increasing grid fees";"Tractor-Trailer";"PROG";"%";2045;"0.25";"Sensitivity | Removed policies | Removed diesel efficiency gains";"Electricity"
"OPEX";"Taxes";"NL";"Increasing grid fees";"Rigid";"PROG";"%";2045;"0.25";"Sensitivity | Removed policies | Removed diesel efficiency gains";"Electricity"
"OPEX";"Taxes";"NL";"Increasing grid fees";"Tractor-Trailer";"PROG";"%";2045;"0.25";"Sensitivity | Removed policies | Removed diesel efficiency gains";"Electricity"
"OPEX";"Taxes";"PL";"Increasing grid fees";"Rigid";"PROG";"%";2045;"0.25";"Sensitivity | Removed policies | Removed diesel efficiency gains";"Electricity"
"OPEX";"Taxes";"PL";"Increasing grid fees";"Tractor-Trailer";"PROG";"%";2045;"0.25";"Sensitivity | Removed policies | Removed diesel efficiency gains";"Electricity"
"OPEX";"Taxes";"UK";"Increasing grid fees";"Rigid";"PROG";"%";2045;"0.25";"Sensitivity | Removed policies | Removed diesel efficiency gains";"Electricity"
"OPEX";"Taxes";"UK";"Increasing grid fees";"Tractor-Trailer";"PROG";"%";2045;"0.25";"Sensitivity | Removed policies | Removed diesel efficiency gains";"Electricity"
"OPEX";"Taxes";"DE";"Increasing grid fees";"Rigid";"BAU";"%";2045;"0.417";"Sensitivity | Removed policies | Removed diesel efficiency gains";"Electricity"
"OPEX";"Taxes";"DE";"Increasing grid fees";"Tractor-Trailer";"BAU";"%";2045;"0.417";"Sensitivity | Removed policies | Removed diesel efficiency gains";"Electricity"
"OPEX";"Taxes";"ES";"Increasing grid fees";"Rigid";"BAU";"%";2045;"0.417";"Sensitivity | Removed policies | Removed diesel efficiency gains";"Electricity"
"OPEX";"Taxes";"ES";"Increasing grid fees";"Tractor-Trailer";"BAU";"%";2045;"0.417";"Sensitivity | Removed policies | Removed diesel efficiency gains";"Electricity"
"OPEX";"Taxes";"FR";"Increasing grid fees";"Rigid";"BAU";"%";2045;"0.417";"Sensitivity | Removed policies | Removed diesel efficiency gains";"Electricity"
"OPEX";"Taxes";"FR";"Increasing grid fees";"Tractor-Trailer";"BAU";"%";2045;"0.417";"Sensitivity | Removed policies | Removed diesel efficiency gains";"Electricity"
"OPEX";"Taxes";"IT";"Increasing grid fees";"Rigid";"BAU";"%";2045;"0.417";"Sensitivity | Removed policies | Removed diesel efficiency gains";"Electricity"
"OPEX";"Taxes";"IT";"Increasing grid fees";"Tractor-Trailer";"BAU";"%";2045;"0.417";"Sensitivity | Removed policies | Removed diesel efficiency gains";"Electricity"
"OPEX";"Taxes";"NL";"Increasing grid fees";"Rigid";"BAU";"%";2045;"0.417";"Sensitivity | Removed policies | Removed diesel efficiency gains";"Electricity"
"OPEX";"Taxes";"NL";"Increasing grid fees";"Tractor-Trailer";"BAU";"%";2045;"0.417";"Sensitivity | Removed policies | Removed diesel efficiency gains";"Electricity"
"OPEX";"Taxes";"PL";"Increasing grid fees";"Rigid";"BAU";"%";2045;"0.417";"Sensitivity | Removed policies | Removed diesel efficiency gains";"Electricity"
"OPEX";"Taxes";"PL";"Increasing grid fees";"Tractor-Trailer";"BAU";"%";2045;"0.417";"Sensitivity | Removed policies | Removed diesel efficiency gains";"Electricity"
"OPEX";"Taxes";"UK";"Increasing grid fees";"Rigid";"BAU";"%";2045;"0.417";"Sensitivity | Removed policies | Removed diesel efficiency gains";"Electricity"
"OPEX";"Taxes";"UK";"Increasing grid fees";"Tractor-Trailer";"BAU";"%";2045;"0.417";"Sensitivity | Removed policies | Removed diesel efficiency gains";"Electricity"
"OPEX";"Taxes";"DE";"Network Costs - MCS";"Rigid";"PROG";"EUR/kWh";2050;"0.021";"Sensitivity | Removed policies | Removed diesel efficiency gains";"Electricity"
"OPEX";"Taxes";"DE";"Network Costs - MCS";"Tractor-Trailer";"PROG";"EUR/kWh";2050;"0.021";"Sensitivity | Removed policies | Removed diesel efficiency gains";"Electricity"
"OPEX";"Taxes";"ES";"Network Costs - MCS";"Rigid";"PROG";"EUR/kWh";2050;"0.009";"Sensitivity | Removed policies | Removed diesel efficiency gains";"Electricity"
"OPEX";"Taxes";"ES";"Network Costs - MCS";"Tractor-Trailer";"PROG";"EUR/kWh";2050;"0.009";"Sensitivity | Removed policies | Removed diesel efficiency gains";"Electricity"
"OPEX";"Taxes";"FR";"Network Costs - MCS";"Rigid";"PROG";"EUR/kWh";2050;"0.014";"Sensitivity | Removed policies | Removed diesel efficiency gains";"Electricity"
"OPEX";"Taxes";"FR";"Network Costs - MCS";"Tractor-Trailer";"PROG";"EUR/kWh";2050;"0.014";"Sensitivity | Removed policies | Removed diesel efficiency gains";"Electricity"
"OPEX";"Taxes";"IT";"Network Costs - MCS";"Rigid";"PROG";"EUR/kWh";2050;"0.012";"Sensitivity | Removed policies | Removed diesel efficiency gains";"Electricity"
"OPEX";"Taxes";"IT";"Network Costs - MCS";"Tractor-Trailer";"PROG";"EUR/kWh";2050;"0.012";"Sensitivity | Removed policies | Removed diesel efficiency gains";"Electricity"
"OPEX";"Taxes";"NL";"Network Costs - MCS";"Rigid";"PROG";"EUR/kWh";2050;"0.015";"Sensitivity | Removed policies | Removed diesel efficiency gains";"Electricity"
"OPEX";"Taxes";"NL";"Network Costs - MCS";"Tractor-Trailer";"PROG";"EUR/kWh";2050;"0.015";"Sensitivity | Removed policies | Removed diesel efficiency gains";"Electricity"
"OPEX";"Taxes";"PL";"Network Costs - MCS";"Rigid";"PROG";"EUR/kWh";2050;"0.014";"Sensitivity | Removed policies | Removed diesel efficiency gains";"Electricity"
"OPEX";"Taxes";"PL";"Network Costs - MCS";"Tractor-Trailer";"PROG";"EUR/kWh";2050;"0.014";"Sensitivity | Removed policies | Removed diesel efficiency gains";"Electricity"
"OPEX";"Taxes";"UK";"Network Costs - MCS";"Rigid";"PROG";"EUR/kWh";2050;"0.018";"Sensitivity | Removed policies | Removed diesel efficiency gains";"Electricity"
"OPEX";"Taxes";"UK";"Network Costs - MCS";"Tractor-Trailer";"PROG";"EUR/kWh";2050;"0.018";"Sensitivity | Removed policies | Removed diesel efficiency gains";"Electricity"
"OPEX";"Taxes";"DE";"Taxes, Fees, Levies and charges - MCS";"Rigid";"PROG";"EUR/kWh";2050;"0.051";"Sensitivity | Removed policies | Removed diesel efficiency gains";"Electricity"
"OPEX";"Taxes";"DE";"Taxes, Fees, Levies and charges - MCS";"Tractor-Trailer";"PROG";"EUR/kWh";2050;"0.051";"Sensitivity | Removed policies | Removed diesel efficiency gains";"Electricity"
"OPEX";"Taxes";"ES";"Taxes, Fees, Levies and charges - MCS";"Rigid";"PROG";"EUR/kWh";2050;"0.026";"Sensitivity | Removed policies | Removed diesel efficiency gains";"Electricity"
"OPEX";"Taxes";"ES";"Taxes, Fees, Levies and charges - MCS";"Tractor-Trailer";"PROG";"EUR/kWh";2050;"0.026";"Sensitivity | Removed policies | Removed diesel efficiency gains";"Electricity"
"OPEX";"Taxes";"FR";"Taxes, Fees, Levies and charges - MCS";"Rigid";"PROG";"EUR/kWh";2050;"0.022";"Sensitivity | Removed policies | Removed diesel efficiency gains";"Electricity"
"OPEX";"Taxes";"FR";"Taxes, Fees, Levies and charges - MCS";"Tractor-Trailer";"PROG";"EUR/kWh";2050;"0.022";"Sensitivity | Removed policies | Removed diesel efficiency gains";"Electricity"
"OPEX";"Taxes";"IT";"Taxes, Fees, Levies and charges - MCS";"Rigid";"PROG";"EUR/kWh";2050;"0.034";"Sensitivity | Removed policies | Removed diesel efficiency gains";"Electricity"
"OPEX";"Taxes";"IT";"Taxes, Fees, Levies and charges - MCS";"Tractor-Trailer";"PROG";"EUR/kWh";2050;"0.034";"Sensitivity | Removed policies | Removed diesel efficiency gains";"Electricity"
"OPEX";"Taxes";"NL";"Taxes, Fees, Levies and charges - MCS";"Rigid";"PROG";"EUR/kWh";2050;"0.023";"Sensitivity | Removed policies | Removed diesel efficiency gains";"Electricity"
"OPEX";"Taxes";"NL";"Taxes, Fees, Levies and charges - MCS";"Tractor-Trailer";"PROG";"EUR/kWh";2050;"0.023";"Sensitivity | Removed policies | Removed diesel efficiency gains";"Electricity"
"OPEX";"Taxes";"PL";"Taxes, Fees, Levies and charges - MCS";"Rigid";"PROG";"EUR/kWh";2050;"0.045";"Sensitivity | Removed policies | Removed diesel efficiency gains";"Electricity"
"OPEX";"Taxes";"PL";"Taxes, Fees, Levies and charges - MCS";"Tractor-Trailer";"PROG";"EUR/kWh";2050;"0.045";"Sensitivity | Removed policies | Removed diesel efficiency gains";"Electricity"
"OPEX";"Taxes";"UK";"Taxes, Fees, Levies and charges - MCS";"Rigid";"PROG";"EUR/kWh";2050;"0.074";"Sensitivity | Removed policies | Removed diesel efficiency gains";"Electricity"
"OPEX";"Taxes";"UK";"Taxes, Fees, Levies and charges - MCS";"Tractor-Trailer";"PROG";"EUR/kWh";2050;"0.074";"Sensitivity | Removed policies | Removed diesel efficiency gains";"Electricity"
"OPEX";"Taxes";"DE";"Network Costs - Depot";"Rigid";"PROG";"EUR/kWh";2050;"0.034";"Sensitivity | Removed policies | Removed diesel efficiency gains";"Electricity"
"OPEX";"Taxes";"DE";"Network Costs - Depot";"Tractor-Trailer";"PROG";"EUR/kWh";2050;"0.034";"Sensitivity | Removed policies | Removed diesel efficiency gains";"Electricity"
"OPEX";"Taxes";"ES";"Network Costs - Depot";"Rigid";"PROG";"EUR/kWh";2050;"0.018";"Sensitivity | Removed policies | Removed diesel efficiency gains";"Electricity"
"OPEX";"Taxes";"ES";"Network Costs - Depot";"Tractor-Trailer";"PROG";"EUR/kWh";2050;"0.018";"Sensitivity | Removed policies | Removed diesel efficiency gains";"Electricity"
"OPEX";"Taxes";"FR";"Network Costs - Depot";"Rigid";"PROG";"EUR/kWh";2050;"0.018";"Sensitivity | Removed policies | Removed diesel efficiency gains";"Electricity"
"OPEX";"Taxes";"FR";"Network Costs - Depot";"Tractor-Trailer";"PROG";"EUR/kWh";2050;"0.018";"Sensitivity | Removed policies | Removed diesel efficiency gains";"Electricity"
"OPEX";"Taxes";"IT";"Network Costs - Depot";"Rigid";"PROG";"EUR/kWh";2050;"0.016";"Sensitivity | Removed policies | Removed diesel efficiency gains";"Electricity"
"OPEX";"Taxes";"IT";"Network Costs - Depot";"Tractor-Trailer";"PROG";"EUR/kWh";2050;"0.016";"Sensitivity | Removed policies | Removed diesel efficiency gains";"Electricity"
"OPEX";"Taxes";"NL";"Network Costs - Depot";"Rigid";"PROG";"EUR/kWh";2050;"0.016";"Sensitivity | Removed policies | Removed diesel efficiency gains";"Electricity"
"OPEX";"Taxes";"NL";"Network Costs - Depot";"Tractor-Trailer";"PROG";"EUR/kWh";2050;"0.016";"Sensitivity | Removed policies | Removed diesel efficiency gains";"Electricity"
"OPEX";"Taxes";"PL";"Network Costs - Depot";"Rigid";"PROG";"EUR/kWh";2050;"0.019";"Sensitivity | Removed policies | Removed diesel efficiency gains";"Electricity"
"OPEX";"Taxes";"PL";"Network Costs - Depot";"Tractor-Trailer";"PROG";"EUR/kWh";2050;"0.019";"Sensitivity | Removed policies | Removed diesel efficiency gains";"Electricity"
"OPEX";"Taxes";"UK";"Network Costs - Depot";"Rigid";"PROG";"EUR/kWh";2050;"0.027";"Sensitivity | Removed policies | Removed diesel efficiency gains";"Electricity"
"OPEX";"Taxes";"UK";"Network Costs - Depot";"Tractor-Trailer";"PROG";"EUR/kWh";2050;"0.027";"Sensitivity | Removed policies | Removed diesel efficiency gains";"Electricity"
"OPEX";"Taxes";"DE";"Taxes, Fees, Levies and charges - Depot";"Rigid";"PROG";"EUR/kWh";2050;"0.056";"Sensitivity | Removed policies | Removed diesel efficiency gains";"Electricity"
"OPEX";"Taxes";"DE";"Taxes, Fees, Levies and charges - Depot";"Tractor-Trailer";"PROG";"EUR/kWh";2050;"0.056";"Sensitivity | Removed policies | Removed diesel efficiency gains";"Electricity"
"OPEX";"Taxes";"ES";"Taxes, Fees, Levies and charges - Depot";"Rigid";"PROG";"EUR/kWh";2050;"0.036";"Sensitivity | Removed policies | Removed diesel efficiency gains";"Electricity"
"OPEX";"Taxes";"ES";"Taxes, Fees, Levies and charges - Depot";"Tractor-Trailer";"PROG";"EUR/kWh";2050;"0.036";"Sensitivity | Removed policies | Removed diesel efficiency gains";"Electricity"
"OPEX";"Taxes";"FR";"Taxes, Fees, Levies and charges - Depot";"Rigid";"PROG";"EUR/kWh";2050;"0.03";"Sensitivity | Removed policies | Removed diesel efficiency gains";"Electricity"
"OPEX";"Taxes";"FR";"Taxes, Fees, Levies and charges - Depot";"Tractor-Trailer";"PROG";"EUR/kWh";2050;"0.03";"Sensitivity | Removed policies | Removed diesel efficiency gains";"Electricity"
"OPEX";"Taxes";"IT";"Taxes, Fees, Levies and charges - Depot";"Rigid";"PROG";"EUR/kWh";2050;"0.063";"Sensitivity | Removed policies | Removed diesel efficiency gains";"Electricity"
"OPEX";"Taxes";"IT";"Taxes, Fees, Levies and charges - Depot";"Tractor-Trailer";"PROG";"EUR/kWh";2050;"0.063";"Sensitivity | Removed policies | Removed diesel efficiency gains";"Electricity"
"OPEX";"Taxes";"NL";"Taxes, Fees, Levies and charges - Depot";"Rigid";"PROG";"EUR/kWh";2050;"0.055";"Sensitivity | Removed policies | Removed diesel efficiency gains";"Electricity"
"OPEX";"Taxes";"NL";"Taxes, Fees, Levies and charges - Depot";"Tractor-Trailer";"PROG";"EUR/kWh";2050;"0.055";"Sensitivity | Removed policies | Removed diesel efficiency gains";"Electricity"
"OPEX";"Taxes";"PL";"Taxes, Fees, Levies and charges - Depot";"Rigid";"PROG";"EUR/kWh";2050;"0.049";"Sensitivity | Removed policies | Removed diesel efficiency gains";"Electricity"
"OPEX";"Taxes";"PL";"Taxes, Fees, Levies and charges - Depot";"Tractor-Trailer";"PROG";"EUR/kWh";2050;"0.049";"Sensitivity | Removed policies | Removed diesel efficiency gains";"Electricity"
"OPEX";"Taxes";"UK";"Taxes, Fees, Levies and charges - Depot";"Rigid";"PROG";"EUR/kWh";2050;"0.077";"Sensitivity | Removed policies | Removed diesel efficiency gains";"Electricity"
"OPEX";"Taxes";"UK";"Taxes, Fees, Levies and charges - Depot";"Tractor-Trailer";"PROG";"EUR/kWh";2050;"0.077";"Sensitivity | Removed policies | Removed diesel efficiency gains";"Electricity"
"OPEX";"H2 Infrastructure";"DE";"HRS costs";"Rigid";"PROG";"EUR/kg H2";2050;"0.6";"Sensitivity | Removed policies | Removed diesel efficiency gains";"Hydrogen"
"OPEX";"H2 Infrastructure";"DE";"HRS costs";"Tractor-Trailer";"PROG";"EUR/kg H2";2050;"0.6";"Sensitivity | Removed policies | Removed diesel efficiency gains";"Hydrogen"
"OPEX";"H2 Infrastructure";"ES";"HRS costs";"Rigid";"PROG";"EUR/kg H2";2050;"0.6";"Sensitivity | Removed policies | Removed diesel efficiency gains";"Hydrogen"
"OPEX";"H2 Infrastructure";"ES";"HRS costs";"Tractor-Trailer";"PROG";"EUR/kg H2";2050;"0.6";"Sensitivity | Removed policies | Removed diesel efficiency gains";"Hydrogen"
"OPEX";"H2 Infrastructure";"FR";"HRS costs";"Rigid";"PROG";"EUR/kg H2";2050;"0.6";"Sensitivity | Removed policies | Removed diesel efficiency gains";"Hydrogen"
"OPEX";"H2 Infrastructure";"FR";"HRS costs";"Tractor-Trailer";"PROG";"EUR/kg H2";2050;"0.6";"Sensitivity | Removed policies | Removed diesel efficiency gains";"Hydrogen"
"OPEX";"H2 Infrastructure";"IT";"HRS costs";"Rigid";"PROG";"EUR/kg H2";2050;"0.6";"Sensitivity | Removed policies | Removed diesel efficiency gains";"Hydrogen"
"OPEX";"H2 Infrastructure";"IT";"HRS costs";"Tractor-Trailer";"PROG";"EUR/kg H2";2050;"0.6";"Sensitivity | Removed policies | Removed diesel efficiency gains";"Hydrogen"
"OPEX";"H2 Infrastructure";"NL";"HRS costs";"Rigid";"PROG";"EUR/kg H2";2050;"0.6";"Sensitivity | Removed policies | Removed diesel efficiency gains";"Hydrogen"
"OPEX";"H2 Infrastructure";"NL";"HRS costs";"Tractor-Trailer";"PROG";"EUR/kg H2";2050;"0.6";"Sensitivity | Removed policies | Removed diesel efficiency gains";"Hydrogen"
"OPEX";"H2 Infrastructure";"PL";"HRS costs";"Rigid";"PROG";"EUR/kg H2";2050;"0.6";"Sensitivity | Removed policies | Removed diesel efficiency gains";"Hydrogen"
"OPEX";"H2 Infrastructure";"PL";"HRS costs";"Tractor-Trailer";"PROG";"EUR/kg H2";2050;"0.6";"Sensitivity | Removed policies | Removed diesel efficiency gains";"Hydrogen"
"OPEX";"H2 Infrastructure";"UK";"HRS costs";"Rigid";"PROG";"EUR/kg H2";2050;"0.6";"Sensitivity | Removed policies | Removed diesel efficiency gains";"Hydrogen"
"OPEX";"H2 Infrastructure";"UK";"HRS costs";"Tractor-Trailer";"PROG";"EUR/kg H2";2050;"0.6";"Sensitivity | Removed policies | Removed diesel efficiency gains";"Hydrogen"
"OPEX";"H2 Infrastructure";"DE";"H2 transport and distribution";"Rigid";"PROG";"EUR/kg H2";2050;"0.667";"Sensitivity | Removed policies | Removed diesel efficiency gains";"Hydrogen"
"OPEX";"H2 Infrastructure";"DE";"H2 transport and distribution";"Tractor-Trailer";"PROG";"EUR/kg H2";2050;"0.667";"Sensitivity | Removed policies | Removed diesel efficiency gains";"Hydrogen"
"OPEX";"H2 Infrastructure";"ES";"H2 transport and distribution";"Rigid";"PROG";"EUR/kg H2";2050;"0.667";"Sensitivity | Removed policies | Removed diesel efficiency gains";"Hydrogen"
"OPEX";"H2 Infrastructure";"ES";"H2 transport and distribution";"Tractor-Trailer";"PROG";"EUR/kg H2";2050;"0.667";"Sensitivity | Removed policies | Removed diesel efficiency gains";"Hydrogen"
"OPEX";"H2 Infrastructure";"FR";"H2 transport and distribution";"Rigid";"PROG";"EUR/kg H2";2050;"0.667";"Sensitivity | Removed policies | Removed diesel efficiency gains";"Hydrogen"
"OPEX";"H2 Infrastructure";"FR";"H2 transport and distribution";"Tractor-Trailer";"PROG";"EUR/kg H2";2050;"0.667";"Sensitivity | Removed policies | Removed diesel efficiency gains";"Hydrogen"
"OPEX";"H2 Infrastructure";"IT";"H2 transport and distribution";"Rigid";"PROG";"EUR/kg H2";2050;"0.667";"Sensitivity | Removed policies | Removed diesel efficiency gains";"Hydrogen"
"OPEX";"H2 Infrastructure";"IT";"H2 transport and distribution";"Tractor-Trailer";"PROG";"EUR/kg H2";2050;"0.667";"Sensitivity | Removed policies | Removed diesel efficiency gains";"Hydrogen"
"OPEX";"H2 Infrastructure";"NL";"H2 transport and distribution";"Rigid";"PROG";"EUR/kg H2";2050;"0.667";"Sensitivity | Removed policies | Removed diesel efficiency gains";"Hydrogen"
"OPEX";"H2 Infrastructure";"NL";"H2 transport and distribution";"Tractor-Trailer";"PROG";"EUR/kg H2";2050;"0.667";"Sensitivity | Removed policies | Removed diesel efficiency gains";"Hydrogen"
"OPEX";"H2 Infrastructure";"PL";"H2 transport and distribution";"Rigid";"PROG";"EUR/kg H2";2050;"0.667";"Sensitivity | Removed policies | Removed diesel efficiency gains";"Hydrogen"
"OPEX";"H2 Infrastructure";"PL";"H2 transport and distribution";"Tractor-Trailer";"PROG";"EUR/kg H2";2050;"0.667";"Sensitivity | Removed policies | Removed diesel efficiency gains";"Hydrogen"
"OPEX";"H2 Infrastructure";"UK";"H2 transport and distribution";"Rigid";"PROG";"EUR/kg H2";2050;"0.667";"Sensitivity | Removed policies | Removed diesel efficiency gains";"Hydrogen"
"OPEX";"H2 Infrastructure";"UK";"H2 transport and distribution";"Tractor-Trailer";"PROG";"EUR/kg H2";2050;"0.667";"Sensitivity | Removed policies | Removed diesel efficiency gains";"Hydrogen"
"OPEX";"H2 Infrastructure";"DE";"HRS Overhead, Profit and Mark-Up";"Rigid";"PROG";"EUR/kg H2";2050;"0.25";"Sensitivity | Removed policies | Removed diesel efficiency gains";"Hydrogen"
"OPEX";"H2 Infrastructure";"DE";"HRS Overhead, Profit and Mark-Up";"Tractor-Trailer";"PROG";"EUR/kg H2";2050;"0.25";"Sensitivity | Removed policies | Removed diesel efficiency gains";"Hydrogen"
"OPEX";"H2 Infrastructure";"ES";"HRS Overhead, Profit and Mark-Up";"Rigid";"PROG";"EUR/kg H2";2050;"0.25";"Sensitivity | Removed policies | Removed diesel efficiency gains";"Hydrogen"
"OPEX";"H2 Infrastructure";"ES";"HRS Overhead, Profit and Mark-Up";"Tractor-Trailer";"PROG";"EUR/kg H2";2050;"0.25";"Sensitivity | Removed policies | Removed diesel efficiency gains";"Hydrogen"
"OPEX";"H2 Infrastructure";"FR";"HRS Overhead, Profit and Mark-Up";"Rigid";"PROG";"EUR/kg H2";2050;"0.25";"Sensitivity | Removed policies | Removed diesel efficiency gains";"Hydrogen"
"OPEX";"H2 Infrastructure";"FR";"HRS Overhead, Profit and Mark-Up";"Tractor-Trailer";"PROG";"EUR/kg H2";2050;"0.25";"Sensitivity | Removed policies | Removed diesel efficiency gains";"Hydrogen"
"OPEX";"H2 Infrastructure";"IT";"HRS Overhead, Profit and Mark-Up";"Rigid";"PROG";"EUR/kg H2";2050;"0.25";"Sensitivity | Removed policies | Removed diesel efficiency gains";"Hydrogen"
"OPEX";"H2 Infrastructure";"IT";"HRS Overhead, Profit and Mark-Up";"Tractor-Trailer";"PROG";"EUR/kg H2";2050;"0.25";"Sensitivity | Removed policies | Removed diesel efficiency gains";"Hydrogen"
"OPEX";"H2 Infrastructure";"NL";"HRS Overhead, Profit and Mark-Up";"Rigid";"PROG";"EUR/kg H2";2050;"0.25";"Sensitivity | Removed policies | Removed diesel efficiency gains";"Hydrogen"
"OPEX";"H2 Infrastructure";"NL";"HRS Overhead, Profit and Mark-Up";"Tractor-Trailer";"PROG";"EUR/kg H2";2050;"0.25";"Sensitivity | Removed policies | Removed diesel efficiency gains";"Hydrogen"
"OPEX";"H2 Infrastructure";"PL";"HRS Overhead, Profit and Mark-Up";"Rigid";"PROG";"EUR/kg H2";2050;"0.25";"Sensitivity | Removed policies | Removed diesel efficiency gains";"Hydrogen"
"OPEX";"H2 Infrastructure";"PL";"HRS Overhead, Profit and Mark-Up";"Tractor-Trailer";"PROG";"EUR/kg H2";2050;"0.25";"Sensitivity | Removed policies | Removed diesel efficiency gains";"Hydrogen"
"OPEX";"H2 Infrastructure";"UK";"HRS Overhead, Profit and Mark-Up";"Rigid";"PROG";"EUR/kg H2";2050;"0.25";"Sensitivity | Removed policies | Removed diesel efficiency gains";"Hydrogen"
"OPEX";"H2 Infrastructure";"UK";"HRS Overhead, Profit and Mark-Up";"Tractor-Trailer";"PROG";"EUR/kg H2";2050;"0.25";"Sensitivity | Removed policies | Removed diesel efficiency gains";"Hydrogen"
"OPEX";"Charging Infrastructure";"DE";"MCS Station (Public Charging) - Incl. Overhead";"Rigid";"PROG";"EUR/kWh";2050;"0.013";"Sensitivity | Removed policies | Removed diesel efficiency gains";"Electricity"
"OPEX";"Charging Infrastructure";"DE";"MCS Station (Public Charging) - Incl. Overhead";"Tractor-Trailer";"PROG";"EUR/kWh";2050;"0.013";"Sensitivity | Removed policies | Removed diesel efficiency gains";"Electricity"
"OPEX";"Charging Infrastructure";"ES";"MCS Station (Public Charging) - Incl. Overhead";"Rigid";"PROG";"EUR/kWh";2050;"0.013";"Sensitivity | Removed policies | Removed diesel efficiency gains";"Electricity"
"OPEX";"Charging Infrastructure";"ES";"MCS Station (Public Charging) - Incl. Overhead";"Tractor-Trailer";"PROG";"EUR/kWh";2050;"0.013";"Sensitivity | Removed policies | Removed diesel efficiency gains";"Electricity"
"OPEX";"Charging Infrastructure";"FR";"MCS Station (Public Charging) - Incl. Overhead";"Rigid";"PROG";"EUR/kWh";2050;"0.013";"Sensitivity | Removed policies | Removed diesel efficiency gains";"Electricity"
"OPEX";"Charging Infrastructure";"FR";"MCS Station (Public Charging) - Incl. Overhead";"Tractor-Trailer";"PROG";"EUR/kWh";2050;"0.013";"Sensitivity | Removed policies | Removed diesel efficiency gains";"Electricity"
"OPEX";"Charging Infrastructure";"IT";"MCS Station (Public Charging) - Incl. Overhead";"Rigid";"PROG";"EUR/kWh";2050;"0.013";"Sensitivity | Removed policies | Removed diesel efficiency gains";"Electricity"
"OPEX";"Charging Infrastructure";"IT";"MCS Station (Public Charging) - Incl. Overhead";"Tractor-Trailer";"PROG";"EUR/kWh";2050;"0.013";"Sensitivity | Removed policies | Removed diesel efficiency gains";"Electricity"
"OPEX";"Charging Infrastructure";"NL";"MCS Station (Public Charging) - Incl. Overhead";"Rigid";"PROG";"EUR/kWh";2050;"0.013";"Sensitivity | Removed policies | Removed diesel efficiency gains";"Electricity"
"OPEX";"Charging Infrastructure";"NL";"MCS Station (Public Charging) - Incl. Overhead";"Tractor-Trailer";"PROG";"EUR/kWh";2050;"0.013";"Sensitivity | Removed policies | Removed diesel efficiency gains";"Electricity"
"OPEX";"Charging Infrastructure";"PL";"MCS Station (Public Charging) - Incl. Overhead";"Rigid";"PROG";"EUR/kWh";2050;"0.013";"Sensitivity | Removed policies | Removed diesel efficiency gains";"Electricity"
"OPEX";"Charging Infrastructure";"PL";"MCS Station (Public Charging) - Incl. Overhead";"Tractor-Trailer";"PROG";"EUR/kWh";2050;"0.013";"Sensitivity | Removed policies | Removed diesel efficiency gains";"Electricity"
"OPEX";"Charging Infrastructure";"UK";"MCS Station (Public Charging) - Incl. Overhead";"Rigid";"PROG";"EUR/kWh";2050;"0.013";"Sensitivity | Removed policies | Removed diesel efficiency gains";"Electricity"
"OPEX";"Charging Infrastructure";"UK";"MCS Station (Public Charging) - Incl. Overhead";"Tractor-Trailer";"PROG";"EUR/kWh";2050;"0.013";"Sensitivity | Removed policies | Removed diesel efficiency gains";"Electricity"
"OPEX";"Charging Infrastructure";"DE";"Share MCS-Charging";"Rigid";"PROG";"%";2050;"0.2";"Sensitivity | Removed policies | Removed diesel efficiency gains";"Electricity"
"OPEX";"Charging Infrastructure";"DE";"Share MCS-Charging";"Tractor-Trailer";"PROG";"%";2050;"0.2";"Sensitivity | Removed policies | Removed diesel efficiency gains";"Electricity"
"OPEX";"Charging Infrastructure";"ES";"Share MCS-Charging";"Rigid";"PROG";"%";2050;"0.2";"Sensitivity | Removed policies | Removed diesel efficiency gains";"Electricity"
"OPEX";"Charging Infrastructure";"ES";"Share MCS-Charging";"Tractor-Trailer";"PROG";"%";2050;"0.2";"Sensitivity | Removed policies | Removed diesel efficiency gains";"Electricity"
"OPEX";"Charging Infrastructure";"FR";"Share MCS-Charging";"Rigid";"PROG";"%";2050;"0.2";"Sensitivity | Removed policies | Removed diesel efficiency gains";"Electricity"
"OPEX";"Charging Infrastructure";"FR";"Share MCS-Charging";"Tractor-Trailer";"PROG";"%";2050;"0.2";"Sensitivity | Removed policies | Removed diesel efficiency gains";"Electricity"
"OPEX";"Charging Infrastructure";"IT";"Share MCS-Charging";"Rigid";"PROG";"%";2050;"0.2";"Sensitivity | Removed policies | Removed diesel efficiency gains";"Electricity"
"OPEX";"Charging Infrastructure";"IT";"Share MCS-Charging";"Tractor-Trailer";"PROG";"%";2050;"0.2";"Sensitivity | Removed policies | Removed diesel efficiency gains";"Electricity"
"OPEX";"Charging Infrastructure";"NL";"Share MCS-Charging";"Rigid";"PROG";"%";2050;"0.2";"Sensitivity | Removed policies | Removed diesel efficiency gains";"Electricity"
"OPEX";"Charging Infrastructure";"NL";"Share MCS-Charging";"Tractor-Trailer";"PROG";"%";2050;"0.2";"Sensitivity | Removed policies | Removed diesel efficiency gains";"Electricity"
"OPEX";"Charging Infrastructure";"PL";"Share MCS-Charging";"Rigid";"PROG";"%";2050;"0.2";"Sensitivity | Removed policies | Removed diesel efficiency gains";"Electricity"
"OPEX";"Charging Infrastructure";"PL";"Share MCS-Charging";"Tractor-Trailer";"PROG";"%";2050;"0.2";"Sensitivity | Removed policies | Removed diesel efficiency gains";"Electricity"
"OPEX";"Charging Infrastructure";"UK";"Share MCS-Charging";"Rigid";"PROG";"%";2050;"0.2";"Sensitivity | Removed policies | Removed diesel efficiency gains";"Electricity"
"OPEX";"Charging Infrastructure";"UK";"Share MCS-Charging";"Tractor-Trailer";"PROG";"%";2050;"0.2";"Sensitivity | Removed policies | Removed diesel efficiency gains";"Electricity"
"OPEX";"Charging Infrastructure";"DE";"Depot - Network fees savings potential";"Rigid";"PROG";"EUR/kWh";2050;"-0.01";"Sensitivity | Removed policies | Removed diesel efficiency gains";"Electricity"
"OPEX";"Charging Infrastructure";"DE";"Depot - Network fees savings potential";"Tractor-Trailer";"PROG";"EUR/kWh";2050;"-0.01";"Sensitivity | Removed policies | Removed diesel efficiency gains";"Electricity"
"OPEX";"Charging Infrastructure";"ES";"Depot - Network fees savings potential";"Rigid";"PROG";"EUR/kWh";2050;"-0.01";"Sensitivity | Removed policies | Removed diesel efficiency gains";"Electricity"
"OPEX";"Charging Infrastructure";"ES";"Depot - Network fees savings potential";"Tractor-Trailer";"PROG";"EUR/kWh";2050;"-0.01";"Sensitivity | Removed policies | Removed diesel efficiency gains";"Electricity"
"OPEX";"Charging Infrastructure";"FR";"Depot - Network fees savings potential";"Rigid";"PROG";"EUR/kWh";2050;"-0.01";"Sensitivity | Removed policies | Removed diesel efficiency gains";"Electricity"
"OPEX";"Charging Infrastructure";"FR";"Depot - Network fees savings potential";"Tractor-Trailer";"PROG";"EUR/kWh";2050;"-0.01";"Sensitivity | Removed policies | Removed diesel efficiency gains";"Electricity"
"OPEX";"Charging Infrastructure";"IT";"Depot - Network fees savings potential";"Rigid";"PROG";"EUR/kWh";2050;"-0.01";"Sensitivity | Removed policies | Removed diesel efficiency gains";"Electricity"
"OPEX";"Charging Infrastructure";"IT";"Depot - Network fees savings potential";"Tractor-Trailer";"PROG";"EUR/kWh";2050;"-0.01";"Sensitivity | Removed policies | Removed diesel efficiency gains";"Electricity"
"OPEX";"Charging Infrastructure";"NL";"Depot - Network fees savings potential";"Rigid";"PROG";"EUR/kWh";2050;"-0.01";"Sensitivity | Removed policies | Removed diesel efficiency gains";"Electricity"
"OPEX";"Charging Infrastructure";"NL";"Depot - Network fees savings potential";"Tractor-Trailer";"PROG";"EUR/kWh";2050;"-0.01";"Sensitivity | Removed policies | Removed diesel efficiency gains";"Electricity"
"OPEX";"Charging Infrastructure";"PL";"Depot - Network fees savings potential";"Rigid";"PROG";"EUR/kWh";2050;"-0.01";"Sensitivity | Removed policies | Removed diesel efficiency gains";"Electricity"
"OPEX";"Charging Infrastructure";"PL";"Depot - Network fees savings potential";"Tractor-Trailer";"PROG";"EUR/kWh";2050;"-0.01";"Sensitivity | Removed policies | Removed diesel efficiency gains";"Electricity"
"OPEX";"Charging Infrastructure";"UK";"Depot - Network fees savings potential";"Rigid";"PROG";"EUR/kWh";2050;"-0.01";"Sensitivity | Removed policies | Removed diesel efficiency gains";"Electricity"
"OPEX";"Charging Infrastructure";"UK";"Depot - Network fees savings potential";"Tractor-Trailer";"PROG";"EUR/kWh";2050;"-0.01";"Sensitivity | Removed policies | Removed diesel efficiency gains";"Electricity"
"OPEX";"Taxes";"DE";"Tax reduction";"Rigid";"PROG";"%";2050;"0";"Sensitivity | Removed policies | Removed diesel efficiency gains";"Hydrogen"
"OPEX";"Taxes";"DE";"Tax reduction";"Tractor-Trailer";"PROG";"%";2050;"0";"Sensitivity | Removed policies | Removed diesel efficiency gains";"Hydrogen"
"OPEX";"Taxes";"ES";"Tax reduction";"Rigid";"PROG";"%";2050;"0";"Sensitivity | Removed policies | Removed diesel efficiency gains";"Hydrogen"
"OPEX";"Taxes";"ES";"Tax reduction";"Tractor-Trailer";"PROG";"%";2050;"0";"Sensitivity | Removed policies | Removed diesel efficiency gains";"Hydrogen"
"OPEX";"Taxes";"FR";"Tax reduction";"Rigid";"PROG";"%";2050;"0";"Sensitivity | Removed policies | Removed diesel efficiency gains";"Hydrogen"
"OPEX";"Taxes";"FR";"Tax reduction";"Tractor-Trailer";"PROG";"%";2050;"0";"Sensitivity | Removed policies | Removed diesel efficiency gains";"Hydrogen"
"OPEX";"Taxes";"IT";"Tax reduction";"Rigid";"PROG";"%";2050;"0";"Sensitivity | Removed policies | Removed diesel efficiency gains";"Hydrogen"
"OPEX";"Taxes";"IT";"Tax reduction";"Tractor-Trailer";"PROG";"%";2050;"0";"Sensitivity | Removed policies | Removed diesel efficiency gains";"Hydrogen"
"OPEX";"Taxes";"NL";"Tax reduction";"Rigid";"PROG";"%";2050;"0";"Sensitivity | Removed policies | Removed diesel efficiency gains";"Hydrogen"
"OPEX";"Taxes";"NL";"Tax reduction";"Tractor-Trailer";"PROG";"%";2050;"0";"Sensitivity | Removed policies | Removed diesel efficiency gains";"Hydrogen"
"OPEX";"Taxes";"PL";"Tax reduction";"Rigid";"PROG";"%";2050;"0";"Sensitivity | Removed policies | Removed diesel efficiency gains";"Hydrogen"
"OPEX";"Taxes";"PL";"Tax reduction";"Tractor-Trailer";"PROG";"%";2050;"0";"Sensitivity | Removed policies | Removed diesel efficiency gains";"Hydrogen"
"OPEX";"Taxes";"UK";"Tax reduction";"Rigid";"PROG";"%";2050;"0";"Sensitivity | Removed policies | Removed diesel efficiency gains";"Hydrogen"
"OPEX";"Taxes";"UK";"Tax reduction";"Tractor-Trailer";"PROG";"%";2050;"0";"Sensitivity | Removed policies | Removed diesel efficiency gains";"Hydrogen"
"OPEX";"Taxes";"DE";"Excise Duty - Diesel";"Rigid";"BAU";"EUR/kWh";2050;"0.047";"Sensitivity | Removed policies | Removed diesel efficiency gains";"Diesel"
"OPEX";"Taxes";"DE";"Excise Duty - Diesel";"Tractor-Trailer";"BAU";"EUR/kWh";2050;"0.047";"Sensitivity | Removed policies | Removed diesel efficiency gains";"Diesel"
"OPEX";"Taxes";"DE";"Excise Duty - Diesel";"Rigid";"PROG";"EUR/kWh";2050;"0.047";"Sensitivity | Removed policies | Removed diesel efficiency gains";"Diesel"
"OPEX";"Taxes";"DE";"Excise Duty - Diesel";"Tractor-Trailer";"PROG";"EUR/kWh";2050;"0.047";"Sensitivity | Removed policies | Removed diesel efficiency gains";"Diesel"
"OPEX";"Taxes";"ES";"Excise Duty - Diesel";"Rigid";"BAU";"EUR/kWh";2050;"0.038";"Sensitivity | Removed policies | Removed diesel efficiency gains";"Diesel"
"OPEX";"Taxes";"ES";"Excise Duty - Diesel";"Tractor-Trailer";"BAU";"EUR/kWh";2050;"0.038";"Sensitivity | Removed policies | Removed diesel efficiency gains";"Diesel"
"OPEX";"Taxes";"ES";"Excise Duty - Diesel";"Rigid";"PROG";"EUR/kWh";2050;"0.038";"Sensitivity | Removed policies | Removed diesel efficiency gains";"Diesel"
"OPEX";"Taxes";"ES";"Excise Duty - Diesel";"Tractor-Trailer";"PROG";"EUR/kWh";2050;"0.038";"Sensitivity | Removed policies | Removed diesel efficiency gains";"Diesel"
"OPEX";"Taxes";"FR";"Excise Duty - Diesel";"Rigid";"BAU";"EUR/kWh";2050;"0.06";"Sensitivity | Removed policies | Removed diesel efficiency gains";"Diesel"
"OPEX";"Taxes";"FR";"Excise Duty - Diesel";"Tractor-Trailer";"BAU";"EUR/kWh";2050;"0.06";"Sensitivity | Removed policies | Removed diesel efficiency gains";"Diesel"
"OPEX";"Taxes";"FR";"Excise Duty - Diesel";"Rigid";"PROG";"EUR/kWh";2050;"0.06";"Sensitivity | Removed policies | Removed diesel efficiency gains";"Diesel"
"OPEX";"Taxes";"FR";"Excise Duty - Diesel";"Tractor-Trailer";"PROG";"EUR/kWh";2050;"0.06";"Sensitivity | Removed policies | Removed diesel efficiency gains";"Diesel"
"OPEX";"Taxes";"IT";"Excise Duty - Diesel";"Rigid";"BAU";"EUR/kWh";2050;"0.062";"Sensitivity | Removed policies | Removed diesel efficiency gains";"Diesel"
"OPEX";"Taxes";"IT";"Excise Duty - Diesel";"Tractor-Trailer";"BAU";"EUR/kWh";2050;"0.062";"Sensitivity | Removed policies | Removed diesel efficiency gains";"Diesel"
"OPEX";"Taxes";"IT";"Excise Duty - Diesel";"Rigid";"PROG";"EUR/kWh";2050;"0.062";"Sensitivity | Removed policies | Removed diesel efficiency gains";"Diesel"
"OPEX";"Taxes";"IT";"Excise Duty - Diesel";"Tractor-Trailer";"PROG";"EUR/kWh";2050;"0.062";"Sensitivity | Removed policies | Removed diesel efficiency gains";"Diesel"
"OPEX";"Taxes";"NL";"Excise Duty - Diesel";"Rigid";"BAU";"EUR/kWh";2050;"0.053";"Sensitivity | Removed policies | Removed diesel efficiency gains";"Diesel"
"OPEX";"Taxes";"NL";"Excise Duty - Diesel";"Tractor-Trailer";"BAU";"EUR/kWh";2050;"0.053";"Sensitivity | Removed policies | Removed diesel efficiency gains";"Diesel"
"OPEX";"Taxes";"NL";"Excise Duty - Diesel";"Rigid";"PROG";"EUR/kWh";2050;"0.053";"Sensitivity | Removed policies | Removed diesel efficiency gains";"Diesel"
"OPEX";"Taxes";"NL";"Excise Duty - Diesel";"Tractor-Trailer";"PROG";"EUR/kWh";2050;"0.053";"Sensitivity | Removed policies | Removed diesel efficiency gains";"Diesel"
"OPEX";"Taxes";"PL";"Excise Duty - Diesel";"Rigid";"BAU";"EUR/kWh";2050;"0.033";"Sensitivity | Removed policies | Removed diesel efficiency gains";"Diesel"
"OPEX";"Taxes";"PL";"Excise Duty - Diesel";"Tractor-Trailer";"BAU";"EUR/kWh";2050;"0.033";"Sensitivity | Removed policies | Removed diesel efficiency gains";"Diesel"
"OPEX";"Taxes";"PL";"Excise Duty - Diesel";"Rigid";"PROG";"EUR/kWh";2050;"0.033";"Sensitivity | Removed policies | Removed diesel efficiency gains";"Diesel"
"OPEX";"Taxes";"PL";"Excise Duty - Diesel";"Tractor-Trailer";"PROG";"EUR/kWh";2050;"0.033";"Sensitivity | Removed policies | Removed diesel efficiency gains";"Diesel"
"OPEX";"Taxes";"UK";"Excise Duty - Diesel";"Rigid";"BAU";"EUR/kWh";2050;"0.053";"Sensitivity | Removed policies | Removed diesel efficiency gains";"Diesel"
"OPEX";"Taxes";"UK";"Excise Duty - Diesel";"Tractor-Trailer";"BAU";"EUR/kWh";2050;"0.053";"Sensitivity | Removed policies | Removed diesel efficiency gains";"Diesel"
"OPEX";"Taxes";"UK";"Excise Duty - Diesel";"Rigid";"PROG";"EUR/kWh";2050;"0.053";"Sensitivity | Removed policies | Removed diesel efficiency gains";"Diesel"
"OPEX";"Taxes";"UK";"Excise Duty - Diesel";"Tractor-Trailer";"PROG";"EUR/kWh";2050;"0.053";"Sensitivity | Removed policies | Removed diesel efficiency gains";"Diesel"
"OPEX";"Taxes";"DE";"Excise Duty - Reduction biodiesel";"Rigid";"BAU";"%";2050;"0.5";"Sensitivity | Removed policies | Removed diesel efficiency gains";"Diesel"
"OPEX";"Taxes";"DE";"Excise Duty - Reduction biodiesel";"Tractor-Trailer";"BAU";"%";2050;"0.5";"Sensitivity | Removed policies | Removed diesel efficiency gains";"Diesel"
"OPEX";"Taxes";"DE";"Excise Duty - Reduction biodiesel";"Rigid";"PROG";"%";2050;"0.5";"Sensitivity | Removed policies | Removed diesel efficiency gains";"Diesel"
"OPEX";"Taxes";"DE";"Excise Duty - Reduction biodiesel";"Tractor-Trailer";"PROG";"%";2050;"0.5";"Sensitivity | Removed policies | Removed diesel efficiency gains";"Diesel"
"OPEX";"Taxes";"ES";"Excise Duty - Reduction biodiesel";"Rigid";"BAU";"%";2050;"0.5";"Sensitivity | Removed policies | Removed diesel efficiency gains";"Diesel"
"OPEX";"Taxes";"ES";"Excise Duty - Reduction biodiesel";"Tractor-Trailer";"BAU";"%";2050;"0.5";"Sensitivity | Removed policies | Removed diesel efficiency gains";"Diesel"
"OPEX";"Taxes";"ES";"Excise Duty - Reduction biodiesel";"Rigid";"PROG";"%";2050;"0.5";"Sensitivity | Removed policies | Removed diesel efficiency gains";"Diesel"
"OPEX";"Taxes";"ES";"Excise Duty - Reduction biodiesel";"Tractor-Trailer";"PROG";"%";2050;"0.5";"Sensitivity | Removed policies | Removed diesel efficiency gains";"Diesel"
"OPEX";"Taxes";"FR";"Excise Duty - Reduction biodiesel";"Rigid";"BAU";"%";2050;"0.5";"Sensitivity | Removed policies | Removed diesel efficiency gains";"Diesel"
"OPEX";"Taxes";"FR";"Excise Duty - Reduction biodiesel";"Tractor-Trailer";"BAU";"%";2050;"0.5";"Sensitivity | Removed policies | Removed diesel efficiency gains";"Diesel"
"OPEX";"Taxes";"FR";"Excise Duty - Reduction biodiesel";"Rigid";"PROG";"%";2050;"0.5";"Sensitivity | Removed policies | Removed diesel efficiency gains";"Diesel"
"OPEX";"Taxes";"FR";"Excise Duty - Reduction biodiesel";"Tractor-Trailer";"PROG";"%";2050;"0.5";"Sensitivity | Removed policies | Removed diesel efficiency gains";"Diesel"
"OPEX";"Taxes";"IT";"Excise Duty - Reduction biodiesel";"Rigid";"BAU";"%";2050;"0.5";"Sensitivity | Removed policies | Removed diesel efficiency gains";"Diesel"
"OPEX";"Taxes";"IT";"Excise Duty - Reduction biodiesel";"Tractor-Trailer";"BAU";"%";2050;"0.5";"Sensitivity | Removed policies | Removed diesel efficiency gains";"Diesel"
"OPEX";"Taxes";"IT";"Excise Duty - Reduction biodiesel";"Rigid";"PROG";"%";2050;"0.5";"Sensitivity | Removed policies | Removed diesel efficiency gains";"Diesel"
"OPEX";"Taxes";"IT";"Excise Duty - Reduction biodiesel";"Tractor-Trailer";"PROG";"%";2050;"0.5";"Sensitivity | Removed policies | Removed diesel efficiency gains";"Diesel"
"OPEX";"Taxes";"NL";"Excise Duty - Reduction biodiesel";"Rigid";"BAU";"%";2050;"0.5";"Sensitivity | Removed policies | Removed diesel efficiency gains";"Diesel"
"OPEX";"Taxes";"NL";"Excise Duty - Reduction biodiesel";"Tractor-Trailer";"BAU";"%";2050;"0.5";"Sensitivity | Removed policies | Removed diesel efficiency gains";"Diesel"
"OPEX";"Taxes";"NL";"Excise Duty - Reduction biodiesel";"Rigid";"PROG";"%";2050;"0.5";"Sensitivity | Removed policies | Removed diesel efficiency gains";"Diesel"
"OPEX";"Taxes";"NL";"Excise Duty - Reduction biodiesel";"Tractor-Trailer";"PROG";"%";2050;"0.5";"Sensitivity | Removed policies | Removed diesel efficiency gains";"Diesel"
"OPEX";"Taxes";"PL";"Excise Duty - Reduction biodiesel";"Rigid";"BAU";"%";2050;"0.5";"Sensitivity | Removed policies | Removed diesel efficiency gains";"Diesel"
"OPEX";"Taxes";"PL";"Excise Duty - Reduction biodiesel";"Tractor-Trailer";"BAU";"%";2050;"0.5";"Sensitivity | Removed policies | Removed diesel efficiency gains";"Diesel"
"OPEX";"Taxes";"PL";"Excise Duty - Reduction biodiesel";"Rigid";"PROG";"%";2050;"0.5";"Sensitivity | Removed policies | Removed diesel efficiency gains";"Diesel"
"OPEX";"Taxes";"PL";"Excise Duty - Reduction biodiesel";"Tractor-Trailer";"PROG";"%";2050;"0.5";"Sensitivity | Removed policies | Removed diesel efficiency gains";"Diesel"
"OPEX";"Taxes";"UK";"Excise Duty - Reduction biodiesel";"Rigid";"BAU";"%";2050;"0.5";"Sensitivity | Removed policies | Removed diesel efficiency gains";"Diesel"
"OPEX";"Taxes";"UK";"Excise Duty - Reduction biodiesel";"Tractor-Trailer";"BAU";"%";2050;"0.5";"Sensitivity | Removed policies | Removed diesel efficiency gains";"Diesel"
"OPEX";"Taxes";"UK";"Excise Duty - Reduction biodiesel";"Rigid";"PROG";"%";2050;"0.5";"Sensitivity | Removed policies | Removed diesel efficiency gains";"Diesel"
"OPEX";"Taxes";"UK";"Excise Duty - Reduction biodiesel";"Tractor-Trailer";"PROG";"%";2050;"0.5";"Sensitivity | Removed policies | Removed diesel efficiency gains";"Diesel"
"OPEX";"Taxes";"DE";"Excise Duty - Reduction Synthetic Diesel (E-Fuels)";"Rigid";"BAU";"%";2050;"0.5";"Sensitivity | Removed policies | Removed diesel efficiency gains";"Diesel"
"OPEX";"Taxes";"DE";"Excise Duty - Reduction Synthetic Diesel (E-Fuels)";"Tractor-Trailer";"BAU";"%";2050;"0.5";"Sensitivity | Removed policies | Removed diesel efficiency gains";"Diesel"
"OPEX";"Taxes";"DE";"Excise Duty - Reduction Synthetic Diesel (E-Fuels)";"Rigid";"PROG";"%";2050;"0.5";"Sensitivity | Removed policies | Removed diesel efficiency gains";"Diesel"
"OPEX";"Taxes";"DE";"Excise Duty - Reduction Synthetic Diesel (E-Fuels)";"Tractor-Trailer";"PROG";"%";2050;"0.5";"Sensitivity | Removed policies | Removed diesel efficiency gains";"Diesel"
"OPEX";"Taxes";"ES";"Excise Duty - Reduction Synthetic Diesel (E-Fuels)";"Rigid";"BAU";"%";2050;"0.5";"Sensitivity | Removed policies | Removed diesel efficiency gains";"Diesel"
"OPEX";"Taxes";"ES";"Excise Duty - Reduction Synthetic Diesel (E-Fuels)";"Tractor-Trailer";"BAU";"%";2050;"0.5";"Sensitivity | Removed policies | Removed diesel efficiency gains";"Diesel"
"OPEX";"Taxes";"ES";"Excise Duty - Reduction Synthetic Diesel (E-Fuels)";"Rigid";"PROG";"%";2050;"0.5";"Sensitivity | Removed policies | Removed diesel efficiency gains";"Diesel"
"OPEX";"Taxes";"ES";"Excise Duty - Reduction Synthetic Diesel (E-Fuels)";"Tractor-Trailer";"PROG";"%";2050;"0.5";"Sensitivity | Removed policies | Removed diesel efficiency gains";"Diesel"
"OPEX";"Taxes";"FR";"Excise Duty - Reduction Synthetic Diesel (E-Fuels)";"Rigid";"BAU";"%";2050;"0.5";"Sensitivity | Removed policies | Removed diesel efficiency gains";"Diesel"
"OPEX";"Taxes";"FR";"Excise Duty - Reduction Synthetic Diesel (E-Fuels)";"Tractor-Trailer";"BAU";"%";2050;"0.5";"Sensitivity | Removed policies | Removed diesel efficiency gains";"Diesel"
"OPEX";"Taxes";"FR";"Excise Duty - Reduction Synthetic Diesel (E-Fuels)";"Rigid";"PROG";"%";2050;"0.5";"Sensitivity | Removed policies | Removed diesel efficiency gains";"Diesel"
"OPEX";"Taxes";"FR";"Excise Duty - Reduction Synthetic Diesel (E-Fuels)";"Tractor-Trailer";"PROG";"%";2050;"0.5";"Sensitivity | Removed policies | Removed diesel efficiency gains";"Diesel"
"OPEX";"Taxes";"IT";"Excise Duty - Reduction Synthetic Diesel (E-Fuels)";"Rigid";"BAU";"%";2050;"0.5";"Sensitivity | Removed policies | Removed diesel efficiency gains";"Diesel"
"OPEX";"Taxes";"IT";"Excise Duty - Reduction Synthetic Diesel (E-Fuels)";"Tractor-Trailer";"BAU";"%";2050;"0.5";"Sensitivity | Removed policies | Removed diesel efficiency gains";"Diesel"
"OPEX";"Taxes";"IT";"Excise Duty - Reduction Synthetic Diesel (E-Fuels)";"Rigid";"PROG";"%";2050;"0.5";"Sensitivity | Removed policies | Removed diesel efficiency gains";"Diesel"
"OPEX";"Taxes";"IT";"Excise Duty - Reduction Synthetic Diesel (E-Fuels)";"Tractor-Trailer";"PROG";"%";2050;"0.5";"Sensitivity | Removed policies | Removed diesel efficiency gains";"Diesel"
"OPEX";"Taxes";"NL";"Excise Duty - Reduction Synthetic Diesel (E-Fuels)";"Rigid";"BAU";"%";2050;"0.5";"Sensitivity | Removed policies | Removed diesel efficiency gains";"Diesel"
"OPEX";"Taxes";"NL";"Excise Duty - Reduction Synthetic Diesel (E-Fuels)";"Tractor-Trailer";"BAU";"%";2050;"0.5";"Sensitivity | Removed policies | Removed diesel efficiency gains";"Diesel"
"OPEX";"Taxes";"NL";"Excise Duty - Reduction Synthetic Diesel (E-Fuels)";"Rigid";"PROG";"%";2050;"0.5";"Sensitivity | Removed policies | Removed diesel efficiency gains";"Diesel"
"OPEX";"Taxes";"NL";"Excise Duty - Reduction Synthetic Diesel (E-Fuels)";"Tractor-Trailer";"PROG";"%";2050;"0.5";"Sensitivity | Removed policies | Removed diesel efficiency gains";"Diesel"
"OPEX";"Taxes";"PL";"Excise Duty - Reduction Synthetic Diesel (E-Fuels)";"Rigid";"BAU";"%";2050;"0.5";"Sensitivity | Removed policies | Removed diesel efficiency gains";"Diesel"
"OPEX";"Taxes";"PL";"Excise Duty - Reduction Synthetic Diesel (E-Fuels)";"Tractor-Trailer";"BAU";"%";2050;"0.5";"Sensitivity | Removed policies | Removed diesel efficiency gains";"Diesel"
"OPEX";"Taxes";"PL";"Excise Duty - Reduction Synthetic Diesel (E-Fuels)";"Rigid";"PROG";"%";2050;"0.5";"Sensitivity | Removed policies | Removed diesel efficiency gains";"Diesel"
"OPEX";"Taxes";"PL";"Excise Duty - Reduction Synthetic Diesel (E-Fuels)";"Tractor-Trailer";"PROG";"%";2050;"0.5";"Sensitivity | Removed policies | Removed diesel efficiency gains";"Diesel"
"OPEX";"Taxes";"UK";"Excise Duty - Reduction Synthetic Diesel (E-Fuels)";"Rigid";"BAU";"%";2050;"0.5";"Sensitivity | Removed policies | Removed diesel efficiency gains";"Diesel"
"OPEX";"Taxes";"UK";"Excise Duty - Reduction Synthetic Diesel (E-Fuels)";"Tractor-Trailer";"BAU";"%";2050;"0.5";"Sensitivity | Removed policies | Removed diesel efficiency gains";"Diesel"
"OPEX";"Taxes";"UK";"Excise Duty - Reduction Synthetic Diesel (E-Fuels)";"Rigid";"PROG";"%";2050;"0.5";"Sensitivity | Removed policies | Removed diesel efficiency gains";"Diesel"
"OPEX";"Taxes";"UK";"Excise Duty - Reduction Synthetic Diesel (E-Fuels)";"Tractor-Trailer";"PROG";"%";2050;"0.5";"Sensitivity | Removed policies | Removed diesel efficiency gains";"Diesel"
"OPEX";"Taxes";"DE";"Taxes, Fees, Levies and charges - H2";"Rigid";"BAU";"EUR/kWh";2050;"0.015";"Sensitivity | Removed policies | Removed diesel efficiency gains";"Hydrogen"
"OPEX";"Taxes";"DE";"Taxes, Fees, Levies and charges - H2";"Tractor-Trailer";"BAU";"EUR/kWh";2050;"0.015";"Sensitivity | Removed policies | Removed diesel efficiency gains";"Hydrogen"
"OPEX";"Taxes";"DE";"Taxes, Fees, Levies and charges - H2";"Rigid";"PROG";"EUR/kWh";2050;"0.015";"Sensitivity | Removed policies | Removed diesel efficiency gains";"Hydrogen"
"OPEX";"Taxes";"DE";"Taxes, Fees, Levies and charges - H2";"Tractor-Trailer";"PROG";"EUR/kWh";2050;"0.015";"Sensitivity | Removed policies | Removed diesel efficiency gains";"Hydrogen"
"OPEX";"Taxes";"ES";"Taxes, Fees, Levies and charges - H2";"Rigid";"BAU";"EUR/kWh";2050;"0.008";"Sensitivity | Removed policies | Removed diesel efficiency gains";"Hydrogen"
"OPEX";"Taxes";"ES";"Taxes, Fees, Levies and charges - H2";"Tractor-Trailer";"BAU";"EUR/kWh";2050;"0.008";"Sensitivity | Removed policies | Removed diesel efficiency gains";"Hydrogen"
"OPEX";"Taxes";"ES";"Taxes, Fees, Levies and charges - H2";"Rigid";"PROG";"EUR/kWh";2050;"0.008";"Sensitivity | Removed policies | Removed diesel efficiency gains";"Hydrogen"
"OPEX";"Taxes";"ES";"Taxes, Fees, Levies and charges - H2";"Tractor-Trailer";"PROG";"EUR/kWh";2050;"0.008";"Sensitivity | Removed policies | Removed diesel efficiency gains";"Hydrogen"
"OPEX";"Taxes";"FR";"Taxes, Fees, Levies and charges - H2";"Rigid";"BAU";"EUR/kWh";2050;"0.012";"Sensitivity | Removed policies | Removed diesel efficiency gains";"Hydrogen"
"OPEX";"Taxes";"FR";"Taxes, Fees, Levies and charges - H2";"Tractor-Trailer";"BAU";"EUR/kWh";2050;"0.012";"Sensitivity | Removed policies | Removed diesel efficiency gains";"Hydrogen"
"OPEX";"Taxes";"FR";"Taxes, Fees, Levies and charges - H2";"Rigid";"PROG";"EUR/kWh";2050;"0.012";"Sensitivity | Removed policies | Removed diesel efficiency gains";"Hydrogen"
"OPEX";"Taxes";"FR";"Taxes, Fees, Levies and charges - H2";"Tractor-Trailer";"PROG";"EUR/kWh";2050;"0.012";"Sensitivity | Removed policies | Removed diesel efficiency gains";"Hydrogen"
"OPEX";"Taxes";"IT";"Taxes, Fees, Levies and charges - H2";"Rigid";"BAU";"EUR/kWh";2050;"0.009";"Sensitivity | Removed policies | Removed diesel efficiency gains";"Hydrogen"
"OPEX";"Taxes";"IT";"Taxes, Fees, Levies and charges - H2";"Tractor-Trailer";"BAU";"EUR/kWh";2050;"0.009";"Sensitivity | Removed policies | Removed diesel efficiency gains";"Hydrogen"
"OPEX";"Taxes";"IT";"Taxes, Fees, Levies and charges - H2";"Rigid";"PROG";"EUR/kWh";2050;"0.009";"Sensitivity | Removed policies | Removed diesel efficiency gains";"Hydrogen"
"OPEX";"Taxes";"IT";"Taxes, Fees, Levies and charges - H2";"Tractor-Trailer";"PROG";"EUR/kWh";2050;"0.009";"Sensitivity | Removed policies | Removed diesel efficiency gains";"Hydrogen"
"OPEX";"Taxes";"NL";"Taxes, Fees, Levies and charges - H2";"Rigid";"BAU";"EUR/kWh";2050;"0.024";"Sensitivity | Removed policies | Removed diesel efficiency gains";"Hydrogen"
"OPEX";"Taxes";"NL";"Taxes, Fees, Levies and charges - H2";"Tractor-Trailer";"BAU";"EUR/kWh";2050;"0.024";"Sensitivity | Removed policies | Removed diesel efficiency gains";"Hydrogen"
"OPEX";"Taxes";"NL";"Taxes, Fees, Levies and charges - H2";"Rigid";"PROG";"EUR/kWh";2050;"0.024";"Sensitivity | Removed policies | Removed diesel efficiency gains";"Hydrogen"
"OPEX";"Taxes";"NL";"Taxes, Fees, Levies and charges - H2";"Tractor-Trailer";"PROG";"EUR/kWh";2050;"0.024";"Sensitivity | Removed policies | Removed diesel efficiency gains";"Hydrogen"
"OPEX";"Taxes";"PL";"Taxes, Fees, Levies and charges - H2";"Rigid";"BAU";"EUR/kWh";2050;"0.009";"Sensitivity | Removed policies | Removed diesel efficiency gains";"Hydrogen"
"OPEX";"Taxes";"PL";"Taxes, Fees, Levies and charges - H2";"Tractor-Trailer";"BAU";"EUR/kWh";2050;"0.009";"Sensitivity | Removed policies | Removed diesel efficiency gains";"Hydrogen"
"OPEX";"Taxes";"PL";"Taxes, Fees, Levies and charges - H2";"Rigid";"PROG";"EUR/kWh";2050;"0.009";"Sensitivity | Removed policies | Removed diesel efficiency gains";"Hydrogen"
"OPEX";"Taxes";"PL";"Taxes, Fees, Levies and charges - H2";"Tractor-Trailer";"PROG";"EUR/kWh";2050;"0.009";"Sensitivity | Removed policies | Removed diesel efficiency gains";"Hydrogen"
"OPEX";"Taxes";"UK";"Taxes, Fees, Levies and charges - H2";"Rigid";"BAU";"EUR/kWh";2050;"0.006";"Sensitivity | Removed policies | Removed diesel efficiency gains";"Hydrogen"
"OPEX";"Taxes";"UK";"Taxes, Fees, Levies and charges - H2";"Tractor-Trailer";"BAU";"EUR/kWh";2050;"0.006";"Sensitivity | Removed policies | Removed diesel efficiency gains";"Hydrogen"
"OPEX";"Taxes";"UK";"Taxes, Fees, Levies and charges - H2";"Rigid";"PROG";"EUR/kWh";2050;"0.006";"Sensitivity | Removed policies | Removed diesel efficiency gains";"Hydrogen"
"OPEX";"Taxes";"UK";"Taxes, Fees, Levies and charges - H2";"Tractor-Trailer";"PROG";"EUR/kWh";2050;"0.006";"Sensitivity | Removed policies | Removed diesel efficiency gains";"Hydrogen"
"OPEX";"Charging Infrastructure";"DE";"MCS grid extension";"Rigid";"PROG";"EUR/kWh";2050;"0.035";"Sensitivity | Removed policies | Removed diesel efficiency gains";"Electricity"
"OPEX";"Charging Infrastructure";"DE";"MCS grid extension";"Tractor-Trailer";"PROG";"EUR/kWh";2050;"0.035";"Sensitivity | Removed policies | Removed diesel efficiency gains";"Electricity"
"OPEX";"Charging Infrastructure";"DE";"MCS grid extension";"Rigid";"BAU";"EUR/kWh";2050;"0.035";"Sensitivity | Removed policies | Removed diesel efficiency gains";"Electricity"
"OPEX";"Charging Infrastructure";"DE";"MCS grid extension";"Tractor-Trailer";"BAU";"EUR/kWh";2050;"0.035";"Sensitivity | Removed policies | Removed diesel efficiency gains";"Electricity"
"OPEX";"Charging Infrastructure";"ES";"MCS grid extension";"Rigid";"PROG";"EUR/kWh";2050;"0.035";"Sensitivity | Removed policies | Removed diesel efficiency gains";"Electricity"
"OPEX";"Charging Infrastructure";"ES";"MCS grid extension";"Tractor-Trailer";"PROG";"EUR/kWh";2050;"0.035";"Sensitivity | Removed policies | Removed diesel efficiency gains";"Electricity"
"OPEX";"Charging Infrastructure";"ES";"MCS grid extension";"Rigid";"BAU";"EUR/kWh";2050;"0.035";"Sensitivity | Removed policies | Removed diesel efficiency gains";"Electricity"
"OPEX";"Charging Infrastructure";"ES";"MCS grid extension";"Tractor-Trailer";"BAU";"EUR/kWh";2050;"0.035";"Sensitivity | Removed policies | Removed diesel efficiency gains";"Electricity"
"OPEX";"Charging Infrastructure";"FR";"MCS grid extension";"Rigid";"PROG";"EUR/kWh";2050;"0.035";"Sensitivity | Removed policies | Removed diesel efficiency gains";"Electricity"
"OPEX";"Charging Infrastructure";"FR";"MCS grid extension";"Tractor-Trailer";"PROG";"EUR/kWh";2050;"0.035";"Sensitivity | Removed policies | Removed diesel efficiency gains";"Electricity"
"OPEX";"Charging Infrastructure";"FR";"MCS grid extension";"Rigid";"BAU";"EUR/kWh";2050;"0.035";"Sensitivity | Removed policies | Removed diesel efficiency gains";"Electricity"
"OPEX";"Charging Infrastructure";"FR";"MCS grid extension";"Tractor-Trailer";"BAU";"EUR/kWh";2050;"0.035";"Sensitivity | Removed policies | Removed diesel efficiency gains";"Electricity"
"OPEX";"Charging Infrastructure";"IT";"MCS grid extension";"Rigid";"PROG";"EUR/kWh";2050;"0.035";"Sensitivity | Removed policies | Removed diesel efficiency gains";"Electricity"
"OPEX";"Charging Infrastructure";"IT";"MCS grid extension";"Tractor-Trailer";"PROG";"EUR/kWh";2050;"0.035";"Sensitivity | Removed policies | Removed diesel efficiency gains";"Electricity"
"OPEX";"Charging Infrastructure";"IT";"MCS grid extension";"Rigid";"BAU";"EUR/kWh";2050;"0.035";"Sensitivity | Removed policies | Removed diesel efficiency gains";"Electricity"
"OPEX";"Charging Infrastructure";"IT";"MCS grid extension";"Tractor-Trailer";"BAU";"EUR/kWh";2050;"0.035";"Sensitivity | Removed policies | Removed diesel efficiency gains";"Electricity"
"OPEX";"Charging Infrastructure";"NL";"MCS grid extension";"Rigid";"PROG";"EUR/kWh";2050;"0.035";"Sensitivity | Removed policies | Removed diesel efficiency gains";"Electricity"
"OPEX";"Charging Infrastructure";"NL";"MCS grid extension";"Tractor-Trailer";"PROG";"EUR/kWh";2050;"0.035";"Sensitivity | Removed policies | Removed diesel efficiency gains";"Electricity"
"OPEX";"Charging Infrastructure";"NL";"MCS grid extension";"Rigid";"BAU";"EUR/kWh";2050;"0.035";"Sensitivity | Removed policies | Removed diesel efficiency gains";"Electricity"
"OPEX";"Charging Infrastructure";"NL";"MCS grid extension";"Tractor-Trailer";"BAU";"EUR/kWh";2050;"0.035";"Sensitivity | Removed policies | Removed diesel efficiency gains";"Electricity"
"OPEX";"Charging Infrastructure";"PL";"MCS grid extension";"Rigid";"PROG";"EUR/kWh";2050;"0.035";"Sensitivity | Removed policies | Removed diesel efficiency gains";"Electricity"
"OPEX";"Charging Infrastructure";"PL";"MCS grid extension";"Tractor-Trailer";"PROG";"EUR/kWh";2050;"0.035";"Sensitivity | Removed policies | Removed diesel efficiency gains";"Electricity"
"OPEX";"Charging Infrastructure";"PL";"MCS grid extension";"Rigid";"BAU";"EUR/kWh";2050;"0.035";"Sensitivity | Removed policies | Removed diesel efficiency gains";"Electricity"
"OPEX";"Charging Infrastructure";"PL";"MCS grid extension";"Tractor-Trailer";"BAU";"EUR/kWh";2050;"0.035";"Sensitivity | Removed policies | Removed diesel efficiency gains";"Electricity"
"OPEX";"Charging Infrastructure";"UK";"MCS grid extension";"Rigid";"PROG";"EUR/kWh";2050;"0.035";"Sensitivity | Removed policies | Removed diesel efficiency gains";"Electricity"
"OPEX";"Charging Infrastructure";"UK";"MCS grid extension";"Tractor-Trailer";"PROG";"EUR/kWh";2050;"0.035";"Sensitivity | Removed policies | Removed diesel efficiency gains";"Electricity"
"OPEX";"Charging Infrastructure";"UK";"MCS grid extension";"Rigid";"BAU";"EUR/kWh";2050;"0.035";"Sensitivity | Removed policies | Removed diesel efficiency gains";"Electricity"
"OPEX";"Charging Infrastructure";"UK";"MCS grid extension";"Tractor-Trailer";"BAU";"EUR/kWh";2050;"0.035";"Sensitivity | Removed policies | Removed diesel efficiency gains";"Electricity"
"OPEX";"Charging Infrastructure";"DE";"MCS Profit and Mark-Up";"Rigid";"PROG";"%";2050;"0.1";"Sensitivity | Removed policies | Removed diesel efficiency gains";"Electricity"
"OPEX";"Charging Infrastructure";"DE";"MCS Profit and Mark-Up";"Tractor-Trailer";"PROG";"%";2050;"0.1";"Sensitivity | Removed policies | Removed diesel efficiency gains";"Electricity"
"OPEX";"Charging Infrastructure";"DE";"MCS Profit and Mark-Up";"Rigid";"BAU";"%";2050;"0.1";"Sensitivity | Removed policies | Removed diesel efficiency gains";"Electricity"
"OPEX";"Charging Infrastructure";"DE";"MCS Profit and Mark-Up";"Tractor-Trailer";"BAU";"%";2050;"0.1";"Sensitivity | Removed policies | Removed diesel efficiency gains";"Electricity"
"OPEX";"Charging Infrastructure";"ES";"MCS Profit and Mark-Up";"Rigid";"PROG";"%";2050;"0.1";"Sensitivity | Removed policies | Removed diesel efficiency gains";"Electricity"
"OPEX";"Charging Infrastructure";"ES";"MCS Profit and Mark-Up";"Tractor-Trailer";"PROG";"%";2050;"0.1";"Sensitivity | Removed policies | Removed diesel efficiency gains";"Electricity"
"OPEX";"Charging Infrastructure";"ES";"MCS Profit and Mark-Up";"Rigid";"BAU";"%";2050;"0.1";"Sensitivity | Removed policies | Removed diesel efficiency gains";"Electricity"
"OPEX";"Charging Infrastructure";"ES";"MCS Profit and Mark-Up";"Tractor-Trailer";"BAU";"%";2050;"0.1";"Sensitivity | Removed policies | Removed diesel efficiency gains";"Electricity"
"OPEX";"Charging Infrastructure";"FR";"MCS Profit and Mark-Up";"Rigid";"PROG";"%";2050;"0.1";"Sensitivity | Removed policies | Removed diesel efficiency gains";"Electricity"
"OPEX";"Charging Infrastructure";"FR";"MCS Profit and Mark-Up";"Tractor-Trailer";"PROG";"%";2050;"0.1";"Sensitivity | Removed policies | Removed diesel efficiency gains";"Electricity"
"OPEX";"Charging Infrastructure";"FR";"MCS Profit and Mark-Up";"Rigid";"BAU";"%";2050;"0.1";"Sensitivity | Removed policies | Removed diesel efficiency gains";"Electricity"
"OPEX";"Charging Infrastructure";"FR";"MCS Profit and Mark-Up";"Tractor-Trailer";"BAU";"%";2050;"0.1";"Sensitivity | Removed policies | Removed diesel efficiency gains";"Electricity"
"OPEX";"Charging Infrastructure";"IT";"MCS Profit and Mark-Up";"Rigid";"PROG";"%";2050;"0.1";"Sensitivity | Removed policies | Removed diesel efficiency gains";"Electricity"
"OPEX";"Charging Infrastructure";"IT";"MCS Profit and Mark-Up";"Tractor-Trailer";"PROG";"%";2050;"0.1";"Sensitivity | Removed policies | Removed diesel efficiency gains";"Electricity"
"OPEX";"Charging Infrastructure";"IT";"MCS Profit and Mark-Up";"Rigid";"BAU";"%";2050;"0.1";"Sensitivity | Removed policies | Removed diesel efficiency gains";"Electricity"
"OPEX";"Charging Infrastructure";"IT";"MCS Profit and Mark-Up";"Tractor-Trailer";"BAU";"%";2050;"0.1";"Sensitivity | Removed policies | Removed diesel efficiency gains";"Electricity"
"OPEX";"Charging Infrastructure";"NL";"MCS Profit and Mark-Up";"Rigid";"PROG";"%";2050;"0.1";"Sensitivity | Removed policies | Removed diesel efficiency gains";"Electricity"
"OPEX";"Charging Infrastructure";"NL";"MCS Profit and Mark-Up";"Tractor-Trailer";"PROG";"%";2050;"0.1";"Sensitivity | Removed policies | Removed diesel efficiency gains";"Electricity"
"OPEX";"Charging Infrastructure";"NL";"MCS Profit and Mark-Up";"Rigid";"BAU";"%";2050;"0.1";"Sensitivity | Removed policies | Removed diesel efficiency gains";"Electricity"
"OPEX";"Charging Infrastructure";"NL";"MCS Profit and Mark-Up";"Tractor-Trailer";"BAU";"%";2050;"0.1";"Sensitivity | Removed policies | Removed diesel efficiency gains";"Electricity"
"OPEX";"Charging Infrastructure";"PL";"MCS Profit and Mark-Up";"Rigid";"PROG";"%";2050;"0.1";"Sensitivity | Removed policies | Removed diesel efficiency gains";"Electricity"
"OPEX";"Charging Infrastructure";"PL";"MCS Profit and Mark-Up";"Tractor-Trailer";"PROG";"%";2050;"0.1";"Sensitivity | Removed policies | Removed diesel efficiency gains";"Electricity"
"OPEX";"Charging Infrastructure";"PL";"MCS Profit and Mark-Up";"Rigid";"BAU";"%";2050;"0.1";"Sensitivity | Removed policies | Removed diesel efficiency gains";"Electricity"
"OPEX";"Charging Infrastructure";"PL";"MCS Profit and Mark-Up";"Tractor-Trailer";"BAU";"%";2050;"0.1";"Sensitivity | Removed policies | Removed diesel efficiency gains";"Electricity"
"OPEX";"Charging Infrastructure";"UK";"MCS Profit and Mark-Up";"Rigid";"PROG";"%";2050;"0.1";"Sensitivity | Removed policies | Removed diesel efficiency gains";"Electricity"
"OPEX";"Charging Infrastructure";"UK";"MCS Profit and Mark-Up";"Tractor-Trailer";"PROG";"%";2050;"0.1";"Sensitivity | Removed policies | Removed diesel efficiency gains";"Electricity"
"OPEX";"Charging Infrastructure";"UK";"MCS Profit and Mark-Up";"Rigid";"BAU";"%";2050;"0.1";"Sensitivity | Removed policies | Removed diesel efficiency gains";"Electricity"
"OPEX";"Charging Infrastructure";"UK";"MCS Profit and Mark-Up";"Tractor-Trailer";"BAU";"%";2050;"0.1";"Sensitivity | Removed policies | Removed diesel efficiency gains";"Electricity"
"OPEX";"Charging Infrastructure";"DE";"CCS Station (Depot) - Incl. Overhead";"Rigid";"PROG";"EUR/kWh";2050;"0.019";"Sensitivity | Removed policies | Removed diesel efficiency gains";"Electricity"
"OPEX";"Charging Infrastructure";"DE";"CCS Station (Depot) - Incl. Overhead";"Tractor-Trailer";"PROG";"EUR/kWh";2050;"0.019";"Sensitivity | Removed policies | Removed diesel efficiency gains";"Electricity"
"OPEX";"Charging Infrastructure";"DE";"CCS Station (Depot) - Incl. Overhead";"Rigid";"BAU";"EUR/kWh";2050;"0.019";"Sensitivity | Removed policies | Removed diesel efficiency gains";"Electricity"
"OPEX";"Charging Infrastructure";"DE";"CCS Station (Depot) - Incl. Overhead";"Tractor-Trailer";"BAU";"EUR/kWh";2050;"0.019";"Sensitivity | Removed policies | Removed diesel efficiency gains";"Electricity"
"OPEX";"Charging Infrastructure";"ES";"CCS Station (Depot) - Incl. Overhead";"Rigid";"PROG";"EUR/kWh";2050;"0.019";"Sensitivity | Removed policies | Removed diesel efficiency gains";"Electricity"
"OPEX";"Charging Infrastructure";"ES";"CCS Station (Depot) - Incl. Overhead";"Tractor-Trailer";"PROG";"EUR/kWh";2050;"0.019";"Sensitivity | Removed policies | Removed diesel efficiency gains";"Electricity"
"OPEX";"Charging Infrastructure";"ES";"CCS Station (Depot) - Incl. Overhead";"Rigid";"BAU";"EUR/kWh";2050;"0.019";"Sensitivity | Removed policies | Removed diesel efficiency gains";"Electricity"
"OPEX";"Charging Infrastructure";"ES";"CCS Station (Depot) - Incl. Overhead";"Tractor-Trailer";"BAU";"EUR/kWh";2050;"0.019";"Sensitivity | Removed policies | Removed diesel efficiency gains";"Electricity"
"OPEX";"Charging Infrastructure";"FR";"CCS Station (Depot) - Incl. Overhead";"Rigid";"PROG";"EUR/kWh";2050;"0.019";"Sensitivity | Removed policies | Removed diesel efficiency gains";"Electricity"
"OPEX";"Charging Infrastructure";"FR";"CCS Station (Depot) - Incl. Overhead";"Tractor-Trailer";"PROG";"EUR/kWh";2050;"0.019";"Sensitivity | Removed policies | Removed diesel efficiency gains";"Electricity"
"OPEX";"Charging Infrastructure";"FR";"CCS Station (Depot) - Incl. Overhead";"Rigid";"BAU";"EUR/kWh";2050;"0.019";"Sensitivity | Removed policies | Removed diesel efficiency gains";"Electricity"
"OPEX";"Charging Infrastructure";"FR";"CCS Station (Depot) - Incl. Overhead";"Tractor-Trailer";"BAU";"EUR/kWh";2050;"0.019";"Sensitivity | Removed policies | Removed diesel efficiency gains";"Electricity"
"OPEX";"Charging Infrastructure";"IT";"CCS Station (Depot) - Incl. Overhead";"Rigid";"PROG";"EUR/kWh";2050;"0.019";"Sensitivity | Removed policies | Removed diesel efficiency gains";"Electricity"
"OPEX";"Charging Infrastructure";"IT";"CCS Station (Depot) - Incl. Overhead";"Tractor-Trailer";"PROG";"EUR/kWh";2050;"0.019";"Sensitivity | Removed policies | Removed diesel efficiency gains";"Electricity"
"OPEX";"Charging Infrastructure";"IT";"CCS Station (Depot) - Incl. Overhead";"Rigid";"BAU";"EUR/kWh";2050;"0.019";"Sensitivity | Removed policies | Removed diesel efficiency gains";"Electricity"
"OPEX";"Charging Infrastructure";"IT";"CCS Station (Depot) - Incl. Overhead";"Tractor-Trailer";"BAU";"EUR/kWh";2050;"0.019";"Sensitivity | Removed policies | Removed diesel efficiency gains";"Electricity"
"OPEX";"Charging Infrastructure";"NL";"CCS Station (Depot) - Incl. Overhead";"Rigid";"PROG";"EUR/kWh";2050;"0.019";"Sensitivity | Removed policies | Removed diesel efficiency gains";"Electricity"
"OPEX";"Charging Infrastructure";"NL";"CCS Station (Depot) - Incl. Overhead";"Tractor-Trailer";"PROG";"EUR/kWh";2050;"0.019";"Sensitivity | Removed policies | Removed diesel efficiency gains";"Electricity"
"OPEX";"Charging Infrastructure";"NL";"CCS Station (Depot) - Incl. Overhead";"Rigid";"BAU";"EUR/kWh";2050;"0.019";"Sensitivity | Removed policies | Removed diesel efficiency gains";"Electricity"
"OPEX";"Charging Infrastructure";"NL";"CCS Station (Depot) - Incl. Overhead";"Tractor-Trailer";"BAU";"EUR/kWh";2050;"0.019";"Sensitivity | Removed policies | Removed diesel efficiency gains";"Electricity"
"OPEX";"Charging Infrastructure";"PL";"CCS Station (Depot) - Incl. Overhead";"Rigid";"PROG";"EUR/kWh";2050;"0.019";"Sensitivity | Removed policies | Removed diesel efficiency gains";"Electricity"
"OPEX";"Charging Infrastructure";"PL";"CCS Station (Depot) - Incl. Overhead";"Tractor-Trailer";"PROG";"EUR/kWh";2050;"0.019";"Sensitivity | Removed policies | Removed diesel efficiency gains";"Electricity"
"OPEX";"Charging Infrastructure";"PL";"CCS Station (Depot) - Incl. Overhead";"Rigid";"BAU";"EUR/kWh";2050;"0.019";"Sensitivity | Removed policies | Removed diesel efficiency gains";"Electricity"
"OPEX";"Charging Infrastructure";"PL";"CCS Station (Depot) - Incl. Overhead";"Tractor-Trailer";"BAU";"EUR/kWh";2050;"0.019";"Sensitivity | Removed policies | Removed diesel efficiency gains";"Electricity"
"OPEX";"Charging Infrastructure";"UK";"CCS Station (Depot) - Incl. Overhead";"Rigid";"PROG";"EUR/kWh";2050;"0.019";"Sensitivity | Removed policies | Removed diesel efficiency gains";"Electricity"
"OPEX";"Charging Infrastructure";"UK";"CCS Station (Depot) - Incl. Overhead";"Tractor-Trailer";"PROG";"EUR/kWh";2050;"0.019";"Sensitivity | Removed policies | Removed diesel efficiency gains";"Electricity"
"OPEX";"Charging Infrastructure";"UK";"CCS Station (Depot) - Incl. Overhead";"Rigid";"BAU";"EUR/kWh";2050;"0.019";"Sensitivity | Removed policies | Removed diesel efficiency gains";"Electricity"
"OPEX";"Charging Infrastructure";"UK";"CCS Station (Depot) - Incl. Overhead";"Tractor-Trailer";"BAU";"EUR/kWh";2050;"0.019";"Sensitivity | Removed policies | Removed diesel efficiency gains";"Electricity"
"OPEX";"Charging Infrastructure";"DE";"CCS grid extension";"Rigid";"PROG";"EUR/kWh";2050;"0.045";"Sensitivity | Removed policies | Removed diesel efficiency gains";"Electricity"
"OPEX";"Charging Infrastructure";"DE";"CCS grid extension";"Tractor-Trailer";"PROG";"EUR/kWh";2050;"0.045";"Sensitivity | Removed policies | Removed diesel efficiency gains";"Electricity"
"OPEX";"Charging Infrastructure";"DE";"CCS grid extension";"Rigid";"BAU";"EUR/kWh";2050;"0.045";"Sensitivity | Removed policies | Removed diesel efficiency gains";"Electricity"
"OPEX";"Charging Infrastructure";"DE";"CCS grid extension";"Tractor-Trailer";"BAU";"EUR/kWh";2050;"0.045";"Sensitivity | Removed policies | Removed diesel efficiency gains";"Electricity"
"OPEX";"Charging Infrastructure";"ES";"CCS grid extension";"Rigid";"PROG";"EUR/kWh";2050;"0.045";"Sensitivity | Removed policies | Removed diesel efficiency gains";"Electricity"
"OPEX";"Charging Infrastructure";"ES";"CCS grid extension";"Tractor-Trailer";"PROG";"EUR/kWh";2050;"0.045";"Sensitivity | Removed policies | Removed diesel efficiency gains";"Electricity"
"OPEX";"Charging Infrastructure";"ES";"CCS grid extension";"Rigid";"BAU";"EUR/kWh";2050;"0.045";"Sensitivity | Removed policies | Removed diesel efficiency gains";"Electricity"
"OPEX";"Charging Infrastructure";"ES";"CCS grid extension";"Tractor-Trailer";"BAU";"EUR/kWh";2050;"0.045";"Sensitivity | Removed policies | Removed diesel efficiency gains";"Electricity"
"OPEX";"Charging Infrastructure";"FR";"CCS grid extension";"Rigid";"PROG";"EUR/kWh";2050;"0.045";"Sensitivity | Removed policies | Removed diesel efficiency gains";"Electricity"
"OPEX";"Charging Infrastructure";"FR";"CCS grid extension";"Tractor-Trailer";"PROG";"EUR/kWh";2050;"0.045";"Sensitivity | Removed policies | Removed diesel efficiency gains";"Electricity"
"OPEX";"Charging Infrastructure";"FR";"CCS grid extension";"Rigid";"BAU";"EUR/kWh";2050;"0.045";"Sensitivity | Removed policies | Removed diesel efficiency gains";"Electricity"
"OPEX";"Charging Infrastructure";"FR";"CCS grid extension";"Tractor-Trailer";"BAU";"EUR/kWh";2050;"0.045";"Sensitivity | Removed policies | Removed diesel efficiency gains";"Electricity"
"OPEX";"Charging Infrastructure";"IT";"CCS grid extension";"Rigid";"PROG";"EUR/kWh";2050;"0.045";"Sensitivity | Removed policies | Removed diesel efficiency gains";"Electricity"
"OPEX";"Charging Infrastructure";"IT";"CCS grid extension";"Tractor-Trailer";"PROG";"EUR/kWh";2050;"0.045";"Sensitivity | Removed policies | Removed diesel efficiency gains";"Electricity"
"OPEX";"Charging Infrastructure";"IT";"CCS grid extension";"Rigid";"BAU";"EUR/kWh";2050;"0.045";"Sensitivity | Removed policies | Removed diesel efficiency gains";"Electricity"
"OPEX";"Charging Infrastructure";"IT";"CCS grid extension";"Tractor-Trailer";"BAU";"EUR/kWh";2050;"0.045";"Sensitivity | Removed policies | Removed diesel efficiency gains";"Electricity"
"OPEX";"Charging Infrastructure";"NL";"CCS grid extension";"Rigid";"PROG";"EUR/kWh";2050;"0.045";"Sensitivity | Removed policies | Removed diesel efficiency gains";"Electricity"
"OPEX";"Charging Infrastructure";"NL";"CCS grid extension";"Tractor-Trailer";"PROG";"EUR/kWh";2050;"0.045";"Sensitivity | Removed policies | Removed diesel efficiency gains";"Electricity"
"OPEX";"Charging Infrastructure";"NL";"CCS grid extension";"Rigid";"BAU";"EUR/kWh";2050;"0.045";"Sensitivity | Removed policies | Removed diesel efficiency gains";"Electricity"
"OPEX";"Charging Infrastructure";"NL";"CCS grid extension";"Tractor-Trailer";"BAU";"EUR/kWh";2050;"0.045";"Sensitivity | Removed policies | Removed diesel efficiency gains";"Electricity"
"OPEX";"Charging Infrastructure";"PL";"CCS grid extension";"Rigid";"PROG";"EUR/kWh";2050;"0.045";"Sensitivity | Removed policies | Removed diesel efficiency gains";"Electricity"
"OPEX";"Charging Infrastructure";"PL";"CCS grid extension";"Tractor-Trailer";"PROG";"EUR/kWh";2050;"0.045";"Sensitivity | Removed policies | Removed diesel efficiency gains";"Electricity"
"OPEX";"Charging Infrastructure";"PL";"CCS grid extension";"Rigid";"BAU";"EUR/kWh";2050;"0.045";"Sensitivity | Removed policies | Removed diesel efficiency gains";"Electricity"
"OPEX";"Charging Infrastructure";"PL";"CCS grid extension";"Tractor-Trailer";"BAU";"EUR/kWh";2050;"0.045";"Sensitivity | Removed policies | Removed diesel efficiency gains";"Electricity"
"OPEX";"Charging Infrastructure";"UK";"CCS grid extension";"Rigid";"PROG";"EUR/kWh";2050;"0.045";"Sensitivity | Removed policies | Removed diesel efficiency gains";"Electricity"
"OPEX";"Charging Infrastructure";"UK";"CCS grid extension";"Tractor-Trailer";"PROG";"EUR/kWh";2050;"0.045";"Sensitivity | Removed policies | Removed diesel efficiency gains";"Electricity"
"OPEX";"Charging Infrastructure";"UK";"CCS grid extension";"Rigid";"BAU";"EUR/kWh";2050;"0.045";"Sensitivity | Removed policies | Removed diesel efficiency gains";"Electricity"
"OPEX";"Charging Infrastructure";"UK";"CCS grid extension";"Tractor-Trailer";"BAU";"EUR/kWh";2050;"0.045";"Sensitivity | Removed policies | Removed diesel efficiency gains";"Electricity"
"OPEX";"Diesel Infrastructure";"DE";"Total Diesel Mark-Up";"Rigid";"BAU";"EUR/kWh";2050;"0.018";"Sensitivity | Removed policies | Removed diesel efficiency gains";"Diesel"
"OPEX";"Diesel Infrastructure";"DE";"Total Diesel Mark-Up";"Tractor-Trailer";"BAU";"EUR/kWh";2050;"0.018";"Sensitivity | Removed policies | Removed diesel efficiency gains";"Diesel"
"OPEX";"Diesel Infrastructure";"DE";"Total Diesel Mark-Up";"Rigid";"PROG";"EUR/kWh";2050;"0.018";"Sensitivity | Removed policies | Removed diesel efficiency gains";"Diesel"
"OPEX";"Diesel Infrastructure";"DE";"Total Diesel Mark-Up";"Tractor-Trailer";"PROG";"EUR/kWh";2050;"0.018";"Sensitivity | Removed policies | Removed diesel efficiency gains";"Diesel"
"OPEX";"Diesel Infrastructure";"ES";"Total Diesel Mark-Up";"Rigid";"BAU";"EUR/kWh";2050;"0.018";"Sensitivity | Removed policies | Removed diesel efficiency gains";"Diesel"
"OPEX";"Diesel Infrastructure";"ES";"Total Diesel Mark-Up";"Tractor-Trailer";"BAU";"EUR/kWh";2050;"0.018";"Sensitivity | Removed policies | Removed diesel efficiency gains";"Diesel"
"OPEX";"Diesel Infrastructure";"ES";"Total Diesel Mark-Up";"Rigid";"PROG";"EUR/kWh";2050;"0.018";"Sensitivity | Removed policies | Removed diesel efficiency gains";"Diesel"
"OPEX";"Diesel Infrastructure";"ES";"Total Diesel Mark-Up";"Tractor-Trailer";"PROG";"EUR/kWh";2050;"0.018";"Sensitivity | Removed policies | Removed diesel efficiency gains";"Diesel"
"OPEX";"Diesel Infrastructure";"FR";"Total Diesel Mark-Up";"Rigid";"BAU";"EUR/kWh";2050;"0.018";"Sensitivity | Removed policies | Removed diesel efficiency gains";"Diesel"
"OPEX";"Diesel Infrastructure";"FR";"Total Diesel Mark-Up";"Tractor-Trailer";"BAU";"EUR/kWh";2050;"0.018";"Sensitivity | Removed policies | Removed diesel efficiency gains";"Diesel"
"OPEX";"Diesel Infrastructure";"FR";"Total Diesel Mark-Up";"Rigid";"PROG";"EUR/kWh";2050;"0.018";"Sensitivity | Removed policies | Removed diesel efficiency gains";"Diesel"
"OPEX";"Diesel Infrastructure";"FR";"Total Diesel Mark-Up";"Tractor-Trailer";"PROG";"EUR/kWh";2050;"0.018";"Sensitivity | Removed policies | Removed diesel efficiency gains";"Diesel"
"OPEX";"Diesel Infrastructure";"IT";"Total Diesel Mark-Up";"Rigid";"BAU";"EUR/kWh";2050;"0.018";"Sensitivity | Removed policies | Removed diesel efficiency gains";"Diesel"
"OPEX";"Diesel Infrastructure";"IT";"Total Diesel Mark-Up";"Tractor-Trailer";"BAU";"EUR/kWh";2050;"0.018";"Sensitivity | Removed policies | Removed diesel efficiency gains";"Diesel"
"OPEX";"Diesel Infrastructure";"IT";"Total Diesel Mark-Up";"Rigid";"PROG";"EUR/kWh";2050;"0.018";"Sensitivity | Removed policies | Removed diesel efficiency gains";"Diesel"
"OPEX";"Diesel Infrastructure";"IT";"Total Diesel Mark-Up";"Tractor-Trailer";"PROG";"EUR/kWh";2050;"0.018";"Sensitivity | Removed policies | Removed diesel efficiency gains";"Diesel"
"OPEX";"Diesel Infrastructure";"NL";"Total Diesel Mark-Up";"Rigid";"BAU";"EUR/kWh";2050;"0.018";"Sensitivity | Removed policies | Removed diesel efficiency gains";"Diesel"
"OPEX";"Diesel Infrastructure";"NL";"Total Diesel Mark-Up";"Tractor-Trailer";"BAU";"EUR/kWh";2050;"0.018";"Sensitivity | Removed policies | Removed diesel efficiency gains";"Diesel"
"OPEX";"Diesel Infrastructure";"NL";"Total Diesel Mark-Up";"Rigid";"PROG";"EUR/kWh";2050;"0.018";"Sensitivity | Removed policies | Removed diesel efficiency gains";"Diesel"
"OPEX";"Diesel Infrastructure";"NL";"Total Diesel Mark-Up";"Tractor-Trailer";"PROG";"EUR/kWh";2050;"0.018";"Sensitivity | Removed policies | Removed diesel efficiency gains";"Diesel"
"OPEX";"Diesel Infrastructure";"PL";"Total Diesel Mark-Up";"Rigid";"BAU";"EUR/kWh";2050;"0.018";"Sensitivity | Removed policies | Removed diesel efficiency gains";"Diesel"
"OPEX";"Diesel Infrastructure";"PL";"Total Diesel Mark-Up";"Tractor-Trailer";"BAU";"EUR/kWh";2050;"0.018";"Sensitivity | Removed policies | Removed diesel efficiency gains";"Diesel"
"OPEX";"Diesel Infrastructure";"PL";"Total Diesel Mark-Up";"Rigid";"PROG";"EUR/kWh";2050;"0.018";"Sensitivity | Removed policies | Removed diesel efficiency gains";"Diesel"
"OPEX";"Diesel Infrastructure";"PL";"Total Diesel Mark-Up";"Tractor-Trailer";"PROG";"EUR/kWh";2050;"0.018";"Sensitivity | Removed policies | Removed diesel efficiency gains";"Diesel"
"OPEX";"Diesel Infrastructure";"UK";"Total Diesel Mark-Up";"Rigid";"BAU";"EUR/kWh";2050;"0.018";"Sensitivity | Removed policies | Removed diesel efficiency gains";"Diesel"
"OPEX";"Diesel Infrastructure";"UK";"Total Diesel Mark-Up";"Tractor-Trailer";"BAU";"EUR/kWh";2050;"0.018";"Sensitivity | Removed policies | Removed diesel efficiency gains";"Diesel"
"OPEX";"Diesel Infrastructure";"UK";"Total Diesel Mark-Up";"Rigid";"PROG";"EUR/kWh";2050;"0.018";"Sensitivity | Removed policies | Removed diesel efficiency gains";"Diesel"
"OPEX";"Diesel Infrastructure";"UK";"Total Diesel Mark-Up";"Tractor-Trailer";"PROG";"EUR/kWh";2050;"0.018";"Sensitivity | Removed policies | Removed diesel efficiency gains";"Diesel"
"OPEX";"Diesel Infrastructure";"DE";"CO2 emission factor Biodiesel";"Rigid";"BAU";"%";2050;"0.152";"Sensitivity | Removed policies | Removed diesel efficiency gains";"Diesel"
"OPEX";"Diesel Infrastructure";"DE";"CO2 emission factor Biodiesel";"Tractor-Trailer";"BAU";"%";2050;"0.152";"Sensitivity | Removed policies | Removed diesel efficiency gains";"Diesel"
"OPEX";"Diesel Infrastructure";"DE";"CO2 emission factor Biodiesel";"Rigid";"PROG";"%";2050;"0.152";"Sensitivity | Removed policies | Removed diesel efficiency gains";"Diesel"
"OPEX";"Diesel Infrastructure";"DE";"CO2 emission factor Biodiesel";"Tractor-Trailer";"PROG";"%";2050;"0.152";"Sensitivity | Removed policies | Removed diesel efficiency gains";"Diesel"
"OPEX";"Diesel Infrastructure";"ES";"CO2 emission factor Biodiesel";"Rigid";"BAU";"%";2050;"0.152";"Sensitivity | Removed policies | Removed diesel efficiency gains";"Diesel"
"OPEX";"Diesel Infrastructure";"ES";"CO2 emission factor Biodiesel";"Tractor-Trailer";"BAU";"%";2050;"0.152";"Sensitivity | Removed policies | Removed diesel efficiency gains";"Diesel"
"OPEX";"Diesel Infrastructure";"ES";"CO2 emission factor Biodiesel";"Rigid";"PROG";"%";2050;"0.152";"Sensitivity | Removed policies | Removed diesel efficiency gains";"Diesel"
"OPEX";"Diesel Infrastructure";"ES";"CO2 emission factor Biodiesel";"Tractor-Trailer";"PROG";"%";2050;"0.152";"Sensitivity | Removed policies | Removed diesel efficiency gains";"Diesel"
"OPEX";"Diesel Infrastructure";"FR";"CO2 emission factor Biodiesel";"Rigid";"BAU";"%";2050;"0.152";"Sensitivity | Removed policies | Removed diesel efficiency gains";"Diesel"
"OPEX";"Diesel Infrastructure";"FR";"CO2 emission factor Biodiesel";"Tractor-Trailer";"BAU";"%";2050;"0.152";"Sensitivity | Removed policies | Removed diesel efficiency gains";"Diesel"
"OPEX";"Diesel Infrastructure";"FR";"CO2 emission factor Biodiesel";"Rigid";"PROG";"%";2050;"0.152";"Sensitivity | Removed policies | Removed diesel efficiency gains";"Diesel"
"OPEX";"Diesel Infrastructure";"FR";"CO2 emission factor Biodiesel";"Tractor-Trailer";"PROG";"%";2050;"0.152";"Sensitivity | Removed policies | Removed diesel efficiency gains";"Diesel"
"OPEX";"Diesel Infrastructure";"IT";"CO2 emission factor Biodiesel";"Rigid";"BAU";"%";2050;"0.152";"Sensitivity | Removed policies | Removed diesel efficiency gains";"Diesel"
"OPEX";"Diesel Infrastructure";"IT";"CO2 emission factor Biodiesel";"Tractor-Trailer";"BAU";"%";2050;"0.152";"Sensitivity | Removed policies | Removed diesel efficiency gains";"Diesel"
"OPEX";"Diesel Infrastructure";"IT";"CO2 emission factor Biodiesel";"Rigid";"PROG";"%";2050;"0.152";"Sensitivity | Removed policies | Removed diesel efficiency gains";"Diesel"
"OPEX";"Diesel Infrastructure";"IT";"CO2 emission factor Biodiesel";"Tractor-Trailer";"PROG";"%";2050;"0.152";"Sensitivity | Removed policies | Removed diesel efficiency gains";"Diesel"
"OPEX";"Diesel Infrastructure";"NL";"CO2 emission factor Biodiesel";"Rigid";"BAU";"%";2050;"0.152";"Sensitivity | Removed policies | Removed diesel efficiency gains";"Diesel"
"OPEX";"Diesel Infrastructure";"NL";"CO2 emission factor Biodiesel";"Tractor-Trailer";"BAU";"%";2050;"0.152";"Sensitivity | Removed policies | Removed diesel efficiency gains";"Diesel"
"OPEX";"Diesel Infrastructure";"NL";"CO2 emission factor Biodiesel";"Rigid";"PROG";"%";2050;"0.152";"Sensitivity | Removed policies | Removed diesel efficiency gains";"Diesel"
"OPEX";"Diesel Infrastructure";"NL";"CO2 emission factor Biodiesel";"Tractor-Trailer";"PROG";"%";2050;"0.152";"Sensitivity | Removed policies | Removed diesel efficiency gains";"Diesel"
"OPEX";"Diesel Infrastructure";"PL";"CO2 emission factor Biodiesel";"Rigid";"BAU";"%";2050;"0.152";"Sensitivity | Removed policies | Removed diesel efficiency gains";"Diesel"
"OPEX";"Diesel Infrastructure";"PL";"CO2 emission factor Biodiesel";"Tractor-Trailer";"BAU";"%";2050;"0.152";"Sensitivity | Removed policies | Removed diesel efficiency gains";"Diesel"
"OPEX";"Diesel Infrastructure";"PL";"CO2 emission factor Biodiesel";"Rigid";"PROG";"%";2050;"0.152";"Sensitivity | Removed policies | Removed diesel efficiency gains";"Diesel"
"OPEX";"Diesel Infrastructure";"PL";"CO2 emission factor Biodiesel";"Tractor-Trailer";"PROG";"%";2050;"0.152";"Sensitivity | Removed policies | Removed diesel efficiency gains";"Diesel"
"OPEX";"Diesel Infrastructure";"UK";"CO2 emission factor Biodiesel";"Rigid";"BAU";"%";2050;"0.152";"Sensitivity | Removed policies | Removed diesel efficiency gains";"Diesel"
"OPEX";"Diesel Infrastructure";"UK";"CO2 emission factor Biodiesel";"Tractor-Trailer";"BAU";"%";2050;"0.152";"Sensitivity | Removed policies | Removed diesel efficiency gains";"Diesel"
"OPEX";"Diesel Infrastructure";"UK";"CO2 emission factor Biodiesel";"Rigid";"PROG";"%";2050;"0.152";"Sensitivity | Removed policies | Removed diesel efficiency gains";"Diesel"
"OPEX";"Diesel Infrastructure";"UK";"CO2 emission factor Biodiesel";"Tractor-Trailer";"PROG";"%";2050;"0.152";"Sensitivity | Removed policies | Removed diesel efficiency gains";"Diesel"
"OPEX";"Diesel Infrastructure";"DE";"CO2 emission factor Pt-Diesel";"Rigid";"BAU";"%";2050;"0";"Sensitivity | Removed policies | Removed diesel efficiency gains";"Diesel"
"OPEX";"Diesel Infrastructure";"DE";"CO2 emission factor Pt-Diesel";"Tractor-Trailer";"BAU";"%";2050;"0";"Sensitivity | Removed policies | Removed diesel efficiency gains";"Diesel"
"OPEX";"Diesel Infrastructure";"DE";"CO2 emission factor Pt-Diesel";"Rigid";"PROG";"%";2050;"0";"Sensitivity | Removed policies | Removed diesel efficiency gains";"Diesel"
"OPEX";"Diesel Infrastructure";"DE";"CO2 emission factor Pt-Diesel";"Tractor-Trailer";"PROG";"%";2050;"0";"Sensitivity | Removed policies | Removed diesel efficiency gains";"Diesel"
"OPEX";"Diesel Infrastructure";"ES";"CO2 emission factor Pt-Diesel";"Rigid";"BAU";"%";2050;"0";"Sensitivity | Removed policies | Removed diesel efficiency gains";"Diesel"
"OPEX";"Diesel Infrastructure";"ES";"CO2 emission factor Pt-Diesel";"Tractor-Trailer";"BAU";"%";2050;"0";"Sensitivity | Removed policies | Removed diesel efficiency gains";"Diesel"
"OPEX";"Diesel Infrastructure";"ES";"CO2 emission factor Pt-Diesel";"Rigid";"PROG";"%";2050;"0";"Sensitivity | Removed policies | Removed diesel efficiency gains";"Diesel"
"OPEX";"Diesel Infrastructure";"ES";"CO2 emission factor Pt-Diesel";"Tractor-Trailer";"PROG";"%";2050;"0";"Sensitivity | Removed policies | Removed diesel efficiency gains";"Diesel"
"OPEX";"Diesel Infrastructure";"FR";"CO2 emission factor Pt-Diesel";"Rigid";"BAU";"%";2050;"0";"Sensitivity | Removed policies | Removed diesel efficiency gains";"Diesel"
"OPEX";"Diesel Infrastructure";"FR";"CO2 emission factor Pt-Diesel";"Tractor-Trailer";"BAU";"%";2050;"0";"Sensitivity | Removed policies | Removed diesel efficiency gains";"Diesel"
"OPEX";"Diesel Infrastructure";"FR";"CO2 emission factor Pt-Diesel";"Rigid";"PROG";"%";2050;"0";"Sensitivity | Removed policies | Removed diesel efficiency gains";"Diesel"
"OPEX";"Diesel Infrastructure";"FR";"CO2 emission factor Pt-Diesel";"Tractor-Trailer";"PROG";"%";2050;"0";"Sensitivity | Removed policies | Removed diesel efficiency gains";"Diesel"
"OPEX";"Diesel Infrastructure";"IT";"CO2 emission factor Pt-Diesel";"Rigid";"BAU";"%";2050;"0";"Sensitivity | Removed policies | Removed diesel efficiency gains";"Diesel"
"OPEX";"Diesel Infrastructure";"IT";"CO2 emission factor Pt-Diesel";"Tractor-Trailer";"BAU";"%";2050;"0";"Sensitivity | Removed policies | Removed diesel efficiency gains";"Diesel"
"OPEX";"Diesel Infrastructure";"IT";"CO2 emission factor Pt-Diesel";"Rigid";"PROG";"%";2050;"0";"Sensitivity | Removed policies | Removed diesel efficiency gains";"Diesel"
"OPEX";"Diesel Infrastructure";"IT";"CO2 emission factor Pt-Diesel";"Tractor-Trailer";"PROG";"%";2050;"0";"Sensitivity | Removed policies | Removed diesel efficiency gains";"Diesel"
"OPEX";"Diesel Infrastructure";"NL";"CO2 emission factor Pt-Diesel";"Rigid";"BAU";"%";2050;"0";"Sensitivity | Removed policies | Removed diesel efficiency gains";"Diesel"
"OPEX";"Diesel Infrastructure";"NL";"CO2 emission factor Pt-Diesel";"Tractor-Trailer";"BAU";"%";2050;"0";"Sensitivity | Removed policies | Removed diesel efficiency gains";"Diesel"
"OPEX";"Diesel Infrastructure";"NL";"CO2 emission factor Pt-Diesel";"Rigid";"PROG";"%";2050;"0";"Sensitivity | Removed policies | Removed diesel efficiency gains";"Diesel"
"OPEX";"Diesel Infrastructure";"NL";"CO2 emission factor Pt-Diesel";"Tractor-Trailer";"PROG";"%";2050;"0";"Sensitivity | Removed policies | Removed diesel efficiency gains";"Diesel"
"OPEX";"Diesel Infrastructure";"PL";"CO2 emission factor Pt-Diesel";"Rigid";"BAU";"%";2050;"0";"Sensitivity | Removed policies | Removed diesel efficiency gains";"Diesel"
"OPEX";"Diesel Infrastructure";"PL";"CO2 emission factor Pt-Diesel";"Tractor-Trailer";"BAU";"%";2050;"0";"Sensitivity | Removed policies | Removed diesel efficiency gains";"Diesel"
"OPEX";"Diesel Infrastructure";"PL";"CO2 emission factor Pt-Diesel";"Rigid";"PROG";"%";2050;"0";"Sensitivity | Removed policies | Removed diesel efficiency gains";"Diesel"
"OPEX";"Diesel Infrastructure";"PL";"CO2 emission factor Pt-Diesel";"Tractor-Trailer";"PROG";"%";2050;"0";"Sensitivity | Removed policies | Removed diesel efficiency gains";"Diesel"
"OPEX";"Diesel Infrastructure";"UK";"CO2 emission factor Pt-Diesel";"Rigid";"BAU";"%";2050;"0";"Sensitivity | Removed policies | Removed diesel efficiency gains";"Diesel"
"OPEX";"Diesel Infrastructure";"UK";"CO2 emission factor Pt-Diesel";"Tractor-Trailer";"BAU";"%";2050;"0";"Sensitivity | Removed policies | Removed diesel efficiency gains";"Diesel"
"OPEX";"Diesel Infrastructure";"UK";"CO2 emission factor Pt-Diesel";"Rigid";"PROG";"%";2050;"0";"Sensitivity | Removed policies | Removed diesel efficiency gains";"Diesel"
"OPEX";"Diesel Infrastructure";"UK";"CO2 emission factor Pt-Diesel";"Tractor-Trailer";"PROG";"%";2050;"0";"Sensitivity | Removed policies | Removed diesel efficiency gains";"Diesel"
"OPEX";"Taxes";"DE";"Network Costs - MCS";"Rigid";"BAU";"EUR/kWh";2050;"0.034";"Sensitivity | Removed policies | Removed diesel efficiency gains";"Electricity"
"OPEX";"Taxes";"DE";"Network Costs - MCS";"Tractor-Trailer";"BAU";"EUR/kWh";2050;"0.034";"Sensitivity | Removed policies | Removed diesel efficiency gains";"Electricity"
"OPEX";"Taxes";"ES";"Network Costs - MCS";"Rigid";"BAU";"EUR/kWh";2050;"0.018";"Sensitivity | Removed policies | Removed diesel efficiency gains";"Electricity"
"OPEX";"Taxes";"ES";"Network Costs - MCS";"Tractor-Trailer";"BAU";"EUR/kWh";2050;"0.018";"Sensitivity | Removed policies | Removed diesel efficiency gains";"Electricity"
"OPEX";"Taxes";"FR";"Network Costs - MCS";"Rigid";"BAU";"EUR/kWh";2050;"0.018";"Sensitivity | Removed policies | Removed diesel efficiency gains";"Electricity"
"OPEX";"Taxes";"FR";"Network Costs - MCS";"Tractor-Trailer";"BAU";"EUR/kWh";2050;"0.018";"Sensitivity | Removed policies | Removed diesel efficiency gains";"Electricity"
"OPEX";"Taxes";"IT";"Network Costs - MCS";"Rigid";"BAU";"EUR/kWh";2050;"0.015";"Sensitivity | Removed policies | Removed diesel efficiency gains";"Electricity"
"OPEX";"Taxes";"IT";"Network Costs - MCS";"Tractor-Trailer";"BAU";"EUR/kWh";2050;"0.015";"Sensitivity | Removed policies | Removed diesel efficiency gains";"Electricity"
"OPEX";"Taxes";"NL";"Network Costs - MCS";"Rigid";"BAU";"EUR/kWh";2050;"0.016";"Sensitivity | Removed policies | Removed diesel efficiency gains";"Electricity"
"OPEX";"Taxes";"NL";"Network Costs - MCS";"Tractor-Trailer";"BAU";"EUR/kWh";2050;"0.016";"Sensitivity | Removed policies | Removed diesel efficiency gains";"Electricity"
"OPEX";"Taxes";"PL";"Network Costs - MCS";"Rigid";"BAU";"EUR/kWh";2050;"0.019";"Sensitivity | Removed policies | Removed diesel efficiency gains";"Electricity"
"OPEX";"Taxes";"PL";"Network Costs - MCS";"Tractor-Trailer";"BAU";"EUR/kWh";2050;"0.019";"Sensitivity | Removed policies | Removed diesel efficiency gains";"Electricity"
"OPEX";"Taxes";"UK";"Network Costs - MCS";"Rigid";"BAU";"EUR/kWh";2050;"0.027";"Sensitivity | Removed policies | Removed diesel efficiency gains";"Electricity"
"OPEX";"Taxes";"UK";"Network Costs - MCS";"Tractor-Trailer";"BAU";"EUR/kWh";2050;"0.027";"Sensitivity | Removed policies | Removed diesel efficiency gains";"Electricity"
"OPEX";"Taxes";"DE";"Taxes, Fees, Levies and charges - MCS";"Rigid";"BAU";"EUR/kWh";2050;"0.056";"Sensitivity | Removed policies | Removed diesel efficiency gains";"Electricity"
"OPEX";"Taxes";"DE";"Taxes, Fees, Levies and charges - MCS";"Tractor-Trailer";"BAU";"EUR/kWh";2050;"0.056";"Sensitivity | Removed policies | Removed diesel efficiency gains";"Electricity"
"OPEX";"Taxes";"ES";"Taxes, Fees, Levies and charges - MCS";"Rigid";"BAU";"EUR/kWh";2050;"0.036";"Sensitivity | Removed policies | Removed diesel efficiency gains";"Electricity"
"OPEX";"Taxes";"ES";"Taxes, Fees, Levies and charges - MCS";"Tractor-Trailer";"BAU";"EUR/kWh";2050;"0.036";"Sensitivity | Removed policies | Removed diesel efficiency gains";"Electricity"
"OPEX";"Taxes";"FR";"Taxes, Fees, Levies and charges - MCS";"Rigid";"BAU";"EUR/kWh";2050;"0.03";"Sensitivity | Removed policies | Removed diesel efficiency gains";"Electricity"
"OPEX";"Taxes";"FR";"Taxes, Fees, Levies and charges - MCS";"Tractor-Trailer";"BAU";"EUR/kWh";2050;"0.03";"Sensitivity | Removed policies | Removed diesel efficiency gains";"Electricity"
"OPEX";"Taxes";"IT";"Taxes, Fees, Levies and charges - MCS";"Rigid";"BAU";"EUR/kWh";2050;"0.062";"Sensitivity | Removed policies | Removed diesel efficiency gains";"Electricity"
"OPEX";"Taxes";"IT";"Taxes, Fees, Levies and charges - MCS";"Tractor-Trailer";"BAU";"EUR/kWh";2050;"0.062";"Sensitivity | Removed policies | Removed diesel efficiency gains";"Electricity"
"OPEX";"Taxes";"NL";"Taxes, Fees, Levies and charges - MCS";"Rigid";"BAU";"EUR/kWh";2050;"0.055";"Sensitivity | Removed policies | Removed diesel efficiency gains";"Electricity"
"OPEX";"Taxes";"NL";"Taxes, Fees, Levies and charges - MCS";"Tractor-Trailer";"BAU";"EUR/kWh";2050;"0.055";"Sensitivity | Removed policies | Removed diesel efficiency gains";"Electricity"
"OPEX";"Taxes";"PL";"Taxes, Fees, Levies and charges - MCS";"Rigid";"BAU";"EUR/kWh";2050;"0.049";"Sensitivity | Removed policies | Removed diesel efficiency gains";"Electricity"
"OPEX";"Taxes";"PL";"Taxes, Fees, Levies and charges - MCS";"Tractor-Trailer";"BAU";"EUR/kWh";2050;"0.049";"Sensitivity | Removed policies | Removed diesel efficiency gains";"Electricity"
"OPEX";"Taxes";"UK";"Taxes, Fees, Levies and charges - MCS";"Rigid";"BAU";"EUR/kWh";2050;"0.077";"Sensitivity | Removed policies | Removed diesel efficiency gains";"Electricity"
"OPEX";"Taxes";"UK";"Taxes, Fees, Levies and charges - MCS";"Tractor-Trailer";"BAU";"EUR/kWh";2050;"0.077";"Sensitivity | Removed policies | Removed diesel efficiency gains";"Electricity"
"OPEX";"Taxes";"DE";"Network Costs - Depot";"Rigid";"BAU";"EUR/kWh";2050;"0.034";"Sensitivity | Removed policies | Removed diesel efficiency gains";"Electricity"
"OPEX";"Taxes";"DE";"Network Costs - Depot";"Tractor-Trailer";"BAU";"EUR/kWh";2050;"0.034";"Sensitivity | Removed policies | Removed diesel efficiency gains";"Electricity"
"OPEX";"Taxes";"ES";"Network Costs - Depot";"Rigid";"BAU";"EUR/kWh";2050;"0.018";"Sensitivity | Removed policies | Removed diesel efficiency gains";"Electricity"
"OPEX";"Taxes";"ES";"Network Costs - Depot";"Tractor-Trailer";"BAU";"EUR/kWh";2050;"0.018";"Sensitivity | Removed policies | Removed diesel efficiency gains";"Electricity"
"OPEX";"Taxes";"FR";"Network Costs - Depot";"Rigid";"BAU";"EUR/kWh";2050;"0.018";"Sensitivity | Removed policies | Removed diesel efficiency gains";"Electricity"
"OPEX";"Taxes";"FR";"Network Costs - Depot";"Tractor-Trailer";"BAU";"EUR/kWh";2050;"0.018";"Sensitivity | Removed policies | Removed diesel efficiency gains";"Electricity"
"OPEX";"Taxes";"IT";"Network Costs - Depot";"Rigid";"BAU";"EUR/kWh";2050;"0.016";"Sensitivity | Removed policies | Removed diesel efficiency gains";"Electricity"
"OPEX";"Taxes";"IT";"Network Costs - Depot";"Tractor-Trailer";"BAU";"EUR/kWh";2050;"0.016";"Sensitivity | Removed policies | Removed diesel efficiency gains";"Electricity"
"OPEX";"Taxes";"NL";"Network Costs - Depot";"Rigid";"BAU";"EUR/kWh";2050;"0.016";"Sensitivity | Removed policies | Removed diesel efficiency gains";"Electricity"
"OPEX";"Taxes";"NL";"Network Costs - Depot";"Tractor-Trailer";"BAU";"EUR/kWh";2050;"0.016";"Sensitivity | Removed policies | Removed diesel efficiency gains";"Electricity"
"OPEX";"Taxes";"PL";"Network Costs - Depot";"Rigid";"BAU";"EUR/kWh";2050;"0.019";"Sensitivity | Removed policies | Removed diesel efficiency gains";"Electricity"
"OPEX";"Taxes";"PL";"Network Costs - Depot";"Tractor-Trailer";"BAU";"EUR/kWh";2050;"0.019";"Sensitivity | Removed policies | Removed diesel efficiency gains";"Electricity"
"OPEX";"Taxes";"UK";"Network Costs - Depot";"Rigid";"BAU";"EUR/kWh";2050;"0.027";"Sensitivity | Removed policies | Removed diesel efficiency gains";"Electricity"
"OPEX";"Taxes";"UK";"Network Costs - Depot";"Tractor-Trailer";"BAU";"EUR/kWh";2050;"0.027";"Sensitivity | Removed policies | Removed diesel efficiency gains";"Electricity"
"OPEX";"Taxes";"DE";"Taxes, Fees, Levies and charges - Depot";"Rigid";"BAU";"EUR/kWh";2050;"0.056";"Sensitivity | Removed policies | Removed diesel efficiency gains";"Electricity"
"OPEX";"Taxes";"DE";"Taxes, Fees, Levies and charges - Depot";"Tractor-Trailer";"BAU";"EUR/kWh";2050;"0.056";"Sensitivity | Removed policies | Removed diesel efficiency gains";"Electricity"
"OPEX";"Taxes";"ES";"Taxes, Fees, Levies and charges - Depot";"Rigid";"BAU";"EUR/kWh";2050;"0.036";"Sensitivity | Removed policies | Removed diesel efficiency gains";"Electricity"
"OPEX";"Taxes";"ES";"Taxes, Fees, Levies and charges - Depot";"Tractor-Trailer";"BAU";"EUR/kWh";2050;"0.036";"Sensitivity | Removed policies | Removed diesel efficiency gains";"Electricity"
"OPEX";"Taxes";"FR";"Taxes, Fees, Levies and charges - Depot";"Rigid";"BAU";"EUR/kWh";2050;"0.03";"Sensitivity | Removed policies | Removed diesel efficiency gains";"Electricity"
"OPEX";"Taxes";"FR";"Taxes, Fees, Levies and charges - Depot";"Tractor-Trailer";"BAU";"EUR/kWh";2050;"0.03";"Sensitivity | Removed policies | Removed diesel efficiency gains";"Electricity"
"OPEX";"Taxes";"IT";"Taxes, Fees, Levies and charges - Depot";"Rigid";"BAU";"EUR/kWh";2050;"0.063";"Sensitivity | Removed policies | Removed diesel efficiency gains";"Electricity"
"OPEX";"Taxes";"IT";"Taxes, Fees, Levies and charges - Depot";"Tractor-Trailer";"BAU";"EUR/kWh";2050;"0.063";"Sensitivity | Removed policies | Removed diesel efficiency gains";"Electricity"
"OPEX";"Taxes";"NL";"Taxes, Fees, Levies and charges - Depot";"Rigid";"BAU";"EUR/kWh";2050;"0.055";"Sensitivity | Removed policies | Removed diesel efficiency gains";"Electricity"
"OPEX";"Taxes";"NL";"Taxes, Fees, Levies and charges - Depot";"Tractor-Trailer";"BAU";"EUR/kWh";2050;"0.055";"Sensitivity | Removed policies | Removed diesel efficiency gains";"Electricity"
"OPEX";"Taxes";"PL";"Taxes, Fees, Levies and charges - Depot";"Rigid";"BAU";"EUR/kWh";2050;"0.049";"Sensitivity | Removed policies | Removed diesel efficiency gains";"Electricity"
"OPEX";"Taxes";"PL";"Taxes, Fees, Levies and charges - Depot";"Tractor-Trailer";"BAU";"EUR/kWh";2050;"0.049";"Sensitivity | Removed policies | Removed diesel efficiency gains";"Electricity"
"OPEX";"Taxes";"UK";"Taxes, Fees, Levies and charges - Depot";"Rigid";"BAU";"EUR/kWh";2050;"0.077";"Sensitivity | Removed policies | Removed diesel efficiency gains";"Electricity"
"OPEX";"Taxes";"UK";"Taxes, Fees, Levies and charges - Depot";"Tractor-Trailer";"BAU";"EUR/kWh";2050;"0.077";"Sensitivity | Removed policies | Removed diesel efficiency gains";"Electricity"
"OPEX";"H2 Infrastructure";"DE";"HRS costs";"Rigid";"BAU";"EUR/kg H2";2050;"1";"Sensitivity | Removed policies | Removed diesel efficiency gains";"Hydrogen"
"OPEX";"H2 Infrastructure";"DE";"HRS costs";"Tractor-Trailer";"BAU";"EUR/kg H2";2050;"1";"Sensitivity | Removed policies | Removed diesel efficiency gains";"Hydrogen"
"OPEX";"H2 Infrastructure";"ES";"HRS costs";"Rigid";"BAU";"EUR/kg H2";2050;"1";"Sensitivity | Removed policies | Removed diesel efficiency gains";"Hydrogen"
"OPEX";"H2 Infrastructure";"ES";"HRS costs";"Tractor-Trailer";"BAU";"EUR/kg H2";2050;"1";"Sensitivity | Removed policies | Removed diesel efficiency gains";"Hydrogen"
"OPEX";"H2 Infrastructure";"FR";"HRS costs";"Rigid";"BAU";"EUR/kg H2";2050;"1";"Sensitivity | Removed policies | Removed diesel efficiency gains";"Hydrogen"
"OPEX";"H2 Infrastructure";"FR";"HRS costs";"Tractor-Trailer";"BAU";"EUR/kg H2";2050;"1";"Sensitivity | Removed policies | Removed diesel efficiency gains";"Hydrogen"
"OPEX";"H2 Infrastructure";"IT";"HRS costs";"Rigid";"BAU";"EUR/kg H2";2050;"1";"Sensitivity | Removed policies | Removed diesel efficiency gains";"Hydrogen"
"OPEX";"H2 Infrastructure";"IT";"HRS costs";"Tractor-Trailer";"BAU";"EUR/kg H2";2050;"1";"Sensitivity | Removed policies | Removed diesel efficiency gains";"Hydrogen"
"OPEX";"H2 Infrastructure";"NL";"HRS costs";"Rigid";"BAU";"EUR/kg H2";2050;"1";"Sensitivity | Removed policies | Removed diesel efficiency gains";"Hydrogen"
"OPEX";"H2 Infrastructure";"NL";"HRS costs";"Tractor-Trailer";"BAU";"EUR/kg H2";2050;"1";"Sensitivity | Removed policies | Removed diesel efficiency gains";"Hydrogen"
"OPEX";"H2 Infrastructure";"PL";"HRS costs";"Rigid";"BAU";"EUR/kg H2";2050;"1";"Sensitivity | Removed policies | Removed diesel efficiency gains";"Hydrogen"
"OPEX";"H2 Infrastructure";"PL";"HRS costs";"Tractor-Trailer";"BAU";"EUR/kg H2";2050;"1";"Sensitivity | Removed policies | Removed diesel efficiency gains";"Hydrogen"
"OPEX";"H2 Infrastructure";"UK";"HRS costs";"Rigid";"BAU";"EUR/kg H2";2050;"1";"Sensitivity | Removed policies | Removed diesel efficiency gains";"Hydrogen"
"OPEX";"H2 Infrastructure";"UK";"HRS costs";"Tractor-Trailer";"BAU";"EUR/kg H2";2050;"1";"Sensitivity | Removed policies | Removed diesel efficiency gains";"Hydrogen"
"OPEX";"H2 Infrastructure";"DE";"H2 transport and distribution";"Rigid";"BAU";"EUR/kg H2";2050;"1";"Sensitivity | Removed policies | Removed diesel efficiency gains";"Hydrogen"
"OPEX";"H2 Infrastructure";"DE";"H2 transport and distribution";"Tractor-Trailer";"BAU";"EUR/kg H2";2050;"1";"Sensitivity | Removed policies | Removed diesel efficiency gains";"Hydrogen"
"OPEX";"H2 Infrastructure";"ES";"H2 transport and distribution";"Rigid";"BAU";"EUR/kg H2";2050;"1";"Sensitivity | Removed policies | Removed diesel efficiency gains";"Hydrogen"
"OPEX";"H2 Infrastructure";"ES";"H2 transport and distribution";"Tractor-Trailer";"BAU";"EUR/kg H2";2050;"1";"Sensitivity | Removed policies | Removed diesel efficiency gains";"Hydrogen"
"OPEX";"H2 Infrastructure";"FR";"H2 transport and distribution";"Rigid";"BAU";"EUR/kg H2";2050;"1";"Sensitivity | Removed policies | Removed diesel efficiency gains";"Hydrogen"
"OPEX";"H2 Infrastructure";"FR";"H2 transport and distribution";"Tractor-Trailer";"BAU";"EUR/kg H2";2050;"1";"Sensitivity | Removed policies | Removed diesel efficiency gains";"Hydrogen"
"OPEX";"H2 Infrastructure";"IT";"H2 transport and distribution";"Rigid";"BAU";"EUR/kg H2";2050;"1";"Sensitivity | Removed policies | Removed diesel efficiency gains";"Hydrogen"
"OPEX";"H2 Infrastructure";"IT";"H2 transport and distribution";"Tractor-Trailer";"BAU";"EUR/kg H2";2050;"1";"Sensitivity | Removed policies | Removed diesel efficiency gains";"Hydrogen"
"OPEX";"H2 Infrastructure";"NL";"H2 transport and distribution";"Rigid";"BAU";"EUR/kg H2";2050;"1";"Sensitivity | Removed policies | Removed diesel efficiency gains";"Hydrogen"
"OPEX";"H2 Infrastructure";"NL";"H2 transport and distribution";"Tractor-Trailer";"BAU";"EUR/kg H2";2050;"1";"Sensitivity | Removed policies | Removed diesel efficiency gains";"Hydrogen"
"OPEX";"H2 Infrastructure";"PL";"H2 transport and distribution";"Rigid";"BAU";"EUR/kg H2";2050;"1";"Sensitivity | Removed policies | Removed diesel efficiency gains";"Hydrogen"
"OPEX";"H2 Infrastructure";"PL";"H2 transport and distribution";"Tractor-Trailer";"BAU";"EUR/kg H2";2050;"1";"Sensitivity | Removed policies | Removed diesel efficiency gains";"Hydrogen"
"OPEX";"H2 Infrastructure";"UK";"H2 transport and distribution";"Rigid";"BAU";"EUR/kg H2";2050;"1";"Sensitivity | Removed policies | Removed diesel efficiency gains";"Hydrogen"
"OPEX";"H2 Infrastructure";"UK";"H2 transport and distribution";"Tractor-Trailer";"BAU";"EUR/kg H2";2050;"1";"Sensitivity | Removed policies | Removed diesel efficiency gains";"Hydrogen"
"OPEX";"H2 Infrastructure";"DE";"HRS Overhead, Profit and Mark-Up";"Rigid";"BAU";"EUR/kg H2";2050;"0.25";"Sensitivity | Removed policies | Removed diesel efficiency gains";"Hydrogen"
"OPEX";"H2 Infrastructure";"DE";"HRS Overhead, Profit and Mark-Up";"Tractor-Trailer";"BAU";"EUR/kg H2";2050;"0.25";"Sensitivity | Removed policies | Removed diesel efficiency gains";"Hydrogen"
"OPEX";"H2 Infrastructure";"ES";"HRS Overhead, Profit and Mark-Up";"Rigid";"BAU";"EUR/kg H2";2050;"0.25";"Sensitivity | Removed policies | Removed diesel efficiency gains";"Hydrogen"
"OPEX";"H2 Infrastructure";"ES";"HRS Overhead, Profit and Mark-Up";"Tractor-Trailer";"BAU";"EUR/kg H2";2050;"0.25";"Sensitivity | Removed policies | Removed diesel efficiency gains";"Hydrogen"
"OPEX";"H2 Infrastructure";"FR";"HRS Overhead, Profit and Mark-Up";"Rigid";"BAU";"EUR/kg H2";2050;"0.25";"Sensitivity | Removed policies | Removed diesel efficiency gains";"Hydrogen"
"OPEX";"H2 Infrastructure";"FR";"HRS Overhead, Profit and Mark-Up";"Tractor-Trailer";"BAU";"EUR/kg H2";2050;"0.25";"Sensitivity | Removed policies | Removed diesel efficiency gains";"Hydrogen"
"OPEX";"H2 Infrastructure";"IT";"HRS Overhead, Profit and Mark-Up";"Rigid";"BAU";"EUR/kg H2";2050;"0.25";"Sensitivity | Removed policies | Removed diesel efficiency gains";"Hydrogen"
"OPEX";"H2 Infrastructure";"IT";"HRS Overhead, Profit and Mark-Up";"Tractor-Trailer";"BAU";"EUR/kg H2";2050;"0.25";"Sensitivity | Removed policies | Removed diesel efficiency gains";"Hydrogen"
"OPEX";"H2 Infrastructure";"NL";"HRS Overhead, Profit and Mark-Up";"Rigid";"BAU";"EUR/kg H2";2050;"0.25";"Sensitivity | Removed policies | Removed diesel efficiency gains";"Hydrogen"
"OPEX";"H2 Infrastructure";"NL";"HRS Overhead, Profit and Mark-Up";"Tractor-Trailer";"BAU";"EUR/kg H2";2050;"0.25";"Sensitivity | Removed policies | Removed diesel efficiency gains";"Hydrogen"
"OPEX";"H2 Infrastructure";"PL";"HRS Overhead, Profit and Mark-Up";"Rigid";"BAU";"EUR/kg H2";2050;"0.25";"Sensitivity | Removed policies | Removed diesel efficiency gains";"Hydrogen"
"OPEX";"H2 Infrastructure";"PL";"HRS Overhead, Profit and Mark-Up";"Tractor-Trailer";"BAU";"EUR/kg H2";2050;"0.25";"Sensitivity | Removed policies | Removed diesel efficiency gains";"Hydrogen"
"OPEX";"H2 Infrastructure";"UK";"HRS Overhead, Profit and Mark-Up";"Rigid";"BAU";"EUR/kg H2";2050;"0.25";"Sensitivity | Removed policies | Removed diesel efficiency gains";"Hydrogen"
"OPEX";"H2 Infrastructure";"UK";"HRS Overhead, Profit and Mark-Up";"Tractor-Trailer";"BAU";"EUR/kg H2";2050;"0.25";"Sensitivity | Removed policies | Removed diesel efficiency gains";"Hydrogen"
"OPEX";"Charging Infrastructure";"DE";"MCS Station (Public Charging) - Incl. Overhead";"Rigid";"BAU";"EUR/kWh";2050;"0.028";"Sensitivity | Removed policies | Removed diesel efficiency gains";"Electricity"
"OPEX";"Charging Infrastructure";"DE";"MCS Station (Public Charging) - Incl. Overhead";"Tractor-Trailer";"BAU";"EUR/kWh";2050;"0.028";"Sensitivity | Removed policies | Removed diesel efficiency gains";"Electricity"
"OPEX";"Charging Infrastructure";"ES";"MCS Station (Public Charging) - Incl. Overhead";"Rigid";"BAU";"EUR/kWh";2050;"0.028";"Sensitivity | Removed policies | Removed diesel efficiency gains";"Electricity"
"OPEX";"Charging Infrastructure";"ES";"MCS Station (Public Charging) - Incl. Overhead";"Tractor-Trailer";"BAU";"EUR/kWh";2050;"0.028";"Sensitivity | Removed policies | Removed diesel efficiency gains";"Electricity"
"OPEX";"Charging Infrastructure";"FR";"MCS Station (Public Charging) - Incl. Overhead";"Rigid";"BAU";"EUR/kWh";2050;"0.028";"Sensitivity | Removed policies | Removed diesel efficiency gains";"Electricity"
"OPEX";"Charging Infrastructure";"FR";"MCS Station (Public Charging) - Incl. Overhead";"Tractor-Trailer";"BAU";"EUR/kWh";2050;"0.028";"Sensitivity | Removed policies | Removed diesel efficiency gains";"Electricity"
"OPEX";"Charging Infrastructure";"IT";"MCS Station (Public Charging) - Incl. Overhead";"Rigid";"BAU";"EUR/kWh";2050;"0.028";"Sensitivity | Removed policies | Removed diesel efficiency gains";"Electricity"
"OPEX";"Charging Infrastructure";"IT";"MCS Station (Public Charging) - Incl. Overhead";"Tractor-Trailer";"BAU";"EUR/kWh";2050;"0.028";"Sensitivity | Removed policies | Removed diesel efficiency gains";"Electricity"
"OPEX";"Charging Infrastructure";"NL";"MCS Station (Public Charging) - Incl. Overhead";"Rigid";"BAU";"EUR/kWh";2050;"0.028";"Sensitivity | Removed policies | Removed diesel efficiency gains";"Electricity"
"OPEX";"Charging Infrastructure";"NL";"MCS Station (Public Charging) - Incl. Overhead";"Tractor-Trailer";"BAU";"EUR/kWh";2050;"0.028";"Sensitivity | Removed policies | Removed diesel efficiency gains";"Electricity"
"OPEX";"Charging Infrastructure";"PL";"MCS Station (Public Charging) - Incl. Overhead";"Rigid";"BAU";"EUR/kWh";2050;"0.028";"Sensitivity | Removed policies | Removed diesel efficiency gains";"Electricity"
"OPEX";"Charging Infrastructure";"PL";"MCS Station (Public Charging) - Incl. Overhead";"Tractor-Trailer";"BAU";"EUR/kWh";2050;"0.028";"Sensitivity | Removed policies | Removed diesel efficiency gains";"Electricity"
"OPEX";"Charging Infrastructure";"UK";"MCS Station (Public Charging) - Incl. Overhead";"Rigid";"BAU";"EUR/kWh";2050;"0.028";"Sensitivity | Removed policies | Removed diesel efficiency gains";"Electricity"
"OPEX";"Charging Infrastructure";"UK";"MCS Station (Public Charging) - Incl. Overhead";"Tractor-Trailer";"BAU";"EUR/kWh";2050;"0.028";"Sensitivity | Removed policies | Removed diesel efficiency gains";"Electricity"
"OPEX";"Charging Infrastructure";"DE";"Share MCS-Charging";"Rigid";"BAU";"%";2050;"0.2";"Sensitivity | Removed policies | Removed diesel efficiency gains";"Electricity"
"OPEX";"Charging Infrastructure";"DE";"Share MCS-Charging";"Tractor-Trailer";"BAU";"%";2050;"0.2";"Sensitivity | Removed policies | Removed diesel efficiency gains";"Electricity"
"OPEX";"Charging Infrastructure";"ES";"Share MCS-Charging";"Rigid";"BAU";"%";2050;"0.2";"Sensitivity | Removed policies | Removed diesel efficiency gains";"Electricity"
"OPEX";"Charging Infrastructure";"ES";"Share MCS-Charging";"Tractor-Trailer";"BAU";"%";2050;"0.2";"Sensitivity | Removed policies | Removed diesel efficiency gains";"Electricity"
"OPEX";"Charging Infrastructure";"FR";"Share MCS-Charging";"Rigid";"BAU";"%";2050;"0.2";"Sensitivity | Removed policies | Removed diesel efficiency gains";"Electricity"
"OPEX";"Charging Infrastructure";"FR";"Share MCS-Charging";"Tractor-Trailer";"BAU";"%";2050;"0.2";"Sensitivity | Removed policies | Removed diesel efficiency gains";"Electricity"
"OPEX";"Charging Infrastructure";"IT";"Share MCS-Charging";"Rigid";"BAU";"%";2050;"0.2";"Sensitivity | Removed policies | Removed diesel efficiency gains";"Electricity"
"OPEX";"Charging Infrastructure";"IT";"Share MCS-Charging";"Tractor-Trailer";"BAU";"%";2050;"0.2";"Sensitivity | Removed policies | Removed diesel efficiency gains";"Electricity"
"OPEX";"Charging Infrastructure";"NL";"Share MCS-Charging";"Rigid";"BAU";"%";2050;"0.2";"Sensitivity | Removed policies | Removed diesel efficiency gains";"Electricity"
"OPEX";"Charging Infrastructure";"NL";"Share MCS-Charging";"Tractor-Trailer";"BAU";"%";2050;"0.2";"Sensitivity | Removed policies | Removed diesel efficiency gains";"Electricity"
"OPEX";"Charging Infrastructure";"PL";"Share MCS-Charging";"Rigid";"BAU";"%";2050;"0.2";"Sensitivity | Removed policies | Removed diesel efficiency gains";"Electricity"
"OPEX";"Charging Infrastructure";"PL";"Share MCS-Charging";"Tractor-Trailer";"BAU";"%";2050;"0.2";"Sensitivity | Removed policies | Removed diesel efficiency gains";"Electricity"
"OPEX";"Charging Infrastructure";"UK";"Share MCS-Charging";"Rigid";"BAU";"%";2050;"0.2";"Sensitivity | Removed policies | Removed diesel efficiency gains";"Electricity"
"OPEX";"Charging Infrastructure";"UK";"Share MCS-Charging";"Tractor-Trailer";"BAU";"%";2050;"0.2";"Sensitivity | Removed policies | Removed diesel efficiency gains";"Electricity"
"OPEX";"Charging Infrastructure";"DE";"Depot - Network fees savings potential";"Rigid";"BAU";"EUR/kWh";2050;"0";"Sensitivity | Removed policies | Removed diesel efficiency gains";"Electricity"
"OPEX";"Charging Infrastructure";"DE";"Depot - Network fees savings potential";"Tractor-Trailer";"BAU";"EUR/kWh";2050;"0";"Sensitivity | Removed policies | Removed diesel efficiency gains";"Electricity"
"OPEX";"Charging Infrastructure";"ES";"Depot - Network fees savings potential";"Rigid";"BAU";"EUR/kWh";2050;"0";"Sensitivity | Removed policies | Removed diesel efficiency gains";"Electricity"
"OPEX";"Charging Infrastructure";"ES";"Depot - Network fees savings potential";"Tractor-Trailer";"BAU";"EUR/kWh";2050;"0";"Sensitivity | Removed policies | Removed diesel efficiency gains";"Electricity"
"OPEX";"Charging Infrastructure";"FR";"Depot - Network fees savings potential";"Rigid";"BAU";"EUR/kWh";2050;"0";"Sensitivity | Removed policies | Removed diesel efficiency gains";"Electricity"
"OPEX";"Charging Infrastructure";"FR";"Depot - Network fees savings potential";"Tractor-Trailer";"BAU";"EUR/kWh";2050;"0";"Sensitivity | Removed policies | Removed diesel efficiency gains";"Electricity"
"OPEX";"Charging Infrastructure";"IT";"Depot - Network fees savings potential";"Rigid";"BAU";"EUR/kWh";2050;"0";"Sensitivity | Removed policies | Removed diesel efficiency gains";"Electricity"
"OPEX";"Charging Infrastructure";"IT";"Depot - Network fees savings potential";"Tractor-Trailer";"BAU";"EUR/kWh";2050;"0";"Sensitivity | Removed policies | Removed diesel efficiency gains";"Electricity"
"OPEX";"Charging Infrastructure";"NL";"Depot - Network fees savings potential";"Rigid";"BAU";"EUR/kWh";2050;"0";"Sensitivity | Removed policies | Removed diesel efficiency gains";"Electricity"
"OPEX";"Charging Infrastructure";"NL";"Depot - Network fees savings potential";"Tractor-Trailer";"BAU";"EUR/kWh";2050;"0";"Sensitivity | Removed policies | Removed diesel efficiency gains";"Electricity"
"OPEX";"Charging Infrastructure";"PL";"Depot - Network fees savings potential";"Rigid";"BAU";"EUR/kWh";2050;"0";"Sensitivity | Removed policies | Removed diesel efficiency gains";"Electricity"
"OPEX";"Charging Infrastructure";"PL";"Depot - Network fees savings potential";"Tractor-Trailer";"BAU";"EUR/kWh";2050;"0";"Sensitivity | Removed policies | Removed diesel efficiency gains";"Electricity"
"OPEX";"Charging Infrastructure";"UK";"Depot - Network fees savings potential";"Rigid";"BAU";"EUR/kWh";2050;"0";"Sensitivity | Removed policies | Removed diesel efficiency gains";"Electricity"
"OPEX";"Charging Infrastructure";"UK";"Depot - Network fees savings potential";"Tractor-Trailer";"BAU";"EUR/kWh";2050;"0";"Sensitivity | Removed policies | Removed diesel efficiency gains";"Electricity"
"OPEX";"Taxes";"DE";"Tax reduction";"Rigid";"BAU";"%";2050;"0";"Sensitivity | Removed policies | Removed diesel efficiency gains";"Hydrogen"
"OPEX";"Taxes";"DE";"Tax reduction";"Tractor-Trailer";"BAU";"%";2050;"0";"Sensitivity | Removed policies | Removed diesel efficiency gains";"Hydrogen"
"OPEX";"Taxes";"ES";"Tax reduction";"Rigid";"BAU";"%";2050;"0";"Sensitivity | Removed policies | Removed diesel efficiency gains";"Hydrogen"
"OPEX";"Taxes";"ES";"Tax reduction";"Tractor-Trailer";"BAU";"%";2050;"0";"Sensitivity | Removed policies | Removed diesel efficiency gains";"Hydrogen"
"OPEX";"Taxes";"FR";"Tax reduction";"Rigid";"BAU";"%";2050;"0";"Sensitivity | Removed policies | Removed diesel efficiency gains";"Hydrogen"
"OPEX";"Taxes";"FR";"Tax reduction";"Tractor-Trailer";"BAU";"%";2050;"0";"Sensitivity | Removed policies | Removed diesel efficiency gains";"Hydrogen"
"OPEX";"Taxes";"IT";"Tax reduction";"Rigid";"BAU";"%";2050;"0";"Sensitivity | Removed policies | Removed diesel efficiency gains";"Hydrogen"
"OPEX";"Taxes";"IT";"Tax reduction";"Tractor-Trailer";"BAU";"%";2050;"0";"Sensitivity | Removed policies | Removed diesel efficiency gains";"Hydrogen"
"OPEX";"Taxes";"NL";"Tax reduction";"Rigid";"BAU";"%";2050;"0";"Sensitivity | Removed policies | Removed diesel efficiency gains";"Hydrogen"
"OPEX";"Taxes";"NL";"Tax reduction";"Tractor-Trailer";"BAU";"%";2050;"0";"Sensitivity | Removed policies | Removed diesel efficiency gains";"Hydrogen"
"OPEX";"Taxes";"PL";"Tax reduction";"Rigid";"BAU";"%";2050;"0";"Sensitivity | Removed policies | Removed diesel efficiency gains";"Hydrogen"
"OPEX";"Taxes";"PL";"Tax reduction";"Tractor-Trailer";"BAU";"%";2050;"0";"Sensitivity | Removed policies | Removed diesel efficiency gains";"Hydrogen"
"OPEX";"Taxes";"UK";"Tax reduction";"Rigid";"BAU";"%";2050;"0";"Sensitivity | Removed policies | Removed diesel efficiency gains";"Hydrogen"
"OPEX";"Taxes";"UK";"Tax reduction";"Tractor-Trailer";"BAU";"%";2050;"0";"Sensitivity | Removed policies | Removed diesel efficiency gains";"Hydrogen"
"OPEX";"Taxes";"DE";"Increasing grid fees";"Rigid";"PROG";"%";2050;"0.3";"Sensitivity | Removed policies | Removed diesel efficiency gains";"Electricity"
"OPEX";"Taxes";"DE";"Increasing grid fees";"Tractor-Trailer";"PROG";"%";2050;"0.3";"Sensitivity | Removed policies | Removed diesel efficiency gains";"Electricity"
"OPEX";"Taxes";"ES";"Increasing grid fees";"Rigid";"PROG";"%";2050;"0.3";"Sensitivity | Removed policies | Removed diesel efficiency gains";"Electricity"
"OPEX";"Taxes";"ES";"Increasing grid fees";"Tractor-Trailer";"PROG";"%";2050;"0.3";"Sensitivity | Removed policies | Removed diesel efficiency gains";"Electricity"
"OPEX";"Taxes";"FR";"Increasing grid fees";"Rigid";"PROG";"%";2050;"0.3";"Sensitivity | Removed policies | Removed diesel efficiency gains";"Electricity"
"OPEX";"Taxes";"FR";"Increasing grid fees";"Tractor-Trailer";"PROG";"%";2050;"0.3";"Sensitivity | Removed policies | Removed diesel efficiency gains";"Electricity"
"OPEX";"Taxes";"IT";"Increasing grid fees";"Rigid";"PROG";"%";2050;"0.3";"Sensitivity | Removed policies | Removed diesel efficiency gains";"Electricity"
"OPEX";"Taxes";"IT";"Increasing grid fees";"Tractor-Trailer";"PROG";"%";2050;"0.3";"Sensitivity | Removed policies | Removed diesel efficiency gains";"Electricity"
"OPEX";"Taxes";"NL";"Increasing grid fees";"Rigid";"PROG";"%";2050;"0.3";"Sensitivity | Removed policies | Removed diesel efficiency gains";"Electricity"
"OPEX";"Taxes";"NL";"Increasing grid fees";"Tractor-Trailer";"PROG";"%";2050;"0.3";"Sensitivity | Removed policies | Removed diesel efficiency gains";"Electricity"
"OPEX";"Taxes";"PL";"Increasing grid fees";"Rigid";"PROG";"%";2050;"0.3";"Sensitivity | Removed policies | Removed diesel efficiency gains";"Electricity"
"OPEX";"Taxes";"PL";"Increasing grid fees";"Tractor-Trailer";"PROG";"%";2050;"0.3";"Sensitivity | Removed policies | Removed diesel efficiency gains";"Electricity"
"OPEX";"Taxes";"UK";"Increasing grid fees";"Rigid";"PROG";"%";2050;"0.3";"Sensitivity | Removed policies | Removed diesel efficiency gains";"Electricity"
"OPEX";"Taxes";"UK";"Increasing grid fees";"Tractor-Trailer";"PROG";"%";2050;"0.3";"Sensitivity | Removed policies | Removed diesel efficiency gains";"Electricity"
"OPEX";"Taxes";"DE";"Increasing grid fees";"Rigid";"BAU";"%";2050;"0.5";"Sensitivity | Removed policies | Removed diesel efficiency gains";"Electricity"
"OPEX";"Taxes";"DE";"Increasing grid fees";"Tractor-Trailer";"BAU";"%";2050;"0.5";"Sensitivity | Removed policies | Removed diesel efficiency gains";"Electricity"
"OPEX";"Taxes";"ES";"Increasing grid fees";"Rigid";"BAU";"%";2050;"0.5";"Sensitivity | Removed policies | Removed diesel efficiency gains";"Electricity"
"OPEX";"Taxes";"ES";"Increasing grid fees";"Tractor-Trailer";"BAU";"%";2050;"0.5";"Sensitivity | Removed policies | Removed diesel efficiency gains";"Electricity"
"OPEX";"Taxes";"FR";"Increasing grid fees";"Rigid";"BAU";"%";2050;"0.5";"Sensitivity | Removed policies | Removed diesel efficiency gains";"Electricity"
"OPEX";"Taxes";"FR";"Increasing grid fees";"Tractor-Trailer";"BAU";"%";2050;"0.5";"Sensitivity | Removed policies | Removed diesel efficiency gains";"Electricity"
"OPEX";"Taxes";"IT";"Increasing grid fees";"Rigid";"BAU";"%";2050;"0.5";"Sensitivity | Removed policies | Removed diesel efficiency gains";"Electricity"
"OPEX";"Taxes";"IT";"Increasing grid fees";"Tractor-Trailer";"BAU";"%";2050;"0.5";"Sensitivity | Removed policies | Removed diesel efficiency gains";"Electricity"
"OPEX";"Taxes";"NL";"Increasing grid fees";"Rigid";"BAU";"%";2050;"0.5";"Sensitivity | Removed policies | Removed diesel efficiency gains";"Electricity"
"OPEX";"Taxes";"NL";"Increasing grid fees";"Tractor-Trailer";"BAU";"%";2050;"0.5";"Sensitivity | Removed policies | Removed diesel efficiency gains";"Electricity"
"OPEX";"Taxes";"PL";"Increasing grid fees";"Rigid";"BAU";"%";2050;"0.5";"Sensitivity | Removed policies | Removed diesel efficiency gains";"Electricity"
"OPEX";"Taxes";"PL";"Increasing grid fees";"Tractor-Trailer";"BAU";"%";2050;"0.5";"Sensitivity | Removed policies | Removed diesel efficiency gains";"Electricity"
"OPEX";"Taxes";"UK";"Increasing grid fees";"Rigid";"BAU";"%";2050;"0.5";"Sensitivity | Removed policies | Removed diesel efficiency gains";"Electricity"
"OPEX";"Taxes";"UK";"Increasing grid fees";"Tractor-Trailer";"BAU";"%";2050;"0.5";"Sensitivity | Removed policies | Removed diesel efficiency gains";"Electricity"
"OPEX";"Diesel";"FR";"Biodiesel Price";"Rigid";"PROG";"EUR/kWh";2030;"0.106";"Sensitivity | Removed policies | Removed diesel efficiency gains";"Diesel"
"OPEX";"Diesel";"FR";"Biodiesel Price";"Tractor-Trailer";"PROG";"EUR/kWh";2030;"0.106";"Sensitivity | Removed policies | Removed diesel efficiency gains";"Diesel"
"OPEX";"Diesel";"DE";"Biodiesel Price";"Rigid";"PROG";"EUR/kWh";2030;"0.106";"Sensitivity | Removed policies | Removed diesel efficiency gains";"Diesel"
"OPEX";"Diesel";"DE";"Biodiesel Price";"Tractor-Trailer";"PROG";"EUR/kWh";2030;"0.106";"Sensitivity | Removed policies | Removed diesel efficiency gains";"Diesel"
"OPEX";"Diesel";"ES";"Biodiesel Price";"Rigid";"PROG";"EUR/kWh";2030;"0.106";"Sensitivity | Removed policies | Removed diesel efficiency gains";"Diesel"
"OPEX";"Diesel";"ES";"Biodiesel Price";"Tractor-Trailer";"PROG";"EUR/kWh";2030;"0.106";"Sensitivity | Removed policies | Removed diesel efficiency gains";"Diesel"
"OPEX";"Diesel";"IT";"Biodiesel Price";"Rigid";"PROG";"EUR/kWh";2030;"0.106";"Sensitivity | Removed policies | Removed diesel efficiency gains";"Diesel"
"OPEX";"Diesel";"IT";"Biodiesel Price";"Tractor-Trailer";"PROG";"EUR/kWh";2030;"0.106";"Sensitivity | Removed policies | Removed diesel efficiency gains";"Diesel"
"OPEX";"Diesel";"NL";"Biodiesel Price";"Rigid";"PROG";"EUR/kWh";2030;"0.106";"Sensitivity | Removed policies | Removed diesel efficiency gains";"Diesel"
"OPEX";"Diesel";"NL";"Biodiesel Price";"Tractor-Trailer";"PROG";"EUR/kWh";2030;"0.106";"Sensitivity | Removed policies | Removed diesel efficiency gains";"Diesel"
"OPEX";"Diesel";"PL";"Biodiesel Price";"Rigid";"PROG";"EUR/kWh";2030;"0.106";"Sensitivity | Removed policies | Removed diesel efficiency gains";"Diesel"
"OPEX";"Diesel";"PL";"Biodiesel Price";"Tractor-Trailer";"PROG";"EUR/kWh";2030;"0.106";"Sensitivity | Removed policies | Removed diesel efficiency gains";"Diesel"
"OPEX";"Diesel";"UK";"Biodiesel Price";"Rigid";"PROG";"EUR/kWh";2030;"0.106";"Sensitivity | Removed policies | Removed diesel efficiency gains";"Diesel"
"OPEX";"Diesel";"UK";"Biodiesel Price";"Tractor-Trailer";"PROG";"EUR/kWh";2030;"0.106";"Sensitivity | Removed policies | Removed diesel efficiency gains";"Diesel"
"OPEX";"Diesel";"DE";"Pt-Diesel Price";"Rigid";"PROG";"EUR/kWh";2030;"0.244";"Sensitivity | Removed policies | Removed diesel efficiency gains";"Diesel"
"OPEX";"Diesel";"DE";"Pt-Diesel Price";"Tractor-Trailer";"PROG";"EUR/kWh";2030;"0.244";"Sensitivity | Removed policies | Removed diesel efficiency gains";"Diesel"
"OPEX";"Diesel";"ES";"Pt-Diesel Price";"Rigid";"PROG";"EUR/kWh";2030;"0.244";"Sensitivity | Removed policies | Removed diesel efficiency gains";"Diesel"
"OPEX";"Diesel";"ES";"Pt-Diesel Price";"Tractor-Trailer";"PROG";"EUR/kWh";2030;"0.244";"Sensitivity | Removed policies | Removed diesel efficiency gains";"Diesel"
"OPEX";"Diesel";"FR";"Pt-Diesel Price";"Rigid";"PROG";"EUR/kWh";2030;"0.244";"Sensitivity | Removed policies | Removed diesel efficiency gains";"Diesel"
"OPEX";"Diesel";"FR";"Pt-Diesel Price";"Tractor-Trailer";"PROG";"EUR/kWh";2030;"0.244";"Sensitivity | Removed policies | Removed diesel efficiency gains";"Diesel"
"OPEX";"Diesel";"IT";"Pt-Diesel Price";"Rigid";"PROG";"EUR/kWh";2030;"0.244";"Sensitivity | Removed policies | Removed diesel efficiency gains";"Diesel"
"OPEX";"Diesel";"IT";"Pt-Diesel Price";"Tractor-Trailer";"PROG";"EUR/kWh";2030;"0.244";"Sensitivity | Removed policies | Removed diesel efficiency gains";"Diesel"
"OPEX";"Diesel";"NL";"Pt-Diesel Price";"Rigid";"PROG";"EUR/kWh";2030;"0.244";"Sensitivity | Removed policies | Removed diesel efficiency gains";"Diesel"
"OPEX";"Diesel";"NL";"Pt-Diesel Price";"Tractor-Trailer";"PROG";"EUR/kWh";2030;"0.244";"Sensitivity | Removed policies | Removed diesel efficiency gains";"Diesel"
"OPEX";"Diesel";"PL";"Pt-Diesel Price";"Rigid";"PROG";"EUR/kWh";2030;"0.244";"Sensitivity | Removed policies | Removed diesel efficiency gains";"Diesel"
"OPEX";"Diesel";"PL";"Pt-Diesel Price";"Tractor-Trailer";"PROG";"EUR/kWh";2030;"0.244";"Sensitivity | Removed policies | Removed diesel efficiency gains";"Diesel"
"OPEX";"Diesel";"UK";"Pt-Diesel Price";"Rigid";"PROG";"EUR/kWh";2030;"0.244";"Sensitivity | Removed policies | Removed diesel efficiency gains";"Diesel"
"OPEX";"Diesel";"UK";"Pt-Diesel Price";"Tractor-Trailer";"PROG";"EUR/kWh";2030;"0.244";"Sensitivity | Removed policies | Removed diesel efficiency gains";"Diesel"
"OPEX";"Electricity";"DE";"Electricity Price";"Rigid";"PROG";"EUR/kWh";2030;"0.064";"Sensitivity | Removed policies | Removed diesel efficiency gains";"Electricity"
"OPEX";"Electricity";"DE";"Electricity Price";"Tractor-Trailer";"PROG";"EUR/kWh";2030;"0.064";"Sensitivity | Removed policies | Removed diesel efficiency gains";"Electricity"
"OPEX";"Electricity";"ES";"Electricity Price";"Rigid";"PROG";"EUR/kWh";2030;"0.064";"Sensitivity | Removed policies | Removed diesel efficiency gains";"Electricity"
"OPEX";"Electricity";"ES";"Electricity Price";"Tractor-Trailer";"PROG";"EUR/kWh";2030;"0.064";"Sensitivity | Removed policies | Removed diesel efficiency gains";"Electricity"
"OPEX";"Electricity";"FR";"Electricity Price";"Rigid";"PROG";"EUR/kWh";2030;"0.064";"Sensitivity | Removed policies | Removed diesel efficiency gains";"Electricity"
"OPEX";"Electricity";"FR";"Electricity Price";"Tractor-Trailer";"PROG";"EUR/kWh";2030;"0.064";"Sensitivity | Removed policies | Removed diesel efficiency gains";"Electricity"
"OPEX";"Electricity";"IT";"Electricity Price";"Rigid";"PROG";"EUR/kWh";2030;"0.064";"Sensitivity | Removed policies | Removed diesel efficiency gains";"Electricity"
"OPEX";"Electricity";"IT";"Electricity Price";"Tractor-Trailer";"PROG";"EUR/kWh";2030;"0.064";"Sensitivity | Removed policies | Removed diesel efficiency gains";"Electricity"
"OPEX";"Electricity";"NL";"Electricity Price";"Rigid";"PROG";"EUR/kWh";2030;"0.064";"Sensitivity | Removed policies | Removed diesel efficiency gains";"Electricity"
"OPEX";"Electricity";"NL";"Electricity Price";"Tractor-Trailer";"PROG";"EUR/kWh";2030;"0.064";"Sensitivity | Removed policies | Removed diesel efficiency gains";"Electricity"
"OPEX";"Electricity";"PL";"Electricity Price";"Rigid";"PROG";"EUR/kWh";2030;"0.064";"Sensitivity | Removed policies | Removed diesel efficiency gains";"Electricity"
"OPEX";"Electricity";"PL";"Electricity Price";"Tractor-Trailer";"PROG";"EUR/kWh";2030;"0.064";"Sensitivity | Removed policies | Removed diesel efficiency gains";"Electricity"
"OPEX";"Electricity";"UK";"Electricity Price";"Rigid";"PROG";"EUR/kWh";2030;"0.064";"Sensitivity | Removed policies | Removed diesel efficiency gains";"Electricity"
"OPEX";"Electricity";"UK";"Electricity Price";"Tractor-Trailer";"PROG";"EUR/kWh";2030;"0.064";"Sensitivity | Removed policies | Removed diesel efficiency gains";"Electricity"
"OPEX";"Hydrogen";"DE";"Hydrogen Price";"Rigid";"PROG";"EUR/kWh";2030;"0.129";"Sensitivity | Removed policies | Removed diesel efficiency gains";"Hydrogen"
"OPEX";"Hydrogen";"DE";"Hydrogen Price";"Tractor-Trailer";"PROG";"EUR/kWh";2030;"0.129";"Sensitivity | Removed policies | Removed diesel efficiency gains";"Hydrogen"
"OPEX";"Hydrogen";"ES";"Hydrogen Price";"Rigid";"PROG";"EUR/kWh";2030;"0.129";"Sensitivity | Removed policies | Removed diesel efficiency gains";"Hydrogen"
"OPEX";"Hydrogen";"ES";"Hydrogen Price";"Tractor-Trailer";"PROG";"EUR/kWh";2030;"0.129";"Sensitivity | Removed policies | Removed diesel efficiency gains";"Hydrogen"
"OPEX";"Hydrogen";"FR";"Hydrogen Price";"Rigid";"PROG";"EUR/kWh";2030;"0.129";"Sensitivity | Removed policies | Removed diesel efficiency gains";"Hydrogen"
"OPEX";"Hydrogen";"FR";"Hydrogen Price";"Tractor-Trailer";"PROG";"EUR/kWh";2030;"0.129";"Sensitivity | Removed policies | Removed diesel efficiency gains";"Hydrogen"
"OPEX";"Hydrogen";"IT";"Hydrogen Price";"Rigid";"PROG";"EUR/kWh";2030;"0.129";"Sensitivity | Removed policies | Removed diesel efficiency gains";"Hydrogen"
"OPEX";"Hydrogen";"IT";"Hydrogen Price";"Tractor-Trailer";"PROG";"EUR/kWh";2030;"0.129";"Sensitivity | Removed policies | Removed diesel efficiency gains";"Hydrogen"
"OPEX";"Hydrogen";"NL";"Hydrogen Price";"Rigid";"PROG";"EUR/kWh";2030;"0.129";"Sensitivity | Removed policies | Removed diesel efficiency gains";"Hydrogen"
"OPEX";"Hydrogen";"NL";"Hydrogen Price";"Tractor-Trailer";"PROG";"EUR/kWh";2030;"0.129";"Sensitivity | Removed policies | Removed diesel efficiency gains";"Hydrogen"
"OPEX";"Hydrogen";"PL";"Hydrogen Price";"Rigid";"PROG";"EUR/kWh";2030;"0.129";"Sensitivity | Removed policies | Removed diesel efficiency gains";"Hydrogen"
"OPEX";"Hydrogen";"PL";"Hydrogen Price";"Tractor-Trailer";"PROG";"EUR/kWh";2030;"0.129";"Sensitivity | Removed policies | Removed diesel efficiency gains";"Hydrogen"
"OPEX";"Hydrogen";"UK";"Hydrogen Price";"Rigid";"PROG";"EUR/kWh";2030;"0.129";"Sensitivity | Removed policies | Removed diesel efficiency gains";"Hydrogen"
"OPEX";"Hydrogen";"UK";"Hydrogen Price";"Tractor-Trailer";"PROG";"EUR/kWh";2030;"0.129";"Sensitivity | Removed policies | Removed diesel efficiency gains";"Hydrogen"
"OPEX";"Diesel";"FR";"Biodiesel Price";"Rigid";"PROG";"EUR/kWh";2035;"0.119";"Sensitivity | Removed policies | Removed diesel efficiency gains";"Diesel"
"OPEX";"Diesel";"FR";"Biodiesel Price";"Tractor-Trailer";"PROG";"EUR/kWh";2035;"0.119";"Sensitivity | Removed policies | Removed diesel efficiency gains";"Diesel"
"OPEX";"Diesel";"DE";"Biodiesel Price";"Rigid";"PROG";"EUR/kWh";2035;"0.119";"Sensitivity | Removed policies | Removed diesel efficiency gains";"Diesel"
"OPEX";"Diesel";"DE";"Biodiesel Price";"Tractor-Trailer";"PROG";"EUR/kWh";2035;"0.119";"Sensitivity | Removed policies | Removed diesel efficiency gains";"Diesel"
"OPEX";"Diesel";"ES";"Biodiesel Price";"Rigid";"PROG";"EUR/kWh";2035;"0.119";"Sensitivity | Removed policies | Removed diesel efficiency gains";"Diesel"
"OPEX";"Diesel";"ES";"Biodiesel Price";"Tractor-Trailer";"PROG";"EUR/kWh";2035;"0.119";"Sensitivity | Removed policies | Removed diesel efficiency gains";"Diesel"
"OPEX";"Diesel";"IT";"Biodiesel Price";"Rigid";"PROG";"EUR/kWh";2035;"0.119";"Sensitivity | Removed policies | Removed diesel efficiency gains";"Diesel"
"OPEX";"Diesel";"IT";"Biodiesel Price";"Tractor-Trailer";"PROG";"EUR/kWh";2035;"0.119";"Sensitivity | Removed policies | Removed diesel efficiency gains";"Diesel"
"OPEX";"Diesel";"NL";"Biodiesel Price";"Rigid";"PROG";"EUR/kWh";2035;"0.119";"Sensitivity | Removed policies | Removed diesel efficiency gains";"Diesel"
"OPEX";"Diesel";"NL";"Biodiesel Price";"Tractor-Trailer";"PROG";"EUR/kWh";2035;"0.119";"Sensitivity | Removed policies | Removed diesel efficiency gains";"Diesel"
"OPEX";"Diesel";"PL";"Biodiesel Price";"Rigid";"PROG";"EUR/kWh";2035;"0.119";"Sensitivity | Removed policies | Removed diesel efficiency gains";"Diesel"
"OPEX";"Diesel";"PL";"Biodiesel Price";"Tractor-Trailer";"PROG";"EUR/kWh";2035;"0.119";"Sensitivity | Removed policies | Removed diesel efficiency gains";"Diesel"
"OPEX";"Diesel";"UK";"Biodiesel Price";"Rigid";"PROG";"EUR/kWh";2035;"0.119";"Sensitivity | Removed policies | Removed diesel efficiency gains";"Diesel"
"OPEX";"Diesel";"UK";"Biodiesel Price";"Tractor-Trailer";"PROG";"EUR/kWh";2035;"0.119";"Sensitivity | Removed policies | Removed diesel efficiency gains";"Diesel"
"OPEX";"Diesel";"DE";"Pt-Diesel Price";"Rigid";"PROG";"EUR/kWh";2035;"0.215";"Sensitivity | Removed policies | Removed diesel efficiency gains";"Diesel"
"OPEX";"Diesel";"DE";"Pt-Diesel Price";"Tractor-Trailer";"PROG";"EUR/kWh";2035;"0.215";"Sensitivity | Removed policies | Removed diesel efficiency gains";"Diesel"
"OPEX";"Diesel";"ES";"Pt-Diesel Price";"Rigid";"PROG";"EUR/kWh";2035;"0.215";"Sensitivity | Removed policies | Removed diesel efficiency gains";"Diesel"
"OPEX";"Diesel";"ES";"Pt-Diesel Price";"Tractor-Trailer";"PROG";"EUR/kWh";2035;"0.215";"Sensitivity | Removed policies | Removed diesel efficiency gains";"Diesel"
"OPEX";"Diesel";"FR";"Pt-Diesel Price";"Rigid";"PROG";"EUR/kWh";2035;"0.215";"Sensitivity | Removed policies | Removed diesel efficiency gains";"Diesel"
"OPEX";"Diesel";"FR";"Pt-Diesel Price";"Tractor-Trailer";"PROG";"EUR/kWh";2035;"0.215";"Sensitivity | Removed policies | Removed diesel efficiency gains";"Diesel"
"OPEX";"Diesel";"IT";"Pt-Diesel Price";"Rigid";"PROG";"EUR/kWh";2035;"0.215";"Sensitivity | Removed policies | Removed diesel efficiency gains";"Diesel"
"OPEX";"Diesel";"IT";"Pt-Diesel Price";"Tractor-Trailer";"PROG";"EUR/kWh";2035;"0.215";"Sensitivity | Removed policies | Removed diesel efficiency gains";"Diesel"
"OPEX";"Diesel";"NL";"Pt-Diesel Price";"Rigid";"PROG";"EUR/kWh";2035;"0.215";"Sensitivity | Removed policies | Removed diesel efficiency gains";"Diesel"
"OPEX";"Diesel";"NL";"Pt-Diesel Price";"Tractor-Trailer";"PROG";"EUR/kWh";2035;"0.215";"Sensitivity | Removed policies | Removed diesel efficiency gains";"Diesel"
"OPEX";"Diesel";"PL";"Pt-Diesel Price";"Rigid";"PROG";"EUR/kWh";2035;"0.215";"Sensitivity | Removed policies | Removed diesel efficiency gains";"Diesel"
"OPEX";"Diesel";"PL";"Pt-Diesel Price";"Tractor-Trailer";"PROG";"EUR/kWh";2035;"0.215";"Sensitivity | Removed policies | Removed diesel efficiency gains";"Diesel"
"OPEX";"Diesel";"UK";"Pt-Diesel Price";"Rigid";"PROG";"EUR/kWh";2035;"0.215";"Sensitivity | Removed policies | Removed diesel efficiency gains";"Diesel"
"OPEX";"Diesel";"UK";"Pt-Diesel Price";"Tractor-Trailer";"PROG";"EUR/kWh";2035;"0.215";"Sensitivity | Removed policies | Removed diesel efficiency gains";"Diesel"
"OPEX";"Electricity";"DE";"Electricity Price";"Rigid";"PROG";"EUR/kWh";2035;"0.054";"Sensitivity | Removed policies | Removed diesel efficiency gains";"Electricity"
"OPEX";"Electricity";"DE";"Electricity Price";"Tractor-Trailer";"PROG";"EUR/kWh";2035;"0.054";"Sensitivity | Removed policies | Removed diesel efficiency gains";"Electricity"
"OPEX";"Electricity";"ES";"Electricity Price";"Rigid";"PROG";"EUR/kWh";2035;"0.054";"Sensitivity | Removed policies | Removed diesel efficiency gains";"Electricity"
"OPEX";"Electricity";"ES";"Electricity Price";"Tractor-Trailer";"PROG";"EUR/kWh";2035;"0.054";"Sensitivity | Removed policies | Removed diesel efficiency gains";"Electricity"
"OPEX";"Electricity";"FR";"Electricity Price";"Rigid";"PROG";"EUR/kWh";2035;"0.054";"Sensitivity | Removed policies | Removed diesel efficiency gains";"Electricity"
"OPEX";"Electricity";"FR";"Electricity Price";"Tractor-Trailer";"PROG";"EUR/kWh";2035;"0.054";"Sensitivity | Removed policies | Removed diesel efficiency gains";"Electricity"
"OPEX";"Electricity";"IT";"Electricity Price";"Rigid";"PROG";"EUR/kWh";2035;"0.054";"Sensitivity | Removed policies | Removed diesel efficiency gains";"Electricity"
"OPEX";"Electricity";"IT";"Electricity Price";"Tractor-Trailer";"PROG";"EUR/kWh";2035;"0.054";"Sensitivity | Removed policies | Removed diesel efficiency gains";"Electricity"
"OPEX";"Electricity";"NL";"Electricity Price";"Rigid";"PROG";"EUR/kWh";2035;"0.054";"Sensitivity | Removed policies | Removed diesel efficiency gains";"Electricity"
"OPEX";"Electricity";"NL";"Electricity Price";"Tractor-Trailer";"PROG";"EUR/kWh";2035;"0.054";"Sensitivity | Removed policies | Removed diesel efficiency gains";"Electricity"
"OPEX";"Electricity";"PL";"Electricity Price";"Rigid";"PROG";"EUR/kWh";2035;"0.054";"Sensitivity | Removed policies | Removed diesel efficiency gains";"Electricity"
"OPEX";"Electricity";"PL";"Electricity Price";"Tractor-Trailer";"PROG";"EUR/kWh";2035;"0.054";"Sensitivity | Removed policies | Removed diesel efficiency gains";"Electricity"
"OPEX";"Electricity";"UK";"Electricity Price";"Rigid";"PROG";"EUR/kWh";2035;"0.054";"Sensitivity | Removed policies | Removed diesel efficiency gains";"Electricity"
"OPEX";"Electricity";"UK";"Electricity Price";"Tractor-Trailer";"PROG";"EUR/kWh";2035;"0.054";"Sensitivity | Removed policies | Removed diesel efficiency gains";"Electricity"
"OPEX";"Hydrogen";"DE";"Hydrogen Price";"Rigid";"PROG";"EUR/kWh";2035;"0.112";"Sensitivity | Removed policies | Removed diesel efficiency gains";"Hydrogen"
"OPEX";"Hydrogen";"DE";"Hydrogen Price";"Tractor-Trailer";"PROG";"EUR/kWh";2035;"0.112";"Sensitivity | Removed policies | Removed diesel efficiency gains";"Hydrogen"
"OPEX";"Hydrogen";"ES";"Hydrogen Price";"Rigid";"PROG";"EUR/kWh";2035;"0.112";"Sensitivity | Removed policies | Removed diesel efficiency gains";"Hydrogen"
"OPEX";"Hydrogen";"ES";"Hydrogen Price";"Tractor-Trailer";"PROG";"EUR/kWh";2035;"0.112";"Sensitivity | Removed policies | Removed diesel efficiency gains";"Hydrogen"
"OPEX";"Hydrogen";"FR";"Hydrogen Price";"Rigid";"PROG";"EUR/kWh";2035;"0.112";"Sensitivity | Removed policies | Removed diesel efficiency gains";"Hydrogen"
"OPEX";"Hydrogen";"FR";"Hydrogen Price";"Tractor-Trailer";"PROG";"EUR/kWh";2035;"0.112";"Sensitivity | Removed policies | Removed diesel efficiency gains";"Hydrogen"
"OPEX";"Hydrogen";"IT";"Hydrogen Price";"Rigid";"PROG";"EUR/kWh";2035;"0.112";"Sensitivity | Removed policies | Removed diesel efficiency gains";"Hydrogen"
"OPEX";"Hydrogen";"IT";"Hydrogen Price";"Tractor-Trailer";"PROG";"EUR/kWh";2035;"0.112";"Sensitivity | Removed policies | Removed diesel efficiency gains";"Hydrogen"
"OPEX";"Hydrogen";"NL";"Hydrogen Price";"Rigid";"PROG";"EUR/kWh";2035;"0.112";"Sensitivity | Removed policies | Removed diesel efficiency gains";"Hydrogen"
"OPEX";"Hydrogen";"NL";"Hydrogen Price";"Tractor-Trailer";"PROG";"EUR/kWh";2035;"0.112";"Sensitivity | Removed policies | Removed diesel efficiency gains";"Hydrogen"
"OPEX";"Hydrogen";"PL";"Hydrogen Price";"Rigid";"PROG";"EUR/kWh";2035;"0.112";"Sensitivity | Removed policies | Removed diesel efficiency gains";"Hydrogen"
"OPEX";"Hydrogen";"PL";"Hydrogen Price";"Tractor-Trailer";"PROG";"EUR/kWh";2035;"0.112";"Sensitivity | Removed policies | Removed diesel efficiency gains";"Hydrogen"
"OPEX";"Hydrogen";"UK";"Hydrogen Price";"Rigid";"PROG";"EUR/kWh";2035;"0.112";"Sensitivity | Removed policies | Removed diesel efficiency gains";"Hydrogen"
"OPEX";"Hydrogen";"UK";"Hydrogen Price";"Tractor-Trailer";"PROG";"EUR/kWh";2035;"0.112";"Sensitivity | Removed policies | Removed diesel efficiency gains";"Hydrogen"
"OPEX";"Diesel";"FR";"Biodiesel Price";"Rigid";"PROG";"EUR/kWh";2040;"0.131";"Sensitivity | Removed policies | Removed diesel efficiency gains";"Diesel"
"OPEX";"Diesel";"FR";"Biodiesel Price";"Tractor-Trailer";"PROG";"EUR/kWh";2040;"0.131";"Sensitivity | Removed policies | Removed diesel efficiency gains";"Diesel"
"OPEX";"Diesel";"DE";"Biodiesel Price";"Rigid";"PROG";"EUR/kWh";2040;"0.131";"Sensitivity | Removed policies | Removed diesel efficiency gains";"Diesel"
"OPEX";"Diesel";"DE";"Biodiesel Price";"Tractor-Trailer";"PROG";"EUR/kWh";2040;"0.131";"Sensitivity | Removed policies | Removed diesel efficiency gains";"Diesel"
"OPEX";"Diesel";"ES";"Biodiesel Price";"Rigid";"PROG";"EUR/kWh";2040;"0.131";"Sensitivity | Removed policies | Removed diesel efficiency gains";"Diesel"
"OPEX";"Diesel";"ES";"Biodiesel Price";"Tractor-Trailer";"PROG";"EUR/kWh";2040;"0.131";"Sensitivity | Removed policies | Removed diesel efficiency gains";"Diesel"
"OPEX";"Diesel";"IT";"Biodiesel Price";"Rigid";"PROG";"EUR/kWh";2040;"0.131";"Sensitivity | Removed policies | Removed diesel efficiency gains";"Diesel"
"OPEX";"Diesel";"IT";"Biodiesel Price";"Tractor-Trailer";"PROG";"EUR/kWh";2040;"0.131";"Sensitivity | Removed policies | Removed diesel efficiency gains";"Diesel"
"OPEX";"Diesel";"NL";"Biodiesel Price";"Rigid";"PROG";"EUR/kWh";2040;"0.131";"Sensitivity | Removed policies | Removed diesel efficiency gains";"Diesel"
"OPEX";"Diesel";"NL";"Biodiesel Price";"Tractor-Trailer";"PROG";"EUR/kWh";2040;"0.131";"Sensitivity | Removed policies | Removed diesel efficiency gains";"Diesel"
"OPEX";"Diesel";"PL";"Biodiesel Price";"Rigid";"PROG";"EUR/kWh";2040;"0.131";"Sensitivity | Removed policies | Removed diesel efficiency gains";"Diesel"
"OPEX";"Diesel";"PL";"Biodiesel Price";"Tractor-Trailer";"PROG";"EUR/kWh";2040;"0.131";"Sensitivity | Removed policies | Removed diesel efficiency gains";"Diesel"
"OPEX";"Diesel";"UK";"Biodiesel Price";"Rigid";"PROG";"EUR/kWh";2040;"0.131";"Sensitivity | Removed policies | Removed diesel efficiency gains";"Diesel"
"OPEX";"Diesel";"UK";"Biodiesel Price";"Tractor-Trailer";"PROG";"EUR/kWh";2040;"0.131";"Sensitivity | Removed policies | Removed diesel efficiency gains";"Diesel"
"OPEX";"Diesel";"DE";"Pt-Diesel Price";"Rigid";"PROG";"EUR/kWh";2040;"0.186";"Sensitivity | Removed policies | Removed diesel efficiency gains";"Diesel"
"OPEX";"Diesel";"DE";"Pt-Diesel Price";"Tractor-Trailer";"PROG";"EUR/kWh";2040;"0.186";"Sensitivity | Removed policies | Removed diesel efficiency gains";"Diesel"
"OPEX";"Diesel";"ES";"Pt-Diesel Price";"Rigid";"PROG";"EUR/kWh";2040;"0.186";"Sensitivity | Removed policies | Removed diesel efficiency gains";"Diesel"
"OPEX";"Diesel";"ES";"Pt-Diesel Price";"Tractor-Trailer";"PROG";"EUR/kWh";2040;"0.186";"Sensitivity | Removed policies | Removed diesel efficiency gains";"Diesel"
"OPEX";"Diesel";"FR";"Pt-Diesel Price";"Rigid";"PROG";"EUR/kWh";2040;"0.186";"Sensitivity | Removed policies | Removed diesel efficiency gains";"Diesel"
"OPEX";"Diesel";"FR";"Pt-Diesel Price";"Tractor-Trailer";"PROG";"EUR/kWh";2040;"0.186";"Sensitivity | Removed policies | Removed diesel efficiency gains";"Diesel"
"OPEX";"Diesel";"IT";"Pt-Diesel Price";"Rigid";"PROG";"EUR/kWh";2040;"0.186";"Sensitivity | Removed policies | Removed diesel efficiency gains";"Diesel"
"OPEX";"Diesel";"IT";"Pt-Diesel Price";"Tractor-Trailer";"PROG";"EUR/kWh";2040;"0.186";"Sensitivity | Removed policies | Removed diesel efficiency gains";"Diesel"
"OPEX";"Diesel";"NL";"Pt-Diesel Price";"Rigid";"PROG";"EUR/kWh";2040;"0.186";"Sensitivity | Removed policies | Removed diesel efficiency gains";"Diesel"
"OPEX";"Diesel";"NL";"Pt-Diesel Price";"Tractor-Trailer";"PROG";"EUR/kWh";2040;"0.186";"Sensitivity | Removed policies | Removed diesel efficiency gains";"Diesel"
"OPEX";"Diesel";"PL";"Pt-Diesel Price";"Rigid";"PROG";"EUR/kWh";2040;"0.186";"Sensitivity | Removed policies | Removed diesel efficiency gains";"Diesel"
"OPEX";"Diesel";"PL";"Pt-Diesel Price";"Tractor-Trailer";"PROG";"EUR/kWh";2040;"0.186";"Sensitivity | Removed policies | Removed diesel efficiency gains";"Diesel"
"OPEX";"Diesel";"UK";"Pt-Diesel Price";"Rigid";"PROG";"EUR/kWh";2040;"0.186";"Sensitivity | Removed policies | Removed diesel efficiency gains";"Diesel"
"OPEX";"Diesel";"UK";"Pt-Diesel Price";"Tractor-Trailer";"PROG";"EUR/kWh";2040;"0.186";"Sensitivity | Removed policies | Removed diesel efficiency gains";"Diesel"
"OPEX";"Electricity";"DE";"Electricity Price";"Rigid";"PROG";"EUR/kWh";2040;"0.05";"Sensitivity | Removed policies | Removed diesel efficiency gains";"Electricity"
"OPEX";"Electricity";"DE";"Electricity Price";"Tractor-Trailer";"PROG";"EUR/kWh";2040;"0.05";"Sensitivity | Removed policies | Removed diesel efficiency gains";"Electricity"
"OPEX";"Electricity";"ES";"Electricity Price";"Rigid";"PROG";"EUR/kWh";2040;"0.05";"Sensitivity | Removed policies | Removed diesel efficiency gains";"Electricity"
"OPEX";"Electricity";"ES";"Electricity Price";"Tractor-Trailer";"PROG";"EUR/kWh";2040;"0.05";"Sensitivity | Removed policies | Removed diesel efficiency gains";"Electricity"
"OPEX";"Electricity";"FR";"Electricity Price";"Rigid";"PROG";"EUR/kWh";2040;"0.05";"Sensitivity | Removed policies | Removed diesel efficiency gains";"Electricity"
"OPEX";"Electricity";"FR";"Electricity Price";"Tractor-Trailer";"PROG";"EUR/kWh";2040;"0.05";"Sensitivity | Removed policies | Removed diesel efficiency gains";"Electricity"
"OPEX";"Electricity";"IT";"Electricity Price";"Rigid";"PROG";"EUR/kWh";2040;"0.05";"Sensitivity | Removed policies | Removed diesel efficiency gains";"Electricity"
"OPEX";"Electricity";"IT";"Electricity Price";"Tractor-Trailer";"PROG";"EUR/kWh";2040;"0.05";"Sensitivity | Removed policies | Removed diesel efficiency gains";"Electricity"
"OPEX";"Electricity";"NL";"Electricity Price";"Rigid";"PROG";"EUR/kWh";2040;"0.05";"Sensitivity | Removed policies | Removed diesel efficiency gains";"Electricity"
"OPEX";"Electricity";"NL";"Electricity Price";"Tractor-Trailer";"PROG";"EUR/kWh";2040;"0.05";"Sensitivity | Removed policies | Removed diesel efficiency gains";"Electricity"
"OPEX";"Electricity";"PL";"Electricity Price";"Rigid";"PROG";"EUR/kWh";2040;"0.05";"Sensitivity | Removed policies | Removed diesel efficiency gains";"Electricity"
"OPEX";"Electricity";"PL";"Electricity Price";"Tractor-Trailer";"PROG";"EUR/kWh";2040;"0.05";"Sensitivity | Removed policies | Removed diesel efficiency gains";"Electricity"
"OPEX";"Electricity";"UK";"Electricity Price";"Rigid";"PROG";"EUR/kWh";2040;"0.05";"Sensitivity | Removed policies | Removed diesel efficiency gains";"Electricity"
"OPEX";"Electricity";"UK";"Electricity Price";"Tractor-Trailer";"PROG";"EUR/kWh";2040;"0.05";"Sensitivity | Removed policies | Removed diesel efficiency gains";"Electricity"
"OPEX";"Hydrogen";"DE";"Hydrogen Price";"Rigid";"PROG";"EUR/kWh";2040;"0.096";"Sensitivity | Removed policies | Removed diesel efficiency gains";"Hydrogen"
"OPEX";"Hydrogen";"DE";"Hydrogen Price";"Tractor-Trailer";"PROG";"EUR/kWh";2040;"0.096";"Sensitivity | Removed policies | Removed diesel efficiency gains";"Hydrogen"
"OPEX";"Hydrogen";"ES";"Hydrogen Price";"Rigid";"PROG";"EUR/kWh";2040;"0.096";"Sensitivity | Removed policies | Removed diesel efficiency gains";"Hydrogen"
"OPEX";"Hydrogen";"ES";"Hydrogen Price";"Tractor-Trailer";"PROG";"EUR/kWh";2040;"0.096";"Sensitivity | Removed policies | Removed diesel efficiency gains";"Hydrogen"
"OPEX";"Hydrogen";"FR";"Hydrogen Price";"Rigid";"PROG";"EUR/kWh";2040;"0.096";"Sensitivity | Removed policies | Removed diesel efficiency gains";"Hydrogen"
"OPEX";"Hydrogen";"FR";"Hydrogen Price";"Tractor-Trailer";"PROG";"EUR/kWh";2040;"0.096";"Sensitivity | Removed policies | Removed diesel efficiency gains";"Hydrogen"
"OPEX";"Hydrogen";"IT";"Hydrogen Price";"Rigid";"PROG";"EUR/kWh";2040;"0.096";"Sensitivity | Removed policies | Removed diesel efficiency gains";"Hydrogen"
"OPEX";"Hydrogen";"IT";"Hydrogen Price";"Tractor-Trailer";"PROG";"EUR/kWh";2040;"0.096";"Sensitivity | Removed policies | Removed diesel efficiency gains";"Hydrogen"
"OPEX";"Hydrogen";"NL";"Hydrogen Price";"Rigid";"PROG";"EUR/kWh";2040;"0.096";"Sensitivity | Removed policies | Removed diesel efficiency gains";"Hydrogen"
"OPEX";"Hydrogen";"NL";"Hydrogen Price";"Tractor-Trailer";"PROG";"EUR/kWh";2040;"0.096";"Sensitivity | Removed policies | Removed diesel efficiency gains";"Hydrogen"
"OPEX";"Hydrogen";"PL";"Hydrogen Price";"Rigid";"PROG";"EUR/kWh";2040;"0.096";"Sensitivity | Removed policies | Removed diesel efficiency gains";"Hydrogen"
"OPEX";"Hydrogen";"PL";"Hydrogen Price";"Tractor-Trailer";"PROG";"EUR/kWh";2040;"0.096";"Sensitivity | Removed policies | Removed diesel efficiency gains";"Hydrogen"
"OPEX";"Hydrogen";"UK";"Hydrogen Price";"Rigid";"PROG";"EUR/kWh";2040;"0.096";"Sensitivity | Removed policies | Removed diesel efficiency gains";"Hydrogen"
"OPEX";"Hydrogen";"UK";"Hydrogen Price";"Tractor-Trailer";"PROG";"EUR/kWh";2040;"0.096";"Sensitivity | Removed policies | Removed diesel efficiency gains";"Hydrogen"
"OPEX";"Diesel";"FR";"Biodiesel Price";"Rigid";"PROG";"EUR/kWh";2045;"0.142";"Sensitivity | Removed policies | Removed diesel efficiency gains";"Diesel"
"OPEX";"Diesel";"FR";"Biodiesel Price";"Tractor-Trailer";"PROG";"EUR/kWh";2045;"0.142";"Sensitivity | Removed policies | Removed diesel efficiency gains";"Diesel"
"OPEX";"Diesel";"DE";"Biodiesel Price";"Rigid";"PROG";"EUR/kWh";2045;"0.142";"Sensitivity | Removed policies | Removed diesel efficiency gains";"Diesel"
"OPEX";"Diesel";"DE";"Biodiesel Price";"Tractor-Trailer";"PROG";"EUR/kWh";2045;"0.142";"Sensitivity | Removed policies | Removed diesel efficiency gains";"Diesel"
"OPEX";"Diesel";"ES";"Biodiesel Price";"Rigid";"PROG";"EUR/kWh";2045;"0.142";"Sensitivity | Removed policies | Removed diesel efficiency gains";"Diesel"
"OPEX";"Diesel";"ES";"Biodiesel Price";"Tractor-Trailer";"PROG";"EUR/kWh";2045;"0.142";"Sensitivity | Removed policies | Removed diesel efficiency gains";"Diesel"
"OPEX";"Diesel";"IT";"Biodiesel Price";"Rigid";"PROG";"EUR/kWh";2045;"0.142";"Sensitivity | Removed policies | Removed diesel efficiency gains";"Diesel"
"OPEX";"Diesel";"IT";"Biodiesel Price";"Tractor-Trailer";"PROG";"EUR/kWh";2045;"0.142";"Sensitivity | Removed policies | Removed diesel efficiency gains";"Diesel"
"OPEX";"Diesel";"NL";"Biodiesel Price";"Rigid";"PROG";"EUR/kWh";2045;"0.142";"Sensitivity | Removed policies | Removed diesel efficiency gains";"Diesel"
"OPEX";"Diesel";"NL";"Biodiesel Price";"Tractor-Trailer";"PROG";"EUR/kWh";2045;"0.142";"Sensitivity | Removed policies | Removed diesel efficiency gains";"Diesel"
"OPEX";"Diesel";"PL";"Biodiesel Price";"Rigid";"PROG";"EUR/kWh";2045;"0.142";"Sensitivity | Removed policies | Removed diesel efficiency gains";"Diesel"
"OPEX";"Diesel";"PL";"Biodiesel Price";"Tractor-Trailer";"PROG";"EUR/kWh";2045;"0.142";"Sensitivity | Removed policies | Removed diesel efficiency gains";"Diesel"
"OPEX";"Diesel";"UK";"Biodiesel Price";"Rigid";"PROG";"EUR/kWh";2045;"0.142";"Sensitivity | Removed policies | Removed diesel efficiency gains";"Diesel"
"OPEX";"Diesel";"UK";"Biodiesel Price";"Tractor-Trailer";"PROG";"EUR/kWh";2045;"0.142";"Sensitivity | Removed policies | Removed diesel efficiency gains";"Diesel"
"OPEX";"Diesel";"DE";"Pt-Diesel Price";"Rigid";"PROG";"EUR/kWh";2045;"0.156";"Sensitivity | Removed policies | Removed diesel efficiency gains";"Diesel"
"OPEX";"Diesel";"DE";"Pt-Diesel Price";"Tractor-Trailer";"PROG";"EUR/kWh";2045;"0.156";"Sensitivity | Removed policies | Removed diesel efficiency gains";"Diesel"
"OPEX";"Diesel";"ES";"Pt-Diesel Price";"Rigid";"PROG";"EUR/kWh";2045;"0.156";"Sensitivity | Removed policies | Removed diesel efficiency gains";"Diesel"
"OPEX";"Diesel";"ES";"Pt-Diesel Price";"Tractor-Trailer";"PROG";"EUR/kWh";2045;"0.156";"Sensitivity | Removed policies | Removed diesel efficiency gains";"Diesel"
"OPEX";"Diesel";"FR";"Pt-Diesel Price";"Rigid";"PROG";"EUR/kWh";2045;"0.156";"Sensitivity | Removed policies | Removed diesel efficiency gains";"Diesel"
"OPEX";"Diesel";"FR";"Pt-Diesel Price";"Tractor-Trailer";"PROG";"EUR/kWh";2045;"0.156";"Sensitivity | Removed policies | Removed diesel efficiency gains";"Diesel"
"OPEX";"Diesel";"IT";"Pt-Diesel Price";"Rigid";"PROG";"EUR/kWh";2045;"0.156";"Sensitivity | Removed policies | Removed diesel efficiency gains";"Diesel"
"OPEX";"Diesel";"IT";"Pt-Diesel Price";"Tractor-Trailer";"PROG";"EUR/kWh";2045;"0.156";"Sensitivity | Removed policies | Removed diesel efficiency gains";"Diesel"
"OPEX";"Diesel";"NL";"Pt-Diesel Price";"Rigid";"PROG";"EUR/kWh";2045;"0.156";"Sensitivity | Removed policies | Removed diesel efficiency gains";"Diesel"
"OPEX";"Diesel";"NL";"Pt-Diesel Price";"Tractor-Trailer";"PROG";"EUR/kWh";2045;"0.156";"Sensitivity | Removed policies | Removed diesel efficiency gains";"Diesel"
"OPEX";"Diesel";"PL";"Pt-Diesel Price";"Rigid";"PROG";"EUR/kWh";2045;"0.156";"Sensitivity | Removed policies | Removed diesel efficiency gains";"Diesel"
"OPEX";"Diesel";"PL";"Pt-Diesel Price";"Tractor-Trailer";"PROG";"EUR/kWh";2045;"0.156";"Sensitivity | Removed policies | Removed diesel efficiency gains";"Diesel"
"OPEX";"Diesel";"UK";"Pt-Diesel Price";"Rigid";"PROG";"EUR/kWh";2045;"0.156";"Sensitivity | Removed policies | Removed diesel efficiency gains";"Diesel"
"OPEX";"Diesel";"UK";"Pt-Diesel Price";"Tractor-Trailer";"PROG";"EUR/kWh";2045;"0.156";"Sensitivity | Removed policies | Removed diesel efficiency gains";"Diesel"
"OPEX";"Electricity";"DE";"Electricity Price";"Rigid";"PROG";"EUR/kWh";2045;"0.049";"Sensitivity | Removed policies | Removed diesel efficiency gains";"Electricity"
"OPEX";"Electricity";"DE";"Electricity Price";"Tractor-Trailer";"PROG";"EUR/kWh";2045;"0.049";"Sensitivity | Removed policies | Removed diesel efficiency gains";"Electricity"
"OPEX";"Electricity";"ES";"Electricity Price";"Rigid";"PROG";"EUR/kWh";2045;"0.049";"Sensitivity | Removed policies | Removed diesel efficiency gains";"Electricity"
"OPEX";"Electricity";"ES";"Electricity Price";"Tractor-Trailer";"PROG";"EUR/kWh";2045;"0.049";"Sensitivity | Removed policies | Removed diesel efficiency gains";"Electricity"
"OPEX";"Electricity";"FR";"Electricity Price";"Rigid";"PROG";"EUR/kWh";2045;"0.049";"Sensitivity | Removed policies | Removed diesel efficiency gains";"Electricity"
"OPEX";"Electricity";"FR";"Electricity Price";"Tractor-Trailer";"PROG";"EUR/kWh";2045;"0.049";"Sensitivity | Removed policies | Removed diesel efficiency gains";"Electricity"
"OPEX";"Electricity";"IT";"Electricity Price";"Rigid";"PROG";"EUR/kWh";2045;"0.049";"Sensitivity | Removed policies | Removed diesel efficiency gains";"Electricity"
"OPEX";"Electricity";"IT";"Electricity Price";"Tractor-Trailer";"PROG";"EUR/kWh";2045;"0.049";"Sensitivity | Removed policies | Removed diesel efficiency gains";"Electricity"
"OPEX";"Electricity";"NL";"Electricity Price";"Rigid";"PROG";"EUR/kWh";2045;"0.049";"Sensitivity | Removed policies | Removed diesel efficiency gains";"Electricity"
"OPEX";"Electricity";"NL";"Electricity Price";"Tractor-Trailer";"PROG";"EUR/kWh";2045;"0.049";"Sensitivity | Removed policies | Removed diesel efficiency gains";"Electricity"
"OPEX";"Electricity";"PL";"Electricity Price";"Rigid";"PROG";"EUR/kWh";2045;"0.049";"Sensitivity | Removed policies | Removed diesel efficiency gains";"Electricity"
"OPEX";"Electricity";"PL";"Electricity Price";"Tractor-Trailer";"PROG";"EUR/kWh";2045;"0.049";"Sensitivity | Removed policies | Removed diesel efficiency gains";"Electricity"
"OPEX";"Electricity";"UK";"Electricity Price";"Rigid";"PROG";"EUR/kWh";2045;"0.049";"Sensitivity | Removed policies | Removed diesel efficiency gains";"Electricity"
"OPEX";"Electricity";"UK";"Electricity Price";"Tractor-Trailer";"PROG";"EUR/kWh";2045;"0.049";"Sensitivity | Removed policies | Removed diesel efficiency gains";"Electricity"
"OPEX";"Hydrogen";"DE";"Hydrogen Price";"Rigid";"PROG";"EUR/kWh";2045;"0.081";"Sensitivity | Removed policies | Removed diesel efficiency gains";"Hydrogen"
"OPEX";"Hydrogen";"DE";"Hydrogen Price";"Tractor-Trailer";"PROG";"EUR/kWh";2045;"0.081";"Sensitivity | Removed policies | Removed diesel efficiency gains";"Hydrogen"
"OPEX";"Hydrogen";"ES";"Hydrogen Price";"Rigid";"PROG";"EUR/kWh";2045;"0.081";"Sensitivity | Removed policies | Removed diesel efficiency gains";"Hydrogen"
"OPEX";"Hydrogen";"ES";"Hydrogen Price";"Tractor-Trailer";"PROG";"EUR/kWh";2045;"0.081";"Sensitivity | Removed policies | Removed diesel efficiency gains";"Hydrogen"
"OPEX";"Hydrogen";"FR";"Hydrogen Price";"Rigid";"PROG";"EUR/kWh";2045;"0.081";"Sensitivity | Removed policies | Removed diesel efficiency gains";"Hydrogen"
"OPEX";"Hydrogen";"FR";"Hydrogen Price";"Tractor-Trailer";"PROG";"EUR/kWh";2045;"0.081";"Sensitivity | Removed policies | Removed diesel efficiency gains";"Hydrogen"
"OPEX";"Hydrogen";"IT";"Hydrogen Price";"Rigid";"PROG";"EUR/kWh";2045;"0.081";"Sensitivity | Removed policies | Removed diesel efficiency gains";"Hydrogen"
"OPEX";"Hydrogen";"IT";"Hydrogen Price";"Tractor-Trailer";"PROG";"EUR/kWh";2045;"0.081";"Sensitivity | Removed policies | Removed diesel efficiency gains";"Hydrogen"
"OPEX";"Hydrogen";"NL";"Hydrogen Price";"Rigid";"PROG";"EUR/kWh";2045;"0.081";"Sensitivity | Removed policies | Removed diesel efficiency gains";"Hydrogen"
"OPEX";"Hydrogen";"NL";"Hydrogen Price";"Tractor-Trailer";"PROG";"EUR/kWh";2045;"0.081";"Sensitivity | Removed policies | Removed diesel efficiency gains";"Hydrogen"
"OPEX";"Hydrogen";"PL";"Hydrogen Price";"Rigid";"PROG";"EUR/kWh";2045;"0.081";"Sensitivity | Removed policies | Removed diesel efficiency gains";"Hydrogen"
"OPEX";"Hydrogen";"PL";"Hydrogen Price";"Tractor-Trailer";"PROG";"EUR/kWh";2045;"0.081";"Sensitivity | Removed policies | Removed diesel efficiency gains";"Hydrogen"
"OPEX";"Hydrogen";"UK";"Hydrogen Price";"Rigid";"PROG";"EUR/kWh";2045;"0.081";"Sensitivity | Removed policies | Removed diesel efficiency gains";"Hydrogen"
"OPEX";"Hydrogen";"UK";"Hydrogen Price";"Tractor-Trailer";"PROG";"EUR/kWh";2045;"0.081";"Sensitivity | Removed policies | Removed diesel efficiency gains";"Hydrogen"
"OPEX";"Diesel";"FR";"Biodiesel Price";"Rigid";"PROG";"EUR/kWh";2050;"0.151";"Sensitivity | Removed policies | Removed diesel efficiency gains";"Diesel"
"OPEX";"Diesel";"FR";"Biodiesel Price";"Tractor-Trailer";"PROG";"EUR/kWh";2050;"0.151";"Sensitivity | Removed policies | Removed diesel efficiency gains";"Diesel"
"OPEX";"Diesel";"DE";"Biodiesel Price";"Rigid";"PROG";"EUR/kWh";2050;"0.151";"Sensitivity | Removed policies | Removed diesel efficiency gains";"Diesel"
"OPEX";"Diesel";"DE";"Biodiesel Price";"Tractor-Trailer";"PROG";"EUR/kWh";2050;"0.151";"Sensitivity | Removed policies | Removed diesel efficiency gains";"Diesel"
"OPEX";"Diesel";"ES";"Biodiesel Price";"Rigid";"PROG";"EUR/kWh";2050;"0.151";"Sensitivity | Removed policies | Removed diesel efficiency gains";"Diesel"
"OPEX";"Diesel";"ES";"Biodiesel Price";"Tractor-Trailer";"PROG";"EUR/kWh";2050;"0.151";"Sensitivity | Removed policies | Removed diesel efficiency gains";"Diesel"
"OPEX";"Diesel";"IT";"Biodiesel Price";"Rigid";"PROG";"EUR/kWh";2050;"0.151";"Sensitivity | Removed policies | Removed diesel efficiency gains";"Diesel"
"OPEX";"Diesel";"IT";"Biodiesel Price";"Tractor-Trailer";"PROG";"EUR/kWh";2050;"0.151";"Sensitivity | Removed policies | Removed diesel efficiency gains";"Diesel"
"OPEX";"Diesel";"NL";"Biodiesel Price";"Rigid";"PROG";"EUR/kWh";2050;"0.151";"Sensitivity | Removed policies | Removed diesel efficiency gains";"Diesel"
"OPEX";"Diesel";"NL";"Biodiesel Price";"Tractor-Trailer";"PROG";"EUR/kWh";2050;"0.151";"Sensitivity | Removed policies | Removed diesel efficiency gains";"Diesel"
"OPEX";"Diesel";"PL";"Biodiesel Price";"Rigid";"PROG";"EUR/kWh";2050;"0.151";"Sensitivity | Removed policies | Removed diesel efficiency gains";"Diesel"
"OPEX";"Diesel";"PL";"Biodiesel Price";"Tractor-Trailer";"PROG";"EUR/kWh";2050;"0.151";"Sensitivity | Removed policies | Removed diesel efficiency gains";"Diesel"
"OPEX";"Diesel";"UK";"Biodiesel Price";"Rigid";"PROG";"EUR/kWh";2050;"0.151";"Sensitivity | Removed policies | Removed diesel efficiency gains";"Diesel"
"OPEX";"Diesel";"UK";"Biodiesel Price";"Tractor-Trailer";"PROG";"EUR/kWh";2050;"0.151";"Sensitivity | Removed policies | Removed diesel efficiency gains";"Diesel"
"OPEX";"Diesel";"DE";"Pt-Diesel Price";"Rigid";"PROG";"EUR/kWh";2050;"0.127";"Sensitivity | Removed policies | Removed diesel efficiency gains";"Diesel"
"OPEX";"Diesel";"DE";"Pt-Diesel Price";"Tractor-Trailer";"PROG";"EUR/kWh";2050;"0.127";"Sensitivity | Removed policies | Removed diesel efficiency gains";"Diesel"
"OPEX";"Diesel";"ES";"Pt-Diesel Price";"Rigid";"PROG";"EUR/kWh";2050;"0.127";"Sensitivity | Removed policies | Removed diesel efficiency gains";"Diesel"
"OPEX";"Diesel";"ES";"Pt-Diesel Price";"Tractor-Trailer";"PROG";"EUR/kWh";2050;"0.127";"Sensitivity | Removed policies | Removed diesel efficiency gains";"Diesel"
"OPEX";"Diesel";"FR";"Pt-Diesel Price";"Rigid";"PROG";"EUR/kWh";2050;"0.127";"Sensitivity | Removed policies | Removed diesel efficiency gains";"Diesel"
"OPEX";"Diesel";"FR";"Pt-Diesel Price";"Tractor-Trailer";"PROG";"EUR/kWh";2050;"0.127";"Sensitivity | Removed policies | Removed diesel efficiency gains";"Diesel"
"OPEX";"Diesel";"IT";"Pt-Diesel Price";"Rigid";"PROG";"EUR/kWh";2050;"0.127";"Sensitivity | Removed policies | Removed diesel efficiency gains";"Diesel"
"OPEX";"Diesel";"IT";"Pt-Diesel Price";"Tractor-Trailer";"PROG";"EUR/kWh";2050;"0.127";"Sensitivity | Removed policies | Removed diesel efficiency gains";"Diesel"
"OPEX";"Diesel";"NL";"Pt-Diesel Price";"Rigid";"PROG";"EUR/kWh";2050;"0.127";"Sensitivity | Removed policies | Removed diesel efficiency gains";"Diesel"
"OPEX";"Diesel";"NL";"Pt-Diesel Price";"Tractor-Trailer";"PROG";"EUR/kWh";2050;"0.127";"Sensitivity | Removed policies | Removed diesel efficiency gains";"Diesel"
"OPEX";"Diesel";"PL";"Pt-Diesel Price";"Rigid";"PROG";"EUR/kWh";2050;"0.127";"Sensitivity | Removed policies | Removed diesel efficiency gains";"Diesel"
"OPEX";"Diesel";"PL";"Pt-Diesel Price";"Tractor-Trailer";"PROG";"EUR/kWh";2050;"0.127";"Sensitivity | Removed policies | Removed diesel efficiency gains";"Diesel"
"OPEX";"Diesel";"UK";"Pt-Diesel Price";"Rigid";"PROG";"EUR/kWh";2050;"0.127";"Sensitivity | Removed policies | Removed diesel efficiency gains";"Diesel"
"OPEX";"Diesel";"UK";"Pt-Diesel Price";"Tractor-Trailer";"PROG";"EUR/kWh";2050;"0.127";"Sensitivity | Removed policies | Removed diesel efficiency gains";"Diesel"
"OPEX";"Electricity";"DE";"Electricity Price";"Rigid";"PROG";"EUR/kWh";2050;"0.049";"Sensitivity | Removed policies | Removed diesel efficiency gains";"Electricity"
"OPEX";"Electricity";"DE";"Electricity Price";"Tractor-Trailer";"PROG";"EUR/kWh";2050;"0.049";"Sensitivity | Removed policies | Removed diesel efficiency gains";"Electricity"
"OPEX";"Electricity";"ES";"Electricity Price";"Rigid";"PROG";"EUR/kWh";2050;"0.049";"Sensitivity | Removed policies | Removed diesel efficiency gains";"Electricity"
"OPEX";"Electricity";"ES";"Electricity Price";"Tractor-Trailer";"PROG";"EUR/kWh";2050;"0.049";"Sensitivity | Removed policies | Removed diesel efficiency gains";"Electricity"
"OPEX";"Electricity";"FR";"Electricity Price";"Rigid";"PROG";"EUR/kWh";2050;"0.049";"Sensitivity | Removed policies | Removed diesel efficiency gains";"Electricity"
"OPEX";"Electricity";"FR";"Electricity Price";"Tractor-Trailer";"PROG";"EUR/kWh";2050;"0.049";"Sensitivity | Removed policies | Removed diesel efficiency gains";"Electricity"
"OPEX";"Electricity";"IT";"Electricity Price";"Rigid";"PROG";"EUR/kWh";2050;"0.049";"Sensitivity | Removed policies | Removed diesel efficiency gains";"Electricity"
"OPEX";"Electricity";"IT";"Electricity Price";"Tractor-Trailer";"PROG";"EUR/kWh";2050;"0.049";"Sensitivity | Removed policies | Removed diesel efficiency gains";"Electricity"
"OPEX";"Electricity";"NL";"Electricity Price";"Rigid";"PROG";"EUR/kWh";2050;"0.049";"Sensitivity | Removed policies | Removed diesel efficiency gains";"Electricity"
"OPEX";"Electricity";"NL";"Electricity Price";"Tractor-Trailer";"PROG";"EUR/kWh";2050;"0.049";"Sensitivity | Removed policies | Removed diesel efficiency gains";"Electricity"
"OPEX";"Electricity";"PL";"Electricity Price";"Rigid";"PROG";"EUR/kWh";2050;"0.049";"Sensitivity | Removed policies | Removed diesel efficiency gains";"Electricity"
"OPEX";"Electricity";"PL";"Electricity Price";"Tractor-Trailer";"PROG";"EUR/kWh";2050;"0.049";"Sensitivity | Removed policies | Removed diesel efficiency gains";"Electricity"
"OPEX";"Electricity";"UK";"Electricity Price";"Rigid";"PROG";"EUR/kWh";2050;"0.049";"Sensitivity | Removed policies | Removed diesel efficiency gains";"Electricity"
"OPEX";"Electricity";"UK";"Electricity Price";"Tractor-Trailer";"PROG";"EUR/kWh";2050;"0.049";"Sensitivity | Removed policies | Removed diesel efficiency gains";"Electricity"
"OPEX";"Hydrogen";"DE";"Hydrogen Price";"Rigid";"PROG";"EUR/kWh";2050;"0.066";"Sensitivity | Removed policies | Removed diesel efficiency gains";"Hydrogen"
"OPEX";"Hydrogen";"DE";"Hydrogen Price";"Tractor-Trailer";"PROG";"EUR/kWh";2050;"0.066";"Sensitivity | Removed policies | Removed diesel efficiency gains";"Hydrogen"
"OPEX";"Hydrogen";"ES";"Hydrogen Price";"Rigid";"PROG";"EUR/kWh";2050;"0.066";"Sensitivity | Removed policies | Removed diesel efficiency gains";"Hydrogen"
"OPEX";"Hydrogen";"ES";"Hydrogen Price";"Tractor-Trailer";"PROG";"EUR/kWh";2050;"0.066";"Sensitivity | Removed policies | Removed diesel efficiency gains";"Hydrogen"
"OPEX";"Hydrogen";"FR";"Hydrogen Price";"Rigid";"PROG";"EUR/kWh";2050;"0.066";"Sensitivity | Removed policies | Removed diesel efficiency gains";"Hydrogen"
"OPEX";"Hydrogen";"FR";"Hydrogen Price";"Tractor-Trailer";"PROG";"EUR/kWh";2050;"0.066";"Sensitivity | Removed policies | Removed diesel efficiency gains";"Hydrogen"
"OPEX";"Hydrogen";"IT";"Hydrogen Price";"Rigid";"PROG";"EUR/kWh";2050;"0.066";"Sensitivity | Removed policies | Removed diesel efficiency gains";"Hydrogen"
"OPEX";"Hydrogen";"IT";"Hydrogen Price";"Tractor-Trailer";"PROG";"EUR/kWh";2050;"0.066";"Sensitivity | Removed policies | Removed diesel efficiency gains";"Hydrogen"
"OPEX";"Hydrogen";"NL";"Hydrogen Price";"Rigid";"PROG";"EUR/kWh";2050;"0.066";"Sensitivity | Removed policies | Removed diesel efficiency gains";"Hydrogen"
"OPEX";"Hydrogen";"NL";"Hydrogen Price";"Tractor-Trailer";"PROG";"EUR/kWh";2050;"0.066";"Sensitivity | Removed policies | Removed diesel efficiency gains";"Hydrogen"
"OPEX";"Hydrogen";"PL";"Hydrogen Price";"Rigid";"PROG";"EUR/kWh";2050;"0.066";"Sensitivity | Removed policies | Removed diesel efficiency gains";"Hydrogen"
"OPEX";"Hydrogen";"PL";"Hydrogen Price";"Tractor-Trailer";"PROG";"EUR/kWh";2050;"0.066";"Sensitivity | Removed policies | Removed diesel efficiency gains";"Hydrogen"
"OPEX";"Hydrogen";"UK";"Hydrogen Price";"Rigid";"PROG";"EUR/kWh";2050;"0.066";"Sensitivity | Removed policies | Removed diesel efficiency gains";"Hydrogen"
"OPEX";"Hydrogen";"UK";"Hydrogen Price";"Tractor-Trailer";"PROG";"EUR/kWh";2050;"0.066";"Sensitivity | Removed policies | Removed diesel efficiency gains";"Hydrogen"
"OPEX";"Taxes";"DE";"Non-ETS CO2";"Rigid";"BAU";"EUR/tCO2";2030;"0";"Sensitivity | Removed policies | Removed diesel efficiency gains";"Diesel"
"OPEX";"Taxes";"DE";"Non-ETS CO2";"Tractor-Trailer";"BAU";"EUR/tCO2";2030;"0";"Sensitivity | Removed policies | Removed diesel efficiency gains";"Diesel"
"OPEX";"Taxes";"DE";"Non-ETS CO2";"Rigid";"PROG";"EUR/tCO2";2030;"0";"Sensitivity | Removed policies | Removed diesel efficiency gains";"Diesel"
"OPEX";"Taxes";"DE";"Non-ETS CO2";"Tractor-Trailer";"PROG";"EUR/tCO2";2030;"0";"Sensitivity | Removed policies | Removed diesel efficiency gains";"Diesel"
"OPEX";"Taxes";"ES";"Non-ETS CO2";"Rigid";"BAU";"EUR/tCO2";2030;"0";"Sensitivity | Removed policies | Removed diesel efficiency gains";"Diesel"
"OPEX";"Taxes";"ES";"Non-ETS CO2";"Tractor-Trailer";"BAU";"EUR/tCO2";2030;"0";"Sensitivity | Removed policies | Removed diesel efficiency gains";"Diesel"
"OPEX";"Taxes";"ES";"Non-ETS CO2";"Rigid";"PROG";"EUR/tCO2";2030;"0";"Sensitivity | Removed policies | Removed diesel efficiency gains";"Diesel"
"OPEX";"Taxes";"ES";"Non-ETS CO2";"Tractor-Trailer";"PROG";"EUR/tCO2";2030;"0";"Sensitivity | Removed policies | Removed diesel efficiency gains";"Diesel"
"OPEX";"Taxes";"FR";"Non-ETS CO2";"Rigid";"BAU";"EUR/tCO2";2030;"0";"Sensitivity | Removed policies | Removed diesel efficiency gains";"Diesel"
"OPEX";"Taxes";"FR";"Non-ETS CO2";"Tractor-Trailer";"BAU";"EUR/tCO2";2030;"0";"Sensitivity | Removed policies | Removed diesel efficiency gains";"Diesel"
"OPEX";"Taxes";"FR";"Non-ETS CO2";"Rigid";"PROG";"EUR/tCO2";2030;"0";"Sensitivity | Removed policies | Removed diesel efficiency gains";"Diesel"
"OPEX";"Taxes";"FR";"Non-ETS CO2";"Tractor-Trailer";"PROG";"EUR/tCO2";2030;"0";"Sensitivity | Removed policies | Removed diesel efficiency gains";"Diesel"
"OPEX";"Taxes";"IT";"Non-ETS CO2";"Rigid";"BAU";"EUR/tCO2";2030;"0";"Sensitivity | Removed policies | Removed diesel efficiency gains";"Diesel"
"OPEX";"Taxes";"IT";"Non-ETS CO2";"Tractor-Trailer";"BAU";"EUR/tCO2";2030;"0";"Sensitivity | Removed policies | Removed diesel efficiency gains";"Diesel"
"OPEX";"Taxes";"IT";"Non-ETS CO2";"Rigid";"PROG";"EUR/tCO2";2030;"0";"Sensitivity | Removed policies | Removed diesel efficiency gains";"Diesel"
"OPEX";"Taxes";"IT";"Non-ETS CO2";"Tractor-Trailer";"PROG";"EUR/tCO2";2030;"0";"Sensitivity | Removed policies | Removed diesel efficiency gains";"Diesel"
"OPEX";"Taxes";"NL";"Non-ETS CO2";"Rigid";"BAU";"EUR/tCO2";2030;"0";"Sensitivity | Removed policies | Removed diesel efficiency gains";"Diesel"
"OPEX";"Taxes";"NL";"Non-ETS CO2";"Tractor-Trailer";"BAU";"EUR/tCO2";2030;"0";"Sensitivity | Removed policies | Removed diesel efficiency gains";"Diesel"
"OPEX";"Taxes";"NL";"Non-ETS CO2";"Rigid";"PROG";"EUR/tCO2";2030;"0";"Sensitivity | Removed policies | Removed diesel efficiency gains";"Diesel"
"OPEX";"Taxes";"NL";"Non-ETS CO2";"Tractor-Trailer";"PROG";"EUR/tCO2";2030;"0";"Sensitivity | Removed policies | Removed diesel efficiency gains";"Diesel"
"OPEX";"Taxes";"PL";"Non-ETS CO2";"Rigid";"BAU";"EUR/tCO2";2030;"0";"Sensitivity | Removed policies | Removed diesel efficiency gains";"Diesel"
"OPEX";"Taxes";"PL";"Non-ETS CO2";"Tractor-Trailer";"BAU";"EUR/tCO2";2030;"0";"Sensitivity | Removed policies | Removed diesel efficiency gains";"Diesel"
"OPEX";"Taxes";"PL";"Non-ETS CO2";"Rigid";"PROG";"EUR/tCO2";2030;"0";"Sensitivity | Removed policies | Removed diesel efficiency gains";"Diesel"
"OPEX";"Taxes";"PL";"Non-ETS CO2";"Tractor-Trailer";"PROG";"EUR/tCO2";2030;"0";"Sensitivity | Removed policies | Removed diesel efficiency gains";"Diesel"
"OPEX";"Taxes";"UK";"Non-ETS CO2";"Rigid";"BAU";"EUR/tCO2";2030;"0";"Sensitivity | Removed policies | Removed diesel efficiency gains";"Diesel"
"OPEX";"Taxes";"UK";"Non-ETS CO2";"Tractor-Trailer";"BAU";"EUR/tCO2";2030;"0";"Sensitivity | Removed policies | Removed diesel efficiency gains";"Diesel"
"OPEX";"Taxes";"UK";"Non-ETS CO2";"Rigid";"PROG";"EUR/tCO2";2030;"0";"Sensitivity | Removed policies | Removed diesel efficiency gains";"Diesel"
"OPEX";"Taxes";"UK";"Non-ETS CO2";"Tractor-Trailer";"PROG";"EUR/tCO2";2030;"0";"Sensitivity | Removed policies | Removed diesel efficiency gains";"Diesel"
"OPEX";"Diesel";"FR";"Diesel Price";"Rigid";"BAU";"EUR/kWh";2030;"0.063";"Sensitivity | Removed policies | Removed diesel efficiency gains";"Diesel"
"OPEX";"Diesel";"FR";"Diesel Price";"Tractor-Trailer";"BAU";"EUR/kWh";2030;"0.063";"Sensitivity | Removed policies | Removed diesel efficiency gains";"Diesel"
"OPEX";"Diesel";"FR";"Diesel Price";"Rigid";"PROG";"EUR/kWh";2030;"0.063";"Sensitivity | Removed policies | Removed diesel efficiency gains";"Diesel"
"OPEX";"Diesel";"FR";"Diesel Price";"Tractor-Trailer";"PROG";"EUR/kWh";2030;"0.063";"Sensitivity | Removed policies | Removed diesel efficiency gains";"Diesel"
"OPEX";"Diesel";"DE";"Diesel Price";"Rigid";"BAU";"EUR/kWh";2030;"0.063";"Sensitivity | Removed policies | Removed diesel efficiency gains";"Diesel"
"OPEX";"Diesel";"DE";"Diesel Price";"Tractor-Trailer";"BAU";"EUR/kWh";2030;"0.063";"Sensitivity | Removed policies | Removed diesel efficiency gains";"Diesel"
"OPEX";"Diesel";"DE";"Diesel Price";"Rigid";"PROG";"EUR/kWh";2030;"0.063";"Sensitivity | Removed policies | Removed diesel efficiency gains";"Diesel"
"OPEX";"Diesel";"DE";"Diesel Price";"Tractor-Trailer";"PROG";"EUR/kWh";2030;"0.063";"Sensitivity | Removed policies | Removed diesel efficiency gains";"Diesel"
"OPEX";"Diesel";"ES";"Diesel Price";"Rigid";"BAU";"EUR/kWh";2030;"0.063";"Sensitivity | Removed policies | Removed diesel efficiency gains";"Diesel"
"OPEX";"Diesel";"ES";"Diesel Price";"Tractor-Trailer";"BAU";"EUR/kWh";2030;"0.063";"Sensitivity | Removed policies | Removed diesel efficiency gains";"Diesel"
"OPEX";"Diesel";"ES";"Diesel Price";"Rigid";"PROG";"EUR/kWh";2030;"0.063";"Sensitivity | Removed policies | Removed diesel efficiency gains";"Diesel"
"OPEX";"Diesel";"ES";"Diesel Price";"Tractor-Trailer";"PROG";"EUR/kWh";2030;"0.063";"Sensitivity | Removed policies | Removed diesel efficiency gains";"Diesel"
"OPEX";"Diesel";"IT";"Diesel Price";"Rigid";"BAU";"EUR/kWh";2030;"0.063";"Sensitivity | Removed policies | Removed diesel efficiency gains";"Diesel"
"OPEX";"Diesel";"IT";"Diesel Price";"Tractor-Trailer";"BAU";"EUR/kWh";2030;"0.063";"Sensitivity | Removed policies | Removed diesel efficiency gains";"Diesel"
"OPEX";"Diesel";"IT";"Diesel Price";"Rigid";"PROG";"EUR/kWh";2030;"0.063";"Sensitivity | Removed policies | Removed diesel efficiency gains";"Diesel"
"OPEX";"Diesel";"IT";"Diesel Price";"Tractor-Trailer";"PROG";"EUR/kWh";2030;"0.063";"Sensitivity | Removed policies | Removed diesel efficiency gains";"Diesel"
"OPEX";"Diesel";"NL";"Diesel Price";"Rigid";"BAU";"EUR/kWh";2030;"0.063";"Sensitivity | Removed policies | Removed diesel efficiency gains";"Diesel"
"OPEX";"Diesel";"NL";"Diesel Price";"Tractor-Trailer";"BAU";"EUR/kWh";2030;"0.063";"Sensitivity | Removed policies | Removed diesel efficiency gains";"Diesel"
"OPEX";"Diesel";"NL";"Diesel Price";"Rigid";"PROG";"EUR/kWh";2030;"0.063";"Sensitivity | Removed policies | Removed diesel efficiency gains";"Diesel"
"OPEX";"Diesel";"NL";"Diesel Price";"Tractor-Trailer";"PROG";"EUR/kWh";2030;"0.063";"Sensitivity | Removed policies | Removed diesel efficiency gains";"Diesel"
"OPEX";"Diesel";"PL";"Diesel Price";"Rigid";"BAU";"EUR/kWh";2030;"0.063";"Sensitivity | Removed policies | Removed diesel efficiency gains";"Diesel"
"OPEX";"Diesel";"PL";"Diesel Price";"Tractor-Trailer";"BAU";"EUR/kWh";2030;"0.063";"Sensitivity | Removed policies | Removed diesel efficiency gains";"Diesel"
"OPEX";"Diesel";"PL";"Diesel Price";"Rigid";"PROG";"EUR/kWh";2030;"0.063";"Sensitivity | Removed policies | Removed diesel efficiency gains";"Diesel"
"OPEX";"Diesel";"PL";"Diesel Price";"Tractor-Trailer";"PROG";"EUR/kWh";2030;"0.063";"Sensitivity | Removed policies | Removed diesel efficiency gains";"Diesel"
"OPEX";"Diesel";"UK";"Diesel Price";"Rigid";"BAU";"EUR/kWh";2030;"0.063";"Sensitivity | Removed policies | Removed diesel efficiency gains";"Diesel"
"OPEX";"Diesel";"UK";"Diesel Price";"Tractor-Trailer";"BAU";"EUR/kWh";2030;"0.063";"Sensitivity | Removed policies | Removed diesel efficiency gains";"Diesel"
"OPEX";"Diesel";"UK";"Diesel Price";"Rigid";"PROG";"EUR/kWh";2030;"0.063";"Sensitivity | Removed policies | Removed diesel efficiency gains";"Diesel"
"OPEX";"Diesel";"UK";"Diesel Price";"Tractor-Trailer";"PROG";"EUR/kWh";2030;"0.063";"Sensitivity | Removed policies | Removed diesel efficiency gains";"Diesel"
"OPEX";"Taxes";"DE";"Non-ETS CO2";"Rigid";"BAU";"EUR/tCO2";2035;"0";"Sensitivity | Removed policies | Removed diesel efficiency gains";"Diesel"
"OPEX";"Taxes";"DE";"Non-ETS CO2";"Tractor-Trailer";"BAU";"EUR/tCO2";2035;"0";"Sensitivity | Removed policies | Removed diesel efficiency gains";"Diesel"
"OPEX";"Taxes";"DE";"Non-ETS CO2";"Rigid";"PROG";"EUR/tCO2";2035;"0";"Sensitivity | Removed policies | Removed diesel efficiency gains";"Diesel"
"OPEX";"Taxes";"DE";"Non-ETS CO2";"Tractor-Trailer";"PROG";"EUR/tCO2";2035;"0";"Sensitivity | Removed policies | Removed diesel efficiency gains";"Diesel"
"OPEX";"Taxes";"ES";"Non-ETS CO2";"Rigid";"BAU";"EUR/tCO2";2035;"0";"Sensitivity | Removed policies | Removed diesel efficiency gains";"Diesel"
"OPEX";"Taxes";"ES";"Non-ETS CO2";"Tractor-Trailer";"BAU";"EUR/tCO2";2035;"0";"Sensitivity | Removed policies | Removed diesel efficiency gains";"Diesel"
"OPEX";"Taxes";"ES";"Non-ETS CO2";"Rigid";"PROG";"EUR/tCO2";2035;"0";"Sensitivity | Removed policies | Removed diesel efficiency gains";"Diesel"
"OPEX";"Taxes";"ES";"Non-ETS CO2";"Tractor-Trailer";"PROG";"EUR/tCO2";2035;"0";"Sensitivity | Removed policies | Removed diesel efficiency gains";"Diesel"
"OPEX";"Taxes";"FR";"Non-ETS CO2";"Rigid";"BAU";"EUR/tCO2";2035;"0";"Sensitivity | Removed policies | Removed diesel efficiency gains";"Diesel"
"OPEX";"Taxes";"FR";"Non-ETS CO2";"Tractor-Trailer";"BAU";"EUR/tCO2";2035;"0";"Sensitivity | Removed policies | Removed diesel efficiency gains";"Diesel"
"OPEX";"Taxes";"FR";"Non-ETS CO2";"Rigid";"PROG";"EUR/tCO2";2035;"0";"Sensitivity | Removed policies | Removed diesel efficiency gains";"Diesel"
"OPEX";"Taxes";"FR";"Non-ETS CO2";"Tractor-Trailer";"PROG";"EUR/tCO2";2035;"0";"Sensitivity | Removed policies | Removed diesel efficiency gains";"Diesel"
"OPEX";"Taxes";"IT";"Non-ETS CO2";"Rigid";"BAU";"EUR/tCO2";2035;"0";"Sensitivity | Removed policies | Removed diesel efficiency gains";"Diesel"
"OPEX";"Taxes";"IT";"Non-ETS CO2";"Tractor-Trailer";"BAU";"EUR/tCO2";2035;"0";"Sensitivity | Removed policies | Removed diesel efficiency gains";"Diesel"
"OPEX";"Taxes";"IT";"Non-ETS CO2";"Rigid";"PROG";"EUR/tCO2";2035;"0";"Sensitivity | Removed policies | Removed diesel efficiency gains";"Diesel"
"OPEX";"Taxes";"IT";"Non-ETS CO2";"Tractor-Trailer";"PROG";"EUR/tCO2";2035;"0";"Sensitivity | Removed policies | Removed diesel efficiency gains";"Diesel"
"OPEX";"Taxes";"NL";"Non-ETS CO2";"Rigid";"BAU";"EUR/tCO2";2035;"0";"Sensitivity | Removed policies | Removed diesel efficiency gains";"Diesel"
"OPEX";"Taxes";"NL";"Non-ETS CO2";"Tractor-Trailer";"BAU";"EUR/tCO2";2035;"0";"Sensitivity | Removed policies | Removed diesel efficiency gains";"Diesel"
"OPEX";"Taxes";"NL";"Non-ETS CO2";"Rigid";"PROG";"EUR/tCO2";2035;"0";"Sensitivity | Removed policies | Removed diesel efficiency gains";"Diesel"
"OPEX";"Taxes";"NL";"Non-ETS CO2";"Tractor-Trailer";"PROG";"EUR/tCO2";2035;"0";"Sensitivity | Removed policies | Removed diesel efficiency gains";"Diesel"
"OPEX";"Taxes";"PL";"Non-ETS CO2";"Rigid";"BAU";"EUR/tCO2";2035;"0";"Sensitivity | Removed policies | Removed diesel efficiency gains";"Diesel"
"OPEX";"Taxes";"PL";"Non-ETS CO2";"Tractor-Trailer";"BAU";"EUR/tCO2";2035;"0";"Sensitivity | Removed policies | Removed diesel efficiency gains";"Diesel"
"OPEX";"Taxes";"PL";"Non-ETS CO2";"Rigid";"PROG";"EUR/tCO2";2035;"0";"Sensitivity | Removed policies | Removed diesel efficiency gains";"Diesel"
"OPEX";"Taxes";"PL";"Non-ETS CO2";"Tractor-Trailer";"PROG";"EUR/tCO2";2035;"0";"Sensitivity | Removed policies | Removed diesel efficiency gains";"Diesel"
"OPEX";"Taxes";"UK";"Non-ETS CO2";"Rigid";"BAU";"EUR/tCO2";2035;"0";"Sensitivity | Removed policies | Removed diesel efficiency gains";"Diesel"
"OPEX";"Taxes";"UK";"Non-ETS CO2";"Tractor-Trailer";"BAU";"EUR/tCO2";2035;"0";"Sensitivity | Removed policies | Removed diesel efficiency gains";"Diesel"
"OPEX";"Taxes";"UK";"Non-ETS CO2";"Rigid";"PROG";"EUR/tCO2";2035;"0";"Sensitivity | Removed policies | Removed diesel efficiency gains";"Diesel"
"OPEX";"Taxes";"UK";"Non-ETS CO2";"Tractor-Trailer";"PROG";"EUR/tCO2";2035;"0";"Sensitivity | Removed policies | Removed diesel efficiency gains";"Diesel"
"OPEX";"Diesel";"FR";"Diesel Price";"Rigid";"BAU";"EUR/kWh";2035;"0.066";"Sensitivity | Removed policies | Removed diesel efficiency gains";"Diesel"
"OPEX";"Diesel";"FR";"Diesel Price";"Tractor-Trailer";"BAU";"EUR/kWh";2035;"0.066";"Sensitivity | Removed policies | Removed diesel efficiency gains";"Diesel"
"OPEX";"Diesel";"FR";"Diesel Price";"Rigid";"PROG";"EUR/kWh";2035;"0.066";"Sensitivity | Removed policies | Removed diesel efficiency gains";"Diesel"
"OPEX";"Diesel";"FR";"Diesel Price";"Tractor-Trailer";"PROG";"EUR/kWh";2035;"0.066";"Sensitivity | Removed policies | Removed diesel efficiency gains";"Diesel"
"OPEX";"Diesel";"DE";"Diesel Price";"Rigid";"BAU";"EUR/kWh";2035;"0.066";"Sensitivity | Removed policies | Removed diesel efficiency gains";"Diesel"
"OPEX";"Diesel";"DE";"Diesel Price";"Tractor-Trailer";"BAU";"EUR/kWh";2035;"0.066";"Sensitivity | Removed policies | Removed diesel efficiency gains";"Diesel"
"OPEX";"Diesel";"DE";"Diesel Price";"Rigid";"PROG";"EUR/kWh";2035;"0.066";"Sensitivity | Removed policies | Removed diesel efficiency gains";"Diesel"
"OPEX";"Diesel";"DE";"Diesel Price";"Tractor-Trailer";"PROG";"EUR/kWh";2035;"0.066";"Sensitivity | Removed policies | Removed diesel efficiency gains";"Diesel"
"OPEX";"Diesel";"ES";"Diesel Price";"Rigid";"BAU";"EUR/kWh";2035;"0.066";"Sensitivity | Removed policies | Removed diesel efficiency gains";"Diesel"
"OPEX";"Diesel";"ES";"Diesel Price";"Tractor-Trailer";"BAU";"EUR/kWh";2035;"0.066";"Sensitivity | Removed policies | Removed diesel efficiency gains";"Diesel"
"OPEX";"Diesel";"ES";"Diesel Price";"Rigid";"PROG";"EUR/kWh";2035;"0.066";"Sensitivity | Removed policies | Removed diesel efficiency gains";"Diesel"
"OPEX";"Diesel";"ES";"Diesel Price";"Tractor-Trailer";"PROG";"EUR/kWh";2035;"0.066";"Sensitivity | Removed policies | Removed diesel efficiency gains";"Diesel"
"OPEX";"Diesel";"IT";"Diesel Price";"Rigid";"BAU";"EUR/kWh";2035;"0.066";"Sensitivity | Removed policies | Removed diesel efficiency gains";"Diesel"
"OPEX";"Diesel";"IT";"Diesel Price";"Tractor-Trailer";"BAU";"EUR/kWh";2035;"0.066";"Sensitivity | Removed policies | Removed diesel efficiency gains";"Diesel"
"OPEX";"Diesel";"IT";"Diesel Price";"Rigid";"PROG";"EUR/kWh";2035;"0.066";"Sensitivity | Removed policies | Removed diesel efficiency gains";"Diesel"
"OPEX";"Diesel";"IT";"Diesel Price";"Tractor-Trailer";"PROG";"EUR/kWh";2035;"0.066";"Sensitivity | Removed policies | Removed diesel efficiency gains";"Diesel"
"OPEX";"Diesel";"NL";"Diesel Price";"Rigid";"BAU";"EUR/kWh";2035;"0.066";"Sensitivity | Removed policies | Removed diesel efficiency gains";"Diesel"
"OPEX";"Diesel";"NL";"Diesel Price";"Tractor-Trailer";"BAU";"EUR/kWh";2035;"0.066";"Sensitivity | Removed policies | Removed diesel efficiency gains";"Diesel"
"OPEX";"Diesel";"NL";"Diesel Price";"Rigid";"PROG";"EUR/kWh";2035;"0.066";"Sensitivity | Removed policies | Removed diesel efficiency gains";"Diesel"
"OPEX";"Diesel";"NL";"Diesel Price";"Tractor-Trailer";"PROG";"EUR/kWh";2035;"0.066";"Sensitivity | Removed policies | Removed diesel efficiency gains";"Diesel"
"OPEX";"Diesel";"PL";"Diesel Price";"Rigid";"BAU";"EUR/kWh";2035;"0.066";"Sensitivity | Removed policies | Removed diesel efficiency gains";"Diesel"
"OPEX";"Diesel";"PL";"Diesel Price";"Tractor-Trailer";"BAU";"EUR/kWh";2035;"0.066";"Sensitivity | Removed policies | Removed diesel efficiency gains";"Diesel"
"OPEX";"Diesel";"PL";"Diesel Price";"Rigid";"PROG";"EUR/kWh";2035;"0.066";"Sensitivity | Removed policies | Removed diesel efficiency gains";"Diesel"
"OPEX";"Diesel";"PL";"Diesel Price";"Tractor-Trailer";"PROG";"EUR/kWh";2035;"0.066";"Sensitivity | Removed policies | Removed diesel efficiency gains";"Diesel"
"OPEX";"Diesel";"UK";"Diesel Price";"Rigid";"BAU";"EUR/kWh";2035;"0.066";"Sensitivity | Removed policies | Removed diesel efficiency gains";"Diesel"
"OPEX";"Diesel";"UK";"Diesel Price";"Tractor-Trailer";"BAU";"EUR/kWh";2035;"0.066";"Sensitivity | Removed policies | Removed diesel efficiency gains";"Diesel"
"OPEX";"Diesel";"UK";"Diesel Price";"Rigid";"PROG";"EUR/kWh";2035;"0.066";"Sensitivity | Removed policies | Removed diesel efficiency gains";"Diesel"
"OPEX";"Diesel";"UK";"Diesel Price";"Tractor-Trailer";"PROG";"EUR/kWh";2035;"0.066";"Sensitivity | Removed policies | Removed diesel efficiency gains";"Diesel"
"OPEX";"Taxes";"DE";"Non-ETS CO2";"Rigid";"BAU";"EUR/tCO2";2040;"0";"Sensitivity | Removed policies | Removed diesel efficiency gains";"Diesel"
"OPEX";"Taxes";"DE";"Non-ETS CO2";"Tractor-Trailer";"BAU";"EUR/tCO2";2040;"0";"Sensitivity | Removed policies | Removed diesel efficiency gains";"Diesel"
"OPEX";"Taxes";"DE";"Non-ETS CO2";"Rigid";"PROG";"EUR/tCO2";2040;"0";"Sensitivity | Removed policies | Removed diesel efficiency gains";"Diesel"
"OPEX";"Taxes";"DE";"Non-ETS CO2";"Tractor-Trailer";"PROG";"EUR/tCO2";2040;"0";"Sensitivity | Removed policies | Removed diesel efficiency gains";"Diesel"
"OPEX";"Taxes";"ES";"Non-ETS CO2";"Rigid";"BAU";"EUR/tCO2";2040;"0";"Sensitivity | Removed policies | Removed diesel efficiency gains";"Diesel"
"OPEX";"Taxes";"ES";"Non-ETS CO2";"Tractor-Trailer";"BAU";"EUR/tCO2";2040;"0";"Sensitivity | Removed policies | Removed diesel efficiency gains";"Diesel"
"OPEX";"Taxes";"ES";"Non-ETS CO2";"Rigid";"PROG";"EUR/tCO2";2040;"0";"Sensitivity | Removed policies | Removed diesel efficiency gains";"Diesel"
"OPEX";"Taxes";"ES";"Non-ETS CO2";"Tractor-Trailer";"PROG";"EUR/tCO2";2040;"0";"Sensitivity | Removed policies | Removed diesel efficiency gains";"Diesel"
"OPEX";"Taxes";"FR";"Non-ETS CO2";"Rigid";"BAU";"EUR/tCO2";2040;"0";"Sensitivity | Removed policies | Removed diesel efficiency gains";"Diesel"
"OPEX";"Taxes";"FR";"Non-ETS CO2";"Tractor-Trailer";"BAU";"EUR/tCO2";2040;"0";"Sensitivity | Removed policies | Removed diesel efficiency gains";"Diesel"
"OPEX";"Taxes";"FR";"Non-ETS CO2";"Rigid";"PROG";"EUR/tCO2";2040;"0";"Sensitivity | Removed policies | Removed diesel efficiency gains";"Diesel"
"OPEX";"Taxes";"FR";"Non-ETS CO2";"Tractor-Trailer";"PROG";"EUR/tCO2";2040;"0";"Sensitivity | Removed policies | Removed diesel efficiency gains";"Diesel"
"OPEX";"Taxes";"IT";"Non-ETS CO2";"Rigid";"BAU";"EUR/tCO2";2040;"0";"Sensitivity | Removed policies | Removed diesel efficiency gains";"Diesel"
"OPEX";"Taxes";"IT";"Non-ETS CO2";"Tractor-Trailer";"BAU";"EUR/tCO2";2040;"0";"Sensitivity | Removed policies | Removed diesel efficiency gains";"Diesel"
"OPEX";"Taxes";"IT";"Non-ETS CO2";"Rigid";"PROG";"EUR/tCO2";2040;"0";"Sensitivity | Removed policies | Removed diesel efficiency gains";"Diesel"
"OPEX";"Taxes";"IT";"Non-ETS CO2";"Tractor-Trailer";"PROG";"EUR/tCO2";2040;"0";"Sensitivity | Removed policies | Removed diesel efficiency gains";"Diesel"
"OPEX";"Taxes";"NL";"Non-ETS CO2";"Rigid";"BAU";"EUR/tCO2";2040;"0";"Sensitivity | Removed policies | Removed diesel efficiency gains";"Diesel"
"OPEX";"Taxes";"NL";"Non-ETS CO2";"Tractor-Trailer";"BAU";"EUR/tCO2";2040;"0";"Sensitivity | Removed policies | Removed diesel efficiency gains";"Diesel"
"OPEX";"Taxes";"NL";"Non-ETS CO2";"Rigid";"PROG";"EUR/tCO2";2040;"0";"Sensitivity | Removed policies | Removed diesel efficiency gains";"Diesel"
"OPEX";"Taxes";"NL";"Non-ETS CO2";"Tractor-Trailer";"PROG";"EUR/tCO2";2040;"0";"Sensitivity | Removed policies | Removed diesel efficiency gains";"Diesel"
"OPEX";"Taxes";"PL";"Non-ETS CO2";"Rigid";"BAU";"EUR/tCO2";2040;"0";"Sensitivity | Removed policies | Removed diesel efficiency gains";"Diesel"
"OPEX";"Taxes";"PL";"Non-ETS CO2";"Tractor-Trailer";"BAU";"EUR/tCO2";2040;"0";"Sensitivity | Removed policies | Removed diesel efficiency gains";"Diesel"
"OPEX";"Taxes";"PL";"Non-ETS CO2";"Rigid";"PROG";"EUR/tCO2";2040;"0";"Sensitivity | Removed policies | Removed diesel efficiency gains";"Diesel"
"OPEX";"Taxes";"PL";"Non-ETS CO2";"Tractor-Trailer";"PROG";"EUR/tCO2";2040;"0";"Sensitivity | Removed policies | Removed diesel efficiency gains";"Diesel"
"OPEX";"Taxes";"UK";"Non-ETS CO2";"Rigid";"BAU";"EUR/tCO2";2040;"0";"Sensitivity | Removed policies | Removed diesel efficiency gains";"Diesel"
"OPEX";"Taxes";"UK";"Non-ETS CO2";"Tractor-Trailer";"BAU";"EUR/tCO2";2040;"0";"Sensitivity | Removed policies | Removed diesel efficiency gains";"Diesel"
"OPEX";"Taxes";"UK";"Non-ETS CO2";"Rigid";"PROG";"EUR/tCO2";2040;"0";"Sensitivity | Removed policies | Removed diesel efficiency gains";"Diesel"
"OPEX";"Taxes";"UK";"Non-ETS CO2";"Tractor-Trailer";"PROG";"EUR/tCO2";2040;"0";"Sensitivity | Removed policies | Removed diesel efficiency gains";"Diesel"
"OPEX";"Diesel";"FR";"Diesel Price";"Rigid";"BAU";"EUR/kWh";2040;"0.069";"Sensitivity | Removed policies | Removed diesel efficiency gains";"Diesel"
"OPEX";"Diesel";"FR";"Diesel Price";"Tractor-Trailer";"BAU";"EUR/kWh";2040;"0.069";"Sensitivity | Removed policies | Removed diesel efficiency gains";"Diesel"
"OPEX";"Diesel";"FR";"Diesel Price";"Rigid";"PROG";"EUR/kWh";2040;"0.069";"Sensitivity | Removed policies | Removed diesel efficiency gains";"Diesel"
"OPEX";"Diesel";"FR";"Diesel Price";"Tractor-Trailer";"PROG";"EUR/kWh";2040;"0.069";"Sensitivity | Removed policies | Removed diesel efficiency gains";"Diesel"
"OPEX";"Diesel";"DE";"Diesel Price";"Rigid";"BAU";"EUR/kWh";2040;"0.069";"Sensitivity | Removed policies | Removed diesel efficiency gains";"Diesel"
"OPEX";"Diesel";"DE";"Diesel Price";"Tractor-Trailer";"BAU";"EUR/kWh";2040;"0.069";"Sensitivity | Removed policies | Removed diesel efficiency gains";"Diesel"
"OPEX";"Diesel";"DE";"Diesel Price";"Rigid";"PROG";"EUR/kWh";2040;"0.069";"Sensitivity | Removed policies | Removed diesel efficiency gains";"Diesel"
"OPEX";"Diesel";"DE";"Diesel Price";"Tractor-Trailer";"PROG";"EUR/kWh";2040;"0.069";"Sensitivity | Removed policies | Removed diesel efficiency gains";"Diesel"
"OPEX";"Diesel";"ES";"Diesel Price";"Rigid";"BAU";"EUR/kWh";2040;"0.069";"Sensitivity | Removed policies | Removed diesel efficiency gains";"Diesel"
"OPEX";"Diesel";"ES";"Diesel Price";"Tractor-Trailer";"BAU";"EUR/kWh";2040;"0.069";"Sensitivity | Removed policies | Removed diesel efficiency gains";"Diesel"
"OPEX";"Diesel";"ES";"Diesel Price";"Rigid";"PROG";"EUR/kWh";2040;"0.069";"Sensitivity | Removed policies | Removed diesel efficiency gains";"Diesel"
"OPEX";"Diesel";"ES";"Diesel Price";"Tractor-Trailer";"PROG";"EUR/kWh";2040;"0.069";"Sensitivity | Removed policies | Removed diesel efficiency gains";"Diesel"
"OPEX";"Diesel";"IT";"Diesel Price";"Rigid";"BAU";"EUR/kWh";2040;"0.069";"Sensitivity | Removed policies | Removed diesel efficiency gains";"Diesel"
"OPEX";"Diesel";"IT";"Diesel Price";"Tractor-Trailer";"BAU";"EUR/kWh";2040;"0.069";"Sensitivity | Removed policies | Removed diesel efficiency gains";"Diesel"
"OPEX";"Diesel";"IT";"Diesel Price";"Rigid";"PROG";"EUR/kWh";2040;"0.069";"Sensitivity | Removed policies | Removed diesel efficiency gains";"Diesel"
"OPEX";"Diesel";"IT";"Diesel Price";"Tractor-Trailer";"PROG";"EUR/kWh";2040;"0.069";"Sensitivity | Removed policies | Removed diesel efficiency gains";"Diesel"
"OPEX";"Diesel";"NL";"Diesel Price";"Rigid";"BAU";"EUR/kWh";2040;"0.069";"Sensitivity | Removed policies | Removed diesel efficiency gains";"Diesel"
"OPEX";"Diesel";"NL";"Diesel Price";"Tractor-Trailer";"BAU";"EUR/kWh";2040;"0.069";"Sensitivity | Removed policies | Removed diesel efficiency gains";"Diesel"
"OPEX";"Diesel";"NL";"Diesel Price";"Rigid";"PROG";"EUR/kWh";2040;"0.069";"Sensitivity | Removed policies | Removed diesel efficiency gains";"Diesel"
"OPEX";"Diesel";"NL";"Diesel Price";"Tractor-Trailer";"PROG";"EUR/kWh";2040;"0.069";"Sensitivity | Removed policies | Removed diesel efficiency gains";"Diesel"
"OPEX";"Diesel";"PL";"Diesel Price";"Rigid";"BAU";"EUR/kWh";2040;"0.069";"Sensitivity | Removed policies | Removed diesel efficiency gains";"Diesel"
"OPEX";"Diesel";"PL";"Diesel Price";"Tractor-Trailer";"BAU";"EUR/kWh";2040;"0.069";"Sensitivity | Removed policies | Removed diesel efficiency gains";"Diesel"
"OPEX";"Diesel";"PL";"Diesel Price";"Rigid";"PROG";"EUR/kWh";2040;"0.069";"Sensitivity | Removed policies | Removed diesel efficiency gains";"Diesel"
"OPEX";"Diesel";"PL";"Diesel Price";"Tractor-Trailer";"PROG";"EUR/kWh";2040;"0.069";"Sensitivity | Removed policies | Removed diesel efficiency gains";"Diesel"
"OPEX";"Diesel";"UK";"Diesel Price";"Rigid";"BAU";"EUR/kWh";2040;"0.069";"Sensitivity | Removed policies | Removed diesel efficiency gains";"Diesel"
"OPEX";"Diesel";"UK";"Diesel Price";"Tractor-Trailer";"BAU";"EUR/kWh";2040;"0.069";"Sensitivity | Removed policies | Removed diesel efficiency gains";"Diesel"
"OPEX";"Diesel";"UK";"Diesel Price";"Rigid";"PROG";"EUR/kWh";2040;"0.069";"Sensitivity | Removed policies | Removed diesel efficiency gains";"Diesel"
"OPEX";"Diesel";"UK";"Diesel Price";"Tractor-Trailer";"PROG";"EUR/kWh";2040;"0.069";"Sensitivity | Removed policies | Removed diesel efficiency gains";"Diesel"
"OPEX";"Taxes";"DE";"Non-ETS CO2";"Rigid";"BAU";"EUR/tCO2";2045;"0";"Sensitivity | Removed policies | Removed diesel efficiency gains";"Diesel"
"OPEX";"Taxes";"DE";"Non-ETS CO2";"Tractor-Trailer";"BAU";"EUR/tCO2";2045;"0";"Sensitivity | Removed policies | Removed diesel efficiency gains";"Diesel"
"OPEX";"Taxes";"DE";"Non-ETS CO2";"Rigid";"PROG";"EUR/tCO2";2045;"0";"Sensitivity | Removed policies | Removed diesel efficiency gains";"Diesel"
"OPEX";"Taxes";"DE";"Non-ETS CO2";"Tractor-Trailer";"PROG";"EUR/tCO2";2045;"0";"Sensitivity | Removed policies | Removed diesel efficiency gains";"Diesel"
"OPEX";"Taxes";"ES";"Non-ETS CO2";"Rigid";"BAU";"EUR/tCO2";2045;"0";"Sensitivity | Removed policies | Removed diesel efficiency gains";"Diesel"
"OPEX";"Taxes";"ES";"Non-ETS CO2";"Tractor-Trailer";"BAU";"EUR/tCO2";2045;"0";"Sensitivity | Removed policies | Removed diesel efficiency gains";"Diesel"
"OPEX";"Taxes";"ES";"Non-ETS CO2";"Rigid";"PROG";"EUR/tCO2";2045;"0";"Sensitivity | Removed policies | Removed diesel efficiency gains";"Diesel"
"OPEX";"Taxes";"ES";"Non-ETS CO2";"Tractor-Trailer";"PROG";"EUR/tCO2";2045;"0";"Sensitivity | Removed policies | Removed diesel efficiency gains";"Diesel"
"OPEX";"Taxes";"FR";"Non-ETS CO2";"Rigid";"BAU";"EUR/tCO2";2045;"0";"Sensitivity | Removed policies | Removed diesel efficiency gains";"Diesel"
"OPEX";"Taxes";"FR";"Non-ETS CO2";"Tractor-Trailer";"BAU";"EUR/tCO2";2045;"0";"Sensitivity | Removed policies | Removed diesel efficiency gains";"Diesel"
"OPEX";"Taxes";"FR";"Non-ETS CO2";"Rigid";"PROG";"EUR/tCO2";2045;"0";"Sensitivity | Removed policies | Removed diesel efficiency gains";"Diesel"
"OPEX";"Taxes";"FR";"Non-ETS CO2";"Tractor-Trailer";"PROG";"EUR/tCO2";2045;"0";"Sensitivity | Removed policies | Removed diesel efficiency gains";"Diesel"
"OPEX";"Taxes";"IT";"Non-ETS CO2";"Rigid";"BAU";"EUR/tCO2";2045;"0";"Sensitivity | Removed policies | Removed diesel efficiency gains";"Diesel"
"OPEX";"Taxes";"IT";"Non-ETS CO2";"Tractor-Trailer";"BAU";"EUR/tCO2";2045;"0";"Sensitivity | Removed policies | Removed diesel efficiency gains";"Diesel"
"OPEX";"Taxes";"IT";"Non-ETS CO2";"Rigid";"PROG";"EUR/tCO2";2045;"0";"Sensitivity | Removed policies | Removed diesel efficiency gains";"Diesel"
"OPEX";"Taxes";"IT";"Non-ETS CO2";"Tractor-Trailer";"PROG";"EUR/tCO2";2045;"0";"Sensitivity | Removed policies | Removed diesel efficiency gains";"Diesel"
"OPEX";"Taxes";"NL";"Non-ETS CO2";"Rigid";"BAU";"EUR/tCO2";2045;"0";"Sensitivity | Removed policies | Removed diesel efficiency gains";"Diesel"
"OPEX";"Taxes";"NL";"Non-ETS CO2";"Tractor-Trailer";"BAU";"EUR/tCO2";2045;"0";"Sensitivity | Removed policies | Removed diesel efficiency gains";"Diesel"
"OPEX";"Taxes";"NL";"Non-ETS CO2";"Rigid";"PROG";"EUR/tCO2";2045;"0";"Sensitivity | Removed policies | Removed diesel efficiency gains";"Diesel"
"OPEX";"Taxes";"NL";"Non-ETS CO2";"Tractor-Trailer";"PROG";"EUR/tCO2";2045;"0";"Sensitivity | Removed policies | Removed diesel efficiency gains";"Diesel"
"OPEX";"Taxes";"PL";"Non-ETS CO2";"Rigid";"BAU";"EUR/tCO2";2045;"0";"Sensitivity | Removed policies | Removed diesel efficiency gains";"Diesel"
"OPEX";"Taxes";"PL";"Non-ETS CO2";"Tractor-Trailer";"BAU";"EUR/tCO2";2045;"0";"Sensitivity | Removed policies | Removed diesel efficiency gains";"Diesel"
"OPEX";"Taxes";"PL";"Non-ETS CO2";"Rigid";"PROG";"EUR/tCO2";2045;"0";"Sensitivity | Removed policies | Removed diesel efficiency gains";"Diesel"
"OPEX";"Taxes";"PL";"Non-ETS CO2";"Tractor-Trailer";"PROG";"EUR/tCO2";2045;"0";"Sensitivity | Removed policies | Removed diesel efficiency gains";"Diesel"
"OPEX";"Taxes";"UK";"Non-ETS CO2";"Rigid";"BAU";"EUR/tCO2";2045;"0";"Sensitivity | Removed policies | Removed diesel efficiency gains";"Diesel"
"OPEX";"Taxes";"UK";"Non-ETS CO2";"Tractor-Trailer";"BAU";"EUR/tCO2";2045;"0";"Sensitivity | Removed policies | Removed diesel efficiency gains";"Diesel"
"OPEX";"Taxes";"UK";"Non-ETS CO2";"Rigid";"PROG";"EUR/tCO2";2045;"0";"Sensitivity | Removed policies | Removed diesel efficiency gains";"Diesel"
"OPEX";"Taxes";"UK";"Non-ETS CO2";"Tractor-Trailer";"PROG";"EUR/tCO2";2045;"0";"Sensitivity | Removed policies | Removed diesel efficiency gains";"Diesel"
"OPEX";"Diesel";"FR";"Diesel Price";"Rigid";"BAU";"EUR/kWh";2045;"0.073";"Sensitivity | Removed policies | Removed diesel efficiency gains";"Diesel"
"OPEX";"Diesel";"FR";"Diesel Price";"Tractor-Trailer";"BAU";"EUR/kWh";2045;"0.073";"Sensitivity | Removed policies | Removed diesel efficiency gains";"Diesel"
"OPEX";"Diesel";"FR";"Diesel Price";"Rigid";"PROG";"EUR/kWh";2045;"0.073";"Sensitivity | Removed policies | Removed diesel efficiency gains";"Diesel"
"OPEX";"Diesel";"FR";"Diesel Price";"Tractor-Trailer";"PROG";"EUR/kWh";2045;"0.073";"Sensitivity | Removed policies | Removed diesel efficiency gains";"Diesel"
"OPEX";"Diesel";"DE";"Diesel Price";"Rigid";"BAU";"EUR/kWh";2045;"0.073";"Sensitivity | Removed policies | Removed diesel efficiency gains";"Diesel"
"OPEX";"Diesel";"DE";"Diesel Price";"Tractor-Trailer";"BAU";"EUR/kWh";2045;"0.073";"Sensitivity | Removed policies | Removed diesel efficiency gains";"Diesel"
"OPEX";"Diesel";"DE";"Diesel Price";"Rigid";"PROG";"EUR/kWh";2045;"0.073";"Sensitivity | Removed policies | Removed diesel efficiency gains";"Diesel"
"OPEX";"Diesel";"DE";"Diesel Price";"Tractor-Trailer";"PROG";"EUR/kWh";2045;"0.073";"Sensitivity | Removed policies | Removed diesel efficiency gains";"Diesel"
"OPEX";"Diesel";"ES";"Diesel Price";"Rigid";"BAU";"EUR/kWh";2045;"0.073";"Sensitivity | Removed policies | Removed diesel efficiency gains";"Diesel"
"OPEX";"Diesel";"ES";"Diesel Price";"Tractor-Trailer";"BAU";"EUR/kWh";2045;"0.073";"Sensitivity | Removed policies | Removed diesel efficiency gains";"Diesel"
"OPEX";"Diesel";"ES";"Diesel Price";"Rigid";"PROG";"EUR/kWh";2045;"0.073";"Sensitivity | Removed policies | Removed diesel efficiency gains";"Diesel"
"OPEX";"Diesel";"ES";"Diesel Price";"Tractor-Trailer";"PROG";"EUR/kWh";2045;"0.073";"Sensitivity | Removed policies | Removed diesel efficiency gains";"Diesel"
"OPEX";"Diesel";"IT";"Diesel Price";"Rigid";"BAU";"EUR/kWh";2045;"0.073";"Sensitivity | Removed policies | Removed diesel efficiency gains";"Diesel"
"OPEX";"Diesel";"IT";"Diesel Price";"Tractor-Trailer";"BAU";"EUR/kWh";2045;"0.073";"Sensitivity | Removed policies | Removed diesel efficiency gains";"Diesel"
"OPEX";"Diesel";"IT";"Diesel Price";"Rigid";"PROG";"EUR/kWh";2045;"0.073";"Sensitivity | Removed policies | Removed diesel efficiency gains";"Diesel"
"OPEX";"Diesel";"IT";"Diesel Price";"Tractor-Trailer";"PROG";"EUR/kWh";2045;"0.073";"Sensitivity | Removed policies | Removed diesel efficiency gains";"Diesel"
"OPEX";"Diesel";"NL";"Diesel Price";"Rigid";"BAU";"EUR/kWh";2045;"0.073";"Sensitivity | Removed policies | Removed diesel efficiency gains";"Diesel"
"OPEX";"Diesel";"NL";"Diesel Price";"Tractor-Trailer";"BAU";"EUR/kWh";2045;"0.073";"Sensitivity | Removed policies | Removed diesel efficiency gains";"Diesel"
"OPEX";"Diesel";"NL";"Diesel Price";"Rigid";"PROG";"EUR/kWh";2045;"0.073";"Sensitivity | Removed policies | Removed diesel efficiency gains";"Diesel"
"OPEX";"Diesel";"NL";"Diesel Price";"Tractor-Trailer";"PROG";"EUR/kWh";2045;"0.073";"Sensitivity | Removed policies | Removed diesel efficiency gains";"Diesel"
"OPEX";"Diesel";"PL";"Diesel Price";"Rigid";"BAU";"EUR/kWh";2045;"0.073";"Sensitivity | Removed policies | Removed diesel efficiency gains";"Diesel"
"OPEX";"Diesel";"PL";"Diesel Price";"Tractor-Trailer";"BAU";"EUR/kWh";2045;"0.073";"Sensitivity | Removed policies | Removed diesel efficiency gains";"Diesel"
"OPEX";"Diesel";"PL";"Diesel Price";"Rigid";"PROG";"EUR/kWh";2045;"0.073";"Sensitivity | Removed policies | Removed diesel efficiency gains";"Diesel"
"OPEX";"Diesel";"PL";"Diesel Price";"Tractor-Trailer";"PROG";"EUR/kWh";2045;"0.073";"Sensitivity | Removed policies | Removed diesel efficiency gains";"Diesel"
"OPEX";"Diesel";"UK";"Diesel Price";"Rigid";"BAU";"EUR/kWh";2045;"0.073";"Sensitivity | Removed policies | Removed diesel efficiency gains";"Diesel"
"OPEX";"Diesel";"UK";"Diesel Price";"Tractor-Trailer";"BAU";"EUR/kWh";2045;"0.073";"Sensitivity | Removed policies | Removed diesel efficiency gains";"Diesel"
"OPEX";"Diesel";"UK";"Diesel Price";"Rigid";"PROG";"EUR/kWh";2045;"0.073";"Sensitivity | Removed policies | Removed diesel efficiency gains";"Diesel"
"OPEX";"Diesel";"UK";"Diesel Price";"Tractor-Trailer";"PROG";"EUR/kWh";2045;"0.073";"Sensitivity | Removed policies | Removed diesel efficiency gains";"Diesel"
"OPEX";"Taxes";"DE";"Non-ETS CO2";"Rigid";"BAU";"EUR/tCO2";2050;"0";"Sensitivity | Removed policies | Removed diesel efficiency gains";"Diesel"
"OPEX";"Taxes";"DE";"Non-ETS CO2";"Tractor-Trailer";"BAU";"EUR/tCO2";2050;"0";"Sensitivity | Removed policies | Removed diesel efficiency gains";"Diesel"
"OPEX";"Taxes";"DE";"Non-ETS CO2";"Rigid";"PROG";"EUR/tCO2";2050;"0";"Sensitivity | Removed policies | Removed diesel efficiency gains";"Diesel"
"OPEX";"Taxes";"DE";"Non-ETS CO2";"Tractor-Trailer";"PROG";"EUR/tCO2";2050;"0";"Sensitivity | Removed policies | Removed diesel efficiency gains";"Diesel"
"OPEX";"Taxes";"ES";"Non-ETS CO2";"Rigid";"BAU";"EUR/tCO2";2050;"0";"Sensitivity | Removed policies | Removed diesel efficiency gains";"Diesel"
"OPEX";"Taxes";"ES";"Non-ETS CO2";"Tractor-Trailer";"BAU";"EUR/tCO2";2050;"0";"Sensitivity | Removed policies | Removed diesel efficiency gains";"Diesel"
"OPEX";"Taxes";"ES";"Non-ETS CO2";"Rigid";"PROG";"EUR/tCO2";2050;"0";"Sensitivity | Removed policies | Removed diesel efficiency gains";"Diesel"
"OPEX";"Taxes";"ES";"Non-ETS CO2";"Tractor-Trailer";"PROG";"EUR/tCO2";2050;"0";"Sensitivity | Removed policies | Removed diesel efficiency gains";"Diesel"
"OPEX";"Taxes";"FR";"Non-ETS CO2";"Rigid";"BAU";"EUR/tCO2";2050;"0";"Sensitivity | Removed policies | Removed diesel efficiency gains";"Diesel"
"OPEX";"Taxes";"FR";"Non-ETS CO2";"Tractor-Trailer";"BAU";"EUR/tCO2";2050;"0";"Sensitivity | Removed policies | Removed diesel efficiency gains";"Diesel"
"OPEX";"Taxes";"FR";"Non-ETS CO2";"Rigid";"PROG";"EUR/tCO2";2050;"0";"Sensitivity | Removed policies | Removed diesel efficiency gains";"Diesel"
"OPEX";"Taxes";"FR";"Non-ETS CO2";"Tractor-Trailer";"PROG";"EUR/tCO2";2050;"0";"Sensitivity | Removed policies | Removed diesel efficiency gains";"Diesel"
"OPEX";"Taxes";"IT";"Non-ETS CO2";"Rigid";"BAU";"EUR/tCO2";2050;"0";"Sensitivity | Removed policies | Removed diesel efficiency gains";"Diesel"
"OPEX";"Taxes";"IT";"Non-ETS CO2";"Tractor-Trailer";"BAU";"EUR/tCO2";2050;"0";"Sensitivity | Removed policies | Removed diesel efficiency gains";"Diesel"
"OPEX";"Taxes";"IT";"Non-ETS CO2";"Rigid";"PROG";"EUR/tCO2";2050;"0";"Sensitivity | Removed policies | Removed diesel efficiency gains";"Diesel"
"OPEX";"Taxes";"IT";"Non-ETS CO2";"Tractor-Trailer";"PROG";"EUR/tCO2";2050;"0";"Sensitivity | Removed policies | Removed diesel efficiency gains";"Diesel"
"OPEX";"Taxes";"NL";"Non-ETS CO2";"Rigid";"BAU";"EUR/tCO2";2050;"0";"Sensitivity | Removed policies | Removed diesel efficiency gains";"Diesel"
"OPEX";"Taxes";"NL";"Non-ETS CO2";"Tractor-Trailer";"BAU";"EUR/tCO2";2050;"0";"Sensitivity | Removed policies | Removed diesel efficiency gains";"Diesel"
"OPEX";"Taxes";"NL";"Non-ETS CO2";"Rigid";"PROG";"EUR/tCO2";2050;"0";"Sensitivity | Removed policies | Removed diesel efficiency gains";"Diesel"
"OPEX";"Taxes";"NL";"Non-ETS CO2";"Tractor-Trailer";"PROG";"EUR/tCO2";2050;"0";"Sensitivity | Removed policies | Removed diesel efficiency gains";"Diesel"
"OPEX";"Taxes";"PL";"Non-ETS CO2";"Rigid";"BAU";"EUR/tCO2";2050;"0";"Sensitivity | Removed policies | Removed diesel efficiency gains";"Diesel"
"OPEX";"Taxes";"PL";"Non-ETS CO2";"Tractor-Trailer";"BAU";"EUR/tCO2";2050;"0";"Sensitivity | Removed policies | Removed diesel efficiency gains";"Diesel"
"OPEX";"Taxes";"PL";"Non-ETS CO2";"Rigid";"PROG";"EUR/tCO2";2050;"0";"Sensitivity | Removed policies | Removed diesel efficiency gains";"Diesel"
"OPEX";"Taxes";"PL";"Non-ETS CO2";"Tractor-Trailer";"PROG";"EUR/tCO2";2050;"0";"Sensitivity | Removed policies | Removed diesel efficiency gains";"Diesel"
"OPEX";"Taxes";"UK";"Non-ETS CO2";"Rigid";"BAU";"EUR/tCO2";2050;"0";"Sensitivity | Removed policies | Removed diesel efficiency gains";"Diesel"
"OPEX";"Taxes";"UK";"Non-ETS CO2";"Tractor-Trailer";"BAU";"EUR/tCO2";2050;"0";"Sensitivity | Removed policies | Removed diesel efficiency gains";"Diesel"
"OPEX";"Taxes";"UK";"Non-ETS CO2";"Rigid";"PROG";"EUR/tCO2";2050;"0";"Sensitivity | Removed policies | Removed diesel efficiency gains";"Diesel"
"OPEX";"Taxes";"UK";"Non-ETS CO2";"Tractor-Trailer";"PROG";"EUR/tCO2";2050;"0";"Sensitivity | Removed policies | Removed diesel efficiency gains";"Diesel"
"OPEX";"Diesel";"FR";"Diesel Price";"Rigid";"BAU";"EUR/kWh";2050;"0.079";"Sensitivity | Removed policies | Removed diesel efficiency gains";"Diesel"
"OPEX";"Diesel";"FR";"Diesel Price";"Tractor-Trailer";"BAU";"EUR/kWh";2050;"0.079";"Sensitivity | Removed policies | Removed diesel efficiency gains";"Diesel"
"OPEX";"Diesel";"FR";"Diesel Price";"Rigid";"PROG";"EUR/kWh";2050;"0.079";"Sensitivity | Removed policies | Removed diesel efficiency gains";"Diesel"
"OPEX";"Diesel";"FR";"Diesel Price";"Tractor-Trailer";"PROG";"EUR/kWh";2050;"0.079";"Sensitivity | Removed policies | Removed diesel efficiency gains";"Diesel"
"OPEX";"Diesel";"DE";"Diesel Price";"Rigid";"BAU";"EUR/kWh";2050;"0.079";"Sensitivity | Removed policies | Removed diesel efficiency gains";"Diesel"
"OPEX";"Diesel";"DE";"Diesel Price";"Tractor-Trailer";"BAU";"EUR/kWh";2050;"0.079";"Sensitivity | Removed policies | Removed diesel efficiency gains";"Diesel"
"OPEX";"Diesel";"DE";"Diesel Price";"Rigid";"PROG";"EUR/kWh";2050;"0.079";"Sensitivity | Removed policies | Removed diesel efficiency gains";"Diesel"
"OPEX";"Diesel";"DE";"Diesel Price";"Tractor-Trailer";"PROG";"EUR/kWh";2050;"0.079";"Sensitivity | Removed policies | Removed diesel efficiency gains";"Diesel"
"OPEX";"Diesel";"ES";"Diesel Price";"Rigid";"BAU";"EUR/kWh";2050;"0.079";"Sensitivity | Removed policies | Removed diesel efficiency gains";"Diesel"
"OPEX";"Diesel";"ES";"Diesel Price";"Tractor-Trailer";"BAU";"EUR/kWh";2050;"0.079";"Sensitivity | Removed policies | Removed diesel efficiency gains";"Diesel"
"OPEX";"Diesel";"ES";"Diesel Price";"Rigid";"PROG";"EUR/kWh";2050;"0.079";"Sensitivity | Removed policies | Removed diesel efficiency gains";"Diesel"
"OPEX";"Diesel";"ES";"Diesel Price";"Tractor-Trailer";"PROG";"EUR/kWh";2050;"0.079";"Sensitivity | Removed policies | Removed diesel efficiency gains";"Diesel"
"OPEX";"Diesel";"IT";"Diesel Price";"Rigid";"BAU";"EUR/kWh";2050;"0.079";"Sensitivity | Removed policies | Removed diesel efficiency gains";"Diesel"
"OPEX";"Diesel";"IT";"Diesel Price";"Tractor-Trailer";"BAU";"EUR/kWh";2050;"0.079";"Sensitivity | Removed policies | Removed diesel efficiency gains";"Diesel"
"OPEX";"Diesel";"IT";"Diesel Price";"Rigid";"PROG";"EUR/kWh";2050;"0.079";"Sensitivity | Removed policies | Removed diesel efficiency gains";"Diesel"
"OPEX";"Diesel";"IT";"Diesel Price";"Tractor-Trailer";"PROG";"EUR/kWh";2050;"0.079";"Sensitivity | Removed policies | Removed diesel efficiency gains";"Diesel"
"OPEX";"Diesel";"NL";"Diesel Price";"Rigid";"BAU";"EUR/kWh";2050;"0.079";"Sensitivity | Removed policies | Removed diesel efficiency gains";"Diesel"
"OPEX";"Diesel";"NL";"Diesel Price";"Tractor-Trailer";"BAU";"EUR/kWh";2050;"0.079";"Sensitivity | Removed policies | Removed diesel efficiency gains";"Diesel"
"OPEX";"Diesel";"NL";"Diesel Price";"Rigid";"PROG";"EUR/kWh";2050;"0.079";"Sensitivity | Removed policies | Removed diesel efficiency gains";"Diesel"
"OPEX";"Diesel";"NL";"Diesel Price";"Tractor-Trailer";"PROG";"EUR/kWh";2050;"0.079";"Sensitivity | Removed policies | Removed diesel efficiency gains";"Diesel"
"OPEX";"Diesel";"PL";"Diesel Price";"Rigid";"BAU";"EUR/kWh";2050;"0.079";"Sensitivity | Removed policies | Removed diesel efficiency gains";"Diesel"
"OPEX";"Diesel";"PL";"Diesel Price";"Tractor-Trailer";"BAU";"EUR/kWh";2050;"0.079";"Sensitivity | Removed policies | Removed diesel efficiency gains";"Diesel"
"OPEX";"Diesel";"PL";"Diesel Price";"Rigid";"PROG";"EUR/kWh";2050;"0.079";"Sensitivity | Removed policies | Removed diesel efficiency gains";"Diesel"
"OPEX";"Diesel";"PL";"Diesel Price";"Tractor-Trailer";"PROG";"EUR/kWh";2050;"0.079";"Sensitivity | Removed policies | Removed diesel efficiency gains";"Diesel"
"OPEX";"Diesel";"UK";"Diesel Price";"Rigid";"BAU";"EUR/kWh";2050;"0.079";"Sensitivity | Removed policies | Removed diesel efficiency gains";"Diesel"
"OPEX";"Diesel";"UK";"Diesel Price";"Tractor-Trailer";"BAU";"EUR/kWh";2050;"0.079";"Sensitivity | Removed policies | Removed diesel efficiency gains";"Diesel"
"OPEX";"Diesel";"UK";"Diesel Price";"Rigid";"PROG";"EUR/kWh";2050;"0.079";"Sensitivity | Removed policies | Removed diesel efficiency gains";"Diesel"
"OPEX";"Diesel";"UK";"Diesel Price";"Tractor-Trailer";"PROG";"EUR/kWh";2050;"0.079";"Sensitivity | Removed policies | Removed diesel efficiency gains";"Diesel"
"OPEX";"Diesel";"FR";"Biodiesel Price";"Rigid";"BAU";"EUR/kWh";2030;"0.141";"Sensitivity | Removed policies | Removed diesel efficiency gains";"Diesel"
"OPEX";"Diesel";"FR";"Biodiesel Price";"Tractor-Trailer";"BAU";"EUR/kWh";2030;"0.141";"Sensitivity | Removed policies | Removed diesel efficiency gains";"Diesel"
"OPEX";"Diesel";"DE";"Biodiesel Price";"Rigid";"BAU";"EUR/kWh";2030;"0.141";"Sensitivity | Removed policies | Removed diesel efficiency gains";"Diesel"
"OPEX";"Diesel";"DE";"Biodiesel Price";"Tractor-Trailer";"BAU";"EUR/kWh";2030;"0.141";"Sensitivity | Removed policies | Removed diesel efficiency gains";"Diesel"
"OPEX";"Diesel";"ES";"Biodiesel Price";"Rigid";"BAU";"EUR/kWh";2030;"0.141";"Sensitivity | Removed policies | Removed diesel efficiency gains";"Diesel"
"OPEX";"Diesel";"ES";"Biodiesel Price";"Tractor-Trailer";"BAU";"EUR/kWh";2030;"0.141";"Sensitivity | Removed policies | Removed diesel efficiency gains";"Diesel"
"OPEX";"Diesel";"IT";"Biodiesel Price";"Rigid";"BAU";"EUR/kWh";2030;"0.141";"Sensitivity | Removed policies | Removed diesel efficiency gains";"Diesel"
"OPEX";"Diesel";"IT";"Biodiesel Price";"Tractor-Trailer";"BAU";"EUR/kWh";2030;"0.141";"Sensitivity | Removed policies | Removed diesel efficiency gains";"Diesel"
"OPEX";"Diesel";"NL";"Biodiesel Price";"Rigid";"BAU";"EUR/kWh";2030;"0.141";"Sensitivity | Removed policies | Removed diesel efficiency gains";"Diesel"
"OPEX";"Diesel";"NL";"Biodiesel Price";"Tractor-Trailer";"BAU";"EUR/kWh";2030;"0.141";"Sensitivity | Removed policies | Removed diesel efficiency gains";"Diesel"
"OPEX";"Diesel";"PL";"Biodiesel Price";"Rigid";"BAU";"EUR/kWh";2030;"0.141";"Sensitivity | Removed policies | Removed diesel efficiency gains";"Diesel"
"OPEX";"Diesel";"PL";"Biodiesel Price";"Tractor-Trailer";"BAU";"EUR/kWh";2030;"0.141";"Sensitivity | Removed policies | Removed diesel efficiency gains";"Diesel"
"OPEX";"Diesel";"UK";"Biodiesel Price";"Rigid";"BAU";"EUR/kWh";2030;"0.141";"Sensitivity | Removed policies | Removed diesel efficiency gains";"Diesel"
"OPEX";"Diesel";"UK";"Biodiesel Price";"Tractor-Trailer";"BAU";"EUR/kWh";2030;"0.141";"Sensitivity | Removed policies | Removed diesel efficiency gains";"Diesel"
"OPEX";"Diesel";"DE";"Pt-Diesel Price";"Rigid";"BAU";"EUR/kWh";2030;"0.26";"Sensitivity | Removed policies | Removed diesel efficiency gains";"Diesel"
"OPEX";"Diesel";"DE";"Pt-Diesel Price";"Tractor-Trailer";"BAU";"EUR/kWh";2030;"0.26";"Sensitivity | Removed policies | Removed diesel efficiency gains";"Diesel"
"OPEX";"Diesel";"ES";"Pt-Diesel Price";"Rigid";"BAU";"EUR/kWh";2030;"0.26";"Sensitivity | Removed policies | Removed diesel efficiency gains";"Diesel"
"OPEX";"Diesel";"ES";"Pt-Diesel Price";"Tractor-Trailer";"BAU";"EUR/kWh";2030;"0.26";"Sensitivity | Removed policies | Removed diesel efficiency gains";"Diesel"
"OPEX";"Diesel";"FR";"Pt-Diesel Price";"Rigid";"BAU";"EUR/kWh";2030;"0.26";"Sensitivity | Removed policies | Removed diesel efficiency gains";"Diesel"
"OPEX";"Diesel";"FR";"Pt-Diesel Price";"Tractor-Trailer";"BAU";"EUR/kWh";2030;"0.26";"Sensitivity | Removed policies | Removed diesel efficiency gains";"Diesel"
"OPEX";"Diesel";"IT";"Pt-Diesel Price";"Rigid";"BAU";"EUR/kWh";2030;"0.26";"Sensitivity | Removed policies | Removed diesel efficiency gains";"Diesel"
"OPEX";"Diesel";"IT";"Pt-Diesel Price";"Tractor-Trailer";"BAU";"EUR/kWh";2030;"0.26";"Sensitivity | Removed policies | Removed diesel efficiency gains";"Diesel"
"OPEX";"Diesel";"NL";"Pt-Diesel Price";"Rigid";"BAU";"EUR/kWh";2030;"0.26";"Sensitivity | Removed policies | Removed diesel efficiency gains";"Diesel"
"OPEX";"Diesel";"NL";"Pt-Diesel Price";"Tractor-Trailer";"BAU";"EUR/kWh";2030;"0.26";"Sensitivity | Removed policies | Removed diesel efficiency gains";"Diesel"
"OPEX";"Diesel";"PL";"Pt-Diesel Price";"Rigid";"BAU";"EUR/kWh";2030;"0.26";"Sensitivity | Removed policies | Removed diesel efficiency gains";"Diesel"
"OPEX";"Diesel";"PL";"Pt-Diesel Price";"Tractor-Trailer";"BAU";"EUR/kWh";2030;"0.26";"Sensitivity | Removed policies | Removed diesel efficiency gains";"Diesel"
"OPEX";"Diesel";"UK";"Pt-Diesel Price";"Rigid";"BAU";"EUR/kWh";2030;"0.26";"Sensitivity | Removed policies | Removed diesel efficiency gains";"Diesel"
"OPEX";"Diesel";"UK";"Pt-Diesel Price";"Tractor-Trailer";"BAU";"EUR/kWh";2030;"0.26";"Sensitivity | Removed policies | Removed diesel efficiency gains";"Diesel"
"OPEX";"Electricity";"DE";"Electricity Price";"Rigid";"BAU";"EUR/kWh";2030;"0.086";"Sensitivity | Removed policies | Removed diesel efficiency gains";"Electricity"
"OPEX";"Electricity";"DE";"Electricity Price";"Tractor-Trailer";"BAU";"EUR/kWh";2030;"0.086";"Sensitivity | Removed policies | Removed diesel efficiency gains";"Electricity"
"OPEX";"Electricity";"ES";"Electricity Price";"Rigid";"BAU";"EUR/kWh";2030;"0.086";"Sensitivity | Removed policies | Removed diesel efficiency gains";"Electricity"
"OPEX";"Electricity";"ES";"Electricity Price";"Tractor-Trailer";"BAU";"EUR/kWh";2030;"0.086";"Sensitivity | Removed policies | Removed diesel efficiency gains";"Electricity"
"OPEX";"Electricity";"FR";"Electricity Price";"Rigid";"BAU";"EUR/kWh";2030;"0.086";"Sensitivity | Removed policies | Removed diesel efficiency gains";"Electricity"
"OPEX";"Electricity";"FR";"Electricity Price";"Tractor-Trailer";"BAU";"EUR/kWh";2030;"0.086";"Sensitivity | Removed policies | Removed diesel efficiency gains";"Electricity"
"OPEX";"Electricity";"IT";"Electricity Price";"Rigid";"BAU";"EUR/kWh";2030;"0.086";"Sensitivity | Removed policies | Removed diesel efficiency gains";"Electricity"
"OPEX";"Electricity";"IT";"Electricity Price";"Tractor-Trailer";"BAU";"EUR/kWh";2030;"0.086";"Sensitivity | Removed policies | Removed diesel efficiency gains";"Electricity"
"OPEX";"Electricity";"NL";"Electricity Price";"Rigid";"BAU";"EUR/kWh";2030;"0.086";"Sensitivity | Removed policies | Removed diesel efficiency gains";"Electricity"
"OPEX";"Electricity";"NL";"Electricity Price";"Tractor-Trailer";"BAU";"EUR/kWh";2030;"0.086";"Sensitivity | Removed policies | Removed diesel efficiency gains";"Electricity"
"OPEX";"Electricity";"PL";"Electricity Price";"Rigid";"BAU";"EUR/kWh";2030;"0.086";"Sensitivity | Removed policies | Removed diesel efficiency gains";"Electricity"
"OPEX";"Electricity";"PL";"Electricity Price";"Tractor-Trailer";"BAU";"EUR/kWh";2030;"0.086";"Sensitivity | Removed policies | Removed diesel efficiency gains";"Electricity"
"OPEX";"Electricity";"UK";"Electricity Price";"Rigid";"BAU";"EUR/kWh";2030;"0.086";"Sensitivity | Removed policies | Removed diesel efficiency gains";"Electricity"
"OPEX";"Electricity";"UK";"Electricity Price";"Tractor-Trailer";"BAU";"EUR/kWh";2030;"0.086";"Sensitivity | Removed policies | Removed diesel efficiency gains";"Electricity"
"OPEX";"Hydrogen";"DE";"Hydrogen Price";"Rigid";"BAU";"EUR/kWh";2030;"0.168";"Sensitivity | Removed policies | Removed diesel efficiency gains";"Hydrogen"
"OPEX";"Hydrogen";"DE";"Hydrogen Price";"Tractor-Trailer";"BAU";"EUR/kWh";2030;"0.168";"Sensitivity | Removed policies | Removed diesel efficiency gains";"Hydrogen"
"OPEX";"Hydrogen";"ES";"Hydrogen Price";"Rigid";"BAU";"EUR/kWh";2030;"0.168";"Sensitivity | Removed policies | Removed diesel efficiency gains";"Hydrogen"
"OPEX";"Hydrogen";"ES";"Hydrogen Price";"Tractor-Trailer";"BAU";"EUR/kWh";2030;"0.168";"Sensitivity | Removed policies | Removed diesel efficiency gains";"Hydrogen"
"OPEX";"Hydrogen";"FR";"Hydrogen Price";"Rigid";"BAU";"EUR/kWh";2030;"0.168";"Sensitivity | Removed policies | Removed diesel efficiency gains";"Hydrogen"
"OPEX";"Hydrogen";"FR";"Hydrogen Price";"Tractor-Trailer";"BAU";"EUR/kWh";2030;"0.168";"Sensitivity | Removed policies | Removed diesel efficiency gains";"Hydrogen"
"OPEX";"Hydrogen";"IT";"Hydrogen Price";"Rigid";"BAU";"EUR/kWh";2030;"0.168";"Sensitivity | Removed policies | Removed diesel efficiency gains";"Hydrogen"
"OPEX";"Hydrogen";"IT";"Hydrogen Price";"Tractor-Trailer";"BAU";"EUR/kWh";2030;"0.168";"Sensitivity | Removed policies | Removed diesel efficiency gains";"Hydrogen"
"OPEX";"Hydrogen";"NL";"Hydrogen Price";"Rigid";"BAU";"EUR/kWh";2030;"0.168";"Sensitivity | Removed policies | Removed diesel efficiency gains";"Hydrogen"
"OPEX";"Hydrogen";"NL";"Hydrogen Price";"Tractor-Trailer";"BAU";"EUR/kWh";2030;"0.168";"Sensitivity | Removed policies | Removed diesel efficiency gains";"Hydrogen"
"OPEX";"Hydrogen";"PL";"Hydrogen Price";"Rigid";"BAU";"EUR/kWh";2030;"0.168";"Sensitivity | Removed policies | Removed diesel efficiency gains";"Hydrogen"
"OPEX";"Hydrogen";"PL";"Hydrogen Price";"Tractor-Trailer";"BAU";"EUR/kWh";2030;"0.168";"Sensitivity | Removed policies | Removed diesel efficiency gains";"Hydrogen"
"OPEX";"Hydrogen";"UK";"Hydrogen Price";"Rigid";"BAU";"EUR/kWh";2030;"0.168";"Sensitivity | Removed policies | Removed diesel efficiency gains";"Hydrogen"
"OPEX";"Hydrogen";"UK";"Hydrogen Price";"Tractor-Trailer";"BAU";"EUR/kWh";2030;"0.168";"Sensitivity | Removed policies | Removed diesel efficiency gains";"Hydrogen"
"OPEX";"Diesel";"FR";"Biodiesel Price";"Rigid";"BAU";"EUR/kWh";2035;"0.159";"Sensitivity | Removed policies | Removed diesel efficiency gains";"Diesel"
"OPEX";"Diesel";"FR";"Biodiesel Price";"Tractor-Trailer";"BAU";"EUR/kWh";2035;"0.159";"Sensitivity | Removed policies | Removed diesel efficiency gains";"Diesel"
"OPEX";"Diesel";"DE";"Biodiesel Price";"Rigid";"BAU";"EUR/kWh";2035;"0.159";"Sensitivity | Removed policies | Removed diesel efficiency gains";"Diesel"
"OPEX";"Diesel";"DE";"Biodiesel Price";"Tractor-Trailer";"BAU";"EUR/kWh";2035;"0.159";"Sensitivity | Removed policies | Removed diesel efficiency gains";"Diesel"
"OPEX";"Diesel";"ES";"Biodiesel Price";"Rigid";"BAU";"EUR/kWh";2035;"0.159";"Sensitivity | Removed policies | Removed diesel efficiency gains";"Diesel"
"OPEX";"Diesel";"ES";"Biodiesel Price";"Tractor-Trailer";"BAU";"EUR/kWh";2035;"0.159";"Sensitivity | Removed policies | Removed diesel efficiency gains";"Diesel"
"OPEX";"Diesel";"IT";"Biodiesel Price";"Rigid";"BAU";"EUR/kWh";2035;"0.159";"Sensitivity | Removed policies | Removed diesel efficiency gains";"Diesel"
"OPEX";"Diesel";"IT";"Biodiesel Price";"Tractor-Trailer";"BAU";"EUR/kWh";2035;"0.159";"Sensitivity | Removed policies | Removed diesel efficiency gains";"Diesel"
"OPEX";"Diesel";"NL";"Biodiesel Price";"Rigid";"BAU";"EUR/kWh";2035;"0.159";"Sensitivity | Removed policies | Removed diesel efficiency gains";"Diesel"
"OPEX";"Diesel";"NL";"Biodiesel Price";"Tractor-Trailer";"BAU";"EUR/kWh";2035;"0.159";"Sensitivity | Removed policies | Removed diesel efficiency gains";"Diesel"
"OPEX";"Diesel";"PL";"Biodiesel Price";"Rigid";"BAU";"EUR/kWh";2035;"0.159";"Sensitivity | Removed policies | Removed diesel efficiency gains";"Diesel"
"OPEX";"Diesel";"PL";"Biodiesel Price";"Tractor-Trailer";"BAU";"EUR/kWh";2035;"0.159";"Sensitivity | Removed policies | Removed diesel efficiency gains";"Diesel"
"OPEX";"Diesel";"UK";"Biodiesel Price";"Rigid";"BAU";"EUR/kWh";2035;"0.159";"Sensitivity | Removed policies | Removed diesel efficiency gains";"Diesel"
"OPEX";"Diesel";"UK";"Biodiesel Price";"Tractor-Trailer";"BAU";"EUR/kWh";2035;"0.159";"Sensitivity | Removed policies | Removed diesel efficiency gains";"Diesel"
"OPEX";"Diesel";"DE";"Pt-Diesel Price";"Rigid";"BAU";"EUR/kWh";2035;"0.239";"Sensitivity | Removed policies | Removed diesel efficiency gains";"Diesel"
"OPEX";"Diesel";"DE";"Pt-Diesel Price";"Tractor-Trailer";"BAU";"EUR/kWh";2035;"0.239";"Sensitivity | Removed policies | Removed diesel efficiency gains";"Diesel"
"OPEX";"Diesel";"ES";"Pt-Diesel Price";"Rigid";"BAU";"EUR/kWh";2035;"0.239";"Sensitivity | Removed policies | Removed diesel efficiency gains";"Diesel"
"OPEX";"Diesel";"ES";"Pt-Diesel Price";"Tractor-Trailer";"BAU";"EUR/kWh";2035;"0.239";"Sensitivity | Removed policies | Removed diesel efficiency gains";"Diesel"
"OPEX";"Diesel";"FR";"Pt-Diesel Price";"Rigid";"BAU";"EUR/kWh";2035;"0.239";"Sensitivity | Removed policies | Removed diesel efficiency gains";"Diesel"
"OPEX";"Diesel";"FR";"Pt-Diesel Price";"Tractor-Trailer";"BAU";"EUR/kWh";2035;"0.239";"Sensitivity | Removed policies | Removed diesel efficiency gains";"Diesel"
"OPEX";"Diesel";"IT";"Pt-Diesel Price";"Rigid";"BAU";"EUR/kWh";2035;"0.239";"Sensitivity | Removed policies | Removed diesel efficiency gains";"Diesel"
"OPEX";"Diesel";"IT";"Pt-Diesel Price";"Tractor-Trailer";"BAU";"EUR/kWh";2035;"0.239";"Sensitivity | Removed policies | Removed diesel efficiency gains";"Diesel"
"OPEX";"Diesel";"NL";"Pt-Diesel Price";"Rigid";"BAU";"EUR/kWh";2035;"0.239";"Sensitivity | Removed policies | Removed diesel efficiency gains";"Diesel"
"OPEX";"Diesel";"NL";"Pt-Diesel Price";"Tractor-Trailer";"BAU";"EUR/kWh";2035;"0.239";"Sensitivity | Removed policies | Removed diesel efficiency gains";"Diesel"
"OPEX";"Diesel";"PL";"Pt-Diesel Price";"Rigid";"BAU";"EUR/kWh";2035;"0.239";"Sensitivity | Removed policies | Removed diesel efficiency gains";"Diesel"
"OPEX";"Diesel";"PL";"Pt-Diesel Price";"Tractor-Trailer";"BAU";"EUR/kWh";2035;"0.239";"Sensitivity | Removed policies | Removed diesel efficiency gains";"Diesel"
"OPEX";"Diesel";"UK";"Pt-Diesel Price";"Rigid";"BAU";"EUR/kWh";2035;"0.239";"Sensitivity | Removed policies | Removed diesel efficiency gains";"Diesel"
"OPEX";"Diesel";"UK";"Pt-Diesel Price";"Tractor-Trailer";"BAU";"EUR/kWh";2035;"0.239";"Sensitivity | Removed policies | Removed diesel efficiency gains";"Diesel"
"OPEX";"Electricity";"DE";"Electricity Price";"Rigid";"BAU";"EUR/kWh";2035;"0.076";"Sensitivity | Removed policies | Removed diesel efficiency gains";"Electricity"
"OPEX";"Electricity";"DE";"Electricity Price";"Tractor-Trailer";"BAU";"EUR/kWh";2035;"0.076";"Sensitivity | Removed policies | Removed diesel efficiency gains";"Electricity"
"OPEX";"Electricity";"ES";"Electricity Price";"Rigid";"BAU";"EUR/kWh";2035;"0.076";"Sensitivity | Removed policies | Removed diesel efficiency gains";"Electricity"
"OPEX";"Electricity";"ES";"Electricity Price";"Tractor-Trailer";"BAU";"EUR/kWh";2035;"0.076";"Sensitivity | Removed policies | Removed diesel efficiency gains";"Electricity"
"OPEX";"Electricity";"FR";"Electricity Price";"Rigid";"BAU";"EUR/kWh";2035;"0.076";"Sensitivity | Removed policies | Removed diesel efficiency gains";"Electricity"
"OPEX";"Electricity";"FR";"Electricity Price";"Tractor-Trailer";"BAU";"EUR/kWh";2035;"0.076";"Sensitivity | Removed policies | Removed diesel efficiency gains";"Electricity"
"OPEX";"Electricity";"IT";"Electricity Price";"Rigid";"BAU";"EUR/kWh";2035;"0.076";"Sensitivity | Removed policies | Removed diesel efficiency gains";"Electricity"
"OPEX";"Electricity";"IT";"Electricity Price";"Tractor-Trailer";"BAU";"EUR/kWh";2035;"0.076";"Sensitivity | Removed policies | Removed diesel efficiency gains";"Electricity"
"OPEX";"Electricity";"NL";"Electricity Price";"Rigid";"BAU";"EUR/kWh";2035;"0.076";"Sensitivity | Removed policies | Removed diesel efficiency gains";"Electricity"
"OPEX";"Electricity";"NL";"Electricity Price";"Tractor-Trailer";"BAU";"EUR/kWh";2035;"0.076";"Sensitivity | Removed policies | Removed diesel efficiency gains";"Electricity"
"OPEX";"Electricity";"PL";"Electricity Price";"Rigid";"BAU";"EUR/kWh";2035;"0.076";"Sensitivity | Removed policies | Removed diesel efficiency gains";"Electricity"
"OPEX";"Electricity";"PL";"Electricity Price";"Tractor-Trailer";"BAU";"EUR/kWh";2035;"0.076";"Sensitivity | Removed policies | Removed diesel efficiency gains";"Electricity"
"OPEX";"Electricity";"UK";"Electricity Price";"Rigid";"BAU";"EUR/kWh";2035;"0.076";"Sensitivity | Removed policies | Removed diesel efficiency gains";"Electricity"
"OPEX";"Electricity";"UK";"Electricity Price";"Tractor-Trailer";"BAU";"EUR/kWh";2035;"0.076";"Sensitivity | Removed policies | Removed diesel efficiency gains";"Electricity"
"OPEX";"Hydrogen";"DE";"Hydrogen Price";"Rigid";"BAU";"EUR/kWh";2035;"0.151";"Sensitivity | Removed policies | Removed diesel efficiency gains";"Hydrogen"
"OPEX";"Hydrogen";"DE";"Hydrogen Price";"Tractor-Trailer";"BAU";"EUR/kWh";2035;"0.151";"Sensitivity | Removed policies | Removed diesel efficiency gains";"Hydrogen"
"OPEX";"Hydrogen";"ES";"Hydrogen Price";"Rigid";"BAU";"EUR/kWh";2035;"0.151";"Sensitivity | Removed policies | Removed diesel efficiency gains";"Hydrogen"
"OPEX";"Hydrogen";"ES";"Hydrogen Price";"Tractor-Trailer";"BAU";"EUR/kWh";2035;"0.151";"Sensitivity | Removed policies | Removed diesel efficiency gains";"Hydrogen"
"OPEX";"Hydrogen";"FR";"Hydrogen Price";"Rigid";"BAU";"EUR/kWh";2035;"0.151";"Sensitivity | Removed policies | Removed diesel efficiency gains";"Hydrogen"
"OPEX";"Hydrogen";"FR";"Hydrogen Price";"Tractor-Trailer";"BAU";"EUR/kWh";2035;"0.151";"Sensitivity | Removed policies | Removed diesel efficiency gains";"Hydrogen"
"OPEX";"Hydrogen";"IT";"Hydrogen Price";"Rigid";"BAU";"EUR/kWh";2035;"0.151";"Sensitivity | Removed policies | Removed diesel efficiency gains";"Hydrogen"
"OPEX";"Hydrogen";"IT";"Hydrogen Price";"Tractor-Trailer";"BAU";"EUR/kWh";2035;"0.151";"Sensitivity | Removed policies | Removed diesel efficiency gains";"Hydrogen"
"OPEX";"Hydrogen";"NL";"Hydrogen Price";"Rigid";"BAU";"EUR/kWh";2035;"0.151";"Sensitivity | Removed policies | Removed diesel efficiency gains";"Hydrogen"
"OPEX";"Hydrogen";"NL";"Hydrogen Price";"Tractor-Trailer";"BAU";"EUR/kWh";2035;"0.151";"Sensitivity | Removed policies | Removed diesel efficiency gains";"Hydrogen"
"OPEX";"Hydrogen";"PL";"Hydrogen Price";"Rigid";"BAU";"EUR/kWh";2035;"0.151";"Sensitivity | Removed policies | Removed diesel efficiency gains";"Hydrogen"
"OPEX";"Hydrogen";"PL";"Hydrogen Price";"Tractor-Trailer";"BAU";"EUR/kWh";2035;"0.151";"Sensitivity | Removed policies | Removed diesel efficiency gains";"Hydrogen"
"OPEX";"Hydrogen";"UK";"Hydrogen Price";"Rigid";"BAU";"EUR/kWh";2035;"0.151";"Sensitivity | Removed policies | Removed diesel efficiency gains";"Hydrogen"
"OPEX";"Hydrogen";"UK";"Hydrogen Price";"Tractor-Trailer";"BAU";"EUR/kWh";2035;"0.151";"Sensitivity | Removed policies | Removed diesel efficiency gains";"Hydrogen"
"OPEX";"Diesel";"FR";"Biodiesel Price";"Rigid";"BAU";"EUR/kWh";2040;"0.172";"Sensitivity | Removed policies | Removed diesel efficiency gains";"Diesel"
"OPEX";"Diesel";"FR";"Biodiesel Price";"Tractor-Trailer";"BAU";"EUR/kWh";2040;"0.172";"Sensitivity | Removed policies | Removed diesel efficiency gains";"Diesel"
"OPEX";"Diesel";"DE";"Biodiesel Price";"Rigid";"BAU";"EUR/kWh";2040;"0.172";"Sensitivity | Removed policies | Removed diesel efficiency gains";"Diesel"
"OPEX";"Diesel";"DE";"Biodiesel Price";"Tractor-Trailer";"BAU";"EUR/kWh";2040;"0.172";"Sensitivity | Removed policies | Removed diesel efficiency gains";"Diesel"
"OPEX";"Diesel";"ES";"Biodiesel Price";"Rigid";"BAU";"EUR/kWh";2040;"0.172";"Sensitivity | Removed policies | Removed diesel efficiency gains";"Diesel"
"OPEX";"Diesel";"ES";"Biodiesel Price";"Tractor-Trailer";"BAU";"EUR/kWh";2040;"0.172";"Sensitivity | Removed policies | Removed diesel efficiency gains";"Diesel"
"OPEX";"Diesel";"IT";"Biodiesel Price";"Rigid";"BAU";"EUR/kWh";2040;"0.172";"Sensitivity | Removed policies | Removed diesel efficiency gains";"Diesel"
"OPEX";"Diesel";"IT";"Biodiesel Price";"Tractor-Trailer";"BAU";"EUR/kWh";2040;"0.172";"Sensitivity | Removed policies | Removed diesel efficiency gains";"Diesel"
"OPEX";"Diesel";"NL";"Biodiesel Price";"Rigid";"BAU";"EUR/kWh";2040;"0.172";"Sensitivity | Removed policies | Removed diesel efficiency gains";"Diesel"
"OPEX";"Diesel";"NL";"Biodiesel Price";"Tractor-Trailer";"BAU";"EUR/kWh";2040;"0.172";"Sensitivity | Removed policies | Removed diesel efficiency gains";"Diesel"
"OPEX";"Diesel";"PL";"Biodiesel Price";"Rigid";"BAU";"EUR/kWh";2040;"0.172";"Sensitivity | Removed policies | Removed diesel efficiency gains";"Diesel"
"OPEX";"Diesel";"PL";"Biodiesel Price";"Tractor-Trailer";"BAU";"EUR/kWh";2040;"0.172";"Sensitivity | Removed policies | Removed diesel efficiency gains";"Diesel"
"OPEX";"Diesel";"UK";"Biodiesel Price";"Rigid";"BAU";"EUR/kWh";2040;"0.172";"Sensitivity | Removed policies | Removed diesel efficiency gains";"Diesel"
"OPEX";"Diesel";"UK";"Biodiesel Price";"Tractor-Trailer";"BAU";"EUR/kWh";2040;"0.172";"Sensitivity | Removed policies | Removed diesel efficiency gains";"Diesel"
"OPEX";"Diesel";"DE";"Pt-Diesel Price";"Rigid";"BAU";"EUR/kWh";2040;"0.218";"Sensitivity | Removed policies | Removed diesel efficiency gains";"Diesel"
"OPEX";"Diesel";"DE";"Pt-Diesel Price";"Tractor-Trailer";"BAU";"EUR/kWh";2040;"0.218";"Sensitivity | Removed policies | Removed diesel efficiency gains";"Diesel"
"OPEX";"Diesel";"ES";"Pt-Diesel Price";"Rigid";"BAU";"EUR/kWh";2040;"0.218";"Sensitivity | Removed policies | Removed diesel efficiency gains";"Diesel"
"OPEX";"Diesel";"ES";"Pt-Diesel Price";"Tractor-Trailer";"BAU";"EUR/kWh";2040;"0.218";"Sensitivity | Removed policies | Removed diesel efficiency gains";"Diesel"
"OPEX";"Diesel";"FR";"Pt-Diesel Price";"Rigid";"BAU";"EUR/kWh";2040;"0.218";"Sensitivity | Removed policies | Removed diesel efficiency gains";"Diesel"
"OPEX";"Diesel";"FR";"Pt-Diesel Price";"Tractor-Trailer";"BAU";"EUR/kWh";2040;"0.218";"Sensitivity | Removed policies | Removed diesel efficiency gains";"Diesel"
"OPEX";"Diesel";"IT";"Pt-Diesel Price";"Rigid";"BAU";"EUR/kWh";2040;"0.218";"Sensitivity | Removed policies | Removed diesel efficiency gains";"Diesel"
"OPEX";"Diesel";"IT";"Pt-Diesel Price";"Tractor-Trailer";"BAU";"EUR/kWh";2040;"0.218";"Sensitivity | Removed policies | Removed diesel efficiency gains";"Diesel"
"OPEX";"Diesel";"NL";"Pt-Diesel Price";"Rigid";"BAU";"EUR/kWh";2040;"0.218";"Sensitivity | Removed policies | Removed diesel efficiency gains";"Diesel"
"OPEX";"Diesel";"NL";"Pt-Diesel Price";"Tractor-Trailer";"BAU";"EUR/kWh";2040;"0.218";"Sensitivity | Removed policies | Removed diesel efficiency gains";"Diesel"
"OPEX";"Diesel";"PL";"Pt-Diesel Price";"Rigid";"BAU";"EUR/kWh";2040;"0.218";"Sensitivity | Removed policies | Removed diesel efficiency gains";"Diesel"
"OPEX";"Diesel";"PL";"Pt-Diesel Price";"Tractor-Trailer";"BAU";"EUR/kWh";2040;"0.218";"Sensitivity | Removed policies | Removed diesel efficiency gains";"Diesel"
"OPEX";"Diesel";"UK";"Pt-Diesel Price";"Rigid";"BAU";"EUR/kWh";2040;"0.218";"Sensitivity | Removed policies | Removed diesel efficiency gains";"Diesel"
"OPEX";"Diesel";"UK";"Pt-Diesel Price";"Tractor-Trailer";"BAU";"EUR/kWh";2040;"0.218";"Sensitivity | Removed policies | Removed diesel efficiency gains";"Diesel"
"OPEX";"Electricity";"DE";"Electricity Price";"Rigid";"BAU";"EUR/kWh";2040;"0.071";"Sensitivity | Removed policies | Removed diesel efficiency gains";"Electricity"
"OPEX";"Electricity";"DE";"Electricity Price";"Tractor-Trailer";"BAU";"EUR/kWh";2040;"0.071";"Sensitivity | Removed policies | Removed diesel efficiency gains";"Electricity"
"OPEX";"Electricity";"ES";"Electricity Price";"Rigid";"BAU";"EUR/kWh";2040;"0.071";"Sensitivity | Removed policies | Removed diesel efficiency gains";"Electricity"
"OPEX";"Electricity";"ES";"Electricity Price";"Tractor-Trailer";"BAU";"EUR/kWh";2040;"0.071";"Sensitivity | Removed policies | Removed diesel efficiency gains";"Electricity"
"OPEX";"Electricity";"FR";"Electricity Price";"Rigid";"BAU";"EUR/kWh";2040;"0.071";"Sensitivity | Removed policies | Removed diesel efficiency gains";"Electricity"
"OPEX";"Electricity";"FR";"Electricity Price";"Tractor-Trailer";"BAU";"EUR/kWh";2040;"0.071";"Sensitivity | Removed policies | Removed diesel efficiency gains";"Electricity"
"OPEX";"Electricity";"IT";"Electricity Price";"Rigid";"BAU";"EUR/kWh";2040;"0.071";"Sensitivity | Removed policies | Removed diesel efficiency gains";"Electricity"
"OPEX";"Electricity";"IT";"Electricity Price";"Tractor-Trailer";"BAU";"EUR/kWh";2040;"0.071";"Sensitivity | Removed policies | Removed diesel efficiency gains";"Electricity"
"OPEX";"Electricity";"NL";"Electricity Price";"Rigid";"BAU";"EUR/kWh";2040;"0.071";"Sensitivity | Removed policies | Removed diesel efficiency gains";"Electricity"
"OPEX";"Electricity";"NL";"Electricity Price";"Tractor-Trailer";"BAU";"EUR/kWh";2040;"0.071";"Sensitivity | Removed policies | Removed diesel efficiency gains";"Electricity"
"OPEX";"Electricity";"PL";"Electricity Price";"Rigid";"BAU";"EUR/kWh";2040;"0.071";"Sensitivity | Removed policies | Removed diesel efficiency gains";"Electricity"
"OPEX";"Electricity";"PL";"Electricity Price";"Tractor-Trailer";"BAU";"EUR/kWh";2040;"0.071";"Sensitivity | Removed policies | Removed diesel efficiency gains";"Electricity"
"OPEX";"Electricity";"UK";"Electricity Price";"Rigid";"BAU";"EUR/kWh";2040;"0.071";"Sensitivity | Removed policies | Removed diesel efficiency gains";"Electricity"
"OPEX";"Electricity";"UK";"Electricity Price";"Tractor-Trailer";"BAU";"EUR/kWh";2040;"0.071";"Sensitivity | Removed policies | Removed diesel efficiency gains";"Electricity"
"OPEX";"Hydrogen";"DE";"Hydrogen Price";"Rigid";"BAU";"EUR/kWh";2040;"0.134";"Sensitivity | Removed policies | Removed diesel efficiency gains";"Hydrogen"
"OPEX";"Hydrogen";"DE";"Hydrogen Price";"Tractor-Trailer";"BAU";"EUR/kWh";2040;"0.134";"Sensitivity | Removed policies | Removed diesel efficiency gains";"Hydrogen"
"OPEX";"Hydrogen";"ES";"Hydrogen Price";"Rigid";"BAU";"EUR/kWh";2040;"0.134";"Sensitivity | Removed policies | Removed diesel efficiency gains";"Hydrogen"
"OPEX";"Hydrogen";"ES";"Hydrogen Price";"Tractor-Trailer";"BAU";"EUR/kWh";2040;"0.134";"Sensitivity | Removed policies | Removed diesel efficiency gains";"Hydrogen"
"OPEX";"Hydrogen";"FR";"Hydrogen Price";"Rigid";"BAU";"EUR/kWh";2040;"0.134";"Sensitivity | Removed policies | Removed diesel efficiency gains";"Hydrogen"
"OPEX";"Hydrogen";"FR";"Hydrogen Price";"Tractor-Trailer";"BAU";"EUR/kWh";2040;"0.134";"Sensitivity | Removed policies | Removed diesel efficiency gains";"Hydrogen"
"OPEX";"Hydrogen";"IT";"Hydrogen Price";"Rigid";"BAU";"EUR/kWh";2040;"0.134";"Sensitivity | Removed policies | Removed diesel efficiency gains";"Hydrogen"
"OPEX";"Hydrogen";"IT";"Hydrogen Price";"Tractor-Trailer";"BAU";"EUR/kWh";2040;"0.134";"Sensitivity | Removed policies | Removed diesel efficiency gains";"Hydrogen"
"OPEX";"Hydrogen";"NL";"Hydrogen Price";"Rigid";"BAU";"EUR/kWh";2040;"0.134";"Sensitivity | Removed policies | Removed diesel efficiency gains";"Hydrogen"
"OPEX";"Hydrogen";"NL";"Hydrogen Price";"Tractor-Trailer";"BAU";"EUR/kWh";2040;"0.134";"Sensitivity | Removed policies | Removed diesel efficiency gains";"Hydrogen"
"OPEX";"Hydrogen";"PL";"Hydrogen Price";"Rigid";"BAU";"EUR/kWh";2040;"0.134";"Sensitivity | Removed policies | Removed diesel efficiency gains";"Hydrogen"
"OPEX";"Hydrogen";"PL";"Hydrogen Price";"Tractor-Trailer";"BAU";"EUR/kWh";2040;"0.134";"Sensitivity | Removed policies | Removed diesel efficiency gains";"Hydrogen"
"OPEX";"Hydrogen";"UK";"Hydrogen Price";"Rigid";"BAU";"EUR/kWh";2040;"0.134";"Sensitivity | Removed policies | Removed diesel efficiency gains";"Hydrogen"
"OPEX";"Hydrogen";"UK";"Hydrogen Price";"Tractor-Trailer";"BAU";"EUR/kWh";2040;"0.134";"Sensitivity | Removed policies | Removed diesel efficiency gains";"Hydrogen"
"OPEX";"Diesel";"FR";"Biodiesel Price";"Rigid";"BAU";"EUR/kWh";2045;"0.17";"Sensitivity | Removed policies | Removed diesel efficiency gains";"Diesel"
"OPEX";"Diesel";"FR";"Biodiesel Price";"Tractor-Trailer";"BAU";"EUR/kWh";2045;"0.17";"Sensitivity | Removed policies | Removed diesel efficiency gains";"Diesel"
"OPEX";"Diesel";"DE";"Biodiesel Price";"Rigid";"BAU";"EUR/kWh";2045;"0.17";"Sensitivity | Removed policies | Removed diesel efficiency gains";"Diesel"
"OPEX";"Diesel";"DE";"Biodiesel Price";"Tractor-Trailer";"BAU";"EUR/kWh";2045;"0.17";"Sensitivity | Removed policies | Removed diesel efficiency gains";"Diesel"
"OPEX";"Diesel";"ES";"Biodiesel Price";"Rigid";"BAU";"EUR/kWh";2045;"0.17";"Sensitivity | Removed policies | Removed diesel efficiency gains";"Diesel"
"OPEX";"Diesel";"ES";"Biodiesel Price";"Tractor-Trailer";"BAU";"EUR/kWh";2045;"0.17";"Sensitivity | Removed policies | Removed diesel efficiency gains";"Diesel"
"OPEX";"Diesel";"IT";"Biodiesel Price";"Rigid";"BAU";"EUR/kWh";2045;"0.17";"Sensitivity | Removed policies | Removed diesel efficiency gains";"Diesel"
"OPEX";"Diesel";"IT";"Biodiesel Price";"Tractor-Trailer";"BAU";"EUR/kWh";2045;"0.17";"Sensitivity | Removed policies | Removed diesel efficiency gains";"Diesel"
"OPEX";"Diesel";"NL";"Biodiesel Price";"Rigid";"BAU";"EUR/kWh";2045;"0.17";"Sensitivity | Removed policies | Removed diesel efficiency gains";"Diesel"
"OPEX";"Diesel";"NL";"Biodiesel Price";"Tractor-Trailer";"BAU";"EUR/kWh";2045;"0.17";"Sensitivity | Removed policies | Removed diesel efficiency gains";"Diesel"
"OPEX";"Diesel";"PL";"Biodiesel Price";"Rigid";"BAU";"EUR/kWh";2045;"0.17";"Sensitivity | Removed policies | Removed diesel efficiency gains";"Diesel"
"OPEX";"Diesel";"PL";"Biodiesel Price";"Tractor-Trailer";"BAU";"EUR/kWh";2045;"0.17";"Sensitivity | Removed policies | Removed diesel efficiency gains";"Diesel"
"OPEX";"Diesel";"UK";"Biodiesel Price";"Rigid";"BAU";"EUR/kWh";2045;"0.17";"Sensitivity | Removed policies | Removed diesel efficiency gains";"Diesel"
"OPEX";"Diesel";"UK";"Biodiesel Price";"Tractor-Trailer";"BAU";"EUR/kWh";2045;"0.17";"Sensitivity | Removed policies | Removed diesel efficiency gains";"Diesel"
"OPEX";"Diesel";"DE";"Pt-Diesel Price";"Rigid";"BAU";"EUR/kWh";2045;"0.196";"Sensitivity | Removed policies | Removed diesel efficiency gains";"Diesel"
"OPEX";"Diesel";"DE";"Pt-Diesel Price";"Tractor-Trailer";"BAU";"EUR/kWh";2045;"0.196";"Sensitivity | Removed policies | Removed diesel efficiency gains";"Diesel"
"OPEX";"Diesel";"ES";"Pt-Diesel Price";"Rigid";"BAU";"EUR/kWh";2045;"0.196";"Sensitivity | Removed policies | Removed diesel efficiency gains";"Diesel"
"OPEX";"Diesel";"ES";"Pt-Diesel Price";"Tractor-Trailer";"BAU";"EUR/kWh";2045;"0.196";"Sensitivity | Removed policies | Removed diesel efficiency gains";"Diesel"
"OPEX";"Diesel";"FR";"Pt-Diesel Price";"Rigid";"BAU";"EUR/kWh";2045;"0.196";"Sensitivity | Removed policies | Removed diesel efficiency gains";"Diesel"
"OPEX";"Diesel";"FR";"Pt-Diesel Price";"Tractor-Trailer";"BAU";"EUR/kWh";2045;"0.196";"Sensitivity | Removed policies | Removed diesel efficiency gains";"Diesel"
"OPEX";"Diesel";"IT";"Pt-Diesel Price";"Rigid";"BAU";"EUR/kWh";2045;"0.196";"Sensitivity | Removed policies | Removed diesel efficiency gains";"Diesel"
"OPEX";"Diesel";"IT";"Pt-Diesel Price";"Tractor-Trailer";"BAU";"EUR/kWh";2045;"0.196";"Sensitivity | Removed policies | Removed diesel efficiency gains";"Diesel"
"OPEX";"Diesel";"NL";"Pt-Diesel Price";"Rigid";"BAU";"EUR/kWh";2045;"0.196";"Sensitivity | Removed policies | Removed diesel efficiency gains";"Diesel"
"OPEX";"Diesel";"NL";"Pt-Diesel Price";"Tractor-Trailer";"BAU";"EUR/kWh";2045;"0.196";"Sensitivity | Removed policies | Removed diesel efficiency gains";"Diesel"
"OPEX";"Diesel";"PL";"Pt-Diesel Price";"Rigid";"BAU";"EUR/kWh";2045;"0.196";"Sensitivity | Removed policies | Removed diesel efficiency gains";"Diesel"
"OPEX";"Diesel";"PL";"Pt-Diesel Price";"Tractor-Trailer";"BAU";"EUR/kWh";2045;"0.196";"Sensitivity | Removed policies | Removed diesel efficiency gains";"Diesel"
"OPEX";"Diesel";"UK";"Pt-Diesel Price";"Rigid";"BAU";"EUR/kWh";2045;"0.196";"Sensitivity | Removed policies | Removed diesel efficiency gains";"Diesel"
"OPEX";"Diesel";"UK";"Pt-Diesel Price";"Tractor-Trailer";"BAU";"EUR/kWh";2045;"0.196";"Sensitivity | Removed policies | Removed diesel efficiency gains";"Diesel"
"OPEX";"Electricity";"DE";"Electricity Price";"Rigid";"BAU";"EUR/kWh";2045;"0.07";"Sensitivity | Removed policies | Removed diesel efficiency gains";"Electricity"
"OPEX";"Electricity";"DE";"Electricity Price";"Tractor-Trailer";"BAU";"EUR/kWh";2045;"0.07";"Sensitivity | Removed policies | Removed diesel efficiency gains";"Electricity"
"OPEX";"Electricity";"ES";"Electricity Price";"Rigid";"BAU";"EUR/kWh";2045;"0.07";"Sensitivity | Removed policies | Removed diesel efficiency gains";"Electricity"
"OPEX";"Electricity";"ES";"Electricity Price";"Tractor-Trailer";"BAU";"EUR/kWh";2045;"0.07";"Sensitivity | Removed policies | Removed diesel efficiency gains";"Electricity"
"OPEX";"Electricity";"FR";"Electricity Price";"Rigid";"BAU";"EUR/kWh";2045;"0.07";"Sensitivity | Removed policies | Removed diesel efficiency gains";"Electricity"
"OPEX";"Electricity";"FR";"Electricity Price";"Tractor-Trailer";"BAU";"EUR/kWh";2045;"0.07";"Sensitivity | Removed policies | Removed diesel efficiency gains";"Electricity"
"OPEX";"Electricity";"IT";"Electricity Price";"Rigid";"BAU";"EUR/kWh";2045;"0.07";"Sensitivity | Removed policies | Removed diesel efficiency gains";"Electricity"
"OPEX";"Electricity";"IT";"Electricity Price";"Tractor-Trailer";"BAU";"EUR/kWh";2045;"0.07";"Sensitivity | Removed policies | Removed diesel efficiency gains";"Electricity"
"OPEX";"Electricity";"NL";"Electricity Price";"Rigid";"BAU";"EUR/kWh";2045;"0.07";"Sensitivity | Removed policies | Removed diesel efficiency gains";"Electricity"
"OPEX";"Electricity";"NL";"Electricity Price";"Tractor-Trailer";"BAU";"EUR/kWh";2045;"0.07";"Sensitivity | Removed policies | Removed diesel efficiency gains";"Electricity"
"OPEX";"Electricity";"PL";"Electricity Price";"Rigid";"BAU";"EUR/kWh";2045;"0.07";"Sensitivity | Removed policies | Removed diesel efficiency gains";"Electricity"
"OPEX";"Electricity";"PL";"Electricity Price";"Tractor-Trailer";"BAU";"EUR/kWh";2045;"0.07";"Sensitivity | Removed policies | Removed diesel efficiency gains";"Electricity"
"OPEX";"Electricity";"UK";"Electricity Price";"Rigid";"BAU";"EUR/kWh";2045;"0.07";"Sensitivity | Removed policies | Removed diesel efficiency gains";"Electricity"
"OPEX";"Electricity";"UK";"Electricity Price";"Tractor-Trailer";"BAU";"EUR/kWh";2045;"0.07";"Sensitivity | Removed policies | Removed diesel efficiency gains";"Electricity"
"OPEX";"Hydrogen";"DE";"Hydrogen Price";"Rigid";"BAU";"EUR/kWh";2045;"0.118";"Sensitivity | Removed policies | Removed diesel efficiency gains";"Hydrogen"
"OPEX";"Hydrogen";"DE";"Hydrogen Price";"Tractor-Trailer";"BAU";"EUR/kWh";2045;"0.118";"Sensitivity | Removed policies | Removed diesel efficiency gains";"Hydrogen"
"OPEX";"Hydrogen";"ES";"Hydrogen Price";"Rigid";"BAU";"EUR/kWh";2045;"0.118";"Sensitivity | Removed policies | Removed diesel efficiency gains";"Hydrogen"
"OPEX";"Hydrogen";"ES";"Hydrogen Price";"Tractor-Trailer";"BAU";"EUR/kWh";2045;"0.118";"Sensitivity | Removed policies | Removed diesel efficiency gains";"Hydrogen"
"OPEX";"Hydrogen";"FR";"Hydrogen Price";"Rigid";"BAU";"EUR/kWh";2045;"0.118";"Sensitivity | Removed policies | Removed diesel efficiency gains";"Hydrogen"
"OPEX";"Hydrogen";"FR";"Hydrogen Price";"Tractor-Trailer";"BAU";"EUR/kWh";2045;"0.118";"Sensitivity | Removed policies | Removed diesel efficiency gains";"Hydrogen"
"OPEX";"Hydrogen";"IT";"Hydrogen Price";"Rigid";"BAU";"EUR/kWh";2045;"0.118";"Sensitivity | Removed policies | Removed diesel efficiency gains";"Hydrogen"
"OPEX";"Hydrogen";"IT";"Hydrogen Price";"Tractor-Trailer";"BAU";"EUR/kWh";2045;"0.118";"Sensitivity | Removed policies | Removed diesel efficiency gains";"Hydrogen"
"OPEX";"Hydrogen";"NL";"Hydrogen Price";"Rigid";"BAU";"EUR/kWh";2045;"0.118";"Sensitivity | Removed policies | Removed diesel efficiency gains";"Hydrogen"
"OPEX";"Hydrogen";"NL";"Hydrogen Price";"Tractor-Trailer";"BAU";"EUR/kWh";2045;"0.118";"Sensitivity | Removed policies | Removed diesel efficiency gains";"Hydrogen"
"OPEX";"Hydrogen";"PL";"Hydrogen Price";"Rigid";"BAU";"EUR/kWh";2045;"0.118";"Sensitivity | Removed policies | Removed diesel efficiency gains";"Hydrogen"
"OPEX";"Hydrogen";"PL";"Hydrogen Price";"Tractor-Trailer";"BAU";"EUR/kWh";2045;"0.118";"Sensitivity | Removed policies | Removed diesel efficiency gains";"Hydrogen"
"OPEX";"Hydrogen";"UK";"Hydrogen Price";"Rigid";"BAU";"EUR/kWh";2045;"0.118";"Sensitivity | Removed policies | Removed diesel efficiency gains";"Hydrogen"
"OPEX";"Hydrogen";"UK";"Hydrogen Price";"Tractor-Trailer";"BAU";"EUR/kWh";2045;"0.118";"Sensitivity | Removed policies | Removed diesel efficiency gains";"Hydrogen"
"OPEX";"Diesel";"FR";"Biodiesel Price";"Rigid";"BAU";"EUR/kWh";2050;"0.152";"Sensitivity | Removed policies | Removed diesel efficiency gains";"Diesel"
"OPEX";"Diesel";"FR";"Biodiesel Price";"Tractor-Trailer";"BAU";"EUR/kWh";2050;"0.152";"Sensitivity | Removed policies | Removed diesel efficiency gains";"Diesel"
"OPEX";"Diesel";"DE";"Biodiesel Price";"Rigid";"BAU";"EUR/kWh";2050;"0.152";"Sensitivity | Removed policies | Removed diesel efficiency gains";"Diesel"
"OPEX";"Diesel";"DE";"Biodiesel Price";"Tractor-Trailer";"BAU";"EUR/kWh";2050;"0.152";"Sensitivity | Removed policies | Removed diesel efficiency gains";"Diesel"
"OPEX";"Diesel";"ES";"Biodiesel Price";"Rigid";"BAU";"EUR/kWh";2050;"0.152";"Sensitivity | Removed policies | Removed diesel efficiency gains";"Diesel"
"OPEX";"Diesel";"ES";"Biodiesel Price";"Tractor-Trailer";"BAU";"EUR/kWh";2050;"0.152";"Sensitivity | Removed policies | Removed diesel efficiency gains";"Diesel"
"OPEX";"Diesel";"IT";"Biodiesel Price";"Rigid";"BAU";"EUR/kWh";2050;"0.152";"Sensitivity | Removed policies | Removed diesel efficiency gains";"Diesel"
"OPEX";"Diesel";"IT";"Biodiesel Price";"Tractor-Trailer";"BAU";"EUR/kWh";2050;"0.152";"Sensitivity | Removed policies | Removed diesel efficiency gains";"Diesel"
"OPEX";"Diesel";"NL";"Biodiesel Price";"Rigid";"BAU";"EUR/kWh";2050;"0.152";"Sensitivity | Removed policies | Removed diesel efficiency gains";"Diesel"
"OPEX";"Diesel";"NL";"Biodiesel Price";"Tractor-Trailer";"BAU";"EUR/kWh";2050;"0.152";"Sensitivity | Removed policies | Removed diesel efficiency gains";"Diesel"
"OPEX";"Diesel";"PL";"Biodiesel Price";"Rigid";"BAU";"EUR/kWh";2050;"0.152";"Sensitivity | Removed policies | Removed diesel efficiency gains";"Diesel"
"OPEX";"Diesel";"PL";"Biodiesel Price";"Tractor-Trailer";"BAU";"EUR/kWh";2050;"0.152";"Sensitivity | Removed policies | Removed diesel efficiency gains";"Diesel"
"OPEX";"Diesel";"UK";"Biodiesel Price";"Rigid";"BAU";"EUR/kWh";2050;"0.152";"Sensitivity | Removed policies | Removed diesel efficiency gains";"Diesel"
"OPEX";"Diesel";"UK";"Biodiesel Price";"Tractor-Trailer";"BAU";"EUR/kWh";2050;"0.152";"Sensitivity | Removed policies | Removed diesel efficiency gains";"Diesel"
"OPEX";"Diesel";"DE";"Pt-Diesel Price";"Rigid";"BAU";"EUR/kWh";2050;"0.175";"Sensitivity | Removed policies | Removed diesel efficiency gains";"Diesel"
"OPEX";"Diesel";"DE";"Pt-Diesel Price";"Tractor-Trailer";"BAU";"EUR/kWh";2050;"0.175";"Sensitivity | Removed policies | Removed diesel efficiency gains";"Diesel"
"OPEX";"Diesel";"ES";"Pt-Diesel Price";"Rigid";"BAU";"EUR/kWh";2050;"0.175";"Sensitivity | Removed policies | Removed diesel efficiency gains";"Diesel"
"OPEX";"Diesel";"ES";"Pt-Diesel Price";"Tractor-Trailer";"BAU";"EUR/kWh";2050;"0.175";"Sensitivity | Removed policies | Removed diesel efficiency gains";"Diesel"
"OPEX";"Diesel";"FR";"Pt-Diesel Price";"Rigid";"BAU";"EUR/kWh";2050;"0.175";"Sensitivity | Removed policies | Removed diesel efficiency gains";"Diesel"
"OPEX";"Diesel";"FR";"Pt-Diesel Price";"Tractor-Trailer";"BAU";"EUR/kWh";2050;"0.175";"Sensitivity | Removed policies | Removed diesel efficiency gains";"Diesel"
"OPEX";"Diesel";"IT";"Pt-Diesel Price";"Rigid";"BAU";"EUR/kWh";2050;"0.175";"Sensitivity | Removed policies | Removed diesel efficiency gains";"Diesel"
"OPEX";"Diesel";"IT";"Pt-Diesel Price";"Tractor-Trailer";"BAU";"EUR/kWh";2050;"0.175";"Sensitivity | Removed policies | Removed diesel efficiency gains";"Diesel"
"OPEX";"Diesel";"NL";"Pt-Diesel Price";"Rigid";"BAU";"EUR/kWh";2050;"0.175";"Sensitivity | Removed policies | Removed diesel efficiency gains";"Diesel"
"OPEX";"Diesel";"NL";"Pt-Diesel Price";"Tractor-Trailer";"BAU";"EUR/kWh";2050;"0.175";"Sensitivity | Removed policies | Removed diesel efficiency gains";"Diesel"
"OPEX";"Diesel";"PL";"Pt-Diesel Price";"Rigid";"BAU";"EUR/kWh";2050;"0.175";"Sensitivity | Removed policies | Removed diesel efficiency gains";"Diesel"
"OPEX";"Diesel";"PL";"Pt-Diesel Price";"Tractor-Trailer";"BAU";"EUR/kWh";2050;"0.175";"Sensitivity | Removed policies | Removed diesel efficiency gains";"Diesel"
"OPEX";"Diesel";"UK";"Pt-Diesel Price";"Rigid";"BAU";"EUR/kWh";2050;"0.175";"Sensitivity | Removed policies | Removed diesel efficiency gains";"Diesel"
"OPEX";"Diesel";"UK";"Pt-Diesel Price";"Tractor-Trailer";"BAU";"EUR/kWh";2050;"0.175";"Sensitivity | Removed policies | Removed diesel efficiency gains";"Diesel"
"OPEX";"Electricity";"DE";"Electricity Price";"Rigid";"BAU";"EUR/kWh";2050;"0.07";"Sensitivity | Removed policies | Removed diesel efficiency gains";"Electricity"
"OPEX";"Electricity";"DE";"Electricity Price";"Tractor-Trailer";"BAU";"EUR/kWh";2050;"0.07";"Sensitivity | Removed policies | Removed diesel efficiency gains";"Electricity"
"OPEX";"Electricity";"ES";"Electricity Price";"Rigid";"BAU";"EUR/kWh";2050;"0.07";"Sensitivity | Removed policies | Removed diesel efficiency gains";"Electricity"
"OPEX";"Electricity";"ES";"Electricity Price";"Tractor-Trailer";"BAU";"EUR/kWh";2050;"0.07";"Sensitivity | Removed policies | Removed diesel efficiency gains";"Electricity"
"OPEX";"Electricity";"FR";"Electricity Price";"Rigid";"BAU";"EUR/kWh";2050;"0.07";"Sensitivity | Removed policies | Removed diesel efficiency gains";"Electricity"
"OPEX";"Electricity";"FR";"Electricity Price";"Tractor-Trailer";"BAU";"EUR/kWh";2050;"0.07";"Sensitivity | Removed policies | Removed diesel efficiency gains";"Electricity"
"OPEX";"Electricity";"IT";"Electricity Price";"Rigid";"BAU";"EUR/kWh";2050;"0.07";"Sensitivity | Removed policies | Removed diesel efficiency gains";"Electricity"
"OPEX";"Electricity";"IT";"Electricity Price";"Tractor-Trailer";"BAU";"EUR/kWh";2050;"0.07";"Sensitivity | Removed policies | Removed diesel efficiency gains";"Electricity"
"OPEX";"Electricity";"NL";"Electricity Price";"Rigid";"BAU";"EUR/kWh";2050;"0.07";"Sensitivity | Removed policies | Removed diesel efficiency gains";"Electricity"
"OPEX";"Electricity";"NL";"Electricity Price";"Tractor-Trailer";"BAU";"EUR/kWh";2050;"0.07";"Sensitivity | Removed policies | Removed diesel efficiency gains";"Electricity"
"OPEX";"Electricity";"PL";"Electricity Price";"Rigid";"BAU";"EUR/kWh";2050;"0.07";"Sensitivity | Removed policies | Removed diesel efficiency gains";"Electricity"
"OPEX";"Electricity";"PL";"Electricity Price";"Tractor-Trailer";"BAU";"EUR/kWh";2050;"0.07";"Sensitivity | Removed policies | Removed diesel efficiency gains";"Electricity"
"OPEX";"Electricity";"UK";"Electricity Price";"Rigid";"BAU";"EUR/kWh";2050;"0.07";"Sensitivity | Removed policies | Removed diesel efficiency gains";"Electricity"
"OPEX";"Electricity";"UK";"Electricity Price";"Tractor-Trailer";"BAU";"EUR/kWh";2050;"0.07";"Sensitivity | Removed policies | Removed diesel efficiency gains";"Electricity"
"OPEX";"Hydrogen";"DE";"Hydrogen Price";"Rigid";"BAU";"EUR/kWh";2050;"0.101";"Sensitivity | Removed policies | Removed diesel efficiency gains";"Hydrogen"
"OPEX";"Hydrogen";"DE";"Hydrogen Price";"Tractor-Trailer";"BAU";"EUR/kWh";2050;"0.101";"Sensitivity | Removed policies | Removed diesel efficiency gains";"Hydrogen"
"OPEX";"Hydrogen";"ES";"Hydrogen Price";"Rigid";"BAU";"EUR/kWh";2050;"0.101";"Sensitivity | Removed policies | Removed diesel efficiency gains";"Hydrogen"
"OPEX";"Hydrogen";"ES";"Hydrogen Price";"Tractor-Trailer";"BAU";"EUR/kWh";2050;"0.101";"Sensitivity | Removed policies | Removed diesel efficiency gains";"Hydrogen"
"OPEX";"Hydrogen";"FR";"Hydrogen Price";"Rigid";"BAU";"EUR/kWh";2050;"0.101";"Sensitivity | Removed policies | Removed diesel efficiency gains";"Hydrogen"
"OPEX";"Hydrogen";"FR";"Hydrogen Price";"Tractor-Trailer";"BAU";"EUR/kWh";2050;"0.101";"Sensitivity | Removed policies | Removed diesel efficiency gains";"Hydrogen"
"OPEX";"Hydrogen";"IT";"Hydrogen Price";"Rigid";"BAU";"EUR/kWh";2050;"0.101";"Sensitivity | Removed policies | Removed diesel efficiency gains";"Hydrogen"
"OPEX";"Hydrogen";"IT";"Hydrogen Price";"Tractor-Trailer";"BAU";"EUR/kWh";2050;"0.101";"Sensitivity | Removed policies | Removed diesel efficiency gains";"Hydrogen"
"OPEX";"Hydrogen";"NL";"Hydrogen Price";"Rigid";"BAU";"EUR/kWh";2050;"0.101";"Sensitivity | Removed policies | Removed diesel efficiency gains";"Hydrogen"
"OPEX";"Hydrogen";"NL";"Hydrogen Price";"Tractor-Trailer";"BAU";"EUR/kWh";2050;"0.101";"Sensitivity | Removed policies | Removed diesel efficiency gains";"Hydrogen"
"OPEX";"Hydrogen";"PL";"Hydrogen Price";"Rigid";"BAU";"EUR/kWh";2050;"0.101";"Sensitivity | Removed policies | Removed diesel efficiency gains";"Hydrogen"
"OPEX";"Hydrogen";"PL";"Hydrogen Price";"Tractor-Trailer";"BAU";"EUR/kWh";2050;"0.101";"Sensitivity | Removed policies | Removed diesel efficiency gains";"Hydrogen"
"OPEX";"Hydrogen";"UK";"Hydrogen Price";"Rigid";"BAU";"EUR/kWh";2050;"0.101";"Sensitivity | Removed policies | Removed diesel efficiency gains";"Hydrogen"
"OPEX";"Hydrogen";"UK";"Hydrogen Price";"Tractor-Trailer";"BAU";"EUR/kWh";2050;"0.101";"Sensitivity | Removed policies | Removed diesel efficiency gains";"Hydrogen"
"OPEX";"Diesel";"DE";"Share Biodiesel";"Rigid";"PROG";"%";2030;"0.114";"Sensitivity | Removed policies | Removed diesel efficiency gains";"Diesel"
"OPEX";"Diesel";"DE";"Share Biodiesel";"Tractor-Trailer";"PROG";"%";2030;"0.114";"Sensitivity | Removed policies | Removed diesel efficiency gains";"Diesel"
"OPEX";"Diesel";"ES";"Share Biodiesel";"Rigid";"PROG";"%";2030;"0.114";"Sensitivity | Removed policies | Removed diesel efficiency gains";"Diesel"
"OPEX";"Diesel";"ES";"Share Biodiesel";"Tractor-Trailer";"PROG";"%";2030;"0.114";"Sensitivity | Removed policies | Removed diesel efficiency gains";"Diesel"
"OPEX";"Diesel";"FR";"Share Biodiesel";"Rigid";"PROG";"%";2030;"0.114";"Sensitivity | Removed policies | Removed diesel efficiency gains";"Diesel"
"OPEX";"Diesel";"FR";"Share Biodiesel";"Tractor-Trailer";"PROG";"%";2030;"0.114";"Sensitivity | Removed policies | Removed diesel efficiency gains";"Diesel"
"OPEX";"Diesel";"IT";"Share Biodiesel";"Rigid";"PROG";"%";2030;"0.114";"Sensitivity | Removed policies | Removed diesel efficiency gains";"Diesel"
"OPEX";"Diesel";"IT";"Share Biodiesel";"Tractor-Trailer";"PROG";"%";2030;"0.114";"Sensitivity | Removed policies | Removed diesel efficiency gains";"Diesel"
"OPEX";"Diesel";"NL";"Share Biodiesel";"Rigid";"PROG";"%";2030;"0.114";"Sensitivity | Removed policies | Removed diesel efficiency gains";"Diesel"
"OPEX";"Diesel";"NL";"Share Biodiesel";"Tractor-Trailer";"PROG";"%";2030;"0.114";"Sensitivity | Removed policies | Removed diesel efficiency gains";"Diesel"
"OPEX";"Diesel";"PL";"Share Biodiesel";"Rigid";"PROG";"%";2030;"0.114";"Sensitivity | Removed policies | Removed diesel efficiency gains";"Diesel"
"OPEX";"Diesel";"PL";"Share Biodiesel";"Tractor-Trailer";"PROG";"%";2030;"0.114";"Sensitivity | Removed policies | Removed diesel efficiency gains";"Diesel"
"OPEX";"Diesel";"UK";"Share Biodiesel";"Rigid";"PROG";"%";2030;"0.114";"Sensitivity | Removed policies | Removed diesel efficiency gains";"Diesel"
"OPEX";"Diesel";"UK";"Share Biodiesel";"Tractor-Trailer";"PROG";"%";2030;"0.114";"Sensitivity | Removed policies | Removed diesel efficiency gains";"Diesel"
"OPEX";"Diesel";"DE";"Share Synthetic Diesel (E-Fuels)";"Rigid";"PROG";"%";2030;"0";"Sensitivity | Removed policies | Removed diesel efficiency gains";"Diesel"
"OPEX";"Diesel";"DE";"Share Synthetic Diesel (E-Fuels)";"Tractor-Trailer";"PROG";"%";2030;"0";"Sensitivity | Removed policies | Removed diesel efficiency gains";"Diesel"
"OPEX";"Diesel";"ES";"Share Synthetic Diesel (E-Fuels)";"Rigid";"PROG";"%";2030;"0";"Sensitivity | Removed policies | Removed diesel efficiency gains";"Diesel"
"OPEX";"Diesel";"ES";"Share Synthetic Diesel (E-Fuels)";"Tractor-Trailer";"PROG";"%";2030;"0";"Sensitivity | Removed policies | Removed diesel efficiency gains";"Diesel"
"OPEX";"Diesel";"FR";"Share Synthetic Diesel (E-Fuels)";"Rigid";"PROG";"%";2030;"0";"Sensitivity | Removed policies | Removed diesel efficiency gains";"Diesel"
"OPEX";"Diesel";"FR";"Share Synthetic Diesel (E-Fuels)";"Tractor-Trailer";"PROG";"%";2030;"0";"Sensitivity | Removed policies | Removed diesel efficiency gains";"Diesel"
"OPEX";"Diesel";"IT";"Share Synthetic Diesel (E-Fuels)";"Rigid";"PROG";"%";2030;"0";"Sensitivity | Removed policies | Removed diesel efficiency gains";"Diesel"
"OPEX";"Diesel";"IT";"Share Synthetic Diesel (E-Fuels)";"Tractor-Trailer";"PROG";"%";2030;"0";"Sensitivity | Removed policies | Removed diesel efficiency gains";"Diesel"
"OPEX";"Diesel";"NL";"Share Synthetic Diesel (E-Fuels)";"Rigid";"PROG";"%";2030;"0";"Sensitivity | Removed policies | Removed diesel efficiency gains";"Diesel"
"OPEX";"Diesel";"NL";"Share Synthetic Diesel (E-Fuels)";"Tractor-Trailer";"PROG";"%";2030;"0";"Sensitivity | Removed policies | Removed diesel efficiency gains";"Diesel"
"OPEX";"Diesel";"PL";"Share Synthetic Diesel (E-Fuels)";"Rigid";"PROG";"%";2030;"0";"Sensitivity | Removed policies | Removed diesel efficiency gains";"Diesel"
"OPEX";"Diesel";"PL";"Share Synthetic Diesel (E-Fuels)";"Tractor-Trailer";"PROG";"%";2030;"0";"Sensitivity | Removed policies | Removed diesel efficiency gains";"Diesel"
"OPEX";"Diesel";"UK";"Share Synthetic Diesel (E-Fuels)";"Rigid";"PROG";"%";2030;"0";"Sensitivity | Removed policies | Removed diesel efficiency gains";"Diesel"
"OPEX";"Diesel";"UK";"Share Synthetic Diesel (E-Fuels)";"Tractor-Trailer";"PROG";"%";2030;"0";"Sensitivity | Removed policies | Removed diesel efficiency gains";"Diesel"
"OPEX";"Diesel";"DE";"Share Biodiesel";"Rigid";"PROG";"%";2035;"0.114";"Sensitivity | Removed policies | Removed diesel efficiency gains";"Diesel"
"OPEX";"Diesel";"DE";"Share Biodiesel";"Tractor-Trailer";"PROG";"%";2035;"0.114";"Sensitivity | Removed policies | Removed diesel efficiency gains";"Diesel"
"OPEX";"Diesel";"ES";"Share Biodiesel";"Rigid";"PROG";"%";2035;"0.114";"Sensitivity | Removed policies | Removed diesel efficiency gains";"Diesel"
"OPEX";"Diesel";"ES";"Share Biodiesel";"Tractor-Trailer";"PROG";"%";2035;"0.114";"Sensitivity | Removed policies | Removed diesel efficiency gains";"Diesel"
"OPEX";"Diesel";"FR";"Share Biodiesel";"Rigid";"PROG";"%";2035;"0.114";"Sensitivity | Removed policies | Removed diesel efficiency gains";"Diesel"
"OPEX";"Diesel";"FR";"Share Biodiesel";"Tractor-Trailer";"PROG";"%";2035;"0.114";"Sensitivity | Removed policies | Removed diesel efficiency gains";"Diesel"
"OPEX";"Diesel";"IT";"Share Biodiesel";"Rigid";"PROG";"%";2035;"0.114";"Sensitivity | Removed policies | Removed diesel efficiency gains";"Diesel"
"OPEX";"Diesel";"IT";"Share Biodiesel";"Tractor-Trailer";"PROG";"%";2035;"0.114";"Sensitivity | Removed policies | Removed diesel efficiency gains";"Diesel"
"OPEX";"Diesel";"NL";"Share Biodiesel";"Rigid";"PROG";"%";2035;"0.114";"Sensitivity | Removed policies | Removed diesel efficiency gains";"Diesel"
"OPEX";"Diesel";"NL";"Share Biodiesel";"Tractor-Trailer";"PROG";"%";2035;"0.114";"Sensitivity | Removed policies | Removed diesel efficiency gains";"Diesel"
"OPEX";"Diesel";"PL";"Share Biodiesel";"Rigid";"PROG";"%";2035;"0.114";"Sensitivity | Removed policies | Removed diesel efficiency gains";"Diesel"
"OPEX";"Diesel";"PL";"Share Biodiesel";"Tractor-Trailer";"PROG";"%";2035;"0.114";"Sensitivity | Removed policies | Removed diesel efficiency gains";"Diesel"
"OPEX";"Diesel";"UK";"Share Biodiesel";"Rigid";"PROG";"%";2035;"0.114";"Sensitivity | Removed policies | Removed diesel efficiency gains";"Diesel"
"OPEX";"Diesel";"UK";"Share Biodiesel";"Tractor-Trailer";"PROG";"%";2035;"0.114";"Sensitivity | Removed policies | Removed diesel efficiency gains";"Diesel"
"OPEX";"Diesel";"DE";"Share Synthetic Diesel (E-Fuels)";"Rigid";"PROG";"%";2035;"0";"Sensitivity | Removed policies | Removed diesel efficiency gains";"Diesel"
"OPEX";"Diesel";"DE";"Share Synthetic Diesel (E-Fuels)";"Tractor-Trailer";"PROG";"%";2035;"0";"Sensitivity | Removed policies | Removed diesel efficiency gains";"Diesel"
"OPEX";"Diesel";"ES";"Share Synthetic Diesel (E-Fuels)";"Rigid";"PROG";"%";2035;"0";"Sensitivity | Removed policies | Removed diesel efficiency gains";"Diesel"
"OPEX";"Diesel";"ES";"Share Synthetic Diesel (E-Fuels)";"Tractor-Trailer";"PROG";"%";2035;"0";"Sensitivity | Removed policies | Removed diesel efficiency gains";"Diesel"
"OPEX";"Diesel";"FR";"Share Synthetic Diesel (E-Fuels)";"Rigid";"PROG";"%";2035;"0";"Sensitivity | Removed policies | Removed diesel efficiency gains";"Diesel"
"OPEX";"Diesel";"FR";"Share Synthetic Diesel (E-Fuels)";"Tractor-Trailer";"PROG";"%";2035;"0";"Sensitivity | Removed policies | Removed diesel efficiency gains";"Diesel"
"OPEX";"Diesel";"IT";"Share Synthetic Diesel (E-Fuels)";"Rigid";"PROG";"%";2035;"0";"Sensitivity | Removed policies | Removed diesel efficiency gains";"Diesel"
"OPEX";"Diesel";"IT";"Share Synthetic Diesel (E-Fuels)";"Tractor-Trailer";"PROG";"%";2035;"0";"Sensitivity | Removed policies | Removed diesel efficiency gains";"Diesel"
"OPEX";"Diesel";"NL";"Share Synthetic Diesel (E-Fuels)";"Rigid";"PROG";"%";2035;"0";"Sensitivity | Removed policies | Removed diesel efficiency gains";"Diesel"
"OPEX";"Diesel";"NL";"Share Synthetic Diesel (E-Fuels)";"Tractor-Trailer";"PROG";"%";2035;"0";"Sensitivity | Removed policies | Removed diesel efficiency gains";"Diesel"
"OPEX";"Diesel";"PL";"Share Synthetic Diesel (E-Fuels)";"Rigid";"PROG";"%";2035;"0";"Sensitivity | Removed policies | Removed diesel efficiency gains";"Diesel"
"OPEX";"Diesel";"PL";"Share Synthetic Diesel (E-Fuels)";"Tractor-Trailer";"PROG";"%";2035;"0";"Sensitivity | Removed policies | Removed diesel efficiency gains";"Diesel"
"OPEX";"Diesel";"UK";"Share Synthetic Diesel (E-Fuels)";"Rigid";"PROG";"%";2035;"0";"Sensitivity | Removed policies | Removed diesel efficiency gains";"Diesel"
"OPEX";"Diesel";"UK";"Share Synthetic Diesel (E-Fuels)";"Tractor-Trailer";"PROG";"%";2035;"0";"Sensitivity | Removed policies | Removed diesel efficiency gains";"Diesel"
"OPEX";"Diesel";"DE";"Share Biodiesel";"Rigid";"PROG";"%";2040;"0.114";"Sensitivity | Removed policies | Removed diesel efficiency gains";"Diesel"
"OPEX";"Diesel";"DE";"Share Biodiesel";"Tractor-Trailer";"PROG";"%";2040;"0.114";"Sensitivity | Removed policies | Removed diesel efficiency gains";"Diesel"
"OPEX";"Diesel";"ES";"Share Biodiesel";"Rigid";"PROG";"%";2040;"0.114";"Sensitivity | Removed policies | Removed diesel efficiency gains";"Diesel"
"OPEX";"Diesel";"ES";"Share Biodiesel";"Tractor-Trailer";"PROG";"%";2040;"0.114";"Sensitivity | Removed policies | Removed diesel efficiency gains";"Diesel"
"OPEX";"Diesel";"FR";"Share Biodiesel";"Rigid";"PROG";"%";2040;"0.114";"Sensitivity | Removed policies | Removed diesel efficiency gains";"Diesel"
"OPEX";"Diesel";"FR";"Share Biodiesel";"Tractor-Trailer";"PROG";"%";2040;"0.114";"Sensitivity | Removed policies | Removed diesel efficiency gains";"Diesel"
"OPEX";"Diesel";"IT";"Share Biodiesel";"Rigid";"PROG";"%";2040;"0.114";"Sensitivity | Removed policies | Removed diesel efficiency gains";"Diesel"
"OPEX";"Diesel";"IT";"Share Biodiesel";"Tractor-Trailer";"PROG";"%";2040;"0.114";"Sensitivity | Removed policies | Removed diesel efficiency gains";"Diesel"
"OPEX";"Diesel";"NL";"Share Biodiesel";"Rigid";"PROG";"%";2040;"0.114";"Sensitivity | Removed policies | Removed diesel efficiency gains";"Diesel"
"OPEX";"Diesel";"NL";"Share Biodiesel";"Tractor-Trailer";"PROG";"%";2040;"0.114";"Sensitivity | Removed policies | Removed diesel efficiency gains";"Diesel"
"OPEX";"Diesel";"PL";"Share Biodiesel";"Rigid";"PROG";"%";2040;"0.114";"Sensitivity | Removed policies | Removed diesel efficiency gains";"Diesel"
"OPEX";"Diesel";"PL";"Share Biodiesel";"Tractor-Trailer";"PROG";"%";2040;"0.114";"Sensitivity | Removed policies | Removed diesel efficiency gains";"Diesel"
"OPEX";"Diesel";"UK";"Share Biodiesel";"Rigid";"PROG";"%";2040;"0.114";"Sensitivity | Removed policies | Removed diesel efficiency gains";"Diesel"
"OPEX";"Diesel";"UK";"Share Biodiesel";"Tractor-Trailer";"PROG";"%";2040;"0.114";"Sensitivity | Removed policies | Removed diesel efficiency gains";"Diesel"
"OPEX";"Diesel";"DE";"Share Synthetic Diesel (E-Fuels)";"Rigid";"PROG";"%";2040;"0";"Sensitivity | Removed policies | Removed diesel efficiency gains";"Diesel"
"OPEX";"Diesel";"DE";"Share Synthetic Diesel (E-Fuels)";"Tractor-Trailer";"PROG";"%";2040;"0";"Sensitivity | Removed policies | Removed diesel efficiency gains";"Diesel"
"OPEX";"Diesel";"ES";"Share Synthetic Diesel (E-Fuels)";"Rigid";"PROG";"%";2040;"0";"Sensitivity | Removed policies | Removed diesel efficiency gains";"Diesel"
"OPEX";"Diesel";"ES";"Share Synthetic Diesel (E-Fuels)";"Tractor-Trailer";"PROG";"%";2040;"0";"Sensitivity | Removed policies | Removed diesel efficiency gains";"Diesel"
"OPEX";"Diesel";"FR";"Share Synthetic Diesel (E-Fuels)";"Rigid";"PROG";"%";2040;"0";"Sensitivity | Removed policies | Removed diesel efficiency gains";"Diesel"
"OPEX";"Diesel";"FR";"Share Synthetic Diesel (E-Fuels)";"Tractor-Trailer";"PROG";"%";2040;"0";"Sensitivity | Removed policies | Removed diesel efficiency gains";"Diesel"
"OPEX";"Diesel";"IT";"Share Synthetic Diesel (E-Fuels)";"Rigid";"PROG";"%";2040;"0";"Sensitivity | Removed policies | Removed diesel efficiency gains";"Diesel"
"OPEX";"Diesel";"IT";"Share Synthetic Diesel (E-Fuels)";"Tractor-Trailer";"PROG";"%";2040;"0";"Sensitivity | Removed policies | Removed diesel efficiency gains";"Diesel"
"OPEX";"Diesel";"NL";"Share Synthetic Diesel (E-Fuels)";"Rigid";"PROG";"%";2040;"0";"Sensitivity | Removed policies | Removed diesel efficiency gains";"Diesel"
"OPEX";"Diesel";"NL";"Share Synthetic Diesel (E-Fuels)";"Tractor-Trailer";"PROG";"%";2040;"0";"Sensitivity | Removed policies | Removed diesel efficiency gains";"Diesel"
"OPEX";"Diesel";"PL";"Share Synthetic Diesel (E-Fuels)";"Rigid";"PROG";"%";2040;"0";"Sensitivity | Removed policies | Removed diesel efficiency gains";"Diesel"
"OPEX";"Diesel";"PL";"Share Synthetic Diesel (E-Fuels)";"Tractor-Trailer";"PROG";"%";2040;"0";"Sensitivity | Removed policies | Removed diesel efficiency gains";"Diesel"
"OPEX";"Diesel";"UK";"Share Synthetic Diesel (E-Fuels)";"Rigid";"PROG";"%";2040;"0";"Sensitivity | Removed policies | Removed diesel efficiency gains";"Diesel"
"OPEX";"Diesel";"UK";"Share Synthetic Diesel (E-Fuels)";"Tractor-Trailer";"PROG";"%";2040;"0";"Sensitivity | Removed policies | Removed diesel efficiency gains";"Diesel"
"OPEX";"Diesel";"DE";"Share Biodiesel";"Rigid";"PROG";"%";2045;"0.114";"Sensitivity | Removed policies | Removed diesel efficiency gains";"Diesel"
"OPEX";"Diesel";"DE";"Share Biodiesel";"Tractor-Trailer";"PROG";"%";2045;"0.114";"Sensitivity | Removed policies | Removed diesel efficiency gains";"Diesel"
"OPEX";"Diesel";"ES";"Share Biodiesel";"Rigid";"PROG";"%";2045;"0.114";"Sensitivity | Removed policies | Removed diesel efficiency gains";"Diesel"
"OPEX";"Diesel";"ES";"Share Biodiesel";"Tractor-Trailer";"PROG";"%";2045;"0.114";"Sensitivity | Removed policies | Removed diesel efficiency gains";"Diesel"
"OPEX";"Diesel";"FR";"Share Biodiesel";"Rigid";"PROG";"%";2045;"0.114";"Sensitivity | Removed policies | Removed diesel efficiency gains";"Diesel"
"OPEX";"Diesel";"FR";"Share Biodiesel";"Tractor-Trailer";"PROG";"%";2045;"0.114";"Sensitivity | Removed policies | Removed diesel efficiency gains";"Diesel"
"OPEX";"Diesel";"IT";"Share Biodiesel";"Rigid";"PROG";"%";2045;"0.114";"Sensitivity | Removed policies | Removed diesel efficiency gains";"Diesel"
"OPEX";"Diesel";"IT";"Share Biodiesel";"Tractor-Trailer";"PROG";"%";2045;"0.114";"Sensitivity | Removed policies | Removed diesel efficiency gains";"Diesel"
"OPEX";"Diesel";"NL";"Share Biodiesel";"Rigid";"PROG";"%";2045;"0.114";"Sensitivity | Removed policies | Removed diesel efficiency gains";"Diesel"
"OPEX";"Diesel";"NL";"Share Biodiesel";"Tractor-Trailer";"PROG";"%";2045;"0.114";"Sensitivity | Removed policies | Removed diesel efficiency gains";"Diesel"
"OPEX";"Diesel";"PL";"Share Biodiesel";"Rigid";"PROG";"%";2045;"0.114";"Sensitivity | Removed policies | Removed diesel efficiency gains";"Diesel"
"OPEX";"Diesel";"PL";"Share Biodiesel";"Tractor-Trailer";"PROG";"%";2045;"0.114";"Sensitivity | Removed policies | Removed diesel efficiency gains";"Diesel"
"OPEX";"Diesel";"UK";"Share Biodiesel";"Rigid";"PROG";"%";2045;"0.114";"Sensitivity | Removed policies | Removed diesel efficiency gains";"Diesel"
"OPEX";"Diesel";"UK";"Share Biodiesel";"Tractor-Trailer";"PROG";"%";2045;"0.114";"Sensitivity | Removed policies | Removed diesel efficiency gains";"Diesel"
"OPEX";"Diesel";"DE";"Share Synthetic Diesel (E-Fuels)";"Rigid";"PROG";"%";2045;"0";"Sensitivity | Removed policies | Removed diesel efficiency gains";"Diesel"
"OPEX";"Diesel";"DE";"Share Synthetic Diesel (E-Fuels)";"Tractor-Trailer";"PROG";"%";2045;"0";"Sensitivity | Removed policies | Removed diesel efficiency gains";"Diesel"
"OPEX";"Diesel";"ES";"Share Synthetic Diesel (E-Fuels)";"Rigid";"PROG";"%";2045;"0";"Sensitivity | Removed policies | Removed diesel efficiency gains";"Diesel"
"OPEX";"Diesel";"ES";"Share Synthetic Diesel (E-Fuels)";"Tractor-Trailer";"PROG";"%";2045;"0";"Sensitivity | Removed policies | Removed diesel efficiency gains";"Diesel"
"OPEX";"Diesel";"FR";"Share Synthetic Diesel (E-Fuels)";"Rigid";"PROG";"%";2045;"0";"Sensitivity | Removed policies | Removed diesel efficiency gains";"Diesel"
"OPEX";"Diesel";"FR";"Share Synthetic Diesel (E-Fuels)";"Tractor-Trailer";"PROG";"%";2045;"0";"Sensitivity | Removed policies | Removed diesel efficiency gains";"Diesel"
"OPEX";"Diesel";"IT";"Share Synthetic Diesel (E-Fuels)";"Rigid";"PROG";"%";2045;"0";"Sensitivity | Removed policies | Removed diesel efficiency gains";"Diesel"
"OPEX";"Diesel";"IT";"Share Synthetic Diesel (E-Fuels)";"Tractor-Trailer";"PROG";"%";2045;"0";"Sensitivity | Removed policies | Removed diesel efficiency gains";"Diesel"
"OPEX";"Diesel";"NL";"Share Synthetic Diesel (E-Fuels)";"Rigid";"PROG";"%";2045;"0";"Sensitivity | Removed policies | Removed diesel efficiency gains";"Diesel"
"OPEX";"Diesel";"NL";"Share Synthetic Diesel (E-Fuels)";"Tractor-Trailer";"PROG";"%";2045;"0";"Sensitivity | Removed policies | Removed diesel efficiency gains";"Diesel"
"OPEX";"Diesel";"PL";"Share Synthetic Diesel (E-Fuels)";"Rigid";"PROG";"%";2045;"0";"Sensitivity | Removed policies | Removed diesel efficiency gains";"Diesel"
"OPEX";"Diesel";"PL";"Share Synthetic Diesel (E-Fuels)";"Tractor-Trailer";"PROG";"%";2045;"0";"Sensitivity | Removed policies | Removed diesel efficiency gains";"Diesel"
"OPEX";"Diesel";"UK";"Share Synthetic Diesel (E-Fuels)";"Rigid";"PROG";"%";2045;"0";"Sensitivity | Removed policies | Removed diesel efficiency gains";"Diesel"
"OPEX";"Diesel";"UK";"Share Synthetic Diesel (E-Fuels)";"Tractor-Trailer";"PROG";"%";2045;"0";"Sensitivity | Removed policies | Removed diesel efficiency gains";"Diesel"
"OPEX";"Diesel";"DE";"Share Biodiesel";"Rigid";"PROG";"%";2050;"0.114";"Sensitivity | Removed policies | Removed diesel efficiency gains";"Diesel"
"OPEX";"Diesel";"DE";"Share Biodiesel";"Tractor-Trailer";"PROG";"%";2050;"0.114";"Sensitivity | Removed policies | Removed diesel efficiency gains";"Diesel"
"OPEX";"Diesel";"ES";"Share Biodiesel";"Rigid";"PROG";"%";2050;"0.114";"Sensitivity | Removed policies | Removed diesel efficiency gains";"Diesel"
"OPEX";"Diesel";"ES";"Share Biodiesel";"Tractor-Trailer";"PROG";"%";2050;"0.114";"Sensitivity | Removed policies | Removed diesel efficiency gains";"Diesel"
"OPEX";"Diesel";"FR";"Share Biodiesel";"Rigid";"PROG";"%";2050;"0.114";"Sensitivity | Removed policies | Removed diesel efficiency gains";"Diesel"
"OPEX";"Diesel";"FR";"Share Biodiesel";"Tractor-Trailer";"PROG";"%";2050;"0.114";"Sensitivity | Removed policies | Removed diesel efficiency gains";"Diesel"
"OPEX";"Diesel";"IT";"Share Biodiesel";"Rigid";"PROG";"%";2050;"0.114";"Sensitivity | Removed policies | Removed diesel efficiency gains";"Diesel"
"OPEX";"Diesel";"IT";"Share Biodiesel";"Tractor-Trailer";"PROG";"%";2050;"0.114";"Sensitivity | Removed policies | Removed diesel efficiency gains";"Diesel"
"OPEX";"Diesel";"NL";"Share Biodiesel";"Rigid";"PROG";"%";2050;"0.114";"Sensitivity | Removed policies | Removed diesel efficiency gains";"Diesel"
"OPEX";"Diesel";"NL";"Share Biodiesel";"Tractor-Trailer";"PROG";"%";2050;"0.114";"Sensitivity | Removed policies | Removed diesel efficiency gains";"Diesel"
"OPEX";"Diesel";"PL";"Share Biodiesel";"Rigid";"PROG";"%";2050;"0.114";"Sensitivity | Removed policies | Removed diesel efficiency gains";"Diesel"
"OPEX";"Diesel";"PL";"Share Biodiesel";"Tractor-Trailer";"PROG";"%";2050;"0.114";"Sensitivity | Removed policies | Removed diesel efficiency gains";"Diesel"
"OPEX";"Diesel";"UK";"Share Biodiesel";"Rigid";"PROG";"%";2050;"0.114";"Sensitivity | Removed policies | Removed diesel efficiency gains";"Diesel"
"OPEX";"Diesel";"UK";"Share Biodiesel";"Tractor-Trailer";"PROG";"%";2050;"0.114";"Sensitivity | Removed policies | Removed diesel efficiency gains";"Diesel"
"OPEX";"Diesel";"DE";"Share Synthetic Diesel (E-Fuels)";"Rigid";"PROG";"%";2050;"0";"Sensitivity | Removed policies | Removed diesel efficiency gains";"Diesel"
"OPEX";"Diesel";"DE";"Share Synthetic Diesel (E-Fuels)";"Tractor-Trailer";"PROG";"%";2050;"0";"Sensitivity | Removed policies | Removed diesel efficiency gains";"Diesel"
"OPEX";"Diesel";"ES";"Share Synthetic Diesel (E-Fuels)";"Rigid";"PROG";"%";2050;"0";"Sensitivity | Removed policies | Removed diesel efficiency gains";"Diesel"
"OPEX";"Diesel";"ES";"Share Synthetic Diesel (E-Fuels)";"Tractor-Trailer";"PROG";"%";2050;"0";"Sensitivity | Removed policies | Removed diesel efficiency gains";"Diesel"
"OPEX";"Diesel";"FR";"Share Synthetic Diesel (E-Fuels)";"Rigid";"PROG";"%";2050;"0";"Sensitivity | Removed policies | Removed diesel efficiency gains";"Diesel"
"OPEX";"Diesel";"FR";"Share Synthetic Diesel (E-Fuels)";"Tractor-Trailer";"PROG";"%";2050;"0";"Sensitivity | Removed policies | Removed diesel efficiency gains";"Diesel"
"OPEX";"Diesel";"IT";"Share Synthetic Diesel (E-Fuels)";"Rigid";"PROG";"%";2050;"0";"Sensitivity | Removed policies | Removed diesel efficiency gains";"Diesel"
"OPEX";"Diesel";"IT";"Share Synthetic Diesel (E-Fuels)";"Tractor-Trailer";"PROG";"%";2050;"0";"Sensitivity | Removed policies | Removed diesel efficiency gains";"Diesel"
"OPEX";"Diesel";"NL";"Share Synthetic Diesel (E-Fuels)";"Rigid";"PROG";"%";2050;"0";"Sensitivity | Removed policies | Removed diesel efficiency gains";"Diesel"
"OPEX";"Diesel";"NL";"Share Synthetic Diesel (E-Fuels)";"Tractor-Trailer";"PROG";"%";2050;"0";"Sensitivity | Removed policies | Removed diesel efficiency gains";"Diesel"
"OPEX";"Diesel";"PL";"Share Synthetic Diesel (E-Fuels)";"Rigid";"PROG";"%";2050;"0";"Sensitivity | Removed policies | Removed diesel efficiency gains";"Diesel"
"OPEX";"Diesel";"PL";"Share Synthetic Diesel (E-Fuels)";"Tractor-Trailer";"PROG";"%";2050;"0";"Sensitivity | Removed policies | Removed diesel efficiency gains";"Diesel"
"OPEX";"Diesel";"UK";"Share Synthetic Diesel (E-Fuels)";"Rigid";"PROG";"%";2050;"0";"Sensitivity | Removed policies | Removed diesel efficiency gains";"Diesel"
"OPEX";"Diesel";"UK";"Share Synthetic Diesel (E-Fuels)";"Tractor-Trailer";"PROG";"%";2050;"0";"Sensitivity | Removed policies | Removed diesel efficiency gains";"Diesel"
"OPEX";"Diesel";"DE";"Share Biodiesel";"Rigid";"BAU";"%";2030;"0.082";"Sensitivity | Removed policies | Removed diesel efficiency gains";"Diesel"
"OPEX";"Diesel";"DE";"Share Biodiesel";"Tractor-Trailer";"BAU";"%";2030;"0.082";"Sensitivity | Removed policies | Removed diesel efficiency gains";"Diesel"
"OPEX";"Diesel";"ES";"Share Biodiesel";"Rigid";"BAU";"%";2030;"0.082";"Sensitivity | Removed policies | Removed diesel efficiency gains";"Diesel"
"OPEX";"Diesel";"ES";"Share Biodiesel";"Tractor-Trailer";"BAU";"%";2030;"0.082";"Sensitivity | Removed policies | Removed diesel efficiency gains";"Diesel"
"OPEX";"Diesel";"FR";"Share Biodiesel";"Rigid";"BAU";"%";2030;"0.082";"Sensitivity | Removed policies | Removed diesel efficiency gains";"Diesel"
"OPEX";"Diesel";"FR";"Share Biodiesel";"Tractor-Trailer";"BAU";"%";2030;"0.082";"Sensitivity | Removed policies | Removed diesel efficiency gains";"Diesel"
"OPEX";"Diesel";"IT";"Share Biodiesel";"Rigid";"BAU";"%";2030;"0.082";"Sensitivity | Removed policies | Removed diesel efficiency gains";"Diesel"
"OPEX";"Diesel";"IT";"Share Biodiesel";"Tractor-Trailer";"BAU";"%";2030;"0.082";"Sensitivity | Removed policies | Removed diesel efficiency gains";"Diesel"
"OPEX";"Diesel";"NL";"Share Biodiesel";"Rigid";"BAU";"%";2030;"0.082";"Sensitivity | Removed policies | Removed diesel efficiency gains";"Diesel"
"OPEX";"Diesel";"NL";"Share Biodiesel";"Tractor-Trailer";"BAU";"%";2030;"0.082";"Sensitivity | Removed policies | Removed diesel efficiency gains";"Diesel"
"OPEX";"Diesel";"PL";"Share Biodiesel";"Rigid";"BAU";"%";2030;"0.082";"Sensitivity | Removed policies | Removed diesel efficiency gains";"Diesel"
"OPEX";"Diesel";"PL";"Share Biodiesel";"Tractor-Trailer";"BAU";"%";2030;"0.082";"Sensitivity | Removed policies | Removed diesel efficiency gains";"Diesel"
"OPEX";"Diesel";"UK";"Share Biodiesel";"Rigid";"BAU";"%";2030;"0.082";"Sensitivity | Removed policies | Removed diesel efficiency gains";"Diesel"
"OPEX";"Diesel";"UK";"Share Biodiesel";"Tractor-Trailer";"BAU";"%";2030;"0.082";"Sensitivity | Removed policies | Removed diesel efficiency gains";"Diesel"
"OPEX";"Diesel";"DE";"Share Synthetic Diesel (E-Fuels)";"Rigid";"BAU";"%";2030;"0";"Sensitivity | Removed policies | Removed diesel efficiency gains";"Diesel"
"OPEX";"Diesel";"DE";"Share Synthetic Diesel (E-Fuels)";"Tractor-Trailer";"BAU";"%";2030;"0";"Sensitivity | Removed policies | Removed diesel efficiency gains";"Diesel"
"OPEX";"Diesel";"ES";"Share Synthetic Diesel (E-Fuels)";"Rigid";"BAU";"%";2030;"0";"Sensitivity | Removed policies | Removed diesel efficiency gains";"Diesel"
"OPEX";"Diesel";"ES";"Share Synthetic Diesel (E-Fuels)";"Tractor-Trailer";"BAU";"%";2030;"0";"Sensitivity | Removed policies | Removed diesel efficiency gains";"Diesel"
"OPEX";"Diesel";"FR";"Share Synthetic Diesel (E-Fuels)";"Rigid";"BAU";"%";2030;"0";"Sensitivity | Removed policies | Removed diesel efficiency gains";"Diesel"
"OPEX";"Diesel";"FR";"Share Synthetic Diesel (E-Fuels)";"Tractor-Trailer";"BAU";"%";2030;"0";"Sensitivity | Removed policies | Removed diesel efficiency gains";"Diesel"
"OPEX";"Diesel";"IT";"Share Synthetic Diesel (E-Fuels)";"Rigid";"BAU";"%";2030;"0";"Sensitivity | Removed policies | Removed diesel efficiency gains";"Diesel"
"OPEX";"Diesel";"IT";"Share Synthetic Diesel (E-Fuels)";"Tractor-Trailer";"BAU";"%";2030;"0";"Sensitivity | Removed policies | Removed diesel efficiency gains";"Diesel"
"OPEX";"Diesel";"NL";"Share Synthetic Diesel (E-Fuels)";"Rigid";"BAU";"%";2030;"0";"Sensitivity | Removed policies | Removed diesel efficiency gains";"Diesel"
"OPEX";"Diesel";"NL";"Share Synthetic Diesel (E-Fuels)";"Tractor-Trailer";"BAU";"%";2030;"0";"Sensitivity | Removed policies | Removed diesel efficiency gains";"Diesel"
"OPEX";"Diesel";"PL";"Share Synthetic Diesel (E-Fuels)";"Rigid";"BAU";"%";2030;"0";"Sensitivity | Removed policies | Removed diesel efficiency gains";"Diesel"
"OPEX";"Diesel";"PL";"Share Synthetic Diesel (E-Fuels)";"Tractor-Trailer";"BAU";"%";2030;"0";"Sensitivity | Removed policies | Removed diesel efficiency gains";"Diesel"
"OPEX";"Diesel";"UK";"Share Synthetic Diesel (E-Fuels)";"Rigid";"BAU";"%";2030;"0";"Sensitivity | Removed policies | Removed diesel efficiency gains";"Diesel"
"OPEX";"Diesel";"UK";"Share Synthetic Diesel (E-Fuels)";"Tractor-Trailer";"BAU";"%";2030;"0";"Sensitivity | Removed policies | Removed diesel efficiency gains";"Diesel"
"OPEX";"Diesel";"DE";"Share Biodiesel";"Rigid";"BAU";"%";2035;"0.082";"Sensitivity | Removed policies | Removed diesel efficiency gains";"Diesel"
"OPEX";"Diesel";"DE";"Share Biodiesel";"Tractor-Trailer";"BAU";"%";2035;"0.082";"Sensitivity | Removed policies | Removed diesel efficiency gains";"Diesel"
"OPEX";"Diesel";"ES";"Share Biodiesel";"Rigid";"BAU";"%";2035;"0.082";"Sensitivity | Removed policies | Removed diesel efficiency gains";"Diesel"
"OPEX";"Diesel";"ES";"Share Biodiesel";"Tractor-Trailer";"BAU";"%";2035;"0.082";"Sensitivity | Removed policies | Removed diesel efficiency gains";"Diesel"
"OPEX";"Diesel";"FR";"Share Biodiesel";"Rigid";"BAU";"%";2035;"0.082";"Sensitivity | Removed policies | Removed diesel efficiency gains";"Diesel"
"OPEX";"Diesel";"FR";"Share Biodiesel";"Tractor-Trailer";"BAU";"%";2035;"0.082";"Sensitivity | Removed policies | Removed diesel efficiency gains";"Diesel"
"OPEX";"Diesel";"IT";"Share Biodiesel";"Rigid";"BAU";"%";2035;"0.082";"Sensitivity | Removed policies | Removed diesel efficiency gains";"Diesel"
"OPEX";"Diesel";"IT";"Share Biodiesel";"Tractor-Trailer";"BAU";"%";2035;"0.082";"Sensitivity | Removed policies | Removed diesel efficiency gains";"Diesel"
"OPEX";"Diesel";"NL";"Share Biodiesel";"Rigid";"BAU";"%";2035;"0.082";"Sensitivity | Removed policies | Removed diesel efficiency gains";"Diesel"
"OPEX";"Diesel";"NL";"Share Biodiesel";"Tractor-Trailer";"BAU";"%";2035;"0.082";"Sensitivity | Removed policies | Removed diesel efficiency gains";"Diesel"
"OPEX";"Diesel";"PL";"Share Biodiesel";"Rigid";"BAU";"%";2035;"0.082";"Sensitivity | Removed policies | Removed diesel efficiency gains";"Diesel"
"OPEX";"Diesel";"PL";"Share Biodiesel";"Tractor-Trailer";"BAU";"%";2035;"0.082";"Sensitivity | Removed policies | Removed diesel efficiency gains";"Diesel"
"OPEX";"Diesel";"UK";"Share Biodiesel";"Rigid";"BAU";"%";2035;"0.082";"Sensitivity | Removed policies | Removed diesel efficiency gains";"Diesel"
"OPEX";"Diesel";"UK";"Share Biodiesel";"Tractor-Trailer";"BAU";"%";2035;"0.082";"Sensitivity | Removed policies | Removed diesel efficiency gains";"Diesel"
"OPEX";"Diesel";"DE";"Share Synthetic Diesel (E-Fuels)";"Rigid";"BAU";"%";2035;"0";"Sensitivity | Removed policies | Removed diesel efficiency gains";"Diesel"
"OPEX";"Diesel";"DE";"Share Synthetic Diesel (E-Fuels)";"Tractor-Trailer";"BAU";"%";2035;"0";"Sensitivity | Removed policies | Removed diesel efficiency gains";"Diesel"
"OPEX";"Diesel";"ES";"Share Synthetic Diesel (E-Fuels)";"Rigid";"BAU";"%";2035;"0";"Sensitivity | Removed policies | Removed diesel efficiency gains";"Diesel"
"OPEX";"Diesel";"ES";"Share Synthetic Diesel (E-Fuels)";"Tractor-Trailer";"BAU";"%";2035;"0";"Sensitivity | Removed policies | Removed diesel efficiency gains";"Diesel"
"OPEX";"Diesel";"FR";"Share Synthetic Diesel (E-Fuels)";"Rigid";"BAU";"%";2035;"0";"Sensitivity | Removed policies | Removed diesel efficiency gains";"Diesel"
"OPEX";"Diesel";"FR";"Share Synthetic Diesel (E-Fuels)";"Tractor-Trailer";"BAU";"%";2035;"0";"Sensitivity | Removed policies | Removed diesel efficiency gains";"Diesel"
"OPEX";"Diesel";"IT";"Share Synthetic Diesel (E-Fuels)";"Rigid";"BAU";"%";2035;"0";"Sensitivity | Removed policies | Removed diesel efficiency gains";"Diesel"
"OPEX";"Diesel";"IT";"Share Synthetic Diesel (E-Fuels)";"Tractor-Trailer";"BAU";"%";2035;"0";"Sensitivity | Removed policies | Removed diesel efficiency gains";"Diesel"
"OPEX";"Diesel";"NL";"Share Synthetic Diesel (E-Fuels)";"Rigid";"BAU";"%";2035;"0";"Sensitivity | Removed policies | Removed diesel efficiency gains";"Diesel"
"OPEX";"Diesel";"NL";"Share Synthetic Diesel (E-Fuels)";"Tractor-Trailer";"BAU";"%";2035;"0";"Sensitivity | Removed policies | Removed diesel efficiency gains";"Diesel"
"OPEX";"Diesel";"PL";"Share Synthetic Diesel (E-Fuels)";"Rigid";"BAU";"%";2035;"0";"Sensitivity | Removed policies | Removed diesel efficiency gains";"Diesel"
"OPEX";"Diesel";"PL";"Share Synthetic Diesel (E-Fuels)";"Tractor-Trailer";"BAU";"%";2035;"0";"Sensitivity | Removed policies | Removed diesel efficiency gains";"Diesel"
"OPEX";"Diesel";"UK";"Share Synthetic Diesel (E-Fuels)";"Rigid";"BAU";"%";2035;"0";"Sensitivity | Removed policies | Removed diesel efficiency gains";"Diesel"
"OPEX";"Diesel";"UK";"Share Synthetic Diesel (E-Fuels)";"Tractor-Trailer";"BAU";"%";2035;"0";"Sensitivity | Removed policies | Removed diesel efficiency gains";"Diesel"
"OPEX";"Diesel";"DE";"Share Biodiesel";"Rigid";"BAU";"%";2040;"0.082";"Sensitivity | Removed policies | Removed diesel efficiency gains";"Diesel"
"OPEX";"Diesel";"DE";"Share Biodiesel";"Tractor-Trailer";"BAU";"%";2040;"0.082";"Sensitivity | Removed policies | Removed diesel efficiency gains";"Diesel"
"OPEX";"Diesel";"ES";"Share Biodiesel";"Rigid";"BAU";"%";2040;"0.082";"Sensitivity | Removed policies | Removed diesel efficiency gains";"Diesel"
"OPEX";"Diesel";"ES";"Share Biodiesel";"Tractor-Trailer";"BAU";"%";2040;"0.082";"Sensitivity | Removed policies | Removed diesel efficiency gains";"Diesel"
"OPEX";"Diesel";"FR";"Share Biodiesel";"Rigid";"BAU";"%";2040;"0.082";"Sensitivity | Removed policies | Removed diesel efficiency gains";"Diesel"
"OPEX";"Diesel";"FR";"Share Biodiesel";"Tractor-Trailer";"BAU";"%";2040;"0.082";"Sensitivity | Removed policies | Removed diesel efficiency gains";"Diesel"
"OPEX";"Diesel";"IT";"Share Biodiesel";"Rigid";"BAU";"%";2040;"0.082";"Sensitivity | Removed policies | Removed diesel efficiency gains";"Diesel"
"OPEX";"Diesel";"IT";"Share Biodiesel";"Tractor-Trailer";"BAU";"%";2040;"0.082";"Sensitivity | Removed policies | Removed diesel efficiency gains";"Diesel"
"OPEX";"Diesel";"NL";"Share Biodiesel";"Rigid";"BAU";"%";2040;"0.082";"Sensitivity | Removed policies | Removed diesel efficiency gains";"Diesel"
"OPEX";"Diesel";"NL";"Share Biodiesel";"Tractor-Trailer";"BAU";"%";2040;"0.082";"Sensitivity | Removed policies | Removed diesel efficiency gains";"Diesel"
"OPEX";"Diesel";"PL";"Share Biodiesel";"Rigid";"BAU";"%";2040;"0.082";"Sensitivity | Removed policies | Removed diesel efficiency gains";"Diesel"
"OPEX";"Diesel";"PL";"Share Biodiesel";"Tractor-Trailer";"BAU";"%";2040;"0.082";"Sensitivity | Removed policies | Removed diesel efficiency gains";"Diesel"
"OPEX";"Diesel";"UK";"Share Biodiesel";"Rigid";"BAU";"%";2040;"0.082";"Sensitivity | Removed policies | Removed diesel efficiency gains";"Diesel"
"OPEX";"Diesel";"UK";"Share Biodiesel";"Tractor-Trailer";"BAU";"%";2040;"0.082";"Sensitivity | Removed policies | Removed diesel efficiency gains";"Diesel"
"OPEX";"Diesel";"DE";"Share Synthetic Diesel (E-Fuels)";"Rigid";"BAU";"%";2040;"0";"Sensitivity | Removed policies | Removed diesel efficiency gains";"Diesel"
"OPEX";"Diesel";"DE";"Share Synthetic Diesel (E-Fuels)";"Tractor-Trailer";"BAU";"%";2040;"0";"Sensitivity | Removed policies | Removed diesel efficiency gains";"Diesel"
"OPEX";"Diesel";"ES";"Share Synthetic Diesel (E-Fuels)";"Rigid";"BAU";"%";2040;"0";"Sensitivity | Removed policies | Removed diesel efficiency gains";"Diesel"
"OPEX";"Diesel";"ES";"Share Synthetic Diesel (E-Fuels)";"Tractor-Trailer";"BAU";"%";2040;"0";"Sensitivity | Removed policies | Removed diesel efficiency gains";"Diesel"
"OPEX";"Diesel";"FR";"Share Synthetic Diesel (E-Fuels)";"Rigid";"BAU";"%";2040;"0";"Sensitivity | Removed policies | Removed diesel efficiency gains";"Diesel"
"OPEX";"Diesel";"FR";"Share Synthetic Diesel (E-Fuels)";"Tractor-Trailer";"BAU";"%";2040;"0";"Sensitivity | Removed policies | Removed diesel efficiency gains";"Diesel"
"OPEX";"Diesel";"IT";"Share Synthetic Diesel (E-Fuels)";"Rigid";"BAU";"%";2040;"0";"Sensitivity | Removed policies | Removed diesel efficiency gains";"Diesel"
"OPEX";"Diesel";"IT";"Share Synthetic Diesel (E-Fuels)";"Tractor-Trailer";"BAU";"%";2040;"0";"Sensitivity | Removed policies | Removed diesel efficiency gains";"Diesel"
"OPEX";"Diesel";"NL";"Share Synthetic Diesel (E-Fuels)";"Rigid";"BAU";"%";2040;"0";"Sensitivity | Removed policies | Removed diesel efficiency gains";"Diesel"
"OPEX";"Diesel";"NL";"Share Synthetic Diesel (E-Fuels)";"Tractor-Trailer";"BAU";"%";2040;"0";"Sensitivity | Removed policies | Removed diesel efficiency gains";"Diesel"
"OPEX";"Diesel";"PL";"Share Synthetic Diesel (E-Fuels)";"Rigid";"BAU";"%";2040;"0";"Sensitivity | Removed policies | Removed diesel efficiency gains";"Diesel"
"OPEX";"Diesel";"PL";"Share Synthetic Diesel (E-Fuels)";"Tractor-Trailer";"BAU";"%";2040;"0";"Sensitivity | Removed policies | Removed diesel efficiency gains";"Diesel"
"OPEX";"Diesel";"UK";"Share Synthetic Diesel (E-Fuels)";"Rigid";"BAU";"%";2040;"0";"Sensitivity | Removed policies | Removed diesel efficiency gains";"Diesel"
"OPEX";"Diesel";"UK";"Share Synthetic Diesel (E-Fuels)";"Tractor-Trailer";"BAU";"%";2040;"0";"Sensitivity | Removed policies | Removed diesel efficiency gains";"Diesel"
"OPEX";"Diesel";"DE";"Share Biodiesel";"Rigid";"BAU";"%";2045;"0.082";"Sensitivity | Removed policies | Removed diesel efficiency gains";"Diesel"
"OPEX";"Diesel";"DE";"Share Biodiesel";"Tractor-Trailer";"BAU";"%";2045;"0.082";"Sensitivity | Removed policies | Removed diesel efficiency gains";"Diesel"
"OPEX";"Diesel";"ES";"Share Biodiesel";"Rigid";"BAU";"%";2045;"0.082";"Sensitivity | Removed policies | Removed diesel efficiency gains";"Diesel"
"OPEX";"Diesel";"ES";"Share Biodiesel";"Tractor-Trailer";"BAU";"%";2045;"0.082";"Sensitivity | Removed policies | Removed diesel efficiency gains";"Diesel"
"OPEX";"Diesel";"FR";"Share Biodiesel";"Rigid";"BAU";"%";2045;"0.082";"Sensitivity | Removed policies | Removed diesel efficiency gains";"Diesel"
"OPEX";"Diesel";"FR";"Share Biodiesel";"Tractor-Trailer";"BAU";"%";2045;"0.082";"Sensitivity | Removed policies | Removed diesel efficiency gains";"Diesel"
"OPEX";"Diesel";"IT";"Share Biodiesel";"Rigid";"BAU";"%";2045;"0.082";"Sensitivity | Removed policies | Removed diesel efficiency gains";"Diesel"
"OPEX";"Diesel";"IT";"Share Biodiesel";"Tractor-Trailer";"BAU";"%";2045;"0.082";"Sensitivity | Removed policies | Removed diesel efficiency gains";"Diesel"
"OPEX";"Diesel";"NL";"Share Biodiesel";"Rigid";"BAU";"%";2045;"0.082";"Sensitivity | Removed policies | Removed diesel efficiency gains";"Diesel"
"OPEX";"Diesel";"NL";"Share Biodiesel";"Tractor-Trailer";"BAU";"%";2045;"0.082";"Sensitivity | Removed policies | Removed diesel efficiency gains";"Diesel"
"OPEX";"Diesel";"PL";"Share Biodiesel";"Rigid";"BAU";"%";2045;"0.082";"Sensitivity | Removed policies | Removed diesel efficiency gains";"Diesel"
"OPEX";"Diesel";"PL";"Share Biodiesel";"Tractor-Trailer";"BAU";"%";2045;"0.082";"Sensitivity | Removed policies | Removed diesel efficiency gains";"Diesel"
"OPEX";"Diesel";"UK";"Share Biodiesel";"Rigid";"BAU";"%";2045;"0.082";"Sensitivity | Removed policies | Removed diesel efficiency gains";"Diesel"
"OPEX";"Diesel";"UK";"Share Biodiesel";"Tractor-Trailer";"BAU";"%";2045;"0.082";"Sensitivity | Removed policies | Removed diesel efficiency gains";"Diesel"
"OPEX";"Diesel";"DE";"Share Synthetic Diesel (E-Fuels)";"Rigid";"BAU";"%";2045;"0";"Sensitivity | Removed policies | Removed diesel efficiency gains";"Diesel"
"OPEX";"Diesel";"DE";"Share Synthetic Diesel (E-Fuels)";"Tractor-Trailer";"BAU";"%";2045;"0";"Sensitivity | Removed policies | Removed diesel efficiency gains";"Diesel"
"OPEX";"Diesel";"ES";"Share Synthetic Diesel (E-Fuels)";"Rigid";"BAU";"%";2045;"0";"Sensitivity | Removed policies | Removed diesel efficiency gains";"Diesel"
"OPEX";"Diesel";"ES";"Share Synthetic Diesel (E-Fuels)";"Tractor-Trailer";"BAU";"%";2045;"0";"Sensitivity | Removed policies | Removed diesel efficiency gains";"Diesel"
"OPEX";"Diesel";"FR";"Share Synthetic Diesel (E-Fuels)";"Rigid";"BAU";"%";2045;"0";"Sensitivity | Removed policies | Removed diesel efficiency gains";"Diesel"
"OPEX";"Diesel";"FR";"Share Synthetic Diesel (E-Fuels)";"Tractor-Trailer";"BAU";"%";2045;"0";"Sensitivity | Removed policies | Removed diesel efficiency gains";"Diesel"
"OPEX";"Diesel";"IT";"Share Synthetic Diesel (E-Fuels)";"Rigid";"BAU";"%";2045;"0";"Sensitivity | Removed policies | Removed diesel efficiency gains";"Diesel"
"OPEX";"Diesel";"IT";"Share Synthetic Diesel (E-Fuels)";"Tractor-Trailer";"BAU";"%";2045;"0";"Sensitivity | Removed policies | Removed diesel efficiency gains";"Diesel"
"OPEX";"Diesel";"NL";"Share Synthetic Diesel (E-Fuels)";"Rigid";"BAU";"%";2045;"0";"Sensitivity | Removed policies | Removed diesel efficiency gains";"Diesel"
"OPEX";"Diesel";"NL";"Share Synthetic Diesel (E-Fuels)";"Tractor-Trailer";"BAU";"%";2045;"0";"Sensitivity | Removed policies | Removed diesel efficiency gains";"Diesel"
"OPEX";"Diesel";"PL";"Share Synthetic Diesel (E-Fuels)";"Rigid";"BAU";"%";2045;"0";"Sensitivity | Removed policies | Removed diesel efficiency gains";"Diesel"
"OPEX";"Diesel";"PL";"Share Synthetic Diesel (E-Fuels)";"Tractor-Trailer";"BAU";"%";2045;"0";"Sensitivity | Removed policies | Removed diesel efficiency gains";"Diesel"
"OPEX";"Diesel";"UK";"Share Synthetic Diesel (E-Fuels)";"Rigid";"BAU";"%";2045;"0";"Sensitivity | Removed policies | Removed diesel efficiency gains";"Diesel"
"OPEX";"Diesel";"UK";"Share Synthetic Diesel (E-Fuels)";"Tractor-Trailer";"BAU";"%";2045;"0";"Sensitivity | Removed policies | Removed diesel efficiency gains";"Diesel"
"OPEX";"Diesel";"DE";"Share Biodiesel";"Rigid";"BAU";"%";2050;"0.082";"Sensitivity | Removed policies | Removed diesel efficiency gains";"Diesel"
"OPEX";"Diesel";"DE";"Share Biodiesel";"Tractor-Trailer";"BAU";"%";2050;"0.082";"Sensitivity | Removed policies | Removed diesel efficiency gains";"Diesel"
"OPEX";"Diesel";"ES";"Share Biodiesel";"Rigid";"BAU";"%";2050;"0.082";"Sensitivity | Removed policies | Removed diesel efficiency gains";"Diesel"
"OPEX";"Diesel";"ES";"Share Biodiesel";"Tractor-Trailer";"BAU";"%";2050;"0.082";"Sensitivity | Removed policies | Removed diesel efficiency gains";"Diesel"
"OPEX";"Diesel";"FR";"Share Biodiesel";"Rigid";"BAU";"%";2050;"0.082";"Sensitivity | Removed policies | Removed diesel efficiency gains";"Diesel"
"OPEX";"Diesel";"FR";"Share Biodiesel";"Tractor-Trailer";"BAU";"%";2050;"0.082";"Sensitivity | Removed policies | Removed diesel efficiency gains";"Diesel"
"OPEX";"Diesel";"IT";"Share Biodiesel";"Rigid";"BAU";"%";2050;"0.082";"Sensitivity | Removed policies | Removed diesel efficiency gains";"Diesel"
"OPEX";"Diesel";"IT";"Share Biodiesel";"Tractor-Trailer";"BAU";"%";2050;"0.082";"Sensitivity | Removed policies | Removed diesel efficiency gains";"Diesel"
"OPEX";"Diesel";"NL";"Share Biodiesel";"Rigid";"BAU";"%";2050;"0.082";"Sensitivity | Removed policies | Removed diesel efficiency gains";"Diesel"
"OPEX";"Diesel";"NL";"Share Biodiesel";"Tractor-Trailer";"BAU";"%";2050;"0.082";"Sensitivity | Removed policies | Removed diesel efficiency gains";"Diesel"
"OPEX";"Diesel";"PL";"Share Biodiesel";"Rigid";"BAU";"%";2050;"0.082";"Sensitivity | Removed policies | Removed diesel efficiency gains";"Diesel"
"OPEX";"Diesel";"PL";"Share Biodiesel";"Tractor-Trailer";"BAU";"%";2050;"0.082";"Sensitivity | Removed policies | Removed diesel efficiency gains";"Diesel"
"OPEX";"Diesel";"UK";"Share Biodiesel";"Rigid";"BAU";"%";2050;"0.082";"Sensitivity | Removed policies | Removed diesel efficiency gains";"Diesel"
"OPEX";"Diesel";"UK";"Share Biodiesel";"Tractor-Trailer";"BAU";"%";2050;"0.082";"Sensitivity | Removed policies | Removed diesel efficiency gains";"Diesel"
"OPEX";"Diesel";"DE";"Share Synthetic Diesel (E-Fuels)";"Rigid";"BAU";"%";2050;"0";"Sensitivity | Removed policies | Removed diesel efficiency gains";"Diesel"
"OPEX";"Diesel";"DE";"Share Synthetic Diesel (E-Fuels)";"Tractor-Trailer";"BAU";"%";2050;"0";"Sensitivity | Removed policies | Removed diesel efficiency gains";"Diesel"
"OPEX";"Diesel";"ES";"Share Synthetic Diesel (E-Fuels)";"Rigid";"BAU";"%";2050;"0";"Sensitivity | Removed policies | Removed diesel efficiency gains";"Diesel"
"OPEX";"Diesel";"ES";"Share Synthetic Diesel (E-Fuels)";"Tractor-Trailer";"BAU";"%";2050;"0";"Sensitivity | Removed policies | Removed diesel efficiency gains";"Diesel"
"OPEX";"Diesel";"FR";"Share Synthetic Diesel (E-Fuels)";"Rigid";"BAU";"%";2050;"0";"Sensitivity | Removed policies | Removed diesel efficiency gains";"Diesel"
"OPEX";"Diesel";"FR";"Share Synthetic Diesel (E-Fuels)";"Tractor-Trailer";"BAU";"%";2050;"0";"Sensitivity | Removed policies | Removed diesel efficiency gains";"Diesel"
"OPEX";"Diesel";"IT";"Share Synthetic Diesel (E-Fuels)";"Rigid";"BAU";"%";2050;"0";"Sensitivity | Removed policies | Removed diesel efficiency gains";"Diesel"
"OPEX";"Diesel";"IT";"Share Synthetic Diesel (E-Fuels)";"Tractor-Trailer";"BAU";"%";2050;"0";"Sensitivity | Removed policies | Removed diesel efficiency gains";"Diesel"
"OPEX";"Diesel";"NL";"Share Synthetic Diesel (E-Fuels)";"Rigid";"BAU";"%";2050;"0";"Sensitivity | Removed policies | Removed diesel efficiency gains";"Diesel"
"OPEX";"Diesel";"NL";"Share Synthetic Diesel (E-Fuels)";"Tractor-Trailer";"BAU";"%";2050;"0";"Sensitivity | Removed policies | Removed diesel efficiency gains";"Diesel"
"OPEX";"Diesel";"PL";"Share Synthetic Diesel (E-Fuels)";"Rigid";"BAU";"%";2050;"0";"Sensitivity | Removed policies | Removed diesel efficiency gains";"Diesel"
"OPEX";"Diesel";"PL";"Share Synthetic Diesel (E-Fuels)";"Tractor-Trailer";"BAU";"%";2050;"0";"Sensitivity | Removed policies | Removed diesel efficiency gains";"Diesel"
"OPEX";"Diesel";"UK";"Share Synthetic Diesel (E-Fuels)";"Rigid";"BAU";"%";2050;"0";"Sensitivity | Removed policies | Removed diesel efficiency gains";"Diesel"
"OPEX";"Diesel";"UK";"Share Synthetic Diesel (E-Fuels)";"Tractor-Trailer";"BAU";"%";2050;"0";"Sensitivity | Removed policies | Removed diesel efficiency gains";"Diesel"
"OPEX";"Taxes";"DE";"Network Costs - MCS";"Rigid";"PROG";"EUR/kWh";2030;"0.038";"Sensitivity | Removed policies except for H2 tax reduction";"Electricity"
"OPEX";"Taxes";"DE";"Network Costs - MCS";"Tractor-Trailer";"PROG";"EUR/kWh";2030;"0.038";"Sensitivity | Removed policies except for H2 tax reduction";"Electricity"
"OPEX";"Taxes";"ES";"Network Costs - MCS";"Rigid";"PROG";"EUR/kWh";2030;"0.018";"Sensitivity | Removed policies except for H2 tax reduction";"Electricity"
"OPEX";"Taxes";"ES";"Network Costs - MCS";"Tractor-Trailer";"PROG";"EUR/kWh";2030;"0.018";"Sensitivity | Removed policies except for H2 tax reduction";"Electricity"
"OPEX";"Taxes";"FR";"Network Costs - MCS";"Rigid";"PROG";"EUR/kWh";2030;"0.018";"Sensitivity | Removed policies except for H2 tax reduction";"Electricity"
"OPEX";"Taxes";"FR";"Network Costs - MCS";"Tractor-Trailer";"PROG";"EUR/kWh";2030;"0.018";"Sensitivity | Removed policies except for H2 tax reduction";"Electricity"
"OPEX";"Taxes";"IT";"Network Costs - MCS";"Rigid";"PROG";"EUR/kWh";2030;"0.016";"Sensitivity | Removed policies except for H2 tax reduction";"Electricity"
"OPEX";"Taxes";"IT";"Network Costs - MCS";"Tractor-Trailer";"PROG";"EUR/kWh";2030;"0.016";"Sensitivity | Removed policies except for H2 tax reduction";"Electricity"
"OPEX";"Taxes";"NL";"Network Costs - MCS";"Rigid";"PROG";"EUR/kWh";2030;"0.016";"Sensitivity | Removed policies except for H2 tax reduction";"Electricity"
"OPEX";"Taxes";"NL";"Network Costs - MCS";"Tractor-Trailer";"PROG";"EUR/kWh";2030;"0.016";"Sensitivity | Removed policies except for H2 tax reduction";"Electricity"
"OPEX";"Taxes";"PL";"Network Costs - MCS";"Rigid";"PROG";"EUR/kWh";2030;"0.019";"Sensitivity | Removed policies except for H2 tax reduction";"Electricity"
"OPEX";"Taxes";"PL";"Network Costs - MCS";"Tractor-Trailer";"PROG";"EUR/kWh";2030;"0.019";"Sensitivity | Removed policies except for H2 tax reduction";"Electricity"
"OPEX";"Taxes";"UK";"Network Costs - MCS";"Rigid";"PROG";"EUR/kWh";2030;"0.027";"Sensitivity | Removed policies except for H2 tax reduction";"Electricity"
"OPEX";"Taxes";"UK";"Network Costs - MCS";"Tractor-Trailer";"PROG";"EUR/kWh";2030;"0.027";"Sensitivity | Removed policies except for H2 tax reduction";"Electricity"
"OPEX";"Taxes";"DE";"Taxes, Fees, Levies and charges - MCS";"Rigid";"PROG";"EUR/kWh";2030;"0.073";"Sensitivity | Removed policies except for H2 tax reduction";"Electricity"
"OPEX";"Taxes";"DE";"Taxes, Fees, Levies and charges - MCS";"Tractor-Trailer";"PROG";"EUR/kWh";2030;"0.073";"Sensitivity | Removed policies except for H2 tax reduction";"Electricity"
"OPEX";"Taxes";"ES";"Taxes, Fees, Levies and charges - MCS";"Rigid";"PROG";"EUR/kWh";2030;"0.036";"Sensitivity | Removed policies except for H2 tax reduction";"Electricity"
"OPEX";"Taxes";"ES";"Taxes, Fees, Levies and charges - MCS";"Tractor-Trailer";"PROG";"EUR/kWh";2030;"0.036";"Sensitivity | Removed policies except for H2 tax reduction";"Electricity"
"OPEX";"Taxes";"FR";"Taxes, Fees, Levies and charges - MCS";"Rigid";"PROG";"EUR/kWh";2030;"0.03";"Sensitivity | Removed policies except for H2 tax reduction";"Electricity"
"OPEX";"Taxes";"FR";"Taxes, Fees, Levies and charges - MCS";"Tractor-Trailer";"PROG";"EUR/kWh";2030;"0.03";"Sensitivity | Removed policies except for H2 tax reduction";"Electricity"
"OPEX";"Taxes";"IT";"Taxes, Fees, Levies and charges - MCS";"Rigid";"PROG";"EUR/kWh";2030;"0.063";"Sensitivity | Removed policies except for H2 tax reduction";"Electricity"
"OPEX";"Taxes";"IT";"Taxes, Fees, Levies and charges - MCS";"Tractor-Trailer";"PROG";"EUR/kWh";2030;"0.063";"Sensitivity | Removed policies except for H2 tax reduction";"Electricity"
"OPEX";"Taxes";"NL";"Taxes, Fees, Levies and charges - MCS";"Rigid";"PROG";"EUR/kWh";2030;"0.055";"Sensitivity | Removed policies except for H2 tax reduction";"Electricity"
"OPEX";"Taxes";"NL";"Taxes, Fees, Levies and charges - MCS";"Tractor-Trailer";"PROG";"EUR/kWh";2030;"0.055";"Sensitivity | Removed policies except for H2 tax reduction";"Electricity"
"OPEX";"Taxes";"PL";"Taxes, Fees, Levies and charges - MCS";"Rigid";"PROG";"EUR/kWh";2030;"0.049";"Sensitivity | Removed policies except for H2 tax reduction";"Electricity"
"OPEX";"Taxes";"PL";"Taxes, Fees, Levies and charges - MCS";"Tractor-Trailer";"PROG";"EUR/kWh";2030;"0.049";"Sensitivity | Removed policies except for H2 tax reduction";"Electricity"
"OPEX";"Taxes";"UK";"Taxes, Fees, Levies and charges - MCS";"Rigid";"PROG";"EUR/kWh";2030;"0.077";"Sensitivity | Removed policies except for H2 tax reduction";"Electricity"
"OPEX";"Taxes";"UK";"Taxes, Fees, Levies and charges - MCS";"Tractor-Trailer";"PROG";"EUR/kWh";2030;"0.077";"Sensitivity | Removed policies except for H2 tax reduction";"Electricity"
"OPEX";"Taxes";"DE";"Network Costs - Depot";"Rigid";"PROG";"EUR/kWh";2030;"0.044";"Sensitivity | Removed policies except for H2 tax reduction";"Electricity"
"OPEX";"Taxes";"DE";"Network Costs - Depot";"Tractor-Trailer";"PROG";"EUR/kWh";2030;"0.044";"Sensitivity | Removed policies except for H2 tax reduction";"Electricity"
"OPEX";"Taxes";"ES";"Network Costs - Depot";"Rigid";"PROG";"EUR/kWh";2030;"0.031";"Sensitivity | Removed policies except for H2 tax reduction";"Electricity"
"OPEX";"Taxes";"ES";"Network Costs - Depot";"Tractor-Trailer";"PROG";"EUR/kWh";2030;"0.031";"Sensitivity | Removed policies except for H2 tax reduction";"Electricity"
"OPEX";"Taxes";"FR";"Network Costs - Depot";"Rigid";"PROG";"EUR/kWh";2030;"0.024";"Sensitivity | Removed policies except for H2 tax reduction";"Electricity"
"OPEX";"Taxes";"FR";"Network Costs - Depot";"Tractor-Trailer";"PROG";"EUR/kWh";2030;"0.024";"Sensitivity | Removed policies except for H2 tax reduction";"Electricity"
"OPEX";"Taxes";"IT";"Network Costs - Depot";"Rigid";"PROG";"EUR/kWh";2030;"0.018";"Sensitivity | Removed policies except for H2 tax reduction";"Electricity"
"OPEX";"Taxes";"IT";"Network Costs - Depot";"Tractor-Trailer";"PROG";"EUR/kWh";2030;"0.018";"Sensitivity | Removed policies except for H2 tax reduction";"Electricity"
"OPEX";"Taxes";"NL";"Network Costs - Depot";"Rigid";"PROG";"EUR/kWh";2030;"0.019";"Sensitivity | Removed policies except for H2 tax reduction";"Electricity"
"OPEX";"Taxes";"NL";"Network Costs - Depot";"Tractor-Trailer";"PROG";"EUR/kWh";2030;"0.019";"Sensitivity | Removed policies except for H2 tax reduction";"Electricity"
"OPEX";"Taxes";"PL";"Network Costs - Depot";"Rigid";"PROG";"EUR/kWh";2030;"0.026";"Sensitivity | Removed policies except for H2 tax reduction";"Electricity"
"OPEX";"Taxes";"PL";"Network Costs - Depot";"Tractor-Trailer";"PROG";"EUR/kWh";2030;"0.026";"Sensitivity | Removed policies except for H2 tax reduction";"Electricity"
"OPEX";"Taxes";"UK";"Network Costs - Depot";"Rigid";"PROG";"EUR/kWh";2030;"0.029";"Sensitivity | Removed policies except for H2 tax reduction";"Electricity"
"OPEX";"Taxes";"UK";"Network Costs - Depot";"Tractor-Trailer";"PROG";"EUR/kWh";2030;"0.029";"Sensitivity | Removed policies except for H2 tax reduction";"Electricity"
"OPEX";"Taxes";"DE";"Taxes, Fees, Levies and charges - Depot";"Rigid";"PROG";"EUR/kWh";2030;"0.062";"Sensitivity | Removed policies except for H2 tax reduction";"Electricity"
"OPEX";"Taxes";"DE";"Taxes, Fees, Levies and charges - Depot";"Tractor-Trailer";"PROG";"EUR/kWh";2030;"0.062";"Sensitivity | Removed policies except for H2 tax reduction";"Electricity"
"OPEX";"Taxes";"ES";"Taxes, Fees, Levies and charges - Depot";"Rigid";"PROG";"EUR/kWh";2030;"0.054";"Sensitivity | Removed policies except for H2 tax reduction";"Electricity"
"OPEX";"Taxes";"ES";"Taxes, Fees, Levies and charges - Depot";"Tractor-Trailer";"PROG";"EUR/kWh";2030;"0.054";"Sensitivity | Removed policies except for H2 tax reduction";"Electricity"
"OPEX";"Taxes";"FR";"Taxes, Fees, Levies and charges - Depot";"Rigid";"PROG";"EUR/kWh";2030;"0.04";"Sensitivity | Removed policies except for H2 tax reduction";"Electricity"
"OPEX";"Taxes";"FR";"Taxes, Fees, Levies and charges - Depot";"Tractor-Trailer";"PROG";"EUR/kWh";2030;"0.04";"Sensitivity | Removed policies except for H2 tax reduction";"Electricity"
"OPEX";"Taxes";"IT";"Taxes, Fees, Levies and charges - Depot";"Rigid";"PROG";"EUR/kWh";2030;"0.088";"Sensitivity | Removed policies except for H2 tax reduction";"Electricity"
"OPEX";"Taxes";"IT";"Taxes, Fees, Levies and charges - Depot";"Tractor-Trailer";"PROG";"EUR/kWh";2030;"0.088";"Sensitivity | Removed policies except for H2 tax reduction";"Electricity"
"OPEX";"Taxes";"NL";"Taxes, Fees, Levies and charges - Depot";"Rigid";"PROG";"EUR/kWh";2030;"0.058";"Sensitivity | Removed policies except for H2 tax reduction";"Electricity"
"OPEX";"Taxes";"NL";"Taxes, Fees, Levies and charges - Depot";"Tractor-Trailer";"PROG";"EUR/kWh";2030;"0.058";"Sensitivity | Removed policies except for H2 tax reduction";"Electricity"
"OPEX";"Taxes";"PL";"Taxes, Fees, Levies and charges - Depot";"Rigid";"PROG";"EUR/kWh";2030;"0.053";"Sensitivity | Removed policies except for H2 tax reduction";"Electricity"
"OPEX";"Taxes";"PL";"Taxes, Fees, Levies and charges - Depot";"Tractor-Trailer";"PROG";"EUR/kWh";2030;"0.053";"Sensitivity | Removed policies except for H2 tax reduction";"Electricity"
"OPEX";"Taxes";"UK";"Taxes, Fees, Levies and charges - Depot";"Rigid";"PROG";"EUR/kWh";2030;"0.086";"Sensitivity | Removed policies except for H2 tax reduction";"Electricity"
"OPEX";"Taxes";"UK";"Taxes, Fees, Levies and charges - Depot";"Tractor-Trailer";"PROG";"EUR/kWh";2030;"0.086";"Sensitivity | Removed policies except for H2 tax reduction";"Electricity"
"OPEX";"H2 Infrastructure";"DE";"HRS costs";"Rigid";"PROG";"EUR/kg H2";2030;"1.1";"Sensitivity | Removed policies except for H2 tax reduction";"Hydrogen"
"OPEX";"H2 Infrastructure";"DE";"HRS costs";"Tractor-Trailer";"PROG";"EUR/kg H2";2030;"1.1";"Sensitivity | Removed policies except for H2 tax reduction";"Hydrogen"
"OPEX";"H2 Infrastructure";"ES";"HRS costs";"Rigid";"PROG";"EUR/kg H2";2030;"1.1";"Sensitivity | Removed policies except for H2 tax reduction";"Hydrogen"
"OPEX";"H2 Infrastructure";"ES";"HRS costs";"Tractor-Trailer";"PROG";"EUR/kg H2";2030;"1.1";"Sensitivity | Removed policies except for H2 tax reduction";"Hydrogen"
"OPEX";"H2 Infrastructure";"FR";"HRS costs";"Rigid";"PROG";"EUR/kg H2";2030;"1.1";"Sensitivity | Removed policies except for H2 tax reduction";"Hydrogen"
"OPEX";"H2 Infrastructure";"FR";"HRS costs";"Tractor-Trailer";"PROG";"EUR/kg H2";2030;"1.1";"Sensitivity | Removed policies except for H2 tax reduction";"Hydrogen"
"OPEX";"H2 Infrastructure";"IT";"HRS costs";"Rigid";"PROG";"EUR/kg H2";2030;"1.1";"Sensitivity | Removed policies except for H2 tax reduction";"Hydrogen"
"OPEX";"H2 Infrastructure";"IT";"HRS costs";"Tractor-Trailer";"PROG";"EUR/kg H2";2030;"1.1";"Sensitivity | Removed policies except for H2 tax reduction";"Hydrogen"
"OPEX";"H2 Infrastructure";"NL";"HRS costs";"Rigid";"PROG";"EUR/kg H2";2030;"1.1";"Sensitivity | Removed policies except for H2 tax reduction";"Hydrogen"
"OPEX";"H2 Infrastructure";"NL";"HRS costs";"Tractor-Trailer";"PROG";"EUR/kg H2";2030;"1.1";"Sensitivity | Removed policies except for H2 tax reduction";"Hydrogen"
"OPEX";"H2 Infrastructure";"PL";"HRS costs";"Rigid";"PROG";"EUR/kg H2";2030;"1.1";"Sensitivity | Removed policies except for H2 tax reduction";"Hydrogen"
"OPEX";"H2 Infrastructure";"PL";"HRS costs";"Tractor-Trailer";"PROG";"EUR/kg H2";2030;"1.1";"Sensitivity | Removed policies except for H2 tax reduction";"Hydrogen"
"OPEX";"H2 Infrastructure";"UK";"HRS costs";"Rigid";"PROG";"EUR/kg H2";2030;"1.1";"Sensitivity | Removed policies except for H2 tax reduction";"Hydrogen"
"OPEX";"H2 Infrastructure";"UK";"HRS costs";"Tractor-Trailer";"PROG";"EUR/kg H2";2030;"1.1";"Sensitivity | Removed policies except for H2 tax reduction";"Hydrogen"
"OPEX";"H2 Infrastructure";"DE";"H2 transport and distribution";"Rigid";"PROG";"EUR/kg H2";2030;"1";"Sensitivity | Removed policies except for H2 tax reduction";"Hydrogen"
"OPEX";"H2 Infrastructure";"DE";"H2 transport and distribution";"Tractor-Trailer";"PROG";"EUR/kg H2";2030;"1";"Sensitivity | Removed policies except for H2 tax reduction";"Hydrogen"
"OPEX";"H2 Infrastructure";"ES";"H2 transport and distribution";"Rigid";"PROG";"EUR/kg H2";2030;"1";"Sensitivity | Removed policies except for H2 tax reduction";"Hydrogen"
"OPEX";"H2 Infrastructure";"ES";"H2 transport and distribution";"Tractor-Trailer";"PROG";"EUR/kg H2";2030;"1";"Sensitivity | Removed policies except for H2 tax reduction";"Hydrogen"
"OPEX";"H2 Infrastructure";"FR";"H2 transport and distribution";"Rigid";"PROG";"EUR/kg H2";2030;"1";"Sensitivity | Removed policies except for H2 tax reduction";"Hydrogen"
"OPEX";"H2 Infrastructure";"FR";"H2 transport and distribution";"Tractor-Trailer";"PROG";"EUR/kg H2";2030;"1";"Sensitivity | Removed policies except for H2 tax reduction";"Hydrogen"
"OPEX";"H2 Infrastructure";"IT";"H2 transport and distribution";"Rigid";"PROG";"EUR/kg H2";2030;"1";"Sensitivity | Removed policies except for H2 tax reduction";"Hydrogen"
"OPEX";"H2 Infrastructure";"IT";"H2 transport and distribution";"Tractor-Trailer";"PROG";"EUR/kg H2";2030;"1";"Sensitivity | Removed policies except for H2 tax reduction";"Hydrogen"
"OPEX";"H2 Infrastructure";"NL";"H2 transport and distribution";"Rigid";"PROG";"EUR/kg H2";2030;"1";"Sensitivity | Removed policies except for H2 tax reduction";"Hydrogen"
"OPEX";"H2 Infrastructure";"NL";"H2 transport and distribution";"Tractor-Trailer";"PROG";"EUR/kg H2";2030;"1";"Sensitivity | Removed policies except for H2 tax reduction";"Hydrogen"
"OPEX";"H2 Infrastructure";"PL";"H2 transport and distribution";"Rigid";"PROG";"EUR/kg H2";2030;"1";"Sensitivity | Removed policies except for H2 tax reduction";"Hydrogen"
"OPEX";"H2 Infrastructure";"PL";"H2 transport and distribution";"Tractor-Trailer";"PROG";"EUR/kg H2";2030;"1";"Sensitivity | Removed policies except for H2 tax reduction";"Hydrogen"
"OPEX";"H2 Infrastructure";"UK";"H2 transport and distribution";"Rigid";"PROG";"EUR/kg H2";2030;"1";"Sensitivity | Removed policies except for H2 tax reduction";"Hydrogen"
"OPEX";"H2 Infrastructure";"UK";"H2 transport and distribution";"Tractor-Trailer";"PROG";"EUR/kg H2";2030;"1";"Sensitivity | Removed policies except for H2 tax reduction";"Hydrogen"
"OPEX";"H2 Infrastructure";"DE";"HRS Overhead, Profit and Mark-Up";"Rigid";"PROG";"EUR/kg H2";2030;"0.25";"Sensitivity | Removed policies except for H2 tax reduction";"Hydrogen"
"OPEX";"H2 Infrastructure";"DE";"HRS Overhead, Profit and Mark-Up";"Tractor-Trailer";"PROG";"EUR/kg H2";2030;"0.25";"Sensitivity | Removed policies except for H2 tax reduction";"Hydrogen"
"OPEX";"H2 Infrastructure";"ES";"HRS Overhead, Profit and Mark-Up";"Rigid";"PROG";"EUR/kg H2";2030;"0.25";"Sensitivity | Removed policies except for H2 tax reduction";"Hydrogen"
"OPEX";"H2 Infrastructure";"ES";"HRS Overhead, Profit and Mark-Up";"Tractor-Trailer";"PROG";"EUR/kg H2";2030;"0.25";"Sensitivity | Removed policies except for H2 tax reduction";"Hydrogen"
"OPEX";"H2 Infrastructure";"FR";"HRS Overhead, Profit and Mark-Up";"Rigid";"PROG";"EUR/kg H2";2030;"0.25";"Sensitivity | Removed policies except for H2 tax reduction";"Hydrogen"
"OPEX";"H2 Infrastructure";"FR";"HRS Overhead, Profit and Mark-Up";"Tractor-Trailer";"PROG";"EUR/kg H2";2030;"0.25";"Sensitivity | Removed policies except for H2 tax reduction";"Hydrogen"
"OPEX";"H2 Infrastructure";"IT";"HRS Overhead, Profit and Mark-Up";"Rigid";"PROG";"EUR/kg H2";2030;"0.25";"Sensitivity | Removed policies except for H2 tax reduction";"Hydrogen"
"OPEX";"H2 Infrastructure";"IT";"HRS Overhead, Profit and Mark-Up";"Tractor-Trailer";"PROG";"EUR/kg H2";2030;"0.25";"Sensitivity | Removed policies except for H2 tax reduction";"Hydrogen"
"OPEX";"H2 Infrastructure";"NL";"HRS Overhead, Profit and Mark-Up";"Rigid";"PROG";"EUR/kg H2";2030;"0.25";"Sensitivity | Removed policies except for H2 tax reduction";"Hydrogen"
"OPEX";"H2 Infrastructure";"NL";"HRS Overhead, Profit and Mark-Up";"Tractor-Trailer";"PROG";"EUR/kg H2";2030;"0.25";"Sensitivity | Removed policies except for H2 tax reduction";"Hydrogen"
"OPEX";"H2 Infrastructure";"PL";"HRS Overhead, Profit and Mark-Up";"Rigid";"PROG";"EUR/kg H2";2030;"0.25";"Sensitivity | Removed policies except for H2 tax reduction";"Hydrogen"
"OPEX";"H2 Infrastructure";"PL";"HRS Overhead, Profit and Mark-Up";"Tractor-Trailer";"PROG";"EUR/kg H2";2030;"0.25";"Sensitivity | Removed policies except for H2 tax reduction";"Hydrogen"
"OPEX";"H2 Infrastructure";"UK";"HRS Overhead, Profit and Mark-Up";"Rigid";"PROG";"EUR/kg H2";2030;"0.25";"Sensitivity | Removed policies except for H2 tax reduction";"Hydrogen"
"OPEX";"H2 Infrastructure";"UK";"HRS Overhead, Profit and Mark-Up";"Tractor-Trailer";"PROG";"EUR/kg H2";2030;"0.25";"Sensitivity | Removed policies except for H2 tax reduction";"Hydrogen"
"OPEX";"Charging Infrastructure";"DE";"MCS Station (Public Charging) - Incl. Overhead";"Rigid";"PROG";"EUR/kWh";2030;"0.053";"Sensitivity | Removed policies except for H2 tax reduction";"Electricity"
"OPEX";"Charging Infrastructure";"DE";"MCS Station (Public Charging) - Incl. Overhead";"Tractor-Trailer";"PROG";"EUR/kWh";2030;"0.053";"Sensitivity | Removed policies except for H2 tax reduction";"Electricity"
"OPEX";"Charging Infrastructure";"ES";"MCS Station (Public Charging) - Incl. Overhead";"Rigid";"PROG";"EUR/kWh";2030;"0.053";"Sensitivity | Removed policies except for H2 tax reduction";"Electricity"
"OPEX";"Charging Infrastructure";"ES";"MCS Station (Public Charging) - Incl. Overhead";"Tractor-Trailer";"PROG";"EUR/kWh";2030;"0.053";"Sensitivity | Removed policies except for H2 tax reduction";"Electricity"
"OPEX";"Charging Infrastructure";"FR";"MCS Station (Public Charging) - Incl. Overhead";"Rigid";"PROG";"EUR/kWh";2030;"0.053";"Sensitivity | Removed policies except for H2 tax reduction";"Electricity"
"OPEX";"Charging Infrastructure";"FR";"MCS Station (Public Charging) - Incl. Overhead";"Tractor-Trailer";"PROG";"EUR/kWh";2030;"0.053";"Sensitivity | Removed policies except for H2 tax reduction";"Electricity"
"OPEX";"Charging Infrastructure";"IT";"MCS Station (Public Charging) - Incl. Overhead";"Rigid";"PROG";"EUR/kWh";2030;"0.053";"Sensitivity | Removed policies except for H2 tax reduction";"Electricity"
"OPEX";"Charging Infrastructure";"IT";"MCS Station (Public Charging) - Incl. Overhead";"Tractor-Trailer";"PROG";"EUR/kWh";2030;"0.053";"Sensitivity | Removed policies except for H2 tax reduction";"Electricity"
"OPEX";"Charging Infrastructure";"NL";"MCS Station (Public Charging) - Incl. Overhead";"Rigid";"PROG";"EUR/kWh";2030;"0.053";"Sensitivity | Removed policies except for H2 tax reduction";"Electricity"
"OPEX";"Charging Infrastructure";"NL";"MCS Station (Public Charging) - Incl. Overhead";"Tractor-Trailer";"PROG";"EUR/kWh";2030;"0.053";"Sensitivity | Removed policies except for H2 tax reduction";"Electricity"
"OPEX";"Charging Infrastructure";"PL";"MCS Station (Public Charging) - Incl. Overhead";"Rigid";"PROG";"EUR/kWh";2030;"0.053";"Sensitivity | Removed policies except for H2 tax reduction";"Electricity"
"OPEX";"Charging Infrastructure";"PL";"MCS Station (Public Charging) - Incl. Overhead";"Tractor-Trailer";"PROG";"EUR/kWh";2030;"0.053";"Sensitivity | Removed policies except for H2 tax reduction";"Electricity"
"OPEX";"Charging Infrastructure";"UK";"MCS Station (Public Charging) - Incl. Overhead";"Rigid";"PROG";"EUR/kWh";2030;"0.053";"Sensitivity | Removed policies except for H2 tax reduction";"Electricity"
"OPEX";"Charging Infrastructure";"UK";"MCS Station (Public Charging) - Incl. Overhead";"Tractor-Trailer";"PROG";"EUR/kWh";2030;"0.053";"Sensitivity | Removed policies except for H2 tax reduction";"Electricity"
"OPEX";"Charging Infrastructure";"DE";"Share MCS-Charging";"Rigid";"PROG";"%";2030;"0.2";"Sensitivity | Removed policies except for H2 tax reduction";"Electricity"
"OPEX";"Charging Infrastructure";"DE";"Share MCS-Charging";"Tractor-Trailer";"PROG";"%";2030;"0.2";"Sensitivity | Removed policies except for H2 tax reduction";"Electricity"
"OPEX";"Charging Infrastructure";"ES";"Share MCS-Charging";"Rigid";"PROG";"%";2030;"0.2";"Sensitivity | Removed policies except for H2 tax reduction";"Electricity"
"OPEX";"Charging Infrastructure";"ES";"Share MCS-Charging";"Tractor-Trailer";"PROG";"%";2030;"0.2";"Sensitivity | Removed policies except for H2 tax reduction";"Electricity"
"OPEX";"Charging Infrastructure";"FR";"Share MCS-Charging";"Rigid";"PROG";"%";2030;"0.2";"Sensitivity | Removed policies except for H2 tax reduction";"Electricity"
"OPEX";"Charging Infrastructure";"FR";"Share MCS-Charging";"Tractor-Trailer";"PROG";"%";2030;"0.2";"Sensitivity | Removed policies except for H2 tax reduction";"Electricity"
"OPEX";"Charging Infrastructure";"IT";"Share MCS-Charging";"Rigid";"PROG";"%";2030;"0.2";"Sensitivity | Removed policies except for H2 tax reduction";"Electricity"
"OPEX";"Charging Infrastructure";"IT";"Share MCS-Charging";"Tractor-Trailer";"PROG";"%";2030;"0.2";"Sensitivity | Removed policies except for H2 tax reduction";"Electricity"
"OPEX";"Charging Infrastructure";"NL";"Share MCS-Charging";"Rigid";"PROG";"%";2030;"0.2";"Sensitivity | Removed policies except for H2 tax reduction";"Electricity"
"OPEX";"Charging Infrastructure";"NL";"Share MCS-Charging";"Tractor-Trailer";"PROG";"%";2030;"0.2";"Sensitivity | Removed policies except for H2 tax reduction";"Electricity"
"OPEX";"Charging Infrastructure";"PL";"Share MCS-Charging";"Rigid";"PROG";"%";2030;"0.2";"Sensitivity | Removed policies except for H2 tax reduction";"Electricity"
"OPEX";"Charging Infrastructure";"PL";"Share MCS-Charging";"Tractor-Trailer";"PROG";"%";2030;"0.2";"Sensitivity | Removed policies except for H2 tax reduction";"Electricity"
"OPEX";"Charging Infrastructure";"UK";"Share MCS-Charging";"Rigid";"PROG";"%";2030;"0.2";"Sensitivity | Removed policies except for H2 tax reduction";"Electricity"
"OPEX";"Charging Infrastructure";"UK";"Share MCS-Charging";"Tractor-Trailer";"PROG";"%";2030;"0.2";"Sensitivity | Removed policies except for H2 tax reduction";"Electricity"
"OPEX";"Charging Infrastructure";"DE";"Depot - Network fees savings potential";"Rigid";"PROG";"EUR/kWh";2030;"-0.01";"Sensitivity | Removed policies except for H2 tax reduction";"Electricity"
"OPEX";"Charging Infrastructure";"DE";"Depot - Network fees savings potential";"Tractor-Trailer";"PROG";"EUR/kWh";2030;"-0.01";"Sensitivity | Removed policies except for H2 tax reduction";"Electricity"
"OPEX";"Charging Infrastructure";"ES";"Depot - Network fees savings potential";"Rigid";"PROG";"EUR/kWh";2030;"-0.01";"Sensitivity | Removed policies except for H2 tax reduction";"Electricity"
"OPEX";"Charging Infrastructure";"ES";"Depot - Network fees savings potential";"Tractor-Trailer";"PROG";"EUR/kWh";2030;"-0.01";"Sensitivity | Removed policies except for H2 tax reduction";"Electricity"
"OPEX";"Charging Infrastructure";"FR";"Depot - Network fees savings potential";"Rigid";"PROG";"EUR/kWh";2030;"-0.01";"Sensitivity | Removed policies except for H2 tax reduction";"Electricity"
"OPEX";"Charging Infrastructure";"FR";"Depot - Network fees savings potential";"Tractor-Trailer";"PROG";"EUR/kWh";2030;"-0.01";"Sensitivity | Removed policies except for H2 tax reduction";"Electricity"
"OPEX";"Charging Infrastructure";"IT";"Depot - Network fees savings potential";"Rigid";"PROG";"EUR/kWh";2030;"-0.01";"Sensitivity | Removed policies except for H2 tax reduction";"Electricity"
"OPEX";"Charging Infrastructure";"IT";"Depot - Network fees savings potential";"Tractor-Trailer";"PROG";"EUR/kWh";2030;"-0.01";"Sensitivity | Removed policies except for H2 tax reduction";"Electricity"
"OPEX";"Charging Infrastructure";"NL";"Depot - Network fees savings potential";"Rigid";"PROG";"EUR/kWh";2030;"-0.01";"Sensitivity | Removed policies except for H2 tax reduction";"Electricity"
"OPEX";"Charging Infrastructure";"NL";"Depot - Network fees savings potential";"Tractor-Trailer";"PROG";"EUR/kWh";2030;"-0.01";"Sensitivity | Removed policies except for H2 tax reduction";"Electricity"
"OPEX";"Charging Infrastructure";"PL";"Depot - Network fees savings potential";"Rigid";"PROG";"EUR/kWh";2030;"-0.01";"Sensitivity | Removed policies except for H2 tax reduction";"Electricity"
"OPEX";"Charging Infrastructure";"PL";"Depot - Network fees savings potential";"Tractor-Trailer";"PROG";"EUR/kWh";2030;"-0.01";"Sensitivity | Removed policies except for H2 tax reduction";"Electricity"
"OPEX";"Charging Infrastructure";"UK";"Depot - Network fees savings potential";"Rigid";"PROG";"EUR/kWh";2030;"-0.01";"Sensitivity | Removed policies except for H2 tax reduction";"Electricity"
"OPEX";"Charging Infrastructure";"UK";"Depot - Network fees savings potential";"Tractor-Trailer";"PROG";"EUR/kWh";2030;"-0.01";"Sensitivity | Removed policies except for H2 tax reduction";"Electricity"
"OPEX";"Taxes";"DE";"Tax reduction";"Rigid";"PROG";"%";2030;"-1";"Sensitivity | Removed policies except for H2 tax reduction";"Hydrogen"
"OPEX";"Taxes";"DE";"Tax reduction";"Tractor-Trailer";"PROG";"%";2030;"-1";"Sensitivity | Removed policies except for H2 tax reduction";"Hydrogen"
"OPEX";"Taxes";"ES";"Tax reduction";"Rigid";"PROG";"%";2030;"-1";"Sensitivity | Removed policies except for H2 tax reduction";"Hydrogen"
"OPEX";"Taxes";"ES";"Tax reduction";"Tractor-Trailer";"PROG";"%";2030;"-1";"Sensitivity | Removed policies except for H2 tax reduction";"Hydrogen"
"OPEX";"Taxes";"FR";"Tax reduction";"Rigid";"PROG";"%";2030;"-1";"Sensitivity | Removed policies except for H2 tax reduction";"Hydrogen"
"OPEX";"Taxes";"FR";"Tax reduction";"Tractor-Trailer";"PROG";"%";2030;"-1";"Sensitivity | Removed policies except for H2 tax reduction";"Hydrogen"
"OPEX";"Taxes";"IT";"Tax reduction";"Rigid";"PROG";"%";2030;"-1";"Sensitivity | Removed policies except for H2 tax reduction";"Hydrogen"
"OPEX";"Taxes";"IT";"Tax reduction";"Tractor-Trailer";"PROG";"%";2030;"-1";"Sensitivity | Removed policies except for H2 tax reduction";"Hydrogen"
"OPEX";"Taxes";"NL";"Tax reduction";"Rigid";"PROG";"%";2030;"-1";"Sensitivity | Removed policies except for H2 tax reduction";"Hydrogen"
"OPEX";"Taxes";"NL";"Tax reduction";"Tractor-Trailer";"PROG";"%";2030;"-1";"Sensitivity | Removed policies except for H2 tax reduction";"Hydrogen"
"OPEX";"Taxes";"PL";"Tax reduction";"Rigid";"PROG";"%";2030;"-1";"Sensitivity | Removed policies except for H2 tax reduction";"Hydrogen"
"OPEX";"Taxes";"PL";"Tax reduction";"Tractor-Trailer";"PROG";"%";2030;"-1";"Sensitivity | Removed policies except for H2 tax reduction";"Hydrogen"
"OPEX";"Taxes";"UK";"Tax reduction";"Rigid";"PROG";"%";2030;"-1";"Sensitivity | Removed policies except for H2 tax reduction";"Hydrogen"
"OPEX";"Taxes";"UK";"Tax reduction";"Tractor-Trailer";"PROG";"%";2030;"-1";"Sensitivity | Removed policies except for H2 tax reduction";"Hydrogen"
"OPEX";"Taxes";"DE";"Excise Duty - Diesel";"Rigid";"BAU";"EUR/kWh";2030;"0.047";"Sensitivity | Removed policies except for H2 tax reduction";"Diesel"
"OPEX";"Taxes";"DE";"Excise Duty - Diesel";"Tractor-Trailer";"BAU";"EUR/kWh";2030;"0.047";"Sensitivity | Removed policies except for H2 tax reduction";"Diesel"
"OPEX";"Taxes";"DE";"Excise Duty - Diesel";"Rigid";"PROG";"EUR/kWh";2030;"0.047";"Sensitivity | Removed policies except for H2 tax reduction";"Diesel"
"OPEX";"Taxes";"DE";"Excise Duty - Diesel";"Tractor-Trailer";"PROG";"EUR/kWh";2030;"0.047";"Sensitivity | Removed policies except for H2 tax reduction";"Diesel"
"OPEX";"Taxes";"ES";"Excise Duty - Diesel";"Rigid";"BAU";"EUR/kWh";2030;"0.038";"Sensitivity | Removed policies except for H2 tax reduction";"Diesel"
"OPEX";"Taxes";"ES";"Excise Duty - Diesel";"Tractor-Trailer";"BAU";"EUR/kWh";2030;"0.038";"Sensitivity | Removed policies except for H2 tax reduction";"Diesel"
"OPEX";"Taxes";"ES";"Excise Duty - Diesel";"Rigid";"PROG";"EUR/kWh";2030;"0.038";"Sensitivity | Removed policies except for H2 tax reduction";"Diesel"
"OPEX";"Taxes";"ES";"Excise Duty - Diesel";"Tractor-Trailer";"PROG";"EUR/kWh";2030;"0.038";"Sensitivity | Removed policies except for H2 tax reduction";"Diesel"
"OPEX";"Taxes";"FR";"Excise Duty - Diesel";"Rigid";"BAU";"EUR/kWh";2030;"0.06";"Sensitivity | Removed policies except for H2 tax reduction";"Diesel"
"OPEX";"Taxes";"FR";"Excise Duty - Diesel";"Tractor-Trailer";"BAU";"EUR/kWh";2030;"0.06";"Sensitivity | Removed policies except for H2 tax reduction";"Diesel"
"OPEX";"Taxes";"FR";"Excise Duty - Diesel";"Rigid";"PROG";"EUR/kWh";2030;"0.06";"Sensitivity | Removed policies except for H2 tax reduction";"Diesel"
"OPEX";"Taxes";"FR";"Excise Duty - Diesel";"Tractor-Trailer";"PROG";"EUR/kWh";2030;"0.06";"Sensitivity | Removed policies except for H2 tax reduction";"Diesel"
"OPEX";"Taxes";"IT";"Excise Duty - Diesel";"Rigid";"BAU";"EUR/kWh";2030;"0.062";"Sensitivity | Removed policies except for H2 tax reduction";"Diesel"
"OPEX";"Taxes";"IT";"Excise Duty - Diesel";"Tractor-Trailer";"BAU";"EUR/kWh";2030;"0.062";"Sensitivity | Removed policies except for H2 tax reduction";"Diesel"
"OPEX";"Taxes";"IT";"Excise Duty - Diesel";"Rigid";"PROG";"EUR/kWh";2030;"0.062";"Sensitivity | Removed policies except for H2 tax reduction";"Diesel"
"OPEX";"Taxes";"IT";"Excise Duty - Diesel";"Tractor-Trailer";"PROG";"EUR/kWh";2030;"0.062";"Sensitivity | Removed policies except for H2 tax reduction";"Diesel"
"OPEX";"Taxes";"NL";"Excise Duty - Diesel";"Rigid";"BAU";"EUR/kWh";2030;"0.053";"Sensitivity | Removed policies except for H2 tax reduction";"Diesel"
"OPEX";"Taxes";"NL";"Excise Duty - Diesel";"Tractor-Trailer";"BAU";"EUR/kWh";2030;"0.053";"Sensitivity | Removed policies except for H2 tax reduction";"Diesel"
"OPEX";"Taxes";"NL";"Excise Duty - Diesel";"Rigid";"PROG";"EUR/kWh";2030;"0.053";"Sensitivity | Removed policies except for H2 tax reduction";"Diesel"
"OPEX";"Taxes";"NL";"Excise Duty - Diesel";"Tractor-Trailer";"PROG";"EUR/kWh";2030;"0.053";"Sensitivity | Removed policies except for H2 tax reduction";"Diesel"
"OPEX";"Taxes";"PL";"Excise Duty - Diesel";"Rigid";"BAU";"EUR/kWh";2030;"0.033";"Sensitivity | Removed policies except for H2 tax reduction";"Diesel"
"OPEX";"Taxes";"PL";"Excise Duty - Diesel";"Tractor-Trailer";"BAU";"EUR/kWh";2030;"0.033";"Sensitivity | Removed policies except for H2 tax reduction";"Diesel"
"OPEX";"Taxes";"PL";"Excise Duty - Diesel";"Rigid";"PROG";"EUR/kWh";2030;"0.033";"Sensitivity | Removed policies except for H2 tax reduction";"Diesel"
"OPEX";"Taxes";"PL";"Excise Duty - Diesel";"Tractor-Trailer";"PROG";"EUR/kWh";2030;"0.033";"Sensitivity | Removed policies except for H2 tax reduction";"Diesel"
"OPEX";"Taxes";"UK";"Excise Duty - Diesel";"Rigid";"BAU";"EUR/kWh";2030;"0.053";"Sensitivity | Removed policies except for H2 tax reduction";"Diesel"
"OPEX";"Taxes";"UK";"Excise Duty - Diesel";"Tractor-Trailer";"BAU";"EUR/kWh";2030;"0.053";"Sensitivity | Removed policies except for H2 tax reduction";"Diesel"
"OPEX";"Taxes";"UK";"Excise Duty - Diesel";"Rigid";"PROG";"EUR/kWh";2030;"0.053";"Sensitivity | Removed policies except for H2 tax reduction";"Diesel"
"OPEX";"Taxes";"UK";"Excise Duty - Diesel";"Tractor-Trailer";"PROG";"EUR/kWh";2030;"0.053";"Sensitivity | Removed policies except for H2 tax reduction";"Diesel"
"OPEX";"Taxes";"DE";"Excise Duty - Reduction biodiesel";"Rigid";"BAU";"%";2030;"0.5";"Sensitivity | Removed policies except for H2 tax reduction";"Diesel"
"OPEX";"Taxes";"DE";"Excise Duty - Reduction biodiesel";"Tractor-Trailer";"BAU";"%";2030;"0.5";"Sensitivity | Removed policies except for H2 tax reduction";"Diesel"
"OPEX";"Taxes";"DE";"Excise Duty - Reduction biodiesel";"Rigid";"PROG";"%";2030;"0.5";"Sensitivity | Removed policies except for H2 tax reduction";"Diesel"
"OPEX";"Taxes";"DE";"Excise Duty - Reduction biodiesel";"Tractor-Trailer";"PROG";"%";2030;"0.5";"Sensitivity | Removed policies except for H2 tax reduction";"Diesel"
"OPEX";"Taxes";"ES";"Excise Duty - Reduction biodiesel";"Rigid";"BAU";"%";2030;"0.5";"Sensitivity | Removed policies except for H2 tax reduction";"Diesel"
"OPEX";"Taxes";"ES";"Excise Duty - Reduction biodiesel";"Tractor-Trailer";"BAU";"%";2030;"0.5";"Sensitivity | Removed policies except for H2 tax reduction";"Diesel"
"OPEX";"Taxes";"ES";"Excise Duty - Reduction biodiesel";"Rigid";"PROG";"%";2030;"0.5";"Sensitivity | Removed policies except for H2 tax reduction";"Diesel"
"OPEX";"Taxes";"ES";"Excise Duty - Reduction biodiesel";"Tractor-Trailer";"PROG";"%";2030;"0.5";"Sensitivity | Removed policies except for H2 tax reduction";"Diesel"
"OPEX";"Taxes";"FR";"Excise Duty - Reduction biodiesel";"Rigid";"BAU";"%";2030;"0.5";"Sensitivity | Removed policies except for H2 tax reduction";"Diesel"
"OPEX";"Taxes";"FR";"Excise Duty - Reduction biodiesel";"Tractor-Trailer";"BAU";"%";2030;"0.5";"Sensitivity | Removed policies except for H2 tax reduction";"Diesel"
"OPEX";"Taxes";"FR";"Excise Duty - Reduction biodiesel";"Rigid";"PROG";"%";2030;"0.5";"Sensitivity | Removed policies except for H2 tax reduction";"Diesel"
"OPEX";"Taxes";"FR";"Excise Duty - Reduction biodiesel";"Tractor-Trailer";"PROG";"%";2030;"0.5";"Sensitivity | Removed policies except for H2 tax reduction";"Diesel"
"OPEX";"Taxes";"IT";"Excise Duty - Reduction biodiesel";"Rigid";"BAU";"%";2030;"0.5";"Sensitivity | Removed policies except for H2 tax reduction";"Diesel"
"OPEX";"Taxes";"IT";"Excise Duty - Reduction biodiesel";"Tractor-Trailer";"BAU";"%";2030;"0.5";"Sensitivity | Removed policies except for H2 tax reduction";"Diesel"
"OPEX";"Taxes";"IT";"Excise Duty - Reduction biodiesel";"Rigid";"PROG";"%";2030;"0.5";"Sensitivity | Removed policies except for H2 tax reduction";"Diesel"
"OPEX";"Taxes";"IT";"Excise Duty - Reduction biodiesel";"Tractor-Trailer";"PROG";"%";2030;"0.5";"Sensitivity | Removed policies except for H2 tax reduction";"Diesel"
"OPEX";"Taxes";"NL";"Excise Duty - Reduction biodiesel";"Rigid";"BAU";"%";2030;"0.5";"Sensitivity | Removed policies except for H2 tax reduction";"Diesel"
"OPEX";"Taxes";"NL";"Excise Duty - Reduction biodiesel";"Tractor-Trailer";"BAU";"%";2030;"0.5";"Sensitivity | Removed policies except for H2 tax reduction";"Diesel"
"OPEX";"Taxes";"NL";"Excise Duty - Reduction biodiesel";"Rigid";"PROG";"%";2030;"0.5";"Sensitivity | Removed policies except for H2 tax reduction";"Diesel"
"OPEX";"Taxes";"NL";"Excise Duty - Reduction biodiesel";"Tractor-Trailer";"PROG";"%";2030;"0.5";"Sensitivity | Removed policies except for H2 tax reduction";"Diesel"
"OPEX";"Taxes";"PL";"Excise Duty - Reduction biodiesel";"Rigid";"BAU";"%";2030;"0.5";"Sensitivity | Removed policies except for H2 tax reduction";"Diesel"
"OPEX";"Taxes";"PL";"Excise Duty - Reduction biodiesel";"Tractor-Trailer";"BAU";"%";2030;"0.5";"Sensitivity | Removed policies except for H2 tax reduction";"Diesel"
"OPEX";"Taxes";"PL";"Excise Duty - Reduction biodiesel";"Rigid";"PROG";"%";2030;"0.5";"Sensitivity | Removed policies except for H2 tax reduction";"Diesel"
"OPEX";"Taxes";"PL";"Excise Duty - Reduction biodiesel";"Tractor-Trailer";"PROG";"%";2030;"0.5";"Sensitivity | Removed policies except for H2 tax reduction";"Diesel"
"OPEX";"Taxes";"UK";"Excise Duty - Reduction biodiesel";"Rigid";"BAU";"%";2030;"0.5";"Sensitivity | Removed policies except for H2 tax reduction";"Diesel"
"OPEX";"Taxes";"UK";"Excise Duty - Reduction biodiesel";"Tractor-Trailer";"BAU";"%";2030;"0.5";"Sensitivity | Removed policies except for H2 tax reduction";"Diesel"
"OPEX";"Taxes";"UK";"Excise Duty - Reduction biodiesel";"Rigid";"PROG";"%";2030;"0.5";"Sensitivity | Removed policies except for H2 tax reduction";"Diesel"
"OPEX";"Taxes";"UK";"Excise Duty - Reduction biodiesel";"Tractor-Trailer";"PROG";"%";2030;"0.5";"Sensitivity | Removed policies except for H2 tax reduction";"Diesel"
"OPEX";"Taxes";"DE";"Excise Duty - Reduction Synthetic Diesel (E-Fuels)";"Rigid";"BAU";"%";2030;"0.5";"Sensitivity | Removed policies except for H2 tax reduction";"Diesel"
"OPEX";"Taxes";"DE";"Excise Duty - Reduction Synthetic Diesel (E-Fuels)";"Tractor-Trailer";"BAU";"%";2030;"0.5";"Sensitivity | Removed policies except for H2 tax reduction";"Diesel"
"OPEX";"Taxes";"DE";"Excise Duty - Reduction Synthetic Diesel (E-Fuels)";"Rigid";"PROG";"%";2030;"0.5";"Sensitivity | Removed policies except for H2 tax reduction";"Diesel"
"OPEX";"Taxes";"DE";"Excise Duty - Reduction Synthetic Diesel (E-Fuels)";"Tractor-Trailer";"PROG";"%";2030;"0.5";"Sensitivity | Removed policies except for H2 tax reduction";"Diesel"
"OPEX";"Taxes";"ES";"Excise Duty - Reduction Synthetic Diesel (E-Fuels)";"Rigid";"BAU";"%";2030;"0.5";"Sensitivity | Removed policies except for H2 tax reduction";"Diesel"
"OPEX";"Taxes";"ES";"Excise Duty - Reduction Synthetic Diesel (E-Fuels)";"Tractor-Trailer";"BAU";"%";2030;"0.5";"Sensitivity | Removed policies except for H2 tax reduction";"Diesel"
"OPEX";"Taxes";"ES";"Excise Duty - Reduction Synthetic Diesel (E-Fuels)";"Rigid";"PROG";"%";2030;"0.5";"Sensitivity | Removed policies except for H2 tax reduction";"Diesel"
"OPEX";"Taxes";"ES";"Excise Duty - Reduction Synthetic Diesel (E-Fuels)";"Tractor-Trailer";"PROG";"%";2030;"0.5";"Sensitivity | Removed policies except for H2 tax reduction";"Diesel"
"OPEX";"Taxes";"FR";"Excise Duty - Reduction Synthetic Diesel (E-Fuels)";"Rigid";"BAU";"%";2030;"0.5";"Sensitivity | Removed policies except for H2 tax reduction";"Diesel"
"OPEX";"Taxes";"FR";"Excise Duty - Reduction Synthetic Diesel (E-Fuels)";"Tractor-Trailer";"BAU";"%";2030;"0.5";"Sensitivity | Removed policies except for H2 tax reduction";"Diesel"
"OPEX";"Taxes";"FR";"Excise Duty - Reduction Synthetic Diesel (E-Fuels)";"Rigid";"PROG";"%";2030;"0.5";"Sensitivity | Removed policies except for H2 tax reduction";"Diesel"
"OPEX";"Taxes";"FR";"Excise Duty - Reduction Synthetic Diesel (E-Fuels)";"Tractor-Trailer";"PROG";"%";2030;"0.5";"Sensitivity | Removed policies except for H2 tax reduction";"Diesel"
"OPEX";"Taxes";"IT";"Excise Duty - Reduction Synthetic Diesel (E-Fuels)";"Rigid";"BAU";"%";2030;"0.5";"Sensitivity | Removed policies except for H2 tax reduction";"Diesel"
"OPEX";"Taxes";"IT";"Excise Duty - Reduction Synthetic Diesel (E-Fuels)";"Tractor-Trailer";"BAU";"%";2030;"0.5";"Sensitivity | Removed policies except for H2 tax reduction";"Diesel"
"OPEX";"Taxes";"IT";"Excise Duty - Reduction Synthetic Diesel (E-Fuels)";"Rigid";"PROG";"%";2030;"0.5";"Sensitivity | Removed policies except for H2 tax reduction";"Diesel"
"OPEX";"Taxes";"IT";"Excise Duty - Reduction Synthetic Diesel (E-Fuels)";"Tractor-Trailer";"PROG";"%";2030;"0.5";"Sensitivity | Removed policies except for H2 tax reduction";"Diesel"
"OPEX";"Taxes";"NL";"Excise Duty - Reduction Synthetic Diesel (E-Fuels)";"Rigid";"BAU";"%";2030;"0.5";"Sensitivity | Removed policies except for H2 tax reduction";"Diesel"
"OPEX";"Taxes";"NL";"Excise Duty - Reduction Synthetic Diesel (E-Fuels)";"Tractor-Trailer";"BAU";"%";2030;"0.5";"Sensitivity | Removed policies except for H2 tax reduction";"Diesel"
"OPEX";"Taxes";"NL";"Excise Duty - Reduction Synthetic Diesel (E-Fuels)";"Rigid";"PROG";"%";2030;"0.5";"Sensitivity | Removed policies except for H2 tax reduction";"Diesel"
"OPEX";"Taxes";"NL";"Excise Duty - Reduction Synthetic Diesel (E-Fuels)";"Tractor-Trailer";"PROG";"%";2030;"0.5";"Sensitivity | Removed policies except for H2 tax reduction";"Diesel"
"OPEX";"Taxes";"PL";"Excise Duty - Reduction Synthetic Diesel (E-Fuels)";"Rigid";"BAU";"%";2030;"0.5";"Sensitivity | Removed policies except for H2 tax reduction";"Diesel"
"OPEX";"Taxes";"PL";"Excise Duty - Reduction Synthetic Diesel (E-Fuels)";"Tractor-Trailer";"BAU";"%";2030;"0.5";"Sensitivity | Removed policies except for H2 tax reduction";"Diesel"
"OPEX";"Taxes";"PL";"Excise Duty - Reduction Synthetic Diesel (E-Fuels)";"Rigid";"PROG";"%";2030;"0.5";"Sensitivity | Removed policies except for H2 tax reduction";"Diesel"
"OPEX";"Taxes";"PL";"Excise Duty - Reduction Synthetic Diesel (E-Fuels)";"Tractor-Trailer";"PROG";"%";2030;"0.5";"Sensitivity | Removed policies except for H2 tax reduction";"Diesel"
"OPEX";"Taxes";"UK";"Excise Duty - Reduction Synthetic Diesel (E-Fuels)";"Rigid";"BAU";"%";2030;"0.5";"Sensitivity | Removed policies except for H2 tax reduction";"Diesel"
"OPEX";"Taxes";"UK";"Excise Duty - Reduction Synthetic Diesel (E-Fuels)";"Tractor-Trailer";"BAU";"%";2030;"0.5";"Sensitivity | Removed policies except for H2 tax reduction";"Diesel"
"OPEX";"Taxes";"UK";"Excise Duty - Reduction Synthetic Diesel (E-Fuels)";"Rigid";"PROG";"%";2030;"0.5";"Sensitivity | Removed policies except for H2 tax reduction";"Diesel"
"OPEX";"Taxes";"UK";"Excise Duty - Reduction Synthetic Diesel (E-Fuels)";"Tractor-Trailer";"PROG";"%";2030;"0.5";"Sensitivity | Removed policies except for H2 tax reduction";"Diesel"
"OPEX";"Taxes";"DE";"Taxes, Fees, Levies and charges - H2";"Rigid";"BAU";"EUR/kWh";2030;"0.015";"Sensitivity | Removed policies except for H2 tax reduction";"Hydrogen"
"OPEX";"Taxes";"DE";"Taxes, Fees, Levies and charges - H2";"Tractor-Trailer";"BAU";"EUR/kWh";2030;"0.015";"Sensitivity | Removed policies except for H2 tax reduction";"Hydrogen"
"OPEX";"Taxes";"DE";"Taxes, Fees, Levies and charges - H2";"Rigid";"PROG";"EUR/kWh";2030;"0.015";"Sensitivity | Removed policies except for H2 tax reduction";"Hydrogen"
"OPEX";"Taxes";"DE";"Taxes, Fees, Levies and charges - H2";"Tractor-Trailer";"PROG";"EUR/kWh";2030;"0.015";"Sensitivity | Removed policies except for H2 tax reduction";"Hydrogen"
"OPEX";"Taxes";"ES";"Taxes, Fees, Levies and charges - H2";"Rigid";"BAU";"EUR/kWh";2030;"0.008";"Sensitivity | Removed policies except for H2 tax reduction";"Hydrogen"
"OPEX";"Taxes";"ES";"Taxes, Fees, Levies and charges - H2";"Tractor-Trailer";"BAU";"EUR/kWh";2030;"0.008";"Sensitivity | Removed policies except for H2 tax reduction";"Hydrogen"
"OPEX";"Taxes";"ES";"Taxes, Fees, Levies and charges - H2";"Rigid";"PROG";"EUR/kWh";2030;"0.008";"Sensitivity | Removed policies except for H2 tax reduction";"Hydrogen"
"OPEX";"Taxes";"ES";"Taxes, Fees, Levies and charges - H2";"Tractor-Trailer";"PROG";"EUR/kWh";2030;"0.008";"Sensitivity | Removed policies except for H2 tax reduction";"Hydrogen"
"OPEX";"Taxes";"FR";"Taxes, Fees, Levies and charges - H2";"Rigid";"BAU";"EUR/kWh";2030;"0.012";"Sensitivity | Removed policies except for H2 tax reduction";"Hydrogen"
"OPEX";"Taxes";"FR";"Taxes, Fees, Levies and charges - H2";"Tractor-Trailer";"BAU";"EUR/kWh";2030;"0.012";"Sensitivity | Removed policies except for H2 tax reduction";"Hydrogen"
"OPEX";"Taxes";"FR";"Taxes, Fees, Levies and charges - H2";"Rigid";"PROG";"EUR/kWh";2030;"0.012";"Sensitivity | Removed policies except for H2 tax reduction";"Hydrogen"
"OPEX";"Taxes";"FR";"Taxes, Fees, Levies and charges - H2";"Tractor-Trailer";"PROG";"EUR/kWh";2030;"0.012";"Sensitivity | Removed policies except for H2 tax reduction";"Hydrogen"
"OPEX";"Taxes";"IT";"Taxes, Fees, Levies and charges - H2";"Rigid";"BAU";"EUR/kWh";2030;"0.009";"Sensitivity | Removed policies except for H2 tax reduction";"Hydrogen"
"OPEX";"Taxes";"IT";"Taxes, Fees, Levies and charges - H2";"Tractor-Trailer";"BAU";"EUR/kWh";2030;"0.009";"Sensitivity | Removed policies except for H2 tax reduction";"Hydrogen"
"OPEX";"Taxes";"IT";"Taxes, Fees, Levies and charges - H2";"Rigid";"PROG";"EUR/kWh";2030;"0.009";"Sensitivity | Removed policies except for H2 tax reduction";"Hydrogen"
"OPEX";"Taxes";"IT";"Taxes, Fees, Levies and charges - H2";"Tractor-Trailer";"PROG";"EUR/kWh";2030;"0.009";"Sensitivity | Removed policies except for H2 tax reduction";"Hydrogen"
"OPEX";"Taxes";"NL";"Taxes, Fees, Levies and charges - H2";"Rigid";"BAU";"EUR/kWh";2030;"0.024";"Sensitivity | Removed policies except for H2 tax reduction";"Hydrogen"
"OPEX";"Taxes";"NL";"Taxes, Fees, Levies and charges - H2";"Tractor-Trailer";"BAU";"EUR/kWh";2030;"0.024";"Sensitivity | Removed policies except for H2 tax reduction";"Hydrogen"
"OPEX";"Taxes";"NL";"Taxes, Fees, Levies and charges - H2";"Rigid";"PROG";"EUR/kWh";2030;"0.024";"Sensitivity | Removed policies except for H2 tax reduction";"Hydrogen"
"OPEX";"Taxes";"NL";"Taxes, Fees, Levies and charges - H2";"Tractor-Trailer";"PROG";"EUR/kWh";2030;"0.024";"Sensitivity | Removed policies except for H2 tax reduction";"Hydrogen"
"OPEX";"Taxes";"PL";"Taxes, Fees, Levies and charges - H2";"Rigid";"BAU";"EUR/kWh";2030;"0.009";"Sensitivity | Removed policies except for H2 tax reduction";"Hydrogen"
"OPEX";"Taxes";"PL";"Taxes, Fees, Levies and charges - H2";"Tractor-Trailer";"BAU";"EUR/kWh";2030;"0.009";"Sensitivity | Removed policies except for H2 tax reduction";"Hydrogen"
"OPEX";"Taxes";"PL";"Taxes, Fees, Levies and charges - H2";"Rigid";"PROG";"EUR/kWh";2030;"0.009";"Sensitivity | Removed policies except for H2 tax reduction";"Hydrogen"
"OPEX";"Taxes";"PL";"Taxes, Fees, Levies and charges - H2";"Tractor-Trailer";"PROG";"EUR/kWh";2030;"0.009";"Sensitivity | Removed policies except for H2 tax reduction";"Hydrogen"
"OPEX";"Taxes";"UK";"Taxes, Fees, Levies and charges - H2";"Rigid";"BAU";"EUR/kWh";2030;"0.006";"Sensitivity | Removed policies except for H2 tax reduction";"Hydrogen"
"OPEX";"Taxes";"UK";"Taxes, Fees, Levies and charges - H2";"Tractor-Trailer";"BAU";"EUR/kWh";2030;"0.006";"Sensitivity | Removed policies except for H2 tax reduction";"Hydrogen"
"OPEX";"Taxes";"UK";"Taxes, Fees, Levies and charges - H2";"Rigid";"PROG";"EUR/kWh";2030;"0.006";"Sensitivity | Removed policies except for H2 tax reduction";"Hydrogen"
"OPEX";"Taxes";"UK";"Taxes, Fees, Levies and charges - H2";"Tractor-Trailer";"PROG";"EUR/kWh";2030;"0.006";"Sensitivity | Removed policies except for H2 tax reduction";"Hydrogen"
"OPEX";"Charging Infrastructure";"DE";"MCS grid extension";"Rigid";"PROG";"EUR/kWh";2030;"0.075";"Sensitivity | Removed policies except for H2 tax reduction";"Electricity"
"OPEX";"Charging Infrastructure";"DE";"MCS grid extension";"Tractor-Trailer";"PROG";"EUR/kWh";2030;"0.075";"Sensitivity | Removed policies except for H2 tax reduction";"Electricity"
"OPEX";"Charging Infrastructure";"DE";"MCS grid extension";"Rigid";"BAU";"EUR/kWh";2030;"0.075";"Sensitivity | Removed policies except for H2 tax reduction";"Electricity"
"OPEX";"Charging Infrastructure";"DE";"MCS grid extension";"Tractor-Trailer";"BAU";"EUR/kWh";2030;"0.075";"Sensitivity | Removed policies except for H2 tax reduction";"Electricity"
"OPEX";"Charging Infrastructure";"ES";"MCS grid extension";"Rigid";"PROG";"EUR/kWh";2030;"0.075";"Sensitivity | Removed policies except for H2 tax reduction";"Electricity"
"OPEX";"Charging Infrastructure";"ES";"MCS grid extension";"Tractor-Trailer";"PROG";"EUR/kWh";2030;"0.075";"Sensitivity | Removed policies except for H2 tax reduction";"Electricity"
"OPEX";"Charging Infrastructure";"ES";"MCS grid extension";"Rigid";"BAU";"EUR/kWh";2030;"0.075";"Sensitivity | Removed policies except for H2 tax reduction";"Electricity"
"OPEX";"Charging Infrastructure";"ES";"MCS grid extension";"Tractor-Trailer";"BAU";"EUR/kWh";2030;"0.075";"Sensitivity | Removed policies except for H2 tax reduction";"Electricity"
"OPEX";"Charging Infrastructure";"FR";"MCS grid extension";"Rigid";"PROG";"EUR/kWh";2030;"0.075";"Sensitivity | Removed policies except for H2 tax reduction";"Electricity"
"OPEX";"Charging Infrastructure";"FR";"MCS grid extension";"Tractor-Trailer";"PROG";"EUR/kWh";2030;"0.075";"Sensitivity | Removed policies except for H2 tax reduction";"Electricity"
"OPEX";"Charging Infrastructure";"FR";"MCS grid extension";"Rigid";"BAU";"EUR/kWh";2030;"0.075";"Sensitivity | Removed policies except for H2 tax reduction";"Electricity"
"OPEX";"Charging Infrastructure";"FR";"MCS grid extension";"Tractor-Trailer";"BAU";"EUR/kWh";2030;"0.075";"Sensitivity | Removed policies except for H2 tax reduction";"Electricity"
"OPEX";"Charging Infrastructure";"IT";"MCS grid extension";"Rigid";"PROG";"EUR/kWh";2030;"0.075";"Sensitivity | Removed policies except for H2 tax reduction";"Electricity"
"OPEX";"Charging Infrastructure";"IT";"MCS grid extension";"Tractor-Trailer";"PROG";"EUR/kWh";2030;"0.075";"Sensitivity | Removed policies except for H2 tax reduction";"Electricity"
"OPEX";"Charging Infrastructure";"IT";"MCS grid extension";"Rigid";"BAU";"EUR/kWh";2030;"0.075";"Sensitivity | Removed policies except for H2 tax reduction";"Electricity"
"OPEX";"Charging Infrastructure";"IT";"MCS grid extension";"Tractor-Trailer";"BAU";"EUR/kWh";2030;"0.075";"Sensitivity | Removed policies except for H2 tax reduction";"Electricity"
"OPEX";"Charging Infrastructure";"NL";"MCS grid extension";"Rigid";"PROG";"EUR/kWh";2030;"0.075";"Sensitivity | Removed policies except for H2 tax reduction";"Electricity"
"OPEX";"Charging Infrastructure";"NL";"MCS grid extension";"Tractor-Trailer";"PROG";"EUR/kWh";2030;"0.075";"Sensitivity | Removed policies except for H2 tax reduction";"Electricity"
"OPEX";"Charging Infrastructure";"NL";"MCS grid extension";"Rigid";"BAU";"EUR/kWh";2030;"0.075";"Sensitivity | Removed policies except for H2 tax reduction";"Electricity"
"OPEX";"Charging Infrastructure";"NL";"MCS grid extension";"Tractor-Trailer";"BAU";"EUR/kWh";2030;"0.075";"Sensitivity | Removed policies except for H2 tax reduction";"Electricity"
"OPEX";"Charging Infrastructure";"PL";"MCS grid extension";"Rigid";"PROG";"EUR/kWh";2030;"0.075";"Sensitivity | Removed policies except for H2 tax reduction";"Electricity"
"OPEX";"Charging Infrastructure";"PL";"MCS grid extension";"Tractor-Trailer";"PROG";"EUR/kWh";2030;"0.075";"Sensitivity | Removed policies except for H2 tax reduction";"Electricity"
"OPEX";"Charging Infrastructure";"PL";"MCS grid extension";"Rigid";"BAU";"EUR/kWh";2030;"0.075";"Sensitivity | Removed policies except for H2 tax reduction";"Electricity"
"OPEX";"Charging Infrastructure";"PL";"MCS grid extension";"Tractor-Trailer";"BAU";"EUR/kWh";2030;"0.075";"Sensitivity | Removed policies except for H2 tax reduction";"Electricity"
"OPEX";"Charging Infrastructure";"UK";"MCS grid extension";"Rigid";"PROG";"EUR/kWh";2030;"0.075";"Sensitivity | Removed policies except for H2 tax reduction";"Electricity"
"OPEX";"Charging Infrastructure";"UK";"MCS grid extension";"Tractor-Trailer";"PROG";"EUR/kWh";2030;"0.075";"Sensitivity | Removed policies except for H2 tax reduction";"Electricity"
"OPEX";"Charging Infrastructure";"UK";"MCS grid extension";"Rigid";"BAU";"EUR/kWh";2030;"0.075";"Sensitivity | Removed policies except for H2 tax reduction";"Electricity"
"OPEX";"Charging Infrastructure";"UK";"MCS grid extension";"Tractor-Trailer";"BAU";"EUR/kWh";2030;"0.075";"Sensitivity | Removed policies except for H2 tax reduction";"Electricity"
"OPEX";"Charging Infrastructure";"DE";"MCS Profit and Mark-Up";"Rigid";"PROG";"%";2030;"0.1";"Sensitivity | Removed policies except for H2 tax reduction";"Electricity"
"OPEX";"Charging Infrastructure";"DE";"MCS Profit and Mark-Up";"Tractor-Trailer";"PROG";"%";2030;"0.1";"Sensitivity | Removed policies except for H2 tax reduction";"Electricity"
"OPEX";"Charging Infrastructure";"DE";"MCS Profit and Mark-Up";"Rigid";"BAU";"%";2030;"0.1";"Sensitivity | Removed policies except for H2 tax reduction";"Electricity"
"OPEX";"Charging Infrastructure";"DE";"MCS Profit and Mark-Up";"Tractor-Trailer";"BAU";"%";2030;"0.1";"Sensitivity | Removed policies except for H2 tax reduction";"Electricity"
"OPEX";"Charging Infrastructure";"ES";"MCS Profit and Mark-Up";"Rigid";"PROG";"%";2030;"0.1";"Sensitivity | Removed policies except for H2 tax reduction";"Electricity"
"OPEX";"Charging Infrastructure";"ES";"MCS Profit and Mark-Up";"Tractor-Trailer";"PROG";"%";2030;"0.1";"Sensitivity | Removed policies except for H2 tax reduction";"Electricity"
"OPEX";"Charging Infrastructure";"ES";"MCS Profit and Mark-Up";"Rigid";"BAU";"%";2030;"0.1";"Sensitivity | Removed policies except for H2 tax reduction";"Electricity"
"OPEX";"Charging Infrastructure";"ES";"MCS Profit and Mark-Up";"Tractor-Trailer";"BAU";"%";2030;"0.1";"Sensitivity | Removed policies except for H2 tax reduction";"Electricity"
"OPEX";"Charging Infrastructure";"FR";"MCS Profit and Mark-Up";"Rigid";"PROG";"%";2030;"0.1";"Sensitivity | Removed policies except for H2 tax reduction";"Electricity"
"OPEX";"Charging Infrastructure";"FR";"MCS Profit and Mark-Up";"Tractor-Trailer";"PROG";"%";2030;"0.1";"Sensitivity | Removed policies except for H2 tax reduction";"Electricity"
"OPEX";"Charging Infrastructure";"FR";"MCS Profit and Mark-Up";"Rigid";"BAU";"%";2030;"0.1";"Sensitivity | Removed policies except for H2 tax reduction";"Electricity"
"OPEX";"Charging Infrastructure";"FR";"MCS Profit and Mark-Up";"Tractor-Trailer";"BAU";"%";2030;"0.1";"Sensitivity | Removed policies except for H2 tax reduction";"Electricity"
"OPEX";"Charging Infrastructure";"IT";"MCS Profit and Mark-Up";"Rigid";"PROG";"%";2030;"0.1";"Sensitivity | Removed policies except for H2 tax reduction";"Electricity"
"OPEX";"Charging Infrastructure";"IT";"MCS Profit and Mark-Up";"Tractor-Trailer";"PROG";"%";2030;"0.1";"Sensitivity | Removed policies except for H2 tax reduction";"Electricity"
"OPEX";"Charging Infrastructure";"IT";"MCS Profit and Mark-Up";"Rigid";"BAU";"%";2030;"0.1";"Sensitivity | Removed policies except for H2 tax reduction";"Electricity"
"OPEX";"Charging Infrastructure";"IT";"MCS Profit and Mark-Up";"Tractor-Trailer";"BAU";"%";2030;"0.1";"Sensitivity | Removed policies except for H2 tax reduction";"Electricity"
"OPEX";"Charging Infrastructure";"NL";"MCS Profit and Mark-Up";"Rigid";"PROG";"%";2030;"0.1";"Sensitivity | Removed policies except for H2 tax reduction";"Electricity"
"OPEX";"Charging Infrastructure";"NL";"MCS Profit and Mark-Up";"Tractor-Trailer";"PROG";"%";2030;"0.1";"Sensitivity | Removed policies except for H2 tax reduction";"Electricity"
"OPEX";"Charging Infrastructure";"NL";"MCS Profit and Mark-Up";"Rigid";"BAU";"%";2030;"0.1";"Sensitivity | Removed policies except for H2 tax reduction";"Electricity"
"OPEX";"Charging Infrastructure";"NL";"MCS Profit and Mark-Up";"Tractor-Trailer";"BAU";"%";2030;"0.1";"Sensitivity | Removed policies except for H2 tax reduction";"Electricity"
"OPEX";"Charging Infrastructure";"PL";"MCS Profit and Mark-Up";"Rigid";"PROG";"%";2030;"0.1";"Sensitivity | Removed policies except for H2 tax reduction";"Electricity"
"OPEX";"Charging Infrastructure";"PL";"MCS Profit and Mark-Up";"Tractor-Trailer";"PROG";"%";2030;"0.1";"Sensitivity | Removed policies except for H2 tax reduction";"Electricity"
"OPEX";"Charging Infrastructure";"PL";"MCS Profit and Mark-Up";"Rigid";"BAU";"%";2030;"0.1";"Sensitivity | Removed policies except for H2 tax reduction";"Electricity"
"OPEX";"Charging Infrastructure";"PL";"MCS Profit and Mark-Up";"Tractor-Trailer";"BAU";"%";2030;"0.1";"Sensitivity | Removed policies except for H2 tax reduction";"Electricity"
"OPEX";"Charging Infrastructure";"UK";"MCS Profit and Mark-Up";"Rigid";"PROG";"%";2030;"0.1";"Sensitivity | Removed policies except for H2 tax reduction";"Electricity"
"OPEX";"Charging Infrastructure";"UK";"MCS Profit and Mark-Up";"Tractor-Trailer";"PROG";"%";2030;"0.1";"Sensitivity | Removed policies except for H2 tax reduction";"Electricity"
"OPEX";"Charging Infrastructure";"UK";"MCS Profit and Mark-Up";"Rigid";"BAU";"%";2030;"0.1";"Sensitivity | Removed policies except for H2 tax reduction";"Electricity"
"OPEX";"Charging Infrastructure";"UK";"MCS Profit and Mark-Up";"Tractor-Trailer";"BAU";"%";2030;"0.1";"Sensitivity | Removed policies except for H2 tax reduction";"Electricity"
"OPEX";"Charging Infrastructure";"DE";"CCS Station (Depot) - Incl. Overhead";"Rigid";"PROG";"EUR/kWh";2030;"0.029";"Sensitivity | Removed policies except for H2 tax reduction";"Electricity"
"OPEX";"Charging Infrastructure";"DE";"CCS Station (Depot) - Incl. Overhead";"Tractor-Trailer";"PROG";"EUR/kWh";2030;"0.029";"Sensitivity | Removed policies except for H2 tax reduction";"Electricity"
"OPEX";"Charging Infrastructure";"DE";"CCS Station (Depot) - Incl. Overhead";"Rigid";"BAU";"EUR/kWh";2030;"0.029";"Sensitivity | Removed policies except for H2 tax reduction";"Electricity"
"OPEX";"Charging Infrastructure";"DE";"CCS Station (Depot) - Incl. Overhead";"Tractor-Trailer";"BAU";"EUR/kWh";2030;"0.029";"Sensitivity | Removed policies except for H2 tax reduction";"Electricity"
"OPEX";"Charging Infrastructure";"ES";"CCS Station (Depot) - Incl. Overhead";"Rigid";"PROG";"EUR/kWh";2030;"0.029";"Sensitivity | Removed policies except for H2 tax reduction";"Electricity"
"OPEX";"Charging Infrastructure";"ES";"CCS Station (Depot) - Incl. Overhead";"Tractor-Trailer";"PROG";"EUR/kWh";2030;"0.029";"Sensitivity | Removed policies except for H2 tax reduction";"Electricity"
"OPEX";"Charging Infrastructure";"ES";"CCS Station (Depot) - Incl. Overhead";"Rigid";"BAU";"EUR/kWh";2030;"0.029";"Sensitivity | Removed policies except for H2 tax reduction";"Electricity"
"OPEX";"Charging Infrastructure";"ES";"CCS Station (Depot) - Incl. Overhead";"Tractor-Trailer";"BAU";"EUR/kWh";2030;"0.029";"Sensitivity | Removed policies except for H2 tax reduction";"Electricity"
"OPEX";"Charging Infrastructure";"FR";"CCS Station (Depot) - Incl. Overhead";"Rigid";"PROG";"EUR/kWh";2030;"0.029";"Sensitivity | Removed policies except for H2 tax reduction";"Electricity"
"OPEX";"Charging Infrastructure";"FR";"CCS Station (Depot) - Incl. Overhead";"Tractor-Trailer";"PROG";"EUR/kWh";2030;"0.029";"Sensitivity | Removed policies except for H2 tax reduction";"Electricity"
"OPEX";"Charging Infrastructure";"FR";"CCS Station (Depot) - Incl. Overhead";"Rigid";"BAU";"EUR/kWh";2030;"0.029";"Sensitivity | Removed policies except for H2 tax reduction";"Electricity"
"OPEX";"Charging Infrastructure";"FR";"CCS Station (Depot) - Incl. Overhead";"Tractor-Trailer";"BAU";"EUR/kWh";2030;"0.029";"Sensitivity | Removed policies except for H2 tax reduction";"Electricity"
"OPEX";"Charging Infrastructure";"IT";"CCS Station (Depot) - Incl. Overhead";"Rigid";"PROG";"EUR/kWh";2030;"0.029";"Sensitivity | Removed policies except for H2 tax reduction";"Electricity"
"OPEX";"Charging Infrastructure";"IT";"CCS Station (Depot) - Incl. Overhead";"Tractor-Trailer";"PROG";"EUR/kWh";2030;"0.029";"Sensitivity | Removed policies except for H2 tax reduction";"Electricity"
"OPEX";"Charging Infrastructure";"IT";"CCS Station (Depot) - Incl. Overhead";"Rigid";"BAU";"EUR/kWh";2030;"0.029";"Sensitivity | Removed policies except for H2 tax reduction";"Electricity"
"OPEX";"Charging Infrastructure";"IT";"CCS Station (Depot) - Incl. Overhead";"Tractor-Trailer";"BAU";"EUR/kWh";2030;"0.029";"Sensitivity | Removed policies except for H2 tax reduction";"Electricity"
"OPEX";"Charging Infrastructure";"NL";"CCS Station (Depot) - Incl. Overhead";"Rigid";"PROG";"EUR/kWh";2030;"0.029";"Sensitivity | Removed policies except for H2 tax reduction";"Electricity"
"OPEX";"Charging Infrastructure";"NL";"CCS Station (Depot) - Incl. Overhead";"Tractor-Trailer";"PROG";"EUR/kWh";2030;"0.029";"Sensitivity | Removed policies except for H2 tax reduction";"Electricity"
"OPEX";"Charging Infrastructure";"NL";"CCS Station (Depot) - Incl. Overhead";"Rigid";"BAU";"EUR/kWh";2030;"0.029";"Sensitivity | Removed policies except for H2 tax reduction";"Electricity"
"OPEX";"Charging Infrastructure";"NL";"CCS Station (Depot) - Incl. Overhead";"Tractor-Trailer";"BAU";"EUR/kWh";2030;"0.029";"Sensitivity | Removed policies except for H2 tax reduction";"Electricity"
"OPEX";"Charging Infrastructure";"PL";"CCS Station (Depot) - Incl. Overhead";"Rigid";"PROG";"EUR/kWh";2030;"0.029";"Sensitivity | Removed policies except for H2 tax reduction";"Electricity"
"OPEX";"Charging Infrastructure";"PL";"CCS Station (Depot) - Incl. Overhead";"Tractor-Trailer";"PROG";"EUR/kWh";2030;"0.029";"Sensitivity | Removed policies except for H2 tax reduction";"Electricity"
"OPEX";"Charging Infrastructure";"PL";"CCS Station (Depot) - Incl. Overhead";"Rigid";"BAU";"EUR/kWh";2030;"0.029";"Sensitivity | Removed policies except for H2 tax reduction";"Electricity"
"OPEX";"Charging Infrastructure";"PL";"CCS Station (Depot) - Incl. Overhead";"Tractor-Trailer";"BAU";"EUR/kWh";2030;"0.029";"Sensitivity | Removed policies except for H2 tax reduction";"Electricity"
"OPEX";"Charging Infrastructure";"UK";"CCS Station (Depot) - Incl. Overhead";"Rigid";"PROG";"EUR/kWh";2030;"0.029";"Sensitivity | Removed policies except for H2 tax reduction";"Electricity"
"OPEX";"Charging Infrastructure";"UK";"CCS Station (Depot) - Incl. Overhead";"Tractor-Trailer";"PROG";"EUR/kWh";2030;"0.029";"Sensitivity | Removed policies except for H2 tax reduction";"Electricity"
"OPEX";"Charging Infrastructure";"UK";"CCS Station (Depot) - Incl. Overhead";"Rigid";"BAU";"EUR/kWh";2030;"0.029";"Sensitivity | Removed policies except for H2 tax reduction";"Electricity"
"OPEX";"Charging Infrastructure";"UK";"CCS Station (Depot) - Incl. Overhead";"Tractor-Trailer";"BAU";"EUR/kWh";2030;"0.029";"Sensitivity | Removed policies except for H2 tax reduction";"Electricity"
"OPEX";"Charging Infrastructure";"DE";"CCS grid extension";"Rigid";"PROG";"EUR/kWh";2030;"0.045";"Sensitivity | Removed policies except for H2 tax reduction";"Electricity"
"OPEX";"Charging Infrastructure";"DE";"CCS grid extension";"Tractor-Trailer";"PROG";"EUR/kWh";2030;"0.045";"Sensitivity | Removed policies except for H2 tax reduction";"Electricity"
"OPEX";"Charging Infrastructure";"DE";"CCS grid extension";"Rigid";"BAU";"EUR/kWh";2030;"0.045";"Sensitivity | Removed policies except for H2 tax reduction";"Electricity"
"OPEX";"Charging Infrastructure";"DE";"CCS grid extension";"Tractor-Trailer";"BAU";"EUR/kWh";2030;"0.045";"Sensitivity | Removed policies except for H2 tax reduction";"Electricity"
"OPEX";"Charging Infrastructure";"ES";"CCS grid extension";"Rigid";"PROG";"EUR/kWh";2030;"0.045";"Sensitivity | Removed policies except for H2 tax reduction";"Electricity"
"OPEX";"Charging Infrastructure";"ES";"CCS grid extension";"Tractor-Trailer";"PROG";"EUR/kWh";2030;"0.045";"Sensitivity | Removed policies except for H2 tax reduction";"Electricity"
"OPEX";"Charging Infrastructure";"ES";"CCS grid extension";"Rigid";"BAU";"EUR/kWh";2030;"0.045";"Sensitivity | Removed policies except for H2 tax reduction";"Electricity"
"OPEX";"Charging Infrastructure";"ES";"CCS grid extension";"Tractor-Trailer";"BAU";"EUR/kWh";2030;"0.045";"Sensitivity | Removed policies except for H2 tax reduction";"Electricity"
"OPEX";"Charging Infrastructure";"FR";"CCS grid extension";"Rigid";"PROG";"EUR/kWh";2030;"0.045";"Sensitivity | Removed policies except for H2 tax reduction";"Electricity"
"OPEX";"Charging Infrastructure";"FR";"CCS grid extension";"Tractor-Trailer";"PROG";"EUR/kWh";2030;"0.045";"Sensitivity | Removed policies except for H2 tax reduction";"Electricity"
"OPEX";"Charging Infrastructure";"FR";"CCS grid extension";"Rigid";"BAU";"EUR/kWh";2030;"0.045";"Sensitivity | Removed policies except for H2 tax reduction";"Electricity"
"OPEX";"Charging Infrastructure";"FR";"CCS grid extension";"Tractor-Trailer";"BAU";"EUR/kWh";2030;"0.045";"Sensitivity | Removed policies except for H2 tax reduction";"Electricity"
"OPEX";"Charging Infrastructure";"IT";"CCS grid extension";"Rigid";"PROG";"EUR/kWh";2030;"0.045";"Sensitivity | Removed policies except for H2 tax reduction";"Electricity"
"OPEX";"Charging Infrastructure";"IT";"CCS grid extension";"Tractor-Trailer";"PROG";"EUR/kWh";2030;"0.045";"Sensitivity | Removed policies except for H2 tax reduction";"Electricity"
"OPEX";"Charging Infrastructure";"IT";"CCS grid extension";"Rigid";"BAU";"EUR/kWh";2030;"0.045";"Sensitivity | Removed policies except for H2 tax reduction";"Electricity"
"OPEX";"Charging Infrastructure";"IT";"CCS grid extension";"Tractor-Trailer";"BAU";"EUR/kWh";2030;"0.045";"Sensitivity | Removed policies except for H2 tax reduction";"Electricity"
"OPEX";"Charging Infrastructure";"NL";"CCS grid extension";"Rigid";"PROG";"EUR/kWh";2030;"0.045";"Sensitivity | Removed policies except for H2 tax reduction";"Electricity"
"OPEX";"Charging Infrastructure";"NL";"CCS grid extension";"Tractor-Trailer";"PROG";"EUR/kWh";2030;"0.045";"Sensitivity | Removed policies except for H2 tax reduction";"Electricity"
"OPEX";"Charging Infrastructure";"NL";"CCS grid extension";"Rigid";"BAU";"EUR/kWh";2030;"0.045";"Sensitivity | Removed policies except for H2 tax reduction";"Electricity"
"OPEX";"Charging Infrastructure";"NL";"CCS grid extension";"Tractor-Trailer";"BAU";"EUR/kWh";2030;"0.045";"Sensitivity | Removed policies except for H2 tax reduction";"Electricity"
"OPEX";"Charging Infrastructure";"PL";"CCS grid extension";"Rigid";"PROG";"EUR/kWh";2030;"0.045";"Sensitivity | Removed policies except for H2 tax reduction";"Electricity"
"OPEX";"Charging Infrastructure";"PL";"CCS grid extension";"Tractor-Trailer";"PROG";"EUR/kWh";2030;"0.045";"Sensitivity | Removed policies except for H2 tax reduction";"Electricity"
"OPEX";"Charging Infrastructure";"PL";"CCS grid extension";"Rigid";"BAU";"EUR/kWh";2030;"0.045";"Sensitivity | Removed policies except for H2 tax reduction";"Electricity"
"OPEX";"Charging Infrastructure";"PL";"CCS grid extension";"Tractor-Trailer";"BAU";"EUR/kWh";2030;"0.045";"Sensitivity | Removed policies except for H2 tax reduction";"Electricity"
"OPEX";"Charging Infrastructure";"UK";"CCS grid extension";"Rigid";"PROG";"EUR/kWh";2030;"0.045";"Sensitivity | Removed policies except for H2 tax reduction";"Electricity"
"OPEX";"Charging Infrastructure";"UK";"CCS grid extension";"Tractor-Trailer";"PROG";"EUR/kWh";2030;"0.045";"Sensitivity | Removed policies except for H2 tax reduction";"Electricity"
"OPEX";"Charging Infrastructure";"UK";"CCS grid extension";"Rigid";"BAU";"EUR/kWh";2030;"0.045";"Sensitivity | Removed policies except for H2 tax reduction";"Electricity"
"OPEX";"Charging Infrastructure";"UK";"CCS grid extension";"Tractor-Trailer";"BAU";"EUR/kWh";2030;"0.045";"Sensitivity | Removed policies except for H2 tax reduction";"Electricity"
"OPEX";"Diesel Infrastructure";"DE";"Total Diesel Mark-Up";"Rigid";"BAU";"EUR/kWh";2030;"0.018";"Sensitivity | Removed policies except for H2 tax reduction";"Diesel"
"OPEX";"Diesel Infrastructure";"DE";"Total Diesel Mark-Up";"Tractor-Trailer";"BAU";"EUR/kWh";2030;"0.018";"Sensitivity | Removed policies except for H2 tax reduction";"Diesel"
"OPEX";"Diesel Infrastructure";"DE";"Total Diesel Mark-Up";"Rigid";"PROG";"EUR/kWh";2030;"0.018";"Sensitivity | Removed policies except for H2 tax reduction";"Diesel"
"OPEX";"Diesel Infrastructure";"DE";"Total Diesel Mark-Up";"Tractor-Trailer";"PROG";"EUR/kWh";2030;"0.018";"Sensitivity | Removed policies except for H2 tax reduction";"Diesel"
"OPEX";"Diesel Infrastructure";"ES";"Total Diesel Mark-Up";"Rigid";"BAU";"EUR/kWh";2030;"0.018";"Sensitivity | Removed policies except for H2 tax reduction";"Diesel"
"OPEX";"Diesel Infrastructure";"ES";"Total Diesel Mark-Up";"Tractor-Trailer";"BAU";"EUR/kWh";2030;"0.018";"Sensitivity | Removed policies except for H2 tax reduction";"Diesel"
"OPEX";"Diesel Infrastructure";"ES";"Total Diesel Mark-Up";"Rigid";"PROG";"EUR/kWh";2030;"0.018";"Sensitivity | Removed policies except for H2 tax reduction";"Diesel"
"OPEX";"Diesel Infrastructure";"ES";"Total Diesel Mark-Up";"Tractor-Trailer";"PROG";"EUR/kWh";2030;"0.018";"Sensitivity | Removed policies except for H2 tax reduction";"Diesel"
"OPEX";"Diesel Infrastructure";"FR";"Total Diesel Mark-Up";"Rigid";"BAU";"EUR/kWh";2030;"0.018";"Sensitivity | Removed policies except for H2 tax reduction";"Diesel"
"OPEX";"Diesel Infrastructure";"FR";"Total Diesel Mark-Up";"Tractor-Trailer";"BAU";"EUR/kWh";2030;"0.018";"Sensitivity | Removed policies except for H2 tax reduction";"Diesel"
"OPEX";"Diesel Infrastructure";"FR";"Total Diesel Mark-Up";"Rigid";"PROG";"EUR/kWh";2030;"0.018";"Sensitivity | Removed policies except for H2 tax reduction";"Diesel"
"OPEX";"Diesel Infrastructure";"FR";"Total Diesel Mark-Up";"Tractor-Trailer";"PROG";"EUR/kWh";2030;"0.018";"Sensitivity | Removed policies except for H2 tax reduction";"Diesel"
"OPEX";"Diesel Infrastructure";"IT";"Total Diesel Mark-Up";"Rigid";"BAU";"EUR/kWh";2030;"0.018";"Sensitivity | Removed policies except for H2 tax reduction";"Diesel"
"OPEX";"Diesel Infrastructure";"IT";"Total Diesel Mark-Up";"Tractor-Trailer";"BAU";"EUR/kWh";2030;"0.018";"Sensitivity | Removed policies except for H2 tax reduction";"Diesel"
"OPEX";"Diesel Infrastructure";"IT";"Total Diesel Mark-Up";"Rigid";"PROG";"EUR/kWh";2030;"0.018";"Sensitivity | Removed policies except for H2 tax reduction";"Diesel"
"OPEX";"Diesel Infrastructure";"IT";"Total Diesel Mark-Up";"Tractor-Trailer";"PROG";"EUR/kWh";2030;"0.018";"Sensitivity | Removed policies except for H2 tax reduction";"Diesel"
"OPEX";"Diesel Infrastructure";"NL";"Total Diesel Mark-Up";"Rigid";"BAU";"EUR/kWh";2030;"0.018";"Sensitivity | Removed policies except for H2 tax reduction";"Diesel"
"OPEX";"Diesel Infrastructure";"NL";"Total Diesel Mark-Up";"Tractor-Trailer";"BAU";"EUR/kWh";2030;"0.018";"Sensitivity | Removed policies except for H2 tax reduction";"Diesel"
"OPEX";"Diesel Infrastructure";"NL";"Total Diesel Mark-Up";"Rigid";"PROG";"EUR/kWh";2030;"0.018";"Sensitivity | Removed policies except for H2 tax reduction";"Diesel"
"OPEX";"Diesel Infrastructure";"NL";"Total Diesel Mark-Up";"Tractor-Trailer";"PROG";"EUR/kWh";2030;"0.018";"Sensitivity | Removed policies except for H2 tax reduction";"Diesel"
"OPEX";"Diesel Infrastructure";"PL";"Total Diesel Mark-Up";"Rigid";"BAU";"EUR/kWh";2030;"0.018";"Sensitivity | Removed policies except for H2 tax reduction";"Diesel"
"OPEX";"Diesel Infrastructure";"PL";"Total Diesel Mark-Up";"Tractor-Trailer";"BAU";"EUR/kWh";2030;"0.018";"Sensitivity | Removed policies except for H2 tax reduction";"Diesel"
"OPEX";"Diesel Infrastructure";"PL";"Total Diesel Mark-Up";"Rigid";"PROG";"EUR/kWh";2030;"0.018";"Sensitivity | Removed policies except for H2 tax reduction";"Diesel"
"OPEX";"Diesel Infrastructure";"PL";"Total Diesel Mark-Up";"Tractor-Trailer";"PROG";"EUR/kWh";2030;"0.018";"Sensitivity | Removed policies except for H2 tax reduction";"Diesel"
"OPEX";"Diesel Infrastructure";"UK";"Total Diesel Mark-Up";"Rigid";"BAU";"EUR/kWh";2030;"0.018";"Sensitivity | Removed policies except for H2 tax reduction";"Diesel"
"OPEX";"Diesel Infrastructure";"UK";"Total Diesel Mark-Up";"Tractor-Trailer";"BAU";"EUR/kWh";2030;"0.018";"Sensitivity | Removed policies except for H2 tax reduction";"Diesel"
"OPEX";"Diesel Infrastructure";"UK";"Total Diesel Mark-Up";"Rigid";"PROG";"EUR/kWh";2030;"0.018";"Sensitivity | Removed policies except for H2 tax reduction";"Diesel"
"OPEX";"Diesel Infrastructure";"UK";"Total Diesel Mark-Up";"Tractor-Trailer";"PROG";"EUR/kWh";2030;"0.018";"Sensitivity | Removed policies except for H2 tax reduction";"Diesel"
"OPEX";"Diesel Infrastructure";"DE";"CO2 emission factor Biodiesel";"Rigid";"BAU";"%";2030;"0.166";"Sensitivity | Removed policies except for H2 tax reduction";"Diesel"
"OPEX";"Diesel Infrastructure";"DE";"CO2 emission factor Biodiesel";"Tractor-Trailer";"BAU";"%";2030;"0.166";"Sensitivity | Removed policies except for H2 tax reduction";"Diesel"
"OPEX";"Diesel Infrastructure";"DE";"CO2 emission factor Biodiesel";"Rigid";"PROG";"%";2030;"0.166";"Sensitivity | Removed policies except for H2 tax reduction";"Diesel"
"OPEX";"Diesel Infrastructure";"DE";"CO2 emission factor Biodiesel";"Tractor-Trailer";"PROG";"%";2030;"0.166";"Sensitivity | Removed policies except for H2 tax reduction";"Diesel"
"OPEX";"Diesel Infrastructure";"ES";"CO2 emission factor Biodiesel";"Rigid";"BAU";"%";2030;"0.166";"Sensitivity | Removed policies except for H2 tax reduction";"Diesel"
"OPEX";"Diesel Infrastructure";"ES";"CO2 emission factor Biodiesel";"Tractor-Trailer";"BAU";"%";2030;"0.166";"Sensitivity | Removed policies except for H2 tax reduction";"Diesel"
"OPEX";"Diesel Infrastructure";"ES";"CO2 emission factor Biodiesel";"Rigid";"PROG";"%";2030;"0.166";"Sensitivity | Removed policies except for H2 tax reduction";"Diesel"
"OPEX";"Diesel Infrastructure";"ES";"CO2 emission factor Biodiesel";"Tractor-Trailer";"PROG";"%";2030;"0.166";"Sensitivity | Removed policies except for H2 tax reduction";"Diesel"
"OPEX";"Diesel Infrastructure";"FR";"CO2 emission factor Biodiesel";"Rigid";"BAU";"%";2030;"0.166";"Sensitivity | Removed policies except for H2 tax reduction";"Diesel"
"OPEX";"Diesel Infrastructure";"FR";"CO2 emission factor Biodiesel";"Tractor-Trailer";"BAU";"%";2030;"0.166";"Sensitivity | Removed policies except for H2 tax reduction";"Diesel"
"OPEX";"Diesel Infrastructure";"FR";"CO2 emission factor Biodiesel";"Rigid";"PROG";"%";2030;"0.166";"Sensitivity | Removed policies except for H2 tax reduction";"Diesel"
"OPEX";"Diesel Infrastructure";"FR";"CO2 emission factor Biodiesel";"Tractor-Trailer";"PROG";"%";2030;"0.166";"Sensitivity | Removed policies except for H2 tax reduction";"Diesel"
"OPEX";"Diesel Infrastructure";"IT";"CO2 emission factor Biodiesel";"Rigid";"BAU";"%";2030;"0.166";"Sensitivity | Removed policies except for H2 tax reduction";"Diesel"
"OPEX";"Diesel Infrastructure";"IT";"CO2 emission factor Biodiesel";"Tractor-Trailer";"BAU";"%";2030;"0.166";"Sensitivity | Removed policies except for H2 tax reduction";"Diesel"
"OPEX";"Diesel Infrastructure";"IT";"CO2 emission factor Biodiesel";"Rigid";"PROG";"%";2030;"0.166";"Sensitivity | Removed policies except for H2 tax reduction";"Diesel"
"OPEX";"Diesel Infrastructure";"IT";"CO2 emission factor Biodiesel";"Tractor-Trailer";"PROG";"%";2030;"0.166";"Sensitivity | Removed policies except for H2 tax reduction";"Diesel"
"OPEX";"Diesel Infrastructure";"NL";"CO2 emission factor Biodiesel";"Rigid";"BAU";"%";2030;"0.166";"Sensitivity | Removed policies except for H2 tax reduction";"Diesel"
"OPEX";"Diesel Infrastructure";"NL";"CO2 emission factor Biodiesel";"Tractor-Trailer";"BAU";"%";2030;"0.166";"Sensitivity | Removed policies except for H2 tax reduction";"Diesel"
"OPEX";"Diesel Infrastructure";"NL";"CO2 emission factor Biodiesel";"Rigid";"PROG";"%";2030;"0.166";"Sensitivity | Removed policies except for H2 tax reduction";"Diesel"
"OPEX";"Diesel Infrastructure";"NL";"CO2 emission factor Biodiesel";"Tractor-Trailer";"PROG";"%";2030;"0.166";"Sensitivity | Removed policies except for H2 tax reduction";"Diesel"
"OPEX";"Diesel Infrastructure";"PL";"CO2 emission factor Biodiesel";"Rigid";"BAU";"%";2030;"0.166";"Sensitivity | Removed policies except for H2 tax reduction";"Diesel"
"OPEX";"Diesel Infrastructure";"PL";"CO2 emission factor Biodiesel";"Tractor-Trailer";"BAU";"%";2030;"0.166";"Sensitivity | Removed policies except for H2 tax reduction";"Diesel"
"OPEX";"Diesel Infrastructure";"PL";"CO2 emission factor Biodiesel";"Rigid";"PROG";"%";2030;"0.166";"Sensitivity | Removed policies except for H2 tax reduction";"Diesel"
"OPEX";"Diesel Infrastructure";"PL";"CO2 emission factor Biodiesel";"Tractor-Trailer";"PROG";"%";2030;"0.166";"Sensitivity | Removed policies except for H2 tax reduction";"Diesel"
"OPEX";"Diesel Infrastructure";"UK";"CO2 emission factor Biodiesel";"Rigid";"BAU";"%";2030;"0.166";"Sensitivity | Removed policies except for H2 tax reduction";"Diesel"
"OPEX";"Diesel Infrastructure";"UK";"CO2 emission factor Biodiesel";"Tractor-Trailer";"BAU";"%";2030;"0.166";"Sensitivity | Removed policies except for H2 tax reduction";"Diesel"
"OPEX";"Diesel Infrastructure";"UK";"CO2 emission factor Biodiesel";"Rigid";"PROG";"%";2030;"0.166";"Sensitivity | Removed policies except for H2 tax reduction";"Diesel"
"OPEX";"Diesel Infrastructure";"UK";"CO2 emission factor Biodiesel";"Tractor-Trailer";"PROG";"%";2030;"0.166";"Sensitivity | Removed policies except for H2 tax reduction";"Diesel"
"OPEX";"Diesel Infrastructure";"DE";"CO2 emission factor Pt-Diesel";"Rigid";"BAU";"%";2030;"0";"Sensitivity | Removed policies except for H2 tax reduction";"Diesel"
"OPEX";"Diesel Infrastructure";"DE";"CO2 emission factor Pt-Diesel";"Tractor-Trailer";"BAU";"%";2030;"0";"Sensitivity | Removed policies except for H2 tax reduction";"Diesel"
"OPEX";"Diesel Infrastructure";"DE";"CO2 emission factor Pt-Diesel";"Rigid";"PROG";"%";2030;"0";"Sensitivity | Removed policies except for H2 tax reduction";"Diesel"
"OPEX";"Diesel Infrastructure";"DE";"CO2 emission factor Pt-Diesel";"Tractor-Trailer";"PROG";"%";2030;"0";"Sensitivity | Removed policies except for H2 tax reduction";"Diesel"
"OPEX";"Diesel Infrastructure";"ES";"CO2 emission factor Pt-Diesel";"Rigid";"BAU";"%";2030;"0";"Sensitivity | Removed policies except for H2 tax reduction";"Diesel"
"OPEX";"Diesel Infrastructure";"ES";"CO2 emission factor Pt-Diesel";"Tractor-Trailer";"BAU";"%";2030;"0";"Sensitivity | Removed policies except for H2 tax reduction";"Diesel"
"OPEX";"Diesel Infrastructure";"ES";"CO2 emission factor Pt-Diesel";"Rigid";"PROG";"%";2030;"0";"Sensitivity | Removed policies except for H2 tax reduction";"Diesel"
"OPEX";"Diesel Infrastructure";"ES";"CO2 emission factor Pt-Diesel";"Tractor-Trailer";"PROG";"%";2030;"0";"Sensitivity | Removed policies except for H2 tax reduction";"Diesel"
"OPEX";"Diesel Infrastructure";"FR";"CO2 emission factor Pt-Diesel";"Rigid";"BAU";"%";2030;"0";"Sensitivity | Removed policies except for H2 tax reduction";"Diesel"
"OPEX";"Diesel Infrastructure";"FR";"CO2 emission factor Pt-Diesel";"Tractor-Trailer";"BAU";"%";2030;"0";"Sensitivity | Removed policies except for H2 tax reduction";"Diesel"
"OPEX";"Diesel Infrastructure";"FR";"CO2 emission factor Pt-Diesel";"Rigid";"PROG";"%";2030;"0";"Sensitivity | Removed policies except for H2 tax reduction";"Diesel"
"OPEX";"Diesel Infrastructure";"FR";"CO2 emission factor Pt-Diesel";"Tractor-Trailer";"PROG";"%";2030;"0";"Sensitivity | Removed policies except for H2 tax reduction";"Diesel"
"OPEX";"Diesel Infrastructure";"IT";"CO2 emission factor Pt-Diesel";"Rigid";"BAU";"%";2030;"0";"Sensitivity | Removed policies except for H2 tax reduction";"Diesel"
"OPEX";"Diesel Infrastructure";"IT";"CO2 emission factor Pt-Diesel";"Tractor-Trailer";"BAU";"%";2030;"0";"Sensitivity | Removed policies except for H2 tax reduction";"Diesel"
"OPEX";"Diesel Infrastructure";"IT";"CO2 emission factor Pt-Diesel";"Rigid";"PROG";"%";2030;"0";"Sensitivity | Removed policies except for H2 tax reduction";"Diesel"
"OPEX";"Diesel Infrastructure";"IT";"CO2 emission factor Pt-Diesel";"Tractor-Trailer";"PROG";"%";2030;"0";"Sensitivity | Removed policies except for H2 tax reduction";"Diesel"
"OPEX";"Diesel Infrastructure";"NL";"CO2 emission factor Pt-Diesel";"Rigid";"BAU";"%";2030;"0";"Sensitivity | Removed policies except for H2 tax reduction";"Diesel"
"OPEX";"Diesel Infrastructure";"NL";"CO2 emission factor Pt-Diesel";"Tractor-Trailer";"BAU";"%";2030;"0";"Sensitivity | Removed policies except for H2 tax reduction";"Diesel"
"OPEX";"Diesel Infrastructure";"NL";"CO2 emission factor Pt-Diesel";"Rigid";"PROG";"%";2030;"0";"Sensitivity | Removed policies except for H2 tax reduction";"Diesel"
"OPEX";"Diesel Infrastructure";"NL";"CO2 emission factor Pt-Diesel";"Tractor-Trailer";"PROG";"%";2030;"0";"Sensitivity | Removed policies except for H2 tax reduction";"Diesel"
"OPEX";"Diesel Infrastructure";"PL";"CO2 emission factor Pt-Diesel";"Rigid";"BAU";"%";2030;"0";"Sensitivity | Removed policies except for H2 tax reduction";"Diesel"
"OPEX";"Diesel Infrastructure";"PL";"CO2 emission factor Pt-Diesel";"Tractor-Trailer";"BAU";"%";2030;"0";"Sensitivity | Removed policies except for H2 tax reduction";"Diesel"
"OPEX";"Diesel Infrastructure";"PL";"CO2 emission factor Pt-Diesel";"Rigid";"PROG";"%";2030;"0";"Sensitivity | Removed policies except for H2 tax reduction";"Diesel"
"OPEX";"Diesel Infrastructure";"PL";"CO2 emission factor Pt-Diesel";"Tractor-Trailer";"PROG";"%";2030;"0";"Sensitivity | Removed policies except for H2 tax reduction";"Diesel"
"OPEX";"Diesel Infrastructure";"UK";"CO2 emission factor Pt-Diesel";"Rigid";"BAU";"%";2030;"0";"Sensitivity | Removed policies except for H2 tax reduction";"Diesel"
"OPEX";"Diesel Infrastructure";"UK";"CO2 emission factor Pt-Diesel";"Tractor-Trailer";"BAU";"%";2030;"0";"Sensitivity | Removed policies except for H2 tax reduction";"Diesel"
"OPEX";"Diesel Infrastructure";"UK";"CO2 emission factor Pt-Diesel";"Rigid";"PROG";"%";2030;"0";"Sensitivity | Removed policies except for H2 tax reduction";"Diesel"
"OPEX";"Diesel Infrastructure";"UK";"CO2 emission factor Pt-Diesel";"Tractor-Trailer";"PROG";"%";2030;"0";"Sensitivity | Removed policies except for H2 tax reduction";"Diesel"
"OPEX";"Taxes";"DE";"Network Costs - MCS";"Rigid";"BAU";"EUR/kWh";2030;"0.036";"Sensitivity | Removed policies except for H2 tax reduction";"Electricity"
"OPEX";"Taxes";"DE";"Network Costs - MCS";"Tractor-Trailer";"BAU";"EUR/kWh";2030;"0.036";"Sensitivity | Removed policies except for H2 tax reduction";"Electricity"
"OPEX";"Taxes";"ES";"Network Costs - MCS";"Rigid";"BAU";"EUR/kWh";2030;"0.02";"Sensitivity | Removed policies except for H2 tax reduction";"Electricity"
"OPEX";"Taxes";"ES";"Network Costs - MCS";"Tractor-Trailer";"BAU";"EUR/kWh";2030;"0.02";"Sensitivity | Removed policies except for H2 tax reduction";"Electricity"
"OPEX";"Taxes";"FR";"Network Costs - MCS";"Rigid";"BAU";"EUR/kWh";2030;"0.019";"Sensitivity | Removed policies except for H2 tax reduction";"Electricity"
"OPEX";"Taxes";"FR";"Network Costs - MCS";"Tractor-Trailer";"BAU";"EUR/kWh";2030;"0.019";"Sensitivity | Removed policies except for H2 tax reduction";"Electricity"
"OPEX";"Taxes";"IT";"Network Costs - MCS";"Rigid";"BAU";"EUR/kWh";2030;"0.016";"Sensitivity | Removed policies except for H2 tax reduction";"Electricity"
"OPEX";"Taxes";"IT";"Network Costs - MCS";"Tractor-Trailer";"BAU";"EUR/kWh";2030;"0.016";"Sensitivity | Removed policies except for H2 tax reduction";"Electricity"
"OPEX";"Taxes";"NL";"Network Costs - MCS";"Rigid";"BAU";"EUR/kWh";2030;"0.017";"Sensitivity | Removed policies except for H2 tax reduction";"Electricity"
"OPEX";"Taxes";"NL";"Network Costs - MCS";"Tractor-Trailer";"BAU";"EUR/kWh";2030;"0.017";"Sensitivity | Removed policies except for H2 tax reduction";"Electricity"
"OPEX";"Taxes";"PL";"Network Costs - MCS";"Rigid";"BAU";"EUR/kWh";2030;"0.02";"Sensitivity | Removed policies except for H2 tax reduction";"Electricity"
"OPEX";"Taxes";"PL";"Network Costs - MCS";"Tractor-Trailer";"BAU";"EUR/kWh";2030;"0.02";"Sensitivity | Removed policies except for H2 tax reduction";"Electricity"
"OPEX";"Taxes";"UK";"Network Costs - MCS";"Rigid";"BAU";"EUR/kWh";2030;"0.028";"Sensitivity | Removed policies except for H2 tax reduction";"Electricity"
"OPEX";"Taxes";"UK";"Network Costs - MCS";"Tractor-Trailer";"BAU";"EUR/kWh";2030;"0.028";"Sensitivity | Removed policies except for H2 tax reduction";"Electricity"
"OPEX";"Taxes";"DE";"Taxes, Fees, Levies and charges - MCS";"Rigid";"BAU";"EUR/kWh";2030;"0.068";"Sensitivity | Removed policies except for H2 tax reduction";"Electricity"
"OPEX";"Taxes";"DE";"Taxes, Fees, Levies and charges - MCS";"Tractor-Trailer";"BAU";"EUR/kWh";2030;"0.068";"Sensitivity | Removed policies except for H2 tax reduction";"Electricity"
"OPEX";"Taxes";"ES";"Taxes, Fees, Levies and charges - MCS";"Rigid";"BAU";"EUR/kWh";2030;"0.039";"Sensitivity | Removed policies except for H2 tax reduction";"Electricity"
"OPEX";"Taxes";"ES";"Taxes, Fees, Levies and charges - MCS";"Tractor-Trailer";"BAU";"EUR/kWh";2030;"0.039";"Sensitivity | Removed policies except for H2 tax reduction";"Electricity"
"OPEX";"Taxes";"FR";"Taxes, Fees, Levies and charges - MCS";"Rigid";"BAU";"EUR/kWh";2030;"0.032";"Sensitivity | Removed policies except for H2 tax reduction";"Electricity"
"OPEX";"Taxes";"FR";"Taxes, Fees, Levies and charges - MCS";"Tractor-Trailer";"BAU";"EUR/kWh";2030;"0.032";"Sensitivity | Removed policies except for H2 tax reduction";"Electricity"
"OPEX";"Taxes";"IT";"Taxes, Fees, Levies and charges - MCS";"Rigid";"BAU";"EUR/kWh";2030;"0.067";"Sensitivity | Removed policies except for H2 tax reduction";"Electricity"
"OPEX";"Taxes";"IT";"Taxes, Fees, Levies and charges - MCS";"Tractor-Trailer";"BAU";"EUR/kWh";2030;"0.067";"Sensitivity | Removed policies except for H2 tax reduction";"Electricity"
"OPEX";"Taxes";"NL";"Taxes, Fees, Levies and charges - MCS";"Rigid";"BAU";"EUR/kWh";2030;"0.055";"Sensitivity | Removed policies except for H2 tax reduction";"Electricity"
"OPEX";"Taxes";"NL";"Taxes, Fees, Levies and charges - MCS";"Tractor-Trailer";"BAU";"EUR/kWh";2030;"0.055";"Sensitivity | Removed policies except for H2 tax reduction";"Electricity"
"OPEX";"Taxes";"PL";"Taxes, Fees, Levies and charges - MCS";"Rigid";"BAU";"EUR/kWh";2030;"0.05";"Sensitivity | Removed policies except for H2 tax reduction";"Electricity"
"OPEX";"Taxes";"PL";"Taxes, Fees, Levies and charges - MCS";"Tractor-Trailer";"BAU";"EUR/kWh";2030;"0.05";"Sensitivity | Removed policies except for H2 tax reduction";"Electricity"
"OPEX";"Taxes";"UK";"Taxes, Fees, Levies and charges - MCS";"Rigid";"BAU";"EUR/kWh";2030;"0.078";"Sensitivity | Removed policies except for H2 tax reduction";"Electricity"
"OPEX";"Taxes";"UK";"Taxes, Fees, Levies and charges - MCS";"Tractor-Trailer";"BAU";"EUR/kWh";2030;"0.078";"Sensitivity | Removed policies except for H2 tax reduction";"Electricity"
"OPEX";"Taxes";"DE";"Network Costs - Depot";"Rigid";"BAU";"EUR/kWh";2030;"0.051";"Sensitivity | Removed policies except for H2 tax reduction";"Electricity"
"OPEX";"Taxes";"DE";"Network Costs - Depot";"Tractor-Trailer";"BAU";"EUR/kWh";2030;"0.051";"Sensitivity | Removed policies except for H2 tax reduction";"Electricity"
"OPEX";"Taxes";"ES";"Network Costs - Depot";"Rigid";"BAU";"EUR/kWh";2030;"0.041";"Sensitivity | Removed policies except for H2 tax reduction";"Electricity"
"OPEX";"Taxes";"ES";"Network Costs - Depot";"Tractor-Trailer";"BAU";"EUR/kWh";2030;"0.041";"Sensitivity | Removed policies except for H2 tax reduction";"Electricity"
"OPEX";"Taxes";"FR";"Network Costs - Depot";"Rigid";"BAU";"EUR/kWh";2030;"0.031";"Sensitivity | Removed policies except for H2 tax reduction";"Electricity"
"OPEX";"Taxes";"FR";"Network Costs - Depot";"Tractor-Trailer";"BAU";"EUR/kWh";2030;"0.031";"Sensitivity | Removed policies except for H2 tax reduction";"Electricity"
"OPEX";"Taxes";"IT";"Network Costs - Depot";"Rigid";"BAU";"EUR/kWh";2030;"0.021";"Sensitivity | Removed policies except for H2 tax reduction";"Electricity"
"OPEX";"Taxes";"IT";"Network Costs - Depot";"Tractor-Trailer";"BAU";"EUR/kWh";2030;"0.021";"Sensitivity | Removed policies except for H2 tax reduction";"Electricity"
"OPEX";"Taxes";"NL";"Network Costs - Depot";"Rigid";"BAU";"EUR/kWh";2030;"0.022";"Sensitivity | Removed policies except for H2 tax reduction";"Electricity"
"OPEX";"Taxes";"NL";"Network Costs - Depot";"Tractor-Trailer";"BAU";"EUR/kWh";2030;"0.022";"Sensitivity | Removed policies except for H2 tax reduction";"Electricity"
"OPEX";"Taxes";"PL";"Network Costs - Depot";"Rigid";"BAU";"EUR/kWh";2030;"0.032";"Sensitivity | Removed policies except for H2 tax reduction";"Electricity"
"OPEX";"Taxes";"PL";"Network Costs - Depot";"Tractor-Trailer";"BAU";"EUR/kWh";2030;"0.032";"Sensitivity | Removed policies except for H2 tax reduction";"Electricity"
"OPEX";"Taxes";"UK";"Network Costs - Depot";"Rigid";"BAU";"EUR/kWh";2030;"0.032";"Sensitivity | Removed policies except for H2 tax reduction";"Electricity"
"OPEX";"Taxes";"UK";"Network Costs - Depot";"Tractor-Trailer";"BAU";"EUR/kWh";2030;"0.032";"Sensitivity | Removed policies except for H2 tax reduction";"Electricity"
"OPEX";"Taxes";"DE";"Taxes, Fees, Levies and charges - Depot";"Rigid";"BAU";"EUR/kWh";2030;"0.078";"Sensitivity | Removed policies except for H2 tax reduction";"Electricity"
"OPEX";"Taxes";"DE";"Taxes, Fees, Levies and charges - Depot";"Tractor-Trailer";"BAU";"EUR/kWh";2030;"0.078";"Sensitivity | Removed policies except for H2 tax reduction";"Electricity"
"OPEX";"Taxes";"ES";"Taxes, Fees, Levies and charges - Depot";"Rigid";"BAU";"EUR/kWh";2030;"0.067";"Sensitivity | Removed policies except for H2 tax reduction";"Electricity"
"OPEX";"Taxes";"ES";"Taxes, Fees, Levies and charges - Depot";"Tractor-Trailer";"BAU";"EUR/kWh";2030;"0.067";"Sensitivity | Removed policies except for H2 tax reduction";"Electricity"
"OPEX";"Taxes";"FR";"Taxes, Fees, Levies and charges - Depot";"Rigid";"BAU";"EUR/kWh";2030;"0.048";"Sensitivity | Removed policies except for H2 tax reduction";"Electricity"
"OPEX";"Taxes";"FR";"Taxes, Fees, Levies and charges - Depot";"Tractor-Trailer";"BAU";"EUR/kWh";2030;"0.048";"Sensitivity | Removed policies except for H2 tax reduction";"Electricity"
"OPEX";"Taxes";"IT";"Taxes, Fees, Levies and charges - Depot";"Rigid";"BAU";"EUR/kWh";2030;"0.103";"Sensitivity | Removed policies except for H2 tax reduction";"Electricity"
"OPEX";"Taxes";"IT";"Taxes, Fees, Levies and charges - Depot";"Tractor-Trailer";"BAU";"EUR/kWh";2030;"0.103";"Sensitivity | Removed policies except for H2 tax reduction";"Electricity"
"OPEX";"Taxes";"NL";"Taxes, Fees, Levies and charges - Depot";"Rigid";"BAU";"EUR/kWh";2030;"0.062";"Sensitivity | Removed policies except for H2 tax reduction";"Electricity"
"OPEX";"Taxes";"NL";"Taxes, Fees, Levies and charges - Depot";"Tractor-Trailer";"BAU";"EUR/kWh";2030;"0.062";"Sensitivity | Removed policies except for H2 tax reduction";"Electricity"
"OPEX";"Taxes";"PL";"Taxes, Fees, Levies and charges - Depot";"Rigid";"BAU";"EUR/kWh";2030;"0.056";"Sensitivity | Removed policies except for H2 tax reduction";"Electricity"
"OPEX";"Taxes";"PL";"Taxes, Fees, Levies and charges - Depot";"Tractor-Trailer";"BAU";"EUR/kWh";2030;"0.056";"Sensitivity | Removed policies except for H2 tax reduction";"Electricity"
"OPEX";"Taxes";"UK";"Taxes, Fees, Levies and charges - Depot";"Rigid";"BAU";"EUR/kWh";2030;"0.086";"Sensitivity | Removed policies except for H2 tax reduction";"Electricity"
"OPEX";"Taxes";"UK";"Taxes, Fees, Levies and charges - Depot";"Tractor-Trailer";"BAU";"EUR/kWh";2030;"0.086";"Sensitivity | Removed policies except for H2 tax reduction";"Electricity"
"OPEX";"H2 Infrastructure";"DE";"HRS costs";"Rigid";"BAU";"EUR/kg H2";2030;"1.7";"Sensitivity | Removed policies except for H2 tax reduction";"Hydrogen"
"OPEX";"H2 Infrastructure";"DE";"HRS costs";"Tractor-Trailer";"BAU";"EUR/kg H2";2030;"1.7";"Sensitivity | Removed policies except for H2 tax reduction";"Hydrogen"
"OPEX";"H2 Infrastructure";"ES";"HRS costs";"Rigid";"BAU";"EUR/kg H2";2030;"1.7";"Sensitivity | Removed policies except for H2 tax reduction";"Hydrogen"
"OPEX";"H2 Infrastructure";"ES";"HRS costs";"Tractor-Trailer";"BAU";"EUR/kg H2";2030;"1.7";"Sensitivity | Removed policies except for H2 tax reduction";"Hydrogen"
"OPEX";"H2 Infrastructure";"FR";"HRS costs";"Rigid";"BAU";"EUR/kg H2";2030;"1.7";"Sensitivity | Removed policies except for H2 tax reduction";"Hydrogen"
"OPEX";"H2 Infrastructure";"FR";"HRS costs";"Tractor-Trailer";"BAU";"EUR/kg H2";2030;"1.7";"Sensitivity | Removed policies except for H2 tax reduction";"Hydrogen"
"OPEX";"H2 Infrastructure";"IT";"HRS costs";"Rigid";"BAU";"EUR/kg H2";2030;"1.7";"Sensitivity | Removed policies except for H2 tax reduction";"Hydrogen"
"OPEX";"H2 Infrastructure";"IT";"HRS costs";"Tractor-Trailer";"BAU";"EUR/kg H2";2030;"1.7";"Sensitivity | Removed policies except for H2 tax reduction";"Hydrogen"
"OPEX";"H2 Infrastructure";"NL";"HRS costs";"Rigid";"BAU";"EUR/kg H2";2030;"1.7";"Sensitivity | Removed policies except for H2 tax reduction";"Hydrogen"
"OPEX";"H2 Infrastructure";"NL";"HRS costs";"Tractor-Trailer";"BAU";"EUR/kg H2";2030;"1.7";"Sensitivity | Removed policies except for H2 tax reduction";"Hydrogen"
"OPEX";"H2 Infrastructure";"PL";"HRS costs";"Rigid";"BAU";"EUR/kg H2";2030;"1.7";"Sensitivity | Removed policies except for H2 tax reduction";"Hydrogen"
"OPEX";"H2 Infrastructure";"PL";"HRS costs";"Tractor-Trailer";"BAU";"EUR/kg H2";2030;"1.7";"Sensitivity | Removed policies except for H2 tax reduction";"Hydrogen"
"OPEX";"H2 Infrastructure";"UK";"HRS costs";"Rigid";"BAU";"EUR/kg H2";2030;"1.7";"Sensitivity | Removed policies except for H2 tax reduction";"Hydrogen"
"OPEX";"H2 Infrastructure";"UK";"HRS costs";"Tractor-Trailer";"BAU";"EUR/kg H2";2030;"1.7";"Sensitivity | Removed policies except for H2 tax reduction";"Hydrogen"
"OPEX";"H2 Infrastructure";"DE";"H2 transport and distribution";"Rigid";"BAU";"EUR/kg H2";2030;"1.5";"Sensitivity | Removed policies except for H2 tax reduction";"Hydrogen"
"OPEX";"H2 Infrastructure";"DE";"H2 transport and distribution";"Tractor-Trailer";"BAU";"EUR/kg H2";2030;"1.5";"Sensitivity | Removed policies except for H2 tax reduction";"Hydrogen"
"OPEX";"H2 Infrastructure";"ES";"H2 transport and distribution";"Rigid";"BAU";"EUR/kg H2";2030;"1.5";"Sensitivity | Removed policies except for H2 tax reduction";"Hydrogen"
"OPEX";"H2 Infrastructure";"ES";"H2 transport and distribution";"Tractor-Trailer";"BAU";"EUR/kg H2";2030;"1.5";"Sensitivity | Removed policies except for H2 tax reduction";"Hydrogen"
"OPEX";"H2 Infrastructure";"FR";"H2 transport and distribution";"Rigid";"BAU";"EUR/kg H2";2030;"1.5";"Sensitivity | Removed policies except for H2 tax reduction";"Hydrogen"
"OPEX";"H2 Infrastructure";"FR";"H2 transport and distribution";"Tractor-Trailer";"BAU";"EUR/kg H2";2030;"1.5";"Sensitivity | Removed policies except for H2 tax reduction";"Hydrogen"
"OPEX";"H2 Infrastructure";"IT";"H2 transport and distribution";"Rigid";"BAU";"EUR/kg H2";2030;"1.5";"Sensitivity | Removed policies except for H2 tax reduction";"Hydrogen"
"OPEX";"H2 Infrastructure";"IT";"H2 transport and distribution";"Tractor-Trailer";"BAU";"EUR/kg H2";2030;"1.5";"Sensitivity | Removed policies except for H2 tax reduction";"Hydrogen"
"OPEX";"H2 Infrastructure";"NL";"H2 transport and distribution";"Rigid";"BAU";"EUR/kg H2";2030;"1.5";"Sensitivity | Removed policies except for H2 tax reduction";"Hydrogen"
"OPEX";"H2 Infrastructure";"NL";"H2 transport and distribution";"Tractor-Trailer";"BAU";"EUR/kg H2";2030;"1.5";"Sensitivity | Removed policies except for H2 tax reduction";"Hydrogen"
"OPEX";"H2 Infrastructure";"PL";"H2 transport and distribution";"Rigid";"BAU";"EUR/kg H2";2030;"1.5";"Sensitivity | Removed policies except for H2 tax reduction";"Hydrogen"
"OPEX";"H2 Infrastructure";"PL";"H2 transport and distribution";"Tractor-Trailer";"BAU";"EUR/kg H2";2030;"1.5";"Sensitivity | Removed policies except for H2 tax reduction";"Hydrogen"
"OPEX";"H2 Infrastructure";"UK";"H2 transport and distribution";"Rigid";"BAU";"EUR/kg H2";2030;"1.5";"Sensitivity | Removed policies except for H2 tax reduction";"Hydrogen"
"OPEX";"H2 Infrastructure";"UK";"H2 transport and distribution";"Tractor-Trailer";"BAU";"EUR/kg H2";2030;"1.5";"Sensitivity | Removed policies except for H2 tax reduction";"Hydrogen"
"OPEX";"H2 Infrastructure";"DE";"HRS Overhead, Profit and Mark-Up";"Rigid";"BAU";"EUR/kg H2";2030;"0.25";"Sensitivity | Removed policies except for H2 tax reduction";"Hydrogen"
"OPEX";"H2 Infrastructure";"DE";"HRS Overhead, Profit and Mark-Up";"Tractor-Trailer";"BAU";"EUR/kg H2";2030;"0.25";"Sensitivity | Removed policies except for H2 tax reduction";"Hydrogen"
"OPEX";"H2 Infrastructure";"ES";"HRS Overhead, Profit and Mark-Up";"Rigid";"BAU";"EUR/kg H2";2030;"0.25";"Sensitivity | Removed policies except for H2 tax reduction";"Hydrogen"
"OPEX";"H2 Infrastructure";"ES";"HRS Overhead, Profit and Mark-Up";"Tractor-Trailer";"BAU";"EUR/kg H2";2030;"0.25";"Sensitivity | Removed policies except for H2 tax reduction";"Hydrogen"
"OPEX";"H2 Infrastructure";"FR";"HRS Overhead, Profit and Mark-Up";"Rigid";"BAU";"EUR/kg H2";2030;"0.25";"Sensitivity | Removed policies except for H2 tax reduction";"Hydrogen"
"OPEX";"H2 Infrastructure";"FR";"HRS Overhead, Profit and Mark-Up";"Tractor-Trailer";"BAU";"EUR/kg H2";2030;"0.25";"Sensitivity | Removed policies except for H2 tax reduction";"Hydrogen"
"OPEX";"H2 Infrastructure";"IT";"HRS Overhead, Profit and Mark-Up";"Rigid";"BAU";"EUR/kg H2";2030;"0.25";"Sensitivity | Removed policies except for H2 tax reduction";"Hydrogen"
"OPEX";"H2 Infrastructure";"IT";"HRS Overhead, Profit and Mark-Up";"Tractor-Trailer";"BAU";"EUR/kg H2";2030;"0.25";"Sensitivity | Removed policies except for H2 tax reduction";"Hydrogen"
"OPEX";"H2 Infrastructure";"NL";"HRS Overhead, Profit and Mark-Up";"Rigid";"BAU";"EUR/kg H2";2030;"0.25";"Sensitivity | Removed policies except for H2 tax reduction";"Hydrogen"
"OPEX";"H2 Infrastructure";"NL";"HRS Overhead, Profit and Mark-Up";"Tractor-Trailer";"BAU";"EUR/kg H2";2030;"0.25";"Sensitivity | Removed policies except for H2 tax reduction";"Hydrogen"
"OPEX";"H2 Infrastructure";"PL";"HRS Overhead, Profit and Mark-Up";"Rigid";"BAU";"EUR/kg H2";2030;"0.25";"Sensitivity | Removed policies except for H2 tax reduction";"Hydrogen"
"OPEX";"H2 Infrastructure";"PL";"HRS Overhead, Profit and Mark-Up";"Tractor-Trailer";"BAU";"EUR/kg H2";2030;"0.25";"Sensitivity | Removed policies except for H2 tax reduction";"Hydrogen"
"OPEX";"H2 Infrastructure";"UK";"HRS Overhead, Profit and Mark-Up";"Rigid";"BAU";"EUR/kg H2";2030;"0.25";"Sensitivity | Removed policies except for H2 tax reduction";"Hydrogen"
"OPEX";"H2 Infrastructure";"UK";"HRS Overhead, Profit and Mark-Up";"Tractor-Trailer";"BAU";"EUR/kg H2";2030;"0.25";"Sensitivity | Removed policies except for H2 tax reduction";"Hydrogen"
"OPEX";"Charging Infrastructure";"DE";"MCS Station (Public Charging) - Incl. Overhead";"Rigid";"BAU";"EUR/kWh";2030;"0.143";"Sensitivity | Removed policies except for H2 tax reduction";"Electricity"
"OPEX";"Charging Infrastructure";"DE";"MCS Station (Public Charging) - Incl. Overhead";"Tractor-Trailer";"BAU";"EUR/kWh";2030;"0.143";"Sensitivity | Removed policies except for H2 tax reduction";"Electricity"
"OPEX";"Charging Infrastructure";"ES";"MCS Station (Public Charging) - Incl. Overhead";"Rigid";"BAU";"EUR/kWh";2030;"0.143";"Sensitivity | Removed policies except for H2 tax reduction";"Electricity"
"OPEX";"Charging Infrastructure";"ES";"MCS Station (Public Charging) - Incl. Overhead";"Tractor-Trailer";"BAU";"EUR/kWh";2030;"0.143";"Sensitivity | Removed policies except for H2 tax reduction";"Electricity"
"OPEX";"Charging Infrastructure";"FR";"MCS Station (Public Charging) - Incl. Overhead";"Rigid";"BAU";"EUR/kWh";2030;"0.143";"Sensitivity | Removed policies except for H2 tax reduction";"Electricity"
"OPEX";"Charging Infrastructure";"FR";"MCS Station (Public Charging) - Incl. Overhead";"Tractor-Trailer";"BAU";"EUR/kWh";2030;"0.143";"Sensitivity | Removed policies except for H2 tax reduction";"Electricity"
"OPEX";"Charging Infrastructure";"IT";"MCS Station (Public Charging) - Incl. Overhead";"Rigid";"BAU";"EUR/kWh";2030;"0.143";"Sensitivity | Removed policies except for H2 tax reduction";"Electricity"
"OPEX";"Charging Infrastructure";"IT";"MCS Station (Public Charging) - Incl. Overhead";"Tractor-Trailer";"BAU";"EUR/kWh";2030;"0.143";"Sensitivity | Removed policies except for H2 tax reduction";"Electricity"
"OPEX";"Charging Infrastructure";"NL";"MCS Station (Public Charging) - Incl. Overhead";"Rigid";"BAU";"EUR/kWh";2030;"0.143";"Sensitivity | Removed policies except for H2 tax reduction";"Electricity"
"OPEX";"Charging Infrastructure";"NL";"MCS Station (Public Charging) - Incl. Overhead";"Tractor-Trailer";"BAU";"EUR/kWh";2030;"0.143";"Sensitivity | Removed policies except for H2 tax reduction";"Electricity"
"OPEX";"Charging Infrastructure";"PL";"MCS Station (Public Charging) - Incl. Overhead";"Rigid";"BAU";"EUR/kWh";2030;"0.143";"Sensitivity | Removed policies except for H2 tax reduction";"Electricity"
"OPEX";"Charging Infrastructure";"PL";"MCS Station (Public Charging) - Incl. Overhead";"Tractor-Trailer";"BAU";"EUR/kWh";2030;"0.143";"Sensitivity | Removed policies except for H2 tax reduction";"Electricity"
"OPEX";"Charging Infrastructure";"UK";"MCS Station (Public Charging) - Incl. Overhead";"Rigid";"BAU";"EUR/kWh";2030;"0.143";"Sensitivity | Removed policies except for H2 tax reduction";"Electricity"
"OPEX";"Charging Infrastructure";"UK";"MCS Station (Public Charging) - Incl. Overhead";"Tractor-Trailer";"BAU";"EUR/kWh";2030;"0.143";"Sensitivity | Removed policies except for H2 tax reduction";"Electricity"
"OPEX";"Charging Infrastructure";"DE";"Share MCS-Charging";"Rigid";"BAU";"%";2030;"0.2";"Sensitivity | Removed policies except for H2 tax reduction";"Electricity"
"OPEX";"Charging Infrastructure";"DE";"Share MCS-Charging";"Tractor-Trailer";"BAU";"%";2030;"0.2";"Sensitivity | Removed policies except for H2 tax reduction";"Electricity"
"OPEX";"Charging Infrastructure";"ES";"Share MCS-Charging";"Rigid";"BAU";"%";2030;"0.2";"Sensitivity | Removed policies except for H2 tax reduction";"Electricity"
"OPEX";"Charging Infrastructure";"ES";"Share MCS-Charging";"Tractor-Trailer";"BAU";"%";2030;"0.2";"Sensitivity | Removed policies except for H2 tax reduction";"Electricity"
"OPEX";"Charging Infrastructure";"FR";"Share MCS-Charging";"Rigid";"BAU";"%";2030;"0.2";"Sensitivity | Removed policies except for H2 tax reduction";"Electricity"
"OPEX";"Charging Infrastructure";"FR";"Share MCS-Charging";"Tractor-Trailer";"BAU";"%";2030;"0.2";"Sensitivity | Removed policies except for H2 tax reduction";"Electricity"
"OPEX";"Charging Infrastructure";"IT";"Share MCS-Charging";"Rigid";"BAU";"%";2030;"0.2";"Sensitivity | Removed policies except for H2 tax reduction";"Electricity"
"OPEX";"Charging Infrastructure";"IT";"Share MCS-Charging";"Tractor-Trailer";"BAU";"%";2030;"0.2";"Sensitivity | Removed policies except for H2 tax reduction";"Electricity"
"OPEX";"Charging Infrastructure";"NL";"Share MCS-Charging";"Rigid";"BAU";"%";2030;"0.2";"Sensitivity | Removed policies except for H2 tax reduction";"Electricity"
"OPEX";"Charging Infrastructure";"NL";"Share MCS-Charging";"Tractor-Trailer";"BAU";"%";2030;"0.2";"Sensitivity | Removed policies except for H2 tax reduction";"Electricity"
"OPEX";"Charging Infrastructure";"PL";"Share MCS-Charging";"Rigid";"BAU";"%";2030;"0.2";"Sensitivity | Removed policies except for H2 tax reduction";"Electricity"
"OPEX";"Charging Infrastructure";"PL";"Share MCS-Charging";"Tractor-Trailer";"BAU";"%";2030;"0.2";"Sensitivity | Removed policies except for H2 tax reduction";"Electricity"
"OPEX";"Charging Infrastructure";"UK";"Share MCS-Charging";"Rigid";"BAU";"%";2030;"0.2";"Sensitivity | Removed policies except for H2 tax reduction";"Electricity"
"OPEX";"Charging Infrastructure";"UK";"Share MCS-Charging";"Tractor-Trailer";"BAU";"%";2030;"0.2";"Sensitivity | Removed policies except for H2 tax reduction";"Electricity"
"OPEX";"Charging Infrastructure";"DE";"Depot - Network fees savings potential";"Rigid";"BAU";"EUR/kWh";2030;"0";"Sensitivity | Removed policies except for H2 tax reduction";"Electricity"
"OPEX";"Charging Infrastructure";"DE";"Depot - Network fees savings potential";"Tractor-Trailer";"BAU";"EUR/kWh";2030;"0";"Sensitivity | Removed policies except for H2 tax reduction";"Electricity"
"OPEX";"Charging Infrastructure";"ES";"Depot - Network fees savings potential";"Rigid";"BAU";"EUR/kWh";2030;"0";"Sensitivity | Removed policies except for H2 tax reduction";"Electricity"
"OPEX";"Charging Infrastructure";"ES";"Depot - Network fees savings potential";"Tractor-Trailer";"BAU";"EUR/kWh";2030;"0";"Sensitivity | Removed policies except for H2 tax reduction";"Electricity"
"OPEX";"Charging Infrastructure";"FR";"Depot - Network fees savings potential";"Rigid";"BAU";"EUR/kWh";2030;"0";"Sensitivity | Removed policies except for H2 tax reduction";"Electricity"
"OPEX";"Charging Infrastructure";"FR";"Depot - Network fees savings potential";"Tractor-Trailer";"BAU";"EUR/kWh";2030;"0";"Sensitivity | Removed policies except for H2 tax reduction";"Electricity"
"OPEX";"Charging Infrastructure";"IT";"Depot - Network fees savings potential";"Rigid";"BAU";"EUR/kWh";2030;"0";"Sensitivity | Removed policies except for H2 tax reduction";"Electricity"
"OPEX";"Charging Infrastructure";"IT";"Depot - Network fees savings potential";"Tractor-Trailer";"BAU";"EUR/kWh";2030;"0";"Sensitivity | Removed policies except for H2 tax reduction";"Electricity"
"OPEX";"Charging Infrastructure";"NL";"Depot - Network fees savings potential";"Rigid";"BAU";"EUR/kWh";2030;"0";"Sensitivity | Removed policies except for H2 tax reduction";"Electricity"
"OPEX";"Charging Infrastructure";"NL";"Depot - Network fees savings potential";"Tractor-Trailer";"BAU";"EUR/kWh";2030;"0";"Sensitivity | Removed policies except for H2 tax reduction";"Electricity"
"OPEX";"Charging Infrastructure";"PL";"Depot - Network fees savings potential";"Rigid";"BAU";"EUR/kWh";2030;"0";"Sensitivity | Removed policies except for H2 tax reduction";"Electricity"
"OPEX";"Charging Infrastructure";"PL";"Depot - Network fees savings potential";"Tractor-Trailer";"BAU";"EUR/kWh";2030;"0";"Sensitivity | Removed policies except for H2 tax reduction";"Electricity"
"OPEX";"Charging Infrastructure";"UK";"Depot - Network fees savings potential";"Rigid";"BAU";"EUR/kWh";2030;"0";"Sensitivity | Removed policies except for H2 tax reduction";"Electricity"
"OPEX";"Charging Infrastructure";"UK";"Depot - Network fees savings potential";"Tractor-Trailer";"BAU";"EUR/kWh";2030;"0";"Sensitivity | Removed policies except for H2 tax reduction";"Electricity"
"OPEX";"Taxes";"DE";"Tax reduction";"Rigid";"BAU";"%";2030;"-1";"Sensitivity | Removed policies except for H2 tax reduction";"Hydrogen"
"OPEX";"Taxes";"DE";"Tax reduction";"Tractor-Trailer";"BAU";"%";2030;"-1";"Sensitivity | Removed policies except for H2 tax reduction";"Hydrogen"
"OPEX";"Taxes";"ES";"Tax reduction";"Rigid";"BAU";"%";2030;"-1";"Sensitivity | Removed policies except for H2 tax reduction";"Hydrogen"
"OPEX";"Taxes";"ES";"Tax reduction";"Tractor-Trailer";"BAU";"%";2030;"-1";"Sensitivity | Removed policies except for H2 tax reduction";"Hydrogen"
"OPEX";"Taxes";"FR";"Tax reduction";"Rigid";"BAU";"%";2030;"-1";"Sensitivity | Removed policies except for H2 tax reduction";"Hydrogen"
"OPEX";"Taxes";"FR";"Tax reduction";"Tractor-Trailer";"BAU";"%";2030;"-1";"Sensitivity | Removed policies except for H2 tax reduction";"Hydrogen"
"OPEX";"Taxes";"IT";"Tax reduction";"Rigid";"BAU";"%";2030;"-1";"Sensitivity | Removed policies except for H2 tax reduction";"Hydrogen"
"OPEX";"Taxes";"IT";"Tax reduction";"Tractor-Trailer";"BAU";"%";2030;"-1";"Sensitivity | Removed policies except for H2 tax reduction";"Hydrogen"
"OPEX";"Taxes";"NL";"Tax reduction";"Rigid";"BAU";"%";2030;"-1";"Sensitivity | Removed policies except for H2 tax reduction";"Hydrogen"
"OPEX";"Taxes";"NL";"Tax reduction";"Tractor-Trailer";"BAU";"%";2030;"-1";"Sensitivity | Removed policies except for H2 tax reduction";"Hydrogen"
"OPEX";"Taxes";"PL";"Tax reduction";"Rigid";"BAU";"%";2030;"-1";"Sensitivity | Removed policies except for H2 tax reduction";"Hydrogen"
"OPEX";"Taxes";"PL";"Tax reduction";"Tractor-Trailer";"BAU";"%";2030;"-1";"Sensitivity | Removed policies except for H2 tax reduction";"Hydrogen"
"OPEX";"Taxes";"UK";"Tax reduction";"Rigid";"BAU";"%";2030;"-1";"Sensitivity | Removed policies except for H2 tax reduction";"Hydrogen"
"OPEX";"Taxes";"UK";"Tax reduction";"Tractor-Trailer";"BAU";"%";2030;"-1";"Sensitivity | Removed policies except for H2 tax reduction";"Hydrogen"
"OPEX";"Taxes";"DE";"Increasing grid fees";"Rigid";"PROG";"%";2030;"0.1";"Sensitivity | Removed policies except for H2 tax reduction";"Electricity"
"OPEX";"Taxes";"DE";"Increasing grid fees";"Tractor-Trailer";"PROG";"%";2030;"0.1";"Sensitivity | Removed policies except for H2 tax reduction";"Electricity"
"OPEX";"Taxes";"ES";"Increasing grid fees";"Rigid";"PROG";"%";2030;"0.1";"Sensitivity | Removed policies except for H2 tax reduction";"Electricity"
"OPEX";"Taxes";"ES";"Increasing grid fees";"Tractor-Trailer";"PROG";"%";2030;"0.1";"Sensitivity | Removed policies except for H2 tax reduction";"Electricity"
"OPEX";"Taxes";"FR";"Increasing grid fees";"Rigid";"PROG";"%";2030;"0.1";"Sensitivity | Removed policies except for H2 tax reduction";"Electricity"
"OPEX";"Taxes";"FR";"Increasing grid fees";"Tractor-Trailer";"PROG";"%";2030;"0.1";"Sensitivity | Removed policies except for H2 tax reduction";"Electricity"
"OPEX";"Taxes";"IT";"Increasing grid fees";"Rigid";"PROG";"%";2030;"0.1";"Sensitivity | Removed policies except for H2 tax reduction";"Electricity"
"OPEX";"Taxes";"IT";"Increasing grid fees";"Tractor-Trailer";"PROG";"%";2030;"0.1";"Sensitivity | Removed policies except for H2 tax reduction";"Electricity"
"OPEX";"Taxes";"NL";"Increasing grid fees";"Rigid";"PROG";"%";2030;"0.1";"Sensitivity | Removed policies except for H2 tax reduction";"Electricity"
"OPEX";"Taxes";"NL";"Increasing grid fees";"Tractor-Trailer";"PROG";"%";2030;"0.1";"Sensitivity | Removed policies except for H2 tax reduction";"Electricity"
"OPEX";"Taxes";"PL";"Increasing grid fees";"Rigid";"PROG";"%";2030;"0.1";"Sensitivity | Removed policies except for H2 tax reduction";"Electricity"
"OPEX";"Taxes";"PL";"Increasing grid fees";"Tractor-Trailer";"PROG";"%";2030;"0.1";"Sensitivity | Removed policies except for H2 tax reduction";"Electricity"
"OPEX";"Taxes";"UK";"Increasing grid fees";"Rigid";"PROG";"%";2030;"0.1";"Sensitivity | Removed policies except for H2 tax reduction";"Electricity"
"OPEX";"Taxes";"UK";"Increasing grid fees";"Tractor-Trailer";"PROG";"%";2030;"0.1";"Sensitivity | Removed policies except for H2 tax reduction";"Electricity"
"OPEX";"Taxes";"DE";"Increasing grid fees";"Rigid";"BAU";"%";2030;"0.167";"Sensitivity | Removed policies except for H2 tax reduction";"Electricity"
"OPEX";"Taxes";"DE";"Increasing grid fees";"Tractor-Trailer";"BAU";"%";2030;"0.167";"Sensitivity | Removed policies except for H2 tax reduction";"Electricity"
"OPEX";"Taxes";"ES";"Increasing grid fees";"Rigid";"BAU";"%";2030;"0.167";"Sensitivity | Removed policies except for H2 tax reduction";"Electricity"
"OPEX";"Taxes";"ES";"Increasing grid fees";"Tractor-Trailer";"BAU";"%";2030;"0.167";"Sensitivity | Removed policies except for H2 tax reduction";"Electricity"
"OPEX";"Taxes";"FR";"Increasing grid fees";"Rigid";"BAU";"%";2030;"0.167";"Sensitivity | Removed policies except for H2 tax reduction";"Electricity"
"OPEX";"Taxes";"FR";"Increasing grid fees";"Tractor-Trailer";"BAU";"%";2030;"0.167";"Sensitivity | Removed policies except for H2 tax reduction";"Electricity"
"OPEX";"Taxes";"IT";"Increasing grid fees";"Rigid";"BAU";"%";2030;"0.167";"Sensitivity | Removed policies except for H2 tax reduction";"Electricity"
"OPEX";"Taxes";"IT";"Increasing grid fees";"Tractor-Trailer";"BAU";"%";2030;"0.167";"Sensitivity | Removed policies except for H2 tax reduction";"Electricity"
"OPEX";"Taxes";"NL";"Increasing grid fees";"Rigid";"BAU";"%";2030;"0.167";"Sensitivity | Removed policies except for H2 tax reduction";"Electricity"
"OPEX";"Taxes";"NL";"Increasing grid fees";"Tractor-Trailer";"BAU";"%";2030;"0.167";"Sensitivity | Removed policies except for H2 tax reduction";"Electricity"
"OPEX";"Taxes";"PL";"Increasing grid fees";"Rigid";"BAU";"%";2030;"0.167";"Sensitivity | Removed policies except for H2 tax reduction";"Electricity"
"OPEX";"Taxes";"PL";"Increasing grid fees";"Tractor-Trailer";"BAU";"%";2030;"0.167";"Sensitivity | Removed policies except for H2 tax reduction";"Electricity"
"OPEX";"Taxes";"UK";"Increasing grid fees";"Rigid";"BAU";"%";2030;"0.167";"Sensitivity | Removed policies except for H2 tax reduction";"Electricity"
"OPEX";"Taxes";"UK";"Increasing grid fees";"Tractor-Trailer";"BAU";"%";2030;"0.167";"Sensitivity | Removed policies except for H2 tax reduction";"Electricity"
"OPEX";"Taxes";"DE";"Network Costs - MCS";"Rigid";"PROG";"EUR/kWh";2035;"0.034";"Sensitivity | Removed policies except for H2 tax reduction";"Electricity"
"OPEX";"Taxes";"DE";"Network Costs - MCS";"Tractor-Trailer";"PROG";"EUR/kWh";2035;"0.034";"Sensitivity | Removed policies except for H2 tax reduction";"Electricity"
"OPEX";"Taxes";"ES";"Network Costs - MCS";"Rigid";"PROG";"EUR/kWh";2035;"0.014";"Sensitivity | Removed policies except for H2 tax reduction";"Electricity"
"OPEX";"Taxes";"ES";"Network Costs - MCS";"Tractor-Trailer";"PROG";"EUR/kWh";2035;"0.014";"Sensitivity | Removed policies except for H2 tax reduction";"Electricity"
"OPEX";"Taxes";"FR";"Network Costs - MCS";"Rigid";"PROG";"EUR/kWh";2035;"0.016";"Sensitivity | Removed policies except for H2 tax reduction";"Electricity"
"OPEX";"Taxes";"FR";"Network Costs - MCS";"Tractor-Trailer";"PROG";"EUR/kWh";2035;"0.016";"Sensitivity | Removed policies except for H2 tax reduction";"Electricity"
"OPEX";"Taxes";"IT";"Network Costs - MCS";"Rigid";"PROG";"EUR/kWh";2035;"0.014";"Sensitivity | Removed policies except for H2 tax reduction";"Electricity"
"OPEX";"Taxes";"IT";"Network Costs - MCS";"Tractor-Trailer";"PROG";"EUR/kWh";2035;"0.014";"Sensitivity | Removed policies except for H2 tax reduction";"Electricity"
"OPEX";"Taxes";"NL";"Network Costs - MCS";"Rigid";"PROG";"EUR/kWh";2035;"0.015";"Sensitivity | Removed policies except for H2 tax reduction";"Electricity"
"OPEX";"Taxes";"NL";"Network Costs - MCS";"Tractor-Trailer";"PROG";"EUR/kWh";2035;"0.015";"Sensitivity | Removed policies except for H2 tax reduction";"Electricity"
"OPEX";"Taxes";"PL";"Network Costs - MCS";"Rigid";"PROG";"EUR/kWh";2035;"0.016";"Sensitivity | Removed policies except for H2 tax reduction";"Electricity"
"OPEX";"Taxes";"PL";"Network Costs - MCS";"Tractor-Trailer";"PROG";"EUR/kWh";2035;"0.016";"Sensitivity | Removed policies except for H2 tax reduction";"Electricity"
"OPEX";"Taxes";"UK";"Network Costs - MCS";"Rigid";"PROG";"EUR/kWh";2035;"0.025";"Sensitivity | Removed policies except for H2 tax reduction";"Electricity"
"OPEX";"Taxes";"UK";"Network Costs - MCS";"Tractor-Trailer";"PROG";"EUR/kWh";2035;"0.025";"Sensitivity | Removed policies except for H2 tax reduction";"Electricity"
"OPEX";"Taxes";"DE";"Taxes, Fees, Levies and charges - MCS";"Rigid";"PROG";"EUR/kWh";2035;"0.056";"Sensitivity | Removed policies except for H2 tax reduction";"Electricity"
"OPEX";"Taxes";"DE";"Taxes, Fees, Levies and charges - MCS";"Tractor-Trailer";"PROG";"EUR/kWh";2035;"0.056";"Sensitivity | Removed policies except for H2 tax reduction";"Electricity"
"OPEX";"Taxes";"ES";"Taxes, Fees, Levies and charges - MCS";"Rigid";"PROG";"EUR/kWh";2035;"0.03";"Sensitivity | Removed policies except for H2 tax reduction";"Electricity"
"OPEX";"Taxes";"ES";"Taxes, Fees, Levies and charges - MCS";"Tractor-Trailer";"PROG";"EUR/kWh";2035;"0.03";"Sensitivity | Removed policies except for H2 tax reduction";"Electricity"
"OPEX";"Taxes";"FR";"Taxes, Fees, Levies and charges - MCS";"Rigid";"PROG";"EUR/kWh";2035;"0.027";"Sensitivity | Removed policies except for H2 tax reduction";"Electricity"
"OPEX";"Taxes";"FR";"Taxes, Fees, Levies and charges - MCS";"Tractor-Trailer";"PROG";"EUR/kWh";2035;"0.027";"Sensitivity | Removed policies except for H2 tax reduction";"Electricity"
"OPEX";"Taxes";"IT";"Taxes, Fees, Levies and charges - MCS";"Rigid";"PROG";"EUR/kWh";2035;"0.052";"Sensitivity | Removed policies except for H2 tax reduction";"Electricity"
"OPEX";"Taxes";"IT";"Taxes, Fees, Levies and charges - MCS";"Tractor-Trailer";"PROG";"EUR/kWh";2035;"0.052";"Sensitivity | Removed policies except for H2 tax reduction";"Electricity"
"OPEX";"Taxes";"NL";"Taxes, Fees, Levies and charges - MCS";"Rigid";"PROG";"EUR/kWh";2035;"0.048";"Sensitivity | Removed policies except for H2 tax reduction";"Electricity"
"OPEX";"Taxes";"NL";"Taxes, Fees, Levies and charges - MCS";"Tractor-Trailer";"PROG";"EUR/kWh";2035;"0.048";"Sensitivity | Removed policies except for H2 tax reduction";"Electricity"
"OPEX";"Taxes";"PL";"Taxes, Fees, Levies and charges - MCS";"Rigid";"PROG";"EUR/kWh";2035;"0.047";"Sensitivity | Removed policies except for H2 tax reduction";"Electricity"
"OPEX";"Taxes";"PL";"Taxes, Fees, Levies and charges - MCS";"Tractor-Trailer";"PROG";"EUR/kWh";2035;"0.047";"Sensitivity | Removed policies except for H2 tax reduction";"Electricity"
"OPEX";"Taxes";"UK";"Taxes, Fees, Levies and charges - MCS";"Rigid";"PROG";"EUR/kWh";2035;"0.075";"Sensitivity | Removed policies except for H2 tax reduction";"Electricity"
"OPEX";"Taxes";"UK";"Taxes, Fees, Levies and charges - MCS";"Tractor-Trailer";"PROG";"EUR/kWh";2035;"0.075";"Sensitivity | Removed policies except for H2 tax reduction";"Electricity"
"OPEX";"Taxes";"DE";"Network Costs - Depot";"Rigid";"PROG";"EUR/kWh";2035;"0.034";"Sensitivity | Removed policies except for H2 tax reduction";"Electricity"
"OPEX";"Taxes";"DE";"Network Costs - Depot";"Tractor-Trailer";"PROG";"EUR/kWh";2035;"0.034";"Sensitivity | Removed policies except for H2 tax reduction";"Electricity"
"OPEX";"Taxes";"ES";"Network Costs - Depot";"Rigid";"PROG";"EUR/kWh";2035;"0.018";"Sensitivity | Removed policies except for H2 tax reduction";"Electricity"
"OPEX";"Taxes";"ES";"Network Costs - Depot";"Tractor-Trailer";"PROG";"EUR/kWh";2035;"0.018";"Sensitivity | Removed policies except for H2 tax reduction";"Electricity"
"OPEX";"Taxes";"FR";"Network Costs - Depot";"Rigid";"PROG";"EUR/kWh";2035;"0.018";"Sensitivity | Removed policies except for H2 tax reduction";"Electricity"
"OPEX";"Taxes";"FR";"Network Costs - Depot";"Tractor-Trailer";"PROG";"EUR/kWh";2035;"0.018";"Sensitivity | Removed policies except for H2 tax reduction";"Electricity"
"OPEX";"Taxes";"IT";"Network Costs - Depot";"Rigid";"PROG";"EUR/kWh";2035;"0.016";"Sensitivity | Removed policies except for H2 tax reduction";"Electricity"
"OPEX";"Taxes";"IT";"Network Costs - Depot";"Tractor-Trailer";"PROG";"EUR/kWh";2035;"0.016";"Sensitivity | Removed policies except for H2 tax reduction";"Electricity"
"OPEX";"Taxes";"NL";"Network Costs - Depot";"Rigid";"PROG";"EUR/kWh";2035;"0.016";"Sensitivity | Removed policies except for H2 tax reduction";"Electricity"
"OPEX";"Taxes";"NL";"Network Costs - Depot";"Tractor-Trailer";"PROG";"EUR/kWh";2035;"0.016";"Sensitivity | Removed policies except for H2 tax reduction";"Electricity"
"OPEX";"Taxes";"PL";"Network Costs - Depot";"Rigid";"PROG";"EUR/kWh";2035;"0.019";"Sensitivity | Removed policies except for H2 tax reduction";"Electricity"
"OPEX";"Taxes";"PL";"Network Costs - Depot";"Tractor-Trailer";"PROG";"EUR/kWh";2035;"0.019";"Sensitivity | Removed policies except for H2 tax reduction";"Electricity"
"OPEX";"Taxes";"UK";"Network Costs - Depot";"Rigid";"PROG";"EUR/kWh";2035;"0.027";"Sensitivity | Removed policies except for H2 tax reduction";"Electricity"
"OPEX";"Taxes";"UK";"Network Costs - Depot";"Tractor-Trailer";"PROG";"EUR/kWh";2035;"0.027";"Sensitivity | Removed policies except for H2 tax reduction";"Electricity"
"OPEX";"Taxes";"DE";"Taxes, Fees, Levies and charges - Depot";"Rigid";"PROG";"EUR/kWh";2035;"0.056";"Sensitivity | Removed policies except for H2 tax reduction";"Electricity"
"OPEX";"Taxes";"DE";"Taxes, Fees, Levies and charges - Depot";"Tractor-Trailer";"PROG";"EUR/kWh";2035;"0.056";"Sensitivity | Removed policies except for H2 tax reduction";"Electricity"
"OPEX";"Taxes";"ES";"Taxes, Fees, Levies and charges - Depot";"Rigid";"PROG";"EUR/kWh";2035;"0.036";"Sensitivity | Removed policies except for H2 tax reduction";"Electricity"
"OPEX";"Taxes";"ES";"Taxes, Fees, Levies and charges - Depot";"Tractor-Trailer";"PROG";"EUR/kWh";2035;"0.036";"Sensitivity | Removed policies except for H2 tax reduction";"Electricity"
"OPEX";"Taxes";"FR";"Taxes, Fees, Levies and charges - Depot";"Rigid";"PROG";"EUR/kWh";2035;"0.03";"Sensitivity | Removed policies except for H2 tax reduction";"Electricity"
"OPEX";"Taxes";"FR";"Taxes, Fees, Levies and charges - Depot";"Tractor-Trailer";"PROG";"EUR/kWh";2035;"0.03";"Sensitivity | Removed policies except for H2 tax reduction";"Electricity"
"OPEX";"Taxes";"IT";"Taxes, Fees, Levies and charges - Depot";"Rigid";"PROG";"EUR/kWh";2035;"0.063";"Sensitivity | Removed policies except for H2 tax reduction";"Electricity"
"OPEX";"Taxes";"IT";"Taxes, Fees, Levies and charges - Depot";"Tractor-Trailer";"PROG";"EUR/kWh";2035;"0.063";"Sensitivity | Removed policies except for H2 tax reduction";"Electricity"
"OPEX";"Taxes";"NL";"Taxes, Fees, Levies and charges - Depot";"Rigid";"PROG";"EUR/kWh";2035;"0.055";"Sensitivity | Removed policies except for H2 tax reduction";"Electricity"
"OPEX";"Taxes";"NL";"Taxes, Fees, Levies and charges - Depot";"Tractor-Trailer";"PROG";"EUR/kWh";2035;"0.055";"Sensitivity | Removed policies except for H2 tax reduction";"Electricity"
"OPEX";"Taxes";"PL";"Taxes, Fees, Levies and charges - Depot";"Rigid";"PROG";"EUR/kWh";2035;"0.049";"Sensitivity | Removed policies except for H2 tax reduction";"Electricity"
"OPEX";"Taxes";"PL";"Taxes, Fees, Levies and charges - Depot";"Tractor-Trailer";"PROG";"EUR/kWh";2035;"0.049";"Sensitivity | Removed policies except for H2 tax reduction";"Electricity"
"OPEX";"Taxes";"UK";"Taxes, Fees, Levies and charges - Depot";"Rigid";"PROG";"EUR/kWh";2035;"0.084";"Sensitivity | Removed policies except for H2 tax reduction";"Electricity"
"OPEX";"Taxes";"UK";"Taxes, Fees, Levies and charges - Depot";"Tractor-Trailer";"PROG";"EUR/kWh";2035;"0.084";"Sensitivity | Removed policies except for H2 tax reduction";"Electricity"
"OPEX";"H2 Infrastructure";"DE";"HRS costs";"Rigid";"PROG";"EUR/kg H2";2035;"0.9";"Sensitivity | Removed policies except for H2 tax reduction";"Hydrogen"
"OPEX";"H2 Infrastructure";"DE";"HRS costs";"Tractor-Trailer";"PROG";"EUR/kg H2";2035;"0.9";"Sensitivity | Removed policies except for H2 tax reduction";"Hydrogen"
"OPEX";"H2 Infrastructure";"ES";"HRS costs";"Rigid";"PROG";"EUR/kg H2";2035;"0.9";"Sensitivity | Removed policies except for H2 tax reduction";"Hydrogen"
"OPEX";"H2 Infrastructure";"ES";"HRS costs";"Tractor-Trailer";"PROG";"EUR/kg H2";2035;"0.9";"Sensitivity | Removed policies except for H2 tax reduction";"Hydrogen"
"OPEX";"H2 Infrastructure";"FR";"HRS costs";"Rigid";"PROG";"EUR/kg H2";2035;"0.9";"Sensitivity | Removed policies except for H2 tax reduction";"Hydrogen"
"OPEX";"H2 Infrastructure";"FR";"HRS costs";"Tractor-Trailer";"PROG";"EUR/kg H2";2035;"0.9";"Sensitivity | Removed policies except for H2 tax reduction";"Hydrogen"
"OPEX";"H2 Infrastructure";"IT";"HRS costs";"Rigid";"PROG";"EUR/kg H2";2035;"0.9";"Sensitivity | Removed policies except for H2 tax reduction";"Hydrogen"
"OPEX";"H2 Infrastructure";"IT";"HRS costs";"Tractor-Trailer";"PROG";"EUR/kg H2";2035;"0.9";"Sensitivity | Removed policies except for H2 tax reduction";"Hydrogen"
"OPEX";"H2 Infrastructure";"NL";"HRS costs";"Rigid";"PROG";"EUR/kg H2";2035;"0.9";"Sensitivity | Removed policies except for H2 tax reduction";"Hydrogen"
"OPEX";"H2 Infrastructure";"NL";"HRS costs";"Tractor-Trailer";"PROG";"EUR/kg H2";2035;"0.9";"Sensitivity | Removed policies except for H2 tax reduction";"Hydrogen"
"OPEX";"H2 Infrastructure";"PL";"HRS costs";"Rigid";"PROG";"EUR/kg H2";2035;"0.9";"Sensitivity | Removed policies except for H2 tax reduction";"Hydrogen"
"OPEX";"H2 Infrastructure";"PL";"HRS costs";"Tractor-Trailer";"PROG";"EUR/kg H2";2035;"0.9";"Sensitivity | Removed policies except for H2 tax reduction";"Hydrogen"
"OPEX";"H2 Infrastructure";"UK";"HRS costs";"Rigid";"PROG";"EUR/kg H2";2035;"0.9";"Sensitivity | Removed policies except for H2 tax reduction";"Hydrogen"
"OPEX";"H2 Infrastructure";"UK";"HRS costs";"Tractor-Trailer";"PROG";"EUR/kg H2";2035;"0.9";"Sensitivity | Removed policies except for H2 tax reduction";"Hydrogen"
"OPEX";"H2 Infrastructure";"DE";"H2 transport and distribution";"Rigid";"PROG";"EUR/kg H2";2035;"0.833";"Sensitivity | Removed policies except for H2 tax reduction";"Hydrogen"
"OPEX";"H2 Infrastructure";"DE";"H2 transport and distribution";"Tractor-Trailer";"PROG";"EUR/kg H2";2035;"0.833";"Sensitivity | Removed policies except for H2 tax reduction";"Hydrogen"
"OPEX";"H2 Infrastructure";"ES";"H2 transport and distribution";"Rigid";"PROG";"EUR/kg H2";2035;"0.833";"Sensitivity | Removed policies except for H2 tax reduction";"Hydrogen"
"OPEX";"H2 Infrastructure";"ES";"H2 transport and distribution";"Tractor-Trailer";"PROG";"EUR/kg H2";2035;"0.833";"Sensitivity | Removed policies except for H2 tax reduction";"Hydrogen"
"OPEX";"H2 Infrastructure";"FR";"H2 transport and distribution";"Rigid";"PROG";"EUR/kg H2";2035;"0.833";"Sensitivity | Removed policies except for H2 tax reduction";"Hydrogen"
"OPEX";"H2 Infrastructure";"FR";"H2 transport and distribution";"Tractor-Trailer";"PROG";"EUR/kg H2";2035;"0.833";"Sensitivity | Removed policies except for H2 tax reduction";"Hydrogen"
"OPEX";"H2 Infrastructure";"IT";"H2 transport and distribution";"Rigid";"PROG";"EUR/kg H2";2035;"0.833";"Sensitivity | Removed policies except for H2 tax reduction";"Hydrogen"
"OPEX";"H2 Infrastructure";"IT";"H2 transport and distribution";"Tractor-Trailer";"PROG";"EUR/kg H2";2035;"0.833";"Sensitivity | Removed policies except for H2 tax reduction";"Hydrogen"
"OPEX";"H2 Infrastructure";"NL";"H2 transport and distribution";"Rigid";"PROG";"EUR/kg H2";2035;"0.833";"Sensitivity | Removed policies except for H2 tax reduction";"Hydrogen"
"OPEX";"H2 Infrastructure";"NL";"H2 transport and distribution";"Tractor-Trailer";"PROG";"EUR/kg H2";2035;"0.833";"Sensitivity | Removed policies except for H2 tax reduction";"Hydrogen"
"OPEX";"H2 Infrastructure";"PL";"H2 transport and distribution";"Rigid";"PROG";"EUR/kg H2";2035;"0.833";"Sensitivity | Removed policies except for H2 tax reduction";"Hydrogen"
"OPEX";"H2 Infrastructure";"PL";"H2 transport and distribution";"Tractor-Trailer";"PROG";"EUR/kg H2";2035;"0.833";"Sensitivity | Removed policies except for H2 tax reduction";"Hydrogen"
"OPEX";"H2 Infrastructure";"UK";"H2 transport and distribution";"Rigid";"PROG";"EUR/kg H2";2035;"0.833";"Sensitivity | Removed policies except for H2 tax reduction";"Hydrogen"
"OPEX";"H2 Infrastructure";"UK";"H2 transport and distribution";"Tractor-Trailer";"PROG";"EUR/kg H2";2035;"0.833";"Sensitivity | Removed policies except for H2 tax reduction";"Hydrogen"
"OPEX";"H2 Infrastructure";"DE";"HRS Overhead, Profit and Mark-Up";"Rigid";"PROG";"EUR/kg H2";2035;"0.25";"Sensitivity | Removed policies except for H2 tax reduction";"Hydrogen"
"OPEX";"H2 Infrastructure";"DE";"HRS Overhead, Profit and Mark-Up";"Tractor-Trailer";"PROG";"EUR/kg H2";2035;"0.25";"Sensitivity | Removed policies except for H2 tax reduction";"Hydrogen"
"OPEX";"H2 Infrastructure";"ES";"HRS Overhead, Profit and Mark-Up";"Rigid";"PROG";"EUR/kg H2";2035;"0.25";"Sensitivity | Removed policies except for H2 tax reduction";"Hydrogen"
"OPEX";"H2 Infrastructure";"ES";"HRS Overhead, Profit and Mark-Up";"Tractor-Trailer";"PROG";"EUR/kg H2";2035;"0.25";"Sensitivity | Removed policies except for H2 tax reduction";"Hydrogen"
"OPEX";"H2 Infrastructure";"FR";"HRS Overhead, Profit and Mark-Up";"Rigid";"PROG";"EUR/kg H2";2035;"0.25";"Sensitivity | Removed policies except for H2 tax reduction";"Hydrogen"
"OPEX";"H2 Infrastructure";"FR";"HRS Overhead, Profit and Mark-Up";"Tractor-Trailer";"PROG";"EUR/kg H2";2035;"0.25";"Sensitivity | Removed policies except for H2 tax reduction";"Hydrogen"
"OPEX";"H2 Infrastructure";"IT";"HRS Overhead, Profit and Mark-Up";"Rigid";"PROG";"EUR/kg H2";2035;"0.25";"Sensitivity | Removed policies except for H2 tax reduction";"Hydrogen"
"OPEX";"H2 Infrastructure";"IT";"HRS Overhead, Profit and Mark-Up";"Tractor-Trailer";"PROG";"EUR/kg H2";2035;"0.25";"Sensitivity | Removed policies except for H2 tax reduction";"Hydrogen"
"OPEX";"H2 Infrastructure";"NL";"HRS Overhead, Profit and Mark-Up";"Rigid";"PROG";"EUR/kg H2";2035;"0.25";"Sensitivity | Removed policies except for H2 tax reduction";"Hydrogen"
"OPEX";"H2 Infrastructure";"NL";"HRS Overhead, Profit and Mark-Up";"Tractor-Trailer";"PROG";"EUR/kg H2";2035;"0.25";"Sensitivity | Removed policies except for H2 tax reduction";"Hydrogen"
"OPEX";"H2 Infrastructure";"PL";"HRS Overhead, Profit and Mark-Up";"Rigid";"PROG";"EUR/kg H2";2035;"0.25";"Sensitivity | Removed policies except for H2 tax reduction";"Hydrogen"
"OPEX";"H2 Infrastructure";"PL";"HRS Overhead, Profit and Mark-Up";"Tractor-Trailer";"PROG";"EUR/kg H2";2035;"0.25";"Sensitivity | Removed policies except for H2 tax reduction";"Hydrogen"
"OPEX";"H2 Infrastructure";"UK";"HRS Overhead, Profit and Mark-Up";"Rigid";"PROG";"EUR/kg H2";2035;"0.25";"Sensitivity | Removed policies except for H2 tax reduction";"Hydrogen"
"OPEX";"H2 Infrastructure";"UK";"HRS Overhead, Profit and Mark-Up";"Tractor-Trailer";"PROG";"EUR/kg H2";2035;"0.25";"Sensitivity | Removed policies except for H2 tax reduction";"Hydrogen"
"OPEX";"Charging Infrastructure";"DE";"MCS Station (Public Charging) - Incl. Overhead";"Rigid";"PROG";"EUR/kWh";2035;"0.031";"Sensitivity | Removed policies except for H2 tax reduction";"Electricity"
"OPEX";"Charging Infrastructure";"DE";"MCS Station (Public Charging) - Incl. Overhead";"Tractor-Trailer";"PROG";"EUR/kWh";2035;"0.031";"Sensitivity | Removed policies except for H2 tax reduction";"Electricity"
"OPEX";"Charging Infrastructure";"ES";"MCS Station (Public Charging) - Incl. Overhead";"Rigid";"PROG";"EUR/kWh";2035;"0.031";"Sensitivity | Removed policies except for H2 tax reduction";"Electricity"
"OPEX";"Charging Infrastructure";"ES";"MCS Station (Public Charging) - Incl. Overhead";"Tractor-Trailer";"PROG";"EUR/kWh";2035;"0.031";"Sensitivity | Removed policies except for H2 tax reduction";"Electricity"
"OPEX";"Charging Infrastructure";"FR";"MCS Station (Public Charging) - Incl. Overhead";"Rigid";"PROG";"EUR/kWh";2035;"0.031";"Sensitivity | Removed policies except for H2 tax reduction";"Electricity"
"OPEX";"Charging Infrastructure";"FR";"MCS Station (Public Charging) - Incl. Overhead";"Tractor-Trailer";"PROG";"EUR/kWh";2035;"0.031";"Sensitivity | Removed policies except for H2 tax reduction";"Electricity"
"OPEX";"Charging Infrastructure";"IT";"MCS Station (Public Charging) - Incl. Overhead";"Rigid";"PROG";"EUR/kWh";2035;"0.031";"Sensitivity | Removed policies except for H2 tax reduction";"Electricity"
"OPEX";"Charging Infrastructure";"IT";"MCS Station (Public Charging) - Incl. Overhead";"Tractor-Trailer";"PROG";"EUR/kWh";2035;"0.031";"Sensitivity | Removed policies except for H2 tax reduction";"Electricity"
"OPEX";"Charging Infrastructure";"NL";"MCS Station (Public Charging) - Incl. Overhead";"Rigid";"PROG";"EUR/kWh";2035;"0.031";"Sensitivity | Removed policies except for H2 tax reduction";"Electricity"
"OPEX";"Charging Infrastructure";"NL";"MCS Station (Public Charging) - Incl. Overhead";"Tractor-Trailer";"PROG";"EUR/kWh";2035;"0.031";"Sensitivity | Removed policies except for H2 tax reduction";"Electricity"
"OPEX";"Charging Infrastructure";"PL";"MCS Station (Public Charging) - Incl. Overhead";"Rigid";"PROG";"EUR/kWh";2035;"0.031";"Sensitivity | Removed policies except for H2 tax reduction";"Electricity"
"OPEX";"Charging Infrastructure";"PL";"MCS Station (Public Charging) - Incl. Overhead";"Tractor-Trailer";"PROG";"EUR/kWh";2035;"0.031";"Sensitivity | Removed policies except for H2 tax reduction";"Electricity"
"OPEX";"Charging Infrastructure";"UK";"MCS Station (Public Charging) - Incl. Overhead";"Rigid";"PROG";"EUR/kWh";2035;"0.031";"Sensitivity | Removed policies except for H2 tax reduction";"Electricity"
"OPEX";"Charging Infrastructure";"UK";"MCS Station (Public Charging) - Incl. Overhead";"Tractor-Trailer";"PROG";"EUR/kWh";2035;"0.031";"Sensitivity | Removed policies except for H2 tax reduction";"Electricity"
"OPEX";"Charging Infrastructure";"DE";"Share MCS-Charging";"Rigid";"PROG";"%";2035;"0.2";"Sensitivity | Removed policies except for H2 tax reduction";"Electricity"
"OPEX";"Charging Infrastructure";"DE";"Share MCS-Charging";"Tractor-Trailer";"PROG";"%";2035;"0.2";"Sensitivity | Removed policies except for H2 tax reduction";"Electricity"
"OPEX";"Charging Infrastructure";"ES";"Share MCS-Charging";"Rigid";"PROG";"%";2035;"0.2";"Sensitivity | Removed policies except for H2 tax reduction";"Electricity"
"OPEX";"Charging Infrastructure";"ES";"Share MCS-Charging";"Tractor-Trailer";"PROG";"%";2035;"0.2";"Sensitivity | Removed policies except for H2 tax reduction";"Electricity"
"OPEX";"Charging Infrastructure";"FR";"Share MCS-Charging";"Rigid";"PROG";"%";2035;"0.2";"Sensitivity | Removed policies except for H2 tax reduction";"Electricity"
"OPEX";"Charging Infrastructure";"FR";"Share MCS-Charging";"Tractor-Trailer";"PROG";"%";2035;"0.2";"Sensitivity | Removed policies except for H2 tax reduction";"Electricity"
"OPEX";"Charging Infrastructure";"IT";"Share MCS-Charging";"Rigid";"PROG";"%";2035;"0.2";"Sensitivity | Removed policies except for H2 tax reduction";"Electricity"
"OPEX";"Charging Infrastructure";"IT";"Share MCS-Charging";"Tractor-Trailer";"PROG";"%";2035;"0.2";"Sensitivity | Removed policies except for H2 tax reduction";"Electricity"
"OPEX";"Charging Infrastructure";"NL";"Share MCS-Charging";"Rigid";"PROG";"%";2035;"0.2";"Sensitivity | Removed policies except for H2 tax reduction";"Electricity"
"OPEX";"Charging Infrastructure";"NL";"Share MCS-Charging";"Tractor-Trailer";"PROG";"%";2035;"0.2";"Sensitivity | Removed policies except for H2 tax reduction";"Electricity"
"OPEX";"Charging Infrastructure";"PL";"Share MCS-Charging";"Rigid";"PROG";"%";2035;"0.2";"Sensitivity | Removed policies except for H2 tax reduction";"Electricity"
"OPEX";"Charging Infrastructure";"PL";"Share MCS-Charging";"Tractor-Trailer";"PROG";"%";2035;"0.2";"Sensitivity | Removed policies except for H2 tax reduction";"Electricity"
"OPEX";"Charging Infrastructure";"UK";"Share MCS-Charging";"Rigid";"PROG";"%";2035;"0.2";"Sensitivity | Removed policies except for H2 tax reduction";"Electricity"
"OPEX";"Charging Infrastructure";"UK";"Share MCS-Charging";"Tractor-Trailer";"PROG";"%";2035;"0.2";"Sensitivity | Removed policies except for H2 tax reduction";"Electricity"
"OPEX";"Charging Infrastructure";"DE";"Depot - Network fees savings potential";"Rigid";"PROG";"EUR/kWh";2035;"-0.01";"Sensitivity | Removed policies except for H2 tax reduction";"Electricity"
"OPEX";"Charging Infrastructure";"DE";"Depot - Network fees savings potential";"Tractor-Trailer";"PROG";"EUR/kWh";2035;"-0.01";"Sensitivity | Removed policies except for H2 tax reduction";"Electricity"
"OPEX";"Charging Infrastructure";"ES";"Depot - Network fees savings potential";"Rigid";"PROG";"EUR/kWh";2035;"-0.01";"Sensitivity | Removed policies except for H2 tax reduction";"Electricity"
"OPEX";"Charging Infrastructure";"ES";"Depot - Network fees savings potential";"Tractor-Trailer";"PROG";"EUR/kWh";2035;"-0.01";"Sensitivity | Removed policies except for H2 tax reduction";"Electricity"
"OPEX";"Charging Infrastructure";"FR";"Depot - Network fees savings potential";"Rigid";"PROG";"EUR/kWh";2035;"-0.01";"Sensitivity | Removed policies except for H2 tax reduction";"Electricity"
"OPEX";"Charging Infrastructure";"FR";"Depot - Network fees savings potential";"Tractor-Trailer";"PROG";"EUR/kWh";2035;"-0.01";"Sensitivity | Removed policies except for H2 tax reduction";"Electricity"
"OPEX";"Charging Infrastructure";"IT";"Depot - Network fees savings potential";"Rigid";"PROG";"EUR/kWh";2035;"-0.01";"Sensitivity | Removed policies except for H2 tax reduction";"Electricity"
"OPEX";"Charging Infrastructure";"IT";"Depot - Network fees savings potential";"Tractor-Trailer";"PROG";"EUR/kWh";2035;"-0.01";"Sensitivity | Removed policies except for H2 tax reduction";"Electricity"
"OPEX";"Charging Infrastructure";"NL";"Depot - Network fees savings potential";"Rigid";"PROG";"EUR/kWh";2035;"-0.01";"Sensitivity | Removed policies except for H2 tax reduction";"Electricity"
"OPEX";"Charging Infrastructure";"NL";"Depot - Network fees savings potential";"Tractor-Trailer";"PROG";"EUR/kWh";2035;"-0.01";"Sensitivity | Removed policies except for H2 tax reduction";"Electricity"
"OPEX";"Charging Infrastructure";"PL";"Depot - Network fees savings potential";"Rigid";"PROG";"EUR/kWh";2035;"-0.01";"Sensitivity | Removed policies except for H2 tax reduction";"Electricity"
"OPEX";"Charging Infrastructure";"PL";"Depot - Network fees savings potential";"Tractor-Trailer";"PROG";"EUR/kWh";2035;"-0.01";"Sensitivity | Removed policies except for H2 tax reduction";"Electricity"
"OPEX";"Charging Infrastructure";"UK";"Depot - Network fees savings potential";"Rigid";"PROG";"EUR/kWh";2035;"-0.01";"Sensitivity | Removed policies except for H2 tax reduction";"Electricity"
"OPEX";"Charging Infrastructure";"UK";"Depot - Network fees savings potential";"Tractor-Trailer";"PROG";"EUR/kWh";2035;"-0.01";"Sensitivity | Removed policies except for H2 tax reduction";"Electricity"
"OPEX";"Taxes";"DE";"Tax reduction";"Rigid";"PROG";"%";2035;"0";"Sensitivity | Removed policies except for H2 tax reduction";"Hydrogen"
"OPEX";"Taxes";"DE";"Tax reduction";"Tractor-Trailer";"PROG";"%";2035;"0";"Sensitivity | Removed policies except for H2 tax reduction";"Hydrogen"
"OPEX";"Taxes";"ES";"Tax reduction";"Rigid";"PROG";"%";2035;"0";"Sensitivity | Removed policies except for H2 tax reduction";"Hydrogen"
"OPEX";"Taxes";"ES";"Tax reduction";"Tractor-Trailer";"PROG";"%";2035;"0";"Sensitivity | Removed policies except for H2 tax reduction";"Hydrogen"
"OPEX";"Taxes";"FR";"Tax reduction";"Rigid";"PROG";"%";2035;"0";"Sensitivity | Removed policies except for H2 tax reduction";"Hydrogen"
"OPEX";"Taxes";"FR";"Tax reduction";"Tractor-Trailer";"PROG";"%";2035;"0";"Sensitivity | Removed policies except for H2 tax reduction";"Hydrogen"
"OPEX";"Taxes";"IT";"Tax reduction";"Rigid";"PROG";"%";2035;"0";"Sensitivity | Removed policies except for H2 tax reduction";"Hydrogen"
"OPEX";"Taxes";"IT";"Tax reduction";"Tractor-Trailer";"PROG";"%";2035;"0";"Sensitivity | Removed policies except for H2 tax reduction";"Hydrogen"
"OPEX";"Taxes";"NL";"Tax reduction";"Rigid";"PROG";"%";2035;"0";"Sensitivity | Removed policies except for H2 tax reduction";"Hydrogen"
"OPEX";"Taxes";"NL";"Tax reduction";"Tractor-Trailer";"PROG";"%";2035;"0";"Sensitivity | Removed policies except for H2 tax reduction";"Hydrogen"
"OPEX";"Taxes";"PL";"Tax reduction";"Rigid";"PROG";"%";2035;"0";"Sensitivity | Removed policies except for H2 tax reduction";"Hydrogen"
"OPEX";"Taxes";"PL";"Tax reduction";"Tractor-Trailer";"PROG";"%";2035;"0";"Sensitivity | Removed policies except for H2 tax reduction";"Hydrogen"
"OPEX";"Taxes";"UK";"Tax reduction";"Rigid";"PROG";"%";2035;"0";"Sensitivity | Removed policies except for H2 tax reduction";"Hydrogen"
"OPEX";"Taxes";"UK";"Tax reduction";"Tractor-Trailer";"PROG";"%";2035;"0";"Sensitivity | Removed policies except for H2 tax reduction";"Hydrogen"
"OPEX";"Taxes";"DE";"Excise Duty - Diesel";"Rigid";"BAU";"EUR/kWh";2035;"0.047";"Sensitivity | Removed policies except for H2 tax reduction";"Diesel"
"OPEX";"Taxes";"DE";"Excise Duty - Diesel";"Tractor-Trailer";"BAU";"EUR/kWh";2035;"0.047";"Sensitivity | Removed policies except for H2 tax reduction";"Diesel"
"OPEX";"Taxes";"DE";"Excise Duty - Diesel";"Rigid";"PROG";"EUR/kWh";2035;"0.047";"Sensitivity | Removed policies except for H2 tax reduction";"Diesel"
"OPEX";"Taxes";"DE";"Excise Duty - Diesel";"Tractor-Trailer";"PROG";"EUR/kWh";2035;"0.047";"Sensitivity | Removed policies except for H2 tax reduction";"Diesel"
"OPEX";"Taxes";"ES";"Excise Duty - Diesel";"Rigid";"BAU";"EUR/kWh";2035;"0.038";"Sensitivity | Removed policies except for H2 tax reduction";"Diesel"
"OPEX";"Taxes";"ES";"Excise Duty - Diesel";"Tractor-Trailer";"BAU";"EUR/kWh";2035;"0.038";"Sensitivity | Removed policies except for H2 tax reduction";"Diesel"
"OPEX";"Taxes";"ES";"Excise Duty - Diesel";"Rigid";"PROG";"EUR/kWh";2035;"0.038";"Sensitivity | Removed policies except for H2 tax reduction";"Diesel"
"OPEX";"Taxes";"ES";"Excise Duty - Diesel";"Tractor-Trailer";"PROG";"EUR/kWh";2035;"0.038";"Sensitivity | Removed policies except for H2 tax reduction";"Diesel"
"OPEX";"Taxes";"FR";"Excise Duty - Diesel";"Rigid";"BAU";"EUR/kWh";2035;"0.06";"Sensitivity | Removed policies except for H2 tax reduction";"Diesel"
"OPEX";"Taxes";"FR";"Excise Duty - Diesel";"Tractor-Trailer";"BAU";"EUR/kWh";2035;"0.06";"Sensitivity | Removed policies except for H2 tax reduction";"Diesel"
"OPEX";"Taxes";"FR";"Excise Duty - Diesel";"Rigid";"PROG";"EUR/kWh";2035;"0.06";"Sensitivity | Removed policies except for H2 tax reduction";"Diesel"
"OPEX";"Taxes";"FR";"Excise Duty - Diesel";"Tractor-Trailer";"PROG";"EUR/kWh";2035;"0.06";"Sensitivity | Removed policies except for H2 tax reduction";"Diesel"
"OPEX";"Taxes";"IT";"Excise Duty - Diesel";"Rigid";"BAU";"EUR/kWh";2035;"0.062";"Sensitivity | Removed policies except for H2 tax reduction";"Diesel"
"OPEX";"Taxes";"IT";"Excise Duty - Diesel";"Tractor-Trailer";"BAU";"EUR/kWh";2035;"0.062";"Sensitivity | Removed policies except for H2 tax reduction";"Diesel"
"OPEX";"Taxes";"IT";"Excise Duty - Diesel";"Rigid";"PROG";"EUR/kWh";2035;"0.062";"Sensitivity | Removed policies except for H2 tax reduction";"Diesel"
"OPEX";"Taxes";"IT";"Excise Duty - Diesel";"Tractor-Trailer";"PROG";"EUR/kWh";2035;"0.062";"Sensitivity | Removed policies except for H2 tax reduction";"Diesel"
"OPEX";"Taxes";"NL";"Excise Duty - Diesel";"Rigid";"BAU";"EUR/kWh";2035;"0.053";"Sensitivity | Removed policies except for H2 tax reduction";"Diesel"
"OPEX";"Taxes";"NL";"Excise Duty - Diesel";"Tractor-Trailer";"BAU";"EUR/kWh";2035;"0.053";"Sensitivity | Removed policies except for H2 tax reduction";"Diesel"
"OPEX";"Taxes";"NL";"Excise Duty - Diesel";"Rigid";"PROG";"EUR/kWh";2035;"0.053";"Sensitivity | Removed policies except for H2 tax reduction";"Diesel"
"OPEX";"Taxes";"NL";"Excise Duty - Diesel";"Tractor-Trailer";"PROG";"EUR/kWh";2035;"0.053";"Sensitivity | Removed policies except for H2 tax reduction";"Diesel"
"OPEX";"Taxes";"PL";"Excise Duty - Diesel";"Rigid";"BAU";"EUR/kWh";2035;"0.033";"Sensitivity | Removed policies except for H2 tax reduction";"Diesel"
"OPEX";"Taxes";"PL";"Excise Duty - Diesel";"Tractor-Trailer";"BAU";"EUR/kWh";2035;"0.033";"Sensitivity | Removed policies except for H2 tax reduction";"Diesel"
"OPEX";"Taxes";"PL";"Excise Duty - Diesel";"Rigid";"PROG";"EUR/kWh";2035;"0.033";"Sensitivity | Removed policies except for H2 tax reduction";"Diesel"
"OPEX";"Taxes";"PL";"Excise Duty - Diesel";"Tractor-Trailer";"PROG";"EUR/kWh";2035;"0.033";"Sensitivity | Removed policies except for H2 tax reduction";"Diesel"
"OPEX";"Taxes";"UK";"Excise Duty - Diesel";"Rigid";"BAU";"EUR/kWh";2035;"0.053";"Sensitivity | Removed policies except for H2 tax reduction";"Diesel"
"OPEX";"Taxes";"UK";"Excise Duty - Diesel";"Tractor-Trailer";"BAU";"EUR/kWh";2035;"0.053";"Sensitivity | Removed policies except for H2 tax reduction";"Diesel"
"OPEX";"Taxes";"UK";"Excise Duty - Diesel";"Rigid";"PROG";"EUR/kWh";2035;"0.053";"Sensitivity | Removed policies except for H2 tax reduction";"Diesel"
"OPEX";"Taxes";"UK";"Excise Duty - Diesel";"Tractor-Trailer";"PROG";"EUR/kWh";2035;"0.053";"Sensitivity | Removed policies except for H2 tax reduction";"Diesel"
"OPEX";"Taxes";"DE";"Excise Duty - Reduction biodiesel";"Rigid";"BAU";"%";2035;"0.5";"Sensitivity | Removed policies except for H2 tax reduction";"Diesel"
"OPEX";"Taxes";"DE";"Excise Duty - Reduction biodiesel";"Tractor-Trailer";"BAU";"%";2035;"0.5";"Sensitivity | Removed policies except for H2 tax reduction";"Diesel"
"OPEX";"Taxes";"DE";"Excise Duty - Reduction biodiesel";"Rigid";"PROG";"%";2035;"0.5";"Sensitivity | Removed policies except for H2 tax reduction";"Diesel"
"OPEX";"Taxes";"DE";"Excise Duty - Reduction biodiesel";"Tractor-Trailer";"PROG";"%";2035;"0.5";"Sensitivity | Removed policies except for H2 tax reduction";"Diesel"
"OPEX";"Taxes";"ES";"Excise Duty - Reduction biodiesel";"Rigid";"BAU";"%";2035;"0.5";"Sensitivity | Removed policies except for H2 tax reduction";"Diesel"
"OPEX";"Taxes";"ES";"Excise Duty - Reduction biodiesel";"Tractor-Trailer";"BAU";"%";2035;"0.5";"Sensitivity | Removed policies except for H2 tax reduction";"Diesel"
"OPEX";"Taxes";"ES";"Excise Duty - Reduction biodiesel";"Rigid";"PROG";"%";2035;"0.5";"Sensitivity | Removed policies except for H2 tax reduction";"Diesel"
"OPEX";"Taxes";"ES";"Excise Duty - Reduction biodiesel";"Tractor-Trailer";"PROG";"%";2035;"0.5";"Sensitivity | Removed policies except for H2 tax reduction";"Diesel"
"OPEX";"Taxes";"FR";"Excise Duty - Reduction biodiesel";"Rigid";"BAU";"%";2035;"0.5";"Sensitivity | Removed policies except for H2 tax reduction";"Diesel"
"OPEX";"Taxes";"FR";"Excise Duty - Reduction biodiesel";"Tractor-Trailer";"BAU";"%";2035;"0.5";"Sensitivity | Removed policies except for H2 tax reduction";"Diesel"
"OPEX";"Taxes";"FR";"Excise Duty - Reduction biodiesel";"Rigid";"PROG";"%";2035;"0.5";"Sensitivity | Removed policies except for H2 tax reduction";"Diesel"
"OPEX";"Taxes";"FR";"Excise Duty - Reduction biodiesel";"Tractor-Trailer";"PROG";"%";2035;"0.5";"Sensitivity | Removed policies except for H2 tax reduction";"Diesel"
"OPEX";"Taxes";"IT";"Excise Duty - Reduction biodiesel";"Rigid";"BAU";"%";2035;"0.5";"Sensitivity | Removed policies except for H2 tax reduction";"Diesel"
"OPEX";"Taxes";"IT";"Excise Duty - Reduction biodiesel";"Tractor-Trailer";"BAU";"%";2035;"0.5";"Sensitivity | Removed policies except for H2 tax reduction";"Diesel"
"OPEX";"Taxes";"IT";"Excise Duty - Reduction biodiesel";"Rigid";"PROG";"%";2035;"0.5";"Sensitivity | Removed policies except for H2 tax reduction";"Diesel"
"OPEX";"Taxes";"IT";"Excise Duty - Reduction biodiesel";"Tractor-Trailer";"PROG";"%";2035;"0.5";"Sensitivity | Removed policies except for H2 tax reduction";"Diesel"
"OPEX";"Taxes";"NL";"Excise Duty - Reduction biodiesel";"Rigid";"BAU";"%";2035;"0.5";"Sensitivity | Removed policies except for H2 tax reduction";"Diesel"
"OPEX";"Taxes";"NL";"Excise Duty - Reduction biodiesel";"Tractor-Trailer";"BAU";"%";2035;"0.5";"Sensitivity | Removed policies except for H2 tax reduction";"Diesel"
"OPEX";"Taxes";"NL";"Excise Duty - Reduction biodiesel";"Rigid";"PROG";"%";2035;"0.5";"Sensitivity | Removed policies except for H2 tax reduction";"Diesel"
"OPEX";"Taxes";"NL";"Excise Duty - Reduction biodiesel";"Tractor-Trailer";"PROG";"%";2035;"0.5";"Sensitivity | Removed policies except for H2 tax reduction";"Diesel"
"OPEX";"Taxes";"PL";"Excise Duty - Reduction biodiesel";"Rigid";"BAU";"%";2035;"0.5";"Sensitivity | Removed policies except for H2 tax reduction";"Diesel"
"OPEX";"Taxes";"PL";"Excise Duty - Reduction biodiesel";"Tractor-Trailer";"BAU";"%";2035;"0.5";"Sensitivity | Removed policies except for H2 tax reduction";"Diesel"
"OPEX";"Taxes";"PL";"Excise Duty - Reduction biodiesel";"Rigid";"PROG";"%";2035;"0.5";"Sensitivity | Removed policies except for H2 tax reduction";"Diesel"
"OPEX";"Taxes";"PL";"Excise Duty - Reduction biodiesel";"Tractor-Trailer";"PROG";"%";2035;"0.5";"Sensitivity | Removed policies except for H2 tax reduction";"Diesel"
"OPEX";"Taxes";"UK";"Excise Duty - Reduction biodiesel";"Rigid";"BAU";"%";2035;"0.5";"Sensitivity | Removed policies except for H2 tax reduction";"Diesel"
"OPEX";"Taxes";"UK";"Excise Duty - Reduction biodiesel";"Tractor-Trailer";"BAU";"%";2035;"0.5";"Sensitivity | Removed policies except for H2 tax reduction";"Diesel"
"OPEX";"Taxes";"UK";"Excise Duty - Reduction biodiesel";"Rigid";"PROG";"%";2035;"0.5";"Sensitivity | Removed policies except for H2 tax reduction";"Diesel"
"OPEX";"Taxes";"UK";"Excise Duty - Reduction biodiesel";"Tractor-Trailer";"PROG";"%";2035;"0.5";"Sensitivity | Removed policies except for H2 tax reduction";"Diesel"
"OPEX";"Taxes";"DE";"Excise Duty - Reduction Synthetic Diesel (E-Fuels)";"Rigid";"BAU";"%";2035;"0.5";"Sensitivity | Removed policies except for H2 tax reduction";"Diesel"
"OPEX";"Taxes";"DE";"Excise Duty - Reduction Synthetic Diesel (E-Fuels)";"Tractor-Trailer";"BAU";"%";2035;"0.5";"Sensitivity | Removed policies except for H2 tax reduction";"Diesel"
"OPEX";"Taxes";"DE";"Excise Duty - Reduction Synthetic Diesel (E-Fuels)";"Rigid";"PROG";"%";2035;"0.5";"Sensitivity | Removed policies except for H2 tax reduction";"Diesel"
"OPEX";"Taxes";"DE";"Excise Duty - Reduction Synthetic Diesel (E-Fuels)";"Tractor-Trailer";"PROG";"%";2035;"0.5";"Sensitivity | Removed policies except for H2 tax reduction";"Diesel"
"OPEX";"Taxes";"ES";"Excise Duty - Reduction Synthetic Diesel (E-Fuels)";"Rigid";"BAU";"%";2035;"0.5";"Sensitivity | Removed policies except for H2 tax reduction";"Diesel"
"OPEX";"Taxes";"ES";"Excise Duty - Reduction Synthetic Diesel (E-Fuels)";"Tractor-Trailer";"BAU";"%";2035;"0.5";"Sensitivity | Removed policies except for H2 tax reduction";"Diesel"
"OPEX";"Taxes";"ES";"Excise Duty - Reduction Synthetic Diesel (E-Fuels)";"Rigid";"PROG";"%";2035;"0.5";"Sensitivity | Removed policies except for H2 tax reduction";"Diesel"
"OPEX";"Taxes";"ES";"Excise Duty - Reduction Synthetic Diesel (E-Fuels)";"Tractor-Trailer";"PROG";"%";2035;"0.5";"Sensitivity | Removed policies except for H2 tax reduction";"Diesel"
"OPEX";"Taxes";"FR";"Excise Duty - Reduction Synthetic Diesel (E-Fuels)";"Rigid";"BAU";"%";2035;"0.5";"Sensitivity | Removed policies except for H2 tax reduction";"Diesel"
"OPEX";"Taxes";"FR";"Excise Duty - Reduction Synthetic Diesel (E-Fuels)";"Tractor-Trailer";"BAU";"%";2035;"0.5";"Sensitivity | Removed policies except for H2 tax reduction";"Diesel"
"OPEX";"Taxes";"FR";"Excise Duty - Reduction Synthetic Diesel (E-Fuels)";"Rigid";"PROG";"%";2035;"0.5";"Sensitivity | Removed policies except for H2 tax reduction";"Diesel"
"OPEX";"Taxes";"FR";"Excise Duty - Reduction Synthetic Diesel (E-Fuels)";"Tractor-Trailer";"PROG";"%";2035;"0.5";"Sensitivity | Removed policies except for H2 tax reduction";"Diesel"
"OPEX";"Taxes";"IT";"Excise Duty - Reduction Synthetic Diesel (E-Fuels)";"Rigid";"BAU";"%";2035;"0.5";"Sensitivity | Removed policies except for H2 tax reduction";"Diesel"
"OPEX";"Taxes";"IT";"Excise Duty - Reduction Synthetic Diesel (E-Fuels)";"Tractor-Trailer";"BAU";"%";2035;"0.5";"Sensitivity | Removed policies except for H2 tax reduction";"Diesel"
"OPEX";"Taxes";"IT";"Excise Duty - Reduction Synthetic Diesel (E-Fuels)";"Rigid";"PROG";"%";2035;"0.5";"Sensitivity | Removed policies except for H2 tax reduction";"Diesel"
"OPEX";"Taxes";"IT";"Excise Duty - Reduction Synthetic Diesel (E-Fuels)";"Tractor-Trailer";"PROG";"%";2035;"0.5";"Sensitivity | Removed policies except for H2 tax reduction";"Diesel"
"OPEX";"Taxes";"NL";"Excise Duty - Reduction Synthetic Diesel (E-Fuels)";"Rigid";"BAU";"%";2035;"0.5";"Sensitivity | Removed policies except for H2 tax reduction";"Diesel"
"OPEX";"Taxes";"NL";"Excise Duty - Reduction Synthetic Diesel (E-Fuels)";"Tractor-Trailer";"BAU";"%";2035;"0.5";"Sensitivity | Removed policies except for H2 tax reduction";"Diesel"
"OPEX";"Taxes";"NL";"Excise Duty - Reduction Synthetic Diesel (E-Fuels)";"Rigid";"PROG";"%";2035;"0.5";"Sensitivity | Removed policies except for H2 tax reduction";"Diesel"
"OPEX";"Taxes";"NL";"Excise Duty - Reduction Synthetic Diesel (E-Fuels)";"Tractor-Trailer";"PROG";"%";2035;"0.5";"Sensitivity | Removed policies except for H2 tax reduction";"Diesel"
"OPEX";"Taxes";"PL";"Excise Duty - Reduction Synthetic Diesel (E-Fuels)";"Rigid";"BAU";"%";2035;"0.5";"Sensitivity | Removed policies except for H2 tax reduction";"Diesel"
"OPEX";"Taxes";"PL";"Excise Duty - Reduction Synthetic Diesel (E-Fuels)";"Tractor-Trailer";"BAU";"%";2035;"0.5";"Sensitivity | Removed policies except for H2 tax reduction";"Diesel"
"OPEX";"Taxes";"PL";"Excise Duty - Reduction Synthetic Diesel (E-Fuels)";"Rigid";"PROG";"%";2035;"0.5";"Sensitivity | Removed policies except for H2 tax reduction";"Diesel"
"OPEX";"Taxes";"PL";"Excise Duty - Reduction Synthetic Diesel (E-Fuels)";"Tractor-Trailer";"PROG";"%";2035;"0.5";"Sensitivity | Removed policies except for H2 tax reduction";"Diesel"
"OPEX";"Taxes";"UK";"Excise Duty - Reduction Synthetic Diesel (E-Fuels)";"Rigid";"BAU";"%";2035;"0.5";"Sensitivity | Removed policies except for H2 tax reduction";"Diesel"
"OPEX";"Taxes";"UK";"Excise Duty - Reduction Synthetic Diesel (E-Fuels)";"Tractor-Trailer";"BAU";"%";2035;"0.5";"Sensitivity | Removed policies except for H2 tax reduction";"Diesel"
"OPEX";"Taxes";"UK";"Excise Duty - Reduction Synthetic Diesel (E-Fuels)";"Rigid";"PROG";"%";2035;"0.5";"Sensitivity | Removed policies except for H2 tax reduction";"Diesel"
"OPEX";"Taxes";"UK";"Excise Duty - Reduction Synthetic Diesel (E-Fuels)";"Tractor-Trailer";"PROG";"%";2035;"0.5";"Sensitivity | Removed policies except for H2 tax reduction";"Diesel"
"OPEX";"Taxes";"DE";"Taxes, Fees, Levies and charges - H2";"Rigid";"BAU";"EUR/kWh";2035;"0.015";"Sensitivity | Removed policies except for H2 tax reduction";"Hydrogen"
"OPEX";"Taxes";"DE";"Taxes, Fees, Levies and charges - H2";"Tractor-Trailer";"BAU";"EUR/kWh";2035;"0.015";"Sensitivity | Removed policies except for H2 tax reduction";"Hydrogen"
"OPEX";"Taxes";"DE";"Taxes, Fees, Levies and charges - H2";"Rigid";"PROG";"EUR/kWh";2035;"0.015";"Sensitivity | Removed policies except for H2 tax reduction";"Hydrogen"
"OPEX";"Taxes";"DE";"Taxes, Fees, Levies and charges - H2";"Tractor-Trailer";"PROG";"EUR/kWh";2035;"0.015";"Sensitivity | Removed policies except for H2 tax reduction";"Hydrogen"
"OPEX";"Taxes";"ES";"Taxes, Fees, Levies and charges - H2";"Rigid";"BAU";"EUR/kWh";2035;"0.008";"Sensitivity | Removed policies except for H2 tax reduction";"Hydrogen"
"OPEX";"Taxes";"ES";"Taxes, Fees, Levies and charges - H2";"Tractor-Trailer";"BAU";"EUR/kWh";2035;"0.008";"Sensitivity | Removed policies except for H2 tax reduction";"Hydrogen"
"OPEX";"Taxes";"ES";"Taxes, Fees, Levies and charges - H2";"Rigid";"PROG";"EUR/kWh";2035;"0.008";"Sensitivity | Removed policies except for H2 tax reduction";"Hydrogen"
"OPEX";"Taxes";"ES";"Taxes, Fees, Levies and charges - H2";"Tractor-Trailer";"PROG";"EUR/kWh";2035;"0.008";"Sensitivity | Removed policies except for H2 tax reduction";"Hydrogen"
"OPEX";"Taxes";"FR";"Taxes, Fees, Levies and charges - H2";"Rigid";"BAU";"EUR/kWh";2035;"0.012";"Sensitivity | Removed policies except for H2 tax reduction";"Hydrogen"
"OPEX";"Taxes";"FR";"Taxes, Fees, Levies and charges - H2";"Tractor-Trailer";"BAU";"EUR/kWh";2035;"0.012";"Sensitivity | Removed policies except for H2 tax reduction";"Hydrogen"
"OPEX";"Taxes";"FR";"Taxes, Fees, Levies and charges - H2";"Rigid";"PROG";"EUR/kWh";2035;"0.012";"Sensitivity | Removed policies except for H2 tax reduction";"Hydrogen"
"OPEX";"Taxes";"FR";"Taxes, Fees, Levies and charges - H2";"Tractor-Trailer";"PROG";"EUR/kWh";2035;"0.012";"Sensitivity | Removed policies except for H2 tax reduction";"Hydrogen"
"OPEX";"Taxes";"IT";"Taxes, Fees, Levies and charges - H2";"Rigid";"BAU";"EUR/kWh";2035;"0.009";"Sensitivity | Removed policies except for H2 tax reduction";"Hydrogen"
"OPEX";"Taxes";"IT";"Taxes, Fees, Levies and charges - H2";"Tractor-Trailer";"BAU";"EUR/kWh";2035;"0.009";"Sensitivity | Removed policies except for H2 tax reduction";"Hydrogen"
"OPEX";"Taxes";"IT";"Taxes, Fees, Levies and charges - H2";"Rigid";"PROG";"EUR/kWh";2035;"0.009";"Sensitivity | Removed policies except for H2 tax reduction";"Hydrogen"
"OPEX";"Taxes";"IT";"Taxes, Fees, Levies and charges - H2";"Tractor-Trailer";"PROG";"EUR/kWh";2035;"0.009";"Sensitivity | Removed policies except for H2 tax reduction";"Hydrogen"
"OPEX";"Taxes";"NL";"Taxes, Fees, Levies and charges - H2";"Rigid";"BAU";"EUR/kWh";2035;"0.024";"Sensitivity | Removed policies except for H2 tax reduction";"Hydrogen"
"OPEX";"Taxes";"NL";"Taxes, Fees, Levies and charges - H2";"Tractor-Trailer";"BAU";"EUR/kWh";2035;"0.024";"Sensitivity | Removed policies except for H2 tax reduction";"Hydrogen"
"OPEX";"Taxes";"NL";"Taxes, Fees, Levies and charges - H2";"Rigid";"PROG";"EUR/kWh";2035;"0.024";"Sensitivity | Removed policies except for H2 tax reduction";"Hydrogen"
"OPEX";"Taxes";"NL";"Taxes, Fees, Levies and charges - H2";"Tractor-Trailer";"PROG";"EUR/kWh";2035;"0.024";"Sensitivity | Removed policies except for H2 tax reduction";"Hydrogen"
"OPEX";"Taxes";"PL";"Taxes, Fees, Levies and charges - H2";"Rigid";"BAU";"EUR/kWh";2035;"0.009";"Sensitivity | Removed policies except for H2 tax reduction";"Hydrogen"
"OPEX";"Taxes";"PL";"Taxes, Fees, Levies and charges - H2";"Tractor-Trailer";"BAU";"EUR/kWh";2035;"0.009";"Sensitivity | Removed policies except for H2 tax reduction";"Hydrogen"
"OPEX";"Taxes";"PL";"Taxes, Fees, Levies and charges - H2";"Rigid";"PROG";"EUR/kWh";2035;"0.009";"Sensitivity | Removed policies except for H2 tax reduction";"Hydrogen"
"OPEX";"Taxes";"PL";"Taxes, Fees, Levies and charges - H2";"Tractor-Trailer";"PROG";"EUR/kWh";2035;"0.009";"Sensitivity | Removed policies except for H2 tax reduction";"Hydrogen"
"OPEX";"Taxes";"UK";"Taxes, Fees, Levies and charges - H2";"Rigid";"BAU";"EUR/kWh";2035;"0.006";"Sensitivity | Removed policies except for H2 tax reduction";"Hydrogen"
"OPEX";"Taxes";"UK";"Taxes, Fees, Levies and charges - H2";"Tractor-Trailer";"BAU";"EUR/kWh";2035;"0.006";"Sensitivity | Removed policies except for H2 tax reduction";"Hydrogen"
"OPEX";"Taxes";"UK";"Taxes, Fees, Levies and charges - H2";"Rigid";"PROG";"EUR/kWh";2035;"0.006";"Sensitivity | Removed policies except for H2 tax reduction";"Hydrogen"
"OPEX";"Taxes";"UK";"Taxes, Fees, Levies and charges - H2";"Tractor-Trailer";"PROG";"EUR/kWh";2035;"0.006";"Sensitivity | Removed policies except for H2 tax reduction";"Hydrogen"
"OPEX";"Charging Infrastructure";"DE";"MCS grid extension";"Rigid";"PROG";"EUR/kWh";2035;"0.065";"Sensitivity | Removed policies except for H2 tax reduction";"Electricity"
"OPEX";"Charging Infrastructure";"DE";"MCS grid extension";"Tractor-Trailer";"PROG";"EUR/kWh";2035;"0.065";"Sensitivity | Removed policies except for H2 tax reduction";"Electricity"
"OPEX";"Charging Infrastructure";"DE";"MCS grid extension";"Rigid";"BAU";"EUR/kWh";2035;"0.065";"Sensitivity | Removed policies except for H2 tax reduction";"Electricity"
"OPEX";"Charging Infrastructure";"DE";"MCS grid extension";"Tractor-Trailer";"BAU";"EUR/kWh";2035;"0.065";"Sensitivity | Removed policies except for H2 tax reduction";"Electricity"
"OPEX";"Charging Infrastructure";"ES";"MCS grid extension";"Rigid";"PROG";"EUR/kWh";2035;"0.065";"Sensitivity | Removed policies except for H2 tax reduction";"Electricity"
"OPEX";"Charging Infrastructure";"ES";"MCS grid extension";"Tractor-Trailer";"PROG";"EUR/kWh";2035;"0.065";"Sensitivity | Removed policies except for H2 tax reduction";"Electricity"
"OPEX";"Charging Infrastructure";"ES";"MCS grid extension";"Rigid";"BAU";"EUR/kWh";2035;"0.065";"Sensitivity | Removed policies except for H2 tax reduction";"Electricity"
"OPEX";"Charging Infrastructure";"ES";"MCS grid extension";"Tractor-Trailer";"BAU";"EUR/kWh";2035;"0.065";"Sensitivity | Removed policies except for H2 tax reduction";"Electricity"
"OPEX";"Charging Infrastructure";"FR";"MCS grid extension";"Rigid";"PROG";"EUR/kWh";2035;"0.065";"Sensitivity | Removed policies except for H2 tax reduction";"Electricity"
"OPEX";"Charging Infrastructure";"FR";"MCS grid extension";"Tractor-Trailer";"PROG";"EUR/kWh";2035;"0.065";"Sensitivity | Removed policies except for H2 tax reduction";"Electricity"
"OPEX";"Charging Infrastructure";"FR";"MCS grid extension";"Rigid";"BAU";"EUR/kWh";2035;"0.065";"Sensitivity | Removed policies except for H2 tax reduction";"Electricity"
"OPEX";"Charging Infrastructure";"FR";"MCS grid extension";"Tractor-Trailer";"BAU";"EUR/kWh";2035;"0.065";"Sensitivity | Removed policies except for H2 tax reduction";"Electricity"
"OPEX";"Charging Infrastructure";"IT";"MCS grid extension";"Rigid";"PROG";"EUR/kWh";2035;"0.065";"Sensitivity | Removed policies except for H2 tax reduction";"Electricity"
"OPEX";"Charging Infrastructure";"IT";"MCS grid extension";"Tractor-Trailer";"PROG";"EUR/kWh";2035;"0.065";"Sensitivity | Removed policies except for H2 tax reduction";"Electricity"
"OPEX";"Charging Infrastructure";"IT";"MCS grid extension";"Rigid";"BAU";"EUR/kWh";2035;"0.065";"Sensitivity | Removed policies except for H2 tax reduction";"Electricity"
"OPEX";"Charging Infrastructure";"IT";"MCS grid extension";"Tractor-Trailer";"BAU";"EUR/kWh";2035;"0.065";"Sensitivity | Removed policies except for H2 tax reduction";"Electricity"
"OPEX";"Charging Infrastructure";"NL";"MCS grid extension";"Rigid";"PROG";"EUR/kWh";2035;"0.065";"Sensitivity | Removed policies except for H2 tax reduction";"Electricity"
"OPEX";"Charging Infrastructure";"NL";"MCS grid extension";"Tractor-Trailer";"PROG";"EUR/kWh";2035;"0.065";"Sensitivity | Removed policies except for H2 tax reduction";"Electricity"
"OPEX";"Charging Infrastructure";"NL";"MCS grid extension";"Rigid";"BAU";"EUR/kWh";2035;"0.065";"Sensitivity | Removed policies except for H2 tax reduction";"Electricity"
"OPEX";"Charging Infrastructure";"NL";"MCS grid extension";"Tractor-Trailer";"BAU";"EUR/kWh";2035;"0.065";"Sensitivity | Removed policies except for H2 tax reduction";"Electricity"
"OPEX";"Charging Infrastructure";"PL";"MCS grid extension";"Rigid";"PROG";"EUR/kWh";2035;"0.065";"Sensitivity | Removed policies except for H2 tax reduction";"Electricity"
"OPEX";"Charging Infrastructure";"PL";"MCS grid extension";"Tractor-Trailer";"PROG";"EUR/kWh";2035;"0.065";"Sensitivity | Removed policies except for H2 tax reduction";"Electricity"
"OPEX";"Charging Infrastructure";"PL";"MCS grid extension";"Rigid";"BAU";"EUR/kWh";2035;"0.065";"Sensitivity | Removed policies except for H2 tax reduction";"Electricity"
"OPEX";"Charging Infrastructure";"PL";"MCS grid extension";"Tractor-Trailer";"BAU";"EUR/kWh";2035;"0.065";"Sensitivity | Removed policies except for H2 tax reduction";"Electricity"
"OPEX";"Charging Infrastructure";"UK";"MCS grid extension";"Rigid";"PROG";"EUR/kWh";2035;"0.065";"Sensitivity | Removed policies except for H2 tax reduction";"Electricity"
"OPEX";"Charging Infrastructure";"UK";"MCS grid extension";"Tractor-Trailer";"PROG";"EUR/kWh";2035;"0.065";"Sensitivity | Removed policies except for H2 tax reduction";"Electricity"
"OPEX";"Charging Infrastructure";"UK";"MCS grid extension";"Rigid";"BAU";"EUR/kWh";2035;"0.065";"Sensitivity | Removed policies except for H2 tax reduction";"Electricity"
"OPEX";"Charging Infrastructure";"UK";"MCS grid extension";"Tractor-Trailer";"BAU";"EUR/kWh";2035;"0.065";"Sensitivity | Removed policies except for H2 tax reduction";"Electricity"
"OPEX";"Charging Infrastructure";"DE";"MCS Profit and Mark-Up";"Rigid";"PROG";"%";2035;"0.1";"Sensitivity | Removed policies except for H2 tax reduction";"Electricity"
"OPEX";"Charging Infrastructure";"DE";"MCS Profit and Mark-Up";"Tractor-Trailer";"PROG";"%";2035;"0.1";"Sensitivity | Removed policies except for H2 tax reduction";"Electricity"
"OPEX";"Charging Infrastructure";"DE";"MCS Profit and Mark-Up";"Rigid";"BAU";"%";2035;"0.1";"Sensitivity | Removed policies except for H2 tax reduction";"Electricity"
"OPEX";"Charging Infrastructure";"DE";"MCS Profit and Mark-Up";"Tractor-Trailer";"BAU";"%";2035;"0.1";"Sensitivity | Removed policies except for H2 tax reduction";"Electricity"
"OPEX";"Charging Infrastructure";"ES";"MCS Profit and Mark-Up";"Rigid";"PROG";"%";2035;"0.1";"Sensitivity | Removed policies except for H2 tax reduction";"Electricity"
"OPEX";"Charging Infrastructure";"ES";"MCS Profit and Mark-Up";"Tractor-Trailer";"PROG";"%";2035;"0.1";"Sensitivity | Removed policies except for H2 tax reduction";"Electricity"
"OPEX";"Charging Infrastructure";"ES";"MCS Profit and Mark-Up";"Rigid";"BAU";"%";2035;"0.1";"Sensitivity | Removed policies except for H2 tax reduction";"Electricity"
"OPEX";"Charging Infrastructure";"ES";"MCS Profit and Mark-Up";"Tractor-Trailer";"BAU";"%";2035;"0.1";"Sensitivity | Removed policies except for H2 tax reduction";"Electricity"
"OPEX";"Charging Infrastructure";"FR";"MCS Profit and Mark-Up";"Rigid";"PROG";"%";2035;"0.1";"Sensitivity | Removed policies except for H2 tax reduction";"Electricity"
"OPEX";"Charging Infrastructure";"FR";"MCS Profit and Mark-Up";"Tractor-Trailer";"PROG";"%";2035;"0.1";"Sensitivity | Removed policies except for H2 tax reduction";"Electricity"
"OPEX";"Charging Infrastructure";"FR";"MCS Profit and Mark-Up";"Rigid";"BAU";"%";2035;"0.1";"Sensitivity | Removed policies except for H2 tax reduction";"Electricity"
"OPEX";"Charging Infrastructure";"FR";"MCS Profit and Mark-Up";"Tractor-Trailer";"BAU";"%";2035;"0.1";"Sensitivity | Removed policies except for H2 tax reduction";"Electricity"
"OPEX";"Charging Infrastructure";"IT";"MCS Profit and Mark-Up";"Rigid";"PROG";"%";2035;"0.1";"Sensitivity | Removed policies except for H2 tax reduction";"Electricity"
"OPEX";"Charging Infrastructure";"IT";"MCS Profit and Mark-Up";"Tractor-Trailer";"PROG";"%";2035;"0.1";"Sensitivity | Removed policies except for H2 tax reduction";"Electricity"
"OPEX";"Charging Infrastructure";"IT";"MCS Profit and Mark-Up";"Rigid";"BAU";"%";2035;"0.1";"Sensitivity | Removed policies except for H2 tax reduction";"Electricity"
"OPEX";"Charging Infrastructure";"IT";"MCS Profit and Mark-Up";"Tractor-Trailer";"BAU";"%";2035;"0.1";"Sensitivity | Removed policies except for H2 tax reduction";"Electricity"
"OPEX";"Charging Infrastructure";"NL";"MCS Profit and Mark-Up";"Rigid";"PROG";"%";2035;"0.1";"Sensitivity | Removed policies except for H2 tax reduction";"Electricity"
"OPEX";"Charging Infrastructure";"NL";"MCS Profit and Mark-Up";"Tractor-Trailer";"PROG";"%";2035;"0.1";"Sensitivity | Removed policies except for H2 tax reduction";"Electricity"
"OPEX";"Charging Infrastructure";"NL";"MCS Profit and Mark-Up";"Rigid";"BAU";"%";2035;"0.1";"Sensitivity | Removed policies except for H2 tax reduction";"Electricity"
"OPEX";"Charging Infrastructure";"NL";"MCS Profit and Mark-Up";"Tractor-Trailer";"BAU";"%";2035;"0.1";"Sensitivity | Removed policies except for H2 tax reduction";"Electricity"
"OPEX";"Charging Infrastructure";"PL";"MCS Profit and Mark-Up";"Rigid";"PROG";"%";2035;"0.1";"Sensitivity | Removed policies except for H2 tax reduction";"Electricity"
"OPEX";"Charging Infrastructure";"PL";"MCS Profit and Mark-Up";"Tractor-Trailer";"PROG";"%";2035;"0.1";"Sensitivity | Removed policies except for H2 tax reduction";"Electricity"
"OPEX";"Charging Infrastructure";"PL";"MCS Profit and Mark-Up";"Rigid";"BAU";"%";2035;"0.1";"Sensitivity | Removed policies except for H2 tax reduction";"Electricity"
"OPEX";"Charging Infrastructure";"PL";"MCS Profit and Mark-Up";"Tractor-Trailer";"BAU";"%";2035;"0.1";"Sensitivity | Removed policies except for H2 tax reduction";"Electricity"
"OPEX";"Charging Infrastructure";"UK";"MCS Profit and Mark-Up";"Rigid";"PROG";"%";2035;"0.1";"Sensitivity | Removed policies except for H2 tax reduction";"Electricity"
"OPEX";"Charging Infrastructure";"UK";"MCS Profit and Mark-Up";"Tractor-Trailer";"PROG";"%";2035;"0.1";"Sensitivity | Removed policies except for H2 tax reduction";"Electricity"
"OPEX";"Charging Infrastructure";"UK";"MCS Profit and Mark-Up";"Rigid";"BAU";"%";2035;"0.1";"Sensitivity | Removed policies except for H2 tax reduction";"Electricity"
"OPEX";"Charging Infrastructure";"UK";"MCS Profit and Mark-Up";"Tractor-Trailer";"BAU";"%";2035;"0.1";"Sensitivity | Removed policies except for H2 tax reduction";"Electricity"
"OPEX";"Charging Infrastructure";"DE";"CCS Station (Depot) - Incl. Overhead";"Rigid";"PROG";"EUR/kWh";2035;"0.027";"Sensitivity | Removed policies except for H2 tax reduction";"Electricity"
"OPEX";"Charging Infrastructure";"DE";"CCS Station (Depot) - Incl. Overhead";"Tractor-Trailer";"PROG";"EUR/kWh";2035;"0.027";"Sensitivity | Removed policies except for H2 tax reduction";"Electricity"
"OPEX";"Charging Infrastructure";"DE";"CCS Station (Depot) - Incl. Overhead";"Rigid";"BAU";"EUR/kWh";2035;"0.027";"Sensitivity | Removed policies except for H2 tax reduction";"Electricity"
"OPEX";"Charging Infrastructure";"DE";"CCS Station (Depot) - Incl. Overhead";"Tractor-Trailer";"BAU";"EUR/kWh";2035;"0.027";"Sensitivity | Removed policies except for H2 tax reduction";"Electricity"
"OPEX";"Charging Infrastructure";"ES";"CCS Station (Depot) - Incl. Overhead";"Rigid";"PROG";"EUR/kWh";2035;"0.027";"Sensitivity | Removed policies except for H2 tax reduction";"Electricity"
"OPEX";"Charging Infrastructure";"ES";"CCS Station (Depot) - Incl. Overhead";"Tractor-Trailer";"PROG";"EUR/kWh";2035;"0.027";"Sensitivity | Removed policies except for H2 tax reduction";"Electricity"
"OPEX";"Charging Infrastructure";"ES";"CCS Station (Depot) - Incl. Overhead";"Rigid";"BAU";"EUR/kWh";2035;"0.027";"Sensitivity | Removed policies except for H2 tax reduction";"Electricity"
"OPEX";"Charging Infrastructure";"ES";"CCS Station (Depot) - Incl. Overhead";"Tractor-Trailer";"BAU";"EUR/kWh";2035;"0.027";"Sensitivity | Removed policies except for H2 tax reduction";"Electricity"
"OPEX";"Charging Infrastructure";"FR";"CCS Station (Depot) - Incl. Overhead";"Rigid";"PROG";"EUR/kWh";2035;"0.027";"Sensitivity | Removed policies except for H2 tax reduction";"Electricity"
"OPEX";"Charging Infrastructure";"FR";"CCS Station (Depot) - Incl. Overhead";"Tractor-Trailer";"PROG";"EUR/kWh";2035;"0.027";"Sensitivity | Removed policies except for H2 tax reduction";"Electricity"
"OPEX";"Charging Infrastructure";"FR";"CCS Station (Depot) - Incl. Overhead";"Rigid";"BAU";"EUR/kWh";2035;"0.027";"Sensitivity | Removed policies except for H2 tax reduction";"Electricity"
"OPEX";"Charging Infrastructure";"FR";"CCS Station (Depot) - Incl. Overhead";"Tractor-Trailer";"BAU";"EUR/kWh";2035;"0.027";"Sensitivity | Removed policies except for H2 tax reduction";"Electricity"
"OPEX";"Charging Infrastructure";"IT";"CCS Station (Depot) - Incl. Overhead";"Rigid";"PROG";"EUR/kWh";2035;"0.027";"Sensitivity | Removed policies except for H2 tax reduction";"Electricity"
"OPEX";"Charging Infrastructure";"IT";"CCS Station (Depot) - Incl. Overhead";"Tractor-Trailer";"PROG";"EUR/kWh";2035;"0.027";"Sensitivity | Removed policies except for H2 tax reduction";"Electricity"
"OPEX";"Charging Infrastructure";"IT";"CCS Station (Depot) - Incl. Overhead";"Rigid";"BAU";"EUR/kWh";2035;"0.027";"Sensitivity | Removed policies except for H2 tax reduction";"Electricity"
"OPEX";"Charging Infrastructure";"IT";"CCS Station (Depot) - Incl. Overhead";"Tractor-Trailer";"BAU";"EUR/kWh";2035;"0.027";"Sensitivity | Removed policies except for H2 tax reduction";"Electricity"
"OPEX";"Charging Infrastructure";"NL";"CCS Station (Depot) - Incl. Overhead";"Rigid";"PROG";"EUR/kWh";2035;"0.027";"Sensitivity | Removed policies except for H2 tax reduction";"Electricity"
"OPEX";"Charging Infrastructure";"NL";"CCS Station (Depot) - Incl. Overhead";"Tractor-Trailer";"PROG";"EUR/kWh";2035;"0.027";"Sensitivity | Removed policies except for H2 tax reduction";"Electricity"
"OPEX";"Charging Infrastructure";"NL";"CCS Station (Depot) - Incl. Overhead";"Rigid";"BAU";"EUR/kWh";2035;"0.027";"Sensitivity | Removed policies except for H2 tax reduction";"Electricity"
"OPEX";"Charging Infrastructure";"NL";"CCS Station (Depot) - Incl. Overhead";"Tractor-Trailer";"BAU";"EUR/kWh";2035;"0.027";"Sensitivity | Removed policies except for H2 tax reduction";"Electricity"
"OPEX";"Charging Infrastructure";"PL";"CCS Station (Depot) - Incl. Overhead";"Rigid";"PROG";"EUR/kWh";2035;"0.027";"Sensitivity | Removed policies except for H2 tax reduction";"Electricity"
"OPEX";"Charging Infrastructure";"PL";"CCS Station (Depot) - Incl. Overhead";"Tractor-Trailer";"PROG";"EUR/kWh";2035;"0.027";"Sensitivity | Removed policies except for H2 tax reduction";"Electricity"
"OPEX";"Charging Infrastructure";"PL";"CCS Station (Depot) - Incl. Overhead";"Rigid";"BAU";"EUR/kWh";2035;"0.027";"Sensitivity | Removed policies except for H2 tax reduction";"Electricity"
"OPEX";"Charging Infrastructure";"PL";"CCS Station (Depot) - Incl. Overhead";"Tractor-Trailer";"BAU";"EUR/kWh";2035;"0.027";"Sensitivity | Removed policies except for H2 tax reduction";"Electricity"
"OPEX";"Charging Infrastructure";"UK";"CCS Station (Depot) - Incl. Overhead";"Rigid";"PROG";"EUR/kWh";2035;"0.027";"Sensitivity | Removed policies except for H2 tax reduction";"Electricity"
"OPEX";"Charging Infrastructure";"UK";"CCS Station (Depot) - Incl. Overhead";"Tractor-Trailer";"PROG";"EUR/kWh";2035;"0.027";"Sensitivity | Removed policies except for H2 tax reduction";"Electricity"
"OPEX";"Charging Infrastructure";"UK";"CCS Station (Depot) - Incl. Overhead";"Rigid";"BAU";"EUR/kWh";2035;"0.027";"Sensitivity | Removed policies except for H2 tax reduction";"Electricity"
"OPEX";"Charging Infrastructure";"UK";"CCS Station (Depot) - Incl. Overhead";"Tractor-Trailer";"BAU";"EUR/kWh";2035;"0.027";"Sensitivity | Removed policies except for H2 tax reduction";"Electricity"
"OPEX";"Charging Infrastructure";"DE";"CCS grid extension";"Rigid";"PROG";"EUR/kWh";2035;"0.045";"Sensitivity | Removed policies except for H2 tax reduction";"Electricity"
"OPEX";"Charging Infrastructure";"DE";"CCS grid extension";"Tractor-Trailer";"PROG";"EUR/kWh";2035;"0.045";"Sensitivity | Removed policies except for H2 tax reduction";"Electricity"
"OPEX";"Charging Infrastructure";"DE";"CCS grid extension";"Rigid";"BAU";"EUR/kWh";2035;"0.045";"Sensitivity | Removed policies except for H2 tax reduction";"Electricity"
"OPEX";"Charging Infrastructure";"DE";"CCS grid extension";"Tractor-Trailer";"BAU";"EUR/kWh";2035;"0.045";"Sensitivity | Removed policies except for H2 tax reduction";"Electricity"
"OPEX";"Charging Infrastructure";"ES";"CCS grid extension";"Rigid";"PROG";"EUR/kWh";2035;"0.045";"Sensitivity | Removed policies except for H2 tax reduction";"Electricity"
"OPEX";"Charging Infrastructure";"ES";"CCS grid extension";"Tractor-Trailer";"PROG";"EUR/kWh";2035;"0.045";"Sensitivity | Removed policies except for H2 tax reduction";"Electricity"
"OPEX";"Charging Infrastructure";"ES";"CCS grid extension";"Rigid";"BAU";"EUR/kWh";2035;"0.045";"Sensitivity | Removed policies except for H2 tax reduction";"Electricity"
"OPEX";"Charging Infrastructure";"ES";"CCS grid extension";"Tractor-Trailer";"BAU";"EUR/kWh";2035;"0.045";"Sensitivity | Removed policies except for H2 tax reduction";"Electricity"
"OPEX";"Charging Infrastructure";"FR";"CCS grid extension";"Rigid";"PROG";"EUR/kWh";2035;"0.045";"Sensitivity | Removed policies except for H2 tax reduction";"Electricity"
"OPEX";"Charging Infrastructure";"FR";"CCS grid extension";"Tractor-Trailer";"PROG";"EUR/kWh";2035;"0.045";"Sensitivity | Removed policies except for H2 tax reduction";"Electricity"
"OPEX";"Charging Infrastructure";"FR";"CCS grid extension";"Rigid";"BAU";"EUR/kWh";2035;"0.045";"Sensitivity | Removed policies except for H2 tax reduction";"Electricity"
"OPEX";"Charging Infrastructure";"FR";"CCS grid extension";"Tractor-Trailer";"BAU";"EUR/kWh";2035;"0.045";"Sensitivity | Removed policies except for H2 tax reduction";"Electricity"
"OPEX";"Charging Infrastructure";"IT";"CCS grid extension";"Rigid";"PROG";"EUR/kWh";2035;"0.045";"Sensitivity | Removed policies except for H2 tax reduction";"Electricity"
"OPEX";"Charging Infrastructure";"IT";"CCS grid extension";"Tractor-Trailer";"PROG";"EUR/kWh";2035;"0.045";"Sensitivity | Removed policies except for H2 tax reduction";"Electricity"
"OPEX";"Charging Infrastructure";"IT";"CCS grid extension";"Rigid";"BAU";"EUR/kWh";2035;"0.045";"Sensitivity | Removed policies except for H2 tax reduction";"Electricity"
"OPEX";"Charging Infrastructure";"IT";"CCS grid extension";"Tractor-Trailer";"BAU";"EUR/kWh";2035;"0.045";"Sensitivity | Removed policies except for H2 tax reduction";"Electricity"
"OPEX";"Charging Infrastructure";"NL";"CCS grid extension";"Rigid";"PROG";"EUR/kWh";2035;"0.045";"Sensitivity | Removed policies except for H2 tax reduction";"Electricity"
"OPEX";"Charging Infrastructure";"NL";"CCS grid extension";"Tractor-Trailer";"PROG";"EUR/kWh";2035;"0.045";"Sensitivity | Removed policies except for H2 tax reduction";"Electricity"
"OPEX";"Charging Infrastructure";"NL";"CCS grid extension";"Rigid";"BAU";"EUR/kWh";2035;"0.045";"Sensitivity | Removed policies except for H2 tax reduction";"Electricity"
"OPEX";"Charging Infrastructure";"NL";"CCS grid extension";"Tractor-Trailer";"BAU";"EUR/kWh";2035;"0.045";"Sensitivity | Removed policies except for H2 tax reduction";"Electricity"
"OPEX";"Charging Infrastructure";"PL";"CCS grid extension";"Rigid";"PROG";"EUR/kWh";2035;"0.045";"Sensitivity | Removed policies except for H2 tax reduction";"Electricity"
"OPEX";"Charging Infrastructure";"PL";"CCS grid extension";"Tractor-Trailer";"PROG";"EUR/kWh";2035;"0.045";"Sensitivity | Removed policies except for H2 tax reduction";"Electricity"
"OPEX";"Charging Infrastructure";"PL";"CCS grid extension";"Rigid";"BAU";"EUR/kWh";2035;"0.045";"Sensitivity | Removed policies except for H2 tax reduction";"Electricity"
"OPEX";"Charging Infrastructure";"PL";"CCS grid extension";"Tractor-Trailer";"BAU";"EUR/kWh";2035;"0.045";"Sensitivity | Removed policies except for H2 tax reduction";"Electricity"
"OPEX";"Charging Infrastructure";"UK";"CCS grid extension";"Rigid";"PROG";"EUR/kWh";2035;"0.045";"Sensitivity | Removed policies except for H2 tax reduction";"Electricity"
"OPEX";"Charging Infrastructure";"UK";"CCS grid extension";"Tractor-Trailer";"PROG";"EUR/kWh";2035;"0.045";"Sensitivity | Removed policies except for H2 tax reduction";"Electricity"
"OPEX";"Charging Infrastructure";"UK";"CCS grid extension";"Rigid";"BAU";"EUR/kWh";2035;"0.045";"Sensitivity | Removed policies except for H2 tax reduction";"Electricity"
"OPEX";"Charging Infrastructure";"UK";"CCS grid extension";"Tractor-Trailer";"BAU";"EUR/kWh";2035;"0.045";"Sensitivity | Removed policies except for H2 tax reduction";"Electricity"
"OPEX";"Diesel Infrastructure";"DE";"Total Diesel Mark-Up";"Rigid";"BAU";"EUR/kWh";2035;"0.018";"Sensitivity | Removed policies except for H2 tax reduction";"Diesel"
"OPEX";"Diesel Infrastructure";"DE";"Total Diesel Mark-Up";"Tractor-Trailer";"BAU";"EUR/kWh";2035;"0.018";"Sensitivity | Removed policies except for H2 tax reduction";"Diesel"
"OPEX";"Diesel Infrastructure";"DE";"Total Diesel Mark-Up";"Rigid";"PROG";"EUR/kWh";2035;"0.018";"Sensitivity | Removed policies except for H2 tax reduction";"Diesel"
"OPEX";"Diesel Infrastructure";"DE";"Total Diesel Mark-Up";"Tractor-Trailer";"PROG";"EUR/kWh";2035;"0.018";"Sensitivity | Removed policies except for H2 tax reduction";"Diesel"
"OPEX";"Diesel Infrastructure";"ES";"Total Diesel Mark-Up";"Rigid";"BAU";"EUR/kWh";2035;"0.018";"Sensitivity | Removed policies except for H2 tax reduction";"Diesel"
"OPEX";"Diesel Infrastructure";"ES";"Total Diesel Mark-Up";"Tractor-Trailer";"BAU";"EUR/kWh";2035;"0.018";"Sensitivity | Removed policies except for H2 tax reduction";"Diesel"
"OPEX";"Diesel Infrastructure";"ES";"Total Diesel Mark-Up";"Rigid";"PROG";"EUR/kWh";2035;"0.018";"Sensitivity | Removed policies except for H2 tax reduction";"Diesel"
"OPEX";"Diesel Infrastructure";"ES";"Total Diesel Mark-Up";"Tractor-Trailer";"PROG";"EUR/kWh";2035;"0.018";"Sensitivity | Removed policies except for H2 tax reduction";"Diesel"
"OPEX";"Diesel Infrastructure";"FR";"Total Diesel Mark-Up";"Rigid";"BAU";"EUR/kWh";2035;"0.018";"Sensitivity | Removed policies except for H2 tax reduction";"Diesel"
"OPEX";"Diesel Infrastructure";"FR";"Total Diesel Mark-Up";"Tractor-Trailer";"BAU";"EUR/kWh";2035;"0.018";"Sensitivity | Removed policies except for H2 tax reduction";"Diesel"
"OPEX";"Diesel Infrastructure";"FR";"Total Diesel Mark-Up";"Rigid";"PROG";"EUR/kWh";2035;"0.018";"Sensitivity | Removed policies except for H2 tax reduction";"Diesel"
"OPEX";"Diesel Infrastructure";"FR";"Total Diesel Mark-Up";"Tractor-Trailer";"PROG";"EUR/kWh";2035;"0.018";"Sensitivity | Removed policies except for H2 tax reduction";"Diesel"
"OPEX";"Diesel Infrastructure";"IT";"Total Diesel Mark-Up";"Rigid";"BAU";"EUR/kWh";2035;"0.018";"Sensitivity | Removed policies except for H2 tax reduction";"Diesel"
"OPEX";"Diesel Infrastructure";"IT";"Total Diesel Mark-Up";"Tractor-Trailer";"BAU";"EUR/kWh";2035;"0.018";"Sensitivity | Removed policies except for H2 tax reduction";"Diesel"
"OPEX";"Diesel Infrastructure";"IT";"Total Diesel Mark-Up";"Rigid";"PROG";"EUR/kWh";2035;"0.018";"Sensitivity | Removed policies except for H2 tax reduction";"Diesel"
"OPEX";"Diesel Infrastructure";"IT";"Total Diesel Mark-Up";"Tractor-Trailer";"PROG";"EUR/kWh";2035;"0.018";"Sensitivity | Removed policies except for H2 tax reduction";"Diesel"
"OPEX";"Diesel Infrastructure";"NL";"Total Diesel Mark-Up";"Rigid";"BAU";"EUR/kWh";2035;"0.018";"Sensitivity | Removed policies except for H2 tax reduction";"Diesel"
"OPEX";"Diesel Infrastructure";"NL";"Total Diesel Mark-Up";"Tractor-Trailer";"BAU";"EUR/kWh";2035;"0.018";"Sensitivity | Removed policies except for H2 tax reduction";"Diesel"
"OPEX";"Diesel Infrastructure";"NL";"Total Diesel Mark-Up";"Rigid";"PROG";"EUR/kWh";2035;"0.018";"Sensitivity | Removed policies except for H2 tax reduction";"Diesel"
"OPEX";"Diesel Infrastructure";"NL";"Total Diesel Mark-Up";"Tractor-Trailer";"PROG";"EUR/kWh";2035;"0.018";"Sensitivity | Removed policies except for H2 tax reduction";"Diesel"
"OPEX";"Diesel Infrastructure";"PL";"Total Diesel Mark-Up";"Rigid";"BAU";"EUR/kWh";2035;"0.018";"Sensitivity | Removed policies except for H2 tax reduction";"Diesel"
"OPEX";"Diesel Infrastructure";"PL";"Total Diesel Mark-Up";"Tractor-Trailer";"BAU";"EUR/kWh";2035;"0.018";"Sensitivity | Removed policies except for H2 tax reduction";"Diesel"
"OPEX";"Diesel Infrastructure";"PL";"Total Diesel Mark-Up";"Rigid";"PROG";"EUR/kWh";2035;"0.018";"Sensitivity | Removed policies except for H2 tax reduction";"Diesel"
"OPEX";"Diesel Infrastructure";"PL";"Total Diesel Mark-Up";"Tractor-Trailer";"PROG";"EUR/kWh";2035;"0.018";"Sensitivity | Removed policies except for H2 tax reduction";"Diesel"
"OPEX";"Diesel Infrastructure";"UK";"Total Diesel Mark-Up";"Rigid";"BAU";"EUR/kWh";2035;"0.018";"Sensitivity | Removed policies except for H2 tax reduction";"Diesel"
"OPEX";"Diesel Infrastructure";"UK";"Total Diesel Mark-Up";"Tractor-Trailer";"BAU";"EUR/kWh";2035;"0.018";"Sensitivity | Removed policies except for H2 tax reduction";"Diesel"
"OPEX";"Diesel Infrastructure";"UK";"Total Diesel Mark-Up";"Rigid";"PROG";"EUR/kWh";2035;"0.018";"Sensitivity | Removed policies except for H2 tax reduction";"Diesel"
"OPEX";"Diesel Infrastructure";"UK";"Total Diesel Mark-Up";"Tractor-Trailer";"PROG";"EUR/kWh";2035;"0.018";"Sensitivity | Removed policies except for H2 tax reduction";"Diesel"
"OPEX";"Diesel Infrastructure";"DE";"CO2 emission factor Biodiesel";"Rigid";"BAU";"%";2035;"0.161";"Sensitivity | Removed policies except for H2 tax reduction";"Diesel"
"OPEX";"Diesel Infrastructure";"DE";"CO2 emission factor Biodiesel";"Tractor-Trailer";"BAU";"%";2035;"0.161";"Sensitivity | Removed policies except for H2 tax reduction";"Diesel"
"OPEX";"Diesel Infrastructure";"DE";"CO2 emission factor Biodiesel";"Rigid";"PROG";"%";2035;"0.161";"Sensitivity | Removed policies except for H2 tax reduction";"Diesel"
"OPEX";"Diesel Infrastructure";"DE";"CO2 emission factor Biodiesel";"Tractor-Trailer";"PROG";"%";2035;"0.161";"Sensitivity | Removed policies except for H2 tax reduction";"Diesel"
"OPEX";"Diesel Infrastructure";"ES";"CO2 emission factor Biodiesel";"Rigid";"BAU";"%";2035;"0.161";"Sensitivity | Removed policies except for H2 tax reduction";"Diesel"
"OPEX";"Diesel Infrastructure";"ES";"CO2 emission factor Biodiesel";"Tractor-Trailer";"BAU";"%";2035;"0.161";"Sensitivity | Removed policies except for H2 tax reduction";"Diesel"
"OPEX";"Diesel Infrastructure";"ES";"CO2 emission factor Biodiesel";"Rigid";"PROG";"%";2035;"0.161";"Sensitivity | Removed policies except for H2 tax reduction";"Diesel"
"OPEX";"Diesel Infrastructure";"ES";"CO2 emission factor Biodiesel";"Tractor-Trailer";"PROG";"%";2035;"0.161";"Sensitivity | Removed policies except for H2 tax reduction";"Diesel"
"OPEX";"Diesel Infrastructure";"FR";"CO2 emission factor Biodiesel";"Rigid";"BAU";"%";2035;"0.161";"Sensitivity | Removed policies except for H2 tax reduction";"Diesel"
"OPEX";"Diesel Infrastructure";"FR";"CO2 emission factor Biodiesel";"Tractor-Trailer";"BAU";"%";2035;"0.161";"Sensitivity | Removed policies except for H2 tax reduction";"Diesel"
"OPEX";"Diesel Infrastructure";"FR";"CO2 emission factor Biodiesel";"Rigid";"PROG";"%";2035;"0.161";"Sensitivity | Removed policies except for H2 tax reduction";"Diesel"
"OPEX";"Diesel Infrastructure";"FR";"CO2 emission factor Biodiesel";"Tractor-Trailer";"PROG";"%";2035;"0.161";"Sensitivity | Removed policies except for H2 tax reduction";"Diesel"
"OPEX";"Diesel Infrastructure";"IT";"CO2 emission factor Biodiesel";"Rigid";"BAU";"%";2035;"0.161";"Sensitivity | Removed policies except for H2 tax reduction";"Diesel"
"OPEX";"Diesel Infrastructure";"IT";"CO2 emission factor Biodiesel";"Tractor-Trailer";"BAU";"%";2035;"0.161";"Sensitivity | Removed policies except for H2 tax reduction";"Diesel"
"OPEX";"Diesel Infrastructure";"IT";"CO2 emission factor Biodiesel";"Rigid";"PROG";"%";2035;"0.161";"Sensitivity | Removed policies except for H2 tax reduction";"Diesel"
"OPEX";"Diesel Infrastructure";"IT";"CO2 emission factor Biodiesel";"Tractor-Trailer";"PROG";"%";2035;"0.161";"Sensitivity | Removed policies except for H2 tax reduction";"Diesel"
"OPEX";"Diesel Infrastructure";"NL";"CO2 emission factor Biodiesel";"Rigid";"BAU";"%";2035;"0.161";"Sensitivity | Removed policies except for H2 tax reduction";"Diesel"
"OPEX";"Diesel Infrastructure";"NL";"CO2 emission factor Biodiesel";"Tractor-Trailer";"BAU";"%";2035;"0.161";"Sensitivity | Removed policies except for H2 tax reduction";"Diesel"
"OPEX";"Diesel Infrastructure";"NL";"CO2 emission factor Biodiesel";"Rigid";"PROG";"%";2035;"0.161";"Sensitivity | Removed policies except for H2 tax reduction";"Diesel"
"OPEX";"Diesel Infrastructure";"NL";"CO2 emission factor Biodiesel";"Tractor-Trailer";"PROG";"%";2035;"0.161";"Sensitivity | Removed policies except for H2 tax reduction";"Diesel"
"OPEX";"Diesel Infrastructure";"PL";"CO2 emission factor Biodiesel";"Rigid";"BAU";"%";2035;"0.161";"Sensitivity | Removed policies except for H2 tax reduction";"Diesel"
"OPEX";"Diesel Infrastructure";"PL";"CO2 emission factor Biodiesel";"Tractor-Trailer";"BAU";"%";2035;"0.161";"Sensitivity | Removed policies except for H2 tax reduction";"Diesel"
"OPEX";"Diesel Infrastructure";"PL";"CO2 emission factor Biodiesel";"Rigid";"PROG";"%";2035;"0.161";"Sensitivity | Removed policies except for H2 tax reduction";"Diesel"
"OPEX";"Diesel Infrastructure";"PL";"CO2 emission factor Biodiesel";"Tractor-Trailer";"PROG";"%";2035;"0.161";"Sensitivity | Removed policies except for H2 tax reduction";"Diesel"
"OPEX";"Diesel Infrastructure";"UK";"CO2 emission factor Biodiesel";"Rigid";"BAU";"%";2035;"0.161";"Sensitivity | Removed policies except for H2 tax reduction";"Diesel"
"OPEX";"Diesel Infrastructure";"UK";"CO2 emission factor Biodiesel";"Tractor-Trailer";"BAU";"%";2035;"0.161";"Sensitivity | Removed policies except for H2 tax reduction";"Diesel"
"OPEX";"Diesel Infrastructure";"UK";"CO2 emission factor Biodiesel";"Rigid";"PROG";"%";2035;"0.161";"Sensitivity | Removed policies except for H2 tax reduction";"Diesel"
"OPEX";"Diesel Infrastructure";"UK";"CO2 emission factor Biodiesel";"Tractor-Trailer";"PROG";"%";2035;"0.161";"Sensitivity | Removed policies except for H2 tax reduction";"Diesel"
"OPEX";"Diesel Infrastructure";"DE";"CO2 emission factor Pt-Diesel";"Rigid";"BAU";"%";2035;"0";"Sensitivity | Removed policies except for H2 tax reduction";"Diesel"
"OPEX";"Diesel Infrastructure";"DE";"CO2 emission factor Pt-Diesel";"Tractor-Trailer";"BAU";"%";2035;"0";"Sensitivity | Removed policies except for H2 tax reduction";"Diesel"
"OPEX";"Diesel Infrastructure";"DE";"CO2 emission factor Pt-Diesel";"Rigid";"PROG";"%";2035;"0";"Sensitivity | Removed policies except for H2 tax reduction";"Diesel"
"OPEX";"Diesel Infrastructure";"DE";"CO2 emission factor Pt-Diesel";"Tractor-Trailer";"PROG";"%";2035;"0";"Sensitivity | Removed policies except for H2 tax reduction";"Diesel"
"OPEX";"Diesel Infrastructure";"ES";"CO2 emission factor Pt-Diesel";"Rigid";"BAU";"%";2035;"0";"Sensitivity | Removed policies except for H2 tax reduction";"Diesel"
"OPEX";"Diesel Infrastructure";"ES";"CO2 emission factor Pt-Diesel";"Tractor-Trailer";"BAU";"%";2035;"0";"Sensitivity | Removed policies except for H2 tax reduction";"Diesel"
"OPEX";"Diesel Infrastructure";"ES";"CO2 emission factor Pt-Diesel";"Rigid";"PROG";"%";2035;"0";"Sensitivity | Removed policies except for H2 tax reduction";"Diesel"
"OPEX";"Diesel Infrastructure";"ES";"CO2 emission factor Pt-Diesel";"Tractor-Trailer";"PROG";"%";2035;"0";"Sensitivity | Removed policies except for H2 tax reduction";"Diesel"
"OPEX";"Diesel Infrastructure";"FR";"CO2 emission factor Pt-Diesel";"Rigid";"BAU";"%";2035;"0";"Sensitivity | Removed policies except for H2 tax reduction";"Diesel"
"OPEX";"Diesel Infrastructure";"FR";"CO2 emission factor Pt-Diesel";"Tractor-Trailer";"BAU";"%";2035;"0";"Sensitivity | Removed policies except for H2 tax reduction";"Diesel"
"OPEX";"Diesel Infrastructure";"FR";"CO2 emission factor Pt-Diesel";"Rigid";"PROG";"%";2035;"0";"Sensitivity | Removed policies except for H2 tax reduction";"Diesel"
"OPEX";"Diesel Infrastructure";"FR";"CO2 emission factor Pt-Diesel";"Tractor-Trailer";"PROG";"%";2035;"0";"Sensitivity | Removed policies except for H2 tax reduction";"Diesel"
"OPEX";"Diesel Infrastructure";"IT";"CO2 emission factor Pt-Diesel";"Rigid";"BAU";"%";2035;"0";"Sensitivity | Removed policies except for H2 tax reduction";"Diesel"
"OPEX";"Diesel Infrastructure";"IT";"CO2 emission factor Pt-Diesel";"Tractor-Trailer";"BAU";"%";2035;"0";"Sensitivity | Removed policies except for H2 tax reduction";"Diesel"
"OPEX";"Diesel Infrastructure";"IT";"CO2 emission factor Pt-Diesel";"Rigid";"PROG";"%";2035;"0";"Sensitivity | Removed policies except for H2 tax reduction";"Diesel"
"OPEX";"Diesel Infrastructure";"IT";"CO2 emission factor Pt-Diesel";"Tractor-Trailer";"PROG";"%";2035;"0";"Sensitivity | Removed policies except for H2 tax reduction";"Diesel"
"OPEX";"Diesel Infrastructure";"NL";"CO2 emission factor Pt-Diesel";"Rigid";"BAU";"%";2035;"0";"Sensitivity | Removed policies except for H2 tax reduction";"Diesel"
"OPEX";"Diesel Infrastructure";"NL";"CO2 emission factor Pt-Diesel";"Tractor-Trailer";"BAU";"%";2035;"0";"Sensitivity | Removed policies except for H2 tax reduction";"Diesel"
"OPEX";"Diesel Infrastructure";"NL";"CO2 emission factor Pt-Diesel";"Rigid";"PROG";"%";2035;"0";"Sensitivity | Removed policies except for H2 tax reduction";"Diesel"
"OPEX";"Diesel Infrastructure";"NL";"CO2 emission factor Pt-Diesel";"Tractor-Trailer";"PROG";"%";2035;"0";"Sensitivity | Removed policies except for H2 tax reduction";"Diesel"
"OPEX";"Diesel Infrastructure";"PL";"CO2 emission factor Pt-Diesel";"Rigid";"BAU";"%";2035;"0";"Sensitivity | Removed policies except for H2 tax reduction";"Diesel"
"OPEX";"Diesel Infrastructure";"PL";"CO2 emission factor Pt-Diesel";"Tractor-Trailer";"BAU";"%";2035;"0";"Sensitivity | Removed policies except for H2 tax reduction";"Diesel"
"OPEX";"Diesel Infrastructure";"PL";"CO2 emission factor Pt-Diesel";"Rigid";"PROG";"%";2035;"0";"Sensitivity | Removed policies except for H2 tax reduction";"Diesel"
"OPEX";"Diesel Infrastructure";"PL";"CO2 emission factor Pt-Diesel";"Tractor-Trailer";"PROG";"%";2035;"0";"Sensitivity | Removed policies except for H2 tax reduction";"Diesel"
"OPEX";"Diesel Infrastructure";"UK";"CO2 emission factor Pt-Diesel";"Rigid";"BAU";"%";2035;"0";"Sensitivity | Removed policies except for H2 tax reduction";"Diesel"
"OPEX";"Diesel Infrastructure";"UK";"CO2 emission factor Pt-Diesel";"Tractor-Trailer";"BAU";"%";2035;"0";"Sensitivity | Removed policies except for H2 tax reduction";"Diesel"
"OPEX";"Diesel Infrastructure";"UK";"CO2 emission factor Pt-Diesel";"Rigid";"PROG";"%";2035;"0";"Sensitivity | Removed policies except for H2 tax reduction";"Diesel"
"OPEX";"Diesel Infrastructure";"UK";"CO2 emission factor Pt-Diesel";"Tractor-Trailer";"PROG";"%";2035;"0";"Sensitivity | Removed policies except for H2 tax reduction";"Diesel"
"OPEX";"Taxes";"DE";"Network Costs - MCS";"Rigid";"BAU";"EUR/kWh";2035;"0.034";"Sensitivity | Removed policies except for H2 tax reduction";"Electricity"
"OPEX";"Taxes";"DE";"Network Costs - MCS";"Tractor-Trailer";"BAU";"EUR/kWh";2035;"0.034";"Sensitivity | Removed policies except for H2 tax reduction";"Electricity"
"OPEX";"Taxes";"ES";"Network Costs - MCS";"Rigid";"BAU";"EUR/kWh";2035;"0.018";"Sensitivity | Removed policies except for H2 tax reduction";"Electricity"
"OPEX";"Taxes";"ES";"Network Costs - MCS";"Tractor-Trailer";"BAU";"EUR/kWh";2035;"0.018";"Sensitivity | Removed policies except for H2 tax reduction";"Electricity"
"OPEX";"Taxes";"FR";"Network Costs - MCS";"Rigid";"BAU";"EUR/kWh";2035;"0.018";"Sensitivity | Removed policies except for H2 tax reduction";"Electricity"
"OPEX";"Taxes";"FR";"Network Costs - MCS";"Tractor-Trailer";"BAU";"EUR/kWh";2035;"0.018";"Sensitivity | Removed policies except for H2 tax reduction";"Electricity"
"OPEX";"Taxes";"IT";"Network Costs - MCS";"Rigid";"BAU";"EUR/kWh";2035;"0.016";"Sensitivity | Removed policies except for H2 tax reduction";"Electricity"
"OPEX";"Taxes";"IT";"Network Costs - MCS";"Tractor-Trailer";"BAU";"EUR/kWh";2035;"0.016";"Sensitivity | Removed policies except for H2 tax reduction";"Electricity"
"OPEX";"Taxes";"NL";"Network Costs - MCS";"Rigid";"BAU";"EUR/kWh";2035;"0.016";"Sensitivity | Removed policies except for H2 tax reduction";"Electricity"
"OPEX";"Taxes";"NL";"Network Costs - MCS";"Tractor-Trailer";"BAU";"EUR/kWh";2035;"0.016";"Sensitivity | Removed policies except for H2 tax reduction";"Electricity"
"OPEX";"Taxes";"PL";"Network Costs - MCS";"Rigid";"BAU";"EUR/kWh";2035;"0.019";"Sensitivity | Removed policies except for H2 tax reduction";"Electricity"
"OPEX";"Taxes";"PL";"Network Costs - MCS";"Tractor-Trailer";"BAU";"EUR/kWh";2035;"0.019";"Sensitivity | Removed policies except for H2 tax reduction";"Electricity"
"OPEX";"Taxes";"UK";"Network Costs - MCS";"Rigid";"BAU";"EUR/kWh";2035;"0.027";"Sensitivity | Removed policies except for H2 tax reduction";"Electricity"
"OPEX";"Taxes";"UK";"Network Costs - MCS";"Tractor-Trailer";"BAU";"EUR/kWh";2035;"0.027";"Sensitivity | Removed policies except for H2 tax reduction";"Electricity"
"OPEX";"Taxes";"DE";"Taxes, Fees, Levies and charges - MCS";"Rigid";"BAU";"EUR/kWh";2035;"0.056";"Sensitivity | Removed policies except for H2 tax reduction";"Electricity"
"OPEX";"Taxes";"DE";"Taxes, Fees, Levies and charges - MCS";"Tractor-Trailer";"BAU";"EUR/kWh";2035;"0.056";"Sensitivity | Removed policies except for H2 tax reduction";"Electricity"
"OPEX";"Taxes";"ES";"Taxes, Fees, Levies and charges - MCS";"Rigid";"BAU";"EUR/kWh";2035;"0.036";"Sensitivity | Removed policies except for H2 tax reduction";"Electricity"
"OPEX";"Taxes";"ES";"Taxes, Fees, Levies and charges - MCS";"Tractor-Trailer";"BAU";"EUR/kWh";2035;"0.036";"Sensitivity | Removed policies except for H2 tax reduction";"Electricity"
"OPEX";"Taxes";"FR";"Taxes, Fees, Levies and charges - MCS";"Rigid";"BAU";"EUR/kWh";2035;"0.03";"Sensitivity | Removed policies except for H2 tax reduction";"Electricity"
"OPEX";"Taxes";"FR";"Taxes, Fees, Levies and charges - MCS";"Tractor-Trailer";"BAU";"EUR/kWh";2035;"0.03";"Sensitivity | Removed policies except for H2 tax reduction";"Electricity"
"OPEX";"Taxes";"IT";"Taxes, Fees, Levies and charges - MCS";"Rigid";"BAU";"EUR/kWh";2035;"0.063";"Sensitivity | Removed policies except for H2 tax reduction";"Electricity"
"OPEX";"Taxes";"IT";"Taxes, Fees, Levies and charges - MCS";"Tractor-Trailer";"BAU";"EUR/kWh";2035;"0.063";"Sensitivity | Removed policies except for H2 tax reduction";"Electricity"
"OPEX";"Taxes";"NL";"Taxes, Fees, Levies and charges - MCS";"Rigid";"BAU";"EUR/kWh";2035;"0.055";"Sensitivity | Removed policies except for H2 tax reduction";"Electricity"
"OPEX";"Taxes";"NL";"Taxes, Fees, Levies and charges - MCS";"Tractor-Trailer";"BAU";"EUR/kWh";2035;"0.055";"Sensitivity | Removed policies except for H2 tax reduction";"Electricity"
"OPEX";"Taxes";"PL";"Taxes, Fees, Levies and charges - MCS";"Rigid";"BAU";"EUR/kWh";2035;"0.049";"Sensitivity | Removed policies except for H2 tax reduction";"Electricity"
"OPEX";"Taxes";"PL";"Taxes, Fees, Levies and charges - MCS";"Tractor-Trailer";"BAU";"EUR/kWh";2035;"0.049";"Sensitivity | Removed policies except for H2 tax reduction";"Electricity"
"OPEX";"Taxes";"UK";"Taxes, Fees, Levies and charges - MCS";"Rigid";"BAU";"EUR/kWh";2035;"0.077";"Sensitivity | Removed policies except for H2 tax reduction";"Electricity"
"OPEX";"Taxes";"UK";"Taxes, Fees, Levies and charges - MCS";"Tractor-Trailer";"BAU";"EUR/kWh";2035;"0.077";"Sensitivity | Removed policies except for H2 tax reduction";"Electricity"
"OPEX";"Taxes";"DE";"Network Costs - Depot";"Rigid";"BAU";"EUR/kWh";2035;"0.044";"Sensitivity | Removed policies except for H2 tax reduction";"Electricity"
"OPEX";"Taxes";"DE";"Network Costs - Depot";"Tractor-Trailer";"BAU";"EUR/kWh";2035;"0.044";"Sensitivity | Removed policies except for H2 tax reduction";"Electricity"
"OPEX";"Taxes";"ES";"Network Costs - Depot";"Rigid";"BAU";"EUR/kWh";2035;"0.031";"Sensitivity | Removed policies except for H2 tax reduction";"Electricity"
"OPEX";"Taxes";"ES";"Network Costs - Depot";"Tractor-Trailer";"BAU";"EUR/kWh";2035;"0.031";"Sensitivity | Removed policies except for H2 tax reduction";"Electricity"
"OPEX";"Taxes";"FR";"Network Costs - Depot";"Rigid";"BAU";"EUR/kWh";2035;"0.024";"Sensitivity | Removed policies except for H2 tax reduction";"Electricity"
"OPEX";"Taxes";"FR";"Network Costs - Depot";"Tractor-Trailer";"BAU";"EUR/kWh";2035;"0.024";"Sensitivity | Removed policies except for H2 tax reduction";"Electricity"
"OPEX";"Taxes";"IT";"Network Costs - Depot";"Rigid";"BAU";"EUR/kWh";2035;"0.018";"Sensitivity | Removed policies except for H2 tax reduction";"Electricity"
"OPEX";"Taxes";"IT";"Network Costs - Depot";"Tractor-Trailer";"BAU";"EUR/kWh";2035;"0.018";"Sensitivity | Removed policies except for H2 tax reduction";"Electricity"
"OPEX";"Taxes";"NL";"Network Costs - Depot";"Rigid";"BAU";"EUR/kWh";2035;"0.019";"Sensitivity | Removed policies except for H2 tax reduction";"Electricity"
"OPEX";"Taxes";"NL";"Network Costs - Depot";"Tractor-Trailer";"BAU";"EUR/kWh";2035;"0.019";"Sensitivity | Removed policies except for H2 tax reduction";"Electricity"
"OPEX";"Taxes";"PL";"Network Costs - Depot";"Rigid";"BAU";"EUR/kWh";2035;"0.026";"Sensitivity | Removed policies except for H2 tax reduction";"Electricity"
"OPEX";"Taxes";"PL";"Network Costs - Depot";"Tractor-Trailer";"BAU";"EUR/kWh";2035;"0.026";"Sensitivity | Removed policies except for H2 tax reduction";"Electricity"
"OPEX";"Taxes";"UK";"Network Costs - Depot";"Rigid";"BAU";"EUR/kWh";2035;"0.029";"Sensitivity | Removed policies except for H2 tax reduction";"Electricity"
"OPEX";"Taxes";"UK";"Network Costs - Depot";"Tractor-Trailer";"BAU";"EUR/kWh";2035;"0.029";"Sensitivity | Removed policies except for H2 tax reduction";"Electricity"
"OPEX";"Taxes";"DE";"Taxes, Fees, Levies and charges - Depot";"Rigid";"BAU";"EUR/kWh";2035;"0.062";"Sensitivity | Removed policies except for H2 tax reduction";"Electricity"
"OPEX";"Taxes";"DE";"Taxes, Fees, Levies and charges - Depot";"Tractor-Trailer";"BAU";"EUR/kWh";2035;"0.062";"Sensitivity | Removed policies except for H2 tax reduction";"Electricity"
"OPEX";"Taxes";"ES";"Taxes, Fees, Levies and charges - Depot";"Rigid";"BAU";"EUR/kWh";2035;"0.054";"Sensitivity | Removed policies except for H2 tax reduction";"Electricity"
"OPEX";"Taxes";"ES";"Taxes, Fees, Levies and charges - Depot";"Tractor-Trailer";"BAU";"EUR/kWh";2035;"0.054";"Sensitivity | Removed policies except for H2 tax reduction";"Electricity"
"OPEX";"Taxes";"FR";"Taxes, Fees, Levies and charges - Depot";"Rigid";"BAU";"EUR/kWh";2035;"0.04";"Sensitivity | Removed policies except for H2 tax reduction";"Electricity"
"OPEX";"Taxes";"FR";"Taxes, Fees, Levies and charges - Depot";"Tractor-Trailer";"BAU";"EUR/kWh";2035;"0.04";"Sensitivity | Removed policies except for H2 tax reduction";"Electricity"
"OPEX";"Taxes";"IT";"Taxes, Fees, Levies and charges - Depot";"Rigid";"BAU";"EUR/kWh";2035;"0.088";"Sensitivity | Removed policies except for H2 tax reduction";"Electricity"
"OPEX";"Taxes";"IT";"Taxes, Fees, Levies and charges - Depot";"Tractor-Trailer";"BAU";"EUR/kWh";2035;"0.088";"Sensitivity | Removed policies except for H2 tax reduction";"Electricity"
"OPEX";"Taxes";"NL";"Taxes, Fees, Levies and charges - Depot";"Rigid";"BAU";"EUR/kWh";2035;"0.058";"Sensitivity | Removed policies except for H2 tax reduction";"Electricity"
"OPEX";"Taxes";"NL";"Taxes, Fees, Levies and charges - Depot";"Tractor-Trailer";"BAU";"EUR/kWh";2035;"0.058";"Sensitivity | Removed policies except for H2 tax reduction";"Electricity"
"OPEX";"Taxes";"PL";"Taxes, Fees, Levies and charges - Depot";"Rigid";"BAU";"EUR/kWh";2035;"0.053";"Sensitivity | Removed policies except for H2 tax reduction";"Electricity"
"OPEX";"Taxes";"PL";"Taxes, Fees, Levies and charges - Depot";"Tractor-Trailer";"BAU";"EUR/kWh";2035;"0.053";"Sensitivity | Removed policies except for H2 tax reduction";"Electricity"
"OPEX";"Taxes";"UK";"Taxes, Fees, Levies and charges - Depot";"Rigid";"BAU";"EUR/kWh";2035;"0.084";"Sensitivity | Removed policies except for H2 tax reduction";"Electricity"
"OPEX";"Taxes";"UK";"Taxes, Fees, Levies and charges - Depot";"Tractor-Trailer";"BAU";"EUR/kWh";2035;"0.084";"Sensitivity | Removed policies except for H2 tax reduction";"Electricity"
"OPEX";"H2 Infrastructure";"DE";"HRS costs";"Rigid";"BAU";"EUR/kg H2";2035;"1.45";"Sensitivity | Removed policies except for H2 tax reduction";"Hydrogen"
"OPEX";"H2 Infrastructure";"DE";"HRS costs";"Tractor-Trailer";"BAU";"EUR/kg H2";2035;"1.45";"Sensitivity | Removed policies except for H2 tax reduction";"Hydrogen"
"OPEX";"H2 Infrastructure";"ES";"HRS costs";"Rigid";"BAU";"EUR/kg H2";2035;"1.45";"Sensitivity | Removed policies except for H2 tax reduction";"Hydrogen"
"OPEX";"H2 Infrastructure";"ES";"HRS costs";"Tractor-Trailer";"BAU";"EUR/kg H2";2035;"1.45";"Sensitivity | Removed policies except for H2 tax reduction";"Hydrogen"
"OPEX";"H2 Infrastructure";"FR";"HRS costs";"Rigid";"BAU";"EUR/kg H2";2035;"1.45";"Sensitivity | Removed policies except for H2 tax reduction";"Hydrogen"
"OPEX";"H2 Infrastructure";"FR";"HRS costs";"Tractor-Trailer";"BAU";"EUR/kg H2";2035;"1.45";"Sensitivity | Removed policies except for H2 tax reduction";"Hydrogen"
"OPEX";"H2 Infrastructure";"IT";"HRS costs";"Rigid";"BAU";"EUR/kg H2";2035;"1.45";"Sensitivity | Removed policies except for H2 tax reduction";"Hydrogen"
"OPEX";"H2 Infrastructure";"IT";"HRS costs";"Tractor-Trailer";"BAU";"EUR/kg H2";2035;"1.45";"Sensitivity | Removed policies except for H2 tax reduction";"Hydrogen"
"OPEX";"H2 Infrastructure";"NL";"HRS costs";"Rigid";"BAU";"EUR/kg H2";2035;"1.45";"Sensitivity | Removed policies except for H2 tax reduction";"Hydrogen"
"OPEX";"H2 Infrastructure";"NL";"HRS costs";"Tractor-Trailer";"BAU";"EUR/kg H2";2035;"1.45";"Sensitivity | Removed policies except for H2 tax reduction";"Hydrogen"
"OPEX";"H2 Infrastructure";"PL";"HRS costs";"Rigid";"BAU";"EUR/kg H2";2035;"1.45";"Sensitivity | Removed policies except for H2 tax reduction";"Hydrogen"
"OPEX";"H2 Infrastructure";"PL";"HRS costs";"Tractor-Trailer";"BAU";"EUR/kg H2";2035;"1.45";"Sensitivity | Removed policies except for H2 tax reduction";"Hydrogen"
"OPEX";"H2 Infrastructure";"UK";"HRS costs";"Rigid";"BAU";"EUR/kg H2";2035;"1.45";"Sensitivity | Removed policies except for H2 tax reduction";"Hydrogen"
"OPEX";"H2 Infrastructure";"UK";"HRS costs";"Tractor-Trailer";"BAU";"EUR/kg H2";2035;"1.45";"Sensitivity | Removed policies except for H2 tax reduction";"Hydrogen"
"OPEX";"H2 Infrastructure";"DE";"H2 transport and distribution";"Rigid";"BAU";"EUR/kg H2";2035;"1.333";"Sensitivity | Removed policies except for H2 tax reduction";"Hydrogen"
"OPEX";"H2 Infrastructure";"DE";"H2 transport and distribution";"Tractor-Trailer";"BAU";"EUR/kg H2";2035;"1.333";"Sensitivity | Removed policies except for H2 tax reduction";"Hydrogen"
"OPEX";"H2 Infrastructure";"ES";"H2 transport and distribution";"Rigid";"BAU";"EUR/kg H2";2035;"1.333";"Sensitivity | Removed policies except for H2 tax reduction";"Hydrogen"
"OPEX";"H2 Infrastructure";"ES";"H2 transport and distribution";"Tractor-Trailer";"BAU";"EUR/kg H2";2035;"1.333";"Sensitivity | Removed policies except for H2 tax reduction";"Hydrogen"
"OPEX";"H2 Infrastructure";"FR";"H2 transport and distribution";"Rigid";"BAU";"EUR/kg H2";2035;"1.333";"Sensitivity | Removed policies except for H2 tax reduction";"Hydrogen"
"OPEX";"H2 Infrastructure";"FR";"H2 transport and distribution";"Tractor-Trailer";"BAU";"EUR/kg H2";2035;"1.333";"Sensitivity | Removed policies except for H2 tax reduction";"Hydrogen"
"OPEX";"H2 Infrastructure";"IT";"H2 transport and distribution";"Rigid";"BAU";"EUR/kg H2";2035;"1.333";"Sensitivity | Removed policies except for H2 tax reduction";"Hydrogen"
"OPEX";"H2 Infrastructure";"IT";"H2 transport and distribution";"Tractor-Trailer";"BAU";"EUR/kg H2";2035;"1.333";"Sensitivity | Removed policies except for H2 tax reduction";"Hydrogen"
"OPEX";"H2 Infrastructure";"NL";"H2 transport and distribution";"Rigid";"BAU";"EUR/kg H2";2035;"1.333";"Sensitivity | Removed policies except for H2 tax reduction";"Hydrogen"
"OPEX";"H2 Infrastructure";"NL";"H2 transport and distribution";"Tractor-Trailer";"BAU";"EUR/kg H2";2035;"1.333";"Sensitivity | Removed policies except for H2 tax reduction";"Hydrogen"
"OPEX";"H2 Infrastructure";"PL";"H2 transport and distribution";"Rigid";"BAU";"EUR/kg H2";2035;"1.333";"Sensitivity | Removed policies except for H2 tax reduction";"Hydrogen"
"OPEX";"H2 Infrastructure";"PL";"H2 transport and distribution";"Tractor-Trailer";"BAU";"EUR/kg H2";2035;"1.333";"Sensitivity | Removed policies except for H2 tax reduction";"Hydrogen"
"OPEX";"H2 Infrastructure";"UK";"H2 transport and distribution";"Rigid";"BAU";"EUR/kg H2";2035;"1.333";"Sensitivity | Removed policies except for H2 tax reduction";"Hydrogen"
"OPEX";"H2 Infrastructure";"UK";"H2 transport and distribution";"Tractor-Trailer";"BAU";"EUR/kg H2";2035;"1.333";"Sensitivity | Removed policies except for H2 tax reduction";"Hydrogen"
"OPEX";"H2 Infrastructure";"DE";"HRS Overhead, Profit and Mark-Up";"Rigid";"BAU";"EUR/kg H2";2035;"0.25";"Sensitivity | Removed policies except for H2 tax reduction";"Hydrogen"
"OPEX";"H2 Infrastructure";"DE";"HRS Overhead, Profit and Mark-Up";"Tractor-Trailer";"BAU";"EUR/kg H2";2035;"0.25";"Sensitivity | Removed policies except for H2 tax reduction";"Hydrogen"
"OPEX";"H2 Infrastructure";"ES";"HRS Overhead, Profit and Mark-Up";"Rigid";"BAU";"EUR/kg H2";2035;"0.25";"Sensitivity | Removed policies except for H2 tax reduction";"Hydrogen"
"OPEX";"H2 Infrastructure";"ES";"HRS Overhead, Profit and Mark-Up";"Tractor-Trailer";"BAU";"EUR/kg H2";2035;"0.25";"Sensitivity | Removed policies except for H2 tax reduction";"Hydrogen"
"OPEX";"H2 Infrastructure";"FR";"HRS Overhead, Profit and Mark-Up";"Rigid";"BAU";"EUR/kg H2";2035;"0.25";"Sensitivity | Removed policies except for H2 tax reduction";"Hydrogen"
"OPEX";"H2 Infrastructure";"FR";"HRS Overhead, Profit and Mark-Up";"Tractor-Trailer";"BAU";"EUR/kg H2";2035;"0.25";"Sensitivity | Removed policies except for H2 tax reduction";"Hydrogen"
"OPEX";"H2 Infrastructure";"IT";"HRS Overhead, Profit and Mark-Up";"Rigid";"BAU";"EUR/kg H2";2035;"0.25";"Sensitivity | Removed policies except for H2 tax reduction";"Hydrogen"
"OPEX";"H2 Infrastructure";"IT";"HRS Overhead, Profit and Mark-Up";"Tractor-Trailer";"BAU";"EUR/kg H2";2035;"0.25";"Sensitivity | Removed policies except for H2 tax reduction";"Hydrogen"
"OPEX";"H2 Infrastructure";"NL";"HRS Overhead, Profit and Mark-Up";"Rigid";"BAU";"EUR/kg H2";2035;"0.25";"Sensitivity | Removed policies except for H2 tax reduction";"Hydrogen"
"OPEX";"H2 Infrastructure";"NL";"HRS Overhead, Profit and Mark-Up";"Tractor-Trailer";"BAU";"EUR/kg H2";2035;"0.25";"Sensitivity | Removed policies except for H2 tax reduction";"Hydrogen"
"OPEX";"H2 Infrastructure";"PL";"HRS Overhead, Profit and Mark-Up";"Rigid";"BAU";"EUR/kg H2";2035;"0.25";"Sensitivity | Removed policies except for H2 tax reduction";"Hydrogen"
"OPEX";"H2 Infrastructure";"PL";"HRS Overhead, Profit and Mark-Up";"Tractor-Trailer";"BAU";"EUR/kg H2";2035;"0.25";"Sensitivity | Removed policies except for H2 tax reduction";"Hydrogen"
"OPEX";"H2 Infrastructure";"UK";"HRS Overhead, Profit and Mark-Up";"Rigid";"BAU";"EUR/kg H2";2035;"0.25";"Sensitivity | Removed policies except for H2 tax reduction";"Hydrogen"
"OPEX";"H2 Infrastructure";"UK";"HRS Overhead, Profit and Mark-Up";"Tractor-Trailer";"BAU";"EUR/kg H2";2035;"0.25";"Sensitivity | Removed policies except for H2 tax reduction";"Hydrogen"
"OPEX";"Charging Infrastructure";"DE";"MCS Station (Public Charging) - Incl. Overhead";"Rigid";"BAU";"EUR/kWh";2035;"0.082";"Sensitivity | Removed policies except for H2 tax reduction";"Electricity"
"OPEX";"Charging Infrastructure";"DE";"MCS Station (Public Charging) - Incl. Overhead";"Tractor-Trailer";"BAU";"EUR/kWh";2035;"0.082";"Sensitivity | Removed policies except for H2 tax reduction";"Electricity"
"OPEX";"Charging Infrastructure";"ES";"MCS Station (Public Charging) - Incl. Overhead";"Rigid";"BAU";"EUR/kWh";2035;"0.082";"Sensitivity | Removed policies except for H2 tax reduction";"Electricity"
"OPEX";"Charging Infrastructure";"ES";"MCS Station (Public Charging) - Incl. Overhead";"Tractor-Trailer";"BAU";"EUR/kWh";2035;"0.082";"Sensitivity | Removed policies except for H2 tax reduction";"Electricity"
"OPEX";"Charging Infrastructure";"FR";"MCS Station (Public Charging) - Incl. Overhead";"Rigid";"BAU";"EUR/kWh";2035;"0.082";"Sensitivity | Removed policies except for H2 tax reduction";"Electricity"
"OPEX";"Charging Infrastructure";"FR";"MCS Station (Public Charging) - Incl. Overhead";"Tractor-Trailer";"BAU";"EUR/kWh";2035;"0.082";"Sensitivity | Removed policies except for H2 tax reduction";"Electricity"
"OPEX";"Charging Infrastructure";"IT";"MCS Station (Public Charging) - Incl. Overhead";"Rigid";"BAU";"EUR/kWh";2035;"0.082";"Sensitivity | Removed policies except for H2 tax reduction";"Electricity"
"OPEX";"Charging Infrastructure";"IT";"MCS Station (Public Charging) - Incl. Overhead";"Tractor-Trailer";"BAU";"EUR/kWh";2035;"0.082";"Sensitivity | Removed policies except for H2 tax reduction";"Electricity"
"OPEX";"Charging Infrastructure";"NL";"MCS Station (Public Charging) - Incl. Overhead";"Rigid";"BAU";"EUR/kWh";2035;"0.082";"Sensitivity | Removed policies except for H2 tax reduction";"Electricity"
"OPEX";"Charging Infrastructure";"NL";"MCS Station (Public Charging) - Incl. Overhead";"Tractor-Trailer";"BAU";"EUR/kWh";2035;"0.082";"Sensitivity | Removed policies except for H2 tax reduction";"Electricity"
"OPEX";"Charging Infrastructure";"PL";"MCS Station (Public Charging) - Incl. Overhead";"Rigid";"BAU";"EUR/kWh";2035;"0.082";"Sensitivity | Removed policies except for H2 tax reduction";"Electricity"
"OPEX";"Charging Infrastructure";"PL";"MCS Station (Public Charging) - Incl. Overhead";"Tractor-Trailer";"BAU";"EUR/kWh";2035;"0.082";"Sensitivity | Removed policies except for H2 tax reduction";"Electricity"
"OPEX";"Charging Infrastructure";"UK";"MCS Station (Public Charging) - Incl. Overhead";"Rigid";"BAU";"EUR/kWh";2035;"0.082";"Sensitivity | Removed policies except for H2 tax reduction";"Electricity"
"OPEX";"Charging Infrastructure";"UK";"MCS Station (Public Charging) - Incl. Overhead";"Tractor-Trailer";"BAU";"EUR/kWh";2035;"0.082";"Sensitivity | Removed policies except for H2 tax reduction";"Electricity"
"OPEX";"Charging Infrastructure";"DE";"Share MCS-Charging";"Rigid";"BAU";"%";2035;"0.2";"Sensitivity | Removed policies except for H2 tax reduction";"Electricity"
"OPEX";"Charging Infrastructure";"DE";"Share MCS-Charging";"Tractor-Trailer";"BAU";"%";2035;"0.2";"Sensitivity | Removed policies except for H2 tax reduction";"Electricity"
"OPEX";"Charging Infrastructure";"ES";"Share MCS-Charging";"Rigid";"BAU";"%";2035;"0.2";"Sensitivity | Removed policies except for H2 tax reduction";"Electricity"
"OPEX";"Charging Infrastructure";"ES";"Share MCS-Charging";"Tractor-Trailer";"BAU";"%";2035;"0.2";"Sensitivity | Removed policies except for H2 tax reduction";"Electricity"
"OPEX";"Charging Infrastructure";"FR";"Share MCS-Charging";"Rigid";"BAU";"%";2035;"0.2";"Sensitivity | Removed policies except for H2 tax reduction";"Electricity"
"OPEX";"Charging Infrastructure";"FR";"Share MCS-Charging";"Tractor-Trailer";"BAU";"%";2035;"0.2";"Sensitivity | Removed policies except for H2 tax reduction";"Electricity"
"OPEX";"Charging Infrastructure";"IT";"Share MCS-Charging";"Rigid";"BAU";"%";2035;"0.2";"Sensitivity | Removed policies except for H2 tax reduction";"Electricity"
"OPEX";"Charging Infrastructure";"IT";"Share MCS-Charging";"Tractor-Trailer";"BAU";"%";2035;"0.2";"Sensitivity | Removed policies except for H2 tax reduction";"Electricity"
"OPEX";"Charging Infrastructure";"NL";"Share MCS-Charging";"Rigid";"BAU";"%";2035;"0.2";"Sensitivity | Removed policies except for H2 tax reduction";"Electricity"
"OPEX";"Charging Infrastructure";"NL";"Share MCS-Charging";"Tractor-Trailer";"BAU";"%";2035;"0.2";"Sensitivity | Removed policies except for H2 tax reduction";"Electricity"
"OPEX";"Charging Infrastructure";"PL";"Share MCS-Charging";"Rigid";"BAU";"%";2035;"0.2";"Sensitivity | Removed policies except for H2 tax reduction";"Electricity"
"OPEX";"Charging Infrastructure";"PL";"Share MCS-Charging";"Tractor-Trailer";"BAU";"%";2035;"0.2";"Sensitivity | Removed policies except for H2 tax reduction";"Electricity"
"OPEX";"Charging Infrastructure";"UK";"Share MCS-Charging";"Rigid";"BAU";"%";2035;"0.2";"Sensitivity | Removed policies except for H2 tax reduction";"Electricity"
"OPEX";"Charging Infrastructure";"UK";"Share MCS-Charging";"Tractor-Trailer";"BAU";"%";2035;"0.2";"Sensitivity | Removed policies except for H2 tax reduction";"Electricity"
"OPEX";"Charging Infrastructure";"DE";"Depot - Network fees savings potential";"Rigid";"BAU";"EUR/kWh";2035;"0";"Sensitivity | Removed policies except for H2 tax reduction";"Electricity"
"OPEX";"Charging Infrastructure";"DE";"Depot - Network fees savings potential";"Tractor-Trailer";"BAU";"EUR/kWh";2035;"0";"Sensitivity | Removed policies except for H2 tax reduction";"Electricity"
"OPEX";"Charging Infrastructure";"ES";"Depot - Network fees savings potential";"Rigid";"BAU";"EUR/kWh";2035;"0";"Sensitivity | Removed policies except for H2 tax reduction";"Electricity"
"OPEX";"Charging Infrastructure";"ES";"Depot - Network fees savings potential";"Tractor-Trailer";"BAU";"EUR/kWh";2035;"0";"Sensitivity | Removed policies except for H2 tax reduction";"Electricity"
"OPEX";"Charging Infrastructure";"FR";"Depot - Network fees savings potential";"Rigid";"BAU";"EUR/kWh";2035;"0";"Sensitivity | Removed policies except for H2 tax reduction";"Electricity"
"OPEX";"Charging Infrastructure";"FR";"Depot - Network fees savings potential";"Tractor-Trailer";"BAU";"EUR/kWh";2035;"0";"Sensitivity | Removed policies except for H2 tax reduction";"Electricity"
"OPEX";"Charging Infrastructure";"IT";"Depot - Network fees savings potential";"Rigid";"BAU";"EUR/kWh";2035;"0";"Sensitivity | Removed policies except for H2 tax reduction";"Electricity"
"OPEX";"Charging Infrastructure";"IT";"Depot - Network fees savings potential";"Tractor-Trailer";"BAU";"EUR/kWh";2035;"0";"Sensitivity | Removed policies except for H2 tax reduction";"Electricity"
"OPEX";"Charging Infrastructure";"NL";"Depot - Network fees savings potential";"Rigid";"BAU";"EUR/kWh";2035;"0";"Sensitivity | Removed policies except for H2 tax reduction";"Electricity"
"OPEX";"Charging Infrastructure";"NL";"Depot - Network fees savings potential";"Tractor-Trailer";"BAU";"EUR/kWh";2035;"0";"Sensitivity | Removed policies except for H2 tax reduction";"Electricity"
"OPEX";"Charging Infrastructure";"PL";"Depot - Network fees savings potential";"Rigid";"BAU";"EUR/kWh";2035;"0";"Sensitivity | Removed policies except for H2 tax reduction";"Electricity"
"OPEX";"Charging Infrastructure";"PL";"Depot - Network fees savings potential";"Tractor-Trailer";"BAU";"EUR/kWh";2035;"0";"Sensitivity | Removed policies except for H2 tax reduction";"Electricity"
"OPEX";"Charging Infrastructure";"UK";"Depot - Network fees savings potential";"Rigid";"BAU";"EUR/kWh";2035;"0";"Sensitivity | Removed policies except for H2 tax reduction";"Electricity"
"OPEX";"Charging Infrastructure";"UK";"Depot - Network fees savings potential";"Tractor-Trailer";"BAU";"EUR/kWh";2035;"0";"Sensitivity | Removed policies except for H2 tax reduction";"Electricity"
"OPEX";"Taxes";"DE";"Tax reduction";"Rigid";"BAU";"%";2035;"-1";"Sensitivity | Removed policies except for H2 tax reduction";"Hydrogen"
"OPEX";"Taxes";"DE";"Tax reduction";"Tractor-Trailer";"BAU";"%";2035;"-1";"Sensitivity | Removed policies except for H2 tax reduction";"Hydrogen"
"OPEX";"Taxes";"ES";"Tax reduction";"Rigid";"BAU";"%";2035;"-1";"Sensitivity | Removed policies except for H2 tax reduction";"Hydrogen"
"OPEX";"Taxes";"ES";"Tax reduction";"Tractor-Trailer";"BAU";"%";2035;"-1";"Sensitivity | Removed policies except for H2 tax reduction";"Hydrogen"
"OPEX";"Taxes";"FR";"Tax reduction";"Rigid";"BAU";"%";2035;"-1";"Sensitivity | Removed policies except for H2 tax reduction";"Hydrogen"
"OPEX";"Taxes";"FR";"Tax reduction";"Tractor-Trailer";"BAU";"%";2035;"-1";"Sensitivity | Removed policies except for H2 tax reduction";"Hydrogen"
"OPEX";"Taxes";"IT";"Tax reduction";"Rigid";"BAU";"%";2035;"-1";"Sensitivity | Removed policies except for H2 tax reduction";"Hydrogen"
"OPEX";"Taxes";"IT";"Tax reduction";"Tractor-Trailer";"BAU";"%";2035;"-1";"Sensitivity | Removed policies except for H2 tax reduction";"Hydrogen"
"OPEX";"Taxes";"NL";"Tax reduction";"Rigid";"BAU";"%";2035;"-1";"Sensitivity | Removed policies except for H2 tax reduction";"Hydrogen"
"OPEX";"Taxes";"NL";"Tax reduction";"Tractor-Trailer";"BAU";"%";2035;"-1";"Sensitivity | Removed policies except for H2 tax reduction";"Hydrogen"
"OPEX";"Taxes";"PL";"Tax reduction";"Rigid";"BAU";"%";2035;"-1";"Sensitivity | Removed policies except for H2 tax reduction";"Hydrogen"
"OPEX";"Taxes";"PL";"Tax reduction";"Tractor-Trailer";"BAU";"%";2035;"-1";"Sensitivity | Removed policies except for H2 tax reduction";"Hydrogen"
"OPEX";"Taxes";"UK";"Tax reduction";"Rigid";"BAU";"%";2035;"-1";"Sensitivity | Removed policies except for H2 tax reduction";"Hydrogen"
"OPEX";"Taxes";"UK";"Tax reduction";"Tractor-Trailer";"BAU";"%";2035;"-1";"Sensitivity | Removed policies except for H2 tax reduction";"Hydrogen"
"OPEX";"Taxes";"DE";"Increasing grid fees";"Rigid";"PROG";"%";2035;"0.15";"Sensitivity | Removed policies except for H2 tax reduction";"Electricity"
"OPEX";"Taxes";"DE";"Increasing grid fees";"Tractor-Trailer";"PROG";"%";2035;"0.15";"Sensitivity | Removed policies except for H2 tax reduction";"Electricity"
"OPEX";"Taxes";"ES";"Increasing grid fees";"Rigid";"PROG";"%";2035;"0.15";"Sensitivity | Removed policies except for H2 tax reduction";"Electricity"
"OPEX";"Taxes";"ES";"Increasing grid fees";"Tractor-Trailer";"PROG";"%";2035;"0.15";"Sensitivity | Removed policies except for H2 tax reduction";"Electricity"
"OPEX";"Taxes";"FR";"Increasing grid fees";"Rigid";"PROG";"%";2035;"0.15";"Sensitivity | Removed policies except for H2 tax reduction";"Electricity"
"OPEX";"Taxes";"FR";"Increasing grid fees";"Tractor-Trailer";"PROG";"%";2035;"0.15";"Sensitivity | Removed policies except for H2 tax reduction";"Electricity"
"OPEX";"Taxes";"IT";"Increasing grid fees";"Rigid";"PROG";"%";2035;"0.15";"Sensitivity | Removed policies except for H2 tax reduction";"Electricity"
"OPEX";"Taxes";"IT";"Increasing grid fees";"Tractor-Trailer";"PROG";"%";2035;"0.15";"Sensitivity | Removed policies except for H2 tax reduction";"Electricity"
"OPEX";"Taxes";"NL";"Increasing grid fees";"Rigid";"PROG";"%";2035;"0.15";"Sensitivity | Removed policies except for H2 tax reduction";"Electricity"
"OPEX";"Taxes";"NL";"Increasing grid fees";"Tractor-Trailer";"PROG";"%";2035;"0.15";"Sensitivity | Removed policies except for H2 tax reduction";"Electricity"
"OPEX";"Taxes";"PL";"Increasing grid fees";"Rigid";"PROG";"%";2035;"0.15";"Sensitivity | Removed policies except for H2 tax reduction";"Electricity"
"OPEX";"Taxes";"PL";"Increasing grid fees";"Tractor-Trailer";"PROG";"%";2035;"0.15";"Sensitivity | Removed policies except for H2 tax reduction";"Electricity"
"OPEX";"Taxes";"UK";"Increasing grid fees";"Rigid";"PROG";"%";2035;"0.15";"Sensitivity | Removed policies except for H2 tax reduction";"Electricity"
"OPEX";"Taxes";"UK";"Increasing grid fees";"Tractor-Trailer";"PROG";"%";2035;"0.15";"Sensitivity | Removed policies except for H2 tax reduction";"Electricity"
"OPEX";"Taxes";"DE";"Increasing grid fees";"Rigid";"BAU";"%";2035;"0.25";"Sensitivity | Removed policies except for H2 tax reduction";"Electricity"
"OPEX";"Taxes";"DE";"Increasing grid fees";"Tractor-Trailer";"BAU";"%";2035;"0.25";"Sensitivity | Removed policies except for H2 tax reduction";"Electricity"
"OPEX";"Taxes";"ES";"Increasing grid fees";"Rigid";"BAU";"%";2035;"0.25";"Sensitivity | Removed policies except for H2 tax reduction";"Electricity"
"OPEX";"Taxes";"ES";"Increasing grid fees";"Tractor-Trailer";"BAU";"%";2035;"0.25";"Sensitivity | Removed policies except for H2 tax reduction";"Electricity"
"OPEX";"Taxes";"FR";"Increasing grid fees";"Rigid";"BAU";"%";2035;"0.25";"Sensitivity | Removed policies except for H2 tax reduction";"Electricity"
"OPEX";"Taxes";"FR";"Increasing grid fees";"Tractor-Trailer";"BAU";"%";2035;"0.25";"Sensitivity | Removed policies except for H2 tax reduction";"Electricity"
"OPEX";"Taxes";"IT";"Increasing grid fees";"Rigid";"BAU";"%";2035;"0.25";"Sensitivity | Removed policies except for H2 tax reduction";"Electricity"
"OPEX";"Taxes";"IT";"Increasing grid fees";"Tractor-Trailer";"BAU";"%";2035;"0.25";"Sensitivity | Removed policies except for H2 tax reduction";"Electricity"
"OPEX";"Taxes";"NL";"Increasing grid fees";"Rigid";"BAU";"%";2035;"0.25";"Sensitivity | Removed policies except for H2 tax reduction";"Electricity"
"OPEX";"Taxes";"NL";"Increasing grid fees";"Tractor-Trailer";"BAU";"%";2035;"0.25";"Sensitivity | Removed policies except for H2 tax reduction";"Electricity"
"OPEX";"Taxes";"PL";"Increasing grid fees";"Rigid";"BAU";"%";2035;"0.25";"Sensitivity | Removed policies except for H2 tax reduction";"Electricity"
"OPEX";"Taxes";"PL";"Increasing grid fees";"Tractor-Trailer";"BAU";"%";2035;"0.25";"Sensitivity | Removed policies except for H2 tax reduction";"Electricity"
"OPEX";"Taxes";"UK";"Increasing grid fees";"Rigid";"BAU";"%";2035;"0.25";"Sensitivity | Removed policies except for H2 tax reduction";"Electricity"
"OPEX";"Taxes";"UK";"Increasing grid fees";"Tractor-Trailer";"BAU";"%";2035;"0.25";"Sensitivity | Removed policies except for H2 tax reduction";"Electricity"
"OPEX";"Taxes";"DE";"Network Costs - MCS";"Rigid";"PROG";"EUR/kWh";2040;"0.03";"Sensitivity | Removed policies except for H2 tax reduction";"Electricity"
"OPEX";"Taxes";"DE";"Network Costs - MCS";"Tractor-Trailer";"PROG";"EUR/kWh";2040;"0.03";"Sensitivity | Removed policies except for H2 tax reduction";"Electricity"
"OPEX";"Taxes";"ES";"Network Costs - MCS";"Rigid";"PROG";"EUR/kWh";2040;"0.011";"Sensitivity | Removed policies except for H2 tax reduction";"Electricity"
"OPEX";"Taxes";"ES";"Network Costs - MCS";"Tractor-Trailer";"PROG";"EUR/kWh";2040;"0.011";"Sensitivity | Removed policies except for H2 tax reduction";"Electricity"
"OPEX";"Taxes";"FR";"Network Costs - MCS";"Rigid";"PROG";"EUR/kWh";2040;"0.014";"Sensitivity | Removed policies except for H2 tax reduction";"Electricity"
"OPEX";"Taxes";"FR";"Network Costs - MCS";"Tractor-Trailer";"PROG";"EUR/kWh";2040;"0.014";"Sensitivity | Removed policies except for H2 tax reduction";"Electricity"
"OPEX";"Taxes";"IT";"Network Costs - MCS";"Rigid";"PROG";"EUR/kWh";2040;"0.013";"Sensitivity | Removed policies except for H2 tax reduction";"Electricity"
"OPEX";"Taxes";"IT";"Network Costs - MCS";"Tractor-Trailer";"PROG";"EUR/kWh";2040;"0.013";"Sensitivity | Removed policies except for H2 tax reduction";"Electricity"
"OPEX";"Taxes";"NL";"Network Costs - MCS";"Rigid";"PROG";"EUR/kWh";2040;"0.015";"Sensitivity | Removed policies except for H2 tax reduction";"Electricity"
"OPEX";"Taxes";"NL";"Network Costs - MCS";"Tractor-Trailer";"PROG";"EUR/kWh";2040;"0.015";"Sensitivity | Removed policies except for H2 tax reduction";"Electricity"
"OPEX";"Taxes";"PL";"Network Costs - MCS";"Rigid";"PROG";"EUR/kWh";2040;"0.015";"Sensitivity | Removed policies except for H2 tax reduction";"Electricity"
"OPEX";"Taxes";"PL";"Network Costs - MCS";"Tractor-Trailer";"PROG";"EUR/kWh";2040;"0.015";"Sensitivity | Removed policies except for H2 tax reduction";"Electricity"
"OPEX";"Taxes";"UK";"Network Costs - MCS";"Rigid";"PROG";"EUR/kWh";2040;"0.022";"Sensitivity | Removed policies except for H2 tax reduction";"Electricity"
"OPEX";"Taxes";"UK";"Network Costs - MCS";"Tractor-Trailer";"PROG";"EUR/kWh";2040;"0.022";"Sensitivity | Removed policies except for H2 tax reduction";"Electricity"
"OPEX";"Taxes";"DE";"Taxes, Fees, Levies and charges - MCS";"Rigid";"PROG";"EUR/kWh";2040;"0.051";"Sensitivity | Removed policies except for H2 tax reduction";"Electricity"
"OPEX";"Taxes";"DE";"Taxes, Fees, Levies and charges - MCS";"Tractor-Trailer";"PROG";"EUR/kWh";2040;"0.051";"Sensitivity | Removed policies except for H2 tax reduction";"Electricity"
"OPEX";"Taxes";"ES";"Taxes, Fees, Levies and charges - MCS";"Rigid";"PROG";"EUR/kWh";2040;"0.027";"Sensitivity | Removed policies except for H2 tax reduction";"Electricity"
"OPEX";"Taxes";"ES";"Taxes, Fees, Levies and charges - MCS";"Tractor-Trailer";"PROG";"EUR/kWh";2040;"0.027";"Sensitivity | Removed policies except for H2 tax reduction";"Electricity"
"OPEX";"Taxes";"FR";"Taxes, Fees, Levies and charges - MCS";"Rigid";"PROG";"EUR/kWh";2040;"0.024";"Sensitivity | Removed policies except for H2 tax reduction";"Electricity"
"OPEX";"Taxes";"FR";"Taxes, Fees, Levies and charges - MCS";"Tractor-Trailer";"PROG";"EUR/kWh";2040;"0.024";"Sensitivity | Removed policies except for H2 tax reduction";"Electricity"
"OPEX";"Taxes";"IT";"Taxes, Fees, Levies and charges - MCS";"Rigid";"PROG";"EUR/kWh";2040;"0.042";"Sensitivity | Removed policies except for H2 tax reduction";"Electricity"
"OPEX";"Taxes";"IT";"Taxes, Fees, Levies and charges - MCS";"Tractor-Trailer";"PROG";"EUR/kWh";2040;"0.042";"Sensitivity | Removed policies except for H2 tax reduction";"Electricity"
"OPEX";"Taxes";"NL";"Taxes, Fees, Levies and charges - MCS";"Rigid";"PROG";"EUR/kWh";2040;"0.037";"Sensitivity | Removed policies except for H2 tax reduction";"Electricity"
"OPEX";"Taxes";"NL";"Taxes, Fees, Levies and charges - MCS";"Tractor-Trailer";"PROG";"EUR/kWh";2040;"0.037";"Sensitivity | Removed policies except for H2 tax reduction";"Electricity"
"OPEX";"Taxes";"PL";"Taxes, Fees, Levies and charges - MCS";"Rigid";"PROG";"EUR/kWh";2040;"0.046";"Sensitivity | Removed policies except for H2 tax reduction";"Electricity"
"OPEX";"Taxes";"PL";"Taxes, Fees, Levies and charges - MCS";"Tractor-Trailer";"PROG";"EUR/kWh";2040;"0.046";"Sensitivity | Removed policies except for H2 tax reduction";"Electricity"
"OPEX";"Taxes";"UK";"Taxes, Fees, Levies and charges - MCS";"Rigid";"PROG";"EUR/kWh";2040;"0.074";"Sensitivity | Removed policies except for H2 tax reduction";"Electricity"
"OPEX";"Taxes";"UK";"Taxes, Fees, Levies and charges - MCS";"Tractor-Trailer";"PROG";"EUR/kWh";2040;"0.074";"Sensitivity | Removed policies except for H2 tax reduction";"Electricity"
"OPEX";"Taxes";"DE";"Network Costs - Depot";"Rigid";"PROG";"EUR/kWh";2040;"0.034";"Sensitivity | Removed policies except for H2 tax reduction";"Electricity"
"OPEX";"Taxes";"DE";"Network Costs - Depot";"Tractor-Trailer";"PROG";"EUR/kWh";2040;"0.034";"Sensitivity | Removed policies except for H2 tax reduction";"Electricity"
"OPEX";"Taxes";"ES";"Network Costs - Depot";"Rigid";"PROG";"EUR/kWh";2040;"0.018";"Sensitivity | Removed policies except for H2 tax reduction";"Electricity"
"OPEX";"Taxes";"ES";"Network Costs - Depot";"Tractor-Trailer";"PROG";"EUR/kWh";2040;"0.018";"Sensitivity | Removed policies except for H2 tax reduction";"Electricity"
"OPEX";"Taxes";"FR";"Network Costs - Depot";"Rigid";"PROG";"EUR/kWh";2040;"0.018";"Sensitivity | Removed policies except for H2 tax reduction";"Electricity"
"OPEX";"Taxes";"FR";"Network Costs - Depot";"Tractor-Trailer";"PROG";"EUR/kWh";2040;"0.018";"Sensitivity | Removed policies except for H2 tax reduction";"Electricity"
"OPEX";"Taxes";"IT";"Network Costs - Depot";"Rigid";"PROG";"EUR/kWh";2040;"0.016";"Sensitivity | Removed policies except for H2 tax reduction";"Electricity"
"OPEX";"Taxes";"IT";"Network Costs - Depot";"Tractor-Trailer";"PROG";"EUR/kWh";2040;"0.016";"Sensitivity | Removed policies except for H2 tax reduction";"Electricity"
"OPEX";"Taxes";"NL";"Network Costs - Depot";"Rigid";"PROG";"EUR/kWh";2040;"0.016";"Sensitivity | Removed policies except for H2 tax reduction";"Electricity"
"OPEX";"Taxes";"NL";"Network Costs - Depot";"Tractor-Trailer";"PROG";"EUR/kWh";2040;"0.016";"Sensitivity | Removed policies except for H2 tax reduction";"Electricity"
"OPEX";"Taxes";"PL";"Network Costs - Depot";"Rigid";"PROG";"EUR/kWh";2040;"0.019";"Sensitivity | Removed policies except for H2 tax reduction";"Electricity"
"OPEX";"Taxes";"PL";"Network Costs - Depot";"Tractor-Trailer";"PROG";"EUR/kWh";2040;"0.019";"Sensitivity | Removed policies except for H2 tax reduction";"Electricity"
"OPEX";"Taxes";"UK";"Network Costs - Depot";"Rigid";"PROG";"EUR/kWh";2040;"0.027";"Sensitivity | Removed policies except for H2 tax reduction";"Electricity"
"OPEX";"Taxes";"UK";"Network Costs - Depot";"Tractor-Trailer";"PROG";"EUR/kWh";2040;"0.027";"Sensitivity | Removed policies except for H2 tax reduction";"Electricity"
"OPEX";"Taxes";"DE";"Taxes, Fees, Levies and charges - Depot";"Rigid";"PROG";"EUR/kWh";2040;"0.056";"Sensitivity | Removed policies except for H2 tax reduction";"Electricity"
"OPEX";"Taxes";"DE";"Taxes, Fees, Levies and charges - Depot";"Tractor-Trailer";"PROG";"EUR/kWh";2040;"0.056";"Sensitivity | Removed policies except for H2 tax reduction";"Electricity"
"OPEX";"Taxes";"ES";"Taxes, Fees, Levies and charges - Depot";"Rigid";"PROG";"EUR/kWh";2040;"0.036";"Sensitivity | Removed policies except for H2 tax reduction";"Electricity"
"OPEX";"Taxes";"ES";"Taxes, Fees, Levies and charges - Depot";"Tractor-Trailer";"PROG";"EUR/kWh";2040;"0.036";"Sensitivity | Removed policies except for H2 tax reduction";"Electricity"
"OPEX";"Taxes";"FR";"Taxes, Fees, Levies and charges - Depot";"Rigid";"PROG";"EUR/kWh";2040;"0.03";"Sensitivity | Removed policies except for H2 tax reduction";"Electricity"
"OPEX";"Taxes";"FR";"Taxes, Fees, Levies and charges - Depot";"Tractor-Trailer";"PROG";"EUR/kWh";2040;"0.03";"Sensitivity | Removed policies except for H2 tax reduction";"Electricity"
"OPEX";"Taxes";"IT";"Taxes, Fees, Levies and charges - Depot";"Rigid";"PROG";"EUR/kWh";2040;"0.063";"Sensitivity | Removed policies except for H2 tax reduction";"Electricity"
"OPEX";"Taxes";"IT";"Taxes, Fees, Levies and charges - Depot";"Tractor-Trailer";"PROG";"EUR/kWh";2040;"0.063";"Sensitivity | Removed policies except for H2 tax reduction";"Electricity"
"OPEX";"Taxes";"NL";"Taxes, Fees, Levies and charges - Depot";"Rigid";"PROG";"EUR/kWh";2040;"0.055";"Sensitivity | Removed policies except for H2 tax reduction";"Electricity"
"OPEX";"Taxes";"NL";"Taxes, Fees, Levies and charges - Depot";"Tractor-Trailer";"PROG";"EUR/kWh";2040;"0.055";"Sensitivity | Removed policies except for H2 tax reduction";"Electricity"
"OPEX";"Taxes";"PL";"Taxes, Fees, Levies and charges - Depot";"Rigid";"PROG";"EUR/kWh";2040;"0.049";"Sensitivity | Removed policies except for H2 tax reduction";"Electricity"
"OPEX";"Taxes";"PL";"Taxes, Fees, Levies and charges - Depot";"Tractor-Trailer";"PROG";"EUR/kWh";2040;"0.049";"Sensitivity | Removed policies except for H2 tax reduction";"Electricity"
"OPEX";"Taxes";"UK";"Taxes, Fees, Levies and charges - Depot";"Rigid";"PROG";"EUR/kWh";2040;"0.077";"Sensitivity | Removed policies except for H2 tax reduction";"Electricity"
"OPEX";"Taxes";"UK";"Taxes, Fees, Levies and charges - Depot";"Tractor-Trailer";"PROG";"EUR/kWh";2040;"0.077";"Sensitivity | Removed policies except for H2 tax reduction";"Electricity"
"OPEX";"H2 Infrastructure";"DE";"HRS costs";"Rigid";"PROG";"EUR/kg H2";2040;"0.7";"Sensitivity | Removed policies except for H2 tax reduction";"Hydrogen"
"OPEX";"H2 Infrastructure";"DE";"HRS costs";"Tractor-Trailer";"PROG";"EUR/kg H2";2040;"0.7";"Sensitivity | Removed policies except for H2 tax reduction";"Hydrogen"
"OPEX";"H2 Infrastructure";"ES";"HRS costs";"Rigid";"PROG";"EUR/kg H2";2040;"0.7";"Sensitivity | Removed policies except for H2 tax reduction";"Hydrogen"
"OPEX";"H2 Infrastructure";"ES";"HRS costs";"Tractor-Trailer";"PROG";"EUR/kg H2";2040;"0.7";"Sensitivity | Removed policies except for H2 tax reduction";"Hydrogen"
"OPEX";"H2 Infrastructure";"FR";"HRS costs";"Rigid";"PROG";"EUR/kg H2";2040;"0.7";"Sensitivity | Removed policies except for H2 tax reduction";"Hydrogen"
"OPEX";"H2 Infrastructure";"FR";"HRS costs";"Tractor-Trailer";"PROG";"EUR/kg H2";2040;"0.7";"Sensitivity | Removed policies except for H2 tax reduction";"Hydrogen"
"OPEX";"H2 Infrastructure";"IT";"HRS costs";"Rigid";"PROG";"EUR/kg H2";2040;"0.7";"Sensitivity | Removed policies except for H2 tax reduction";"Hydrogen"
"OPEX";"H2 Infrastructure";"IT";"HRS costs";"Tractor-Trailer";"PROG";"EUR/kg H2";2040;"0.7";"Sensitivity | Removed policies except for H2 tax reduction";"Hydrogen"
"OPEX";"H2 Infrastructure";"NL";"HRS costs";"Rigid";"PROG";"EUR/kg H2";2040;"0.7";"Sensitivity | Removed policies except for H2 tax reduction";"Hydrogen"
"OPEX";"H2 Infrastructure";"NL";"HRS costs";"Tractor-Trailer";"PROG";"EUR/kg H2";2040;"0.7";"Sensitivity | Removed policies except for H2 tax reduction";"Hydrogen"
"OPEX";"H2 Infrastructure";"PL";"HRS costs";"Rigid";"PROG";"EUR/kg H2";2040;"0.7";"Sensitivity | Removed policies except for H2 tax reduction";"Hydrogen"
"OPEX";"H2 Infrastructure";"PL";"HRS costs";"Tractor-Trailer";"PROG";"EUR/kg H2";2040;"0.7";"Sensitivity | Removed policies except for H2 tax reduction";"Hydrogen"
"OPEX";"H2 Infrastructure";"UK";"HRS costs";"Rigid";"PROG";"EUR/kg H2";2040;"0.7";"Sensitivity | Removed policies except for H2 tax reduction";"Hydrogen"
"OPEX";"H2 Infrastructure";"UK";"HRS costs";"Tractor-Trailer";"PROG";"EUR/kg H2";2040;"0.7";"Sensitivity | Removed policies except for H2 tax reduction";"Hydrogen"
"OPEX";"H2 Infrastructure";"DE";"H2 transport and distribution";"Rigid";"PROG";"EUR/kg H2";2040;"0.667";"Sensitivity | Removed policies except for H2 tax reduction";"Hydrogen"
"OPEX";"H2 Infrastructure";"DE";"H2 transport and distribution";"Tractor-Trailer";"PROG";"EUR/kg H2";2040;"0.667";"Sensitivity | Removed policies except for H2 tax reduction";"Hydrogen"
"OPEX";"H2 Infrastructure";"ES";"H2 transport and distribution";"Rigid";"PROG";"EUR/kg H2";2040;"0.667";"Sensitivity | Removed policies except for H2 tax reduction";"Hydrogen"
"OPEX";"H2 Infrastructure";"ES";"H2 transport and distribution";"Tractor-Trailer";"PROG";"EUR/kg H2";2040;"0.667";"Sensitivity | Removed policies except for H2 tax reduction";"Hydrogen"
"OPEX";"H2 Infrastructure";"FR";"H2 transport and distribution";"Rigid";"PROG";"EUR/kg H2";2040;"0.667";"Sensitivity | Removed policies except for H2 tax reduction";"Hydrogen"
"OPEX";"H2 Infrastructure";"FR";"H2 transport and distribution";"Tractor-Trailer";"PROG";"EUR/kg H2";2040;"0.667";"Sensitivity | Removed policies except for H2 tax reduction";"Hydrogen"
"OPEX";"H2 Infrastructure";"IT";"H2 transport and distribution";"Rigid";"PROG";"EUR/kg H2";2040;"0.667";"Sensitivity | Removed policies except for H2 tax reduction";"Hydrogen"
"OPEX";"H2 Infrastructure";"IT";"H2 transport and distribution";"Tractor-Trailer";"PROG";"EUR/kg H2";2040;"0.667";"Sensitivity | Removed policies except for H2 tax reduction";"Hydrogen"
"OPEX";"H2 Infrastructure";"NL";"H2 transport and distribution";"Rigid";"PROG";"EUR/kg H2";2040;"0.667";"Sensitivity | Removed policies except for H2 tax reduction";"Hydrogen"
"OPEX";"H2 Infrastructure";"NL";"H2 transport and distribution";"Tractor-Trailer";"PROG";"EUR/kg H2";2040;"0.667";"Sensitivity | Removed policies except for H2 tax reduction";"Hydrogen"
"OPEX";"H2 Infrastructure";"PL";"H2 transport and distribution";"Rigid";"PROG";"EUR/kg H2";2040;"0.667";"Sensitivity | Removed policies except for H2 tax reduction";"Hydrogen"
"OPEX";"H2 Infrastructure";"PL";"H2 transport and distribution";"Tractor-Trailer";"PROG";"EUR/kg H2";2040;"0.667";"Sensitivity | Removed policies except for H2 tax reduction";"Hydrogen"
"OPEX";"H2 Infrastructure";"UK";"H2 transport and distribution";"Rigid";"PROG";"EUR/kg H2";2040;"0.667";"Sensitivity | Removed policies except for H2 tax reduction";"Hydrogen"
"OPEX";"H2 Infrastructure";"UK";"H2 transport and distribution";"Tractor-Trailer";"PROG";"EUR/kg H2";2040;"0.667";"Sensitivity | Removed policies except for H2 tax reduction";"Hydrogen"
"OPEX";"H2 Infrastructure";"DE";"HRS Overhead, Profit and Mark-Up";"Rigid";"PROG";"EUR/kg H2";2040;"0.25";"Sensitivity | Removed policies except for H2 tax reduction";"Hydrogen"
"OPEX";"H2 Infrastructure";"DE";"HRS Overhead, Profit and Mark-Up";"Tractor-Trailer";"PROG";"EUR/kg H2";2040;"0.25";"Sensitivity | Removed policies except for H2 tax reduction";"Hydrogen"
"OPEX";"H2 Infrastructure";"ES";"HRS Overhead, Profit and Mark-Up";"Rigid";"PROG";"EUR/kg H2";2040;"0.25";"Sensitivity | Removed policies except for H2 tax reduction";"Hydrogen"
"OPEX";"H2 Infrastructure";"ES";"HRS Overhead, Profit and Mark-Up";"Tractor-Trailer";"PROG";"EUR/kg H2";2040;"0.25";"Sensitivity | Removed policies except for H2 tax reduction";"Hydrogen"
"OPEX";"H2 Infrastructure";"FR";"HRS Overhead, Profit and Mark-Up";"Rigid";"PROG";"EUR/kg H2";2040;"0.25";"Sensitivity | Removed policies except for H2 tax reduction";"Hydrogen"
"OPEX";"H2 Infrastructure";"FR";"HRS Overhead, Profit and Mark-Up";"Tractor-Trailer";"PROG";"EUR/kg H2";2040;"0.25";"Sensitivity | Removed policies except for H2 tax reduction";"Hydrogen"
"OPEX";"H2 Infrastructure";"IT";"HRS Overhead, Profit and Mark-Up";"Rigid";"PROG";"EUR/kg H2";2040;"0.25";"Sensitivity | Removed policies except for H2 tax reduction";"Hydrogen"
"OPEX";"H2 Infrastructure";"IT";"HRS Overhead, Profit and Mark-Up";"Tractor-Trailer";"PROG";"EUR/kg H2";2040;"0.25";"Sensitivity | Removed policies except for H2 tax reduction";"Hydrogen"
"OPEX";"H2 Infrastructure";"NL";"HRS Overhead, Profit and Mark-Up";"Rigid";"PROG";"EUR/kg H2";2040;"0.25";"Sensitivity | Removed policies except for H2 tax reduction";"Hydrogen"
"OPEX";"H2 Infrastructure";"NL";"HRS Overhead, Profit and Mark-Up";"Tractor-Trailer";"PROG";"EUR/kg H2";2040;"0.25";"Sensitivity | Removed policies except for H2 tax reduction";"Hydrogen"
"OPEX";"H2 Infrastructure";"PL";"HRS Overhead, Profit and Mark-Up";"Rigid";"PROG";"EUR/kg H2";2040;"0.25";"Sensitivity | Removed policies except for H2 tax reduction";"Hydrogen"
"OPEX";"H2 Infrastructure";"PL";"HRS Overhead, Profit and Mark-Up";"Tractor-Trailer";"PROG";"EUR/kg H2";2040;"0.25";"Sensitivity | Removed policies except for H2 tax reduction";"Hydrogen"
"OPEX";"H2 Infrastructure";"UK";"HRS Overhead, Profit and Mark-Up";"Rigid";"PROG";"EUR/kg H2";2040;"0.25";"Sensitivity | Removed policies except for H2 tax reduction";"Hydrogen"
"OPEX";"H2 Infrastructure";"UK";"HRS Overhead, Profit and Mark-Up";"Tractor-Trailer";"PROG";"EUR/kg H2";2040;"0.25";"Sensitivity | Removed policies except for H2 tax reduction";"Hydrogen"
"OPEX";"Charging Infrastructure";"DE";"MCS Station (Public Charging) - Incl. Overhead";"Rigid";"PROG";"EUR/kWh";2040;"0.02";"Sensitivity | Removed policies except for H2 tax reduction";"Electricity"
"OPEX";"Charging Infrastructure";"DE";"MCS Station (Public Charging) - Incl. Overhead";"Tractor-Trailer";"PROG";"EUR/kWh";2040;"0.02";"Sensitivity | Removed policies except for H2 tax reduction";"Electricity"
"OPEX";"Charging Infrastructure";"ES";"MCS Station (Public Charging) - Incl. Overhead";"Rigid";"PROG";"EUR/kWh";2040;"0.02";"Sensitivity | Removed policies except for H2 tax reduction";"Electricity"
"OPEX";"Charging Infrastructure";"ES";"MCS Station (Public Charging) - Incl. Overhead";"Tractor-Trailer";"PROG";"EUR/kWh";2040;"0.02";"Sensitivity | Removed policies except for H2 tax reduction";"Electricity"
"OPEX";"Charging Infrastructure";"FR";"MCS Station (Public Charging) - Incl. Overhead";"Rigid";"PROG";"EUR/kWh";2040;"0.02";"Sensitivity | Removed policies except for H2 tax reduction";"Electricity"
"OPEX";"Charging Infrastructure";"FR";"MCS Station (Public Charging) - Incl. Overhead";"Tractor-Trailer";"PROG";"EUR/kWh";2040;"0.02";"Sensitivity | Removed policies except for H2 tax reduction";"Electricity"
"OPEX";"Charging Infrastructure";"IT";"MCS Station (Public Charging) - Incl. Overhead";"Rigid";"PROG";"EUR/kWh";2040;"0.02";"Sensitivity | Removed policies except for H2 tax reduction";"Electricity"
"OPEX";"Charging Infrastructure";"IT";"MCS Station (Public Charging) - Incl. Overhead";"Tractor-Trailer";"PROG";"EUR/kWh";2040;"0.02";"Sensitivity | Removed policies except for H2 tax reduction";"Electricity"
"OPEX";"Charging Infrastructure";"NL";"MCS Station (Public Charging) - Incl. Overhead";"Rigid";"PROG";"EUR/kWh";2040;"0.02";"Sensitivity | Removed policies except for H2 tax reduction";"Electricity"
"OPEX";"Charging Infrastructure";"NL";"MCS Station (Public Charging) - Incl. Overhead";"Tractor-Trailer";"PROG";"EUR/kWh";2040;"0.02";"Sensitivity | Removed policies except for H2 tax reduction";"Electricity"
"OPEX";"Charging Infrastructure";"PL";"MCS Station (Public Charging) - Incl. Overhead";"Rigid";"PROG";"EUR/kWh";2040;"0.02";"Sensitivity | Removed policies except for H2 tax reduction";"Electricity"
"OPEX";"Charging Infrastructure";"PL";"MCS Station (Public Charging) - Incl. Overhead";"Tractor-Trailer";"PROG";"EUR/kWh";2040;"0.02";"Sensitivity | Removed policies except for H2 tax reduction";"Electricity"
"OPEX";"Charging Infrastructure";"UK";"MCS Station (Public Charging) - Incl. Overhead";"Rigid";"PROG";"EUR/kWh";2040;"0.02";"Sensitivity | Removed policies except for H2 tax reduction";"Electricity"
"OPEX";"Charging Infrastructure";"UK";"MCS Station (Public Charging) - Incl. Overhead";"Tractor-Trailer";"PROG";"EUR/kWh";2040;"0.02";"Sensitivity | Removed policies except for H2 tax reduction";"Electricity"
"OPEX";"Charging Infrastructure";"DE";"Share MCS-Charging";"Rigid";"PROG";"%";2040;"0.2";"Sensitivity | Removed policies except for H2 tax reduction";"Electricity"
"OPEX";"Charging Infrastructure";"DE";"Share MCS-Charging";"Tractor-Trailer";"PROG";"%";2040;"0.2";"Sensitivity | Removed policies except for H2 tax reduction";"Electricity"
"OPEX";"Charging Infrastructure";"ES";"Share MCS-Charging";"Rigid";"PROG";"%";2040;"0.2";"Sensitivity | Removed policies except for H2 tax reduction";"Electricity"
"OPEX";"Charging Infrastructure";"ES";"Share MCS-Charging";"Tractor-Trailer";"PROG";"%";2040;"0.2";"Sensitivity | Removed policies except for H2 tax reduction";"Electricity"
"OPEX";"Charging Infrastructure";"FR";"Share MCS-Charging";"Rigid";"PROG";"%";2040;"0.2";"Sensitivity | Removed policies except for H2 tax reduction";"Electricity"
"OPEX";"Charging Infrastructure";"FR";"Share MCS-Charging";"Tractor-Trailer";"PROG";"%";2040;"0.2";"Sensitivity | Removed policies except for H2 tax reduction";"Electricity"
"OPEX";"Charging Infrastructure";"IT";"Share MCS-Charging";"Rigid";"PROG";"%";2040;"0.2";"Sensitivity | Removed policies except for H2 tax reduction";"Electricity"
"OPEX";"Charging Infrastructure";"IT";"Share MCS-Charging";"Tractor-Trailer";"PROG";"%";2040;"0.2";"Sensitivity | Removed policies except for H2 tax reduction";"Electricity"
"OPEX";"Charging Infrastructure";"NL";"Share MCS-Charging";"Rigid";"PROG";"%";2040;"0.2";"Sensitivity | Removed policies except for H2 tax reduction";"Electricity"
"OPEX";"Charging Infrastructure";"NL";"Share MCS-Charging";"Tractor-Trailer";"PROG";"%";2040;"0.2";"Sensitivity | Removed policies except for H2 tax reduction";"Electricity"
"OPEX";"Charging Infrastructure";"PL";"Share MCS-Charging";"Rigid";"PROG";"%";2040;"0.2";"Sensitivity | Removed policies except for H2 tax reduction";"Electricity"
"OPEX";"Charging Infrastructure";"PL";"Share MCS-Charging";"Tractor-Trailer";"PROG";"%";2040;"0.2";"Sensitivity | Removed policies except for H2 tax reduction";"Electricity"
"OPEX";"Charging Infrastructure";"UK";"Share MCS-Charging";"Rigid";"PROG";"%";2040;"0.2";"Sensitivity | Removed policies except for H2 tax reduction";"Electricity"
"OPEX";"Charging Infrastructure";"UK";"Share MCS-Charging";"Tractor-Trailer";"PROG";"%";2040;"0.2";"Sensitivity | Removed policies except for H2 tax reduction";"Electricity"
"OPEX";"Charging Infrastructure";"DE";"Depot - Network fees savings potential";"Rigid";"PROG";"EUR/kWh";2040;"-0.01";"Sensitivity | Removed policies except for H2 tax reduction";"Electricity"
"OPEX";"Charging Infrastructure";"DE";"Depot - Network fees savings potential";"Tractor-Trailer";"PROG";"EUR/kWh";2040;"-0.01";"Sensitivity | Removed policies except for H2 tax reduction";"Electricity"
"OPEX";"Charging Infrastructure";"ES";"Depot - Network fees savings potential";"Rigid";"PROG";"EUR/kWh";2040;"-0.01";"Sensitivity | Removed policies except for H2 tax reduction";"Electricity"
"OPEX";"Charging Infrastructure";"ES";"Depot - Network fees savings potential";"Tractor-Trailer";"PROG";"EUR/kWh";2040;"-0.01";"Sensitivity | Removed policies except for H2 tax reduction";"Electricity"
"OPEX";"Charging Infrastructure";"FR";"Depot - Network fees savings potential";"Rigid";"PROG";"EUR/kWh";2040;"-0.01";"Sensitivity | Removed policies except for H2 tax reduction";"Electricity"
"OPEX";"Charging Infrastructure";"FR";"Depot - Network fees savings potential";"Tractor-Trailer";"PROG";"EUR/kWh";2040;"-0.01";"Sensitivity | Removed policies except for H2 tax reduction";"Electricity"
"OPEX";"Charging Infrastructure";"IT";"Depot - Network fees savings potential";"Rigid";"PROG";"EUR/kWh";2040;"-0.01";"Sensitivity | Removed policies except for H2 tax reduction";"Electricity"
"OPEX";"Charging Infrastructure";"IT";"Depot - Network fees savings potential";"Tractor-Trailer";"PROG";"EUR/kWh";2040;"-0.01";"Sensitivity | Removed policies except for H2 tax reduction";"Electricity"
"OPEX";"Charging Infrastructure";"NL";"Depot - Network fees savings potential";"Rigid";"PROG";"EUR/kWh";2040;"-0.01";"Sensitivity | Removed policies except for H2 tax reduction";"Electricity"
"OPEX";"Charging Infrastructure";"NL";"Depot - Network fees savings potential";"Tractor-Trailer";"PROG";"EUR/kWh";2040;"-0.01";"Sensitivity | Removed policies except for H2 tax reduction";"Electricity"
"OPEX";"Charging Infrastructure";"PL";"Depot - Network fees savings potential";"Rigid";"PROG";"EUR/kWh";2040;"-0.01";"Sensitivity | Removed policies except for H2 tax reduction";"Electricity"
"OPEX";"Charging Infrastructure";"PL";"Depot - Network fees savings potential";"Tractor-Trailer";"PROG";"EUR/kWh";2040;"-0.01";"Sensitivity | Removed policies except for H2 tax reduction";"Electricity"
"OPEX";"Charging Infrastructure";"UK";"Depot - Network fees savings potential";"Rigid";"PROG";"EUR/kWh";2040;"-0.01";"Sensitivity | Removed policies except for H2 tax reduction";"Electricity"
"OPEX";"Charging Infrastructure";"UK";"Depot - Network fees savings potential";"Tractor-Trailer";"PROG";"EUR/kWh";2040;"-0.01";"Sensitivity | Removed policies except for H2 tax reduction";"Electricity"
"OPEX";"Taxes";"DE";"Tax reduction";"Rigid";"PROG";"%";2040;"0";"Sensitivity | Removed policies except for H2 tax reduction";"Hydrogen"
"OPEX";"Taxes";"DE";"Tax reduction";"Tractor-Trailer";"PROG";"%";2040;"0";"Sensitivity | Removed policies except for H2 tax reduction";"Hydrogen"
"OPEX";"Taxes";"ES";"Tax reduction";"Rigid";"PROG";"%";2040;"0";"Sensitivity | Removed policies except for H2 tax reduction";"Hydrogen"
"OPEX";"Taxes";"ES";"Tax reduction";"Tractor-Trailer";"PROG";"%";2040;"0";"Sensitivity | Removed policies except for H2 tax reduction";"Hydrogen"
"OPEX";"Taxes";"FR";"Tax reduction";"Rigid";"PROG";"%";2040;"0";"Sensitivity | Removed policies except for H2 tax reduction";"Hydrogen"
"OPEX";"Taxes";"FR";"Tax reduction";"Tractor-Trailer";"PROG";"%";2040;"0";"Sensitivity | Removed policies except for H2 tax reduction";"Hydrogen"
"OPEX";"Taxes";"IT";"Tax reduction";"Rigid";"PROG";"%";2040;"0";"Sensitivity | Removed policies except for H2 tax reduction";"Hydrogen"
"OPEX";"Taxes";"IT";"Tax reduction";"Tractor-Trailer";"PROG";"%";2040;"0";"Sensitivity | Removed policies except for H2 tax reduction";"Hydrogen"
"OPEX";"Taxes";"NL";"Tax reduction";"Rigid";"PROG";"%";2040;"0";"Sensitivity | Removed policies except for H2 tax reduction";"Hydrogen"
"OPEX";"Taxes";"NL";"Tax reduction";"Tractor-Trailer";"PROG";"%";2040;"0";"Sensitivity | Removed policies except for H2 tax reduction";"Hydrogen"
"OPEX";"Taxes";"PL";"Tax reduction";"Rigid";"PROG";"%";2040;"0";"Sensitivity | Removed policies except for H2 tax reduction";"Hydrogen"
"OPEX";"Taxes";"PL";"Tax reduction";"Tractor-Trailer";"PROG";"%";2040;"0";"Sensitivity | Removed policies except for H2 tax reduction";"Hydrogen"
"OPEX";"Taxes";"UK";"Tax reduction";"Rigid";"PROG";"%";2040;"0";"Sensitivity | Removed policies except for H2 tax reduction";"Hydrogen"
"OPEX";"Taxes";"UK";"Tax reduction";"Tractor-Trailer";"PROG";"%";2040;"0";"Sensitivity | Removed policies except for H2 tax reduction";"Hydrogen"
"OPEX";"Taxes";"DE";"Excise Duty - Diesel";"Rigid";"BAU";"EUR/kWh";2040;"0.047";"Sensitivity | Removed policies except for H2 tax reduction";"Diesel"
"OPEX";"Taxes";"DE";"Excise Duty - Diesel";"Tractor-Trailer";"BAU";"EUR/kWh";2040;"0.047";"Sensitivity | Removed policies except for H2 tax reduction";"Diesel"
"OPEX";"Taxes";"DE";"Excise Duty - Diesel";"Rigid";"PROG";"EUR/kWh";2040;"0.047";"Sensitivity | Removed policies except for H2 tax reduction";"Diesel"
"OPEX";"Taxes";"DE";"Excise Duty - Diesel";"Tractor-Trailer";"PROG";"EUR/kWh";2040;"0.047";"Sensitivity | Removed policies except for H2 tax reduction";"Diesel"
"OPEX";"Taxes";"ES";"Excise Duty - Diesel";"Rigid";"BAU";"EUR/kWh";2040;"0.038";"Sensitivity | Removed policies except for H2 tax reduction";"Diesel"
"OPEX";"Taxes";"ES";"Excise Duty - Diesel";"Tractor-Trailer";"BAU";"EUR/kWh";2040;"0.038";"Sensitivity | Removed policies except for H2 tax reduction";"Diesel"
"OPEX";"Taxes";"ES";"Excise Duty - Diesel";"Rigid";"PROG";"EUR/kWh";2040;"0.038";"Sensitivity | Removed policies except for H2 tax reduction";"Diesel"
"OPEX";"Taxes";"ES";"Excise Duty - Diesel";"Tractor-Trailer";"PROG";"EUR/kWh";2040;"0.038";"Sensitivity | Removed policies except for H2 tax reduction";"Diesel"
"OPEX";"Taxes";"FR";"Excise Duty - Diesel";"Rigid";"BAU";"EUR/kWh";2040;"0.06";"Sensitivity | Removed policies except for H2 tax reduction";"Diesel"
"OPEX";"Taxes";"FR";"Excise Duty - Diesel";"Tractor-Trailer";"BAU";"EUR/kWh";2040;"0.06";"Sensitivity | Removed policies except for H2 tax reduction";"Diesel"
"OPEX";"Taxes";"FR";"Excise Duty - Diesel";"Rigid";"PROG";"EUR/kWh";2040;"0.06";"Sensitivity | Removed policies except for H2 tax reduction";"Diesel"
"OPEX";"Taxes";"FR";"Excise Duty - Diesel";"Tractor-Trailer";"PROG";"EUR/kWh";2040;"0.06";"Sensitivity | Removed policies except for H2 tax reduction";"Diesel"
"OPEX";"Taxes";"IT";"Excise Duty - Diesel";"Rigid";"BAU";"EUR/kWh";2040;"0.062";"Sensitivity | Removed policies except for H2 tax reduction";"Diesel"
"OPEX";"Taxes";"IT";"Excise Duty - Diesel";"Tractor-Trailer";"BAU";"EUR/kWh";2040;"0.062";"Sensitivity | Removed policies except for H2 tax reduction";"Diesel"
"OPEX";"Taxes";"IT";"Excise Duty - Diesel";"Rigid";"PROG";"EUR/kWh";2040;"0.062";"Sensitivity | Removed policies except for H2 tax reduction";"Diesel"
"OPEX";"Taxes";"IT";"Excise Duty - Diesel";"Tractor-Trailer";"PROG";"EUR/kWh";2040;"0.062";"Sensitivity | Removed policies except for H2 tax reduction";"Diesel"
"OPEX";"Taxes";"NL";"Excise Duty - Diesel";"Rigid";"BAU";"EUR/kWh";2040;"0.053";"Sensitivity | Removed policies except for H2 tax reduction";"Diesel"
"OPEX";"Taxes";"NL";"Excise Duty - Diesel";"Tractor-Trailer";"BAU";"EUR/kWh";2040;"0.053";"Sensitivity | Removed policies except for H2 tax reduction";"Diesel"
"OPEX";"Taxes";"NL";"Excise Duty - Diesel";"Rigid";"PROG";"EUR/kWh";2040;"0.053";"Sensitivity | Removed policies except for H2 tax reduction";"Diesel"
"OPEX";"Taxes";"NL";"Excise Duty - Diesel";"Tractor-Trailer";"PROG";"EUR/kWh";2040;"0.053";"Sensitivity | Removed policies except for H2 tax reduction";"Diesel"
"OPEX";"Taxes";"PL";"Excise Duty - Diesel";"Rigid";"BAU";"EUR/kWh";2040;"0.033";"Sensitivity | Removed policies except for H2 tax reduction";"Diesel"
"OPEX";"Taxes";"PL";"Excise Duty - Diesel";"Tractor-Trailer";"BAU";"EUR/kWh";2040;"0.033";"Sensitivity | Removed policies except for H2 tax reduction";"Diesel"
"OPEX";"Taxes";"PL";"Excise Duty - Diesel";"Rigid";"PROG";"EUR/kWh";2040;"0.033";"Sensitivity | Removed policies except for H2 tax reduction";"Diesel"
"OPEX";"Taxes";"PL";"Excise Duty - Diesel";"Tractor-Trailer";"PROG";"EUR/kWh";2040;"0.033";"Sensitivity | Removed policies except for H2 tax reduction";"Diesel"
"OPEX";"Taxes";"UK";"Excise Duty - Diesel";"Rigid";"BAU";"EUR/kWh";2040;"0.053";"Sensitivity | Removed policies except for H2 tax reduction";"Diesel"
"OPEX";"Taxes";"UK";"Excise Duty - Diesel";"Tractor-Trailer";"BAU";"EUR/kWh";2040;"0.053";"Sensitivity | Removed policies except for H2 tax reduction";"Diesel"
"OPEX";"Taxes";"UK";"Excise Duty - Diesel";"Rigid";"PROG";"EUR/kWh";2040;"0.053";"Sensitivity | Removed policies except for H2 tax reduction";"Diesel"
"OPEX";"Taxes";"UK";"Excise Duty - Diesel";"Tractor-Trailer";"PROG";"EUR/kWh";2040;"0.053";"Sensitivity | Removed policies except for H2 tax reduction";"Diesel"
"OPEX";"Taxes";"DE";"Excise Duty - Reduction biodiesel";"Rigid";"BAU";"%";2040;"0.5";"Sensitivity | Removed policies except for H2 tax reduction";"Diesel"
"OPEX";"Taxes";"DE";"Excise Duty - Reduction biodiesel";"Tractor-Trailer";"BAU";"%";2040;"0.5";"Sensitivity | Removed policies except for H2 tax reduction";"Diesel"
"OPEX";"Taxes";"DE";"Excise Duty - Reduction biodiesel";"Rigid";"PROG";"%";2040;"0.5";"Sensitivity | Removed policies except for H2 tax reduction";"Diesel"
"OPEX";"Taxes";"DE";"Excise Duty - Reduction biodiesel";"Tractor-Trailer";"PROG";"%";2040;"0.5";"Sensitivity | Removed policies except for H2 tax reduction";"Diesel"
"OPEX";"Taxes";"ES";"Excise Duty - Reduction biodiesel";"Rigid";"BAU";"%";2040;"0.5";"Sensitivity | Removed policies except for H2 tax reduction";"Diesel"
"OPEX";"Taxes";"ES";"Excise Duty - Reduction biodiesel";"Tractor-Trailer";"BAU";"%";2040;"0.5";"Sensitivity | Removed policies except for H2 tax reduction";"Diesel"
"OPEX";"Taxes";"ES";"Excise Duty - Reduction biodiesel";"Rigid";"PROG";"%";2040;"0.5";"Sensitivity | Removed policies except for H2 tax reduction";"Diesel"
"OPEX";"Taxes";"ES";"Excise Duty - Reduction biodiesel";"Tractor-Trailer";"PROG";"%";2040;"0.5";"Sensitivity | Removed policies except for H2 tax reduction";"Diesel"
"OPEX";"Taxes";"FR";"Excise Duty - Reduction biodiesel";"Rigid";"BAU";"%";2040;"0.5";"Sensitivity | Removed policies except for H2 tax reduction";"Diesel"
"OPEX";"Taxes";"FR";"Excise Duty - Reduction biodiesel";"Tractor-Trailer";"BAU";"%";2040;"0.5";"Sensitivity | Removed policies except for H2 tax reduction";"Diesel"
"OPEX";"Taxes";"FR";"Excise Duty - Reduction biodiesel";"Rigid";"PROG";"%";2040;"0.5";"Sensitivity | Removed policies except for H2 tax reduction";"Diesel"
"OPEX";"Taxes";"FR";"Excise Duty - Reduction biodiesel";"Tractor-Trailer";"PROG";"%";2040;"0.5";"Sensitivity | Removed policies except for H2 tax reduction";"Diesel"
"OPEX";"Taxes";"IT";"Excise Duty - Reduction biodiesel";"Rigid";"BAU";"%";2040;"0.5";"Sensitivity | Removed policies except for H2 tax reduction";"Diesel"
"OPEX";"Taxes";"IT";"Excise Duty - Reduction biodiesel";"Tractor-Trailer";"BAU";"%";2040;"0.5";"Sensitivity | Removed policies except for H2 tax reduction";"Diesel"
"OPEX";"Taxes";"IT";"Excise Duty - Reduction biodiesel";"Rigid";"PROG";"%";2040;"0.5";"Sensitivity | Removed policies except for H2 tax reduction";"Diesel"
"OPEX";"Taxes";"IT";"Excise Duty - Reduction biodiesel";"Tractor-Trailer";"PROG";"%";2040;"0.5";"Sensitivity | Removed policies except for H2 tax reduction";"Diesel"
"OPEX";"Taxes";"NL";"Excise Duty - Reduction biodiesel";"Rigid";"BAU";"%";2040;"0.5";"Sensitivity | Removed policies except for H2 tax reduction";"Diesel"
"OPEX";"Taxes";"NL";"Excise Duty - Reduction biodiesel";"Tractor-Trailer";"BAU";"%";2040;"0.5";"Sensitivity | Removed policies except for H2 tax reduction";"Diesel"
"OPEX";"Taxes";"NL";"Excise Duty - Reduction biodiesel";"Rigid";"PROG";"%";2040;"0.5";"Sensitivity | Removed policies except for H2 tax reduction";"Diesel"
"OPEX";"Taxes";"NL";"Excise Duty - Reduction biodiesel";"Tractor-Trailer";"PROG";"%";2040;"0.5";"Sensitivity | Removed policies except for H2 tax reduction";"Diesel"
"OPEX";"Taxes";"PL";"Excise Duty - Reduction biodiesel";"Rigid";"BAU";"%";2040;"0.5";"Sensitivity | Removed policies except for H2 tax reduction";"Diesel"
"OPEX";"Taxes";"PL";"Excise Duty - Reduction biodiesel";"Tractor-Trailer";"BAU";"%";2040;"0.5";"Sensitivity | Removed policies except for H2 tax reduction";"Diesel"
"OPEX";"Taxes";"PL";"Excise Duty - Reduction biodiesel";"Rigid";"PROG";"%";2040;"0.5";"Sensitivity | Removed policies except for H2 tax reduction";"Diesel"
"OPEX";"Taxes";"PL";"Excise Duty - Reduction biodiesel";"Tractor-Trailer";"PROG";"%";2040;"0.5";"Sensitivity | Removed policies except for H2 tax reduction";"Diesel"
"OPEX";"Taxes";"UK";"Excise Duty - Reduction biodiesel";"Rigid";"BAU";"%";2040;"0.5";"Sensitivity | Removed policies except for H2 tax reduction";"Diesel"
"OPEX";"Taxes";"UK";"Excise Duty - Reduction biodiesel";"Tractor-Trailer";"BAU";"%";2040;"0.5";"Sensitivity | Removed policies except for H2 tax reduction";"Diesel"
"OPEX";"Taxes";"UK";"Excise Duty - Reduction biodiesel";"Rigid";"PROG";"%";2040;"0.5";"Sensitivity | Removed policies except for H2 tax reduction";"Diesel"
"OPEX";"Taxes";"UK";"Excise Duty - Reduction biodiesel";"Tractor-Trailer";"PROG";"%";2040;"0.5";"Sensitivity | Removed policies except for H2 tax reduction";"Diesel"
"OPEX";"Taxes";"DE";"Excise Duty - Reduction Synthetic Diesel (E-Fuels)";"Rigid";"BAU";"%";2040;"0.5";"Sensitivity | Removed policies except for H2 tax reduction";"Diesel"
"OPEX";"Taxes";"DE";"Excise Duty - Reduction Synthetic Diesel (E-Fuels)";"Tractor-Trailer";"BAU";"%";2040;"0.5";"Sensitivity | Removed policies except for H2 tax reduction";"Diesel"
"OPEX";"Taxes";"DE";"Excise Duty - Reduction Synthetic Diesel (E-Fuels)";"Rigid";"PROG";"%";2040;"0.5";"Sensitivity | Removed policies except for H2 tax reduction";"Diesel"
"OPEX";"Taxes";"DE";"Excise Duty - Reduction Synthetic Diesel (E-Fuels)";"Tractor-Trailer";"PROG";"%";2040;"0.5";"Sensitivity | Removed policies except for H2 tax reduction";"Diesel"
"OPEX";"Taxes";"ES";"Excise Duty - Reduction Synthetic Diesel (E-Fuels)";"Rigid";"BAU";"%";2040;"0.5";"Sensitivity | Removed policies except for H2 tax reduction";"Diesel"
"OPEX";"Taxes";"ES";"Excise Duty - Reduction Synthetic Diesel (E-Fuels)";"Tractor-Trailer";"BAU";"%";2040;"0.5";"Sensitivity | Removed policies except for H2 tax reduction";"Diesel"
"OPEX";"Taxes";"ES";"Excise Duty - Reduction Synthetic Diesel (E-Fuels)";"Rigid";"PROG";"%";2040;"0.5";"Sensitivity | Removed policies except for H2 tax reduction";"Diesel"
"OPEX";"Taxes";"ES";"Excise Duty - Reduction Synthetic Diesel (E-Fuels)";"Tractor-Trailer";"PROG";"%";2040;"0.5";"Sensitivity | Removed policies except for H2 tax reduction";"Diesel"
"OPEX";"Taxes";"FR";"Excise Duty - Reduction Synthetic Diesel (E-Fuels)";"Rigid";"BAU";"%";2040;"0.5";"Sensitivity | Removed policies except for H2 tax reduction";"Diesel"
"OPEX";"Taxes";"FR";"Excise Duty - Reduction Synthetic Diesel (E-Fuels)";"Tractor-Trailer";"BAU";"%";2040;"0.5";"Sensitivity | Removed policies except for H2 tax reduction";"Diesel"
"OPEX";"Taxes";"FR";"Excise Duty - Reduction Synthetic Diesel (E-Fuels)";"Rigid";"PROG";"%";2040;"0.5";"Sensitivity | Removed policies except for H2 tax reduction";"Diesel"
"OPEX";"Taxes";"FR";"Excise Duty - Reduction Synthetic Diesel (E-Fuels)";"Tractor-Trailer";"PROG";"%";2040;"0.5";"Sensitivity | Removed policies except for H2 tax reduction";"Diesel"
"OPEX";"Taxes";"IT";"Excise Duty - Reduction Synthetic Diesel (E-Fuels)";"Rigid";"BAU";"%";2040;"0.5";"Sensitivity | Removed policies except for H2 tax reduction";"Diesel"
"OPEX";"Taxes";"IT";"Excise Duty - Reduction Synthetic Diesel (E-Fuels)";"Tractor-Trailer";"BAU";"%";2040;"0.5";"Sensitivity | Removed policies except for H2 tax reduction";"Diesel"
"OPEX";"Taxes";"IT";"Excise Duty - Reduction Synthetic Diesel (E-Fuels)";"Rigid";"PROG";"%";2040;"0.5";"Sensitivity | Removed policies except for H2 tax reduction";"Diesel"
"OPEX";"Taxes";"IT";"Excise Duty - Reduction Synthetic Diesel (E-Fuels)";"Tractor-Trailer";"PROG";"%";2040;"0.5";"Sensitivity | Removed policies except for H2 tax reduction";"Diesel"
"OPEX";"Taxes";"NL";"Excise Duty - Reduction Synthetic Diesel (E-Fuels)";"Rigid";"BAU";"%";2040;"0.5";"Sensitivity | Removed policies except for H2 tax reduction";"Diesel"
"OPEX";"Taxes";"NL";"Excise Duty - Reduction Synthetic Diesel (E-Fuels)";"Tractor-Trailer";"BAU";"%";2040;"0.5";"Sensitivity | Removed policies except for H2 tax reduction";"Diesel"
"OPEX";"Taxes";"NL";"Excise Duty - Reduction Synthetic Diesel (E-Fuels)";"Rigid";"PROG";"%";2040;"0.5";"Sensitivity | Removed policies except for H2 tax reduction";"Diesel"
"OPEX";"Taxes";"NL";"Excise Duty - Reduction Synthetic Diesel (E-Fuels)";"Tractor-Trailer";"PROG";"%";2040;"0.5";"Sensitivity | Removed policies except for H2 tax reduction";"Diesel"
"OPEX";"Taxes";"PL";"Excise Duty - Reduction Synthetic Diesel (E-Fuels)";"Rigid";"BAU";"%";2040;"0.5";"Sensitivity | Removed policies except for H2 tax reduction";"Diesel"
"OPEX";"Taxes";"PL";"Excise Duty - Reduction Synthetic Diesel (E-Fuels)";"Tractor-Trailer";"BAU";"%";2040;"0.5";"Sensitivity | Removed policies except for H2 tax reduction";"Diesel"
"OPEX";"Taxes";"PL";"Excise Duty - Reduction Synthetic Diesel (E-Fuels)";"Rigid";"PROG";"%";2040;"0.5";"Sensitivity | Removed policies except for H2 tax reduction";"Diesel"
"OPEX";"Taxes";"PL";"Excise Duty - Reduction Synthetic Diesel (E-Fuels)";"Tractor-Trailer";"PROG";"%";2040;"0.5";"Sensitivity | Removed policies except for H2 tax reduction";"Diesel"
"OPEX";"Taxes";"UK";"Excise Duty - Reduction Synthetic Diesel (E-Fuels)";"Rigid";"BAU";"%";2040;"0.5";"Sensitivity | Removed policies except for H2 tax reduction";"Diesel"
"OPEX";"Taxes";"UK";"Excise Duty - Reduction Synthetic Diesel (E-Fuels)";"Tractor-Trailer";"BAU";"%";2040;"0.5";"Sensitivity | Removed policies except for H2 tax reduction";"Diesel"
"OPEX";"Taxes";"UK";"Excise Duty - Reduction Synthetic Diesel (E-Fuels)";"Rigid";"PROG";"%";2040;"0.5";"Sensitivity | Removed policies except for H2 tax reduction";"Diesel"
"OPEX";"Taxes";"UK";"Excise Duty - Reduction Synthetic Diesel (E-Fuels)";"Tractor-Trailer";"PROG";"%";2040;"0.5";"Sensitivity | Removed policies except for H2 tax reduction";"Diesel"
"OPEX";"Taxes";"DE";"Taxes, Fees, Levies and charges - H2";"Rigid";"BAU";"EUR/kWh";2040;"0.015";"Sensitivity | Removed policies except for H2 tax reduction";"Hydrogen"
"OPEX";"Taxes";"DE";"Taxes, Fees, Levies and charges - H2";"Tractor-Trailer";"BAU";"EUR/kWh";2040;"0.015";"Sensitivity | Removed policies except for H2 tax reduction";"Hydrogen"
"OPEX";"Taxes";"DE";"Taxes, Fees, Levies and charges - H2";"Rigid";"PROG";"EUR/kWh";2040;"0.015";"Sensitivity | Removed policies except for H2 tax reduction";"Hydrogen"
"OPEX";"Taxes";"DE";"Taxes, Fees, Levies and charges - H2";"Tractor-Trailer";"PROG";"EUR/kWh";2040;"0.015";"Sensitivity | Removed policies except for H2 tax reduction";"Hydrogen"
"OPEX";"Taxes";"ES";"Taxes, Fees, Levies and charges - H2";"Rigid";"BAU";"EUR/kWh";2040;"0.008";"Sensitivity | Removed policies except for H2 tax reduction";"Hydrogen"
"OPEX";"Taxes";"ES";"Taxes, Fees, Levies and charges - H2";"Tractor-Trailer";"BAU";"EUR/kWh";2040;"0.008";"Sensitivity | Removed policies except for H2 tax reduction";"Hydrogen"
"OPEX";"Taxes";"ES";"Taxes, Fees, Levies and charges - H2";"Rigid";"PROG";"EUR/kWh";2040;"0.008";"Sensitivity | Removed policies except for H2 tax reduction";"Hydrogen"
"OPEX";"Taxes";"ES";"Taxes, Fees, Levies and charges - H2";"Tractor-Trailer";"PROG";"EUR/kWh";2040;"0.008";"Sensitivity | Removed policies except for H2 tax reduction";"Hydrogen"
"OPEX";"Taxes";"FR";"Taxes, Fees, Levies and charges - H2";"Rigid";"BAU";"EUR/kWh";2040;"0.012";"Sensitivity | Removed policies except for H2 tax reduction";"Hydrogen"
"OPEX";"Taxes";"FR";"Taxes, Fees, Levies and charges - H2";"Tractor-Trailer";"BAU";"EUR/kWh";2040;"0.012";"Sensitivity | Removed policies except for H2 tax reduction";"Hydrogen"
"OPEX";"Taxes";"FR";"Taxes, Fees, Levies and charges - H2";"Rigid";"PROG";"EUR/kWh";2040;"0.012";"Sensitivity | Removed policies except for H2 tax reduction";"Hydrogen"
"OPEX";"Taxes";"FR";"Taxes, Fees, Levies and charges - H2";"Tractor-Trailer";"PROG";"EUR/kWh";2040;"0.012";"Sensitivity | Removed policies except for H2 tax reduction";"Hydrogen"
"OPEX";"Taxes";"IT";"Taxes, Fees, Levies and charges - H2";"Rigid";"BAU";"EUR/kWh";2040;"0.009";"Sensitivity | Removed policies except for H2 tax reduction";"Hydrogen"
"OPEX";"Taxes";"IT";"Taxes, Fees, Levies and charges - H2";"Tractor-Trailer";"BAU";"EUR/kWh";2040;"0.009";"Sensitivity | Removed policies except for H2 tax reduction";"Hydrogen"
"OPEX";"Taxes";"IT";"Taxes, Fees, Levies and charges - H2";"Rigid";"PROG";"EUR/kWh";2040;"0.009";"Sensitivity | Removed policies except for H2 tax reduction";"Hydrogen"
"OPEX";"Taxes";"IT";"Taxes, Fees, Levies and charges - H2";"Tractor-Trailer";"PROG";"EUR/kWh";2040;"0.009";"Sensitivity | Removed policies except for H2 tax reduction";"Hydrogen"
"OPEX";"Taxes";"NL";"Taxes, Fees, Levies and charges - H2";"Rigid";"BAU";"EUR/kWh";2040;"0.024";"Sensitivity | Removed policies except for H2 tax reduction";"Hydrogen"
"OPEX";"Taxes";"NL";"Taxes, Fees, Levies and charges - H2";"Tractor-Trailer";"BAU";"EUR/kWh";2040;"0.024";"Sensitivity | Removed policies except for H2 tax reduction";"Hydrogen"
"OPEX";"Taxes";"NL";"Taxes, Fees, Levies and charges - H2";"Rigid";"PROG";"EUR/kWh";2040;"0.024";"Sensitivity | Removed policies except for H2 tax reduction";"Hydrogen"
"OPEX";"Taxes";"NL";"Taxes, Fees, Levies and charges - H2";"Tractor-Trailer";"PROG";"EUR/kWh";2040;"0.024";"Sensitivity | Removed policies except for H2 tax reduction";"Hydrogen"
"OPEX";"Taxes";"PL";"Taxes, Fees, Levies and charges - H2";"Rigid";"BAU";"EUR/kWh";2040;"0.009";"Sensitivity | Removed policies except for H2 tax reduction";"Hydrogen"
"OPEX";"Taxes";"PL";"Taxes, Fees, Levies and charges - H2";"Tractor-Trailer";"BAU";"EUR/kWh";2040;"0.009";"Sensitivity | Removed policies except for H2 tax reduction";"Hydrogen"
"OPEX";"Taxes";"PL";"Taxes, Fees, Levies and charges - H2";"Rigid";"PROG";"EUR/kWh";2040;"0.009";"Sensitivity | Removed policies except for H2 tax reduction";"Hydrogen"
"OPEX";"Taxes";"PL";"Taxes, Fees, Levies and charges - H2";"Tractor-Trailer";"PROG";"EUR/kWh";2040;"0.009";"Sensitivity | Removed policies except for H2 tax reduction";"Hydrogen"
"OPEX";"Taxes";"UK";"Taxes, Fees, Levies and charges - H2";"Rigid";"BAU";"EUR/kWh";2040;"0.006";"Sensitivity | Removed policies except for H2 tax reduction";"Hydrogen"
"OPEX";"Taxes";"UK";"Taxes, Fees, Levies and charges - H2";"Tractor-Trailer";"BAU";"EUR/kWh";2040;"0.006";"Sensitivity | Removed policies except for H2 tax reduction";"Hydrogen"
"OPEX";"Taxes";"UK";"Taxes, Fees, Levies and charges - H2";"Rigid";"PROG";"EUR/kWh";2040;"0.006";"Sensitivity | Removed policies except for H2 tax reduction";"Hydrogen"
"OPEX";"Taxes";"UK";"Taxes, Fees, Levies and charges - H2";"Tractor-Trailer";"PROG";"EUR/kWh";2040;"0.006";"Sensitivity | Removed policies except for H2 tax reduction";"Hydrogen"
"OPEX";"Charging Infrastructure";"DE";"MCS grid extension";"Rigid";"PROG";"EUR/kWh";2040;"0.055";"Sensitivity | Removed policies except for H2 tax reduction";"Electricity"
"OPEX";"Charging Infrastructure";"DE";"MCS grid extension";"Tractor-Trailer";"PROG";"EUR/kWh";2040;"0.055";"Sensitivity | Removed policies except for H2 tax reduction";"Electricity"
"OPEX";"Charging Infrastructure";"DE";"MCS grid extension";"Rigid";"BAU";"EUR/kWh";2040;"0.055";"Sensitivity | Removed policies except for H2 tax reduction";"Electricity"
"OPEX";"Charging Infrastructure";"DE";"MCS grid extension";"Tractor-Trailer";"BAU";"EUR/kWh";2040;"0.055";"Sensitivity | Removed policies except for H2 tax reduction";"Electricity"
"OPEX";"Charging Infrastructure";"ES";"MCS grid extension";"Rigid";"PROG";"EUR/kWh";2040;"0.055";"Sensitivity | Removed policies except for H2 tax reduction";"Electricity"
"OPEX";"Charging Infrastructure";"ES";"MCS grid extension";"Tractor-Trailer";"PROG";"EUR/kWh";2040;"0.055";"Sensitivity | Removed policies except for H2 tax reduction";"Electricity"
"OPEX";"Charging Infrastructure";"ES";"MCS grid extension";"Rigid";"BAU";"EUR/kWh";2040;"0.055";"Sensitivity | Removed policies except for H2 tax reduction";"Electricity"
"OPEX";"Charging Infrastructure";"ES";"MCS grid extension";"Tractor-Trailer";"BAU";"EUR/kWh";2040;"0.055";"Sensitivity | Removed policies except for H2 tax reduction";"Electricity"
"OPEX";"Charging Infrastructure";"FR";"MCS grid extension";"Rigid";"PROG";"EUR/kWh";2040;"0.055";"Sensitivity | Removed policies except for H2 tax reduction";"Electricity"
"OPEX";"Charging Infrastructure";"FR";"MCS grid extension";"Tractor-Trailer";"PROG";"EUR/kWh";2040;"0.055";"Sensitivity | Removed policies except for H2 tax reduction";"Electricity"
"OPEX";"Charging Infrastructure";"FR";"MCS grid extension";"Rigid";"BAU";"EUR/kWh";2040;"0.055";"Sensitivity | Removed policies except for H2 tax reduction";"Electricity"
"OPEX";"Charging Infrastructure";"FR";"MCS grid extension";"Tractor-Trailer";"BAU";"EUR/kWh";2040;"0.055";"Sensitivity | Removed policies except for H2 tax reduction";"Electricity"
"OPEX";"Charging Infrastructure";"IT";"MCS grid extension";"Rigid";"PROG";"EUR/kWh";2040;"0.055";"Sensitivity | Removed policies except for H2 tax reduction";"Electricity"
"OPEX";"Charging Infrastructure";"IT";"MCS grid extension";"Tractor-Trailer";"PROG";"EUR/kWh";2040;"0.055";"Sensitivity | Removed policies except for H2 tax reduction";"Electricity"
"OPEX";"Charging Infrastructure";"IT";"MCS grid extension";"Rigid";"BAU";"EUR/kWh";2040;"0.055";"Sensitivity | Removed policies except for H2 tax reduction";"Electricity"
"OPEX";"Charging Infrastructure";"IT";"MCS grid extension";"Tractor-Trailer";"BAU";"EUR/kWh";2040;"0.055";"Sensitivity | Removed policies except for H2 tax reduction";"Electricity"
"OPEX";"Charging Infrastructure";"NL";"MCS grid extension";"Rigid";"PROG";"EUR/kWh";2040;"0.055";"Sensitivity | Removed policies except for H2 tax reduction";"Electricity"
"OPEX";"Charging Infrastructure";"NL";"MCS grid extension";"Tractor-Trailer";"PROG";"EUR/kWh";2040;"0.055";"Sensitivity | Removed policies except for H2 tax reduction";"Electricity"
"OPEX";"Charging Infrastructure";"NL";"MCS grid extension";"Rigid";"BAU";"EUR/kWh";2040;"0.055";"Sensitivity | Removed policies except for H2 tax reduction";"Electricity"
"OPEX";"Charging Infrastructure";"NL";"MCS grid extension";"Tractor-Trailer";"BAU";"EUR/kWh";2040;"0.055";"Sensitivity | Removed policies except for H2 tax reduction";"Electricity"
"OPEX";"Charging Infrastructure";"PL";"MCS grid extension";"Rigid";"PROG";"EUR/kWh";2040;"0.055";"Sensitivity | Removed policies except for H2 tax reduction";"Electricity"
"OPEX";"Charging Infrastructure";"PL";"MCS grid extension";"Tractor-Trailer";"PROG";"EUR/kWh";2040;"0.055";"Sensitivity | Removed policies except for H2 tax reduction";"Electricity"
"OPEX";"Charging Infrastructure";"PL";"MCS grid extension";"Rigid";"BAU";"EUR/kWh";2040;"0.055";"Sensitivity | Removed policies except for H2 tax reduction";"Electricity"
"OPEX";"Charging Infrastructure";"PL";"MCS grid extension";"Tractor-Trailer";"BAU";"EUR/kWh";2040;"0.055";"Sensitivity | Removed policies except for H2 tax reduction";"Electricity"
"OPEX";"Charging Infrastructure";"UK";"MCS grid extension";"Rigid";"PROG";"EUR/kWh";2040;"0.055";"Sensitivity | Removed policies except for H2 tax reduction";"Electricity"
"OPEX";"Charging Infrastructure";"UK";"MCS grid extension";"Tractor-Trailer";"PROG";"EUR/kWh";2040;"0.055";"Sensitivity | Removed policies except for H2 tax reduction";"Electricity"
"OPEX";"Charging Infrastructure";"UK";"MCS grid extension";"Rigid";"BAU";"EUR/kWh";2040;"0.055";"Sensitivity | Removed policies except for H2 tax reduction";"Electricity"
"OPEX";"Charging Infrastructure";"UK";"MCS grid extension";"Tractor-Trailer";"BAU";"EUR/kWh";2040;"0.055";"Sensitivity | Removed policies except for H2 tax reduction";"Electricity"
"OPEX";"Charging Infrastructure";"DE";"MCS Profit and Mark-Up";"Rigid";"PROG";"%";2040;"0.1";"Sensitivity | Removed policies except for H2 tax reduction";"Electricity"
"OPEX";"Charging Infrastructure";"DE";"MCS Profit and Mark-Up";"Tractor-Trailer";"PROG";"%";2040;"0.1";"Sensitivity | Removed policies except for H2 tax reduction";"Electricity"
"OPEX";"Charging Infrastructure";"DE";"MCS Profit and Mark-Up";"Rigid";"BAU";"%";2040;"0.1";"Sensitivity | Removed policies except for H2 tax reduction";"Electricity"
"OPEX";"Charging Infrastructure";"DE";"MCS Profit and Mark-Up";"Tractor-Trailer";"BAU";"%";2040;"0.1";"Sensitivity | Removed policies except for H2 tax reduction";"Electricity"
"OPEX";"Charging Infrastructure";"ES";"MCS Profit and Mark-Up";"Rigid";"PROG";"%";2040;"0.1";"Sensitivity | Removed policies except for H2 tax reduction";"Electricity"
"OPEX";"Charging Infrastructure";"ES";"MCS Profit and Mark-Up";"Tractor-Trailer";"PROG";"%";2040;"0.1";"Sensitivity | Removed policies except for H2 tax reduction";"Electricity"
"OPEX";"Charging Infrastructure";"ES";"MCS Profit and Mark-Up";"Rigid";"BAU";"%";2040;"0.1";"Sensitivity | Removed policies except for H2 tax reduction";"Electricity"
"OPEX";"Charging Infrastructure";"ES";"MCS Profit and Mark-Up";"Tractor-Trailer";"BAU";"%";2040;"0.1";"Sensitivity | Removed policies except for H2 tax reduction";"Electricity"
"OPEX";"Charging Infrastructure";"FR";"MCS Profit and Mark-Up";"Rigid";"PROG";"%";2040;"0.1";"Sensitivity | Removed policies except for H2 tax reduction";"Electricity"
"OPEX";"Charging Infrastructure";"FR";"MCS Profit and Mark-Up";"Tractor-Trailer";"PROG";"%";2040;"0.1";"Sensitivity | Removed policies except for H2 tax reduction";"Electricity"
"OPEX";"Charging Infrastructure";"FR";"MCS Profit and Mark-Up";"Rigid";"BAU";"%";2040;"0.1";"Sensitivity | Removed policies except for H2 tax reduction";"Electricity"
"OPEX";"Charging Infrastructure";"FR";"MCS Profit and Mark-Up";"Tractor-Trailer";"BAU";"%";2040;"0.1";"Sensitivity | Removed policies except for H2 tax reduction";"Electricity"
"OPEX";"Charging Infrastructure";"IT";"MCS Profit and Mark-Up";"Rigid";"PROG";"%";2040;"0.1";"Sensitivity | Removed policies except for H2 tax reduction";"Electricity"
"OPEX";"Charging Infrastructure";"IT";"MCS Profit and Mark-Up";"Tractor-Trailer";"PROG";"%";2040;"0.1";"Sensitivity | Removed policies except for H2 tax reduction";"Electricity"
"OPEX";"Charging Infrastructure";"IT";"MCS Profit and Mark-Up";"Rigid";"BAU";"%";2040;"0.1";"Sensitivity | Removed policies except for H2 tax reduction";"Electricity"
"OPEX";"Charging Infrastructure";"IT";"MCS Profit and Mark-Up";"Tractor-Trailer";"BAU";"%";2040;"0.1";"Sensitivity | Removed policies except for H2 tax reduction";"Electricity"
"OPEX";"Charging Infrastructure";"NL";"MCS Profit and Mark-Up";"Rigid";"PROG";"%";2040;"0.1";"Sensitivity | Removed policies except for H2 tax reduction";"Electricity"
"OPEX";"Charging Infrastructure";"NL";"MCS Profit and Mark-Up";"Tractor-Trailer";"PROG";"%";2040;"0.1";"Sensitivity | Removed policies except for H2 tax reduction";"Electricity"
"OPEX";"Charging Infrastructure";"NL";"MCS Profit and Mark-Up";"Rigid";"BAU";"%";2040;"0.1";"Sensitivity | Removed policies except for H2 tax reduction";"Electricity"
"OPEX";"Charging Infrastructure";"NL";"MCS Profit and Mark-Up";"Tractor-Trailer";"BAU";"%";2040;"0.1";"Sensitivity | Removed policies except for H2 tax reduction";"Electricity"
"OPEX";"Charging Infrastructure";"PL";"MCS Profit and Mark-Up";"Rigid";"PROG";"%";2040;"0.1";"Sensitivity | Removed policies except for H2 tax reduction";"Electricity"
"OPEX";"Charging Infrastructure";"PL";"MCS Profit and Mark-Up";"Tractor-Trailer";"PROG";"%";2040;"0.1";"Sensitivity | Removed policies except for H2 tax reduction";"Electricity"
"OPEX";"Charging Infrastructure";"PL";"MCS Profit and Mark-Up";"Rigid";"BAU";"%";2040;"0.1";"Sensitivity | Removed policies except for H2 tax reduction";"Electricity"
"OPEX";"Charging Infrastructure";"PL";"MCS Profit and Mark-Up";"Tractor-Trailer";"BAU";"%";2040;"0.1";"Sensitivity | Removed policies except for H2 tax reduction";"Electricity"
"OPEX";"Charging Infrastructure";"UK";"MCS Profit and Mark-Up";"Rigid";"PROG";"%";2040;"0.1";"Sensitivity | Removed policies except for H2 tax reduction";"Electricity"
"OPEX";"Charging Infrastructure";"UK";"MCS Profit and Mark-Up";"Tractor-Trailer";"PROG";"%";2040;"0.1";"Sensitivity | Removed policies except for H2 tax reduction";"Electricity"
"OPEX";"Charging Infrastructure";"UK";"MCS Profit and Mark-Up";"Rigid";"BAU";"%";2040;"0.1";"Sensitivity | Removed policies except for H2 tax reduction";"Electricity"
"OPEX";"Charging Infrastructure";"UK";"MCS Profit and Mark-Up";"Tractor-Trailer";"BAU";"%";2040;"0.1";"Sensitivity | Removed policies except for H2 tax reduction";"Electricity"
"OPEX";"Charging Infrastructure";"DE";"CCS Station (Depot) - Incl. Overhead";"Rigid";"PROG";"EUR/kWh";2040;"0.024";"Sensitivity | Removed policies except for H2 tax reduction";"Electricity"
"OPEX";"Charging Infrastructure";"DE";"CCS Station (Depot) - Incl. Overhead";"Tractor-Trailer";"PROG";"EUR/kWh";2040;"0.024";"Sensitivity | Removed policies except for H2 tax reduction";"Electricity"
"OPEX";"Charging Infrastructure";"DE";"CCS Station (Depot) - Incl. Overhead";"Rigid";"BAU";"EUR/kWh";2040;"0.024";"Sensitivity | Removed policies except for H2 tax reduction";"Electricity"
"OPEX";"Charging Infrastructure";"DE";"CCS Station (Depot) - Incl. Overhead";"Tractor-Trailer";"BAU";"EUR/kWh";2040;"0.024";"Sensitivity | Removed policies except for H2 tax reduction";"Electricity"
"OPEX";"Charging Infrastructure";"ES";"CCS Station (Depot) - Incl. Overhead";"Rigid";"PROG";"EUR/kWh";2040;"0.024";"Sensitivity | Removed policies except for H2 tax reduction";"Electricity"
"OPEX";"Charging Infrastructure";"ES";"CCS Station (Depot) - Incl. Overhead";"Tractor-Trailer";"PROG";"EUR/kWh";2040;"0.024";"Sensitivity | Removed policies except for H2 tax reduction";"Electricity"
"OPEX";"Charging Infrastructure";"ES";"CCS Station (Depot) - Incl. Overhead";"Rigid";"BAU";"EUR/kWh";2040;"0.024";"Sensitivity | Removed policies except for H2 tax reduction";"Electricity"
"OPEX";"Charging Infrastructure";"ES";"CCS Station (Depot) - Incl. Overhead";"Tractor-Trailer";"BAU";"EUR/kWh";2040;"0.024";"Sensitivity | Removed policies except for H2 tax reduction";"Electricity"
"OPEX";"Charging Infrastructure";"FR";"CCS Station (Depot) - Incl. Overhead";"Rigid";"PROG";"EUR/kWh";2040;"0.024";"Sensitivity | Removed policies except for H2 tax reduction";"Electricity"
"OPEX";"Charging Infrastructure";"FR";"CCS Station (Depot) - Incl. Overhead";"Tractor-Trailer";"PROG";"EUR/kWh";2040;"0.024";"Sensitivity | Removed policies except for H2 tax reduction";"Electricity"
"OPEX";"Charging Infrastructure";"FR";"CCS Station (Depot) - Incl. Overhead";"Rigid";"BAU";"EUR/kWh";2040;"0.024";"Sensitivity | Removed policies except for H2 tax reduction";"Electricity"
"OPEX";"Charging Infrastructure";"FR";"CCS Station (Depot) - Incl. Overhead";"Tractor-Trailer";"BAU";"EUR/kWh";2040;"0.024";"Sensitivity | Removed policies except for H2 tax reduction";"Electricity"
"OPEX";"Charging Infrastructure";"IT";"CCS Station (Depot) - Incl. Overhead";"Rigid";"PROG";"EUR/kWh";2040;"0.024";"Sensitivity | Removed policies except for H2 tax reduction";"Electricity"
"OPEX";"Charging Infrastructure";"IT";"CCS Station (Depot) - Incl. Overhead";"Tractor-Trailer";"PROG";"EUR/kWh";2040;"0.024";"Sensitivity | Removed policies except for H2 tax reduction";"Electricity"
"OPEX";"Charging Infrastructure";"IT";"CCS Station (Depot) - Incl. Overhead";"Rigid";"BAU";"EUR/kWh";2040;"0.024";"Sensitivity | Removed policies except for H2 tax reduction";"Electricity"
"OPEX";"Charging Infrastructure";"IT";"CCS Station (Depot) - Incl. Overhead";"Tractor-Trailer";"BAU";"EUR/kWh";2040;"0.024";"Sensitivity | Removed policies except for H2 tax reduction";"Electricity"
"OPEX";"Charging Infrastructure";"NL";"CCS Station (Depot) - Incl. Overhead";"Rigid";"PROG";"EUR/kWh";2040;"0.024";"Sensitivity | Removed policies except for H2 tax reduction";"Electricity"
"OPEX";"Charging Infrastructure";"NL";"CCS Station (Depot) - Incl. Overhead";"Tractor-Trailer";"PROG";"EUR/kWh";2040;"0.024";"Sensitivity | Removed policies except for H2 tax reduction";"Electricity"
"OPEX";"Charging Infrastructure";"NL";"CCS Station (Depot) - Incl. Overhead";"Rigid";"BAU";"EUR/kWh";2040;"0.024";"Sensitivity | Removed policies except for H2 tax reduction";"Electricity"
"OPEX";"Charging Infrastructure";"NL";"CCS Station (Depot) - Incl. Overhead";"Tractor-Trailer";"BAU";"EUR/kWh";2040;"0.024";"Sensitivity | Removed policies except for H2 tax reduction";"Electricity"
"OPEX";"Charging Infrastructure";"PL";"CCS Station (Depot) - Incl. Overhead";"Rigid";"PROG";"EUR/kWh";2040;"0.024";"Sensitivity | Removed policies except for H2 tax reduction";"Electricity"
"OPEX";"Charging Infrastructure";"PL";"CCS Station (Depot) - Incl. Overhead";"Tractor-Trailer";"PROG";"EUR/kWh";2040;"0.024";"Sensitivity | Removed policies except for H2 tax reduction";"Electricity"
"OPEX";"Charging Infrastructure";"PL";"CCS Station (Depot) - Incl. Overhead";"Rigid";"BAU";"EUR/kWh";2040;"0.024";"Sensitivity | Removed policies except for H2 tax reduction";"Electricity"
"OPEX";"Charging Infrastructure";"PL";"CCS Station (Depot) - Incl. Overhead";"Tractor-Trailer";"BAU";"EUR/kWh";2040;"0.024";"Sensitivity | Removed policies except for H2 tax reduction";"Electricity"
"OPEX";"Charging Infrastructure";"UK";"CCS Station (Depot) - Incl. Overhead";"Rigid";"PROG";"EUR/kWh";2040;"0.024";"Sensitivity | Removed policies except for H2 tax reduction";"Electricity"
"OPEX";"Charging Infrastructure";"UK";"CCS Station (Depot) - Incl. Overhead";"Tractor-Trailer";"PROG";"EUR/kWh";2040;"0.024";"Sensitivity | Removed policies except for H2 tax reduction";"Electricity"
"OPEX";"Charging Infrastructure";"UK";"CCS Station (Depot) - Incl. Overhead";"Rigid";"BAU";"EUR/kWh";2040;"0.024";"Sensitivity | Removed policies except for H2 tax reduction";"Electricity"
"OPEX";"Charging Infrastructure";"UK";"CCS Station (Depot) - Incl. Overhead";"Tractor-Trailer";"BAU";"EUR/kWh";2040;"0.024";"Sensitivity | Removed policies except for H2 tax reduction";"Electricity"
"OPEX";"Charging Infrastructure";"DE";"CCS grid extension";"Rigid";"PROG";"EUR/kWh";2040;"0.045";"Sensitivity | Removed policies except for H2 tax reduction";"Electricity"
"OPEX";"Charging Infrastructure";"DE";"CCS grid extension";"Tractor-Trailer";"PROG";"EUR/kWh";2040;"0.045";"Sensitivity | Removed policies except for H2 tax reduction";"Electricity"
"OPEX";"Charging Infrastructure";"DE";"CCS grid extension";"Rigid";"BAU";"EUR/kWh";2040;"0.045";"Sensitivity | Removed policies except for H2 tax reduction";"Electricity"
"OPEX";"Charging Infrastructure";"DE";"CCS grid extension";"Tractor-Trailer";"BAU";"EUR/kWh";2040;"0.045";"Sensitivity | Removed policies except for H2 tax reduction";"Electricity"
"OPEX";"Charging Infrastructure";"ES";"CCS grid extension";"Rigid";"PROG";"EUR/kWh";2040;"0.045";"Sensitivity | Removed policies except for H2 tax reduction";"Electricity"
"OPEX";"Charging Infrastructure";"ES";"CCS grid extension";"Tractor-Trailer";"PROG";"EUR/kWh";2040;"0.045";"Sensitivity | Removed policies except for H2 tax reduction";"Electricity"
"OPEX";"Charging Infrastructure";"ES";"CCS grid extension";"Rigid";"BAU";"EUR/kWh";2040;"0.045";"Sensitivity | Removed policies except for H2 tax reduction";"Electricity"
"OPEX";"Charging Infrastructure";"ES";"CCS grid extension";"Tractor-Trailer";"BAU";"EUR/kWh";2040;"0.045";"Sensitivity | Removed policies except for H2 tax reduction";"Electricity"
"OPEX";"Charging Infrastructure";"FR";"CCS grid extension";"Rigid";"PROG";"EUR/kWh";2040;"0.045";"Sensitivity | Removed policies except for H2 tax reduction";"Electricity"
"OPEX";"Charging Infrastructure";"FR";"CCS grid extension";"Tractor-Trailer";"PROG";"EUR/kWh";2040;"0.045";"Sensitivity | Removed policies except for H2 tax reduction";"Electricity"
"OPEX";"Charging Infrastructure";"FR";"CCS grid extension";"Rigid";"BAU";"EUR/kWh";2040;"0.045";"Sensitivity | Removed policies except for H2 tax reduction";"Electricity"
"OPEX";"Charging Infrastructure";"FR";"CCS grid extension";"Tractor-Trailer";"BAU";"EUR/kWh";2040;"0.045";"Sensitivity | Removed policies except for H2 tax reduction";"Electricity"
"OPEX";"Charging Infrastructure";"IT";"CCS grid extension";"Rigid";"PROG";"EUR/kWh";2040;"0.045";"Sensitivity | Removed policies except for H2 tax reduction";"Electricity"
"OPEX";"Charging Infrastructure";"IT";"CCS grid extension";"Tractor-Trailer";"PROG";"EUR/kWh";2040;"0.045";"Sensitivity | Removed policies except for H2 tax reduction";"Electricity"
"OPEX";"Charging Infrastructure";"IT";"CCS grid extension";"Rigid";"BAU";"EUR/kWh";2040;"0.045";"Sensitivity | Removed policies except for H2 tax reduction";"Electricity"
"OPEX";"Charging Infrastructure";"IT";"CCS grid extension";"Tractor-Trailer";"BAU";"EUR/kWh";2040;"0.045";"Sensitivity | Removed policies except for H2 tax reduction";"Electricity"
"OPEX";"Charging Infrastructure";"NL";"CCS grid extension";"Rigid";"PROG";"EUR/kWh";2040;"0.045";"Sensitivity | Removed policies except for H2 tax reduction";"Electricity"
"OPEX";"Charging Infrastructure";"NL";"CCS grid extension";"Tractor-Trailer";"PROG";"EUR/kWh";2040;"0.045";"Sensitivity | Removed policies except for H2 tax reduction";"Electricity"
"OPEX";"Charging Infrastructure";"NL";"CCS grid extension";"Rigid";"BAU";"EUR/kWh";2040;"0.045";"Sensitivity | Removed policies except for H2 tax reduction";"Electricity"
"OPEX";"Charging Infrastructure";"NL";"CCS grid extension";"Tractor-Trailer";"BAU";"EUR/kWh";2040;"0.045";"Sensitivity | Removed policies except for H2 tax reduction";"Electricity"
"OPEX";"Charging Infrastructure";"PL";"CCS grid extension";"Rigid";"PROG";"EUR/kWh";2040;"0.045";"Sensitivity | Removed policies except for H2 tax reduction";"Electricity"
"OPEX";"Charging Infrastructure";"PL";"CCS grid extension";"Tractor-Trailer";"PROG";"EUR/kWh";2040;"0.045";"Sensitivity | Removed policies except for H2 tax reduction";"Electricity"
"OPEX";"Charging Infrastructure";"PL";"CCS grid extension";"Rigid";"BAU";"EUR/kWh";2040;"0.045";"Sensitivity | Removed policies except for H2 tax reduction";"Electricity"
"OPEX";"Charging Infrastructure";"PL";"CCS grid extension";"Tractor-Trailer";"BAU";"EUR/kWh";2040;"0.045";"Sensitivity | Removed policies except for H2 tax reduction";"Electricity"
"OPEX";"Charging Infrastructure";"UK";"CCS grid extension";"Rigid";"PROG";"EUR/kWh";2040;"0.045";"Sensitivity | Removed policies except for H2 tax reduction";"Electricity"
"OPEX";"Charging Infrastructure";"UK";"CCS grid extension";"Tractor-Trailer";"PROG";"EUR/kWh";2040;"0.045";"Sensitivity | Removed policies except for H2 tax reduction";"Electricity"
"OPEX";"Charging Infrastructure";"UK";"CCS grid extension";"Rigid";"BAU";"EUR/kWh";2040;"0.045";"Sensitivity | Removed policies except for H2 tax reduction";"Electricity"
"OPEX";"Charging Infrastructure";"UK";"CCS grid extension";"Tractor-Trailer";"BAU";"EUR/kWh";2040;"0.045";"Sensitivity | Removed policies except for H2 tax reduction";"Electricity"
"OPEX";"Diesel Infrastructure";"DE";"Total Diesel Mark-Up";"Rigid";"BAU";"EUR/kWh";2040;"0.018";"Sensitivity | Removed policies except for H2 tax reduction";"Diesel"
"OPEX";"Diesel Infrastructure";"DE";"Total Diesel Mark-Up";"Tractor-Trailer";"BAU";"EUR/kWh";2040;"0.018";"Sensitivity | Removed policies except for H2 tax reduction";"Diesel"
"OPEX";"Diesel Infrastructure";"DE";"Total Diesel Mark-Up";"Rigid";"PROG";"EUR/kWh";2040;"0.018";"Sensitivity | Removed policies except for H2 tax reduction";"Diesel"
"OPEX";"Diesel Infrastructure";"DE";"Total Diesel Mark-Up";"Tractor-Trailer";"PROG";"EUR/kWh";2040;"0.018";"Sensitivity | Removed policies except for H2 tax reduction";"Diesel"
"OPEX";"Diesel Infrastructure";"ES";"Total Diesel Mark-Up";"Rigid";"BAU";"EUR/kWh";2040;"0.018";"Sensitivity | Removed policies except for H2 tax reduction";"Diesel"
"OPEX";"Diesel Infrastructure";"ES";"Total Diesel Mark-Up";"Tractor-Trailer";"BAU";"EUR/kWh";2040;"0.018";"Sensitivity | Removed policies except for H2 tax reduction";"Diesel"
"OPEX";"Diesel Infrastructure";"ES";"Total Diesel Mark-Up";"Rigid";"PROG";"EUR/kWh";2040;"0.018";"Sensitivity | Removed policies except for H2 tax reduction";"Diesel"
"OPEX";"Diesel Infrastructure";"ES";"Total Diesel Mark-Up";"Tractor-Trailer";"PROG";"EUR/kWh";2040;"0.018";"Sensitivity | Removed policies except for H2 tax reduction";"Diesel"
"OPEX";"Diesel Infrastructure";"FR";"Total Diesel Mark-Up";"Rigid";"BAU";"EUR/kWh";2040;"0.018";"Sensitivity | Removed policies except for H2 tax reduction";"Diesel"
"OPEX";"Diesel Infrastructure";"FR";"Total Diesel Mark-Up";"Tractor-Trailer";"BAU";"EUR/kWh";2040;"0.018";"Sensitivity | Removed policies except for H2 tax reduction";"Diesel"
"OPEX";"Diesel Infrastructure";"FR";"Total Diesel Mark-Up";"Rigid";"PROG";"EUR/kWh";2040;"0.018";"Sensitivity | Removed policies except for H2 tax reduction";"Diesel"
"OPEX";"Diesel Infrastructure";"FR";"Total Diesel Mark-Up";"Tractor-Trailer";"PROG";"EUR/kWh";2040;"0.018";"Sensitivity | Removed policies except for H2 tax reduction";"Diesel"
"OPEX";"Diesel Infrastructure";"IT";"Total Diesel Mark-Up";"Rigid";"BAU";"EUR/kWh";2040;"0.018";"Sensitivity | Removed policies except for H2 tax reduction";"Diesel"
"OPEX";"Diesel Infrastructure";"IT";"Total Diesel Mark-Up";"Tractor-Trailer";"BAU";"EUR/kWh";2040;"0.018";"Sensitivity | Removed policies except for H2 tax reduction";"Diesel"
"OPEX";"Diesel Infrastructure";"IT";"Total Diesel Mark-Up";"Rigid";"PROG";"EUR/kWh";2040;"0.018";"Sensitivity | Removed policies except for H2 tax reduction";"Diesel"
"OPEX";"Diesel Infrastructure";"IT";"Total Diesel Mark-Up";"Tractor-Trailer";"PROG";"EUR/kWh";2040;"0.018";"Sensitivity | Removed policies except for H2 tax reduction";"Diesel"
"OPEX";"Diesel Infrastructure";"NL";"Total Diesel Mark-Up";"Rigid";"BAU";"EUR/kWh";2040;"0.018";"Sensitivity | Removed policies except for H2 tax reduction";"Diesel"
"OPEX";"Diesel Infrastructure";"NL";"Total Diesel Mark-Up";"Tractor-Trailer";"BAU";"EUR/kWh";2040;"0.018";"Sensitivity | Removed policies except for H2 tax reduction";"Diesel"
"OPEX";"Diesel Infrastructure";"NL";"Total Diesel Mark-Up";"Rigid";"PROG";"EUR/kWh";2040;"0.018";"Sensitivity | Removed policies except for H2 tax reduction";"Diesel"
"OPEX";"Diesel Infrastructure";"NL";"Total Diesel Mark-Up";"Tractor-Trailer";"PROG";"EUR/kWh";2040;"0.018";"Sensitivity | Removed policies except for H2 tax reduction";"Diesel"
"OPEX";"Diesel Infrastructure";"PL";"Total Diesel Mark-Up";"Rigid";"BAU";"EUR/kWh";2040;"0.018";"Sensitivity | Removed policies except for H2 tax reduction";"Diesel"
"OPEX";"Diesel Infrastructure";"PL";"Total Diesel Mark-Up";"Tractor-Trailer";"BAU";"EUR/kWh";2040;"0.018";"Sensitivity | Removed policies except for H2 tax reduction";"Diesel"
"OPEX";"Diesel Infrastructure";"PL";"Total Diesel Mark-Up";"Rigid";"PROG";"EUR/kWh";2040;"0.018";"Sensitivity | Removed policies except for H2 tax reduction";"Diesel"
"OPEX";"Diesel Infrastructure";"PL";"Total Diesel Mark-Up";"Tractor-Trailer";"PROG";"EUR/kWh";2040;"0.018";"Sensitivity | Removed policies except for H2 tax reduction";"Diesel"
"OPEX";"Diesel Infrastructure";"UK";"Total Diesel Mark-Up";"Rigid";"BAU";"EUR/kWh";2040;"0.018";"Sensitivity | Removed policies except for H2 tax reduction";"Diesel"
"OPEX";"Diesel Infrastructure";"UK";"Total Diesel Mark-Up";"Tractor-Trailer";"BAU";"EUR/kWh";2040;"0.018";"Sensitivity | Removed policies except for H2 tax reduction";"Diesel"
"OPEX";"Diesel Infrastructure";"UK";"Total Diesel Mark-Up";"Rigid";"PROG";"EUR/kWh";2040;"0.018";"Sensitivity | Removed policies except for H2 tax reduction";"Diesel"
"OPEX";"Diesel Infrastructure";"UK";"Total Diesel Mark-Up";"Tractor-Trailer";"PROG";"EUR/kWh";2040;"0.018";"Sensitivity | Removed policies except for H2 tax reduction";"Diesel"
"OPEX";"Diesel Infrastructure";"DE";"CO2 emission factor Biodiesel";"Rigid";"BAU";"%";2040;"0.155";"Sensitivity | Removed policies except for H2 tax reduction";"Diesel"
"OPEX";"Diesel Infrastructure";"DE";"CO2 emission factor Biodiesel";"Tractor-Trailer";"BAU";"%";2040;"0.155";"Sensitivity | Removed policies except for H2 tax reduction";"Diesel"
"OPEX";"Diesel Infrastructure";"DE";"CO2 emission factor Biodiesel";"Rigid";"PROG";"%";2040;"0.155";"Sensitivity | Removed policies except for H2 tax reduction";"Diesel"
"OPEX";"Diesel Infrastructure";"DE";"CO2 emission factor Biodiesel";"Tractor-Trailer";"PROG";"%";2040;"0.155";"Sensitivity | Removed policies except for H2 tax reduction";"Diesel"
"OPEX";"Diesel Infrastructure";"ES";"CO2 emission factor Biodiesel";"Rigid";"BAU";"%";2040;"0.155";"Sensitivity | Removed policies except for H2 tax reduction";"Diesel"
"OPEX";"Diesel Infrastructure";"ES";"CO2 emission factor Biodiesel";"Tractor-Trailer";"BAU";"%";2040;"0.155";"Sensitivity | Removed policies except for H2 tax reduction";"Diesel"
"OPEX";"Diesel Infrastructure";"ES";"CO2 emission factor Biodiesel";"Rigid";"PROG";"%";2040;"0.155";"Sensitivity | Removed policies except for H2 tax reduction";"Diesel"
"OPEX";"Diesel Infrastructure";"ES";"CO2 emission factor Biodiesel";"Tractor-Trailer";"PROG";"%";2040;"0.155";"Sensitivity | Removed policies except for H2 tax reduction";"Diesel"
"OPEX";"Diesel Infrastructure";"FR";"CO2 emission factor Biodiesel";"Rigid";"BAU";"%";2040;"0.155";"Sensitivity | Removed policies except for H2 tax reduction";"Diesel"
"OPEX";"Diesel Infrastructure";"FR";"CO2 emission factor Biodiesel";"Tractor-Trailer";"BAU";"%";2040;"0.155";"Sensitivity | Removed policies except for H2 tax reduction";"Diesel"
"OPEX";"Diesel Infrastructure";"FR";"CO2 emission factor Biodiesel";"Rigid";"PROG";"%";2040;"0.155";"Sensitivity | Removed policies except for H2 tax reduction";"Diesel"
"OPEX";"Diesel Infrastructure";"FR";"CO2 emission factor Biodiesel";"Tractor-Trailer";"PROG";"%";2040;"0.155";"Sensitivity | Removed policies except for H2 tax reduction";"Diesel"
"OPEX";"Diesel Infrastructure";"IT";"CO2 emission factor Biodiesel";"Rigid";"BAU";"%";2040;"0.155";"Sensitivity | Removed policies except for H2 tax reduction";"Diesel"
"OPEX";"Diesel Infrastructure";"IT";"CO2 emission factor Biodiesel";"Tractor-Trailer";"BAU";"%";2040;"0.155";"Sensitivity | Removed policies except for H2 tax reduction";"Diesel"
"OPEX";"Diesel Infrastructure";"IT";"CO2 emission factor Biodiesel";"Rigid";"PROG";"%";2040;"0.155";"Sensitivity | Removed policies except for H2 tax reduction";"Diesel"
"OPEX";"Diesel Infrastructure";"IT";"CO2 emission factor Biodiesel";"Tractor-Trailer";"PROG";"%";2040;"0.155";"Sensitivity | Removed policies except for H2 tax reduction";"Diesel"
"OPEX";"Diesel Infrastructure";"NL";"CO2 emission factor Biodiesel";"Rigid";"BAU";"%";2040;"0.155";"Sensitivity | Removed policies except for H2 tax reduction";"Diesel"
"OPEX";"Diesel Infrastructure";"NL";"CO2 emission factor Biodiesel";"Tractor-Trailer";"BAU";"%";2040;"0.155";"Sensitivity | Removed policies except for H2 tax reduction";"Diesel"
"OPEX";"Diesel Infrastructure";"NL";"CO2 emission factor Biodiesel";"Rigid";"PROG";"%";2040;"0.155";"Sensitivity | Removed policies except for H2 tax reduction";"Diesel"
"OPEX";"Diesel Infrastructure";"NL";"CO2 emission factor Biodiesel";"Tractor-Trailer";"PROG";"%";2040;"0.155";"Sensitivity | Removed policies except for H2 tax reduction";"Diesel"
"OPEX";"Diesel Infrastructure";"PL";"CO2 emission factor Biodiesel";"Rigid";"BAU";"%";2040;"0.155";"Sensitivity | Removed policies except for H2 tax reduction";"Diesel"
"OPEX";"Diesel Infrastructure";"PL";"CO2 emission factor Biodiesel";"Tractor-Trailer";"BAU";"%";2040;"0.155";"Sensitivity | Removed policies except for H2 tax reduction";"Diesel"
"OPEX";"Diesel Infrastructure";"PL";"CO2 emission factor Biodiesel";"Rigid";"PROG";"%";2040;"0.155";"Sensitivity | Removed policies except for H2 tax reduction";"Diesel"
"OPEX";"Diesel Infrastructure";"PL";"CO2 emission factor Biodiesel";"Tractor-Trailer";"PROG";"%";2040;"0.155";"Sensitivity | Removed policies except for H2 tax reduction";"Diesel"
"OPEX";"Diesel Infrastructure";"UK";"CO2 emission factor Biodiesel";"Rigid";"BAU";"%";2040;"0.155";"Sensitivity | Removed policies except for H2 tax reduction";"Diesel"
"OPEX";"Diesel Infrastructure";"UK";"CO2 emission factor Biodiesel";"Tractor-Trailer";"BAU";"%";2040;"0.155";"Sensitivity | Removed policies except for H2 tax reduction";"Diesel"
"OPEX";"Diesel Infrastructure";"UK";"CO2 emission factor Biodiesel";"Rigid";"PROG";"%";2040;"0.155";"Sensitivity | Removed policies except for H2 tax reduction";"Diesel"
"OPEX";"Diesel Infrastructure";"UK";"CO2 emission factor Biodiesel";"Tractor-Trailer";"PROG";"%";2040;"0.155";"Sensitivity | Removed policies except for H2 tax reduction";"Diesel"
"OPEX";"Diesel Infrastructure";"DE";"CO2 emission factor Pt-Diesel";"Rigid";"BAU";"%";2040;"0";"Sensitivity | Removed policies except for H2 tax reduction";"Diesel"
"OPEX";"Diesel Infrastructure";"DE";"CO2 emission factor Pt-Diesel";"Tractor-Trailer";"BAU";"%";2040;"0";"Sensitivity | Removed policies except for H2 tax reduction";"Diesel"
"OPEX";"Diesel Infrastructure";"DE";"CO2 emission factor Pt-Diesel";"Rigid";"PROG";"%";2040;"0";"Sensitivity | Removed policies except for H2 tax reduction";"Diesel"
"OPEX";"Diesel Infrastructure";"DE";"CO2 emission factor Pt-Diesel";"Tractor-Trailer";"PROG";"%";2040;"0";"Sensitivity | Removed policies except for H2 tax reduction";"Diesel"
"OPEX";"Diesel Infrastructure";"ES";"CO2 emission factor Pt-Diesel";"Rigid";"BAU";"%";2040;"0";"Sensitivity | Removed policies except for H2 tax reduction";"Diesel"
"OPEX";"Diesel Infrastructure";"ES";"CO2 emission factor Pt-Diesel";"Tractor-Trailer";"BAU";"%";2040;"0";"Sensitivity | Removed policies except for H2 tax reduction";"Diesel"
"OPEX";"Diesel Infrastructure";"ES";"CO2 emission factor Pt-Diesel";"Rigid";"PROG";"%";2040;"0";"Sensitivity | Removed policies except for H2 tax reduction";"Diesel"
"OPEX";"Diesel Infrastructure";"ES";"CO2 emission factor Pt-Diesel";"Tractor-Trailer";"PROG";"%";2040;"0";"Sensitivity | Removed policies except for H2 tax reduction";"Diesel"
"OPEX";"Diesel Infrastructure";"FR";"CO2 emission factor Pt-Diesel";"Rigid";"BAU";"%";2040;"0";"Sensitivity | Removed policies except for H2 tax reduction";"Diesel"
"OPEX";"Diesel Infrastructure";"FR";"CO2 emission factor Pt-Diesel";"Tractor-Trailer";"BAU";"%";2040;"0";"Sensitivity | Removed policies except for H2 tax reduction";"Diesel"
"OPEX";"Diesel Infrastructure";"FR";"CO2 emission factor Pt-Diesel";"Rigid";"PROG";"%";2040;"0";"Sensitivity | Removed policies except for H2 tax reduction";"Diesel"
"OPEX";"Diesel Infrastructure";"FR";"CO2 emission factor Pt-Diesel";"Tractor-Trailer";"PROG";"%";2040;"0";"Sensitivity | Removed policies except for H2 tax reduction";"Diesel"
"OPEX";"Diesel Infrastructure";"IT";"CO2 emission factor Pt-Diesel";"Rigid";"BAU";"%";2040;"0";"Sensitivity | Removed policies except for H2 tax reduction";"Diesel"
"OPEX";"Diesel Infrastructure";"IT";"CO2 emission factor Pt-Diesel";"Tractor-Trailer";"BAU";"%";2040;"0";"Sensitivity | Removed policies except for H2 tax reduction";"Diesel"
"OPEX";"Diesel Infrastructure";"IT";"CO2 emission factor Pt-Diesel";"Rigid";"PROG";"%";2040;"0";"Sensitivity | Removed policies except for H2 tax reduction";"Diesel"
"OPEX";"Diesel Infrastructure";"IT";"CO2 emission factor Pt-Diesel";"Tractor-Trailer";"PROG";"%";2040;"0";"Sensitivity | Removed policies except for H2 tax reduction";"Diesel"
"OPEX";"Diesel Infrastructure";"NL";"CO2 emission factor Pt-Diesel";"Rigid";"BAU";"%";2040;"0";"Sensitivity | Removed policies except for H2 tax reduction";"Diesel"
"OPEX";"Diesel Infrastructure";"NL";"CO2 emission factor Pt-Diesel";"Tractor-Trailer";"BAU";"%";2040;"0";"Sensitivity | Removed policies except for H2 tax reduction";"Diesel"
"OPEX";"Diesel Infrastructure";"NL";"CO2 emission factor Pt-Diesel";"Rigid";"PROG";"%";2040;"0";"Sensitivity | Removed policies except for H2 tax reduction";"Diesel"
"OPEX";"Diesel Infrastructure";"NL";"CO2 emission factor Pt-Diesel";"Tractor-Trailer";"PROG";"%";2040;"0";"Sensitivity | Removed policies except for H2 tax reduction";"Diesel"
"OPEX";"Diesel Infrastructure";"PL";"CO2 emission factor Pt-Diesel";"Rigid";"BAU";"%";2040;"0";"Sensitivity | Removed policies except for H2 tax reduction";"Diesel"
"OPEX";"Diesel Infrastructure";"PL";"CO2 emission factor Pt-Diesel";"Tractor-Trailer";"BAU";"%";2040;"0";"Sensitivity | Removed policies except for H2 tax reduction";"Diesel"
"OPEX";"Diesel Infrastructure";"PL";"CO2 emission factor Pt-Diesel";"Rigid";"PROG";"%";2040;"0";"Sensitivity | Removed policies except for H2 tax reduction";"Diesel"
"OPEX";"Diesel Infrastructure";"PL";"CO2 emission factor Pt-Diesel";"Tractor-Trailer";"PROG";"%";2040;"0";"Sensitivity | Removed policies except for H2 tax reduction";"Diesel"
"OPEX";"Diesel Infrastructure";"UK";"CO2 emission factor Pt-Diesel";"Rigid";"BAU";"%";2040;"0";"Sensitivity | Removed policies except for H2 tax reduction";"Diesel"
"OPEX";"Diesel Infrastructure";"UK";"CO2 emission factor Pt-Diesel";"Tractor-Trailer";"BAU";"%";2040;"0";"Sensitivity | Removed policies except for H2 tax reduction";"Diesel"
"OPEX";"Diesel Infrastructure";"UK";"CO2 emission factor Pt-Diesel";"Rigid";"PROG";"%";2040;"0";"Sensitivity | Removed policies except for H2 tax reduction";"Diesel"
"OPEX";"Diesel Infrastructure";"UK";"CO2 emission factor Pt-Diesel";"Tractor-Trailer";"PROG";"%";2040;"0";"Sensitivity | Removed policies except for H2 tax reduction";"Diesel"
"OPEX";"Taxes";"DE";"Network Costs - MCS";"Rigid";"BAU";"EUR/kWh";2040;"0.034";"Sensitivity | Removed policies except for H2 tax reduction";"Electricity"
"OPEX";"Taxes";"DE";"Network Costs - MCS";"Tractor-Trailer";"BAU";"EUR/kWh";2040;"0.034";"Sensitivity | Removed policies except for H2 tax reduction";"Electricity"
"OPEX";"Taxes";"ES";"Network Costs - MCS";"Rigid";"BAU";"EUR/kWh";2040;"0.018";"Sensitivity | Removed policies except for H2 tax reduction";"Electricity"
"OPEX";"Taxes";"ES";"Network Costs - MCS";"Tractor-Trailer";"BAU";"EUR/kWh";2040;"0.018";"Sensitivity | Removed policies except for H2 tax reduction";"Electricity"
"OPEX";"Taxes";"FR";"Network Costs - MCS";"Rigid";"BAU";"EUR/kWh";2040;"0.018";"Sensitivity | Removed policies except for H2 tax reduction";"Electricity"
"OPEX";"Taxes";"FR";"Network Costs - MCS";"Tractor-Trailer";"BAU";"EUR/kWh";2040;"0.018";"Sensitivity | Removed policies except for H2 tax reduction";"Electricity"
"OPEX";"Taxes";"IT";"Network Costs - MCS";"Rigid";"BAU";"EUR/kWh";2040;"0.015";"Sensitivity | Removed policies except for H2 tax reduction";"Electricity"
"OPEX";"Taxes";"IT";"Network Costs - MCS";"Tractor-Trailer";"BAU";"EUR/kWh";2040;"0.015";"Sensitivity | Removed policies except for H2 tax reduction";"Electricity"
"OPEX";"Taxes";"NL";"Network Costs - MCS";"Rigid";"BAU";"EUR/kWh";2040;"0.016";"Sensitivity | Removed policies except for H2 tax reduction";"Electricity"
"OPEX";"Taxes";"NL";"Network Costs - MCS";"Tractor-Trailer";"BAU";"EUR/kWh";2040;"0.016";"Sensitivity | Removed policies except for H2 tax reduction";"Electricity"
"OPEX";"Taxes";"PL";"Network Costs - MCS";"Rigid";"BAU";"EUR/kWh";2040;"0.019";"Sensitivity | Removed policies except for H2 tax reduction";"Electricity"
"OPEX";"Taxes";"PL";"Network Costs - MCS";"Tractor-Trailer";"BAU";"EUR/kWh";2040;"0.019";"Sensitivity | Removed policies except for H2 tax reduction";"Electricity"
"OPEX";"Taxes";"UK";"Network Costs - MCS";"Rigid";"BAU";"EUR/kWh";2040;"0.027";"Sensitivity | Removed policies except for H2 tax reduction";"Electricity"
"OPEX";"Taxes";"UK";"Network Costs - MCS";"Tractor-Trailer";"BAU";"EUR/kWh";2040;"0.027";"Sensitivity | Removed policies except for H2 tax reduction";"Electricity"
"OPEX";"Taxes";"DE";"Taxes, Fees, Levies and charges - MCS";"Rigid";"BAU";"EUR/kWh";2040;"0.056";"Sensitivity | Removed policies except for H2 tax reduction";"Electricity"
"OPEX";"Taxes";"DE";"Taxes, Fees, Levies and charges - MCS";"Tractor-Trailer";"BAU";"EUR/kWh";2040;"0.056";"Sensitivity | Removed policies except for H2 tax reduction";"Electricity"
"OPEX";"Taxes";"ES";"Taxes, Fees, Levies and charges - MCS";"Rigid";"BAU";"EUR/kWh";2040;"0.036";"Sensitivity | Removed policies except for H2 tax reduction";"Electricity"
"OPEX";"Taxes";"ES";"Taxes, Fees, Levies and charges - MCS";"Tractor-Trailer";"BAU";"EUR/kWh";2040;"0.036";"Sensitivity | Removed policies except for H2 tax reduction";"Electricity"
"OPEX";"Taxes";"FR";"Taxes, Fees, Levies and charges - MCS";"Rigid";"BAU";"EUR/kWh";2040;"0.03";"Sensitivity | Removed policies except for H2 tax reduction";"Electricity"
"OPEX";"Taxes";"FR";"Taxes, Fees, Levies and charges - MCS";"Tractor-Trailer";"BAU";"EUR/kWh";2040;"0.03";"Sensitivity | Removed policies except for H2 tax reduction";"Electricity"
"OPEX";"Taxes";"IT";"Taxes, Fees, Levies and charges - MCS";"Rigid";"BAU";"EUR/kWh";2040;"0.062";"Sensitivity | Removed policies except for H2 tax reduction";"Electricity"
"OPEX";"Taxes";"IT";"Taxes, Fees, Levies and charges - MCS";"Tractor-Trailer";"BAU";"EUR/kWh";2040;"0.062";"Sensitivity | Removed policies except for H2 tax reduction";"Electricity"
"OPEX";"Taxes";"NL";"Taxes, Fees, Levies and charges - MCS";"Rigid";"BAU";"EUR/kWh";2040;"0.055";"Sensitivity | Removed policies except for H2 tax reduction";"Electricity"
"OPEX";"Taxes";"NL";"Taxes, Fees, Levies and charges - MCS";"Tractor-Trailer";"BAU";"EUR/kWh";2040;"0.055";"Sensitivity | Removed policies except for H2 tax reduction";"Electricity"
"OPEX";"Taxes";"PL";"Taxes, Fees, Levies and charges - MCS";"Rigid";"BAU";"EUR/kWh";2040;"0.049";"Sensitivity | Removed policies except for H2 tax reduction";"Electricity"
"OPEX";"Taxes";"PL";"Taxes, Fees, Levies and charges - MCS";"Tractor-Trailer";"BAU";"EUR/kWh";2040;"0.049";"Sensitivity | Removed policies except for H2 tax reduction";"Electricity"
"OPEX";"Taxes";"UK";"Taxes, Fees, Levies and charges - MCS";"Rigid";"BAU";"EUR/kWh";2040;"0.077";"Sensitivity | Removed policies except for H2 tax reduction";"Electricity"
"OPEX";"Taxes";"UK";"Taxes, Fees, Levies and charges - MCS";"Tractor-Trailer";"BAU";"EUR/kWh";2040;"0.077";"Sensitivity | Removed policies except for H2 tax reduction";"Electricity"
"OPEX";"Taxes";"DE";"Network Costs - Depot";"Rigid";"BAU";"EUR/kWh";2040;"0.034";"Sensitivity | Removed policies except for H2 tax reduction";"Electricity"
"OPEX";"Taxes";"DE";"Network Costs - Depot";"Tractor-Trailer";"BAU";"EUR/kWh";2040;"0.034";"Sensitivity | Removed policies except for H2 tax reduction";"Electricity"
"OPEX";"Taxes";"ES";"Network Costs - Depot";"Rigid";"BAU";"EUR/kWh";2040;"0.018";"Sensitivity | Removed policies except for H2 tax reduction";"Electricity"
"OPEX";"Taxes";"ES";"Network Costs - Depot";"Tractor-Trailer";"BAU";"EUR/kWh";2040;"0.018";"Sensitivity | Removed policies except for H2 tax reduction";"Electricity"
"OPEX";"Taxes";"FR";"Network Costs - Depot";"Rigid";"BAU";"EUR/kWh";2040;"0.018";"Sensitivity | Removed policies except for H2 tax reduction";"Electricity"
"OPEX";"Taxes";"FR";"Network Costs - Depot";"Tractor-Trailer";"BAU";"EUR/kWh";2040;"0.018";"Sensitivity | Removed policies except for H2 tax reduction";"Electricity"
"OPEX";"Taxes";"IT";"Network Costs - Depot";"Rigid";"BAU";"EUR/kWh";2040;"0.016";"Sensitivity | Removed policies except for H2 tax reduction";"Electricity"
"OPEX";"Taxes";"IT";"Network Costs - Depot";"Tractor-Trailer";"BAU";"EUR/kWh";2040;"0.016";"Sensitivity | Removed policies except for H2 tax reduction";"Electricity"
"OPEX";"Taxes";"NL";"Network Costs - Depot";"Rigid";"BAU";"EUR/kWh";2040;"0.016";"Sensitivity | Removed policies except for H2 tax reduction";"Electricity"
"OPEX";"Taxes";"NL";"Network Costs - Depot";"Tractor-Trailer";"BAU";"EUR/kWh";2040;"0.016";"Sensitivity | Removed policies except for H2 tax reduction";"Electricity"
"OPEX";"Taxes";"PL";"Network Costs - Depot";"Rigid";"BAU";"EUR/kWh";2040;"0.019";"Sensitivity | Removed policies except for H2 tax reduction";"Electricity"
"OPEX";"Taxes";"PL";"Network Costs - Depot";"Tractor-Trailer";"BAU";"EUR/kWh";2040;"0.019";"Sensitivity | Removed policies except for H2 tax reduction";"Electricity"
"OPEX";"Taxes";"UK";"Network Costs - Depot";"Rigid";"BAU";"EUR/kWh";2040;"0.027";"Sensitivity | Removed policies except for H2 tax reduction";"Electricity"
"OPEX";"Taxes";"UK";"Network Costs - Depot";"Tractor-Trailer";"BAU";"EUR/kWh";2040;"0.027";"Sensitivity | Removed policies except for H2 tax reduction";"Electricity"
"OPEX";"Taxes";"DE";"Taxes, Fees, Levies and charges - Depot";"Rigid";"BAU";"EUR/kWh";2040;"0.056";"Sensitivity | Removed policies except for H2 tax reduction";"Electricity"
"OPEX";"Taxes";"DE";"Taxes, Fees, Levies and charges - Depot";"Tractor-Trailer";"BAU";"EUR/kWh";2040;"0.056";"Sensitivity | Removed policies except for H2 tax reduction";"Electricity"
"OPEX";"Taxes";"ES";"Taxes, Fees, Levies and charges - Depot";"Rigid";"BAU";"EUR/kWh";2040;"0.036";"Sensitivity | Removed policies except for H2 tax reduction";"Electricity"
"OPEX";"Taxes";"ES";"Taxes, Fees, Levies and charges - Depot";"Tractor-Trailer";"BAU";"EUR/kWh";2040;"0.036";"Sensitivity | Removed policies except for H2 tax reduction";"Electricity"
"OPEX";"Taxes";"FR";"Taxes, Fees, Levies and charges - Depot";"Rigid";"BAU";"EUR/kWh";2040;"0.03";"Sensitivity | Removed policies except for H2 tax reduction";"Electricity"
"OPEX";"Taxes";"FR";"Taxes, Fees, Levies and charges - Depot";"Tractor-Trailer";"BAU";"EUR/kWh";2040;"0.03";"Sensitivity | Removed policies except for H2 tax reduction";"Electricity"
"OPEX";"Taxes";"IT";"Taxes, Fees, Levies and charges - Depot";"Rigid";"BAU";"EUR/kWh";2040;"0.063";"Sensitivity | Removed policies except for H2 tax reduction";"Electricity"
"OPEX";"Taxes";"IT";"Taxes, Fees, Levies and charges - Depot";"Tractor-Trailer";"BAU";"EUR/kWh";2040;"0.063";"Sensitivity | Removed policies except for H2 tax reduction";"Electricity"
"OPEX";"Taxes";"NL";"Taxes, Fees, Levies and charges - Depot";"Rigid";"BAU";"EUR/kWh";2040;"0.055";"Sensitivity | Removed policies except for H2 tax reduction";"Electricity"
"OPEX";"Taxes";"NL";"Taxes, Fees, Levies and charges - Depot";"Tractor-Trailer";"BAU";"EUR/kWh";2040;"0.055";"Sensitivity | Removed policies except for H2 tax reduction";"Electricity"
"OPEX";"Taxes";"PL";"Taxes, Fees, Levies and charges - Depot";"Rigid";"BAU";"EUR/kWh";2040;"0.049";"Sensitivity | Removed policies except for H2 tax reduction";"Electricity"
"OPEX";"Taxes";"PL";"Taxes, Fees, Levies and charges - Depot";"Tractor-Trailer";"BAU";"EUR/kWh";2040;"0.049";"Sensitivity | Removed policies except for H2 tax reduction";"Electricity"
"OPEX";"Taxes";"UK";"Taxes, Fees, Levies and charges - Depot";"Rigid";"BAU";"EUR/kWh";2040;"0.077";"Sensitivity | Removed policies except for H2 tax reduction";"Electricity"
"OPEX";"Taxes";"UK";"Taxes, Fees, Levies and charges - Depot";"Tractor-Trailer";"BAU";"EUR/kWh";2040;"0.077";"Sensitivity | Removed policies except for H2 tax reduction";"Electricity"
"OPEX";"H2 Infrastructure";"DE";"HRS costs";"Rigid";"BAU";"EUR/kg H2";2040;"1.2";"Sensitivity | Removed policies except for H2 tax reduction";"Hydrogen"
"OPEX";"H2 Infrastructure";"DE";"HRS costs";"Tractor-Trailer";"BAU";"EUR/kg H2";2040;"1.2";"Sensitivity | Removed policies except for H2 tax reduction";"Hydrogen"
"OPEX";"H2 Infrastructure";"ES";"HRS costs";"Rigid";"BAU";"EUR/kg H2";2040;"1.2";"Sensitivity | Removed policies except for H2 tax reduction";"Hydrogen"
"OPEX";"H2 Infrastructure";"ES";"HRS costs";"Tractor-Trailer";"BAU";"EUR/kg H2";2040;"1.2";"Sensitivity | Removed policies except for H2 tax reduction";"Hydrogen"
"OPEX";"H2 Infrastructure";"FR";"HRS costs";"Rigid";"BAU";"EUR/kg H2";2040;"1.2";"Sensitivity | Removed policies except for H2 tax reduction";"Hydrogen"
"OPEX";"H2 Infrastructure";"FR";"HRS costs";"Tractor-Trailer";"BAU";"EUR/kg H2";2040;"1.2";"Sensitivity | Removed policies except for H2 tax reduction";"Hydrogen"
"OPEX";"H2 Infrastructure";"IT";"HRS costs";"Rigid";"BAU";"EUR/kg H2";2040;"1.2";"Sensitivity | Removed policies except for H2 tax reduction";"Hydrogen"
"OPEX";"H2 Infrastructure";"IT";"HRS costs";"Tractor-Trailer";"BAU";"EUR/kg H2";2040;"1.2";"Sensitivity | Removed policies except for H2 tax reduction";"Hydrogen"
"OPEX";"H2 Infrastructure";"NL";"HRS costs";"Rigid";"BAU";"EUR/kg H2";2040;"1.2";"Sensitivity | Removed policies except for H2 tax reduction";"Hydrogen"
"OPEX";"H2 Infrastructure";"NL";"HRS costs";"Tractor-Trailer";"BAU";"EUR/kg H2";2040;"1.2";"Sensitivity | Removed policies except for H2 tax reduction";"Hydrogen"
"OPEX";"H2 Infrastructure";"PL";"HRS costs";"Rigid";"BAU";"EUR/kg H2";2040;"1.2";"Sensitivity | Removed policies except for H2 tax reduction";"Hydrogen"
"OPEX";"H2 Infrastructure";"PL";"HRS costs";"Tractor-Trailer";"BAU";"EUR/kg H2";2040;"1.2";"Sensitivity | Removed policies except for H2 tax reduction";"Hydrogen"
"OPEX";"H2 Infrastructure";"UK";"HRS costs";"Rigid";"BAU";"EUR/kg H2";2040;"1.2";"Sensitivity | Removed policies except for H2 tax reduction";"Hydrogen"
"OPEX";"H2 Infrastructure";"UK";"HRS costs";"Tractor-Trailer";"BAU";"EUR/kg H2";2040;"1.2";"Sensitivity | Removed policies except for H2 tax reduction";"Hydrogen"
"OPEX";"H2 Infrastructure";"DE";"H2 transport and distribution";"Rigid";"BAU";"EUR/kg H2";2040;"1.167";"Sensitivity | Removed policies except for H2 tax reduction";"Hydrogen"
"OPEX";"H2 Infrastructure";"DE";"H2 transport and distribution";"Tractor-Trailer";"BAU";"EUR/kg H2";2040;"1.167";"Sensitivity | Removed policies except for H2 tax reduction";"Hydrogen"
"OPEX";"H2 Infrastructure";"ES";"H2 transport and distribution";"Rigid";"BAU";"EUR/kg H2";2040;"1.167";"Sensitivity | Removed policies except for H2 tax reduction";"Hydrogen"
"OPEX";"H2 Infrastructure";"ES";"H2 transport and distribution";"Tractor-Trailer";"BAU";"EUR/kg H2";2040;"1.167";"Sensitivity | Removed policies except for H2 tax reduction";"Hydrogen"
"OPEX";"H2 Infrastructure";"FR";"H2 transport and distribution";"Rigid";"BAU";"EUR/kg H2";2040;"1.167";"Sensitivity | Removed policies except for H2 tax reduction";"Hydrogen"
"OPEX";"H2 Infrastructure";"FR";"H2 transport and distribution";"Tractor-Trailer";"BAU";"EUR/kg H2";2040;"1.167";"Sensitivity | Removed policies except for H2 tax reduction";"Hydrogen"
"OPEX";"H2 Infrastructure";"IT";"H2 transport and distribution";"Rigid";"BAU";"EUR/kg H2";2040;"1.167";"Sensitivity | Removed policies except for H2 tax reduction";"Hydrogen"
"OPEX";"H2 Infrastructure";"IT";"H2 transport and distribution";"Tractor-Trailer";"BAU";"EUR/kg H2";2040;"1.167";"Sensitivity | Removed policies except for H2 tax reduction";"Hydrogen"
"OPEX";"H2 Infrastructure";"NL";"H2 transport and distribution";"Rigid";"BAU";"EUR/kg H2";2040;"1.167";"Sensitivity | Removed policies except for H2 tax reduction";"Hydrogen"
"OPEX";"H2 Infrastructure";"NL";"H2 transport and distribution";"Tractor-Trailer";"BAU";"EUR/kg H2";2040;"1.167";"Sensitivity | Removed policies except for H2 tax reduction";"Hydrogen"
"OPEX";"H2 Infrastructure";"PL";"H2 transport and distribution";"Rigid";"BAU";"EUR/kg H2";2040;"1.167";"Sensitivity | Removed policies except for H2 tax reduction";"Hydrogen"
"OPEX";"H2 Infrastructure";"PL";"H2 transport and distribution";"Tractor-Trailer";"BAU";"EUR/kg H2";2040;"1.167";"Sensitivity | Removed policies except for H2 tax reduction";"Hydrogen"
"OPEX";"H2 Infrastructure";"UK";"H2 transport and distribution";"Rigid";"BAU";"EUR/kg H2";2040;"1.167";"Sensitivity | Removed policies except for H2 tax reduction";"Hydrogen"
"OPEX";"H2 Infrastructure";"UK";"H2 transport and distribution";"Tractor-Trailer";"BAU";"EUR/kg H2";2040;"1.167";"Sensitivity | Removed policies except for H2 tax reduction";"Hydrogen"
"OPEX";"H2 Infrastructure";"DE";"HRS Overhead, Profit and Mark-Up";"Rigid";"BAU";"EUR/kg H2";2040;"0.25";"Sensitivity | Removed policies except for H2 tax reduction";"Hydrogen"
"OPEX";"H2 Infrastructure";"DE";"HRS Overhead, Profit and Mark-Up";"Tractor-Trailer";"BAU";"EUR/kg H2";2040;"0.25";"Sensitivity | Removed policies except for H2 tax reduction";"Hydrogen"
"OPEX";"H2 Infrastructure";"ES";"HRS Overhead, Profit and Mark-Up";"Rigid";"BAU";"EUR/kg H2";2040;"0.25";"Sensitivity | Removed policies except for H2 tax reduction";"Hydrogen"
"OPEX";"H2 Infrastructure";"ES";"HRS Overhead, Profit and Mark-Up";"Tractor-Trailer";"BAU";"EUR/kg H2";2040;"0.25";"Sensitivity | Removed policies except for H2 tax reduction";"Hydrogen"
"OPEX";"H2 Infrastructure";"FR";"HRS Overhead, Profit and Mark-Up";"Rigid";"BAU";"EUR/kg H2";2040;"0.25";"Sensitivity | Removed policies except for H2 tax reduction";"Hydrogen"
"OPEX";"H2 Infrastructure";"FR";"HRS Overhead, Profit and Mark-Up";"Tractor-Trailer";"BAU";"EUR/kg H2";2040;"0.25";"Sensitivity | Removed policies except for H2 tax reduction";"Hydrogen"
"OPEX";"H2 Infrastructure";"IT";"HRS Overhead, Profit and Mark-Up";"Rigid";"BAU";"EUR/kg H2";2040;"0.25";"Sensitivity | Removed policies except for H2 tax reduction";"Hydrogen"
"OPEX";"H2 Infrastructure";"IT";"HRS Overhead, Profit and Mark-Up";"Tractor-Trailer";"BAU";"EUR/kg H2";2040;"0.25";"Sensitivity | Removed policies except for H2 tax reduction";"Hydrogen"
"OPEX";"H2 Infrastructure";"NL";"HRS Overhead, Profit and Mark-Up";"Rigid";"BAU";"EUR/kg H2";2040;"0.25";"Sensitivity | Removed policies except for H2 tax reduction";"Hydrogen"
"OPEX";"H2 Infrastructure";"NL";"HRS Overhead, Profit and Mark-Up";"Tractor-Trailer";"BAU";"EUR/kg H2";2040;"0.25";"Sensitivity | Removed policies except for H2 tax reduction";"Hydrogen"
"OPEX";"H2 Infrastructure";"PL";"HRS Overhead, Profit and Mark-Up";"Rigid";"BAU";"EUR/kg H2";2040;"0.25";"Sensitivity | Removed policies except for H2 tax reduction";"Hydrogen"
"OPEX";"H2 Infrastructure";"PL";"HRS Overhead, Profit and Mark-Up";"Tractor-Trailer";"BAU";"EUR/kg H2";2040;"0.25";"Sensitivity | Removed policies except for H2 tax reduction";"Hydrogen"
"OPEX";"H2 Infrastructure";"UK";"HRS Overhead, Profit and Mark-Up";"Rigid";"BAU";"EUR/kg H2";2040;"0.25";"Sensitivity | Removed policies except for H2 tax reduction";"Hydrogen"
"OPEX";"H2 Infrastructure";"UK";"HRS Overhead, Profit and Mark-Up";"Tractor-Trailer";"BAU";"EUR/kg H2";2040;"0.25";"Sensitivity | Removed policies except for H2 tax reduction";"Hydrogen"
"OPEX";"Charging Infrastructure";"DE";"MCS Station (Public Charging) - Incl. Overhead";"Rigid";"BAU";"EUR/kWh";2040;"0.043";"Sensitivity | Removed policies except for H2 tax reduction";"Electricity"
"OPEX";"Charging Infrastructure";"DE";"MCS Station (Public Charging) - Incl. Overhead";"Tractor-Trailer";"BAU";"EUR/kWh";2040;"0.043";"Sensitivity | Removed policies except for H2 tax reduction";"Electricity"
"OPEX";"Charging Infrastructure";"ES";"MCS Station (Public Charging) - Incl. Overhead";"Rigid";"BAU";"EUR/kWh";2040;"0.043";"Sensitivity | Removed policies except for H2 tax reduction";"Electricity"
"OPEX";"Charging Infrastructure";"ES";"MCS Station (Public Charging) - Incl. Overhead";"Tractor-Trailer";"BAU";"EUR/kWh";2040;"0.043";"Sensitivity | Removed policies except for H2 tax reduction";"Electricity"
"OPEX";"Charging Infrastructure";"FR";"MCS Station (Public Charging) - Incl. Overhead";"Rigid";"BAU";"EUR/kWh";2040;"0.043";"Sensitivity | Removed policies except for H2 tax reduction";"Electricity"
"OPEX";"Charging Infrastructure";"FR";"MCS Station (Public Charging) - Incl. Overhead";"Tractor-Trailer";"BAU";"EUR/kWh";2040;"0.043";"Sensitivity | Removed policies except for H2 tax reduction";"Electricity"
"OPEX";"Charging Infrastructure";"IT";"MCS Station (Public Charging) - Incl. Overhead";"Rigid";"BAU";"EUR/kWh";2040;"0.043";"Sensitivity | Removed policies except for H2 tax reduction";"Electricity"
"OPEX";"Charging Infrastructure";"IT";"MCS Station (Public Charging) - Incl. Overhead";"Tractor-Trailer";"BAU";"EUR/kWh";2040;"0.043";"Sensitivity | Removed policies except for H2 tax reduction";"Electricity"
"OPEX";"Charging Infrastructure";"NL";"MCS Station (Public Charging) - Incl. Overhead";"Rigid";"BAU";"EUR/kWh";2040;"0.043";"Sensitivity | Removed policies except for H2 tax reduction";"Electricity"
"OPEX";"Charging Infrastructure";"NL";"MCS Station (Public Charging) - Incl. Overhead";"Tractor-Trailer";"BAU";"EUR/kWh";2040;"0.043";"Sensitivity | Removed policies except for H2 tax reduction";"Electricity"
"OPEX";"Charging Infrastructure";"PL";"MCS Station (Public Charging) - Incl. Overhead";"Rigid";"BAU";"EUR/kWh";2040;"0.043";"Sensitivity | Removed policies except for H2 tax reduction";"Electricity"
"OPEX";"Charging Infrastructure";"PL";"MCS Station (Public Charging) - Incl. Overhead";"Tractor-Trailer";"BAU";"EUR/kWh";2040;"0.043";"Sensitivity | Removed policies except for H2 tax reduction";"Electricity"
"OPEX";"Charging Infrastructure";"UK";"MCS Station (Public Charging) - Incl. Overhead";"Rigid";"BAU";"EUR/kWh";2040;"0.043";"Sensitivity | Removed policies except for H2 tax reduction";"Electricity"
"OPEX";"Charging Infrastructure";"UK";"MCS Station (Public Charging) - Incl. Overhead";"Tractor-Trailer";"BAU";"EUR/kWh";2040;"0.043";"Sensitivity | Removed policies except for H2 tax reduction";"Electricity"
"OPEX";"Charging Infrastructure";"DE";"Share MCS-Charging";"Rigid";"BAU";"%";2040;"0.2";"Sensitivity | Removed policies except for H2 tax reduction";"Electricity"
"OPEX";"Charging Infrastructure";"DE";"Share MCS-Charging";"Tractor-Trailer";"BAU";"%";2040;"0.2";"Sensitivity | Removed policies except for H2 tax reduction";"Electricity"
"OPEX";"Charging Infrastructure";"ES";"Share MCS-Charging";"Rigid";"BAU";"%";2040;"0.2";"Sensitivity | Removed policies except for H2 tax reduction";"Electricity"
"OPEX";"Charging Infrastructure";"ES";"Share MCS-Charging";"Tractor-Trailer";"BAU";"%";2040;"0.2";"Sensitivity | Removed policies except for H2 tax reduction";"Electricity"
"OPEX";"Charging Infrastructure";"FR";"Share MCS-Charging";"Rigid";"BAU";"%";2040;"0.2";"Sensitivity | Removed policies except for H2 tax reduction";"Electricity"
"OPEX";"Charging Infrastructure";"FR";"Share MCS-Charging";"Tractor-Trailer";"BAU";"%";2040;"0.2";"Sensitivity | Removed policies except for H2 tax reduction";"Electricity"
"OPEX";"Charging Infrastructure";"IT";"Share MCS-Charging";"Rigid";"BAU";"%";2040;"0.2";"Sensitivity | Removed policies except for H2 tax reduction";"Electricity"
"OPEX";"Charging Infrastructure";"IT";"Share MCS-Charging";"Tractor-Trailer";"BAU";"%";2040;"0.2";"Sensitivity | Removed policies except for H2 tax reduction";"Electricity"
"OPEX";"Charging Infrastructure";"NL";"Share MCS-Charging";"Rigid";"BAU";"%";2040;"0.2";"Sensitivity | Removed policies except for H2 tax reduction";"Electricity"
"OPEX";"Charging Infrastructure";"NL";"Share MCS-Charging";"Tractor-Trailer";"BAU";"%";2040;"0.2";"Sensitivity | Removed policies except for H2 tax reduction";"Electricity"
"OPEX";"Charging Infrastructure";"PL";"Share MCS-Charging";"Rigid";"BAU";"%";2040;"0.2";"Sensitivity | Removed policies except for H2 tax reduction";"Electricity"
"OPEX";"Charging Infrastructure";"PL";"Share MCS-Charging";"Tractor-Trailer";"BAU";"%";2040;"0.2";"Sensitivity | Removed policies except for H2 tax reduction";"Electricity"
"OPEX";"Charging Infrastructure";"UK";"Share MCS-Charging";"Rigid";"BAU";"%";2040;"0.2";"Sensitivity | Removed policies except for H2 tax reduction";"Electricity"
"OPEX";"Charging Infrastructure";"UK";"Share MCS-Charging";"Tractor-Trailer";"BAU";"%";2040;"0.2";"Sensitivity | Removed policies except for H2 tax reduction";"Electricity"
"OPEX";"Charging Infrastructure";"DE";"Depot - Network fees savings potential";"Rigid";"BAU";"EUR/kWh";2040;"0";"Sensitivity | Removed policies except for H2 tax reduction";"Electricity"
"OPEX";"Charging Infrastructure";"DE";"Depot - Network fees savings potential";"Tractor-Trailer";"BAU";"EUR/kWh";2040;"0";"Sensitivity | Removed policies except for H2 tax reduction";"Electricity"
"OPEX";"Charging Infrastructure";"ES";"Depot - Network fees savings potential";"Rigid";"BAU";"EUR/kWh";2040;"0";"Sensitivity | Removed policies except for H2 tax reduction";"Electricity"
"OPEX";"Charging Infrastructure";"ES";"Depot - Network fees savings potential";"Tractor-Trailer";"BAU";"EUR/kWh";2040;"0";"Sensitivity | Removed policies except for H2 tax reduction";"Electricity"
"OPEX";"Charging Infrastructure";"FR";"Depot - Network fees savings potential";"Rigid";"BAU";"EUR/kWh";2040;"0";"Sensitivity | Removed policies except for H2 tax reduction";"Electricity"
"OPEX";"Charging Infrastructure";"FR";"Depot - Network fees savings potential";"Tractor-Trailer";"BAU";"EUR/kWh";2040;"0";"Sensitivity | Removed policies except for H2 tax reduction";"Electricity"
"OPEX";"Charging Infrastructure";"IT";"Depot - Network fees savings potential";"Rigid";"BAU";"EUR/kWh";2040;"0";"Sensitivity | Removed policies except for H2 tax reduction";"Electricity"
"OPEX";"Charging Infrastructure";"IT";"Depot - Network fees savings potential";"Tractor-Trailer";"BAU";"EUR/kWh";2040;"0";"Sensitivity | Removed policies except for H2 tax reduction";"Electricity"
"OPEX";"Charging Infrastructure";"NL";"Depot - Network fees savings potential";"Rigid";"BAU";"EUR/kWh";2040;"0";"Sensitivity | Removed policies except for H2 tax reduction";"Electricity"
"OPEX";"Charging Infrastructure";"NL";"Depot - Network fees savings potential";"Tractor-Trailer";"BAU";"EUR/kWh";2040;"0";"Sensitivity | Removed policies except for H2 tax reduction";"Electricity"
"OPEX";"Charging Infrastructure";"PL";"Depot - Network fees savings potential";"Rigid";"BAU";"EUR/kWh";2040;"0";"Sensitivity | Removed policies except for H2 tax reduction";"Electricity"
"OPEX";"Charging Infrastructure";"PL";"Depot - Network fees savings potential";"Tractor-Trailer";"BAU";"EUR/kWh";2040;"0";"Sensitivity | Removed policies except for H2 tax reduction";"Electricity"
"OPEX";"Charging Infrastructure";"UK";"Depot - Network fees savings potential";"Rigid";"BAU";"EUR/kWh";2040;"0";"Sensitivity | Removed policies except for H2 tax reduction";"Electricity"
"OPEX";"Charging Infrastructure";"UK";"Depot - Network fees savings potential";"Tractor-Trailer";"BAU";"EUR/kWh";2040;"0";"Sensitivity | Removed policies except for H2 tax reduction";"Electricity"
"OPEX";"Taxes";"DE";"Tax reduction";"Rigid";"BAU";"%";2040;"0";"Sensitivity | Removed policies except for H2 tax reduction";"Hydrogen"
"OPEX";"Taxes";"DE";"Tax reduction";"Tractor-Trailer";"BAU";"%";2040;"0";"Sensitivity | Removed policies except for H2 tax reduction";"Hydrogen"
"OPEX";"Taxes";"ES";"Tax reduction";"Rigid";"BAU";"%";2040;"0";"Sensitivity | Removed policies except for H2 tax reduction";"Hydrogen"
"OPEX";"Taxes";"ES";"Tax reduction";"Tractor-Trailer";"BAU";"%";2040;"0";"Sensitivity | Removed policies except for H2 tax reduction";"Hydrogen"
"OPEX";"Taxes";"FR";"Tax reduction";"Rigid";"BAU";"%";2040;"0";"Sensitivity | Removed policies except for H2 tax reduction";"Hydrogen"
"OPEX";"Taxes";"FR";"Tax reduction";"Tractor-Trailer";"BAU";"%";2040;"0";"Sensitivity | Removed policies except for H2 tax reduction";"Hydrogen"
"OPEX";"Taxes";"IT";"Tax reduction";"Rigid";"BAU";"%";2040;"0";"Sensitivity | Removed policies except for H2 tax reduction";"Hydrogen"
"OPEX";"Taxes";"IT";"Tax reduction";"Tractor-Trailer";"BAU";"%";2040;"0";"Sensitivity | Removed policies except for H2 tax reduction";"Hydrogen"
"OPEX";"Taxes";"NL";"Tax reduction";"Rigid";"BAU";"%";2040;"0";"Sensitivity | Removed policies except for H2 tax reduction";"Hydrogen"
"OPEX";"Taxes";"NL";"Tax reduction";"Tractor-Trailer";"BAU";"%";2040;"0";"Sensitivity | Removed policies except for H2 tax reduction";"Hydrogen"
"OPEX";"Taxes";"PL";"Tax reduction";"Rigid";"BAU";"%";2040;"0";"Sensitivity | Removed policies except for H2 tax reduction";"Hydrogen"
"OPEX";"Taxes";"PL";"Tax reduction";"Tractor-Trailer";"BAU";"%";2040;"0";"Sensitivity | Removed policies except for H2 tax reduction";"Hydrogen"
"OPEX";"Taxes";"UK";"Tax reduction";"Rigid";"BAU";"%";2040;"0";"Sensitivity | Removed policies except for H2 tax reduction";"Hydrogen"
"OPEX";"Taxes";"UK";"Tax reduction";"Tractor-Trailer";"BAU";"%";2040;"0";"Sensitivity | Removed policies except for H2 tax reduction";"Hydrogen"
"OPEX";"Taxes";"DE";"Increasing grid fees";"Rigid";"PROG";"%";2040;"0.2";"Sensitivity | Removed policies except for H2 tax reduction";"Electricity"
"OPEX";"Taxes";"DE";"Increasing grid fees";"Tractor-Trailer";"PROG";"%";2040;"0.2";"Sensitivity | Removed policies except for H2 tax reduction";"Electricity"
"OPEX";"Taxes";"ES";"Increasing grid fees";"Rigid";"PROG";"%";2040;"0.2";"Sensitivity | Removed policies except for H2 tax reduction";"Electricity"
"OPEX";"Taxes";"ES";"Increasing grid fees";"Tractor-Trailer";"PROG";"%";2040;"0.2";"Sensitivity | Removed policies except for H2 tax reduction";"Electricity"
"OPEX";"Taxes";"FR";"Increasing grid fees";"Rigid";"PROG";"%";2040;"0.2";"Sensitivity | Removed policies except for H2 tax reduction";"Electricity"
"OPEX";"Taxes";"FR";"Increasing grid fees";"Tractor-Trailer";"PROG";"%";2040;"0.2";"Sensitivity | Removed policies except for H2 tax reduction";"Electricity"
"OPEX";"Taxes";"IT";"Increasing grid fees";"Rigid";"PROG";"%";2040;"0.2";"Sensitivity | Removed policies except for H2 tax reduction";"Electricity"
"OPEX";"Taxes";"IT";"Increasing grid fees";"Tractor-Trailer";"PROG";"%";2040;"0.2";"Sensitivity | Removed policies except for H2 tax reduction";"Electricity"
"OPEX";"Taxes";"NL";"Increasing grid fees";"Rigid";"PROG";"%";2040;"0.2";"Sensitivity | Removed policies except for H2 tax reduction";"Electricity"
"OPEX";"Taxes";"NL";"Increasing grid fees";"Tractor-Trailer";"PROG";"%";2040;"0.2";"Sensitivity | Removed policies except for H2 tax reduction";"Electricity"
"OPEX";"Taxes";"PL";"Increasing grid fees";"Rigid";"PROG";"%";2040;"0.2";"Sensitivity | Removed policies except for H2 tax reduction";"Electricity"
"OPEX";"Taxes";"PL";"Increasing grid fees";"Tractor-Trailer";"PROG";"%";2040;"0.2";"Sensitivity | Removed policies except for H2 tax reduction";"Electricity"
"OPEX";"Taxes";"UK";"Increasing grid fees";"Rigid";"PROG";"%";2040;"0.2";"Sensitivity | Removed policies except for H2 tax reduction";"Electricity"
"OPEX";"Taxes";"UK";"Increasing grid fees";"Tractor-Trailer";"PROG";"%";2040;"0.2";"Sensitivity | Removed policies except for H2 tax reduction";"Electricity"
"OPEX";"Taxes";"DE";"Increasing grid fees";"Rigid";"BAU";"%";2040;"0.333";"Sensitivity | Removed policies except for H2 tax reduction";"Electricity"
"OPEX";"Taxes";"DE";"Increasing grid fees";"Tractor-Trailer";"BAU";"%";2040;"0.333";"Sensitivity | Removed policies except for H2 tax reduction";"Electricity"
"OPEX";"Taxes";"ES";"Increasing grid fees";"Rigid";"BAU";"%";2040;"0.333";"Sensitivity | Removed policies except for H2 tax reduction";"Electricity"
"OPEX";"Taxes";"ES";"Increasing grid fees";"Tractor-Trailer";"BAU";"%";2040;"0.333";"Sensitivity | Removed policies except for H2 tax reduction";"Electricity"
"OPEX";"Taxes";"FR";"Increasing grid fees";"Rigid";"BAU";"%";2040;"0.333";"Sensitivity | Removed policies except for H2 tax reduction";"Electricity"
"OPEX";"Taxes";"FR";"Increasing grid fees";"Tractor-Trailer";"BAU";"%";2040;"0.333";"Sensitivity | Removed policies except for H2 tax reduction";"Electricity"
"OPEX";"Taxes";"IT";"Increasing grid fees";"Rigid";"BAU";"%";2040;"0.333";"Sensitivity | Removed policies except for H2 tax reduction";"Electricity"
"OPEX";"Taxes";"IT";"Increasing grid fees";"Tractor-Trailer";"BAU";"%";2040;"0.333";"Sensitivity | Removed policies except for H2 tax reduction";"Electricity"
"OPEX";"Taxes";"NL";"Increasing grid fees";"Rigid";"BAU";"%";2040;"0.333";"Sensitivity | Removed policies except for H2 tax reduction";"Electricity"
"OPEX";"Taxes";"NL";"Increasing grid fees";"Tractor-Trailer";"BAU";"%";2040;"0.333";"Sensitivity | Removed policies except for H2 tax reduction";"Electricity"
"OPEX";"Taxes";"PL";"Increasing grid fees";"Rigid";"BAU";"%";2040;"0.333";"Sensitivity | Removed policies except for H2 tax reduction";"Electricity"
"OPEX";"Taxes";"PL";"Increasing grid fees";"Tractor-Trailer";"BAU";"%";2040;"0.333";"Sensitivity | Removed policies except for H2 tax reduction";"Electricity"
"OPEX";"Taxes";"UK";"Increasing grid fees";"Rigid";"BAU";"%";2040;"0.333";"Sensitivity | Removed policies except for H2 tax reduction";"Electricity"
"OPEX";"Taxes";"UK";"Increasing grid fees";"Tractor-Trailer";"BAU";"%";2040;"0.333";"Sensitivity | Removed policies except for H2 tax reduction";"Electricity"
"OPEX";"Taxes";"DE";"Network Costs - MCS";"Rigid";"PROG";"EUR/kWh";2045;"0.026";"Sensitivity | Removed policies except for H2 tax reduction";"Electricity"
"OPEX";"Taxes";"DE";"Network Costs - MCS";"Tractor-Trailer";"PROG";"EUR/kWh";2045;"0.026";"Sensitivity | Removed policies except for H2 tax reduction";"Electricity"
"OPEX";"Taxes";"ES";"Network Costs - MCS";"Rigid";"PROG";"EUR/kWh";2045;"0.009";"Sensitivity | Removed policies except for H2 tax reduction";"Electricity"
"OPEX";"Taxes";"ES";"Network Costs - MCS";"Tractor-Trailer";"PROG";"EUR/kWh";2045;"0.009";"Sensitivity | Removed policies except for H2 tax reduction";"Electricity"
"OPEX";"Taxes";"FR";"Network Costs - MCS";"Rigid";"PROG";"EUR/kWh";2045;"0.014";"Sensitivity | Removed policies except for H2 tax reduction";"Electricity"
"OPEX";"Taxes";"FR";"Network Costs - MCS";"Tractor-Trailer";"PROG";"EUR/kWh";2045;"0.014";"Sensitivity | Removed policies except for H2 tax reduction";"Electricity"
"OPEX";"Taxes";"IT";"Network Costs - MCS";"Rigid";"PROG";"EUR/kWh";2045;"0.012";"Sensitivity | Removed policies except for H2 tax reduction";"Electricity"
"OPEX";"Taxes";"IT";"Network Costs - MCS";"Tractor-Trailer";"PROG";"EUR/kWh";2045;"0.012";"Sensitivity | Removed policies except for H2 tax reduction";"Electricity"
"OPEX";"Taxes";"NL";"Network Costs - MCS";"Rigid";"PROG";"EUR/kWh";2045;"0.015";"Sensitivity | Removed policies except for H2 tax reduction";"Electricity"
"OPEX";"Taxes";"NL";"Network Costs - MCS";"Tractor-Trailer";"PROG";"EUR/kWh";2045;"0.015";"Sensitivity | Removed policies except for H2 tax reduction";"Electricity"
"OPEX";"Taxes";"PL";"Network Costs - MCS";"Rigid";"PROG";"EUR/kWh";2045;"0.014";"Sensitivity | Removed policies except for H2 tax reduction";"Electricity"
"OPEX";"Taxes";"PL";"Network Costs - MCS";"Tractor-Trailer";"PROG";"EUR/kWh";2045;"0.014";"Sensitivity | Removed policies except for H2 tax reduction";"Electricity"
"OPEX";"Taxes";"UK";"Network Costs - MCS";"Rigid";"PROG";"EUR/kWh";2045;"0.018";"Sensitivity | Removed policies except for H2 tax reduction";"Electricity"
"OPEX";"Taxes";"UK";"Network Costs - MCS";"Tractor-Trailer";"PROG";"EUR/kWh";2045;"0.018";"Sensitivity | Removed policies except for H2 tax reduction";"Electricity"
"OPEX";"Taxes";"DE";"Taxes, Fees, Levies and charges - MCS";"Rigid";"PROG";"EUR/kWh";2045;"0.051";"Sensitivity | Removed policies except for H2 tax reduction";"Electricity"
"OPEX";"Taxes";"DE";"Taxes, Fees, Levies and charges - MCS";"Tractor-Trailer";"PROG";"EUR/kWh";2045;"0.051";"Sensitivity | Removed policies except for H2 tax reduction";"Electricity"
"OPEX";"Taxes";"ES";"Taxes, Fees, Levies and charges - MCS";"Rigid";"PROG";"EUR/kWh";2045;"0.026";"Sensitivity | Removed policies except for H2 tax reduction";"Electricity"
"OPEX";"Taxes";"ES";"Taxes, Fees, Levies and charges - MCS";"Tractor-Trailer";"PROG";"EUR/kWh";2045;"0.026";"Sensitivity | Removed policies except for H2 tax reduction";"Electricity"
"OPEX";"Taxes";"FR";"Taxes, Fees, Levies and charges - MCS";"Rigid";"PROG";"EUR/kWh";2045;"0.022";"Sensitivity | Removed policies except for H2 tax reduction";"Electricity"
"OPEX";"Taxes";"FR";"Taxes, Fees, Levies and charges - MCS";"Tractor-Trailer";"PROG";"EUR/kWh";2045;"0.022";"Sensitivity | Removed policies except for H2 tax reduction";"Electricity"
"OPEX";"Taxes";"IT";"Taxes, Fees, Levies and charges - MCS";"Rigid";"PROG";"EUR/kWh";2045;"0.034";"Sensitivity | Removed policies except for H2 tax reduction";"Electricity"
"OPEX";"Taxes";"IT";"Taxes, Fees, Levies and charges - MCS";"Tractor-Trailer";"PROG";"EUR/kWh";2045;"0.034";"Sensitivity | Removed policies except for H2 tax reduction";"Electricity"
"OPEX";"Taxes";"NL";"Taxes, Fees, Levies and charges - MCS";"Rigid";"PROG";"EUR/kWh";2045;"0.023";"Sensitivity | Removed policies except for H2 tax reduction";"Electricity"
"OPEX";"Taxes";"NL";"Taxes, Fees, Levies and charges - MCS";"Tractor-Trailer";"PROG";"EUR/kWh";2045;"0.023";"Sensitivity | Removed policies except for H2 tax reduction";"Electricity"
"OPEX";"Taxes";"PL";"Taxes, Fees, Levies and charges - MCS";"Rigid";"PROG";"EUR/kWh";2045;"0.045";"Sensitivity | Removed policies except for H2 tax reduction";"Electricity"
"OPEX";"Taxes";"PL";"Taxes, Fees, Levies and charges - MCS";"Tractor-Trailer";"PROG";"EUR/kWh";2045;"0.045";"Sensitivity | Removed policies except for H2 tax reduction";"Electricity"
"OPEX";"Taxes";"UK";"Taxes, Fees, Levies and charges - MCS";"Rigid";"PROG";"EUR/kWh";2045;"0.074";"Sensitivity | Removed policies except for H2 tax reduction";"Electricity"
"OPEX";"Taxes";"UK";"Taxes, Fees, Levies and charges - MCS";"Tractor-Trailer";"PROG";"EUR/kWh";2045;"0.074";"Sensitivity | Removed policies except for H2 tax reduction";"Electricity"
"OPEX";"Taxes";"DE";"Network Costs - Depot";"Rigid";"PROG";"EUR/kWh";2045;"0.034";"Sensitivity | Removed policies except for H2 tax reduction";"Electricity"
"OPEX";"Taxes";"DE";"Network Costs - Depot";"Tractor-Trailer";"PROG";"EUR/kWh";2045;"0.034";"Sensitivity | Removed policies except for H2 tax reduction";"Electricity"
"OPEX";"Taxes";"ES";"Network Costs - Depot";"Rigid";"PROG";"EUR/kWh";2045;"0.018";"Sensitivity | Removed policies except for H2 tax reduction";"Electricity"
"OPEX";"Taxes";"ES";"Network Costs - Depot";"Tractor-Trailer";"PROG";"EUR/kWh";2045;"0.018";"Sensitivity | Removed policies except for H2 tax reduction";"Electricity"
"OPEX";"Taxes";"FR";"Network Costs - Depot";"Rigid";"PROG";"EUR/kWh";2045;"0.018";"Sensitivity | Removed policies except for H2 tax reduction";"Electricity"
"OPEX";"Taxes";"FR";"Network Costs - Depot";"Tractor-Trailer";"PROG";"EUR/kWh";2045;"0.018";"Sensitivity | Removed policies except for H2 tax reduction";"Electricity"
"OPEX";"Taxes";"IT";"Network Costs - Depot";"Rigid";"PROG";"EUR/kWh";2045;"0.016";"Sensitivity | Removed policies except for H2 tax reduction";"Electricity"
"OPEX";"Taxes";"IT";"Network Costs - Depot";"Tractor-Trailer";"PROG";"EUR/kWh";2045;"0.016";"Sensitivity | Removed policies except for H2 tax reduction";"Electricity"
"OPEX";"Taxes";"NL";"Network Costs - Depot";"Rigid";"PROG";"EUR/kWh";2045;"0.016";"Sensitivity | Removed policies except for H2 tax reduction";"Electricity"
"OPEX";"Taxes";"NL";"Network Costs - Depot";"Tractor-Trailer";"PROG";"EUR/kWh";2045;"0.016";"Sensitivity | Removed policies except for H2 tax reduction";"Electricity"
"OPEX";"Taxes";"PL";"Network Costs - Depot";"Rigid";"PROG";"EUR/kWh";2045;"0.019";"Sensitivity | Removed policies except for H2 tax reduction";"Electricity"
"OPEX";"Taxes";"PL";"Network Costs - Depot";"Tractor-Trailer";"PROG";"EUR/kWh";2045;"0.019";"Sensitivity | Removed policies except for H2 tax reduction";"Electricity"
"OPEX";"Taxes";"UK";"Network Costs - Depot";"Rigid";"PROG";"EUR/kWh";2045;"0.027";"Sensitivity | Removed policies except for H2 tax reduction";"Electricity"
"OPEX";"Taxes";"UK";"Network Costs - Depot";"Tractor-Trailer";"PROG";"EUR/kWh";2045;"0.027";"Sensitivity | Removed policies except for H2 tax reduction";"Electricity"
"OPEX";"Taxes";"DE";"Taxes, Fees, Levies and charges - Depot";"Rigid";"PROG";"EUR/kWh";2045;"0.056";"Sensitivity | Removed policies except for H2 tax reduction";"Electricity"
"OPEX";"Taxes";"DE";"Taxes, Fees, Levies and charges - Depot";"Tractor-Trailer";"PROG";"EUR/kWh";2045;"0.056";"Sensitivity | Removed policies except for H2 tax reduction";"Electricity"
"OPEX";"Taxes";"ES";"Taxes, Fees, Levies and charges - Depot";"Rigid";"PROG";"EUR/kWh";2045;"0.036";"Sensitivity | Removed policies except for H2 tax reduction";"Electricity"
"OPEX";"Taxes";"ES";"Taxes, Fees, Levies and charges - Depot";"Tractor-Trailer";"PROG";"EUR/kWh";2045;"0.036";"Sensitivity | Removed policies except for H2 tax reduction";"Electricity"
"OPEX";"Taxes";"FR";"Taxes, Fees, Levies and charges - Depot";"Rigid";"PROG";"EUR/kWh";2045;"0.03";"Sensitivity | Removed policies except for H2 tax reduction";"Electricity"
"OPEX";"Taxes";"FR";"Taxes, Fees, Levies and charges - Depot";"Tractor-Trailer";"PROG";"EUR/kWh";2045;"0.03";"Sensitivity | Removed policies except for H2 tax reduction";"Electricity"
"OPEX";"Taxes";"IT";"Taxes, Fees, Levies and charges - Depot";"Rigid";"PROG";"EUR/kWh";2045;"0.063";"Sensitivity | Removed policies except for H2 tax reduction";"Electricity"
"OPEX";"Taxes";"IT";"Taxes, Fees, Levies and charges - Depot";"Tractor-Trailer";"PROG";"EUR/kWh";2045;"0.063";"Sensitivity | Removed policies except for H2 tax reduction";"Electricity"
"OPEX";"Taxes";"NL";"Taxes, Fees, Levies and charges - Depot";"Rigid";"PROG";"EUR/kWh";2045;"0.055";"Sensitivity | Removed policies except for H2 tax reduction";"Electricity"
"OPEX";"Taxes";"NL";"Taxes, Fees, Levies and charges - Depot";"Tractor-Trailer";"PROG";"EUR/kWh";2045;"0.055";"Sensitivity | Removed policies except for H2 tax reduction";"Electricity"
"OPEX";"Taxes";"PL";"Taxes, Fees, Levies and charges - Depot";"Rigid";"PROG";"EUR/kWh";2045;"0.049";"Sensitivity | Removed policies except for H2 tax reduction";"Electricity"
"OPEX";"Taxes";"PL";"Taxes, Fees, Levies and charges - Depot";"Tractor-Trailer";"PROG";"EUR/kWh";2045;"0.049";"Sensitivity | Removed policies except for H2 tax reduction";"Electricity"
"OPEX";"Taxes";"UK";"Taxes, Fees, Levies and charges - Depot";"Rigid";"PROG";"EUR/kWh";2045;"0.077";"Sensitivity | Removed policies except for H2 tax reduction";"Electricity"
"OPEX";"Taxes";"UK";"Taxes, Fees, Levies and charges - Depot";"Tractor-Trailer";"PROG";"EUR/kWh";2045;"0.077";"Sensitivity | Removed policies except for H2 tax reduction";"Electricity"
"OPEX";"H2 Infrastructure";"DE";"HRS costs";"Rigid";"PROG";"EUR/kg H2";2045;"0.65";"Sensitivity | Removed policies except for H2 tax reduction";"Hydrogen"
"OPEX";"H2 Infrastructure";"DE";"HRS costs";"Tractor-Trailer";"PROG";"EUR/kg H2";2045;"0.65";"Sensitivity | Removed policies except for H2 tax reduction";"Hydrogen"
"OPEX";"H2 Infrastructure";"ES";"HRS costs";"Rigid";"PROG";"EUR/kg H2";2045;"0.65";"Sensitivity | Removed policies except for H2 tax reduction";"Hydrogen"
"OPEX";"H2 Infrastructure";"ES";"HRS costs";"Tractor-Trailer";"PROG";"EUR/kg H2";2045;"0.65";"Sensitivity | Removed policies except for H2 tax reduction";"Hydrogen"
"OPEX";"H2 Infrastructure";"FR";"HRS costs";"Rigid";"PROG";"EUR/kg H2";2045;"0.65";"Sensitivity | Removed policies except for H2 tax reduction";"Hydrogen"
"OPEX";"H2 Infrastructure";"FR";"HRS costs";"Tractor-Trailer";"PROG";"EUR/kg H2";2045;"0.65";"Sensitivity | Removed policies except for H2 tax reduction";"Hydrogen"
"OPEX";"H2 Infrastructure";"IT";"HRS costs";"Rigid";"PROG";"EUR/kg H2";2045;"0.65";"Sensitivity | Removed policies except for H2 tax reduction";"Hydrogen"
"OPEX";"H2 Infrastructure";"IT";"HRS costs";"Tractor-Trailer";"PROG";"EUR/kg H2";2045;"0.65";"Sensitivity | Removed policies except for H2 tax reduction";"Hydrogen"
"OPEX";"H2 Infrastructure";"NL";"HRS costs";"Rigid";"PROG";"EUR/kg H2";2045;"0.65";"Sensitivity | Removed policies except for H2 tax reduction";"Hydrogen"
"OPEX";"H2 Infrastructure";"NL";"HRS costs";"Tractor-Trailer";"PROG";"EUR/kg H2";2045;"0.65";"Sensitivity | Removed policies except for H2 tax reduction";"Hydrogen"
"OPEX";"H2 Infrastructure";"PL";"HRS costs";"Rigid";"PROG";"EUR/kg H2";2045;"0.65";"Sensitivity | Removed policies except for H2 tax reduction";"Hydrogen"
"OPEX";"H2 Infrastructure";"PL";"HRS costs";"Tractor-Trailer";"PROG";"EUR/kg H2";2045;"0.65";"Sensitivity | Removed policies except for H2 tax reduction";"Hydrogen"
"OPEX";"H2 Infrastructure";"UK";"HRS costs";"Rigid";"PROG";"EUR/kg H2";2045;"0.65";"Sensitivity | Removed policies except for H2 tax reduction";"Hydrogen"
"OPEX";"H2 Infrastructure";"UK";"HRS costs";"Tractor-Trailer";"PROG";"EUR/kg H2";2045;"0.65";"Sensitivity | Removed policies except for H2 tax reduction";"Hydrogen"
"OPEX";"H2 Infrastructure";"DE";"H2 transport and distribution";"Rigid";"PROG";"EUR/kg H2";2045;"0.667";"Sensitivity | Removed policies except for H2 tax reduction";"Hydrogen"
"OPEX";"H2 Infrastructure";"DE";"H2 transport and distribution";"Tractor-Trailer";"PROG";"EUR/kg H2";2045;"0.667";"Sensitivity | Removed policies except for H2 tax reduction";"Hydrogen"
"OPEX";"H2 Infrastructure";"ES";"H2 transport and distribution";"Rigid";"PROG";"EUR/kg H2";2045;"0.667";"Sensitivity | Removed policies except for H2 tax reduction";"Hydrogen"
"OPEX";"H2 Infrastructure";"ES";"H2 transport and distribution";"Tractor-Trailer";"PROG";"EUR/kg H2";2045;"0.667";"Sensitivity | Removed policies except for H2 tax reduction";"Hydrogen"
"OPEX";"H2 Infrastructure";"FR";"H2 transport and distribution";"Rigid";"PROG";"EUR/kg H2";2045;"0.667";"Sensitivity | Removed policies except for H2 tax reduction";"Hydrogen"
"OPEX";"H2 Infrastructure";"FR";"H2 transport and distribution";"Tractor-Trailer";"PROG";"EUR/kg H2";2045;"0.667";"Sensitivity | Removed policies except for H2 tax reduction";"Hydrogen"
"OPEX";"H2 Infrastructure";"IT";"H2 transport and distribution";"Rigid";"PROG";"EUR/kg H2";2045;"0.667";"Sensitivity | Removed policies except for H2 tax reduction";"Hydrogen"
"OPEX";"H2 Infrastructure";"IT";"H2 transport and distribution";"Tractor-Trailer";"PROG";"EUR/kg H2";2045;"0.667";"Sensitivity | Removed policies except for H2 tax reduction";"Hydrogen"
"OPEX";"H2 Infrastructure";"NL";"H2 transport and distribution";"Rigid";"PROG";"EUR/kg H2";2045;"0.667";"Sensitivity | Removed policies except for H2 tax reduction";"Hydrogen"
"OPEX";"H2 Infrastructure";"NL";"H2 transport and distribution";"Tractor-Trailer";"PROG";"EUR/kg H2";2045;"0.667";"Sensitivity | Removed policies except for H2 tax reduction";"Hydrogen"
"OPEX";"H2 Infrastructure";"PL";"H2 transport and distribution";"Rigid";"PROG";"EUR/kg H2";2045;"0.667";"Sensitivity | Removed policies except for H2 tax reduction";"Hydrogen"
"OPEX";"H2 Infrastructure";"PL";"H2 transport and distribution";"Tractor-Trailer";"PROG";"EUR/kg H2";2045;"0.667";"Sensitivity | Removed policies except for H2 tax reduction";"Hydrogen"
"OPEX";"H2 Infrastructure";"UK";"H2 transport and distribution";"Rigid";"PROG";"EUR/kg H2";2045;"0.667";"Sensitivity | Removed policies except for H2 tax reduction";"Hydrogen"
"OPEX";"H2 Infrastructure";"UK";"H2 transport and distribution";"Tractor-Trailer";"PROG";"EUR/kg H2";2045;"0.667";"Sensitivity | Removed policies except for H2 tax reduction";"Hydrogen"
"OPEX";"H2 Infrastructure";"DE";"HRS Overhead, Profit and Mark-Up";"Rigid";"PROG";"EUR/kg H2";2045;"0.25";"Sensitivity | Removed policies except for H2 tax reduction";"Hydrogen"
"OPEX";"H2 Infrastructure";"DE";"HRS Overhead, Profit and Mark-Up";"Tractor-Trailer";"PROG";"EUR/kg H2";2045;"0.25";"Sensitivity | Removed policies except for H2 tax reduction";"Hydrogen"
"OPEX";"H2 Infrastructure";"ES";"HRS Overhead, Profit and Mark-Up";"Rigid";"PROG";"EUR/kg H2";2045;"0.25";"Sensitivity | Removed policies except for H2 tax reduction";"Hydrogen"
"OPEX";"H2 Infrastructure";"ES";"HRS Overhead, Profit and Mark-Up";"Tractor-Trailer";"PROG";"EUR/kg H2";2045;"0.25";"Sensitivity | Removed policies except for H2 tax reduction";"Hydrogen"
"OPEX";"H2 Infrastructure";"FR";"HRS Overhead, Profit and Mark-Up";"Rigid";"PROG";"EUR/kg H2";2045;"0.25";"Sensitivity | Removed policies except for H2 tax reduction";"Hydrogen"
"OPEX";"H2 Infrastructure";"FR";"HRS Overhead, Profit and Mark-Up";"Tractor-Trailer";"PROG";"EUR/kg H2";2045;"0.25";"Sensitivity | Removed policies except for H2 tax reduction";"Hydrogen"
"OPEX";"H2 Infrastructure";"IT";"HRS Overhead, Profit and Mark-Up";"Rigid";"PROG";"EUR/kg H2";2045;"0.25";"Sensitivity | Removed policies except for H2 tax reduction";"Hydrogen"
"OPEX";"H2 Infrastructure";"IT";"HRS Overhead, Profit and Mark-Up";"Tractor-Trailer";"PROG";"EUR/kg H2";2045;"0.25";"Sensitivity | Removed policies except for H2 tax reduction";"Hydrogen"
"OPEX";"H2 Infrastructure";"NL";"HRS Overhead, Profit and Mark-Up";"Rigid";"PROG";"EUR/kg H2";2045;"0.25";"Sensitivity | Removed policies except for H2 tax reduction";"Hydrogen"
"OPEX";"H2 Infrastructure";"NL";"HRS Overhead, Profit and Mark-Up";"Tractor-Trailer";"PROG";"EUR/kg H2";2045;"0.25";"Sensitivity | Removed policies except for H2 tax reduction";"Hydrogen"
"OPEX";"H2 Infrastructure";"PL";"HRS Overhead, Profit and Mark-Up";"Rigid";"PROG";"EUR/kg H2";2045;"0.25";"Sensitivity | Removed policies except for H2 tax reduction";"Hydrogen"
"OPEX";"H2 Infrastructure";"PL";"HRS Overhead, Profit and Mark-Up";"Tractor-Trailer";"PROG";"EUR/kg H2";2045;"0.25";"Sensitivity | Removed policies except for H2 tax reduction";"Hydrogen"
"OPEX";"H2 Infrastructure";"UK";"HRS Overhead, Profit and Mark-Up";"Rigid";"PROG";"EUR/kg H2";2045;"0.25";"Sensitivity | Removed policies except for H2 tax reduction";"Hydrogen"
"OPEX";"H2 Infrastructure";"UK";"HRS Overhead, Profit and Mark-Up";"Tractor-Trailer";"PROG";"EUR/kg H2";2045;"0.25";"Sensitivity | Removed policies except for H2 tax reduction";"Hydrogen"
"OPEX";"Charging Infrastructure";"DE";"MCS Station (Public Charging) - Incl. Overhead";"Rigid";"PROG";"EUR/kWh";2045;"0.015";"Sensitivity | Removed policies except for H2 tax reduction";"Electricity"
"OPEX";"Charging Infrastructure";"DE";"MCS Station (Public Charging) - Incl. Overhead";"Tractor-Trailer";"PROG";"EUR/kWh";2045;"0.015";"Sensitivity | Removed policies except for H2 tax reduction";"Electricity"
"OPEX";"Charging Infrastructure";"ES";"MCS Station (Public Charging) - Incl. Overhead";"Rigid";"PROG";"EUR/kWh";2045;"0.015";"Sensitivity | Removed policies except for H2 tax reduction";"Electricity"
"OPEX";"Charging Infrastructure";"ES";"MCS Station (Public Charging) - Incl. Overhead";"Tractor-Trailer";"PROG";"EUR/kWh";2045;"0.015";"Sensitivity | Removed policies except for H2 tax reduction";"Electricity"
"OPEX";"Charging Infrastructure";"FR";"MCS Station (Public Charging) - Incl. Overhead";"Rigid";"PROG";"EUR/kWh";2045;"0.015";"Sensitivity | Removed policies except for H2 tax reduction";"Electricity"
"OPEX";"Charging Infrastructure";"FR";"MCS Station (Public Charging) - Incl. Overhead";"Tractor-Trailer";"PROG";"EUR/kWh";2045;"0.015";"Sensitivity | Removed policies except for H2 tax reduction";"Electricity"
"OPEX";"Charging Infrastructure";"IT";"MCS Station (Public Charging) - Incl. Overhead";"Rigid";"PROG";"EUR/kWh";2045;"0.015";"Sensitivity | Removed policies except for H2 tax reduction";"Electricity"
"OPEX";"Charging Infrastructure";"IT";"MCS Station (Public Charging) - Incl. Overhead";"Tractor-Trailer";"PROG";"EUR/kWh";2045;"0.015";"Sensitivity | Removed policies except for H2 tax reduction";"Electricity"
"OPEX";"Charging Infrastructure";"NL";"MCS Station (Public Charging) - Incl. Overhead";"Rigid";"PROG";"EUR/kWh";2045;"0.015";"Sensitivity | Removed policies except for H2 tax reduction";"Electricity"
"OPEX";"Charging Infrastructure";"NL";"MCS Station (Public Charging) - Incl. Overhead";"Tractor-Trailer";"PROG";"EUR/kWh";2045;"0.015";"Sensitivity | Removed policies except for H2 tax reduction";"Electricity"
"OPEX";"Charging Infrastructure";"PL";"MCS Station (Public Charging) - Incl. Overhead";"Rigid";"PROG";"EUR/kWh";2045;"0.015";"Sensitivity | Removed policies except for H2 tax reduction";"Electricity"
"OPEX";"Charging Infrastructure";"PL";"MCS Station (Public Charging) - Incl. Overhead";"Tractor-Trailer";"PROG";"EUR/kWh";2045;"0.015";"Sensitivity | Removed policies except for H2 tax reduction";"Electricity"
"OPEX";"Charging Infrastructure";"UK";"MCS Station (Public Charging) - Incl. Overhead";"Rigid";"PROG";"EUR/kWh";2045;"0.015";"Sensitivity | Removed policies except for H2 tax reduction";"Electricity"
"OPEX";"Charging Infrastructure";"UK";"MCS Station (Public Charging) - Incl. Overhead";"Tractor-Trailer";"PROG";"EUR/kWh";2045;"0.015";"Sensitivity | Removed policies except for H2 tax reduction";"Electricity"
"OPEX";"Charging Infrastructure";"DE";"Share MCS-Charging";"Rigid";"PROG";"%";2045;"0.2";"Sensitivity | Removed policies except for H2 tax reduction";"Electricity"
"OPEX";"Charging Infrastructure";"DE";"Share MCS-Charging";"Tractor-Trailer";"PROG";"%";2045;"0.2";"Sensitivity | Removed policies except for H2 tax reduction";"Electricity"
"OPEX";"Charging Infrastructure";"ES";"Share MCS-Charging";"Rigid";"PROG";"%";2045;"0.2";"Sensitivity | Removed policies except for H2 tax reduction";"Electricity"
"OPEX";"Charging Infrastructure";"ES";"Share MCS-Charging";"Tractor-Trailer";"PROG";"%";2045;"0.2";"Sensitivity | Removed policies except for H2 tax reduction";"Electricity"
"OPEX";"Charging Infrastructure";"FR";"Share MCS-Charging";"Rigid";"PROG";"%";2045;"0.2";"Sensitivity | Removed policies except for H2 tax reduction";"Electricity"
"OPEX";"Charging Infrastructure";"FR";"Share MCS-Charging";"Tractor-Trailer";"PROG";"%";2045;"0.2";"Sensitivity | Removed policies except for H2 tax reduction";"Electricity"
"OPEX";"Charging Infrastructure";"IT";"Share MCS-Charging";"Rigid";"PROG";"%";2045;"0.2";"Sensitivity | Removed policies except for H2 tax reduction";"Electricity"
"OPEX";"Charging Infrastructure";"IT";"Share MCS-Charging";"Tractor-Trailer";"PROG";"%";2045;"0.2";"Sensitivity | Removed policies except for H2 tax reduction";"Electricity"
"OPEX";"Charging Infrastructure";"NL";"Share MCS-Charging";"Rigid";"PROG";"%";2045;"0.2";"Sensitivity | Removed policies except for H2 tax reduction";"Electricity"
"OPEX";"Charging Infrastructure";"NL";"Share MCS-Charging";"Tractor-Trailer";"PROG";"%";2045;"0.2";"Sensitivity | Removed policies except for H2 tax reduction";"Electricity"
"OPEX";"Charging Infrastructure";"PL";"Share MCS-Charging";"Rigid";"PROG";"%";2045;"0.2";"Sensitivity | Removed policies except for H2 tax reduction";"Electricity"
"OPEX";"Charging Infrastructure";"PL";"Share MCS-Charging";"Tractor-Trailer";"PROG";"%";2045;"0.2";"Sensitivity | Removed policies except for H2 tax reduction";"Electricity"
"OPEX";"Charging Infrastructure";"UK";"Share MCS-Charging";"Rigid";"PROG";"%";2045;"0.2";"Sensitivity | Removed policies except for H2 tax reduction";"Electricity"
"OPEX";"Charging Infrastructure";"UK";"Share MCS-Charging";"Tractor-Trailer";"PROG";"%";2045;"0.2";"Sensitivity | Removed policies except for H2 tax reduction";"Electricity"
"OPEX";"Charging Infrastructure";"DE";"Depot - Network fees savings potential";"Rigid";"PROG";"EUR/kWh";2045;"-0.01";"Sensitivity | Removed policies except for H2 tax reduction";"Electricity"
"OPEX";"Charging Infrastructure";"DE";"Depot - Network fees savings potential";"Tractor-Trailer";"PROG";"EUR/kWh";2045;"-0.01";"Sensitivity | Removed policies except for H2 tax reduction";"Electricity"
"OPEX";"Charging Infrastructure";"ES";"Depot - Network fees savings potential";"Rigid";"PROG";"EUR/kWh";2045;"-0.01";"Sensitivity | Removed policies except for H2 tax reduction";"Electricity"
"OPEX";"Charging Infrastructure";"ES";"Depot - Network fees savings potential";"Tractor-Trailer";"PROG";"EUR/kWh";2045;"-0.01";"Sensitivity | Removed policies except for H2 tax reduction";"Electricity"
"OPEX";"Charging Infrastructure";"FR";"Depot - Network fees savings potential";"Rigid";"PROG";"EUR/kWh";2045;"-0.01";"Sensitivity | Removed policies except for H2 tax reduction";"Electricity"
"OPEX";"Charging Infrastructure";"FR";"Depot - Network fees savings potential";"Tractor-Trailer";"PROG";"EUR/kWh";2045;"-0.01";"Sensitivity | Removed policies except for H2 tax reduction";"Electricity"
"OPEX";"Charging Infrastructure";"IT";"Depot - Network fees savings potential";"Rigid";"PROG";"EUR/kWh";2045;"-0.01";"Sensitivity | Removed policies except for H2 tax reduction";"Electricity"
"OPEX";"Charging Infrastructure";"IT";"Depot - Network fees savings potential";"Tractor-Trailer";"PROG";"EUR/kWh";2045;"-0.01";"Sensitivity | Removed policies except for H2 tax reduction";"Electricity"
"OPEX";"Charging Infrastructure";"NL";"Depot - Network fees savings potential";"Rigid";"PROG";"EUR/kWh";2045;"-0.01";"Sensitivity | Removed policies except for H2 tax reduction";"Electricity"
"OPEX";"Charging Infrastructure";"NL";"Depot - Network fees savings potential";"Tractor-Trailer";"PROG";"EUR/kWh";2045;"-0.01";"Sensitivity | Removed policies except for H2 tax reduction";"Electricity"
"OPEX";"Charging Infrastructure";"PL";"Depot - Network fees savings potential";"Rigid";"PROG";"EUR/kWh";2045;"-0.01";"Sensitivity | Removed policies except for H2 tax reduction";"Electricity"
"OPEX";"Charging Infrastructure";"PL";"Depot - Network fees savings potential";"Tractor-Trailer";"PROG";"EUR/kWh";2045;"-0.01";"Sensitivity | Removed policies except for H2 tax reduction";"Electricity"
"OPEX";"Charging Infrastructure";"UK";"Depot - Network fees savings potential";"Rigid";"PROG";"EUR/kWh";2045;"-0.01";"Sensitivity | Removed policies except for H2 tax reduction";"Electricity"
"OPEX";"Charging Infrastructure";"UK";"Depot - Network fees savings potential";"Tractor-Trailer";"PROG";"EUR/kWh";2045;"-0.01";"Sensitivity | Removed policies except for H2 tax reduction";"Electricity"
"OPEX";"Taxes";"DE";"Tax reduction";"Rigid";"PROG";"%";2045;"0";"Sensitivity | Removed policies except for H2 tax reduction";"Hydrogen"
"OPEX";"Taxes";"DE";"Tax reduction";"Tractor-Trailer";"PROG";"%";2045;"0";"Sensitivity | Removed policies except for H2 tax reduction";"Hydrogen"
"OPEX";"Taxes";"ES";"Tax reduction";"Rigid";"PROG";"%";2045;"0";"Sensitivity | Removed policies except for H2 tax reduction";"Hydrogen"
"OPEX";"Taxes";"ES";"Tax reduction";"Tractor-Trailer";"PROG";"%";2045;"0";"Sensitivity | Removed policies except for H2 tax reduction";"Hydrogen"
"OPEX";"Taxes";"FR";"Tax reduction";"Rigid";"PROG";"%";2045;"0";"Sensitivity | Removed policies except for H2 tax reduction";"Hydrogen"
"OPEX";"Taxes";"FR";"Tax reduction";"Tractor-Trailer";"PROG";"%";2045;"0";"Sensitivity | Removed policies except for H2 tax reduction";"Hydrogen"
"OPEX";"Taxes";"IT";"Tax reduction";"Rigid";"PROG";"%";2045;"0";"Sensitivity | Removed policies except for H2 tax reduction";"Hydrogen"
"OPEX";"Taxes";"IT";"Tax reduction";"Tractor-Trailer";"PROG";"%";2045;"0";"Sensitivity | Removed policies except for H2 tax reduction";"Hydrogen"
"OPEX";"Taxes";"NL";"Tax reduction";"Rigid";"PROG";"%";2045;"0";"Sensitivity | Removed policies except for H2 tax reduction";"Hydrogen"
"OPEX";"Taxes";"NL";"Tax reduction";"Tractor-Trailer";"PROG";"%";2045;"0";"Sensitivity | Removed policies except for H2 tax reduction";"Hydrogen"
"OPEX";"Taxes";"PL";"Tax reduction";"Rigid";"PROG";"%";2045;"0";"Sensitivity | Removed policies except for H2 tax reduction";"Hydrogen"
"OPEX";"Taxes";"PL";"Tax reduction";"Tractor-Trailer";"PROG";"%";2045;"0";"Sensitivity | Removed policies except for H2 tax reduction";"Hydrogen"
"OPEX";"Taxes";"UK";"Tax reduction";"Rigid";"PROG";"%";2045;"0";"Sensitivity | Removed policies except for H2 tax reduction";"Hydrogen"
"OPEX";"Taxes";"UK";"Tax reduction";"Tractor-Trailer";"PROG";"%";2045;"0";"Sensitivity | Removed policies except for H2 tax reduction";"Hydrogen"
"OPEX";"Taxes";"DE";"Excise Duty - Diesel";"Rigid";"BAU";"EUR/kWh";2045;"0.047";"Sensitivity | Removed policies except for H2 tax reduction";"Diesel"
"OPEX";"Taxes";"DE";"Excise Duty - Diesel";"Tractor-Trailer";"BAU";"EUR/kWh";2045;"0.047";"Sensitivity | Removed policies except for H2 tax reduction";"Diesel"
"OPEX";"Taxes";"DE";"Excise Duty - Diesel";"Rigid";"PROG";"EUR/kWh";2045;"0.047";"Sensitivity | Removed policies except for H2 tax reduction";"Diesel"
"OPEX";"Taxes";"DE";"Excise Duty - Diesel";"Tractor-Trailer";"PROG";"EUR/kWh";2045;"0.047";"Sensitivity | Removed policies except for H2 tax reduction";"Diesel"
"OPEX";"Taxes";"ES";"Excise Duty - Diesel";"Rigid";"BAU";"EUR/kWh";2045;"0.038";"Sensitivity | Removed policies except for H2 tax reduction";"Diesel"
"OPEX";"Taxes";"ES";"Excise Duty - Diesel";"Tractor-Trailer";"BAU";"EUR/kWh";2045;"0.038";"Sensitivity | Removed policies except for H2 tax reduction";"Diesel"
"OPEX";"Taxes";"ES";"Excise Duty - Diesel";"Rigid";"PROG";"EUR/kWh";2045;"0.038";"Sensitivity | Removed policies except for H2 tax reduction";"Diesel"
"OPEX";"Taxes";"ES";"Excise Duty - Diesel";"Tractor-Trailer";"PROG";"EUR/kWh";2045;"0.038";"Sensitivity | Removed policies except for H2 tax reduction";"Diesel"
"OPEX";"Taxes";"FR";"Excise Duty - Diesel";"Rigid";"BAU";"EUR/kWh";2045;"0.06";"Sensitivity | Removed policies except for H2 tax reduction";"Diesel"
"OPEX";"Taxes";"FR";"Excise Duty - Diesel";"Tractor-Trailer";"BAU";"EUR/kWh";2045;"0.06";"Sensitivity | Removed policies except for H2 tax reduction";"Diesel"
"OPEX";"Taxes";"FR";"Excise Duty - Diesel";"Rigid";"PROG";"EUR/kWh";2045;"0.06";"Sensitivity | Removed policies except for H2 tax reduction";"Diesel"
"OPEX";"Taxes";"FR";"Excise Duty - Diesel";"Tractor-Trailer";"PROG";"EUR/kWh";2045;"0.06";"Sensitivity | Removed policies except for H2 tax reduction";"Diesel"
"OPEX";"Taxes";"IT";"Excise Duty - Diesel";"Rigid";"BAU";"EUR/kWh";2045;"0.062";"Sensitivity | Removed policies except for H2 tax reduction";"Diesel"
"OPEX";"Taxes";"IT";"Excise Duty - Diesel";"Tractor-Trailer";"BAU";"EUR/kWh";2045;"0.062";"Sensitivity | Removed policies except for H2 tax reduction";"Diesel"
"OPEX";"Taxes";"IT";"Excise Duty - Diesel";"Rigid";"PROG";"EUR/kWh";2045;"0.062";"Sensitivity | Removed policies except for H2 tax reduction";"Diesel"
"OPEX";"Taxes";"IT";"Excise Duty - Diesel";"Tractor-Trailer";"PROG";"EUR/kWh";2045;"0.062";"Sensitivity | Removed policies except for H2 tax reduction";"Diesel"
"OPEX";"Taxes";"NL";"Excise Duty - Diesel";"Rigid";"BAU";"EUR/kWh";2045;"0.053";"Sensitivity | Removed policies except for H2 tax reduction";"Diesel"
"OPEX";"Taxes";"NL";"Excise Duty - Diesel";"Tractor-Trailer";"BAU";"EUR/kWh";2045;"0.053";"Sensitivity | Removed policies except for H2 tax reduction";"Diesel"
"OPEX";"Taxes";"NL";"Excise Duty - Diesel";"Rigid";"PROG";"EUR/kWh";2045;"0.053";"Sensitivity | Removed policies except for H2 tax reduction";"Diesel"
"OPEX";"Taxes";"NL";"Excise Duty - Diesel";"Tractor-Trailer";"PROG";"EUR/kWh";2045;"0.053";"Sensitivity | Removed policies except for H2 tax reduction";"Diesel"
"OPEX";"Taxes";"PL";"Excise Duty - Diesel";"Rigid";"BAU";"EUR/kWh";2045;"0.033";"Sensitivity | Removed policies except for H2 tax reduction";"Diesel"
"OPEX";"Taxes";"PL";"Excise Duty - Diesel";"Tractor-Trailer";"BAU";"EUR/kWh";2045;"0.033";"Sensitivity | Removed policies except for H2 tax reduction";"Diesel"
"OPEX";"Taxes";"PL";"Excise Duty - Diesel";"Rigid";"PROG";"EUR/kWh";2045;"0.033";"Sensitivity | Removed policies except for H2 tax reduction";"Diesel"
"OPEX";"Taxes";"PL";"Excise Duty - Diesel";"Tractor-Trailer";"PROG";"EUR/kWh";2045;"0.033";"Sensitivity | Removed policies except for H2 tax reduction";"Diesel"
"OPEX";"Taxes";"UK";"Excise Duty - Diesel";"Rigid";"BAU";"EUR/kWh";2045;"0.053";"Sensitivity | Removed policies except for H2 tax reduction";"Diesel"
"OPEX";"Taxes";"UK";"Excise Duty - Diesel";"Tractor-Trailer";"BAU";"EUR/kWh";2045;"0.053";"Sensitivity | Removed policies except for H2 tax reduction";"Diesel"
"OPEX";"Taxes";"UK";"Excise Duty - Diesel";"Rigid";"PROG";"EUR/kWh";2045;"0.053";"Sensitivity | Removed policies except for H2 tax reduction";"Diesel"
"OPEX";"Taxes";"UK";"Excise Duty - Diesel";"Tractor-Trailer";"PROG";"EUR/kWh";2045;"0.053";"Sensitivity | Removed policies except for H2 tax reduction";"Diesel"
"OPEX";"Taxes";"DE";"Excise Duty - Reduction biodiesel";"Rigid";"BAU";"%";2045;"0.5";"Sensitivity | Removed policies except for H2 tax reduction";"Diesel"
"OPEX";"Taxes";"DE";"Excise Duty - Reduction biodiesel";"Tractor-Trailer";"BAU";"%";2045;"0.5";"Sensitivity | Removed policies except for H2 tax reduction";"Diesel"
"OPEX";"Taxes";"DE";"Excise Duty - Reduction biodiesel";"Rigid";"PROG";"%";2045;"0.5";"Sensitivity | Removed policies except for H2 tax reduction";"Diesel"
"OPEX";"Taxes";"DE";"Excise Duty - Reduction biodiesel";"Tractor-Trailer";"PROG";"%";2045;"0.5";"Sensitivity | Removed policies except for H2 tax reduction";"Diesel"
"OPEX";"Taxes";"ES";"Excise Duty - Reduction biodiesel";"Rigid";"BAU";"%";2045;"0.5";"Sensitivity | Removed policies except for H2 tax reduction";"Diesel"
"OPEX";"Taxes";"ES";"Excise Duty - Reduction biodiesel";"Tractor-Trailer";"BAU";"%";2045;"0.5";"Sensitivity | Removed policies except for H2 tax reduction";"Diesel"
"OPEX";"Taxes";"ES";"Excise Duty - Reduction biodiesel";"Rigid";"PROG";"%";2045;"0.5";"Sensitivity | Removed policies except for H2 tax reduction";"Diesel"
"OPEX";"Taxes";"ES";"Excise Duty - Reduction biodiesel";"Tractor-Trailer";"PROG";"%";2045;"0.5";"Sensitivity | Removed policies except for H2 tax reduction";"Diesel"
"OPEX";"Taxes";"FR";"Excise Duty - Reduction biodiesel";"Rigid";"BAU";"%";2045;"0.5";"Sensitivity | Removed policies except for H2 tax reduction";"Diesel"
"OPEX";"Taxes";"FR";"Excise Duty - Reduction biodiesel";"Tractor-Trailer";"BAU";"%";2045;"0.5";"Sensitivity | Removed policies except for H2 tax reduction";"Diesel"
"OPEX";"Taxes";"FR";"Excise Duty - Reduction biodiesel";"Rigid";"PROG";"%";2045;"0.5";"Sensitivity | Removed policies except for H2 tax reduction";"Diesel"
"OPEX";"Taxes";"FR";"Excise Duty - Reduction biodiesel";"Tractor-Trailer";"PROG";"%";2045;"0.5";"Sensitivity | Removed policies except for H2 tax reduction";"Diesel"
"OPEX";"Taxes";"IT";"Excise Duty - Reduction biodiesel";"Rigid";"BAU";"%";2045;"0.5";"Sensitivity | Removed policies except for H2 tax reduction";"Diesel"
"OPEX";"Taxes";"IT";"Excise Duty - Reduction biodiesel";"Tractor-Trailer";"BAU";"%";2045;"0.5";"Sensitivity | Removed policies except for H2 tax reduction";"Diesel"
"OPEX";"Taxes";"IT";"Excise Duty - Reduction biodiesel";"Rigid";"PROG";"%";2045;"0.5";"Sensitivity | Removed policies except for H2 tax reduction";"Diesel"
"OPEX";"Taxes";"IT";"Excise Duty - Reduction biodiesel";"Tractor-Trailer";"PROG";"%";2045;"0.5";"Sensitivity | Removed policies except for H2 tax reduction";"Diesel"
"OPEX";"Taxes";"NL";"Excise Duty - Reduction biodiesel";"Rigid";"BAU";"%";2045;"0.5";"Sensitivity | Removed policies except for H2 tax reduction";"Diesel"
"OPEX";"Taxes";"NL";"Excise Duty - Reduction biodiesel";"Tractor-Trailer";"BAU";"%";2045;"0.5";"Sensitivity | Removed policies except for H2 tax reduction";"Diesel"
"OPEX";"Taxes";"NL";"Excise Duty - Reduction biodiesel";"Rigid";"PROG";"%";2045;"0.5";"Sensitivity | Removed policies except for H2 tax reduction";"Diesel"
"OPEX";"Taxes";"NL";"Excise Duty - Reduction biodiesel";"Tractor-Trailer";"PROG";"%";2045;"0.5";"Sensitivity | Removed policies except for H2 tax reduction";"Diesel"
"OPEX";"Taxes";"PL";"Excise Duty - Reduction biodiesel";"Rigid";"BAU";"%";2045;"0.5";"Sensitivity | Removed policies except for H2 tax reduction";"Diesel"
"OPEX";"Taxes";"PL";"Excise Duty - Reduction biodiesel";"Tractor-Trailer";"BAU";"%";2045;"0.5";"Sensitivity | Removed policies except for H2 tax reduction";"Diesel"
"OPEX";"Taxes";"PL";"Excise Duty - Reduction biodiesel";"Rigid";"PROG";"%";2045;"0.5";"Sensitivity | Removed policies except for H2 tax reduction";"Diesel"
"OPEX";"Taxes";"PL";"Excise Duty - Reduction biodiesel";"Tractor-Trailer";"PROG";"%";2045;"0.5";"Sensitivity | Removed policies except for H2 tax reduction";"Diesel"
"OPEX";"Taxes";"UK";"Excise Duty - Reduction biodiesel";"Rigid";"BAU";"%";2045;"0.5";"Sensitivity | Removed policies except for H2 tax reduction";"Diesel"
"OPEX";"Taxes";"UK";"Excise Duty - Reduction biodiesel";"Tractor-Trailer";"BAU";"%";2045;"0.5";"Sensitivity | Removed policies except for H2 tax reduction";"Diesel"
"OPEX";"Taxes";"UK";"Excise Duty - Reduction biodiesel";"Rigid";"PROG";"%";2045;"0.5";"Sensitivity | Removed policies except for H2 tax reduction";"Diesel"
"OPEX";"Taxes";"UK";"Excise Duty - Reduction biodiesel";"Tractor-Trailer";"PROG";"%";2045;"0.5";"Sensitivity | Removed policies except for H2 tax reduction";"Diesel"
"OPEX";"Taxes";"DE";"Excise Duty - Reduction Synthetic Diesel (E-Fuels)";"Rigid";"BAU";"%";2045;"0.5";"Sensitivity | Removed policies except for H2 tax reduction";"Diesel"
"OPEX";"Taxes";"DE";"Excise Duty - Reduction Synthetic Diesel (E-Fuels)";"Tractor-Trailer";"BAU";"%";2045;"0.5";"Sensitivity | Removed policies except for H2 tax reduction";"Diesel"
"OPEX";"Taxes";"DE";"Excise Duty - Reduction Synthetic Diesel (E-Fuels)";"Rigid";"PROG";"%";2045;"0.5";"Sensitivity | Removed policies except for H2 tax reduction";"Diesel"
"OPEX";"Taxes";"DE";"Excise Duty - Reduction Synthetic Diesel (E-Fuels)";"Tractor-Trailer";"PROG";"%";2045;"0.5";"Sensitivity | Removed policies except for H2 tax reduction";"Diesel"
"OPEX";"Taxes";"ES";"Excise Duty - Reduction Synthetic Diesel (E-Fuels)";"Rigid";"BAU";"%";2045;"0.5";"Sensitivity | Removed policies except for H2 tax reduction";"Diesel"
"OPEX";"Taxes";"ES";"Excise Duty - Reduction Synthetic Diesel (E-Fuels)";"Tractor-Trailer";"BAU";"%";2045;"0.5";"Sensitivity | Removed policies except for H2 tax reduction";"Diesel"
"OPEX";"Taxes";"ES";"Excise Duty - Reduction Synthetic Diesel (E-Fuels)";"Rigid";"PROG";"%";2045;"0.5";"Sensitivity | Removed policies except for H2 tax reduction";"Diesel"
"OPEX";"Taxes";"ES";"Excise Duty - Reduction Synthetic Diesel (E-Fuels)";"Tractor-Trailer";"PROG";"%";2045;"0.5";"Sensitivity | Removed policies except for H2 tax reduction";"Diesel"
"OPEX";"Taxes";"FR";"Excise Duty - Reduction Synthetic Diesel (E-Fuels)";"Rigid";"BAU";"%";2045;"0.5";"Sensitivity | Removed policies except for H2 tax reduction";"Diesel"
"OPEX";"Taxes";"FR";"Excise Duty - Reduction Synthetic Diesel (E-Fuels)";"Tractor-Trailer";"BAU";"%";2045;"0.5";"Sensitivity | Removed policies except for H2 tax reduction";"Diesel"
"OPEX";"Taxes";"FR";"Excise Duty - Reduction Synthetic Diesel (E-Fuels)";"Rigid";"PROG";"%";2045;"0.5";"Sensitivity | Removed policies except for H2 tax reduction";"Diesel"
"OPEX";"Taxes";"FR";"Excise Duty - Reduction Synthetic Diesel (E-Fuels)";"Tractor-Trailer";"PROG";"%";2045;"0.5";"Sensitivity | Removed policies except for H2 tax reduction";"Diesel"
"OPEX";"Taxes";"IT";"Excise Duty - Reduction Synthetic Diesel (E-Fuels)";"Rigid";"BAU";"%";2045;"0.5";"Sensitivity | Removed policies except for H2 tax reduction";"Diesel"
"OPEX";"Taxes";"IT";"Excise Duty - Reduction Synthetic Diesel (E-Fuels)";"Tractor-Trailer";"BAU";"%";2045;"0.5";"Sensitivity | Removed policies except for H2 tax reduction";"Diesel"
"OPEX";"Taxes";"IT";"Excise Duty - Reduction Synthetic Diesel (E-Fuels)";"Rigid";"PROG";"%";2045;"0.5";"Sensitivity | Removed policies except for H2 tax reduction";"Diesel"
"OPEX";"Taxes";"IT";"Excise Duty - Reduction Synthetic Diesel (E-Fuels)";"Tractor-Trailer";"PROG";"%";2045;"0.5";"Sensitivity | Removed policies except for H2 tax reduction";"Diesel"
"OPEX";"Taxes";"NL";"Excise Duty - Reduction Synthetic Diesel (E-Fuels)";"Rigid";"BAU";"%";2045;"0.5";"Sensitivity | Removed policies except for H2 tax reduction";"Diesel"
"OPEX";"Taxes";"NL";"Excise Duty - Reduction Synthetic Diesel (E-Fuels)";"Tractor-Trailer";"BAU";"%";2045;"0.5";"Sensitivity | Removed policies except for H2 tax reduction";"Diesel"
"OPEX";"Taxes";"NL";"Excise Duty - Reduction Synthetic Diesel (E-Fuels)";"Rigid";"PROG";"%";2045;"0.5";"Sensitivity | Removed policies except for H2 tax reduction";"Diesel"
"OPEX";"Taxes";"NL";"Excise Duty - Reduction Synthetic Diesel (E-Fuels)";"Tractor-Trailer";"PROG";"%";2045;"0.5";"Sensitivity | Removed policies except for H2 tax reduction";"Diesel"
"OPEX";"Taxes";"PL";"Excise Duty - Reduction Synthetic Diesel (E-Fuels)";"Rigid";"BAU";"%";2045;"0.5";"Sensitivity | Removed policies except for H2 tax reduction";"Diesel"
"OPEX";"Taxes";"PL";"Excise Duty - Reduction Synthetic Diesel (E-Fuels)";"Tractor-Trailer";"BAU";"%";2045;"0.5";"Sensitivity | Removed policies except for H2 tax reduction";"Diesel"
"OPEX";"Taxes";"PL";"Excise Duty - Reduction Synthetic Diesel (E-Fuels)";"Rigid";"PROG";"%";2045;"0.5";"Sensitivity | Removed policies except for H2 tax reduction";"Diesel"
"OPEX";"Taxes";"PL";"Excise Duty - Reduction Synthetic Diesel (E-Fuels)";"Tractor-Trailer";"PROG";"%";2045;"0.5";"Sensitivity | Removed policies except for H2 tax reduction";"Diesel"
"OPEX";"Taxes";"UK";"Excise Duty - Reduction Synthetic Diesel (E-Fuels)";"Rigid";"BAU";"%";2045;"0.5";"Sensitivity | Removed policies except for H2 tax reduction";"Diesel"
"OPEX";"Taxes";"UK";"Excise Duty - Reduction Synthetic Diesel (E-Fuels)";"Tractor-Trailer";"BAU";"%";2045;"0.5";"Sensitivity | Removed policies except for H2 tax reduction";"Diesel"
"OPEX";"Taxes";"UK";"Excise Duty - Reduction Synthetic Diesel (E-Fuels)";"Rigid";"PROG";"%";2045;"0.5";"Sensitivity | Removed policies except for H2 tax reduction";"Diesel"
"OPEX";"Taxes";"UK";"Excise Duty - Reduction Synthetic Diesel (E-Fuels)";"Tractor-Trailer";"PROG";"%";2045;"0.5";"Sensitivity | Removed policies except for H2 tax reduction";"Diesel"
"OPEX";"Taxes";"DE";"Taxes, Fees, Levies and charges - H2";"Rigid";"BAU";"EUR/kWh";2045;"0.015";"Sensitivity | Removed policies except for H2 tax reduction";"Hydrogen"
"OPEX";"Taxes";"DE";"Taxes, Fees, Levies and charges - H2";"Tractor-Trailer";"BAU";"EUR/kWh";2045;"0.015";"Sensitivity | Removed policies except for H2 tax reduction";"Hydrogen"
"OPEX";"Taxes";"DE";"Taxes, Fees, Levies and charges - H2";"Rigid";"PROG";"EUR/kWh";2045;"0.015";"Sensitivity | Removed policies except for H2 tax reduction";"Hydrogen"
"OPEX";"Taxes";"DE";"Taxes, Fees, Levies and charges - H2";"Tractor-Trailer";"PROG";"EUR/kWh";2045;"0.015";"Sensitivity | Removed policies except for H2 tax reduction";"Hydrogen"
"OPEX";"Taxes";"ES";"Taxes, Fees, Levies and charges - H2";"Rigid";"BAU";"EUR/kWh";2045;"0.008";"Sensitivity | Removed policies except for H2 tax reduction";"Hydrogen"
"OPEX";"Taxes";"ES";"Taxes, Fees, Levies and charges - H2";"Tractor-Trailer";"BAU";"EUR/kWh";2045;"0.008";"Sensitivity | Removed policies except for H2 tax reduction";"Hydrogen"
"OPEX";"Taxes";"ES";"Taxes, Fees, Levies and charges - H2";"Rigid";"PROG";"EUR/kWh";2045;"0.008";"Sensitivity | Removed policies except for H2 tax reduction";"Hydrogen"
"OPEX";"Taxes";"ES";"Taxes, Fees, Levies and charges - H2";"Tractor-Trailer";"PROG";"EUR/kWh";2045;"0.008";"Sensitivity | Removed policies except for H2 tax reduction";"Hydrogen"
"OPEX";"Taxes";"FR";"Taxes, Fees, Levies and charges - H2";"Rigid";"BAU";"EUR/kWh";2045;"0.012";"Sensitivity | Removed policies except for H2 tax reduction";"Hydrogen"
"OPEX";"Taxes";"FR";"Taxes, Fees, Levies and charges - H2";"Tractor-Trailer";"BAU";"EUR/kWh";2045;"0.012";"Sensitivity | Removed policies except for H2 tax reduction";"Hydrogen"
"OPEX";"Taxes";"FR";"Taxes, Fees, Levies and charges - H2";"Rigid";"PROG";"EUR/kWh";2045;"0.012";"Sensitivity | Removed policies except for H2 tax reduction";"Hydrogen"
"OPEX";"Taxes";"FR";"Taxes, Fees, Levies and charges - H2";"Tractor-Trailer";"PROG";"EUR/kWh";2045;"0.012";"Sensitivity | Removed policies except for H2 tax reduction";"Hydrogen"
"OPEX";"Taxes";"IT";"Taxes, Fees, Levies and charges - H2";"Rigid";"BAU";"EUR/kWh";2045;"0.009";"Sensitivity | Removed policies except for H2 tax reduction";"Hydrogen"
"OPEX";"Taxes";"IT";"Taxes, Fees, Levies and charges - H2";"Tractor-Trailer";"BAU";"EUR/kWh";2045;"0.009";"Sensitivity | Removed policies except for H2 tax reduction";"Hydrogen"
"OPEX";"Taxes";"IT";"Taxes, Fees, Levies and charges - H2";"Rigid";"PROG";"EUR/kWh";2045;"0.009";"Sensitivity | Removed policies except for H2 tax reduction";"Hydrogen"
"OPEX";"Taxes";"IT";"Taxes, Fees, Levies and charges - H2";"Tractor-Trailer";"PROG";"EUR/kWh";2045;"0.009";"Sensitivity | Removed policies except for H2 tax reduction";"Hydrogen"
"OPEX";"Taxes";"NL";"Taxes, Fees, Levies and charges - H2";"Rigid";"BAU";"EUR/kWh";2045;"0.024";"Sensitivity | Removed policies except for H2 tax reduction";"Hydrogen"
"OPEX";"Taxes";"NL";"Taxes, Fees, Levies and charges - H2";"Tractor-Trailer";"BAU";"EUR/kWh";2045;"0.024";"Sensitivity | Removed policies except for H2 tax reduction";"Hydrogen"
"OPEX";"Taxes";"NL";"Taxes, Fees, Levies and charges - H2";"Rigid";"PROG";"EUR/kWh";2045;"0.024";"Sensitivity | Removed policies except for H2 tax reduction";"Hydrogen"
"OPEX";"Taxes";"NL";"Taxes, Fees, Levies and charges - H2";"Tractor-Trailer";"PROG";"EUR/kWh";2045;"0.024";"Sensitivity | Removed policies except for H2 tax reduction";"Hydrogen"
"OPEX";"Taxes";"PL";"Taxes, Fees, Levies and charges - H2";"Rigid";"BAU";"EUR/kWh";2045;"0.009";"Sensitivity | Removed policies except for H2 tax reduction";"Hydrogen"
"OPEX";"Taxes";"PL";"Taxes, Fees, Levies and charges - H2";"Tractor-Trailer";"BAU";"EUR/kWh";2045;"0.009";"Sensitivity | Removed policies except for H2 tax reduction";"Hydrogen"
"OPEX";"Taxes";"PL";"Taxes, Fees, Levies and charges - H2";"Rigid";"PROG";"EUR/kWh";2045;"0.009";"Sensitivity | Removed policies except for H2 tax reduction";"Hydrogen"
"OPEX";"Taxes";"PL";"Taxes, Fees, Levies and charges - H2";"Tractor-Trailer";"PROG";"EUR/kWh";2045;"0.009";"Sensitivity | Removed policies except for H2 tax reduction";"Hydrogen"
"OPEX";"Taxes";"UK";"Taxes, Fees, Levies and charges - H2";"Rigid";"BAU";"EUR/kWh";2045;"0.006";"Sensitivity | Removed policies except for H2 tax reduction";"Hydrogen"
"OPEX";"Taxes";"UK";"Taxes, Fees, Levies and charges - H2";"Tractor-Trailer";"BAU";"EUR/kWh";2045;"0.006";"Sensitivity | Removed policies except for H2 tax reduction";"Hydrogen"
"OPEX";"Taxes";"UK";"Taxes, Fees, Levies and charges - H2";"Rigid";"PROG";"EUR/kWh";2045;"0.006";"Sensitivity | Removed policies except for H2 tax reduction";"Hydrogen"
"OPEX";"Taxes";"UK";"Taxes, Fees, Levies and charges - H2";"Tractor-Trailer";"PROG";"EUR/kWh";2045;"0.006";"Sensitivity | Removed policies except for H2 tax reduction";"Hydrogen"
"OPEX";"Charging Infrastructure";"DE";"MCS grid extension";"Rigid";"PROG";"EUR/kWh";2045;"0.045";"Sensitivity | Removed policies except for H2 tax reduction";"Electricity"
"OPEX";"Charging Infrastructure";"DE";"MCS grid extension";"Tractor-Trailer";"PROG";"EUR/kWh";2045;"0.045";"Sensitivity | Removed policies except for H2 tax reduction";"Electricity"
"OPEX";"Charging Infrastructure";"DE";"MCS grid extension";"Rigid";"BAU";"EUR/kWh";2045;"0.045";"Sensitivity | Removed policies except for H2 tax reduction";"Electricity"
"OPEX";"Charging Infrastructure";"DE";"MCS grid extension";"Tractor-Trailer";"BAU";"EUR/kWh";2045;"0.045";"Sensitivity | Removed policies except for H2 tax reduction";"Electricity"
"OPEX";"Charging Infrastructure";"ES";"MCS grid extension";"Rigid";"PROG";"EUR/kWh";2045;"0.045";"Sensitivity | Removed policies except for H2 tax reduction";"Electricity"
"OPEX";"Charging Infrastructure";"ES";"MCS grid extension";"Tractor-Trailer";"PROG";"EUR/kWh";2045;"0.045";"Sensitivity | Removed policies except for H2 tax reduction";"Electricity"
"OPEX";"Charging Infrastructure";"ES";"MCS grid extension";"Rigid";"BAU";"EUR/kWh";2045;"0.045";"Sensitivity | Removed policies except for H2 tax reduction";"Electricity"
"OPEX";"Charging Infrastructure";"ES";"MCS grid extension";"Tractor-Trailer";"BAU";"EUR/kWh";2045;"0.045";"Sensitivity | Removed policies except for H2 tax reduction";"Electricity"
"OPEX";"Charging Infrastructure";"FR";"MCS grid extension";"Rigid";"PROG";"EUR/kWh";2045;"0.045";"Sensitivity | Removed policies except for H2 tax reduction";"Electricity"
"OPEX";"Charging Infrastructure";"FR";"MCS grid extension";"Tractor-Trailer";"PROG";"EUR/kWh";2045;"0.045";"Sensitivity | Removed policies except for H2 tax reduction";"Electricity"
"OPEX";"Charging Infrastructure";"FR";"MCS grid extension";"Rigid";"BAU";"EUR/kWh";2045;"0.045";"Sensitivity | Removed policies except for H2 tax reduction";"Electricity"
"OPEX";"Charging Infrastructure";"FR";"MCS grid extension";"Tractor-Trailer";"BAU";"EUR/kWh";2045;"0.045";"Sensitivity | Removed policies except for H2 tax reduction";"Electricity"
"OPEX";"Charging Infrastructure";"IT";"MCS grid extension";"Rigid";"PROG";"EUR/kWh";2045;"0.045";"Sensitivity | Removed policies except for H2 tax reduction";"Electricity"
"OPEX";"Charging Infrastructure";"IT";"MCS grid extension";"Tractor-Trailer";"PROG";"EUR/kWh";2045;"0.045";"Sensitivity | Removed policies except for H2 tax reduction";"Electricity"
"OPEX";"Charging Infrastructure";"IT";"MCS grid extension";"Rigid";"BAU";"EUR/kWh";2045;"0.045";"Sensitivity | Removed policies except for H2 tax reduction";"Electricity"
"OPEX";"Charging Infrastructure";"IT";"MCS grid extension";"Tractor-Trailer";"BAU";"EUR/kWh";2045;"0.045";"Sensitivity | Removed policies except for H2 tax reduction";"Electricity"
"OPEX";"Charging Infrastructure";"NL";"MCS grid extension";"Rigid";"PROG";"EUR/kWh";2045;"0.045";"Sensitivity | Removed policies except for H2 tax reduction";"Electricity"
"OPEX";"Charging Infrastructure";"NL";"MCS grid extension";"Tractor-Trailer";"PROG";"EUR/kWh";2045;"0.045";"Sensitivity | Removed policies except for H2 tax reduction";"Electricity"
"OPEX";"Charging Infrastructure";"NL";"MCS grid extension";"Rigid";"BAU";"EUR/kWh";2045;"0.045";"Sensitivity | Removed policies except for H2 tax reduction";"Electricity"
"OPEX";"Charging Infrastructure";"NL";"MCS grid extension";"Tractor-Trailer";"BAU";"EUR/kWh";2045;"0.045";"Sensitivity | Removed policies except for H2 tax reduction";"Electricity"
"OPEX";"Charging Infrastructure";"PL";"MCS grid extension";"Rigid";"PROG";"EUR/kWh";2045;"0.045";"Sensitivity | Removed policies except for H2 tax reduction";"Electricity"
"OPEX";"Charging Infrastructure";"PL";"MCS grid extension";"Tractor-Trailer";"PROG";"EUR/kWh";2045;"0.045";"Sensitivity | Removed policies except for H2 tax reduction";"Electricity"
"OPEX";"Charging Infrastructure";"PL";"MCS grid extension";"Rigid";"BAU";"EUR/kWh";2045;"0.045";"Sensitivity | Removed policies except for H2 tax reduction";"Electricity"
"OPEX";"Charging Infrastructure";"PL";"MCS grid extension";"Tractor-Trailer";"BAU";"EUR/kWh";2045;"0.045";"Sensitivity | Removed policies except for H2 tax reduction";"Electricity"
"OPEX";"Charging Infrastructure";"UK";"MCS grid extension";"Rigid";"PROG";"EUR/kWh";2045;"0.045";"Sensitivity | Removed policies except for H2 tax reduction";"Electricity"
"OPEX";"Charging Infrastructure";"UK";"MCS grid extension";"Tractor-Trailer";"PROG";"EUR/kWh";2045;"0.045";"Sensitivity | Removed policies except for H2 tax reduction";"Electricity"
"OPEX";"Charging Infrastructure";"UK";"MCS grid extension";"Rigid";"BAU";"EUR/kWh";2045;"0.045";"Sensitivity | Removed policies except for H2 tax reduction";"Electricity"
"OPEX";"Charging Infrastructure";"UK";"MCS grid extension";"Tractor-Trailer";"BAU";"EUR/kWh";2045;"0.045";"Sensitivity | Removed policies except for H2 tax reduction";"Electricity"
"OPEX";"Charging Infrastructure";"DE";"MCS Profit and Mark-Up";"Rigid";"PROG";"%";2045;"0.1";"Sensitivity | Removed policies except for H2 tax reduction";"Electricity"
"OPEX";"Charging Infrastructure";"DE";"MCS Profit and Mark-Up";"Tractor-Trailer";"PROG";"%";2045;"0.1";"Sensitivity | Removed policies except for H2 tax reduction";"Electricity"
"OPEX";"Charging Infrastructure";"DE";"MCS Profit and Mark-Up";"Rigid";"BAU";"%";2045;"0.1";"Sensitivity | Removed policies except for H2 tax reduction";"Electricity"
"OPEX";"Charging Infrastructure";"DE";"MCS Profit and Mark-Up";"Tractor-Trailer";"BAU";"%";2045;"0.1";"Sensitivity | Removed policies except for H2 tax reduction";"Electricity"
"OPEX";"Charging Infrastructure";"ES";"MCS Profit and Mark-Up";"Rigid";"PROG";"%";2045;"0.1";"Sensitivity | Removed policies except for H2 tax reduction";"Electricity"
"OPEX";"Charging Infrastructure";"ES";"MCS Profit and Mark-Up";"Tractor-Trailer";"PROG";"%";2045;"0.1";"Sensitivity | Removed policies except for H2 tax reduction";"Electricity"
"OPEX";"Charging Infrastructure";"ES";"MCS Profit and Mark-Up";"Rigid";"BAU";"%";2045;"0.1";"Sensitivity | Removed policies except for H2 tax reduction";"Electricity"
"OPEX";"Charging Infrastructure";"ES";"MCS Profit and Mark-Up";"Tractor-Trailer";"BAU";"%";2045;"0.1";"Sensitivity | Removed policies except for H2 tax reduction";"Electricity"
"OPEX";"Charging Infrastructure";"FR";"MCS Profit and Mark-Up";"Rigid";"PROG";"%";2045;"0.1";"Sensitivity | Removed policies except for H2 tax reduction";"Electricity"
"OPEX";"Charging Infrastructure";"FR";"MCS Profit and Mark-Up";"Tractor-Trailer";"PROG";"%";2045;"0.1";"Sensitivity | Removed policies except for H2 tax reduction";"Electricity"
"OPEX";"Charging Infrastructure";"FR";"MCS Profit and Mark-Up";"Rigid";"BAU";"%";2045;"0.1";"Sensitivity | Removed policies except for H2 tax reduction";"Electricity"
"OPEX";"Charging Infrastructure";"FR";"MCS Profit and Mark-Up";"Tractor-Trailer";"BAU";"%";2045;"0.1";"Sensitivity | Removed policies except for H2 tax reduction";"Electricity"
"OPEX";"Charging Infrastructure";"IT";"MCS Profit and Mark-Up";"Rigid";"PROG";"%";2045;"0.1";"Sensitivity | Removed policies except for H2 tax reduction";"Electricity"
"OPEX";"Charging Infrastructure";"IT";"MCS Profit and Mark-Up";"Tractor-Trailer";"PROG";"%";2045;"0.1";"Sensitivity | Removed policies except for H2 tax reduction";"Electricity"
"OPEX";"Charging Infrastructure";"IT";"MCS Profit and Mark-Up";"Rigid";"BAU";"%";2045;"0.1";"Sensitivity | Removed policies except for H2 tax reduction";"Electricity"
"OPEX";"Charging Infrastructure";"IT";"MCS Profit and Mark-Up";"Tractor-Trailer";"BAU";"%";2045;"0.1";"Sensitivity | Removed policies except for H2 tax reduction";"Electricity"
"OPEX";"Charging Infrastructure";"NL";"MCS Profit and Mark-Up";"Rigid";"PROG";"%";2045;"0.1";"Sensitivity | Removed policies except for H2 tax reduction";"Electricity"
"OPEX";"Charging Infrastructure";"NL";"MCS Profit and Mark-Up";"Tractor-Trailer";"PROG";"%";2045;"0.1";"Sensitivity | Removed policies except for H2 tax reduction";"Electricity"
"OPEX";"Charging Infrastructure";"NL";"MCS Profit and Mark-Up";"Rigid";"BAU";"%";2045;"0.1";"Sensitivity | Removed policies except for H2 tax reduction";"Electricity"
"OPEX";"Charging Infrastructure";"NL";"MCS Profit and Mark-Up";"Tractor-Trailer";"BAU";"%";2045;"0.1";"Sensitivity | Removed policies except for H2 tax reduction";"Electricity"
"OPEX";"Charging Infrastructure";"PL";"MCS Profit and Mark-Up";"Rigid";"PROG";"%";2045;"0.1";"Sensitivity | Removed policies except for H2 tax reduction";"Electricity"
"OPEX";"Charging Infrastructure";"PL";"MCS Profit and Mark-Up";"Tractor-Trailer";"PROG";"%";2045;"0.1";"Sensitivity | Removed policies except for H2 tax reduction";"Electricity"
"OPEX";"Charging Infrastructure";"PL";"MCS Profit and Mark-Up";"Rigid";"BAU";"%";2045;"0.1";"Sensitivity | Removed policies except for H2 tax reduction";"Electricity"
"OPEX";"Charging Infrastructure";"PL";"MCS Profit and Mark-Up";"Tractor-Trailer";"BAU";"%";2045;"0.1";"Sensitivity | Removed policies except for H2 tax reduction";"Electricity"
"OPEX";"Charging Infrastructure";"UK";"MCS Profit and Mark-Up";"Rigid";"PROG";"%";2045;"0.1";"Sensitivity | Removed policies except for H2 tax reduction";"Electricity"
"OPEX";"Charging Infrastructure";"UK";"MCS Profit and Mark-Up";"Tractor-Trailer";"PROG";"%";2045;"0.1";"Sensitivity | Removed policies except for H2 tax reduction";"Electricity"
"OPEX";"Charging Infrastructure";"UK";"MCS Profit and Mark-Up";"Rigid";"BAU";"%";2045;"0.1";"Sensitivity | Removed policies except for H2 tax reduction";"Electricity"
"OPEX";"Charging Infrastructure";"UK";"MCS Profit and Mark-Up";"Tractor-Trailer";"BAU";"%";2045;"0.1";"Sensitivity | Removed policies except for H2 tax reduction";"Electricity"
"OPEX";"Charging Infrastructure";"DE";"CCS Station (Depot) - Incl. Overhead";"Rigid";"PROG";"EUR/kWh";2045;"0.021";"Sensitivity | Removed policies except for H2 tax reduction";"Electricity"
"OPEX";"Charging Infrastructure";"DE";"CCS Station (Depot) - Incl. Overhead";"Tractor-Trailer";"PROG";"EUR/kWh";2045;"0.021";"Sensitivity | Removed policies except for H2 tax reduction";"Electricity"
"OPEX";"Charging Infrastructure";"DE";"CCS Station (Depot) - Incl. Overhead";"Rigid";"BAU";"EUR/kWh";2045;"0.021";"Sensitivity | Removed policies except for H2 tax reduction";"Electricity"
"OPEX";"Charging Infrastructure";"DE";"CCS Station (Depot) - Incl. Overhead";"Tractor-Trailer";"BAU";"EUR/kWh";2045;"0.021";"Sensitivity | Removed policies except for H2 tax reduction";"Electricity"
"OPEX";"Charging Infrastructure";"ES";"CCS Station (Depot) - Incl. Overhead";"Rigid";"PROG";"EUR/kWh";2045;"0.021";"Sensitivity | Removed policies except for H2 tax reduction";"Electricity"
"OPEX";"Charging Infrastructure";"ES";"CCS Station (Depot) - Incl. Overhead";"Tractor-Trailer";"PROG";"EUR/kWh";2045;"0.021";"Sensitivity | Removed policies except for H2 tax reduction";"Electricity"
"OPEX";"Charging Infrastructure";"ES";"CCS Station (Depot) - Incl. Overhead";"Rigid";"BAU";"EUR/kWh";2045;"0.021";"Sensitivity | Removed policies except for H2 tax reduction";"Electricity"
"OPEX";"Charging Infrastructure";"ES";"CCS Station (Depot) - Incl. Overhead";"Tractor-Trailer";"BAU";"EUR/kWh";2045;"0.021";"Sensitivity | Removed policies except for H2 tax reduction";"Electricity"
"OPEX";"Charging Infrastructure";"FR";"CCS Station (Depot) - Incl. Overhead";"Rigid";"PROG";"EUR/kWh";2045;"0.021";"Sensitivity | Removed policies except for H2 tax reduction";"Electricity"
"OPEX";"Charging Infrastructure";"FR";"CCS Station (Depot) - Incl. Overhead";"Tractor-Trailer";"PROG";"EUR/kWh";2045;"0.021";"Sensitivity | Removed policies except for H2 tax reduction";"Electricity"
"OPEX";"Charging Infrastructure";"FR";"CCS Station (Depot) - Incl. Overhead";"Rigid";"BAU";"EUR/kWh";2045;"0.021";"Sensitivity | Removed policies except for H2 tax reduction";"Electricity"
"OPEX";"Charging Infrastructure";"FR";"CCS Station (Depot) - Incl. Overhead";"Tractor-Trailer";"BAU";"EUR/kWh";2045;"0.021";"Sensitivity | Removed policies except for H2 tax reduction";"Electricity"
"OPEX";"Charging Infrastructure";"IT";"CCS Station (Depot) - Incl. Overhead";"Rigid";"PROG";"EUR/kWh";2045;"0.021";"Sensitivity | Removed policies except for H2 tax reduction";"Electricity"
"OPEX";"Charging Infrastructure";"IT";"CCS Station (Depot) - Incl. Overhead";"Tractor-Trailer";"PROG";"EUR/kWh";2045;"0.021";"Sensitivity | Removed policies except for H2 tax reduction";"Electricity"
"OPEX";"Charging Infrastructure";"IT";"CCS Station (Depot) - Incl. Overhead";"Rigid";"BAU";"EUR/kWh";2045;"0.021";"Sensitivity | Removed policies except for H2 tax reduction";"Electricity"
"OPEX";"Charging Infrastructure";"IT";"CCS Station (Depot) - Incl. Overhead";"Tractor-Trailer";"BAU";"EUR/kWh";2045;"0.021";"Sensitivity | Removed policies except for H2 tax reduction";"Electricity"
"OPEX";"Charging Infrastructure";"NL";"CCS Station (Depot) - Incl. Overhead";"Rigid";"PROG";"EUR/kWh";2045;"0.021";"Sensitivity | Removed policies except for H2 tax reduction";"Electricity"
"OPEX";"Charging Infrastructure";"NL";"CCS Station (Depot) - Incl. Overhead";"Tractor-Trailer";"PROG";"EUR/kWh";2045;"0.021";"Sensitivity | Removed policies except for H2 tax reduction";"Electricity"
"OPEX";"Charging Infrastructure";"NL";"CCS Station (Depot) - Incl. Overhead";"Rigid";"BAU";"EUR/kWh";2045;"0.021";"Sensitivity | Removed policies except for H2 tax reduction";"Electricity"
"OPEX";"Charging Infrastructure";"NL";"CCS Station (Depot) - Incl. Overhead";"Tractor-Trailer";"BAU";"EUR/kWh";2045;"0.021";"Sensitivity | Removed policies except for H2 tax reduction";"Electricity"
"OPEX";"Charging Infrastructure";"PL";"CCS Station (Depot) - Incl. Overhead";"Rigid";"PROG";"EUR/kWh";2045;"0.021";"Sensitivity | Removed policies except for H2 tax reduction";"Electricity"
"OPEX";"Charging Infrastructure";"PL";"CCS Station (Depot) - Incl. Overhead";"Tractor-Trailer";"PROG";"EUR/kWh";2045;"0.021";"Sensitivity | Removed policies except for H2 tax reduction";"Electricity"
"OPEX";"Charging Infrastructure";"PL";"CCS Station (Depot) - Incl. Overhead";"Rigid";"BAU";"EUR/kWh";2045;"0.021";"Sensitivity | Removed policies except for H2 tax reduction";"Electricity"
"OPEX";"Charging Infrastructure";"PL";"CCS Station (Depot) - Incl. Overhead";"Tractor-Trailer";"BAU";"EUR/kWh";2045;"0.021";"Sensitivity | Removed policies except for H2 tax reduction";"Electricity"
"OPEX";"Charging Infrastructure";"UK";"CCS Station (Depot) - Incl. Overhead";"Rigid";"PROG";"EUR/kWh";2045;"0.021";"Sensitivity | Removed policies except for H2 tax reduction";"Electricity"
"OPEX";"Charging Infrastructure";"UK";"CCS Station (Depot) - Incl. Overhead";"Tractor-Trailer";"PROG";"EUR/kWh";2045;"0.021";"Sensitivity | Removed policies except for H2 tax reduction";"Electricity"
"OPEX";"Charging Infrastructure";"UK";"CCS Station (Depot) - Incl. Overhead";"Rigid";"BAU";"EUR/kWh";2045;"0.021";"Sensitivity | Removed policies except for H2 tax reduction";"Electricity"
"OPEX";"Charging Infrastructure";"UK";"CCS Station (Depot) - Incl. Overhead";"Tractor-Trailer";"BAU";"EUR/kWh";2045;"0.021";"Sensitivity | Removed policies except for H2 tax reduction";"Electricity"
"OPEX";"Charging Infrastructure";"DE";"CCS grid extension";"Rigid";"PROG";"EUR/kWh";2045;"0.045";"Sensitivity | Removed policies except for H2 tax reduction";"Electricity"
"OPEX";"Charging Infrastructure";"DE";"CCS grid extension";"Tractor-Trailer";"PROG";"EUR/kWh";2045;"0.045";"Sensitivity | Removed policies except for H2 tax reduction";"Electricity"
"OPEX";"Charging Infrastructure";"DE";"CCS grid extension";"Rigid";"BAU";"EUR/kWh";2045;"0.045";"Sensitivity | Removed policies except for H2 tax reduction";"Electricity"
"OPEX";"Charging Infrastructure";"DE";"CCS grid extension";"Tractor-Trailer";"BAU";"EUR/kWh";2045;"0.045";"Sensitivity | Removed policies except for H2 tax reduction";"Electricity"
"OPEX";"Charging Infrastructure";"ES";"CCS grid extension";"Rigid";"PROG";"EUR/kWh";2045;"0.045";"Sensitivity | Removed policies except for H2 tax reduction";"Electricity"
"OPEX";"Charging Infrastructure";"ES";"CCS grid extension";"Tractor-Trailer";"PROG";"EUR/kWh";2045;"0.045";"Sensitivity | Removed policies except for H2 tax reduction";"Electricity"
"OPEX";"Charging Infrastructure";"ES";"CCS grid extension";"Rigid";"BAU";"EUR/kWh";2045;"0.045";"Sensitivity | Removed policies except for H2 tax reduction";"Electricity"
"OPEX";"Charging Infrastructure";"ES";"CCS grid extension";"Tractor-Trailer";"BAU";"EUR/kWh";2045;"0.045";"Sensitivity | Removed policies except for H2 tax reduction";"Electricity"
"OPEX";"Charging Infrastructure";"FR";"CCS grid extension";"Rigid";"PROG";"EUR/kWh";2045;"0.045";"Sensitivity | Removed policies except for H2 tax reduction";"Electricity"
"OPEX";"Charging Infrastructure";"FR";"CCS grid extension";"Tractor-Trailer";"PROG";"EUR/kWh";2045;"0.045";"Sensitivity | Removed policies except for H2 tax reduction";"Electricity"
"OPEX";"Charging Infrastructure";"FR";"CCS grid extension";"Rigid";"BAU";"EUR/kWh";2045;"0.045";"Sensitivity | Removed policies except for H2 tax reduction";"Electricity"
"OPEX";"Charging Infrastructure";"FR";"CCS grid extension";"Tractor-Trailer";"BAU";"EUR/kWh";2045;"0.045";"Sensitivity | Removed policies except for H2 tax reduction";"Electricity"
"OPEX";"Charging Infrastructure";"IT";"CCS grid extension";"Rigid";"PROG";"EUR/kWh";2045;"0.045";"Sensitivity | Removed policies except for H2 tax reduction";"Electricity"
"OPEX";"Charging Infrastructure";"IT";"CCS grid extension";"Tractor-Trailer";"PROG";"EUR/kWh";2045;"0.045";"Sensitivity | Removed policies except for H2 tax reduction";"Electricity"
"OPEX";"Charging Infrastructure";"IT";"CCS grid extension";"Rigid";"BAU";"EUR/kWh";2045;"0.045";"Sensitivity | Removed policies except for H2 tax reduction";"Electricity"
"OPEX";"Charging Infrastructure";"IT";"CCS grid extension";"Tractor-Trailer";"BAU";"EUR/kWh";2045;"0.045";"Sensitivity | Removed policies except for H2 tax reduction";"Electricity"
"OPEX";"Charging Infrastructure";"NL";"CCS grid extension";"Rigid";"PROG";"EUR/kWh";2045;"0.045";"Sensitivity | Removed policies except for H2 tax reduction";"Electricity"
"OPEX";"Charging Infrastructure";"NL";"CCS grid extension";"Tractor-Trailer";"PROG";"EUR/kWh";2045;"0.045";"Sensitivity | Removed policies except for H2 tax reduction";"Electricity"
"OPEX";"Charging Infrastructure";"NL";"CCS grid extension";"Rigid";"BAU";"EUR/kWh";2045;"0.045";"Sensitivity | Removed policies except for H2 tax reduction";"Electricity"
"OPEX";"Charging Infrastructure";"NL";"CCS grid extension";"Tractor-Trailer";"BAU";"EUR/kWh";2045;"0.045";"Sensitivity | Removed policies except for H2 tax reduction";"Electricity"
"OPEX";"Charging Infrastructure";"PL";"CCS grid extension";"Rigid";"PROG";"EUR/kWh";2045;"0.045";"Sensitivity | Removed policies except for H2 tax reduction";"Electricity"
"OPEX";"Charging Infrastructure";"PL";"CCS grid extension";"Tractor-Trailer";"PROG";"EUR/kWh";2045;"0.045";"Sensitivity | Removed policies except for H2 tax reduction";"Electricity"
"OPEX";"Charging Infrastructure";"PL";"CCS grid extension";"Rigid";"BAU";"EUR/kWh";2045;"0.045";"Sensitivity | Removed policies except for H2 tax reduction";"Electricity"
"OPEX";"Charging Infrastructure";"PL";"CCS grid extension";"Tractor-Trailer";"BAU";"EUR/kWh";2045;"0.045";"Sensitivity | Removed policies except for H2 tax reduction";"Electricity"
"OPEX";"Charging Infrastructure";"UK";"CCS grid extension";"Rigid";"PROG";"EUR/kWh";2045;"0.045";"Sensitivity | Removed policies except for H2 tax reduction";"Electricity"
"OPEX";"Charging Infrastructure";"UK";"CCS grid extension";"Tractor-Trailer";"PROG";"EUR/kWh";2045;"0.045";"Sensitivity | Removed policies except for H2 tax reduction";"Electricity"
"OPEX";"Charging Infrastructure";"UK";"CCS grid extension";"Rigid";"BAU";"EUR/kWh";2045;"0.045";"Sensitivity | Removed policies except for H2 tax reduction";"Electricity"
"OPEX";"Charging Infrastructure";"UK";"CCS grid extension";"Tractor-Trailer";"BAU";"EUR/kWh";2045;"0.045";"Sensitivity | Removed policies except for H2 tax reduction";"Electricity"
"OPEX";"Diesel Infrastructure";"DE";"Total Diesel Mark-Up";"Rigid";"BAU";"EUR/kWh";2045;"0.018";"Sensitivity | Removed policies except for H2 tax reduction";"Diesel"
"OPEX";"Diesel Infrastructure";"DE";"Total Diesel Mark-Up";"Tractor-Trailer";"BAU";"EUR/kWh";2045;"0.018";"Sensitivity | Removed policies except for H2 tax reduction";"Diesel"
"OPEX";"Diesel Infrastructure";"DE";"Total Diesel Mark-Up";"Rigid";"PROG";"EUR/kWh";2045;"0.018";"Sensitivity | Removed policies except for H2 tax reduction";"Diesel"
"OPEX";"Diesel Infrastructure";"DE";"Total Diesel Mark-Up";"Tractor-Trailer";"PROG";"EUR/kWh";2045;"0.018";"Sensitivity | Removed policies except for H2 tax reduction";"Diesel"
"OPEX";"Diesel Infrastructure";"ES";"Total Diesel Mark-Up";"Rigid";"BAU";"EUR/kWh";2045;"0.018";"Sensitivity | Removed policies except for H2 tax reduction";"Diesel"
"OPEX";"Diesel Infrastructure";"ES";"Total Diesel Mark-Up";"Tractor-Trailer";"BAU";"EUR/kWh";2045;"0.018";"Sensitivity | Removed policies except for H2 tax reduction";"Diesel"
"OPEX";"Diesel Infrastructure";"ES";"Total Diesel Mark-Up";"Rigid";"PROG";"EUR/kWh";2045;"0.018";"Sensitivity | Removed policies except for H2 tax reduction";"Diesel"
"OPEX";"Diesel Infrastructure";"ES";"Total Diesel Mark-Up";"Tractor-Trailer";"PROG";"EUR/kWh";2045;"0.018";"Sensitivity | Removed policies except for H2 tax reduction";"Diesel"
"OPEX";"Diesel Infrastructure";"FR";"Total Diesel Mark-Up";"Rigid";"BAU";"EUR/kWh";2045;"0.018";"Sensitivity | Removed policies except for H2 tax reduction";"Diesel"
"OPEX";"Diesel Infrastructure";"FR";"Total Diesel Mark-Up";"Tractor-Trailer";"BAU";"EUR/kWh";2045;"0.018";"Sensitivity | Removed policies except for H2 tax reduction";"Diesel"
"OPEX";"Diesel Infrastructure";"FR";"Total Diesel Mark-Up";"Rigid";"PROG";"EUR/kWh";2045;"0.018";"Sensitivity | Removed policies except for H2 tax reduction";"Diesel"
"OPEX";"Diesel Infrastructure";"FR";"Total Diesel Mark-Up";"Tractor-Trailer";"PROG";"EUR/kWh";2045;"0.018";"Sensitivity | Removed policies except for H2 tax reduction";"Diesel"
"OPEX";"Diesel Infrastructure";"IT";"Total Diesel Mark-Up";"Rigid";"BAU";"EUR/kWh";2045;"0.018";"Sensitivity | Removed policies except for H2 tax reduction";"Diesel"
"OPEX";"Diesel Infrastructure";"IT";"Total Diesel Mark-Up";"Tractor-Trailer";"BAU";"EUR/kWh";2045;"0.018";"Sensitivity | Removed policies except for H2 tax reduction";"Diesel"
"OPEX";"Diesel Infrastructure";"IT";"Total Diesel Mark-Up";"Rigid";"PROG";"EUR/kWh";2045;"0.018";"Sensitivity | Removed policies except for H2 tax reduction";"Diesel"
"OPEX";"Diesel Infrastructure";"IT";"Total Diesel Mark-Up";"Tractor-Trailer";"PROG";"EUR/kWh";2045;"0.018";"Sensitivity | Removed policies except for H2 tax reduction";"Diesel"
"OPEX";"Diesel Infrastructure";"NL";"Total Diesel Mark-Up";"Rigid";"BAU";"EUR/kWh";2045;"0.018";"Sensitivity | Removed policies except for H2 tax reduction";"Diesel"
"OPEX";"Diesel Infrastructure";"NL";"Total Diesel Mark-Up";"Tractor-Trailer";"BAU";"EUR/kWh";2045;"0.018";"Sensitivity | Removed policies except for H2 tax reduction";"Diesel"
"OPEX";"Diesel Infrastructure";"NL";"Total Diesel Mark-Up";"Rigid";"PROG";"EUR/kWh";2045;"0.018";"Sensitivity | Removed policies except for H2 tax reduction";"Diesel"
"OPEX";"Diesel Infrastructure";"NL";"Total Diesel Mark-Up";"Tractor-Trailer";"PROG";"EUR/kWh";2045;"0.018";"Sensitivity | Removed policies except for H2 tax reduction";"Diesel"
"OPEX";"Diesel Infrastructure";"PL";"Total Diesel Mark-Up";"Rigid";"BAU";"EUR/kWh";2045;"0.018";"Sensitivity | Removed policies except for H2 tax reduction";"Diesel"
"OPEX";"Diesel Infrastructure";"PL";"Total Diesel Mark-Up";"Tractor-Trailer";"BAU";"EUR/kWh";2045;"0.018";"Sensitivity | Removed policies except for H2 tax reduction";"Diesel"
"OPEX";"Diesel Infrastructure";"PL";"Total Diesel Mark-Up";"Rigid";"PROG";"EUR/kWh";2045;"0.018";"Sensitivity | Removed policies except for H2 tax reduction";"Diesel"
"OPEX";"Diesel Infrastructure";"PL";"Total Diesel Mark-Up";"Tractor-Trailer";"PROG";"EUR/kWh";2045;"0.018";"Sensitivity | Removed policies except for H2 tax reduction";"Diesel"
"OPEX";"Diesel Infrastructure";"UK";"Total Diesel Mark-Up";"Rigid";"BAU";"EUR/kWh";2045;"0.018";"Sensitivity | Removed policies except for H2 tax reduction";"Diesel"
"OPEX";"Diesel Infrastructure";"UK";"Total Diesel Mark-Up";"Tractor-Trailer";"BAU";"EUR/kWh";2045;"0.018";"Sensitivity | Removed policies except for H2 tax reduction";"Diesel"
"OPEX";"Diesel Infrastructure";"UK";"Total Diesel Mark-Up";"Rigid";"PROG";"EUR/kWh";2045;"0.018";"Sensitivity | Removed policies except for H2 tax reduction";"Diesel"
"OPEX";"Diesel Infrastructure";"UK";"Total Diesel Mark-Up";"Tractor-Trailer";"PROG";"EUR/kWh";2045;"0.018";"Sensitivity | Removed policies except for H2 tax reduction";"Diesel"
"OPEX";"Diesel Infrastructure";"DE";"CO2 emission factor Biodiesel";"Rigid";"BAU";"%";2045;"0.154";"Sensitivity | Removed policies except for H2 tax reduction";"Diesel"
"OPEX";"Diesel Infrastructure";"DE";"CO2 emission factor Biodiesel";"Tractor-Trailer";"BAU";"%";2045;"0.154";"Sensitivity | Removed policies except for H2 tax reduction";"Diesel"
"OPEX";"Diesel Infrastructure";"DE";"CO2 emission factor Biodiesel";"Rigid";"PROG";"%";2045;"0.154";"Sensitivity | Removed policies except for H2 tax reduction";"Diesel"
"OPEX";"Diesel Infrastructure";"DE";"CO2 emission factor Biodiesel";"Tractor-Trailer";"PROG";"%";2045;"0.154";"Sensitivity | Removed policies except for H2 tax reduction";"Diesel"
"OPEX";"Diesel Infrastructure";"ES";"CO2 emission factor Biodiesel";"Rigid";"BAU";"%";2045;"0.154";"Sensitivity | Removed policies except for H2 tax reduction";"Diesel"
"OPEX";"Diesel Infrastructure";"ES";"CO2 emission factor Biodiesel";"Tractor-Trailer";"BAU";"%";2045;"0.154";"Sensitivity | Removed policies except for H2 tax reduction";"Diesel"
"OPEX";"Diesel Infrastructure";"ES";"CO2 emission factor Biodiesel";"Rigid";"PROG";"%";2045;"0.154";"Sensitivity | Removed policies except for H2 tax reduction";"Diesel"
"OPEX";"Diesel Infrastructure";"ES";"CO2 emission factor Biodiesel";"Tractor-Trailer";"PROG";"%";2045;"0.154";"Sensitivity | Removed policies except for H2 tax reduction";"Diesel"
"OPEX";"Diesel Infrastructure";"FR";"CO2 emission factor Biodiesel";"Rigid";"BAU";"%";2045;"0.154";"Sensitivity | Removed policies except for H2 tax reduction";"Diesel"
"OPEX";"Diesel Infrastructure";"FR";"CO2 emission factor Biodiesel";"Tractor-Trailer";"BAU";"%";2045;"0.154";"Sensitivity | Removed policies except for H2 tax reduction";"Diesel"
"OPEX";"Diesel Infrastructure";"FR";"CO2 emission factor Biodiesel";"Rigid";"PROG";"%";2045;"0.154";"Sensitivity | Removed policies except for H2 tax reduction";"Diesel"
"OPEX";"Diesel Infrastructure";"FR";"CO2 emission factor Biodiesel";"Tractor-Trailer";"PROG";"%";2045;"0.154";"Sensitivity | Removed policies except for H2 tax reduction";"Diesel"
"OPEX";"Diesel Infrastructure";"IT";"CO2 emission factor Biodiesel";"Rigid";"BAU";"%";2045;"0.154";"Sensitivity | Removed policies except for H2 tax reduction";"Diesel"
"OPEX";"Diesel Infrastructure";"IT";"CO2 emission factor Biodiesel";"Tractor-Trailer";"BAU";"%";2045;"0.154";"Sensitivity | Removed policies except for H2 tax reduction";"Diesel"
"OPEX";"Diesel Infrastructure";"IT";"CO2 emission factor Biodiesel";"Rigid";"PROG";"%";2045;"0.154";"Sensitivity | Removed policies except for H2 tax reduction";"Diesel"
"OPEX";"Diesel Infrastructure";"IT";"CO2 emission factor Biodiesel";"Tractor-Trailer";"PROG";"%";2045;"0.154";"Sensitivity | Removed policies except for H2 tax reduction";"Diesel"
"OPEX";"Diesel Infrastructure";"NL";"CO2 emission factor Biodiesel";"Rigid";"BAU";"%";2045;"0.154";"Sensitivity | Removed policies except for H2 tax reduction";"Diesel"
"OPEX";"Diesel Infrastructure";"NL";"CO2 emission factor Biodiesel";"Tractor-Trailer";"BAU";"%";2045;"0.154";"Sensitivity | Removed policies except for H2 tax reduction";"Diesel"
"OPEX";"Diesel Infrastructure";"NL";"CO2 emission factor Biodiesel";"Rigid";"PROG";"%";2045;"0.154";"Sensitivity | Removed policies except for H2 tax reduction";"Diesel"
"OPEX";"Diesel Infrastructure";"NL";"CO2 emission factor Biodiesel";"Tractor-Trailer";"PROG";"%";2045;"0.154";"Sensitivity | Removed policies except for H2 tax reduction";"Diesel"
"OPEX";"Diesel Infrastructure";"PL";"CO2 emission factor Biodiesel";"Rigid";"BAU";"%";2045;"0.154";"Sensitivity | Removed policies except for H2 tax reduction";"Diesel"
"OPEX";"Diesel Infrastructure";"PL";"CO2 emission factor Biodiesel";"Tractor-Trailer";"BAU";"%";2045;"0.154";"Sensitivity | Removed policies except for H2 tax reduction";"Diesel"
"OPEX";"Diesel Infrastructure";"PL";"CO2 emission factor Biodiesel";"Rigid";"PROG";"%";2045;"0.154";"Sensitivity | Removed policies except for H2 tax reduction";"Diesel"
"OPEX";"Diesel Infrastructure";"PL";"CO2 emission factor Biodiesel";"Tractor-Trailer";"PROG";"%";2045;"0.154";"Sensitivity | Removed policies except for H2 tax reduction";"Diesel"
"OPEX";"Diesel Infrastructure";"UK";"CO2 emission factor Biodiesel";"Rigid";"BAU";"%";2045;"0.154";"Sensitivity | Removed policies except for H2 tax reduction";"Diesel"
"OPEX";"Diesel Infrastructure";"UK";"CO2 emission factor Biodiesel";"Tractor-Trailer";"BAU";"%";2045;"0.154";"Sensitivity | Removed policies except for H2 tax reduction";"Diesel"
"OPEX";"Diesel Infrastructure";"UK";"CO2 emission factor Biodiesel";"Rigid";"PROG";"%";2045;"0.154";"Sensitivity | Removed policies except for H2 tax reduction";"Diesel"
"OPEX";"Diesel Infrastructure";"UK";"CO2 emission factor Biodiesel";"Tractor-Trailer";"PROG";"%";2045;"0.154";"Sensitivity | Removed policies except for H2 tax reduction";"Diesel"
"OPEX";"Diesel Infrastructure";"DE";"CO2 emission factor Pt-Diesel";"Rigid";"BAU";"%";2045;"0";"Sensitivity | Removed policies except for H2 tax reduction";"Diesel"
"OPEX";"Diesel Infrastructure";"DE";"CO2 emission factor Pt-Diesel";"Tractor-Trailer";"BAU";"%";2045;"0";"Sensitivity | Removed policies except for H2 tax reduction";"Diesel"
"OPEX";"Diesel Infrastructure";"DE";"CO2 emission factor Pt-Diesel";"Rigid";"PROG";"%";2045;"0";"Sensitivity | Removed policies except for H2 tax reduction";"Diesel"
"OPEX";"Diesel Infrastructure";"DE";"CO2 emission factor Pt-Diesel";"Tractor-Trailer";"PROG";"%";2045;"0";"Sensitivity | Removed policies except for H2 tax reduction";"Diesel"
"OPEX";"Diesel Infrastructure";"ES";"CO2 emission factor Pt-Diesel";"Rigid";"BAU";"%";2045;"0";"Sensitivity | Removed policies except for H2 tax reduction";"Diesel"
"OPEX";"Diesel Infrastructure";"ES";"CO2 emission factor Pt-Diesel";"Tractor-Trailer";"BAU";"%";2045;"0";"Sensitivity | Removed policies except for H2 tax reduction";"Diesel"
"OPEX";"Diesel Infrastructure";"ES";"CO2 emission factor Pt-Diesel";"Rigid";"PROG";"%";2045;"0";"Sensitivity | Removed policies except for H2 tax reduction";"Diesel"
"OPEX";"Diesel Infrastructure";"ES";"CO2 emission factor Pt-Diesel";"Tractor-Trailer";"PROG";"%";2045;"0";"Sensitivity | Removed policies except for H2 tax reduction";"Diesel"
"OPEX";"Diesel Infrastructure";"FR";"CO2 emission factor Pt-Diesel";"Rigid";"BAU";"%";2045;"0";"Sensitivity | Removed policies except for H2 tax reduction";"Diesel"
"OPEX";"Diesel Infrastructure";"FR";"CO2 emission factor Pt-Diesel";"Tractor-Trailer";"BAU";"%";2045;"0";"Sensitivity | Removed policies except for H2 tax reduction";"Diesel"
"OPEX";"Diesel Infrastructure";"FR";"CO2 emission factor Pt-Diesel";"Rigid";"PROG";"%";2045;"0";"Sensitivity | Removed policies except for H2 tax reduction";"Diesel"
"OPEX";"Diesel Infrastructure";"FR";"CO2 emission factor Pt-Diesel";"Tractor-Trailer";"PROG";"%";2045;"0";"Sensitivity | Removed policies except for H2 tax reduction";"Diesel"
"OPEX";"Diesel Infrastructure";"IT";"CO2 emission factor Pt-Diesel";"Rigid";"BAU";"%";2045;"0";"Sensitivity | Removed policies except for H2 tax reduction";"Diesel"
"OPEX";"Diesel Infrastructure";"IT";"CO2 emission factor Pt-Diesel";"Tractor-Trailer";"BAU";"%";2045;"0";"Sensitivity | Removed policies except for H2 tax reduction";"Diesel"
"OPEX";"Diesel Infrastructure";"IT";"CO2 emission factor Pt-Diesel";"Rigid";"PROG";"%";2045;"0";"Sensitivity | Removed policies except for H2 tax reduction";"Diesel"
"OPEX";"Diesel Infrastructure";"IT";"CO2 emission factor Pt-Diesel";"Tractor-Trailer";"PROG";"%";2045;"0";"Sensitivity | Removed policies except for H2 tax reduction";"Diesel"
"OPEX";"Diesel Infrastructure";"NL";"CO2 emission factor Pt-Diesel";"Rigid";"BAU";"%";2045;"0";"Sensitivity | Removed policies except for H2 tax reduction";"Diesel"
"OPEX";"Diesel Infrastructure";"NL";"CO2 emission factor Pt-Diesel";"Tractor-Trailer";"BAU";"%";2045;"0";"Sensitivity | Removed policies except for H2 tax reduction";"Diesel"
"OPEX";"Diesel Infrastructure";"NL";"CO2 emission factor Pt-Diesel";"Rigid";"PROG";"%";2045;"0";"Sensitivity | Removed policies except for H2 tax reduction";"Diesel"
"OPEX";"Diesel Infrastructure";"NL";"CO2 emission factor Pt-Diesel";"Tractor-Trailer";"PROG";"%";2045;"0";"Sensitivity | Removed policies except for H2 tax reduction";"Diesel"
"OPEX";"Diesel Infrastructure";"PL";"CO2 emission factor Pt-Diesel";"Rigid";"BAU";"%";2045;"0";"Sensitivity | Removed policies except for H2 tax reduction";"Diesel"
"OPEX";"Diesel Infrastructure";"PL";"CO2 emission factor Pt-Diesel";"Tractor-Trailer";"BAU";"%";2045;"0";"Sensitivity | Removed policies except for H2 tax reduction";"Diesel"
"OPEX";"Diesel Infrastructure";"PL";"CO2 emission factor Pt-Diesel";"Rigid";"PROG";"%";2045;"0";"Sensitivity | Removed policies except for H2 tax reduction";"Diesel"
"OPEX";"Diesel Infrastructure";"PL";"CO2 emission factor Pt-Diesel";"Tractor-Trailer";"PROG";"%";2045;"0";"Sensitivity | Removed policies except for H2 tax reduction";"Diesel"
"OPEX";"Diesel Infrastructure";"UK";"CO2 emission factor Pt-Diesel";"Rigid";"BAU";"%";2045;"0";"Sensitivity | Removed policies except for H2 tax reduction";"Diesel"
"OPEX";"Diesel Infrastructure";"UK";"CO2 emission factor Pt-Diesel";"Tractor-Trailer";"BAU";"%";2045;"0";"Sensitivity | Removed policies except for H2 tax reduction";"Diesel"
"OPEX";"Diesel Infrastructure";"UK";"CO2 emission factor Pt-Diesel";"Rigid";"PROG";"%";2045;"0";"Sensitivity | Removed policies except for H2 tax reduction";"Diesel"
"OPEX";"Diesel Infrastructure";"UK";"CO2 emission factor Pt-Diesel";"Tractor-Trailer";"PROG";"%";2045;"0";"Sensitivity | Removed policies except for H2 tax reduction";"Diesel"
"OPEX";"Taxes";"DE";"Network Costs - MCS";"Rigid";"BAU";"EUR/kWh";2045;"0.034";"Sensitivity | Removed policies except for H2 tax reduction";"Electricity"
"OPEX";"Taxes";"DE";"Network Costs - MCS";"Tractor-Trailer";"BAU";"EUR/kWh";2045;"0.034";"Sensitivity | Removed policies except for H2 tax reduction";"Electricity"
"OPEX";"Taxes";"ES";"Network Costs - MCS";"Rigid";"BAU";"EUR/kWh";2045;"0.018";"Sensitivity | Removed policies except for H2 tax reduction";"Electricity"
"OPEX";"Taxes";"ES";"Network Costs - MCS";"Tractor-Trailer";"BAU";"EUR/kWh";2045;"0.018";"Sensitivity | Removed policies except for H2 tax reduction";"Electricity"
"OPEX";"Taxes";"FR";"Network Costs - MCS";"Rigid";"BAU";"EUR/kWh";2045;"0.018";"Sensitivity | Removed policies except for H2 tax reduction";"Electricity"
"OPEX";"Taxes";"FR";"Network Costs - MCS";"Tractor-Trailer";"BAU";"EUR/kWh";2045;"0.018";"Sensitivity | Removed policies except for H2 tax reduction";"Electricity"
"OPEX";"Taxes";"IT";"Network Costs - MCS";"Rigid";"BAU";"EUR/kWh";2045;"0.015";"Sensitivity | Removed policies except for H2 tax reduction";"Electricity"
"OPEX";"Taxes";"IT";"Network Costs - MCS";"Tractor-Trailer";"BAU";"EUR/kWh";2045;"0.015";"Sensitivity | Removed policies except for H2 tax reduction";"Electricity"
"OPEX";"Taxes";"NL";"Network Costs - MCS";"Rigid";"BAU";"EUR/kWh";2045;"0.016";"Sensitivity | Removed policies except for H2 tax reduction";"Electricity"
"OPEX";"Taxes";"NL";"Network Costs - MCS";"Tractor-Trailer";"BAU";"EUR/kWh";2045;"0.016";"Sensitivity | Removed policies except for H2 tax reduction";"Electricity"
"OPEX";"Taxes";"PL";"Network Costs - MCS";"Rigid";"BAU";"EUR/kWh";2045;"0.019";"Sensitivity | Removed policies except for H2 tax reduction";"Electricity"
"OPEX";"Taxes";"PL";"Network Costs - MCS";"Tractor-Trailer";"BAU";"EUR/kWh";2045;"0.019";"Sensitivity | Removed policies except for H2 tax reduction";"Electricity"
"OPEX";"Taxes";"UK";"Network Costs - MCS";"Rigid";"BAU";"EUR/kWh";2045;"0.027";"Sensitivity | Removed policies except for H2 tax reduction";"Electricity"
"OPEX";"Taxes";"UK";"Network Costs - MCS";"Tractor-Trailer";"BAU";"EUR/kWh";2045;"0.027";"Sensitivity | Removed policies except for H2 tax reduction";"Electricity"
"OPEX";"Taxes";"DE";"Taxes, Fees, Levies and charges - MCS";"Rigid";"BAU";"EUR/kWh";2045;"0.056";"Sensitivity | Removed policies except for H2 tax reduction";"Electricity"
"OPEX";"Taxes";"DE";"Taxes, Fees, Levies and charges - MCS";"Tractor-Trailer";"BAU";"EUR/kWh";2045;"0.056";"Sensitivity | Removed policies except for H2 tax reduction";"Electricity"
"OPEX";"Taxes";"ES";"Taxes, Fees, Levies and charges - MCS";"Rigid";"BAU";"EUR/kWh";2045;"0.036";"Sensitivity | Removed policies except for H2 tax reduction";"Electricity"
"OPEX";"Taxes";"ES";"Taxes, Fees, Levies and charges - MCS";"Tractor-Trailer";"BAU";"EUR/kWh";2045;"0.036";"Sensitivity | Removed policies except for H2 tax reduction";"Electricity"
"OPEX";"Taxes";"FR";"Taxes, Fees, Levies and charges - MCS";"Rigid";"BAU";"EUR/kWh";2045;"0.03";"Sensitivity | Removed policies except for H2 tax reduction";"Electricity"
"OPEX";"Taxes";"FR";"Taxes, Fees, Levies and charges - MCS";"Tractor-Trailer";"BAU";"EUR/kWh";2045;"0.03";"Sensitivity | Removed policies except for H2 tax reduction";"Electricity"
"OPEX";"Taxes";"IT";"Taxes, Fees, Levies and charges - MCS";"Rigid";"BAU";"EUR/kWh";2045;"0.062";"Sensitivity | Removed policies except for H2 tax reduction";"Electricity"
"OPEX";"Taxes";"IT";"Taxes, Fees, Levies and charges - MCS";"Tractor-Trailer";"BAU";"EUR/kWh";2045;"0.062";"Sensitivity | Removed policies except for H2 tax reduction";"Electricity"
"OPEX";"Taxes";"NL";"Taxes, Fees, Levies and charges - MCS";"Rigid";"BAU";"EUR/kWh";2045;"0.055";"Sensitivity | Removed policies except for H2 tax reduction";"Electricity"
"OPEX";"Taxes";"NL";"Taxes, Fees, Levies and charges - MCS";"Tractor-Trailer";"BAU";"EUR/kWh";2045;"0.055";"Sensitivity | Removed policies except for H2 tax reduction";"Electricity"
"OPEX";"Taxes";"PL";"Taxes, Fees, Levies and charges - MCS";"Rigid";"BAU";"EUR/kWh";2045;"0.049";"Sensitivity | Removed policies except for H2 tax reduction";"Electricity"
"OPEX";"Taxes";"PL";"Taxes, Fees, Levies and charges - MCS";"Tractor-Trailer";"BAU";"EUR/kWh";2045;"0.049";"Sensitivity | Removed policies except for H2 tax reduction";"Electricity"
"OPEX";"Taxes";"UK";"Taxes, Fees, Levies and charges - MCS";"Rigid";"BAU";"EUR/kWh";2045;"0.077";"Sensitivity | Removed policies except for H2 tax reduction";"Electricity"
"OPEX";"Taxes";"UK";"Taxes, Fees, Levies and charges - MCS";"Tractor-Trailer";"BAU";"EUR/kWh";2045;"0.077";"Sensitivity | Removed policies except for H2 tax reduction";"Electricity"
"OPEX";"Taxes";"DE";"Network Costs - Depot";"Rigid";"BAU";"EUR/kWh";2045;"0.034";"Sensitivity | Removed policies except for H2 tax reduction";"Electricity"
"OPEX";"Taxes";"DE";"Network Costs - Depot";"Tractor-Trailer";"BAU";"EUR/kWh";2045;"0.034";"Sensitivity | Removed policies except for H2 tax reduction";"Electricity"
"OPEX";"Taxes";"ES";"Network Costs - Depot";"Rigid";"BAU";"EUR/kWh";2045;"0.018";"Sensitivity | Removed policies except for H2 tax reduction";"Electricity"
"OPEX";"Taxes";"ES";"Network Costs - Depot";"Tractor-Trailer";"BAU";"EUR/kWh";2045;"0.018";"Sensitivity | Removed policies except for H2 tax reduction";"Electricity"
"OPEX";"Taxes";"FR";"Network Costs - Depot";"Rigid";"BAU";"EUR/kWh";2045;"0.018";"Sensitivity | Removed policies except for H2 tax reduction";"Electricity"
"OPEX";"Taxes";"FR";"Network Costs - Depot";"Tractor-Trailer";"BAU";"EUR/kWh";2045;"0.018";"Sensitivity | Removed policies except for H2 tax reduction";"Electricity"
"OPEX";"Taxes";"IT";"Network Costs - Depot";"Rigid";"BAU";"EUR/kWh";2045;"0.016";"Sensitivity | Removed policies except for H2 tax reduction";"Electricity"
"OPEX";"Taxes";"IT";"Network Costs - Depot";"Tractor-Trailer";"BAU";"EUR/kWh";2045;"0.016";"Sensitivity | Removed policies except for H2 tax reduction";"Electricity"
"OPEX";"Taxes";"NL";"Network Costs - Depot";"Rigid";"BAU";"EUR/kWh";2045;"0.016";"Sensitivity | Removed policies except for H2 tax reduction";"Electricity"
"OPEX";"Taxes";"NL";"Network Costs - Depot";"Tractor-Trailer";"BAU";"EUR/kWh";2045;"0.016";"Sensitivity | Removed policies except for H2 tax reduction";"Electricity"
"OPEX";"Taxes";"PL";"Network Costs - Depot";"Rigid";"BAU";"EUR/kWh";2045;"0.019";"Sensitivity | Removed policies except for H2 tax reduction";"Electricity"
"OPEX";"Taxes";"PL";"Network Costs - Depot";"Tractor-Trailer";"BAU";"EUR/kWh";2045;"0.019";"Sensitivity | Removed policies except for H2 tax reduction";"Electricity"
"OPEX";"Taxes";"UK";"Network Costs - Depot";"Rigid";"BAU";"EUR/kWh";2045;"0.027";"Sensitivity | Removed policies except for H2 tax reduction";"Electricity"
"OPEX";"Taxes";"UK";"Network Costs - Depot";"Tractor-Trailer";"BAU";"EUR/kWh";2045;"0.027";"Sensitivity | Removed policies except for H2 tax reduction";"Electricity"
"OPEX";"Taxes";"DE";"Taxes, Fees, Levies and charges - Depot";"Rigid";"BAU";"EUR/kWh";2045;"0.056";"Sensitivity | Removed policies except for H2 tax reduction";"Electricity"
"OPEX";"Taxes";"DE";"Taxes, Fees, Levies and charges - Depot";"Tractor-Trailer";"BAU";"EUR/kWh";2045;"0.056";"Sensitivity | Removed policies except for H2 tax reduction";"Electricity"
"OPEX";"Taxes";"ES";"Taxes, Fees, Levies and charges - Depot";"Rigid";"BAU";"EUR/kWh";2045;"0.036";"Sensitivity | Removed policies except for H2 tax reduction";"Electricity"
"OPEX";"Taxes";"ES";"Taxes, Fees, Levies and charges - Depot";"Tractor-Trailer";"BAU";"EUR/kWh";2045;"0.036";"Sensitivity | Removed policies except for H2 tax reduction";"Electricity"
"OPEX";"Taxes";"FR";"Taxes, Fees, Levies and charges - Depot";"Rigid";"BAU";"EUR/kWh";2045;"0.03";"Sensitivity | Removed policies except for H2 tax reduction";"Electricity"
"OPEX";"Taxes";"FR";"Taxes, Fees, Levies and charges - Depot";"Tractor-Trailer";"BAU";"EUR/kWh";2045;"0.03";"Sensitivity | Removed policies except for H2 tax reduction";"Electricity"
"OPEX";"Taxes";"IT";"Taxes, Fees, Levies and charges - Depot";"Rigid";"BAU";"EUR/kWh";2045;"0.063";"Sensitivity | Removed policies except for H2 tax reduction";"Electricity"
"OPEX";"Taxes";"IT";"Taxes, Fees, Levies and charges - Depot";"Tractor-Trailer";"BAU";"EUR/kWh";2045;"0.063";"Sensitivity | Removed policies except for H2 tax reduction";"Electricity"
"OPEX";"Taxes";"NL";"Taxes, Fees, Levies and charges - Depot";"Rigid";"BAU";"EUR/kWh";2045;"0.055";"Sensitivity | Removed policies except for H2 tax reduction";"Electricity"
"OPEX";"Taxes";"NL";"Taxes, Fees, Levies and charges - Depot";"Tractor-Trailer";"BAU";"EUR/kWh";2045;"0.055";"Sensitivity | Removed policies except for H2 tax reduction";"Electricity"
"OPEX";"Taxes";"PL";"Taxes, Fees, Levies and charges - Depot";"Rigid";"BAU";"EUR/kWh";2045;"0.049";"Sensitivity | Removed policies except for H2 tax reduction";"Electricity"
"OPEX";"Taxes";"PL";"Taxes, Fees, Levies and charges - Depot";"Tractor-Trailer";"BAU";"EUR/kWh";2045;"0.049";"Sensitivity | Removed policies except for H2 tax reduction";"Electricity"
"OPEX";"Taxes";"UK";"Taxes, Fees, Levies and charges - Depot";"Rigid";"BAU";"EUR/kWh";2045;"0.077";"Sensitivity | Removed policies except for H2 tax reduction";"Electricity"
"OPEX";"Taxes";"UK";"Taxes, Fees, Levies and charges - Depot";"Tractor-Trailer";"BAU";"EUR/kWh";2045;"0.077";"Sensitivity | Removed policies except for H2 tax reduction";"Electricity"
"OPEX";"H2 Infrastructure";"DE";"HRS costs";"Rigid";"BAU";"EUR/kg H2";2045;"1.1";"Sensitivity | Removed policies except for H2 tax reduction";"Hydrogen"
"OPEX";"H2 Infrastructure";"DE";"HRS costs";"Tractor-Trailer";"BAU";"EUR/kg H2";2045;"1.1";"Sensitivity | Removed policies except for H2 tax reduction";"Hydrogen"
"OPEX";"H2 Infrastructure";"ES";"HRS costs";"Rigid";"BAU";"EUR/kg H2";2045;"1.1";"Sensitivity | Removed policies except for H2 tax reduction";"Hydrogen"
"OPEX";"H2 Infrastructure";"ES";"HRS costs";"Tractor-Trailer";"BAU";"EUR/kg H2";2045;"1.1";"Sensitivity | Removed policies except for H2 tax reduction";"Hydrogen"
"OPEX";"H2 Infrastructure";"FR";"HRS costs";"Rigid";"BAU";"EUR/kg H2";2045;"1.1";"Sensitivity | Removed policies except for H2 tax reduction";"Hydrogen"
"OPEX";"H2 Infrastructure";"FR";"HRS costs";"Tractor-Trailer";"BAU";"EUR/kg H2";2045;"1.1";"Sensitivity | Removed policies except for H2 tax reduction";"Hydrogen"
"OPEX";"H2 Infrastructure";"IT";"HRS costs";"Rigid";"BAU";"EUR/kg H2";2045;"1.1";"Sensitivity | Removed policies except for H2 tax reduction";"Hydrogen"
"OPEX";"H2 Infrastructure";"IT";"HRS costs";"Tractor-Trailer";"BAU";"EUR/kg H2";2045;"1.1";"Sensitivity | Removed policies except for H2 tax reduction";"Hydrogen"
"OPEX";"H2 Infrastructure";"NL";"HRS costs";"Rigid";"BAU";"EUR/kg H2";2045;"1.1";"Sensitivity | Removed policies except for H2 tax reduction";"Hydrogen"
"OPEX";"H2 Infrastructure";"NL";"HRS costs";"Tractor-Trailer";"BAU";"EUR/kg H2";2045;"1.1";"Sensitivity | Removed policies except for H2 tax reduction";"Hydrogen"
"OPEX";"H2 Infrastructure";"PL";"HRS costs";"Rigid";"BAU";"EUR/kg H2";2045;"1.1";"Sensitivity | Removed policies except for H2 tax reduction";"Hydrogen"
"OPEX";"H2 Infrastructure";"PL";"HRS costs";"Tractor-Trailer";"BAU";"EUR/kg H2";2045;"1.1";"Sensitivity | Removed policies except for H2 tax reduction";"Hydrogen"
"OPEX";"H2 Infrastructure";"UK";"HRS costs";"Rigid";"BAU";"EUR/kg H2";2045;"1.1";"Sensitivity | Removed policies except for H2 tax reduction";"Hydrogen"
"OPEX";"H2 Infrastructure";"UK";"HRS costs";"Tractor-Trailer";"BAU";"EUR/kg H2";2045;"1.1";"Sensitivity | Removed policies except for H2 tax reduction";"Hydrogen"
"OPEX";"H2 Infrastructure";"DE";"H2 transport and distribution";"Rigid";"BAU";"EUR/kg H2";2045;"1";"Sensitivity | Removed policies except for H2 tax reduction";"Hydrogen"
"OPEX";"H2 Infrastructure";"DE";"H2 transport and distribution";"Tractor-Trailer";"BAU";"EUR/kg H2";2045;"1";"Sensitivity | Removed policies except for H2 tax reduction";"Hydrogen"
"OPEX";"H2 Infrastructure";"ES";"H2 transport and distribution";"Rigid";"BAU";"EUR/kg H2";2045;"1";"Sensitivity | Removed policies except for H2 tax reduction";"Hydrogen"
"OPEX";"H2 Infrastructure";"ES";"H2 transport and distribution";"Tractor-Trailer";"BAU";"EUR/kg H2";2045;"1";"Sensitivity | Removed policies except for H2 tax reduction";"Hydrogen"
"OPEX";"H2 Infrastructure";"FR";"H2 transport and distribution";"Rigid";"BAU";"EUR/kg H2";2045;"1";"Sensitivity | Removed policies except for H2 tax reduction";"Hydrogen"
"OPEX";"H2 Infrastructure";"FR";"H2 transport and distribution";"Tractor-Trailer";"BAU";"EUR/kg H2";2045;"1";"Sensitivity | Removed policies except for H2 tax reduction";"Hydrogen"
"OPEX";"H2 Infrastructure";"IT";"H2 transport and distribution";"Rigid";"BAU";"EUR/kg H2";2045;"1";"Sensitivity | Removed policies except for H2 tax reduction";"Hydrogen"
"OPEX";"H2 Infrastructure";"IT";"H2 transport and distribution";"Tractor-Trailer";"BAU";"EUR/kg H2";2045;"1";"Sensitivity | Removed policies except for H2 tax reduction";"Hydrogen"
"OPEX";"H2 Infrastructure";"NL";"H2 transport and distribution";"Rigid";"BAU";"EUR/kg H2";2045;"1";"Sensitivity | Removed policies except for H2 tax reduction";"Hydrogen"
"OPEX";"H2 Infrastructure";"NL";"H2 transport and distribution";"Tractor-Trailer";"BAU";"EUR/kg H2";2045;"1";"Sensitivity | Removed policies except for H2 tax reduction";"Hydrogen"
"OPEX";"H2 Infrastructure";"PL";"H2 transport and distribution";"Rigid";"BAU";"EUR/kg H2";2045;"1";"Sensitivity | Removed policies except for H2 tax reduction";"Hydrogen"
"OPEX";"H2 Infrastructure";"PL";"H2 transport and distribution";"Tractor-Trailer";"BAU";"EUR/kg H2";2045;"1";"Sensitivity | Removed policies except for H2 tax reduction";"Hydrogen"
"OPEX";"H2 Infrastructure";"UK";"H2 transport and distribution";"Rigid";"BAU";"EUR/kg H2";2045;"1";"Sensitivity | Removed policies except for H2 tax reduction";"Hydrogen"
"OPEX";"H2 Infrastructure";"UK";"H2 transport and distribution";"Tractor-Trailer";"BAU";"EUR/kg H2";2045;"1";"Sensitivity | Removed policies except for H2 tax reduction";"Hydrogen"
"OPEX";"H2 Infrastructure";"DE";"HRS Overhead, Profit and Mark-Up";"Rigid";"BAU";"EUR/kg H2";2045;"0.25";"Sensitivity | Removed policies except for H2 tax reduction";"Hydrogen"
"OPEX";"H2 Infrastructure";"DE";"HRS Overhead, Profit and Mark-Up";"Tractor-Trailer";"BAU";"EUR/kg H2";2045;"0.25";"Sensitivity | Removed policies except for H2 tax reduction";"Hydrogen"
"OPEX";"H2 Infrastructure";"ES";"HRS Overhead, Profit and Mark-Up";"Rigid";"BAU";"EUR/kg H2";2045;"0.25";"Sensitivity | Removed policies except for H2 tax reduction";"Hydrogen"
"OPEX";"H2 Infrastructure";"ES";"HRS Overhead, Profit and Mark-Up";"Tractor-Trailer";"BAU";"EUR/kg H2";2045;"0.25";"Sensitivity | Removed policies except for H2 tax reduction";"Hydrogen"
"OPEX";"H2 Infrastructure";"FR";"HRS Overhead, Profit and Mark-Up";"Rigid";"BAU";"EUR/kg H2";2045;"0.25";"Sensitivity | Removed policies except for H2 tax reduction";"Hydrogen"
"OPEX";"H2 Infrastructure";"FR";"HRS Overhead, Profit and Mark-Up";"Tractor-Trailer";"BAU";"EUR/kg H2";2045;"0.25";"Sensitivity | Removed policies except for H2 tax reduction";"Hydrogen"
"OPEX";"H2 Infrastructure";"IT";"HRS Overhead, Profit and Mark-Up";"Rigid";"BAU";"EUR/kg H2";2045;"0.25";"Sensitivity | Removed policies except for H2 tax reduction";"Hydrogen"
"OPEX";"H2 Infrastructure";"IT";"HRS Overhead, Profit and Mark-Up";"Tractor-Trailer";"BAU";"EUR/kg H2";2045;"0.25";"Sensitivity | Removed policies except for H2 tax reduction";"Hydrogen"
"OPEX";"H2 Infrastructure";"NL";"HRS Overhead, Profit and Mark-Up";"Rigid";"BAU";"EUR/kg H2";2045;"0.25";"Sensitivity | Removed policies except for H2 tax reduction";"Hydrogen"
"OPEX";"H2 Infrastructure";"NL";"HRS Overhead, Profit and Mark-Up";"Tractor-Trailer";"BAU";"EUR/kg H2";2045;"0.25";"Sensitivity | Removed policies except for H2 tax reduction";"Hydrogen"
"OPEX";"H2 Infrastructure";"PL";"HRS Overhead, Profit and Mark-Up";"Rigid";"BAU";"EUR/kg H2";2045;"0.25";"Sensitivity | Removed policies except for H2 tax reduction";"Hydrogen"
"OPEX";"H2 Infrastructure";"PL";"HRS Overhead, Profit and Mark-Up";"Tractor-Trailer";"BAU";"EUR/kg H2";2045;"0.25";"Sensitivity | Removed policies except for H2 tax reduction";"Hydrogen"
"OPEX";"H2 Infrastructure";"UK";"HRS Overhead, Profit and Mark-Up";"Rigid";"BAU";"EUR/kg H2";2045;"0.25";"Sensitivity | Removed policies except for H2 tax reduction";"Hydrogen"
"OPEX";"H2 Infrastructure";"UK";"HRS Overhead, Profit and Mark-Up";"Tractor-Trailer";"BAU";"EUR/kg H2";2045;"0.25";"Sensitivity | Removed policies except for H2 tax reduction";"Hydrogen"
"OPEX";"Charging Infrastructure";"DE";"MCS Station (Public Charging) - Incl. Overhead";"Rigid";"BAU";"EUR/kWh";2045;"0.032";"Sensitivity | Removed policies except for H2 tax reduction";"Electricity"
"OPEX";"Charging Infrastructure";"DE";"MCS Station (Public Charging) - Incl. Overhead";"Tractor-Trailer";"BAU";"EUR/kWh";2045;"0.032";"Sensitivity | Removed policies except for H2 tax reduction";"Electricity"
"OPEX";"Charging Infrastructure";"ES";"MCS Station (Public Charging) - Incl. Overhead";"Rigid";"BAU";"EUR/kWh";2045;"0.032";"Sensitivity | Removed policies except for H2 tax reduction";"Electricity"
"OPEX";"Charging Infrastructure";"ES";"MCS Station (Public Charging) - Incl. Overhead";"Tractor-Trailer";"BAU";"EUR/kWh";2045;"0.032";"Sensitivity | Removed policies except for H2 tax reduction";"Electricity"
"OPEX";"Charging Infrastructure";"FR";"MCS Station (Public Charging) - Incl. Overhead";"Rigid";"BAU";"EUR/kWh";2045;"0.032";"Sensitivity | Removed policies except for H2 tax reduction";"Electricity"
"OPEX";"Charging Infrastructure";"FR";"MCS Station (Public Charging) - Incl. Overhead";"Tractor-Trailer";"BAU";"EUR/kWh";2045;"0.032";"Sensitivity | Removed policies except for H2 tax reduction";"Electricity"
"OPEX";"Charging Infrastructure";"IT";"MCS Station (Public Charging) - Incl. Overhead";"Rigid";"BAU";"EUR/kWh";2045;"0.032";"Sensitivity | Removed policies except for H2 tax reduction";"Electricity"
"OPEX";"Charging Infrastructure";"IT";"MCS Station (Public Charging) - Incl. Overhead";"Tractor-Trailer";"BAU";"EUR/kWh";2045;"0.032";"Sensitivity | Removed policies except for H2 tax reduction";"Electricity"
"OPEX";"Charging Infrastructure";"NL";"MCS Station (Public Charging) - Incl. Overhead";"Rigid";"BAU";"EUR/kWh";2045;"0.032";"Sensitivity | Removed policies except for H2 tax reduction";"Electricity"
"OPEX";"Charging Infrastructure";"NL";"MCS Station (Public Charging) - Incl. Overhead";"Tractor-Trailer";"BAU";"EUR/kWh";2045;"0.032";"Sensitivity | Removed policies except for H2 tax reduction";"Electricity"
"OPEX";"Charging Infrastructure";"PL";"MCS Station (Public Charging) - Incl. Overhead";"Rigid";"BAU";"EUR/kWh";2045;"0.032";"Sensitivity | Removed policies except for H2 tax reduction";"Electricity"
"OPEX";"Charging Infrastructure";"PL";"MCS Station (Public Charging) - Incl. Overhead";"Tractor-Trailer";"BAU";"EUR/kWh";2045;"0.032";"Sensitivity | Removed policies except for H2 tax reduction";"Electricity"
"OPEX";"Charging Infrastructure";"UK";"MCS Station (Public Charging) - Incl. Overhead";"Rigid";"BAU";"EUR/kWh";2045;"0.032";"Sensitivity | Removed policies except for H2 tax reduction";"Electricity"
"OPEX";"Charging Infrastructure";"UK";"MCS Station (Public Charging) - Incl. Overhead";"Tractor-Trailer";"BAU";"EUR/kWh";2045;"0.032";"Sensitivity | Removed policies except for H2 tax reduction";"Electricity"
"OPEX";"Charging Infrastructure";"DE";"Share MCS-Charging";"Rigid";"BAU";"%";2045;"0.2";"Sensitivity | Removed policies except for H2 tax reduction";"Electricity"
"OPEX";"Charging Infrastructure";"DE";"Share MCS-Charging";"Tractor-Trailer";"BAU";"%";2045;"0.2";"Sensitivity | Removed policies except for H2 tax reduction";"Electricity"
"OPEX";"Charging Infrastructure";"ES";"Share MCS-Charging";"Rigid";"BAU";"%";2045;"0.2";"Sensitivity | Removed policies except for H2 tax reduction";"Electricity"
"OPEX";"Charging Infrastructure";"ES";"Share MCS-Charging";"Tractor-Trailer";"BAU";"%";2045;"0.2";"Sensitivity | Removed policies except for H2 tax reduction";"Electricity"
"OPEX";"Charging Infrastructure";"FR";"Share MCS-Charging";"Rigid";"BAU";"%";2045;"0.2";"Sensitivity | Removed policies except for H2 tax reduction";"Electricity"
"OPEX";"Charging Infrastructure";"FR";"Share MCS-Charging";"Tractor-Trailer";"BAU";"%";2045;"0.2";"Sensitivity | Removed policies except for H2 tax reduction";"Electricity"
"OPEX";"Charging Infrastructure";"IT";"Share MCS-Charging";"Rigid";"BAU";"%";2045;"0.2";"Sensitivity | Removed policies except for H2 tax reduction";"Electricity"
"OPEX";"Charging Infrastructure";"IT";"Share MCS-Charging";"Tractor-Trailer";"BAU";"%";2045;"0.2";"Sensitivity | Removed policies except for H2 tax reduction";"Electricity"
"OPEX";"Charging Infrastructure";"NL";"Share MCS-Charging";"Rigid";"BAU";"%";2045;"0.2";"Sensitivity | Removed policies except for H2 tax reduction";"Electricity"
"OPEX";"Charging Infrastructure";"NL";"Share MCS-Charging";"Tractor-Trailer";"BAU";"%";2045;"0.2";"Sensitivity | Removed policies except for H2 tax reduction";"Electricity"
"OPEX";"Charging Infrastructure";"PL";"Share MCS-Charging";"Rigid";"BAU";"%";2045;"0.2";"Sensitivity | Removed policies except for H2 tax reduction";"Electricity"
"OPEX";"Charging Infrastructure";"PL";"Share MCS-Charging";"Tractor-Trailer";"BAU";"%";2045;"0.2";"Sensitivity | Removed policies except for H2 tax reduction";"Electricity"
"OPEX";"Charging Infrastructure";"UK";"Share MCS-Charging";"Rigid";"BAU";"%";2045;"0.2";"Sensitivity | Removed policies except for H2 tax reduction";"Electricity"
"OPEX";"Charging Infrastructure";"UK";"Share MCS-Charging";"Tractor-Trailer";"BAU";"%";2045;"0.2";"Sensitivity | Removed policies except for H2 tax reduction";"Electricity"
"OPEX";"Charging Infrastructure";"DE";"Depot - Network fees savings potential";"Rigid";"BAU";"EUR/kWh";2045;"0";"Sensitivity | Removed policies except for H2 tax reduction";"Electricity"
"OPEX";"Charging Infrastructure";"DE";"Depot - Network fees savings potential";"Tractor-Trailer";"BAU";"EUR/kWh";2045;"0";"Sensitivity | Removed policies except for H2 tax reduction";"Electricity"
"OPEX";"Charging Infrastructure";"ES";"Depot - Network fees savings potential";"Rigid";"BAU";"EUR/kWh";2045;"0";"Sensitivity | Removed policies except for H2 tax reduction";"Electricity"
"OPEX";"Charging Infrastructure";"ES";"Depot - Network fees savings potential";"Tractor-Trailer";"BAU";"EUR/kWh";2045;"0";"Sensitivity | Removed policies except for H2 tax reduction";"Electricity"
"OPEX";"Charging Infrastructure";"FR";"Depot - Network fees savings potential";"Rigid";"BAU";"EUR/kWh";2045;"0";"Sensitivity | Removed policies except for H2 tax reduction";"Electricity"
"OPEX";"Charging Infrastructure";"FR";"Depot - Network fees savings potential";"Tractor-Trailer";"BAU";"EUR/kWh";2045;"0";"Sensitivity | Removed policies except for H2 tax reduction";"Electricity"
"OPEX";"Charging Infrastructure";"IT";"Depot - Network fees savings potential";"Rigid";"BAU";"EUR/kWh";2045;"0";"Sensitivity | Removed policies except for H2 tax reduction";"Electricity"
"OPEX";"Charging Infrastructure";"IT";"Depot - Network fees savings potential";"Tractor-Trailer";"BAU";"EUR/kWh";2045;"0";"Sensitivity | Removed policies except for H2 tax reduction";"Electricity"
"OPEX";"Charging Infrastructure";"NL";"Depot - Network fees savings potential";"Rigid";"BAU";"EUR/kWh";2045;"0";"Sensitivity | Removed policies except for H2 tax reduction";"Electricity"
"OPEX";"Charging Infrastructure";"NL";"Depot - Network fees savings potential";"Tractor-Trailer";"BAU";"EUR/kWh";2045;"0";"Sensitivity | Removed policies except for H2 tax reduction";"Electricity"
"OPEX";"Charging Infrastructure";"PL";"Depot - Network fees savings potential";"Rigid";"BAU";"EUR/kWh";2045;"0";"Sensitivity | Removed policies except for H2 tax reduction";"Electricity"
"OPEX";"Charging Infrastructure";"PL";"Depot - Network fees savings potential";"Tractor-Trailer";"BAU";"EUR/kWh";2045;"0";"Sensitivity | Removed policies except for H2 tax reduction";"Electricity"
"OPEX";"Charging Infrastructure";"UK";"Depot - Network fees savings potential";"Rigid";"BAU";"EUR/kWh";2045;"0";"Sensitivity | Removed policies except for H2 tax reduction";"Electricity"
"OPEX";"Charging Infrastructure";"UK";"Depot - Network fees savings potential";"Tractor-Trailer";"BAU";"EUR/kWh";2045;"0";"Sensitivity | Removed policies except for H2 tax reduction";"Electricity"
"OPEX";"Taxes";"DE";"Tax reduction";"Rigid";"BAU";"%";2045;"0";"Sensitivity | Removed policies except for H2 tax reduction";"Hydrogen"
"OPEX";"Taxes";"DE";"Tax reduction";"Tractor-Trailer";"BAU";"%";2045;"0";"Sensitivity | Removed policies except for H2 tax reduction";"Hydrogen"
"OPEX";"Taxes";"ES";"Tax reduction";"Rigid";"BAU";"%";2045;"0";"Sensitivity | Removed policies except for H2 tax reduction";"Hydrogen"
"OPEX";"Taxes";"ES";"Tax reduction";"Tractor-Trailer";"BAU";"%";2045;"0";"Sensitivity | Removed policies except for H2 tax reduction";"Hydrogen"
"OPEX";"Taxes";"FR";"Tax reduction";"Rigid";"BAU";"%";2045;"0";"Sensitivity | Removed policies except for H2 tax reduction";"Hydrogen"
"OPEX";"Taxes";"FR";"Tax reduction";"Tractor-Trailer";"BAU";"%";2045;"0";"Sensitivity | Removed policies except for H2 tax reduction";"Hydrogen"
"OPEX";"Taxes";"IT";"Tax reduction";"Rigid";"BAU";"%";2045;"0";"Sensitivity | Removed policies except for H2 tax reduction";"Hydrogen"
"OPEX";"Taxes";"IT";"Tax reduction";"Tractor-Trailer";"BAU";"%";2045;"0";"Sensitivity | Removed policies except for H2 tax reduction";"Hydrogen"
"OPEX";"Taxes";"NL";"Tax reduction";"Rigid";"BAU";"%";2045;"0";"Sensitivity | Removed policies except for H2 tax reduction";"Hydrogen"
"OPEX";"Taxes";"NL";"Tax reduction";"Tractor-Trailer";"BAU";"%";2045;"0";"Sensitivity | Removed policies except for H2 tax reduction";"Hydrogen"
"OPEX";"Taxes";"PL";"Tax reduction";"Rigid";"BAU";"%";2045;"0";"Sensitivity | Removed policies except for H2 tax reduction";"Hydrogen"
"OPEX";"Taxes";"PL";"Tax reduction";"Tractor-Trailer";"BAU";"%";2045;"0";"Sensitivity | Removed policies except for H2 tax reduction";"Hydrogen"
"OPEX";"Taxes";"UK";"Tax reduction";"Rigid";"BAU";"%";2045;"0";"Sensitivity | Removed policies except for H2 tax reduction";"Hydrogen"
"OPEX";"Taxes";"UK";"Tax reduction";"Tractor-Trailer";"BAU";"%";2045;"0";"Sensitivity | Removed policies except for H2 tax reduction";"Hydrogen"
"OPEX";"Taxes";"DE";"Increasing grid fees";"Rigid";"PROG";"%";2045;"0.25";"Sensitivity | Removed policies except for H2 tax reduction";"Electricity"
"OPEX";"Taxes";"DE";"Increasing grid fees";"Tractor-Trailer";"PROG";"%";2045;"0.25";"Sensitivity | Removed policies except for H2 tax reduction";"Electricity"
"OPEX";"Taxes";"ES";"Increasing grid fees";"Rigid";"PROG";"%";2045;"0.25";"Sensitivity | Removed policies except for H2 tax reduction";"Electricity"
"OPEX";"Taxes";"ES";"Increasing grid fees";"Tractor-Trailer";"PROG";"%";2045;"0.25";"Sensitivity | Removed policies except for H2 tax reduction";"Electricity"
"OPEX";"Taxes";"FR";"Increasing grid fees";"Rigid";"PROG";"%";2045;"0.25";"Sensitivity | Removed policies except for H2 tax reduction";"Electricity"
"OPEX";"Taxes";"FR";"Increasing grid fees";"Tractor-Trailer";"PROG";"%";2045;"0.25";"Sensitivity | Removed policies except for H2 tax reduction";"Electricity"
"OPEX";"Taxes";"IT";"Increasing grid fees";"Rigid";"PROG";"%";2045;"0.25";"Sensitivity | Removed policies except for H2 tax reduction";"Electricity"
"OPEX";"Taxes";"IT";"Increasing grid fees";"Tractor-Trailer";"PROG";"%";2045;"0.25";"Sensitivity | Removed policies except for H2 tax reduction";"Electricity"
"OPEX";"Taxes";"NL";"Increasing grid fees";"Rigid";"PROG";"%";2045;"0.25";"Sensitivity | Removed policies except for H2 tax reduction";"Electricity"
"OPEX";"Taxes";"NL";"Increasing grid fees";"Tractor-Trailer";"PROG";"%";2045;"0.25";"Sensitivity | Removed policies except for H2 tax reduction";"Electricity"
"OPEX";"Taxes";"PL";"Increasing grid fees";"Rigid";"PROG";"%";2045;"0.25";"Sensitivity | Removed policies except for H2 tax reduction";"Electricity"
"OPEX";"Taxes";"PL";"Increasing grid fees";"Tractor-Trailer";"PROG";"%";2045;"0.25";"Sensitivity | Removed policies except for H2 tax reduction";"Electricity"
"OPEX";"Taxes";"UK";"Increasing grid fees";"Rigid";"PROG";"%";2045;"0.25";"Sensitivity | Removed policies except for H2 tax reduction";"Electricity"
"OPEX";"Taxes";"UK";"Increasing grid fees";"Tractor-Trailer";"PROG";"%";2045;"0.25";"Sensitivity | Removed policies except for H2 tax reduction";"Electricity"
"OPEX";"Taxes";"DE";"Increasing grid fees";"Rigid";"BAU";"%";2045;"0.417";"Sensitivity | Removed policies except for H2 tax reduction";"Electricity"
"OPEX";"Taxes";"DE";"Increasing grid fees";"Tractor-Trailer";"BAU";"%";2045;"0.417";"Sensitivity | Removed policies except for H2 tax reduction";"Electricity"
"OPEX";"Taxes";"ES";"Increasing grid fees";"Rigid";"BAU";"%";2045;"0.417";"Sensitivity | Removed policies except for H2 tax reduction";"Electricity"
"OPEX";"Taxes";"ES";"Increasing grid fees";"Tractor-Trailer";"BAU";"%";2045;"0.417";"Sensitivity | Removed policies except for H2 tax reduction";"Electricity"
"OPEX";"Taxes";"FR";"Increasing grid fees";"Rigid";"BAU";"%";2045;"0.417";"Sensitivity | Removed policies except for H2 tax reduction";"Electricity"
"OPEX";"Taxes";"FR";"Increasing grid fees";"Tractor-Trailer";"BAU";"%";2045;"0.417";"Sensitivity | Removed policies except for H2 tax reduction";"Electricity"
"OPEX";"Taxes";"IT";"Increasing grid fees";"Rigid";"BAU";"%";2045;"0.417";"Sensitivity | Removed policies except for H2 tax reduction";"Electricity"
"OPEX";"Taxes";"IT";"Increasing grid fees";"Tractor-Trailer";"BAU";"%";2045;"0.417";"Sensitivity | Removed policies except for H2 tax reduction";"Electricity"
"OPEX";"Taxes";"NL";"Increasing grid fees";"Rigid";"BAU";"%";2045;"0.417";"Sensitivity | Removed policies except for H2 tax reduction";"Electricity"
"OPEX";"Taxes";"NL";"Increasing grid fees";"Tractor-Trailer";"BAU";"%";2045;"0.417";"Sensitivity | Removed policies except for H2 tax reduction";"Electricity"
"OPEX";"Taxes";"PL";"Increasing grid fees";"Rigid";"BAU";"%";2045;"0.417";"Sensitivity | Removed policies except for H2 tax reduction";"Electricity"
"OPEX";"Taxes";"PL";"Increasing grid fees";"Tractor-Trailer";"BAU";"%";2045;"0.417";"Sensitivity | Removed policies except for H2 tax reduction";"Electricity"
"OPEX";"Taxes";"UK";"Increasing grid fees";"Rigid";"BAU";"%";2045;"0.417";"Sensitivity | Removed policies except for H2 tax reduction";"Electricity"
"OPEX";"Taxes";"UK";"Increasing grid fees";"Tractor-Trailer";"BAU";"%";2045;"0.417";"Sensitivity | Removed policies except for H2 tax reduction";"Electricity"
"OPEX";"Taxes";"DE";"Network Costs - MCS";"Rigid";"PROG";"EUR/kWh";2050;"0.021";"Sensitivity | Removed policies except for H2 tax reduction";"Electricity"
"OPEX";"Taxes";"DE";"Network Costs - MCS";"Tractor-Trailer";"PROG";"EUR/kWh";2050;"0.021";"Sensitivity | Removed policies except for H2 tax reduction";"Electricity"
"OPEX";"Taxes";"ES";"Network Costs - MCS";"Rigid";"PROG";"EUR/kWh";2050;"0.009";"Sensitivity | Removed policies except for H2 tax reduction";"Electricity"
"OPEX";"Taxes";"ES";"Network Costs - MCS";"Tractor-Trailer";"PROG";"EUR/kWh";2050;"0.009";"Sensitivity | Removed policies except for H2 tax reduction";"Electricity"
"OPEX";"Taxes";"FR";"Network Costs - MCS";"Rigid";"PROG";"EUR/kWh";2050;"0.014";"Sensitivity | Removed policies except for H2 tax reduction";"Electricity"
"OPEX";"Taxes";"FR";"Network Costs - MCS";"Tractor-Trailer";"PROG";"EUR/kWh";2050;"0.014";"Sensitivity | Removed policies except for H2 tax reduction";"Electricity"
"OPEX";"Taxes";"IT";"Network Costs - MCS";"Rigid";"PROG";"EUR/kWh";2050;"0.012";"Sensitivity | Removed policies except for H2 tax reduction";"Electricity"
"OPEX";"Taxes";"IT";"Network Costs - MCS";"Tractor-Trailer";"PROG";"EUR/kWh";2050;"0.012";"Sensitivity | Removed policies except for H2 tax reduction";"Electricity"
"OPEX";"Taxes";"NL";"Network Costs - MCS";"Rigid";"PROG";"EUR/kWh";2050;"0.015";"Sensitivity | Removed policies except for H2 tax reduction";"Electricity"
"OPEX";"Taxes";"NL";"Network Costs - MCS";"Tractor-Trailer";"PROG";"EUR/kWh";2050;"0.015";"Sensitivity | Removed policies except for H2 tax reduction";"Electricity"
"OPEX";"Taxes";"PL";"Network Costs - MCS";"Rigid";"PROG";"EUR/kWh";2050;"0.014";"Sensitivity | Removed policies except for H2 tax reduction";"Electricity"
"OPEX";"Taxes";"PL";"Network Costs - MCS";"Tractor-Trailer";"PROG";"EUR/kWh";2050;"0.014";"Sensitivity | Removed policies except for H2 tax reduction";"Electricity"
"OPEX";"Taxes";"UK";"Network Costs - MCS";"Rigid";"PROG";"EUR/kWh";2050;"0.018";"Sensitivity | Removed policies except for H2 tax reduction";"Electricity"
"OPEX";"Taxes";"UK";"Network Costs - MCS";"Tractor-Trailer";"PROG";"EUR/kWh";2050;"0.018";"Sensitivity | Removed policies except for H2 tax reduction";"Electricity"
"OPEX";"Taxes";"DE";"Taxes, Fees, Levies and charges - MCS";"Rigid";"PROG";"EUR/kWh";2050;"0.051";"Sensitivity | Removed policies except for H2 tax reduction";"Electricity"
"OPEX";"Taxes";"DE";"Taxes, Fees, Levies and charges - MCS";"Tractor-Trailer";"PROG";"EUR/kWh";2050;"0.051";"Sensitivity | Removed policies except for H2 tax reduction";"Electricity"
"OPEX";"Taxes";"ES";"Taxes, Fees, Levies and charges - MCS";"Rigid";"PROG";"EUR/kWh";2050;"0.026";"Sensitivity | Removed policies except for H2 tax reduction";"Electricity"
"OPEX";"Taxes";"ES";"Taxes, Fees, Levies and charges - MCS";"Tractor-Trailer";"PROG";"EUR/kWh";2050;"0.026";"Sensitivity | Removed policies except for H2 tax reduction";"Electricity"
"OPEX";"Taxes";"FR";"Taxes, Fees, Levies and charges - MCS";"Rigid";"PROG";"EUR/kWh";2050;"0.022";"Sensitivity | Removed policies except for H2 tax reduction";"Electricity"
"OPEX";"Taxes";"FR";"Taxes, Fees, Levies and charges - MCS";"Tractor-Trailer";"PROG";"EUR/kWh";2050;"0.022";"Sensitivity | Removed policies except for H2 tax reduction";"Electricity"
"OPEX";"Taxes";"IT";"Taxes, Fees, Levies and charges - MCS";"Rigid";"PROG";"EUR/kWh";2050;"0.034";"Sensitivity | Removed policies except for H2 tax reduction";"Electricity"
"OPEX";"Taxes";"IT";"Taxes, Fees, Levies and charges - MCS";"Tractor-Trailer";"PROG";"EUR/kWh";2050;"0.034";"Sensitivity | Removed policies except for H2 tax reduction";"Electricity"
"OPEX";"Taxes";"NL";"Taxes, Fees, Levies and charges - MCS";"Rigid";"PROG";"EUR/kWh";2050;"0.023";"Sensitivity | Removed policies except for H2 tax reduction";"Electricity"
"OPEX";"Taxes";"NL";"Taxes, Fees, Levies and charges - MCS";"Tractor-Trailer";"PROG";"EUR/kWh";2050;"0.023";"Sensitivity | Removed policies except for H2 tax reduction";"Electricity"
"OPEX";"Taxes";"PL";"Taxes, Fees, Levies and charges - MCS";"Rigid";"PROG";"EUR/kWh";2050;"0.045";"Sensitivity | Removed policies except for H2 tax reduction";"Electricity"
"OPEX";"Taxes";"PL";"Taxes, Fees, Levies and charges - MCS";"Tractor-Trailer";"PROG";"EUR/kWh";2050;"0.045";"Sensitivity | Removed policies except for H2 tax reduction";"Electricity"
"OPEX";"Taxes";"UK";"Taxes, Fees, Levies and charges - MCS";"Rigid";"PROG";"EUR/kWh";2050;"0.074";"Sensitivity | Removed policies except for H2 tax reduction";"Electricity"
"OPEX";"Taxes";"UK";"Taxes, Fees, Levies and charges - MCS";"Tractor-Trailer";"PROG";"EUR/kWh";2050;"0.074";"Sensitivity | Removed policies except for H2 tax reduction";"Electricity"
"OPEX";"Taxes";"DE";"Network Costs - Depot";"Rigid";"PROG";"EUR/kWh";2050;"0.034";"Sensitivity | Removed policies except for H2 tax reduction";"Electricity"
"OPEX";"Taxes";"DE";"Network Costs - Depot";"Tractor-Trailer";"PROG";"EUR/kWh";2050;"0.034";"Sensitivity | Removed policies except for H2 tax reduction";"Electricity"
"OPEX";"Taxes";"ES";"Network Costs - Depot";"Rigid";"PROG";"EUR/kWh";2050;"0.018";"Sensitivity | Removed policies except for H2 tax reduction";"Electricity"
"OPEX";"Taxes";"ES";"Network Costs - Depot";"Tractor-Trailer";"PROG";"EUR/kWh";2050;"0.018";"Sensitivity | Removed policies except for H2 tax reduction";"Electricity"
"OPEX";"Taxes";"FR";"Network Costs - Depot";"Rigid";"PROG";"EUR/kWh";2050;"0.018";"Sensitivity | Removed policies except for H2 tax reduction";"Electricity"
"OPEX";"Taxes";"FR";"Network Costs - Depot";"Tractor-Trailer";"PROG";"EUR/kWh";2050;"0.018";"Sensitivity | Removed policies except for H2 tax reduction";"Electricity"
"OPEX";"Taxes";"IT";"Network Costs - Depot";"Rigid";"PROG";"EUR/kWh";2050;"0.016";"Sensitivity | Removed policies except for H2 tax reduction";"Electricity"
"OPEX";"Taxes";"IT";"Network Costs - Depot";"Tractor-Trailer";"PROG";"EUR/kWh";2050;"0.016";"Sensitivity | Removed policies except for H2 tax reduction";"Electricity"
"OPEX";"Taxes";"NL";"Network Costs - Depot";"Rigid";"PROG";"EUR/kWh";2050;"0.016";"Sensitivity | Removed policies except for H2 tax reduction";"Electricity"
"OPEX";"Taxes";"NL";"Network Costs - Depot";"Tractor-Trailer";"PROG";"EUR/kWh";2050;"0.016";"Sensitivity | Removed policies except for H2 tax reduction";"Electricity"
"OPEX";"Taxes";"PL";"Network Costs - Depot";"Rigid";"PROG";"EUR/kWh";2050;"0.019";"Sensitivity | Removed policies except for H2 tax reduction";"Electricity"
"OPEX";"Taxes";"PL";"Network Costs - Depot";"Tractor-Trailer";"PROG";"EUR/kWh";2050;"0.019";"Sensitivity | Removed policies except for H2 tax reduction";"Electricity"
"OPEX";"Taxes";"UK";"Network Costs - Depot";"Rigid";"PROG";"EUR/kWh";2050;"0.027";"Sensitivity | Removed policies except for H2 tax reduction";"Electricity"
"OPEX";"Taxes";"UK";"Network Costs - Depot";"Tractor-Trailer";"PROG";"EUR/kWh";2050;"0.027";"Sensitivity | Removed policies except for H2 tax reduction";"Electricity"
"OPEX";"Taxes";"DE";"Taxes, Fees, Levies and charges - Depot";"Rigid";"PROG";"EUR/kWh";2050;"0.056";"Sensitivity | Removed policies except for H2 tax reduction";"Electricity"
"OPEX";"Taxes";"DE";"Taxes, Fees, Levies and charges - Depot";"Tractor-Trailer";"PROG";"EUR/kWh";2050;"0.056";"Sensitivity | Removed policies except for H2 tax reduction";"Electricity"
"OPEX";"Taxes";"ES";"Taxes, Fees, Levies and charges - Depot";"Rigid";"PROG";"EUR/kWh";2050;"0.036";"Sensitivity | Removed policies except for H2 tax reduction";"Electricity"
"OPEX";"Taxes";"ES";"Taxes, Fees, Levies and charges - Depot";"Tractor-Trailer";"PROG";"EUR/kWh";2050;"0.036";"Sensitivity | Removed policies except for H2 tax reduction";"Electricity"
"OPEX";"Taxes";"FR";"Taxes, Fees, Levies and charges - Depot";"Rigid";"PROG";"EUR/kWh";2050;"0.03";"Sensitivity | Removed policies except for H2 tax reduction";"Electricity"
"OPEX";"Taxes";"FR";"Taxes, Fees, Levies and charges - Depot";"Tractor-Trailer";"PROG";"EUR/kWh";2050;"0.03";"Sensitivity | Removed policies except for H2 tax reduction";"Electricity"
"OPEX";"Taxes";"IT";"Taxes, Fees, Levies and charges - Depot";"Rigid";"PROG";"EUR/kWh";2050;"0.063";"Sensitivity | Removed policies except for H2 tax reduction";"Electricity"
"OPEX";"Taxes";"IT";"Taxes, Fees, Levies and charges - Depot";"Tractor-Trailer";"PROG";"EUR/kWh";2050;"0.063";"Sensitivity | Removed policies except for H2 tax reduction";"Electricity"
"OPEX";"Taxes";"NL";"Taxes, Fees, Levies and charges - Depot";"Rigid";"PROG";"EUR/kWh";2050;"0.055";"Sensitivity | Removed policies except for H2 tax reduction";"Electricity"
"OPEX";"Taxes";"NL";"Taxes, Fees, Levies and charges - Depot";"Tractor-Trailer";"PROG";"EUR/kWh";2050;"0.055";"Sensitivity | Removed policies except for H2 tax reduction";"Electricity"
"OPEX";"Taxes";"PL";"Taxes, Fees, Levies and charges - Depot";"Rigid";"PROG";"EUR/kWh";2050;"0.049";"Sensitivity | Removed policies except for H2 tax reduction";"Electricity"
"OPEX";"Taxes";"PL";"Taxes, Fees, Levies and charges - Depot";"Tractor-Trailer";"PROG";"EUR/kWh";2050;"0.049";"Sensitivity | Removed policies except for H2 tax reduction";"Electricity"
"OPEX";"Taxes";"UK";"Taxes, Fees, Levies and charges - Depot";"Rigid";"PROG";"EUR/kWh";2050;"0.077";"Sensitivity | Removed policies except for H2 tax reduction";"Electricity"
"OPEX";"Taxes";"UK";"Taxes, Fees, Levies and charges - Depot";"Tractor-Trailer";"PROG";"EUR/kWh";2050;"0.077";"Sensitivity | Removed policies except for H2 tax reduction";"Electricity"
"OPEX";"H2 Infrastructure";"DE";"HRS costs";"Rigid";"PROG";"EUR/kg H2";2050;"0.6";"Sensitivity | Removed policies except for H2 tax reduction";"Hydrogen"
"OPEX";"H2 Infrastructure";"DE";"HRS costs";"Tractor-Trailer";"PROG";"EUR/kg H2";2050;"0.6";"Sensitivity | Removed policies except for H2 tax reduction";"Hydrogen"
"OPEX";"H2 Infrastructure";"ES";"HRS costs";"Rigid";"PROG";"EUR/kg H2";2050;"0.6";"Sensitivity | Removed policies except for H2 tax reduction";"Hydrogen"
"OPEX";"H2 Infrastructure";"ES";"HRS costs";"Tractor-Trailer";"PROG";"EUR/kg H2";2050;"0.6";"Sensitivity | Removed policies except for H2 tax reduction";"Hydrogen"
"OPEX";"H2 Infrastructure";"FR";"HRS costs";"Rigid";"PROG";"EUR/kg H2";2050;"0.6";"Sensitivity | Removed policies except for H2 tax reduction";"Hydrogen"
"OPEX";"H2 Infrastructure";"FR";"HRS costs";"Tractor-Trailer";"PROG";"EUR/kg H2";2050;"0.6";"Sensitivity | Removed policies except for H2 tax reduction";"Hydrogen"
"OPEX";"H2 Infrastructure";"IT";"HRS costs";"Rigid";"PROG";"EUR/kg H2";2050;"0.6";"Sensitivity | Removed policies except for H2 tax reduction";"Hydrogen"
"OPEX";"H2 Infrastructure";"IT";"HRS costs";"Tractor-Trailer";"PROG";"EUR/kg H2";2050;"0.6";"Sensitivity | Removed policies except for H2 tax reduction";"Hydrogen"
"OPEX";"H2 Infrastructure";"NL";"HRS costs";"Rigid";"PROG";"EUR/kg H2";2050;"0.6";"Sensitivity | Removed policies except for H2 tax reduction";"Hydrogen"
"OPEX";"H2 Infrastructure";"NL";"HRS costs";"Tractor-Trailer";"PROG";"EUR/kg H2";2050;"0.6";"Sensitivity | Removed policies except for H2 tax reduction";"Hydrogen"
"OPEX";"H2 Infrastructure";"PL";"HRS costs";"Rigid";"PROG";"EUR/kg H2";2050;"0.6";"Sensitivity | Removed policies except for H2 tax reduction";"Hydrogen"
"OPEX";"H2 Infrastructure";"PL";"HRS costs";"Tractor-Trailer";"PROG";"EUR/kg H2";2050;"0.6";"Sensitivity | Removed policies except for H2 tax reduction";"Hydrogen"
"OPEX";"H2 Infrastructure";"UK";"HRS costs";"Rigid";"PROG";"EUR/kg H2";2050;"0.6";"Sensitivity | Removed policies except for H2 tax reduction";"Hydrogen"
"OPEX";"H2 Infrastructure";"UK";"HRS costs";"Tractor-Trailer";"PROG";"EUR/kg H2";2050;"0.6";"Sensitivity | Removed policies except for H2 tax reduction";"Hydrogen"
"OPEX";"H2 Infrastructure";"DE";"H2 transport and distribution";"Rigid";"PROG";"EUR/kg H2";2050;"0.667";"Sensitivity | Removed policies except for H2 tax reduction";"Hydrogen"
"OPEX";"H2 Infrastructure";"DE";"H2 transport and distribution";"Tractor-Trailer";"PROG";"EUR/kg H2";2050;"0.667";"Sensitivity | Removed policies except for H2 tax reduction";"Hydrogen"
"OPEX";"H2 Infrastructure";"ES";"H2 transport and distribution";"Rigid";"PROG";"EUR/kg H2";2050;"0.667";"Sensitivity | Removed policies except for H2 tax reduction";"Hydrogen"
"OPEX";"H2 Infrastructure";"ES";"H2 transport and distribution";"Tractor-Trailer";"PROG";"EUR/kg H2";2050;"0.667";"Sensitivity | Removed policies except for H2 tax reduction";"Hydrogen"
"OPEX";"H2 Infrastructure";"FR";"H2 transport and distribution";"Rigid";"PROG";"EUR/kg H2";2050;"0.667";"Sensitivity | Removed policies except for H2 tax reduction";"Hydrogen"
"OPEX";"H2 Infrastructure";"FR";"H2 transport and distribution";"Tractor-Trailer";"PROG";"EUR/kg H2";2050;"0.667";"Sensitivity | Removed policies except for H2 tax reduction";"Hydrogen"
"OPEX";"H2 Infrastructure";"IT";"H2 transport and distribution";"Rigid";"PROG";"EUR/kg H2";2050;"0.667";"Sensitivity | Removed policies except for H2 tax reduction";"Hydrogen"
"OPEX";"H2 Infrastructure";"IT";"H2 transport and distribution";"Tractor-Trailer";"PROG";"EUR/kg H2";2050;"0.667";"Sensitivity | Removed policies except for H2 tax reduction";"Hydrogen"
"OPEX";"H2 Infrastructure";"NL";"H2 transport and distribution";"Rigid";"PROG";"EUR/kg H2";2050;"0.667";"Sensitivity | Removed policies except for H2 tax reduction";"Hydrogen"
"OPEX";"H2 Infrastructure";"NL";"H2 transport and distribution";"Tractor-Trailer";"PROG";"EUR/kg H2";2050;"0.667";"Sensitivity | Removed policies except for H2 tax reduction";"Hydrogen"
"OPEX";"H2 Infrastructure";"PL";"H2 transport and distribution";"Rigid";"PROG";"EUR/kg H2";2050;"0.667";"Sensitivity | Removed policies except for H2 tax reduction";"Hydrogen"
"OPEX";"H2 Infrastructure";"PL";"H2 transport and distribution";"Tractor-Trailer";"PROG";"EUR/kg H2";2050;"0.667";"Sensitivity | Removed policies except for H2 tax reduction";"Hydrogen"
"OPEX";"H2 Infrastructure";"UK";"H2 transport and distribution";"Rigid";"PROG";"EUR/kg H2";2050;"0.667";"Sensitivity | Removed policies except for H2 tax reduction";"Hydrogen"
"OPEX";"H2 Infrastructure";"UK";"H2 transport and distribution";"Tractor-Trailer";"PROG";"EUR/kg H2";2050;"0.667";"Sensitivity | Removed policies except for H2 tax reduction";"Hydrogen"
"OPEX";"H2 Infrastructure";"DE";"HRS Overhead, Profit and Mark-Up";"Rigid";"PROG";"EUR/kg H2";2050;"0.25";"Sensitivity | Removed policies except for H2 tax reduction";"Hydrogen"
"OPEX";"H2 Infrastructure";"DE";"HRS Overhead, Profit and Mark-Up";"Tractor-Trailer";"PROG";"EUR/kg H2";2050;"0.25";"Sensitivity | Removed policies except for H2 tax reduction";"Hydrogen"
"OPEX";"H2 Infrastructure";"ES";"HRS Overhead, Profit and Mark-Up";"Rigid";"PROG";"EUR/kg H2";2050;"0.25";"Sensitivity | Removed policies except for H2 tax reduction";"Hydrogen"
"OPEX";"H2 Infrastructure";"ES";"HRS Overhead, Profit and Mark-Up";"Tractor-Trailer";"PROG";"EUR/kg H2";2050;"0.25";"Sensitivity | Removed policies except for H2 tax reduction";"Hydrogen"
"OPEX";"H2 Infrastructure";"FR";"HRS Overhead, Profit and Mark-Up";"Rigid";"PROG";"EUR/kg H2";2050;"0.25";"Sensitivity | Removed policies except for H2 tax reduction";"Hydrogen"
"OPEX";"H2 Infrastructure";"FR";"HRS Overhead, Profit and Mark-Up";"Tractor-Trailer";"PROG";"EUR/kg H2";2050;"0.25";"Sensitivity | Removed policies except for H2 tax reduction";"Hydrogen"
"OPEX";"H2 Infrastructure";"IT";"HRS Overhead, Profit and Mark-Up";"Rigid";"PROG";"EUR/kg H2";2050;"0.25";"Sensitivity | Removed policies except for H2 tax reduction";"Hydrogen"
"OPEX";"H2 Infrastructure";"IT";"HRS Overhead, Profit and Mark-Up";"Tractor-Trailer";"PROG";"EUR/kg H2";2050;"0.25";"Sensitivity | Removed policies except for H2 tax reduction";"Hydrogen"
"OPEX";"H2 Infrastructure";"NL";"HRS Overhead, Profit and Mark-Up";"Rigid";"PROG";"EUR/kg H2";2050;"0.25";"Sensitivity | Removed policies except for H2 tax reduction";"Hydrogen"
"OPEX";"H2 Infrastructure";"NL";"HRS Overhead, Profit and Mark-Up";"Tractor-Trailer";"PROG";"EUR/kg H2";2050;"0.25";"Sensitivity | Removed policies except for H2 tax reduction";"Hydrogen"
"OPEX";"H2 Infrastructure";"PL";"HRS Overhead, Profit and Mark-Up";"Rigid";"PROG";"EUR/kg H2";2050;"0.25";"Sensitivity | Removed policies except for H2 tax reduction";"Hydrogen"
"OPEX";"H2 Infrastructure";"PL";"HRS Overhead, Profit and Mark-Up";"Tractor-Trailer";"PROG";"EUR/kg H2";2050;"0.25";"Sensitivity | Removed policies except for H2 tax reduction";"Hydrogen"
"OPEX";"H2 Infrastructure";"UK";"HRS Overhead, Profit and Mark-Up";"Rigid";"PROG";"EUR/kg H2";2050;"0.25";"Sensitivity | Removed policies except for H2 tax reduction";"Hydrogen"
"OPEX";"H2 Infrastructure";"UK";"HRS Overhead, Profit and Mark-Up";"Tractor-Trailer";"PROG";"EUR/kg H2";2050;"0.25";"Sensitivity | Removed policies except for H2 tax reduction";"Hydrogen"
"OPEX";"Charging Infrastructure";"DE";"MCS Station (Public Charging) - Incl. Overhead";"Rigid";"PROG";"EUR/kWh";2050;"0.013";"Sensitivity | Removed policies except for H2 tax reduction";"Electricity"
"OPEX";"Charging Infrastructure";"DE";"MCS Station (Public Charging) - Incl. Overhead";"Tractor-Trailer";"PROG";"EUR/kWh";2050;"0.013";"Sensitivity | Removed policies except for H2 tax reduction";"Electricity"
"OPEX";"Charging Infrastructure";"ES";"MCS Station (Public Charging) - Incl. Overhead";"Rigid";"PROG";"EUR/kWh";2050;"0.013";"Sensitivity | Removed policies except for H2 tax reduction";"Electricity"
"OPEX";"Charging Infrastructure";"ES";"MCS Station (Public Charging) - Incl. Overhead";"Tractor-Trailer";"PROG";"EUR/kWh";2050;"0.013";"Sensitivity | Removed policies except for H2 tax reduction";"Electricity"
"OPEX";"Charging Infrastructure";"FR";"MCS Station (Public Charging) - Incl. Overhead";"Rigid";"PROG";"EUR/kWh";2050;"0.013";"Sensitivity | Removed policies except for H2 tax reduction";"Electricity"
"OPEX";"Charging Infrastructure";"FR";"MCS Station (Public Charging) - Incl. Overhead";"Tractor-Trailer";"PROG";"EUR/kWh";2050;"0.013";"Sensitivity | Removed policies except for H2 tax reduction";"Electricity"
"OPEX";"Charging Infrastructure";"IT";"MCS Station (Public Charging) - Incl. Overhead";"Rigid";"PROG";"EUR/kWh";2050;"0.013";"Sensitivity | Removed policies except for H2 tax reduction";"Electricity"
"OPEX";"Charging Infrastructure";"IT";"MCS Station (Public Charging) - Incl. Overhead";"Tractor-Trailer";"PROG";"EUR/kWh";2050;"0.013";"Sensitivity | Removed policies except for H2 tax reduction";"Electricity"
"OPEX";"Charging Infrastructure";"NL";"MCS Station (Public Charging) - Incl. Overhead";"Rigid";"PROG";"EUR/kWh";2050;"0.013";"Sensitivity | Removed policies except for H2 tax reduction";"Electricity"
"OPEX";"Charging Infrastructure";"NL";"MCS Station (Public Charging) - Incl. Overhead";"Tractor-Trailer";"PROG";"EUR/kWh";2050;"0.013";"Sensitivity | Removed policies except for H2 tax reduction";"Electricity"
"OPEX";"Charging Infrastructure";"PL";"MCS Station (Public Charging) - Incl. Overhead";"Rigid";"PROG";"EUR/kWh";2050;"0.013";"Sensitivity | Removed policies except for H2 tax reduction";"Electricity"
"OPEX";"Charging Infrastructure";"PL";"MCS Station (Public Charging) - Incl. Overhead";"Tractor-Trailer";"PROG";"EUR/kWh";2050;"0.013";"Sensitivity | Removed policies except for H2 tax reduction";"Electricity"
"OPEX";"Charging Infrastructure";"UK";"MCS Station (Public Charging) - Incl. Overhead";"Rigid";"PROG";"EUR/kWh";2050;"0.013";"Sensitivity | Removed policies except for H2 tax reduction";"Electricity"
"OPEX";"Charging Infrastructure";"UK";"MCS Station (Public Charging) - Incl. Overhead";"Tractor-Trailer";"PROG";"EUR/kWh";2050;"0.013";"Sensitivity | Removed policies except for H2 tax reduction";"Electricity"
"OPEX";"Charging Infrastructure";"DE";"Share MCS-Charging";"Rigid";"PROG";"%";2050;"0.2";"Sensitivity | Removed policies except for H2 tax reduction";"Electricity"
"OPEX";"Charging Infrastructure";"DE";"Share MCS-Charging";"Tractor-Trailer";"PROG";"%";2050;"0.2";"Sensitivity | Removed policies except for H2 tax reduction";"Electricity"
"OPEX";"Charging Infrastructure";"ES";"Share MCS-Charging";"Rigid";"PROG";"%";2050;"0.2";"Sensitivity | Removed policies except for H2 tax reduction";"Electricity"
"OPEX";"Charging Infrastructure";"ES";"Share MCS-Charging";"Tractor-Trailer";"PROG";"%";2050;"0.2";"Sensitivity | Removed policies except for H2 tax reduction";"Electricity"
"OPEX";"Charging Infrastructure";"FR";"Share MCS-Charging";"Rigid";"PROG";"%";2050;"0.2";"Sensitivity | Removed policies except for H2 tax reduction";"Electricity"
"OPEX";"Charging Infrastructure";"FR";"Share MCS-Charging";"Tractor-Trailer";"PROG";"%";2050;"0.2";"Sensitivity | Removed policies except for H2 tax reduction";"Electricity"
"OPEX";"Charging Infrastructure";"IT";"Share MCS-Charging";"Rigid";"PROG";"%";2050;"0.2";"Sensitivity | Removed policies except for H2 tax reduction";"Electricity"
"OPEX";"Charging Infrastructure";"IT";"Share MCS-Charging";"Tractor-Trailer";"PROG";"%";2050;"0.2";"Sensitivity | Removed policies except for H2 tax reduction";"Electricity"
"OPEX";"Charging Infrastructure";"NL";"Share MCS-Charging";"Rigid";"PROG";"%";2050;"0.2";"Sensitivity | Removed policies except for H2 tax reduction";"Electricity"
"OPEX";"Charging Infrastructure";"NL";"Share MCS-Charging";"Tractor-Trailer";"PROG";"%";2050;"0.2";"Sensitivity | Removed policies except for H2 tax reduction";"Electricity"
"OPEX";"Charging Infrastructure";"PL";"Share MCS-Charging";"Rigid";"PROG";"%";2050;"0.2";"Sensitivity | Removed policies except for H2 tax reduction";"Electricity"
"OPEX";"Charging Infrastructure";"PL";"Share MCS-Charging";"Tractor-Trailer";"PROG";"%";2050;"0.2";"Sensitivity | Removed policies except for H2 tax reduction";"Electricity"
"OPEX";"Charging Infrastructure";"UK";"Share MCS-Charging";"Rigid";"PROG";"%";2050;"0.2";"Sensitivity | Removed policies except for H2 tax reduction";"Electricity"
"OPEX";"Charging Infrastructure";"UK";"Share MCS-Charging";"Tractor-Trailer";"PROG";"%";2050;"0.2";"Sensitivity | Removed policies except for H2 tax reduction";"Electricity"
"OPEX";"Charging Infrastructure";"DE";"Depot - Network fees savings potential";"Rigid";"PROG";"EUR/kWh";2050;"-0.01";"Sensitivity | Removed policies except for H2 tax reduction";"Electricity"
"OPEX";"Charging Infrastructure";"DE";"Depot - Network fees savings potential";"Tractor-Trailer";"PROG";"EUR/kWh";2050;"-0.01";"Sensitivity | Removed policies except for H2 tax reduction";"Electricity"
"OPEX";"Charging Infrastructure";"ES";"Depot - Network fees savings potential";"Rigid";"PROG";"EUR/kWh";2050;"-0.01";"Sensitivity | Removed policies except for H2 tax reduction";"Electricity"
"OPEX";"Charging Infrastructure";"ES";"Depot - Network fees savings potential";"Tractor-Trailer";"PROG";"EUR/kWh";2050;"-0.01";"Sensitivity | Removed policies except for H2 tax reduction";"Electricity"
"OPEX";"Charging Infrastructure";"FR";"Depot - Network fees savings potential";"Rigid";"PROG";"EUR/kWh";2050;"-0.01";"Sensitivity | Removed policies except for H2 tax reduction";"Electricity"
"OPEX";"Charging Infrastructure";"FR";"Depot - Network fees savings potential";"Tractor-Trailer";"PROG";"EUR/kWh";2050;"-0.01";"Sensitivity | Removed policies except for H2 tax reduction";"Electricity"
"OPEX";"Charging Infrastructure";"IT";"Depot - Network fees savings potential";"Rigid";"PROG";"EUR/kWh";2050;"-0.01";"Sensitivity | Removed policies except for H2 tax reduction";"Electricity"
"OPEX";"Charging Infrastructure";"IT";"Depot - Network fees savings potential";"Tractor-Trailer";"PROG";"EUR/kWh";2050;"-0.01";"Sensitivity | Removed policies except for H2 tax reduction";"Electricity"
"OPEX";"Charging Infrastructure";"NL";"Depot - Network fees savings potential";"Rigid";"PROG";"EUR/kWh";2050;"-0.01";"Sensitivity | Removed policies except for H2 tax reduction";"Electricity"
"OPEX";"Charging Infrastructure";"NL";"Depot - Network fees savings potential";"Tractor-Trailer";"PROG";"EUR/kWh";2050;"-0.01";"Sensitivity | Removed policies except for H2 tax reduction";"Electricity"
"OPEX";"Charging Infrastructure";"PL";"Depot - Network fees savings potential";"Rigid";"PROG";"EUR/kWh";2050;"-0.01";"Sensitivity | Removed policies except for H2 tax reduction";"Electricity"
"OPEX";"Charging Infrastructure";"PL";"Depot - Network fees savings potential";"Tractor-Trailer";"PROG";"EUR/kWh";2050;"-0.01";"Sensitivity | Removed policies except for H2 tax reduction";"Electricity"
"OPEX";"Charging Infrastructure";"UK";"Depot - Network fees savings potential";"Rigid";"PROG";"EUR/kWh";2050;"-0.01";"Sensitivity | Removed policies except for H2 tax reduction";"Electricity"
"OPEX";"Charging Infrastructure";"UK";"Depot - Network fees savings potential";"Tractor-Trailer";"PROG";"EUR/kWh";2050;"-0.01";"Sensitivity | Removed policies except for H2 tax reduction";"Electricity"
"OPEX";"Taxes";"DE";"Tax reduction";"Rigid";"PROG";"%";2050;"0";"Sensitivity | Removed policies except for H2 tax reduction";"Hydrogen"
"OPEX";"Taxes";"DE";"Tax reduction";"Tractor-Trailer";"PROG";"%";2050;"0";"Sensitivity | Removed policies except for H2 tax reduction";"Hydrogen"
"OPEX";"Taxes";"ES";"Tax reduction";"Rigid";"PROG";"%";2050;"0";"Sensitivity | Removed policies except for H2 tax reduction";"Hydrogen"
"OPEX";"Taxes";"ES";"Tax reduction";"Tractor-Trailer";"PROG";"%";2050;"0";"Sensitivity | Removed policies except for H2 tax reduction";"Hydrogen"
"OPEX";"Taxes";"FR";"Tax reduction";"Rigid";"PROG";"%";2050;"0";"Sensitivity | Removed policies except for H2 tax reduction";"Hydrogen"
"OPEX";"Taxes";"FR";"Tax reduction";"Tractor-Trailer";"PROG";"%";2050;"0";"Sensitivity | Removed policies except for H2 tax reduction";"Hydrogen"
"OPEX";"Taxes";"IT";"Tax reduction";"Rigid";"PROG";"%";2050;"0";"Sensitivity | Removed policies except for H2 tax reduction";"Hydrogen"
"OPEX";"Taxes";"IT";"Tax reduction";"Tractor-Trailer";"PROG";"%";2050;"0";"Sensitivity | Removed policies except for H2 tax reduction";"Hydrogen"
"OPEX";"Taxes";"NL";"Tax reduction";"Rigid";"PROG";"%";2050;"0";"Sensitivity | Removed policies except for H2 tax reduction";"Hydrogen"
"OPEX";"Taxes";"NL";"Tax reduction";"Tractor-Trailer";"PROG";"%";2050;"0";"Sensitivity | Removed policies except for H2 tax reduction";"Hydrogen"
"OPEX";"Taxes";"PL";"Tax reduction";"Rigid";"PROG";"%";2050;"0";"Sensitivity | Removed policies except for H2 tax reduction";"Hydrogen"
"OPEX";"Taxes";"PL";"Tax reduction";"Tractor-Trailer";"PROG";"%";2050;"0";"Sensitivity | Removed policies except for H2 tax reduction";"Hydrogen"
"OPEX";"Taxes";"UK";"Tax reduction";"Rigid";"PROG";"%";2050;"0";"Sensitivity | Removed policies except for H2 tax reduction";"Hydrogen"
"OPEX";"Taxes";"UK";"Tax reduction";"Tractor-Trailer";"PROG";"%";2050;"0";"Sensitivity | Removed policies except for H2 tax reduction";"Hydrogen"
"OPEX";"Taxes";"DE";"Excise Duty - Diesel";"Rigid";"BAU";"EUR/kWh";2050;"0.047";"Sensitivity | Removed policies except for H2 tax reduction";"Diesel"
"OPEX";"Taxes";"DE";"Excise Duty - Diesel";"Tractor-Trailer";"BAU";"EUR/kWh";2050;"0.047";"Sensitivity | Removed policies except for H2 tax reduction";"Diesel"
"OPEX";"Taxes";"DE";"Excise Duty - Diesel";"Rigid";"PROG";"EUR/kWh";2050;"0.047";"Sensitivity | Removed policies except for H2 tax reduction";"Diesel"
"OPEX";"Taxes";"DE";"Excise Duty - Diesel";"Tractor-Trailer";"PROG";"EUR/kWh";2050;"0.047";"Sensitivity | Removed policies except for H2 tax reduction";"Diesel"
"OPEX";"Taxes";"ES";"Excise Duty - Diesel";"Rigid";"BAU";"EUR/kWh";2050;"0.038";"Sensitivity | Removed policies except for H2 tax reduction";"Diesel"
"OPEX";"Taxes";"ES";"Excise Duty - Diesel";"Tractor-Trailer";"BAU";"EUR/kWh";2050;"0.038";"Sensitivity | Removed policies except for H2 tax reduction";"Diesel"
"OPEX";"Taxes";"ES";"Excise Duty - Diesel";"Rigid";"PROG";"EUR/kWh";2050;"0.038";"Sensitivity | Removed policies except for H2 tax reduction";"Diesel"
"OPEX";"Taxes";"ES";"Excise Duty - Diesel";"Tractor-Trailer";"PROG";"EUR/kWh";2050;"0.038";"Sensitivity | Removed policies except for H2 tax reduction";"Diesel"
"OPEX";"Taxes";"FR";"Excise Duty - Diesel";"Rigid";"BAU";"EUR/kWh";2050;"0.06";"Sensitivity | Removed policies except for H2 tax reduction";"Diesel"
"OPEX";"Taxes";"FR";"Excise Duty - Diesel";"Tractor-Trailer";"BAU";"EUR/kWh";2050;"0.06";"Sensitivity | Removed policies except for H2 tax reduction";"Diesel"
"OPEX";"Taxes";"FR";"Excise Duty - Diesel";"Rigid";"PROG";"EUR/kWh";2050;"0.06";"Sensitivity | Removed policies except for H2 tax reduction";"Diesel"
"OPEX";"Taxes";"FR";"Excise Duty - Diesel";"Tractor-Trailer";"PROG";"EUR/kWh";2050;"0.06";"Sensitivity | Removed policies except for H2 tax reduction";"Diesel"
"OPEX";"Taxes";"IT";"Excise Duty - Diesel";"Rigid";"BAU";"EUR/kWh";2050;"0.062";"Sensitivity | Removed policies except for H2 tax reduction";"Diesel"
"OPEX";"Taxes";"IT";"Excise Duty - Diesel";"Tractor-Trailer";"BAU";"EUR/kWh";2050;"0.062";"Sensitivity | Removed policies except for H2 tax reduction";"Diesel"
"OPEX";"Taxes";"IT";"Excise Duty - Diesel";"Rigid";"PROG";"EUR/kWh";2050;"0.062";"Sensitivity | Removed policies except for H2 tax reduction";"Diesel"
"OPEX";"Taxes";"IT";"Excise Duty - Diesel";"Tractor-Trailer";"PROG";"EUR/kWh";2050;"0.062";"Sensitivity | Removed policies except for H2 tax reduction";"Diesel"
"OPEX";"Taxes";"NL";"Excise Duty - Diesel";"Rigid";"BAU";"EUR/kWh";2050;"0.053";"Sensitivity | Removed policies except for H2 tax reduction";"Diesel"
"OPEX";"Taxes";"NL";"Excise Duty - Diesel";"Tractor-Trailer";"BAU";"EUR/kWh";2050;"0.053";"Sensitivity | Removed policies except for H2 tax reduction";"Diesel"
"OPEX";"Taxes";"NL";"Excise Duty - Diesel";"Rigid";"PROG";"EUR/kWh";2050;"0.053";"Sensitivity | Removed policies except for H2 tax reduction";"Diesel"
"OPEX";"Taxes";"NL";"Excise Duty - Diesel";"Tractor-Trailer";"PROG";"EUR/kWh";2050;"0.053";"Sensitivity | Removed policies except for H2 tax reduction";"Diesel"
"OPEX";"Taxes";"PL";"Excise Duty - Diesel";"Rigid";"BAU";"EUR/kWh";2050;"0.033";"Sensitivity | Removed policies except for H2 tax reduction";"Diesel"
"OPEX";"Taxes";"PL";"Excise Duty - Diesel";"Tractor-Trailer";"BAU";"EUR/kWh";2050;"0.033";"Sensitivity | Removed policies except for H2 tax reduction";"Diesel"
"OPEX";"Taxes";"PL";"Excise Duty - Diesel";"Rigid";"PROG";"EUR/kWh";2050;"0.033";"Sensitivity | Removed policies except for H2 tax reduction";"Diesel"
"OPEX";"Taxes";"PL";"Excise Duty - Diesel";"Tractor-Trailer";"PROG";"EUR/kWh";2050;"0.033";"Sensitivity | Removed policies except for H2 tax reduction";"Diesel"
"OPEX";"Taxes";"UK";"Excise Duty - Diesel";"Rigid";"BAU";"EUR/kWh";2050;"0.053";"Sensitivity | Removed policies except for H2 tax reduction";"Diesel"
"OPEX";"Taxes";"UK";"Excise Duty - Diesel";"Tractor-Trailer";"BAU";"EUR/kWh";2050;"0.053";"Sensitivity | Removed policies except for H2 tax reduction";"Diesel"
"OPEX";"Taxes";"UK";"Excise Duty - Diesel";"Rigid";"PROG";"EUR/kWh";2050;"0.053";"Sensitivity | Removed policies except for H2 tax reduction";"Diesel"
"OPEX";"Taxes";"UK";"Excise Duty - Diesel";"Tractor-Trailer";"PROG";"EUR/kWh";2050;"0.053";"Sensitivity | Removed policies except for H2 tax reduction";"Diesel"
"OPEX";"Taxes";"DE";"Excise Duty - Reduction biodiesel";"Rigid";"BAU";"%";2050;"0.5";"Sensitivity | Removed policies except for H2 tax reduction";"Diesel"
"OPEX";"Taxes";"DE";"Excise Duty - Reduction biodiesel";"Tractor-Trailer";"BAU";"%";2050;"0.5";"Sensitivity | Removed policies except for H2 tax reduction";"Diesel"
"OPEX";"Taxes";"DE";"Excise Duty - Reduction biodiesel";"Rigid";"PROG";"%";2050;"0.5";"Sensitivity | Removed policies except for H2 tax reduction";"Diesel"
"OPEX";"Taxes";"DE";"Excise Duty - Reduction biodiesel";"Tractor-Trailer";"PROG";"%";2050;"0.5";"Sensitivity | Removed policies except for H2 tax reduction";"Diesel"
"OPEX";"Taxes";"ES";"Excise Duty - Reduction biodiesel";"Rigid";"BAU";"%";2050;"0.5";"Sensitivity | Removed policies except for H2 tax reduction";"Diesel"
"OPEX";"Taxes";"ES";"Excise Duty - Reduction biodiesel";"Tractor-Trailer";"BAU";"%";2050;"0.5";"Sensitivity | Removed policies except for H2 tax reduction";"Diesel"
"OPEX";"Taxes";"ES";"Excise Duty - Reduction biodiesel";"Rigid";"PROG";"%";2050;"0.5";"Sensitivity | Removed policies except for H2 tax reduction";"Diesel"
"OPEX";"Taxes";"ES";"Excise Duty - Reduction biodiesel";"Tractor-Trailer";"PROG";"%";2050;"0.5";"Sensitivity | Removed policies except for H2 tax reduction";"Diesel"
"OPEX";"Taxes";"FR";"Excise Duty - Reduction biodiesel";"Rigid";"BAU";"%";2050;"0.5";"Sensitivity | Removed policies except for H2 tax reduction";"Diesel"
"OPEX";"Taxes";"FR";"Excise Duty - Reduction biodiesel";"Tractor-Trailer";"BAU";"%";2050;"0.5";"Sensitivity | Removed policies except for H2 tax reduction";"Diesel"
"OPEX";"Taxes";"FR";"Excise Duty - Reduction biodiesel";"Rigid";"PROG";"%";2050;"0.5";"Sensitivity | Removed policies except for H2 tax reduction";"Diesel"
"OPEX";"Taxes";"FR";"Excise Duty - Reduction biodiesel";"Tractor-Trailer";"PROG";"%";2050;"0.5";"Sensitivity | Removed policies except for H2 tax reduction";"Diesel"
"OPEX";"Taxes";"IT";"Excise Duty - Reduction biodiesel";"Rigid";"BAU";"%";2050;"0.5";"Sensitivity | Removed policies except for H2 tax reduction";"Diesel"
"OPEX";"Taxes";"IT";"Excise Duty - Reduction biodiesel";"Tractor-Trailer";"BAU";"%";2050;"0.5";"Sensitivity | Removed policies except for H2 tax reduction";"Diesel"
"OPEX";"Taxes";"IT";"Excise Duty - Reduction biodiesel";"Rigid";"PROG";"%";2050;"0.5";"Sensitivity | Removed policies except for H2 tax reduction";"Diesel"
"OPEX";"Taxes";"IT";"Excise Duty - Reduction biodiesel";"Tractor-Trailer";"PROG";"%";2050;"0.5";"Sensitivity | Removed policies except for H2 tax reduction";"Diesel"
"OPEX";"Taxes";"NL";"Excise Duty - Reduction biodiesel";"Rigid";"BAU";"%";2050;"0.5";"Sensitivity | Removed policies except for H2 tax reduction";"Diesel"
"OPEX";"Taxes";"NL";"Excise Duty - Reduction biodiesel";"Tractor-Trailer";"BAU";"%";2050;"0.5";"Sensitivity | Removed policies except for H2 tax reduction";"Diesel"
"OPEX";"Taxes";"NL";"Excise Duty - Reduction biodiesel";"Rigid";"PROG";"%";2050;"0.5";"Sensitivity | Removed policies except for H2 tax reduction";"Diesel"
"OPEX";"Taxes";"NL";"Excise Duty - Reduction biodiesel";"Tractor-Trailer";"PROG";"%";2050;"0.5";"Sensitivity | Removed policies except for H2 tax reduction";"Diesel"
"OPEX";"Taxes";"PL";"Excise Duty - Reduction biodiesel";"Rigid";"BAU";"%";2050;"0.5";"Sensitivity | Removed policies except for H2 tax reduction";"Diesel"
"OPEX";"Taxes";"PL";"Excise Duty - Reduction biodiesel";"Tractor-Trailer";"BAU";"%";2050;"0.5";"Sensitivity | Removed policies except for H2 tax reduction";"Diesel"
"OPEX";"Taxes";"PL";"Excise Duty - Reduction biodiesel";"Rigid";"PROG";"%";2050;"0.5";"Sensitivity | Removed policies except for H2 tax reduction";"Diesel"
"OPEX";"Taxes";"PL";"Excise Duty - Reduction biodiesel";"Tractor-Trailer";"PROG";"%";2050;"0.5";"Sensitivity | Removed policies except for H2 tax reduction";"Diesel"
"OPEX";"Taxes";"UK";"Excise Duty - Reduction biodiesel";"Rigid";"BAU";"%";2050;"0.5";"Sensitivity | Removed policies except for H2 tax reduction";"Diesel"
"OPEX";"Taxes";"UK";"Excise Duty - Reduction biodiesel";"Tractor-Trailer";"BAU";"%";2050;"0.5";"Sensitivity | Removed policies except for H2 tax reduction";"Diesel"
"OPEX";"Taxes";"UK";"Excise Duty - Reduction biodiesel";"Rigid";"PROG";"%";2050;"0.5";"Sensitivity | Removed policies except for H2 tax reduction";"Diesel"
"OPEX";"Taxes";"UK";"Excise Duty - Reduction biodiesel";"Tractor-Trailer";"PROG";"%";2050;"0.5";"Sensitivity | Removed policies except for H2 tax reduction";"Diesel"
"OPEX";"Taxes";"DE";"Excise Duty - Reduction Synthetic Diesel (E-Fuels)";"Rigid";"BAU";"%";2050;"0.5";"Sensitivity | Removed policies except for H2 tax reduction";"Diesel"
"OPEX";"Taxes";"DE";"Excise Duty - Reduction Synthetic Diesel (E-Fuels)";"Tractor-Trailer";"BAU";"%";2050;"0.5";"Sensitivity | Removed policies except for H2 tax reduction";"Diesel"
"OPEX";"Taxes";"DE";"Excise Duty - Reduction Synthetic Diesel (E-Fuels)";"Rigid";"PROG";"%";2050;"0.5";"Sensitivity | Removed policies except for H2 tax reduction";"Diesel"
"OPEX";"Taxes";"DE";"Excise Duty - Reduction Synthetic Diesel (E-Fuels)";"Tractor-Trailer";"PROG";"%";2050;"0.5";"Sensitivity | Removed policies except for H2 tax reduction";"Diesel"
"OPEX";"Taxes";"ES";"Excise Duty - Reduction Synthetic Diesel (E-Fuels)";"Rigid";"BAU";"%";2050;"0.5";"Sensitivity | Removed policies except for H2 tax reduction";"Diesel"
"OPEX";"Taxes";"ES";"Excise Duty - Reduction Synthetic Diesel (E-Fuels)";"Tractor-Trailer";"BAU";"%";2050;"0.5";"Sensitivity | Removed policies except for H2 tax reduction";"Diesel"
"OPEX";"Taxes";"ES";"Excise Duty - Reduction Synthetic Diesel (E-Fuels)";"Rigid";"PROG";"%";2050;"0.5";"Sensitivity | Removed policies except for H2 tax reduction";"Diesel"
"OPEX";"Taxes";"ES";"Excise Duty - Reduction Synthetic Diesel (E-Fuels)";"Tractor-Trailer";"PROG";"%";2050;"0.5";"Sensitivity | Removed policies except for H2 tax reduction";"Diesel"
"OPEX";"Taxes";"FR";"Excise Duty - Reduction Synthetic Diesel (E-Fuels)";"Rigid";"BAU";"%";2050;"0.5";"Sensitivity | Removed policies except for H2 tax reduction";"Diesel"
"OPEX";"Taxes";"FR";"Excise Duty - Reduction Synthetic Diesel (E-Fuels)";"Tractor-Trailer";"BAU";"%";2050;"0.5";"Sensitivity | Removed policies except for H2 tax reduction";"Diesel"
"OPEX";"Taxes";"FR";"Excise Duty - Reduction Synthetic Diesel (E-Fuels)";"Rigid";"PROG";"%";2050;"0.5";"Sensitivity | Removed policies except for H2 tax reduction";"Diesel"
"OPEX";"Taxes";"FR";"Excise Duty - Reduction Synthetic Diesel (E-Fuels)";"Tractor-Trailer";"PROG";"%";2050;"0.5";"Sensitivity | Removed policies except for H2 tax reduction";"Diesel"
"OPEX";"Taxes";"IT";"Excise Duty - Reduction Synthetic Diesel (E-Fuels)";"Rigid";"BAU";"%";2050;"0.5";"Sensitivity | Removed policies except for H2 tax reduction";"Diesel"
"OPEX";"Taxes";"IT";"Excise Duty - Reduction Synthetic Diesel (E-Fuels)";"Tractor-Trailer";"BAU";"%";2050;"0.5";"Sensitivity | Removed policies except for H2 tax reduction";"Diesel"
"OPEX";"Taxes";"IT";"Excise Duty - Reduction Synthetic Diesel (E-Fuels)";"Rigid";"PROG";"%";2050;"0.5";"Sensitivity | Removed policies except for H2 tax reduction";"Diesel"
"OPEX";"Taxes";"IT";"Excise Duty - Reduction Synthetic Diesel (E-Fuels)";"Tractor-Trailer";"PROG";"%";2050;"0.5";"Sensitivity | Removed policies except for H2 tax reduction";"Diesel"
"OPEX";"Taxes";"NL";"Excise Duty - Reduction Synthetic Diesel (E-Fuels)";"Rigid";"BAU";"%";2050;"0.5";"Sensitivity | Removed policies except for H2 tax reduction";"Diesel"
"OPEX";"Taxes";"NL";"Excise Duty - Reduction Synthetic Diesel (E-Fuels)";"Tractor-Trailer";"BAU";"%";2050;"0.5";"Sensitivity | Removed policies except for H2 tax reduction";"Diesel"
"OPEX";"Taxes";"NL";"Excise Duty - Reduction Synthetic Diesel (E-Fuels)";"Rigid";"PROG";"%";2050;"0.5";"Sensitivity | Removed policies except for H2 tax reduction";"Diesel"
"OPEX";"Taxes";"NL";"Excise Duty - Reduction Synthetic Diesel (E-Fuels)";"Tractor-Trailer";"PROG";"%";2050;"0.5";"Sensitivity | Removed policies except for H2 tax reduction";"Diesel"
"OPEX";"Taxes";"PL";"Excise Duty - Reduction Synthetic Diesel (E-Fuels)";"Rigid";"BAU";"%";2050;"0.5";"Sensitivity | Removed policies except for H2 tax reduction";"Diesel"
"OPEX";"Taxes";"PL";"Excise Duty - Reduction Synthetic Diesel (E-Fuels)";"Tractor-Trailer";"BAU";"%";2050;"0.5";"Sensitivity | Removed policies except for H2 tax reduction";"Diesel"
"OPEX";"Taxes";"PL";"Excise Duty - Reduction Synthetic Diesel (E-Fuels)";"Rigid";"PROG";"%";2050;"0.5";"Sensitivity | Removed policies except for H2 tax reduction";"Diesel"
"OPEX";"Taxes";"PL";"Excise Duty - Reduction Synthetic Diesel (E-Fuels)";"Tractor-Trailer";"PROG";"%";2050;"0.5";"Sensitivity | Removed policies except for H2 tax reduction";"Diesel"
"OPEX";"Taxes";"UK";"Excise Duty - Reduction Synthetic Diesel (E-Fuels)";"Rigid";"BAU";"%";2050;"0.5";"Sensitivity | Removed policies except for H2 tax reduction";"Diesel"
"OPEX";"Taxes";"UK";"Excise Duty - Reduction Synthetic Diesel (E-Fuels)";"Tractor-Trailer";"BAU";"%";2050;"0.5";"Sensitivity | Removed policies except for H2 tax reduction";"Diesel"
"OPEX";"Taxes";"UK";"Excise Duty - Reduction Synthetic Diesel (E-Fuels)";"Rigid";"PROG";"%";2050;"0.5";"Sensitivity | Removed policies except for H2 tax reduction";"Diesel"
"OPEX";"Taxes";"UK";"Excise Duty - Reduction Synthetic Diesel (E-Fuels)";"Tractor-Trailer";"PROG";"%";2050;"0.5";"Sensitivity | Removed policies except for H2 tax reduction";"Diesel"
"OPEX";"Taxes";"DE";"Taxes, Fees, Levies and charges - H2";"Rigid";"BAU";"EUR/kWh";2050;"0.015";"Sensitivity | Removed policies except for H2 tax reduction";"Hydrogen"
"OPEX";"Taxes";"DE";"Taxes, Fees, Levies and charges - H2";"Tractor-Trailer";"BAU";"EUR/kWh";2050;"0.015";"Sensitivity | Removed policies except for H2 tax reduction";"Hydrogen"
"OPEX";"Taxes";"DE";"Taxes, Fees, Levies and charges - H2";"Rigid";"PROG";"EUR/kWh";2050;"0.015";"Sensitivity | Removed policies except for H2 tax reduction";"Hydrogen"
"OPEX";"Taxes";"DE";"Taxes, Fees, Levies and charges - H2";"Tractor-Trailer";"PROG";"EUR/kWh";2050;"0.015";"Sensitivity | Removed policies except for H2 tax reduction";"Hydrogen"
"OPEX";"Taxes";"ES";"Taxes, Fees, Levies and charges - H2";"Rigid";"BAU";"EUR/kWh";2050;"0.008";"Sensitivity | Removed policies except for H2 tax reduction";"Hydrogen"
"OPEX";"Taxes";"ES";"Taxes, Fees, Levies and charges - H2";"Tractor-Trailer";"BAU";"EUR/kWh";2050;"0.008";"Sensitivity | Removed policies except for H2 tax reduction";"Hydrogen"
"OPEX";"Taxes";"ES";"Taxes, Fees, Levies and charges - H2";"Rigid";"PROG";"EUR/kWh";2050;"0.008";"Sensitivity | Removed policies except for H2 tax reduction";"Hydrogen"
"OPEX";"Taxes";"ES";"Taxes, Fees, Levies and charges - H2";"Tractor-Trailer";"PROG";"EUR/kWh";2050;"0.008";"Sensitivity | Removed policies except for H2 tax reduction";"Hydrogen"
"OPEX";"Taxes";"FR";"Taxes, Fees, Levies and charges - H2";"Rigid";"BAU";"EUR/kWh";2050;"0.012";"Sensitivity | Removed policies except for H2 tax reduction";"Hydrogen"
"OPEX";"Taxes";"FR";"Taxes, Fees, Levies and charges - H2";"Tractor-Trailer";"BAU";"EUR/kWh";2050;"0.012";"Sensitivity | Removed policies except for H2 tax reduction";"Hydrogen"
"OPEX";"Taxes";"FR";"Taxes, Fees, Levies and charges - H2";"Rigid";"PROG";"EUR/kWh";2050;"0.012";"Sensitivity | Removed policies except for H2 tax reduction";"Hydrogen"
"OPEX";"Taxes";"FR";"Taxes, Fees, Levies and charges - H2";"Tractor-Trailer";"PROG";"EUR/kWh";2050;"0.012";"Sensitivity | Removed policies except for H2 tax reduction";"Hydrogen"
"OPEX";"Taxes";"IT";"Taxes, Fees, Levies and charges - H2";"Rigid";"BAU";"EUR/kWh";2050;"0.009";"Sensitivity | Removed policies except for H2 tax reduction";"Hydrogen"
"OPEX";"Taxes";"IT";"Taxes, Fees, Levies and charges - H2";"Tractor-Trailer";"BAU";"EUR/kWh";2050;"0.009";"Sensitivity | Removed policies except for H2 tax reduction";"Hydrogen"
"OPEX";"Taxes";"IT";"Taxes, Fees, Levies and charges - H2";"Rigid";"PROG";"EUR/kWh";2050;"0.009";"Sensitivity | Removed policies except for H2 tax reduction";"Hydrogen"
"OPEX";"Taxes";"IT";"Taxes, Fees, Levies and charges - H2";"Tractor-Trailer";"PROG";"EUR/kWh";2050;"0.009";"Sensitivity | Removed policies except for H2 tax reduction";"Hydrogen"
"OPEX";"Taxes";"NL";"Taxes, Fees, Levies and charges - H2";"Rigid";"BAU";"EUR/kWh";2050;"0.024";"Sensitivity | Removed policies except for H2 tax reduction";"Hydrogen"
"OPEX";"Taxes";"NL";"Taxes, Fees, Levies and charges - H2";"Tractor-Trailer";"BAU";"EUR/kWh";2050;"0.024";"Sensitivity | Removed policies except for H2 tax reduction";"Hydrogen"
"OPEX";"Taxes";"NL";"Taxes, Fees, Levies and charges - H2";"Rigid";"PROG";"EUR/kWh";2050;"0.024";"Sensitivity | Removed policies except for H2 tax reduction";"Hydrogen"
"OPEX";"Taxes";"NL";"Taxes, Fees, Levies and charges - H2";"Tractor-Trailer";"PROG";"EUR/kWh";2050;"0.024";"Sensitivity | Removed policies except for H2 tax reduction";"Hydrogen"
"OPEX";"Taxes";"PL";"Taxes, Fees, Levies and charges - H2";"Rigid";"BAU";"EUR/kWh";2050;"0.009";"Sensitivity | Removed policies except for H2 tax reduction";"Hydrogen"
"OPEX";"Taxes";"PL";"Taxes, Fees, Levies and charges - H2";"Tractor-Trailer";"BAU";"EUR/kWh";2050;"0.009";"Sensitivity | Removed policies except for H2 tax reduction";"Hydrogen"
"OPEX";"Taxes";"PL";"Taxes, Fees, Levies and charges - H2";"Rigid";"PROG";"EUR/kWh";2050;"0.009";"Sensitivity | Removed policies except for H2 tax reduction";"Hydrogen"
"OPEX";"Taxes";"PL";"Taxes, Fees, Levies and charges - H2";"Tractor-Trailer";"PROG";"EUR/kWh";2050;"0.009";"Sensitivity | Removed policies except for H2 tax reduction";"Hydrogen"
"OPEX";"Taxes";"UK";"Taxes, Fees, Levies and charges - H2";"Rigid";"BAU";"EUR/kWh";2050;"0.006";"Sensitivity | Removed policies except for H2 tax reduction";"Hydrogen"
"OPEX";"Taxes";"UK";"Taxes, Fees, Levies and charges - H2";"Tractor-Trailer";"BAU";"EUR/kWh";2050;"0.006";"Sensitivity | Removed policies except for H2 tax reduction";"Hydrogen"
"OPEX";"Taxes";"UK";"Taxes, Fees, Levies and charges - H2";"Rigid";"PROG";"EUR/kWh";2050;"0.006";"Sensitivity | Removed policies except for H2 tax reduction";"Hydrogen"
"OPEX";"Taxes";"UK";"Taxes, Fees, Levies and charges - H2";"Tractor-Trailer";"PROG";"EUR/kWh";2050;"0.006";"Sensitivity | Removed policies except for H2 tax reduction";"Hydrogen"
"OPEX";"Charging Infrastructure";"DE";"MCS grid extension";"Rigid";"PROG";"EUR/kWh";2050;"0.035";"Sensitivity | Removed policies except for H2 tax reduction";"Electricity"
"OPEX";"Charging Infrastructure";"DE";"MCS grid extension";"Tractor-Trailer";"PROG";"EUR/kWh";2050;"0.035";"Sensitivity | Removed policies except for H2 tax reduction";"Electricity"
"OPEX";"Charging Infrastructure";"DE";"MCS grid extension";"Rigid";"BAU";"EUR/kWh";2050;"0.035";"Sensitivity | Removed policies except for H2 tax reduction";"Electricity"
"OPEX";"Charging Infrastructure";"DE";"MCS grid extension";"Tractor-Trailer";"BAU";"EUR/kWh";2050;"0.035";"Sensitivity | Removed policies except for H2 tax reduction";"Electricity"
"OPEX";"Charging Infrastructure";"ES";"MCS grid extension";"Rigid";"PROG";"EUR/kWh";2050;"0.035";"Sensitivity | Removed policies except for H2 tax reduction";"Electricity"
"OPEX";"Charging Infrastructure";"ES";"MCS grid extension";"Tractor-Trailer";"PROG";"EUR/kWh";2050;"0.035";"Sensitivity | Removed policies except for H2 tax reduction";"Electricity"
"OPEX";"Charging Infrastructure";"ES";"MCS grid extension";"Rigid";"BAU";"EUR/kWh";2050;"0.035";"Sensitivity | Removed policies except for H2 tax reduction";"Electricity"
"OPEX";"Charging Infrastructure";"ES";"MCS grid extension";"Tractor-Trailer";"BAU";"EUR/kWh";2050;"0.035";"Sensitivity | Removed policies except for H2 tax reduction";"Electricity"
"OPEX";"Charging Infrastructure";"FR";"MCS grid extension";"Rigid";"PROG";"EUR/kWh";2050;"0.035";"Sensitivity | Removed policies except for H2 tax reduction";"Electricity"
"OPEX";"Charging Infrastructure";"FR";"MCS grid extension";"Tractor-Trailer";"PROG";"EUR/kWh";2050;"0.035";"Sensitivity | Removed policies except for H2 tax reduction";"Electricity"
"OPEX";"Charging Infrastructure";"FR";"MCS grid extension";"Rigid";"BAU";"EUR/kWh";2050;"0.035";"Sensitivity | Removed policies except for H2 tax reduction";"Electricity"
"OPEX";"Charging Infrastructure";"FR";"MCS grid extension";"Tractor-Trailer";"BAU";"EUR/kWh";2050;"0.035";"Sensitivity | Removed policies except for H2 tax reduction";"Electricity"
"OPEX";"Charging Infrastructure";"IT";"MCS grid extension";"Rigid";"PROG";"EUR/kWh";2050;"0.035";"Sensitivity | Removed policies except for H2 tax reduction";"Electricity"
"OPEX";"Charging Infrastructure";"IT";"MCS grid extension";"Tractor-Trailer";"PROG";"EUR/kWh";2050;"0.035";"Sensitivity | Removed policies except for H2 tax reduction";"Electricity"
"OPEX";"Charging Infrastructure";"IT";"MCS grid extension";"Rigid";"BAU";"EUR/kWh";2050;"0.035";"Sensitivity | Removed policies except for H2 tax reduction";"Electricity"
"OPEX";"Charging Infrastructure";"IT";"MCS grid extension";"Tractor-Trailer";"BAU";"EUR/kWh";2050;"0.035";"Sensitivity | Removed policies except for H2 tax reduction";"Electricity"
"OPEX";"Charging Infrastructure";"NL";"MCS grid extension";"Rigid";"PROG";"EUR/kWh";2050;"0.035";"Sensitivity | Removed policies except for H2 tax reduction";"Electricity"
"OPEX";"Charging Infrastructure";"NL";"MCS grid extension";"Tractor-Trailer";"PROG";"EUR/kWh";2050;"0.035";"Sensitivity | Removed policies except for H2 tax reduction";"Electricity"
"OPEX";"Charging Infrastructure";"NL";"MCS grid extension";"Rigid";"BAU";"EUR/kWh";2050;"0.035";"Sensitivity | Removed policies except for H2 tax reduction";"Electricity"
"OPEX";"Charging Infrastructure";"NL";"MCS grid extension";"Tractor-Trailer";"BAU";"EUR/kWh";2050;"0.035";"Sensitivity | Removed policies except for H2 tax reduction";"Electricity"
"OPEX";"Charging Infrastructure";"PL";"MCS grid extension";"Rigid";"PROG";"EUR/kWh";2050;"0.035";"Sensitivity | Removed policies except for H2 tax reduction";"Electricity"
"OPEX";"Charging Infrastructure";"PL";"MCS grid extension";"Tractor-Trailer";"PROG";"EUR/kWh";2050;"0.035";"Sensitivity | Removed policies except for H2 tax reduction";"Electricity"
"OPEX";"Charging Infrastructure";"PL";"MCS grid extension";"Rigid";"BAU";"EUR/kWh";2050;"0.035";"Sensitivity | Removed policies except for H2 tax reduction";"Electricity"
"OPEX";"Charging Infrastructure";"PL";"MCS grid extension";"Tractor-Trailer";"BAU";"EUR/kWh";2050;"0.035";"Sensitivity | Removed policies except for H2 tax reduction";"Electricity"
"OPEX";"Charging Infrastructure";"UK";"MCS grid extension";"Rigid";"PROG";"EUR/kWh";2050;"0.035";"Sensitivity | Removed policies except for H2 tax reduction";"Electricity"
"OPEX";"Charging Infrastructure";"UK";"MCS grid extension";"Tractor-Trailer";"PROG";"EUR/kWh";2050;"0.035";"Sensitivity | Removed policies except for H2 tax reduction";"Electricity"
"OPEX";"Charging Infrastructure";"UK";"MCS grid extension";"Rigid";"BAU";"EUR/kWh";2050;"0.035";"Sensitivity | Removed policies except for H2 tax reduction";"Electricity"
"OPEX";"Charging Infrastructure";"UK";"MCS grid extension";"Tractor-Trailer";"BAU";"EUR/kWh";2050;"0.035";"Sensitivity | Removed policies except for H2 tax reduction";"Electricity"
"OPEX";"Charging Infrastructure";"DE";"MCS Profit and Mark-Up";"Rigid";"PROG";"%";2050;"0.1";"Sensitivity | Removed policies except for H2 tax reduction";"Electricity"
"OPEX";"Charging Infrastructure";"DE";"MCS Profit and Mark-Up";"Tractor-Trailer";"PROG";"%";2050;"0.1";"Sensitivity | Removed policies except for H2 tax reduction";"Electricity"
"OPEX";"Charging Infrastructure";"DE";"MCS Profit and Mark-Up";"Rigid";"BAU";"%";2050;"0.1";"Sensitivity | Removed policies except for H2 tax reduction";"Electricity"
"OPEX";"Charging Infrastructure";"DE";"MCS Profit and Mark-Up";"Tractor-Trailer";"BAU";"%";2050;"0.1";"Sensitivity | Removed policies except for H2 tax reduction";"Electricity"
"OPEX";"Charging Infrastructure";"ES";"MCS Profit and Mark-Up";"Rigid";"PROG";"%";2050;"0.1";"Sensitivity | Removed policies except for H2 tax reduction";"Electricity"
"OPEX";"Charging Infrastructure";"ES";"MCS Profit and Mark-Up";"Tractor-Trailer";"PROG";"%";2050;"0.1";"Sensitivity | Removed policies except for H2 tax reduction";"Electricity"
"OPEX";"Charging Infrastructure";"ES";"MCS Profit and Mark-Up";"Rigid";"BAU";"%";2050;"0.1";"Sensitivity | Removed policies except for H2 tax reduction";"Electricity"
"OPEX";"Charging Infrastructure";"ES";"MCS Profit and Mark-Up";"Tractor-Trailer";"BAU";"%";2050;"0.1";"Sensitivity | Removed policies except for H2 tax reduction";"Electricity"
"OPEX";"Charging Infrastructure";"FR";"MCS Profit and Mark-Up";"Rigid";"PROG";"%";2050;"0.1";"Sensitivity | Removed policies except for H2 tax reduction";"Electricity"
"OPEX";"Charging Infrastructure";"FR";"MCS Profit and Mark-Up";"Tractor-Trailer";"PROG";"%";2050;"0.1";"Sensitivity | Removed policies except for H2 tax reduction";"Electricity"
"OPEX";"Charging Infrastructure";"FR";"MCS Profit and Mark-Up";"Rigid";"BAU";"%";2050;"0.1";"Sensitivity | Removed policies except for H2 tax reduction";"Electricity"
"OPEX";"Charging Infrastructure";"FR";"MCS Profit and Mark-Up";"Tractor-Trailer";"BAU";"%";2050;"0.1";"Sensitivity | Removed policies except for H2 tax reduction";"Electricity"
"OPEX";"Charging Infrastructure";"IT";"MCS Profit and Mark-Up";"Rigid";"PROG";"%";2050;"0.1";"Sensitivity | Removed policies except for H2 tax reduction";"Electricity"
"OPEX";"Charging Infrastructure";"IT";"MCS Profit and Mark-Up";"Tractor-Trailer";"PROG";"%";2050;"0.1";"Sensitivity | Removed policies except for H2 tax reduction";"Electricity"
"OPEX";"Charging Infrastructure";"IT";"MCS Profit and Mark-Up";"Rigid";"BAU";"%";2050;"0.1";"Sensitivity | Removed policies except for H2 tax reduction";"Electricity"
"OPEX";"Charging Infrastructure";"IT";"MCS Profit and Mark-Up";"Tractor-Trailer";"BAU";"%";2050;"0.1";"Sensitivity | Removed policies except for H2 tax reduction";"Electricity"
"OPEX";"Charging Infrastructure";"NL";"MCS Profit and Mark-Up";"Rigid";"PROG";"%";2050;"0.1";"Sensitivity | Removed policies except for H2 tax reduction";"Electricity"
"OPEX";"Charging Infrastructure";"NL";"MCS Profit and Mark-Up";"Tractor-Trailer";"PROG";"%";2050;"0.1";"Sensitivity | Removed policies except for H2 tax reduction";"Electricity"
"OPEX";"Charging Infrastructure";"NL";"MCS Profit and Mark-Up";"Rigid";"BAU";"%";2050;"0.1";"Sensitivity | Removed policies except for H2 tax reduction";"Electricity"
"OPEX";"Charging Infrastructure";"NL";"MCS Profit and Mark-Up";"Tractor-Trailer";"BAU";"%";2050;"0.1";"Sensitivity | Removed policies except for H2 tax reduction";"Electricity"
"OPEX";"Charging Infrastructure";"PL";"MCS Profit and Mark-Up";"Rigid";"PROG";"%";2050;"0.1";"Sensitivity | Removed policies except for H2 tax reduction";"Electricity"
"OPEX";"Charging Infrastructure";"PL";"MCS Profit and Mark-Up";"Tractor-Trailer";"PROG";"%";2050;"0.1";"Sensitivity | Removed policies except for H2 tax reduction";"Electricity"
"OPEX";"Charging Infrastructure";"PL";"MCS Profit and Mark-Up";"Rigid";"BAU";"%";2050;"0.1";"Sensitivity | Removed policies except for H2 tax reduction";"Electricity"
"OPEX";"Charging Infrastructure";"PL";"MCS Profit and Mark-Up";"Tractor-Trailer";"BAU";"%";2050;"0.1";"Sensitivity | Removed policies except for H2 tax reduction";"Electricity"
"OPEX";"Charging Infrastructure";"UK";"MCS Profit and Mark-Up";"Rigid";"PROG";"%";2050;"0.1";"Sensitivity | Removed policies except for H2 tax reduction";"Electricity"
"OPEX";"Charging Infrastructure";"UK";"MCS Profit and Mark-Up";"Tractor-Trailer";"PROG";"%";2050;"0.1";"Sensitivity | Removed policies except for H2 tax reduction";"Electricity"
"OPEX";"Charging Infrastructure";"UK";"MCS Profit and Mark-Up";"Rigid";"BAU";"%";2050;"0.1";"Sensitivity | Removed policies except for H2 tax reduction";"Electricity"
"OPEX";"Charging Infrastructure";"UK";"MCS Profit and Mark-Up";"Tractor-Trailer";"BAU";"%";2050;"0.1";"Sensitivity | Removed policies except for H2 tax reduction";"Electricity"
"OPEX";"Charging Infrastructure";"DE";"CCS Station (Depot) - Incl. Overhead";"Rigid";"PROG";"EUR/kWh";2050;"0.019";"Sensitivity | Removed policies except for H2 tax reduction";"Electricity"
"OPEX";"Charging Infrastructure";"DE";"CCS Station (Depot) - Incl. Overhead";"Tractor-Trailer";"PROG";"EUR/kWh";2050;"0.019";"Sensitivity | Removed policies except for H2 tax reduction";"Electricity"
"OPEX";"Charging Infrastructure";"DE";"CCS Station (Depot) - Incl. Overhead";"Rigid";"BAU";"EUR/kWh";2050;"0.019";"Sensitivity | Removed policies except for H2 tax reduction";"Electricity"
"OPEX";"Charging Infrastructure";"DE";"CCS Station (Depot) - Incl. Overhead";"Tractor-Trailer";"BAU";"EUR/kWh";2050;"0.019";"Sensitivity | Removed policies except for H2 tax reduction";"Electricity"
"OPEX";"Charging Infrastructure";"ES";"CCS Station (Depot) - Incl. Overhead";"Rigid";"PROG";"EUR/kWh";2050;"0.019";"Sensitivity | Removed policies except for H2 tax reduction";"Electricity"
"OPEX";"Charging Infrastructure";"ES";"CCS Station (Depot) - Incl. Overhead";"Tractor-Trailer";"PROG";"EUR/kWh";2050;"0.019";"Sensitivity | Removed policies except for H2 tax reduction";"Electricity"
"OPEX";"Charging Infrastructure";"ES";"CCS Station (Depot) - Incl. Overhead";"Rigid";"BAU";"EUR/kWh";2050;"0.019";"Sensitivity | Removed policies except for H2 tax reduction";"Electricity"
"OPEX";"Charging Infrastructure";"ES";"CCS Station (Depot) - Incl. Overhead";"Tractor-Trailer";"BAU";"EUR/kWh";2050;"0.019";"Sensitivity | Removed policies except for H2 tax reduction";"Electricity"
"OPEX";"Charging Infrastructure";"FR";"CCS Station (Depot) - Incl. Overhead";"Rigid";"PROG";"EUR/kWh";2050;"0.019";"Sensitivity | Removed policies except for H2 tax reduction";"Electricity"
"OPEX";"Charging Infrastructure";"FR";"CCS Station (Depot) - Incl. Overhead";"Tractor-Trailer";"PROG";"EUR/kWh";2050;"0.019";"Sensitivity | Removed policies except for H2 tax reduction";"Electricity"
"OPEX";"Charging Infrastructure";"FR";"CCS Station (Depot) - Incl. Overhead";"Rigid";"BAU";"EUR/kWh";2050;"0.019";"Sensitivity | Removed policies except for H2 tax reduction";"Electricity"
"OPEX";"Charging Infrastructure";"FR";"CCS Station (Depot) - Incl. Overhead";"Tractor-Trailer";"BAU";"EUR/kWh";2050;"0.019";"Sensitivity | Removed policies except for H2 tax reduction";"Electricity"
"OPEX";"Charging Infrastructure";"IT";"CCS Station (Depot) - Incl. Overhead";"Rigid";"PROG";"EUR/kWh";2050;"0.019";"Sensitivity | Removed policies except for H2 tax reduction";"Electricity"
"OPEX";"Charging Infrastructure";"IT";"CCS Station (Depot) - Incl. Overhead";"Tractor-Trailer";"PROG";"EUR/kWh";2050;"0.019";"Sensitivity | Removed policies except for H2 tax reduction";"Electricity"
"OPEX";"Charging Infrastructure";"IT";"CCS Station (Depot) - Incl. Overhead";"Rigid";"BAU";"EUR/kWh";2050;"0.019";"Sensitivity | Removed policies except for H2 tax reduction";"Electricity"
"OPEX";"Charging Infrastructure";"IT";"CCS Station (Depot) - Incl. Overhead";"Tractor-Trailer";"BAU";"EUR/kWh";2050;"0.019";"Sensitivity | Removed policies except for H2 tax reduction";"Electricity"
"OPEX";"Charging Infrastructure";"NL";"CCS Station (Depot) - Incl. Overhead";"Rigid";"PROG";"EUR/kWh";2050;"0.019";"Sensitivity | Removed policies except for H2 tax reduction";"Electricity"
"OPEX";"Charging Infrastructure";"NL";"CCS Station (Depot) - Incl. Overhead";"Tractor-Trailer";"PROG";"EUR/kWh";2050;"0.019";"Sensitivity | Removed policies except for H2 tax reduction";"Electricity"
"OPEX";"Charging Infrastructure";"NL";"CCS Station (Depot) - Incl. Overhead";"Rigid";"BAU";"EUR/kWh";2050;"0.019";"Sensitivity | Removed policies except for H2 tax reduction";"Electricity"
"OPEX";"Charging Infrastructure";"NL";"CCS Station (Depot) - Incl. Overhead";"Tractor-Trailer";"BAU";"EUR/kWh";2050;"0.019";"Sensitivity | Removed policies except for H2 tax reduction";"Electricity"
"OPEX";"Charging Infrastructure";"PL";"CCS Station (Depot) - Incl. Overhead";"Rigid";"PROG";"EUR/kWh";2050;"0.019";"Sensitivity | Removed policies except for H2 tax reduction";"Electricity"
"OPEX";"Charging Infrastructure";"PL";"CCS Station (Depot) - Incl. Overhead";"Tractor-Trailer";"PROG";"EUR/kWh";2050;"0.019";"Sensitivity | Removed policies except for H2 tax reduction";"Electricity"
"OPEX";"Charging Infrastructure";"PL";"CCS Station (Depot) - Incl. Overhead";"Rigid";"BAU";"EUR/kWh";2050;"0.019";"Sensitivity | Removed policies except for H2 tax reduction";"Electricity"
"OPEX";"Charging Infrastructure";"PL";"CCS Station (Depot) - Incl. Overhead";"Tractor-Trailer";"BAU";"EUR/kWh";2050;"0.019";"Sensitivity | Removed policies except for H2 tax reduction";"Electricity"
"OPEX";"Charging Infrastructure";"UK";"CCS Station (Depot) - Incl. Overhead";"Rigid";"PROG";"EUR/kWh";2050;"0.019";"Sensitivity | Removed policies except for H2 tax reduction";"Electricity"
"OPEX";"Charging Infrastructure";"UK";"CCS Station (Depot) - Incl. Overhead";"Tractor-Trailer";"PROG";"EUR/kWh";2050;"0.019";"Sensitivity | Removed policies except for H2 tax reduction";"Electricity"
"OPEX";"Charging Infrastructure";"UK";"CCS Station (Depot) - Incl. Overhead";"Rigid";"BAU";"EUR/kWh";2050;"0.019";"Sensitivity | Removed policies except for H2 tax reduction";"Electricity"
"OPEX";"Charging Infrastructure";"UK";"CCS Station (Depot) - Incl. Overhead";"Tractor-Trailer";"BAU";"EUR/kWh";2050;"0.019";"Sensitivity | Removed policies except for H2 tax reduction";"Electricity"
"OPEX";"Charging Infrastructure";"DE";"CCS grid extension";"Rigid";"PROG";"EUR/kWh";2050;"0.045";"Sensitivity | Removed policies except for H2 tax reduction";"Electricity"
"OPEX";"Charging Infrastructure";"DE";"CCS grid extension";"Tractor-Trailer";"PROG";"EUR/kWh";2050;"0.045";"Sensitivity | Removed policies except for H2 tax reduction";"Electricity"
"OPEX";"Charging Infrastructure";"DE";"CCS grid extension";"Rigid";"BAU";"EUR/kWh";2050;"0.045";"Sensitivity | Removed policies except for H2 tax reduction";"Electricity"
"OPEX";"Charging Infrastructure";"DE";"CCS grid extension";"Tractor-Trailer";"BAU";"EUR/kWh";2050;"0.045";"Sensitivity | Removed policies except for H2 tax reduction";"Electricity"
"OPEX";"Charging Infrastructure";"ES";"CCS grid extension";"Rigid";"PROG";"EUR/kWh";2050;"0.045";"Sensitivity | Removed policies except for H2 tax reduction";"Electricity"
"OPEX";"Charging Infrastructure";"ES";"CCS grid extension";"Tractor-Trailer";"PROG";"EUR/kWh";2050;"0.045";"Sensitivity | Removed policies except for H2 tax reduction";"Electricity"
"OPEX";"Charging Infrastructure";"ES";"CCS grid extension";"Rigid";"BAU";"EUR/kWh";2050;"0.045";"Sensitivity | Removed policies except for H2 tax reduction";"Electricity"
"OPEX";"Charging Infrastructure";"ES";"CCS grid extension";"Tractor-Trailer";"BAU";"EUR/kWh";2050;"0.045";"Sensitivity | Removed policies except for H2 tax reduction";"Electricity"
"OPEX";"Charging Infrastructure";"FR";"CCS grid extension";"Rigid";"PROG";"EUR/kWh";2050;"0.045";"Sensitivity | Removed policies except for H2 tax reduction";"Electricity"
"OPEX";"Charging Infrastructure";"FR";"CCS grid extension";"Tractor-Trailer";"PROG";"EUR/kWh";2050;"0.045";"Sensitivity | Removed policies except for H2 tax reduction";"Electricity"
"OPEX";"Charging Infrastructure";"FR";"CCS grid extension";"Rigid";"BAU";"EUR/kWh";2050;"0.045";"Sensitivity | Removed policies except for H2 tax reduction";"Electricity"
"OPEX";"Charging Infrastructure";"FR";"CCS grid extension";"Tractor-Trailer";"BAU";"EUR/kWh";2050;"0.045";"Sensitivity | Removed policies except for H2 tax reduction";"Electricity"
"OPEX";"Charging Infrastructure";"IT";"CCS grid extension";"Rigid";"PROG";"EUR/kWh";2050;"0.045";"Sensitivity | Removed policies except for H2 tax reduction";"Electricity"
"OPEX";"Charging Infrastructure";"IT";"CCS grid extension";"Tractor-Trailer";"PROG";"EUR/kWh";2050;"0.045";"Sensitivity | Removed policies except for H2 tax reduction";"Electricity"
"OPEX";"Charging Infrastructure";"IT";"CCS grid extension";"Rigid";"BAU";"EUR/kWh";2050;"0.045";"Sensitivity | Removed policies except for H2 tax reduction";"Electricity"
"OPEX";"Charging Infrastructure";"IT";"CCS grid extension";"Tractor-Trailer";"BAU";"EUR/kWh";2050;"0.045";"Sensitivity | Removed policies except for H2 tax reduction";"Electricity"
"OPEX";"Charging Infrastructure";"NL";"CCS grid extension";"Rigid";"PROG";"EUR/kWh";2050;"0.045";"Sensitivity | Removed policies except for H2 tax reduction";"Electricity"
"OPEX";"Charging Infrastructure";"NL";"CCS grid extension";"Tractor-Trailer";"PROG";"EUR/kWh";2050;"0.045";"Sensitivity | Removed policies except for H2 tax reduction";"Electricity"
"OPEX";"Charging Infrastructure";"NL";"CCS grid extension";"Rigid";"BAU";"EUR/kWh";2050;"0.045";"Sensitivity | Removed policies except for H2 tax reduction";"Electricity"
"OPEX";"Charging Infrastructure";"NL";"CCS grid extension";"Tractor-Trailer";"BAU";"EUR/kWh";2050;"0.045";"Sensitivity | Removed policies except for H2 tax reduction";"Electricity"
"OPEX";"Charging Infrastructure";"PL";"CCS grid extension";"Rigid";"PROG";"EUR/kWh";2050;"0.045";"Sensitivity | Removed policies except for H2 tax reduction";"Electricity"
"OPEX";"Charging Infrastructure";"PL";"CCS grid extension";"Tractor-Trailer";"PROG";"EUR/kWh";2050;"0.045";"Sensitivity | Removed policies except for H2 tax reduction";"Electricity"
"OPEX";"Charging Infrastructure";"PL";"CCS grid extension";"Rigid";"BAU";"EUR/kWh";2050;"0.045";"Sensitivity | Removed policies except for H2 tax reduction";"Electricity"
"OPEX";"Charging Infrastructure";"PL";"CCS grid extension";"Tractor-Trailer";"BAU";"EUR/kWh";2050;"0.045";"Sensitivity | Removed policies except for H2 tax reduction";"Electricity"
"OPEX";"Charging Infrastructure";"UK";"CCS grid extension";"Rigid";"PROG";"EUR/kWh";2050;"0.045";"Sensitivity | Removed policies except for H2 tax reduction";"Electricity"
"OPEX";"Charging Infrastructure";"UK";"CCS grid extension";"Tractor-Trailer";"PROG";"EUR/kWh";2050;"0.045";"Sensitivity | Removed policies except for H2 tax reduction";"Electricity"
"OPEX";"Charging Infrastructure";"UK";"CCS grid extension";"Rigid";"BAU";"EUR/kWh";2050;"0.045";"Sensitivity | Removed policies except for H2 tax reduction";"Electricity"
"OPEX";"Charging Infrastructure";"UK";"CCS grid extension";"Tractor-Trailer";"BAU";"EUR/kWh";2050;"0.045";"Sensitivity | Removed policies except for H2 tax reduction";"Electricity"
"OPEX";"Diesel Infrastructure";"DE";"Total Diesel Mark-Up";"Rigid";"BAU";"EUR/kWh";2050;"0.018";"Sensitivity | Removed policies except for H2 tax reduction";"Diesel"
"OPEX";"Diesel Infrastructure";"DE";"Total Diesel Mark-Up";"Tractor-Trailer";"BAU";"EUR/kWh";2050;"0.018";"Sensitivity | Removed policies except for H2 tax reduction";"Diesel"
"OPEX";"Diesel Infrastructure";"DE";"Total Diesel Mark-Up";"Rigid";"PROG";"EUR/kWh";2050;"0.018";"Sensitivity | Removed policies except for H2 tax reduction";"Diesel"
"OPEX";"Diesel Infrastructure";"DE";"Total Diesel Mark-Up";"Tractor-Trailer";"PROG";"EUR/kWh";2050;"0.018";"Sensitivity | Removed policies except for H2 tax reduction";"Diesel"
"OPEX";"Diesel Infrastructure";"ES";"Total Diesel Mark-Up";"Rigid";"BAU";"EUR/kWh";2050;"0.018";"Sensitivity | Removed policies except for H2 tax reduction";"Diesel"
"OPEX";"Diesel Infrastructure";"ES";"Total Diesel Mark-Up";"Tractor-Trailer";"BAU";"EUR/kWh";2050;"0.018";"Sensitivity | Removed policies except for H2 tax reduction";"Diesel"
"OPEX";"Diesel Infrastructure";"ES";"Total Diesel Mark-Up";"Rigid";"PROG";"EUR/kWh";2050;"0.018";"Sensitivity | Removed policies except for H2 tax reduction";"Diesel"
"OPEX";"Diesel Infrastructure";"ES";"Total Diesel Mark-Up";"Tractor-Trailer";"PROG";"EUR/kWh";2050;"0.018";"Sensitivity | Removed policies except for H2 tax reduction";"Diesel"
"OPEX";"Diesel Infrastructure";"FR";"Total Diesel Mark-Up";"Rigid";"BAU";"EUR/kWh";2050;"0.018";"Sensitivity | Removed policies except for H2 tax reduction";"Diesel"
"OPEX";"Diesel Infrastructure";"FR";"Total Diesel Mark-Up";"Tractor-Trailer";"BAU";"EUR/kWh";2050;"0.018";"Sensitivity | Removed policies except for H2 tax reduction";"Diesel"
"OPEX";"Diesel Infrastructure";"FR";"Total Diesel Mark-Up";"Rigid";"PROG";"EUR/kWh";2050;"0.018";"Sensitivity | Removed policies except for H2 tax reduction";"Diesel"
"OPEX";"Diesel Infrastructure";"FR";"Total Diesel Mark-Up";"Tractor-Trailer";"PROG";"EUR/kWh";2050;"0.018";"Sensitivity | Removed policies except for H2 tax reduction";"Diesel"
"OPEX";"Diesel Infrastructure";"IT";"Total Diesel Mark-Up";"Rigid";"BAU";"EUR/kWh";2050;"0.018";"Sensitivity | Removed policies except for H2 tax reduction";"Diesel"
"OPEX";"Diesel Infrastructure";"IT";"Total Diesel Mark-Up";"Tractor-Trailer";"BAU";"EUR/kWh";2050;"0.018";"Sensitivity | Removed policies except for H2 tax reduction";"Diesel"
"OPEX";"Diesel Infrastructure";"IT";"Total Diesel Mark-Up";"Rigid";"PROG";"EUR/kWh";2050;"0.018";"Sensitivity | Removed policies except for H2 tax reduction";"Diesel"
"OPEX";"Diesel Infrastructure";"IT";"Total Diesel Mark-Up";"Tractor-Trailer";"PROG";"EUR/kWh";2050;"0.018";"Sensitivity | Removed policies except for H2 tax reduction";"Diesel"
"OPEX";"Diesel Infrastructure";"NL";"Total Diesel Mark-Up";"Rigid";"BAU";"EUR/kWh";2050;"0.018";"Sensitivity | Removed policies except for H2 tax reduction";"Diesel"
"OPEX";"Diesel Infrastructure";"NL";"Total Diesel Mark-Up";"Tractor-Trailer";"BAU";"EUR/kWh";2050;"0.018";"Sensitivity | Removed policies except for H2 tax reduction";"Diesel"
"OPEX";"Diesel Infrastructure";"NL";"Total Diesel Mark-Up";"Rigid";"PROG";"EUR/kWh";2050;"0.018";"Sensitivity | Removed policies except for H2 tax reduction";"Diesel"
"OPEX";"Diesel Infrastructure";"NL";"Total Diesel Mark-Up";"Tractor-Trailer";"PROG";"EUR/kWh";2050;"0.018";"Sensitivity | Removed policies except for H2 tax reduction";"Diesel"
"OPEX";"Diesel Infrastructure";"PL";"Total Diesel Mark-Up";"Rigid";"BAU";"EUR/kWh";2050;"0.018";"Sensitivity | Removed policies except for H2 tax reduction";"Diesel"
"OPEX";"Diesel Infrastructure";"PL";"Total Diesel Mark-Up";"Tractor-Trailer";"BAU";"EUR/kWh";2050;"0.018";"Sensitivity | Removed policies except for H2 tax reduction";"Diesel"
"OPEX";"Diesel Infrastructure";"PL";"Total Diesel Mark-Up";"Rigid";"PROG";"EUR/kWh";2050;"0.018";"Sensitivity | Removed policies except for H2 tax reduction";"Diesel"
"OPEX";"Diesel Infrastructure";"PL";"Total Diesel Mark-Up";"Tractor-Trailer";"PROG";"EUR/kWh";2050;"0.018";"Sensitivity | Removed policies except for H2 tax reduction";"Diesel"
"OPEX";"Diesel Infrastructure";"UK";"Total Diesel Mark-Up";"Rigid";"BAU";"EUR/kWh";2050;"0.018";"Sensitivity | Removed policies except for H2 tax reduction";"Diesel"
"OPEX";"Diesel Infrastructure";"UK";"Total Diesel Mark-Up";"Tractor-Trailer";"BAU";"EUR/kWh";2050;"0.018";"Sensitivity | Removed policies except for H2 tax reduction";"Diesel"
"OPEX";"Diesel Infrastructure";"UK";"Total Diesel Mark-Up";"Rigid";"PROG";"EUR/kWh";2050;"0.018";"Sensitivity | Removed policies except for H2 tax reduction";"Diesel"
"OPEX";"Diesel Infrastructure";"UK";"Total Diesel Mark-Up";"Tractor-Trailer";"PROG";"EUR/kWh";2050;"0.018";"Sensitivity | Removed policies except for H2 tax reduction";"Diesel"
"OPEX";"Diesel Infrastructure";"DE";"CO2 emission factor Biodiesel";"Rigid";"BAU";"%";2050;"0.152";"Sensitivity | Removed policies except for H2 tax reduction";"Diesel"
"OPEX";"Diesel Infrastructure";"DE";"CO2 emission factor Biodiesel";"Tractor-Trailer";"BAU";"%";2050;"0.152";"Sensitivity | Removed policies except for H2 tax reduction";"Diesel"
"OPEX";"Diesel Infrastructure";"DE";"CO2 emission factor Biodiesel";"Rigid";"PROG";"%";2050;"0.152";"Sensitivity | Removed policies except for H2 tax reduction";"Diesel"
"OPEX";"Diesel Infrastructure";"DE";"CO2 emission factor Biodiesel";"Tractor-Trailer";"PROG";"%";2050;"0.152";"Sensitivity | Removed policies except for H2 tax reduction";"Diesel"
"OPEX";"Diesel Infrastructure";"ES";"CO2 emission factor Biodiesel";"Rigid";"BAU";"%";2050;"0.152";"Sensitivity | Removed policies except for H2 tax reduction";"Diesel"
"OPEX";"Diesel Infrastructure";"ES";"CO2 emission factor Biodiesel";"Tractor-Trailer";"BAU";"%";2050;"0.152";"Sensitivity | Removed policies except for H2 tax reduction";"Diesel"
"OPEX";"Diesel Infrastructure";"ES";"CO2 emission factor Biodiesel";"Rigid";"PROG";"%";2050;"0.152";"Sensitivity | Removed policies except for H2 tax reduction";"Diesel"
"OPEX";"Diesel Infrastructure";"ES";"CO2 emission factor Biodiesel";"Tractor-Trailer";"PROG";"%";2050;"0.152";"Sensitivity | Removed policies except for H2 tax reduction";"Diesel"
"OPEX";"Diesel Infrastructure";"FR";"CO2 emission factor Biodiesel";"Rigid";"BAU";"%";2050;"0.152";"Sensitivity | Removed policies except for H2 tax reduction";"Diesel"
"OPEX";"Diesel Infrastructure";"FR";"CO2 emission factor Biodiesel";"Tractor-Trailer";"BAU";"%";2050;"0.152";"Sensitivity | Removed policies except for H2 tax reduction";"Diesel"
"OPEX";"Diesel Infrastructure";"FR";"CO2 emission factor Biodiesel";"Rigid";"PROG";"%";2050;"0.152";"Sensitivity | Removed policies except for H2 tax reduction";"Diesel"
"OPEX";"Diesel Infrastructure";"FR";"CO2 emission factor Biodiesel";"Tractor-Trailer";"PROG";"%";2050;"0.152";"Sensitivity | Removed policies except for H2 tax reduction";"Diesel"
"OPEX";"Diesel Infrastructure";"IT";"CO2 emission factor Biodiesel";"Rigid";"BAU";"%";2050;"0.152";"Sensitivity | Removed policies except for H2 tax reduction";"Diesel"
"OPEX";"Diesel Infrastructure";"IT";"CO2 emission factor Biodiesel";"Tractor-Trailer";"BAU";"%";2050;"0.152";"Sensitivity | Removed policies except for H2 tax reduction";"Diesel"
"OPEX";"Diesel Infrastructure";"IT";"CO2 emission factor Biodiesel";"Rigid";"PROG";"%";2050;"0.152";"Sensitivity | Removed policies except for H2 tax reduction";"Diesel"
"OPEX";"Diesel Infrastructure";"IT";"CO2 emission factor Biodiesel";"Tractor-Trailer";"PROG";"%";2050;"0.152";"Sensitivity | Removed policies except for H2 tax reduction";"Diesel"
"OPEX";"Diesel Infrastructure";"NL";"CO2 emission factor Biodiesel";"Rigid";"BAU";"%";2050;"0.152";"Sensitivity | Removed policies except for H2 tax reduction";"Diesel"
"OPEX";"Diesel Infrastructure";"NL";"CO2 emission factor Biodiesel";"Tractor-Trailer";"BAU";"%";2050;"0.152";"Sensitivity | Removed policies except for H2 tax reduction";"Diesel"
"OPEX";"Diesel Infrastructure";"NL";"CO2 emission factor Biodiesel";"Rigid";"PROG";"%";2050;"0.152";"Sensitivity | Removed policies except for H2 tax reduction";"Diesel"
"OPEX";"Diesel Infrastructure";"NL";"CO2 emission factor Biodiesel";"Tractor-Trailer";"PROG";"%";2050;"0.152";"Sensitivity | Removed policies except for H2 tax reduction";"Diesel"
"OPEX";"Diesel Infrastructure";"PL";"CO2 emission factor Biodiesel";"Rigid";"BAU";"%";2050;"0.152";"Sensitivity | Removed policies except for H2 tax reduction";"Diesel"
"OPEX";"Diesel Infrastructure";"PL";"CO2 emission factor Biodiesel";"Tractor-Trailer";"BAU";"%";2050;"0.152";"Sensitivity | Removed policies except for H2 tax reduction";"Diesel"
"OPEX";"Diesel Infrastructure";"PL";"CO2 emission factor Biodiesel";"Rigid";"PROG";"%";2050;"0.152";"Sensitivity | Removed policies except for H2 tax reduction";"Diesel"
"OPEX";"Diesel Infrastructure";"PL";"CO2 emission factor Biodiesel";"Tractor-Trailer";"PROG";"%";2050;"0.152";"Sensitivity | Removed policies except for H2 tax reduction";"Diesel"
"OPEX";"Diesel Infrastructure";"UK";"CO2 emission factor Biodiesel";"Rigid";"BAU";"%";2050;"0.152";"Sensitivity | Removed policies except for H2 tax reduction";"Diesel"
"OPEX";"Diesel Infrastructure";"UK";"CO2 emission factor Biodiesel";"Tractor-Trailer";"BAU";"%";2050;"0.152";"Sensitivity | Removed policies except for H2 tax reduction";"Diesel"
"OPEX";"Diesel Infrastructure";"UK";"CO2 emission factor Biodiesel";"Rigid";"PROG";"%";2050;"0.152";"Sensitivity | Removed policies except for H2 tax reduction";"Diesel"
"OPEX";"Diesel Infrastructure";"UK";"CO2 emission factor Biodiesel";"Tractor-Trailer";"PROG";"%";2050;"0.152";"Sensitivity | Removed policies except for H2 tax reduction";"Diesel"
"OPEX";"Diesel Infrastructure";"DE";"CO2 emission factor Pt-Diesel";"Rigid";"BAU";"%";2050;"0";"Sensitivity | Removed policies except for H2 tax reduction";"Diesel"
"OPEX";"Diesel Infrastructure";"DE";"CO2 emission factor Pt-Diesel";"Tractor-Trailer";"BAU";"%";2050;"0";"Sensitivity | Removed policies except for H2 tax reduction";"Diesel"
"OPEX";"Diesel Infrastructure";"DE";"CO2 emission factor Pt-Diesel";"Rigid";"PROG";"%";2050;"0";"Sensitivity | Removed policies except for H2 tax reduction";"Diesel"
"OPEX";"Diesel Infrastructure";"DE";"CO2 emission factor Pt-Diesel";"Tractor-Trailer";"PROG";"%";2050;"0";"Sensitivity | Removed policies except for H2 tax reduction";"Diesel"
"OPEX";"Diesel Infrastructure";"ES";"CO2 emission factor Pt-Diesel";"Rigid";"BAU";"%";2050;"0";"Sensitivity | Removed policies except for H2 tax reduction";"Diesel"
"OPEX";"Diesel Infrastructure";"ES";"CO2 emission factor Pt-Diesel";"Tractor-Trailer";"BAU";"%";2050;"0";"Sensitivity | Removed policies except for H2 tax reduction";"Diesel"
"OPEX";"Diesel Infrastructure";"ES";"CO2 emission factor Pt-Diesel";"Rigid";"PROG";"%";2050;"0";"Sensitivity | Removed policies except for H2 tax reduction";"Diesel"
"OPEX";"Diesel Infrastructure";"ES";"CO2 emission factor Pt-Diesel";"Tractor-Trailer";"PROG";"%";2050;"0";"Sensitivity | Removed policies except for H2 tax reduction";"Diesel"
"OPEX";"Diesel Infrastructure";"FR";"CO2 emission factor Pt-Diesel";"Rigid";"BAU";"%";2050;"0";"Sensitivity | Removed policies except for H2 tax reduction";"Diesel"
"OPEX";"Diesel Infrastructure";"FR";"CO2 emission factor Pt-Diesel";"Tractor-Trailer";"BAU";"%";2050;"0";"Sensitivity | Removed policies except for H2 tax reduction";"Diesel"
"OPEX";"Diesel Infrastructure";"FR";"CO2 emission factor Pt-Diesel";"Rigid";"PROG";"%";2050;"0";"Sensitivity | Removed policies except for H2 tax reduction";"Diesel"
"OPEX";"Diesel Infrastructure";"FR";"CO2 emission factor Pt-Diesel";"Tractor-Trailer";"PROG";"%";2050;"0";"Sensitivity | Removed policies except for H2 tax reduction";"Diesel"
"OPEX";"Diesel Infrastructure";"IT";"CO2 emission factor Pt-Diesel";"Rigid";"BAU";"%";2050;"0";"Sensitivity | Removed policies except for H2 tax reduction";"Diesel"
"OPEX";"Diesel Infrastructure";"IT";"CO2 emission factor Pt-Diesel";"Tractor-Trailer";"BAU";"%";2050;"0";"Sensitivity | Removed policies except for H2 tax reduction";"Diesel"
"OPEX";"Diesel Infrastructure";"IT";"CO2 emission factor Pt-Diesel";"Rigid";"PROG";"%";2050;"0";"Sensitivity | Removed policies except for H2 tax reduction";"Diesel"
"OPEX";"Diesel Infrastructure";"IT";"CO2 emission factor Pt-Diesel";"Tractor-Trailer";"PROG";"%";2050;"0";"Sensitivity | Removed policies except for H2 tax reduction";"Diesel"
"OPEX";"Diesel Infrastructure";"NL";"CO2 emission factor Pt-Diesel";"Rigid";"BAU";"%";2050;"0";"Sensitivity | Removed policies except for H2 tax reduction";"Diesel"
"OPEX";"Diesel Infrastructure";"NL";"CO2 emission factor Pt-Diesel";"Tractor-Trailer";"BAU";"%";2050;"0";"Sensitivity | Removed policies except for H2 tax reduction";"Diesel"
"OPEX";"Diesel Infrastructure";"NL";"CO2 emission factor Pt-Diesel";"Rigid";"PROG";"%";2050;"0";"Sensitivity | Removed policies except for H2 tax reduction";"Diesel"
"OPEX";"Diesel Infrastructure";"NL";"CO2 emission factor Pt-Diesel";"Tractor-Trailer";"PROG";"%";2050;"0";"Sensitivity | Removed policies except for H2 tax reduction";"Diesel"
"OPEX";"Diesel Infrastructure";"PL";"CO2 emission factor Pt-Diesel";"Rigid";"BAU";"%";2050;"0";"Sensitivity | Removed policies except for H2 tax reduction";"Diesel"
"OPEX";"Diesel Infrastructure";"PL";"CO2 emission factor Pt-Diesel";"Tractor-Trailer";"BAU";"%";2050;"0";"Sensitivity | Removed policies except for H2 tax reduction";"Diesel"
"OPEX";"Diesel Infrastructure";"PL";"CO2 emission factor Pt-Diesel";"Rigid";"PROG";"%";2050;"0";"Sensitivity | Removed policies except for H2 tax reduction";"Diesel"
"OPEX";"Diesel Infrastructure";"PL";"CO2 emission factor Pt-Diesel";"Tractor-Trailer";"PROG";"%";2050;"0";"Sensitivity | Removed policies except for H2 tax reduction";"Diesel"
"OPEX";"Diesel Infrastructure";"UK";"CO2 emission factor Pt-Diesel";"Rigid";"BAU";"%";2050;"0";"Sensitivity | Removed policies except for H2 tax reduction";"Diesel"
"OPEX";"Diesel Infrastructure";"UK";"CO2 emission factor Pt-Diesel";"Tractor-Trailer";"BAU";"%";2050;"0";"Sensitivity | Removed policies except for H2 tax reduction";"Diesel"
"OPEX";"Diesel Infrastructure";"UK";"CO2 emission factor Pt-Diesel";"Rigid";"PROG";"%";2050;"0";"Sensitivity | Removed policies except for H2 tax reduction";"Diesel"
"OPEX";"Diesel Infrastructure";"UK";"CO2 emission factor Pt-Diesel";"Tractor-Trailer";"PROG";"%";2050;"0";"Sensitivity | Removed policies except for H2 tax reduction";"Diesel"
"OPEX";"Taxes";"DE";"Network Costs - MCS";"Rigid";"BAU";"EUR/kWh";2050;"0.034";"Sensitivity | Removed policies except for H2 tax reduction";"Electricity"
"OPEX";"Taxes";"DE";"Network Costs - MCS";"Tractor-Trailer";"BAU";"EUR/kWh";2050;"0.034";"Sensitivity | Removed policies except for H2 tax reduction";"Electricity"
"OPEX";"Taxes";"ES";"Network Costs - MCS";"Rigid";"BAU";"EUR/kWh";2050;"0.018";"Sensitivity | Removed policies except for H2 tax reduction";"Electricity"
"OPEX";"Taxes";"ES";"Network Costs - MCS";"Tractor-Trailer";"BAU";"EUR/kWh";2050;"0.018";"Sensitivity | Removed policies except for H2 tax reduction";"Electricity"
"OPEX";"Taxes";"FR";"Network Costs - MCS";"Rigid";"BAU";"EUR/kWh";2050;"0.018";"Sensitivity | Removed policies except for H2 tax reduction";"Electricity"
"OPEX";"Taxes";"FR";"Network Costs - MCS";"Tractor-Trailer";"BAU";"EUR/kWh";2050;"0.018";"Sensitivity | Removed policies except for H2 tax reduction";"Electricity"
"OPEX";"Taxes";"IT";"Network Costs - MCS";"Rigid";"BAU";"EUR/kWh";2050;"0.015";"Sensitivity | Removed policies except for H2 tax reduction";"Electricity"
"OPEX";"Taxes";"IT";"Network Costs - MCS";"Tractor-Trailer";"BAU";"EUR/kWh";2050;"0.015";"Sensitivity | Removed policies except for H2 tax reduction";"Electricity"
"OPEX";"Taxes";"NL";"Network Costs - MCS";"Rigid";"BAU";"EUR/kWh";2050;"0.016";"Sensitivity | Removed policies except for H2 tax reduction";"Electricity"
"OPEX";"Taxes";"NL";"Network Costs - MCS";"Tractor-Trailer";"BAU";"EUR/kWh";2050;"0.016";"Sensitivity | Removed policies except for H2 tax reduction";"Electricity"
"OPEX";"Taxes";"PL";"Network Costs - MCS";"Rigid";"BAU";"EUR/kWh";2050;"0.019";"Sensitivity | Removed policies except for H2 tax reduction";"Electricity"
"OPEX";"Taxes";"PL";"Network Costs - MCS";"Tractor-Trailer";"BAU";"EUR/kWh";2050;"0.019";"Sensitivity | Removed policies except for H2 tax reduction";"Electricity"
"OPEX";"Taxes";"UK";"Network Costs - MCS";"Rigid";"BAU";"EUR/kWh";2050;"0.027";"Sensitivity | Removed policies except for H2 tax reduction";"Electricity"
"OPEX";"Taxes";"UK";"Network Costs - MCS";"Tractor-Trailer";"BAU";"EUR/kWh";2050;"0.027";"Sensitivity | Removed policies except for H2 tax reduction";"Electricity"
"OPEX";"Taxes";"DE";"Taxes, Fees, Levies and charges - MCS";"Rigid";"BAU";"EUR/kWh";2050;"0.056";"Sensitivity | Removed policies except for H2 tax reduction";"Electricity"
"OPEX";"Taxes";"DE";"Taxes, Fees, Levies and charges - MCS";"Tractor-Trailer";"BAU";"EUR/kWh";2050;"0.056";"Sensitivity | Removed policies except for H2 tax reduction";"Electricity"
"OPEX";"Taxes";"ES";"Taxes, Fees, Levies and charges - MCS";"Rigid";"BAU";"EUR/kWh";2050;"0.036";"Sensitivity | Removed policies except for H2 tax reduction";"Electricity"
"OPEX";"Taxes";"ES";"Taxes, Fees, Levies and charges - MCS";"Tractor-Trailer";"BAU";"EUR/kWh";2050;"0.036";"Sensitivity | Removed policies except for H2 tax reduction";"Electricity"
"OPEX";"Taxes";"FR";"Taxes, Fees, Levies and charges - MCS";"Rigid";"BAU";"EUR/kWh";2050;"0.03";"Sensitivity | Removed policies except for H2 tax reduction";"Electricity"
"OPEX";"Taxes";"FR";"Taxes, Fees, Levies and charges - MCS";"Tractor-Trailer";"BAU";"EUR/kWh";2050;"0.03";"Sensitivity | Removed policies except for H2 tax reduction";"Electricity"
"OPEX";"Taxes";"IT";"Taxes, Fees, Levies and charges - MCS";"Rigid";"BAU";"EUR/kWh";2050;"0.062";"Sensitivity | Removed policies except for H2 tax reduction";"Electricity"
"OPEX";"Taxes";"IT";"Taxes, Fees, Levies and charges - MCS";"Tractor-Trailer";"BAU";"EUR/kWh";2050;"0.062";"Sensitivity | Removed policies except for H2 tax reduction";"Electricity"
"OPEX";"Taxes";"NL";"Taxes, Fees, Levies and charges - MCS";"Rigid";"BAU";"EUR/kWh";2050;"0.055";"Sensitivity | Removed policies except for H2 tax reduction";"Electricity"
"OPEX";"Taxes";"NL";"Taxes, Fees, Levies and charges - MCS";"Tractor-Trailer";"BAU";"EUR/kWh";2050;"0.055";"Sensitivity | Removed policies except for H2 tax reduction";"Electricity"
"OPEX";"Taxes";"PL";"Taxes, Fees, Levies and charges - MCS";"Rigid";"BAU";"EUR/kWh";2050;"0.049";"Sensitivity | Removed policies except for H2 tax reduction";"Electricity"
"OPEX";"Taxes";"PL";"Taxes, Fees, Levies and charges - MCS";"Tractor-Trailer";"BAU";"EUR/kWh";2050;"0.049";"Sensitivity | Removed policies except for H2 tax reduction";"Electricity"
"OPEX";"Taxes";"UK";"Taxes, Fees, Levies and charges - MCS";"Rigid";"BAU";"EUR/kWh";2050;"0.077";"Sensitivity | Removed policies except for H2 tax reduction";"Electricity"
"OPEX";"Taxes";"UK";"Taxes, Fees, Levies and charges - MCS";"Tractor-Trailer";"BAU";"EUR/kWh";2050;"0.077";"Sensitivity | Removed policies except for H2 tax reduction";"Electricity"
"OPEX";"Taxes";"DE";"Network Costs - Depot";"Rigid";"BAU";"EUR/kWh";2050;"0.034";"Sensitivity | Removed policies except for H2 tax reduction";"Electricity"
"OPEX";"Taxes";"DE";"Network Costs - Depot";"Tractor-Trailer";"BAU";"EUR/kWh";2050;"0.034";"Sensitivity | Removed policies except for H2 tax reduction";"Electricity"
"OPEX";"Taxes";"ES";"Network Costs - Depot";"Rigid";"BAU";"EUR/kWh";2050;"0.018";"Sensitivity | Removed policies except for H2 tax reduction";"Electricity"
"OPEX";"Taxes";"ES";"Network Costs - Depot";"Tractor-Trailer";"BAU";"EUR/kWh";2050;"0.018";"Sensitivity | Removed policies except for H2 tax reduction";"Electricity"
"OPEX";"Taxes";"FR";"Network Costs - Depot";"Rigid";"BAU";"EUR/kWh";2050;"0.018";"Sensitivity | Removed policies except for H2 tax reduction";"Electricity"
"OPEX";"Taxes";"FR";"Network Costs - Depot";"Tractor-Trailer";"BAU";"EUR/kWh";2050;"0.018";"Sensitivity | Removed policies except for H2 tax reduction";"Electricity"
"OPEX";"Taxes";"IT";"Network Costs - Depot";"Rigid";"BAU";"EUR/kWh";2050;"0.016";"Sensitivity | Removed policies except for H2 tax reduction";"Electricity"
"OPEX";"Taxes";"IT";"Network Costs - Depot";"Tractor-Trailer";"BAU";"EUR/kWh";2050;"0.016";"Sensitivity | Removed policies except for H2 tax reduction";"Electricity"
"OPEX";"Taxes";"NL";"Network Costs - Depot";"Rigid";"BAU";"EUR/kWh";2050;"0.016";"Sensitivity | Removed policies except for H2 tax reduction";"Electricity"
"OPEX";"Taxes";"NL";"Network Costs - Depot";"Tractor-Trailer";"BAU";"EUR/kWh";2050;"0.016";"Sensitivity | Removed policies except for H2 tax reduction";"Electricity"
"OPEX";"Taxes";"PL";"Network Costs - Depot";"Rigid";"BAU";"EUR/kWh";2050;"0.019";"Sensitivity | Removed policies except for H2 tax reduction";"Electricity"
"OPEX";"Taxes";"PL";"Network Costs - Depot";"Tractor-Trailer";"BAU";"EUR/kWh";2050;"0.019";"Sensitivity | Removed policies except for H2 tax reduction";"Electricity"
"OPEX";"Taxes";"UK";"Network Costs - Depot";"Rigid";"BAU";"EUR/kWh";2050;"0.027";"Sensitivity | Removed policies except for H2 tax reduction";"Electricity"
"OPEX";"Taxes";"UK";"Network Costs - Depot";"Tractor-Trailer";"BAU";"EUR/kWh";2050;"0.027";"Sensitivity | Removed policies except for H2 tax reduction";"Electricity"
"OPEX";"Taxes";"DE";"Taxes, Fees, Levies and charges - Depot";"Rigid";"BAU";"EUR/kWh";2050;"0.056";"Sensitivity | Removed policies except for H2 tax reduction";"Electricity"
"OPEX";"Taxes";"DE";"Taxes, Fees, Levies and charges - Depot";"Tractor-Trailer";"BAU";"EUR/kWh";2050;"0.056";"Sensitivity | Removed policies except for H2 tax reduction";"Electricity"
"OPEX";"Taxes";"ES";"Taxes, Fees, Levies and charges - Depot";"Rigid";"BAU";"EUR/kWh";2050;"0.036";"Sensitivity | Removed policies except for H2 tax reduction";"Electricity"
"OPEX";"Taxes";"ES";"Taxes, Fees, Levies and charges - Depot";"Tractor-Trailer";"BAU";"EUR/kWh";2050;"0.036";"Sensitivity | Removed policies except for H2 tax reduction";"Electricity"
"OPEX";"Taxes";"FR";"Taxes, Fees, Levies and charges - Depot";"Rigid";"BAU";"EUR/kWh";2050;"0.03";"Sensitivity | Removed policies except for H2 tax reduction";"Electricity"
"OPEX";"Taxes";"FR";"Taxes, Fees, Levies and charges - Depot";"Tractor-Trailer";"BAU";"EUR/kWh";2050;"0.03";"Sensitivity | Removed policies except for H2 tax reduction";"Electricity"
"OPEX";"Taxes";"IT";"Taxes, Fees, Levies and charges - Depot";"Rigid";"BAU";"EUR/kWh";2050;"0.063";"Sensitivity | Removed policies except for H2 tax reduction";"Electricity"
"OPEX";"Taxes";"IT";"Taxes, Fees, Levies and charges - Depot";"Tractor-Trailer";"BAU";"EUR/kWh";2050;"0.063";"Sensitivity | Removed policies except for H2 tax reduction";"Electricity"
"OPEX";"Taxes";"NL";"Taxes, Fees, Levies and charges - Depot";"Rigid";"BAU";"EUR/kWh";2050;"0.055";"Sensitivity | Removed policies except for H2 tax reduction";"Electricity"
"OPEX";"Taxes";"NL";"Taxes, Fees, Levies and charges - Depot";"Tractor-Trailer";"BAU";"EUR/kWh";2050;"0.055";"Sensitivity | Removed policies except for H2 tax reduction";"Electricity"
"OPEX";"Taxes";"PL";"Taxes, Fees, Levies and charges - Depot";"Rigid";"BAU";"EUR/kWh";2050;"0.049";"Sensitivity | Removed policies except for H2 tax reduction";"Electricity"
"OPEX";"Taxes";"PL";"Taxes, Fees, Levies and charges - Depot";"Tractor-Trailer";"BAU";"EUR/kWh";2050;"0.049";"Sensitivity | Removed policies except for H2 tax reduction";"Electricity"
"OPEX";"Taxes";"UK";"Taxes, Fees, Levies and charges - Depot";"Rigid";"BAU";"EUR/kWh";2050;"0.077";"Sensitivity | Removed policies except for H2 tax reduction";"Electricity"
"OPEX";"Taxes";"UK";"Taxes, Fees, Levies and charges - Depot";"Tractor-Trailer";"BAU";"EUR/kWh";2050;"0.077";"Sensitivity | Removed policies except for H2 tax reduction";"Electricity"
"OPEX";"H2 Infrastructure";"DE";"HRS costs";"Rigid";"BAU";"EUR/kg H2";2050;"1";"Sensitivity | Removed policies except for H2 tax reduction";"Hydrogen"
"OPEX";"H2 Infrastructure";"DE";"HRS costs";"Tractor-Trailer";"BAU";"EUR/kg H2";2050;"1";"Sensitivity | Removed policies except for H2 tax reduction";"Hydrogen"
"OPEX";"H2 Infrastructure";"ES";"HRS costs";"Rigid";"BAU";"EUR/kg H2";2050;"1";"Sensitivity | Removed policies except for H2 tax reduction";"Hydrogen"
"OPEX";"H2 Infrastructure";"ES";"HRS costs";"Tractor-Trailer";"BAU";"EUR/kg H2";2050;"1";"Sensitivity | Removed policies except for H2 tax reduction";"Hydrogen"
"OPEX";"H2 Infrastructure";"FR";"HRS costs";"Rigid";"BAU";"EUR/kg H2";2050;"1";"Sensitivity | Removed policies except for H2 tax reduction";"Hydrogen"
"OPEX";"H2 Infrastructure";"FR";"HRS costs";"Tractor-Trailer";"BAU";"EUR/kg H2";2050;"1";"Sensitivity | Removed policies except for H2 tax reduction";"Hydrogen"
"OPEX";"H2 Infrastructure";"IT";"HRS costs";"Rigid";"BAU";"EUR/kg H2";2050;"1";"Sensitivity | Removed policies except for H2 tax reduction";"Hydrogen"
"OPEX";"H2 Infrastructure";"IT";"HRS costs";"Tractor-Trailer";"BAU";"EUR/kg H2";2050;"1";"Sensitivity | Removed policies except for H2 tax reduction";"Hydrogen"
"OPEX";"H2 Infrastructure";"NL";"HRS costs";"Rigid";"BAU";"EUR/kg H2";2050;"1";"Sensitivity | Removed policies except for H2 tax reduction";"Hydrogen"
"OPEX";"H2 Infrastructure";"NL";"HRS costs";"Tractor-Trailer";"BAU";"EUR/kg H2";2050;"1";"Sensitivity | Removed policies except for H2 tax reduction";"Hydrogen"
"OPEX";"H2 Infrastructure";"PL";"HRS costs";"Rigid";"BAU";"EUR/kg H2";2050;"1";"Sensitivity | Removed policies except for H2 tax reduction";"Hydrogen"
"OPEX";"H2 Infrastructure";"PL";"HRS costs";"Tractor-Trailer";"BAU";"EUR/kg H2";2050;"1";"Sensitivity | Removed policies except for H2 tax reduction";"Hydrogen"
"OPEX";"H2 Infrastructure";"UK";"HRS costs";"Rigid";"BAU";"EUR/kg H2";2050;"1";"Sensitivity | Removed policies except for H2 tax reduction";"Hydrogen"
"OPEX";"H2 Infrastructure";"UK";"HRS costs";"Tractor-Trailer";"BAU";"EUR/kg H2";2050;"1";"Sensitivity | Removed policies except for H2 tax reduction";"Hydrogen"
"OPEX";"H2 Infrastructure";"DE";"H2 transport and distribution";"Rigid";"BAU";"EUR/kg H2";2050;"1";"Sensitivity | Removed policies except for H2 tax reduction";"Hydrogen"
"OPEX";"H2 Infrastructure";"DE";"H2 transport and distribution";"Tractor-Trailer";"BAU";"EUR/kg H2";2050;"1";"Sensitivity | Removed policies except for H2 tax reduction";"Hydrogen"
"OPEX";"H2 Infrastructure";"ES";"H2 transport and distribution";"Rigid";"BAU";"EUR/kg H2";2050;"1";"Sensitivity | Removed policies except for H2 tax reduction";"Hydrogen"
"OPEX";"H2 Infrastructure";"ES";"H2 transport and distribution";"Tractor-Trailer";"BAU";"EUR/kg H2";2050;"1";"Sensitivity | Removed policies except for H2 tax reduction";"Hydrogen"
"OPEX";"H2 Infrastructure";"FR";"H2 transport and distribution";"Rigid";"BAU";"EUR/kg H2";2050;"1";"Sensitivity | Removed policies except for H2 tax reduction";"Hydrogen"
"OPEX";"H2 Infrastructure";"FR";"H2 transport and distribution";"Tractor-Trailer";"BAU";"EUR/kg H2";2050;"1";"Sensitivity | Removed policies except for H2 tax reduction";"Hydrogen"
"OPEX";"H2 Infrastructure";"IT";"H2 transport and distribution";"Rigid";"BAU";"EUR/kg H2";2050;"1";"Sensitivity | Removed policies except for H2 tax reduction";"Hydrogen"
"OPEX";"H2 Infrastructure";"IT";"H2 transport and distribution";"Tractor-Trailer";"BAU";"EUR/kg H2";2050;"1";"Sensitivity | Removed policies except for H2 tax reduction";"Hydrogen"
"OPEX";"H2 Infrastructure";"NL";"H2 transport and distribution";"Rigid";"BAU";"EUR/kg H2";2050;"1";"Sensitivity | Removed policies except for H2 tax reduction";"Hydrogen"
"OPEX";"H2 Infrastructure";"NL";"H2 transport and distribution";"Tractor-Trailer";"BAU";"EUR/kg H2";2050;"1";"Sensitivity | Removed policies except for H2 tax reduction";"Hydrogen"
"OPEX";"H2 Infrastructure";"PL";"H2 transport and distribution";"Rigid";"BAU";"EUR/kg H2";2050;"1";"Sensitivity | Removed policies except for H2 tax reduction";"Hydrogen"
"OPEX";"H2 Infrastructure";"PL";"H2 transport and distribution";"Tractor-Trailer";"BAU";"EUR/kg H2";2050;"1";"Sensitivity | Removed policies except for H2 tax reduction";"Hydrogen"
"OPEX";"H2 Infrastructure";"UK";"H2 transport and distribution";"Rigid";"BAU";"EUR/kg H2";2050;"1";"Sensitivity | Removed policies except for H2 tax reduction";"Hydrogen"
"OPEX";"H2 Infrastructure";"UK";"H2 transport and distribution";"Tractor-Trailer";"BAU";"EUR/kg H2";2050;"1";"Sensitivity | Removed policies except for H2 tax reduction";"Hydrogen"
"OPEX";"H2 Infrastructure";"DE";"HRS Overhead, Profit and Mark-Up";"Rigid";"BAU";"EUR/kg H2";2050;"0.25";"Sensitivity | Removed policies except for H2 tax reduction";"Hydrogen"
"OPEX";"H2 Infrastructure";"DE";"HRS Overhead, Profit and Mark-Up";"Tractor-Trailer";"BAU";"EUR/kg H2";2050;"0.25";"Sensitivity | Removed policies except for H2 tax reduction";"Hydrogen"
"OPEX";"H2 Infrastructure";"ES";"HRS Overhead, Profit and Mark-Up";"Rigid";"BAU";"EUR/kg H2";2050;"0.25";"Sensitivity | Removed policies except for H2 tax reduction";"Hydrogen"
"OPEX";"H2 Infrastructure";"ES";"HRS Overhead, Profit and Mark-Up";"Tractor-Trailer";"BAU";"EUR/kg H2";2050;"0.25";"Sensitivity | Removed policies except for H2 tax reduction";"Hydrogen"
"OPEX";"H2 Infrastructure";"FR";"HRS Overhead, Profit and Mark-Up";"Rigid";"BAU";"EUR/kg H2";2050;"0.25";"Sensitivity | Removed policies except for H2 tax reduction";"Hydrogen"
"OPEX";"H2 Infrastructure";"FR";"HRS Overhead, Profit and Mark-Up";"Tractor-Trailer";"BAU";"EUR/kg H2";2050;"0.25";"Sensitivity | Removed policies except for H2 tax reduction";"Hydrogen"
"OPEX";"H2 Infrastructure";"IT";"HRS Overhead, Profit and Mark-Up";"Rigid";"BAU";"EUR/kg H2";2050;"0.25";"Sensitivity | Removed policies except for H2 tax reduction";"Hydrogen"
"OPEX";"H2 Infrastructure";"IT";"HRS Overhead, Profit and Mark-Up";"Tractor-Trailer";"BAU";"EUR/kg H2";2050;"0.25";"Sensitivity | Removed policies except for H2 tax reduction";"Hydrogen"
"OPEX";"H2 Infrastructure";"NL";"HRS Overhead, Profit and Mark-Up";"Rigid";"BAU";"EUR/kg H2";2050;"0.25";"Sensitivity | Removed policies except for H2 tax reduction";"Hydrogen"
"OPEX";"H2 Infrastructure";"NL";"HRS Overhead, Profit and Mark-Up";"Tractor-Trailer";"BAU";"EUR/kg H2";2050;"0.25";"Sensitivity | Removed policies except for H2 tax reduction";"Hydrogen"
"OPEX";"H2 Infrastructure";"PL";"HRS Overhead, Profit and Mark-Up";"Rigid";"BAU";"EUR/kg H2";2050;"0.25";"Sensitivity | Removed policies except for H2 tax reduction";"Hydrogen"
"OPEX";"H2 Infrastructure";"PL";"HRS Overhead, Profit and Mark-Up";"Tractor-Trailer";"BAU";"EUR/kg H2";2050;"0.25";"Sensitivity | Removed policies except for H2 tax reduction";"Hydrogen"
"OPEX";"H2 Infrastructure";"UK";"HRS Overhead, Profit and Mark-Up";"Rigid";"BAU";"EUR/kg H2";2050;"0.25";"Sensitivity | Removed policies except for H2 tax reduction";"Hydrogen"
"OPEX";"H2 Infrastructure";"UK";"HRS Overhead, Profit and Mark-Up";"Tractor-Trailer";"BAU";"EUR/kg H2";2050;"0.25";"Sensitivity | Removed policies except for H2 tax reduction";"Hydrogen"
"OPEX";"Charging Infrastructure";"DE";"MCS Station (Public Charging) - Incl. Overhead";"Rigid";"BAU";"EUR/kWh";2050;"0.028";"Sensitivity | Removed policies except for H2 tax reduction";"Electricity"
"OPEX";"Charging Infrastructure";"DE";"MCS Station (Public Charging) - Incl. Overhead";"Tractor-Trailer";"BAU";"EUR/kWh";2050;"0.028";"Sensitivity | Removed policies except for H2 tax reduction";"Electricity"
"OPEX";"Charging Infrastructure";"ES";"MCS Station (Public Charging) - Incl. Overhead";"Rigid";"BAU";"EUR/kWh";2050;"0.028";"Sensitivity | Removed policies except for H2 tax reduction";"Electricity"
"OPEX";"Charging Infrastructure";"ES";"MCS Station (Public Charging) - Incl. Overhead";"Tractor-Trailer";"BAU";"EUR/kWh";2050;"0.028";"Sensitivity | Removed policies except for H2 tax reduction";"Electricity"
"OPEX";"Charging Infrastructure";"FR";"MCS Station (Public Charging) - Incl. Overhead";"Rigid";"BAU";"EUR/kWh";2050;"0.028";"Sensitivity | Removed policies except for H2 tax reduction";"Electricity"
"OPEX";"Charging Infrastructure";"FR";"MCS Station (Public Charging) - Incl. Overhead";"Tractor-Trailer";"BAU";"EUR/kWh";2050;"0.028";"Sensitivity | Removed policies except for H2 tax reduction";"Electricity"
"OPEX";"Charging Infrastructure";"IT";"MCS Station (Public Charging) - Incl. Overhead";"Rigid";"BAU";"EUR/kWh";2050;"0.028";"Sensitivity | Removed policies except for H2 tax reduction";"Electricity"
"OPEX";"Charging Infrastructure";"IT";"MCS Station (Public Charging) - Incl. Overhead";"Tractor-Trailer";"BAU";"EUR/kWh";2050;"0.028";"Sensitivity | Removed policies except for H2 tax reduction";"Electricity"
"OPEX";"Charging Infrastructure";"NL";"MCS Station (Public Charging) - Incl. Overhead";"Rigid";"BAU";"EUR/kWh";2050;"0.028";"Sensitivity | Removed policies except for H2 tax reduction";"Electricity"
"OPEX";"Charging Infrastructure";"NL";"MCS Station (Public Charging) - Incl. Overhead";"Tractor-Trailer";"BAU";"EUR/kWh";2050;"0.028";"Sensitivity | Removed policies except for H2 tax reduction";"Electricity"
"OPEX";"Charging Infrastructure";"PL";"MCS Station (Public Charging) - Incl. Overhead";"Rigid";"BAU";"EUR/kWh";2050;"0.028";"Sensitivity | Removed policies except for H2 tax reduction";"Electricity"
"OPEX";"Charging Infrastructure";"PL";"MCS Station (Public Charging) - Incl. Overhead";"Tractor-Trailer";"BAU";"EUR/kWh";2050;"0.028";"Sensitivity | Removed policies except for H2 tax reduction";"Electricity"
"OPEX";"Charging Infrastructure";"UK";"MCS Station (Public Charging) - Incl. Overhead";"Rigid";"BAU";"EUR/kWh";2050;"0.028";"Sensitivity | Removed policies except for H2 tax reduction";"Electricity"
"OPEX";"Charging Infrastructure";"UK";"MCS Station (Public Charging) - Incl. Overhead";"Tractor-Trailer";"BAU";"EUR/kWh";2050;"0.028";"Sensitivity | Removed policies except for H2 tax reduction";"Electricity"
"OPEX";"Charging Infrastructure";"DE";"Share MCS-Charging";"Rigid";"BAU";"%";2050;"0.2";"Sensitivity | Removed policies except for H2 tax reduction";"Electricity"
"OPEX";"Charging Infrastructure";"DE";"Share MCS-Charging";"Tractor-Trailer";"BAU";"%";2050;"0.2";"Sensitivity | Removed policies except for H2 tax reduction";"Electricity"
"OPEX";"Charging Infrastructure";"ES";"Share MCS-Charging";"Rigid";"BAU";"%";2050;"0.2";"Sensitivity | Removed policies except for H2 tax reduction";"Electricity"
"OPEX";"Charging Infrastructure";"ES";"Share MCS-Charging";"Tractor-Trailer";"BAU";"%";2050;"0.2";"Sensitivity | Removed policies except for H2 tax reduction";"Electricity"
"OPEX";"Charging Infrastructure";"FR";"Share MCS-Charging";"Rigid";"BAU";"%";2050;"0.2";"Sensitivity | Removed policies except for H2 tax reduction";"Electricity"
"OPEX";"Charging Infrastructure";"FR";"Share MCS-Charging";"Tractor-Trailer";"BAU";"%";2050;"0.2";"Sensitivity | Removed policies except for H2 tax reduction";"Electricity"
"OPEX";"Charging Infrastructure";"IT";"Share MCS-Charging";"Rigid";"BAU";"%";2050;"0.2";"Sensitivity | Removed policies except for H2 tax reduction";"Electricity"
"OPEX";"Charging Infrastructure";"IT";"Share MCS-Charging";"Tractor-Trailer";"BAU";"%";2050;"0.2";"Sensitivity | Removed policies except for H2 tax reduction";"Electricity"
"OPEX";"Charging Infrastructure";"NL";"Share MCS-Charging";"Rigid";"BAU";"%";2050;"0.2";"Sensitivity | Removed policies except for H2 tax reduction";"Electricity"
"OPEX";"Charging Infrastructure";"NL";"Share MCS-Charging";"Tractor-Trailer";"BAU";"%";2050;"0.2";"Sensitivity | Removed policies except for H2 tax reduction";"Electricity"
"OPEX";"Charging Infrastructure";"PL";"Share MCS-Charging";"Rigid";"BAU";"%";2050;"0.2";"Sensitivity | Removed policies except for H2 tax reduction";"Electricity"
"OPEX";"Charging Infrastructure";"PL";"Share MCS-Charging";"Tractor-Trailer";"BAU";"%";2050;"0.2";"Sensitivity | Removed policies except for H2 tax reduction";"Electricity"
"OPEX";"Charging Infrastructure";"UK";"Share MCS-Charging";"Rigid";"BAU";"%";2050;"0.2";"Sensitivity | Removed policies except for H2 tax reduction";"Electricity"
"OPEX";"Charging Infrastructure";"UK";"Share MCS-Charging";"Tractor-Trailer";"BAU";"%";2050;"0.2";"Sensitivity | Removed policies except for H2 tax reduction";"Electricity"
"OPEX";"Charging Infrastructure";"DE";"Depot - Network fees savings potential";"Rigid";"BAU";"EUR/kWh";2050;"0";"Sensitivity | Removed policies except for H2 tax reduction";"Electricity"
"OPEX";"Charging Infrastructure";"DE";"Depot - Network fees savings potential";"Tractor-Trailer";"BAU";"EUR/kWh";2050;"0";"Sensitivity | Removed policies except for H2 tax reduction";"Electricity"
"OPEX";"Charging Infrastructure";"ES";"Depot - Network fees savings potential";"Rigid";"BAU";"EUR/kWh";2050;"0";"Sensitivity | Removed policies except for H2 tax reduction";"Electricity"
"OPEX";"Charging Infrastructure";"ES";"Depot - Network fees savings potential";"Tractor-Trailer";"BAU";"EUR/kWh";2050;"0";"Sensitivity | Removed policies except for H2 tax reduction";"Electricity"
"OPEX";"Charging Infrastructure";"FR";"Depot - Network fees savings potential";"Rigid";"BAU";"EUR/kWh";2050;"0";"Sensitivity | Removed policies except for H2 tax reduction";"Electricity"
"OPEX";"Charging Infrastructure";"FR";"Depot - Network fees savings potential";"Tractor-Trailer";"BAU";"EUR/kWh";2050;"0";"Sensitivity | Removed policies except for H2 tax reduction";"Electricity"
"OPEX";"Charging Infrastructure";"IT";"Depot - Network fees savings potential";"Rigid";"BAU";"EUR/kWh";2050;"0";"Sensitivity | Removed policies except for H2 tax reduction";"Electricity"
"OPEX";"Charging Infrastructure";"IT";"Depot - Network fees savings potential";"Tractor-Trailer";"BAU";"EUR/kWh";2050;"0";"Sensitivity | Removed policies except for H2 tax reduction";"Electricity"
"OPEX";"Charging Infrastructure";"NL";"Depot - Network fees savings potential";"Rigid";"BAU";"EUR/kWh";2050;"0";"Sensitivity | Removed policies except for H2 tax reduction";"Electricity"
"OPEX";"Charging Infrastructure";"NL";"Depot - Network fees savings potential";"Tractor-Trailer";"BAU";"EUR/kWh";2050;"0";"Sensitivity | Removed policies except for H2 tax reduction";"Electricity"
"OPEX";"Charging Infrastructure";"PL";"Depot - Network fees savings potential";"Rigid";"BAU";"EUR/kWh";2050;"0";"Sensitivity | Removed policies except for H2 tax reduction";"Electricity"
"OPEX";"Charging Infrastructure";"PL";"Depot - Network fees savings potential";"Tractor-Trailer";"BAU";"EUR/kWh";2050;"0";"Sensitivity | Removed policies except for H2 tax reduction";"Electricity"
"OPEX";"Charging Infrastructure";"UK";"Depot - Network fees savings potential";"Rigid";"BAU";"EUR/kWh";2050;"0";"Sensitivity | Removed policies except for H2 tax reduction";"Electricity"
"OPEX";"Charging Infrastructure";"UK";"Depot - Network fees savings potential";"Tractor-Trailer";"BAU";"EUR/kWh";2050;"0";"Sensitivity | Removed policies except for H2 tax reduction";"Electricity"
"OPEX";"Taxes";"DE";"Tax reduction";"Rigid";"BAU";"%";2050;"0";"Sensitivity | Removed policies except for H2 tax reduction";"Hydrogen"
"OPEX";"Taxes";"DE";"Tax reduction";"Tractor-Trailer";"BAU";"%";2050;"0";"Sensitivity | Removed policies except for H2 tax reduction";"Hydrogen"
"OPEX";"Taxes";"ES";"Tax reduction";"Rigid";"BAU";"%";2050;"0";"Sensitivity | Removed policies except for H2 tax reduction";"Hydrogen"
"OPEX";"Taxes";"ES";"Tax reduction";"Tractor-Trailer";"BAU";"%";2050;"0";"Sensitivity | Removed policies except for H2 tax reduction";"Hydrogen"
"OPEX";"Taxes";"FR";"Tax reduction";"Rigid";"BAU";"%";2050;"0";"Sensitivity | Removed policies except for H2 tax reduction";"Hydrogen"
"OPEX";"Taxes";"FR";"Tax reduction";"Tractor-Trailer";"BAU";"%";2050;"0";"Sensitivity | Removed policies except for H2 tax reduction";"Hydrogen"
"OPEX";"Taxes";"IT";"Tax reduction";"Rigid";"BAU";"%";2050;"0";"Sensitivity | Removed policies except for H2 tax reduction";"Hydrogen"
"OPEX";"Taxes";"IT";"Tax reduction";"Tractor-Trailer";"BAU";"%";2050;"0";"Sensitivity | Removed policies except for H2 tax reduction";"Hydrogen"
"OPEX";"Taxes";"NL";"Tax reduction";"Rigid";"BAU";"%";2050;"0";"Sensitivity | Removed policies except for H2 tax reduction";"Hydrogen"
"OPEX";"Taxes";"NL";"Tax reduction";"Tractor-Trailer";"BAU";"%";2050;"0";"Sensitivity | Removed policies except for H2 tax reduction";"Hydrogen"
"OPEX";"Taxes";"PL";"Tax reduction";"Rigid";"BAU";"%";2050;"0";"Sensitivity | Removed policies except for H2 tax reduction";"Hydrogen"
"OPEX";"Taxes";"PL";"Tax reduction";"Tractor-Trailer";"BAU";"%";2050;"0";"Sensitivity | Removed policies except for H2 tax reduction";"Hydrogen"
"OPEX";"Taxes";"UK";"Tax reduction";"Rigid";"BAU";"%";2050;"0";"Sensitivity | Removed policies except for H2 tax reduction";"Hydrogen"
"OPEX";"Taxes";"UK";"Tax reduction";"Tractor-Trailer";"BAU";"%";2050;"0";"Sensitivity | Removed policies except for H2 tax reduction";"Hydrogen"
"OPEX";"Taxes";"DE";"Increasing grid fees";"Rigid";"PROG";"%";2050;"0.3";"Sensitivity | Removed policies except for H2 tax reduction";"Electricity"
"OPEX";"Taxes";"DE";"Increasing grid fees";"Tractor-Trailer";"PROG";"%";2050;"0.3";"Sensitivity | Removed policies except for H2 tax reduction";"Electricity"
"OPEX";"Taxes";"ES";"Increasing grid fees";"Rigid";"PROG";"%";2050;"0.3";"Sensitivity | Removed policies except for H2 tax reduction";"Electricity"
"OPEX";"Taxes";"ES";"Increasing grid fees";"Tractor-Trailer";"PROG";"%";2050;"0.3";"Sensitivity | Removed policies except for H2 tax reduction";"Electricity"
"OPEX";"Taxes";"FR";"Increasing grid fees";"Rigid";"PROG";"%";2050;"0.3";"Sensitivity | Removed policies except for H2 tax reduction";"Electricity"
"OPEX";"Taxes";"FR";"Increasing grid fees";"Tractor-Trailer";"PROG";"%";2050;"0.3";"Sensitivity | Removed policies except for H2 tax reduction";"Electricity"
"OPEX";"Taxes";"IT";"Increasing grid fees";"Rigid";"PROG";"%";2050;"0.3";"Sensitivity | Removed policies except for H2 tax reduction";"Electricity"
"OPEX";"Taxes";"IT";"Increasing grid fees";"Tractor-Trailer";"PROG";"%";2050;"0.3";"Sensitivity | Removed policies except for H2 tax reduction";"Electricity"
"OPEX";"Taxes";"NL";"Increasing grid fees";"Rigid";"PROG";"%";2050;"0.3";"Sensitivity | Removed policies except for H2 tax reduction";"Electricity"
"OPEX";"Taxes";"NL";"Increasing grid fees";"Tractor-Trailer";"PROG";"%";2050;"0.3";"Sensitivity | Removed policies except for H2 tax reduction";"Electricity"
"OPEX";"Taxes";"PL";"Increasing grid fees";"Rigid";"PROG";"%";2050;"0.3";"Sensitivity | Removed policies except for H2 tax reduction";"Electricity"
"OPEX";"Taxes";"PL";"Increasing grid fees";"Tractor-Trailer";"PROG";"%";2050;"0.3";"Sensitivity | Removed policies except for H2 tax reduction";"Electricity"
"OPEX";"Taxes";"UK";"Increasing grid fees";"Rigid";"PROG";"%";2050;"0.3";"Sensitivity | Removed policies except for H2 tax reduction";"Electricity"
"OPEX";"Taxes";"UK";"Increasing grid fees";"Tractor-Trailer";"PROG";"%";2050;"0.3";"Sensitivity | Removed policies except for H2 tax reduction";"Electricity"
"OPEX";"Taxes";"DE";"Increasing grid fees";"Rigid";"BAU";"%";2050;"0.5";"Sensitivity | Removed policies except for H2 tax reduction";"Electricity"
"OPEX";"Taxes";"DE";"Increasing grid fees";"Tractor-Trailer";"BAU";"%";2050;"0.5";"Sensitivity | Removed policies except for H2 tax reduction";"Electricity"
"OPEX";"Taxes";"ES";"Increasing grid fees";"Rigid";"BAU";"%";2050;"0.5";"Sensitivity | Removed policies except for H2 tax reduction";"Electricity"
"OPEX";"Taxes";"ES";"Increasing grid fees";"Tractor-Trailer";"BAU";"%";2050;"0.5";"Sensitivity | Removed policies except for H2 tax reduction";"Electricity"
"OPEX";"Taxes";"FR";"Increasing grid fees";"Rigid";"BAU";"%";2050;"0.5";"Sensitivity | Removed policies except for H2 tax reduction";"Electricity"
"OPEX";"Taxes";"FR";"Increasing grid fees";"Tractor-Trailer";"BAU";"%";2050;"0.5";"Sensitivity | Removed policies except for H2 tax reduction";"Electricity"
"OPEX";"Taxes";"IT";"Increasing grid fees";"Rigid";"BAU";"%";2050;"0.5";"Sensitivity | Removed policies except for H2 tax reduction";"Electricity"
"OPEX";"Taxes";"IT";"Increasing grid fees";"Tractor-Trailer";"BAU";"%";2050;"0.5";"Sensitivity | Removed policies except for H2 tax reduction";"Electricity"
"OPEX";"Taxes";"NL";"Increasing grid fees";"Rigid";"BAU";"%";2050;"0.5";"Sensitivity | Removed policies except for H2 tax reduction";"Electricity"
"OPEX";"Taxes";"NL";"Increasing grid fees";"Tractor-Trailer";"BAU";"%";2050;"0.5";"Sensitivity | Removed policies except for H2 tax reduction";"Electricity"
"OPEX";"Taxes";"PL";"Increasing grid fees";"Rigid";"BAU";"%";2050;"0.5";"Sensitivity | Removed policies except for H2 tax reduction";"Electricity"
"OPEX";"Taxes";"PL";"Increasing grid fees";"Tractor-Trailer";"BAU";"%";2050;"0.5";"Sensitivity | Removed policies except for H2 tax reduction";"Electricity"
"OPEX";"Taxes";"UK";"Increasing grid fees";"Rigid";"BAU";"%";2050;"0.5";"Sensitivity | Removed policies except for H2 tax reduction";"Electricity"
"OPEX";"Taxes";"UK";"Increasing grid fees";"Tractor-Trailer";"BAU";"%";2050;"0.5";"Sensitivity | Removed policies except for H2 tax reduction";"Electricity"
"OPEX";"Diesel";"FR";"Biodiesel Price";"Rigid";"PROG";"EUR/kWh";2030;"0.106";"Sensitivity | Removed policies except for H2 tax reduction";"Diesel"
"OPEX";"Diesel";"FR";"Biodiesel Price";"Tractor-Trailer";"PROG";"EUR/kWh";2030;"0.106";"Sensitivity | Removed policies except for H2 tax reduction";"Diesel"
"OPEX";"Diesel";"DE";"Biodiesel Price";"Rigid";"PROG";"EUR/kWh";2030;"0.106";"Sensitivity | Removed policies except for H2 tax reduction";"Diesel"
"OPEX";"Diesel";"DE";"Biodiesel Price";"Tractor-Trailer";"PROG";"EUR/kWh";2030;"0.106";"Sensitivity | Removed policies except for H2 tax reduction";"Diesel"
"OPEX";"Diesel";"ES";"Biodiesel Price";"Rigid";"PROG";"EUR/kWh";2030;"0.106";"Sensitivity | Removed policies except for H2 tax reduction";"Diesel"
"OPEX";"Diesel";"ES";"Biodiesel Price";"Tractor-Trailer";"PROG";"EUR/kWh";2030;"0.106";"Sensitivity | Removed policies except for H2 tax reduction";"Diesel"
"OPEX";"Diesel";"IT";"Biodiesel Price";"Rigid";"PROG";"EUR/kWh";2030;"0.106";"Sensitivity | Removed policies except for H2 tax reduction";"Diesel"
"OPEX";"Diesel";"IT";"Biodiesel Price";"Tractor-Trailer";"PROG";"EUR/kWh";2030;"0.106";"Sensitivity | Removed policies except for H2 tax reduction";"Diesel"
"OPEX";"Diesel";"NL";"Biodiesel Price";"Rigid";"PROG";"EUR/kWh";2030;"0.106";"Sensitivity | Removed policies except for H2 tax reduction";"Diesel"
"OPEX";"Diesel";"NL";"Biodiesel Price";"Tractor-Trailer";"PROG";"EUR/kWh";2030;"0.106";"Sensitivity | Removed policies except for H2 tax reduction";"Diesel"
"OPEX";"Diesel";"PL";"Biodiesel Price";"Rigid";"PROG";"EUR/kWh";2030;"0.106";"Sensitivity | Removed policies except for H2 tax reduction";"Diesel"
"OPEX";"Diesel";"PL";"Biodiesel Price";"Tractor-Trailer";"PROG";"EUR/kWh";2030;"0.106";"Sensitivity | Removed policies except for H2 tax reduction";"Diesel"
"OPEX";"Diesel";"UK";"Biodiesel Price";"Rigid";"PROG";"EUR/kWh";2030;"0.106";"Sensitivity | Removed policies except for H2 tax reduction";"Diesel"
"OPEX";"Diesel";"UK";"Biodiesel Price";"Tractor-Trailer";"PROG";"EUR/kWh";2030;"0.106";"Sensitivity | Removed policies except for H2 tax reduction";"Diesel"
"OPEX";"Diesel";"DE";"Pt-Diesel Price";"Rigid";"PROG";"EUR/kWh";2030;"0.244";"Sensitivity | Removed policies except for H2 tax reduction";"Diesel"
"OPEX";"Diesel";"DE";"Pt-Diesel Price";"Tractor-Trailer";"PROG";"EUR/kWh";2030;"0.244";"Sensitivity | Removed policies except for H2 tax reduction";"Diesel"
"OPEX";"Diesel";"ES";"Pt-Diesel Price";"Rigid";"PROG";"EUR/kWh";2030;"0.244";"Sensitivity | Removed policies except for H2 tax reduction";"Diesel"
"OPEX";"Diesel";"ES";"Pt-Diesel Price";"Tractor-Trailer";"PROG";"EUR/kWh";2030;"0.244";"Sensitivity | Removed policies except for H2 tax reduction";"Diesel"
"OPEX";"Diesel";"FR";"Pt-Diesel Price";"Rigid";"PROG";"EUR/kWh";2030;"0.244";"Sensitivity | Removed policies except for H2 tax reduction";"Diesel"
"OPEX";"Diesel";"FR";"Pt-Diesel Price";"Tractor-Trailer";"PROG";"EUR/kWh";2030;"0.244";"Sensitivity | Removed policies except for H2 tax reduction";"Diesel"
"OPEX";"Diesel";"IT";"Pt-Diesel Price";"Rigid";"PROG";"EUR/kWh";2030;"0.244";"Sensitivity | Removed policies except for H2 tax reduction";"Diesel"
"OPEX";"Diesel";"IT";"Pt-Diesel Price";"Tractor-Trailer";"PROG";"EUR/kWh";2030;"0.244";"Sensitivity | Removed policies except for H2 tax reduction";"Diesel"
"OPEX";"Diesel";"NL";"Pt-Diesel Price";"Rigid";"PROG";"EUR/kWh";2030;"0.244";"Sensitivity | Removed policies except for H2 tax reduction";"Diesel"
"OPEX";"Diesel";"NL";"Pt-Diesel Price";"Tractor-Trailer";"PROG";"EUR/kWh";2030;"0.244";"Sensitivity | Removed policies except for H2 tax reduction";"Diesel"
"OPEX";"Diesel";"PL";"Pt-Diesel Price";"Rigid";"PROG";"EUR/kWh";2030;"0.244";"Sensitivity | Removed policies except for H2 tax reduction";"Diesel"
"OPEX";"Diesel";"PL";"Pt-Diesel Price";"Tractor-Trailer";"PROG";"EUR/kWh";2030;"0.244";"Sensitivity | Removed policies except for H2 tax reduction";"Diesel"
"OPEX";"Diesel";"UK";"Pt-Diesel Price";"Rigid";"PROG";"EUR/kWh";2030;"0.244";"Sensitivity | Removed policies except for H2 tax reduction";"Diesel"
"OPEX";"Diesel";"UK";"Pt-Diesel Price";"Tractor-Trailer";"PROG";"EUR/kWh";2030;"0.244";"Sensitivity | Removed policies except for H2 tax reduction";"Diesel"
"OPEX";"Electricity";"DE";"Electricity Price";"Rigid";"PROG";"EUR/kWh";2030;"0.064";"Sensitivity | Removed policies except for H2 tax reduction";"Electricity"
"OPEX";"Electricity";"DE";"Electricity Price";"Tractor-Trailer";"PROG";"EUR/kWh";2030;"0.064";"Sensitivity | Removed policies except for H2 tax reduction";"Electricity"
"OPEX";"Electricity";"ES";"Electricity Price";"Rigid";"PROG";"EUR/kWh";2030;"0.064";"Sensitivity | Removed policies except for H2 tax reduction";"Electricity"
"OPEX";"Electricity";"ES";"Electricity Price";"Tractor-Trailer";"PROG";"EUR/kWh";2030;"0.064";"Sensitivity | Removed policies except for H2 tax reduction";"Electricity"
"OPEX";"Electricity";"FR";"Electricity Price";"Rigid";"PROG";"EUR/kWh";2030;"0.064";"Sensitivity | Removed policies except for H2 tax reduction";"Electricity"
"OPEX";"Electricity";"FR";"Electricity Price";"Tractor-Trailer";"PROG";"EUR/kWh";2030;"0.064";"Sensitivity | Removed policies except for H2 tax reduction";"Electricity"
"OPEX";"Electricity";"IT";"Electricity Price";"Rigid";"PROG";"EUR/kWh";2030;"0.064";"Sensitivity | Removed policies except for H2 tax reduction";"Electricity"
"OPEX";"Electricity";"IT";"Electricity Price";"Tractor-Trailer";"PROG";"EUR/kWh";2030;"0.064";"Sensitivity | Removed policies except for H2 tax reduction";"Electricity"
"OPEX";"Electricity";"NL";"Electricity Price";"Rigid";"PROG";"EUR/kWh";2030;"0.064";"Sensitivity | Removed policies except for H2 tax reduction";"Electricity"
"OPEX";"Electricity";"NL";"Electricity Price";"Tractor-Trailer";"PROG";"EUR/kWh";2030;"0.064";"Sensitivity | Removed policies except for H2 tax reduction";"Electricity"
"OPEX";"Electricity";"PL";"Electricity Price";"Rigid";"PROG";"EUR/kWh";2030;"0.064";"Sensitivity | Removed policies except for H2 tax reduction";"Electricity"
"OPEX";"Electricity";"PL";"Electricity Price";"Tractor-Trailer";"PROG";"EUR/kWh";2030;"0.064";"Sensitivity | Removed policies except for H2 tax reduction";"Electricity"
"OPEX";"Electricity";"UK";"Electricity Price";"Rigid";"PROG";"EUR/kWh";2030;"0.064";"Sensitivity | Removed policies except for H2 tax reduction";"Electricity"
"OPEX";"Electricity";"UK";"Electricity Price";"Tractor-Trailer";"PROG";"EUR/kWh";2030;"0.064";"Sensitivity | Removed policies except for H2 tax reduction";"Electricity"
"OPEX";"Hydrogen";"DE";"Hydrogen Price";"Rigid";"PROG";"EUR/kWh";2030;"0.129";"Sensitivity | Removed policies except for H2 tax reduction";"Hydrogen"
"OPEX";"Hydrogen";"DE";"Hydrogen Price";"Tractor-Trailer";"PROG";"EUR/kWh";2030;"0.129";"Sensitivity | Removed policies except for H2 tax reduction";"Hydrogen"
"OPEX";"Hydrogen";"ES";"Hydrogen Price";"Rigid";"PROG";"EUR/kWh";2030;"0.129";"Sensitivity | Removed policies except for H2 tax reduction";"Hydrogen"
"OPEX";"Hydrogen";"ES";"Hydrogen Price";"Tractor-Trailer";"PROG";"EUR/kWh";2030;"0.129";"Sensitivity | Removed policies except for H2 tax reduction";"Hydrogen"
"OPEX";"Hydrogen";"FR";"Hydrogen Price";"Rigid";"PROG";"EUR/kWh";2030;"0.129";"Sensitivity | Removed policies except for H2 tax reduction";"Hydrogen"
"OPEX";"Hydrogen";"FR";"Hydrogen Price";"Tractor-Trailer";"PROG";"EUR/kWh";2030;"0.129";"Sensitivity | Removed policies except for H2 tax reduction";"Hydrogen"
"OPEX";"Hydrogen";"IT";"Hydrogen Price";"Rigid";"PROG";"EUR/kWh";2030;"0.129";"Sensitivity | Removed policies except for H2 tax reduction";"Hydrogen"
"OPEX";"Hydrogen";"IT";"Hydrogen Price";"Tractor-Trailer";"PROG";"EUR/kWh";2030;"0.129";"Sensitivity | Removed policies except for H2 tax reduction";"Hydrogen"
"OPEX";"Hydrogen";"NL";"Hydrogen Price";"Rigid";"PROG";"EUR/kWh";2030;"0.129";"Sensitivity | Removed policies except for H2 tax reduction";"Hydrogen"
"OPEX";"Hydrogen";"NL";"Hydrogen Price";"Tractor-Trailer";"PROG";"EUR/kWh";2030;"0.129";"Sensitivity | Removed policies except for H2 tax reduction";"Hydrogen"
"OPEX";"Hydrogen";"PL";"Hydrogen Price";"Rigid";"PROG";"EUR/kWh";2030;"0.129";"Sensitivity | Removed policies except for H2 tax reduction";"Hydrogen"
"OPEX";"Hydrogen";"PL";"Hydrogen Price";"Tractor-Trailer";"PROG";"EUR/kWh";2030;"0.129";"Sensitivity | Removed policies except for H2 tax reduction";"Hydrogen"
"OPEX";"Hydrogen";"UK";"Hydrogen Price";"Rigid";"PROG";"EUR/kWh";2030;"0.129";"Sensitivity | Removed policies except for H2 tax reduction";"Hydrogen"
"OPEX";"Hydrogen";"UK";"Hydrogen Price";"Tractor-Trailer";"PROG";"EUR/kWh";2030;"0.129";"Sensitivity | Removed policies except for H2 tax reduction";"Hydrogen"
"OPEX";"Diesel";"FR";"Biodiesel Price";"Rigid";"PROG";"EUR/kWh";2035;"0.119";"Sensitivity | Removed policies except for H2 tax reduction";"Diesel"
"OPEX";"Diesel";"FR";"Biodiesel Price";"Tractor-Trailer";"PROG";"EUR/kWh";2035;"0.119";"Sensitivity | Removed policies except for H2 tax reduction";"Diesel"
"OPEX";"Diesel";"DE";"Biodiesel Price";"Rigid";"PROG";"EUR/kWh";2035;"0.119";"Sensitivity | Removed policies except for H2 tax reduction";"Diesel"
"OPEX";"Diesel";"DE";"Biodiesel Price";"Tractor-Trailer";"PROG";"EUR/kWh";2035;"0.119";"Sensitivity | Removed policies except for H2 tax reduction";"Diesel"
"OPEX";"Diesel";"ES";"Biodiesel Price";"Rigid";"PROG";"EUR/kWh";2035;"0.119";"Sensitivity | Removed policies except for H2 tax reduction";"Diesel"
"OPEX";"Diesel";"ES";"Biodiesel Price";"Tractor-Trailer";"PROG";"EUR/kWh";2035;"0.119";"Sensitivity | Removed policies except for H2 tax reduction";"Diesel"
"OPEX";"Diesel";"IT";"Biodiesel Price";"Rigid";"PROG";"EUR/kWh";2035;"0.119";"Sensitivity | Removed policies except for H2 tax reduction";"Diesel"
"OPEX";"Diesel";"IT";"Biodiesel Price";"Tractor-Trailer";"PROG";"EUR/kWh";2035;"0.119";"Sensitivity | Removed policies except for H2 tax reduction";"Diesel"
"OPEX";"Diesel";"NL";"Biodiesel Price";"Rigid";"PROG";"EUR/kWh";2035;"0.119";"Sensitivity | Removed policies except for H2 tax reduction";"Diesel"
"OPEX";"Diesel";"NL";"Biodiesel Price";"Tractor-Trailer";"PROG";"EUR/kWh";2035;"0.119";"Sensitivity | Removed policies except for H2 tax reduction";"Diesel"
"OPEX";"Diesel";"PL";"Biodiesel Price";"Rigid";"PROG";"EUR/kWh";2035;"0.119";"Sensitivity | Removed policies except for H2 tax reduction";"Diesel"
"OPEX";"Diesel";"PL";"Biodiesel Price";"Tractor-Trailer";"PROG";"EUR/kWh";2035;"0.119";"Sensitivity | Removed policies except for H2 tax reduction";"Diesel"
"OPEX";"Diesel";"UK";"Biodiesel Price";"Rigid";"PROG";"EUR/kWh";2035;"0.119";"Sensitivity | Removed policies except for H2 tax reduction";"Diesel"
"OPEX";"Diesel";"UK";"Biodiesel Price";"Tractor-Trailer";"PROG";"EUR/kWh";2035;"0.119";"Sensitivity | Removed policies except for H2 tax reduction";"Diesel"
"OPEX";"Diesel";"DE";"Pt-Diesel Price";"Rigid";"PROG";"EUR/kWh";2035;"0.215";"Sensitivity | Removed policies except for H2 tax reduction";"Diesel"
"OPEX";"Diesel";"DE";"Pt-Diesel Price";"Tractor-Trailer";"PROG";"EUR/kWh";2035;"0.215";"Sensitivity | Removed policies except for H2 tax reduction";"Diesel"
"OPEX";"Diesel";"ES";"Pt-Diesel Price";"Rigid";"PROG";"EUR/kWh";2035;"0.215";"Sensitivity | Removed policies except for H2 tax reduction";"Diesel"
"OPEX";"Diesel";"ES";"Pt-Diesel Price";"Tractor-Trailer";"PROG";"EUR/kWh";2035;"0.215";"Sensitivity | Removed policies except for H2 tax reduction";"Diesel"
"OPEX";"Diesel";"FR";"Pt-Diesel Price";"Rigid";"PROG";"EUR/kWh";2035;"0.215";"Sensitivity | Removed policies except for H2 tax reduction";"Diesel"
"OPEX";"Diesel";"FR";"Pt-Diesel Price";"Tractor-Trailer";"PROG";"EUR/kWh";2035;"0.215";"Sensitivity | Removed policies except for H2 tax reduction";"Diesel"
"OPEX";"Diesel";"IT";"Pt-Diesel Price";"Rigid";"PROG";"EUR/kWh";2035;"0.215";"Sensitivity | Removed policies except for H2 tax reduction";"Diesel"
"OPEX";"Diesel";"IT";"Pt-Diesel Price";"Tractor-Trailer";"PROG";"EUR/kWh";2035;"0.215";"Sensitivity | Removed policies except for H2 tax reduction";"Diesel"
"OPEX";"Diesel";"NL";"Pt-Diesel Price";"Rigid";"PROG";"EUR/kWh";2035;"0.215";"Sensitivity | Removed policies except for H2 tax reduction";"Diesel"
"OPEX";"Diesel";"NL";"Pt-Diesel Price";"Tractor-Trailer";"PROG";"EUR/kWh";2035;"0.215";"Sensitivity | Removed policies except for H2 tax reduction";"Diesel"
"OPEX";"Diesel";"PL";"Pt-Diesel Price";"Rigid";"PROG";"EUR/kWh";2035;"0.215";"Sensitivity | Removed policies except for H2 tax reduction";"Diesel"
"OPEX";"Diesel";"PL";"Pt-Diesel Price";"Tractor-Trailer";"PROG";"EUR/kWh";2035;"0.215";"Sensitivity | Removed policies except for H2 tax reduction";"Diesel"
"OPEX";"Diesel";"UK";"Pt-Diesel Price";"Rigid";"PROG";"EUR/kWh";2035;"0.215";"Sensitivity | Removed policies except for H2 tax reduction";"Diesel"
"OPEX";"Diesel";"UK";"Pt-Diesel Price";"Tractor-Trailer";"PROG";"EUR/kWh";2035;"0.215";"Sensitivity | Removed policies except for H2 tax reduction";"Diesel"
"OPEX";"Electricity";"DE";"Electricity Price";"Rigid";"PROG";"EUR/kWh";2035;"0.054";"Sensitivity | Removed policies except for H2 tax reduction";"Electricity"
"OPEX";"Electricity";"DE";"Electricity Price";"Tractor-Trailer";"PROG";"EUR/kWh";2035;"0.054";"Sensitivity | Removed policies except for H2 tax reduction";"Electricity"
"OPEX";"Electricity";"ES";"Electricity Price";"Rigid";"PROG";"EUR/kWh";2035;"0.054";"Sensitivity | Removed policies except for H2 tax reduction";"Electricity"
"OPEX";"Electricity";"ES";"Electricity Price";"Tractor-Trailer";"PROG";"EUR/kWh";2035;"0.054";"Sensitivity | Removed policies except for H2 tax reduction";"Electricity"
"OPEX";"Electricity";"FR";"Electricity Price";"Rigid";"PROG";"EUR/kWh";2035;"0.054";"Sensitivity | Removed policies except for H2 tax reduction";"Electricity"
"OPEX";"Electricity";"FR";"Electricity Price";"Tractor-Trailer";"PROG";"EUR/kWh";2035;"0.054";"Sensitivity | Removed policies except for H2 tax reduction";"Electricity"
"OPEX";"Electricity";"IT";"Electricity Price";"Rigid";"PROG";"EUR/kWh";2035;"0.054";"Sensitivity | Removed policies except for H2 tax reduction";"Electricity"
"OPEX";"Electricity";"IT";"Electricity Price";"Tractor-Trailer";"PROG";"EUR/kWh";2035;"0.054";"Sensitivity | Removed policies except for H2 tax reduction";"Electricity"
"OPEX";"Electricity";"NL";"Electricity Price";"Rigid";"PROG";"EUR/kWh";2035;"0.054";"Sensitivity | Removed policies except for H2 tax reduction";"Electricity"
"OPEX";"Electricity";"NL";"Electricity Price";"Tractor-Trailer";"PROG";"EUR/kWh";2035;"0.054";"Sensitivity | Removed policies except for H2 tax reduction";"Electricity"
"OPEX";"Electricity";"PL";"Electricity Price";"Rigid";"PROG";"EUR/kWh";2035;"0.054";"Sensitivity | Removed policies except for H2 tax reduction";"Electricity"
"OPEX";"Electricity";"PL";"Electricity Price";"Tractor-Trailer";"PROG";"EUR/kWh";2035;"0.054";"Sensitivity | Removed policies except for H2 tax reduction";"Electricity"
"OPEX";"Electricity";"UK";"Electricity Price";"Rigid";"PROG";"EUR/kWh";2035;"0.054";"Sensitivity | Removed policies except for H2 tax reduction";"Electricity"
"OPEX";"Electricity";"UK";"Electricity Price";"Tractor-Trailer";"PROG";"EUR/kWh";2035;"0.054";"Sensitivity | Removed policies except for H2 tax reduction";"Electricity"
"OPEX";"Hydrogen";"DE";"Hydrogen Price";"Rigid";"PROG";"EUR/kWh";2035;"0.112";"Sensitivity | Removed policies except for H2 tax reduction";"Hydrogen"
"OPEX";"Hydrogen";"DE";"Hydrogen Price";"Tractor-Trailer";"PROG";"EUR/kWh";2035;"0.112";"Sensitivity | Removed policies except for H2 tax reduction";"Hydrogen"
"OPEX";"Hydrogen";"ES";"Hydrogen Price";"Rigid";"PROG";"EUR/kWh";2035;"0.112";"Sensitivity | Removed policies except for H2 tax reduction";"Hydrogen"
"OPEX";"Hydrogen";"ES";"Hydrogen Price";"Tractor-Trailer";"PROG";"EUR/kWh";2035;"0.112";"Sensitivity | Removed policies except for H2 tax reduction";"Hydrogen"
"OPEX";"Hydrogen";"FR";"Hydrogen Price";"Rigid";"PROG";"EUR/kWh";2035;"0.112";"Sensitivity | Removed policies except for H2 tax reduction";"Hydrogen"
"OPEX";"Hydrogen";"FR";"Hydrogen Price";"Tractor-Trailer";"PROG";"EUR/kWh";2035;"0.112";"Sensitivity | Removed policies except for H2 tax reduction";"Hydrogen"
"OPEX";"Hydrogen";"IT";"Hydrogen Price";"Rigid";"PROG";"EUR/kWh";2035;"0.112";"Sensitivity | Removed policies except for H2 tax reduction";"Hydrogen"
"OPEX";"Hydrogen";"IT";"Hydrogen Price";"Tractor-Trailer";"PROG";"EUR/kWh";2035;"0.112";"Sensitivity | Removed policies except for H2 tax reduction";"Hydrogen"
"OPEX";"Hydrogen";"NL";"Hydrogen Price";"Rigid";"PROG";"EUR/kWh";2035;"0.112";"Sensitivity | Removed policies except for H2 tax reduction";"Hydrogen"
"OPEX";"Hydrogen";"NL";"Hydrogen Price";"Tractor-Trailer";"PROG";"EUR/kWh";2035;"0.112";"Sensitivity | Removed policies except for H2 tax reduction";"Hydrogen"
"OPEX";"Hydrogen";"PL";"Hydrogen Price";"Rigid";"PROG";"EUR/kWh";2035;"0.112";"Sensitivity | Removed policies except for H2 tax reduction";"Hydrogen"
"OPEX";"Hydrogen";"PL";"Hydrogen Price";"Tractor-Trailer";"PROG";"EUR/kWh";2035;"0.112";"Sensitivity | Removed policies except for H2 tax reduction";"Hydrogen"
"OPEX";"Hydrogen";"UK";"Hydrogen Price";"Rigid";"PROG";"EUR/kWh";2035;"0.112";"Sensitivity | Removed policies except for H2 tax reduction";"Hydrogen"
"OPEX";"Hydrogen";"UK";"Hydrogen Price";"Tractor-Trailer";"PROG";"EUR/kWh";2035;"0.112";"Sensitivity | Removed policies except for H2 tax reduction";"Hydrogen"
"OPEX";"Diesel";"FR";"Biodiesel Price";"Rigid";"PROG";"EUR/kWh";2040;"0.131";"Sensitivity | Removed policies except for H2 tax reduction";"Diesel"
"OPEX";"Diesel";"FR";"Biodiesel Price";"Tractor-Trailer";"PROG";"EUR/kWh";2040;"0.131";"Sensitivity | Removed policies except for H2 tax reduction";"Diesel"
"OPEX";"Diesel";"DE";"Biodiesel Price";"Rigid";"PROG";"EUR/kWh";2040;"0.131";"Sensitivity | Removed policies except for H2 tax reduction";"Diesel"
"OPEX";"Diesel";"DE";"Biodiesel Price";"Tractor-Trailer";"PROG";"EUR/kWh";2040;"0.131";"Sensitivity | Removed policies except for H2 tax reduction";"Diesel"
"OPEX";"Diesel";"ES";"Biodiesel Price";"Rigid";"PROG";"EUR/kWh";2040;"0.131";"Sensitivity | Removed policies except for H2 tax reduction";"Diesel"
"OPEX";"Diesel";"ES";"Biodiesel Price";"Tractor-Trailer";"PROG";"EUR/kWh";2040;"0.131";"Sensitivity | Removed policies except for H2 tax reduction";"Diesel"
"OPEX";"Diesel";"IT";"Biodiesel Price";"Rigid";"PROG";"EUR/kWh";2040;"0.131";"Sensitivity | Removed policies except for H2 tax reduction";"Diesel"
"OPEX";"Diesel";"IT";"Biodiesel Price";"Tractor-Trailer";"PROG";"EUR/kWh";2040;"0.131";"Sensitivity | Removed policies except for H2 tax reduction";"Diesel"
"OPEX";"Diesel";"NL";"Biodiesel Price";"Rigid";"PROG";"EUR/kWh";2040;"0.131";"Sensitivity | Removed policies except for H2 tax reduction";"Diesel"
"OPEX";"Diesel";"NL";"Biodiesel Price";"Tractor-Trailer";"PROG";"EUR/kWh";2040;"0.131";"Sensitivity | Removed policies except for H2 tax reduction";"Diesel"
"OPEX";"Diesel";"PL";"Biodiesel Price";"Rigid";"PROG";"EUR/kWh";2040;"0.131";"Sensitivity | Removed policies except for H2 tax reduction";"Diesel"
"OPEX";"Diesel";"PL";"Biodiesel Price";"Tractor-Trailer";"PROG";"EUR/kWh";2040;"0.131";"Sensitivity | Removed policies except for H2 tax reduction";"Diesel"
"OPEX";"Diesel";"UK";"Biodiesel Price";"Rigid";"PROG";"EUR/kWh";2040;"0.131";"Sensitivity | Removed policies except for H2 tax reduction";"Diesel"
"OPEX";"Diesel";"UK";"Biodiesel Price";"Tractor-Trailer";"PROG";"EUR/kWh";2040;"0.131";"Sensitivity | Removed policies except for H2 tax reduction";"Diesel"
"OPEX";"Diesel";"DE";"Pt-Diesel Price";"Rigid";"PROG";"EUR/kWh";2040;"0.186";"Sensitivity | Removed policies except for H2 tax reduction";"Diesel"
"OPEX";"Diesel";"DE";"Pt-Diesel Price";"Tractor-Trailer";"PROG";"EUR/kWh";2040;"0.186";"Sensitivity | Removed policies except for H2 tax reduction";"Diesel"
"OPEX";"Diesel";"ES";"Pt-Diesel Price";"Rigid";"PROG";"EUR/kWh";2040;"0.186";"Sensitivity | Removed policies except for H2 tax reduction";"Diesel"
"OPEX";"Diesel";"ES";"Pt-Diesel Price";"Tractor-Trailer";"PROG";"EUR/kWh";2040;"0.186";"Sensitivity | Removed policies except for H2 tax reduction";"Diesel"
"OPEX";"Diesel";"FR";"Pt-Diesel Price";"Rigid";"PROG";"EUR/kWh";2040;"0.186";"Sensitivity | Removed policies except for H2 tax reduction";"Diesel"
"OPEX";"Diesel";"FR";"Pt-Diesel Price";"Tractor-Trailer";"PROG";"EUR/kWh";2040;"0.186";"Sensitivity | Removed policies except for H2 tax reduction";"Diesel"
"OPEX";"Diesel";"IT";"Pt-Diesel Price";"Rigid";"PROG";"EUR/kWh";2040;"0.186";"Sensitivity | Removed policies except for H2 tax reduction";"Diesel"
"OPEX";"Diesel";"IT";"Pt-Diesel Price";"Tractor-Trailer";"PROG";"EUR/kWh";2040;"0.186";"Sensitivity | Removed policies except for H2 tax reduction";"Diesel"
"OPEX";"Diesel";"NL";"Pt-Diesel Price";"Rigid";"PROG";"EUR/kWh";2040;"0.186";"Sensitivity | Removed policies except for H2 tax reduction";"Diesel"
"OPEX";"Diesel";"NL";"Pt-Diesel Price";"Tractor-Trailer";"PROG";"EUR/kWh";2040;"0.186";"Sensitivity | Removed policies except for H2 tax reduction";"Diesel"
"OPEX";"Diesel";"PL";"Pt-Diesel Price";"Rigid";"PROG";"EUR/kWh";2040;"0.186";"Sensitivity | Removed policies except for H2 tax reduction";"Diesel"
"OPEX";"Diesel";"PL";"Pt-Diesel Price";"Tractor-Trailer";"PROG";"EUR/kWh";2040;"0.186";"Sensitivity | Removed policies except for H2 tax reduction";"Diesel"
"OPEX";"Diesel";"UK";"Pt-Diesel Price";"Rigid";"PROG";"EUR/kWh";2040;"0.186";"Sensitivity | Removed policies except for H2 tax reduction";"Diesel"
"OPEX";"Diesel";"UK";"Pt-Diesel Price";"Tractor-Trailer";"PROG";"EUR/kWh";2040;"0.186";"Sensitivity | Removed policies except for H2 tax reduction";"Diesel"
"OPEX";"Electricity";"DE";"Electricity Price";"Rigid";"PROG";"EUR/kWh";2040;"0.05";"Sensitivity | Removed policies except for H2 tax reduction";"Electricity"
"OPEX";"Electricity";"DE";"Electricity Price";"Tractor-Trailer";"PROG";"EUR/kWh";2040;"0.05";"Sensitivity | Removed policies except for H2 tax reduction";"Electricity"
"OPEX";"Electricity";"ES";"Electricity Price";"Rigid";"PROG";"EUR/kWh";2040;"0.05";"Sensitivity | Removed policies except for H2 tax reduction";"Electricity"
"OPEX";"Electricity";"ES";"Electricity Price";"Tractor-Trailer";"PROG";"EUR/kWh";2040;"0.05";"Sensitivity | Removed policies except for H2 tax reduction";"Electricity"
"OPEX";"Electricity";"FR";"Electricity Price";"Rigid";"PROG";"EUR/kWh";2040;"0.05";"Sensitivity | Removed policies except for H2 tax reduction";"Electricity"
"OPEX";"Electricity";"FR";"Electricity Price";"Tractor-Trailer";"PROG";"EUR/kWh";2040;"0.05";"Sensitivity | Removed policies except for H2 tax reduction";"Electricity"
"OPEX";"Electricity";"IT";"Electricity Price";"Rigid";"PROG";"EUR/kWh";2040;"0.05";"Sensitivity | Removed policies except for H2 tax reduction";"Electricity"
"OPEX";"Electricity";"IT";"Electricity Price";"Tractor-Trailer";"PROG";"EUR/kWh";2040;"0.05";"Sensitivity | Removed policies except for H2 tax reduction";"Electricity"
"OPEX";"Electricity";"NL";"Electricity Price";"Rigid";"PROG";"EUR/kWh";2040;"0.05";"Sensitivity | Removed policies except for H2 tax reduction";"Electricity"
"OPEX";"Electricity";"NL";"Electricity Price";"Tractor-Trailer";"PROG";"EUR/kWh";2040;"0.05";"Sensitivity | Removed policies except for H2 tax reduction";"Electricity"
"OPEX";"Electricity";"PL";"Electricity Price";"Rigid";"PROG";"EUR/kWh";2040;"0.05";"Sensitivity | Removed policies except for H2 tax reduction";"Electricity"
"OPEX";"Electricity";"PL";"Electricity Price";"Tractor-Trailer";"PROG";"EUR/kWh";2040;"0.05";"Sensitivity | Removed policies except for H2 tax reduction";"Electricity"
"OPEX";"Electricity";"UK";"Electricity Price";"Rigid";"PROG";"EUR/kWh";2040;"0.05";"Sensitivity | Removed policies except for H2 tax reduction";"Electricity"
"OPEX";"Electricity";"UK";"Electricity Price";"Tractor-Trailer";"PROG";"EUR/kWh";2040;"0.05";"Sensitivity | Removed policies except for H2 tax reduction";"Electricity"
"OPEX";"Hydrogen";"DE";"Hydrogen Price";"Rigid";"PROG";"EUR/kWh";2040;"0.096";"Sensitivity | Removed policies except for H2 tax reduction";"Hydrogen"
"OPEX";"Hydrogen";"DE";"Hydrogen Price";"Tractor-Trailer";"PROG";"EUR/kWh";2040;"0.096";"Sensitivity | Removed policies except for H2 tax reduction";"Hydrogen"
"OPEX";"Hydrogen";"ES";"Hydrogen Price";"Rigid";"PROG";"EUR/kWh";2040;"0.096";"Sensitivity | Removed policies except for H2 tax reduction";"Hydrogen"
"OPEX";"Hydrogen";"ES";"Hydrogen Price";"Tractor-Trailer";"PROG";"EUR/kWh";2040;"0.096";"Sensitivity | Removed policies except for H2 tax reduction";"Hydrogen"
"OPEX";"Hydrogen";"FR";"Hydrogen Price";"Rigid";"PROG";"EUR/kWh";2040;"0.096";"Sensitivity | Removed policies except for H2 tax reduction";"Hydrogen"
"OPEX";"Hydrogen";"FR";"Hydrogen Price";"Tractor-Trailer";"PROG";"EUR/kWh";2040;"0.096";"Sensitivity | Removed policies except for H2 tax reduction";"Hydrogen"
"OPEX";"Hydrogen";"IT";"Hydrogen Price";"Rigid";"PROG";"EUR/kWh";2040;"0.096";"Sensitivity | Removed policies except for H2 tax reduction";"Hydrogen"
"OPEX";"Hydrogen";"IT";"Hydrogen Price";"Tractor-Trailer";"PROG";"EUR/kWh";2040;"0.096";"Sensitivity | Removed policies except for H2 tax reduction";"Hydrogen"
"OPEX";"Hydrogen";"NL";"Hydrogen Price";"Rigid";"PROG";"EUR/kWh";2040;"0.096";"Sensitivity | Removed policies except for H2 tax reduction";"Hydrogen"
"OPEX";"Hydrogen";"NL";"Hydrogen Price";"Tractor-Trailer";"PROG";"EUR/kWh";2040;"0.096";"Sensitivity | Removed policies except for H2 tax reduction";"Hydrogen"
"OPEX";"Hydrogen";"PL";"Hydrogen Price";"Rigid";"PROG";"EUR/kWh";2040;"0.096";"Sensitivity | Removed policies except for H2 tax reduction";"Hydrogen"
"OPEX";"Hydrogen";"PL";"Hydrogen Price";"Tractor-Trailer";"PROG";"EUR/kWh";2040;"0.096";"Sensitivity | Removed policies except for H2 tax reduction";"Hydrogen"
"OPEX";"Hydrogen";"UK";"Hydrogen Price";"Rigid";"PROG";"EUR/kWh";2040;"0.096";"Sensitivity | Removed policies except for H2 tax reduction";"Hydrogen"
"OPEX";"Hydrogen";"UK";"Hydrogen Price";"Tractor-Trailer";"PROG";"EUR/kWh";2040;"0.096";"Sensitivity | Removed policies except for H2 tax reduction";"Hydrogen"
"OPEX";"Diesel";"FR";"Biodiesel Price";"Rigid";"PROG";"EUR/kWh";2045;"0.142";"Sensitivity | Removed policies except for H2 tax reduction";"Diesel"
"OPEX";"Diesel";"FR";"Biodiesel Price";"Tractor-Trailer";"PROG";"EUR/kWh";2045;"0.142";"Sensitivity | Removed policies except for H2 tax reduction";"Diesel"
"OPEX";"Diesel";"DE";"Biodiesel Price";"Rigid";"PROG";"EUR/kWh";2045;"0.142";"Sensitivity | Removed policies except for H2 tax reduction";"Diesel"
"OPEX";"Diesel";"DE";"Biodiesel Price";"Tractor-Trailer";"PROG";"EUR/kWh";2045;"0.142";"Sensitivity | Removed policies except for H2 tax reduction";"Diesel"
"OPEX";"Diesel";"ES";"Biodiesel Price";"Rigid";"PROG";"EUR/kWh";2045;"0.142";"Sensitivity | Removed policies except for H2 tax reduction";"Diesel"
"OPEX";"Diesel";"ES";"Biodiesel Price";"Tractor-Trailer";"PROG";"EUR/kWh";2045;"0.142";"Sensitivity | Removed policies except for H2 tax reduction";"Diesel"
"OPEX";"Diesel";"IT";"Biodiesel Price";"Rigid";"PROG";"EUR/kWh";2045;"0.142";"Sensitivity | Removed policies except for H2 tax reduction";"Diesel"
"OPEX";"Diesel";"IT";"Biodiesel Price";"Tractor-Trailer";"PROG";"EUR/kWh";2045;"0.142";"Sensitivity | Removed policies except for H2 tax reduction";"Diesel"
"OPEX";"Diesel";"NL";"Biodiesel Price";"Rigid";"PROG";"EUR/kWh";2045;"0.142";"Sensitivity | Removed policies except for H2 tax reduction";"Diesel"
"OPEX";"Diesel";"NL";"Biodiesel Price";"Tractor-Trailer";"PROG";"EUR/kWh";2045;"0.142";"Sensitivity | Removed policies except for H2 tax reduction";"Diesel"
"OPEX";"Diesel";"PL";"Biodiesel Price";"Rigid";"PROG";"EUR/kWh";2045;"0.142";"Sensitivity | Removed policies except for H2 tax reduction";"Diesel"
"OPEX";"Diesel";"PL";"Biodiesel Price";"Tractor-Trailer";"PROG";"EUR/kWh";2045;"0.142";"Sensitivity | Removed policies except for H2 tax reduction";"Diesel"
"OPEX";"Diesel";"UK";"Biodiesel Price";"Rigid";"PROG";"EUR/kWh";2045;"0.142";"Sensitivity | Removed policies except for H2 tax reduction";"Diesel"
"OPEX";"Diesel";"UK";"Biodiesel Price";"Tractor-Trailer";"PROG";"EUR/kWh";2045;"0.142";"Sensitivity | Removed policies except for H2 tax reduction";"Diesel"
"OPEX";"Diesel";"DE";"Pt-Diesel Price";"Rigid";"PROG";"EUR/kWh";2045;"0.156";"Sensitivity | Removed policies except for H2 tax reduction";"Diesel"
"OPEX";"Diesel";"DE";"Pt-Diesel Price";"Tractor-Trailer";"PROG";"EUR/kWh";2045;"0.156";"Sensitivity | Removed policies except for H2 tax reduction";"Diesel"
"OPEX";"Diesel";"ES";"Pt-Diesel Price";"Rigid";"PROG";"EUR/kWh";2045;"0.156";"Sensitivity | Removed policies except for H2 tax reduction";"Diesel"
"OPEX";"Diesel";"ES";"Pt-Diesel Price";"Tractor-Trailer";"PROG";"EUR/kWh";2045;"0.156";"Sensitivity | Removed policies except for H2 tax reduction";"Diesel"
"OPEX";"Diesel";"FR";"Pt-Diesel Price";"Rigid";"PROG";"EUR/kWh";2045;"0.156";"Sensitivity | Removed policies except for H2 tax reduction";"Diesel"
"OPEX";"Diesel";"FR";"Pt-Diesel Price";"Tractor-Trailer";"PROG";"EUR/kWh";2045;"0.156";"Sensitivity | Removed policies except for H2 tax reduction";"Diesel"
"OPEX";"Diesel";"IT";"Pt-Diesel Price";"Rigid";"PROG";"EUR/kWh";2045;"0.156";"Sensitivity | Removed policies except for H2 tax reduction";"Diesel"
"OPEX";"Diesel";"IT";"Pt-Diesel Price";"Tractor-Trailer";"PROG";"EUR/kWh";2045;"0.156";"Sensitivity | Removed policies except for H2 tax reduction";"Diesel"
"OPEX";"Diesel";"NL";"Pt-Diesel Price";"Rigid";"PROG";"EUR/kWh";2045;"0.156";"Sensitivity | Removed policies except for H2 tax reduction";"Diesel"
"OPEX";"Diesel";"NL";"Pt-Diesel Price";"Tractor-Trailer";"PROG";"EUR/kWh";2045;"0.156";"Sensitivity | Removed policies except for H2 tax reduction";"Diesel"
"OPEX";"Diesel";"PL";"Pt-Diesel Price";"Rigid";"PROG";"EUR/kWh";2045;"0.156";"Sensitivity | Removed policies except for H2 tax reduction";"Diesel"
"OPEX";"Diesel";"PL";"Pt-Diesel Price";"Tractor-Trailer";"PROG";"EUR/kWh";2045;"0.156";"Sensitivity | Removed policies except for H2 tax reduction";"Diesel"
"OPEX";"Diesel";"UK";"Pt-Diesel Price";"Rigid";"PROG";"EUR/kWh";2045;"0.156";"Sensitivity | Removed policies except for H2 tax reduction";"Diesel"
"OPEX";"Diesel";"UK";"Pt-Diesel Price";"Tractor-Trailer";"PROG";"EUR/kWh";2045;"0.156";"Sensitivity | Removed policies except for H2 tax reduction";"Diesel"
"OPEX";"Electricity";"DE";"Electricity Price";"Rigid";"PROG";"EUR/kWh";2045;"0.049";"Sensitivity | Removed policies except for H2 tax reduction";"Electricity"
"OPEX";"Electricity";"DE";"Electricity Price";"Tractor-Trailer";"PROG";"EUR/kWh";2045;"0.049";"Sensitivity | Removed policies except for H2 tax reduction";"Electricity"
"OPEX";"Electricity";"ES";"Electricity Price";"Rigid";"PROG";"EUR/kWh";2045;"0.049";"Sensitivity | Removed policies except for H2 tax reduction";"Electricity"
"OPEX";"Electricity";"ES";"Electricity Price";"Tractor-Trailer";"PROG";"EUR/kWh";2045;"0.049";"Sensitivity | Removed policies except for H2 tax reduction";"Electricity"
"OPEX";"Electricity";"FR";"Electricity Price";"Rigid";"PROG";"EUR/kWh";2045;"0.049";"Sensitivity | Removed policies except for H2 tax reduction";"Electricity"
"OPEX";"Electricity";"FR";"Electricity Price";"Tractor-Trailer";"PROG";"EUR/kWh";2045;"0.049";"Sensitivity | Removed policies except for H2 tax reduction";"Electricity"
"OPEX";"Electricity";"IT";"Electricity Price";"Rigid";"PROG";"EUR/kWh";2045;"0.049";"Sensitivity | Removed policies except for H2 tax reduction";"Electricity"
"OPEX";"Electricity";"IT";"Electricity Price";"Tractor-Trailer";"PROG";"EUR/kWh";2045;"0.049";"Sensitivity | Removed policies except for H2 tax reduction";"Electricity"
"OPEX";"Electricity";"NL";"Electricity Price";"Rigid";"PROG";"EUR/kWh";2045;"0.049";"Sensitivity | Removed policies except for H2 tax reduction";"Electricity"
"OPEX";"Electricity";"NL";"Electricity Price";"Tractor-Trailer";"PROG";"EUR/kWh";2045;"0.049";"Sensitivity | Removed policies except for H2 tax reduction";"Electricity"
"OPEX";"Electricity";"PL";"Electricity Price";"Rigid";"PROG";"EUR/kWh";2045;"0.049";"Sensitivity | Removed policies except for H2 tax reduction";"Electricity"
"OPEX";"Electricity";"PL";"Electricity Price";"Tractor-Trailer";"PROG";"EUR/kWh";2045;"0.049";"Sensitivity | Removed policies except for H2 tax reduction";"Electricity"
"OPEX";"Electricity";"UK";"Electricity Price";"Rigid";"PROG";"EUR/kWh";2045;"0.049";"Sensitivity | Removed policies except for H2 tax reduction";"Electricity"
"OPEX";"Electricity";"UK";"Electricity Price";"Tractor-Trailer";"PROG";"EUR/kWh";2045;"0.049";"Sensitivity | Removed policies except for H2 tax reduction";"Electricity"
"OPEX";"Hydrogen";"DE";"Hydrogen Price";"Rigid";"PROG";"EUR/kWh";2045;"0.081";"Sensitivity | Removed policies except for H2 tax reduction";"Hydrogen"
"OPEX";"Hydrogen";"DE";"Hydrogen Price";"Tractor-Trailer";"PROG";"EUR/kWh";2045;"0.081";"Sensitivity | Removed policies except for H2 tax reduction";"Hydrogen"
"OPEX";"Hydrogen";"ES";"Hydrogen Price";"Rigid";"PROG";"EUR/kWh";2045;"0.081";"Sensitivity | Removed policies except for H2 tax reduction";"Hydrogen"
"OPEX";"Hydrogen";"ES";"Hydrogen Price";"Tractor-Trailer";"PROG";"EUR/kWh";2045;"0.081";"Sensitivity | Removed policies except for H2 tax reduction";"Hydrogen"
"OPEX";"Hydrogen";"FR";"Hydrogen Price";"Rigid";"PROG";"EUR/kWh";2045;"0.081";"Sensitivity | Removed policies except for H2 tax reduction";"Hydrogen"
"OPEX";"Hydrogen";"FR";"Hydrogen Price";"Tractor-Trailer";"PROG";"EUR/kWh";2045;"0.081";"Sensitivity | Removed policies except for H2 tax reduction";"Hydrogen"
"OPEX";"Hydrogen";"IT";"Hydrogen Price";"Rigid";"PROG";"EUR/kWh";2045;"0.081";"Sensitivity | Removed policies except for H2 tax reduction";"Hydrogen"
"OPEX";"Hydrogen";"IT";"Hydrogen Price";"Tractor-Trailer";"PROG";"EUR/kWh";2045;"0.081";"Sensitivity | Removed policies except for H2 tax reduction";"Hydrogen"
"OPEX";"Hydrogen";"NL";"Hydrogen Price";"Rigid";"PROG";"EUR/kWh";2045;"0.081";"Sensitivity | Removed policies except for H2 tax reduction";"Hydrogen"
"OPEX";"Hydrogen";"NL";"Hydrogen Price";"Tractor-Trailer";"PROG";"EUR/kWh";2045;"0.081";"Sensitivity | Removed policies except for H2 tax reduction";"Hydrogen"
"OPEX";"Hydrogen";"PL";"Hydrogen Price";"Rigid";"PROG";"EUR/kWh";2045;"0.081";"Sensitivity | Removed policies except for H2 tax reduction";"Hydrogen"
"OPEX";"Hydrogen";"PL";"Hydrogen Price";"Tractor-Trailer";"PROG";"EUR/kWh";2045;"0.081";"Sensitivity | Removed policies except for H2 tax reduction";"Hydrogen"
"OPEX";"Hydrogen";"UK";"Hydrogen Price";"Rigid";"PROG";"EUR/kWh";2045;"0.081";"Sensitivity | Removed policies except for H2 tax reduction";"Hydrogen"
"OPEX";"Hydrogen";"UK";"Hydrogen Price";"Tractor-Trailer";"PROG";"EUR/kWh";2045;"0.081";"Sensitivity | Removed policies except for H2 tax reduction";"Hydrogen"
"OPEX";"Diesel";"FR";"Biodiesel Price";"Rigid";"PROG";"EUR/kWh";2050;"0.151";"Sensitivity | Removed policies except for H2 tax reduction";"Diesel"
"OPEX";"Diesel";"FR";"Biodiesel Price";"Tractor-Trailer";"PROG";"EUR/kWh";2050;"0.151";"Sensitivity | Removed policies except for H2 tax reduction";"Diesel"
"OPEX";"Diesel";"DE";"Biodiesel Price";"Rigid";"PROG";"EUR/kWh";2050;"0.151";"Sensitivity | Removed policies except for H2 tax reduction";"Diesel"
"OPEX";"Diesel";"DE";"Biodiesel Price";"Tractor-Trailer";"PROG";"EUR/kWh";2050;"0.151";"Sensitivity | Removed policies except for H2 tax reduction";"Diesel"
"OPEX";"Diesel";"ES";"Biodiesel Price";"Rigid";"PROG";"EUR/kWh";2050;"0.151";"Sensitivity | Removed policies except for H2 tax reduction";"Diesel"
"OPEX";"Diesel";"ES";"Biodiesel Price";"Tractor-Trailer";"PROG";"EUR/kWh";2050;"0.151";"Sensitivity | Removed policies except for H2 tax reduction";"Diesel"
"OPEX";"Diesel";"IT";"Biodiesel Price";"Rigid";"PROG";"EUR/kWh";2050;"0.151";"Sensitivity | Removed policies except for H2 tax reduction";"Diesel"
"OPEX";"Diesel";"IT";"Biodiesel Price";"Tractor-Trailer";"PROG";"EUR/kWh";2050;"0.151";"Sensitivity | Removed policies except for H2 tax reduction";"Diesel"
"OPEX";"Diesel";"NL";"Biodiesel Price";"Rigid";"PROG";"EUR/kWh";2050;"0.151";"Sensitivity | Removed policies except for H2 tax reduction";"Diesel"
"OPEX";"Diesel";"NL";"Biodiesel Price";"Tractor-Trailer";"PROG";"EUR/kWh";2050;"0.151";"Sensitivity | Removed policies except for H2 tax reduction";"Diesel"
"OPEX";"Diesel";"PL";"Biodiesel Price";"Rigid";"PROG";"EUR/kWh";2050;"0.151";"Sensitivity | Removed policies except for H2 tax reduction";"Diesel"
"OPEX";"Diesel";"PL";"Biodiesel Price";"Tractor-Trailer";"PROG";"EUR/kWh";2050;"0.151";"Sensitivity | Removed policies except for H2 tax reduction";"Diesel"
"OPEX";"Diesel";"UK";"Biodiesel Price";"Rigid";"PROG";"EUR/kWh";2050;"0.151";"Sensitivity | Removed policies except for H2 tax reduction";"Diesel"
"OPEX";"Diesel";"UK";"Biodiesel Price";"Tractor-Trailer";"PROG";"EUR/kWh";2050;"0.151";"Sensitivity | Removed policies except for H2 tax reduction";"Diesel"
"OPEX";"Diesel";"DE";"Pt-Diesel Price";"Rigid";"PROG";"EUR/kWh";2050;"0.127";"Sensitivity | Removed policies except for H2 tax reduction";"Diesel"
"OPEX";"Diesel";"DE";"Pt-Diesel Price";"Tractor-Trailer";"PROG";"EUR/kWh";2050;"0.127";"Sensitivity | Removed policies except for H2 tax reduction";"Diesel"
"OPEX";"Diesel";"ES";"Pt-Diesel Price";"Rigid";"PROG";"EUR/kWh";2050;"0.127";"Sensitivity | Removed policies except for H2 tax reduction";"Diesel"
"OPEX";"Diesel";"ES";"Pt-Diesel Price";"Tractor-Trailer";"PROG";"EUR/kWh";2050;"0.127";"Sensitivity | Removed policies except for H2 tax reduction";"Diesel"
"OPEX";"Diesel";"FR";"Pt-Diesel Price";"Rigid";"PROG";"EUR/kWh";2050;"0.127";"Sensitivity | Removed policies except for H2 tax reduction";"Diesel"
"OPEX";"Diesel";"FR";"Pt-Diesel Price";"Tractor-Trailer";"PROG";"EUR/kWh";2050;"0.127";"Sensitivity | Removed policies except for H2 tax reduction";"Diesel"
"OPEX";"Diesel";"IT";"Pt-Diesel Price";"Rigid";"PROG";"EUR/kWh";2050;"0.127";"Sensitivity | Removed policies except for H2 tax reduction";"Diesel"
"OPEX";"Diesel";"IT";"Pt-Diesel Price";"Tractor-Trailer";"PROG";"EUR/kWh";2050;"0.127";"Sensitivity | Removed policies except for H2 tax reduction";"Diesel"
"OPEX";"Diesel";"NL";"Pt-Diesel Price";"Rigid";"PROG";"EUR/kWh";2050;"0.127";"Sensitivity | Removed policies except for H2 tax reduction";"Diesel"
"OPEX";"Diesel";"NL";"Pt-Diesel Price";"Tractor-Trailer";"PROG";"EUR/kWh";2050;"0.127";"Sensitivity | Removed policies except for H2 tax reduction";"Diesel"
"OPEX";"Diesel";"PL";"Pt-Diesel Price";"Rigid";"PROG";"EUR/kWh";2050;"0.127";"Sensitivity | Removed policies except for H2 tax reduction";"Diesel"
"OPEX";"Diesel";"PL";"Pt-Diesel Price";"Tractor-Trailer";"PROG";"EUR/kWh";2050;"0.127";"Sensitivity | Removed policies except for H2 tax reduction";"Diesel"
"OPEX";"Diesel";"UK";"Pt-Diesel Price";"Rigid";"PROG";"EUR/kWh";2050;"0.127";"Sensitivity | Removed policies except for H2 tax reduction";"Diesel"
"OPEX";"Diesel";"UK";"Pt-Diesel Price";"Tractor-Trailer";"PROG";"EUR/kWh";2050;"0.127";"Sensitivity | Removed policies except for H2 tax reduction";"Diesel"
"OPEX";"Electricity";"DE";"Electricity Price";"Rigid";"PROG";"EUR/kWh";2050;"0.049";"Sensitivity | Removed policies except for H2 tax reduction";"Electricity"
"OPEX";"Electricity";"DE";"Electricity Price";"Tractor-Trailer";"PROG";"EUR/kWh";2050;"0.049";"Sensitivity | Removed policies except for H2 tax reduction";"Electricity"
"OPEX";"Electricity";"ES";"Electricity Price";"Rigid";"PROG";"EUR/kWh";2050;"0.049";"Sensitivity | Removed policies except for H2 tax reduction";"Electricity"
"OPEX";"Electricity";"ES";"Electricity Price";"Tractor-Trailer";"PROG";"EUR/kWh";2050;"0.049";"Sensitivity | Removed policies except for H2 tax reduction";"Electricity"
"OPEX";"Electricity";"FR";"Electricity Price";"Rigid";"PROG";"EUR/kWh";2050;"0.049";"Sensitivity | Removed policies except for H2 tax reduction";"Electricity"
"OPEX";"Electricity";"FR";"Electricity Price";"Tractor-Trailer";"PROG";"EUR/kWh";2050;"0.049";"Sensitivity | Removed policies except for H2 tax reduction";"Electricity"
"OPEX";"Electricity";"IT";"Electricity Price";"Rigid";"PROG";"EUR/kWh";2050;"0.049";"Sensitivity | Removed policies except for H2 tax reduction";"Electricity"
"OPEX";"Electricity";"IT";"Electricity Price";"Tractor-Trailer";"PROG";"EUR/kWh";2050;"0.049";"Sensitivity | Removed policies except for H2 tax reduction";"Electricity"
"OPEX";"Electricity";"NL";"Electricity Price";"Rigid";"PROG";"EUR/kWh";2050;"0.049";"Sensitivity | Removed policies except for H2 tax reduction";"Electricity"
"OPEX";"Electricity";"NL";"Electricity Price";"Tractor-Trailer";"PROG";"EUR/kWh";2050;"0.049";"Sensitivity | Removed policies except for H2 tax reduction";"Electricity"
"OPEX";"Electricity";"PL";"Electricity Price";"Rigid";"PROG";"EUR/kWh";2050;"0.049";"Sensitivity | Removed policies except for H2 tax reduction";"Electricity"
"OPEX";"Electricity";"PL";"Electricity Price";"Tractor-Trailer";"PROG";"EUR/kWh";2050;"0.049";"Sensitivity | Removed policies except for H2 tax reduction";"Electricity"
"OPEX";"Electricity";"UK";"Electricity Price";"Rigid";"PROG";"EUR/kWh";2050;"0.049";"Sensitivity | Removed policies except for H2 tax reduction";"Electricity"
"OPEX";"Electricity";"UK";"Electricity Price";"Tractor-Trailer";"PROG";"EUR/kWh";2050;"0.049";"Sensitivity | Removed policies except for H2 tax reduction";"Electricity"
"OPEX";"Hydrogen";"DE";"Hydrogen Price";"Rigid";"PROG";"EUR/kWh";2050;"0.066";"Sensitivity | Removed policies except for H2 tax reduction";"Hydrogen"
"OPEX";"Hydrogen";"DE";"Hydrogen Price";"Tractor-Trailer";"PROG";"EUR/kWh";2050;"0.066";"Sensitivity | Removed policies except for H2 tax reduction";"Hydrogen"
"OPEX";"Hydrogen";"ES";"Hydrogen Price";"Rigid";"PROG";"EUR/kWh";2050;"0.066";"Sensitivity | Removed policies except for H2 tax reduction";"Hydrogen"
"OPEX";"Hydrogen";"ES";"Hydrogen Price";"Tractor-Trailer";"PROG";"EUR/kWh";2050;"0.066";"Sensitivity | Removed policies except for H2 tax reduction";"Hydrogen"
"OPEX";"Hydrogen";"FR";"Hydrogen Price";"Rigid";"PROG";"EUR/kWh";2050;"0.066";"Sensitivity | Removed policies except for H2 tax reduction";"Hydrogen"
"OPEX";"Hydrogen";"FR";"Hydrogen Price";"Tractor-Trailer";"PROG";"EUR/kWh";2050;"0.066";"Sensitivity | Removed policies except for H2 tax reduction";"Hydrogen"
"OPEX";"Hydrogen";"IT";"Hydrogen Price";"Rigid";"PROG";"EUR/kWh";2050;"0.066";"Sensitivity | Removed policies except for H2 tax reduction";"Hydrogen"
"OPEX";"Hydrogen";"IT";"Hydrogen Price";"Tractor-Trailer";"PROG";"EUR/kWh";2050;"0.066";"Sensitivity | Removed policies except for H2 tax reduction";"Hydrogen"
"OPEX";"Hydrogen";"NL";"Hydrogen Price";"Rigid";"PROG";"EUR/kWh";2050;"0.066";"Sensitivity | Removed policies except for H2 tax reduction";"Hydrogen"
"OPEX";"Hydrogen";"NL";"Hydrogen Price";"Tractor-Trailer";"PROG";"EUR/kWh";2050;"0.066";"Sensitivity | Removed policies except for H2 tax reduction";"Hydrogen"
"OPEX";"Hydrogen";"PL";"Hydrogen Price";"Rigid";"PROG";"EUR/kWh";2050;"0.066";"Sensitivity | Removed policies except for H2 tax reduction";"Hydrogen"
"OPEX";"Hydrogen";"PL";"Hydrogen Price";"Tractor-Trailer";"PROG";"EUR/kWh";2050;"0.066";"Sensitivity | Removed policies except for H2 tax reduction";"Hydrogen"
"OPEX";"Hydrogen";"UK";"Hydrogen Price";"Rigid";"PROG";"EUR/kWh";2050;"0.066";"Sensitivity | Removed policies except for H2 tax reduction";"Hydrogen"
"OPEX";"Hydrogen";"UK";"Hydrogen Price";"Tractor-Trailer";"PROG";"EUR/kWh";2050;"0.066";"Sensitivity | Removed policies except for H2 tax reduction";"Hydrogen"
"OPEX";"Taxes";"DE";"Non-ETS CO2";"Rigid";"BAU";"EUR/tCO2";2030;"0";"Sensitivity | Removed policies except for H2 tax reduction";"Diesel"
"OPEX";"Taxes";"DE";"Non-ETS CO2";"Tractor-Trailer";"BAU";"EUR/tCO2";2030;"0";"Sensitivity | Removed policies except for H2 tax reduction";"Diesel"
"OPEX";"Taxes";"DE";"Non-ETS CO2";"Rigid";"PROG";"EUR/tCO2";2030;"0";"Sensitivity | Removed policies except for H2 tax reduction";"Diesel"
"OPEX";"Taxes";"DE";"Non-ETS CO2";"Tractor-Trailer";"PROG";"EUR/tCO2";2030;"0";"Sensitivity | Removed policies except for H2 tax reduction";"Diesel"
"OPEX";"Taxes";"ES";"Non-ETS CO2";"Rigid";"BAU";"EUR/tCO2";2030;"0";"Sensitivity | Removed policies except for H2 tax reduction";"Diesel"
"OPEX";"Taxes";"ES";"Non-ETS CO2";"Tractor-Trailer";"BAU";"EUR/tCO2";2030;"0";"Sensitivity | Removed policies except for H2 tax reduction";"Diesel"
"OPEX";"Taxes";"ES";"Non-ETS CO2";"Rigid";"PROG";"EUR/tCO2";2030;"0";"Sensitivity | Removed policies except for H2 tax reduction";"Diesel"
"OPEX";"Taxes";"ES";"Non-ETS CO2";"Tractor-Trailer";"PROG";"EUR/tCO2";2030;"0";"Sensitivity | Removed policies except for H2 tax reduction";"Diesel"
"OPEX";"Taxes";"FR";"Non-ETS CO2";"Rigid";"BAU";"EUR/tCO2";2030;"0";"Sensitivity | Removed policies except for H2 tax reduction";"Diesel"
"OPEX";"Taxes";"FR";"Non-ETS CO2";"Tractor-Trailer";"BAU";"EUR/tCO2";2030;"0";"Sensitivity | Removed policies except for H2 tax reduction";"Diesel"
"OPEX";"Taxes";"FR";"Non-ETS CO2";"Rigid";"PROG";"EUR/tCO2";2030;"0";"Sensitivity | Removed policies except for H2 tax reduction";"Diesel"
"OPEX";"Taxes";"FR";"Non-ETS CO2";"Tractor-Trailer";"PROG";"EUR/tCO2";2030;"0";"Sensitivity | Removed policies except for H2 tax reduction";"Diesel"
"OPEX";"Taxes";"IT";"Non-ETS CO2";"Rigid";"BAU";"EUR/tCO2";2030;"0";"Sensitivity | Removed policies except for H2 tax reduction";"Diesel"
"OPEX";"Taxes";"IT";"Non-ETS CO2";"Tractor-Trailer";"BAU";"EUR/tCO2";2030;"0";"Sensitivity | Removed policies except for H2 tax reduction";"Diesel"
"OPEX";"Taxes";"IT";"Non-ETS CO2";"Rigid";"PROG";"EUR/tCO2";2030;"0";"Sensitivity | Removed policies except for H2 tax reduction";"Diesel"
"OPEX";"Taxes";"IT";"Non-ETS CO2";"Tractor-Trailer";"PROG";"EUR/tCO2";2030;"0";"Sensitivity | Removed policies except for H2 tax reduction";"Diesel"
"OPEX";"Taxes";"NL";"Non-ETS CO2";"Rigid";"BAU";"EUR/tCO2";2030;"0";"Sensitivity | Removed policies except for H2 tax reduction";"Diesel"
"OPEX";"Taxes";"NL";"Non-ETS CO2";"Tractor-Trailer";"BAU";"EUR/tCO2";2030;"0";"Sensitivity | Removed policies except for H2 tax reduction";"Diesel"
"OPEX";"Taxes";"NL";"Non-ETS CO2";"Rigid";"PROG";"EUR/tCO2";2030;"0";"Sensitivity | Removed policies except for H2 tax reduction";"Diesel"
"OPEX";"Taxes";"NL";"Non-ETS CO2";"Tractor-Trailer";"PROG";"EUR/tCO2";2030;"0";"Sensitivity | Removed policies except for H2 tax reduction";"Diesel"
"OPEX";"Taxes";"PL";"Non-ETS CO2";"Rigid";"BAU";"EUR/tCO2";2030;"0";"Sensitivity | Removed policies except for H2 tax reduction";"Diesel"
"OPEX";"Taxes";"PL";"Non-ETS CO2";"Tractor-Trailer";"BAU";"EUR/tCO2";2030;"0";"Sensitivity | Removed policies except for H2 tax reduction";"Diesel"
"OPEX";"Taxes";"PL";"Non-ETS CO2";"Rigid";"PROG";"EUR/tCO2";2030;"0";"Sensitivity | Removed policies except for H2 tax reduction";"Diesel"
"OPEX";"Taxes";"PL";"Non-ETS CO2";"Tractor-Trailer";"PROG";"EUR/tCO2";2030;"0";"Sensitivity | Removed policies except for H2 tax reduction";"Diesel"
"OPEX";"Taxes";"UK";"Non-ETS CO2";"Rigid";"BAU";"EUR/tCO2";2030;"0";"Sensitivity | Removed policies except for H2 tax reduction";"Diesel"
"OPEX";"Taxes";"UK";"Non-ETS CO2";"Tractor-Trailer";"BAU";"EUR/tCO2";2030;"0";"Sensitivity | Removed policies except for H2 tax reduction";"Diesel"
"OPEX";"Taxes";"UK";"Non-ETS CO2";"Rigid";"PROG";"EUR/tCO2";2030;"0";"Sensitivity | Removed policies except for H2 tax reduction";"Diesel"
"OPEX";"Taxes";"UK";"Non-ETS CO2";"Tractor-Trailer";"PROG";"EUR/tCO2";2030;"0";"Sensitivity | Removed policies except for H2 tax reduction";"Diesel"
"OPEX";"Diesel";"FR";"Diesel Price";"Rigid";"BAU";"EUR/kWh";2030;"0.063";"Sensitivity | Removed policies except for H2 tax reduction";"Diesel"
"OPEX";"Diesel";"FR";"Diesel Price";"Tractor-Trailer";"BAU";"EUR/kWh";2030;"0.063";"Sensitivity | Removed policies except for H2 tax reduction";"Diesel"
"OPEX";"Diesel";"FR";"Diesel Price";"Rigid";"PROG";"EUR/kWh";2030;"0.063";"Sensitivity | Removed policies except for H2 tax reduction";"Diesel"
"OPEX";"Diesel";"FR";"Diesel Price";"Tractor-Trailer";"PROG";"EUR/kWh";2030;"0.063";"Sensitivity | Removed policies except for H2 tax reduction";"Diesel"
"OPEX";"Diesel";"DE";"Diesel Price";"Rigid";"BAU";"EUR/kWh";2030;"0.063";"Sensitivity | Removed policies except for H2 tax reduction";"Diesel"
"OPEX";"Diesel";"DE";"Diesel Price";"Tractor-Trailer";"BAU";"EUR/kWh";2030;"0.063";"Sensitivity | Removed policies except for H2 tax reduction";"Diesel"
"OPEX";"Diesel";"DE";"Diesel Price";"Rigid";"PROG";"EUR/kWh";2030;"0.063";"Sensitivity | Removed policies except for H2 tax reduction";"Diesel"
"OPEX";"Diesel";"DE";"Diesel Price";"Tractor-Trailer";"PROG";"EUR/kWh";2030;"0.063";"Sensitivity | Removed policies except for H2 tax reduction";"Diesel"
"OPEX";"Diesel";"ES";"Diesel Price";"Rigid";"BAU";"EUR/kWh";2030;"0.063";"Sensitivity | Removed policies except for H2 tax reduction";"Diesel"
"OPEX";"Diesel";"ES";"Diesel Price";"Tractor-Trailer";"BAU";"EUR/kWh";2030;"0.063";"Sensitivity | Removed policies except for H2 tax reduction";"Diesel"
"OPEX";"Diesel";"ES";"Diesel Price";"Rigid";"PROG";"EUR/kWh";2030;"0.063";"Sensitivity | Removed policies except for H2 tax reduction";"Diesel"
"OPEX";"Diesel";"ES";"Diesel Price";"Tractor-Trailer";"PROG";"EUR/kWh";2030;"0.063";"Sensitivity | Removed policies except for H2 tax reduction";"Diesel"
"OPEX";"Diesel";"IT";"Diesel Price";"Rigid";"BAU";"EUR/kWh";2030;"0.063";"Sensitivity | Removed policies except for H2 tax reduction";"Diesel"
"OPEX";"Diesel";"IT";"Diesel Price";"Tractor-Trailer";"BAU";"EUR/kWh";2030;"0.063";"Sensitivity | Removed policies except for H2 tax reduction";"Diesel"
"OPEX";"Diesel";"IT";"Diesel Price";"Rigid";"PROG";"EUR/kWh";2030;"0.063";"Sensitivity | Removed policies except for H2 tax reduction";"Diesel"
"OPEX";"Diesel";"IT";"Diesel Price";"Tractor-Trailer";"PROG";"EUR/kWh";2030;"0.063";"Sensitivity | Removed policies except for H2 tax reduction";"Diesel"
"OPEX";"Diesel";"NL";"Diesel Price";"Rigid";"BAU";"EUR/kWh";2030;"0.063";"Sensitivity | Removed policies except for H2 tax reduction";"Diesel"
"OPEX";"Diesel";"NL";"Diesel Price";"Tractor-Trailer";"BAU";"EUR/kWh";2030;"0.063";"Sensitivity | Removed policies except for H2 tax reduction";"Diesel"
"OPEX";"Diesel";"NL";"Diesel Price";"Rigid";"PROG";"EUR/kWh";2030;"0.063";"Sensitivity | Removed policies except for H2 tax reduction";"Diesel"
"OPEX";"Diesel";"NL";"Diesel Price";"Tractor-Trailer";"PROG";"EUR/kWh";2030;"0.063";"Sensitivity | Removed policies except for H2 tax reduction";"Diesel"
"OPEX";"Diesel";"PL";"Diesel Price";"Rigid";"BAU";"EUR/kWh";2030;"0.063";"Sensitivity | Removed policies except for H2 tax reduction";"Diesel"
"OPEX";"Diesel";"PL";"Diesel Price";"Tractor-Trailer";"BAU";"EUR/kWh";2030;"0.063";"Sensitivity | Removed policies except for H2 tax reduction";"Diesel"
"OPEX";"Diesel";"PL";"Diesel Price";"Rigid";"PROG";"EUR/kWh";2030;"0.063";"Sensitivity | Removed policies except for H2 tax reduction";"Diesel"
"OPEX";"Diesel";"PL";"Diesel Price";"Tractor-Trailer";"PROG";"EUR/kWh";2030;"0.063";"Sensitivity | Removed policies except for H2 tax reduction";"Diesel"
"OPEX";"Diesel";"UK";"Diesel Price";"Rigid";"BAU";"EUR/kWh";2030;"0.063";"Sensitivity | Removed policies except for H2 tax reduction";"Diesel"
"OPEX";"Diesel";"UK";"Diesel Price";"Tractor-Trailer";"BAU";"EUR/kWh";2030;"0.063";"Sensitivity | Removed policies except for H2 tax reduction";"Diesel"
"OPEX";"Diesel";"UK";"Diesel Price";"Rigid";"PROG";"EUR/kWh";2030;"0.063";"Sensitivity | Removed policies except for H2 tax reduction";"Diesel"
"OPEX";"Diesel";"UK";"Diesel Price";"Tractor-Trailer";"PROG";"EUR/kWh";2030;"0.063";"Sensitivity | Removed policies except for H2 tax reduction";"Diesel"
"OPEX";"Taxes";"DE";"Non-ETS CO2";"Rigid";"BAU";"EUR/tCO2";2035;"0";"Sensitivity | Removed policies except for H2 tax reduction";"Diesel"
"OPEX";"Taxes";"DE";"Non-ETS CO2";"Tractor-Trailer";"BAU";"EUR/tCO2";2035;"0";"Sensitivity | Removed policies except for H2 tax reduction";"Diesel"
"OPEX";"Taxes";"DE";"Non-ETS CO2";"Rigid";"PROG";"EUR/tCO2";2035;"0";"Sensitivity | Removed policies except for H2 tax reduction";"Diesel"
"OPEX";"Taxes";"DE";"Non-ETS CO2";"Tractor-Trailer";"PROG";"EUR/tCO2";2035;"0";"Sensitivity | Removed policies except for H2 tax reduction";"Diesel"
"OPEX";"Taxes";"ES";"Non-ETS CO2";"Rigid";"BAU";"EUR/tCO2";2035;"0";"Sensitivity | Removed policies except for H2 tax reduction";"Diesel"
"OPEX";"Taxes";"ES";"Non-ETS CO2";"Tractor-Trailer";"BAU";"EUR/tCO2";2035;"0";"Sensitivity | Removed policies except for H2 tax reduction";"Diesel"
"OPEX";"Taxes";"ES";"Non-ETS CO2";"Rigid";"PROG";"EUR/tCO2";2035;"0";"Sensitivity | Removed policies except for H2 tax reduction";"Diesel"
"OPEX";"Taxes";"ES";"Non-ETS CO2";"Tractor-Trailer";"PROG";"EUR/tCO2";2035;"0";"Sensitivity | Removed policies except for H2 tax reduction";"Diesel"
"OPEX";"Taxes";"FR";"Non-ETS CO2";"Rigid";"BAU";"EUR/tCO2";2035;"0";"Sensitivity | Removed policies except for H2 tax reduction";"Diesel"
"OPEX";"Taxes";"FR";"Non-ETS CO2";"Tractor-Trailer";"BAU";"EUR/tCO2";2035;"0";"Sensitivity | Removed policies except for H2 tax reduction";"Diesel"
"OPEX";"Taxes";"FR";"Non-ETS CO2";"Rigid";"PROG";"EUR/tCO2";2035;"0";"Sensitivity | Removed policies except for H2 tax reduction";"Diesel"
"OPEX";"Taxes";"FR";"Non-ETS CO2";"Tractor-Trailer";"PROG";"EUR/tCO2";2035;"0";"Sensitivity | Removed policies except for H2 tax reduction";"Diesel"
"OPEX";"Taxes";"IT";"Non-ETS CO2";"Rigid";"BAU";"EUR/tCO2";2035;"0";"Sensitivity | Removed policies except for H2 tax reduction";"Diesel"
"OPEX";"Taxes";"IT";"Non-ETS CO2";"Tractor-Trailer";"BAU";"EUR/tCO2";2035;"0";"Sensitivity | Removed policies except for H2 tax reduction";"Diesel"
"OPEX";"Taxes";"IT";"Non-ETS CO2";"Rigid";"PROG";"EUR/tCO2";2035;"0";"Sensitivity | Removed policies except for H2 tax reduction";"Diesel"
"OPEX";"Taxes";"IT";"Non-ETS CO2";"Tractor-Trailer";"PROG";"EUR/tCO2";2035;"0";"Sensitivity | Removed policies except for H2 tax reduction";"Diesel"
"OPEX";"Taxes";"NL";"Non-ETS CO2";"Rigid";"BAU";"EUR/tCO2";2035;"0";"Sensitivity | Removed policies except for H2 tax reduction";"Diesel"
"OPEX";"Taxes";"NL";"Non-ETS CO2";"Tractor-Trailer";"BAU";"EUR/tCO2";2035;"0";"Sensitivity | Removed policies except for H2 tax reduction";"Diesel"
"OPEX";"Taxes";"NL";"Non-ETS CO2";"Rigid";"PROG";"EUR/tCO2";2035;"0";"Sensitivity | Removed policies except for H2 tax reduction";"Diesel"
"OPEX";"Taxes";"NL";"Non-ETS CO2";"Tractor-Trailer";"PROG";"EUR/tCO2";2035;"0";"Sensitivity | Removed policies except for H2 tax reduction";"Diesel"
"OPEX";"Taxes";"PL";"Non-ETS CO2";"Rigid";"BAU";"EUR/tCO2";2035;"0";"Sensitivity | Removed policies except for H2 tax reduction";"Diesel"
"OPEX";"Taxes";"PL";"Non-ETS CO2";"Tractor-Trailer";"BAU";"EUR/tCO2";2035;"0";"Sensitivity | Removed policies except for H2 tax reduction";"Diesel"
"OPEX";"Taxes";"PL";"Non-ETS CO2";"Rigid";"PROG";"EUR/tCO2";2035;"0";"Sensitivity | Removed policies except for H2 tax reduction";"Diesel"
"OPEX";"Taxes";"PL";"Non-ETS CO2";"Tractor-Trailer";"PROG";"EUR/tCO2";2035;"0";"Sensitivity | Removed policies except for H2 tax reduction";"Diesel"
"OPEX";"Taxes";"UK";"Non-ETS CO2";"Rigid";"BAU";"EUR/tCO2";2035;"0";"Sensitivity | Removed policies except for H2 tax reduction";"Diesel"
"OPEX";"Taxes";"UK";"Non-ETS CO2";"Tractor-Trailer";"BAU";"EUR/tCO2";2035;"0";"Sensitivity | Removed policies except for H2 tax reduction";"Diesel"
"OPEX";"Taxes";"UK";"Non-ETS CO2";"Rigid";"PROG";"EUR/tCO2";2035;"0";"Sensitivity | Removed policies except for H2 tax reduction";"Diesel"
"OPEX";"Taxes";"UK";"Non-ETS CO2";"Tractor-Trailer";"PROG";"EUR/tCO2";2035;"0";"Sensitivity | Removed policies except for H2 tax reduction";"Diesel"
"OPEX";"Diesel";"FR";"Diesel Price";"Rigid";"BAU";"EUR/kWh";2035;"0.066";"Sensitivity | Removed policies except for H2 tax reduction";"Diesel"
"OPEX";"Diesel";"FR";"Diesel Price";"Tractor-Trailer";"BAU";"EUR/kWh";2035;"0.066";"Sensitivity | Removed policies except for H2 tax reduction";"Diesel"
"OPEX";"Diesel";"FR";"Diesel Price";"Rigid";"PROG";"EUR/kWh";2035;"0.066";"Sensitivity | Removed policies except for H2 tax reduction";"Diesel"
"OPEX";"Diesel";"FR";"Diesel Price";"Tractor-Trailer";"PROG";"EUR/kWh";2035;"0.066";"Sensitivity | Removed policies except for H2 tax reduction";"Diesel"
"OPEX";"Diesel";"DE";"Diesel Price";"Rigid";"BAU";"EUR/kWh";2035;"0.066";"Sensitivity | Removed policies except for H2 tax reduction";"Diesel"
"OPEX";"Diesel";"DE";"Diesel Price";"Tractor-Trailer";"BAU";"EUR/kWh";2035;"0.066";"Sensitivity | Removed policies except for H2 tax reduction";"Diesel"
"OPEX";"Diesel";"DE";"Diesel Price";"Rigid";"PROG";"EUR/kWh";2035;"0.066";"Sensitivity | Removed policies except for H2 tax reduction";"Diesel"
"OPEX";"Diesel";"DE";"Diesel Price";"Tractor-Trailer";"PROG";"EUR/kWh";2035;"0.066";"Sensitivity | Removed policies except for H2 tax reduction";"Diesel"
"OPEX";"Diesel";"ES";"Diesel Price";"Rigid";"BAU";"EUR/kWh";2035;"0.066";"Sensitivity | Removed policies except for H2 tax reduction";"Diesel"
"OPEX";"Diesel";"ES";"Diesel Price";"Tractor-Trailer";"BAU";"EUR/kWh";2035;"0.066";"Sensitivity | Removed policies except for H2 tax reduction";"Diesel"
"OPEX";"Diesel";"ES";"Diesel Price";"Rigid";"PROG";"EUR/kWh";2035;"0.066";"Sensitivity | Removed policies except for H2 tax reduction";"Diesel"
"OPEX";"Diesel";"ES";"Diesel Price";"Tractor-Trailer";"PROG";"EUR/kWh";2035;"0.066";"Sensitivity | Removed policies except for H2 tax reduction";"Diesel"
"OPEX";"Diesel";"IT";"Diesel Price";"Rigid";"BAU";"EUR/kWh";2035;"0.066";"Sensitivity | Removed policies except for H2 tax reduction";"Diesel"
"OPEX";"Diesel";"IT";"Diesel Price";"Tractor-Trailer";"BAU";"EUR/kWh";2035;"0.066";"Sensitivity | Removed policies except for H2 tax reduction";"Diesel"
"OPEX";"Diesel";"IT";"Diesel Price";"Rigid";"PROG";"EUR/kWh";2035;"0.066";"Sensitivity | Removed policies except for H2 tax reduction";"Diesel"
"OPEX";"Diesel";"IT";"Diesel Price";"Tractor-Trailer";"PROG";"EUR/kWh";2035;"0.066";"Sensitivity | Removed policies except for H2 tax reduction";"Diesel"
"OPEX";"Diesel";"NL";"Diesel Price";"Rigid";"BAU";"EUR/kWh";2035;"0.066";"Sensitivity | Removed policies except for H2 tax reduction";"Diesel"
"OPEX";"Diesel";"NL";"Diesel Price";"Tractor-Trailer";"BAU";"EUR/kWh";2035;"0.066";"Sensitivity | Removed policies except for H2 tax reduction";"Diesel"
"OPEX";"Diesel";"NL";"Diesel Price";"Rigid";"PROG";"EUR/kWh";2035;"0.066";"Sensitivity | Removed policies except for H2 tax reduction";"Diesel"
"OPEX";"Diesel";"NL";"Diesel Price";"Tractor-Trailer";"PROG";"EUR/kWh";2035;"0.066";"Sensitivity | Removed policies except for H2 tax reduction";"Diesel"
"OPEX";"Diesel";"PL";"Diesel Price";"Rigid";"BAU";"EUR/kWh";2035;"0.066";"Sensitivity | Removed policies except for H2 tax reduction";"Diesel"
"OPEX";"Diesel";"PL";"Diesel Price";"Tractor-Trailer";"BAU";"EUR/kWh";2035;"0.066";"Sensitivity | Removed policies except for H2 tax reduction";"Diesel"
"OPEX";"Diesel";"PL";"Diesel Price";"Rigid";"PROG";"EUR/kWh";2035;"0.066";"Sensitivity | Removed policies except for H2 tax reduction";"Diesel"
"OPEX";"Diesel";"PL";"Diesel Price";"Tractor-Trailer";"PROG";"EUR/kWh";2035;"0.066";"Sensitivity | Removed policies except for H2 tax reduction";"Diesel"
"OPEX";"Diesel";"UK";"Diesel Price";"Rigid";"BAU";"EUR/kWh";2035;"0.066";"Sensitivity | Removed policies except for H2 tax reduction";"Diesel"
"OPEX";"Diesel";"UK";"Diesel Price";"Tractor-Trailer";"BAU";"EUR/kWh";2035;"0.066";"Sensitivity | Removed policies except for H2 tax reduction";"Diesel"
"OPEX";"Diesel";"UK";"Diesel Price";"Rigid";"PROG";"EUR/kWh";2035;"0.066";"Sensitivity | Removed policies except for H2 tax reduction";"Diesel"
"OPEX";"Diesel";"UK";"Diesel Price";"Tractor-Trailer";"PROG";"EUR/kWh";2035;"0.066";"Sensitivity | Removed policies except for H2 tax reduction";"Diesel"
"OPEX";"Taxes";"DE";"Non-ETS CO2";"Rigid";"BAU";"EUR/tCO2";2040;"0";"Sensitivity | Removed policies except for H2 tax reduction";"Diesel"
"OPEX";"Taxes";"DE";"Non-ETS CO2";"Tractor-Trailer";"BAU";"EUR/tCO2";2040;"0";"Sensitivity | Removed policies except for H2 tax reduction";"Diesel"
"OPEX";"Taxes";"DE";"Non-ETS CO2";"Rigid";"PROG";"EUR/tCO2";2040;"0";"Sensitivity | Removed policies except for H2 tax reduction";"Diesel"
"OPEX";"Taxes";"DE";"Non-ETS CO2";"Tractor-Trailer";"PROG";"EUR/tCO2";2040;"0";"Sensitivity | Removed policies except for H2 tax reduction";"Diesel"
"OPEX";"Taxes";"ES";"Non-ETS CO2";"Rigid";"BAU";"EUR/tCO2";2040;"0";"Sensitivity | Removed policies except for H2 tax reduction";"Diesel"
"OPEX";"Taxes";"ES";"Non-ETS CO2";"Tractor-Trailer";"BAU";"EUR/tCO2";2040;"0";"Sensitivity | Removed policies except for H2 tax reduction";"Diesel"
"OPEX";"Taxes";"ES";"Non-ETS CO2";"Rigid";"PROG";"EUR/tCO2";2040;"0";"Sensitivity | Removed policies except for H2 tax reduction";"Diesel"
"OPEX";"Taxes";"ES";"Non-ETS CO2";"Tractor-Trailer";"PROG";"EUR/tCO2";2040;"0";"Sensitivity | Removed policies except for H2 tax reduction";"Diesel"
"OPEX";"Taxes";"FR";"Non-ETS CO2";"Rigid";"BAU";"EUR/tCO2";2040;"0";"Sensitivity | Removed policies except for H2 tax reduction";"Diesel"
"OPEX";"Taxes";"FR";"Non-ETS CO2";"Tractor-Trailer";"BAU";"EUR/tCO2";2040;"0";"Sensitivity | Removed policies except for H2 tax reduction";"Diesel"
"OPEX";"Taxes";"FR";"Non-ETS CO2";"Rigid";"PROG";"EUR/tCO2";2040;"0";"Sensitivity | Removed policies except for H2 tax reduction";"Diesel"
"OPEX";"Taxes";"FR";"Non-ETS CO2";"Tractor-Trailer";"PROG";"EUR/tCO2";2040;"0";"Sensitivity | Removed policies except for H2 tax reduction";"Diesel"
"OPEX";"Taxes";"IT";"Non-ETS CO2";"Rigid";"BAU";"EUR/tCO2";2040;"0";"Sensitivity | Removed policies except for H2 tax reduction";"Diesel"
"OPEX";"Taxes";"IT";"Non-ETS CO2";"Tractor-Trailer";"BAU";"EUR/tCO2";2040;"0";"Sensitivity | Removed policies except for H2 tax reduction";"Diesel"
"OPEX";"Taxes";"IT";"Non-ETS CO2";"Rigid";"PROG";"EUR/tCO2";2040;"0";"Sensitivity | Removed policies except for H2 tax reduction";"Diesel"
"OPEX";"Taxes";"IT";"Non-ETS CO2";"Tractor-Trailer";"PROG";"EUR/tCO2";2040;"0";"Sensitivity | Removed policies except for H2 tax reduction";"Diesel"
"OPEX";"Taxes";"NL";"Non-ETS CO2";"Rigid";"BAU";"EUR/tCO2";2040;"0";"Sensitivity | Removed policies except for H2 tax reduction";"Diesel"
"OPEX";"Taxes";"NL";"Non-ETS CO2";"Tractor-Trailer";"BAU";"EUR/tCO2";2040;"0";"Sensitivity | Removed policies except for H2 tax reduction";"Diesel"
"OPEX";"Taxes";"NL";"Non-ETS CO2";"Rigid";"PROG";"EUR/tCO2";2040;"0";"Sensitivity | Removed policies except for H2 tax reduction";"Diesel"
"OPEX";"Taxes";"NL";"Non-ETS CO2";"Tractor-Trailer";"PROG";"EUR/tCO2";2040;"0";"Sensitivity | Removed policies except for H2 tax reduction";"Diesel"
"OPEX";"Taxes";"PL";"Non-ETS CO2";"Rigid";"BAU";"EUR/tCO2";2040;"0";"Sensitivity | Removed policies except for H2 tax reduction";"Diesel"
"OPEX";"Taxes";"PL";"Non-ETS CO2";"Tractor-Trailer";"BAU";"EUR/tCO2";2040;"0";"Sensitivity | Removed policies except for H2 tax reduction";"Diesel"
"OPEX";"Taxes";"PL";"Non-ETS CO2";"Rigid";"PROG";"EUR/tCO2";2040;"0";"Sensitivity | Removed policies except for H2 tax reduction";"Diesel"
"OPEX";"Taxes";"PL";"Non-ETS CO2";"Tractor-Trailer";"PROG";"EUR/tCO2";2040;"0";"Sensitivity | Removed policies except for H2 tax reduction";"Diesel"
"OPEX";"Taxes";"UK";"Non-ETS CO2";"Rigid";"BAU";"EUR/tCO2";2040;"0";"Sensitivity | Removed policies except for H2 tax reduction";"Diesel"
"OPEX";"Taxes";"UK";"Non-ETS CO2";"Tractor-Trailer";"BAU";"EUR/tCO2";2040;"0";"Sensitivity | Removed policies except for H2 tax reduction";"Diesel"
"OPEX";"Taxes";"UK";"Non-ETS CO2";"Rigid";"PROG";"EUR/tCO2";2040;"0";"Sensitivity | Removed policies except for H2 tax reduction";"Diesel"
"OPEX";"Taxes";"UK";"Non-ETS CO2";"Tractor-Trailer";"PROG";"EUR/tCO2";2040;"0";"Sensitivity | Removed policies except for H2 tax reduction";"Diesel"
"OPEX";"Diesel";"FR";"Diesel Price";"Rigid";"BAU";"EUR/kWh";2040;"0.069";"Sensitivity | Removed policies except for H2 tax reduction";"Diesel"
"OPEX";"Diesel";"FR";"Diesel Price";"Tractor-Trailer";"BAU";"EUR/kWh";2040;"0.069";"Sensitivity | Removed policies except for H2 tax reduction";"Diesel"
"OPEX";"Diesel";"FR";"Diesel Price";"Rigid";"PROG";"EUR/kWh";2040;"0.069";"Sensitivity | Removed policies except for H2 tax reduction";"Diesel"
"OPEX";"Diesel";"FR";"Diesel Price";"Tractor-Trailer";"PROG";"EUR/kWh";2040;"0.069";"Sensitivity | Removed policies except for H2 tax reduction";"Diesel"
"OPEX";"Diesel";"DE";"Diesel Price";"Rigid";"BAU";"EUR/kWh";2040;"0.069";"Sensitivity | Removed policies except for H2 tax reduction";"Diesel"
"OPEX";"Diesel";"DE";"Diesel Price";"Tractor-Trailer";"BAU";"EUR/kWh";2040;"0.069";"Sensitivity | Removed policies except for H2 tax reduction";"Diesel"
"OPEX";"Diesel";"DE";"Diesel Price";"Rigid";"PROG";"EUR/kWh";2040;"0.069";"Sensitivity | Removed policies except for H2 tax reduction";"Diesel"
"OPEX";"Diesel";"DE";"Diesel Price";"Tractor-Trailer";"PROG";"EUR/kWh";2040;"0.069";"Sensitivity | Removed policies except for H2 tax reduction";"Diesel"
"OPEX";"Diesel";"ES";"Diesel Price";"Rigid";"BAU";"EUR/kWh";2040;"0.069";"Sensitivity | Removed policies except for H2 tax reduction";"Diesel"
"OPEX";"Diesel";"ES";"Diesel Price";"Tractor-Trailer";"BAU";"EUR/kWh";2040;"0.069";"Sensitivity | Removed policies except for H2 tax reduction";"Diesel"
"OPEX";"Diesel";"ES";"Diesel Price";"Rigid";"PROG";"EUR/kWh";2040;"0.069";"Sensitivity | Removed policies except for H2 tax reduction";"Diesel"
"OPEX";"Diesel";"ES";"Diesel Price";"Tractor-Trailer";"PROG";"EUR/kWh";2040;"0.069";"Sensitivity | Removed policies except for H2 tax reduction";"Diesel"
"OPEX";"Diesel";"IT";"Diesel Price";"Rigid";"BAU";"EUR/kWh";2040;"0.069";"Sensitivity | Removed policies except for H2 tax reduction";"Diesel"
"OPEX";"Diesel";"IT";"Diesel Price";"Tractor-Trailer";"BAU";"EUR/kWh";2040;"0.069";"Sensitivity | Removed policies except for H2 tax reduction";"Diesel"
"OPEX";"Diesel";"IT";"Diesel Price";"Rigid";"PROG";"EUR/kWh";2040;"0.069";"Sensitivity | Removed policies except for H2 tax reduction";"Diesel"
"OPEX";"Diesel";"IT";"Diesel Price";"Tractor-Trailer";"PROG";"EUR/kWh";2040;"0.069";"Sensitivity | Removed policies except for H2 tax reduction";"Diesel"
"OPEX";"Diesel";"NL";"Diesel Price";"Rigid";"BAU";"EUR/kWh";2040;"0.069";"Sensitivity | Removed policies except for H2 tax reduction";"Diesel"
"OPEX";"Diesel";"NL";"Diesel Price";"Tractor-Trailer";"BAU";"EUR/kWh";2040;"0.069";"Sensitivity | Removed policies except for H2 tax reduction";"Diesel"
"OPEX";"Diesel";"NL";"Diesel Price";"Rigid";"PROG";"EUR/kWh";2040;"0.069";"Sensitivity | Removed policies except for H2 tax reduction";"Diesel"
"OPEX";"Diesel";"NL";"Diesel Price";"Tractor-Trailer";"PROG";"EUR/kWh";2040;"0.069";"Sensitivity | Removed policies except for H2 tax reduction";"Diesel"
"OPEX";"Diesel";"PL";"Diesel Price";"Rigid";"BAU";"EUR/kWh";2040;"0.069";"Sensitivity | Removed policies except for H2 tax reduction";"Diesel"
"OPEX";"Diesel";"PL";"Diesel Price";"Tractor-Trailer";"BAU";"EUR/kWh";2040;"0.069";"Sensitivity | Removed policies except for H2 tax reduction";"Diesel"
"OPEX";"Diesel";"PL";"Diesel Price";"Rigid";"PROG";"EUR/kWh";2040;"0.069";"Sensitivity | Removed policies except for H2 tax reduction";"Diesel"
"OPEX";"Diesel";"PL";"Diesel Price";"Tractor-Trailer";"PROG";"EUR/kWh";2040;"0.069";"Sensitivity | Removed policies except for H2 tax reduction";"Diesel"
"OPEX";"Diesel";"UK";"Diesel Price";"Rigid";"BAU";"EUR/kWh";2040;"0.069";"Sensitivity | Removed policies except for H2 tax reduction";"Diesel"
"OPEX";"Diesel";"UK";"Diesel Price";"Tractor-Trailer";"BAU";"EUR/kWh";2040;"0.069";"Sensitivity | Removed policies except for H2 tax reduction";"Diesel"
"OPEX";"Diesel";"UK";"Diesel Price";"Rigid";"PROG";"EUR/kWh";2040;"0.069";"Sensitivity | Removed policies except for H2 tax reduction";"Diesel"
"OPEX";"Diesel";"UK";"Diesel Price";"Tractor-Trailer";"PROG";"EUR/kWh";2040;"0.069";"Sensitivity | Removed policies except for H2 tax reduction";"Diesel"
"OPEX";"Taxes";"DE";"Non-ETS CO2";"Rigid";"BAU";"EUR/tCO2";2045;"0";"Sensitivity | Removed policies except for H2 tax reduction";"Diesel"
"OPEX";"Taxes";"DE";"Non-ETS CO2";"Tractor-Trailer";"BAU";"EUR/tCO2";2045;"0";"Sensitivity | Removed policies except for H2 tax reduction";"Diesel"
"OPEX";"Taxes";"DE";"Non-ETS CO2";"Rigid";"PROG";"EUR/tCO2";2045;"0";"Sensitivity | Removed policies except for H2 tax reduction";"Diesel"
"OPEX";"Taxes";"DE";"Non-ETS CO2";"Tractor-Trailer";"PROG";"EUR/tCO2";2045;"0";"Sensitivity | Removed policies except for H2 tax reduction";"Diesel"
"OPEX";"Taxes";"ES";"Non-ETS CO2";"Rigid";"BAU";"EUR/tCO2";2045;"0";"Sensitivity | Removed policies except for H2 tax reduction";"Diesel"
"OPEX";"Taxes";"ES";"Non-ETS CO2";"Tractor-Trailer";"BAU";"EUR/tCO2";2045;"0";"Sensitivity | Removed policies except for H2 tax reduction";"Diesel"
"OPEX";"Taxes";"ES";"Non-ETS CO2";"Rigid";"PROG";"EUR/tCO2";2045;"0";"Sensitivity | Removed policies except for H2 tax reduction";"Diesel"
"OPEX";"Taxes";"ES";"Non-ETS CO2";"Tractor-Trailer";"PROG";"EUR/tCO2";2045;"0";"Sensitivity | Removed policies except for H2 tax reduction";"Diesel"
"OPEX";"Taxes";"FR";"Non-ETS CO2";"Rigid";"BAU";"EUR/tCO2";2045;"0";"Sensitivity | Removed policies except for H2 tax reduction";"Diesel"
"OPEX";"Taxes";"FR";"Non-ETS CO2";"Tractor-Trailer";"BAU";"EUR/tCO2";2045;"0";"Sensitivity | Removed policies except for H2 tax reduction";"Diesel"
"OPEX";"Taxes";"FR";"Non-ETS CO2";"Rigid";"PROG";"EUR/tCO2";2045;"0";"Sensitivity | Removed policies except for H2 tax reduction";"Diesel"
"OPEX";"Taxes";"FR";"Non-ETS CO2";"Tractor-Trailer";"PROG";"EUR/tCO2";2045;"0";"Sensitivity | Removed policies except for H2 tax reduction";"Diesel"
"OPEX";"Taxes";"IT";"Non-ETS CO2";"Rigid";"BAU";"EUR/tCO2";2045;"0";"Sensitivity | Removed policies except for H2 tax reduction";"Diesel"
"OPEX";"Taxes";"IT";"Non-ETS CO2";"Tractor-Trailer";"BAU";"EUR/tCO2";2045;"0";"Sensitivity | Removed policies except for H2 tax reduction";"Diesel"
"OPEX";"Taxes";"IT";"Non-ETS CO2";"Rigid";"PROG";"EUR/tCO2";2045;"0";"Sensitivity | Removed policies except for H2 tax reduction";"Diesel"
"OPEX";"Taxes";"IT";"Non-ETS CO2";"Tractor-Trailer";"PROG";"EUR/tCO2";2045;"0";"Sensitivity | Removed policies except for H2 tax reduction";"Diesel"
"OPEX";"Taxes";"NL";"Non-ETS CO2";"Rigid";"BAU";"EUR/tCO2";2045;"0";"Sensitivity | Removed policies except for H2 tax reduction";"Diesel"
"OPEX";"Taxes";"NL";"Non-ETS CO2";"Tractor-Trailer";"BAU";"EUR/tCO2";2045;"0";"Sensitivity | Removed policies except for H2 tax reduction";"Diesel"
"OPEX";"Taxes";"NL";"Non-ETS CO2";"Rigid";"PROG";"EUR/tCO2";2045;"0";"Sensitivity | Removed policies except for H2 tax reduction";"Diesel"
"OPEX";"Taxes";"NL";"Non-ETS CO2";"Tractor-Trailer";"PROG";"EUR/tCO2";2045;"0";"Sensitivity | Removed policies except for H2 tax reduction";"Diesel"
"OPEX";"Taxes";"PL";"Non-ETS CO2";"Rigid";"BAU";"EUR/tCO2";2045;"0";"Sensitivity | Removed policies except for H2 tax reduction";"Diesel"
"OPEX";"Taxes";"PL";"Non-ETS CO2";"Tractor-Trailer";"BAU";"EUR/tCO2";2045;"0";"Sensitivity | Removed policies except for H2 tax reduction";"Diesel"
"OPEX";"Taxes";"PL";"Non-ETS CO2";"Rigid";"PROG";"EUR/tCO2";2045;"0";"Sensitivity | Removed policies except for H2 tax reduction";"Diesel"
"OPEX";"Taxes";"PL";"Non-ETS CO2";"Tractor-Trailer";"PROG";"EUR/tCO2";2045;"0";"Sensitivity | Removed policies except for H2 tax reduction";"Diesel"
"OPEX";"Taxes";"UK";"Non-ETS CO2";"Rigid";"BAU";"EUR/tCO2";2045;"0";"Sensitivity | Removed policies except for H2 tax reduction";"Diesel"
"OPEX";"Taxes";"UK";"Non-ETS CO2";"Tractor-Trailer";"BAU";"EUR/tCO2";2045;"0";"Sensitivity | Removed policies except for H2 tax reduction";"Diesel"
"OPEX";"Taxes";"UK";"Non-ETS CO2";"Rigid";"PROG";"EUR/tCO2";2045;"0";"Sensitivity | Removed policies except for H2 tax reduction";"Diesel"
"OPEX";"Taxes";"UK";"Non-ETS CO2";"Tractor-Trailer";"PROG";"EUR/tCO2";2045;"0";"Sensitivity | Removed policies except for H2 tax reduction";"Diesel"
"OPEX";"Diesel";"FR";"Diesel Price";"Rigid";"BAU";"EUR/kWh";2045;"0.073";"Sensitivity | Removed policies except for H2 tax reduction";"Diesel"
"OPEX";"Diesel";"FR";"Diesel Price";"Tractor-Trailer";"BAU";"EUR/kWh";2045;"0.073";"Sensitivity | Removed policies except for H2 tax reduction";"Diesel"
"OPEX";"Diesel";"FR";"Diesel Price";"Rigid";"PROG";"EUR/kWh";2045;"0.073";"Sensitivity | Removed policies except for H2 tax reduction";"Diesel"
"OPEX";"Diesel";"FR";"Diesel Price";"Tractor-Trailer";"PROG";"EUR/kWh";2045;"0.073";"Sensitivity | Removed policies except for H2 tax reduction";"Diesel"
"OPEX";"Diesel";"DE";"Diesel Price";"Rigid";"BAU";"EUR/kWh";2045;"0.073";"Sensitivity | Removed policies except for H2 tax reduction";"Diesel"
"OPEX";"Diesel";"DE";"Diesel Price";"Tractor-Trailer";"BAU";"EUR/kWh";2045;"0.073";"Sensitivity | Removed policies except for H2 tax reduction";"Diesel"
"OPEX";"Diesel";"DE";"Diesel Price";"Rigid";"PROG";"EUR/kWh";2045;"0.073";"Sensitivity | Removed policies except for H2 tax reduction";"Diesel"
"OPEX";"Diesel";"DE";"Diesel Price";"Tractor-Trailer";"PROG";"EUR/kWh";2045;"0.073";"Sensitivity | Removed policies except for H2 tax reduction";"Diesel"
"OPEX";"Diesel";"ES";"Diesel Price";"Rigid";"BAU";"EUR/kWh";2045;"0.073";"Sensitivity | Removed policies except for H2 tax reduction";"Diesel"
"OPEX";"Diesel";"ES";"Diesel Price";"Tractor-Trailer";"BAU";"EUR/kWh";2045;"0.073";"Sensitivity | Removed policies except for H2 tax reduction";"Diesel"
"OPEX";"Diesel";"ES";"Diesel Price";"Rigid";"PROG";"EUR/kWh";2045;"0.073";"Sensitivity | Removed policies except for H2 tax reduction";"Diesel"
"OPEX";"Diesel";"ES";"Diesel Price";"Tractor-Trailer";"PROG";"EUR/kWh";2045;"0.073";"Sensitivity | Removed policies except for H2 tax reduction";"Diesel"
"OPEX";"Diesel";"IT";"Diesel Price";"Rigid";"BAU";"EUR/kWh";2045;"0.073";"Sensitivity | Removed policies except for H2 tax reduction";"Diesel"
"OPEX";"Diesel";"IT";"Diesel Price";"Tractor-Trailer";"BAU";"EUR/kWh";2045;"0.073";"Sensitivity | Removed policies except for H2 tax reduction";"Diesel"
"OPEX";"Diesel";"IT";"Diesel Price";"Rigid";"PROG";"EUR/kWh";2045;"0.073";"Sensitivity | Removed policies except for H2 tax reduction";"Diesel"
"OPEX";"Diesel";"IT";"Diesel Price";"Tractor-Trailer";"PROG";"EUR/kWh";2045;"0.073";"Sensitivity | Removed policies except for H2 tax reduction";"Diesel"
"OPEX";"Diesel";"NL";"Diesel Price";"Rigid";"BAU";"EUR/kWh";2045;"0.073";"Sensitivity | Removed policies except for H2 tax reduction";"Diesel"
"OPEX";"Diesel";"NL";"Diesel Price";"Tractor-Trailer";"BAU";"EUR/kWh";2045;"0.073";"Sensitivity | Removed policies except for H2 tax reduction";"Diesel"
"OPEX";"Diesel";"NL";"Diesel Price";"Rigid";"PROG";"EUR/kWh";2045;"0.073";"Sensitivity | Removed policies except for H2 tax reduction";"Diesel"
"OPEX";"Diesel";"NL";"Diesel Price";"Tractor-Trailer";"PROG";"EUR/kWh";2045;"0.073";"Sensitivity | Removed policies except for H2 tax reduction";"Diesel"
"OPEX";"Diesel";"PL";"Diesel Price";"Rigid";"BAU";"EUR/kWh";2045;"0.073";"Sensitivity | Removed policies except for H2 tax reduction";"Diesel"
"OPEX";"Diesel";"PL";"Diesel Price";"Tractor-Trailer";"BAU";"EUR/kWh";2045;"0.073";"Sensitivity | Removed policies except for H2 tax reduction";"Diesel"
"OPEX";"Diesel";"PL";"Diesel Price";"Rigid";"PROG";"EUR/kWh";2045;"0.073";"Sensitivity | Removed policies except for H2 tax reduction";"Diesel"
"OPEX";"Diesel";"PL";"Diesel Price";"Tractor-Trailer";"PROG";"EUR/kWh";2045;"0.073";"Sensitivity | Removed policies except for H2 tax reduction";"Diesel"
"OPEX";"Diesel";"UK";"Diesel Price";"Rigid";"BAU";"EUR/kWh";2045;"0.073";"Sensitivity | Removed policies except for H2 tax reduction";"Diesel"
"OPEX";"Diesel";"UK";"Diesel Price";"Tractor-Trailer";"BAU";"EUR/kWh";2045;"0.073";"Sensitivity | Removed policies except for H2 tax reduction";"Diesel"
"OPEX";"Diesel";"UK";"Diesel Price";"Rigid";"PROG";"EUR/kWh";2045;"0.073";"Sensitivity | Removed policies except for H2 tax reduction";"Diesel"
"OPEX";"Diesel";"UK";"Diesel Price";"Tractor-Trailer";"PROG";"EUR/kWh";2045;"0.073";"Sensitivity | Removed policies except for H2 tax reduction";"Diesel"
"OPEX";"Taxes";"DE";"Non-ETS CO2";"Rigid";"BAU";"EUR/tCO2";2050;"0";"Sensitivity | Removed policies except for H2 tax reduction";"Diesel"
"OPEX";"Taxes";"DE";"Non-ETS CO2";"Tractor-Trailer";"BAU";"EUR/tCO2";2050;"0";"Sensitivity | Removed policies except for H2 tax reduction";"Diesel"
"OPEX";"Taxes";"DE";"Non-ETS CO2";"Rigid";"PROG";"EUR/tCO2";2050;"0";"Sensitivity | Removed policies except for H2 tax reduction";"Diesel"
"OPEX";"Taxes";"DE";"Non-ETS CO2";"Tractor-Trailer";"PROG";"EUR/tCO2";2050;"0";"Sensitivity | Removed policies except for H2 tax reduction";"Diesel"
"OPEX";"Taxes";"ES";"Non-ETS CO2";"Rigid";"BAU";"EUR/tCO2";2050;"0";"Sensitivity | Removed policies except for H2 tax reduction";"Diesel"
"OPEX";"Taxes";"ES";"Non-ETS CO2";"Tractor-Trailer";"BAU";"EUR/tCO2";2050;"0";"Sensitivity | Removed policies except for H2 tax reduction";"Diesel"
"OPEX";"Taxes";"ES";"Non-ETS CO2";"Rigid";"PROG";"EUR/tCO2";2050;"0";"Sensitivity | Removed policies except for H2 tax reduction";"Diesel"
"OPEX";"Taxes";"ES";"Non-ETS CO2";"Tractor-Trailer";"PROG";"EUR/tCO2";2050;"0";"Sensitivity | Removed policies except for H2 tax reduction";"Diesel"
"OPEX";"Taxes";"FR";"Non-ETS CO2";"Rigid";"BAU";"EUR/tCO2";2050;"0";"Sensitivity | Removed policies except for H2 tax reduction";"Diesel"
"OPEX";"Taxes";"FR";"Non-ETS CO2";"Tractor-Trailer";"BAU";"EUR/tCO2";2050;"0";"Sensitivity | Removed policies except for H2 tax reduction";"Diesel"
"OPEX";"Taxes";"FR";"Non-ETS CO2";"Rigid";"PROG";"EUR/tCO2";2050;"0";"Sensitivity | Removed policies except for H2 tax reduction";"Diesel"
"OPEX";"Taxes";"FR";"Non-ETS CO2";"Tractor-Trailer";"PROG";"EUR/tCO2";2050;"0";"Sensitivity | Removed policies except for H2 tax reduction";"Diesel"
"OPEX";"Taxes";"IT";"Non-ETS CO2";"Rigid";"BAU";"EUR/tCO2";2050;"0";"Sensitivity | Removed policies except for H2 tax reduction";"Diesel"
"OPEX";"Taxes";"IT";"Non-ETS CO2";"Tractor-Trailer";"BAU";"EUR/tCO2";2050;"0";"Sensitivity | Removed policies except for H2 tax reduction";"Diesel"
"OPEX";"Taxes";"IT";"Non-ETS CO2";"Rigid";"PROG";"EUR/tCO2";2050;"0";"Sensitivity | Removed policies except for H2 tax reduction";"Diesel"
"OPEX";"Taxes";"IT";"Non-ETS CO2";"Tractor-Trailer";"PROG";"EUR/tCO2";2050;"0";"Sensitivity | Removed policies except for H2 tax reduction";"Diesel"
"OPEX";"Taxes";"NL";"Non-ETS CO2";"Rigid";"BAU";"EUR/tCO2";2050;"0";"Sensitivity | Removed policies except for H2 tax reduction";"Diesel"
"OPEX";"Taxes";"NL";"Non-ETS CO2";"Tractor-Trailer";"BAU";"EUR/tCO2";2050;"0";"Sensitivity | Removed policies except for H2 tax reduction";"Diesel"
"OPEX";"Taxes";"NL";"Non-ETS CO2";"Rigid";"PROG";"EUR/tCO2";2050;"0";"Sensitivity | Removed policies except for H2 tax reduction";"Diesel"
"OPEX";"Taxes";"NL";"Non-ETS CO2";"Tractor-Trailer";"PROG";"EUR/tCO2";2050;"0";"Sensitivity | Removed policies except for H2 tax reduction";"Diesel"
"OPEX";"Taxes";"PL";"Non-ETS CO2";"Rigid";"BAU";"EUR/tCO2";2050;"0";"Sensitivity | Removed policies except for H2 tax reduction";"Diesel"
"OPEX";"Taxes";"PL";"Non-ETS CO2";"Tractor-Trailer";"BAU";"EUR/tCO2";2050;"0";"Sensitivity | Removed policies except for H2 tax reduction";"Diesel"
"OPEX";"Taxes";"PL";"Non-ETS CO2";"Rigid";"PROG";"EUR/tCO2";2050;"0";"Sensitivity | Removed policies except for H2 tax reduction";"Diesel"
"OPEX";"Taxes";"PL";"Non-ETS CO2";"Tractor-Trailer";"PROG";"EUR/tCO2";2050;"0";"Sensitivity | Removed policies except for H2 tax reduction";"Diesel"
"OPEX";"Taxes";"UK";"Non-ETS CO2";"Rigid";"BAU";"EUR/tCO2";2050;"0";"Sensitivity | Removed policies except for H2 tax reduction";"Diesel"
"OPEX";"Taxes";"UK";"Non-ETS CO2";"Tractor-Trailer";"BAU";"EUR/tCO2";2050;"0";"Sensitivity | Removed policies except for H2 tax reduction";"Diesel"
"OPEX";"Taxes";"UK";"Non-ETS CO2";"Rigid";"PROG";"EUR/tCO2";2050;"0";"Sensitivity | Removed policies except for H2 tax reduction";"Diesel"
"OPEX";"Taxes";"UK";"Non-ETS CO2";"Tractor-Trailer";"PROG";"EUR/tCO2";2050;"0";"Sensitivity | Removed policies except for H2 tax reduction";"Diesel"
"OPEX";"Diesel";"FR";"Diesel Price";"Rigid";"BAU";"EUR/kWh";2050;"0.079";"Sensitivity | Removed policies except for H2 tax reduction";"Diesel"
"OPEX";"Diesel";"FR";"Diesel Price";"Tractor-Trailer";"BAU";"EUR/kWh";2050;"0.079";"Sensitivity | Removed policies except for H2 tax reduction";"Diesel"
"OPEX";"Diesel";"FR";"Diesel Price";"Rigid";"PROG";"EUR/kWh";2050;"0.079";"Sensitivity | Removed policies except for H2 tax reduction";"Diesel"
"OPEX";"Diesel";"FR";"Diesel Price";"Tractor-Trailer";"PROG";"EUR/kWh";2050;"0.079";"Sensitivity | Removed policies except for H2 tax reduction";"Diesel"
"OPEX";"Diesel";"DE";"Diesel Price";"Rigid";"BAU";"EUR/kWh";2050;"0.079";"Sensitivity | Removed policies except for H2 tax reduction";"Diesel"
"OPEX";"Diesel";"DE";"Diesel Price";"Tractor-Trailer";"BAU";"EUR/kWh";2050;"0.079";"Sensitivity | Removed policies except for H2 tax reduction";"Diesel"
"OPEX";"Diesel";"DE";"Diesel Price";"Rigid";"PROG";"EUR/kWh";2050;"0.079";"Sensitivity | Removed policies except for H2 tax reduction";"Diesel"
"OPEX";"Diesel";"DE";"Diesel Price";"Tractor-Trailer";"PROG";"EUR/kWh";2050;"0.079";"Sensitivity | Removed policies except for H2 tax reduction";"Diesel"
"OPEX";"Diesel";"ES";"Diesel Price";"Rigid";"BAU";"EUR/kWh";2050;"0.079";"Sensitivity | Removed policies except for H2 tax reduction";"Diesel"
"OPEX";"Diesel";"ES";"Diesel Price";"Tractor-Trailer";"BAU";"EUR/kWh";2050;"0.079";"Sensitivity | Removed policies except for H2 tax reduction";"Diesel"
"OPEX";"Diesel";"ES";"Diesel Price";"Rigid";"PROG";"EUR/kWh";2050;"0.079";"Sensitivity | Removed policies except for H2 tax reduction";"Diesel"
"OPEX";"Diesel";"ES";"Diesel Price";"Tractor-Trailer";"PROG";"EUR/kWh";2050;"0.079";"Sensitivity | Removed policies except for H2 tax reduction";"Diesel"
"OPEX";"Diesel";"IT";"Diesel Price";"Rigid";"BAU";"EUR/kWh";2050;"0.079";"Sensitivity | Removed policies except for H2 tax reduction";"Diesel"
"OPEX";"Diesel";"IT";"Diesel Price";"Tractor-Trailer";"BAU";"EUR/kWh";2050;"0.079";"Sensitivity | Removed policies except for H2 tax reduction";"Diesel"
"OPEX";"Diesel";"IT";"Diesel Price";"Rigid";"PROG";"EUR/kWh";2050;"0.079";"Sensitivity | Removed policies except for H2 tax reduction";"Diesel"
"OPEX";"Diesel";"IT";"Diesel Price";"Tractor-Trailer";"PROG";"EUR/kWh";2050;"0.079";"Sensitivity | Removed policies except for H2 tax reduction";"Diesel"
"OPEX";"Diesel";"NL";"Diesel Price";"Rigid";"BAU";"EUR/kWh";2050;"0.079";"Sensitivity | Removed policies except for H2 tax reduction";"Diesel"
"OPEX";"Diesel";"NL";"Diesel Price";"Tractor-Trailer";"BAU";"EUR/kWh";2050;"0.079";"Sensitivity | Removed policies except for H2 tax reduction";"Diesel"
"OPEX";"Diesel";"NL";"Diesel Price";"Rigid";"PROG";"EUR/kWh";2050;"0.079";"Sensitivity | Removed policies except for H2 tax reduction";"Diesel"
"OPEX";"Diesel";"NL";"Diesel Price";"Tractor-Trailer";"PROG";"EUR/kWh";2050;"0.079";"Sensitivity | Removed policies except for H2 tax reduction";"Diesel"
"OPEX";"Diesel";"PL";"Diesel Price";"Rigid";"BAU";"EUR/kWh";2050;"0.079";"Sensitivity | Removed policies except for H2 tax reduction";"Diesel"
"OPEX";"Diesel";"PL";"Diesel Price";"Tractor-Trailer";"BAU";"EUR/kWh";2050;"0.079";"Sensitivity | Removed policies except for H2 tax reduction";"Diesel"
"OPEX";"Diesel";"PL";"Diesel Price";"Rigid";"PROG";"EUR/kWh";2050;"0.079";"Sensitivity | Removed policies except for H2 tax reduction";"Diesel"
"OPEX";"Diesel";"PL";"Diesel Price";"Tractor-Trailer";"PROG";"EUR/kWh";2050;"0.079";"Sensitivity | Removed policies except for H2 tax reduction";"Diesel"
"OPEX";"Diesel";"UK";"Diesel Price";"Rigid";"BAU";"EUR/kWh";2050;"0.079";"Sensitivity | Removed policies except for H2 tax reduction";"Diesel"
"OPEX";"Diesel";"UK";"Diesel Price";"Tractor-Trailer";"BAU";"EUR/kWh";2050;"0.079";"Sensitivity | Removed policies except for H2 tax reduction";"Diesel"
"OPEX";"Diesel";"UK";"Diesel Price";"Rigid";"PROG";"EUR/kWh";2050;"0.079";"Sensitivity | Removed policies except for H2 tax reduction";"Diesel"
"OPEX";"Diesel";"UK";"Diesel Price";"Tractor-Trailer";"PROG";"EUR/kWh";2050;"0.079";"Sensitivity | Removed policies except for H2 tax reduction";"Diesel"
"OPEX";"Diesel";"FR";"Biodiesel Price";"Rigid";"BAU";"EUR/kWh";2030;"0.141";"Sensitivity | Removed policies except for H2 tax reduction";"Diesel"
"OPEX";"Diesel";"FR";"Biodiesel Price";"Tractor-Trailer";"BAU";"EUR/kWh";2030;"0.141";"Sensitivity | Removed policies except for H2 tax reduction";"Diesel"
"OPEX";"Diesel";"DE";"Biodiesel Price";"Rigid";"BAU";"EUR/kWh";2030;"0.141";"Sensitivity | Removed policies except for H2 tax reduction";"Diesel"
"OPEX";"Diesel";"DE";"Biodiesel Price";"Tractor-Trailer";"BAU";"EUR/kWh";2030;"0.141";"Sensitivity | Removed policies except for H2 tax reduction";"Diesel"
"OPEX";"Diesel";"ES";"Biodiesel Price";"Rigid";"BAU";"EUR/kWh";2030;"0.141";"Sensitivity | Removed policies except for H2 tax reduction";"Diesel"
"OPEX";"Diesel";"ES";"Biodiesel Price";"Tractor-Trailer";"BAU";"EUR/kWh";2030;"0.141";"Sensitivity | Removed policies except for H2 tax reduction";"Diesel"
"OPEX";"Diesel";"IT";"Biodiesel Price";"Rigid";"BAU";"EUR/kWh";2030;"0.141";"Sensitivity | Removed policies except for H2 tax reduction";"Diesel"
"OPEX";"Diesel";"IT";"Biodiesel Price";"Tractor-Trailer";"BAU";"EUR/kWh";2030;"0.141";"Sensitivity | Removed policies except for H2 tax reduction";"Diesel"
"OPEX";"Diesel";"NL";"Biodiesel Price";"Rigid";"BAU";"EUR/kWh";2030;"0.141";"Sensitivity | Removed policies except for H2 tax reduction";"Diesel"
"OPEX";"Diesel";"NL";"Biodiesel Price";"Tractor-Trailer";"BAU";"EUR/kWh";2030;"0.141";"Sensitivity | Removed policies except for H2 tax reduction";"Diesel"
"OPEX";"Diesel";"PL";"Biodiesel Price";"Rigid";"BAU";"EUR/kWh";2030;"0.141";"Sensitivity | Removed policies except for H2 tax reduction";"Diesel"
"OPEX";"Diesel";"PL";"Biodiesel Price";"Tractor-Trailer";"BAU";"EUR/kWh";2030;"0.141";"Sensitivity | Removed policies except for H2 tax reduction";"Diesel"
"OPEX";"Diesel";"UK";"Biodiesel Price";"Rigid";"BAU";"EUR/kWh";2030;"0.141";"Sensitivity | Removed policies except for H2 tax reduction";"Diesel"
"OPEX";"Diesel";"UK";"Biodiesel Price";"Tractor-Trailer";"BAU";"EUR/kWh";2030;"0.141";"Sensitivity | Removed policies except for H2 tax reduction";"Diesel"
"OPEX";"Diesel";"DE";"Pt-Diesel Price";"Rigid";"BAU";"EUR/kWh";2030;"0.26";"Sensitivity | Removed policies except for H2 tax reduction";"Diesel"
"OPEX";"Diesel";"DE";"Pt-Diesel Price";"Tractor-Trailer";"BAU";"EUR/kWh";2030;"0.26";"Sensitivity | Removed policies except for H2 tax reduction";"Diesel"
"OPEX";"Diesel";"ES";"Pt-Diesel Price";"Rigid";"BAU";"EUR/kWh";2030;"0.26";"Sensitivity | Removed policies except for H2 tax reduction";"Diesel"
"OPEX";"Diesel";"ES";"Pt-Diesel Price";"Tractor-Trailer";"BAU";"EUR/kWh";2030;"0.26";"Sensitivity | Removed policies except for H2 tax reduction";"Diesel"
"OPEX";"Diesel";"FR";"Pt-Diesel Price";"Rigid";"BAU";"EUR/kWh";2030;"0.26";"Sensitivity | Removed policies except for H2 tax reduction";"Diesel"
"OPEX";"Diesel";"FR";"Pt-Diesel Price";"Tractor-Trailer";"BAU";"EUR/kWh";2030;"0.26";"Sensitivity | Removed policies except for H2 tax reduction";"Diesel"
"OPEX";"Diesel";"IT";"Pt-Diesel Price";"Rigid";"BAU";"EUR/kWh";2030;"0.26";"Sensitivity | Removed policies except for H2 tax reduction";"Diesel"
"OPEX";"Diesel";"IT";"Pt-Diesel Price";"Tractor-Trailer";"BAU";"EUR/kWh";2030;"0.26";"Sensitivity | Removed policies except for H2 tax reduction";"Diesel"
"OPEX";"Diesel";"NL";"Pt-Diesel Price";"Rigid";"BAU";"EUR/kWh";2030;"0.26";"Sensitivity | Removed policies except for H2 tax reduction";"Diesel"
"OPEX";"Diesel";"NL";"Pt-Diesel Price";"Tractor-Trailer";"BAU";"EUR/kWh";2030;"0.26";"Sensitivity | Removed policies except for H2 tax reduction";"Diesel"
"OPEX";"Diesel";"PL";"Pt-Diesel Price";"Rigid";"BAU";"EUR/kWh";2030;"0.26";"Sensitivity | Removed policies except for H2 tax reduction";"Diesel"
"OPEX";"Diesel";"PL";"Pt-Diesel Price";"Tractor-Trailer";"BAU";"EUR/kWh";2030;"0.26";"Sensitivity | Removed policies except for H2 tax reduction";"Diesel"
"OPEX";"Diesel";"UK";"Pt-Diesel Price";"Rigid";"BAU";"EUR/kWh";2030;"0.26";"Sensitivity | Removed policies except for H2 tax reduction";"Diesel"
"OPEX";"Diesel";"UK";"Pt-Diesel Price";"Tractor-Trailer";"BAU";"EUR/kWh";2030;"0.26";"Sensitivity | Removed policies except for H2 tax reduction";"Diesel"
"OPEX";"Electricity";"DE";"Electricity Price";"Rigid";"BAU";"EUR/kWh";2030;"0.086";"Sensitivity | Removed policies except for H2 tax reduction";"Electricity"
"OPEX";"Electricity";"DE";"Electricity Price";"Tractor-Trailer";"BAU";"EUR/kWh";2030;"0.086";"Sensitivity | Removed policies except for H2 tax reduction";"Electricity"
"OPEX";"Electricity";"ES";"Electricity Price";"Rigid";"BAU";"EUR/kWh";2030;"0.086";"Sensitivity | Removed policies except for H2 tax reduction";"Electricity"
"OPEX";"Electricity";"ES";"Electricity Price";"Tractor-Trailer";"BAU";"EUR/kWh";2030;"0.086";"Sensitivity | Removed policies except for H2 tax reduction";"Electricity"
"OPEX";"Electricity";"FR";"Electricity Price";"Rigid";"BAU";"EUR/kWh";2030;"0.086";"Sensitivity | Removed policies except for H2 tax reduction";"Electricity"
"OPEX";"Electricity";"FR";"Electricity Price";"Tractor-Trailer";"BAU";"EUR/kWh";2030;"0.086";"Sensitivity | Removed policies except for H2 tax reduction";"Electricity"
"OPEX";"Electricity";"IT";"Electricity Price";"Rigid";"BAU";"EUR/kWh";2030;"0.086";"Sensitivity | Removed policies except for H2 tax reduction";"Electricity"
"OPEX";"Electricity";"IT";"Electricity Price";"Tractor-Trailer";"BAU";"EUR/kWh";2030;"0.086";"Sensitivity | Removed policies except for H2 tax reduction";"Electricity"
"OPEX";"Electricity";"NL";"Electricity Price";"Rigid";"BAU";"EUR/kWh";2030;"0.086";"Sensitivity | Removed policies except for H2 tax reduction";"Electricity"
"OPEX";"Electricity";"NL";"Electricity Price";"Tractor-Trailer";"BAU";"EUR/kWh";2030;"0.086";"Sensitivity | Removed policies except for H2 tax reduction";"Electricity"
"OPEX";"Electricity";"PL";"Electricity Price";"Rigid";"BAU";"EUR/kWh";2030;"0.086";"Sensitivity | Removed policies except for H2 tax reduction";"Electricity"
"OPEX";"Electricity";"PL";"Electricity Price";"Tractor-Trailer";"BAU";"EUR/kWh";2030;"0.086";"Sensitivity | Removed policies except for H2 tax reduction";"Electricity"
"OPEX";"Electricity";"UK";"Electricity Price";"Rigid";"BAU";"EUR/kWh";2030;"0.086";"Sensitivity | Removed policies except for H2 tax reduction";"Electricity"
"OPEX";"Electricity";"UK";"Electricity Price";"Tractor-Trailer";"BAU";"EUR/kWh";2030;"0.086";"Sensitivity | Removed policies except for H2 tax reduction";"Electricity"
"OPEX";"Hydrogen";"DE";"Hydrogen Price";"Rigid";"BAU";"EUR/kWh";2030;"0.168";"Sensitivity | Removed policies except for H2 tax reduction";"Hydrogen"
"OPEX";"Hydrogen";"DE";"Hydrogen Price";"Tractor-Trailer";"BAU";"EUR/kWh";2030;"0.168";"Sensitivity | Removed policies except for H2 tax reduction";"Hydrogen"
"OPEX";"Hydrogen";"ES";"Hydrogen Price";"Rigid";"BAU";"EUR/kWh";2030;"0.168";"Sensitivity | Removed policies except for H2 tax reduction";"Hydrogen"
"OPEX";"Hydrogen";"ES";"Hydrogen Price";"Tractor-Trailer";"BAU";"EUR/kWh";2030;"0.168";"Sensitivity | Removed policies except for H2 tax reduction";"Hydrogen"
"OPEX";"Hydrogen";"FR";"Hydrogen Price";"Rigid";"BAU";"EUR/kWh";2030;"0.168";"Sensitivity | Removed policies except for H2 tax reduction";"Hydrogen"
"OPEX";"Hydrogen";"FR";"Hydrogen Price";"Tractor-Trailer";"BAU";"EUR/kWh";2030;"0.168";"Sensitivity | Removed policies except for H2 tax reduction";"Hydrogen"
"OPEX";"Hydrogen";"IT";"Hydrogen Price";"Rigid";"BAU";"EUR/kWh";2030;"0.168";"Sensitivity | Removed policies except for H2 tax reduction";"Hydrogen"
"OPEX";"Hydrogen";"IT";"Hydrogen Price";"Tractor-Trailer";"BAU";"EUR/kWh";2030;"0.168";"Sensitivity | Removed policies except for H2 tax reduction";"Hydrogen"
"OPEX";"Hydrogen";"NL";"Hydrogen Price";"Rigid";"BAU";"EUR/kWh";2030;"0.168";"Sensitivity | Removed policies except for H2 tax reduction";"Hydrogen"
"OPEX";"Hydrogen";"NL";"Hydrogen Price";"Tractor-Trailer";"BAU";"EUR/kWh";2030;"0.168";"Sensitivity | Removed policies except for H2 tax reduction";"Hydrogen"
"OPEX";"Hydrogen";"PL";"Hydrogen Price";"Rigid";"BAU";"EUR/kWh";2030;"0.168";"Sensitivity | Removed policies except for H2 tax reduction";"Hydrogen"
"OPEX";"Hydrogen";"PL";"Hydrogen Price";"Tractor-Trailer";"BAU";"EUR/kWh";2030;"0.168";"Sensitivity | Removed policies except for H2 tax reduction";"Hydrogen"
"OPEX";"Hydrogen";"UK";"Hydrogen Price";"Rigid";"BAU";"EUR/kWh";2030;"0.168";"Sensitivity | Removed policies except for H2 tax reduction";"Hydrogen"
"OPEX";"Hydrogen";"UK";"Hydrogen Price";"Tractor-Trailer";"BAU";"EUR/kWh";2030;"0.168";"Sensitivity | Removed policies except for H2 tax reduction";"Hydrogen"
"OPEX";"Diesel";"FR";"Biodiesel Price";"Rigid";"BAU";"EUR/kWh";2035;"0.159";"Sensitivity | Removed policies except for H2 tax reduction";"Diesel"
"OPEX";"Diesel";"FR";"Biodiesel Price";"Tractor-Trailer";"BAU";"EUR/kWh";2035;"0.159";"Sensitivity | Removed policies except for H2 tax reduction";"Diesel"
"OPEX";"Diesel";"DE";"Biodiesel Price";"Rigid";"BAU";"EUR/kWh";2035;"0.159";"Sensitivity | Removed policies except for H2 tax reduction";"Diesel"
"OPEX";"Diesel";"DE";"Biodiesel Price";"Tractor-Trailer";"BAU";"EUR/kWh";2035;"0.159";"Sensitivity | Removed policies except for H2 tax reduction";"Diesel"
"OPEX";"Diesel";"ES";"Biodiesel Price";"Rigid";"BAU";"EUR/kWh";2035;"0.159";"Sensitivity | Removed policies except for H2 tax reduction";"Diesel"
"OPEX";"Diesel";"ES";"Biodiesel Price";"Tractor-Trailer";"BAU";"EUR/kWh";2035;"0.159";"Sensitivity | Removed policies except for H2 tax reduction";"Diesel"
"OPEX";"Diesel";"IT";"Biodiesel Price";"Rigid";"BAU";"EUR/kWh";2035;"0.159";"Sensitivity | Removed policies except for H2 tax reduction";"Diesel"
"OPEX";"Diesel";"IT";"Biodiesel Price";"Tractor-Trailer";"BAU";"EUR/kWh";2035;"0.159";"Sensitivity | Removed policies except for H2 tax reduction";"Diesel"
"OPEX";"Diesel";"NL";"Biodiesel Price";"Rigid";"BAU";"EUR/kWh";2035;"0.159";"Sensitivity | Removed policies except for H2 tax reduction";"Diesel"
"OPEX";"Diesel";"NL";"Biodiesel Price";"Tractor-Trailer";"BAU";"EUR/kWh";2035;"0.159";"Sensitivity | Removed policies except for H2 tax reduction";"Diesel"
"OPEX";"Diesel";"PL";"Biodiesel Price";"Rigid";"BAU";"EUR/kWh";2035;"0.159";"Sensitivity | Removed policies except for H2 tax reduction";"Diesel"
"OPEX";"Diesel";"PL";"Biodiesel Price";"Tractor-Trailer";"BAU";"EUR/kWh";2035;"0.159";"Sensitivity | Removed policies except for H2 tax reduction";"Diesel"
"OPEX";"Diesel";"UK";"Biodiesel Price";"Rigid";"BAU";"EUR/kWh";2035;"0.159";"Sensitivity | Removed policies except for H2 tax reduction";"Diesel"
"OPEX";"Diesel";"UK";"Biodiesel Price";"Tractor-Trailer";"BAU";"EUR/kWh";2035;"0.159";"Sensitivity | Removed policies except for H2 tax reduction";"Diesel"
"OPEX";"Diesel";"DE";"Pt-Diesel Price";"Rigid";"BAU";"EUR/kWh";2035;"0.239";"Sensitivity | Removed policies except for H2 tax reduction";"Diesel"
"OPEX";"Diesel";"DE";"Pt-Diesel Price";"Tractor-Trailer";"BAU";"EUR/kWh";2035;"0.239";"Sensitivity | Removed policies except for H2 tax reduction";"Diesel"
"OPEX";"Diesel";"ES";"Pt-Diesel Price";"Rigid";"BAU";"EUR/kWh";2035;"0.239";"Sensitivity | Removed policies except for H2 tax reduction";"Diesel"
"OPEX";"Diesel";"ES";"Pt-Diesel Price";"Tractor-Trailer";"BAU";"EUR/kWh";2035;"0.239";"Sensitivity | Removed policies except for H2 tax reduction";"Diesel"
"OPEX";"Diesel";"FR";"Pt-Diesel Price";"Rigid";"BAU";"EUR/kWh";2035;"0.239";"Sensitivity | Removed policies except for H2 tax reduction";"Diesel"
"OPEX";"Diesel";"FR";"Pt-Diesel Price";"Tractor-Trailer";"BAU";"EUR/kWh";2035;"0.239";"Sensitivity | Removed policies except for H2 tax reduction";"Diesel"
"OPEX";"Diesel";"IT";"Pt-Diesel Price";"Rigid";"BAU";"EUR/kWh";2035;"0.239";"Sensitivity | Removed policies except for H2 tax reduction";"Diesel"
"OPEX";"Diesel";"IT";"Pt-Diesel Price";"Tractor-Trailer";"BAU";"EUR/kWh";2035;"0.239";"Sensitivity | Removed policies except for H2 tax reduction";"Diesel"
"OPEX";"Diesel";"NL";"Pt-Diesel Price";"Rigid";"BAU";"EUR/kWh";2035;"0.239";"Sensitivity | Removed policies except for H2 tax reduction";"Diesel"
"OPEX";"Diesel";"NL";"Pt-Diesel Price";"Tractor-Trailer";"BAU";"EUR/kWh";2035;"0.239";"Sensitivity | Removed policies except for H2 tax reduction";"Diesel"
"OPEX";"Diesel";"PL";"Pt-Diesel Price";"Rigid";"BAU";"EUR/kWh";2035;"0.239";"Sensitivity | Removed policies except for H2 tax reduction";"Diesel"
"OPEX";"Diesel";"PL";"Pt-Diesel Price";"Tractor-Trailer";"BAU";"EUR/kWh";2035;"0.239";"Sensitivity | Removed policies except for H2 tax reduction";"Diesel"
"OPEX";"Diesel";"UK";"Pt-Diesel Price";"Rigid";"BAU";"EUR/kWh";2035;"0.239";"Sensitivity | Removed policies except for H2 tax reduction";"Diesel"
"OPEX";"Diesel";"UK";"Pt-Diesel Price";"Tractor-Trailer";"BAU";"EUR/kWh";2035;"0.239";"Sensitivity | Removed policies except for H2 tax reduction";"Diesel"
"OPEX";"Electricity";"DE";"Electricity Price";"Rigid";"BAU";"EUR/kWh";2035;"0.076";"Sensitivity | Removed policies except for H2 tax reduction";"Electricity"
"OPEX";"Electricity";"DE";"Electricity Price";"Tractor-Trailer";"BAU";"EUR/kWh";2035;"0.076";"Sensitivity | Removed policies except for H2 tax reduction";"Electricity"
"OPEX";"Electricity";"ES";"Electricity Price";"Rigid";"BAU";"EUR/kWh";2035;"0.076";"Sensitivity | Removed policies except for H2 tax reduction";"Electricity"
"OPEX";"Electricity";"ES";"Electricity Price";"Tractor-Trailer";"BAU";"EUR/kWh";2035;"0.076";"Sensitivity | Removed policies except for H2 tax reduction";"Electricity"
"OPEX";"Electricity";"FR";"Electricity Price";"Rigid";"BAU";"EUR/kWh";2035;"0.076";"Sensitivity | Removed policies except for H2 tax reduction";"Electricity"
"OPEX";"Electricity";"FR";"Electricity Price";"Tractor-Trailer";"BAU";"EUR/kWh";2035;"0.076";"Sensitivity | Removed policies except for H2 tax reduction";"Electricity"
"OPEX";"Electricity";"IT";"Electricity Price";"Rigid";"BAU";"EUR/kWh";2035;"0.076";"Sensitivity | Removed policies except for H2 tax reduction";"Electricity"
"OPEX";"Electricity";"IT";"Electricity Price";"Tractor-Trailer";"BAU";"EUR/kWh";2035;"0.076";"Sensitivity | Removed policies except for H2 tax reduction";"Electricity"
"OPEX";"Electricity";"NL";"Electricity Price";"Rigid";"BAU";"EUR/kWh";2035;"0.076";"Sensitivity | Removed policies except for H2 tax reduction";"Electricity"
"OPEX";"Electricity";"NL";"Electricity Price";"Tractor-Trailer";"BAU";"EUR/kWh";2035;"0.076";"Sensitivity | Removed policies except for H2 tax reduction";"Electricity"
"OPEX";"Electricity";"PL";"Electricity Price";"Rigid";"BAU";"EUR/kWh";2035;"0.076";"Sensitivity | Removed policies except for H2 tax reduction";"Electricity"
"OPEX";"Electricity";"PL";"Electricity Price";"Tractor-Trailer";"BAU";"EUR/kWh";2035;"0.076";"Sensitivity | Removed policies except for H2 tax reduction";"Electricity"
"OPEX";"Electricity";"UK";"Electricity Price";"Rigid";"BAU";"EUR/kWh";2035;"0.076";"Sensitivity | Removed policies except for H2 tax reduction";"Electricity"
"OPEX";"Electricity";"UK";"Electricity Price";"Tractor-Trailer";"BAU";"EUR/kWh";2035;"0.076";"Sensitivity | Removed policies except for H2 tax reduction";"Electricity"
"OPEX";"Hydrogen";"DE";"Hydrogen Price";"Rigid";"BAU";"EUR/kWh";2035;"0.151";"Sensitivity | Removed policies except for H2 tax reduction";"Hydrogen"
"OPEX";"Hydrogen";"DE";"Hydrogen Price";"Tractor-Trailer";"BAU";"EUR/kWh";2035;"0.151";"Sensitivity | Removed policies except for H2 tax reduction";"Hydrogen"
"OPEX";"Hydrogen";"ES";"Hydrogen Price";"Rigid";"BAU";"EUR/kWh";2035;"0.151";"Sensitivity | Removed policies except for H2 tax reduction";"Hydrogen"
"OPEX";"Hydrogen";"ES";"Hydrogen Price";"Tractor-Trailer";"BAU";"EUR/kWh";2035;"0.151";"Sensitivity | Removed policies except for H2 tax reduction";"Hydrogen"
"OPEX";"Hydrogen";"FR";"Hydrogen Price";"Rigid";"BAU";"EUR/kWh";2035;"0.151";"Sensitivity | Removed policies except for H2 tax reduction";"Hydrogen"
"OPEX";"Hydrogen";"FR";"Hydrogen Price";"Tractor-Trailer";"BAU";"EUR/kWh";2035;"0.151";"Sensitivity | Removed policies except for H2 tax reduction";"Hydrogen"
"OPEX";"Hydrogen";"IT";"Hydrogen Price";"Rigid";"BAU";"EUR/kWh";2035;"0.151";"Sensitivity | Removed policies except for H2 tax reduction";"Hydrogen"
"OPEX";"Hydrogen";"IT";"Hydrogen Price";"Tractor-Trailer";"BAU";"EUR/kWh";2035;"0.151";"Sensitivity | Removed policies except for H2 tax reduction";"Hydrogen"
"OPEX";"Hydrogen";"NL";"Hydrogen Price";"Rigid";"BAU";"EUR/kWh";2035;"0.151";"Sensitivity | Removed policies except for H2 tax reduction";"Hydrogen"
"OPEX";"Hydrogen";"NL";"Hydrogen Price";"Tractor-Trailer";"BAU";"EUR/kWh";2035;"0.151";"Sensitivity | Removed policies except for H2 tax reduction";"Hydrogen"
"OPEX";"Hydrogen";"PL";"Hydrogen Price";"Rigid";"BAU";"EUR/kWh";2035;"0.151";"Sensitivity | Removed policies except for H2 tax reduction";"Hydrogen"
"OPEX";"Hydrogen";"PL";"Hydrogen Price";"Tractor-Trailer";"BAU";"EUR/kWh";2035;"0.151";"Sensitivity | Removed policies except for H2 tax reduction";"Hydrogen"
"OPEX";"Hydrogen";"UK";"Hydrogen Price";"Rigid";"BAU";"EUR/kWh";2035;"0.151";"Sensitivity | Removed policies except for H2 tax reduction";"Hydrogen"
"OPEX";"Hydrogen";"UK";"Hydrogen Price";"Tractor-Trailer";"BAU";"EUR/kWh";2035;"0.151";"Sensitivity | Removed policies except for H2 tax reduction";"Hydrogen"
"OPEX";"Diesel";"FR";"Biodiesel Price";"Rigid";"BAU";"EUR/kWh";2040;"0.172";"Sensitivity | Removed policies except for H2 tax reduction";"Diesel"
"OPEX";"Diesel";"FR";"Biodiesel Price";"Tractor-Trailer";"BAU";"EUR/kWh";2040;"0.172";"Sensitivity | Removed policies except for H2 tax reduction";"Diesel"
"OPEX";"Diesel";"DE";"Biodiesel Price";"Rigid";"BAU";"EUR/kWh";2040;"0.172";"Sensitivity | Removed policies except for H2 tax reduction";"Diesel"
"OPEX";"Diesel";"DE";"Biodiesel Price";"Tractor-Trailer";"BAU";"EUR/kWh";2040;"0.172";"Sensitivity | Removed policies except for H2 tax reduction";"Diesel"
"OPEX";"Diesel";"ES";"Biodiesel Price";"Rigid";"BAU";"EUR/kWh";2040;"0.172";"Sensitivity | Removed policies except for H2 tax reduction";"Diesel"
"OPEX";"Diesel";"ES";"Biodiesel Price";"Tractor-Trailer";"BAU";"EUR/kWh";2040;"0.172";"Sensitivity | Removed policies except for H2 tax reduction";"Diesel"
"OPEX";"Diesel";"IT";"Biodiesel Price";"Rigid";"BAU";"EUR/kWh";2040;"0.172";"Sensitivity | Removed policies except for H2 tax reduction";"Diesel"
"OPEX";"Diesel";"IT";"Biodiesel Price";"Tractor-Trailer";"BAU";"EUR/kWh";2040;"0.172";"Sensitivity | Removed policies except for H2 tax reduction";"Diesel"
"OPEX";"Diesel";"NL";"Biodiesel Price";"Rigid";"BAU";"EUR/kWh";2040;"0.172";"Sensitivity | Removed policies except for H2 tax reduction";"Diesel"
"OPEX";"Diesel";"NL";"Biodiesel Price";"Tractor-Trailer";"BAU";"EUR/kWh";2040;"0.172";"Sensitivity | Removed policies except for H2 tax reduction";"Diesel"
"OPEX";"Diesel";"PL";"Biodiesel Price";"Rigid";"BAU";"EUR/kWh";2040;"0.172";"Sensitivity | Removed policies except for H2 tax reduction";"Diesel"
"OPEX";"Diesel";"PL";"Biodiesel Price";"Tractor-Trailer";"BAU";"EUR/kWh";2040;"0.172";"Sensitivity | Removed policies except for H2 tax reduction";"Diesel"
"OPEX";"Diesel";"UK";"Biodiesel Price";"Rigid";"BAU";"EUR/kWh";2040;"0.172";"Sensitivity | Removed policies except for H2 tax reduction";"Diesel"
"OPEX";"Diesel";"UK";"Biodiesel Price";"Tractor-Trailer";"BAU";"EUR/kWh";2040;"0.172";"Sensitivity | Removed policies except for H2 tax reduction";"Diesel"
"OPEX";"Diesel";"DE";"Pt-Diesel Price";"Rigid";"BAU";"EUR/kWh";2040;"0.218";"Sensitivity | Removed policies except for H2 tax reduction";"Diesel"
"OPEX";"Diesel";"DE";"Pt-Diesel Price";"Tractor-Trailer";"BAU";"EUR/kWh";2040;"0.218";"Sensitivity | Removed policies except for H2 tax reduction";"Diesel"
"OPEX";"Diesel";"ES";"Pt-Diesel Price";"Rigid";"BAU";"EUR/kWh";2040;"0.218";"Sensitivity | Removed policies except for H2 tax reduction";"Diesel"
"OPEX";"Diesel";"ES";"Pt-Diesel Price";"Tractor-Trailer";"BAU";"EUR/kWh";2040;"0.218";"Sensitivity | Removed policies except for H2 tax reduction";"Diesel"
"OPEX";"Diesel";"FR";"Pt-Diesel Price";"Rigid";"BAU";"EUR/kWh";2040;"0.218";"Sensitivity | Removed policies except for H2 tax reduction";"Diesel"
"OPEX";"Diesel";"FR";"Pt-Diesel Price";"Tractor-Trailer";"BAU";"EUR/kWh";2040;"0.218";"Sensitivity | Removed policies except for H2 tax reduction";"Diesel"
"OPEX";"Diesel";"IT";"Pt-Diesel Price";"Rigid";"BAU";"EUR/kWh";2040;"0.218";"Sensitivity | Removed policies except for H2 tax reduction";"Diesel"
"OPEX";"Diesel";"IT";"Pt-Diesel Price";"Tractor-Trailer";"BAU";"EUR/kWh";2040;"0.218";"Sensitivity | Removed policies except for H2 tax reduction";"Diesel"
"OPEX";"Diesel";"NL";"Pt-Diesel Price";"Rigid";"BAU";"EUR/kWh";2040;"0.218";"Sensitivity | Removed policies except for H2 tax reduction";"Diesel"
"OPEX";"Diesel";"NL";"Pt-Diesel Price";"Tractor-Trailer";"BAU";"EUR/kWh";2040;"0.218";"Sensitivity | Removed policies except for H2 tax reduction";"Diesel"
"OPEX";"Diesel";"PL";"Pt-Diesel Price";"Rigid";"BAU";"EUR/kWh";2040;"0.218";"Sensitivity | Removed policies except for H2 tax reduction";"Diesel"
"OPEX";"Diesel";"PL";"Pt-Diesel Price";"Tractor-Trailer";"BAU";"EUR/kWh";2040;"0.218";"Sensitivity | Removed policies except for H2 tax reduction";"Diesel"
"OPEX";"Diesel";"UK";"Pt-Diesel Price";"Rigid";"BAU";"EUR/kWh";2040;"0.218";"Sensitivity | Removed policies except for H2 tax reduction";"Diesel"
"OPEX";"Diesel";"UK";"Pt-Diesel Price";"Tractor-Trailer";"BAU";"EUR/kWh";2040;"0.218";"Sensitivity | Removed policies except for H2 tax reduction";"Diesel"
"OPEX";"Electricity";"DE";"Electricity Price";"Rigid";"BAU";"EUR/kWh";2040;"0.071";"Sensitivity | Removed policies except for H2 tax reduction";"Electricity"
"OPEX";"Electricity";"DE";"Electricity Price";"Tractor-Trailer";"BAU";"EUR/kWh";2040;"0.071";"Sensitivity | Removed policies except for H2 tax reduction";"Electricity"
"OPEX";"Electricity";"ES";"Electricity Price";"Rigid";"BAU";"EUR/kWh";2040;"0.071";"Sensitivity | Removed policies except for H2 tax reduction";"Electricity"
"OPEX";"Electricity";"ES";"Electricity Price";"Tractor-Trailer";"BAU";"EUR/kWh";2040;"0.071";"Sensitivity | Removed policies except for H2 tax reduction";"Electricity"
"OPEX";"Electricity";"FR";"Electricity Price";"Rigid";"BAU";"EUR/kWh";2040;"0.071";"Sensitivity | Removed policies except for H2 tax reduction";"Electricity"
"OPEX";"Electricity";"FR";"Electricity Price";"Tractor-Trailer";"BAU";"EUR/kWh";2040;"0.071";"Sensitivity | Removed policies except for H2 tax reduction";"Electricity"
"OPEX";"Electricity";"IT";"Electricity Price";"Rigid";"BAU";"EUR/kWh";2040;"0.071";"Sensitivity | Removed policies except for H2 tax reduction";"Electricity"
"OPEX";"Electricity";"IT";"Electricity Price";"Tractor-Trailer";"BAU";"EUR/kWh";2040;"0.071";"Sensitivity | Removed policies except for H2 tax reduction";"Electricity"
"OPEX";"Electricity";"NL";"Electricity Price";"Rigid";"BAU";"EUR/kWh";2040;"0.071";"Sensitivity | Removed policies except for H2 tax reduction";"Electricity"
"OPEX";"Electricity";"NL";"Electricity Price";"Tractor-Trailer";"BAU";"EUR/kWh";2040;"0.071";"Sensitivity | Removed policies except for H2 tax reduction";"Electricity"
"OPEX";"Electricity";"PL";"Electricity Price";"Rigid";"BAU";"EUR/kWh";2040;"0.071";"Sensitivity | Removed policies except for H2 tax reduction";"Electricity"
"OPEX";"Electricity";"PL";"Electricity Price";"Tractor-Trailer";"BAU";"EUR/kWh";2040;"0.071";"Sensitivity | Removed policies except for H2 tax reduction";"Electricity"
"OPEX";"Electricity";"UK";"Electricity Price";"Rigid";"BAU";"EUR/kWh";2040;"0.071";"Sensitivity | Removed policies except for H2 tax reduction";"Electricity"
"OPEX";"Electricity";"UK";"Electricity Price";"Tractor-Trailer";"BAU";"EUR/kWh";2040;"0.071";"Sensitivity | Removed policies except for H2 tax reduction";"Electricity"
"OPEX";"Hydrogen";"DE";"Hydrogen Price";"Rigid";"BAU";"EUR/kWh";2040;"0.134";"Sensitivity | Removed policies except for H2 tax reduction";"Hydrogen"
"OPEX";"Hydrogen";"DE";"Hydrogen Price";"Tractor-Trailer";"BAU";"EUR/kWh";2040;"0.134";"Sensitivity | Removed policies except for H2 tax reduction";"Hydrogen"
"OPEX";"Hydrogen";"ES";"Hydrogen Price";"Rigid";"BAU";"EUR/kWh";2040;"0.134";"Sensitivity | Removed policies except for H2 tax reduction";"Hydrogen"
"OPEX";"Hydrogen";"ES";"Hydrogen Price";"Tractor-Trailer";"BAU";"EUR/kWh";2040;"0.134";"Sensitivity | Removed policies except for H2 tax reduction";"Hydrogen"
"OPEX";"Hydrogen";"FR";"Hydrogen Price";"Rigid";"BAU";"EUR/kWh";2040;"0.134";"Sensitivity | Removed policies except for H2 tax reduction";"Hydrogen"
"OPEX";"Hydrogen";"FR";"Hydrogen Price";"Tractor-Trailer";"BAU";"EUR/kWh";2040;"0.134";"Sensitivity | Removed policies except for H2 tax reduction";"Hydrogen"
"OPEX";"Hydrogen";"IT";"Hydrogen Price";"Rigid";"BAU";"EUR/kWh";2040;"0.134";"Sensitivity | Removed policies except for H2 tax reduction";"Hydrogen"
"OPEX";"Hydrogen";"IT";"Hydrogen Price";"Tractor-Trailer";"BAU";"EUR/kWh";2040;"0.134";"Sensitivity | Removed policies except for H2 tax reduction";"Hydrogen"
"OPEX";"Hydrogen";"NL";"Hydrogen Price";"Rigid";"BAU";"EUR/kWh";2040;"0.134";"Sensitivity | Removed policies except for H2 tax reduction";"Hydrogen"
"OPEX";"Hydrogen";"NL";"Hydrogen Price";"Tractor-Trailer";"BAU";"EUR/kWh";2040;"0.134";"Sensitivity | Removed policies except for H2 tax reduction";"Hydrogen"
"OPEX";"Hydrogen";"PL";"Hydrogen Price";"Rigid";"BAU";"EUR/kWh";2040;"0.134";"Sensitivity | Removed policies except for H2 tax reduction";"Hydrogen"
"OPEX";"Hydrogen";"PL";"Hydrogen Price";"Tractor-Trailer";"BAU";"EUR/kWh";2040;"0.134";"Sensitivity | Removed policies except for H2 tax reduction";"Hydrogen"
"OPEX";"Hydrogen";"UK";"Hydrogen Price";"Rigid";"BAU";"EUR/kWh";2040;"0.134";"Sensitivity | Removed policies except for H2 tax reduction";"Hydrogen"
"OPEX";"Hydrogen";"UK";"Hydrogen Price";"Tractor-Trailer";"BAU";"EUR/kWh";2040;"0.134";"Sensitivity | Removed policies except for H2 tax reduction";"Hydrogen"
"OPEX";"Diesel";"FR";"Biodiesel Price";"Rigid";"BAU";"EUR/kWh";2045;"0.17";"Sensitivity | Removed policies except for H2 tax reduction";"Diesel"
"OPEX";"Diesel";"FR";"Biodiesel Price";"Tractor-Trailer";"BAU";"EUR/kWh";2045;"0.17";"Sensitivity | Removed policies except for H2 tax reduction";"Diesel"
"OPEX";"Diesel";"DE";"Biodiesel Price";"Rigid";"BAU";"EUR/kWh";2045;"0.17";"Sensitivity | Removed policies except for H2 tax reduction";"Diesel"
"OPEX";"Diesel";"DE";"Biodiesel Price";"Tractor-Trailer";"BAU";"EUR/kWh";2045;"0.17";"Sensitivity | Removed policies except for H2 tax reduction";"Diesel"
"OPEX";"Diesel";"ES";"Biodiesel Price";"Rigid";"BAU";"EUR/kWh";2045;"0.17";"Sensitivity | Removed policies except for H2 tax reduction";"Diesel"
"OPEX";"Diesel";"ES";"Biodiesel Price";"Tractor-Trailer";"BAU";"EUR/kWh";2045;"0.17";"Sensitivity | Removed policies except for H2 tax reduction";"Diesel"
"OPEX";"Diesel";"IT";"Biodiesel Price";"Rigid";"BAU";"EUR/kWh";2045;"0.17";"Sensitivity | Removed policies except for H2 tax reduction";"Diesel"
"OPEX";"Diesel";"IT";"Biodiesel Price";"Tractor-Trailer";"BAU";"EUR/kWh";2045;"0.17";"Sensitivity | Removed policies except for H2 tax reduction";"Diesel"
"OPEX";"Diesel";"NL";"Biodiesel Price";"Rigid";"BAU";"EUR/kWh";2045;"0.17";"Sensitivity | Removed policies except for H2 tax reduction";"Diesel"
"OPEX";"Diesel";"NL";"Biodiesel Price";"Tractor-Trailer";"BAU";"EUR/kWh";2045;"0.17";"Sensitivity | Removed policies except for H2 tax reduction";"Diesel"
"OPEX";"Diesel";"PL";"Biodiesel Price";"Rigid";"BAU";"EUR/kWh";2045;"0.17";"Sensitivity | Removed policies except for H2 tax reduction";"Diesel"
"OPEX";"Diesel";"PL";"Biodiesel Price";"Tractor-Trailer";"BAU";"EUR/kWh";2045;"0.17";"Sensitivity | Removed policies except for H2 tax reduction";"Diesel"
"OPEX";"Diesel";"UK";"Biodiesel Price";"Rigid";"BAU";"EUR/kWh";2045;"0.17";"Sensitivity | Removed policies except for H2 tax reduction";"Diesel"
"OPEX";"Diesel";"UK";"Biodiesel Price";"Tractor-Trailer";"BAU";"EUR/kWh";2045;"0.17";"Sensitivity | Removed policies except for H2 tax reduction";"Diesel"
"OPEX";"Diesel";"DE";"Pt-Diesel Price";"Rigid";"BAU";"EUR/kWh";2045;"0.196";"Sensitivity | Removed policies except for H2 tax reduction";"Diesel"
"OPEX";"Diesel";"DE";"Pt-Diesel Price";"Tractor-Trailer";"BAU";"EUR/kWh";2045;"0.196";"Sensitivity | Removed policies except for H2 tax reduction";"Diesel"
"OPEX";"Diesel";"ES";"Pt-Diesel Price";"Rigid";"BAU";"EUR/kWh";2045;"0.196";"Sensitivity | Removed policies except for H2 tax reduction";"Diesel"
"OPEX";"Diesel";"ES";"Pt-Diesel Price";"Tractor-Trailer";"BAU";"EUR/kWh";2045;"0.196";"Sensitivity | Removed policies except for H2 tax reduction";"Diesel"
"OPEX";"Diesel";"FR";"Pt-Diesel Price";"Rigid";"BAU";"EUR/kWh";2045;"0.196";"Sensitivity | Removed policies except for H2 tax reduction";"Diesel"
"OPEX";"Diesel";"FR";"Pt-Diesel Price";"Tractor-Trailer";"BAU";"EUR/kWh";2045;"0.196";"Sensitivity | Removed policies except for H2 tax reduction";"Diesel"
"OPEX";"Diesel";"IT";"Pt-Diesel Price";"Rigid";"BAU";"EUR/kWh";2045;"0.196";"Sensitivity | Removed policies except for H2 tax reduction";"Diesel"
"OPEX";"Diesel";"IT";"Pt-Diesel Price";"Tractor-Trailer";"BAU";"EUR/kWh";2045;"0.196";"Sensitivity | Removed policies except for H2 tax reduction";"Diesel"
"OPEX";"Diesel";"NL";"Pt-Diesel Price";"Rigid";"BAU";"EUR/kWh";2045;"0.196";"Sensitivity | Removed policies except for H2 tax reduction";"Diesel"
"OPEX";"Diesel";"NL";"Pt-Diesel Price";"Tractor-Trailer";"BAU";"EUR/kWh";2045;"0.196";"Sensitivity | Removed policies except for H2 tax reduction";"Diesel"
"OPEX";"Diesel";"PL";"Pt-Diesel Price";"Rigid";"BAU";"EUR/kWh";2045;"0.196";"Sensitivity | Removed policies except for H2 tax reduction";"Diesel"
"OPEX";"Diesel";"PL";"Pt-Diesel Price";"Tractor-Trailer";"BAU";"EUR/kWh";2045;"0.196";"Sensitivity | Removed policies except for H2 tax reduction";"Diesel"
"OPEX";"Diesel";"UK";"Pt-Diesel Price";"Rigid";"BAU";"EUR/kWh";2045;"0.196";"Sensitivity | Removed policies except for H2 tax reduction";"Diesel"
"OPEX";"Diesel";"UK";"Pt-Diesel Price";"Tractor-Trailer";"BAU";"EUR/kWh";2045;"0.196";"Sensitivity | Removed policies except for H2 tax reduction";"Diesel"
"OPEX";"Electricity";"DE";"Electricity Price";"Rigid";"BAU";"EUR/kWh";2045;"0.07";"Sensitivity | Removed policies except for H2 tax reduction";"Electricity"
"OPEX";"Electricity";"DE";"Electricity Price";"Tractor-Trailer";"BAU";"EUR/kWh";2045;"0.07";"Sensitivity | Removed policies except for H2 tax reduction";"Electricity"
"OPEX";"Electricity";"ES";"Electricity Price";"Rigid";"BAU";"EUR/kWh";2045;"0.07";"Sensitivity | Removed policies except for H2 tax reduction";"Electricity"
"OPEX";"Electricity";"ES";"Electricity Price";"Tractor-Trailer";"BAU";"EUR/kWh";2045;"0.07";"Sensitivity | Removed policies except for H2 tax reduction";"Electricity"
"OPEX";"Electricity";"FR";"Electricity Price";"Rigid";"BAU";"EUR/kWh";2045;"0.07";"Sensitivity | Removed policies except for H2 tax reduction";"Electricity"
"OPEX";"Electricity";"FR";"Electricity Price";"Tractor-Trailer";"BAU";"EUR/kWh";2045;"0.07";"Sensitivity | Removed policies except for H2 tax reduction";"Electricity"
"OPEX";"Electricity";"IT";"Electricity Price";"Rigid";"BAU";"EUR/kWh";2045;"0.07";"Sensitivity | Removed policies except for H2 tax reduction";"Electricity"
"OPEX";"Electricity";"IT";"Electricity Price";"Tractor-Trailer";"BAU";"EUR/kWh";2045;"0.07";"Sensitivity | Removed policies except for H2 tax reduction";"Electricity"
"OPEX";"Electricity";"NL";"Electricity Price";"Rigid";"BAU";"EUR/kWh";2045;"0.07";"Sensitivity | Removed policies except for H2 tax reduction";"Electricity"
"OPEX";"Electricity";"NL";"Electricity Price";"Tractor-Trailer";"BAU";"EUR/kWh";2045;"0.07";"Sensitivity | Removed policies except for H2 tax reduction";"Electricity"
"OPEX";"Electricity";"PL";"Electricity Price";"Rigid";"BAU";"EUR/kWh";2045;"0.07";"Sensitivity | Removed policies except for H2 tax reduction";"Electricity"
"OPEX";"Electricity";"PL";"Electricity Price";"Tractor-Trailer";"BAU";"EUR/kWh";2045;"0.07";"Sensitivity | Removed policies except for H2 tax reduction";"Electricity"
"OPEX";"Electricity";"UK";"Electricity Price";"Rigid";"BAU";"EUR/kWh";2045;"0.07";"Sensitivity | Removed policies except for H2 tax reduction";"Electricity"
"OPEX";"Electricity";"UK";"Electricity Price";"Tractor-Trailer";"BAU";"EUR/kWh";2045;"0.07";"Sensitivity | Removed policies except for H2 tax reduction";"Electricity"
"OPEX";"Hydrogen";"DE";"Hydrogen Price";"Rigid";"BAU";"EUR/kWh";2045;"0.118";"Sensitivity | Removed policies except for H2 tax reduction";"Hydrogen"
"OPEX";"Hydrogen";"DE";"Hydrogen Price";"Tractor-Trailer";"BAU";"EUR/kWh";2045;"0.118";"Sensitivity | Removed policies except for H2 tax reduction";"Hydrogen"
"OPEX";"Hydrogen";"ES";"Hydrogen Price";"Rigid";"BAU";"EUR/kWh";2045;"0.118";"Sensitivity | Removed policies except for H2 tax reduction";"Hydrogen"
"OPEX";"Hydrogen";"ES";"Hydrogen Price";"Tractor-Trailer";"BAU";"EUR/kWh";2045;"0.118";"Sensitivity | Removed policies except for H2 tax reduction";"Hydrogen"
"OPEX";"Hydrogen";"FR";"Hydrogen Price";"Rigid";"BAU";"EUR/kWh";2045;"0.118";"Sensitivity | Removed policies except for H2 tax reduction";"Hydrogen"
"OPEX";"Hydrogen";"FR";"Hydrogen Price";"Tractor-Trailer";"BAU";"EUR/kWh";2045;"0.118";"Sensitivity | Removed policies except for H2 tax reduction";"Hydrogen"
"OPEX";"Hydrogen";"IT";"Hydrogen Price";"Rigid";"BAU";"EUR/kWh";2045;"0.118";"Sensitivity | Removed policies except for H2 tax reduction";"Hydrogen"
"OPEX";"Hydrogen";"IT";"Hydrogen Price";"Tractor-Trailer";"BAU";"EUR/kWh";2045;"0.118";"Sensitivity | Removed policies except for H2 tax reduction";"Hydrogen"
"OPEX";"Hydrogen";"NL";"Hydrogen Price";"Rigid";"BAU";"EUR/kWh";2045;"0.118";"Sensitivity | Removed policies except for H2 tax reduction";"Hydrogen"
"OPEX";"Hydrogen";"NL";"Hydrogen Price";"Tractor-Trailer";"BAU";"EUR/kWh";2045;"0.118";"Sensitivity | Removed policies except for H2 tax reduction";"Hydrogen"
"OPEX";"Hydrogen";"PL";"Hydrogen Price";"Rigid";"BAU";"EUR/kWh";2045;"0.118";"Sensitivity | Removed policies except for H2 tax reduction";"Hydrogen"
"OPEX";"Hydrogen";"PL";"Hydrogen Price";"Tractor-Trailer";"BAU";"EUR/kWh";2045;"0.118";"Sensitivity | Removed policies except for H2 tax reduction";"Hydrogen"
"OPEX";"Hydrogen";"UK";"Hydrogen Price";"Rigid";"BAU";"EUR/kWh";2045;"0.118";"Sensitivity | Removed policies except for H2 tax reduction";"Hydrogen"
"OPEX";"Hydrogen";"UK";"Hydrogen Price";"Tractor-Trailer";"BAU";"EUR/kWh";2045;"0.118";"Sensitivity | Removed policies except for H2 tax reduction";"Hydrogen"
"OPEX";"Diesel";"FR";"Biodiesel Price";"Rigid";"BAU";"EUR/kWh";2050;"0.152";"Sensitivity | Removed policies except for H2 tax reduction";"Diesel"
"OPEX";"Diesel";"FR";"Biodiesel Price";"Tractor-Trailer";"BAU";"EUR/kWh";2050;"0.152";"Sensitivity | Removed policies except for H2 tax reduction";"Diesel"
"OPEX";"Diesel";"DE";"Biodiesel Price";"Rigid";"BAU";"EUR/kWh";2050;"0.152";"Sensitivity | Removed policies except for H2 tax reduction";"Diesel"
"OPEX";"Diesel";"DE";"Biodiesel Price";"Tractor-Trailer";"BAU";"EUR/kWh";2050;"0.152";"Sensitivity | Removed policies except for H2 tax reduction";"Diesel"
"OPEX";"Diesel";"ES";"Biodiesel Price";"Rigid";"BAU";"EUR/kWh";2050;"0.152";"Sensitivity | Removed policies except for H2 tax reduction";"Diesel"
"OPEX";"Diesel";"ES";"Biodiesel Price";"Tractor-Trailer";"BAU";"EUR/kWh";2050;"0.152";"Sensitivity | Removed policies except for H2 tax reduction";"Diesel"
"OPEX";"Diesel";"IT";"Biodiesel Price";"Rigid";"BAU";"EUR/kWh";2050;"0.152";"Sensitivity | Removed policies except for H2 tax reduction";"Diesel"
"OPEX";"Diesel";"IT";"Biodiesel Price";"Tractor-Trailer";"BAU";"EUR/kWh";2050;"0.152";"Sensitivity | Removed policies except for H2 tax reduction";"Diesel"
"OPEX";"Diesel";"NL";"Biodiesel Price";"Rigid";"BAU";"EUR/kWh";2050;"0.152";"Sensitivity | Removed policies except for H2 tax reduction";"Diesel"
"OPEX";"Diesel";"NL";"Biodiesel Price";"Tractor-Trailer";"BAU";"EUR/kWh";2050;"0.152";"Sensitivity | Removed policies except for H2 tax reduction";"Diesel"
"OPEX";"Diesel";"PL";"Biodiesel Price";"Rigid";"BAU";"EUR/kWh";2050;"0.152";"Sensitivity | Removed policies except for H2 tax reduction";"Diesel"
"OPEX";"Diesel";"PL";"Biodiesel Price";"Tractor-Trailer";"BAU";"EUR/kWh";2050;"0.152";"Sensitivity | Removed policies except for H2 tax reduction";"Diesel"
"OPEX";"Diesel";"UK";"Biodiesel Price";"Rigid";"BAU";"EUR/kWh";2050;"0.152";"Sensitivity | Removed policies except for H2 tax reduction";"Diesel"
"OPEX";"Diesel";"UK";"Biodiesel Price";"Tractor-Trailer";"BAU";"EUR/kWh";2050;"0.152";"Sensitivity | Removed policies except for H2 tax reduction";"Diesel"
"OPEX";"Diesel";"DE";"Pt-Diesel Price";"Rigid";"BAU";"EUR/kWh";2050;"0.175";"Sensitivity | Removed policies except for H2 tax reduction";"Diesel"
"OPEX";"Diesel";"DE";"Pt-Diesel Price";"Tractor-Trailer";"BAU";"EUR/kWh";2050;"0.175";"Sensitivity | Removed policies except for H2 tax reduction";"Diesel"
"OPEX";"Diesel";"ES";"Pt-Diesel Price";"Rigid";"BAU";"EUR/kWh";2050;"0.175";"Sensitivity | Removed policies except for H2 tax reduction";"Diesel"
"OPEX";"Diesel";"ES";"Pt-Diesel Price";"Tractor-Trailer";"BAU";"EUR/kWh";2050;"0.175";"Sensitivity | Removed policies except for H2 tax reduction";"Diesel"
"OPEX";"Diesel";"FR";"Pt-Diesel Price";"Rigid";"BAU";"EUR/kWh";2050;"0.175";"Sensitivity | Removed policies except for H2 tax reduction";"Diesel"
"OPEX";"Diesel";"FR";"Pt-Diesel Price";"Tractor-Trailer";"BAU";"EUR/kWh";2050;"0.175";"Sensitivity | Removed policies except for H2 tax reduction";"Diesel"
"OPEX";"Diesel";"IT";"Pt-Diesel Price";"Rigid";"BAU";"EUR/kWh";2050;"0.175";"Sensitivity | Removed policies except for H2 tax reduction";"Diesel"
"OPEX";"Diesel";"IT";"Pt-Diesel Price";"Tractor-Trailer";"BAU";"EUR/kWh";2050;"0.175";"Sensitivity | Removed policies except for H2 tax reduction";"Diesel"
"OPEX";"Diesel";"NL";"Pt-Diesel Price";"Rigid";"BAU";"EUR/kWh";2050;"0.175";"Sensitivity | Removed policies except for H2 tax reduction";"Diesel"
"OPEX";"Diesel";"NL";"Pt-Diesel Price";"Tractor-Trailer";"BAU";"EUR/kWh";2050;"0.175";"Sensitivity | Removed policies except for H2 tax reduction";"Diesel"
"OPEX";"Diesel";"PL";"Pt-Diesel Price";"Rigid";"BAU";"EUR/kWh";2050;"0.175";"Sensitivity | Removed policies except for H2 tax reduction";"Diesel"
"OPEX";"Diesel";"PL";"Pt-Diesel Price";"Tractor-Trailer";"BAU";"EUR/kWh";2050;"0.175";"Sensitivity | Removed policies except for H2 tax reduction";"Diesel"
"OPEX";"Diesel";"UK";"Pt-Diesel Price";"Rigid";"BAU";"EUR/kWh";2050;"0.175";"Sensitivity | Removed policies except for H2 tax reduction";"Diesel"
"OPEX";"Diesel";"UK";"Pt-Diesel Price";"Tractor-Trailer";"BAU";"EUR/kWh";2050;"0.175";"Sensitivity | Removed policies except for H2 tax reduction";"Diesel"
"OPEX";"Electricity";"DE";"Electricity Price";"Rigid";"BAU";"EUR/kWh";2050;"0.07";"Sensitivity | Removed policies except for H2 tax reduction";"Electricity"
"OPEX";"Electricity";"DE";"Electricity Price";"Tractor-Trailer";"BAU";"EUR/kWh";2050;"0.07";"Sensitivity | Removed policies except for H2 tax reduction";"Electricity"
"OPEX";"Electricity";"ES";"Electricity Price";"Rigid";"BAU";"EUR/kWh";2050;"0.07";"Sensitivity | Removed policies except for H2 tax reduction";"Electricity"
"OPEX";"Electricity";"ES";"Electricity Price";"Tractor-Trailer";"BAU";"EUR/kWh";2050;"0.07";"Sensitivity | Removed policies except for H2 tax reduction";"Electricity"
"OPEX";"Electricity";"FR";"Electricity Price";"Rigid";"BAU";"EUR/kWh";2050;"0.07";"Sensitivity | Removed policies except for H2 tax reduction";"Electricity"
"OPEX";"Electricity";"FR";"Electricity Price";"Tractor-Trailer";"BAU";"EUR/kWh";2050;"0.07";"Sensitivity | Removed policies except for H2 tax reduction";"Electricity"
"OPEX";"Electricity";"IT";"Electricity Price";"Rigid";"BAU";"EUR/kWh";2050;"0.07";"Sensitivity | Removed policies except for H2 tax reduction";"Electricity"
"OPEX";"Electricity";"IT";"Electricity Price";"Tractor-Trailer";"BAU";"EUR/kWh";2050;"0.07";"Sensitivity | Removed policies except for H2 tax reduction";"Electricity"
"OPEX";"Electricity";"NL";"Electricity Price";"Rigid";"BAU";"EUR/kWh";2050;"0.07";"Sensitivity | Removed policies except for H2 tax reduction";"Electricity"
"OPEX";"Electricity";"NL";"Electricity Price";"Tractor-Trailer";"BAU";"EUR/kWh";2050;"0.07";"Sensitivity | Removed policies except for H2 tax reduction";"Electricity"
"OPEX";"Electricity";"PL";"Electricity Price";"Rigid";"BAU";"EUR/kWh";2050;"0.07";"Sensitivity | Removed policies except for H2 tax reduction";"Electricity"
"OPEX";"Electricity";"PL";"Electricity Price";"Tractor-Trailer";"BAU";"EUR/kWh";2050;"0.07";"Sensitivity | Removed policies except for H2 tax reduction";"Electricity"
"OPEX";"Electricity";"UK";"Electricity Price";"Rigid";"BAU";"EUR/kWh";2050;"0.07";"Sensitivity | Removed policies except for H2 tax reduction";"Electricity"
"OPEX";"Electricity";"UK";"Electricity Price";"Tractor-Trailer";"BAU";"EUR/kWh";2050;"0.07";"Sensitivity | Removed policies except for H2 tax reduction";"Electricity"
"OPEX";"Hydrogen";"DE";"Hydrogen Price";"Rigid";"BAU";"EUR/kWh";2050;"0.101";"Sensitivity | Removed policies except for H2 tax reduction";"Hydrogen"
"OPEX";"Hydrogen";"DE";"Hydrogen Price";"Tractor-Trailer";"BAU";"EUR/kWh";2050;"0.101";"Sensitivity | Removed policies except for H2 tax reduction";"Hydrogen"
"OPEX";"Hydrogen";"ES";"Hydrogen Price";"Rigid";"BAU";"EUR/kWh";2050;"0.101";"Sensitivity | Removed policies except for H2 tax reduction";"Hydrogen"
"OPEX";"Hydrogen";"ES";"Hydrogen Price";"Tractor-Trailer";"BAU";"EUR/kWh";2050;"0.101";"Sensitivity | Removed policies except for H2 tax reduction";"Hydrogen"
"OPEX";"Hydrogen";"FR";"Hydrogen Price";"Rigid";"BAU";"EUR/kWh";2050;"0.101";"Sensitivity | Removed policies except for H2 tax reduction";"Hydrogen"
"OPEX";"Hydrogen";"FR";"Hydrogen Price";"Tractor-Trailer";"BAU";"EUR/kWh";2050;"0.101";"Sensitivity | Removed policies except for H2 tax reduction";"Hydrogen"
"OPEX";"Hydrogen";"IT";"Hydrogen Price";"Rigid";"BAU";"EUR/kWh";2050;"0.101";"Sensitivity | Removed policies except for H2 tax reduction";"Hydrogen"
"OPEX";"Hydrogen";"IT";"Hydrogen Price";"Tractor-Trailer";"BAU";"EUR/kWh";2050;"0.101";"Sensitivity | Removed policies except for H2 tax reduction";"Hydrogen"
"OPEX";"Hydrogen";"NL";"Hydrogen Price";"Rigid";"BAU";"EUR/kWh";2050;"0.101";"Sensitivity | Removed policies except for H2 tax reduction";"Hydrogen"
"OPEX";"Hydrogen";"NL";"Hydrogen Price";"Tractor-Trailer";"BAU";"EUR/kWh";2050;"0.101";"Sensitivity | Removed policies except for H2 tax reduction";"Hydrogen"
"OPEX";"Hydrogen";"PL";"Hydrogen Price";"Rigid";"BAU";"EUR/kWh";2050;"0.101";"Sensitivity | Removed policies except for H2 tax reduction";"Hydrogen"
"OPEX";"Hydrogen";"PL";"Hydrogen Price";"Tractor-Trailer";"BAU";"EUR/kWh";2050;"0.101";"Sensitivity | Removed policies except for H2 tax reduction";"Hydrogen"
"OPEX";"Hydrogen";"UK";"Hydrogen Price";"Rigid";"BAU";"EUR/kWh";2050;"0.101";"Sensitivity | Removed policies except for H2 tax reduction";"Hydrogen"
"OPEX";"Hydrogen";"UK";"Hydrogen Price";"Tractor-Trailer";"BAU";"EUR/kWh";2050;"0.101";"Sensitivity | Removed policies except for H2 tax reduction";"Hydrogen"
"OPEX";"Diesel";"DE";"Share Biodiesel";"Rigid";"PROG";"%";2030;"0.114";"Sensitivity | Removed policies except for H2 tax reduction";"Diesel"
"OPEX";"Diesel";"DE";"Share Biodiesel";"Tractor-Trailer";"PROG";"%";2030;"0.114";"Sensitivity | Removed policies except for H2 tax reduction";"Diesel"
"OPEX";"Diesel";"ES";"Share Biodiesel";"Rigid";"PROG";"%";2030;"0.114";"Sensitivity | Removed policies except for H2 tax reduction";"Diesel"
"OPEX";"Diesel";"ES";"Share Biodiesel";"Tractor-Trailer";"PROG";"%";2030;"0.114";"Sensitivity | Removed policies except for H2 tax reduction";"Diesel"
"OPEX";"Diesel";"FR";"Share Biodiesel";"Rigid";"PROG";"%";2030;"0.114";"Sensitivity | Removed policies except for H2 tax reduction";"Diesel"
"OPEX";"Diesel";"FR";"Share Biodiesel";"Tractor-Trailer";"PROG";"%";2030;"0.114";"Sensitivity | Removed policies except for H2 tax reduction";"Diesel"
"OPEX";"Diesel";"IT";"Share Biodiesel";"Rigid";"PROG";"%";2030;"0.114";"Sensitivity | Removed policies except for H2 tax reduction";"Diesel"
"OPEX";"Diesel";"IT";"Share Biodiesel";"Tractor-Trailer";"PROG";"%";2030;"0.114";"Sensitivity | Removed policies except for H2 tax reduction";"Diesel"
"OPEX";"Diesel";"NL";"Share Biodiesel";"Rigid";"PROG";"%";2030;"0.114";"Sensitivity | Removed policies except for H2 tax reduction";"Diesel"
"OPEX";"Diesel";"NL";"Share Biodiesel";"Tractor-Trailer";"PROG";"%";2030;"0.114";"Sensitivity | Removed policies except for H2 tax reduction";"Diesel"
"OPEX";"Diesel";"PL";"Share Biodiesel";"Rigid";"PROG";"%";2030;"0.114";"Sensitivity | Removed policies except for H2 tax reduction";"Diesel"
"OPEX";"Diesel";"PL";"Share Biodiesel";"Tractor-Trailer";"PROG";"%";2030;"0.114";"Sensitivity | Removed policies except for H2 tax reduction";"Diesel"
"OPEX";"Diesel";"UK";"Share Biodiesel";"Rigid";"PROG";"%";2030;"0.114";"Sensitivity | Removed policies except for H2 tax reduction";"Diesel"
"OPEX";"Diesel";"UK";"Share Biodiesel";"Tractor-Trailer";"PROG";"%";2030;"0.114";"Sensitivity | Removed policies except for H2 tax reduction";"Diesel"
"OPEX";"Diesel";"DE";"Share Synthetic Diesel (E-Fuels)";"Rigid";"PROG";"%";2030;"0";"Sensitivity | Removed policies except for H2 tax reduction";"Diesel"
"OPEX";"Diesel";"DE";"Share Synthetic Diesel (E-Fuels)";"Tractor-Trailer";"PROG";"%";2030;"0";"Sensitivity | Removed policies except for H2 tax reduction";"Diesel"
"OPEX";"Diesel";"ES";"Share Synthetic Diesel (E-Fuels)";"Rigid";"PROG";"%";2030;"0";"Sensitivity | Removed policies except for H2 tax reduction";"Diesel"
"OPEX";"Diesel";"ES";"Share Synthetic Diesel (E-Fuels)";"Tractor-Trailer";"PROG";"%";2030;"0";"Sensitivity | Removed policies except for H2 tax reduction";"Diesel"
"OPEX";"Diesel";"FR";"Share Synthetic Diesel (E-Fuels)";"Rigid";"PROG";"%";2030;"0";"Sensitivity | Removed policies except for H2 tax reduction";"Diesel"
"OPEX";"Diesel";"FR";"Share Synthetic Diesel (E-Fuels)";"Tractor-Trailer";"PROG";"%";2030;"0";"Sensitivity | Removed policies except for H2 tax reduction";"Diesel"
"OPEX";"Diesel";"IT";"Share Synthetic Diesel (E-Fuels)";"Rigid";"PROG";"%";2030;"0";"Sensitivity | Removed policies except for H2 tax reduction";"Diesel"
"OPEX";"Diesel";"IT";"Share Synthetic Diesel (E-Fuels)";"Tractor-Trailer";"PROG";"%";2030;"0";"Sensitivity | Removed policies except for H2 tax reduction";"Diesel"
"OPEX";"Diesel";"NL";"Share Synthetic Diesel (E-Fuels)";"Rigid";"PROG";"%";2030;"0";"Sensitivity | Removed policies except for H2 tax reduction";"Diesel"
"OPEX";"Diesel";"NL";"Share Synthetic Diesel (E-Fuels)";"Tractor-Trailer";"PROG";"%";2030;"0";"Sensitivity | Removed policies except for H2 tax reduction";"Diesel"
"OPEX";"Diesel";"PL";"Share Synthetic Diesel (E-Fuels)";"Rigid";"PROG";"%";2030;"0";"Sensitivity | Removed policies except for H2 tax reduction";"Diesel"
"OPEX";"Diesel";"PL";"Share Synthetic Diesel (E-Fuels)";"Tractor-Trailer";"PROG";"%";2030;"0";"Sensitivity | Removed policies except for H2 tax reduction";"Diesel"
"OPEX";"Diesel";"UK";"Share Synthetic Diesel (E-Fuels)";"Rigid";"PROG";"%";2030;"0";"Sensitivity | Removed policies except for H2 tax reduction";"Diesel"
"OPEX";"Diesel";"UK";"Share Synthetic Diesel (E-Fuels)";"Tractor-Trailer";"PROG";"%";2030;"0";"Sensitivity | Removed policies except for H2 tax reduction";"Diesel"
"OPEX";"Diesel";"DE";"Share Biodiesel";"Rigid";"PROG";"%";2035;"0.114";"Sensitivity | Removed policies except for H2 tax reduction";"Diesel"
"OPEX";"Diesel";"DE";"Share Biodiesel";"Tractor-Trailer";"PROG";"%";2035;"0.114";"Sensitivity | Removed policies except for H2 tax reduction";"Diesel"
"OPEX";"Diesel";"ES";"Share Biodiesel";"Rigid";"PROG";"%";2035;"0.114";"Sensitivity | Removed policies except for H2 tax reduction";"Diesel"
"OPEX";"Diesel";"ES";"Share Biodiesel";"Tractor-Trailer";"PROG";"%";2035;"0.114";"Sensitivity | Removed policies except for H2 tax reduction";"Diesel"
"OPEX";"Diesel";"FR";"Share Biodiesel";"Rigid";"PROG";"%";2035;"0.114";"Sensitivity | Removed policies except for H2 tax reduction";"Diesel"
"OPEX";"Diesel";"FR";"Share Biodiesel";"Tractor-Trailer";"PROG";"%";2035;"0.114";"Sensitivity | Removed policies except for H2 tax reduction";"Diesel"
"OPEX";"Diesel";"IT";"Share Biodiesel";"Rigid";"PROG";"%";2035;"0.114";"Sensitivity | Removed policies except for H2 tax reduction";"Diesel"
"OPEX";"Diesel";"IT";"Share Biodiesel";"Tractor-Trailer";"PROG";"%";2035;"0.114";"Sensitivity | Removed policies except for H2 tax reduction";"Diesel"
"OPEX";"Diesel";"NL";"Share Biodiesel";"Rigid";"PROG";"%";2035;"0.114";"Sensitivity | Removed policies except for H2 tax reduction";"Diesel"
"OPEX";"Diesel";"NL";"Share Biodiesel";"Tractor-Trailer";"PROG";"%";2035;"0.114";"Sensitivity | Removed policies except for H2 tax reduction";"Diesel"
"OPEX";"Diesel";"PL";"Share Biodiesel";"Rigid";"PROG";"%";2035;"0.114";"Sensitivity | Removed policies except for H2 tax reduction";"Diesel"
"OPEX";"Diesel";"PL";"Share Biodiesel";"Tractor-Trailer";"PROG";"%";2035;"0.114";"Sensitivity | Removed policies except for H2 tax reduction";"Diesel"
"OPEX";"Diesel";"UK";"Share Biodiesel";"Rigid";"PROG";"%";2035;"0.114";"Sensitivity | Removed policies except for H2 tax reduction";"Diesel"
"OPEX";"Diesel";"UK";"Share Biodiesel";"Tractor-Trailer";"PROG";"%";2035;"0.114";"Sensitivity | Removed policies except for H2 tax reduction";"Diesel"
"OPEX";"Diesel";"DE";"Share Synthetic Diesel (E-Fuels)";"Rigid";"PROG";"%";2035;"0";"Sensitivity | Removed policies except for H2 tax reduction";"Diesel"
"OPEX";"Diesel";"DE";"Share Synthetic Diesel (E-Fuels)";"Tractor-Trailer";"PROG";"%";2035;"0";"Sensitivity | Removed policies except for H2 tax reduction";"Diesel"
"OPEX";"Diesel";"ES";"Share Synthetic Diesel (E-Fuels)";"Rigid";"PROG";"%";2035;"0";"Sensitivity | Removed policies except for H2 tax reduction";"Diesel"
"OPEX";"Diesel";"ES";"Share Synthetic Diesel (E-Fuels)";"Tractor-Trailer";"PROG";"%";2035;"0";"Sensitivity | Removed policies except for H2 tax reduction";"Diesel"
"OPEX";"Diesel";"FR";"Share Synthetic Diesel (E-Fuels)";"Rigid";"PROG";"%";2035;"0";"Sensitivity | Removed policies except for H2 tax reduction";"Diesel"
"OPEX";"Diesel";"FR";"Share Synthetic Diesel (E-Fuels)";"Tractor-Trailer";"PROG";"%";2035;"0";"Sensitivity | Removed policies except for H2 tax reduction";"Diesel"
"OPEX";"Diesel";"IT";"Share Synthetic Diesel (E-Fuels)";"Rigid";"PROG";"%";2035;"0";"Sensitivity | Removed policies except for H2 tax reduction";"Diesel"
"OPEX";"Diesel";"IT";"Share Synthetic Diesel (E-Fuels)";"Tractor-Trailer";"PROG";"%";2035;"0";"Sensitivity | Removed policies except for H2 tax reduction";"Diesel"
"OPEX";"Diesel";"NL";"Share Synthetic Diesel (E-Fuels)";"Rigid";"PROG";"%";2035;"0";"Sensitivity | Removed policies except for H2 tax reduction";"Diesel"
"OPEX";"Diesel";"NL";"Share Synthetic Diesel (E-Fuels)";"Tractor-Trailer";"PROG";"%";2035;"0";"Sensitivity | Removed policies except for H2 tax reduction";"Diesel"
"OPEX";"Diesel";"PL";"Share Synthetic Diesel (E-Fuels)";"Rigid";"PROG";"%";2035;"0";"Sensitivity | Removed policies except for H2 tax reduction";"Diesel"
"OPEX";"Diesel";"PL";"Share Synthetic Diesel (E-Fuels)";"Tractor-Trailer";"PROG";"%";2035;"0";"Sensitivity | Removed policies except for H2 tax reduction";"Diesel"
"OPEX";"Diesel";"UK";"Share Synthetic Diesel (E-Fuels)";"Rigid";"PROG";"%";2035;"0";"Sensitivity | Removed policies except for H2 tax reduction";"Diesel"
"OPEX";"Diesel";"UK";"Share Synthetic Diesel (E-Fuels)";"Tractor-Trailer";"PROG";"%";2035;"0";"Sensitivity | Removed policies except for H2 tax reduction";"Diesel"
"OPEX";"Diesel";"DE";"Share Biodiesel";"Rigid";"PROG";"%";2040;"0.114";"Sensitivity | Removed policies except for H2 tax reduction";"Diesel"
"OPEX";"Diesel";"DE";"Share Biodiesel";"Tractor-Trailer";"PROG";"%";2040;"0.114";"Sensitivity | Removed policies except for H2 tax reduction";"Diesel"
"OPEX";"Diesel";"ES";"Share Biodiesel";"Rigid";"PROG";"%";2040;"0.114";"Sensitivity | Removed policies except for H2 tax reduction";"Diesel"
"OPEX";"Diesel";"ES";"Share Biodiesel";"Tractor-Trailer";"PROG";"%";2040;"0.114";"Sensitivity | Removed policies except for H2 tax reduction";"Diesel"
"OPEX";"Diesel";"FR";"Share Biodiesel";"Rigid";"PROG";"%";2040;"0.114";"Sensitivity | Removed policies except for H2 tax reduction";"Diesel"
"OPEX";"Diesel";"FR";"Share Biodiesel";"Tractor-Trailer";"PROG";"%";2040;"0.114";"Sensitivity | Removed policies except for H2 tax reduction";"Diesel"
"OPEX";"Diesel";"IT";"Share Biodiesel";"Rigid";"PROG";"%";2040;"0.114";"Sensitivity | Removed policies except for H2 tax reduction";"Diesel"
"OPEX";"Diesel";"IT";"Share Biodiesel";"Tractor-Trailer";"PROG";"%";2040;"0.114";"Sensitivity | Removed policies except for H2 tax reduction";"Diesel"
"OPEX";"Diesel";"NL";"Share Biodiesel";"Rigid";"PROG";"%";2040;"0.114";"Sensitivity | Removed policies except for H2 tax reduction";"Diesel"
"OPEX";"Diesel";"NL";"Share Biodiesel";"Tractor-Trailer";"PROG";"%";2040;"0.114";"Sensitivity | Removed policies except for H2 tax reduction";"Diesel"
"OPEX";"Diesel";"PL";"Share Biodiesel";"Rigid";"PROG";"%";2040;"0.114";"Sensitivity | Removed policies except for H2 tax reduction";"Diesel"
"OPEX";"Diesel";"PL";"Share Biodiesel";"Tractor-Trailer";"PROG";"%";2040;"0.114";"Sensitivity | Removed policies except for H2 tax reduction";"Diesel"
"OPEX";"Diesel";"UK";"Share Biodiesel";"Rigid";"PROG";"%";2040;"0.114";"Sensitivity | Removed policies except for H2 tax reduction";"Diesel"
"OPEX";"Diesel";"UK";"Share Biodiesel";"Tractor-Trailer";"PROG";"%";2040;"0.114";"Sensitivity | Removed policies except for H2 tax reduction";"Diesel"
"OPEX";"Diesel";"DE";"Share Synthetic Diesel (E-Fuels)";"Rigid";"PROG";"%";2040;"0";"Sensitivity | Removed policies except for H2 tax reduction";"Diesel"
"OPEX";"Diesel";"DE";"Share Synthetic Diesel (E-Fuels)";"Tractor-Trailer";"PROG";"%";2040;"0";"Sensitivity | Removed policies except for H2 tax reduction";"Diesel"
"OPEX";"Diesel";"ES";"Share Synthetic Diesel (E-Fuels)";"Rigid";"PROG";"%";2040;"0";"Sensitivity | Removed policies except for H2 tax reduction";"Diesel"
"OPEX";"Diesel";"ES";"Share Synthetic Diesel (E-Fuels)";"Tractor-Trailer";"PROG";"%";2040;"0";"Sensitivity | Removed policies except for H2 tax reduction";"Diesel"
"OPEX";"Diesel";"FR";"Share Synthetic Diesel (E-Fuels)";"Rigid";"PROG";"%";2040;"0";"Sensitivity | Removed policies except for H2 tax reduction";"Diesel"
"OPEX";"Diesel";"FR";"Share Synthetic Diesel (E-Fuels)";"Tractor-Trailer";"PROG";"%";2040;"0";"Sensitivity | Removed policies except for H2 tax reduction";"Diesel"
"OPEX";"Diesel";"IT";"Share Synthetic Diesel (E-Fuels)";"Rigid";"PROG";"%";2040;"0";"Sensitivity | Removed policies except for H2 tax reduction";"Diesel"
"OPEX";"Diesel";"IT";"Share Synthetic Diesel (E-Fuels)";"Tractor-Trailer";"PROG";"%";2040;"0";"Sensitivity | Removed policies except for H2 tax reduction";"Diesel"
"OPEX";"Diesel";"NL";"Share Synthetic Diesel (E-Fuels)";"Rigid";"PROG";"%";2040;"0";"Sensitivity | Removed policies except for H2 tax reduction";"Diesel"
"OPEX";"Diesel";"NL";"Share Synthetic Diesel (E-Fuels)";"Tractor-Trailer";"PROG";"%";2040;"0";"Sensitivity | Removed policies except for H2 tax reduction";"Diesel"
"OPEX";"Diesel";"PL";"Share Synthetic Diesel (E-Fuels)";"Rigid";"PROG";"%";2040;"0";"Sensitivity | Removed policies except for H2 tax reduction";"Diesel"
"OPEX";"Diesel";"PL";"Share Synthetic Diesel (E-Fuels)";"Tractor-Trailer";"PROG";"%";2040;"0";"Sensitivity | Removed policies except for H2 tax reduction";"Diesel"
"OPEX";"Diesel";"UK";"Share Synthetic Diesel (E-Fuels)";"Rigid";"PROG";"%";2040;"0";"Sensitivity | Removed policies except for H2 tax reduction";"Diesel"
"OPEX";"Diesel";"UK";"Share Synthetic Diesel (E-Fuels)";"Tractor-Trailer";"PROG";"%";2040;"0";"Sensitivity | Removed policies except for H2 tax reduction";"Diesel"
"OPEX";"Diesel";"DE";"Share Biodiesel";"Rigid";"PROG";"%";2045;"0.114";"Sensitivity | Removed policies except for H2 tax reduction";"Diesel"
"OPEX";"Diesel";"DE";"Share Biodiesel";"Tractor-Trailer";"PROG";"%";2045;"0.114";"Sensitivity | Removed policies except for H2 tax reduction";"Diesel"
"OPEX";"Diesel";"ES";"Share Biodiesel";"Rigid";"PROG";"%";2045;"0.114";"Sensitivity | Removed policies except for H2 tax reduction";"Diesel"
"OPEX";"Diesel";"ES";"Share Biodiesel";"Tractor-Trailer";"PROG";"%";2045;"0.114";"Sensitivity | Removed policies except for H2 tax reduction";"Diesel"
"OPEX";"Diesel";"FR";"Share Biodiesel";"Rigid";"PROG";"%";2045;"0.114";"Sensitivity | Removed policies except for H2 tax reduction";"Diesel"
"OPEX";"Diesel";"FR";"Share Biodiesel";"Tractor-Trailer";"PROG";"%";2045;"0.114";"Sensitivity | Removed policies except for H2 tax reduction";"Diesel"
"OPEX";"Diesel";"IT";"Share Biodiesel";"Rigid";"PROG";"%";2045;"0.114";"Sensitivity | Removed policies except for H2 tax reduction";"Diesel"
"OPEX";"Diesel";"IT";"Share Biodiesel";"Tractor-Trailer";"PROG";"%";2045;"0.114";"Sensitivity | Removed policies except for H2 tax reduction";"Diesel"
"OPEX";"Diesel";"NL";"Share Biodiesel";"Rigid";"PROG";"%";2045;"0.114";"Sensitivity | Removed policies except for H2 tax reduction";"Diesel"
"OPEX";"Diesel";"NL";"Share Biodiesel";"Tractor-Trailer";"PROG";"%";2045;"0.114";"Sensitivity | Removed policies except for H2 tax reduction";"Diesel"
"OPEX";"Diesel";"PL";"Share Biodiesel";"Rigid";"PROG";"%";2045;"0.114";"Sensitivity | Removed policies except for H2 tax reduction";"Diesel"
"OPEX";"Diesel";"PL";"Share Biodiesel";"Tractor-Trailer";"PROG";"%";2045;"0.114";"Sensitivity | Removed policies except for H2 tax reduction";"Diesel"
"OPEX";"Diesel";"UK";"Share Biodiesel";"Rigid";"PROG";"%";2045;"0.114";"Sensitivity | Removed policies except for H2 tax reduction";"Diesel"
"OPEX";"Diesel";"UK";"Share Biodiesel";"Tractor-Trailer";"PROG";"%";2045;"0.114";"Sensitivity | Removed policies except for H2 tax reduction";"Diesel"
"OPEX";"Diesel";"DE";"Share Synthetic Diesel (E-Fuels)";"Rigid";"PROG";"%";2045;"0";"Sensitivity | Removed policies except for H2 tax reduction";"Diesel"
"OPEX";"Diesel";"DE";"Share Synthetic Diesel (E-Fuels)";"Tractor-Trailer";"PROG";"%";2045;"0";"Sensitivity | Removed policies except for H2 tax reduction";"Diesel"
"OPEX";"Diesel";"ES";"Share Synthetic Diesel (E-Fuels)";"Rigid";"PROG";"%";2045;"0";"Sensitivity | Removed policies except for H2 tax reduction";"Diesel"
"OPEX";"Diesel";"ES";"Share Synthetic Diesel (E-Fuels)";"Tractor-Trailer";"PROG";"%";2045;"0";"Sensitivity | Removed policies except for H2 tax reduction";"Diesel"
"OPEX";"Diesel";"FR";"Share Synthetic Diesel (E-Fuels)";"Rigid";"PROG";"%";2045;"0";"Sensitivity | Removed policies except for H2 tax reduction";"Diesel"
"OPEX";"Diesel";"FR";"Share Synthetic Diesel (E-Fuels)";"Tractor-Trailer";"PROG";"%";2045;"0";"Sensitivity | Removed policies except for H2 tax reduction";"Diesel"
"OPEX";"Diesel";"IT";"Share Synthetic Diesel (E-Fuels)";"Rigid";"PROG";"%";2045;"0";"Sensitivity | Removed policies except for H2 tax reduction";"Diesel"
"OPEX";"Diesel";"IT";"Share Synthetic Diesel (E-Fuels)";"Tractor-Trailer";"PROG";"%";2045;"0";"Sensitivity | Removed policies except for H2 tax reduction";"Diesel"
"OPEX";"Diesel";"NL";"Share Synthetic Diesel (E-Fuels)";"Rigid";"PROG";"%";2045;"0";"Sensitivity | Removed policies except for H2 tax reduction";"Diesel"
"OPEX";"Diesel";"NL";"Share Synthetic Diesel (E-Fuels)";"Tractor-Trailer";"PROG";"%";2045;"0";"Sensitivity | Removed policies except for H2 tax reduction";"Diesel"
"OPEX";"Diesel";"PL";"Share Synthetic Diesel (E-Fuels)";"Rigid";"PROG";"%";2045;"0";"Sensitivity | Removed policies except for H2 tax reduction";"Diesel"
"OPEX";"Diesel";"PL";"Share Synthetic Diesel (E-Fuels)";"Tractor-Trailer";"PROG";"%";2045;"0";"Sensitivity | Removed policies except for H2 tax reduction";"Diesel"
"OPEX";"Diesel";"UK";"Share Synthetic Diesel (E-Fuels)";"Rigid";"PROG";"%";2045;"0";"Sensitivity | Removed policies except for H2 tax reduction";"Diesel"
"OPEX";"Diesel";"UK";"Share Synthetic Diesel (E-Fuels)";"Tractor-Trailer";"PROG";"%";2045;"0";"Sensitivity | Removed policies except for H2 tax reduction";"Diesel"
"OPEX";"Diesel";"DE";"Share Biodiesel";"Rigid";"PROG";"%";2050;"0.114";"Sensitivity | Removed policies except for H2 tax reduction";"Diesel"
"OPEX";"Diesel";"DE";"Share Biodiesel";"Tractor-Trailer";"PROG";"%";2050;"0.114";"Sensitivity | Removed policies except for H2 tax reduction";"Diesel"
"OPEX";"Diesel";"ES";"Share Biodiesel";"Rigid";"PROG";"%";2050;"0.114";"Sensitivity | Removed policies except for H2 tax reduction";"Diesel"
"OPEX";"Diesel";"ES";"Share Biodiesel";"Tractor-Trailer";"PROG";"%";2050;"0.114";"Sensitivity | Removed policies except for H2 tax reduction";"Diesel"
"OPEX";"Diesel";"FR";"Share Biodiesel";"Rigid";"PROG";"%";2050;"0.114";"Sensitivity | Removed policies except for H2 tax reduction";"Diesel"
"OPEX";"Diesel";"FR";"Share Biodiesel";"Tractor-Trailer";"PROG";"%";2050;"0.114";"Sensitivity | Removed policies except for H2 tax reduction";"Diesel"
"OPEX";"Diesel";"IT";"Share Biodiesel";"Rigid";"PROG";"%";2050;"0.114";"Sensitivity | Removed policies except for H2 tax reduction";"Diesel"
"OPEX";"Diesel";"IT";"Share Biodiesel";"Tractor-Trailer";"PROG";"%";2050;"0.114";"Sensitivity | Removed policies except for H2 tax reduction";"Diesel"
"OPEX";"Diesel";"NL";"Share Biodiesel";"Rigid";"PROG";"%";2050;"0.114";"Sensitivity | Removed policies except for H2 tax reduction";"Diesel"
"OPEX";"Diesel";"NL";"Share Biodiesel";"Tractor-Trailer";"PROG";"%";2050;"0.114";"Sensitivity | Removed policies except for H2 tax reduction";"Diesel"
"OPEX";"Diesel";"PL";"Share Biodiesel";"Rigid";"PROG";"%";2050;"0.114";"Sensitivity | Removed policies except for H2 tax reduction";"Diesel"
"OPEX";"Diesel";"PL";"Share Biodiesel";"Tractor-Trailer";"PROG";"%";2050;"0.114";"Sensitivity | Removed policies except for H2 tax reduction";"Diesel"
"OPEX";"Diesel";"UK";"Share Biodiesel";"Rigid";"PROG";"%";2050;"0.114";"Sensitivity | Removed policies except for H2 tax reduction";"Diesel"
"OPEX";"Diesel";"UK";"Share Biodiesel";"Tractor-Trailer";"PROG";"%";2050;"0.114";"Sensitivity | Removed policies except for H2 tax reduction";"Diesel"
"OPEX";"Diesel";"DE";"Share Synthetic Diesel (E-Fuels)";"Rigid";"PROG";"%";2050;"0";"Sensitivity | Removed policies except for H2 tax reduction";"Diesel"
"OPEX";"Diesel";"DE";"Share Synthetic Diesel (E-Fuels)";"Tractor-Trailer";"PROG";"%";2050;"0";"Sensitivity | Removed policies except for H2 tax reduction";"Diesel"
"OPEX";"Diesel";"ES";"Share Synthetic Diesel (E-Fuels)";"Rigid";"PROG";"%";2050;"0";"Sensitivity | Removed policies except for H2 tax reduction";"Diesel"
"OPEX";"Diesel";"ES";"Share Synthetic Diesel (E-Fuels)";"Tractor-Trailer";"PROG";"%";2050;"0";"Sensitivity | Removed policies except for H2 tax reduction";"Diesel"
"OPEX";"Diesel";"FR";"Share Synthetic Diesel (E-Fuels)";"Rigid";"PROG";"%";2050;"0";"Sensitivity | Removed policies except for H2 tax reduction";"Diesel"
"OPEX";"Diesel";"FR";"Share Synthetic Diesel (E-Fuels)";"Tractor-Trailer";"PROG";"%";2050;"0";"Sensitivity | Removed policies except for H2 tax reduction";"Diesel"
"OPEX";"Diesel";"IT";"Share Synthetic Diesel (E-Fuels)";"Rigid";"PROG";"%";2050;"0";"Sensitivity | Removed policies except for H2 tax reduction";"Diesel"
"OPEX";"Diesel";"IT";"Share Synthetic Diesel (E-Fuels)";"Tractor-Trailer";"PROG";"%";2050;"0";"Sensitivity | Removed policies except for H2 tax reduction";"Diesel"
"OPEX";"Diesel";"NL";"Share Synthetic Diesel (E-Fuels)";"Rigid";"PROG";"%";2050;"0";"Sensitivity | Removed policies except for H2 tax reduction";"Diesel"
"OPEX";"Diesel";"NL";"Share Synthetic Diesel (E-Fuels)";"Tractor-Trailer";"PROG";"%";2050;"0";"Sensitivity | Removed policies except for H2 tax reduction";"Diesel"
"OPEX";"Diesel";"PL";"Share Synthetic Diesel (E-Fuels)";"Rigid";"PROG";"%";2050;"0";"Sensitivity | Removed policies except for H2 tax reduction";"Diesel"
"OPEX";"Diesel";"PL";"Share Synthetic Diesel (E-Fuels)";"Tractor-Trailer";"PROG";"%";2050;"0";"Sensitivity | Removed policies except for H2 tax reduction";"Diesel"
"OPEX";"Diesel";"UK";"Share Synthetic Diesel (E-Fuels)";"Rigid";"PROG";"%";2050;"0";"Sensitivity | Removed policies except for H2 tax reduction";"Diesel"
"OPEX";"Diesel";"UK";"Share Synthetic Diesel (E-Fuels)";"Tractor-Trailer";"PROG";"%";2050;"0";"Sensitivity | Removed policies except for H2 tax reduction";"Diesel"
"OPEX";"Diesel";"DE";"Share Biodiesel";"Rigid";"BAU";"%";2030;"0.082";"Sensitivity | Removed policies except for H2 tax reduction";"Diesel"
"OPEX";"Diesel";"DE";"Share Biodiesel";"Tractor-Trailer";"BAU";"%";2030;"0.082";"Sensitivity | Removed policies except for H2 tax reduction";"Diesel"
"OPEX";"Diesel";"ES";"Share Biodiesel";"Rigid";"BAU";"%";2030;"0.082";"Sensitivity | Removed policies except for H2 tax reduction";"Diesel"
"OPEX";"Diesel";"ES";"Share Biodiesel";"Tractor-Trailer";"BAU";"%";2030;"0.082";"Sensitivity | Removed policies except for H2 tax reduction";"Diesel"
"OPEX";"Diesel";"FR";"Share Biodiesel";"Rigid";"BAU";"%";2030;"0.082";"Sensitivity | Removed policies except for H2 tax reduction";"Diesel"
"OPEX";"Diesel";"FR";"Share Biodiesel";"Tractor-Trailer";"BAU";"%";2030;"0.082";"Sensitivity | Removed policies except for H2 tax reduction";"Diesel"
"OPEX";"Diesel";"IT";"Share Biodiesel";"Rigid";"BAU";"%";2030;"0.082";"Sensitivity | Removed policies except for H2 tax reduction";"Diesel"
"OPEX";"Diesel";"IT";"Share Biodiesel";"Tractor-Trailer";"BAU";"%";2030;"0.082";"Sensitivity | Removed policies except for H2 tax reduction";"Diesel"
"OPEX";"Diesel";"NL";"Share Biodiesel";"Rigid";"BAU";"%";2030;"0.082";"Sensitivity | Removed policies except for H2 tax reduction";"Diesel"
"OPEX";"Diesel";"NL";"Share Biodiesel";"Tractor-Trailer";"BAU";"%";2030;"0.082";"Sensitivity | Removed policies except for H2 tax reduction";"Diesel"
"OPEX";"Diesel";"PL";"Share Biodiesel";"Rigid";"BAU";"%";2030;"0.082";"Sensitivity | Removed policies except for H2 tax reduction";"Diesel"
"OPEX";"Diesel";"PL";"Share Biodiesel";"Tractor-Trailer";"BAU";"%";2030;"0.082";"Sensitivity | Removed policies except for H2 tax reduction";"Diesel"
"OPEX";"Diesel";"UK";"Share Biodiesel";"Rigid";"BAU";"%";2030;"0.082";"Sensitivity | Removed policies except for H2 tax reduction";"Diesel"
"OPEX";"Diesel";"UK";"Share Biodiesel";"Tractor-Trailer";"BAU";"%";2030;"0.082";"Sensitivity | Removed policies except for H2 tax reduction";"Diesel"
"OPEX";"Diesel";"DE";"Share Synthetic Diesel (E-Fuels)";"Rigid";"BAU";"%";2030;"0";"Sensitivity | Removed policies except for H2 tax reduction";"Diesel"
"OPEX";"Diesel";"DE";"Share Synthetic Diesel (E-Fuels)";"Tractor-Trailer";"BAU";"%";2030;"0";"Sensitivity | Removed policies except for H2 tax reduction";"Diesel"
"OPEX";"Diesel";"ES";"Share Synthetic Diesel (E-Fuels)";"Rigid";"BAU";"%";2030;"0";"Sensitivity | Removed policies except for H2 tax reduction";"Diesel"
"OPEX";"Diesel";"ES";"Share Synthetic Diesel (E-Fuels)";"Tractor-Trailer";"BAU";"%";2030;"0";"Sensitivity | Removed policies except for H2 tax reduction";"Diesel"
"OPEX";"Diesel";"FR";"Share Synthetic Diesel (E-Fuels)";"Rigid";"BAU";"%";2030;"0";"Sensitivity | Removed policies except for H2 tax reduction";"Diesel"
"OPEX";"Diesel";"FR";"Share Synthetic Diesel (E-Fuels)";"Tractor-Trailer";"BAU";"%";2030;"0";"Sensitivity | Removed policies except for H2 tax reduction";"Diesel"
"OPEX";"Diesel";"IT";"Share Synthetic Diesel (E-Fuels)";"Rigid";"BAU";"%";2030;"0";"Sensitivity | Removed policies except for H2 tax reduction";"Diesel"
"OPEX";"Diesel";"IT";"Share Synthetic Diesel (E-Fuels)";"Tractor-Trailer";"BAU";"%";2030;"0";"Sensitivity | Removed policies except for H2 tax reduction";"Diesel"
"OPEX";"Diesel";"NL";"Share Synthetic Diesel (E-Fuels)";"Rigid";"BAU";"%";2030;"0";"Sensitivity | Removed policies except for H2 tax reduction";"Diesel"
"OPEX";"Diesel";"NL";"Share Synthetic Diesel (E-Fuels)";"Tractor-Trailer";"BAU";"%";2030;"0";"Sensitivity | Removed policies except for H2 tax reduction";"Diesel"
"OPEX";"Diesel";"PL";"Share Synthetic Diesel (E-Fuels)";"Rigid";"BAU";"%";2030;"0";"Sensitivity | Removed policies except for H2 tax reduction";"Diesel"
"OPEX";"Diesel";"PL";"Share Synthetic Diesel (E-Fuels)";"Tractor-Trailer";"BAU";"%";2030;"0";"Sensitivity | Removed policies except for H2 tax reduction";"Diesel"
"OPEX";"Diesel";"UK";"Share Synthetic Diesel (E-Fuels)";"Rigid";"BAU";"%";2030;"0";"Sensitivity | Removed policies except for H2 tax reduction";"Diesel"
"OPEX";"Diesel";"UK";"Share Synthetic Diesel (E-Fuels)";"Tractor-Trailer";"BAU";"%";2030;"0";"Sensitivity | Removed policies except for H2 tax reduction";"Diesel"
"OPEX";"Diesel";"DE";"Share Biodiesel";"Rigid";"BAU";"%";2035;"0.082";"Sensitivity | Removed policies except for H2 tax reduction";"Diesel"
"OPEX";"Diesel";"DE";"Share Biodiesel";"Tractor-Trailer";"BAU";"%";2035;"0.082";"Sensitivity | Removed policies except for H2 tax reduction";"Diesel"
"OPEX";"Diesel";"ES";"Share Biodiesel";"Rigid";"BAU";"%";2035;"0.082";"Sensitivity | Removed policies except for H2 tax reduction";"Diesel"
"OPEX";"Diesel";"ES";"Share Biodiesel";"Tractor-Trailer";"BAU";"%";2035;"0.082";"Sensitivity | Removed policies except for H2 tax reduction";"Diesel"
"OPEX";"Diesel";"FR";"Share Biodiesel";"Rigid";"BAU";"%";2035;"0.082";"Sensitivity | Removed policies except for H2 tax reduction";"Diesel"
"OPEX";"Diesel";"FR";"Share Biodiesel";"Tractor-Trailer";"BAU";"%";2035;"0.082";"Sensitivity | Removed policies except for H2 tax reduction";"Diesel"
"OPEX";"Diesel";"IT";"Share Biodiesel";"Rigid";"BAU";"%";2035;"0.082";"Sensitivity | Removed policies except for H2 tax reduction";"Diesel"
"OPEX";"Diesel";"IT";"Share Biodiesel";"Tractor-Trailer";"BAU";"%";2035;"0.082";"Sensitivity | Removed policies except for H2 tax reduction";"Diesel"
"OPEX";"Diesel";"NL";"Share Biodiesel";"Rigid";"BAU";"%";2035;"0.082";"Sensitivity | Removed policies except for H2 tax reduction";"Diesel"
"OPEX";"Diesel";"NL";"Share Biodiesel";"Tractor-Trailer";"BAU";"%";2035;"0.082";"Sensitivity | Removed policies except for H2 tax reduction";"Diesel"
"OPEX";"Diesel";"PL";"Share Biodiesel";"Rigid";"BAU";"%";2035;"0.082";"Sensitivity | Removed policies except for H2 tax reduction";"Diesel"
"OPEX";"Diesel";"PL";"Share Biodiesel";"Tractor-Trailer";"BAU";"%";2035;"0.082";"Sensitivity | Removed policies except for H2 tax reduction";"Diesel"
"OPEX";"Diesel";"UK";"Share Biodiesel";"Rigid";"BAU";"%";2035;"0.082";"Sensitivity | Removed policies except for H2 tax reduction";"Diesel"
"OPEX";"Diesel";"UK";"Share Biodiesel";"Tractor-Trailer";"BAU";"%";2035;"0.082";"Sensitivity | Removed policies except for H2 tax reduction";"Diesel"
"OPEX";"Diesel";"DE";"Share Synthetic Diesel (E-Fuels)";"Rigid";"BAU";"%";2035;"0";"Sensitivity | Removed policies except for H2 tax reduction";"Diesel"
"OPEX";"Diesel";"DE";"Share Synthetic Diesel (E-Fuels)";"Tractor-Trailer";"BAU";"%";2035;"0";"Sensitivity | Removed policies except for H2 tax reduction";"Diesel"
"OPEX";"Diesel";"ES";"Share Synthetic Diesel (E-Fuels)";"Rigid";"BAU";"%";2035;"0";"Sensitivity | Removed policies except for H2 tax reduction";"Diesel"
"OPEX";"Diesel";"ES";"Share Synthetic Diesel (E-Fuels)";"Tractor-Trailer";"BAU";"%";2035;"0";"Sensitivity | Removed policies except for H2 tax reduction";"Diesel"
"OPEX";"Diesel";"FR";"Share Synthetic Diesel (E-Fuels)";"Rigid";"BAU";"%";2035;"0";"Sensitivity | Removed policies except for H2 tax reduction";"Diesel"
"OPEX";"Diesel";"FR";"Share Synthetic Diesel (E-Fuels)";"Tractor-Trailer";"BAU";"%";2035;"0";"Sensitivity | Removed policies except for H2 tax reduction";"Diesel"
"OPEX";"Diesel";"IT";"Share Synthetic Diesel (E-Fuels)";"Rigid";"BAU";"%";2035;"0";"Sensitivity | Removed policies except for H2 tax reduction";"Diesel"
"OPEX";"Diesel";"IT";"Share Synthetic Diesel (E-Fuels)";"Tractor-Trailer";"BAU";"%";2035;"0";"Sensitivity | Removed policies except for H2 tax reduction";"Diesel"
"OPEX";"Diesel";"NL";"Share Synthetic Diesel (E-Fuels)";"Rigid";"BAU";"%";2035;"0";"Sensitivity | Removed policies except for H2 tax reduction";"Diesel"
"OPEX";"Diesel";"NL";"Share Synthetic Diesel (E-Fuels)";"Tractor-Trailer";"BAU";"%";2035;"0";"Sensitivity | Removed policies except for H2 tax reduction";"Diesel"
"OPEX";"Diesel";"PL";"Share Synthetic Diesel (E-Fuels)";"Rigid";"BAU";"%";2035;"0";"Sensitivity | Removed policies except for H2 tax reduction";"Diesel"
"OPEX";"Diesel";"PL";"Share Synthetic Diesel (E-Fuels)";"Tractor-Trailer";"BAU";"%";2035;"0";"Sensitivity | Removed policies except for H2 tax reduction";"Diesel"
"OPEX";"Diesel";"UK";"Share Synthetic Diesel (E-Fuels)";"Rigid";"BAU";"%";2035;"0";"Sensitivity | Removed policies except for H2 tax reduction";"Diesel"
"OPEX";"Diesel";"UK";"Share Synthetic Diesel (E-Fuels)";"Tractor-Trailer";"BAU";"%";2035;"0";"Sensitivity | Removed policies except for H2 tax reduction";"Diesel"
"OPEX";"Diesel";"DE";"Share Biodiesel";"Rigid";"BAU";"%";2040;"0.082";"Sensitivity | Removed policies except for H2 tax reduction";"Diesel"
"OPEX";"Diesel";"DE";"Share Biodiesel";"Tractor-Trailer";"BAU";"%";2040;"0.082";"Sensitivity | Removed policies except for H2 tax reduction";"Diesel"
"OPEX";"Diesel";"ES";"Share Biodiesel";"Rigid";"BAU";"%";2040;"0.082";"Sensitivity | Removed policies except for H2 tax reduction";"Diesel"
"OPEX";"Diesel";"ES";"Share Biodiesel";"Tractor-Trailer";"BAU";"%";2040;"0.082";"Sensitivity | Removed policies except for H2 tax reduction";"Diesel"
"OPEX";"Diesel";"FR";"Share Biodiesel";"Rigid";"BAU";"%";2040;"0.082";"Sensitivity | Removed policies except for H2 tax reduction";"Diesel"
"OPEX";"Diesel";"FR";"Share Biodiesel";"Tractor-Trailer";"BAU";"%";2040;"0.082";"Sensitivity | Removed policies except for H2 tax reduction";"Diesel"
"OPEX";"Diesel";"IT";"Share Biodiesel";"Rigid";"BAU";"%";2040;"0.082";"Sensitivity | Removed policies except for H2 tax reduction";"Diesel"
"OPEX";"Diesel";"IT";"Share Biodiesel";"Tractor-Trailer";"BAU";"%";2040;"0.082";"Sensitivity | Removed policies except for H2 tax reduction";"Diesel"
"OPEX";"Diesel";"NL";"Share Biodiesel";"Rigid";"BAU";"%";2040;"0.082";"Sensitivity | Removed policies except for H2 tax reduction";"Diesel"
"OPEX";"Diesel";"NL";"Share Biodiesel";"Tractor-Trailer";"BAU";"%";2040;"0.082";"Sensitivity | Removed policies except for H2 tax reduction";"Diesel"
"OPEX";"Diesel";"PL";"Share Biodiesel";"Rigid";"BAU";"%";2040;"0.082";"Sensitivity | Removed policies except for H2 tax reduction";"Diesel"
"OPEX";"Diesel";"PL";"Share Biodiesel";"Tractor-Trailer";"BAU";"%";2040;"0.082";"Sensitivity | Removed policies except for H2 tax reduction";"Diesel"
"OPEX";"Diesel";"UK";"Share Biodiesel";"Rigid";"BAU";"%";2040;"0.082";"Sensitivity | Removed policies except for H2 tax reduction";"Diesel"
"OPEX";"Diesel";"UK";"Share Biodiesel";"Tractor-Trailer";"BAU";"%";2040;"0.082";"Sensitivity | Removed policies except for H2 tax reduction";"Diesel"
"OPEX";"Diesel";"DE";"Share Synthetic Diesel (E-Fuels)";"Rigid";"BAU";"%";2040;"0";"Sensitivity | Removed policies except for H2 tax reduction";"Diesel"
"OPEX";"Diesel";"DE";"Share Synthetic Diesel (E-Fuels)";"Tractor-Trailer";"BAU";"%";2040;"0";"Sensitivity | Removed policies except for H2 tax reduction";"Diesel"
"OPEX";"Diesel";"ES";"Share Synthetic Diesel (E-Fuels)";"Rigid";"BAU";"%";2040;"0";"Sensitivity | Removed policies except for H2 tax reduction";"Diesel"
"OPEX";"Diesel";"ES";"Share Synthetic Diesel (E-Fuels)";"Tractor-Trailer";"BAU";"%";2040;"0";"Sensitivity | Removed policies except for H2 tax reduction";"Diesel"
"OPEX";"Diesel";"FR";"Share Synthetic Diesel (E-Fuels)";"Rigid";"BAU";"%";2040;"0";"Sensitivity | Removed policies except for H2 tax reduction";"Diesel"
"OPEX";"Diesel";"FR";"Share Synthetic Diesel (E-Fuels)";"Tractor-Trailer";"BAU";"%";2040;"0";"Sensitivity | Removed policies except for H2 tax reduction";"Diesel"
"OPEX";"Diesel";"IT";"Share Synthetic Diesel (E-Fuels)";"Rigid";"BAU";"%";2040;"0";"Sensitivity | Removed policies except for H2 tax reduction";"Diesel"
"OPEX";"Diesel";"IT";"Share Synthetic Diesel (E-Fuels)";"Tractor-Trailer";"BAU";"%";2040;"0";"Sensitivity | Removed policies except for H2 tax reduction";"Diesel"
"OPEX";"Diesel";"NL";"Share Synthetic Diesel (E-Fuels)";"Rigid";"BAU";"%";2040;"0";"Sensitivity | Removed policies except for H2 tax reduction";"Diesel"
"OPEX";"Diesel";"NL";"Share Synthetic Diesel (E-Fuels)";"Tractor-Trailer";"BAU";"%";2040;"0";"Sensitivity | Removed policies except for H2 tax reduction";"Diesel"
"OPEX";"Diesel";"PL";"Share Synthetic Diesel (E-Fuels)";"Rigid";"BAU";"%";2040;"0";"Sensitivity | Removed policies except for H2 tax reduction";"Diesel"
"OPEX";"Diesel";"PL";"Share Synthetic Diesel (E-Fuels)";"Tractor-Trailer";"BAU";"%";2040;"0";"Sensitivity | Removed policies except for H2 tax reduction";"Diesel"
"OPEX";"Diesel";"UK";"Share Synthetic Diesel (E-Fuels)";"Rigid";"BAU";"%";2040;"0";"Sensitivity | Removed policies except for H2 tax reduction";"Diesel"
"OPEX";"Diesel";"UK";"Share Synthetic Diesel (E-Fuels)";"Tractor-Trailer";"BAU";"%";2040;"0";"Sensitivity | Removed policies except for H2 tax reduction";"Diesel"
"OPEX";"Diesel";"DE";"Share Biodiesel";"Rigid";"BAU";"%";2045;"0.082";"Sensitivity | Removed policies except for H2 tax reduction";"Diesel"
"OPEX";"Diesel";"DE";"Share Biodiesel";"Tractor-Trailer";"BAU";"%";2045;"0.082";"Sensitivity | Removed policies except for H2 tax reduction";"Diesel"
"OPEX";"Diesel";"ES";"Share Biodiesel";"Rigid";"BAU";"%";2045;"0.082";"Sensitivity | Removed policies except for H2 tax reduction";"Diesel"
"OPEX";"Diesel";"ES";"Share Biodiesel";"Tractor-Trailer";"BAU";"%";2045;"0.082";"Sensitivity | Removed policies except for H2 tax reduction";"Diesel"
"OPEX";"Diesel";"FR";"Share Biodiesel";"Rigid";"BAU";"%";2045;"0.082";"Sensitivity | Removed policies except for H2 tax reduction";"Diesel"
"OPEX";"Diesel";"FR";"Share Biodiesel";"Tractor-Trailer";"BAU";"%";2045;"0.082";"Sensitivity | Removed policies except for H2 tax reduction";"Diesel"
"OPEX";"Diesel";"IT";"Share Biodiesel";"Rigid";"BAU";"%";2045;"0.082";"Sensitivity | Removed policies except for H2 tax reduction";"Diesel"
"OPEX";"Diesel";"IT";"Share Biodiesel";"Tractor-Trailer";"BAU";"%";2045;"0.082";"Sensitivity | Removed policies except for H2 tax reduction";"Diesel"
"OPEX";"Diesel";"NL";"Share Biodiesel";"Rigid";"BAU";"%";2045;"0.082";"Sensitivity | Removed policies except for H2 tax reduction";"Diesel"
"OPEX";"Diesel";"NL";"Share Biodiesel";"Tractor-Trailer";"BAU";"%";2045;"0.082";"Sensitivity | Removed policies except for H2 tax reduction";"Diesel"
"OPEX";"Diesel";"PL";"Share Biodiesel";"Rigid";"BAU";"%";2045;"0.082";"Sensitivity | Removed policies except for H2 tax reduction";"Diesel"
"OPEX";"Diesel";"PL";"Share Biodiesel";"Tractor-Trailer";"BAU";"%";2045;"0.082";"Sensitivity | Removed policies except for H2 tax reduction";"Diesel"
"OPEX";"Diesel";"UK";"Share Biodiesel";"Rigid";"BAU";"%";2045;"0.082";"Sensitivity | Removed policies except for H2 tax reduction";"Diesel"
"OPEX";"Diesel";"UK";"Share Biodiesel";"Tractor-Trailer";"BAU";"%";2045;"0.082";"Sensitivity | Removed policies except for H2 tax reduction";"Diesel"
"OPEX";"Diesel";"DE";"Share Synthetic Diesel (E-Fuels)";"Rigid";"BAU";"%";2045;"0";"Sensitivity | Removed policies except for H2 tax reduction";"Diesel"
"OPEX";"Diesel";"DE";"Share Synthetic Diesel (E-Fuels)";"Tractor-Trailer";"BAU";"%";2045;"0";"Sensitivity | Removed policies except for H2 tax reduction";"Diesel"
"OPEX";"Diesel";"ES";"Share Synthetic Diesel (E-Fuels)";"Rigid";"BAU";"%";2045;"0";"Sensitivity | Removed policies except for H2 tax reduction";"Diesel"
"OPEX";"Diesel";"ES";"Share Synthetic Diesel (E-Fuels)";"Tractor-Trailer";"BAU";"%";2045;"0";"Sensitivity | Removed policies except for H2 tax reduction";"Diesel"
"OPEX";"Diesel";"FR";"Share Synthetic Diesel (E-Fuels)";"Rigid";"BAU";"%";2045;"0";"Sensitivity | Removed policies except for H2 tax reduction";"Diesel"
"OPEX";"Diesel";"FR";"Share Synthetic Diesel (E-Fuels)";"Tractor-Trailer";"BAU";"%";2045;"0";"Sensitivity | Removed policies except for H2 tax reduction";"Diesel"
"OPEX";"Diesel";"IT";"Share Synthetic Diesel (E-Fuels)";"Rigid";"BAU";"%";2045;"0";"Sensitivity | Removed policies except for H2 tax reduction";"Diesel"
"OPEX";"Diesel";"IT";"Share Synthetic Diesel (E-Fuels)";"Tractor-Trailer";"BAU";"%";2045;"0";"Sensitivity | Removed policies except for H2 tax reduction";"Diesel"
"OPEX";"Diesel";"NL";"Share Synthetic Diesel (E-Fuels)";"Rigid";"BAU";"%";2045;"0";"Sensitivity | Removed policies except for H2 tax reduction";"Diesel"
"OPEX";"Diesel";"NL";"Share Synthetic Diesel (E-Fuels)";"Tractor-Trailer";"BAU";"%";2045;"0";"Sensitivity | Removed policies except for H2 tax reduction";"Diesel"
"OPEX";"Diesel";"PL";"Share Synthetic Diesel (E-Fuels)";"Rigid";"BAU";"%";2045;"0";"Sensitivity | Removed policies except for H2 tax reduction";"Diesel"
"OPEX";"Diesel";"PL";"Share Synthetic Diesel (E-Fuels)";"Tractor-Trailer";"BAU";"%";2045;"0";"Sensitivity | Removed policies except for H2 tax reduction";"Diesel"
"OPEX";"Diesel";"UK";"Share Synthetic Diesel (E-Fuels)";"Rigid";"BAU";"%";2045;"0";"Sensitivity | Removed policies except for H2 tax reduction";"Diesel"
"OPEX";"Diesel";"UK";"Share Synthetic Diesel (E-Fuels)";"Tractor-Trailer";"BAU";"%";2045;"0";"Sensitivity | Removed policies except for H2 tax reduction";"Diesel"
"OPEX";"Diesel";"DE";"Share Biodiesel";"Rigid";"BAU";"%";2050;"0.082";"Sensitivity | Removed policies except for H2 tax reduction";"Diesel"
"OPEX";"Diesel";"DE";"Share Biodiesel";"Tractor-Trailer";"BAU";"%";2050;"0.082";"Sensitivity | Removed policies except for H2 tax reduction";"Diesel"
"OPEX";"Diesel";"ES";"Share Biodiesel";"Rigid";"BAU";"%";2050;"0.082";"Sensitivity | Removed policies except for H2 tax reduction";"Diesel"
"OPEX";"Diesel";"ES";"Share Biodiesel";"Tractor-Trailer";"BAU";"%";2050;"0.082";"Sensitivity | Removed policies except for H2 tax reduction";"Diesel"
"OPEX";"Diesel";"FR";"Share Biodiesel";"Rigid";"BAU";"%";2050;"0.082";"Sensitivity | Removed policies except for H2 tax reduction";"Diesel"
"OPEX";"Diesel";"FR";"Share Biodiesel";"Tractor-Trailer";"BAU";"%";2050;"0.082";"Sensitivity | Removed policies except for H2 tax reduction";"Diesel"
"OPEX";"Diesel";"IT";"Share Biodiesel";"Rigid";"BAU";"%";2050;"0.082";"Sensitivity | Removed policies except for H2 tax reduction";"Diesel"
"OPEX";"Diesel";"IT";"Share Biodiesel";"Tractor-Trailer";"BAU";"%";2050;"0.082";"Sensitivity | Removed policies except for H2 tax reduction";"Diesel"
"OPEX";"Diesel";"NL";"Share Biodiesel";"Rigid";"BAU";"%";2050;"0.082";"Sensitivity | Removed policies except for H2 tax reduction";"Diesel"
"OPEX";"Diesel";"NL";"Share Biodiesel";"Tractor-Trailer";"BAU";"%";2050;"0.082";"Sensitivity | Removed policies except for H2 tax reduction";"Diesel"
"OPEX";"Diesel";"PL";"Share Biodiesel";"Rigid";"BAU";"%";2050;"0.082";"Sensitivity | Removed policies except for H2 tax reduction";"Diesel"
"OPEX";"Diesel";"PL";"Share Biodiesel";"Tractor-Trailer";"BAU";"%";2050;"0.082";"Sensitivity | Removed policies except for H2 tax reduction";"Diesel"
"OPEX";"Diesel";"UK";"Share Biodiesel";"Rigid";"BAU";"%";2050;"0.082";"Sensitivity | Removed policies except for H2 tax reduction";"Diesel"
"OPEX";"Diesel";"UK";"Share Biodiesel";"Tractor-Trailer";"BAU";"%";2050;"0.082";"Sensitivity | Removed policies except for H2 tax reduction";"Diesel"
"OPEX";"Diesel";"DE";"Share Synthetic Diesel (E-Fuels)";"Rigid";"BAU";"%";2050;"0";"Sensitivity | Removed policies except for H2 tax reduction";"Diesel"
"OPEX";"Diesel";"DE";"Share Synthetic Diesel (E-Fuels)";"Tractor-Trailer";"BAU";"%";2050;"0";"Sensitivity | Removed policies except for H2 tax reduction";"Diesel"
"OPEX";"Diesel";"ES";"Share Synthetic Diesel (E-Fuels)";"Rigid";"BAU";"%";2050;"0";"Sensitivity | Removed policies except for H2 tax reduction";"Diesel"
"OPEX";"Diesel";"ES";"Share Synthetic Diesel (E-Fuels)";"Tractor-Trailer";"BAU";"%";2050;"0";"Sensitivity | Removed policies except for H2 tax reduction";"Diesel"
"OPEX";"Diesel";"FR";"Share Synthetic Diesel (E-Fuels)";"Rigid";"BAU";"%";2050;"0";"Sensitivity | Removed policies except for H2 tax reduction";"Diesel"
"OPEX";"Diesel";"FR";"Share Synthetic Diesel (E-Fuels)";"Tractor-Trailer";"BAU";"%";2050;"0";"Sensitivity | Removed policies except for H2 tax reduction";"Diesel"
"OPEX";"Diesel";"IT";"Share Synthetic Diesel (E-Fuels)";"Rigid";"BAU";"%";2050;"0";"Sensitivity | Removed policies except for H2 tax reduction";"Diesel"
"OPEX";"Diesel";"IT";"Share Synthetic Diesel (E-Fuels)";"Tractor-Trailer";"BAU";"%";2050;"0";"Sensitivity | Removed policies except for H2 tax reduction";"Diesel"
"OPEX";"Diesel";"NL";"Share Synthetic Diesel (E-Fuels)";"Rigid";"BAU";"%";2050;"0";"Sensitivity | Removed policies except for H2 tax reduction";"Diesel"
"OPEX";"Diesel";"NL";"Share Synthetic Diesel (E-Fuels)";"Tractor-Trailer";"BAU";"%";2050;"0";"Sensitivity | Removed policies except for H2 tax reduction";"Diesel"
"OPEX";"Diesel";"PL";"Share Synthetic Diesel (E-Fuels)";"Rigid";"BAU";"%";2050;"0";"Sensitivity | Removed policies except for H2 tax reduction";"Diesel"
"OPEX";"Diesel";"PL";"Share Synthetic Diesel (E-Fuels)";"Tractor-Trailer";"BAU";"%";2050;"0";"Sensitivity | Removed policies except for H2 tax reduction";"Diesel"
"OPEX";"Diesel";"UK";"Share Synthetic Diesel (E-Fuels)";"Rigid";"BAU";"%";2050;"0";"Sensitivity | Removed policies except for H2 tax reduction";"Diesel"
"OPEX";"Diesel";"UK";"Share Synthetic Diesel (E-Fuels)";"Tractor-Trailer";"BAU";"%";2050;"0";"Sensitivity | Removed policies except for H2 tax reduction";"Diesel"
"OPEX";"Taxes_Scheme";"DE";"Bandwith MCS";"Rigid";"PROG";"[-]";2030;"IC";"Current policies";"Electricity"
"OPEX";"Taxes_Scheme";"DE";"Bandwith MCS";"Tractor-Trailer";"PROG";"[-]";2030;"IC";"Current policies";"Electricity"
"OPEX";"Taxes_Scheme";"ES";"Bandwith MCS";"Rigid";"PROG";"[-]";2030;"ID";"Current policies";"Electricity"
"OPEX";"Taxes_Scheme";"ES";"Bandwith MCS";"Tractor-Trailer";"PROG";"[-]";2030;"ID";"Current policies";"Electricity"
"OPEX";"Taxes_Scheme";"FR";"Bandwith MCS";"Rigid";"PROG";"[-]";2030;"ID";"Current policies";"Electricity"
"OPEX";"Taxes_Scheme";"FR";"Bandwith MCS";"Tractor-Trailer";"PROG";"[-]";2030;"ID";"Current policies";"Electricity"
"OPEX";"Taxes_Scheme";"IT";"Bandwith MCS";"Rigid";"PROG";"[-]";2030;"ID";"Current policies";"Electricity"
"OPEX";"Taxes_Scheme";"IT";"Bandwith MCS";"Tractor-Trailer";"PROG";"[-]";2030;"ID";"Current policies";"Electricity"
"OPEX";"Taxes_Scheme";"NL";"Bandwith MCS";"Rigid";"PROG";"[-]";2030;"ID";"Current policies";"Electricity"
"OPEX";"Taxes_Scheme";"NL";"Bandwith MCS";"Tractor-Trailer";"PROG";"[-]";2030;"ID";"Current policies";"Electricity"
"OPEX";"Taxes_Scheme";"PL";"Bandwith MCS";"Rigid";"PROG";"[-]";2030;"ID";"Current policies";"Electricity"
"OPEX";"Taxes_Scheme";"PL";"Bandwith MCS";"Tractor-Trailer";"PROG";"[-]";2030;"ID";"Current policies";"Electricity"
"OPEX";"Taxes_Scheme";"UK";"Bandwith MCS";"Rigid";"PROG";"[-]";2030;"ID";"Current policies";"Electricity"
"OPEX";"Taxes_Scheme";"UK";"Bandwith MCS";"Tractor-Trailer";"PROG";"[-]";2030;"ID";"Current policies";"Electricity"
"OPEX";"Taxes_Scheme";"DE";"Bandwith Depot";"Rigid";"PROG";"[-]";2030;"IC";"Current policies";"Electricity"
"OPEX";"Taxes_Scheme";"DE";"Bandwith Depot";"Tractor-Trailer";"PROG";"[-]";2030;"IC";"Current policies";"Electricity"
"OPEX";"Taxes_Scheme";"ES";"Bandwith Depot";"Rigid";"PROG";"[-]";2030;"IC";"Current policies";"Electricity"
"OPEX";"Taxes_Scheme";"ES";"Bandwith Depot";"Tractor-Trailer";"PROG";"[-]";2030;"IC";"Current policies";"Electricity"
"OPEX";"Taxes_Scheme";"FR";"Bandwith Depot";"Rigid";"PROG";"[-]";2030;"IC";"Current policies";"Electricity"
"OPEX";"Taxes_Scheme";"FR";"Bandwith Depot";"Tractor-Trailer";"PROG";"[-]";2030;"IC";"Current policies";"Electricity"
"OPEX";"Taxes_Scheme";"IT";"Bandwith Depot";"Rigid";"PROG";"[-]";2030;"IC";"Current policies";"Electricity"
"OPEX";"Taxes_Scheme";"IT";"Bandwith Depot";"Tractor-Trailer";"PROG";"[-]";2030;"IC";"Current policies";"Electricity"
"OPEX";"Taxes_Scheme";"NL";"Bandwith Depot";"Rigid";"PROG";"[-]";2030;"IC";"Current policies";"Electricity"
"OPEX";"Taxes_Scheme";"NL";"Bandwith Depot";"Tractor-Trailer";"PROG";"[-]";2030;"IC";"Current policies";"Electricity"
"OPEX";"Taxes_Scheme";"PL";"Bandwith Depot";"Rigid";"PROG";"[-]";2030;"IC";"Current policies";"Electricity"
"OPEX";"Taxes_Scheme";"PL";"Bandwith Depot";"Tractor-Trailer";"PROG";"[-]";2030;"IC";"Current policies";"Electricity"
"OPEX";"Taxes_Scheme";"UK";"Bandwith Depot";"Rigid";"PROG";"[-]";2030;"IC";"Current policies";"Electricity"
"OPEX";"Taxes_Scheme";"UK";"Bandwith Depot";"Tractor-Trailer";"PROG";"[-]";2030;"IC";"Current policies";"Electricity"
"OPEX";"Taxes_Scheme";"DE";"Bandwith MCS";"Rigid";"BAU";"[-]";2030;"IC";"Current policies";"Electricity"
"OPEX";"Taxes_Scheme";"DE";"Bandwith MCS";"Tractor-Trailer";"BAU";"[-]";2030;"IC";"Current policies";"Electricity"
"OPEX";"Taxes_Scheme";"ES";"Bandwith MCS";"Rigid";"BAU";"[-]";2030;"IC";"Current policies";"Electricity"
"OPEX";"Taxes_Scheme";"ES";"Bandwith MCS";"Tractor-Trailer";"BAU";"[-]";2030;"IC";"Current policies";"Electricity"
"OPEX";"Taxes_Scheme";"FR";"Bandwith MCS";"Rigid";"BAU";"[-]";2030;"IC";"Current policies";"Electricity"
"OPEX";"Taxes_Scheme";"FR";"Bandwith MCS";"Tractor-Trailer";"BAU";"[-]";2030;"IC";"Current policies";"Electricity"
"OPEX";"Taxes_Scheme";"IT";"Bandwith MCS";"Rigid";"BAU";"[-]";2030;"IC";"Current policies";"Electricity"
"OPEX";"Taxes_Scheme";"IT";"Bandwith MCS";"Tractor-Trailer";"BAU";"[-]";2030;"IC";"Current policies";"Electricity"
"OPEX";"Taxes_Scheme";"NL";"Bandwith MCS";"Rigid";"BAU";"[-]";2030;"IC";"Current policies";"Electricity"
"OPEX";"Taxes_Scheme";"NL";"Bandwith MCS";"Tractor-Trailer";"BAU";"[-]";2030;"IC";"Current policies";"Electricity"
"OPEX";"Taxes_Scheme";"PL";"Bandwith MCS";"Rigid";"BAU";"[-]";2030;"IC";"Current policies";"Electricity"
"OPEX";"Taxes_Scheme";"PL";"Bandwith MCS";"Tractor-Trailer";"BAU";"[-]";2030;"IC";"Current policies";"Electricity"
"OPEX";"Taxes_Scheme";"UK";"Bandwith MCS";"Rigid";"BAU";"[-]";2030;"IC";"Current policies";"Electricity"
"OPEX";"Taxes_Scheme";"UK";"Bandwith MCS";"Tractor-Trailer";"BAU";"[-]";2030;"IC";"Current policies";"Electricity"
"OPEX";"Taxes_Scheme";"DE";"Bandwith Depot";"Rigid";"BAU";"[-]";2030;"IB";"Current policies";"Electricity"
"OPEX";"Taxes_Scheme";"DE";"Bandwith Depot";"Tractor-Trailer";"BAU";"[-]";2030;"IB";"Current policies";"Electricity"
"OPEX";"Taxes_Scheme";"ES";"Bandwith Depot";"Rigid";"BAU";"[-]";2030;"IB";"Current policies";"Electricity"
"OPEX";"Taxes_Scheme";"ES";"Bandwith Depot";"Tractor-Trailer";"BAU";"[-]";2030;"IB";"Current policies";"Electricity"
"OPEX";"Taxes_Scheme";"FR";"Bandwith Depot";"Rigid";"BAU";"[-]";2030;"IB";"Current policies";"Electricity"
"OPEX";"Taxes_Scheme";"FR";"Bandwith Depot";"Tractor-Trailer";"BAU";"[-]";2030;"IB";"Current policies";"Electricity"
"OPEX";"Taxes_Scheme";"IT";"Bandwith Depot";"Rigid";"BAU";"[-]";2030;"IB";"Current policies";"Electricity"
"OPEX";"Taxes_Scheme";"IT";"Bandwith Depot";"Tractor-Trailer";"BAU";"[-]";2030;"IB";"Current policies";"Electricity"
"OPEX";"Taxes_Scheme";"NL";"Bandwith Depot";"Rigid";"BAU";"[-]";2030;"IB";"Current policies";"Electricity"
"OPEX";"Taxes_Scheme";"NL";"Bandwith Depot";"Tractor-Trailer";"BAU";"[-]";2030;"IB";"Current policies";"Electricity"
"OPEX";"Taxes_Scheme";"PL";"Bandwith Depot";"Rigid";"BAU";"[-]";2030;"IB";"Current policies";"Electricity"
"OPEX";"Taxes_Scheme";"PL";"Bandwith Depot";"Tractor-Trailer";"BAU";"[-]";2030;"IB";"Current policies";"Electricity"
"OPEX";"Taxes_Scheme";"UK";"Bandwith Depot";"Rigid";"BAU";"[-]";2030;"IB";"Current policies";"Electricity"
"OPEX";"Taxes_Scheme";"UK";"Bandwith Depot";"Tractor-Trailer";"BAU";"[-]";2030;"IB";"Current policies";"Electricity"
"OPEX";"Taxes_Scheme";"DE";"Bandwith MCS";"Rigid";"PROG";"[-]";2035;"ID";"Current policies";"Electricity"
"OPEX";"Taxes_Scheme";"DE";"Bandwith MCS";"Tractor-Trailer";"PROG";"[-]";2035;"ID";"Current policies";"Electricity"
"OPEX";"Taxes_Scheme";"ES";"Bandwith MCS";"Rigid";"PROG";"[-]";2035;"ID";"Current policies";"Electricity"
"OPEX";"Taxes_Scheme";"ES";"Bandwith MCS";"Tractor-Trailer";"PROG";"[-]";2035;"ID";"Current policies";"Electricity"
"OPEX";"Taxes_Scheme";"FR";"Bandwith MCS";"Rigid";"PROG";"[-]";2035;"ID";"Current policies";"Electricity"
"OPEX";"Taxes_Scheme";"FR";"Bandwith MCS";"Tractor-Trailer";"PROG";"[-]";2035;"ID";"Current policies";"Electricity"
"OPEX";"Taxes_Scheme";"IT";"Bandwith MCS";"Rigid";"PROG";"[-]";2035;"ID";"Current policies";"Electricity"
"OPEX";"Taxes_Scheme";"IT";"Bandwith MCS";"Tractor-Trailer";"PROG";"[-]";2035;"ID";"Current policies";"Electricity"
"OPEX";"Taxes_Scheme";"NL";"Bandwith MCS";"Rigid";"PROG";"[-]";2035;"ID";"Current policies";"Electricity"
"OPEX";"Taxes_Scheme";"NL";"Bandwith MCS";"Tractor-Trailer";"PROG";"[-]";2035;"ID";"Current policies";"Electricity"
"OPEX";"Taxes_Scheme";"PL";"Bandwith MCS";"Rigid";"PROG";"[-]";2035;"ID";"Current policies";"Electricity"
"OPEX";"Taxes_Scheme";"PL";"Bandwith MCS";"Tractor-Trailer";"PROG";"[-]";2035;"ID";"Current policies";"Electricity"
"OPEX";"Taxes_Scheme";"UK";"Bandwith MCS";"Rigid";"PROG";"[-]";2035;"ID";"Current policies";"Electricity"
"OPEX";"Taxes_Scheme";"UK";"Bandwith MCS";"Tractor-Trailer";"PROG";"[-]";2035;"ID";"Current policies";"Electricity"
"OPEX";"Taxes_Scheme";"DE";"Bandwith Depot";"Rigid";"PROG";"[-]";2035;"ID";"Current policies";"Electricity"
"OPEX";"Taxes_Scheme";"DE";"Bandwith Depot";"Tractor-Trailer";"PROG";"[-]";2035;"ID";"Current policies";"Electricity"
"OPEX";"Taxes_Scheme";"ES";"Bandwith Depot";"Rigid";"PROG";"[-]";2035;"ID";"Current policies";"Electricity"
"OPEX";"Taxes_Scheme";"ES";"Bandwith Depot";"Tractor-Trailer";"PROG";"[-]";2035;"ID";"Current policies";"Electricity"
"OPEX";"Taxes_Scheme";"FR";"Bandwith Depot";"Rigid";"PROG";"[-]";2035;"ID";"Current policies";"Electricity"
"OPEX";"Taxes_Scheme";"FR";"Bandwith Depot";"Tractor-Trailer";"PROG";"[-]";2035;"ID";"Current policies";"Electricity"
"OPEX";"Taxes_Scheme";"IT";"Bandwith Depot";"Rigid";"PROG";"[-]";2035;"ID";"Current policies";"Electricity"
"OPEX";"Taxes_Scheme";"IT";"Bandwith Depot";"Tractor-Trailer";"PROG";"[-]";2035;"ID";"Current policies";"Electricity"
"OPEX";"Taxes_Scheme";"NL";"Bandwith Depot";"Rigid";"PROG";"[-]";2035;"ID";"Current policies";"Electricity"
"OPEX";"Taxes_Scheme";"NL";"Bandwith Depot";"Tractor-Trailer";"PROG";"[-]";2035;"ID";"Current policies";"Electricity"
"OPEX";"Taxes_Scheme";"PL";"Bandwith Depot";"Rigid";"PROG";"[-]";2035;"ID";"Current policies";"Electricity"
"OPEX";"Taxes_Scheme";"PL";"Bandwith Depot";"Tractor-Trailer";"PROG";"[-]";2035;"ID";"Current policies";"Electricity"
"OPEX";"Taxes_Scheme";"UK";"Bandwith Depot";"Rigid";"PROG";"[-]";2035;"ID";"Current policies";"Electricity"
"OPEX";"Taxes_Scheme";"UK";"Bandwith Depot";"Tractor-Trailer";"PROG";"[-]";2035;"ID";"Current policies";"Electricity"
"OPEX";"Taxes_Scheme";"DE";"Bandwith MCS";"Rigid";"BAU";"[-]";2035;"ID";"Current policies";"Electricity"
"OPEX";"Taxes_Scheme";"DE";"Bandwith MCS";"Tractor-Trailer";"BAU";"[-]";2035;"ID";"Current policies";"Electricity"
"OPEX";"Taxes_Scheme";"ES";"Bandwith MCS";"Rigid";"BAU";"[-]";2035;"ID";"Current policies";"Electricity"
"OPEX";"Taxes_Scheme";"ES";"Bandwith MCS";"Tractor-Trailer";"BAU";"[-]";2035;"ID";"Current policies";"Electricity"
"OPEX";"Taxes_Scheme";"FR";"Bandwith MCS";"Rigid";"BAU";"[-]";2035;"ID";"Current policies";"Electricity"
"OPEX";"Taxes_Scheme";"FR";"Bandwith MCS";"Tractor-Trailer";"BAU";"[-]";2035;"ID";"Current policies";"Electricity"
"OPEX";"Taxes_Scheme";"IT";"Bandwith MCS";"Rigid";"BAU";"[-]";2035;"ID";"Current policies";"Electricity"
"OPEX";"Taxes_Scheme";"IT";"Bandwith MCS";"Tractor-Trailer";"BAU";"[-]";2035;"ID";"Current policies";"Electricity"
"OPEX";"Taxes_Scheme";"NL";"Bandwith MCS";"Rigid";"BAU";"[-]";2035;"ID";"Current policies";"Electricity"
"OPEX";"Taxes_Scheme";"NL";"Bandwith MCS";"Tractor-Trailer";"BAU";"[-]";2035;"ID";"Current policies";"Electricity"
"OPEX";"Taxes_Scheme";"PL";"Bandwith MCS";"Rigid";"BAU";"[-]";2035;"ID";"Current policies";"Electricity"
"OPEX";"Taxes_Scheme";"PL";"Bandwith MCS";"Tractor-Trailer";"BAU";"[-]";2035;"ID";"Current policies";"Electricity"
"OPEX";"Taxes_Scheme";"UK";"Bandwith MCS";"Rigid";"BAU";"[-]";2035;"ID";"Current policies";"Electricity"
"OPEX";"Taxes_Scheme";"UK";"Bandwith MCS";"Tractor-Trailer";"BAU";"[-]";2035;"ID";"Current policies";"Electricity"
"OPEX";"Taxes_Scheme";"DE";"Bandwith Depot";"Rigid";"BAU";"[-]";2035;"IC";"Current policies";"Electricity"
"OPEX";"Taxes_Scheme";"DE";"Bandwith Depot";"Tractor-Trailer";"BAU";"[-]";2035;"IC";"Current policies";"Electricity"
"OPEX";"Taxes_Scheme";"ES";"Bandwith Depot";"Rigid";"BAU";"[-]";2035;"IC";"Current policies";"Electricity"
"OPEX";"Taxes_Scheme";"ES";"Bandwith Depot";"Tractor-Trailer";"BAU";"[-]";2035;"IC";"Current policies";"Electricity"
"OPEX";"Taxes_Scheme";"FR";"Bandwith Depot";"Rigid";"BAU";"[-]";2035;"IC";"Current policies";"Electricity"
"OPEX";"Taxes_Scheme";"FR";"Bandwith Depot";"Tractor-Trailer";"BAU";"[-]";2035;"IC";"Current policies";"Electricity"
"OPEX";"Taxes_Scheme";"IT";"Bandwith Depot";"Rigid";"BAU";"[-]";2035;"IC";"Current policies";"Electricity"
"OPEX";"Taxes_Scheme";"IT";"Bandwith Depot";"Tractor-Trailer";"BAU";"[-]";2035;"IC";"Current policies";"Electricity"
"OPEX";"Taxes_Scheme";"NL";"Bandwith Depot";"Rigid";"BAU";"[-]";2035;"IC";"Current policies";"Electricity"
"OPEX";"Taxes_Scheme";"NL";"Bandwith Depot";"Tractor-Trailer";"BAU";"[-]";2035;"IC";"Current policies";"Electricity"
"OPEX";"Taxes_Scheme";"PL";"Bandwith Depot";"Rigid";"BAU";"[-]";2035;"IC";"Current policies";"Electricity"
"OPEX";"Taxes_Scheme";"PL";"Bandwith Depot";"Tractor-Trailer";"BAU";"[-]";2035;"IC";"Current policies";"Electricity"
"OPEX";"Taxes_Scheme";"UK";"Bandwith Depot";"Rigid";"BAU";"[-]";2035;"IC";"Current policies";"Electricity"
"OPEX";"Taxes_Scheme";"UK";"Bandwith Depot";"Tractor-Trailer";"BAU";"[-]";2035;"IC";"Current policies";"Electricity"
"OPEX";"Taxes_Scheme";"DE";"Bandwith MCS";"Rigid";"PROG";"[-]";2040;"ID";"Current policies";"Electricity"
"OPEX";"Taxes_Scheme";"DE";"Bandwith MCS";"Tractor-Trailer";"PROG";"[-]";2040;"ID";"Current policies";"Electricity"
"OPEX";"Taxes_Scheme";"ES";"Bandwith MCS";"Rigid";"PROG";"[-]";2040;"ID";"Current policies";"Electricity"
"OPEX";"Taxes_Scheme";"ES";"Bandwith MCS";"Tractor-Trailer";"PROG";"[-]";2040;"ID";"Current policies";"Electricity"
"OPEX";"Taxes_Scheme";"FR";"Bandwith MCS";"Rigid";"PROG";"[-]";2040;"ID";"Current policies";"Electricity"
"OPEX";"Taxes_Scheme";"FR";"Bandwith MCS";"Tractor-Trailer";"PROG";"[-]";2040;"ID";"Current policies";"Electricity"
"OPEX";"Taxes_Scheme";"IT";"Bandwith MCS";"Rigid";"PROG";"[-]";2040;"ID";"Current policies";"Electricity"
"OPEX";"Taxes_Scheme";"IT";"Bandwith MCS";"Tractor-Trailer";"PROG";"[-]";2040;"ID";"Current policies";"Electricity"
"OPEX";"Taxes_Scheme";"NL";"Bandwith MCS";"Rigid";"PROG";"[-]";2040;"ID";"Current policies";"Electricity"
"OPEX";"Taxes_Scheme";"NL";"Bandwith MCS";"Tractor-Trailer";"PROG";"[-]";2040;"ID";"Current policies";"Electricity"
"OPEX";"Taxes_Scheme";"PL";"Bandwith MCS";"Rigid";"PROG";"[-]";2040;"ID";"Current policies";"Electricity"
"OPEX";"Taxes_Scheme";"PL";"Bandwith MCS";"Tractor-Trailer";"PROG";"[-]";2040;"ID";"Current policies";"Electricity"
"OPEX";"Taxes_Scheme";"UK";"Bandwith MCS";"Rigid";"PROG";"[-]";2040;"ID";"Current policies";"Electricity"
"OPEX";"Taxes_Scheme";"UK";"Bandwith MCS";"Tractor-Trailer";"PROG";"[-]";2040;"ID";"Current policies";"Electricity"
"OPEX";"Taxes_Scheme";"DE";"Bandwith Depot";"Rigid";"PROG";"[-]";2040;"ID";"Current policies";"Electricity"
"OPEX";"Taxes_Scheme";"DE";"Bandwith Depot";"Tractor-Trailer";"PROG";"[-]";2040;"ID";"Current policies";"Electricity"
"OPEX";"Taxes_Scheme";"ES";"Bandwith Depot";"Rigid";"PROG";"[-]";2040;"ID";"Current policies";"Electricity"
"OPEX";"Taxes_Scheme";"ES";"Bandwith Depot";"Tractor-Trailer";"PROG";"[-]";2040;"ID";"Current policies";"Electricity"
"OPEX";"Taxes_Scheme";"FR";"Bandwith Depot";"Rigid";"PROG";"[-]";2040;"ID";"Current policies";"Electricity"
"OPEX";"Taxes_Scheme";"FR";"Bandwith Depot";"Tractor-Trailer";"PROG";"[-]";2040;"ID";"Current policies";"Electricity"
"OPEX";"Taxes_Scheme";"IT";"Bandwith Depot";"Rigid";"PROG";"[-]";2040;"ID";"Current policies";"Electricity"
"OPEX";"Taxes_Scheme";"IT";"Bandwith Depot";"Tractor-Trailer";"PROG";"[-]";2040;"ID";"Current policies";"Electricity"
"OPEX";"Taxes_Scheme";"NL";"Bandwith Depot";"Rigid";"PROG";"[-]";2040;"ID";"Current policies";"Electricity"
"OPEX";"Taxes_Scheme";"NL";"Bandwith Depot";"Tractor-Trailer";"PROG";"[-]";2040;"ID";"Current policies";"Electricity"
"OPEX";"Taxes_Scheme";"PL";"Bandwith Depot";"Rigid";"PROG";"[-]";2040;"ID";"Current policies";"Electricity"
"OPEX";"Taxes_Scheme";"PL";"Bandwith Depot";"Tractor-Trailer";"PROG";"[-]";2040;"ID";"Current policies";"Electricity"
"OPEX";"Taxes_Scheme";"UK";"Bandwith Depot";"Rigid";"PROG";"[-]";2040;"ID";"Current policies";"Electricity"
"OPEX";"Taxes_Scheme";"UK";"Bandwith Depot";"Tractor-Trailer";"PROG";"[-]";2040;"ID";"Current policies";"Electricity"
"OPEX";"Taxes_Scheme";"DE";"Bandwith MCS";"Rigid";"BAU";"[-]";2040;"ID";"Current policies";"Electricity"
"OPEX";"Taxes_Scheme";"DE";"Bandwith MCS";"Tractor-Trailer";"BAU";"[-]";2040;"ID";"Current policies";"Electricity"
"OPEX";"Taxes_Scheme";"ES";"Bandwith MCS";"Rigid";"BAU";"[-]";2040;"ID";"Current policies";"Electricity"
"OPEX";"Taxes_Scheme";"ES";"Bandwith MCS";"Tractor-Trailer";"BAU";"[-]";2040;"ID";"Current policies";"Electricity"
"OPEX";"Taxes_Scheme";"FR";"Bandwith MCS";"Rigid";"BAU";"[-]";2040;"ID";"Current policies";"Electricity"
"OPEX";"Taxes_Scheme";"FR";"Bandwith MCS";"Tractor-Trailer";"BAU";"[-]";2040;"ID";"Current policies";"Electricity"
"OPEX";"Taxes_Scheme";"IT";"Bandwith MCS";"Rigid";"BAU";"[-]";2040;"ID";"Current policies";"Electricity"
"OPEX";"Taxes_Scheme";"IT";"Bandwith MCS";"Tractor-Trailer";"BAU";"[-]";2040;"ID";"Current policies";"Electricity"
"OPEX";"Taxes_Scheme";"NL";"Bandwith MCS";"Rigid";"BAU";"[-]";2040;"ID";"Current policies";"Electricity"
"OPEX";"Taxes_Scheme";"NL";"Bandwith MCS";"Tractor-Trailer";"BAU";"[-]";2040;"ID";"Current policies";"Electricity"
"OPEX";"Taxes_Scheme";"PL";"Bandwith MCS";"Rigid";"BAU";"[-]";2040;"ID";"Current policies";"Electricity"
"OPEX";"Taxes_Scheme";"PL";"Bandwith MCS";"Tractor-Trailer";"BAU";"[-]";2040;"ID";"Current policies";"Electricity"
"OPEX";"Taxes_Scheme";"UK";"Bandwith MCS";"Rigid";"BAU";"[-]";2040;"ID";"Current policies";"Electricity"
"OPEX";"Taxes_Scheme";"UK";"Bandwith MCS";"Tractor-Trailer";"BAU";"[-]";2040;"ID";"Current policies";"Electricity"
"OPEX";"Taxes_Scheme";"DE";"Bandwith Depot";"Rigid";"BAU";"[-]";2040;"IC";"Current policies";"Electricity"
"OPEX";"Taxes_Scheme";"DE";"Bandwith Depot";"Tractor-Trailer";"BAU";"[-]";2040;"IC";"Current policies";"Electricity"
"OPEX";"Taxes_Scheme";"ES";"Bandwith Depot";"Rigid";"BAU";"[-]";2040;"IC";"Current policies";"Electricity"
"OPEX";"Taxes_Scheme";"ES";"Bandwith Depot";"Tractor-Trailer";"BAU";"[-]";2040;"IC";"Current policies";"Electricity"
"OPEX";"Taxes_Scheme";"FR";"Bandwith Depot";"Rigid";"BAU";"[-]";2040;"IC";"Current policies";"Electricity"
"OPEX";"Taxes_Scheme";"FR";"Bandwith Depot";"Tractor-Trailer";"BAU";"[-]";2040;"IC";"Current policies";"Electricity"
"OPEX";"Taxes_Scheme";"IT";"Bandwith Depot";"Rigid";"BAU";"[-]";2040;"IC";"Current policies";"Electricity"
"OPEX";"Taxes_Scheme";"IT";"Bandwith Depot";"Tractor-Trailer";"BAU";"[-]";2040;"IC";"Current policies";"Electricity"
"OPEX";"Taxes_Scheme";"NL";"Bandwith Depot";"Rigid";"BAU";"[-]";2040;"IC";"Current policies";"Electricity"
"OPEX";"Taxes_Scheme";"NL";"Bandwith Depot";"Tractor-Trailer";"BAU";"[-]";2040;"IC";"Current policies";"Electricity"
"OPEX";"Taxes_Scheme";"PL";"Bandwith Depot";"Rigid";"BAU";"[-]";2040;"IC";"Current policies";"Electricity"
"OPEX";"Taxes_Scheme";"PL";"Bandwith Depot";"Tractor-Trailer";"BAU";"[-]";2040;"IC";"Current policies";"Electricity"
"OPEX";"Taxes_Scheme";"UK";"Bandwith Depot";"Rigid";"BAU";"[-]";2040;"IC";"Current policies";"Electricity"
"OPEX";"Taxes_Scheme";"UK";"Bandwith Depot";"Tractor-Trailer";"BAU";"[-]";2040;"IC";"Current policies";"Electricity"
"OPEX";"Taxes_Scheme";"DE";"Bandwith MCS";"Rigid";"PROG";"[-]";2045;"ID";"Current policies";"Electricity"
"OPEX";"Taxes_Scheme";"DE";"Bandwith MCS";"Tractor-Trailer";"PROG";"[-]";2045;"ID";"Current policies";"Electricity"
"OPEX";"Taxes_Scheme";"ES";"Bandwith MCS";"Rigid";"PROG";"[-]";2045;"IE";"Current policies";"Electricity"
"OPEX";"Taxes_Scheme";"ES";"Bandwith MCS";"Tractor-Trailer";"PROG";"[-]";2045;"IE";"Current policies";"Electricity"
"OPEX";"Taxes_Scheme";"FR";"Bandwith MCS";"Rigid";"PROG";"[-]";2045;"IE";"Current policies";"Electricity"
"OPEX";"Taxes_Scheme";"FR";"Bandwith MCS";"Tractor-Trailer";"PROG";"[-]";2045;"IE";"Current policies";"Electricity"
"OPEX";"Taxes_Scheme";"IT";"Bandwith MCS";"Rigid";"PROG";"[-]";2045;"IE";"Current policies";"Electricity"
"OPEX";"Taxes_Scheme";"IT";"Bandwith MCS";"Tractor-Trailer";"PROG";"[-]";2045;"IE";"Current policies";"Electricity"
"OPEX";"Taxes_Scheme";"NL";"Bandwith MCS";"Rigid";"PROG";"[-]";2045;"IE";"Current policies";"Electricity"
"OPEX";"Taxes_Scheme";"NL";"Bandwith MCS";"Tractor-Trailer";"PROG";"[-]";2045;"IE";"Current policies";"Electricity"
"OPEX";"Taxes_Scheme";"PL";"Bandwith MCS";"Rigid";"PROG";"[-]";2045;"IE";"Current policies";"Electricity"
"OPEX";"Taxes_Scheme";"PL";"Bandwith MCS";"Tractor-Trailer";"PROG";"[-]";2045;"IE";"Current policies";"Electricity"
"OPEX";"Taxes_Scheme";"UK";"Bandwith MCS";"Rigid";"PROG";"[-]";2045;"IE";"Current policies";"Electricity"
"OPEX";"Taxes_Scheme";"UK";"Bandwith MCS";"Tractor-Trailer";"PROG";"[-]";2045;"IE";"Current policies";"Electricity"
"OPEX";"Taxes_Scheme";"DE";"Bandwith Depot";"Rigid";"PROG";"[-]";2045;"ID";"Current policies";"Electricity"
"OPEX";"Taxes_Scheme";"DE";"Bandwith Depot";"Tractor-Trailer";"PROG";"[-]";2045;"ID";"Current policies";"Electricity"
"OPEX";"Taxes_Scheme";"ES";"Bandwith Depot";"Rigid";"PROG";"[-]";2045;"ID";"Current policies";"Electricity"
"OPEX";"Taxes_Scheme";"ES";"Bandwith Depot";"Tractor-Trailer";"PROG";"[-]";2045;"ID";"Current policies";"Electricity"
"OPEX";"Taxes_Scheme";"FR";"Bandwith Depot";"Rigid";"PROG";"[-]";2045;"ID";"Current policies";"Electricity"
"OPEX";"Taxes_Scheme";"FR";"Bandwith Depot";"Tractor-Trailer";"PROG";"[-]";2045;"ID";"Current policies";"Electricity"
"OPEX";"Taxes_Scheme";"IT";"Bandwith Depot";"Rigid";"PROG";"[-]";2045;"ID";"Current policies";"Electricity"
"OPEX";"Taxes_Scheme";"IT";"Bandwith Depot";"Tractor-Trailer";"PROG";"[-]";2045;"ID";"Current policies";"Electricity"
"OPEX";"Taxes_Scheme";"NL";"Bandwith Depot";"Rigid";"PROG";"[-]";2045;"ID";"Current policies";"Electricity"
"OPEX";"Taxes_Scheme";"NL";"Bandwith Depot";"Tractor-Trailer";"PROG";"[-]";2045;"ID";"Current policies";"Electricity"
"OPEX";"Taxes_Scheme";"PL";"Bandwith Depot";"Rigid";"PROG";"[-]";2045;"ID";"Current policies";"Electricity"
"OPEX";"Taxes_Scheme";"PL";"Bandwith Depot";"Tractor-Trailer";"PROG";"[-]";2045;"ID";"Current policies";"Electricity"
"OPEX";"Taxes_Scheme";"UK";"Bandwith Depot";"Rigid";"PROG";"[-]";2045;"ID";"Current policies";"Electricity"
"OPEX";"Taxes_Scheme";"UK";"Bandwith Depot";"Tractor-Trailer";"PROG";"[-]";2045;"ID";"Current policies";"Electricity"
"OPEX";"Taxes_Scheme";"DE";"Bandwith MCS";"Rigid";"BAU";"[-]";2045;"ID";"Current policies";"Electricity"
"OPEX";"Taxes_Scheme";"DE";"Bandwith MCS";"Tractor-Trailer";"BAU";"[-]";2045;"ID";"Current policies";"Electricity"
"OPEX";"Taxes_Scheme";"ES";"Bandwith MCS";"Rigid";"BAU";"[-]";2045;"ID";"Current policies";"Electricity"
"OPEX";"Taxes_Scheme";"ES";"Bandwith MCS";"Tractor-Trailer";"BAU";"[-]";2045;"ID";"Current policies";"Electricity"
"OPEX";"Taxes_Scheme";"FR";"Bandwith MCS";"Rigid";"BAU";"[-]";2045;"ID";"Current policies";"Electricity"
"OPEX";"Taxes_Scheme";"FR";"Bandwith MCS";"Tractor-Trailer";"BAU";"[-]";2045;"ID";"Current policies";"Electricity"
"OPEX";"Taxes_Scheme";"IT";"Bandwith MCS";"Rigid";"BAU";"[-]";2045;"ID";"Current policies";"Electricity"
"OPEX";"Taxes_Scheme";"IT";"Bandwith MCS";"Tractor-Trailer";"BAU";"[-]";2045;"ID";"Current policies";"Electricity"
"OPEX";"Taxes_Scheme";"NL";"Bandwith MCS";"Rigid";"BAU";"[-]";2045;"ID";"Current policies";"Electricity"
"OPEX";"Taxes_Scheme";"NL";"Bandwith MCS";"Tractor-Trailer";"BAU";"[-]";2045;"ID";"Current policies";"Electricity"
"OPEX";"Taxes_Scheme";"PL";"Bandwith MCS";"Rigid";"BAU";"[-]";2045;"ID";"Current policies";"Electricity"
"OPEX";"Taxes_Scheme";"PL";"Bandwith MCS";"Tractor-Trailer";"BAU";"[-]";2045;"ID";"Current policies";"Electricity"
"OPEX";"Taxes_Scheme";"UK";"Bandwith MCS";"Rigid";"BAU";"[-]";2045;"ID";"Current policies";"Electricity"
"OPEX";"Taxes_Scheme";"UK";"Bandwith MCS";"Tractor-Trailer";"BAU";"[-]";2045;"ID";"Current policies";"Electricity"
"OPEX";"Taxes_Scheme";"DE";"Bandwith Depot";"Rigid";"BAU";"[-]";2045;"IC";"Current policies";"Electricity"
"OPEX";"Taxes_Scheme";"DE";"Bandwith Depot";"Tractor-Trailer";"BAU";"[-]";2045;"IC";"Current policies";"Electricity"
"OPEX";"Taxes_Scheme";"ES";"Bandwith Depot";"Rigid";"BAU";"[-]";2045;"IC";"Current policies";"Electricity"
"OPEX";"Taxes_Scheme";"ES";"Bandwith Depot";"Tractor-Trailer";"BAU";"[-]";2045;"IC";"Current policies";"Electricity"
"OPEX";"Taxes_Scheme";"FR";"Bandwith Depot";"Rigid";"BAU";"[-]";2045;"IC";"Current policies";"Electricity"
"OPEX";"Taxes_Scheme";"FR";"Bandwith Depot";"Tractor-Trailer";"BAU";"[-]";2045;"IC";"Current policies";"Electricity"
"OPEX";"Taxes_Scheme";"IT";"Bandwith Depot";"Rigid";"BAU";"[-]";2045;"IC";"Current policies";"Electricity"
"OPEX";"Taxes_Scheme";"IT";"Bandwith Depot";"Tractor-Trailer";"BAU";"[-]";2045;"IC";"Current policies";"Electricity"
"OPEX";"Taxes_Scheme";"NL";"Bandwith Depot";"Rigid";"BAU";"[-]";2045;"IC";"Current policies";"Electricity"
"OPEX";"Taxes_Scheme";"NL";"Bandwith Depot";"Tractor-Trailer";"BAU";"[-]";2045;"IC";"Current policies";"Electricity"
"OPEX";"Taxes_Scheme";"PL";"Bandwith Depot";"Rigid";"BAU";"[-]";2045;"IC";"Current policies";"Electricity"
"OPEX";"Taxes_Scheme";"PL";"Bandwith Depot";"Tractor-Trailer";"BAU";"[-]";2045;"IC";"Current policies";"Electricity"
"OPEX";"Taxes_Scheme";"UK";"Bandwith Depot";"Rigid";"BAU";"[-]";2045;"IC";"Current policies";"Electricity"
"OPEX";"Taxes_Scheme";"UK";"Bandwith Depot";"Tractor-Trailer";"BAU";"[-]";2045;"IC";"Current policies";"Electricity"
"OPEX";"Taxes_Scheme";"DE";"Bandwith MCS";"Rigid";"PROG";"[-]";2050;"IE";"Current policies";"Electricity"
"OPEX";"Taxes_Scheme";"DE";"Bandwith MCS";"Tractor-Trailer";"PROG";"[-]";2050;"IE";"Current policies";"Electricity"
"OPEX";"Taxes_Scheme";"ES";"Bandwith MCS";"Rigid";"PROG";"[-]";2050;"IE";"Current policies";"Electricity"
"OPEX";"Taxes_Scheme";"ES";"Bandwith MCS";"Tractor-Trailer";"PROG";"[-]";2050;"IE";"Current policies";"Electricity"
"OPEX";"Taxes_Scheme";"FR";"Bandwith MCS";"Rigid";"PROG";"[-]";2050;"IE";"Current policies";"Electricity"
"OPEX";"Taxes_Scheme";"FR";"Bandwith MCS";"Tractor-Trailer";"PROG";"[-]";2050;"IE";"Current policies";"Electricity"
"OPEX";"Taxes_Scheme";"IT";"Bandwith MCS";"Rigid";"PROG";"[-]";2050;"IE";"Current policies";"Electricity"
"OPEX";"Taxes_Scheme";"IT";"Bandwith MCS";"Tractor-Trailer";"PROG";"[-]";2050;"IE";"Current policies";"Electricity"
"OPEX";"Taxes_Scheme";"NL";"Bandwith MCS";"Rigid";"PROG";"[-]";2050;"IE";"Current policies";"Electricity"
"OPEX";"Taxes_Scheme";"NL";"Bandwith MCS";"Tractor-Trailer";"PROG";"[-]";2050;"IE";"Current policies";"Electricity"
"OPEX";"Taxes_Scheme";"PL";"Bandwith MCS";"Rigid";"PROG";"[-]";2050;"IE";"Current policies";"Electricity"
"OPEX";"Taxes_Scheme";"PL";"Bandwith MCS";"Tractor-Trailer";"PROG";"[-]";2050;"IE";"Current policies";"Electricity"
"OPEX";"Taxes_Scheme";"UK";"Bandwith MCS";"Rigid";"PROG";"[-]";2050;"IE";"Current policies";"Electricity"
"OPEX";"Taxes_Scheme";"UK";"Bandwith MCS";"Tractor-Trailer";"PROG";"[-]";2050;"IE";"Current policies";"Electricity"
"OPEX";"Taxes_Scheme";"DE";"Bandwith Depot";"Rigid";"PROG";"[-]";2050;"ID";"Current policies";"Electricity"
"OPEX";"Taxes_Scheme";"DE";"Bandwith Depot";"Tractor-Trailer";"PROG";"[-]";2050;"ID";"Current policies";"Electricity"
"OPEX";"Taxes_Scheme";"ES";"Bandwith Depot";"Rigid";"PROG";"[-]";2050;"ID";"Current policies";"Electricity"
"OPEX";"Taxes_Scheme";"ES";"Bandwith Depot";"Tractor-Trailer";"PROG";"[-]";2050;"ID";"Current policies";"Electricity"
"OPEX";"Taxes_Scheme";"FR";"Bandwith Depot";"Rigid";"PROG";"[-]";2050;"ID";"Current policies";"Electricity"
"OPEX";"Taxes_Scheme";"FR";"Bandwith Depot";"Tractor-Trailer";"PROG";"[-]";2050;"ID";"Current policies";"Electricity"
"OPEX";"Taxes_Scheme";"IT";"Bandwith Depot";"Rigid";"PROG";"[-]";2050;"ID";"Current policies";"Electricity"
"OPEX";"Taxes_Scheme";"IT";"Bandwith Depot";"Tractor-Trailer";"PROG";"[-]";2050;"ID";"Current policies";"Electricity"
"OPEX";"Taxes_Scheme";"NL";"Bandwith Depot";"Rigid";"PROG";"[-]";2050;"ID";"Current policies";"Electricity"
"OPEX";"Taxes_Scheme";"NL";"Bandwith Depot";"Tractor-Trailer";"PROG";"[-]";2050;"ID";"Current policies";"Electricity"
"OPEX";"Taxes_Scheme";"PL";"Bandwith Depot";"Rigid";"PROG";"[-]";2050;"ID";"Current policies";"Electricity"
"OPEX";"Taxes_Scheme";"PL";"Bandwith Depot";"Tractor-Trailer";"PROG";"[-]";2050;"ID";"Current policies";"Electricity"
"OPEX";"Taxes_Scheme";"UK";"Bandwith Depot";"Rigid";"PROG";"[-]";2050;"ID";"Current policies";"Electricity"
"OPEX";"Taxes_Scheme";"UK";"Bandwith Depot";"Tractor-Trailer";"PROG";"[-]";2050;"ID";"Current policies";"Electricity"
"OPEX";"Taxes_Scheme";"DE";"Bandwith MCS";"Rigid";"BAU";"[-]";2050;"ID";"Current policies";"Electricity"
"OPEX";"Taxes_Scheme";"DE";"Bandwith MCS";"Tractor-Trailer";"BAU";"[-]";2050;"ID";"Current policies";"Electricity"
"OPEX";"Taxes_Scheme";"ES";"Bandwith MCS";"Rigid";"BAU";"[-]";2050;"ID";"Current policies";"Electricity"
"OPEX";"Taxes_Scheme";"ES";"Bandwith MCS";"Tractor-Trailer";"BAU";"[-]";2050;"ID";"Current policies";"Electricity"
"OPEX";"Taxes_Scheme";"FR";"Bandwith MCS";"Rigid";"BAU";"[-]";2050;"ID";"Current policies";"Electricity"
"OPEX";"Taxes_Scheme";"FR";"Bandwith MCS";"Tractor-Trailer";"BAU";"[-]";2050;"ID";"Current policies";"Electricity"
"OPEX";"Taxes_Scheme";"IT";"Bandwith MCS";"Rigid";"BAU";"[-]";2050;"ID";"Current policies";"Electricity"
"OPEX";"Taxes_Scheme";"IT";"Bandwith MCS";"Tractor-Trailer";"BAU";"[-]";2050;"ID";"Current policies";"Electricity"
"OPEX";"Taxes_Scheme";"NL";"Bandwith MCS";"Rigid";"BAU";"[-]";2050;"ID";"Current policies";"Electricity"
"OPEX";"Taxes_Scheme";"NL";"Bandwith MCS";"Tractor-Trailer";"BAU";"[-]";2050;"ID";"Current policies";"Electricity"
"OPEX";"Taxes_Scheme";"PL";"Bandwith MCS";"Rigid";"BAU";"[-]";2050;"ID";"Current policies";"Electricity"
"OPEX";"Taxes_Scheme";"PL";"Bandwith MCS";"Tractor-Trailer";"BAU";"[-]";2050;"ID";"Current policies";"Electricity"
"OPEX";"Taxes_Scheme";"UK";"Bandwith MCS";"Rigid";"BAU";"[-]";2050;"ID";"Current policies";"Electricity"
"OPEX";"Taxes_Scheme";"UK";"Bandwith MCS";"Tractor-Trailer";"BAU";"[-]";2050;"ID";"Current policies";"Electricity"
"OPEX";"Taxes_Scheme";"DE";"Bandwith Depot";"Rigid";"BAU";"[-]";2050;"IC";"Current policies";"Electricity"
"OPEX";"Taxes_Scheme";"DE";"Bandwith Depot";"Tractor-Trailer";"BAU";"[-]";2050;"IC";"Current policies";"Electricity"
"OPEX";"Taxes_Scheme";"ES";"Bandwith Depot";"Rigid";"BAU";"[-]";2050;"IC";"Current policies";"Electricity"
"OPEX";"Taxes_Scheme";"ES";"Bandwith Depot";"Tractor-Trailer";"BAU";"[-]";2050;"IC";"Current policies";"Electricity"
"OPEX";"Taxes_Scheme";"FR";"Bandwith Depot";"Rigid";"BAU";"[-]";2050;"IC";"Current policies";"Electricity"
"OPEX";"Taxes_Scheme";"FR";"Bandwith Depot";"Tractor-Trailer";"BAU";"[-]";2050;"IC";"Current policies";"Electricity"
"OPEX";"Taxes_Scheme";"IT";"Bandwith Depot";"Rigid";"BAU";"[-]";2050;"IC";"Current policies";"Electricity"
"OPEX";"Taxes_Scheme";"IT";"Bandwith Depot";"Tractor-Trailer";"BAU";"[-]";2050;"IC";"Current policies";"Electricity"
"OPEX";"Taxes_Scheme";"NL";"Bandwith Depot";"Rigid";"BAU";"[-]";2050;"IC";"Current policies";"Electricity"
"OPEX";"Taxes_Scheme";"NL";"Bandwith Depot";"Tractor-Trailer";"BAU";"[-]";2050;"IC";"Current policies";"Electricity"
"OPEX";"Taxes_Scheme";"PL";"Bandwith Depot";"Rigid";"BAU";"[-]";2050;"IC";"Current policies";"Electricity"
"OPEX";"Taxes_Scheme";"PL";"Bandwith Depot";"Tractor-Trailer";"BAU";"[-]";2050;"IC";"Current policies";"Electricity"
"OPEX";"Taxes_Scheme";"UK";"Bandwith Depot";"Rigid";"BAU";"[-]";2050;"IC";"Current policies";"Electricity"
"OPEX";"Taxes_Scheme";"UK";"Bandwith Depot";"Tractor-Trailer";"BAU";"[-]";2050;"IC";"Current policies";"Electricity"
"OPEX";"Taxes_Scheme";"DE";"Bandwith MCS";"Rigid";"PROG";"[-]";2030;"IC";"Removed policies";"Electricity"
"OPEX";"Taxes_Scheme";"DE";"Bandwith MCS";"Tractor-Trailer";"PROG";"[-]";2030;"IC";"Removed policies";"Electricity"
"OPEX";"Taxes_Scheme";"ES";"Bandwith MCS";"Rigid";"PROG";"[-]";2030;"ID";"Removed policies";"Electricity"
"OPEX";"Taxes_Scheme";"ES";"Bandwith MCS";"Tractor-Trailer";"PROG";"[-]";2030;"ID";"Removed policies";"Electricity"
"OPEX";"Taxes_Scheme";"FR";"Bandwith MCS";"Rigid";"PROG";"[-]";2030;"ID";"Removed policies";"Electricity"
"OPEX";"Taxes_Scheme";"FR";"Bandwith MCS";"Tractor-Trailer";"PROG";"[-]";2030;"ID";"Removed policies";"Electricity"
"OPEX";"Taxes_Scheme";"IT";"Bandwith MCS";"Rigid";"PROG";"[-]";2030;"ID";"Removed policies";"Electricity"
"OPEX";"Taxes_Scheme";"IT";"Bandwith MCS";"Tractor-Trailer";"PROG";"[-]";2030;"ID";"Removed policies";"Electricity"
"OPEX";"Taxes_Scheme";"NL";"Bandwith MCS";"Rigid";"PROG";"[-]";2030;"ID";"Removed policies";"Electricity"
"OPEX";"Taxes_Scheme";"NL";"Bandwith MCS";"Tractor-Trailer";"PROG";"[-]";2030;"ID";"Removed policies";"Electricity"
"OPEX";"Taxes_Scheme";"PL";"Bandwith MCS";"Rigid";"PROG";"[-]";2030;"ID";"Removed policies";"Electricity"
"OPEX";"Taxes_Scheme";"PL";"Bandwith MCS";"Tractor-Trailer";"PROG";"[-]";2030;"ID";"Removed policies";"Electricity"
"OPEX";"Taxes_Scheme";"UK";"Bandwith MCS";"Rigid";"PROG";"[-]";2030;"ID";"Removed policies";"Electricity"
"OPEX";"Taxes_Scheme";"UK";"Bandwith MCS";"Tractor-Trailer";"PROG";"[-]";2030;"ID";"Removed policies";"Electricity"
"OPEX";"Taxes_Scheme";"DE";"Bandwith Depot";"Rigid";"PROG";"[-]";2030;"IC";"Removed policies";"Electricity"
"OPEX";"Taxes_Scheme";"DE";"Bandwith Depot";"Tractor-Trailer";"PROG";"[-]";2030;"IC";"Removed policies";"Electricity"
"OPEX";"Taxes_Scheme";"ES";"Bandwith Depot";"Rigid";"PROG";"[-]";2030;"IC";"Removed policies";"Electricity"
"OPEX";"Taxes_Scheme";"ES";"Bandwith Depot";"Tractor-Trailer";"PROG";"[-]";2030;"IC";"Removed policies";"Electricity"
"OPEX";"Taxes_Scheme";"FR";"Bandwith Depot";"Rigid";"PROG";"[-]";2030;"IC";"Removed policies";"Electricity"
"OPEX";"Taxes_Scheme";"FR";"Bandwith Depot";"Tractor-Trailer";"PROG";"[-]";2030;"IC";"Removed policies";"Electricity"
"OPEX";"Taxes_Scheme";"IT";"Bandwith Depot";"Rigid";"PROG";"[-]";2030;"IC";"Removed policies";"Electricity"
"OPEX";"Taxes_Scheme";"IT";"Bandwith Depot";"Tractor-Trailer";"PROG";"[-]";2030;"IC";"Removed policies";"Electricity"
"OPEX";"Taxes_Scheme";"NL";"Bandwith Depot";"Rigid";"PROG";"[-]";2030;"IC";"Removed policies";"Electricity"
"OPEX";"Taxes_Scheme";"NL";"Bandwith Depot";"Tractor-Trailer";"PROG";"[-]";2030;"IC";"Removed policies";"Electricity"
"OPEX";"Taxes_Scheme";"PL";"Bandwith Depot";"Rigid";"PROG";"[-]";2030;"IC";"Removed policies";"Electricity"
"OPEX";"Taxes_Scheme";"PL";"Bandwith Depot";"Tractor-Trailer";"PROG";"[-]";2030;"IC";"Removed policies";"Electricity"
"OPEX";"Taxes_Scheme";"UK";"Bandwith Depot";"Rigid";"PROG";"[-]";2030;"IC";"Removed policies";"Electricity"
"OPEX";"Taxes_Scheme";"UK";"Bandwith Depot";"Tractor-Trailer";"PROG";"[-]";2030;"IC";"Removed policies";"Electricity"
"OPEX";"Taxes_Scheme";"DE";"Bandwith MCS";"Rigid";"BAU";"[-]";2030;"IC";"Removed policies";"Electricity"
"OPEX";"Taxes_Scheme";"DE";"Bandwith MCS";"Tractor-Trailer";"BAU";"[-]";2030;"IC";"Removed policies";"Electricity"
"OPEX";"Taxes_Scheme";"ES";"Bandwith MCS";"Rigid";"BAU";"[-]";2030;"IC";"Removed policies";"Electricity"
"OPEX";"Taxes_Scheme";"ES";"Bandwith MCS";"Tractor-Trailer";"BAU";"[-]";2030;"IC";"Removed policies";"Electricity"
"OPEX";"Taxes_Scheme";"FR";"Bandwith MCS";"Rigid";"BAU";"[-]";2030;"IC";"Removed policies";"Electricity"
"OPEX";"Taxes_Scheme";"FR";"Bandwith MCS";"Tractor-Trailer";"BAU";"[-]";2030;"IC";"Removed policies";"Electricity"
"OPEX";"Taxes_Scheme";"IT";"Bandwith MCS";"Rigid";"BAU";"[-]";2030;"IC";"Removed policies";"Electricity"
"OPEX";"Taxes_Scheme";"IT";"Bandwith MCS";"Tractor-Trailer";"BAU";"[-]";2030;"IC";"Removed policies";"Electricity"
"OPEX";"Taxes_Scheme";"NL";"Bandwith MCS";"Rigid";"BAU";"[-]";2030;"IC";"Removed policies";"Electricity"
"OPEX";"Taxes_Scheme";"NL";"Bandwith MCS";"Tractor-Trailer";"BAU";"[-]";2030;"IC";"Removed policies";"Electricity"
"OPEX";"Taxes_Scheme";"PL";"Bandwith MCS";"Rigid";"BAU";"[-]";2030;"IC";"Removed policies";"Electricity"
"OPEX";"Taxes_Scheme";"PL";"Bandwith MCS";"Tractor-Trailer";"BAU";"[-]";2030;"IC";"Removed policies";"Electricity"
"OPEX";"Taxes_Scheme";"UK";"Bandwith MCS";"Rigid";"BAU";"[-]";2030;"IC";"Removed policies";"Electricity"
"OPEX";"Taxes_Scheme";"UK";"Bandwith MCS";"Tractor-Trailer";"BAU";"[-]";2030;"IC";"Removed policies";"Electricity"
"OPEX";"Taxes_Scheme";"DE";"Bandwith Depot";"Rigid";"BAU";"[-]";2030;"IB";"Removed policies";"Electricity"
"OPEX";"Taxes_Scheme";"DE";"Bandwith Depot";"Tractor-Trailer";"BAU";"[-]";2030;"IB";"Removed policies";"Electricity"
"OPEX";"Taxes_Scheme";"ES";"Bandwith Depot";"Rigid";"BAU";"[-]";2030;"IB";"Removed policies";"Electricity"
"OPEX";"Taxes_Scheme";"ES";"Bandwith Depot";"Tractor-Trailer";"BAU";"[-]";2030;"IB";"Removed policies";"Electricity"
"OPEX";"Taxes_Scheme";"FR";"Bandwith Depot";"Rigid";"BAU";"[-]";2030;"IB";"Removed policies";"Electricity"
"OPEX";"Taxes_Scheme";"FR";"Bandwith Depot";"Tractor-Trailer";"BAU";"[-]";2030;"IB";"Removed policies";"Electricity"
"OPEX";"Taxes_Scheme";"IT";"Bandwith Depot";"Rigid";"BAU";"[-]";2030;"IB";"Removed policies";"Electricity"
"OPEX";"Taxes_Scheme";"IT";"Bandwith Depot";"Tractor-Trailer";"BAU";"[-]";2030;"IB";"Removed policies";"Electricity"
"OPEX";"Taxes_Scheme";"NL";"Bandwith Depot";"Rigid";"BAU";"[-]";2030;"IB";"Removed policies";"Electricity"
"OPEX";"Taxes_Scheme";"NL";"Bandwith Depot";"Tractor-Trailer";"BAU";"[-]";2030;"IB";"Removed policies";"Electricity"
"OPEX";"Taxes_Scheme";"PL";"Bandwith Depot";"Rigid";"BAU";"[-]";2030;"IB";"Removed policies";"Electricity"
"OPEX";"Taxes_Scheme";"PL";"Bandwith Depot";"Tractor-Trailer";"BAU";"[-]";2030;"IB";"Removed policies";"Electricity"
"OPEX";"Taxes_Scheme";"UK";"Bandwith Depot";"Rigid";"BAU";"[-]";2030;"IB";"Removed policies";"Electricity"
"OPEX";"Taxes_Scheme";"UK";"Bandwith Depot";"Tractor-Trailer";"BAU";"[-]";2030;"IB";"Removed policies";"Electricity"
"OPEX";"Taxes_Scheme";"DE";"Bandwith MCS";"Rigid";"PROG";"[-]";2035;"ID";"Removed policies";"Electricity"
"OPEX";"Taxes_Scheme";"DE";"Bandwith MCS";"Tractor-Trailer";"PROG";"[-]";2035;"ID";"Removed policies";"Electricity"
"OPEX";"Taxes_Scheme";"ES";"Bandwith MCS";"Rigid";"PROG";"[-]";2035;"ID";"Removed policies";"Electricity"
"OPEX";"Taxes_Scheme";"ES";"Bandwith MCS";"Tractor-Trailer";"PROG";"[-]";2035;"ID";"Removed policies";"Electricity"
"OPEX";"Taxes_Scheme";"FR";"Bandwith MCS";"Rigid";"PROG";"[-]";2035;"ID";"Removed policies";"Electricity"
"OPEX";"Taxes_Scheme";"FR";"Bandwith MCS";"Tractor-Trailer";"PROG";"[-]";2035;"ID";"Removed policies";"Electricity"
"OPEX";"Taxes_Scheme";"IT";"Bandwith MCS";"Rigid";"PROG";"[-]";2035;"ID";"Removed policies";"Electricity"
"OPEX";"Taxes_Scheme";"IT";"Bandwith MCS";"Tractor-Trailer";"PROG";"[-]";2035;"ID";"Removed policies";"Electricity"
"OPEX";"Taxes_Scheme";"NL";"Bandwith MCS";"Rigid";"PROG";"[-]";2035;"ID";"Removed policies";"Electricity"
"OPEX";"Taxes_Scheme";"NL";"Bandwith MCS";"Tractor-Trailer";"PROG";"[-]";2035;"ID";"Removed policies";"Electricity"
"OPEX";"Taxes_Scheme";"PL";"Bandwith MCS";"Rigid";"PROG";"[-]";2035;"ID";"Removed policies";"Electricity"
"OPEX";"Taxes_Scheme";"PL";"Bandwith MCS";"Tractor-Trailer";"PROG";"[-]";2035;"ID";"Removed policies";"Electricity"
"OPEX";"Taxes_Scheme";"UK";"Bandwith MCS";"Rigid";"PROG";"[-]";2035;"ID";"Removed policies";"Electricity"
"OPEX";"Taxes_Scheme";"UK";"Bandwith MCS";"Tractor-Trailer";"PROG";"[-]";2035;"ID";"Removed policies";"Electricity"
"OPEX";"Taxes_Scheme";"DE";"Bandwith Depot";"Rigid";"PROG";"[-]";2035;"ID";"Removed policies";"Electricity"
"OPEX";"Taxes_Scheme";"DE";"Bandwith Depot";"Tractor-Trailer";"PROG";"[-]";2035;"ID";"Removed policies";"Electricity"
"OPEX";"Taxes_Scheme";"ES";"Bandwith Depot";"Rigid";"PROG";"[-]";2035;"ID";"Removed policies";"Electricity"
"OPEX";"Taxes_Scheme";"ES";"Bandwith Depot";"Tractor-Trailer";"PROG";"[-]";2035;"ID";"Removed policies";"Electricity"
"OPEX";"Taxes_Scheme";"FR";"Bandwith Depot";"Rigid";"PROG";"[-]";2035;"ID";"Removed policies";"Electricity"
"OPEX";"Taxes_Scheme";"FR";"Bandwith Depot";"Tractor-Trailer";"PROG";"[-]";2035;"ID";"Removed policies";"Electricity"
"OPEX";"Taxes_Scheme";"IT";"Bandwith Depot";"Rigid";"PROG";"[-]";2035;"ID";"Removed policies";"Electricity"
"OPEX";"Taxes_Scheme";"IT";"Bandwith Depot";"Tractor-Trailer";"PROG";"[-]";2035;"ID";"Removed policies";"Electricity"
"OPEX";"Taxes_Scheme";"NL";"Bandwith Depot";"Rigid";"PROG";"[-]";2035;"ID";"Removed policies";"Electricity"
"OPEX";"Taxes_Scheme";"NL";"Bandwith Depot";"Tractor-Trailer";"PROG";"[-]";2035;"ID";"Removed policies";"Electricity"
"OPEX";"Taxes_Scheme";"PL";"Bandwith Depot";"Rigid";"PROG";"[-]";2035;"ID";"Removed policies";"Electricity"
"OPEX";"Taxes_Scheme";"PL";"Bandwith Depot";"Tractor-Trailer";"PROG";"[-]";2035;"ID";"Removed policies";"Electricity"
"OPEX";"Taxes_Scheme";"UK";"Bandwith Depot";"Rigid";"PROG";"[-]";2035;"ID";"Removed policies";"Electricity"
"OPEX";"Taxes_Scheme";"UK";"Bandwith Depot";"Tractor-Trailer";"PROG";"[-]";2035;"ID";"Removed policies";"Electricity"
"OPEX";"Taxes_Scheme";"DE";"Bandwith MCS";"Rigid";"BAU";"[-]";2035;"ID";"Removed policies";"Electricity"
"OPEX";"Taxes_Scheme";"DE";"Bandwith MCS";"Tractor-Trailer";"BAU";"[-]";2035;"ID";"Removed policies";"Electricity"
"OPEX";"Taxes_Scheme";"ES";"Bandwith MCS";"Rigid";"BAU";"[-]";2035;"ID";"Removed policies";"Electricity"
"OPEX";"Taxes_Scheme";"ES";"Bandwith MCS";"Tractor-Trailer";"BAU";"[-]";2035;"ID";"Removed policies";"Electricity"
"OPEX";"Taxes_Scheme";"FR";"Bandwith MCS";"Rigid";"BAU";"[-]";2035;"ID";"Removed policies";"Electricity"
"OPEX";"Taxes_Scheme";"FR";"Bandwith MCS";"Tractor-Trailer";"BAU";"[-]";2035;"ID";"Removed policies";"Electricity"
"OPEX";"Taxes_Scheme";"IT";"Bandwith MCS";"Rigid";"BAU";"[-]";2035;"ID";"Removed policies";"Electricity"
"OPEX";"Taxes_Scheme";"IT";"Bandwith MCS";"Tractor-Trailer";"BAU";"[-]";2035;"ID";"Removed policies";"Electricity"
"OPEX";"Taxes_Scheme";"NL";"Bandwith MCS";"Rigid";"BAU";"[-]";2035;"ID";"Removed policies";"Electricity"
"OPEX";"Taxes_Scheme";"NL";"Bandwith MCS";"Tractor-Trailer";"BAU";"[-]";2035;"ID";"Removed policies";"Electricity"
"OPEX";"Taxes_Scheme";"PL";"Bandwith MCS";"Rigid";"BAU";"[-]";2035;"ID";"Removed policies";"Electricity"
"OPEX";"Taxes_Scheme";"PL";"Bandwith MCS";"Tractor-Trailer";"BAU";"[-]";2035;"ID";"Removed policies";"Electricity"
"OPEX";"Taxes_Scheme";"UK";"Bandwith MCS";"Rigid";"BAU";"[-]";2035;"ID";"Removed policies";"Electricity"
"OPEX";"Taxes_Scheme";"UK";"Bandwith MCS";"Tractor-Trailer";"BAU";"[-]";2035;"ID";"Removed policies";"Electricity"
"OPEX";"Taxes_Scheme";"DE";"Bandwith Depot";"Rigid";"BAU";"[-]";2035;"IC";"Removed policies";"Electricity"
"OPEX";"Taxes_Scheme";"DE";"Bandwith Depot";"Tractor-Trailer";"BAU";"[-]";2035;"IC";"Removed policies";"Electricity"
"OPEX";"Taxes_Scheme";"ES";"Bandwith Depot";"Rigid";"BAU";"[-]";2035;"IC";"Removed policies";"Electricity"
"OPEX";"Taxes_Scheme";"ES";"Bandwith Depot";"Tractor-Trailer";"BAU";"[-]";2035;"IC";"Removed policies";"Electricity"
"OPEX";"Taxes_Scheme";"FR";"Bandwith Depot";"Rigid";"BAU";"[-]";2035;"IC";"Removed policies";"Electricity"
"OPEX";"Taxes_Scheme";"FR";"Bandwith Depot";"Tractor-Trailer";"BAU";"[-]";2035;"IC";"Removed policies";"Electricity"
"OPEX";"Taxes_Scheme";"IT";"Bandwith Depot";"Rigid";"BAU";"[-]";2035;"IC";"Removed policies";"Electricity"
"OPEX";"Taxes_Scheme";"IT";"Bandwith Depot";"Tractor-Trailer";"BAU";"[-]";2035;"IC";"Removed policies";"Electricity"
"OPEX";"Taxes_Scheme";"NL";"Bandwith Depot";"Rigid";"BAU";"[-]";2035;"IC";"Removed policies";"Electricity"
"OPEX";"Taxes_Scheme";"NL";"Bandwith Depot";"Tractor-Trailer";"BAU";"[-]";2035;"IC";"Removed policies";"Electricity"
"OPEX";"Taxes_Scheme";"PL";"Bandwith Depot";"Rigid";"BAU";"[-]";2035;"IC";"Removed policies";"Electricity"
"OPEX";"Taxes_Scheme";"PL";"Bandwith Depot";"Tractor-Trailer";"BAU";"[-]";2035;"IC";"Removed policies";"Electricity"
"OPEX";"Taxes_Scheme";"UK";"Bandwith Depot";"Rigid";"BAU";"[-]";2035;"IC";"Removed policies";"Electricity"
"OPEX";"Taxes_Scheme";"UK";"Bandwith Depot";"Tractor-Trailer";"BAU";"[-]";2035;"IC";"Removed policies";"Electricity"
"OPEX";"Taxes_Scheme";"DE";"Bandwith MCS";"Rigid";"PROG";"[-]";2040;"ID";"Removed policies";"Electricity"
"OPEX";"Taxes_Scheme";"DE";"Bandwith MCS";"Tractor-Trailer";"PROG";"[-]";2040;"ID";"Removed policies";"Electricity"
"OPEX";"Taxes_Scheme";"ES";"Bandwith MCS";"Rigid";"PROG";"[-]";2040;"ID";"Removed policies";"Electricity"
"OPEX";"Taxes_Scheme";"ES";"Bandwith MCS";"Tractor-Trailer";"PROG";"[-]";2040;"ID";"Removed policies";"Electricity"
"OPEX";"Taxes_Scheme";"FR";"Bandwith MCS";"Rigid";"PROG";"[-]";2040;"ID";"Removed policies";"Electricity"
"OPEX";"Taxes_Scheme";"FR";"Bandwith MCS";"Tractor-Trailer";"PROG";"[-]";2040;"ID";"Removed policies";"Electricity"
"OPEX";"Taxes_Scheme";"IT";"Bandwith MCS";"Rigid";"PROG";"[-]";2040;"ID";"Removed policies";"Electricity"
"OPEX";"Taxes_Scheme";"IT";"Bandwith MCS";"Tractor-Trailer";"PROG";"[-]";2040;"ID";"Removed policies";"Electricity"
"OPEX";"Taxes_Scheme";"NL";"Bandwith MCS";"Rigid";"PROG";"[-]";2040;"ID";"Removed policies";"Electricity"
"OPEX";"Taxes_Scheme";"NL";"Bandwith MCS";"Tractor-Trailer";"PROG";"[-]";2040;"ID";"Removed policies";"Electricity"
"OPEX";"Taxes_Scheme";"PL";"Bandwith MCS";"Rigid";"PROG";"[-]";2040;"ID";"Removed policies";"Electricity"
"OPEX";"Taxes_Scheme";"PL";"Bandwith MCS";"Tractor-Trailer";"PROG";"[-]";2040;"ID";"Removed policies";"Electricity"
"OPEX";"Taxes_Scheme";"UK";"Bandwith MCS";"Rigid";"PROG";"[-]";2040;"ID";"Removed policies";"Electricity"
"OPEX";"Taxes_Scheme";"UK";"Bandwith MCS";"Tractor-Trailer";"PROG";"[-]";2040;"ID";"Removed policies";"Electricity"
"OPEX";"Taxes_Scheme";"DE";"Bandwith Depot";"Rigid";"PROG";"[-]";2040;"ID";"Removed policies";"Electricity"
"OPEX";"Taxes_Scheme";"DE";"Bandwith Depot";"Tractor-Trailer";"PROG";"[-]";2040;"ID";"Removed policies";"Electricity"
"OPEX";"Taxes_Scheme";"ES";"Bandwith Depot";"Rigid";"PROG";"[-]";2040;"ID";"Removed policies";"Electricity"
"OPEX";"Taxes_Scheme";"ES";"Bandwith Depot";"Tractor-Trailer";"PROG";"[-]";2040;"ID";"Removed policies";"Electricity"
"OPEX";"Taxes_Scheme";"FR";"Bandwith Depot";"Rigid";"PROG";"[-]";2040;"ID";"Removed policies";"Electricity"
"OPEX";"Taxes_Scheme";"FR";"Bandwith Depot";"Tractor-Trailer";"PROG";"[-]";2040;"ID";"Removed policies";"Electricity"
"OPEX";"Taxes_Scheme";"IT";"Bandwith Depot";"Rigid";"PROG";"[-]";2040;"ID";"Removed policies";"Electricity"
"OPEX";"Taxes_Scheme";"IT";"Bandwith Depot";"Tractor-Trailer";"PROG";"[-]";2040;"ID";"Removed policies";"Electricity"
"OPEX";"Taxes_Scheme";"NL";"Bandwith Depot";"Rigid";"PROG";"[-]";2040;"ID";"Removed policies";"Electricity"
"OPEX";"Taxes_Scheme";"NL";"Bandwith Depot";"Tractor-Trailer";"PROG";"[-]";2040;"ID";"Removed policies";"Electricity"
"OPEX";"Taxes_Scheme";"PL";"Bandwith Depot";"Rigid";"PROG";"[-]";2040;"ID";"Removed policies";"Electricity"
"OPEX";"Taxes_Scheme";"PL";"Bandwith Depot";"Tractor-Trailer";"PROG";"[-]";2040;"ID";"Removed policies";"Electricity"
"OPEX";"Taxes_Scheme";"UK";"Bandwith Depot";"Rigid";"PROG";"[-]";2040;"ID";"Removed policies";"Electricity"
"OPEX";"Taxes_Scheme";"UK";"Bandwith Depot";"Tractor-Trailer";"PROG";"[-]";2040;"ID";"Removed policies";"Electricity"
"OPEX";"Taxes_Scheme";"DE";"Bandwith MCS";"Rigid";"BAU";"[-]";2040;"ID";"Removed policies";"Electricity"
"OPEX";"Taxes_Scheme";"DE";"Bandwith MCS";"Tractor-Trailer";"BAU";"[-]";2040;"ID";"Removed policies";"Electricity"
"OPEX";"Taxes_Scheme";"ES";"Bandwith MCS";"Rigid";"BAU";"[-]";2040;"ID";"Removed policies";"Electricity"
"OPEX";"Taxes_Scheme";"ES";"Bandwith MCS";"Tractor-Trailer";"BAU";"[-]";2040;"ID";"Removed policies";"Electricity"
"OPEX";"Taxes_Scheme";"FR";"Bandwith MCS";"Rigid";"BAU";"[-]";2040;"ID";"Removed policies";"Electricity"
"OPEX";"Taxes_Scheme";"FR";"Bandwith MCS";"Tractor-Trailer";"BAU";"[-]";2040;"ID";"Removed policies";"Electricity"
"OPEX";"Taxes_Scheme";"IT";"Bandwith MCS";"Rigid";"BAU";"[-]";2040;"ID";"Removed policies";"Electricity"
"OPEX";"Taxes_Scheme";"IT";"Bandwith MCS";"Tractor-Trailer";"BAU";"[-]";2040;"ID";"Removed policies";"Electricity"
"OPEX";"Taxes_Scheme";"NL";"Bandwith MCS";"Rigid";"BAU";"[-]";2040;"ID";"Removed policies";"Electricity"
"OPEX";"Taxes_Scheme";"NL";"Bandwith MCS";"Tractor-Trailer";"BAU";"[-]";2040;"ID";"Removed policies";"Electricity"
"OPEX";"Taxes_Scheme";"PL";"Bandwith MCS";"Rigid";"BAU";"[-]";2040;"ID";"Removed policies";"Electricity"
"OPEX";"Taxes_Scheme";"PL";"Bandwith MCS";"Tractor-Trailer";"BAU";"[-]";2040;"ID";"Removed policies";"Electricity"
"OPEX";"Taxes_Scheme";"UK";"Bandwith MCS";"Rigid";"BAU";"[-]";2040;"ID";"Removed policies";"Electricity"
"OPEX";"Taxes_Scheme";"UK";"Bandwith MCS";"Tractor-Trailer";"BAU";"[-]";2040;"ID";"Removed policies";"Electricity"
"OPEX";"Taxes_Scheme";"DE";"Bandwith Depot";"Rigid";"BAU";"[-]";2040;"IC";"Removed policies";"Electricity"
"OPEX";"Taxes_Scheme";"DE";"Bandwith Depot";"Tractor-Trailer";"BAU";"[-]";2040;"IC";"Removed policies";"Electricity"
"OPEX";"Taxes_Scheme";"ES";"Bandwith Depot";"Rigid";"BAU";"[-]";2040;"IC";"Removed policies";"Electricity"
"OPEX";"Taxes_Scheme";"ES";"Bandwith Depot";"Tractor-Trailer";"BAU";"[-]";2040;"IC";"Removed policies";"Electricity"
"OPEX";"Taxes_Scheme";"FR";"Bandwith Depot";"Rigid";"BAU";"[-]";2040;"IC";"Removed policies";"Electricity"
"OPEX";"Taxes_Scheme";"FR";"Bandwith Depot";"Tractor-Trailer";"BAU";"[-]";2040;"IC";"Removed policies";"Electricity"
"OPEX";"Taxes_Scheme";"IT";"Bandwith Depot";"Rigid";"BAU";"[-]";2040;"IC";"Removed policies";"Electricity"
"OPEX";"Taxes_Scheme";"IT";"Bandwith Depot";"Tractor-Trailer";"BAU";"[-]";2040;"IC";"Removed policies";"Electricity"
"OPEX";"Taxes_Scheme";"NL";"Bandwith Depot";"Rigid";"BAU";"[-]";2040;"IC";"Removed policies";"Electricity"
"OPEX";"Taxes_Scheme";"NL";"Bandwith Depot";"Tractor-Trailer";"BAU";"[-]";2040;"IC";"Removed policies";"Electricity"
"OPEX";"Taxes_Scheme";"PL";"Bandwith Depot";"Rigid";"BAU";"[-]";2040;"IC";"Removed policies";"Electricity"
"OPEX";"Taxes_Scheme";"PL";"Bandwith Depot";"Tractor-Trailer";"BAU";"[-]";2040;"IC";"Removed policies";"Electricity"
"OPEX";"Taxes_Scheme";"UK";"Bandwith Depot";"Rigid";"BAU";"[-]";2040;"IC";"Removed policies";"Electricity"
"OPEX";"Taxes_Scheme";"UK";"Bandwith Depot";"Tractor-Trailer";"BAU";"[-]";2040;"IC";"Removed policies";"Electricity"
"OPEX";"Taxes_Scheme";"DE";"Bandwith MCS";"Rigid";"PROG";"[-]";2045;"ID";"Removed policies";"Electricity"
"OPEX";"Taxes_Scheme";"DE";"Bandwith MCS";"Tractor-Trailer";"PROG";"[-]";2045;"ID";"Removed policies";"Electricity"
"OPEX";"Taxes_Scheme";"ES";"Bandwith MCS";"Rigid";"PROG";"[-]";2045;"IE";"Removed policies";"Electricity"
"OPEX";"Taxes_Scheme";"ES";"Bandwith MCS";"Tractor-Trailer";"PROG";"[-]";2045;"IE";"Removed policies";"Electricity"
"OPEX";"Taxes_Scheme";"FR";"Bandwith MCS";"Rigid";"PROG";"[-]";2045;"IE";"Removed policies";"Electricity"
"OPEX";"Taxes_Scheme";"FR";"Bandwith MCS";"Tractor-Trailer";"PROG";"[-]";2045;"IE";"Removed policies";"Electricity"
"OPEX";"Taxes_Scheme";"IT";"Bandwith MCS";"Rigid";"PROG";"[-]";2045;"IE";"Removed policies";"Electricity"
"OPEX";"Taxes_Scheme";"IT";"Bandwith MCS";"Tractor-Trailer";"PROG";"[-]";2045;"IE";"Removed policies";"Electricity"
"OPEX";"Taxes_Scheme";"NL";"Bandwith MCS";"Rigid";"PROG";"[-]";2045;"IE";"Removed policies";"Electricity"
"OPEX";"Taxes_Scheme";"NL";"Bandwith MCS";"Tractor-Trailer";"PROG";"[-]";2045;"IE";"Removed policies";"Electricity"
"OPEX";"Taxes_Scheme";"PL";"Bandwith MCS";"Rigid";"PROG";"[-]";2045;"IE";"Removed policies";"Electricity"
"OPEX";"Taxes_Scheme";"PL";"Bandwith MCS";"Tractor-Trailer";"PROG";"[-]";2045;"IE";"Removed policies";"Electricity"
"OPEX";"Taxes_Scheme";"UK";"Bandwith MCS";"Rigid";"PROG";"[-]";2045;"IE";"Removed policies";"Electricity"
"OPEX";"Taxes_Scheme";"UK";"Bandwith MCS";"Tractor-Trailer";"PROG";"[-]";2045;"IE";"Removed policies";"Electricity"
"OPEX";"Taxes_Scheme";"DE";"Bandwith Depot";"Rigid";"PROG";"[-]";2045;"ID";"Removed policies";"Electricity"
"OPEX";"Taxes_Scheme";"DE";"Bandwith Depot";"Tractor-Trailer";"PROG";"[-]";2045;"ID";"Removed policies";"Electricity"
"OPEX";"Taxes_Scheme";"ES";"Bandwith Depot";"Rigid";"PROG";"[-]";2045;"ID";"Removed policies";"Electricity"
"OPEX";"Taxes_Scheme";"ES";"Bandwith Depot";"Tractor-Trailer";"PROG";"[-]";2045;"ID";"Removed policies";"Electricity"
"OPEX";"Taxes_Scheme";"FR";"Bandwith Depot";"Rigid";"PROG";"[-]";2045;"ID";"Removed policies";"Electricity"
"OPEX";"Taxes_Scheme";"FR";"Bandwith Depot";"Tractor-Trailer";"PROG";"[-]";2045;"ID";"Removed policies";"Electricity"
"OPEX";"Taxes_Scheme";"IT";"Bandwith Depot";"Rigid";"PROG";"[-]";2045;"ID";"Removed policies";"Electricity"
"OPEX";"Taxes_Scheme";"IT";"Bandwith Depot";"Tractor-Trailer";"PROG";"[-]";2045;"ID";"Removed policies";"Electricity"
"OPEX";"Taxes_Scheme";"NL";"Bandwith Depot";"Rigid";"PROG";"[-]";2045;"ID";"Removed policies";"Electricity"
"OPEX";"Taxes_Scheme";"NL";"Bandwith Depot";"Tractor-Trailer";"PROG";"[-]";2045;"ID";"Removed policies";"Electricity"
"OPEX";"Taxes_Scheme";"PL";"Bandwith Depot";"Rigid";"PROG";"[-]";2045;"ID";"Removed policies";"Electricity"
"OPEX";"Taxes_Scheme";"PL";"Bandwith Depot";"Tractor-Trailer";"PROG";"[-]";2045;"ID";"Removed policies";"Electricity"
"OPEX";"Taxes_Scheme";"UK";"Bandwith Depot";"Rigid";"PROG";"[-]";2045;"ID";"Removed policies";"Electricity"
"OPEX";"Taxes_Scheme";"UK";"Bandwith Depot";"Tractor-Trailer";"PROG";"[-]";2045;"ID";"Removed policies";"Electricity"
"OPEX";"Taxes_Scheme";"DE";"Bandwith MCS";"Rigid";"BAU";"[-]";2045;"ID";"Removed policies";"Electricity"
"OPEX";"Taxes_Scheme";"DE";"Bandwith MCS";"Tractor-Trailer";"BAU";"[-]";2045;"ID";"Removed policies";"Electricity"
"OPEX";"Taxes_Scheme";"ES";"Bandwith MCS";"Rigid";"BAU";"[-]";2045;"ID";"Removed policies";"Electricity"
"OPEX";"Taxes_Scheme";"ES";"Bandwith MCS";"Tractor-Trailer";"BAU";"[-]";2045;"ID";"Removed policies";"Electricity"
"OPEX";"Taxes_Scheme";"FR";"Bandwith MCS";"Rigid";"BAU";"[-]";2045;"ID";"Removed policies";"Electricity"
"OPEX";"Taxes_Scheme";"FR";"Bandwith MCS";"Tractor-Trailer";"BAU";"[-]";2045;"ID";"Removed policies";"Electricity"
"OPEX";"Taxes_Scheme";"IT";"Bandwith MCS";"Rigid";"BAU";"[-]";2045;"ID";"Removed policies";"Electricity"
"OPEX";"Taxes_Scheme";"IT";"Bandwith MCS";"Tractor-Trailer";"BAU";"[-]";2045;"ID";"Removed policies";"Electricity"
"OPEX";"Taxes_Scheme";"NL";"Bandwith MCS";"Rigid";"BAU";"[-]";2045;"ID";"Removed policies";"Electricity"
"OPEX";"Taxes_Scheme";"NL";"Bandwith MCS";"Tractor-Trailer";"BAU";"[-]";2045;"ID";"Removed policies";"Electricity"
"OPEX";"Taxes_Scheme";"PL";"Bandwith MCS";"Rigid";"BAU";"[-]";2045;"ID";"Removed policies";"Electricity"
"OPEX";"Taxes_Scheme";"PL";"Bandwith MCS";"Tractor-Trailer";"BAU";"[-]";2045;"ID";"Removed policies";"Electricity"
"OPEX";"Taxes_Scheme";"UK";"Bandwith MCS";"Rigid";"BAU";"[-]";2045;"ID";"Removed policies";"Electricity"
"OPEX";"Taxes_Scheme";"UK";"Bandwith MCS";"Tractor-Trailer";"BAU";"[-]";2045;"ID";"Removed policies";"Electricity"
"OPEX";"Taxes_Scheme";"DE";"Bandwith Depot";"Rigid";"BAU";"[-]";2045;"IC";"Removed policies";"Electricity"
"OPEX";"Taxes_Scheme";"DE";"Bandwith Depot";"Tractor-Trailer";"BAU";"[-]";2045;"IC";"Removed policies";"Electricity"
"OPEX";"Taxes_Scheme";"ES";"Bandwith Depot";"Rigid";"BAU";"[-]";2045;"IC";"Removed policies";"Electricity"
"OPEX";"Taxes_Scheme";"ES";"Bandwith Depot";"Tractor-Trailer";"BAU";"[-]";2045;"IC";"Removed policies";"Electricity"
"OPEX";"Taxes_Scheme";"FR";"Bandwith Depot";"Rigid";"BAU";"[-]";2045;"IC";"Removed policies";"Electricity"
"OPEX";"Taxes_Scheme";"FR";"Bandwith Depot";"Tractor-Trailer";"BAU";"[-]";2045;"IC";"Removed policies";"Electricity"
"OPEX";"Taxes_Scheme";"IT";"Bandwith Depot";"Rigid";"BAU";"[-]";2045;"IC";"Removed policies";"Electricity"
"OPEX";"Taxes_Scheme";"IT";"Bandwith Depot";"Tractor-Trailer";"BAU";"[-]";2045;"IC";"Removed policies";"Electricity"
"OPEX";"Taxes_Scheme";"NL";"Bandwith Depot";"Rigid";"BAU";"[-]";2045;"IC";"Removed policies";"Electricity"
"OPEX";"Taxes_Scheme";"NL";"Bandwith Depot";"Tractor-Trailer";"BAU";"[-]";2045;"IC";"Removed policies";"Electricity"
"OPEX";"Taxes_Scheme";"PL";"Bandwith Depot";"Rigid";"BAU";"[-]";2045;"IC";"Removed policies";"Electricity"
"OPEX";"Taxes_Scheme";"PL";"Bandwith Depot";"Tractor-Trailer";"BAU";"[-]";2045;"IC";"Removed policies";"Electricity"
"OPEX";"Taxes_Scheme";"UK";"Bandwith Depot";"Rigid";"BAU";"[-]";2045;"IC";"Removed policies";"Electricity"
"OPEX";"Taxes_Scheme";"UK";"Bandwith Depot";"Tractor-Trailer";"BAU";"[-]";2045;"IC";"Removed policies";"Electricity"
"OPEX";"Taxes_Scheme";"DE";"Bandwith MCS";"Rigid";"PROG";"[-]";2050;"IE";"Removed policies";"Electricity"
"OPEX";"Taxes_Scheme";"DE";"Bandwith MCS";"Tractor-Trailer";"PROG";"[-]";2050;"IE";"Removed policies";"Electricity"
"OPEX";"Taxes_Scheme";"ES";"Bandwith MCS";"Rigid";"PROG";"[-]";2050;"IE";"Removed policies";"Electricity"
"OPEX";"Taxes_Scheme";"ES";"Bandwith MCS";"Tractor-Trailer";"PROG";"[-]";2050;"IE";"Removed policies";"Electricity"
"OPEX";"Taxes_Scheme";"FR";"Bandwith MCS";"Rigid";"PROG";"[-]";2050;"IE";"Removed policies";"Electricity"
"OPEX";"Taxes_Scheme";"FR";"Bandwith MCS";"Tractor-Trailer";"PROG";"[-]";2050;"IE";"Removed policies";"Electricity"
"OPEX";"Taxes_Scheme";"IT";"Bandwith MCS";"Rigid";"PROG";"[-]";2050;"IE";"Removed policies";"Electricity"
"OPEX";"Taxes_Scheme";"IT";"Bandwith MCS";"Tractor-Trailer";"PROG";"[-]";2050;"IE";"Removed policies";"Electricity"
"OPEX";"Taxes_Scheme";"NL";"Bandwith MCS";"Rigid";"PROG";"[-]";2050;"IE";"Removed policies";"Electricity"
"OPEX";"Taxes_Scheme";"NL";"Bandwith MCS";"Tractor-Trailer";"PROG";"[-]";2050;"IE";"Removed policies";"Electricity"
"OPEX";"Taxes_Scheme";"PL";"Bandwith MCS";"Rigid";"PROG";"[-]";2050;"IE";"Removed policies";"Electricity"
"OPEX";"Taxes_Scheme";"PL";"Bandwith MCS";"Tractor-Trailer";"PROG";"[-]";2050;"IE";"Removed policies";"Electricity"
"OPEX";"Taxes_Scheme";"UK";"Bandwith MCS";"Rigid";"PROG";"[-]";2050;"IE";"Removed policies";"Electricity"
"OPEX";"Taxes_Scheme";"UK";"Bandwith MCS";"Tractor-Trailer";"PROG";"[-]";2050;"IE";"Removed policies";"Electricity"
"OPEX";"Taxes_Scheme";"DE";"Bandwith Depot";"Rigid";"PROG";"[-]";2050;"ID";"Removed policies";"Electricity"
"OPEX";"Taxes_Scheme";"DE";"Bandwith Depot";"Tractor-Trailer";"PROG";"[-]";2050;"ID";"Removed policies";"Electricity"
"OPEX";"Taxes_Scheme";"ES";"Bandwith Depot";"Rigid";"PROG";"[-]";2050;"ID";"Removed policies";"Electricity"
"OPEX";"Taxes_Scheme";"ES";"Bandwith Depot";"Tractor-Trailer";"PROG";"[-]";2050;"ID";"Removed policies";"Electricity"
"OPEX";"Taxes_Scheme";"FR";"Bandwith Depot";"Rigid";"PROG";"[-]";2050;"ID";"Removed policies";"Electricity"
"OPEX";"Taxes_Scheme";"FR";"Bandwith Depot";"Tractor-Trailer";"PROG";"[-]";2050;"ID";"Removed policies";"Electricity"
"OPEX";"Taxes_Scheme";"IT";"Bandwith Depot";"Rigid";"PROG";"[-]";2050;"ID";"Removed policies";"Electricity"
"OPEX";"Taxes_Scheme";"IT";"Bandwith Depot";"Tractor-Trailer";"PROG";"[-]";2050;"ID";"Removed policies";"Electricity"
"OPEX";"Taxes_Scheme";"NL";"Bandwith Depot";"Rigid";"PROG";"[-]";2050;"ID";"Removed policies";"Electricity"
"OPEX";"Taxes_Scheme";"NL";"Bandwith Depot";"Tractor-Trailer";"PROG";"[-]";2050;"ID";"Removed policies";"Electricity"
"OPEX";"Taxes_Scheme";"PL";"Bandwith Depot";"Rigid";"PROG";"[-]";2050;"ID";"Removed policies";"Electricity"
"OPEX";"Taxes_Scheme";"PL";"Bandwith Depot";"Tractor-Trailer";"PROG";"[-]";2050;"ID";"Removed policies";"Electricity"
"OPEX";"Taxes_Scheme";"UK";"Bandwith Depot";"Rigid";"PROG";"[-]";2050;"ID";"Removed policies";"Electricity"
"OPEX";"Taxes_Scheme";"UK";"Bandwith Depot";"Tractor-Trailer";"PROG";"[-]";2050;"ID";"Removed policies";"Electricity"
"OPEX";"Taxes_Scheme";"DE";"Bandwith MCS";"Rigid";"BAU";"[-]";2050;"ID";"Removed policies";"Electricity"
"OPEX";"Taxes_Scheme";"DE";"Bandwith MCS";"Tractor-Trailer";"BAU";"[-]";2050;"ID";"Removed policies";"Electricity"
"OPEX";"Taxes_Scheme";"ES";"Bandwith MCS";"Rigid";"BAU";"[-]";2050;"ID";"Removed policies";"Electricity"
"OPEX";"Taxes_Scheme";"ES";"Bandwith MCS";"Tractor-Trailer";"BAU";"[-]";2050;"ID";"Removed policies";"Electricity"
"OPEX";"Taxes_Scheme";"FR";"Bandwith MCS";"Rigid";"BAU";"[-]";2050;"ID";"Removed policies";"Electricity"
"OPEX";"Taxes_Scheme";"FR";"Bandwith MCS";"Tractor-Trailer";"BAU";"[-]";2050;"ID";"Removed policies";"Electricity"
"OPEX";"Taxes_Scheme";"IT";"Bandwith MCS";"Rigid";"BAU";"[-]";2050;"ID";"Removed policies";"Electricity"
"OPEX";"Taxes_Scheme";"IT";"Bandwith MCS";"Tractor-Trailer";"BAU";"[-]";2050;"ID";"Removed policies";"Electricity"
"OPEX";"Taxes_Scheme";"NL";"Bandwith MCS";"Rigid";"BAU";"[-]";2050;"ID";"Removed policies";"Electricity"
"OPEX";"Taxes_Scheme";"NL";"Bandwith MCS";"Tractor-Trailer";"BAU";"[-]";2050;"ID";"Removed policies";"Electricity"
"OPEX";"Taxes_Scheme";"PL";"Bandwith MCS";"Rigid";"BAU";"[-]";2050;"ID";"Removed policies";"Electricity"
"OPEX";"Taxes_Scheme";"PL";"Bandwith MCS";"Tractor-Trailer";"BAU";"[-]";2050;"ID";"Removed policies";"Electricity"
"OPEX";"Taxes_Scheme";"UK";"Bandwith MCS";"Rigid";"BAU";"[-]";2050;"ID";"Removed policies";"Electricity"
"OPEX";"Taxes_Scheme";"UK";"Bandwith MCS";"Tractor-Trailer";"BAU";"[-]";2050;"ID";"Removed policies";"Electricity"
"OPEX";"Taxes_Scheme";"DE";"Bandwith Depot";"Rigid";"BAU";"[-]";2050;"IC";"Removed policies";"Electricity"
"OPEX";"Taxes_Scheme";"DE";"Bandwith Depot";"Tractor-Trailer";"BAU";"[-]";2050;"IC";"Removed policies";"Electricity"
"OPEX";"Taxes_Scheme";"ES";"Bandwith Depot";"Rigid";"BAU";"[-]";2050;"IC";"Removed policies";"Electricity"
"OPEX";"Taxes_Scheme";"ES";"Bandwith Depot";"Tractor-Trailer";"BAU";"[-]";2050;"IC";"Removed policies";"Electricity"
"OPEX";"Taxes_Scheme";"FR";"Bandwith Depot";"Rigid";"BAU";"[-]";2050;"IC";"Removed policies";"Electricity"
"OPEX";"Taxes_Scheme";"FR";"Bandwith Depot";"Tractor-Trailer";"BAU";"[-]";2050;"IC";"Removed policies";"Electricity"
"OPEX";"Taxes_Scheme";"IT";"Bandwith Depot";"Rigid";"BAU";"[-]";2050;"IC";"Removed policies";"Electricity"
"OPEX";"Taxes_Scheme";"IT";"Bandwith Depot";"Tractor-Trailer";"BAU";"[-]";2050;"IC";"Removed policies";"Electricity"
"OPEX";"Taxes_Scheme";"NL";"Bandwith Depot";"Rigid";"BAU";"[-]";2050;"IC";"Removed policies";"Electricity"
"OPEX";"Taxes_Scheme";"NL";"Bandwith Depot";"Tractor-Trailer";"BAU";"[-]";2050;"IC";"Removed policies";"Electricity"
"OPEX";"Taxes_Scheme";"PL";"Bandwith Depot";"Rigid";"BAU";"[-]";2050;"IC";"Removed policies";"Electricity"
"OPEX";"Taxes_Scheme";"PL";"Bandwith Depot";"Tractor-Trailer";"BAU";"[-]";2050;"IC";"Removed policies";"Electricity"
"OPEX";"Taxes_Scheme";"UK";"Bandwith Depot";"Rigid";"BAU";"[-]";2050;"IC";"Removed policies";"Electricity"
"OPEX";"Taxes_Scheme";"UK";"Bandwith Depot";"Tractor-Trailer";"BAU";"[-]";2050;"IC";"Removed policies";"Electricity"
"OPEX";"Taxes_Scheme";"DE";"Bandwith MCS";"Rigid";"PROG";"[-]";2030;"IC";"Sensitivity | Current Policies | Urban depot-only charging";"Electricity"
"OPEX";"Taxes_Scheme";"DE";"Bandwith MCS";"Tractor-Trailer";"PROG";"[-]";2030;"IC";"Sensitivity | Current Policies | Urban depot-only charging";"Electricity"
"OPEX";"Taxes_Scheme";"ES";"Bandwith MCS";"Rigid";"PROG";"[-]";2030;"ID";"Sensitivity | Current Policies | Urban depot-only charging";"Electricity"
"OPEX";"Taxes_Scheme";"ES";"Bandwith MCS";"Tractor-Trailer";"PROG";"[-]";2030;"ID";"Sensitivity | Current Policies | Urban depot-only charging";"Electricity"
"OPEX";"Taxes_Scheme";"FR";"Bandwith MCS";"Rigid";"PROG";"[-]";2030;"ID";"Sensitivity | Current Policies | Urban depot-only charging";"Electricity"
"OPEX";"Taxes_Scheme";"FR";"Bandwith MCS";"Tractor-Trailer";"PROG";"[-]";2030;"ID";"Sensitivity | Current Policies | Urban depot-only charging";"Electricity"
"OPEX";"Taxes_Scheme";"IT";"Bandwith MCS";"Rigid";"PROG";"[-]";2030;"ID";"Sensitivity | Current Policies | Urban depot-only charging";"Electricity"
"OPEX";"Taxes_Scheme";"IT";"Bandwith MCS";"Tractor-Trailer";"PROG";"[-]";2030;"ID";"Sensitivity | Current Policies | Urban depot-only charging";"Electricity"
"OPEX";"Taxes_Scheme";"NL";"Bandwith MCS";"Rigid";"PROG";"[-]";2030;"ID";"Sensitivity | Current Policies | Urban depot-only charging";"Electricity"
"OPEX";"Taxes_Scheme";"NL";"Bandwith MCS";"Tractor-Trailer";"PROG";"[-]";2030;"ID";"Sensitivity | Current Policies | Urban depot-only charging";"Electricity"
"OPEX";"Taxes_Scheme";"PL";"Bandwith MCS";"Rigid";"PROG";"[-]";2030;"ID";"Sensitivity | Current Policies | Urban depot-only charging";"Electricity"
"OPEX";"Taxes_Scheme";"PL";"Bandwith MCS";"Tractor-Trailer";"PROG";"[-]";2030;"ID";"Sensitivity | Current Policies | Urban depot-only charging";"Electricity"
"OPEX";"Taxes_Scheme";"UK";"Bandwith MCS";"Rigid";"PROG";"[-]";2030;"ID";"Sensitivity | Current Policies | Urban depot-only charging";"Electricity"
"OPEX";"Taxes_Scheme";"UK";"Bandwith MCS";"Tractor-Trailer";"PROG";"[-]";2030;"ID";"Sensitivity | Current Policies | Urban depot-only charging";"Electricity"
"OPEX";"Taxes_Scheme";"DE";"Bandwith Depot";"Rigid";"PROG";"[-]";2030;"IC";"Sensitivity | Current Policies | Urban depot-only charging";"Electricity"
"OPEX";"Taxes_Scheme";"DE";"Bandwith Depot";"Tractor-Trailer";"PROG";"[-]";2030;"IC";"Sensitivity | Current Policies | Urban depot-only charging";"Electricity"
"OPEX";"Taxes_Scheme";"ES";"Bandwith Depot";"Rigid";"PROG";"[-]";2030;"IC";"Sensitivity | Current Policies | Urban depot-only charging";"Electricity"
"OPEX";"Taxes_Scheme";"ES";"Bandwith Depot";"Tractor-Trailer";"PROG";"[-]";2030;"IC";"Sensitivity | Current Policies | Urban depot-only charging";"Electricity"
"OPEX";"Taxes_Scheme";"FR";"Bandwith Depot";"Rigid";"PROG";"[-]";2030;"IC";"Sensitivity | Current Policies | Urban depot-only charging";"Electricity"
"OPEX";"Taxes_Scheme";"FR";"Bandwith Depot";"Tractor-Trailer";"PROG";"[-]";2030;"IC";"Sensitivity | Current Policies | Urban depot-only charging";"Electricity"
"OPEX";"Taxes_Scheme";"IT";"Bandwith Depot";"Rigid";"PROG";"[-]";2030;"IC";"Sensitivity | Current Policies | Urban depot-only charging";"Electricity"
"OPEX";"Taxes_Scheme";"IT";"Bandwith Depot";"Tractor-Trailer";"PROG";"[-]";2030;"IC";"Sensitivity | Current Policies | Urban depot-only charging";"Electricity"
"OPEX";"Taxes_Scheme";"NL";"Bandwith Depot";"Rigid";"PROG";"[-]";2030;"IC";"Sensitivity | Current Policies | Urban depot-only charging";"Electricity"
"OPEX";"Taxes_Scheme";"NL";"Bandwith Depot";"Tractor-Trailer";"PROG";"[-]";2030;"IC";"Sensitivity | Current Policies | Urban depot-only charging";"Electricity"
"OPEX";"Taxes_Scheme";"PL";"Bandwith Depot";"Rigid";"PROG";"[-]";2030;"IC";"Sensitivity | Current Policies | Urban depot-only charging";"Electricity"
"OPEX";"Taxes_Scheme";"PL";"Bandwith Depot";"Tractor-Trailer";"PROG";"[-]";2030;"IC";"Sensitivity | Current Policies | Urban depot-only charging";"Electricity"
"OPEX";"Taxes_Scheme";"UK";"Bandwith Depot";"Rigid";"PROG";"[-]";2030;"IC";"Sensitivity | Current Policies | Urban depot-only charging";"Electricity"
"OPEX";"Taxes_Scheme";"UK";"Bandwith Depot";"Tractor-Trailer";"PROG";"[-]";2030;"IC";"Sensitivity | Current Policies | Urban depot-only charging";"Electricity"
"OPEX";"Taxes_Scheme";"DE";"Bandwith MCS";"Rigid";"BAU";"[-]";2030;"IC";"Sensitivity | Current Policies | Urban depot-only charging";"Electricity"
"OPEX";"Taxes_Scheme";"DE";"Bandwith MCS";"Tractor-Trailer";"BAU";"[-]";2030;"IC";"Sensitivity | Current Policies | Urban depot-only charging";"Electricity"
"OPEX";"Taxes_Scheme";"ES";"Bandwith MCS";"Rigid";"BAU";"[-]";2030;"IC";"Sensitivity | Current Policies | Urban depot-only charging";"Electricity"
"OPEX";"Taxes_Scheme";"ES";"Bandwith MCS";"Tractor-Trailer";"BAU";"[-]";2030;"IC";"Sensitivity | Current Policies | Urban depot-only charging";"Electricity"
"OPEX";"Taxes_Scheme";"FR";"Bandwith MCS";"Rigid";"BAU";"[-]";2030;"IC";"Sensitivity | Current Policies | Urban depot-only charging";"Electricity"
"OPEX";"Taxes_Scheme";"FR";"Bandwith MCS";"Tractor-Trailer";"BAU";"[-]";2030;"IC";"Sensitivity | Current Policies | Urban depot-only charging";"Electricity"
"OPEX";"Taxes_Scheme";"IT";"Bandwith MCS";"Rigid";"BAU";"[-]";2030;"IC";"Sensitivity | Current Policies | Urban depot-only charging";"Electricity"
"OPEX";"Taxes_Scheme";"IT";"Bandwith MCS";"Tractor-Trailer";"BAU";"[-]";2030;"IC";"Sensitivity | Current Policies | Urban depot-only charging";"Electricity"
"OPEX";"Taxes_Scheme";"NL";"Bandwith MCS";"Rigid";"BAU";"[-]";2030;"IC";"Sensitivity | Current Policies | Urban depot-only charging";"Electricity"
"OPEX";"Taxes_Scheme";"NL";"Bandwith MCS";"Tractor-Trailer";"BAU";"[-]";2030;"IC";"Sensitivity | Current Policies | Urban depot-only charging";"Electricity"
"OPEX";"Taxes_Scheme";"PL";"Bandwith MCS";"Rigid";"BAU";"[-]";2030;"IC";"Sensitivity | Current Policies | Urban depot-only charging";"Electricity"
"OPEX";"Taxes_Scheme";"PL";"Bandwith MCS";"Tractor-Trailer";"BAU";"[-]";2030;"IC";"Sensitivity | Current Policies | Urban depot-only charging";"Electricity"
"OPEX";"Taxes_Scheme";"UK";"Bandwith MCS";"Rigid";"BAU";"[-]";2030;"IC";"Sensitivity | Current Policies | Urban depot-only charging";"Electricity"
"OPEX";"Taxes_Scheme";"UK";"Bandwith MCS";"Tractor-Trailer";"BAU";"[-]";2030;"IC";"Sensitivity | Current Policies | Urban depot-only charging";"Electricity"
"OPEX";"Taxes_Scheme";"DE";"Bandwith Depot";"Rigid";"BAU";"[-]";2030;"IB";"Sensitivity | Current Policies | Urban depot-only charging";"Electricity"
"OPEX";"Taxes_Scheme";"DE";"Bandwith Depot";"Tractor-Trailer";"BAU";"[-]";2030;"IB";"Sensitivity | Current Policies | Urban depot-only charging";"Electricity"
"OPEX";"Taxes_Scheme";"ES";"Bandwith Depot";"Rigid";"BAU";"[-]";2030;"IB";"Sensitivity | Current Policies | Urban depot-only charging";"Electricity"
"OPEX";"Taxes_Scheme";"ES";"Bandwith Depot";"Tractor-Trailer";"BAU";"[-]";2030;"IB";"Sensitivity | Current Policies | Urban depot-only charging";"Electricity"
"OPEX";"Taxes_Scheme";"FR";"Bandwith Depot";"Rigid";"BAU";"[-]";2030;"IB";"Sensitivity | Current Policies | Urban depot-only charging";"Electricity"
"OPEX";"Taxes_Scheme";"FR";"Bandwith Depot";"Tractor-Trailer";"BAU";"[-]";2030;"IB";"Sensitivity | Current Policies | Urban depot-only charging";"Electricity"
"OPEX";"Taxes_Scheme";"IT";"Bandwith Depot";"Rigid";"BAU";"[-]";2030;"IB";"Sensitivity | Current Policies | Urban depot-only charging";"Electricity"
"OPEX";"Taxes_Scheme";"IT";"Bandwith Depot";"Tractor-Trailer";"BAU";"[-]";2030;"IB";"Sensitivity | Current Policies | Urban depot-only charging";"Electricity"
"OPEX";"Taxes_Scheme";"NL";"Bandwith Depot";"Rigid";"BAU";"[-]";2030;"IB";"Sensitivity | Current Policies | Urban depot-only charging";"Electricity"
"OPEX";"Taxes_Scheme";"NL";"Bandwith Depot";"Tractor-Trailer";"BAU";"[-]";2030;"IB";"Sensitivity | Current Policies | Urban depot-only charging";"Electricity"
"OPEX";"Taxes_Scheme";"PL";"Bandwith Depot";"Rigid";"BAU";"[-]";2030;"IB";"Sensitivity | Current Policies | Urban depot-only charging";"Electricity"
"OPEX";"Taxes_Scheme";"PL";"Bandwith Depot";"Tractor-Trailer";"BAU";"[-]";2030;"IB";"Sensitivity | Current Policies | Urban depot-only charging";"Electricity"
"OPEX";"Taxes_Scheme";"UK";"Bandwith Depot";"Rigid";"BAU";"[-]";2030;"IB";"Sensitivity | Current Policies | Urban depot-only charging";"Electricity"
"OPEX";"Taxes_Scheme";"UK";"Bandwith Depot";"Tractor-Trailer";"BAU";"[-]";2030;"IB";"Sensitivity | Current Policies | Urban depot-only charging";"Electricity"
"OPEX";"Taxes_Scheme";"DE";"Bandwith MCS";"Rigid";"PROG";"[-]";2035;"ID";"Sensitivity | Current Policies | Urban depot-only charging";"Electricity"
"OPEX";"Taxes_Scheme";"DE";"Bandwith MCS";"Tractor-Trailer";"PROG";"[-]";2035;"ID";"Sensitivity | Current Policies | Urban depot-only charging";"Electricity"
"OPEX";"Taxes_Scheme";"ES";"Bandwith MCS";"Rigid";"PROG";"[-]";2035;"ID";"Sensitivity | Current Policies | Urban depot-only charging";"Electricity"
"OPEX";"Taxes_Scheme";"ES";"Bandwith MCS";"Tractor-Trailer";"PROG";"[-]";2035;"ID";"Sensitivity | Current Policies | Urban depot-only charging";"Electricity"
"OPEX";"Taxes_Scheme";"FR";"Bandwith MCS";"Rigid";"PROG";"[-]";2035;"ID";"Sensitivity | Current Policies | Urban depot-only charging";"Electricity"
"OPEX";"Taxes_Scheme";"FR";"Bandwith MCS";"Tractor-Trailer";"PROG";"[-]";2035;"ID";"Sensitivity | Current Policies | Urban depot-only charging";"Electricity"
"OPEX";"Taxes_Scheme";"IT";"Bandwith MCS";"Rigid";"PROG";"[-]";2035;"ID";"Sensitivity | Current Policies | Urban depot-only charging";"Electricity"
"OPEX";"Taxes_Scheme";"IT";"Bandwith MCS";"Tractor-Trailer";"PROG";"[-]";2035;"ID";"Sensitivity | Current Policies | Urban depot-only charging";"Electricity"
"OPEX";"Taxes_Scheme";"NL";"Bandwith MCS";"Rigid";"PROG";"[-]";2035;"ID";"Sensitivity | Current Policies | Urban depot-only charging";"Electricity"
"OPEX";"Taxes_Scheme";"NL";"Bandwith MCS";"Tractor-Trailer";"PROG";"[-]";2035;"ID";"Sensitivity | Current Policies | Urban depot-only charging";"Electricity"
"OPEX";"Taxes_Scheme";"PL";"Bandwith MCS";"Rigid";"PROG";"[-]";2035;"ID";"Sensitivity | Current Policies | Urban depot-only charging";"Electricity"
"OPEX";"Taxes_Scheme";"PL";"Bandwith MCS";"Tractor-Trailer";"PROG";"[-]";2035;"ID";"Sensitivity | Current Policies | Urban depot-only charging";"Electricity"
"OPEX";"Taxes_Scheme";"UK";"Bandwith MCS";"Rigid";"PROG";"[-]";2035;"ID";"Sensitivity | Current Policies | Urban depot-only charging";"Electricity"
"OPEX";"Taxes_Scheme";"UK";"Bandwith MCS";"Tractor-Trailer";"PROG";"[-]";2035;"ID";"Sensitivity | Current Policies | Urban depot-only charging";"Electricity"
"OPEX";"Taxes_Scheme";"DE";"Bandwith Depot";"Rigid";"PROG";"[-]";2035;"ID";"Sensitivity | Current Policies | Urban depot-only charging";"Electricity"
"OPEX";"Taxes_Scheme";"DE";"Bandwith Depot";"Tractor-Trailer";"PROG";"[-]";2035;"ID";"Sensitivity | Current Policies | Urban depot-only charging";"Electricity"
"OPEX";"Taxes_Scheme";"ES";"Bandwith Depot";"Rigid";"PROG";"[-]";2035;"ID";"Sensitivity | Current Policies | Urban depot-only charging";"Electricity"
"OPEX";"Taxes_Scheme";"ES";"Bandwith Depot";"Tractor-Trailer";"PROG";"[-]";2035;"ID";"Sensitivity | Current Policies | Urban depot-only charging";"Electricity"
"OPEX";"Taxes_Scheme";"FR";"Bandwith Depot";"Rigid";"PROG";"[-]";2035;"ID";"Sensitivity | Current Policies | Urban depot-only charging";"Electricity"
"OPEX";"Taxes_Scheme";"FR";"Bandwith Depot";"Tractor-Trailer";"PROG";"[-]";2035;"ID";"Sensitivity | Current Policies | Urban depot-only charging";"Electricity"
"OPEX";"Taxes_Scheme";"IT";"Bandwith Depot";"Rigid";"PROG";"[-]";2035;"ID";"Sensitivity | Current Policies | Urban depot-only charging";"Electricity"
"OPEX";"Taxes_Scheme";"IT";"Bandwith Depot";"Tractor-Trailer";"PROG";"[-]";2035;"ID";"Sensitivity | Current Policies | Urban depot-only charging";"Electricity"
"OPEX";"Taxes_Scheme";"NL";"Bandwith Depot";"Rigid";"PROG";"[-]";2035;"ID";"Sensitivity | Current Policies | Urban depot-only charging";"Electricity"
"OPEX";"Taxes_Scheme";"NL";"Bandwith Depot";"Tractor-Trailer";"PROG";"[-]";2035;"ID";"Sensitivity | Current Policies | Urban depot-only charging";"Electricity"
"OPEX";"Taxes_Scheme";"PL";"Bandwith Depot";"Rigid";"PROG";"[-]";2035;"ID";"Sensitivity | Current Policies | Urban depot-only charging";"Electricity"
"OPEX";"Taxes_Scheme";"PL";"Bandwith Depot";"Tractor-Trailer";"PROG";"[-]";2035;"ID";"Sensitivity | Current Policies | Urban depot-only charging";"Electricity"
"OPEX";"Taxes_Scheme";"UK";"Bandwith Depot";"Rigid";"PROG";"[-]";2035;"ID";"Sensitivity | Current Policies | Urban depot-only charging";"Electricity"
"OPEX";"Taxes_Scheme";"UK";"Bandwith Depot";"Tractor-Trailer";"PROG";"[-]";2035;"ID";"Sensitivity | Current Policies | Urban depot-only charging";"Electricity"
"OPEX";"Taxes_Scheme";"DE";"Bandwith MCS";"Rigid";"BAU";"[-]";2035;"ID";"Sensitivity | Current Policies | Urban depot-only charging";"Electricity"
"OPEX";"Taxes_Scheme";"DE";"Bandwith MCS";"Tractor-Trailer";"BAU";"[-]";2035;"ID";"Sensitivity | Current Policies | Urban depot-only charging";"Electricity"
"OPEX";"Taxes_Scheme";"ES";"Bandwith MCS";"Rigid";"BAU";"[-]";2035;"ID";"Sensitivity | Current Policies | Urban depot-only charging";"Electricity"
"OPEX";"Taxes_Scheme";"ES";"Bandwith MCS";"Tractor-Trailer";"BAU";"[-]";2035;"ID";"Sensitivity | Current Policies | Urban depot-only charging";"Electricity"
"OPEX";"Taxes_Scheme";"FR";"Bandwith MCS";"Rigid";"BAU";"[-]";2035;"ID";"Sensitivity | Current Policies | Urban depot-only charging";"Electricity"
"OPEX";"Taxes_Scheme";"FR";"Bandwith MCS";"Tractor-Trailer";"BAU";"[-]";2035;"ID";"Sensitivity | Current Policies | Urban depot-only charging";"Electricity"
"OPEX";"Taxes_Scheme";"IT";"Bandwith MCS";"Rigid";"BAU";"[-]";2035;"ID";"Sensitivity | Current Policies | Urban depot-only charging";"Electricity"
"OPEX";"Taxes_Scheme";"IT";"Bandwith MCS";"Tractor-Trailer";"BAU";"[-]";2035;"ID";"Sensitivity | Current Policies | Urban depot-only charging";"Electricity"
"OPEX";"Taxes_Scheme";"NL";"Bandwith MCS";"Rigid";"BAU";"[-]";2035;"ID";"Sensitivity | Current Policies | Urban depot-only charging";"Electricity"
"OPEX";"Taxes_Scheme";"NL";"Bandwith MCS";"Tractor-Trailer";"BAU";"[-]";2035;"ID";"Sensitivity | Current Policies | Urban depot-only charging";"Electricity"
"OPEX";"Taxes_Scheme";"PL";"Bandwith MCS";"Rigid";"BAU";"[-]";2035;"ID";"Sensitivity | Current Policies | Urban depot-only charging";"Electricity"
"OPEX";"Taxes_Scheme";"PL";"Bandwith MCS";"Tractor-Trailer";"BAU";"[-]";2035;"ID";"Sensitivity | Current Policies | Urban depot-only charging";"Electricity"
"OPEX";"Taxes_Scheme";"UK";"Bandwith MCS";"Rigid";"BAU";"[-]";2035;"ID";"Sensitivity | Current Policies | Urban depot-only charging";"Electricity"
"OPEX";"Taxes_Scheme";"UK";"Bandwith MCS";"Tractor-Trailer";"BAU";"[-]";2035;"ID";"Sensitivity | Current Policies | Urban depot-only charging";"Electricity"
"OPEX";"Taxes_Scheme";"DE";"Bandwith Depot";"Rigid";"BAU";"[-]";2035;"IC";"Sensitivity | Current Policies | Urban depot-only charging";"Electricity"
"OPEX";"Taxes_Scheme";"DE";"Bandwith Depot";"Tractor-Trailer";"BAU";"[-]";2035;"IC";"Sensitivity | Current Policies | Urban depot-only charging";"Electricity"
"OPEX";"Taxes_Scheme";"ES";"Bandwith Depot";"Rigid";"BAU";"[-]";2035;"IC";"Sensitivity | Current Policies | Urban depot-only charging";"Electricity"
"OPEX";"Taxes_Scheme";"ES";"Bandwith Depot";"Tractor-Trailer";"BAU";"[-]";2035;"IC";"Sensitivity | Current Policies | Urban depot-only charging";"Electricity"
"OPEX";"Taxes_Scheme";"FR";"Bandwith Depot";"Rigid";"BAU";"[-]";2035;"IC";"Sensitivity | Current Policies | Urban depot-only charging";"Electricity"
"OPEX";"Taxes_Scheme";"FR";"Bandwith Depot";"Tractor-Trailer";"BAU";"[-]";2035;"IC";"Sensitivity | Current Policies | Urban depot-only charging";"Electricity"
"OPEX";"Taxes_Scheme";"IT";"Bandwith Depot";"Rigid";"BAU";"[-]";2035;"IC";"Sensitivity | Current Policies | Urban depot-only charging";"Electricity"
"OPEX";"Taxes_Scheme";"IT";"Bandwith Depot";"Tractor-Trailer";"BAU";"[-]";2035;"IC";"Sensitivity | Current Policies | Urban depot-only charging";"Electricity"
"OPEX";"Taxes_Scheme";"NL";"Bandwith Depot";"Rigid";"BAU";"[-]";2035;"IC";"Sensitivity | Current Policies | Urban depot-only charging";"Electricity"
"OPEX";"Taxes_Scheme";"NL";"Bandwith Depot";"Tractor-Trailer";"BAU";"[-]";2035;"IC";"Sensitivity | Current Policies | Urban depot-only charging";"Electricity"
"OPEX";"Taxes_Scheme";"PL";"Bandwith Depot";"Rigid";"BAU";"[-]";2035;"IC";"Sensitivity | Current Policies | Urban depot-only charging";"Electricity"
"OPEX";"Taxes_Scheme";"PL";"Bandwith Depot";"Tractor-Trailer";"BAU";"[-]";2035;"IC";"Sensitivity | Current Policies | Urban depot-only charging";"Electricity"
"OPEX";"Taxes_Scheme";"UK";"Bandwith Depot";"Rigid";"BAU";"[-]";2035;"IC";"Sensitivity | Current Policies | Urban depot-only charging";"Electricity"
"OPEX";"Taxes_Scheme";"UK";"Bandwith Depot";"Tractor-Trailer";"BAU";"[-]";2035;"IC";"Sensitivity | Current Policies | Urban depot-only charging";"Electricity"
"OPEX";"Taxes_Scheme";"DE";"Bandwith MCS";"Rigid";"PROG";"[-]";2040;"ID";"Sensitivity | Current Policies | Urban depot-only charging";"Electricity"
"OPEX";"Taxes_Scheme";"DE";"Bandwith MCS";"Tractor-Trailer";"PROG";"[-]";2040;"ID";"Sensitivity | Current Policies | Urban depot-only charging";"Electricity"
"OPEX";"Taxes_Scheme";"ES";"Bandwith MCS";"Rigid";"PROG";"[-]";2040;"ID";"Sensitivity | Current Policies | Urban depot-only charging";"Electricity"
"OPEX";"Taxes_Scheme";"ES";"Bandwith MCS";"Tractor-Trailer";"PROG";"[-]";2040;"ID";"Sensitivity | Current Policies | Urban depot-only charging";"Electricity"
"OPEX";"Taxes_Scheme";"FR";"Bandwith MCS";"Rigid";"PROG";"[-]";2040;"ID";"Sensitivity | Current Policies | Urban depot-only charging";"Electricity"
"OPEX";"Taxes_Scheme";"FR";"Bandwith MCS";"Tractor-Trailer";"PROG";"[-]";2040;"ID";"Sensitivity | Current Policies | Urban depot-only charging";"Electricity"
"OPEX";"Taxes_Scheme";"IT";"Bandwith MCS";"Rigid";"PROG";"[-]";2040;"ID";"Sensitivity | Current Policies | Urban depot-only charging";"Electricity"
"OPEX";"Taxes_Scheme";"IT";"Bandwith MCS";"Tractor-Trailer";"PROG";"[-]";2040;"ID";"Sensitivity | Current Policies | Urban depot-only charging";"Electricity"
"OPEX";"Taxes_Scheme";"NL";"Bandwith MCS";"Rigid";"PROG";"[-]";2040;"ID";"Sensitivity | Current Policies | Urban depot-only charging";"Electricity"
"OPEX";"Taxes_Scheme";"NL";"Bandwith MCS";"Tractor-Trailer";"PROG";"[-]";2040;"ID";"Sensitivity | Current Policies | Urban depot-only charging";"Electricity"
"OPEX";"Taxes_Scheme";"PL";"Bandwith MCS";"Rigid";"PROG";"[-]";2040;"ID";"Sensitivity | Current Policies | Urban depot-only charging";"Electricity"
"OPEX";"Taxes_Scheme";"PL";"Bandwith MCS";"Tractor-Trailer";"PROG";"[-]";2040;"ID";"Sensitivity | Current Policies | Urban depot-only charging";"Electricity"
"OPEX";"Taxes_Scheme";"UK";"Bandwith MCS";"Rigid";"PROG";"[-]";2040;"ID";"Sensitivity | Current Policies | Urban depot-only charging";"Electricity"
"OPEX";"Taxes_Scheme";"UK";"Bandwith MCS";"Tractor-Trailer";"PROG";"[-]";2040;"ID";"Sensitivity | Current Policies | Urban depot-only charging";"Electricity"
"OPEX";"Taxes_Scheme";"DE";"Bandwith Depot";"Rigid";"PROG";"[-]";2040;"ID";"Sensitivity | Current Policies | Urban depot-only charging";"Electricity"
"OPEX";"Taxes_Scheme";"DE";"Bandwith Depot";"Tractor-Trailer";"PROG";"[-]";2040;"ID";"Sensitivity | Current Policies | Urban depot-only charging";"Electricity"
"OPEX";"Taxes_Scheme";"ES";"Bandwith Depot";"Rigid";"PROG";"[-]";2040;"ID";"Sensitivity | Current Policies | Urban depot-only charging";"Electricity"
"OPEX";"Taxes_Scheme";"ES";"Bandwith Depot";"Tractor-Trailer";"PROG";"[-]";2040;"ID";"Sensitivity | Current Policies | Urban depot-only charging";"Electricity"
"OPEX";"Taxes_Scheme";"FR";"Bandwith Depot";"Rigid";"PROG";"[-]";2040;"ID";"Sensitivity | Current Policies | Urban depot-only charging";"Electricity"
"OPEX";"Taxes_Scheme";"FR";"Bandwith Depot";"Tractor-Trailer";"PROG";"[-]";2040;"ID";"Sensitivity | Current Policies | Urban depot-only charging";"Electricity"
"OPEX";"Taxes_Scheme";"IT";"Bandwith Depot";"Rigid";"PROG";"[-]";2040;"ID";"Sensitivity | Current Policies | Urban depot-only charging";"Electricity"
"OPEX";"Taxes_Scheme";"IT";"Bandwith Depot";"Tractor-Trailer";"PROG";"[-]";2040;"ID";"Sensitivity | Current Policies | Urban depot-only charging";"Electricity"
"OPEX";"Taxes_Scheme";"NL";"Bandwith Depot";"Rigid";"PROG";"[-]";2040;"ID";"Sensitivity | Current Policies | Urban depot-only charging";"Electricity"
"OPEX";"Taxes_Scheme";"NL";"Bandwith Depot";"Tractor-Trailer";"PROG";"[-]";2040;"ID";"Sensitivity | Current Policies | Urban depot-only charging";"Electricity"
"OPEX";"Taxes_Scheme";"PL";"Bandwith Depot";"Rigid";"PROG";"[-]";2040;"ID";"Sensitivity | Current Policies | Urban depot-only charging";"Electricity"
"OPEX";"Taxes_Scheme";"PL";"Bandwith Depot";"Tractor-Trailer";"PROG";"[-]";2040;"ID";"Sensitivity | Current Policies | Urban depot-only charging";"Electricity"
"OPEX";"Taxes_Scheme";"UK";"Bandwith Depot";"Rigid";"PROG";"[-]";2040;"ID";"Sensitivity | Current Policies | Urban depot-only charging";"Electricity"
"OPEX";"Taxes_Scheme";"UK";"Bandwith Depot";"Tractor-Trailer";"PROG";"[-]";2040;"ID";"Sensitivity | Current Policies | Urban depot-only charging";"Electricity"
"OPEX";"Taxes_Scheme";"DE";"Bandwith MCS";"Rigid";"BAU";"[-]";2040;"ID";"Sensitivity | Current Policies | Urban depot-only charging";"Electricity"
"OPEX";"Taxes_Scheme";"DE";"Bandwith MCS";"Tractor-Trailer";"BAU";"[-]";2040;"ID";"Sensitivity | Current Policies | Urban depot-only charging";"Electricity"
"OPEX";"Taxes_Scheme";"ES";"Bandwith MCS";"Rigid";"BAU";"[-]";2040;"ID";"Sensitivity | Current Policies | Urban depot-only charging";"Electricity"
"OPEX";"Taxes_Scheme";"ES";"Bandwith MCS";"Tractor-Trailer";"BAU";"[-]";2040;"ID";"Sensitivity | Current Policies | Urban depot-only charging";"Electricity"
"OPEX";"Taxes_Scheme";"FR";"Bandwith MCS";"Rigid";"BAU";"[-]";2040;"ID";"Sensitivity | Current Policies | Urban depot-only charging";"Electricity"
"OPEX";"Taxes_Scheme";"FR";"Bandwith MCS";"Tractor-Trailer";"BAU";"[-]";2040;"ID";"Sensitivity | Current Policies | Urban depot-only charging";"Electricity"
"OPEX";"Taxes_Scheme";"IT";"Bandwith MCS";"Rigid";"BAU";"[-]";2040;"ID";"Sensitivity | Current Policies | Urban depot-only charging";"Electricity"
"OPEX";"Taxes_Scheme";"IT";"Bandwith MCS";"Tractor-Trailer";"BAU";"[-]";2040;"ID";"Sensitivity | Current Policies | Urban depot-only charging";"Electricity"
"OPEX";"Taxes_Scheme";"NL";"Bandwith MCS";"Rigid";"BAU";"[-]";2040;"ID";"Sensitivity | Current Policies | Urban depot-only charging";"Electricity"
"OPEX";"Taxes_Scheme";"NL";"Bandwith MCS";"Tractor-Trailer";"BAU";"[-]";2040;"ID";"Sensitivity | Current Policies | Urban depot-only charging";"Electricity"
"OPEX";"Taxes_Scheme";"PL";"Bandwith MCS";"Rigid";"BAU";"[-]";2040;"ID";"Sensitivity | Current Policies | Urban depot-only charging";"Electricity"
"OPEX";"Taxes_Scheme";"PL";"Bandwith MCS";"Tractor-Trailer";"BAU";"[-]";2040;"ID";"Sensitivity | Current Policies | Urban depot-only charging";"Electricity"
"OPEX";"Taxes_Scheme";"UK";"Bandwith MCS";"Rigid";"BAU";"[-]";2040;"ID";"Sensitivity | Current Policies | Urban depot-only charging";"Electricity"
"OPEX";"Taxes_Scheme";"UK";"Bandwith MCS";"Tractor-Trailer";"BAU";"[-]";2040;"ID";"Sensitivity | Current Policies | Urban depot-only charging";"Electricity"
"OPEX";"Taxes_Scheme";"DE";"Bandwith Depot";"Rigid";"BAU";"[-]";2040;"IC";"Sensitivity | Current Policies | Urban depot-only charging";"Electricity"
"OPEX";"Taxes_Scheme";"DE";"Bandwith Depot";"Tractor-Trailer";"BAU";"[-]";2040;"IC";"Sensitivity | Current Policies | Urban depot-only charging";"Electricity"
"OPEX";"Taxes_Scheme";"ES";"Bandwith Depot";"Rigid";"BAU";"[-]";2040;"IC";"Sensitivity | Current Policies | Urban depot-only charging";"Electricity"
"OPEX";"Taxes_Scheme";"ES";"Bandwith Depot";"Tractor-Trailer";"BAU";"[-]";2040;"IC";"Sensitivity | Current Policies | Urban depot-only charging";"Electricity"
"OPEX";"Taxes_Scheme";"FR";"Bandwith Depot";"Rigid";"BAU";"[-]";2040;"IC";"Sensitivity | Current Policies | Urban depot-only charging";"Electricity"
"OPEX";"Taxes_Scheme";"FR";"Bandwith Depot";"Tractor-Trailer";"BAU";"[-]";2040;"IC";"Sensitivity | Current Policies | Urban depot-only charging";"Electricity"
"OPEX";"Taxes_Scheme";"IT";"Bandwith Depot";"Rigid";"BAU";"[-]";2040;"IC";"Sensitivity | Current Policies | Urban depot-only charging";"Electricity"
"OPEX";"Taxes_Scheme";"IT";"Bandwith Depot";"Tractor-Trailer";"BAU";"[-]";2040;"IC";"Sensitivity | Current Policies | Urban depot-only charging";"Electricity"
"OPEX";"Taxes_Scheme";"NL";"Bandwith Depot";"Rigid";"BAU";"[-]";2040;"IC";"Sensitivity | Current Policies | Urban depot-only charging";"Electricity"
"OPEX";"Taxes_Scheme";"NL";"Bandwith Depot";"Tractor-Trailer";"BAU";"[-]";2040;"IC";"Sensitivity | Current Policies | Urban depot-only charging";"Electricity"
"OPEX";"Taxes_Scheme";"PL";"Bandwith Depot";"Rigid";"BAU";"[-]";2040;"IC";"Sensitivity | Current Policies | Urban depot-only charging";"Electricity"
"OPEX";"Taxes_Scheme";"PL";"Bandwith Depot";"Tractor-Trailer";"BAU";"[-]";2040;"IC";"Sensitivity | Current Policies | Urban depot-only charging";"Electricity"
"OPEX";"Taxes_Scheme";"UK";"Bandwith Depot";"Rigid";"BAU";"[-]";2040;"IC";"Sensitivity | Current Policies | Urban depot-only charging";"Electricity"
"OPEX";"Taxes_Scheme";"UK";"Bandwith Depot";"Tractor-Trailer";"BAU";"[-]";2040;"IC";"Sensitivity | Current Policies | Urban depot-only charging";"Electricity"
"OPEX";"Taxes_Scheme";"DE";"Bandwith MCS";"Rigid";"PROG";"[-]";2045;"ID";"Sensitivity | Current Policies | Urban depot-only charging";"Electricity"
"OPEX";"Taxes_Scheme";"DE";"Bandwith MCS";"Tractor-Trailer";"PROG";"[-]";2045;"ID";"Sensitivity | Current Policies | Urban depot-only charging";"Electricity"
"OPEX";"Taxes_Scheme";"ES";"Bandwith MCS";"Rigid";"PROG";"[-]";2045;"IE";"Sensitivity | Current Policies | Urban depot-only charging";"Electricity"
"OPEX";"Taxes_Scheme";"ES";"Bandwith MCS";"Tractor-Trailer";"PROG";"[-]";2045;"IE";"Sensitivity | Current Policies | Urban depot-only charging";"Electricity"
"OPEX";"Taxes_Scheme";"FR";"Bandwith MCS";"Rigid";"PROG";"[-]";2045;"IE";"Sensitivity | Current Policies | Urban depot-only charging";"Electricity"
"OPEX";"Taxes_Scheme";"FR";"Bandwith MCS";"Tractor-Trailer";"PROG";"[-]";2045;"IE";"Sensitivity | Current Policies | Urban depot-only charging";"Electricity"
"OPEX";"Taxes_Scheme";"IT";"Bandwith MCS";"Rigid";"PROG";"[-]";2045;"IE";"Sensitivity | Current Policies | Urban depot-only charging";"Electricity"
"OPEX";"Taxes_Scheme";"IT";"Bandwith MCS";"Tractor-Trailer";"PROG";"[-]";2045;"IE";"Sensitivity | Current Policies | Urban depot-only charging";"Electricity"
"OPEX";"Taxes_Scheme";"NL";"Bandwith MCS";"Rigid";"PROG";"[-]";2045;"IE";"Sensitivity | Current Policies | Urban depot-only charging";"Electricity"
"OPEX";"Taxes_Scheme";"NL";"Bandwith MCS";"Tractor-Trailer";"PROG";"[-]";2045;"IE";"Sensitivity | Current Policies | Urban depot-only charging";"Electricity"
"OPEX";"Taxes_Scheme";"PL";"Bandwith MCS";"Rigid";"PROG";"[-]";2045;"IE";"Sensitivity | Current Policies | Urban depot-only charging";"Electricity"
"OPEX";"Taxes_Scheme";"PL";"Bandwith MCS";"Tractor-Trailer";"PROG";"[-]";2045;"IE";"Sensitivity | Current Policies | Urban depot-only charging";"Electricity"
"OPEX";"Taxes_Scheme";"UK";"Bandwith MCS";"Rigid";"PROG";"[-]";2045;"IE";"Sensitivity | Current Policies | Urban depot-only charging";"Electricity"
"OPEX";"Taxes_Scheme";"UK";"Bandwith MCS";"Tractor-Trailer";"PROG";"[-]";2045;"IE";"Sensitivity | Current Policies | Urban depot-only charging";"Electricity"
"OPEX";"Taxes_Scheme";"DE";"Bandwith Depot";"Rigid";"PROG";"[-]";2045;"ID";"Sensitivity | Current Policies | Urban depot-only charging";"Electricity"
"OPEX";"Taxes_Scheme";"DE";"Bandwith Depot";"Tractor-Trailer";"PROG";"[-]";2045;"ID";"Sensitivity | Current Policies | Urban depot-only charging";"Electricity"
"OPEX";"Taxes_Scheme";"ES";"Bandwith Depot";"Rigid";"PROG";"[-]";2045;"ID";"Sensitivity | Current Policies | Urban depot-only charging";"Electricity"
"OPEX";"Taxes_Scheme";"ES";"Bandwith Depot";"Tractor-Trailer";"PROG";"[-]";2045;"ID";"Sensitivity | Current Policies | Urban depot-only charging";"Electricity"
"OPEX";"Taxes_Scheme";"FR";"Bandwith Depot";"Rigid";"PROG";"[-]";2045;"ID";"Sensitivity | Current Policies | Urban depot-only charging";"Electricity"
"OPEX";"Taxes_Scheme";"FR";"Bandwith Depot";"Tractor-Trailer";"PROG";"[-]";2045;"ID";"Sensitivity | Current Policies | Urban depot-only charging";"Electricity"
"OPEX";"Taxes_Scheme";"IT";"Bandwith Depot";"Rigid";"PROG";"[-]";2045;"ID";"Sensitivity | Current Policies | Urban depot-only charging";"Electricity"
"OPEX";"Taxes_Scheme";"IT";"Bandwith Depot";"Tractor-Trailer";"PROG";"[-]";2045;"ID";"Sensitivity | Current Policies | Urban depot-only charging";"Electricity"
"OPEX";"Taxes_Scheme";"NL";"Bandwith Depot";"Rigid";"PROG";"[-]";2045;"ID";"Sensitivity | Current Policies | Urban depot-only charging";"Electricity"
"OPEX";"Taxes_Scheme";"NL";"Bandwith Depot";"Tractor-Trailer";"PROG";"[-]";2045;"ID";"Sensitivity | Current Policies | Urban depot-only charging";"Electricity"
"OPEX";"Taxes_Scheme";"PL";"Bandwith Depot";"Rigid";"PROG";"[-]";2045;"ID";"Sensitivity | Current Policies | Urban depot-only charging";"Electricity"
"OPEX";"Taxes_Scheme";"PL";"Bandwith Depot";"Tractor-Trailer";"PROG";"[-]";2045;"ID";"Sensitivity | Current Policies | Urban depot-only charging";"Electricity"
"OPEX";"Taxes_Scheme";"UK";"Bandwith Depot";"Rigid";"PROG";"[-]";2045;"ID";"Sensitivity | Current Policies | Urban depot-only charging";"Electricity"
"OPEX";"Taxes_Scheme";"UK";"Bandwith Depot";"Tractor-Trailer";"PROG";"[-]";2045;"ID";"Sensitivity | Current Policies | Urban depot-only charging";"Electricity"
"OPEX";"Taxes_Scheme";"DE";"Bandwith MCS";"Rigid";"BAU";"[-]";2045;"ID";"Sensitivity | Current Policies | Urban depot-only charging";"Electricity"
"OPEX";"Taxes_Scheme";"DE";"Bandwith MCS";"Tractor-Trailer";"BAU";"[-]";2045;"ID";"Sensitivity | Current Policies | Urban depot-only charging";"Electricity"
"OPEX";"Taxes_Scheme";"ES";"Bandwith MCS";"Rigid";"BAU";"[-]";2045;"ID";"Sensitivity | Current Policies | Urban depot-only charging";"Electricity"
"OPEX";"Taxes_Scheme";"ES";"Bandwith MCS";"Tractor-Trailer";"BAU";"[-]";2045;"ID";"Sensitivity | Current Policies | Urban depot-only charging";"Electricity"
"OPEX";"Taxes_Scheme";"FR";"Bandwith MCS";"Rigid";"BAU";"[-]";2045;"ID";"Sensitivity | Current Policies | Urban depot-only charging";"Electricity"
"OPEX";"Taxes_Scheme";"FR";"Bandwith MCS";"Tractor-Trailer";"BAU";"[-]";2045;"ID";"Sensitivity | Current Policies | Urban depot-only charging";"Electricity"
"OPEX";"Taxes_Scheme";"IT";"Bandwith MCS";"Rigid";"BAU";"[-]";2045;"ID";"Sensitivity | Current Policies | Urban depot-only charging";"Electricity"
"OPEX";"Taxes_Scheme";"IT";"Bandwith MCS";"Tractor-Trailer";"BAU";"[-]";2045;"ID";"Sensitivity | Current Policies | Urban depot-only charging";"Electricity"
"OPEX";"Taxes_Scheme";"NL";"Bandwith MCS";"Rigid";"BAU";"[-]";2045;"ID";"Sensitivity | Current Policies | Urban depot-only charging";"Electricity"
"OPEX";"Taxes_Scheme";"NL";"Bandwith MCS";"Tractor-Trailer";"BAU";"[-]";2045;"ID";"Sensitivity | Current Policies | Urban depot-only charging";"Electricity"
"OPEX";"Taxes_Scheme";"PL";"Bandwith MCS";"Rigid";"BAU";"[-]";2045;"ID";"Sensitivity | Current Policies | Urban depot-only charging";"Electricity"
"OPEX";"Taxes_Scheme";"PL";"Bandwith MCS";"Tractor-Trailer";"BAU";"[-]";2045;"ID";"Sensitivity | Current Policies | Urban depot-only charging";"Electricity"
"OPEX";"Taxes_Scheme";"UK";"Bandwith MCS";"Rigid";"BAU";"[-]";2045;"ID";"Sensitivity | Current Policies | Urban depot-only charging";"Electricity"
"OPEX";"Taxes_Scheme";"UK";"Bandwith MCS";"Tractor-Trailer";"BAU";"[-]";2045;"ID";"Sensitivity | Current Policies | Urban depot-only charging";"Electricity"
"OPEX";"Taxes_Scheme";"DE";"Bandwith Depot";"Rigid";"BAU";"[-]";2045;"IC";"Sensitivity | Current Policies | Urban depot-only charging";"Electricity"
"OPEX";"Taxes_Scheme";"DE";"Bandwith Depot";"Tractor-Trailer";"BAU";"[-]";2045;"IC";"Sensitivity | Current Policies | Urban depot-only charging";"Electricity"
"OPEX";"Taxes_Scheme";"ES";"Bandwith Depot";"Rigid";"BAU";"[-]";2045;"IC";"Sensitivity | Current Policies | Urban depot-only charging";"Electricity"
"OPEX";"Taxes_Scheme";"ES";"Bandwith Depot";"Tractor-Trailer";"BAU";"[-]";2045;"IC";"Sensitivity | Current Policies | Urban depot-only charging";"Electricity"
"OPEX";"Taxes_Scheme";"FR";"Bandwith Depot";"Rigid";"BAU";"[-]";2045;"IC";"Sensitivity | Current Policies | Urban depot-only charging";"Electricity"
"OPEX";"Taxes_Scheme";"FR";"Bandwith Depot";"Tractor-Trailer";"BAU";"[-]";2045;"IC";"Sensitivity | Current Policies | Urban depot-only charging";"Electricity"
"OPEX";"Taxes_Scheme";"IT";"Bandwith Depot";"Rigid";"BAU";"[-]";2045;"IC";"Sensitivity | Current Policies | Urban depot-only charging";"Electricity"
"OPEX";"Taxes_Scheme";"IT";"Bandwith Depot";"Tractor-Trailer";"BAU";"[-]";2045;"IC";"Sensitivity | Current Policies | Urban depot-only charging";"Electricity"
"OPEX";"Taxes_Scheme";"NL";"Bandwith Depot";"Rigid";"BAU";"[-]";2045;"IC";"Sensitivity | Current Policies | Urban depot-only charging";"Electricity"
"OPEX";"Taxes_Scheme";"NL";"Bandwith Depot";"Tractor-Trailer";"BAU";"[-]";2045;"IC";"Sensitivity | Current Policies | Urban depot-only charging";"Electricity"
"OPEX";"Taxes_Scheme";"PL";"Bandwith Depot";"Rigid";"BAU";"[-]";2045;"IC";"Sensitivity | Current Policies | Urban depot-only charging";"Electricity"
"OPEX";"Taxes_Scheme";"PL";"Bandwith Depot";"Tractor-Trailer";"BAU";"[-]";2045;"IC";"Sensitivity | Current Policies | Urban depot-only charging";"Electricity"
"OPEX";"Taxes_Scheme";"UK";"Bandwith Depot";"Rigid";"BAU";"[-]";2045;"IC";"Sensitivity | Current Policies | Urban depot-only charging";"Electricity"
"OPEX";"Taxes_Scheme";"UK";"Bandwith Depot";"Tractor-Trailer";"BAU";"[-]";2045;"IC";"Sensitivity | Current Policies | Urban depot-only charging";"Electricity"
"OPEX";"Taxes_Scheme";"DE";"Bandwith MCS";"Rigid";"PROG";"[-]";2050;"IE";"Sensitivity | Current Policies | Urban depot-only charging";"Electricity"
"OPEX";"Taxes_Scheme";"DE";"Bandwith MCS";"Tractor-Trailer";"PROG";"[-]";2050;"IE";"Sensitivity | Current Policies | Urban depot-only charging";"Electricity"
"OPEX";"Taxes_Scheme";"ES";"Bandwith MCS";"Rigid";"PROG";"[-]";2050;"IE";"Sensitivity | Current Policies | Urban depot-only charging";"Electricity"
"OPEX";"Taxes_Scheme";"ES";"Bandwith MCS";"Tractor-Trailer";"PROG";"[-]";2050;"IE";"Sensitivity | Current Policies | Urban depot-only charging";"Electricity"
"OPEX";"Taxes_Scheme";"FR";"Bandwith MCS";"Rigid";"PROG";"[-]";2050;"IE";"Sensitivity | Current Policies | Urban depot-only charging";"Electricity"
"OPEX";"Taxes_Scheme";"FR";"Bandwith MCS";"Tractor-Trailer";"PROG";"[-]";2050;"IE";"Sensitivity | Current Policies | Urban depot-only charging";"Electricity"
"OPEX";"Taxes_Scheme";"IT";"Bandwith MCS";"Rigid";"PROG";"[-]";2050;"IE";"Sensitivity | Current Policies | Urban depot-only charging";"Electricity"
"OPEX";"Taxes_Scheme";"IT";"Bandwith MCS";"Tractor-Trailer";"PROG";"[-]";2050;"IE";"Sensitivity | Current Policies | Urban depot-only charging";"Electricity"
"OPEX";"Taxes_Scheme";"NL";"Bandwith MCS";"Rigid";"PROG";"[-]";2050;"IE";"Sensitivity | Current Policies | Urban depot-only charging";"Electricity"
"OPEX";"Taxes_Scheme";"NL";"Bandwith MCS";"Tractor-Trailer";"PROG";"[-]";2050;"IE";"Sensitivity | Current Policies | Urban depot-only charging";"Electricity"
"OPEX";"Taxes_Scheme";"PL";"Bandwith MCS";"Rigid";"PROG";"[-]";2050;"IE";"Sensitivity | Current Policies | Urban depot-only charging";"Electricity"
"OPEX";"Taxes_Scheme";"PL";"Bandwith MCS";"Tractor-Trailer";"PROG";"[-]";2050;"IE";"Sensitivity | Current Policies | Urban depot-only charging";"Electricity"
"OPEX";"Taxes_Scheme";"UK";"Bandwith MCS";"Rigid";"PROG";"[-]";2050;"IE";"Sensitivity | Current Policies | Urban depot-only charging";"Electricity"
"OPEX";"Taxes_Scheme";"UK";"Bandwith MCS";"Tractor-Trailer";"PROG";"[-]";2050;"IE";"Sensitivity | Current Policies | Urban depot-only charging";"Electricity"
"OPEX";"Taxes_Scheme";"DE";"Bandwith Depot";"Rigid";"PROG";"[-]";2050;"ID";"Sensitivity | Current Policies | Urban depot-only charging";"Electricity"
"OPEX";"Taxes_Scheme";"DE";"Bandwith Depot";"Tractor-Trailer";"PROG";"[-]";2050;"ID";"Sensitivity | Current Policies | Urban depot-only charging";"Electricity"
"OPEX";"Taxes_Scheme";"ES";"Bandwith Depot";"Rigid";"PROG";"[-]";2050;"ID";"Sensitivity | Current Policies | Urban depot-only charging";"Electricity"
"OPEX";"Taxes_Scheme";"ES";"Bandwith Depot";"Tractor-Trailer";"PROG";"[-]";2050;"ID";"Sensitivity | Current Policies | Urban depot-only charging";"Electricity"
"OPEX";"Taxes_Scheme";"FR";"Bandwith Depot";"Rigid";"PROG";"[-]";2050;"ID";"Sensitivity | Current Policies | Urban depot-only charging";"Electricity"
"OPEX";"Taxes_Scheme";"FR";"Bandwith Depot";"Tractor-Trailer";"PROG";"[-]";2050;"ID";"Sensitivity | Current Policies | Urban depot-only charging";"Electricity"
"OPEX";"Taxes_Scheme";"IT";"Bandwith Depot";"Rigid";"PROG";"[-]";2050;"ID";"Sensitivity | Current Policies | Urban depot-only charging";"Electricity"
"OPEX";"Taxes_Scheme";"IT";"Bandwith Depot";"Tractor-Trailer";"PROG";"[-]";2050;"ID";"Sensitivity | Current Policies | Urban depot-only charging";"Electricity"
"OPEX";"Taxes_Scheme";"NL";"Bandwith Depot";"Rigid";"PROG";"[-]";2050;"ID";"Sensitivity | Current Policies | Urban depot-only charging";"Electricity"
"OPEX";"Taxes_Scheme";"NL";"Bandwith Depot";"Tractor-Trailer";"PROG";"[-]";2050;"ID";"Sensitivity | Current Policies | Urban depot-only charging";"Electricity"
"OPEX";"Taxes_Scheme";"PL";"Bandwith Depot";"Rigid";"PROG";"[-]";2050;"ID";"Sensitivity | Current Policies | Urban depot-only charging";"Electricity"
"OPEX";"Taxes_Scheme";"PL";"Bandwith Depot";"Tractor-Trailer";"PROG";"[-]";2050;"ID";"Sensitivity | Current Policies | Urban depot-only charging";"Electricity"
"OPEX";"Taxes_Scheme";"UK";"Bandwith Depot";"Rigid";"PROG";"[-]";2050;"ID";"Sensitivity | Current Policies | Urban depot-only charging";"Electricity"
"OPEX";"Taxes_Scheme";"UK";"Bandwith Depot";"Tractor-Trailer";"PROG";"[-]";2050;"ID";"Sensitivity | Current Policies | Urban depot-only charging";"Electricity"
"OPEX";"Taxes_Scheme";"DE";"Bandwith MCS";"Rigid";"BAU";"[-]";2050;"ID";"Sensitivity | Current Policies | Urban depot-only charging";"Electricity"
"OPEX";"Taxes_Scheme";"DE";"Bandwith MCS";"Tractor-Trailer";"BAU";"[-]";2050;"ID";"Sensitivity | Current Policies | Urban depot-only charging";"Electricity"
"OPEX";"Taxes_Scheme";"ES";"Bandwith MCS";"Rigid";"BAU";"[-]";2050;"ID";"Sensitivity | Current Policies | Urban depot-only charging";"Electricity"
"OPEX";"Taxes_Scheme";"ES";"Bandwith MCS";"Tractor-Trailer";"BAU";"[-]";2050;"ID";"Sensitivity | Current Policies | Urban depot-only charging";"Electricity"
"OPEX";"Taxes_Scheme";"FR";"Bandwith MCS";"Rigid";"BAU";"[-]";2050;"ID";"Sensitivity | Current Policies | Urban depot-only charging";"Electricity"
"OPEX";"Taxes_Scheme";"FR";"Bandwith MCS";"Tractor-Trailer";"BAU";"[-]";2050;"ID";"Sensitivity | Current Policies | Urban depot-only charging";"Electricity"
"OPEX";"Taxes_Scheme";"IT";"Bandwith MCS";"Rigid";"BAU";"[-]";2050;"ID";"Sensitivity | Current Policies | Urban depot-only charging";"Electricity"
"OPEX";"Taxes_Scheme";"IT";"Bandwith MCS";"Tractor-Trailer";"BAU";"[-]";2050;"ID";"Sensitivity | Current Policies | Urban depot-only charging";"Electricity"
"OPEX";"Taxes_Scheme";"NL";"Bandwith MCS";"Rigid";"BAU";"[-]";2050;"ID";"Sensitivity | Current Policies | Urban depot-only charging";"Electricity"
"OPEX";"Taxes_Scheme";"NL";"Bandwith MCS";"Tractor-Trailer";"BAU";"[-]";2050;"ID";"Sensitivity | Current Policies | Urban depot-only charging";"Electricity"
"OPEX";"Taxes_Scheme";"PL";"Bandwith MCS";"Rigid";"BAU";"[-]";2050;"ID";"Sensitivity | Current Policies | Urban depot-only charging";"Electricity"
"OPEX";"Taxes_Scheme";"PL";"Bandwith MCS";"Tractor-Trailer";"BAU";"[-]";2050;"ID";"Sensitivity | Current Policies | Urban depot-only charging";"Electricity"
"OPEX";"Taxes_Scheme";"UK";"Bandwith MCS";"Rigid";"BAU";"[-]";2050;"ID";"Sensitivity | Current Policies | Urban depot-only charging";"Electricity"
"OPEX";"Taxes_Scheme";"UK";"Bandwith MCS";"Tractor-Trailer";"BAU";"[-]";2050;"ID";"Sensitivity | Current Policies | Urban depot-only charging";"Electricity"
"OPEX";"Taxes_Scheme";"DE";"Bandwith Depot";"Rigid";"BAU";"[-]";2050;"IC";"Sensitivity | Current Policies | Urban depot-only charging";"Electricity"
"OPEX";"Taxes_Scheme";"DE";"Bandwith Depot";"Tractor-Trailer";"BAU";"[-]";2050;"IC";"Sensitivity | Current Policies | Urban depot-only charging";"Electricity"
"OPEX";"Taxes_Scheme";"ES";"Bandwith Depot";"Rigid";"BAU";"[-]";2050;"IC";"Sensitivity | Current Policies | Urban depot-only charging";"Electricity"
"OPEX";"Taxes_Scheme";"ES";"Bandwith Depot";"Tractor-Trailer";"BAU";"[-]";2050;"IC";"Sensitivity | Current Policies | Urban depot-only charging";"Electricity"
"OPEX";"Taxes_Scheme";"FR";"Bandwith Depot";"Rigid";"BAU";"[-]";2050;"IC";"Sensitivity | Current Policies | Urban depot-only charging";"Electricity"
"OPEX";"Taxes_Scheme";"FR";"Bandwith Depot";"Tractor-Trailer";"BAU";"[-]";2050;"IC";"Sensitivity | Current Policies | Urban depot-only charging";"Electricity"
"OPEX";"Taxes_Scheme";"IT";"Bandwith Depot";"Rigid";"BAU";"[-]";2050;"IC";"Sensitivity | Current Policies | Urban depot-only charging";"Electricity"
"OPEX";"Taxes_Scheme";"IT";"Bandwith Depot";"Tractor-Trailer";"BAU";"[-]";2050;"IC";"Sensitivity | Current Policies | Urban depot-only charging";"Electricity"
"OPEX";"Taxes_Scheme";"NL";"Bandwith Depot";"Rigid";"BAU";"[-]";2050;"IC";"Sensitivity | Current Policies | Urban depot-only charging";"Electricity"
"OPEX";"Taxes_Scheme";"NL";"Bandwith Depot";"Tractor-Trailer";"BAU";"[-]";2050;"IC";"Sensitivity | Current Policies | Urban depot-only charging";"Electricity"
"OPEX";"Taxes_Scheme";"PL";"Bandwith Depot";"Rigid";"BAU";"[-]";2050;"IC";"Sensitivity | Current Policies | Urban depot-only charging";"Electricity"
"OPEX";"Taxes_Scheme";"PL";"Bandwith Depot";"Tractor-Trailer";"BAU";"[-]";2050;"IC";"Sensitivity | Current Policies | Urban depot-only charging";"Electricity"
"OPEX";"Taxes_Scheme";"UK";"Bandwith Depot";"Rigid";"BAU";"[-]";2050;"IC";"Sensitivity | Current Policies | Urban depot-only charging";"Electricity"
"OPEX";"Taxes_Scheme";"UK";"Bandwith Depot";"Tractor-Trailer";"BAU";"[-]";2050;"IC";"Sensitivity | Current Policies | Urban depot-only charging";"Electricity"
"OPEX";"Taxes_Scheme";"DE";"Bandwith MCS";"Rigid";"PROG";"[-]";2030;"IC";"Sensitivity | Current Policies | Removed CO2 price";"Electricity"
"OPEX";"Taxes_Scheme";"DE";"Bandwith MCS";"Tractor-Trailer";"PROG";"[-]";2030;"IC";"Sensitivity | Current Policies | Removed CO2 price";"Electricity"
"OPEX";"Taxes_Scheme";"ES";"Bandwith MCS";"Rigid";"PROG";"[-]";2030;"ID";"Sensitivity | Current Policies | Removed CO2 price";"Electricity"
"OPEX";"Taxes_Scheme";"ES";"Bandwith MCS";"Tractor-Trailer";"PROG";"[-]";2030;"ID";"Sensitivity | Current Policies | Removed CO2 price";"Electricity"
"OPEX";"Taxes_Scheme";"FR";"Bandwith MCS";"Rigid";"PROG";"[-]";2030;"ID";"Sensitivity | Current Policies | Removed CO2 price";"Electricity"
"OPEX";"Taxes_Scheme";"FR";"Bandwith MCS";"Tractor-Trailer";"PROG";"[-]";2030;"ID";"Sensitivity | Current Policies | Removed CO2 price";"Electricity"
"OPEX";"Taxes_Scheme";"IT";"Bandwith MCS";"Rigid";"PROG";"[-]";2030;"ID";"Sensitivity | Current Policies | Removed CO2 price";"Electricity"
"OPEX";"Taxes_Scheme";"IT";"Bandwith MCS";"Tractor-Trailer";"PROG";"[-]";2030;"ID";"Sensitivity | Current Policies | Removed CO2 price";"Electricity"
"OPEX";"Taxes_Scheme";"NL";"Bandwith MCS";"Rigid";"PROG";"[-]";2030;"ID";"Sensitivity | Current Policies | Removed CO2 price";"Electricity"
"OPEX";"Taxes_Scheme";"NL";"Bandwith MCS";"Tractor-Trailer";"PROG";"[-]";2030;"ID";"Sensitivity | Current Policies | Removed CO2 price";"Electricity"
"OPEX";"Taxes_Scheme";"PL";"Bandwith MCS";"Rigid";"PROG";"[-]";2030;"ID";"Sensitivity | Current Policies | Removed CO2 price";"Electricity"
"OPEX";"Taxes_Scheme";"PL";"Bandwith MCS";"Tractor-Trailer";"PROG";"[-]";2030;"ID";"Sensitivity | Current Policies | Removed CO2 price";"Electricity"
"OPEX";"Taxes_Scheme";"UK";"Bandwith MCS";"Rigid";"PROG";"[-]";2030;"ID";"Sensitivity | Current Policies | Removed CO2 price";"Electricity"
"OPEX";"Taxes_Scheme";"UK";"Bandwith MCS";"Tractor-Trailer";"PROG";"[-]";2030;"ID";"Sensitivity | Current Policies | Removed CO2 price";"Electricity"
"OPEX";"Taxes_Scheme";"DE";"Bandwith Depot";"Rigid";"PROG";"[-]";2030;"IC";"Sensitivity | Current Policies | Removed CO2 price";"Electricity"
"OPEX";"Taxes_Scheme";"DE";"Bandwith Depot";"Tractor-Trailer";"PROG";"[-]";2030;"IC";"Sensitivity | Current Policies | Removed CO2 price";"Electricity"
"OPEX";"Taxes_Scheme";"ES";"Bandwith Depot";"Rigid";"PROG";"[-]";2030;"IC";"Sensitivity | Current Policies | Removed CO2 price";"Electricity"
"OPEX";"Taxes_Scheme";"ES";"Bandwith Depot";"Tractor-Trailer";"PROG";"[-]";2030;"IC";"Sensitivity | Current Policies | Removed CO2 price";"Electricity"
"OPEX";"Taxes_Scheme";"FR";"Bandwith Depot";"Rigid";"PROG";"[-]";2030;"IC";"Sensitivity | Current Policies | Removed CO2 price";"Electricity"
"OPEX";"Taxes_Scheme";"FR";"Bandwith Depot";"Tractor-Trailer";"PROG";"[-]";2030;"IC";"Sensitivity | Current Policies | Removed CO2 price";"Electricity"
"OPEX";"Taxes_Scheme";"IT";"Bandwith Depot";"Rigid";"PROG";"[-]";2030;"IC";"Sensitivity | Current Policies | Removed CO2 price";"Electricity"
"OPEX";"Taxes_Scheme";"IT";"Bandwith Depot";"Tractor-Trailer";"PROG";"[-]";2030;"IC";"Sensitivity | Current Policies | Removed CO2 price";"Electricity"
"OPEX";"Taxes_Scheme";"NL";"Bandwith Depot";"Rigid";"PROG";"[-]";2030;"IC";"Sensitivity | Current Policies | Removed CO2 price";"Electricity"
"OPEX";"Taxes_Scheme";"NL";"Bandwith Depot";"Tractor-Trailer";"PROG";"[-]";2030;"IC";"Sensitivity | Current Policies | Removed CO2 price";"Electricity"
"OPEX";"Taxes_Scheme";"PL";"Bandwith Depot";"Rigid";"PROG";"[-]";2030;"IC";"Sensitivity | Current Policies | Removed CO2 price";"Electricity"
"OPEX";"Taxes_Scheme";"PL";"Bandwith Depot";"Tractor-Trailer";"PROG";"[-]";2030;"IC";"Sensitivity | Current Policies | Removed CO2 price";"Electricity"
"OPEX";"Taxes_Scheme";"UK";"Bandwith Depot";"Rigid";"PROG";"[-]";2030;"IC";"Sensitivity | Current Policies | Removed CO2 price";"Electricity"
"OPEX";"Taxes_Scheme";"UK";"Bandwith Depot";"Tractor-Trailer";"PROG";"[-]";2030;"IC";"Sensitivity | Current Policies | Removed CO2 price";"Electricity"
"OPEX";"Taxes_Scheme";"DE";"Bandwith MCS";"Rigid";"BAU";"[-]";2030;"IC";"Sensitivity | Current Policies | Removed CO2 price";"Electricity"
"OPEX";"Taxes_Scheme";"DE";"Bandwith MCS";"Tractor-Trailer";"BAU";"[-]";2030;"IC";"Sensitivity | Current Policies | Removed CO2 price";"Electricity"
"OPEX";"Taxes_Scheme";"ES";"Bandwith MCS";"Rigid";"BAU";"[-]";2030;"IC";"Sensitivity | Current Policies | Removed CO2 price";"Electricity"
"OPEX";"Taxes_Scheme";"ES";"Bandwith MCS";"Tractor-Trailer";"BAU";"[-]";2030;"IC";"Sensitivity | Current Policies | Removed CO2 price";"Electricity"
"OPEX";"Taxes_Scheme";"FR";"Bandwith MCS";"Rigid";"BAU";"[-]";2030;"IC";"Sensitivity | Current Policies | Removed CO2 price";"Electricity"
"OPEX";"Taxes_Scheme";"FR";"Bandwith MCS";"Tractor-Trailer";"BAU";"[-]";2030;"IC";"Sensitivity | Current Policies | Removed CO2 price";"Electricity"
"OPEX";"Taxes_Scheme";"IT";"Bandwith MCS";"Rigid";"BAU";"[-]";2030;"IC";"Sensitivity | Current Policies | Removed CO2 price";"Electricity"
"OPEX";"Taxes_Scheme";"IT";"Bandwith MCS";"Tractor-Trailer";"BAU";"[-]";2030;"IC";"Sensitivity | Current Policies | Removed CO2 price";"Electricity"
"OPEX";"Taxes_Scheme";"NL";"Bandwith MCS";"Rigid";"BAU";"[-]";2030;"IC";"Sensitivity | Current Policies | Removed CO2 price";"Electricity"
"OPEX";"Taxes_Scheme";"NL";"Bandwith MCS";"Tractor-Trailer";"BAU";"[-]";2030;"IC";"Sensitivity | Current Policies | Removed CO2 price";"Electricity"
"OPEX";"Taxes_Scheme";"PL";"Bandwith MCS";"Rigid";"BAU";"[-]";2030;"IC";"Sensitivity | Current Policies | Removed CO2 price";"Electricity"
"OPEX";"Taxes_Scheme";"PL";"Bandwith MCS";"Tractor-Trailer";"BAU";"[-]";2030;"IC";"Sensitivity | Current Policies | Removed CO2 price";"Electricity"
"OPEX";"Taxes_Scheme";"UK";"Bandwith MCS";"Rigid";"BAU";"[-]";2030;"IC";"Sensitivity | Current Policies | Removed CO2 price";"Electricity"
"OPEX";"Taxes_Scheme";"UK";"Bandwith MCS";"Tractor-Trailer";"BAU";"[-]";2030;"IC";"Sensitivity | Current Policies | Removed CO2 price";"Electricity"
"OPEX";"Taxes_Scheme";"DE";"Bandwith Depot";"Rigid";"BAU";"[-]";2030;"IB";"Sensitivity | Current Policies | Removed CO2 price";"Electricity"
"OPEX";"Taxes_Scheme";"DE";"Bandwith Depot";"Tractor-Trailer";"BAU";"[-]";2030;"IB";"Sensitivity | Current Policies | Removed CO2 price";"Electricity"
"OPEX";"Taxes_Scheme";"ES";"Bandwith Depot";"Rigid";"BAU";"[-]";2030;"IB";"Sensitivity | Current Policies | Removed CO2 price";"Electricity"
"OPEX";"Taxes_Scheme";"ES";"Bandwith Depot";"Tractor-Trailer";"BAU";"[-]";2030;"IB";"Sensitivity | Current Policies | Removed CO2 price";"Electricity"
"OPEX";"Taxes_Scheme";"FR";"Bandwith Depot";"Rigid";"BAU";"[-]";2030;"IB";"Sensitivity | Current Policies | Removed CO2 price";"Electricity"
"OPEX";"Taxes_Scheme";"FR";"Bandwith Depot";"Tractor-Trailer";"BAU";"[-]";2030;"IB";"Sensitivity | Current Policies | Removed CO2 price";"Electricity"
"OPEX";"Taxes_Scheme";"IT";"Bandwith Depot";"Rigid";"BAU";"[-]";2030;"IB";"Sensitivity | Current Policies | Removed CO2 price";"Electricity"
"OPEX";"Taxes_Scheme";"IT";"Bandwith Depot";"Tractor-Trailer";"BAU";"[-]";2030;"IB";"Sensitivity | Current Policies | Removed CO2 price";"Electricity"
"OPEX";"Taxes_Scheme";"NL";"Bandwith Depot";"Rigid";"BAU";"[-]";2030;"IB";"Sensitivity | Current Policies | Removed CO2 price";"Electricity"
"OPEX";"Taxes_Scheme";"NL";"Bandwith Depot";"Tractor-Trailer";"BAU";"[-]";2030;"IB";"Sensitivity | Current Policies | Removed CO2 price";"Electricity"
"OPEX";"Taxes_Scheme";"PL";"Bandwith Depot";"Rigid";"BAU";"[-]";2030;"IB";"Sensitivity | Current Policies | Removed CO2 price";"Electricity"
"OPEX";"Taxes_Scheme";"PL";"Bandwith Depot";"Tractor-Trailer";"BAU";"[-]";2030;"IB";"Sensitivity | Current Policies | Removed CO2 price";"Electricity"
"OPEX";"Taxes_Scheme";"UK";"Bandwith Depot";"Rigid";"BAU";"[-]";2030;"IB";"Sensitivity | Current Policies | Removed CO2 price";"Electricity"
"OPEX";"Taxes_Scheme";"UK";"Bandwith Depot";"Tractor-Trailer";"BAU";"[-]";2030;"IB";"Sensitivity | Current Policies | Removed CO2 price";"Electricity"
"OPEX";"Taxes_Scheme";"DE";"Bandwith MCS";"Rigid";"PROG";"[-]";2035;"ID";"Sensitivity | Current Policies | Removed CO2 price";"Electricity"
"OPEX";"Taxes_Scheme";"DE";"Bandwith MCS";"Tractor-Trailer";"PROG";"[-]";2035;"ID";"Sensitivity | Current Policies | Removed CO2 price";"Electricity"
"OPEX";"Taxes_Scheme";"ES";"Bandwith MCS";"Rigid";"PROG";"[-]";2035;"ID";"Sensitivity | Current Policies | Removed CO2 price";"Electricity"
"OPEX";"Taxes_Scheme";"ES";"Bandwith MCS";"Tractor-Trailer";"PROG";"[-]";2035;"ID";"Sensitivity | Current Policies | Removed CO2 price";"Electricity"
"OPEX";"Taxes_Scheme";"FR";"Bandwith MCS";"Rigid";"PROG";"[-]";2035;"ID";"Sensitivity | Current Policies | Removed CO2 price";"Electricity"
"OPEX";"Taxes_Scheme";"FR";"Bandwith MCS";"Tractor-Trailer";"PROG";"[-]";2035;"ID";"Sensitivity | Current Policies | Removed CO2 price";"Electricity"
"OPEX";"Taxes_Scheme";"IT";"Bandwith MCS";"Rigid";"PROG";"[-]";2035;"ID";"Sensitivity | Current Policies | Removed CO2 price";"Electricity"
"OPEX";"Taxes_Scheme";"IT";"Bandwith MCS";"Tractor-Trailer";"PROG";"[-]";2035;"ID";"Sensitivity | Current Policies | Removed CO2 price";"Electricity"
"OPEX";"Taxes_Scheme";"NL";"Bandwith MCS";"Rigid";"PROG";"[-]";2035;"ID";"Sensitivity | Current Policies | Removed CO2 price";"Electricity"
"OPEX";"Taxes_Scheme";"NL";"Bandwith MCS";"Tractor-Trailer";"PROG";"[-]";2035;"ID";"Sensitivity | Current Policies | Removed CO2 price";"Electricity"
"OPEX";"Taxes_Scheme";"PL";"Bandwith MCS";"Rigid";"PROG";"[-]";2035;"ID";"Sensitivity | Current Policies | Removed CO2 price";"Electricity"
"OPEX";"Taxes_Scheme";"PL";"Bandwith MCS";"Tractor-Trailer";"PROG";"[-]";2035;"ID";"Sensitivity | Current Policies | Removed CO2 price";"Electricity"
"OPEX";"Taxes_Scheme";"UK";"Bandwith MCS";"Rigid";"PROG";"[-]";2035;"ID";"Sensitivity | Current Policies | Removed CO2 price";"Electricity"
"OPEX";"Taxes_Scheme";"UK";"Bandwith MCS";"Tractor-Trailer";"PROG";"[-]";2035;"ID";"Sensitivity | Current Policies | Removed CO2 price";"Electricity"
"OPEX";"Taxes_Scheme";"DE";"Bandwith Depot";"Rigid";"PROG";"[-]";2035;"ID";"Sensitivity | Current Policies | Removed CO2 price";"Electricity"
"OPEX";"Taxes_Scheme";"DE";"Bandwith Depot";"Tractor-Trailer";"PROG";"[-]";2035;"ID";"Sensitivity | Current Policies | Removed CO2 price";"Electricity"
"OPEX";"Taxes_Scheme";"ES";"Bandwith Depot";"Rigid";"PROG";"[-]";2035;"ID";"Sensitivity | Current Policies | Removed CO2 price";"Electricity"
"OPEX";"Taxes_Scheme";"ES";"Bandwith Depot";"Tractor-Trailer";"PROG";"[-]";2035;"ID";"Sensitivity | Current Policies | Removed CO2 price";"Electricity"
"OPEX";"Taxes_Scheme";"FR";"Bandwith Depot";"Rigid";"PROG";"[-]";2035;"ID";"Sensitivity | Current Policies | Removed CO2 price";"Electricity"
"OPEX";"Taxes_Scheme";"FR";"Bandwith Depot";"Tractor-Trailer";"PROG";"[-]";2035;"ID";"Sensitivity | Current Policies | Removed CO2 price";"Electricity"
"OPEX";"Taxes_Scheme";"IT";"Bandwith Depot";"Rigid";"PROG";"[-]";2035;"ID";"Sensitivity | Current Policies | Removed CO2 price";"Electricity"
"OPEX";"Taxes_Scheme";"IT";"Bandwith Depot";"Tractor-Trailer";"PROG";"[-]";2035;"ID";"Sensitivity | Current Policies | Removed CO2 price";"Electricity"
"OPEX";"Taxes_Scheme";"NL";"Bandwith Depot";"Rigid";"PROG";"[-]";2035;"ID";"Sensitivity | Current Policies | Removed CO2 price";"Electricity"
"OPEX";"Taxes_Scheme";"NL";"Bandwith Depot";"Tractor-Trailer";"PROG";"[-]";2035;"ID";"Sensitivity | Current Policies | Removed CO2 price";"Electricity"
"OPEX";"Taxes_Scheme";"PL";"Bandwith Depot";"Rigid";"PROG";"[-]";2035;"ID";"Sensitivity | Current Policies | Removed CO2 price";"Electricity"
"OPEX";"Taxes_Scheme";"PL";"Bandwith Depot";"Tractor-Trailer";"PROG";"[-]";2035;"ID";"Sensitivity | Current Policies | Removed CO2 price";"Electricity"
"OPEX";"Taxes_Scheme";"UK";"Bandwith Depot";"Rigid";"PROG";"[-]";2035;"ID";"Sensitivity | Current Policies | Removed CO2 price";"Electricity"
"OPEX";"Taxes_Scheme";"UK";"Bandwith Depot";"Tractor-Trailer";"PROG";"[-]";2035;"ID";"Sensitivity | Current Policies | Removed CO2 price";"Electricity"
"OPEX";"Taxes_Scheme";"DE";"Bandwith MCS";"Rigid";"BAU";"[-]";2035;"ID";"Sensitivity | Current Policies | Removed CO2 price";"Electricity"
"OPEX";"Taxes_Scheme";"DE";"Bandwith MCS";"Tractor-Trailer";"BAU";"[-]";2035;"ID";"Sensitivity | Current Policies | Removed CO2 price";"Electricity"
"OPEX";"Taxes_Scheme";"ES";"Bandwith MCS";"Rigid";"BAU";"[-]";2035;"ID";"Sensitivity | Current Policies | Removed CO2 price";"Electricity"
"OPEX";"Taxes_Scheme";"ES";"Bandwith MCS";"Tractor-Trailer";"BAU";"[-]";2035;"ID";"Sensitivity | Current Policies | Removed CO2 price";"Electricity"
"OPEX";"Taxes_Scheme";"FR";"Bandwith MCS";"Rigid";"BAU";"[-]";2035;"ID";"Sensitivity | Current Policies | Removed CO2 price";"Electricity"
"OPEX";"Taxes_Scheme";"FR";"Bandwith MCS";"Tractor-Trailer";"BAU";"[-]";2035;"ID";"Sensitivity | Current Policies | Removed CO2 price";"Electricity"
"OPEX";"Taxes_Scheme";"IT";"Bandwith MCS";"Rigid";"BAU";"[-]";2035;"ID";"Sensitivity | Current Policies | Removed CO2 price";"Electricity"
"OPEX";"Taxes_Scheme";"IT";"Bandwith MCS";"Tractor-Trailer";"BAU";"[-]";2035;"ID";"Sensitivity | Current Policies | Removed CO2 price";"Electricity"
"OPEX";"Taxes_Scheme";"NL";"Bandwith MCS";"Rigid";"BAU";"[-]";2035;"ID";"Sensitivity | Current Policies | Removed CO2 price";"Electricity"
"OPEX";"Taxes_Scheme";"NL";"Bandwith MCS";"Tractor-Trailer";"BAU";"[-]";2035;"ID";"Sensitivity | Current Policies | Removed CO2 price";"Electricity"
"OPEX";"Taxes_Scheme";"PL";"Bandwith MCS";"Rigid";"BAU";"[-]";2035;"ID";"Sensitivity | Current Policies | Removed CO2 price";"Electricity"
"OPEX";"Taxes_Scheme";"PL";"Bandwith MCS";"Tractor-Trailer";"BAU";"[-]";2035;"ID";"Sensitivity | Current Policies | Removed CO2 price";"Electricity"
"OPEX";"Taxes_Scheme";"UK";"Bandwith MCS";"Rigid";"BAU";"[-]";2035;"ID";"Sensitivity | Current Policies | Removed CO2 price";"Electricity"
"OPEX";"Taxes_Scheme";"UK";"Bandwith MCS";"Tractor-Trailer";"BAU";"[-]";2035;"ID";"Sensitivity | Current Policies | Removed CO2 price";"Electricity"
"OPEX";"Taxes_Scheme";"DE";"Bandwith Depot";"Rigid";"BAU";"[-]";2035;"IC";"Sensitivity | Current Policies | Removed CO2 price";"Electricity"
"OPEX";"Taxes_Scheme";"DE";"Bandwith Depot";"Tractor-Trailer";"BAU";"[-]";2035;"IC";"Sensitivity | Current Policies | Removed CO2 price";"Electricity"
"OPEX";"Taxes_Scheme";"ES";"Bandwith Depot";"Rigid";"BAU";"[-]";2035;"IC";"Sensitivity | Current Policies | Removed CO2 price";"Electricity"
"OPEX";"Taxes_Scheme";"ES";"Bandwith Depot";"Tractor-Trailer";"BAU";"[-]";2035;"IC";"Sensitivity | Current Policies | Removed CO2 price";"Electricity"
"OPEX";"Taxes_Scheme";"FR";"Bandwith Depot";"Rigid";"BAU";"[-]";2035;"IC";"Sensitivity | Current Policies | Removed CO2 price";"Electricity"
"OPEX";"Taxes_Scheme";"FR";"Bandwith Depot";"Tractor-Trailer";"BAU";"[-]";2035;"IC";"Sensitivity | Current Policies | Removed CO2 price";"Electricity"
"OPEX";"Taxes_Scheme";"IT";"Bandwith Depot";"Rigid";"BAU";"[-]";2035;"IC";"Sensitivity | Current Policies | Removed CO2 price";"Electricity"
"OPEX";"Taxes_Scheme";"IT";"Bandwith Depot";"Tractor-Trailer";"BAU";"[-]";2035;"IC";"Sensitivity | Current Policies | Removed CO2 price";"Electricity"
"OPEX";"Taxes_Scheme";"NL";"Bandwith Depot";"Rigid";"BAU";"[-]";2035;"IC";"Sensitivity | Current Policies | Removed CO2 price";"Electricity"
"OPEX";"Taxes_Scheme";"NL";"Bandwith Depot";"Tractor-Trailer";"BAU";"[-]";2035;"IC";"Sensitivity | Current Policies | Removed CO2 price";"Electricity"
"OPEX";"Taxes_Scheme";"PL";"Bandwith Depot";"Rigid";"BAU";"[-]";2035;"IC";"Sensitivity | Current Policies | Removed CO2 price";"Electricity"
"OPEX";"Taxes_Scheme";"PL";"Bandwith Depot";"Tractor-Trailer";"BAU";"[-]";2035;"IC";"Sensitivity | Current Policies | Removed CO2 price";"Electricity"
"OPEX";"Taxes_Scheme";"UK";"Bandwith Depot";"Rigid";"BAU";"[-]";2035;"IC";"Sensitivity | Current Policies | Removed CO2 price";"Electricity"
"OPEX";"Taxes_Scheme";"UK";"Bandwith Depot";"Tractor-Trailer";"BAU";"[-]";2035;"IC";"Sensitivity | Current Policies | Removed CO2 price";"Electricity"
"OPEX";"Taxes_Scheme";"DE";"Bandwith MCS";"Rigid";"PROG";"[-]";2040;"ID";"Sensitivity | Current Policies | Removed CO2 price";"Electricity"
"OPEX";"Taxes_Scheme";"DE";"Bandwith MCS";"Tractor-Trailer";"PROG";"[-]";2040;"ID";"Sensitivity | Current Policies | Removed CO2 price";"Electricity"
"OPEX";"Taxes_Scheme";"ES";"Bandwith MCS";"Rigid";"PROG";"[-]";2040;"ID";"Sensitivity | Current Policies | Removed CO2 price";"Electricity"
"OPEX";"Taxes_Scheme";"ES";"Bandwith MCS";"Tractor-Trailer";"PROG";"[-]";2040;"ID";"Sensitivity | Current Policies | Removed CO2 price";"Electricity"
"OPEX";"Taxes_Scheme";"FR";"Bandwith MCS";"Rigid";"PROG";"[-]";2040;"ID";"Sensitivity | Current Policies | Removed CO2 price";"Electricity"
"OPEX";"Taxes_Scheme";"FR";"Bandwith MCS";"Tractor-Trailer";"PROG";"[-]";2040;"ID";"Sensitivity | Current Policies | Removed CO2 price";"Electricity"
"OPEX";"Taxes_Scheme";"IT";"Bandwith MCS";"Rigid";"PROG";"[-]";2040;"ID";"Sensitivity | Current Policies | Removed CO2 price";"Electricity"
"OPEX";"Taxes_Scheme";"IT";"Bandwith MCS";"Tractor-Trailer";"PROG";"[-]";2040;"ID";"Sensitivity | Current Policies | Removed CO2 price";"Electricity"
"OPEX";"Taxes_Scheme";"NL";"Bandwith MCS";"Rigid";"PROG";"[-]";2040;"ID";"Sensitivity | Current Policies | Removed CO2 price";"Electricity"
"OPEX";"Taxes_Scheme";"NL";"Bandwith MCS";"Tractor-Trailer";"PROG";"[-]";2040;"ID";"Sensitivity | Current Policies | Removed CO2 price";"Electricity"
"OPEX";"Taxes_Scheme";"PL";"Bandwith MCS";"Rigid";"PROG";"[-]";2040;"ID";"Sensitivity | Current Policies | Removed CO2 price";"Electricity"
"OPEX";"Taxes_Scheme";"PL";"Bandwith MCS";"Tractor-Trailer";"PROG";"[-]";2040;"ID";"Sensitivity | Current Policies | Removed CO2 price";"Electricity"
"OPEX";"Taxes_Scheme";"UK";"Bandwith MCS";"Rigid";"PROG";"[-]";2040;"ID";"Sensitivity | Current Policies | Removed CO2 price";"Electricity"
"OPEX";"Taxes_Scheme";"UK";"Bandwith MCS";"Tractor-Trailer";"PROG";"[-]";2040;"ID";"Sensitivity | Current Policies | Removed CO2 price";"Electricity"
"OPEX";"Taxes_Scheme";"DE";"Bandwith Depot";"Rigid";"PROG";"[-]";2040;"ID";"Sensitivity | Current Policies | Removed CO2 price";"Electricity"
"OPEX";"Taxes_Scheme";"DE";"Bandwith Depot";"Tractor-Trailer";"PROG";"[-]";2040;"ID";"Sensitivity | Current Policies | Removed CO2 price";"Electricity"
"OPEX";"Taxes_Scheme";"ES";"Bandwith Depot";"Rigid";"PROG";"[-]";2040;"ID";"Sensitivity | Current Policies | Removed CO2 price";"Electricity"
"OPEX";"Taxes_Scheme";"ES";"Bandwith Depot";"Tractor-Trailer";"PROG";"[-]";2040;"ID";"Sensitivity | Current Policies | Removed CO2 price";"Electricity"
"OPEX";"Taxes_Scheme";"FR";"Bandwith Depot";"Rigid";"PROG";"[-]";2040;"ID";"Sensitivity | Current Policies | Removed CO2 price";"Electricity"
"OPEX";"Taxes_Scheme";"FR";"Bandwith Depot";"Tractor-Trailer";"PROG";"[-]";2040;"ID";"Sensitivity | Current Policies | Removed CO2 price";"Electricity"
"OPEX";"Taxes_Scheme";"IT";"Bandwith Depot";"Rigid";"PROG";"[-]";2040;"ID";"Sensitivity | Current Policies | Removed CO2 price";"Electricity"
"OPEX";"Taxes_Scheme";"IT";"Bandwith Depot";"Tractor-Trailer";"PROG";"[-]";2040;"ID";"Sensitivity | Current Policies | Removed CO2 price";"Electricity"
"OPEX";"Taxes_Scheme";"NL";"Bandwith Depot";"Rigid";"PROG";"[-]";2040;"ID";"Sensitivity | Current Policies | Removed CO2 price";"Electricity"
"OPEX";"Taxes_Scheme";"NL";"Bandwith Depot";"Tractor-Trailer";"PROG";"[-]";2040;"ID";"Sensitivity | Current Policies | Removed CO2 price";"Electricity"
"OPEX";"Taxes_Scheme";"PL";"Bandwith Depot";"Rigid";"PROG";"[-]";2040;"ID";"Sensitivity | Current Policies | Removed CO2 price";"Electricity"
"OPEX";"Taxes_Scheme";"PL";"Bandwith Depot";"Tractor-Trailer";"PROG";"[-]";2040;"ID";"Sensitivity | Current Policies | Removed CO2 price";"Electricity"
"OPEX";"Taxes_Scheme";"UK";"Bandwith Depot";"Rigid";"PROG";"[-]";2040;"ID";"Sensitivity | Current Policies | Removed CO2 price";"Electricity"
"OPEX";"Taxes_Scheme";"UK";"Bandwith Depot";"Tractor-Trailer";"PROG";"[-]";2040;"ID";"Sensitivity | Current Policies | Removed CO2 price";"Electricity"
"OPEX";"Taxes_Scheme";"DE";"Bandwith MCS";"Rigid";"BAU";"[-]";2040;"ID";"Sensitivity | Current Policies | Removed CO2 price";"Electricity"
"OPEX";"Taxes_Scheme";"DE";"Bandwith MCS";"Tractor-Trailer";"BAU";"[-]";2040;"ID";"Sensitivity | Current Policies | Removed CO2 price";"Electricity"
"OPEX";"Taxes_Scheme";"ES";"Bandwith MCS";"Rigid";"BAU";"[-]";2040;"ID";"Sensitivity | Current Policies | Removed CO2 price";"Electricity"
"OPEX";"Taxes_Scheme";"ES";"Bandwith MCS";"Tractor-Trailer";"BAU";"[-]";2040;"ID";"Sensitivity | Current Policies | Removed CO2 price";"Electricity"
"OPEX";"Taxes_Scheme";"FR";"Bandwith MCS";"Rigid";"BAU";"[-]";2040;"ID";"Sensitivity | Current Policies | Removed CO2 price";"Electricity"
"OPEX";"Taxes_Scheme";"FR";"Bandwith MCS";"Tractor-Trailer";"BAU";"[-]";2040;"ID";"Sensitivity | Current Policies | Removed CO2 price";"Electricity"
"OPEX";"Taxes_Scheme";"IT";"Bandwith MCS";"Rigid";"BAU";"[-]";2040;"ID";"Sensitivity | Current Policies | Removed CO2 price";"Electricity"
"OPEX";"Taxes_Scheme";"IT";"Bandwith MCS";"Tractor-Trailer";"BAU";"[-]";2040;"ID";"Sensitivity | Current Policies | Removed CO2 price";"Electricity"
"OPEX";"Taxes_Scheme";"NL";"Bandwith MCS";"Rigid";"BAU";"[-]";2040;"ID";"Sensitivity | Current Policies | Removed CO2 price";"Electricity"
"OPEX";"Taxes_Scheme";"NL";"Bandwith MCS";"Tractor-Trailer";"BAU";"[-]";2040;"ID";"Sensitivity | Current Policies | Removed CO2 price";"Electricity"
"OPEX";"Taxes_Scheme";"PL";"Bandwith MCS";"Rigid";"BAU";"[-]";2040;"ID";"Sensitivity | Current Policies | Removed CO2 price";"Electricity"
"OPEX";"Taxes_Scheme";"PL";"Bandwith MCS";"Tractor-Trailer";"BAU";"[-]";2040;"ID";"Sensitivity | Current Policies | Removed CO2 price";"Electricity"
"OPEX";"Taxes_Scheme";"UK";"Bandwith MCS";"Rigid";"BAU";"[-]";2040;"ID";"Sensitivity | Current Policies | Removed CO2 price";"Electricity"
"OPEX";"Taxes_Scheme";"UK";"Bandwith MCS";"Tractor-Trailer";"BAU";"[-]";2040;"ID";"Sensitivity | Current Policies | Removed CO2 price";"Electricity"
"OPEX";"Taxes_Scheme";"DE";"Bandwith Depot";"Rigid";"BAU";"[-]";2040;"IC";"Sensitivity | Current Policies | Removed CO2 price";"Electricity"
"OPEX";"Taxes_Scheme";"DE";"Bandwith Depot";"Tractor-Trailer";"BAU";"[-]";2040;"IC";"Sensitivity | Current Policies | Removed CO2 price";"Electricity"
"OPEX";"Taxes_Scheme";"ES";"Bandwith Depot";"Rigid";"BAU";"[-]";2040;"IC";"Sensitivity | Current Policies | Removed CO2 price";"Electricity"
"OPEX";"Taxes_Scheme";"ES";"Bandwith Depot";"Tractor-Trailer";"BAU";"[-]";2040;"IC";"Sensitivity | Current Policies | Removed CO2 price";"Electricity"
"OPEX";"Taxes_Scheme";"FR";"Bandwith Depot";"Rigid";"BAU";"[-]";2040;"IC";"Sensitivity | Current Policies | Removed CO2 price";"Electricity"
"OPEX";"Taxes_Scheme";"FR";"Bandwith Depot";"Tractor-Trailer";"BAU";"[-]";2040;"IC";"Sensitivity | Current Policies | Removed CO2 price";"Electricity"
"OPEX";"Taxes_Scheme";"IT";"Bandwith Depot";"Rigid";"BAU";"[-]";2040;"IC";"Sensitivity | Current Policies | Removed CO2 price";"Electricity"
"OPEX";"Taxes_Scheme";"IT";"Bandwith Depot";"Tractor-Trailer";"BAU";"[-]";2040;"IC";"Sensitivity | Current Policies | Removed CO2 price";"Electricity"
"OPEX";"Taxes_Scheme";"NL";"Bandwith Depot";"Rigid";"BAU";"[-]";2040;"IC";"Sensitivity | Current Policies | Removed CO2 price";"Electricity"
"OPEX";"Taxes_Scheme";"NL";"Bandwith Depot";"Tractor-Trailer";"BAU";"[-]";2040;"IC";"Sensitivity | Current Policies | Removed CO2 price";"Electricity"
"OPEX";"Taxes_Scheme";"PL";"Bandwith Depot";"Rigid";"BAU";"[-]";2040;"IC";"Sensitivity | Current Policies | Removed CO2 price";"Electricity"
"OPEX";"Taxes_Scheme";"PL";"Bandwith Depot";"Tractor-Trailer";"BAU";"[-]";2040;"IC";"Sensitivity | Current Policies | Removed CO2 price";"Electricity"
"OPEX";"Taxes_Scheme";"UK";"Bandwith Depot";"Rigid";"BAU";"[-]";2040;"IC";"Sensitivity | Current Policies | Removed CO2 price";"Electricity"
"OPEX";"Taxes_Scheme";"UK";"Bandwith Depot";"Tractor-Trailer";"BAU";"[-]";2040;"IC";"Sensitivity | Current Policies | Removed CO2 price";"Electricity"
"OPEX";"Taxes_Scheme";"DE";"Bandwith MCS";"Rigid";"PROG";"[-]";2045;"ID";"Sensitivity | Current Policies | Removed CO2 price";"Electricity"
"OPEX";"Taxes_Scheme";"DE";"Bandwith MCS";"Tractor-Trailer";"PROG";"[-]";2045;"ID";"Sensitivity | Current Policies | Removed CO2 price";"Electricity"
"OPEX";"Taxes_Scheme";"ES";"Bandwith MCS";"Rigid";"PROG";"[-]";2045;"IE";"Sensitivity | Current Policies | Removed CO2 price";"Electricity"
"OPEX";"Taxes_Scheme";"ES";"Bandwith MCS";"Tractor-Trailer";"PROG";"[-]";2045;"IE";"Sensitivity | Current Policies | Removed CO2 price";"Electricity"
"OPEX";"Taxes_Scheme";"FR";"Bandwith MCS";"Rigid";"PROG";"[-]";2045;"IE";"Sensitivity | Current Policies | Removed CO2 price";"Electricity"
"OPEX";"Taxes_Scheme";"FR";"Bandwith MCS";"Tractor-Trailer";"PROG";"[-]";2045;"IE";"Sensitivity | Current Policies | Removed CO2 price";"Electricity"
"OPEX";"Taxes_Scheme";"IT";"Bandwith MCS";"Rigid";"PROG";"[-]";2045;"IE";"Sensitivity | Current Policies | Removed CO2 price";"Electricity"
"OPEX";"Taxes_Scheme";"IT";"Bandwith MCS";"Tractor-Trailer";"PROG";"[-]";2045;"IE";"Sensitivity | Current Policies | Removed CO2 price";"Electricity"
"OPEX";"Taxes_Scheme";"NL";"Bandwith MCS";"Rigid";"PROG";"[-]";2045;"IE";"Sensitivity | Current Policies | Removed CO2 price";"Electricity"
"OPEX";"Taxes_Scheme";"NL";"Bandwith MCS";"Tractor-Trailer";"PROG";"[-]";2045;"IE";"Sensitivity | Current Policies | Removed CO2 price";"Electricity"
"OPEX";"Taxes_Scheme";"PL";"Bandwith MCS";"Rigid";"PROG";"[-]";2045;"IE";"Sensitivity | Current Policies | Removed CO2 price";"Electricity"
"OPEX";"Taxes_Scheme";"PL";"Bandwith MCS";"Tractor-Trailer";"PROG";"[-]";2045;"IE";"Sensitivity | Current Policies | Removed CO2 price";"Electricity"
"OPEX";"Taxes_Scheme";"UK";"Bandwith MCS";"Rigid";"PROG";"[-]";2045;"IE";"Sensitivity | Current Policies | Removed CO2 price";"Electricity"
"OPEX";"Taxes_Scheme";"UK";"Bandwith MCS";"Tractor-Trailer";"PROG";"[-]";2045;"IE";"Sensitivity | Current Policies | Removed CO2 price";"Electricity"
"OPEX";"Taxes_Scheme";"DE";"Bandwith Depot";"Rigid";"PROG";"[-]";2045;"ID";"Sensitivity | Current Policies | Removed CO2 price";"Electricity"
"OPEX";"Taxes_Scheme";"DE";"Bandwith Depot";"Tractor-Trailer";"PROG";"[-]";2045;"ID";"Sensitivity | Current Policies | Removed CO2 price";"Electricity"
"OPEX";"Taxes_Scheme";"ES";"Bandwith Depot";"Rigid";"PROG";"[-]";2045;"ID";"Sensitivity | Current Policies | Removed CO2 price";"Electricity"
"OPEX";"Taxes_Scheme";"ES";"Bandwith Depot";"Tractor-Trailer";"PROG";"[-]";2045;"ID";"Sensitivity | Current Policies | Removed CO2 price";"Electricity"
"OPEX";"Taxes_Scheme";"FR";"Bandwith Depot";"Rigid";"PROG";"[-]";2045;"ID";"Sensitivity | Current Policies | Removed CO2 price";"Electricity"
"OPEX";"Taxes_Scheme";"FR";"Bandwith Depot";"Tractor-Trailer";"PROG";"[-]";2045;"ID";"Sensitivity | Current Policies | Removed CO2 price";"Electricity"
"OPEX";"Taxes_Scheme";"IT";"Bandwith Depot";"Rigid";"PROG";"[-]";2045;"ID";"Sensitivity | Current Policies | Removed CO2 price";"Electricity"
"OPEX";"Taxes_Scheme";"IT";"Bandwith Depot";"Tractor-Trailer";"PROG";"[-]";2045;"ID";"Sensitivity | Current Policies | Removed CO2 price";"Electricity"
"OPEX";"Taxes_Scheme";"NL";"Bandwith Depot";"Rigid";"PROG";"[-]";2045;"ID";"Sensitivity | Current Policies | Removed CO2 price";"Electricity"
"OPEX";"Taxes_Scheme";"NL";"Bandwith Depot";"Tractor-Trailer";"PROG";"[-]";2045;"ID";"Sensitivity | Current Policies | Removed CO2 price";"Electricity"
"OPEX";"Taxes_Scheme";"PL";"Bandwith Depot";"Rigid";"PROG";"[-]";2045;"ID";"Sensitivity | Current Policies | Removed CO2 price";"Electricity"
"OPEX";"Taxes_Scheme";"PL";"Bandwith Depot";"Tractor-Trailer";"PROG";"[-]";2045;"ID";"Sensitivity | Current Policies | Removed CO2 price";"Electricity"
"OPEX";"Taxes_Scheme";"UK";"Bandwith Depot";"Rigid";"PROG";"[-]";2045;"ID";"Sensitivity | Current Policies | Removed CO2 price";"Electricity"
"OPEX";"Taxes_Scheme";"UK";"Bandwith Depot";"Tractor-Trailer";"PROG";"[-]";2045;"ID";"Sensitivity | Current Policies | Removed CO2 price";"Electricity"
"OPEX";"Taxes_Scheme";"DE";"Bandwith MCS";"Rigid";"BAU";"[-]";2045;"ID";"Sensitivity | Current Policies | Removed CO2 price";"Electricity"
"OPEX";"Taxes_Scheme";"DE";"Bandwith MCS";"Tractor-Trailer";"BAU";"[-]";2045;"ID";"Sensitivity | Current Policies | Removed CO2 price";"Electricity"
"OPEX";"Taxes_Scheme";"ES";"Bandwith MCS";"Rigid";"BAU";"[-]";2045;"ID";"Sensitivity | Current Policies | Removed CO2 price";"Electricity"
"OPEX";"Taxes_Scheme";"ES";"Bandwith MCS";"Tractor-Trailer";"BAU";"[-]";2045;"ID";"Sensitivity | Current Policies | Removed CO2 price";"Electricity"
"OPEX";"Taxes_Scheme";"FR";"Bandwith MCS";"Rigid";"BAU";"[-]";2045;"ID";"Sensitivity | Current Policies | Removed CO2 price";"Electricity"
"OPEX";"Taxes_Scheme";"FR";"Bandwith MCS";"Tractor-Trailer";"BAU";"[-]";2045;"ID";"Sensitivity | Current Policies | Removed CO2 price";"Electricity"
"OPEX";"Taxes_Scheme";"IT";"Bandwith MCS";"Rigid";"BAU";"[-]";2045;"ID";"Sensitivity | Current Policies | Removed CO2 price";"Electricity"
"OPEX";"Taxes_Scheme";"IT";"Bandwith MCS";"Tractor-Trailer";"BAU";"[-]";2045;"ID";"Sensitivity | Current Policies | Removed CO2 price";"Electricity"
"OPEX";"Taxes_Scheme";"NL";"Bandwith MCS";"Rigid";"BAU";"[-]";2045;"ID";"Sensitivity | Current Policies | Removed CO2 price";"Electricity"
"OPEX";"Taxes_Scheme";"NL";"Bandwith MCS";"Tractor-Trailer";"BAU";"[-]";2045;"ID";"Sensitivity | Current Policies | Removed CO2 price";"Electricity"
"OPEX";"Taxes_Scheme";"PL";"Bandwith MCS";"Rigid";"BAU";"[-]";2045;"ID";"Sensitivity | Current Policies | Removed CO2 price";"Electricity"
"OPEX";"Taxes_Scheme";"PL";"Bandwith MCS";"Tractor-Trailer";"BAU";"[-]";2045;"ID";"Sensitivity | Current Policies | Removed CO2 price";"Electricity"
"OPEX";"Taxes_Scheme";"UK";"Bandwith MCS";"Rigid";"BAU";"[-]";2045;"ID";"Sensitivity | Current Policies | Removed CO2 price";"Electricity"
"OPEX";"Taxes_Scheme";"UK";"Bandwith MCS";"Tractor-Trailer";"BAU";"[-]";2045;"ID";"Sensitivity | Current Policies | Removed CO2 price";"Electricity"
"OPEX";"Taxes_Scheme";"DE";"Bandwith Depot";"Rigid";"BAU";"[-]";2045;"IC";"Sensitivity | Current Policies | Removed CO2 price";"Electricity"
"OPEX";"Taxes_Scheme";"DE";"Bandwith Depot";"Tractor-Trailer";"BAU";"[-]";2045;"IC";"Sensitivity | Current Policies | Removed CO2 price";"Electricity"
"OPEX";"Taxes_Scheme";"ES";"Bandwith Depot";"Rigid";"BAU";"[-]";2045;"IC";"Sensitivity | Current Policies | Removed CO2 price";"Electricity"
"OPEX";"Taxes_Scheme";"ES";"Bandwith Depot";"Tractor-Trailer";"BAU";"[-]";2045;"IC";"Sensitivity | Current Policies | Removed CO2 price";"Electricity"
"OPEX";"Taxes_Scheme";"FR";"Bandwith Depot";"Rigid";"BAU";"[-]";2045;"IC";"Sensitivity | Current Policies | Removed CO2 price";"Electricity"
"OPEX";"Taxes_Scheme";"FR";"Bandwith Depot";"Tractor-Trailer";"BAU";"[-]";2045;"IC";"Sensitivity | Current Policies | Removed CO2 price";"Electricity"
"OPEX";"Taxes_Scheme";"IT";"Bandwith Depot";"Rigid";"BAU";"[-]";2045;"IC";"Sensitivity | Current Policies | Removed CO2 price";"Electricity"
"OPEX";"Taxes_Scheme";"IT";"Bandwith Depot";"Tractor-Trailer";"BAU";"[-]";2045;"IC";"Sensitivity | Current Policies | Removed CO2 price";"Electricity"
"OPEX";"Taxes_Scheme";"NL";"Bandwith Depot";"Rigid";"BAU";"[-]";2045;"IC";"Sensitivity | Current Policies | Removed CO2 price";"Electricity"
"OPEX";"Taxes_Scheme";"NL";"Bandwith Depot";"Tractor-Trailer";"BAU";"[-]";2045;"IC";"Sensitivity | Current Policies | Removed CO2 price";"Electricity"
"OPEX";"Taxes_Scheme";"PL";"Bandwith Depot";"Rigid";"BAU";"[-]";2045;"IC";"Sensitivity | Current Policies | Removed CO2 price";"Electricity"
"OPEX";"Taxes_Scheme";"PL";"Bandwith Depot";"Tractor-Trailer";"BAU";"[-]";2045;"IC";"Sensitivity | Current Policies | Removed CO2 price";"Electricity"
"OPEX";"Taxes_Scheme";"UK";"Bandwith Depot";"Rigid";"BAU";"[-]";2045;"IC";"Sensitivity | Current Policies | Removed CO2 price";"Electricity"
"OPEX";"Taxes_Scheme";"UK";"Bandwith Depot";"Tractor-Trailer";"BAU";"[-]";2045;"IC";"Sensitivity | Current Policies | Removed CO2 price";"Electricity"
"OPEX";"Taxes_Scheme";"DE";"Bandwith MCS";"Rigid";"PROG";"[-]";2050;"IE";"Sensitivity | Current Policies | Removed CO2 price";"Electricity"
"OPEX";"Taxes_Scheme";"DE";"Bandwith MCS";"Tractor-Trailer";"PROG";"[-]";2050;"IE";"Sensitivity | Current Policies | Removed CO2 price";"Electricity"
"OPEX";"Taxes_Scheme";"ES";"Bandwith MCS";"Rigid";"PROG";"[-]";2050;"IE";"Sensitivity | Current Policies | Removed CO2 price";"Electricity"
"OPEX";"Taxes_Scheme";"ES";"Bandwith MCS";"Tractor-Trailer";"PROG";"[-]";2050;"IE";"Sensitivity | Current Policies | Removed CO2 price";"Electricity"
"OPEX";"Taxes_Scheme";"FR";"Bandwith MCS";"Rigid";"PROG";"[-]";2050;"IE";"Sensitivity | Current Policies | Removed CO2 price";"Electricity"
"OPEX";"Taxes_Scheme";"FR";"Bandwith MCS";"Tractor-Trailer";"PROG";"[-]";2050;"IE";"Sensitivity | Current Policies | Removed CO2 price";"Electricity"
"OPEX";"Taxes_Scheme";"IT";"Bandwith MCS";"Rigid";"PROG";"[-]";2050;"IE";"Sensitivity | Current Policies | Removed CO2 price";"Electricity"
"OPEX";"Taxes_Scheme";"IT";"Bandwith MCS";"Tractor-Trailer";"PROG";"[-]";2050;"IE";"Sensitivity | Current Policies | Removed CO2 price";"Electricity"
"OPEX";"Taxes_Scheme";"NL";"Bandwith MCS";"Rigid";"PROG";"[-]";2050;"IE";"Sensitivity | Current Policies | Removed CO2 price";"Electricity"
"OPEX";"Taxes_Scheme";"NL";"Bandwith MCS";"Tractor-Trailer";"PROG";"[-]";2050;"IE";"Sensitivity | Current Policies | Removed CO2 price";"Electricity"
"OPEX";"Taxes_Scheme";"PL";"Bandwith MCS";"Rigid";"PROG";"[-]";2050;"IE";"Sensitivity | Current Policies | Removed CO2 price";"Electricity"
"OPEX";"Taxes_Scheme";"PL";"Bandwith MCS";"Tractor-Trailer";"PROG";"[-]";2050;"IE";"Sensitivity | Current Policies | Removed CO2 price";"Electricity"
"OPEX";"Taxes_Scheme";"UK";"Bandwith MCS";"Rigid";"PROG";"[-]";2050;"IE";"Sensitivity | Current Policies | Removed CO2 price";"Electricity"
"OPEX";"Taxes_Scheme";"UK";"Bandwith MCS";"Tractor-Trailer";"PROG";"[-]";2050;"IE";"Sensitivity | Current Policies | Removed CO2 price";"Electricity"
"OPEX";"Taxes_Scheme";"DE";"Bandwith Depot";"Rigid";"PROG";"[-]";2050;"ID";"Sensitivity | Current Policies | Removed CO2 price";"Electricity"
"OPEX";"Taxes_Scheme";"DE";"Bandwith Depot";"Tractor-Trailer";"PROG";"[-]";2050;"ID";"Sensitivity | Current Policies | Removed CO2 price";"Electricity"
"OPEX";"Taxes_Scheme";"ES";"Bandwith Depot";"Rigid";"PROG";"[-]";2050;"ID";"Sensitivity | Current Policies | Removed CO2 price";"Electricity"
"OPEX";"Taxes_Scheme";"ES";"Bandwith Depot";"Tractor-Trailer";"PROG";"[-]";2050;"ID";"Sensitivity | Current Policies | Removed CO2 price";"Electricity"
"OPEX";"Taxes_Scheme";"FR";"Bandwith Depot";"Rigid";"PROG";"[-]";2050;"ID";"Sensitivity | Current Policies | Removed CO2 price";"Electricity"
"OPEX";"Taxes_Scheme";"FR";"Bandwith Depot";"Tractor-Trailer";"PROG";"[-]";2050;"ID";"Sensitivity | Current Policies | Removed CO2 price";"Electricity"
"OPEX";"Taxes_Scheme";"IT";"Bandwith Depot";"Rigid";"PROG";"[-]";2050;"ID";"Sensitivity | Current Policies | Removed CO2 price";"Electricity"
"OPEX";"Taxes_Scheme";"IT";"Bandwith Depot";"Tractor-Trailer";"PROG";"[-]";2050;"ID";"Sensitivity | Current Policies | Removed CO2 price";"Electricity"
"OPEX";"Taxes_Scheme";"NL";"Bandwith Depot";"Rigid";"PROG";"[-]";2050;"ID";"Sensitivity | Current Policies | Removed CO2 price";"Electricity"
"OPEX";"Taxes_Scheme";"NL";"Bandwith Depot";"Tractor-Trailer";"PROG";"[-]";2050;"ID";"Sensitivity | Current Policies | Removed CO2 price";"Electricity"
"OPEX";"Taxes_Scheme";"PL";"Bandwith Depot";"Rigid";"PROG";"[-]";2050;"ID";"Sensitivity | Current Policies | Removed CO2 price";"Electricity"
"OPEX";"Taxes_Scheme";"PL";"Bandwith Depot";"Tractor-Trailer";"PROG";"[-]";2050;"ID";"Sensitivity | Current Policies | Removed CO2 price";"Electricity"
"OPEX";"Taxes_Scheme";"UK";"Bandwith Depot";"Rigid";"PROG";"[-]";2050;"ID";"Sensitivity | Current Policies | Removed CO2 price";"Electricity"
"OPEX";"Taxes_Scheme";"UK";"Bandwith Depot";"Tractor-Trailer";"PROG";"[-]";2050;"ID";"Sensitivity | Current Policies | Removed CO2 price";"Electricity"
"OPEX";"Taxes_Scheme";"DE";"Bandwith MCS";"Rigid";"BAU";"[-]";2050;"ID";"Sensitivity | Current Policies | Removed CO2 price";"Electricity"
"OPEX";"Taxes_Scheme";"DE";"Bandwith MCS";"Tractor-Trailer";"BAU";"[-]";2050;"ID";"Sensitivity | Current Policies | Removed CO2 price";"Electricity"
"OPEX";"Taxes_Scheme";"ES";"Bandwith MCS";"Rigid";"BAU";"[-]";2050;"ID";"Sensitivity | Current Policies | Removed CO2 price";"Electricity"
"OPEX";"Taxes_Scheme";"ES";"Bandwith MCS";"Tractor-Trailer";"BAU";"[-]";2050;"ID";"Sensitivity | Current Policies | Removed CO2 price";"Electricity"
"OPEX";"Taxes_Scheme";"FR";"Bandwith MCS";"Rigid";"BAU";"[-]";2050;"ID";"Sensitivity | Current Policies | Removed CO2 price";"Electricity"
"OPEX";"Taxes_Scheme";"FR";"Bandwith MCS";"Tractor-Trailer";"BAU";"[-]";2050;"ID";"Sensitivity | Current Policies | Removed CO2 price";"Electricity"
"OPEX";"Taxes_Scheme";"IT";"Bandwith MCS";"Rigid";"BAU";"[-]";2050;"ID";"Sensitivity | Current Policies | Removed CO2 price";"Electricity"
"OPEX";"Taxes_Scheme";"IT";"Bandwith MCS";"Tractor-Trailer";"BAU";"[-]";2050;"ID";"Sensitivity | Current Policies | Removed CO2 price";"Electricity"
"OPEX";"Taxes_Scheme";"NL";"Bandwith MCS";"Rigid";"BAU";"[-]";2050;"ID";"Sensitivity | Current Policies | Removed CO2 price";"Electricity"
"OPEX";"Taxes_Scheme";"NL";"Bandwith MCS";"Tractor-Trailer";"BAU";"[-]";2050;"ID";"Sensitivity | Current Policies | Removed CO2 price";"Electricity"
"OPEX";"Taxes_Scheme";"PL";"Bandwith MCS";"Rigid";"BAU";"[-]";2050;"ID";"Sensitivity | Current Policies | Removed CO2 price";"Electricity"
"OPEX";"Taxes_Scheme";"PL";"Bandwith MCS";"Tractor-Trailer";"BAU";"[-]";2050;"ID";"Sensitivity | Current Policies | Removed CO2 price";"Electricity"
"OPEX";"Taxes_Scheme";"UK";"Bandwith MCS";"Rigid";"BAU";"[-]";2050;"ID";"Sensitivity | Current Policies | Removed CO2 price";"Electricity"
"OPEX";"Taxes_Scheme";"UK";"Bandwith MCS";"Tractor-Trailer";"BAU";"[-]";2050;"ID";"Sensitivity | Current Policies | Removed CO2 price";"Electricity"
"OPEX";"Taxes_Scheme";"DE";"Bandwith Depot";"Rigid";"BAU";"[-]";2050;"IC";"Sensitivity | Current Policies | Removed CO2 price";"Electricity"
"OPEX";"Taxes_Scheme";"DE";"Bandwith Depot";"Tractor-Trailer";"BAU";"[-]";2050;"IC";"Sensitivity | Current Policies | Removed CO2 price";"Electricity"
"OPEX";"Taxes_Scheme";"ES";"Bandwith Depot";"Rigid";"BAU";"[-]";2050;"IC";"Sensitivity | Current Policies | Removed CO2 price";"Electricity"
"OPEX";"Taxes_Scheme";"ES";"Bandwith Depot";"Tractor-Trailer";"BAU";"[-]";2050;"IC";"Sensitivity | Current Policies | Removed CO2 price";"Electricity"
"OPEX";"Taxes_Scheme";"FR";"Bandwith Depot";"Rigid";"BAU";"[-]";2050;"IC";"Sensitivity | Current Policies | Removed CO2 price";"Electricity"
"OPEX";"Taxes_Scheme";"FR";"Bandwith Depot";"Tractor-Trailer";"BAU";"[-]";2050;"IC";"Sensitivity | Current Policies | Removed CO2 price";"Electricity"
"OPEX";"Taxes_Scheme";"IT";"Bandwith Depot";"Rigid";"BAU";"[-]";2050;"IC";"Sensitivity | Current Policies | Removed CO2 price";"Electricity"
"OPEX";"Taxes_Scheme";"IT";"Bandwith Depot";"Tractor-Trailer";"BAU";"[-]";2050;"IC";"Sensitivity | Current Policies | Removed CO2 price";"Electricity"
"OPEX";"Taxes_Scheme";"NL";"Bandwith Depot";"Rigid";"BAU";"[-]";2050;"IC";"Sensitivity | Current Policies | Removed CO2 price";"Electricity"
"OPEX";"Taxes_Scheme";"NL";"Bandwith Depot";"Tractor-Trailer";"BAU";"[-]";2050;"IC";"Sensitivity | Current Policies | Removed CO2 price";"Electricity"
"OPEX";"Taxes_Scheme";"PL";"Bandwith Depot";"Rigid";"BAU";"[-]";2050;"IC";"Sensitivity | Current Policies | Removed CO2 price";"Electricity"
"OPEX";"Taxes_Scheme";"PL";"Bandwith Depot";"Tractor-Trailer";"BAU";"[-]";2050;"IC";"Sensitivity | Current Policies | Removed CO2 price";"Electricity"
"OPEX";"Taxes_Scheme";"UK";"Bandwith Depot";"Rigid";"BAU";"[-]";2050;"IC";"Sensitivity | Current Policies | Removed CO2 price";"Electricity"
"OPEX";"Taxes_Scheme";"UK";"Bandwith Depot";"Tractor-Trailer";"BAU";"[-]";2050;"IC";"Sensitivity | Current Policies | Removed CO2 price";"Electricity"
"OPEX";"Taxes_Scheme";"DE";"Bandwith MCS";"Rigid";"PROG";"[-]";2030;"IC";"Sensitivity | Removed policies except for bio/syn fuel mandates";"Electricity"
"OPEX";"Taxes_Scheme";"DE";"Bandwith MCS";"Tractor-Trailer";"PROG";"[-]";2030;"IC";"Sensitivity | Removed policies except for bio/syn fuel mandates";"Electricity"
"OPEX";"Taxes_Scheme";"ES";"Bandwith MCS";"Rigid";"PROG";"[-]";2030;"ID";"Sensitivity | Removed policies except for bio/syn fuel mandates";"Electricity"
"OPEX";"Taxes_Scheme";"ES";"Bandwith MCS";"Tractor-Trailer";"PROG";"[-]";2030;"ID";"Sensitivity | Removed policies except for bio/syn fuel mandates";"Electricity"
"OPEX";"Taxes_Scheme";"FR";"Bandwith MCS";"Rigid";"PROG";"[-]";2030;"ID";"Sensitivity | Removed policies except for bio/syn fuel mandates";"Electricity"
"OPEX";"Taxes_Scheme";"FR";"Bandwith MCS";"Tractor-Trailer";"PROG";"[-]";2030;"ID";"Sensitivity | Removed policies except for bio/syn fuel mandates";"Electricity"
"OPEX";"Taxes_Scheme";"IT";"Bandwith MCS";"Rigid";"PROG";"[-]";2030;"ID";"Sensitivity | Removed policies except for bio/syn fuel mandates";"Electricity"
"OPEX";"Taxes_Scheme";"IT";"Bandwith MCS";"Tractor-Trailer";"PROG";"[-]";2030;"ID";"Sensitivity | Removed policies except for bio/syn fuel mandates";"Electricity"
"OPEX";"Taxes_Scheme";"NL";"Bandwith MCS";"Rigid";"PROG";"[-]";2030;"ID";"Sensitivity | Removed policies except for bio/syn fuel mandates";"Electricity"
"OPEX";"Taxes_Scheme";"NL";"Bandwith MCS";"Tractor-Trailer";"PROG";"[-]";2030;"ID";"Sensitivity | Removed policies except for bio/syn fuel mandates";"Electricity"
"OPEX";"Taxes_Scheme";"PL";"Bandwith MCS";"Rigid";"PROG";"[-]";2030;"ID";"Sensitivity | Removed policies except for bio/syn fuel mandates";"Electricity"
"OPEX";"Taxes_Scheme";"PL";"Bandwith MCS";"Tractor-Trailer";"PROG";"[-]";2030;"ID";"Sensitivity | Removed policies except for bio/syn fuel mandates";"Electricity"
"OPEX";"Taxes_Scheme";"UK";"Bandwith MCS";"Rigid";"PROG";"[-]";2030;"ID";"Sensitivity | Removed policies except for bio/syn fuel mandates";"Electricity"
"OPEX";"Taxes_Scheme";"UK";"Bandwith MCS";"Tractor-Trailer";"PROG";"[-]";2030;"ID";"Sensitivity | Removed policies except for bio/syn fuel mandates";"Electricity"
"OPEX";"Taxes_Scheme";"DE";"Bandwith Depot";"Rigid";"PROG";"[-]";2030;"IC";"Sensitivity | Removed policies except for bio/syn fuel mandates";"Electricity"
"OPEX";"Taxes_Scheme";"DE";"Bandwith Depot";"Tractor-Trailer";"PROG";"[-]";2030;"IC";"Sensitivity | Removed policies except for bio/syn fuel mandates";"Electricity"
"OPEX";"Taxes_Scheme";"ES";"Bandwith Depot";"Rigid";"PROG";"[-]";2030;"IC";"Sensitivity | Removed policies except for bio/syn fuel mandates";"Electricity"
"OPEX";"Taxes_Scheme";"ES";"Bandwith Depot";"Tractor-Trailer";"PROG";"[-]";2030;"IC";"Sensitivity | Removed policies except for bio/syn fuel mandates";"Electricity"
"OPEX";"Taxes_Scheme";"FR";"Bandwith Depot";"Rigid";"PROG";"[-]";2030;"IC";"Sensitivity | Removed policies except for bio/syn fuel mandates";"Electricity"
"OPEX";"Taxes_Scheme";"FR";"Bandwith Depot";"Tractor-Trailer";"PROG";"[-]";2030;"IC";"Sensitivity | Removed policies except for bio/syn fuel mandates";"Electricity"
"OPEX";"Taxes_Scheme";"IT";"Bandwith Depot";"Rigid";"PROG";"[-]";2030;"IC";"Sensitivity | Removed policies except for bio/syn fuel mandates";"Electricity"
"OPEX";"Taxes_Scheme";"IT";"Bandwith Depot";"Tractor-Trailer";"PROG";"[-]";2030;"IC";"Sensitivity | Removed policies except for bio/syn fuel mandates";"Electricity"
"OPEX";"Taxes_Scheme";"NL";"Bandwith Depot";"Rigid";"PROG";"[-]";2030;"IC";"Sensitivity | Removed policies except for bio/syn fuel mandates";"Electricity"
"OPEX";"Taxes_Scheme";"NL";"Bandwith Depot";"Tractor-Trailer";"PROG";"[-]";2030;"IC";"Sensitivity | Removed policies except for bio/syn fuel mandates";"Electricity"
"OPEX";"Taxes_Scheme";"PL";"Bandwith Depot";"Rigid";"PROG";"[-]";2030;"IC";"Sensitivity | Removed policies except for bio/syn fuel mandates";"Electricity"
"OPEX";"Taxes_Scheme";"PL";"Bandwith Depot";"Tractor-Trailer";"PROG";"[-]";2030;"IC";"Sensitivity | Removed policies except for bio/syn fuel mandates";"Electricity"
"OPEX";"Taxes_Scheme";"UK";"Bandwith Depot";"Rigid";"PROG";"[-]";2030;"IC";"Sensitivity | Removed policies except for bio/syn fuel mandates";"Electricity"
"OPEX";"Taxes_Scheme";"UK";"Bandwith Depot";"Tractor-Trailer";"PROG";"[-]";2030;"IC";"Sensitivity | Removed policies except for bio/syn fuel mandates";"Electricity"
"OPEX";"Taxes_Scheme";"DE";"Bandwith MCS";"Rigid";"BAU";"[-]";2030;"IC";"Sensitivity | Removed policies except for bio/syn fuel mandates";"Electricity"
"OPEX";"Taxes_Scheme";"DE";"Bandwith MCS";"Tractor-Trailer";"BAU";"[-]";2030;"IC";"Sensitivity | Removed policies except for bio/syn fuel mandates";"Electricity"
"OPEX";"Taxes_Scheme";"ES";"Bandwith MCS";"Rigid";"BAU";"[-]";2030;"IC";"Sensitivity | Removed policies except for bio/syn fuel mandates";"Electricity"
"OPEX";"Taxes_Scheme";"ES";"Bandwith MCS";"Tractor-Trailer";"BAU";"[-]";2030;"IC";"Sensitivity | Removed policies except for bio/syn fuel mandates";"Electricity"
"OPEX";"Taxes_Scheme";"FR";"Bandwith MCS";"Rigid";"BAU";"[-]";2030;"IC";"Sensitivity | Removed policies except for bio/syn fuel mandates";"Electricity"
"OPEX";"Taxes_Scheme";"FR";"Bandwith MCS";"Tractor-Trailer";"BAU";"[-]";2030;"IC";"Sensitivity | Removed policies except for bio/syn fuel mandates";"Electricity"
"OPEX";"Taxes_Scheme";"IT";"Bandwith MCS";"Rigid";"BAU";"[-]";2030;"IC";"Sensitivity | Removed policies except for bio/syn fuel mandates";"Electricity"
"OPEX";"Taxes_Scheme";"IT";"Bandwith MCS";"Tractor-Trailer";"BAU";"[-]";2030;"IC";"Sensitivity | Removed policies except for bio/syn fuel mandates";"Electricity"
"OPEX";"Taxes_Scheme";"NL";"Bandwith MCS";"Rigid";"BAU";"[-]";2030;"IC";"Sensitivity | Removed policies except for bio/syn fuel mandates";"Electricity"
"OPEX";"Taxes_Scheme";"NL";"Bandwith MCS";"Tractor-Trailer";"BAU";"[-]";2030;"IC";"Sensitivity | Removed policies except for bio/syn fuel mandates";"Electricity"
"OPEX";"Taxes_Scheme";"PL";"Bandwith MCS";"Rigid";"BAU";"[-]";2030;"IC";"Sensitivity | Removed policies except for bio/syn fuel mandates";"Electricity"
"OPEX";"Taxes_Scheme";"PL";"Bandwith MCS";"Tractor-Trailer";"BAU";"[-]";2030;"IC";"Sensitivity | Removed policies except for bio/syn fuel mandates";"Electricity"
"OPEX";"Taxes_Scheme";"UK";"Bandwith MCS";"Rigid";"BAU";"[-]";2030;"IC";"Sensitivity | Removed policies except for bio/syn fuel mandates";"Electricity"
"OPEX";"Taxes_Scheme";"UK";"Bandwith MCS";"Tractor-Trailer";"BAU";"[-]";2030;"IC";"Sensitivity | Removed policies except for bio/syn fuel mandates";"Electricity"
"OPEX";"Taxes_Scheme";"DE";"Bandwith Depot";"Rigid";"BAU";"[-]";2030;"IB";"Sensitivity | Removed policies except for bio/syn fuel mandates";"Electricity"
"OPEX";"Taxes_Scheme";"DE";"Bandwith Depot";"Tractor-Trailer";"BAU";"[-]";2030;"IB";"Sensitivity | Removed policies except for bio/syn fuel mandates";"Electricity"
"OPEX";"Taxes_Scheme";"ES";"Bandwith Depot";"Rigid";"BAU";"[-]";2030;"IB";"Sensitivity | Removed policies except for bio/syn fuel mandates";"Electricity"
"OPEX";"Taxes_Scheme";"ES";"Bandwith Depot";"Tractor-Trailer";"BAU";"[-]";2030;"IB";"Sensitivity | Removed policies except for bio/syn fuel mandates";"Electricity"
"OPEX";"Taxes_Scheme";"FR";"Bandwith Depot";"Rigid";"BAU";"[-]";2030;"IB";"Sensitivity | Removed policies except for bio/syn fuel mandates";"Electricity"
"OPEX";"Taxes_Scheme";"FR";"Bandwith Depot";"Tractor-Trailer";"BAU";"[-]";2030;"IB";"Sensitivity | Removed policies except for bio/syn fuel mandates";"Electricity"
"OPEX";"Taxes_Scheme";"IT";"Bandwith Depot";"Rigid";"BAU";"[-]";2030;"IB";"Sensitivity | Removed policies except for bio/syn fuel mandates";"Electricity"
"OPEX";"Taxes_Scheme";"IT";"Bandwith Depot";"Tractor-Trailer";"BAU";"[-]";2030;"IB";"Sensitivity | Removed policies except for bio/syn fuel mandates";"Electricity"
"OPEX";"Taxes_Scheme";"NL";"Bandwith Depot";"Rigid";"BAU";"[-]";2030;"IB";"Sensitivity | Removed policies except for bio/syn fuel mandates";"Electricity"
"OPEX";"Taxes_Scheme";"NL";"Bandwith Depot";"Tractor-Trailer";"BAU";"[-]";2030;"IB";"Sensitivity | Removed policies except for bio/syn fuel mandates";"Electricity"
"OPEX";"Taxes_Scheme";"PL";"Bandwith Depot";"Rigid";"BAU";"[-]";2030;"IB";"Sensitivity | Removed policies except for bio/syn fuel mandates";"Electricity"
"OPEX";"Taxes_Scheme";"PL";"Bandwith Depot";"Tractor-Trailer";"BAU";"[-]";2030;"IB";"Sensitivity | Removed policies except for bio/syn fuel mandates";"Electricity"
"OPEX";"Taxes_Scheme";"UK";"Bandwith Depot";"Rigid";"BAU";"[-]";2030;"IB";"Sensitivity | Removed policies except for bio/syn fuel mandates";"Electricity"
"OPEX";"Taxes_Scheme";"UK";"Bandwith Depot";"Tractor-Trailer";"BAU";"[-]";2030;"IB";"Sensitivity | Removed policies except for bio/syn fuel mandates";"Electricity"
"OPEX";"Taxes_Scheme";"DE";"Bandwith MCS";"Rigid";"PROG";"[-]";2035;"ID";"Sensitivity | Removed policies except for bio/syn fuel mandates";"Electricity"
"OPEX";"Taxes_Scheme";"DE";"Bandwith MCS";"Tractor-Trailer";"PROG";"[-]";2035;"ID";"Sensitivity | Removed policies except for bio/syn fuel mandates";"Electricity"
"OPEX";"Taxes_Scheme";"ES";"Bandwith MCS";"Rigid";"PROG";"[-]";2035;"ID";"Sensitivity | Removed policies except for bio/syn fuel mandates";"Electricity"
"OPEX";"Taxes_Scheme";"ES";"Bandwith MCS";"Tractor-Trailer";"PROG";"[-]";2035;"ID";"Sensitivity | Removed policies except for bio/syn fuel mandates";"Electricity"
"OPEX";"Taxes_Scheme";"FR";"Bandwith MCS";"Rigid";"PROG";"[-]";2035;"ID";"Sensitivity | Removed policies except for bio/syn fuel mandates";"Electricity"
"OPEX";"Taxes_Scheme";"FR";"Bandwith MCS";"Tractor-Trailer";"PROG";"[-]";2035;"ID";"Sensitivity | Removed policies except for bio/syn fuel mandates";"Electricity"
"OPEX";"Taxes_Scheme";"IT";"Bandwith MCS";"Rigid";"PROG";"[-]";2035;"ID";"Sensitivity | Removed policies except for bio/syn fuel mandates";"Electricity"
"OPEX";"Taxes_Scheme";"IT";"Bandwith MCS";"Tractor-Trailer";"PROG";"[-]";2035;"ID";"Sensitivity | Removed policies except for bio/syn fuel mandates";"Electricity"
"OPEX";"Taxes_Scheme";"NL";"Bandwith MCS";"Rigid";"PROG";"[-]";2035;"ID";"Sensitivity | Removed policies except for bio/syn fuel mandates";"Electricity"
"OPEX";"Taxes_Scheme";"NL";"Bandwith MCS";"Tractor-Trailer";"PROG";"[-]";2035;"ID";"Sensitivity | Removed policies except for bio/syn fuel mandates";"Electricity"
"OPEX";"Taxes_Scheme";"PL";"Bandwith MCS";"Rigid";"PROG";"[-]";2035;"ID";"Sensitivity | Removed policies except for bio/syn fuel mandates";"Electricity"
"OPEX";"Taxes_Scheme";"PL";"Bandwith MCS";"Tractor-Trailer";"PROG";"[-]";2035;"ID";"Sensitivity | Removed policies except for bio/syn fuel mandates";"Electricity"
"OPEX";"Taxes_Scheme";"UK";"Bandwith MCS";"Rigid";"PROG";"[-]";2035;"ID";"Sensitivity | Removed policies except for bio/syn fuel mandates";"Electricity"
"OPEX";"Taxes_Scheme";"UK";"Bandwith MCS";"Tractor-Trailer";"PROG";"[-]";2035;"ID";"Sensitivity | Removed policies except for bio/syn fuel mandates";"Electricity"
"OPEX";"Taxes_Scheme";"DE";"Bandwith Depot";"Rigid";"PROG";"[-]";2035;"ID";"Sensitivity | Removed policies except for bio/syn fuel mandates";"Electricity"
"OPEX";"Taxes_Scheme";"DE";"Bandwith Depot";"Tractor-Trailer";"PROG";"[-]";2035;"ID";"Sensitivity | Removed policies except for bio/syn fuel mandates";"Electricity"
"OPEX";"Taxes_Scheme";"ES";"Bandwith Depot";"Rigid";"PROG";"[-]";2035;"ID";"Sensitivity | Removed policies except for bio/syn fuel mandates";"Electricity"
"OPEX";"Taxes_Scheme";"ES";"Bandwith Depot";"Tractor-Trailer";"PROG";"[-]";2035;"ID";"Sensitivity | Removed policies except for bio/syn fuel mandates";"Electricity"
"OPEX";"Taxes_Scheme";"FR";"Bandwith Depot";"Rigid";"PROG";"[-]";2035;"ID";"Sensitivity | Removed policies except for bio/syn fuel mandates";"Electricity"
"OPEX";"Taxes_Scheme";"FR";"Bandwith Depot";"Tractor-Trailer";"PROG";"[-]";2035;"ID";"Sensitivity | Removed policies except for bio/syn fuel mandates";"Electricity"
"OPEX";"Taxes_Scheme";"IT";"Bandwith Depot";"Rigid";"PROG";"[-]";2035;"ID";"Sensitivity | Removed policies except for bio/syn fuel mandates";"Electricity"
"OPEX";"Taxes_Scheme";"IT";"Bandwith Depot";"Tractor-Trailer";"PROG";"[-]";2035;"ID";"Sensitivity | Removed policies except for bio/syn fuel mandates";"Electricity"
"OPEX";"Taxes_Scheme";"NL";"Bandwith Depot";"Rigid";"PROG";"[-]";2035;"ID";"Sensitivity | Removed policies except for bio/syn fuel mandates";"Electricity"
"OPEX";"Taxes_Scheme";"NL";"Bandwith Depot";"Tractor-Trailer";"PROG";"[-]";2035;"ID";"Sensitivity | Removed policies except for bio/syn fuel mandates";"Electricity"
"OPEX";"Taxes_Scheme";"PL";"Bandwith Depot";"Rigid";"PROG";"[-]";2035;"ID";"Sensitivity | Removed policies except for bio/syn fuel mandates";"Electricity"
"OPEX";"Taxes_Scheme";"PL";"Bandwith Depot";"Tractor-Trailer";"PROG";"[-]";2035;"ID";"Sensitivity | Removed policies except for bio/syn fuel mandates";"Electricity"
"OPEX";"Taxes_Scheme";"UK";"Bandwith Depot";"Rigid";"PROG";"[-]";2035;"ID";"Sensitivity | Removed policies except for bio/syn fuel mandates";"Electricity"
"OPEX";"Taxes_Scheme";"UK";"Bandwith Depot";"Tractor-Trailer";"PROG";"[-]";2035;"ID";"Sensitivity | Removed policies except for bio/syn fuel mandates";"Electricity"
"OPEX";"Taxes_Scheme";"DE";"Bandwith MCS";"Rigid";"BAU";"[-]";2035;"ID";"Sensitivity | Removed policies except for bio/syn fuel mandates";"Electricity"
"OPEX";"Taxes_Scheme";"DE";"Bandwith MCS";"Tractor-Trailer";"BAU";"[-]";2035;"ID";"Sensitivity | Removed policies except for bio/syn fuel mandates";"Electricity"
"OPEX";"Taxes_Scheme";"ES";"Bandwith MCS";"Rigid";"BAU";"[-]";2035;"ID";"Sensitivity | Removed policies except for bio/syn fuel mandates";"Electricity"
"OPEX";"Taxes_Scheme";"ES";"Bandwith MCS";"Tractor-Trailer";"BAU";"[-]";2035;"ID";"Sensitivity | Removed policies except for bio/syn fuel mandates";"Electricity"
"OPEX";"Taxes_Scheme";"FR";"Bandwith MCS";"Rigid";"BAU";"[-]";2035;"ID";"Sensitivity | Removed policies except for bio/syn fuel mandates";"Electricity"
"OPEX";"Taxes_Scheme";"FR";"Bandwith MCS";"Tractor-Trailer";"BAU";"[-]";2035;"ID";"Sensitivity | Removed policies except for bio/syn fuel mandates";"Electricity"
"OPEX";"Taxes_Scheme";"IT";"Bandwith MCS";"Rigid";"BAU";"[-]";2035;"ID";"Sensitivity | Removed policies except for bio/syn fuel mandates";"Electricity"
"OPEX";"Taxes_Scheme";"IT";"Bandwith MCS";"Tractor-Trailer";"BAU";"[-]";2035;"ID";"Sensitivity | Removed policies except for bio/syn fuel mandates";"Electricity"
"OPEX";"Taxes_Scheme";"NL";"Bandwith MCS";"Rigid";"BAU";"[-]";2035;"ID";"Sensitivity | Removed policies except for bio/syn fuel mandates";"Electricity"
"OPEX";"Taxes_Scheme";"NL";"Bandwith MCS";"Tractor-Trailer";"BAU";"[-]";2035;"ID";"Sensitivity | Removed policies except for bio/syn fuel mandates";"Electricity"
"OPEX";"Taxes_Scheme";"PL";"Bandwith MCS";"Rigid";"BAU";"[-]";2035;"ID";"Sensitivity | Removed policies except for bio/syn fuel mandates";"Electricity"
"OPEX";"Taxes_Scheme";"PL";"Bandwith MCS";"Tractor-Trailer";"BAU";"[-]";2035;"ID";"Sensitivity | Removed policies except for bio/syn fuel mandates";"Electricity"
"OPEX";"Taxes_Scheme";"UK";"Bandwith MCS";"Rigid";"BAU";"[-]";2035;"ID";"Sensitivity | Removed policies except for bio/syn fuel mandates";"Electricity"
"OPEX";"Taxes_Scheme";"UK";"Bandwith MCS";"Tractor-Trailer";"BAU";"[-]";2035;"ID";"Sensitivity | Removed policies except for bio/syn fuel mandates";"Electricity"
"OPEX";"Taxes_Scheme";"DE";"Bandwith Depot";"Rigid";"BAU";"[-]";2035;"IC";"Sensitivity | Removed policies except for bio/syn fuel mandates";"Electricity"
"OPEX";"Taxes_Scheme";"DE";"Bandwith Depot";"Tractor-Trailer";"BAU";"[-]";2035;"IC";"Sensitivity | Removed policies except for bio/syn fuel mandates";"Electricity"
"OPEX";"Taxes_Scheme";"ES";"Bandwith Depot";"Rigid";"BAU";"[-]";2035;"IC";"Sensitivity | Removed policies except for bio/syn fuel mandates";"Electricity"
"OPEX";"Taxes_Scheme";"ES";"Bandwith Depot";"Tractor-Trailer";"BAU";"[-]";2035;"IC";"Sensitivity | Removed policies except for bio/syn fuel mandates";"Electricity"
"OPEX";"Taxes_Scheme";"FR";"Bandwith Depot";"Rigid";"BAU";"[-]";2035;"IC";"Sensitivity | Removed policies except for bio/syn fuel mandates";"Electricity"
"OPEX";"Taxes_Scheme";"FR";"Bandwith Depot";"Tractor-Trailer";"BAU";"[-]";2035;"IC";"Sensitivity | Removed policies except for bio/syn fuel mandates";"Electricity"
"OPEX";"Taxes_Scheme";"IT";"Bandwith Depot";"Rigid";"BAU";"[-]";2035;"IC";"Sensitivity | Removed policies except for bio/syn fuel mandates";"Electricity"
"OPEX";"Taxes_Scheme";"IT";"Bandwith Depot";"Tractor-Trailer";"BAU";"[-]";2035;"IC";"Sensitivity | Removed policies except for bio/syn fuel mandates";"Electricity"
"OPEX";"Taxes_Scheme";"NL";"Bandwith Depot";"Rigid";"BAU";"[-]";2035;"IC";"Sensitivity | Removed policies except for bio/syn fuel mandates";"Electricity"
"OPEX";"Taxes_Scheme";"NL";"Bandwith Depot";"Tractor-Trailer";"BAU";"[-]";2035;"IC";"Sensitivity | Removed policies except for bio/syn fuel mandates";"Electricity"
"OPEX";"Taxes_Scheme";"PL";"Bandwith Depot";"Rigid";"BAU";"[-]";2035;"IC";"Sensitivity | Removed policies except for bio/syn fuel mandates";"Electricity"
"OPEX";"Taxes_Scheme";"PL";"Bandwith Depot";"Tractor-Trailer";"BAU";"[-]";2035;"IC";"Sensitivity | Removed policies except for bio/syn fuel mandates";"Electricity"
"OPEX";"Taxes_Scheme";"UK";"Bandwith Depot";"Rigid";"BAU";"[-]";2035;"IC";"Sensitivity | Removed policies except for bio/syn fuel mandates";"Electricity"
"OPEX";"Taxes_Scheme";"UK";"Bandwith Depot";"Tractor-Trailer";"BAU";"[-]";2035;"IC";"Sensitivity | Removed policies except for bio/syn fuel mandates";"Electricity"
"OPEX";"Taxes_Scheme";"DE";"Bandwith MCS";"Rigid";"PROG";"[-]";2040;"ID";"Sensitivity | Removed policies except for bio/syn fuel mandates";"Electricity"
"OPEX";"Taxes_Scheme";"DE";"Bandwith MCS";"Tractor-Trailer";"PROG";"[-]";2040;"ID";"Sensitivity | Removed policies except for bio/syn fuel mandates";"Electricity"
"OPEX";"Taxes_Scheme";"ES";"Bandwith MCS";"Rigid";"PROG";"[-]";2040;"ID";"Sensitivity | Removed policies except for bio/syn fuel mandates";"Electricity"
"OPEX";"Taxes_Scheme";"ES";"Bandwith MCS";"Tractor-Trailer";"PROG";"[-]";2040;"ID";"Sensitivity | Removed policies except for bio/syn fuel mandates";"Electricity"
"OPEX";"Taxes_Scheme";"FR";"Bandwith MCS";"Rigid";"PROG";"[-]";2040;"ID";"Sensitivity | Removed policies except for bio/syn fuel mandates";"Electricity"
"OPEX";"Taxes_Scheme";"FR";"Bandwith MCS";"Tractor-Trailer";"PROG";"[-]";2040;"ID";"Sensitivity | Removed policies except for bio/syn fuel mandates";"Electricity"
"OPEX";"Taxes_Scheme";"IT";"Bandwith MCS";"Rigid";"PROG";"[-]";2040;"ID";"Sensitivity | Removed policies except for bio/syn fuel mandates";"Electricity"
"OPEX";"Taxes_Scheme";"IT";"Bandwith MCS";"Tractor-Trailer";"PROG";"[-]";2040;"ID";"Sensitivity | Removed policies except for bio/syn fuel mandates";"Electricity"
"OPEX";"Taxes_Scheme";"NL";"Bandwith MCS";"Rigid";"PROG";"[-]";2040;"ID";"Sensitivity | Removed policies except for bio/syn fuel mandates";"Electricity"
"OPEX";"Taxes_Scheme";"NL";"Bandwith MCS";"Tractor-Trailer";"PROG";"[-]";2040;"ID";"Sensitivity | Removed policies except for bio/syn fuel mandates";"Electricity"
"OPEX";"Taxes_Scheme";"PL";"Bandwith MCS";"Rigid";"PROG";"[-]";2040;"ID";"Sensitivity | Removed policies except for bio/syn fuel mandates";"Electricity"
"OPEX";"Taxes_Scheme";"PL";"Bandwith MCS";"Tractor-Trailer";"PROG";"[-]";2040;"ID";"Sensitivity | Removed policies except for bio/syn fuel mandates";"Electricity"
"OPEX";"Taxes_Scheme";"UK";"Bandwith MCS";"Rigid";"PROG";"[-]";2040;"ID";"Sensitivity | Removed policies except for bio/syn fuel mandates";"Electricity"
"OPEX";"Taxes_Scheme";"UK";"Bandwith MCS";"Tractor-Trailer";"PROG";"[-]";2040;"ID";"Sensitivity | Removed policies except for bio/syn fuel mandates";"Electricity"
"OPEX";"Taxes_Scheme";"DE";"Bandwith Depot";"Rigid";"PROG";"[-]";2040;"ID";"Sensitivity | Removed policies except for bio/syn fuel mandates";"Electricity"
"OPEX";"Taxes_Scheme";"DE";"Bandwith Depot";"Tractor-Trailer";"PROG";"[-]";2040;"ID";"Sensitivity | Removed policies except for bio/syn fuel mandates";"Electricity"
"OPEX";"Taxes_Scheme";"ES";"Bandwith Depot";"Rigid";"PROG";"[-]";2040;"ID";"Sensitivity | Removed policies except for bio/syn fuel mandates";"Electricity"
"OPEX";"Taxes_Scheme";"ES";"Bandwith Depot";"Tractor-Trailer";"PROG";"[-]";2040;"ID";"Sensitivity | Removed policies except for bio/syn fuel mandates";"Electricity"
"OPEX";"Taxes_Scheme";"FR";"Bandwith Depot";"Rigid";"PROG";"[-]";2040;"ID";"Sensitivity | Removed policies except for bio/syn fuel mandates";"Electricity"
"OPEX";"Taxes_Scheme";"FR";"Bandwith Depot";"Tractor-Trailer";"PROG";"[-]";2040;"ID";"Sensitivity | Removed policies except for bio/syn fuel mandates";"Electricity"
"OPEX";"Taxes_Scheme";"IT";"Bandwith Depot";"Rigid";"PROG";"[-]";2040;"ID";"Sensitivity | Removed policies except for bio/syn fuel mandates";"Electricity"
"OPEX";"Taxes_Scheme";"IT";"Bandwith Depot";"Tractor-Trailer";"PROG";"[-]";2040;"ID";"Sensitivity | Removed policies except for bio/syn fuel mandates";"Electricity"
"OPEX";"Taxes_Scheme";"NL";"Bandwith Depot";"Rigid";"PROG";"[-]";2040;"ID";"Sensitivity | Removed policies except for bio/syn fuel mandates";"Electricity"
"OPEX";"Taxes_Scheme";"NL";"Bandwith Depot";"Tractor-Trailer";"PROG";"[-]";2040;"ID";"Sensitivity | Removed policies except for bio/syn fuel mandates";"Electricity"
"OPEX";"Taxes_Scheme";"PL";"Bandwith Depot";"Rigid";"PROG";"[-]";2040;"ID";"Sensitivity | Removed policies except for bio/syn fuel mandates";"Electricity"
"OPEX";"Taxes_Scheme";"PL";"Bandwith Depot";"Tractor-Trailer";"PROG";"[-]";2040;"ID";"Sensitivity | Removed policies except for bio/syn fuel mandates";"Electricity"
"OPEX";"Taxes_Scheme";"UK";"Bandwith Depot";"Rigid";"PROG";"[-]";2040;"ID";"Sensitivity | Removed policies except for bio/syn fuel mandates";"Electricity"
"OPEX";"Taxes_Scheme";"UK";"Bandwith Depot";"Tractor-Trailer";"PROG";"[-]";2040;"ID";"Sensitivity | Removed policies except for bio/syn fuel mandates";"Electricity"
"OPEX";"Taxes_Scheme";"DE";"Bandwith MCS";"Rigid";"BAU";"[-]";2040;"ID";"Sensitivity | Removed policies except for bio/syn fuel mandates";"Electricity"
"OPEX";"Taxes_Scheme";"DE";"Bandwith MCS";"Tractor-Trailer";"BAU";"[-]";2040;"ID";"Sensitivity | Removed policies except for bio/syn fuel mandates";"Electricity"
"OPEX";"Taxes_Scheme";"ES";"Bandwith MCS";"Rigid";"BAU";"[-]";2040;"ID";"Sensitivity | Removed policies except for bio/syn fuel mandates";"Electricity"
"OPEX";"Taxes_Scheme";"ES";"Bandwith MCS";"Tractor-Trailer";"BAU";"[-]";2040;"ID";"Sensitivity | Removed policies except for bio/syn fuel mandates";"Electricity"
"OPEX";"Taxes_Scheme";"FR";"Bandwith MCS";"Rigid";"BAU";"[-]";2040;"ID";"Sensitivity | Removed policies except for bio/syn fuel mandates";"Electricity"
"OPEX";"Taxes_Scheme";"FR";"Bandwith MCS";"Tractor-Trailer";"BAU";"[-]";2040;"ID";"Sensitivity | Removed policies except for bio/syn fuel mandates";"Electricity"
"OPEX";"Taxes_Scheme";"IT";"Bandwith MCS";"Rigid";"BAU";"[-]";2040;"ID";"Sensitivity | Removed policies except for bio/syn fuel mandates";"Electricity"
"OPEX";"Taxes_Scheme";"IT";"Bandwith MCS";"Tractor-Trailer";"BAU";"[-]";2040;"ID";"Sensitivity | Removed policies except for bio/syn fuel mandates";"Electricity"
"OPEX";"Taxes_Scheme";"NL";"Bandwith MCS";"Rigid";"BAU";"[-]";2040;"ID";"Sensitivity | Removed policies except for bio/syn fuel mandates";"Electricity"
"OPEX";"Taxes_Scheme";"NL";"Bandwith MCS";"Tractor-Trailer";"BAU";"[-]";2040;"ID";"Sensitivity | Removed policies except for bio/syn fuel mandates";"Electricity"
"OPEX";"Taxes_Scheme";"PL";"Bandwith MCS";"Rigid";"BAU";"[-]";2040;"ID";"Sensitivity | Removed policies except for bio/syn fuel mandates";"Electricity"
"OPEX";"Taxes_Scheme";"PL";"Bandwith MCS";"Tractor-Trailer";"BAU";"[-]";2040;"ID";"Sensitivity | Removed policies except for bio/syn fuel mandates";"Electricity"
"OPEX";"Taxes_Scheme";"UK";"Bandwith MCS";"Rigid";"BAU";"[-]";2040;"ID";"Sensitivity | Removed policies except for bio/syn fuel mandates";"Electricity"
"OPEX";"Taxes_Scheme";"UK";"Bandwith MCS";"Tractor-Trailer";"BAU";"[-]";2040;"ID";"Sensitivity | Removed policies except for bio/syn fuel mandates";"Electricity"
"OPEX";"Taxes_Scheme";"DE";"Bandwith Depot";"Rigid";"BAU";"[-]";2040;"IC";"Sensitivity | Removed policies except for bio/syn fuel mandates";"Electricity"
"OPEX";"Taxes_Scheme";"DE";"Bandwith Depot";"Tractor-Trailer";"BAU";"[-]";2040;"IC";"Sensitivity | Removed policies except for bio/syn fuel mandates";"Electricity"
"OPEX";"Taxes_Scheme";"ES";"Bandwith Depot";"Rigid";"BAU";"[-]";2040;"IC";"Sensitivity | Removed policies except for bio/syn fuel mandates";"Electricity"
"OPEX";"Taxes_Scheme";"ES";"Bandwith Depot";"Tractor-Trailer";"BAU";"[-]";2040;"IC";"Sensitivity | Removed policies except for bio/syn fuel mandates";"Electricity"
"OPEX";"Taxes_Scheme";"FR";"Bandwith Depot";"Rigid";"BAU";"[-]";2040;"IC";"Sensitivity | Removed policies except for bio/syn fuel mandates";"Electricity"
"OPEX";"Taxes_Scheme";"FR";"Bandwith Depot";"Tractor-Trailer";"BAU";"[-]";2040;"IC";"Sensitivity | Removed policies except for bio/syn fuel mandates";"Electricity"
"OPEX";"Taxes_Scheme";"IT";"Bandwith Depot";"Rigid";"BAU";"[-]";2040;"IC";"Sensitivity | Removed policies except for bio/syn fuel mandates";"Electricity"
"OPEX";"Taxes_Scheme";"IT";"Bandwith Depot";"Tractor-Trailer";"BAU";"[-]";2040;"IC";"Sensitivity | Removed policies except for bio/syn fuel mandates";"Electricity"
"OPEX";"Taxes_Scheme";"NL";"Bandwith Depot";"Rigid";"BAU";"[-]";2040;"IC";"Sensitivity | Removed policies except for bio/syn fuel mandates";"Electricity"
"OPEX";"Taxes_Scheme";"NL";"Bandwith Depot";"Tractor-Trailer";"BAU";"[-]";2040;"IC";"Sensitivity | Removed policies except for bio/syn fuel mandates";"Electricity"
"OPEX";"Taxes_Scheme";"PL";"Bandwith Depot";"Rigid";"BAU";"[-]";2040;"IC";"Sensitivity | Removed policies except for bio/syn fuel mandates";"Electricity"
"OPEX";"Taxes_Scheme";"PL";"Bandwith Depot";"Tractor-Trailer";"BAU";"[-]";2040;"IC";"Sensitivity | Removed policies except for bio/syn fuel mandates";"Electricity"
"OPEX";"Taxes_Scheme";"UK";"Bandwith Depot";"Rigid";"BAU";"[-]";2040;"IC";"Sensitivity | Removed policies except for bio/syn fuel mandates";"Electricity"
"OPEX";"Taxes_Scheme";"UK";"Bandwith Depot";"Tractor-Trailer";"BAU";"[-]";2040;"IC";"Sensitivity | Removed policies except for bio/syn fuel mandates";"Electricity"
"OPEX";"Taxes_Scheme";"DE";"Bandwith MCS";"Rigid";"PROG";"[-]";2045;"ID";"Sensitivity | Removed policies except for bio/syn fuel mandates";"Electricity"
"OPEX";"Taxes_Scheme";"DE";"Bandwith MCS";"Tractor-Trailer";"PROG";"[-]";2045;"ID";"Sensitivity | Removed policies except for bio/syn fuel mandates";"Electricity"
"OPEX";"Taxes_Scheme";"ES";"Bandwith MCS";"Rigid";"PROG";"[-]";2045;"IE";"Sensitivity | Removed policies except for bio/syn fuel mandates";"Electricity"
"OPEX";"Taxes_Scheme";"ES";"Bandwith MCS";"Tractor-Trailer";"PROG";"[-]";2045;"IE";"Sensitivity | Removed policies except for bio/syn fuel mandates";"Electricity"
"OPEX";"Taxes_Scheme";"FR";"Bandwith MCS";"Rigid";"PROG";"[-]";2045;"IE";"Sensitivity | Removed policies except for bio/syn fuel mandates";"Electricity"
"OPEX";"Taxes_Scheme";"FR";"Bandwith MCS";"Tractor-Trailer";"PROG";"[-]";2045;"IE";"Sensitivity | Removed policies except for bio/syn fuel mandates";"Electricity"
"OPEX";"Taxes_Scheme";"IT";"Bandwith MCS";"Rigid";"PROG";"[-]";2045;"IE";"Sensitivity | Removed policies except for bio/syn fuel mandates";"Electricity"
"OPEX";"Taxes_Scheme";"IT";"Bandwith MCS";"Tractor-Trailer";"PROG";"[-]";2045;"IE";"Sensitivity | Removed policies except for bio/syn fuel mandates";"Electricity"
"OPEX";"Taxes_Scheme";"NL";"Bandwith MCS";"Rigid";"PROG";"[-]";2045;"IE";"Sensitivity | Removed policies except for bio/syn fuel mandates";"Electricity"
"OPEX";"Taxes_Scheme";"NL";"Bandwith MCS";"Tractor-Trailer";"PROG";"[-]";2045;"IE";"Sensitivity | Removed policies except for bio/syn fuel mandates";"Electricity"
"OPEX";"Taxes_Scheme";"PL";"Bandwith MCS";"Rigid";"PROG";"[-]";2045;"IE";"Sensitivity | Removed policies except for bio/syn fuel mandates";"Electricity"
"OPEX";"Taxes_Scheme";"PL";"Bandwith MCS";"Tractor-Trailer";"PROG";"[-]";2045;"IE";"Sensitivity | Removed policies except for bio/syn fuel mandates";"Electricity"
"OPEX";"Taxes_Scheme";"UK";"Bandwith MCS";"Rigid";"PROG";"[-]";2045;"IE";"Sensitivity | Removed policies except for bio/syn fuel mandates";"Electricity"
"OPEX";"Taxes_Scheme";"UK";"Bandwith MCS";"Tractor-Trailer";"PROG";"[-]";2045;"IE";"Sensitivity | Removed policies except for bio/syn fuel mandates";"Electricity"
"OPEX";"Taxes_Scheme";"DE";"Bandwith Depot";"Rigid";"PROG";"[-]";2045;"ID";"Sensitivity | Removed policies except for bio/syn fuel mandates";"Electricity"
"OPEX";"Taxes_Scheme";"DE";"Bandwith Depot";"Tractor-Trailer";"PROG";"[-]";2045;"ID";"Sensitivity | Removed policies except for bio/syn fuel mandates";"Electricity"
"OPEX";"Taxes_Scheme";"ES";"Bandwith Depot";"Rigid";"PROG";"[-]";2045;"ID";"Sensitivity | Removed policies except for bio/syn fuel mandates";"Electricity"
"OPEX";"Taxes_Scheme";"ES";"Bandwith Depot";"Tractor-Trailer";"PROG";"[-]";2045;"ID";"Sensitivity | Removed policies except for bio/syn fuel mandates";"Electricity"
"OPEX";"Taxes_Scheme";"FR";"Bandwith Depot";"Rigid";"PROG";"[-]";2045;"ID";"Sensitivity | Removed policies except for bio/syn fuel mandates";"Electricity"
"OPEX";"Taxes_Scheme";"FR";"Bandwith Depot";"Tractor-Trailer";"PROG";"[-]";2045;"ID";"Sensitivity | Removed policies except for bio/syn fuel mandates";"Electricity"
"OPEX";"Taxes_Scheme";"IT";"Bandwith Depot";"Rigid";"PROG";"[-]";2045;"ID";"Sensitivity | Removed policies except for bio/syn fuel mandates";"Electricity"
"OPEX";"Taxes_Scheme";"IT";"Bandwith Depot";"Tractor-Trailer";"PROG";"[-]";2045;"ID";"Sensitivity | Removed policies except for bio/syn fuel mandates";"Electricity"
"OPEX";"Taxes_Scheme";"NL";"Bandwith Depot";"Rigid";"PROG";"[-]";2045;"ID";"Sensitivity | Removed policies except for bio/syn fuel mandates";"Electricity"
"OPEX";"Taxes_Scheme";"NL";"Bandwith Depot";"Tractor-Trailer";"PROG";"[-]";2045;"ID";"Sensitivity | Removed policies except for bio/syn fuel mandates";"Electricity"
"OPEX";"Taxes_Scheme";"PL";"Bandwith Depot";"Rigid";"PROG";"[-]";2045;"ID";"Sensitivity | Removed policies except for bio/syn fuel mandates";"Electricity"
"OPEX";"Taxes_Scheme";"PL";"Bandwith Depot";"Tractor-Trailer";"PROG";"[-]";2045;"ID";"Sensitivity | Removed policies except for bio/syn fuel mandates";"Electricity"
"OPEX";"Taxes_Scheme";"UK";"Bandwith Depot";"Rigid";"PROG";"[-]";2045;"ID";"Sensitivity | Removed policies except for bio/syn fuel mandates";"Electricity"
"OPEX";"Taxes_Scheme";"UK";"Bandwith Depot";"Tractor-Trailer";"PROG";"[-]";2045;"ID";"Sensitivity | Removed policies except for bio/syn fuel mandates";"Electricity"
"OPEX";"Taxes_Scheme";"DE";"Bandwith MCS";"Rigid";"BAU";"[-]";2045;"ID";"Sensitivity | Removed policies except for bio/syn fuel mandates";"Electricity"
"OPEX";"Taxes_Scheme";"DE";"Bandwith MCS";"Tractor-Trailer";"BAU";"[-]";2045;"ID";"Sensitivity | Removed policies except for bio/syn fuel mandates";"Electricity"
"OPEX";"Taxes_Scheme";"ES";"Bandwith MCS";"Rigid";"BAU";"[-]";2045;"ID";"Sensitivity | Removed policies except for bio/syn fuel mandates";"Electricity"
"OPEX";"Taxes_Scheme";"ES";"Bandwith MCS";"Tractor-Trailer";"BAU";"[-]";2045;"ID";"Sensitivity | Removed policies except for bio/syn fuel mandates";"Electricity"
"OPEX";"Taxes_Scheme";"FR";"Bandwith MCS";"Rigid";"BAU";"[-]";2045;"ID";"Sensitivity | Removed policies except for bio/syn fuel mandates";"Electricity"
"OPEX";"Taxes_Scheme";"FR";"Bandwith MCS";"Tractor-Trailer";"BAU";"[-]";2045;"ID";"Sensitivity | Removed policies except for bio/syn fuel mandates";"Electricity"
"OPEX";"Taxes_Scheme";"IT";"Bandwith MCS";"Rigid";"BAU";"[-]";2045;"ID";"Sensitivity | Removed policies except for bio/syn fuel mandates";"Electricity"
"OPEX";"Taxes_Scheme";"IT";"Bandwith MCS";"Tractor-Trailer";"BAU";"[-]";2045;"ID";"Sensitivity | Removed policies except for bio/syn fuel mandates";"Electricity"
"OPEX";"Taxes_Scheme";"NL";"Bandwith MCS";"Rigid";"BAU";"[-]";2045;"ID";"Sensitivity | Removed policies except for bio/syn fuel mandates";"Electricity"
"OPEX";"Taxes_Scheme";"NL";"Bandwith MCS";"Tractor-Trailer";"BAU";"[-]";2045;"ID";"Sensitivity | Removed policies except for bio/syn fuel mandates";"Electricity"
"OPEX";"Taxes_Scheme";"PL";"Bandwith MCS";"Rigid";"BAU";"[-]";2045;"ID";"Sensitivity | Removed policies except for bio/syn fuel mandates";"Electricity"
"OPEX";"Taxes_Scheme";"PL";"Bandwith MCS";"Tractor-Trailer";"BAU";"[-]";2045;"ID";"Sensitivity | Removed policies except for bio/syn fuel mandates";"Electricity"
"OPEX";"Taxes_Scheme";"UK";"Bandwith MCS";"Rigid";"BAU";"[-]";2045;"ID";"Sensitivity | Removed policies except for bio/syn fuel mandates";"Electricity"
"OPEX";"Taxes_Scheme";"UK";"Bandwith MCS";"Tractor-Trailer";"BAU";"[-]";2045;"ID";"Sensitivity | Removed policies except for bio/syn fuel mandates";"Electricity"
"OPEX";"Taxes_Scheme";"DE";"Bandwith Depot";"Rigid";"BAU";"[-]";2045;"IC";"Sensitivity | Removed policies except for bio/syn fuel mandates";"Electricity"
"OPEX";"Taxes_Scheme";"DE";"Bandwith Depot";"Tractor-Trailer";"BAU";"[-]";2045;"IC";"Sensitivity | Removed policies except for bio/syn fuel mandates";"Electricity"
"OPEX";"Taxes_Scheme";"ES";"Bandwith Depot";"Rigid";"BAU";"[-]";2045;"IC";"Sensitivity | Removed policies except for bio/syn fuel mandates";"Electricity"
"OPEX";"Taxes_Scheme";"ES";"Bandwith Depot";"Tractor-Trailer";"BAU";"[-]";2045;"IC";"Sensitivity | Removed policies except for bio/syn fuel mandates";"Electricity"
"OPEX";"Taxes_Scheme";"FR";"Bandwith Depot";"Rigid";"BAU";"[-]";2045;"IC";"Sensitivity | Removed policies except for bio/syn fuel mandates";"Electricity"
"OPEX";"Taxes_Scheme";"FR";"Bandwith Depot";"Tractor-Trailer";"BAU";"[-]";2045;"IC";"Sensitivity | Removed policies except for bio/syn fuel mandates";"Electricity"
"OPEX";"Taxes_Scheme";"IT";"Bandwith Depot";"Rigid";"BAU";"[-]";2045;"IC";"Sensitivity | Removed policies except for bio/syn fuel mandates";"Electricity"
"OPEX";"Taxes_Scheme";"IT";"Bandwith Depot";"Tractor-Trailer";"BAU";"[-]";2045;"IC";"Sensitivity | Removed policies except for bio/syn fuel mandates";"Electricity"
"OPEX";"Taxes_Scheme";"NL";"Bandwith Depot";"Rigid";"BAU";"[-]";2045;"IC";"Sensitivity | Removed policies except for bio/syn fuel mandates";"Electricity"
"OPEX";"Taxes_Scheme";"NL";"Bandwith Depot";"Tractor-Trailer";"BAU";"[-]";2045;"IC";"Sensitivity | Removed policies except for bio/syn fuel mandates";"Electricity"
"OPEX";"Taxes_Scheme";"PL";"Bandwith Depot";"Rigid";"BAU";"[-]";2045;"IC";"Sensitivity | Removed policies except for bio/syn fuel mandates";"Electricity"
"OPEX";"Taxes_Scheme";"PL";"Bandwith Depot";"Tractor-Trailer";"BAU";"[-]";2045;"IC";"Sensitivity | Removed policies except for bio/syn fuel mandates";"Electricity"
"OPEX";"Taxes_Scheme";"UK";"Bandwith Depot";"Rigid";"BAU";"[-]";2045;"IC";"Sensitivity | Removed policies except for bio/syn fuel mandates";"Electricity"
"OPEX";"Taxes_Scheme";"UK";"Bandwith Depot";"Tractor-Trailer";"BAU";"[-]";2045;"IC";"Sensitivity | Removed policies except for bio/syn fuel mandates";"Electricity"
"OPEX";"Taxes_Scheme";"DE";"Bandwith MCS";"Rigid";"PROG";"[-]";2050;"IE";"Sensitivity | Removed policies except for bio/syn fuel mandates";"Electricity"
"OPEX";"Taxes_Scheme";"DE";"Bandwith MCS";"Tractor-Trailer";"PROG";"[-]";2050;"IE";"Sensitivity | Removed policies except for bio/syn fuel mandates";"Electricity"
"OPEX";"Taxes_Scheme";"ES";"Bandwith MCS";"Rigid";"PROG";"[-]";2050;"IE";"Sensitivity | Removed policies except for bio/syn fuel mandates";"Electricity"
"OPEX";"Taxes_Scheme";"ES";"Bandwith MCS";"Tractor-Trailer";"PROG";"[-]";2050;"IE";"Sensitivity | Removed policies except for bio/syn fuel mandates";"Electricity"
"OPEX";"Taxes_Scheme";"FR";"Bandwith MCS";"Rigid";"PROG";"[-]";2050;"IE";"Sensitivity | Removed policies except for bio/syn fuel mandates";"Electricity"
"OPEX";"Taxes_Scheme";"FR";"Bandwith MCS";"Tractor-Trailer";"PROG";"[-]";2050;"IE";"Sensitivity | Removed policies except for bio/syn fuel mandates";"Electricity"
"OPEX";"Taxes_Scheme";"IT";"Bandwith MCS";"Rigid";"PROG";"[-]";2050;"IE";"Sensitivity | Removed policies except for bio/syn fuel mandates";"Electricity"
"OPEX";"Taxes_Scheme";"IT";"Bandwith MCS";"Tractor-Trailer";"PROG";"[-]";2050;"IE";"Sensitivity | Removed policies except for bio/syn fuel mandates";"Electricity"
"OPEX";"Taxes_Scheme";"NL";"Bandwith MCS";"Rigid";"PROG";"[-]";2050;"IE";"Sensitivity | Removed policies except for bio/syn fuel mandates";"Electricity"
"OPEX";"Taxes_Scheme";"NL";"Bandwith MCS";"Tractor-Trailer";"PROG";"[-]";2050;"IE";"Sensitivity | Removed policies except for bio/syn fuel mandates";"Electricity"
"OPEX";"Taxes_Scheme";"PL";"Bandwith MCS";"Rigid";"PROG";"[-]";2050;"IE";"Sensitivity | Removed policies except for bio/syn fuel mandates";"Electricity"
"OPEX";"Taxes_Scheme";"PL";"Bandwith MCS";"Tractor-Trailer";"PROG";"[-]";2050;"IE";"Sensitivity | Removed policies except for bio/syn fuel mandates";"Electricity"
"OPEX";"Taxes_Scheme";"UK";"Bandwith MCS";"Rigid";"PROG";"[-]";2050;"IE";"Sensitivity | Removed policies except for bio/syn fuel mandates";"Electricity"
"OPEX";"Taxes_Scheme";"UK";"Bandwith MCS";"Tractor-Trailer";"PROG";"[-]";2050;"IE";"Sensitivity | Removed policies except for bio/syn fuel mandates";"Electricity"
"OPEX";"Taxes_Scheme";"DE";"Bandwith Depot";"Rigid";"PROG";"[-]";2050;"ID";"Sensitivity | Removed policies except for bio/syn fuel mandates";"Electricity"
"OPEX";"Taxes_Scheme";"DE";"Bandwith Depot";"Tractor-Trailer";"PROG";"[-]";2050;"ID";"Sensitivity | Removed policies except for bio/syn fuel mandates";"Electricity"
"OPEX";"Taxes_Scheme";"ES";"Bandwith Depot";"Rigid";"PROG";"[-]";2050;"ID";"Sensitivity | Removed policies except for bio/syn fuel mandates";"Electricity"
"OPEX";"Taxes_Scheme";"ES";"Bandwith Depot";"Tractor-Trailer";"PROG";"[-]";2050;"ID";"Sensitivity | Removed policies except for bio/syn fuel mandates";"Electricity"
"OPEX";"Taxes_Scheme";"FR";"Bandwith Depot";"Rigid";"PROG";"[-]";2050;"ID";"Sensitivity | Removed policies except for bio/syn fuel mandates";"Electricity"
"OPEX";"Taxes_Scheme";"FR";"Bandwith Depot";"Tractor-Trailer";"PROG";"[-]";2050;"ID";"Sensitivity | Removed policies except for bio/syn fuel mandates";"Electricity"
"OPEX";"Taxes_Scheme";"IT";"Bandwith Depot";"Rigid";"PROG";"[-]";2050;"ID";"Sensitivity | Removed policies except for bio/syn fuel mandates";"Electricity"
"OPEX";"Taxes_Scheme";"IT";"Bandwith Depot";"Tractor-Trailer";"PROG";"[-]";2050;"ID";"Sensitivity | Removed policies except for bio/syn fuel mandates";"Electricity"
"OPEX";"Taxes_Scheme";"NL";"Bandwith Depot";"Rigid";"PROG";"[-]";2050;"ID";"Sensitivity | Removed policies except for bio/syn fuel mandates";"Electricity"
"OPEX";"Taxes_Scheme";"NL";"Bandwith Depot";"Tractor-Trailer";"PROG";"[-]";2050;"ID";"Sensitivity | Removed policies except for bio/syn fuel mandates";"Electricity"
"OPEX";"Taxes_Scheme";"PL";"Bandwith Depot";"Rigid";"PROG";"[-]";2050;"ID";"Sensitivity | Removed policies except for bio/syn fuel mandates";"Electricity"
"OPEX";"Taxes_Scheme";"PL";"Bandwith Depot";"Tractor-Trailer";"PROG";"[-]";2050;"ID";"Sensitivity | Removed policies except for bio/syn fuel mandates";"Electricity"
"OPEX";"Taxes_Scheme";"UK";"Bandwith Depot";"Rigid";"PROG";"[-]";2050;"ID";"Sensitivity | Removed policies except for bio/syn fuel mandates";"Electricity"
"OPEX";"Taxes_Scheme";"UK";"Bandwith Depot";"Tractor-Trailer";"PROG";"[-]";2050;"ID";"Sensitivity | Removed policies except for bio/syn fuel mandates";"Electricity"
"OPEX";"Taxes_Scheme";"DE";"Bandwith MCS";"Rigid";"BAU";"[-]";2050;"ID";"Sensitivity | Removed policies except for bio/syn fuel mandates";"Electricity"
"OPEX";"Taxes_Scheme";"DE";"Bandwith MCS";"Tractor-Trailer";"BAU";"[-]";2050;"ID";"Sensitivity | Removed policies except for bio/syn fuel mandates";"Electricity"
"OPEX";"Taxes_Scheme";"ES";"Bandwith MCS";"Rigid";"BAU";"[-]";2050;"ID";"Sensitivity | Removed policies except for bio/syn fuel mandates";"Electricity"
"OPEX";"Taxes_Scheme";"ES";"Bandwith MCS";"Tractor-Trailer";"BAU";"[-]";2050;"ID";"Sensitivity | Removed policies except for bio/syn fuel mandates";"Electricity"
"OPEX";"Taxes_Scheme";"FR";"Bandwith MCS";"Rigid";"BAU";"[-]";2050;"ID";"Sensitivity | Removed policies except for bio/syn fuel mandates";"Electricity"
"OPEX";"Taxes_Scheme";"FR";"Bandwith MCS";"Tractor-Trailer";"BAU";"[-]";2050;"ID";"Sensitivity | Removed policies except for bio/syn fuel mandates";"Electricity"
"OPEX";"Taxes_Scheme";"IT";"Bandwith MCS";"Rigid";"BAU";"[-]";2050;"ID";"Sensitivity | Removed policies except for bio/syn fuel mandates";"Electricity"
"OPEX";"Taxes_Scheme";"IT";"Bandwith MCS";"Tractor-Trailer";"BAU";"[-]";2050;"ID";"Sensitivity | Removed policies except for bio/syn fuel mandates";"Electricity"
"OPEX";"Taxes_Scheme";"NL";"Bandwith MCS";"Rigid";"BAU";"[-]";2050;"ID";"Sensitivity | Removed policies except for bio/syn fuel mandates";"Electricity"
"OPEX";"Taxes_Scheme";"NL";"Bandwith MCS";"Tractor-Trailer";"BAU";"[-]";2050;"ID";"Sensitivity | Removed policies except for bio/syn fuel mandates";"Electricity"
"OPEX";"Taxes_Scheme";"PL";"Bandwith MCS";"Rigid";"BAU";"[-]";2050;"ID";"Sensitivity | Removed policies except for bio/syn fuel mandates";"Electricity"
"OPEX";"Taxes_Scheme";"PL";"Bandwith MCS";"Tractor-Trailer";"BAU";"[-]";2050;"ID";"Sensitivity | Removed policies except for bio/syn fuel mandates";"Electricity"
"OPEX";"Taxes_Scheme";"UK";"Bandwith MCS";"Rigid";"BAU";"[-]";2050;"ID";"Sensitivity | Removed policies except for bio/syn fuel mandates";"Electricity"
"OPEX";"Taxes_Scheme";"UK";"Bandwith MCS";"Tractor-Trailer";"BAU";"[-]";2050;"ID";"Sensitivity | Removed policies except for bio/syn fuel mandates";"Electricity"
"OPEX";"Taxes_Scheme";"DE";"Bandwith Depot";"Rigid";"BAU";"[-]";2050;"IC";"Sensitivity | Removed policies except for bio/syn fuel mandates";"Electricity"
"OPEX";"Taxes_Scheme";"DE";"Bandwith Depot";"Tractor-Trailer";"BAU";"[-]";2050;"IC";"Sensitivity | Removed policies except for bio/syn fuel mandates";"Electricity"
"OPEX";"Taxes_Scheme";"ES";"Bandwith Depot";"Rigid";"BAU";"[-]";2050;"IC";"Sensitivity | Removed policies except for bio/syn fuel mandates";"Electricity"
"OPEX";"Taxes_Scheme";"ES";"Bandwith Depot";"Tractor-Trailer";"BAU";"[-]";2050;"IC";"Sensitivity | Removed policies except for bio/syn fuel mandates";"Electricity"
"OPEX";"Taxes_Scheme";"FR";"Bandwith Depot";"Rigid";"BAU";"[-]";2050;"IC";"Sensitivity | Removed policies except for bio/syn fuel mandates";"Electricity"
"OPEX";"Taxes_Scheme";"FR";"Bandwith Depot";"Tractor-Trailer";"BAU";"[-]";2050;"IC";"Sensitivity | Removed policies except for bio/syn fuel mandates";"Electricity"
"OPEX";"Taxes_Scheme";"IT";"Bandwith Depot";"Rigid";"BAU";"[-]";2050;"IC";"Sensitivity | Removed policies except for bio/syn fuel mandates";"Electricity"
"OPEX";"Taxes_Scheme";"IT";"Bandwith Depot";"Tractor-Trailer";"BAU";"[-]";2050;"IC";"Sensitivity | Removed policies except for bio/syn fuel mandates";"Electricity"
"OPEX";"Taxes_Scheme";"NL";"Bandwith Depot";"Rigid";"BAU";"[-]";2050;"IC";"Sensitivity | Removed policies except for bio/syn fuel mandates";"Electricity"
"OPEX";"Taxes_Scheme";"NL";"Bandwith Depot";"Tractor-Trailer";"BAU";"[-]";2050;"IC";"Sensitivity | Removed policies except for bio/syn fuel mandates";"Electricity"
"OPEX";"Taxes_Scheme";"PL";"Bandwith Depot";"Rigid";"BAU";"[-]";2050;"IC";"Sensitivity | Removed policies except for bio/syn fuel mandates";"Electricity"
"OPEX";"Taxes_Scheme";"PL";"Bandwith Depot";"Tractor-Trailer";"BAU";"[-]";2050;"IC";"Sensitivity | Removed policies except for bio/syn fuel mandates";"Electricity"
"OPEX";"Taxes_Scheme";"UK";"Bandwith Depot";"Rigid";"BAU";"[-]";2050;"IC";"Sensitivity | Removed policies except for bio/syn fuel mandates";"Electricity"
"OPEX";"Taxes_Scheme";"UK";"Bandwith Depot";"Tractor-Trailer";"BAU";"[-]";2050;"IC";"Sensitivity | Removed policies except for bio/syn fuel mandates";"Electricity"
"OPEX";"Taxes_Scheme";"DE";"Bandwith MCS";"Rigid";"PROG";"[-]";2030;"IC";"Sensitivity | Current policies | Removed diesel efficiency gains";"Electricity"
"OPEX";"Taxes_Scheme";"DE";"Bandwith MCS";"Tractor-Trailer";"PROG";"[-]";2030;"IC";"Sensitivity | Current policies | Removed diesel efficiency gains";"Electricity"
"OPEX";"Taxes_Scheme";"ES";"Bandwith MCS";"Rigid";"PROG";"[-]";2030;"ID";"Sensitivity | Current policies | Removed diesel efficiency gains";"Electricity"
"OPEX";"Taxes_Scheme";"ES";"Bandwith MCS";"Tractor-Trailer";"PROG";"[-]";2030;"ID";"Sensitivity | Current policies | Removed diesel efficiency gains";"Electricity"
"OPEX";"Taxes_Scheme";"FR";"Bandwith MCS";"Rigid";"PROG";"[-]";2030;"ID";"Sensitivity | Current policies | Removed diesel efficiency gains";"Electricity"
"OPEX";"Taxes_Scheme";"FR";"Bandwith MCS";"Tractor-Trailer";"PROG";"[-]";2030;"ID";"Sensitivity | Current policies | Removed diesel efficiency gains";"Electricity"
"OPEX";"Taxes_Scheme";"IT";"Bandwith MCS";"Rigid";"PROG";"[-]";2030;"ID";"Sensitivity | Current policies | Removed diesel efficiency gains";"Electricity"
"OPEX";"Taxes_Scheme";"IT";"Bandwith MCS";"Tractor-Trailer";"PROG";"[-]";2030;"ID";"Sensitivity | Current policies | Removed diesel efficiency gains";"Electricity"
"OPEX";"Taxes_Scheme";"NL";"Bandwith MCS";"Rigid";"PROG";"[-]";2030;"ID";"Sensitivity | Current policies | Removed diesel efficiency gains";"Electricity"
"OPEX";"Taxes_Scheme";"NL";"Bandwith MCS";"Tractor-Trailer";"PROG";"[-]";2030;"ID";"Sensitivity | Current policies | Removed diesel efficiency gains";"Electricity"
"OPEX";"Taxes_Scheme";"PL";"Bandwith MCS";"Rigid";"PROG";"[-]";2030;"ID";"Sensitivity | Current policies | Removed diesel efficiency gains";"Electricity"
"OPEX";"Taxes_Scheme";"PL";"Bandwith MCS";"Tractor-Trailer";"PROG";"[-]";2030;"ID";"Sensitivity | Current policies | Removed diesel efficiency gains";"Electricity"
"OPEX";"Taxes_Scheme";"UK";"Bandwith MCS";"Rigid";"PROG";"[-]";2030;"ID";"Sensitivity | Current policies | Removed diesel efficiency gains";"Electricity"
"OPEX";"Taxes_Scheme";"UK";"Bandwith MCS";"Tractor-Trailer";"PROG";"[-]";2030;"ID";"Sensitivity | Current policies | Removed diesel efficiency gains";"Electricity"
"OPEX";"Taxes_Scheme";"DE";"Bandwith Depot";"Rigid";"PROG";"[-]";2030;"IC";"Sensitivity | Current policies | Removed diesel efficiency gains";"Electricity"
"OPEX";"Taxes_Scheme";"DE";"Bandwith Depot";"Tractor-Trailer";"PROG";"[-]";2030;"IC";"Sensitivity | Current policies | Removed diesel efficiency gains";"Electricity"
"OPEX";"Taxes_Scheme";"ES";"Bandwith Depot";"Rigid";"PROG";"[-]";2030;"IC";"Sensitivity | Current policies | Removed diesel efficiency gains";"Electricity"
"OPEX";"Taxes_Scheme";"ES";"Bandwith Depot";"Tractor-Trailer";"PROG";"[-]";2030;"IC";"Sensitivity | Current policies | Removed diesel efficiency gains";"Electricity"
"OPEX";"Taxes_Scheme";"FR";"Bandwith Depot";"Rigid";"PROG";"[-]";2030;"IC";"Sensitivity | Current policies | Removed diesel efficiency gains";"Electricity"
"OPEX";"Taxes_Scheme";"FR";"Bandwith Depot";"Tractor-Trailer";"PROG";"[-]";2030;"IC";"Sensitivity | Current policies | Removed diesel efficiency gains";"Electricity"
"OPEX";"Taxes_Scheme";"IT";"Bandwith Depot";"Rigid";"PROG";"[-]";2030;"IC";"Sensitivity | Current policies | Removed diesel efficiency gains";"Electricity"
"OPEX";"Taxes_Scheme";"IT";"Bandwith Depot";"Tractor-Trailer";"PROG";"[-]";2030;"IC";"Sensitivity | Current policies | Removed diesel efficiency gains";"Electricity"
"OPEX";"Taxes_Scheme";"NL";"Bandwith Depot";"Rigid";"PROG";"[-]";2030;"IC";"Sensitivity | Current policies | Removed diesel efficiency gains";"Electricity"
"OPEX";"Taxes_Scheme";"NL";"Bandwith Depot";"Tractor-Trailer";"PROG";"[-]";2030;"IC";"Sensitivity | Current policies | Removed diesel efficiency gains";"Electricity"
"OPEX";"Taxes_Scheme";"PL";"Bandwith Depot";"Rigid";"PROG";"[-]";2030;"IC";"Sensitivity | Current policies | Removed diesel efficiency gains";"Electricity"
"OPEX";"Taxes_Scheme";"PL";"Bandwith Depot";"Tractor-Trailer";"PROG";"[-]";2030;"IC";"Sensitivity | Current policies | Removed diesel efficiency gains";"Electricity"
"OPEX";"Taxes_Scheme";"UK";"Bandwith Depot";"Rigid";"PROG";"[-]";2030;"IC";"Sensitivity | Current policies | Removed diesel efficiency gains";"Electricity"
"OPEX";"Taxes_Scheme";"UK";"Bandwith Depot";"Tractor-Trailer";"PROG";"[-]";2030;"IC";"Sensitivity | Current policies | Removed diesel efficiency gains";"Electricity"
"OPEX";"Taxes_Scheme";"DE";"Bandwith MCS";"Rigid";"BAU";"[-]";2030;"IC";"Sensitivity | Current policies | Removed diesel efficiency gains";"Electricity"
"OPEX";"Taxes_Scheme";"DE";"Bandwith MCS";"Tractor-Trailer";"BAU";"[-]";2030;"IC";"Sensitivity | Current policies | Removed diesel efficiency gains";"Electricity"
"OPEX";"Taxes_Scheme";"ES";"Bandwith MCS";"Rigid";"BAU";"[-]";2030;"IC";"Sensitivity | Current policies | Removed diesel efficiency gains";"Electricity"
"OPEX";"Taxes_Scheme";"ES";"Bandwith MCS";"Tractor-Trailer";"BAU";"[-]";2030;"IC";"Sensitivity | Current policies | Removed diesel efficiency gains";"Electricity"
"OPEX";"Taxes_Scheme";"FR";"Bandwith MCS";"Rigid";"BAU";"[-]";2030;"IC";"Sensitivity | Current policies | Removed diesel efficiency gains";"Electricity"
"OPEX";"Taxes_Scheme";"FR";"Bandwith MCS";"Tractor-Trailer";"BAU";"[-]";2030;"IC";"Sensitivity | Current policies | Removed diesel efficiency gains";"Electricity"
"OPEX";"Taxes_Scheme";"IT";"Bandwith MCS";"Rigid";"BAU";"[-]";2030;"IC";"Sensitivity | Current policies | Removed diesel efficiency gains";"Electricity"
"OPEX";"Taxes_Scheme";"IT";"Bandwith MCS";"Tractor-Trailer";"BAU";"[-]";2030;"IC";"Sensitivity | Current policies | Removed diesel efficiency gains";"Electricity"
"OPEX";"Taxes_Scheme";"NL";"Bandwith MCS";"Rigid";"BAU";"[-]";2030;"IC";"Sensitivity | Current policies | Removed diesel efficiency gains";"Electricity"
"OPEX";"Taxes_Scheme";"NL";"Bandwith MCS";"Tractor-Trailer";"BAU";"[-]";2030;"IC";"Sensitivity | Current policies | Removed diesel efficiency gains";"Electricity"
"OPEX";"Taxes_Scheme";"PL";"Bandwith MCS";"Rigid";"BAU";"[-]";2030;"IC";"Sensitivity | Current policies | Removed diesel efficiency gains";"Electricity"
"OPEX";"Taxes_Scheme";"PL";"Bandwith MCS";"Tractor-Trailer";"BAU";"[-]";2030;"IC";"Sensitivity | Current policies | Removed diesel efficiency gains";"Electricity"
"OPEX";"Taxes_Scheme";"UK";"Bandwith MCS";"Rigid";"BAU";"[-]";2030;"IC";"Sensitivity | Current policies | Removed diesel efficiency gains";"Electricity"
"OPEX";"Taxes_Scheme";"UK";"Bandwith MCS";"Tractor-Trailer";"BAU";"[-]";2030;"IC";"Sensitivity | Current policies | Removed diesel efficiency gains";"Electricity"
"OPEX";"Taxes_Scheme";"DE";"Bandwith Depot";"Rigid";"BAU";"[-]";2030;"IB";"Sensitivity | Current policies | Removed diesel efficiency gains";"Electricity"
"OPEX";"Taxes_Scheme";"DE";"Bandwith Depot";"Tractor-Trailer";"BAU";"[-]";2030;"IB";"Sensitivity | Current policies | Removed diesel efficiency gains";"Electricity"
"OPEX";"Taxes_Scheme";"ES";"Bandwith Depot";"Rigid";"BAU";"[-]";2030;"IB";"Sensitivity | Current policies | Removed diesel efficiency gains";"Electricity"
"OPEX";"Taxes_Scheme";"ES";"Bandwith Depot";"Tractor-Trailer";"BAU";"[-]";2030;"IB";"Sensitivity | Current policies | Removed diesel efficiency gains";"Electricity"
"OPEX";"Taxes_Scheme";"FR";"Bandwith Depot";"Rigid";"BAU";"[-]";2030;"IB";"Sensitivity | Current policies | Removed diesel efficiency gains";"Electricity"
"OPEX";"Taxes_Scheme";"FR";"Bandwith Depot";"Tractor-Trailer";"BAU";"[-]";2030;"IB";"Sensitivity | Current policies | Removed diesel efficiency gains";"Electricity"
"OPEX";"Taxes_Scheme";"IT";"Bandwith Depot";"Rigid";"BAU";"[-]";2030;"IB";"Sensitivity | Current policies | Removed diesel efficiency gains";"Electricity"
"OPEX";"Taxes_Scheme";"IT";"Bandwith Depot";"Tractor-Trailer";"BAU";"[-]";2030;"IB";"Sensitivity | Current policies | Removed diesel efficiency gains";"Electricity"
"OPEX";"Taxes_Scheme";"NL";"Bandwith Depot";"Rigid";"BAU";"[-]";2030;"IB";"Sensitivity | Current policies | Removed diesel efficiency gains";"Electricity"
"OPEX";"Taxes_Scheme";"NL";"Bandwith Depot";"Tractor-Trailer";"BAU";"[-]";2030;"IB";"Sensitivity | Current policies | Removed diesel efficiency gains";"Electricity"
"OPEX";"Taxes_Scheme";"PL";"Bandwith Depot";"Rigid";"BAU";"[-]";2030;"IB";"Sensitivity | Current policies | Removed diesel efficiency gains";"Electricity"
"OPEX";"Taxes_Scheme";"PL";"Bandwith Depot";"Tractor-Trailer";"BAU";"[-]";2030;"IB";"Sensitivity | Current policies | Removed diesel efficiency gains";"Electricity"
"OPEX";"Taxes_Scheme";"UK";"Bandwith Depot";"Rigid";"BAU";"[-]";2030;"IB";"Sensitivity | Current policies | Removed diesel efficiency gains";"Electricity"
"OPEX";"Taxes_Scheme";"UK";"Bandwith Depot";"Tractor-Trailer";"BAU";"[-]";2030;"IB";"Sensitivity | Current policies | Removed diesel efficiency gains";"Electricity"
"OPEX";"Taxes_Scheme";"DE";"Bandwith MCS";"Rigid";"PROG";"[-]";2035;"ID";"Sensitivity | Current policies | Removed diesel efficiency gains";"Electricity"
"OPEX";"Taxes_Scheme";"DE";"Bandwith MCS";"Tractor-Trailer";"PROG";"[-]";2035;"ID";"Sensitivity | Current policies | Removed diesel efficiency gains";"Electricity"
"OPEX";"Taxes_Scheme";"ES";"Bandwith MCS";"Rigid";"PROG";"[-]";2035;"ID";"Sensitivity | Current policies | Removed diesel efficiency gains";"Electricity"
"OPEX";"Taxes_Scheme";"ES";"Bandwith MCS";"Tractor-Trailer";"PROG";"[-]";2035;"ID";"Sensitivity | Current policies | Removed diesel efficiency gains";"Electricity"
"OPEX";"Taxes_Scheme";"FR";"Bandwith MCS";"Rigid";"PROG";"[-]";2035;"ID";"Sensitivity | Current policies | Removed diesel efficiency gains";"Electricity"
"OPEX";"Taxes_Scheme";"FR";"Bandwith MCS";"Tractor-Trailer";"PROG";"[-]";2035;"ID";"Sensitivity | Current policies | Removed diesel efficiency gains";"Electricity"
"OPEX";"Taxes_Scheme";"IT";"Bandwith MCS";"Rigid";"PROG";"[-]";2035;"ID";"Sensitivity | Current policies | Removed diesel efficiency gains";"Electricity"
"OPEX";"Taxes_Scheme";"IT";"Bandwith MCS";"Tractor-Trailer";"PROG";"[-]";2035;"ID";"Sensitivity | Current policies | Removed diesel efficiency gains";"Electricity"
"OPEX";"Taxes_Scheme";"NL";"Bandwith MCS";"Rigid";"PROG";"[-]";2035;"ID";"Sensitivity | Current policies | Removed diesel efficiency gains";"Electricity"
"OPEX";"Taxes_Scheme";"NL";"Bandwith MCS";"Tractor-Trailer";"PROG";"[-]";2035;"ID";"Sensitivity | Current policies | Removed diesel efficiency gains";"Electricity"
"OPEX";"Taxes_Scheme";"PL";"Bandwith MCS";"Rigid";"PROG";"[-]";2035;"ID";"Sensitivity | Current policies | Removed diesel efficiency gains";"Electricity"
"OPEX";"Taxes_Scheme";"PL";"Bandwith MCS";"Tractor-Trailer";"PROG";"[-]";2035;"ID";"Sensitivity | Current policies | Removed diesel efficiency gains";"Electricity"
"OPEX";"Taxes_Scheme";"UK";"Bandwith MCS";"Rigid";"PROG";"[-]";2035;"ID";"Sensitivity | Current policies | Removed diesel efficiency gains";"Electricity"
"OPEX";"Taxes_Scheme";"UK";"Bandwith MCS";"Tractor-Trailer";"PROG";"[-]";2035;"ID";"Sensitivity | Current policies | Removed diesel efficiency gains";"Electricity"
"OPEX";"Taxes_Scheme";"DE";"Bandwith Depot";"Rigid";"PROG";"[-]";2035;"ID";"Sensitivity | Current policies | Removed diesel efficiency gains";"Electricity"
"OPEX";"Taxes_Scheme";"DE";"Bandwith Depot";"Tractor-Trailer";"PROG";"[-]";2035;"ID";"Sensitivity | Current policies | Removed diesel efficiency gains";"Electricity"
"OPEX";"Taxes_Scheme";"ES";"Bandwith Depot";"Rigid";"PROG";"[-]";2035;"ID";"Sensitivity | Current policies | Removed diesel efficiency gains";"Electricity"
"OPEX";"Taxes_Scheme";"ES";"Bandwith Depot";"Tractor-Trailer";"PROG";"[-]";2035;"ID";"Sensitivity | Current policies | Removed diesel efficiency gains";"Electricity"
"OPEX";"Taxes_Scheme";"FR";"Bandwith Depot";"Rigid";"PROG";"[-]";2035;"ID";"Sensitivity | Current policies | Removed diesel efficiency gains";"Electricity"
"OPEX";"Taxes_Scheme";"FR";"Bandwith Depot";"Tractor-Trailer";"PROG";"[-]";2035;"ID";"Sensitivity | Current policies | Removed diesel efficiency gains";"Electricity"
"OPEX";"Taxes_Scheme";"IT";"Bandwith Depot";"Rigid";"PROG";"[-]";2035;"ID";"Sensitivity | Current policies | Removed diesel efficiency gains";"Electricity"
"OPEX";"Taxes_Scheme";"IT";"Bandwith Depot";"Tractor-Trailer";"PROG";"[-]";2035;"ID";"Sensitivity | Current policies | Removed diesel efficiency gains";"Electricity"
"OPEX";"Taxes_Scheme";"NL";"Bandwith Depot";"Rigid";"PROG";"[-]";2035;"ID";"Sensitivity | Current policies | Removed diesel efficiency gains";"Electricity"
"OPEX";"Taxes_Scheme";"NL";"Bandwith Depot";"Tractor-Trailer";"PROG";"[-]";2035;"ID";"Sensitivity | Current policies | Removed diesel efficiency gains";"Electricity"
"OPEX";"Taxes_Scheme";"PL";"Bandwith Depot";"Rigid";"PROG";"[-]";2035;"ID";"Sensitivity | Current policies | Removed diesel efficiency gains";"Electricity"
"OPEX";"Taxes_Scheme";"PL";"Bandwith Depot";"Tractor-Trailer";"PROG";"[-]";2035;"ID";"Sensitivity | Current policies | Removed diesel efficiency gains";"Electricity"
"OPEX";"Taxes_Scheme";"UK";"Bandwith Depot";"Rigid";"PROG";"[-]";2035;"ID";"Sensitivity | Current policies | Removed diesel efficiency gains";"Electricity"
"OPEX";"Taxes_Scheme";"UK";"Bandwith Depot";"Tractor-Trailer";"PROG";"[-]";2035;"ID";"Sensitivity | Current policies | Removed diesel efficiency gains";"Electricity"
"OPEX";"Taxes_Scheme";"DE";"Bandwith MCS";"Rigid";"BAU";"[-]";2035;"ID";"Sensitivity | Current policies | Removed diesel efficiency gains";"Electricity"
"OPEX";"Taxes_Scheme";"DE";"Bandwith MCS";"Tractor-Trailer";"BAU";"[-]";2035;"ID";"Sensitivity | Current policies | Removed diesel efficiency gains";"Electricity"
"OPEX";"Taxes_Scheme";"ES";"Bandwith MCS";"Rigid";"BAU";"[-]";2035;"ID";"Sensitivity | Current policies | Removed diesel efficiency gains";"Electricity"
"OPEX";"Taxes_Scheme";"ES";"Bandwith MCS";"Tractor-Trailer";"BAU";"[-]";2035;"ID";"Sensitivity | Current policies | Removed diesel efficiency gains";"Electricity"
"OPEX";"Taxes_Scheme";"FR";"Bandwith MCS";"Rigid";"BAU";"[-]";2035;"ID";"Sensitivity | Current policies | Removed diesel efficiency gains";"Electricity"
"OPEX";"Taxes_Scheme";"FR";"Bandwith MCS";"Tractor-Trailer";"BAU";"[-]";2035;"ID";"Sensitivity | Current policies | Removed diesel efficiency gains";"Electricity"
"OPEX";"Taxes_Scheme";"IT";"Bandwith MCS";"Rigid";"BAU";"[-]";2035;"ID";"Sensitivity | Current policies | Removed diesel efficiency gains";"Electricity"
"OPEX";"Taxes_Scheme";"IT";"Bandwith MCS";"Tractor-Trailer";"BAU";"[-]";2035;"ID";"Sensitivity | Current policies | Removed diesel efficiency gains";"Electricity"
"OPEX";"Taxes_Scheme";"NL";"Bandwith MCS";"Rigid";"BAU";"[-]";2035;"ID";"Sensitivity | Current policies | Removed diesel efficiency gains";"Electricity"
"OPEX";"Taxes_Scheme";"NL";"Bandwith MCS";"Tractor-Trailer";"BAU";"[-]";2035;"ID";"Sensitivity | Current policies | Removed diesel efficiency gains";"Electricity"
"OPEX";"Taxes_Scheme";"PL";"Bandwith MCS";"Rigid";"BAU";"[-]";2035;"ID";"Sensitivity | Current policies | Removed diesel efficiency gains";"Electricity"
"OPEX";"Taxes_Scheme";"PL";"Bandwith MCS";"Tractor-Trailer";"BAU";"[-]";2035;"ID";"Sensitivity | Current policies | Removed diesel efficiency gains";"Electricity"
"OPEX";"Taxes_Scheme";"UK";"Bandwith MCS";"Rigid";"BAU";"[-]";2035;"ID";"Sensitivity | Current policies | Removed diesel efficiency gains";"Electricity"
"OPEX";"Taxes_Scheme";"UK";"Bandwith MCS";"Tractor-Trailer";"BAU";"[-]";2035;"ID";"Sensitivity | Current policies | Removed diesel efficiency gains";"Electricity"
"OPEX";"Taxes_Scheme";"DE";"Bandwith Depot";"Rigid";"BAU";"[-]";2035;"IC";"Sensitivity | Current policies | Removed diesel efficiency gains";"Electricity"
"OPEX";"Taxes_Scheme";"DE";"Bandwith Depot";"Tractor-Trailer";"BAU";"[-]";2035;"IC";"Sensitivity | Current policies | Removed diesel efficiency gains";"Electricity"
"OPEX";"Taxes_Scheme";"ES";"Bandwith Depot";"Rigid";"BAU";"[-]";2035;"IC";"Sensitivity | Current policies | Removed diesel efficiency gains";"Electricity"
"OPEX";"Taxes_Scheme";"ES";"Bandwith Depot";"Tractor-Trailer";"BAU";"[-]";2035;"IC";"Sensitivity | Current policies | Removed diesel efficiency gains";"Electricity"
"OPEX";"Taxes_Scheme";"FR";"Bandwith Depot";"Rigid";"BAU";"[-]";2035;"IC";"Sensitivity | Current policies | Removed diesel efficiency gains";"Electricity"
"OPEX";"Taxes_Scheme";"FR";"Bandwith Depot";"Tractor-Trailer";"BAU";"[-]";2035;"IC";"Sensitivity | Current policies | Removed diesel efficiency gains";"Electricity"
"OPEX";"Taxes_Scheme";"IT";"Bandwith Depot";"Rigid";"BAU";"[-]";2035;"IC";"Sensitivity | Current policies | Removed diesel efficiency gains";"Electricity"
"OPEX";"Taxes_Scheme";"IT";"Bandwith Depot";"Tractor-Trailer";"BAU";"[-]";2035;"IC";"Sensitivity | Current policies | Removed diesel efficiency gains";"Electricity"
"OPEX";"Taxes_Scheme";"NL";"Bandwith Depot";"Rigid";"BAU";"[-]";2035;"IC";"Sensitivity | Current policies | Removed diesel efficiency gains";"Electricity"
"OPEX";"Taxes_Scheme";"NL";"Bandwith Depot";"Tractor-Trailer";"BAU";"[-]";2035;"IC";"Sensitivity | Current policies | Removed diesel efficiency gains";"Electricity"
"OPEX";"Taxes_Scheme";"PL";"Bandwith Depot";"Rigid";"BAU";"[-]";2035;"IC";"Sensitivity | Current policies | Removed diesel efficiency gains";"Electricity"
"OPEX";"Taxes_Scheme";"PL";"Bandwith Depot";"Tractor-Trailer";"BAU";"[-]";2035;"IC";"Sensitivity | Current policies | Removed diesel efficiency gains";"Electricity"
"OPEX";"Taxes_Scheme";"UK";"Bandwith Depot";"Rigid";"BAU";"[-]";2035;"IC";"Sensitivity | Current policies | Removed diesel efficiency gains";"Electricity"
"OPEX";"Taxes_Scheme";"UK";"Bandwith Depot";"Tractor-Trailer";"BAU";"[-]";2035;"IC";"Sensitivity | Current policies | Removed diesel efficiency gains";"Electricity"
"OPEX";"Taxes_Scheme";"DE";"Bandwith MCS";"Rigid";"PROG";"[-]";2040;"ID";"Sensitivity | Current policies | Removed diesel efficiency gains";"Electricity"
"OPEX";"Taxes_Scheme";"DE";"Bandwith MCS";"Tractor-Trailer";"PROG";"[-]";2040;"ID";"Sensitivity | Current policies | Removed diesel efficiency gains";"Electricity"
"OPEX";"Taxes_Scheme";"ES";"Bandwith MCS";"Rigid";"PROG";"[-]";2040;"ID";"Sensitivity | Current policies | Removed diesel efficiency gains";"Electricity"
"OPEX";"Taxes_Scheme";"ES";"Bandwith MCS";"Tractor-Trailer";"PROG";"[-]";2040;"ID";"Sensitivity | Current policies | Removed diesel efficiency gains";"Electricity"
"OPEX";"Taxes_Scheme";"FR";"Bandwith MCS";"Rigid";"PROG";"[-]";2040;"ID";"Sensitivity | Current policies | Removed diesel efficiency gains";"Electricity"
"OPEX";"Taxes_Scheme";"FR";"Bandwith MCS";"Tractor-Trailer";"PROG";"[-]";2040;"ID";"Sensitivity | Current policies | Removed diesel efficiency gains";"Electricity"
"OPEX";"Taxes_Scheme";"IT";"Bandwith MCS";"Rigid";"PROG";"[-]";2040;"ID";"Sensitivity | Current policies | Removed diesel efficiency gains";"Electricity"
"OPEX";"Taxes_Scheme";"IT";"Bandwith MCS";"Tractor-Trailer";"PROG";"[-]";2040;"ID";"Sensitivity | Current policies | Removed diesel efficiency gains";"Electricity"
"OPEX";"Taxes_Scheme";"NL";"Bandwith MCS";"Rigid";"PROG";"[-]";2040;"ID";"Sensitivity | Current policies | Removed diesel efficiency gains";"Electricity"
"OPEX";"Taxes_Scheme";"NL";"Bandwith MCS";"Tractor-Trailer";"PROG";"[-]";2040;"ID";"Sensitivity | Current policies | Removed diesel efficiency gains";"Electricity"
"OPEX";"Taxes_Scheme";"PL";"Bandwith MCS";"Rigid";"PROG";"[-]";2040;"ID";"Sensitivity | Current policies | Removed diesel efficiency gains";"Electricity"
"OPEX";"Taxes_Scheme";"PL";"Bandwith MCS";"Tractor-Trailer";"PROG";"[-]";2040;"ID";"Sensitivity | Current policies | Removed diesel efficiency gains";"Electricity"
"OPEX";"Taxes_Scheme";"UK";"Bandwith MCS";"Rigid";"PROG";"[-]";2040;"ID";"Sensitivity | Current policies | Removed diesel efficiency gains";"Electricity"
"OPEX";"Taxes_Scheme";"UK";"Bandwith MCS";"Tractor-Trailer";"PROG";"[-]";2040;"ID";"Sensitivity | Current policies | Removed diesel efficiency gains";"Electricity"
"OPEX";"Taxes_Scheme";"DE";"Bandwith Depot";"Rigid";"PROG";"[-]";2040;"ID";"Sensitivity | Current policies | Removed diesel efficiency gains";"Electricity"
"OPEX";"Taxes_Scheme";"DE";"Bandwith Depot";"Tractor-Trailer";"PROG";"[-]";2040;"ID";"Sensitivity | Current policies | Removed diesel efficiency gains";"Electricity"
"OPEX";"Taxes_Scheme";"ES";"Bandwith Depot";"Rigid";"PROG";"[-]";2040;"ID";"Sensitivity | Current policies | Removed diesel efficiency gains";"Electricity"
"OPEX";"Taxes_Scheme";"ES";"Bandwith Depot";"Tractor-Trailer";"PROG";"[-]";2040;"ID";"Sensitivity | Current policies | Removed diesel efficiency gains";"Electricity"
"OPEX";"Taxes_Scheme";"FR";"Bandwith Depot";"Rigid";"PROG";"[-]";2040;"ID";"Sensitivity | Current policies | Removed diesel efficiency gains";"Electricity"
"OPEX";"Taxes_Scheme";"FR";"Bandwith Depot";"Tractor-Trailer";"PROG";"[-]";2040;"ID";"Sensitivity | Current policies | Removed diesel efficiency gains";"Electricity"
"OPEX";"Taxes_Scheme";"IT";"Bandwith Depot";"Rigid";"PROG";"[-]";2040;"ID";"Sensitivity | Current policies | Removed diesel efficiency gains";"Electricity"
"OPEX";"Taxes_Scheme";"IT";"Bandwith Depot";"Tractor-Trailer";"PROG";"[-]";2040;"ID";"Sensitivity | Current policies | Removed diesel efficiency gains";"Electricity"
"OPEX";"Taxes_Scheme";"NL";"Bandwith Depot";"Rigid";"PROG";"[-]";2040;"ID";"Sensitivity | Current policies | Removed diesel efficiency gains";"Electricity"
"OPEX";"Taxes_Scheme";"NL";"Bandwith Depot";"Tractor-Trailer";"PROG";"[-]";2040;"ID";"Sensitivity | Current policies | Removed diesel efficiency gains";"Electricity"
"OPEX";"Taxes_Scheme";"PL";"Bandwith Depot";"Rigid";"PROG";"[-]";2040;"ID";"Sensitivity | Current policies | Removed diesel efficiency gains";"Electricity"
"OPEX";"Taxes_Scheme";"PL";"Bandwith Depot";"Tractor-Trailer";"PROG";"[-]";2040;"ID";"Sensitivity | Current policies | Removed diesel efficiency gains";"Electricity"
"OPEX";"Taxes_Scheme";"UK";"Bandwith Depot";"Rigid";"PROG";"[-]";2040;"ID";"Sensitivity | Current policies | Removed diesel efficiency gains";"Electricity"
"OPEX";"Taxes_Scheme";"UK";"Bandwith Depot";"Tractor-Trailer";"PROG";"[-]";2040;"ID";"Sensitivity | Current policies | Removed diesel efficiency gains";"Electricity"
"OPEX";"Taxes_Scheme";"DE";"Bandwith MCS";"Rigid";"BAU";"[-]";2040;"ID";"Sensitivity | Current policies | Removed diesel efficiency gains";"Electricity"
"OPEX";"Taxes_Scheme";"DE";"Bandwith MCS";"Tractor-Trailer";"BAU";"[-]";2040;"ID";"Sensitivity | Current policies | Removed diesel efficiency gains";"Electricity"
"OPEX";"Taxes_Scheme";"ES";"Bandwith MCS";"Rigid";"BAU";"[-]";2040;"ID";"Sensitivity | Current policies | Removed diesel efficiency gains";"Electricity"
"OPEX";"Taxes_Scheme";"ES";"Bandwith MCS";"Tractor-Trailer";"BAU";"[-]";2040;"ID";"Sensitivity | Current policies | Removed diesel efficiency gains";"Electricity"
"OPEX";"Taxes_Scheme";"FR";"Bandwith MCS";"Rigid";"BAU";"[-]";2040;"ID";"Sensitivity | Current policies | Removed diesel efficiency gains";"Electricity"
"OPEX";"Taxes_Scheme";"FR";"Bandwith MCS";"Tractor-Trailer";"BAU";"[-]";2040;"ID";"Sensitivity | Current policies | Removed diesel efficiency gains";"Electricity"
"OPEX";"Taxes_Scheme";"IT";"Bandwith MCS";"Rigid";"BAU";"[-]";2040;"ID";"Sensitivity | Current policies | Removed diesel efficiency gains";"Electricity"
"OPEX";"Taxes_Scheme";"IT";"Bandwith MCS";"Tractor-Trailer";"BAU";"[-]";2040;"ID";"Sensitivity | Current policies | Removed diesel efficiency gains";"Electricity"
"OPEX";"Taxes_Scheme";"NL";"Bandwith MCS";"Rigid";"BAU";"[-]";2040;"ID";"Sensitivity | Current policies | Removed diesel efficiency gains";"Electricity"
"OPEX";"Taxes_Scheme";"NL";"Bandwith MCS";"Tractor-Trailer";"BAU";"[-]";2040;"ID";"Sensitivity | Current policies | Removed diesel efficiency gains";"Electricity"
"OPEX";"Taxes_Scheme";"PL";"Bandwith MCS";"Rigid";"BAU";"[-]";2040;"ID";"Sensitivity | Current policies | Removed diesel efficiency gains";"Electricity"
"OPEX";"Taxes_Scheme";"PL";"Bandwith MCS";"Tractor-Trailer";"BAU";"[-]";2040;"ID";"Sensitivity | Current policies | Removed diesel efficiency gains";"Electricity"
"OPEX";"Taxes_Scheme";"UK";"Bandwith MCS";"Rigid";"BAU";"[-]";2040;"ID";"Sensitivity | Current policies | Removed diesel efficiency gains";"Electricity"
"OPEX";"Taxes_Scheme";"UK";"Bandwith MCS";"Tractor-Trailer";"BAU";"[-]";2040;"ID";"Sensitivity | Current policies | Removed diesel efficiency gains";"Electricity"
"OPEX";"Taxes_Scheme";"DE";"Bandwith Depot";"Rigid";"BAU";"[-]";2040;"IC";"Sensitivity | Current policies | Removed diesel efficiency gains";"Electricity"
"OPEX";"Taxes_Scheme";"DE";"Bandwith Depot";"Tractor-Trailer";"BAU";"[-]";2040;"IC";"Sensitivity | Current policies | Removed diesel efficiency gains";"Electricity"
"OPEX";"Taxes_Scheme";"ES";"Bandwith Depot";"Rigid";"BAU";"[-]";2040;"IC";"Sensitivity | Current policies | Removed diesel efficiency gains";"Electricity"
"OPEX";"Taxes_Scheme";"ES";"Bandwith Depot";"Tractor-Trailer";"BAU";"[-]";2040;"IC";"Sensitivity | Current policies | Removed diesel efficiency gains";"Electricity"
"OPEX";"Taxes_Scheme";"FR";"Bandwith Depot";"Rigid";"BAU";"[-]";2040;"IC";"Sensitivity | Current policies | Removed diesel efficiency gains";"Electricity"
"OPEX";"Taxes_Scheme";"FR";"Bandwith Depot";"Tractor-Trailer";"BAU";"[-]";2040;"IC";"Sensitivity | Current policies | Removed diesel efficiency gains";"Electricity"
"OPEX";"Taxes_Scheme";"IT";"Bandwith Depot";"Rigid";"BAU";"[-]";2040;"IC";"Sensitivity | Current policies | Removed diesel efficiency gains";"Electricity"
"OPEX";"Taxes_Scheme";"IT";"Bandwith Depot";"Tractor-Trailer";"BAU";"[-]";2040;"IC";"Sensitivity | Current policies | Removed diesel efficiency gains";"Electricity"
"OPEX";"Taxes_Scheme";"NL";"Bandwith Depot";"Rigid";"BAU";"[-]";2040;"IC";"Sensitivity | Current policies | Removed diesel efficiency gains";"Electricity"
"OPEX";"Taxes_Scheme";"NL";"Bandwith Depot";"Tractor-Trailer";"BAU";"[-]";2040;"IC";"Sensitivity | Current policies | Removed diesel efficiency gains";"Electricity"
"OPEX";"Taxes_Scheme";"PL";"Bandwith Depot";"Rigid";"BAU";"[-]";2040;"IC";"Sensitivity | Current policies | Removed diesel efficiency gains";"Electricity"
"OPEX";"Taxes_Scheme";"PL";"Bandwith Depot";"Tractor-Trailer";"BAU";"[-]";2040;"IC";"Sensitivity | Current policies | Removed diesel efficiency gains";"Electricity"
"OPEX";"Taxes_Scheme";"UK";"Bandwith Depot";"Rigid";"BAU";"[-]";2040;"IC";"Sensitivity | Current policies | Removed diesel efficiency gains";"Electricity"
"OPEX";"Taxes_Scheme";"UK";"Bandwith Depot";"Tractor-Trailer";"BAU";"[-]";2040;"IC";"Sensitivity | Current policies | Removed diesel efficiency gains";"Electricity"
"OPEX";"Taxes_Scheme";"DE";"Bandwith MCS";"Rigid";"PROG";"[-]";2045;"ID";"Sensitivity | Current policies | Removed diesel efficiency gains";"Electricity"
"OPEX";"Taxes_Scheme";"DE";"Bandwith MCS";"Tractor-Trailer";"PROG";"[-]";2045;"ID";"Sensitivity | Current policies | Removed diesel efficiency gains";"Electricity"
"OPEX";"Taxes_Scheme";"ES";"Bandwith MCS";"Rigid";"PROG";"[-]";2045;"IE";"Sensitivity | Current policies | Removed diesel efficiency gains";"Electricity"
"OPEX";"Taxes_Scheme";"ES";"Bandwith MCS";"Tractor-Trailer";"PROG";"[-]";2045;"IE";"Sensitivity | Current policies | Removed diesel efficiency gains";"Electricity"
"OPEX";"Taxes_Scheme";"FR";"Bandwith MCS";"Rigid";"PROG";"[-]";2045;"IE";"Sensitivity | Current policies | Removed diesel efficiency gains";"Electricity"
"OPEX";"Taxes_Scheme";"FR";"Bandwith MCS";"Tractor-Trailer";"PROG";"[-]";2045;"IE";"Sensitivity | Current policies | Removed diesel efficiency gains";"Electricity"
"OPEX";"Taxes_Scheme";"IT";"Bandwith MCS";"Rigid";"PROG";"[-]";2045;"IE";"Sensitivity | Current policies | Removed diesel efficiency gains";"Electricity"
"OPEX";"Taxes_Scheme";"IT";"Bandwith MCS";"Tractor-Trailer";"PROG";"[-]";2045;"IE";"Sensitivity | Current policies | Removed diesel efficiency gains";"Electricity"
"OPEX";"Taxes_Scheme";"NL";"Bandwith MCS";"Rigid";"PROG";"[-]";2045;"IE";"Sensitivity | Current policies | Removed diesel efficiency gains";"Electricity"
"OPEX";"Taxes_Scheme";"NL";"Bandwith MCS";"Tractor-Trailer";"PROG";"[-]";2045;"IE";"Sensitivity | Current policies | Removed diesel efficiency gains";"Electricity"
"OPEX";"Taxes_Scheme";"PL";"Bandwith MCS";"Rigid";"PROG";"[-]";2045;"IE";"Sensitivity | Current policies | Removed diesel efficiency gains";"Electricity"
"OPEX";"Taxes_Scheme";"PL";"Bandwith MCS";"Tractor-Trailer";"PROG";"[-]";2045;"IE";"Sensitivity | Current policies | Removed diesel efficiency gains";"Electricity"
"OPEX";"Taxes_Scheme";"UK";"Bandwith MCS";"Rigid";"PROG";"[-]";2045;"IE";"Sensitivity | Current policies | Removed diesel efficiency gains";"Electricity"
"OPEX";"Taxes_Scheme";"UK";"Bandwith MCS";"Tractor-Trailer";"PROG";"[-]";2045;"IE";"Sensitivity | Current policies | Removed diesel efficiency gains";"Electricity"
"OPEX";"Taxes_Scheme";"DE";"Bandwith Depot";"Rigid";"PROG";"[-]";2045;"ID";"Sensitivity | Current policies | Removed diesel efficiency gains";"Electricity"
"OPEX";"Taxes_Scheme";"DE";"Bandwith Depot";"Tractor-Trailer";"PROG";"[-]";2045;"ID";"Sensitivity | Current policies | Removed diesel efficiency gains";"Electricity"
"OPEX";"Taxes_Scheme";"ES";"Bandwith Depot";"Rigid";"PROG";"[-]";2045;"ID";"Sensitivity | Current policies | Removed diesel efficiency gains";"Electricity"
"OPEX";"Taxes_Scheme";"ES";"Bandwith Depot";"Tractor-Trailer";"PROG";"[-]";2045;"ID";"Sensitivity | Current policies | Removed diesel efficiency gains";"Electricity"
"OPEX";"Taxes_Scheme";"FR";"Bandwith Depot";"Rigid";"PROG";"[-]";2045;"ID";"Sensitivity | Current policies | Removed diesel efficiency gains";"Electricity"
"OPEX";"Taxes_Scheme";"FR";"Bandwith Depot";"Tractor-Trailer";"PROG";"[-]";2045;"ID";"Sensitivity | Current policies | Removed diesel efficiency gains";"Electricity"
"OPEX";"Taxes_Scheme";"IT";"Bandwith Depot";"Rigid";"PROG";"[-]";2045;"ID";"Sensitivity | Current policies | Removed diesel efficiency gains";"Electricity"
"OPEX";"Taxes_Scheme";"IT";"Bandwith Depot";"Tractor-Trailer";"PROG";"[-]";2045;"ID";"Sensitivity | Current policies | Removed diesel efficiency gains";"Electricity"
"OPEX";"Taxes_Scheme";"NL";"Bandwith Depot";"Rigid";"PROG";"[-]";2045;"ID";"Sensitivity | Current policies | Removed diesel efficiency gains";"Electricity"
"OPEX";"Taxes_Scheme";"NL";"Bandwith Depot";"Tractor-Trailer";"PROG";"[-]";2045;"ID";"Sensitivity | Current policies | Removed diesel efficiency gains";"Electricity"
"OPEX";"Taxes_Scheme";"PL";"Bandwith Depot";"Rigid";"PROG";"[-]";2045;"ID";"Sensitivity | Current policies | Removed diesel efficiency gains";"Electricity"
"OPEX";"Taxes_Scheme";"PL";"Bandwith Depot";"Tractor-Trailer";"PROG";"[-]";2045;"ID";"Sensitivity | Current policies | Removed diesel efficiency gains";"Electricity"
"OPEX";"Taxes_Scheme";"UK";"Bandwith Depot";"Rigid";"PROG";"[-]";2045;"ID";"Sensitivity | Current policies | Removed diesel efficiency gains";"Electricity"
"OPEX";"Taxes_Scheme";"UK";"Bandwith Depot";"Tractor-Trailer";"PROG";"[-]";2045;"ID";"Sensitivity | Current policies | Removed diesel efficiency gains";"Electricity"
"OPEX";"Taxes_Scheme";"DE";"Bandwith MCS";"Rigid";"BAU";"[-]";2045;"ID";"Sensitivity | Current policies | Removed diesel efficiency gains";"Electricity"
"OPEX";"Taxes_Scheme";"DE";"Bandwith MCS";"Tractor-Trailer";"BAU";"[-]";2045;"ID";"Sensitivity | Current policies | Removed diesel efficiency gains";"Electricity"
"OPEX";"Taxes_Scheme";"ES";"Bandwith MCS";"Rigid";"BAU";"[-]";2045;"ID";"Sensitivity | Current policies | Removed diesel efficiency gains";"Electricity"
"OPEX";"Taxes_Scheme";"ES";"Bandwith MCS";"Tractor-Trailer";"BAU";"[-]";2045;"ID";"Sensitivity | Current policies | Removed diesel efficiency gains";"Electricity"
"OPEX";"Taxes_Scheme";"FR";"Bandwith MCS";"Rigid";"BAU";"[-]";2045;"ID";"Sensitivity | Current policies | Removed diesel efficiency gains";"Electricity"
"OPEX";"Taxes_Scheme";"FR";"Bandwith MCS";"Tractor-Trailer";"BAU";"[-]";2045;"ID";"Sensitivity | Current policies | Removed diesel efficiency gains";"Electricity"
"OPEX";"Taxes_Scheme";"IT";"Bandwith MCS";"Rigid";"BAU";"[-]";2045;"ID";"Sensitivity | Current policies | Removed diesel efficiency gains";"Electricity"
"OPEX";"Taxes_Scheme";"IT";"Bandwith MCS";"Tractor-Trailer";"BAU";"[-]";2045;"ID";"Sensitivity | Current policies | Removed diesel efficiency gains";"Electricity"
"OPEX";"Taxes_Scheme";"NL";"Bandwith MCS";"Rigid";"BAU";"[-]";2045;"ID";"Sensitivity | Current policies | Removed diesel efficiency gains";"Electricity"
"OPEX";"Taxes_Scheme";"NL";"Bandwith MCS";"Tractor-Trailer";"BAU";"[-]";2045;"ID";"Sensitivity | Current policies | Removed diesel efficiency gains";"Electricity"
"OPEX";"Taxes_Scheme";"PL";"Bandwith MCS";"Rigid";"BAU";"[-]";2045;"ID";"Sensitivity | Current policies | Removed diesel efficiency gains";"Electricity"
"OPEX";"Taxes_Scheme";"PL";"Bandwith MCS";"Tractor-Trailer";"BAU";"[-]";2045;"ID";"Sensitivity | Current policies | Removed diesel efficiency gains";"Electricity"
"OPEX";"Taxes_Scheme";"UK";"Bandwith MCS";"Rigid";"BAU";"[-]";2045;"ID";"Sensitivity | Current policies | Removed diesel efficiency gains";"Electricity"
"OPEX";"Taxes_Scheme";"UK";"Bandwith MCS";"Tractor-Trailer";"BAU";"[-]";2045;"ID";"Sensitivity | Current policies | Removed diesel efficiency gains";"Electricity"
"OPEX";"Taxes_Scheme";"DE";"Bandwith Depot";"Rigid";"BAU";"[-]";2045;"IC";"Sensitivity | Current policies | Removed diesel efficiency gains";"Electricity"
"OPEX";"Taxes_Scheme";"DE";"Bandwith Depot";"Tractor-Trailer";"BAU";"[-]";2045;"IC";"Sensitivity | Current policies | Removed diesel efficiency gains";"Electricity"
"OPEX";"Taxes_Scheme";"ES";"Bandwith Depot";"Rigid";"BAU";"[-]";2045;"IC";"Sensitivity | Current policies | Removed diesel efficiency gains";"Electricity"
"OPEX";"Taxes_Scheme";"ES";"Bandwith Depot";"Tractor-Trailer";"BAU";"[-]";2045;"IC";"Sensitivity | Current policies | Removed diesel efficiency gains";"Electricity"
"OPEX";"Taxes_Scheme";"FR";"Bandwith Depot";"Rigid";"BAU";"[-]";2045;"IC";"Sensitivity | Current policies | Removed diesel efficiency gains";"Electricity"
"OPEX";"Taxes_Scheme";"FR";"Bandwith Depot";"Tractor-Trailer";"BAU";"[-]";2045;"IC";"Sensitivity | Current policies | Removed diesel efficiency gains";"Electricity"
"OPEX";"Taxes_Scheme";"IT";"Bandwith Depot";"Rigid";"BAU";"[-]";2045;"IC";"Sensitivity | Current policies | Removed diesel efficiency gains";"Electricity"
"OPEX";"Taxes_Scheme";"IT";"Bandwith Depot";"Tractor-Trailer";"BAU";"[-]";2045;"IC";"Sensitivity | Current policies | Removed diesel efficiency gains";"Electricity"
"OPEX";"Taxes_Scheme";"NL";"Bandwith Depot";"Rigid";"BAU";"[-]";2045;"IC";"Sensitivity | Current policies | Removed diesel efficiency gains";"Electricity"
"OPEX";"Taxes_Scheme";"NL";"Bandwith Depot";"Tractor-Trailer";"BAU";"[-]";2045;"IC";"Sensitivity | Current policies | Removed diesel efficiency gains";"Electricity"
"OPEX";"Taxes_Scheme";"PL";"Bandwith Depot";"Rigid";"BAU";"[-]";2045;"IC";"Sensitivity | Current policies | Removed diesel efficiency gains";"Electricity"
"OPEX";"Taxes_Scheme";"PL";"Bandwith Depot";"Tractor-Trailer";"BAU";"[-]";2045;"IC";"Sensitivity | Current policies | Removed diesel efficiency gains";"Electricity"
"OPEX";"Taxes_Scheme";"UK";"Bandwith Depot";"Rigid";"BAU";"[-]";2045;"IC";"Sensitivity | Current policies | Removed diesel efficiency gains";"Electricity"
"OPEX";"Taxes_Scheme";"UK";"Bandwith Depot";"Tractor-Trailer";"BAU";"[-]";2045;"IC";"Sensitivity | Current policies | Removed diesel efficiency gains";"Electricity"
"OPEX";"Taxes_Scheme";"DE";"Bandwith MCS";"Rigid";"PROG";"[-]";2050;"IE";"Sensitivity | Current policies | Removed diesel efficiency gains";"Electricity"
"OPEX";"Taxes_Scheme";"DE";"Bandwith MCS";"Tractor-Trailer";"PROG";"[-]";2050;"IE";"Sensitivity | Current policies | Removed diesel efficiency gains";"Electricity"
"OPEX";"Taxes_Scheme";"ES";"Bandwith MCS";"Rigid";"PROG";"[-]";2050;"IE";"Sensitivity | Current policies | Removed diesel efficiency gains";"Electricity"
"OPEX";"Taxes_Scheme";"ES";"Bandwith MCS";"Tractor-Trailer";"PROG";"[-]";2050;"IE";"Sensitivity | Current policies | Removed diesel efficiency gains";"Electricity"
"OPEX";"Taxes_Scheme";"FR";"Bandwith MCS";"Rigid";"PROG";"[-]";2050;"IE";"Sensitivity | Current policies | Removed diesel efficiency gains";"Electricity"
"OPEX";"Taxes_Scheme";"FR";"Bandwith MCS";"Tractor-Trailer";"PROG";"[-]";2050;"IE";"Sensitivity | Current policies | Removed diesel efficiency gains";"Electricity"
"OPEX";"Taxes_Scheme";"IT";"Bandwith MCS";"Rigid";"PROG";"[-]";2050;"IE";"Sensitivity | Current policies | Removed diesel efficiency gains";"Electricity"
"OPEX";"Taxes_Scheme";"IT";"Bandwith MCS";"Tractor-Trailer";"PROG";"[-]";2050;"IE";"Sensitivity | Current policies | Removed diesel efficiency gains";"Electricity"
"OPEX";"Taxes_Scheme";"NL";"Bandwith MCS";"Rigid";"PROG";"[-]";2050;"IE";"Sensitivity | Current policies | Removed diesel efficiency gains";"Electricity"
"OPEX";"Taxes_Scheme";"NL";"Bandwith MCS";"Tractor-Trailer";"PROG";"[-]";2050;"IE";"Sensitivity | Current policies | Removed diesel efficiency gains";"Electricity"
"OPEX";"Taxes_Scheme";"PL";"Bandwith MCS";"Rigid";"PROG";"[-]";2050;"IE";"Sensitivity | Current policies | Removed diesel efficiency gains";"Electricity"
"OPEX";"Taxes_Scheme";"PL";"Bandwith MCS";"Tractor-Trailer";"PROG";"[-]";2050;"IE";"Sensitivity | Current policies | Removed diesel efficiency gains";"Electricity"
"OPEX";"Taxes_Scheme";"UK";"Bandwith MCS";"Rigid";"PROG";"[-]";2050;"IE";"Sensitivity | Current policies | Removed diesel efficiency gains";"Electricity"
"OPEX";"Taxes_Scheme";"UK";"Bandwith MCS";"Tractor-Trailer";"PROG";"[-]";2050;"IE";"Sensitivity | Current policies | Removed diesel efficiency gains";"Electricity"
"OPEX";"Taxes_Scheme";"DE";"Bandwith Depot";"Rigid";"PROG";"[-]";2050;"ID";"Sensitivity | Current policies | Removed diesel efficiency gains";"Electricity"
"OPEX";"Taxes_Scheme";"DE";"Bandwith Depot";"Tractor-Trailer";"PROG";"[-]";2050;"ID";"Sensitivity | Current policies | Removed diesel efficiency gains";"Electricity"
"OPEX";"Taxes_Scheme";"ES";"Bandwith Depot";"Rigid";"PROG";"[-]";2050;"ID";"Sensitivity | Current policies | Removed diesel efficiency gains";"Electricity"
"OPEX";"Taxes_Scheme";"ES";"Bandwith Depot";"Tractor-Trailer";"PROG";"[-]";2050;"ID";"Sensitivity | Current policies | Removed diesel efficiency gains";"Electricity"
"OPEX";"Taxes_Scheme";"FR";"Bandwith Depot";"Rigid";"PROG";"[-]";2050;"ID";"Sensitivity | Current policies | Removed diesel efficiency gains";"Electricity"
"OPEX";"Taxes_Scheme";"FR";"Bandwith Depot";"Tractor-Trailer";"PROG";"[-]";2050;"ID";"Sensitivity | Current policies | Removed diesel efficiency gains";"Electricity"
"OPEX";"Taxes_Scheme";"IT";"Bandwith Depot";"Rigid";"PROG";"[-]";2050;"ID";"Sensitivity | Current policies | Removed diesel efficiency gains";"Electricity"
"OPEX";"Taxes_Scheme";"IT";"Bandwith Depot";"Tractor-Trailer";"PROG";"[-]";2050;"ID";"Sensitivity | Current policies | Removed diesel efficiency gains";"Electricity"
"OPEX";"Taxes_Scheme";"NL";"Bandwith Depot";"Rigid";"PROG";"[-]";2050;"ID";"Sensitivity | Current policies | Removed diesel efficiency gains";"Electricity"
"OPEX";"Taxes_Scheme";"NL";"Bandwith Depot";"Tractor-Trailer";"PROG";"[-]";2050;"ID";"Sensitivity | Current policies | Removed diesel efficiency gains";"Electricity"
"OPEX";"Taxes_Scheme";"PL";"Bandwith Depot";"Rigid";"PROG";"[-]";2050;"ID";"Sensitivity | Current policies | Removed diesel efficiency gains";"Electricity"
"OPEX";"Taxes_Scheme";"PL";"Bandwith Depot";"Tractor-Trailer";"PROG";"[-]";2050;"ID";"Sensitivity | Current policies | Removed diesel efficiency gains";"Electricity"
"OPEX";"Taxes_Scheme";"UK";"Bandwith Depot";"Rigid";"PROG";"[-]";2050;"ID";"Sensitivity | Current policies | Removed diesel efficiency gains";"Electricity"
"OPEX";"Taxes_Scheme";"UK";"Bandwith Depot";"Tractor-Trailer";"PROG";"[-]";2050;"ID";"Sensitivity | Current policies | Removed diesel efficiency gains";"Electricity"
"OPEX";"Taxes_Scheme";"DE";"Bandwith MCS";"Rigid";"BAU";"[-]";2050;"ID";"Sensitivity | Current policies | Removed diesel efficiency gains";"Electricity"
"OPEX";"Taxes_Scheme";"DE";"Bandwith MCS";"Tractor-Trailer";"BAU";"[-]";2050;"ID";"Sensitivity | Current policies | Removed diesel efficiency gains";"Electricity"
"OPEX";"Taxes_Scheme";"ES";"Bandwith MCS";"Rigid";"BAU";"[-]";2050;"ID";"Sensitivity | Current policies | Removed diesel efficiency gains";"Electricity"
"OPEX";"Taxes_Scheme";"ES";"Bandwith MCS";"Tractor-Trailer";"BAU";"[-]";2050;"ID";"Sensitivity | Current policies | Removed diesel efficiency gains";"Electricity"
"OPEX";"Taxes_Scheme";"FR";"Bandwith MCS";"Rigid";"BAU";"[-]";2050;"ID";"Sensitivity | Current policies | Removed diesel efficiency gains";"Electricity"
"OPEX";"Taxes_Scheme";"FR";"Bandwith MCS";"Tractor-Trailer";"BAU";"[-]";2050;"ID";"Sensitivity | Current policies | Removed diesel efficiency gains";"Electricity"
"OPEX";"Taxes_Scheme";"IT";"Bandwith MCS";"Rigid";"BAU";"[-]";2050;"ID";"Sensitivity | Current policies | Removed diesel efficiency gains";"Electricity"
"OPEX";"Taxes_Scheme";"IT";"Bandwith MCS";"Tractor-Trailer";"BAU";"[-]";2050;"ID";"Sensitivity | Current policies | Removed diesel efficiency gains";"Electricity"
"OPEX";"Taxes_Scheme";"NL";"Bandwith MCS";"Rigid";"BAU";"[-]";2050;"ID";"Sensitivity | Current policies | Removed diesel efficiency gains";"Electricity"
"OPEX";"Taxes_Scheme";"NL";"Bandwith MCS";"Tractor-Trailer";"BAU";"[-]";2050;"ID";"Sensitivity | Current policies | Removed diesel efficiency gains";"Electricity"
"OPEX";"Taxes_Scheme";"PL";"Bandwith MCS";"Rigid";"BAU";"[-]";2050;"ID";"Sensitivity | Current policies | Removed diesel efficiency gains";"Electricity"
"OPEX";"Taxes_Scheme";"PL";"Bandwith MCS";"Tractor-Trailer";"BAU";"[-]";2050;"ID";"Sensitivity | Current policies | Removed diesel efficiency gains";"Electricity"
"OPEX";"Taxes_Scheme";"UK";"Bandwith MCS";"Rigid";"BAU";"[-]";2050;"ID";"Sensitivity | Current policies | Removed diesel efficiency gains";"Electricity"
"OPEX";"Taxes_Scheme";"UK";"Bandwith MCS";"Tractor-Trailer";"BAU";"[-]";2050;"ID";"Sensitivity | Current policies | Removed diesel efficiency gains";"Electricity"
"OPEX";"Taxes_Scheme";"DE";"Bandwith Depot";"Rigid";"BAU";"[-]";2050;"IC";"Sensitivity | Current policies | Removed diesel efficiency gains";"Electricity"
"OPEX";"Taxes_Scheme";"DE";"Bandwith Depot";"Tractor-Trailer";"BAU";"[-]";2050;"IC";"Sensitivity | Current policies | Removed diesel efficiency gains";"Electricity"
"OPEX";"Taxes_Scheme";"ES";"Bandwith Depot";"Rigid";"BAU";"[-]";2050;"IC";"Sensitivity | Current policies | Removed diesel efficiency gains";"Electricity"
"OPEX";"Taxes_Scheme";"ES";"Bandwith Depot";"Tractor-Trailer";"BAU";"[-]";2050;"IC";"Sensitivity | Current policies | Removed diesel efficiency gains";"Electricity"
"OPEX";"Taxes_Scheme";"FR";"Bandwith Depot";"Rigid";"BAU";"[-]";2050;"IC";"Sensitivity | Current policies | Removed diesel efficiency gains";"Electricity"
"OPEX";"Taxes_Scheme";"FR";"Bandwith Depot";"Tractor-Trailer";"BAU";"[-]";2050;"IC";"Sensitivity | Current policies | Removed diesel efficiency gains";"Electricity"
"OPEX";"Taxes_Scheme";"IT";"Bandwith Depot";"Rigid";"BAU";"[-]";2050;"IC";"Sensitivity | Current policies | Removed diesel efficiency gains";"Electricity"
"OPEX";"Taxes_Scheme";"IT";"Bandwith Depot";"Tractor-Trailer";"BAU";"[-]";2050;"IC";"Sensitivity | Current policies | Removed diesel efficiency gains";"Electricity"
"OPEX";"Taxes_Scheme";"NL";"Bandwith Depot";"Rigid";"BAU";"[-]";2050;"IC";"Sensitivity | Current policies | Removed diesel efficiency gains";"Electricity"
"OPEX";"Taxes_Scheme";"NL";"Bandwith Depot";"Tractor-Trailer";"BAU";"[-]";2050;"IC";"Sensitivity | Current policies | Removed diesel efficiency gains";"Electricity"
"OPEX";"Taxes_Scheme";"PL";"Bandwith Depot";"Rigid";"BAU";"[-]";2050;"IC";"Sensitivity | Current policies | Removed diesel efficiency gains";"Electricity"
"OPEX";"Taxes_Scheme";"PL";"Bandwith Depot";"Tractor-Trailer";"BAU";"[-]";2050;"IC";"Sensitivity | Current policies | Removed diesel efficiency gains";"Electricity"
"OPEX";"Taxes_Scheme";"UK";"Bandwith Depot";"Rigid";"BAU";"[-]";2050;"IC";"Sensitivity | Current policies | Removed diesel efficiency gains";"Electricity"
"OPEX";"Taxes_Scheme";"UK";"Bandwith Depot";"Tractor-Trailer";"BAU";"[-]";2050;"IC";"Sensitivity | Current policies | Removed diesel efficiency gains";"Electricity"
"OPEX";"Taxes_Scheme";"DE";"Bandwith MCS";"Rigid";"PROG";"[-]";2030;"IC";"Sensitivity | Removed policies | Removed diesel efficiency gains";"Electricity"
"OPEX";"Taxes_Scheme";"DE";"Bandwith MCS";"Tractor-Trailer";"PROG";"[-]";2030;"IC";"Sensitivity | Removed policies | Removed diesel efficiency gains";"Electricity"
"OPEX";"Taxes_Scheme";"ES";"Bandwith MCS";"Rigid";"PROG";"[-]";2030;"ID";"Sensitivity | Removed policies | Removed diesel efficiency gains";"Electricity"
"OPEX";"Taxes_Scheme";"ES";"Bandwith MCS";"Tractor-Trailer";"PROG";"[-]";2030;"ID";"Sensitivity | Removed policies | Removed diesel efficiency gains";"Electricity"
"OPEX";"Taxes_Scheme";"FR";"Bandwith MCS";"Rigid";"PROG";"[-]";2030;"ID";"Sensitivity | Removed policies | Removed diesel efficiency gains";"Electricity"
"OPEX";"Taxes_Scheme";"FR";"Bandwith MCS";"Tractor-Trailer";"PROG";"[-]";2030;"ID";"Sensitivity | Removed policies | Removed diesel efficiency gains";"Electricity"
"OPEX";"Taxes_Scheme";"IT";"Bandwith MCS";"Rigid";"PROG";"[-]";2030;"ID";"Sensitivity | Removed policies | Removed diesel efficiency gains";"Electricity"
"OPEX";"Taxes_Scheme";"IT";"Bandwith MCS";"Tractor-Trailer";"PROG";"[-]";2030;"ID";"Sensitivity | Removed policies | Removed diesel efficiency gains";"Electricity"
"OPEX";"Taxes_Scheme";"NL";"Bandwith MCS";"Rigid";"PROG";"[-]";2030;"ID";"Sensitivity | Removed policies | Removed diesel efficiency gains";"Electricity"
"OPEX";"Taxes_Scheme";"NL";"Bandwith MCS";"Tractor-Trailer";"PROG";"[-]";2030;"ID";"Sensitivity | Removed policies | Removed diesel efficiency gains";"Electricity"
"OPEX";"Taxes_Scheme";"PL";"Bandwith MCS";"Rigid";"PROG";"[-]";2030;"ID";"Sensitivity | Removed policies | Removed diesel efficiency gains";"Electricity"
"OPEX";"Taxes_Scheme";"PL";"Bandwith MCS";"Tractor-Trailer";"PROG";"[-]";2030;"ID";"Sensitivity | Removed policies | Removed diesel efficiency gains";"Electricity"
"OPEX";"Taxes_Scheme";"UK";"Bandwith MCS";"Rigid";"PROG";"[-]";2030;"ID";"Sensitivity | Removed policies | Removed diesel efficiency gains";"Electricity"
"OPEX";"Taxes_Scheme";"UK";"Bandwith MCS";"Tractor-Trailer";"PROG";"[-]";2030;"ID";"Sensitivity | Removed policies | Removed diesel efficiency gains";"Electricity"
"OPEX";"Taxes_Scheme";"DE";"Bandwith Depot";"Rigid";"PROG";"[-]";2030;"IC";"Sensitivity | Removed policies | Removed diesel efficiency gains";"Electricity"
"OPEX";"Taxes_Scheme";"DE";"Bandwith Depot";"Tractor-Trailer";"PROG";"[-]";2030;"IC";"Sensitivity | Removed policies | Removed diesel efficiency gains";"Electricity"
"OPEX";"Taxes_Scheme";"ES";"Bandwith Depot";"Rigid";"PROG";"[-]";2030;"IC";"Sensitivity | Removed policies | Removed diesel efficiency gains";"Electricity"
"OPEX";"Taxes_Scheme";"ES";"Bandwith Depot";"Tractor-Trailer";"PROG";"[-]";2030;"IC";"Sensitivity | Removed policies | Removed diesel efficiency gains";"Electricity"
"OPEX";"Taxes_Scheme";"FR";"Bandwith Depot";"Rigid";"PROG";"[-]";2030;"IC";"Sensitivity | Removed policies | Removed diesel efficiency gains";"Electricity"
"OPEX";"Taxes_Scheme";"FR";"Bandwith Depot";"Tractor-Trailer";"PROG";"[-]";2030;"IC";"Sensitivity | Removed policies | Removed diesel efficiency gains";"Electricity"
"OPEX";"Taxes_Scheme";"IT";"Bandwith Depot";"Rigid";"PROG";"[-]";2030;"IC";"Sensitivity | Removed policies | Removed diesel efficiency gains";"Electricity"
"OPEX";"Taxes_Scheme";"IT";"Bandwith Depot";"Tractor-Trailer";"PROG";"[-]";2030;"IC";"Sensitivity | Removed policies | Removed diesel efficiency gains";"Electricity"
"OPEX";"Taxes_Scheme";"NL";"Bandwith Depot";"Rigid";"PROG";"[-]";2030;"IC";"Sensitivity | Removed policies | Removed diesel efficiency gains";"Electricity"
"OPEX";"Taxes_Scheme";"NL";"Bandwith Depot";"Tractor-Trailer";"PROG";"[-]";2030;"IC";"Sensitivity | Removed policies | Removed diesel efficiency gains";"Electricity"
"OPEX";"Taxes_Scheme";"PL";"Bandwith Depot";"Rigid";"PROG";"[-]";2030;"IC";"Sensitivity | Removed policies | Removed diesel efficiency gains";"Electricity"
"OPEX";"Taxes_Scheme";"PL";"Bandwith Depot";"Tractor-Trailer";"PROG";"[-]";2030;"IC";"Sensitivity | Removed policies | Removed diesel efficiency gains";"Electricity"
"OPEX";"Taxes_Scheme";"UK";"Bandwith Depot";"Rigid";"PROG";"[-]";2030;"IC";"Sensitivity | Removed policies | Removed diesel efficiency gains";"Electricity"
"OPEX";"Taxes_Scheme";"UK";"Bandwith Depot";"Tractor-Trailer";"PROG";"[-]";2030;"IC";"Sensitivity | Removed policies | Removed diesel efficiency gains";"Electricity"
"OPEX";"Taxes_Scheme";"DE";"Bandwith MCS";"Rigid";"BAU";"[-]";2030;"IC";"Sensitivity | Removed policies | Removed diesel efficiency gains";"Electricity"
"OPEX";"Taxes_Scheme";"DE";"Bandwith MCS";"Tractor-Trailer";"BAU";"[-]";2030;"IC";"Sensitivity | Removed policies | Removed diesel efficiency gains";"Electricity"
"OPEX";"Taxes_Scheme";"ES";"Bandwith MCS";"Rigid";"BAU";"[-]";2030;"IC";"Sensitivity | Removed policies | Removed diesel efficiency gains";"Electricity"
"OPEX";"Taxes_Scheme";"ES";"Bandwith MCS";"Tractor-Trailer";"BAU";"[-]";2030;"IC";"Sensitivity | Removed policies | Removed diesel efficiency gains";"Electricity"
"OPEX";"Taxes_Scheme";"FR";"Bandwith MCS";"Rigid";"BAU";"[-]";2030;"IC";"Sensitivity | Removed policies | Removed diesel efficiency gains";"Electricity"
"OPEX";"Taxes_Scheme";"FR";"Bandwith MCS";"Tractor-Trailer";"BAU";"[-]";2030;"IC";"Sensitivity | Removed policies | Removed diesel efficiency gains";"Electricity"
"OPEX";"Taxes_Scheme";"IT";"Bandwith MCS";"Rigid";"BAU";"[-]";2030;"IC";"Sensitivity | Removed policies | Removed diesel efficiency gains";"Electricity"
"OPEX";"Taxes_Scheme";"IT";"Bandwith MCS";"Tractor-Trailer";"BAU";"[-]";2030;"IC";"Sensitivity | Removed policies | Removed diesel efficiency gains";"Electricity"
"OPEX";"Taxes_Scheme";"NL";"Bandwith MCS";"Rigid";"BAU";"[-]";2030;"IC";"Sensitivity | Removed policies | Removed diesel efficiency gains";"Electricity"
"OPEX";"Taxes_Scheme";"NL";"Bandwith MCS";"Tractor-Trailer";"BAU";"[-]";2030;"IC";"Sensitivity | Removed policies | Removed diesel efficiency gains";"Electricity"
"OPEX";"Taxes_Scheme";"PL";"Bandwith MCS";"Rigid";"BAU";"[-]";2030;"IC";"Sensitivity | Removed policies | Removed diesel efficiency gains";"Electricity"
"OPEX";"Taxes_Scheme";"PL";"Bandwith MCS";"Tractor-Trailer";"BAU";"[-]";2030;"IC";"Sensitivity | Removed policies | Removed diesel efficiency gains";"Electricity"
"OPEX";"Taxes_Scheme";"UK";"Bandwith MCS";"Rigid";"BAU";"[-]";2030;"IC";"Sensitivity | Removed policies | Removed diesel efficiency gains";"Electricity"
"OPEX";"Taxes_Scheme";"UK";"Bandwith MCS";"Tractor-Trailer";"BAU";"[-]";2030;"IC";"Sensitivity | Removed policies | Removed diesel efficiency gains";"Electricity"
"OPEX";"Taxes_Scheme";"DE";"Bandwith Depot";"Rigid";"BAU";"[-]";2030;"IB";"Sensitivity | Removed policies | Removed diesel efficiency gains";"Electricity"
"OPEX";"Taxes_Scheme";"DE";"Bandwith Depot";"Tractor-Trailer";"BAU";"[-]";2030;"IB";"Sensitivity | Removed policies | Removed diesel efficiency gains";"Electricity"
"OPEX";"Taxes_Scheme";"ES";"Bandwith Depot";"Rigid";"BAU";"[-]";2030;"IB";"Sensitivity | Removed policies | Removed diesel efficiency gains";"Electricity"
"OPEX";"Taxes_Scheme";"ES";"Bandwith Depot";"Tractor-Trailer";"BAU";"[-]";2030;"IB";"Sensitivity | Removed policies | Removed diesel efficiency gains";"Electricity"
"OPEX";"Taxes_Scheme";"FR";"Bandwith Depot";"Rigid";"BAU";"[-]";2030;"IB";"Sensitivity | Removed policies | Removed diesel efficiency gains";"Electricity"
"OPEX";"Taxes_Scheme";"FR";"Bandwith Depot";"Tractor-Trailer";"BAU";"[-]";2030;"IB";"Sensitivity | Removed policies | Removed diesel efficiency gains";"Electricity"
"OPEX";"Taxes_Scheme";"IT";"Bandwith Depot";"Rigid";"BAU";"[-]";2030;"IB";"Sensitivity | Removed policies | Removed diesel efficiency gains";"Electricity"
"OPEX";"Taxes_Scheme";"IT";"Bandwith Depot";"Tractor-Trailer";"BAU";"[-]";2030;"IB";"Sensitivity | Removed policies | Removed diesel efficiency gains";"Electricity"
"OPEX";"Taxes_Scheme";"NL";"Bandwith Depot";"Rigid";"BAU";"[-]";2030;"IB";"Sensitivity | Removed policies | Removed diesel efficiency gains";"Electricity"
"OPEX";"Taxes_Scheme";"NL";"Bandwith Depot";"Tractor-Trailer";"BAU";"[-]";2030;"IB";"Sensitivity | Removed policies | Removed diesel efficiency gains";"Electricity"
"OPEX";"Taxes_Scheme";"PL";"Bandwith Depot";"Rigid";"BAU";"[-]";2030;"IB";"Sensitivity | Removed policies | Removed diesel efficiency gains";"Electricity"
"OPEX";"Taxes_Scheme";"PL";"Bandwith Depot";"Tractor-Trailer";"BAU";"[-]";2030;"IB";"Sensitivity | Removed policies | Removed diesel efficiency gains";"Electricity"
"OPEX";"Taxes_Scheme";"UK";"Bandwith Depot";"Rigid";"BAU";"[-]";2030;"IB";"Sensitivity | Removed policies | Removed diesel efficiency gains";"Electricity"
"OPEX";"Taxes_Scheme";"UK";"Bandwith Depot";"Tractor-Trailer";"BAU";"[-]";2030;"IB";"Sensitivity | Removed policies | Removed diesel efficiency gains";"Electricity"
"OPEX";"Taxes_Scheme";"DE";"Bandwith MCS";"Rigid";"PROG";"[-]";2035;"ID";"Sensitivity | Removed policies | Removed diesel efficiency gains";"Electricity"
"OPEX";"Taxes_Scheme";"DE";"Bandwith MCS";"Tractor-Trailer";"PROG";"[-]";2035;"ID";"Sensitivity | Removed policies | Removed diesel efficiency gains";"Electricity"
"OPEX";"Taxes_Scheme";"ES";"Bandwith MCS";"Rigid";"PROG";"[-]";2035;"ID";"Sensitivity | Removed policies | Removed diesel efficiency gains";"Electricity"
"OPEX";"Taxes_Scheme";"ES";"Bandwith MCS";"Tractor-Trailer";"PROG";"[-]";2035;"ID";"Sensitivity | Removed policies | Removed diesel efficiency gains";"Electricity"
"OPEX";"Taxes_Scheme";"FR";"Bandwith MCS";"Rigid";"PROG";"[-]";2035;"ID";"Sensitivity | Removed policies | Removed diesel efficiency gains";"Electricity"
"OPEX";"Taxes_Scheme";"FR";"Bandwith MCS";"Tractor-Trailer";"PROG";"[-]";2035;"ID";"Sensitivity | Removed policies | Removed diesel efficiency gains";"Electricity"
"OPEX";"Taxes_Scheme";"IT";"Bandwith MCS";"Rigid";"PROG";"[-]";2035;"ID";"Sensitivity | Removed policies | Removed diesel efficiency gains";"Electricity"
"OPEX";"Taxes_Scheme";"IT";"Bandwith MCS";"Tractor-Trailer";"PROG";"[-]";2035;"ID";"Sensitivity | Removed policies | Removed diesel efficiency gains";"Electricity"
"OPEX";"Taxes_Scheme";"NL";"Bandwith MCS";"Rigid";"PROG";"[-]";2035;"ID";"Sensitivity | Removed policies | Removed diesel efficiency gains";"Electricity"
"OPEX";"Taxes_Scheme";"NL";"Bandwith MCS";"Tractor-Trailer";"PROG";"[-]";2035;"ID";"Sensitivity | Removed policies | Removed diesel efficiency gains";"Electricity"
"OPEX";"Taxes_Scheme";"PL";"Bandwith MCS";"Rigid";"PROG";"[-]";2035;"ID";"Sensitivity | Removed policies | Removed diesel efficiency gains";"Electricity"
"OPEX";"Taxes_Scheme";"PL";"Bandwith MCS";"Tractor-Trailer";"PROG";"[-]";2035;"ID";"Sensitivity | Removed policies | Removed diesel efficiency gains";"Electricity"
"OPEX";"Taxes_Scheme";"UK";"Bandwith MCS";"Rigid";"PROG";"[-]";2035;"ID";"Sensitivity | Removed policies | Removed diesel efficiency gains";"Electricity"
"OPEX";"Taxes_Scheme";"UK";"Bandwith MCS";"Tractor-Trailer";"PROG";"[-]";2035;"ID";"Sensitivity | Removed policies | Removed diesel efficiency gains";"Electricity"
"OPEX";"Taxes_Scheme";"DE";"Bandwith Depot";"Rigid";"PROG";"[-]";2035;"ID";"Sensitivity | Removed policies | Removed diesel efficiency gains";"Electricity"
"OPEX";"Taxes_Scheme";"DE";"Bandwith Depot";"Tractor-Trailer";"PROG";"[-]";2035;"ID";"Sensitivity | Removed policies | Removed diesel efficiency gains";"Electricity"
"OPEX";"Taxes_Scheme";"ES";"Bandwith Depot";"Rigid";"PROG";"[-]";2035;"ID";"Sensitivity | Removed policies | Removed diesel efficiency gains";"Electricity"
"OPEX";"Taxes_Scheme";"ES";"Bandwith Depot";"Tractor-Trailer";"PROG";"[-]";2035;"ID";"Sensitivity | Removed policies | Removed diesel efficiency gains";"Electricity"
"OPEX";"Taxes_Scheme";"FR";"Bandwith Depot";"Rigid";"PROG";"[-]";2035;"ID";"Sensitivity | Removed policies | Removed diesel efficiency gains";"Electricity"
"OPEX";"Taxes_Scheme";"FR";"Bandwith Depot";"Tractor-Trailer";"PROG";"[-]";2035;"ID";"Sensitivity | Removed policies | Removed diesel efficiency gains";"Electricity"
"OPEX";"Taxes_Scheme";"IT";"Bandwith Depot";"Rigid";"PROG";"[-]";2035;"ID";"Sensitivity | Removed policies | Removed diesel efficiency gains";"Electricity"
"OPEX";"Taxes_Scheme";"IT";"Bandwith Depot";"Tractor-Trailer";"PROG";"[-]";2035;"ID";"Sensitivity | Removed policies | Removed diesel efficiency gains";"Electricity"
"OPEX";"Taxes_Scheme";"NL";"Bandwith Depot";"Rigid";"PROG";"[-]";2035;"ID";"Sensitivity | Removed policies | Removed diesel efficiency gains";"Electricity"
"OPEX";"Taxes_Scheme";"NL";"Bandwith Depot";"Tractor-Trailer";"PROG";"[-]";2035;"ID";"Sensitivity | Removed policies | Removed diesel efficiency gains";"Electricity"
"OPEX";"Taxes_Scheme";"PL";"Bandwith Depot";"Rigid";"PROG";"[-]";2035;"ID";"Sensitivity | Removed policies | Removed diesel efficiency gains";"Electricity"
"OPEX";"Taxes_Scheme";"PL";"Bandwith Depot";"Tractor-Trailer";"PROG";"[-]";2035;"ID";"Sensitivity | Removed policies | Removed diesel efficiency gains";"Electricity"
"OPEX";"Taxes_Scheme";"UK";"Bandwith Depot";"Rigid";"PROG";"[-]";2035;"ID";"Sensitivity | Removed policies | Removed diesel efficiency gains";"Electricity"
"OPEX";"Taxes_Scheme";"UK";"Bandwith Depot";"Tractor-Trailer";"PROG";"[-]";2035;"ID";"Sensitivity | Removed policies | Removed diesel efficiency gains";"Electricity"
"OPEX";"Taxes_Scheme";"DE";"Bandwith MCS";"Rigid";"BAU";"[-]";2035;"ID";"Sensitivity | Removed policies | Removed diesel efficiency gains";"Electricity"
"OPEX";"Taxes_Scheme";"DE";"Bandwith MCS";"Tractor-Trailer";"BAU";"[-]";2035;"ID";"Sensitivity | Removed policies | Removed diesel efficiency gains";"Electricity"
"OPEX";"Taxes_Scheme";"ES";"Bandwith MCS";"Rigid";"BAU";"[-]";2035;"ID";"Sensitivity | Removed policies | Removed diesel efficiency gains";"Electricity"
"OPEX";"Taxes_Scheme";"ES";"Bandwith MCS";"Tractor-Trailer";"BAU";"[-]";2035;"ID";"Sensitivity | Removed policies | Removed diesel efficiency gains";"Electricity"
"OPEX";"Taxes_Scheme";"FR";"Bandwith MCS";"Rigid";"BAU";"[-]";2035;"ID";"Sensitivity | Removed policies | Removed diesel efficiency gains";"Electricity"
"OPEX";"Taxes_Scheme";"FR";"Bandwith MCS";"Tractor-Trailer";"BAU";"[-]";2035;"ID";"Sensitivity | Removed policies | Removed diesel efficiency gains";"Electricity"
"OPEX";"Taxes_Scheme";"IT";"Bandwith MCS";"Rigid";"BAU";"[-]";2035;"ID";"Sensitivity | Removed policies | Removed diesel efficiency gains";"Electricity"
"OPEX";"Taxes_Scheme";"IT";"Bandwith MCS";"Tractor-Trailer";"BAU";"[-]";2035;"ID";"Sensitivity | Removed policies | Removed diesel efficiency gains";"Electricity"
"OPEX";"Taxes_Scheme";"NL";"Bandwith MCS";"Rigid";"BAU";"[-]";2035;"ID";"Sensitivity | Removed policies | Removed diesel efficiency gains";"Electricity"
"OPEX";"Taxes_Scheme";"NL";"Bandwith MCS";"Tractor-Trailer";"BAU";"[-]";2035;"ID";"Sensitivity | Removed policies | Removed diesel efficiency gains";"Electricity"
"OPEX";"Taxes_Scheme";"PL";"Bandwith MCS";"Rigid";"BAU";"[-]";2035;"ID";"Sensitivity | Removed policies | Removed diesel efficiency gains";"Electricity"
"OPEX";"Taxes_Scheme";"PL";"Bandwith MCS";"Tractor-Trailer";"BAU";"[-]";2035;"ID";"Sensitivity | Removed policies | Removed diesel efficiency gains";"Electricity"
"OPEX";"Taxes_Scheme";"UK";"Bandwith MCS";"Rigid";"BAU";"[-]";2035;"ID";"Sensitivity | Removed policies | Removed diesel efficiency gains";"Electricity"
"OPEX";"Taxes_Scheme";"UK";"Bandwith MCS";"Tractor-Trailer";"BAU";"[-]";2035;"ID";"Sensitivity | Removed policies | Removed diesel efficiency gains";"Electricity"
"OPEX";"Taxes_Scheme";"DE";"Bandwith Depot";"Rigid";"BAU";"[-]";2035;"IC";"Sensitivity | Removed policies | Removed diesel efficiency gains";"Electricity"
"OPEX";"Taxes_Scheme";"DE";"Bandwith Depot";"Tractor-Trailer";"BAU";"[-]";2035;"IC";"Sensitivity | Removed policies | Removed diesel efficiency gains";"Electricity"
"OPEX";"Taxes_Scheme";"ES";"Bandwith Depot";"Rigid";"BAU";"[-]";2035;"IC";"Sensitivity | Removed policies | Removed diesel efficiency gains";"Electricity"
"OPEX";"Taxes_Scheme";"ES";"Bandwith Depot";"Tractor-Trailer";"BAU";"[-]";2035;"IC";"Sensitivity | Removed policies | Removed diesel efficiency gains";"Electricity"
"OPEX";"Taxes_Scheme";"FR";"Bandwith Depot";"Rigid";"BAU";"[-]";2035;"IC";"Sensitivity | Removed policies | Removed diesel efficiency gains";"Electricity"
"OPEX";"Taxes_Scheme";"FR";"Bandwith Depot";"Tractor-Trailer";"BAU";"[-]";2035;"IC";"Sensitivity | Removed policies | Removed diesel efficiency gains";"Electricity"
"OPEX";"Taxes_Scheme";"IT";"Bandwith Depot";"Rigid";"BAU";"[-]";2035;"IC";"Sensitivity | Removed policies | Removed diesel efficiency gains";"Electricity"
"OPEX";"Taxes_Scheme";"IT";"Bandwith Depot";"Tractor-Trailer";"BAU";"[-]";2035;"IC";"Sensitivity | Removed policies | Removed diesel efficiency gains";"Electricity"
"OPEX";"Taxes_Scheme";"NL";"Bandwith Depot";"Rigid";"BAU";"[-]";2035;"IC";"Sensitivity | Removed policies | Removed diesel efficiency gains";"Electricity"
"OPEX";"Taxes_Scheme";"NL";"Bandwith Depot";"Tractor-Trailer";"BAU";"[-]";2035;"IC";"Sensitivity | Removed policies | Removed diesel efficiency gains";"Electricity"
"OPEX";"Taxes_Scheme";"PL";"Bandwith Depot";"Rigid";"BAU";"[-]";2035;"IC";"Sensitivity | Removed policies | Removed diesel efficiency gains";"Electricity"
"OPEX";"Taxes_Scheme";"PL";"Bandwith Depot";"Tractor-Trailer";"BAU";"[-]";2035;"IC";"Sensitivity | Removed policies | Removed diesel efficiency gains";"Electricity"
"OPEX";"Taxes_Scheme";"UK";"Bandwith Depot";"Rigid";"BAU";"[-]";2035;"IC";"Sensitivity | Removed policies | Removed diesel efficiency gains";"Electricity"
"OPEX";"Taxes_Scheme";"UK";"Bandwith Depot";"Tractor-Trailer";"BAU";"[-]";2035;"IC";"Sensitivity | Removed policies | Removed diesel efficiency gains";"Electricity"
"OPEX";"Taxes_Scheme";"DE";"Bandwith MCS";"Rigid";"PROG";"[-]";2040;"ID";"Sensitivity | Removed policies | Removed diesel efficiency gains";"Electricity"
"OPEX";"Taxes_Scheme";"DE";"Bandwith MCS";"Tractor-Trailer";"PROG";"[-]";2040;"ID";"Sensitivity | Removed policies | Removed diesel efficiency gains";"Electricity"
"OPEX";"Taxes_Scheme";"ES";"Bandwith MCS";"Rigid";"PROG";"[-]";2040;"ID";"Sensitivity | Removed policies | Removed diesel efficiency gains";"Electricity"
"OPEX";"Taxes_Scheme";"ES";"Bandwith MCS";"Tractor-Trailer";"PROG";"[-]";2040;"ID";"Sensitivity | Removed policies | Removed diesel efficiency gains";"Electricity"
"OPEX";"Taxes_Scheme";"FR";"Bandwith MCS";"Rigid";"PROG";"[-]";2040;"ID";"Sensitivity | Removed policies | Removed diesel efficiency gains";"Electricity"
"OPEX";"Taxes_Scheme";"FR";"Bandwith MCS";"Tractor-Trailer";"PROG";"[-]";2040;"ID";"Sensitivity | Removed policies | Removed diesel efficiency gains";"Electricity"
"OPEX";"Taxes_Scheme";"IT";"Bandwith MCS";"Rigid";"PROG";"[-]";2040;"ID";"Sensitivity | Removed policies | Removed diesel efficiency gains";"Electricity"
"OPEX";"Taxes_Scheme";"IT";"Bandwith MCS";"Tractor-Trailer";"PROG";"[-]";2040;"ID";"Sensitivity | Removed policies | Removed diesel efficiency gains";"Electricity"
"OPEX";"Taxes_Scheme";"NL";"Bandwith MCS";"Rigid";"PROG";"[-]";2040;"ID";"Sensitivity | Removed policies | Removed diesel efficiency gains";"Electricity"
"OPEX";"Taxes_Scheme";"NL";"Bandwith MCS";"Tractor-Trailer";"PROG";"[-]";2040;"ID";"Sensitivity | Removed policies | Removed diesel efficiency gains";"Electricity"
"OPEX";"Taxes_Scheme";"PL";"Bandwith MCS";"Rigid";"PROG";"[-]";2040;"ID";"Sensitivity | Removed policies | Removed diesel efficiency gains";"Electricity"
"OPEX";"Taxes_Scheme";"PL";"Bandwith MCS";"Tractor-Trailer";"PROG";"[-]";2040;"ID";"Sensitivity | Removed policies | Removed diesel efficiency gains";"Electricity"
"OPEX";"Taxes_Scheme";"UK";"Bandwith MCS";"Rigid";"PROG";"[-]";2040;"ID";"Sensitivity | Removed policies | Removed diesel efficiency gains";"Electricity"
"OPEX";"Taxes_Scheme";"UK";"Bandwith MCS";"Tractor-Trailer";"PROG";"[-]";2040;"ID";"Sensitivity | Removed policies | Removed diesel efficiency gains";"Electricity"
"OPEX";"Taxes_Scheme";"DE";"Bandwith Depot";"Rigid";"PROG";"[-]";2040;"ID";"Sensitivity | Removed policies | Removed diesel efficiency gains";"Electricity"
"OPEX";"Taxes_Scheme";"DE";"Bandwith Depot";"Tractor-Trailer";"PROG";"[-]";2040;"ID";"Sensitivity | Removed policies | Removed diesel efficiency gains";"Electricity"
"OPEX";"Taxes_Scheme";"ES";"Bandwith Depot";"Rigid";"PROG";"[-]";2040;"ID";"Sensitivity | Removed policies | Removed diesel efficiency gains";"Electricity"
"OPEX";"Taxes_Scheme";"ES";"Bandwith Depot";"Tractor-Trailer";"PROG";"[-]";2040;"ID";"Sensitivity | Removed policies | Removed diesel efficiency gains";"Electricity"
"OPEX";"Taxes_Scheme";"FR";"Bandwith Depot";"Rigid";"PROG";"[-]";2040;"ID";"Sensitivity | Removed policies | Removed diesel efficiency gains";"Electricity"
"OPEX";"Taxes_Scheme";"FR";"Bandwith Depot";"Tractor-Trailer";"PROG";"[-]";2040;"ID";"Sensitivity | Removed policies | Removed diesel efficiency gains";"Electricity"
"OPEX";"Taxes_Scheme";"IT";"Bandwith Depot";"Rigid";"PROG";"[-]";2040;"ID";"Sensitivity | Removed policies | Removed diesel efficiency gains";"Electricity"
"OPEX";"Taxes_Scheme";"IT";"Bandwith Depot";"Tractor-Trailer";"PROG";"[-]";2040;"ID";"Sensitivity | Removed policies | Removed diesel efficiency gains";"Electricity"
"OPEX";"Taxes_Scheme";"NL";"Bandwith Depot";"Rigid";"PROG";"[-]";2040;"ID";"Sensitivity | Removed policies | Removed diesel efficiency gains";"Electricity"
"OPEX";"Taxes_Scheme";"NL";"Bandwith Depot";"Tractor-Trailer";"PROG";"[-]";2040;"ID";"Sensitivity | Removed policies | Removed diesel efficiency gains";"Electricity"
"OPEX";"Taxes_Scheme";"PL";"Bandwith Depot";"Rigid";"PROG";"[-]";2040;"ID";"Sensitivity | Removed policies | Removed diesel efficiency gains";"Electricity"
"OPEX";"Taxes_Scheme";"PL";"Bandwith Depot";"Tractor-Trailer";"PROG";"[-]";2040;"ID";"Sensitivity | Removed policies | Removed diesel efficiency gains";"Electricity"
"OPEX";"Taxes_Scheme";"UK";"Bandwith Depot";"Rigid";"PROG";"[-]";2040;"ID";"Sensitivity | Removed policies | Removed diesel efficiency gains";"Electricity"
"OPEX";"Taxes_Scheme";"UK";"Bandwith Depot";"Tractor-Trailer";"PROG";"[-]";2040;"ID";"Sensitivity | Removed policies | Removed diesel efficiency gains";"Electricity"
"OPEX";"Taxes_Scheme";"DE";"Bandwith MCS";"Rigid";"BAU";"[-]";2040;"ID";"Sensitivity | Removed policies | Removed diesel efficiency gains";"Electricity"
"OPEX";"Taxes_Scheme";"DE";"Bandwith MCS";"Tractor-Trailer";"BAU";"[-]";2040;"ID";"Sensitivity | Removed policies | Removed diesel efficiency gains";"Electricity"
"OPEX";"Taxes_Scheme";"ES";"Bandwith MCS";"Rigid";"BAU";"[-]";2040;"ID";"Sensitivity | Removed policies | Removed diesel efficiency gains";"Electricity"
"OPEX";"Taxes_Scheme";"ES";"Bandwith MCS";"Tractor-Trailer";"BAU";"[-]";2040;"ID";"Sensitivity | Removed policies | Removed diesel efficiency gains";"Electricity"
"OPEX";"Taxes_Scheme";"FR";"Bandwith MCS";"Rigid";"BAU";"[-]";2040;"ID";"Sensitivity | Removed policies | Removed diesel efficiency gains";"Electricity"
"OPEX";"Taxes_Scheme";"FR";"Bandwith MCS";"Tractor-Trailer";"BAU";"[-]";2040;"ID";"Sensitivity | Removed policies | Removed diesel efficiency gains";"Electricity"
"OPEX";"Taxes_Scheme";"IT";"Bandwith MCS";"Rigid";"BAU";"[-]";2040;"ID";"Sensitivity | Removed policies | Removed diesel efficiency gains";"Electricity"
"OPEX";"Taxes_Scheme";"IT";"Bandwith MCS";"Tractor-Trailer";"BAU";"[-]";2040;"ID";"Sensitivity | Removed policies | Removed diesel efficiency gains";"Electricity"
"OPEX";"Taxes_Scheme";"NL";"Bandwith MCS";"Rigid";"BAU";"[-]";2040;"ID";"Sensitivity | Removed policies | Removed diesel efficiency gains";"Electricity"
"OPEX";"Taxes_Scheme";"NL";"Bandwith MCS";"Tractor-Trailer";"BAU";"[-]";2040;"ID";"Sensitivity | Removed policies | Removed diesel efficiency gains";"Electricity"
"OPEX";"Taxes_Scheme";"PL";"Bandwith MCS";"Rigid";"BAU";"[-]";2040;"ID";"Sensitivity | Removed policies | Removed diesel efficiency gains";"Electricity"
"OPEX";"Taxes_Scheme";"PL";"Bandwith MCS";"Tractor-Trailer";"BAU";"[-]";2040;"ID";"Sensitivity | Removed policies | Removed diesel efficiency gains";"Electricity"
"OPEX";"Taxes_Scheme";"UK";"Bandwith MCS";"Rigid";"BAU";"[-]";2040;"ID";"Sensitivity | Removed policies | Removed diesel efficiency gains";"Electricity"
"OPEX";"Taxes_Scheme";"UK";"Bandwith MCS";"Tractor-Trailer";"BAU";"[-]";2040;"ID";"Sensitivity | Removed policies | Removed diesel efficiency gains";"Electricity"
"OPEX";"Taxes_Scheme";"DE";"Bandwith Depot";"Rigid";"BAU";"[-]";2040;"IC";"Sensitivity | Removed policies | Removed diesel efficiency gains";"Electricity"
"OPEX";"Taxes_Scheme";"DE";"Bandwith Depot";"Tractor-Trailer";"BAU";"[-]";2040;"IC";"Sensitivity | Removed policies | Removed diesel efficiency gains";"Electricity"
"OPEX";"Taxes_Scheme";"ES";"Bandwith Depot";"Rigid";"BAU";"[-]";2040;"IC";"Sensitivity | Removed policies | Removed diesel efficiency gains";"Electricity"
"OPEX";"Taxes_Scheme";"ES";"Bandwith Depot";"Tractor-Trailer";"BAU";"[-]";2040;"IC";"Sensitivity | Removed policies | Removed diesel efficiency gains";"Electricity"
"OPEX";"Taxes_Scheme";"FR";"Bandwith Depot";"Rigid";"BAU";"[-]";2040;"IC";"Sensitivity | Removed policies | Removed diesel efficiency gains";"Electricity"
"OPEX";"Taxes_Scheme";"FR";"Bandwith Depot";"Tractor-Trailer";"BAU";"[-]";2040;"IC";"Sensitivity | Removed policies | Removed diesel efficiency gains";"Electricity"
"OPEX";"Taxes_Scheme";"IT";"Bandwith Depot";"Rigid";"BAU";"[-]";2040;"IC";"Sensitivity | Removed policies | Removed diesel efficiency gains";"Electricity"
"OPEX";"Taxes_Scheme";"IT";"Bandwith Depot";"Tractor-Trailer";"BAU";"[-]";2040;"IC";"Sensitivity | Removed policies | Removed diesel efficiency gains";"Electricity"
"OPEX";"Taxes_Scheme";"NL";"Bandwith Depot";"Rigid";"BAU";"[-]";2040;"IC";"Sensitivity | Removed policies | Removed diesel efficiency gains";"Electricity"
"OPEX";"Taxes_Scheme";"NL";"Bandwith Depot";"Tractor-Trailer";"BAU";"[-]";2040;"IC";"Sensitivity | Removed policies | Removed diesel efficiency gains";"Electricity"
"OPEX";"Taxes_Scheme";"PL";"Bandwith Depot";"Rigid";"BAU";"[-]";2040;"IC";"Sensitivity | Removed policies | Removed diesel efficiency gains";"Electricity"
"OPEX";"Taxes_Scheme";"PL";"Bandwith Depot";"Tractor-Trailer";"BAU";"[-]";2040;"IC";"Sensitivity | Removed policies | Removed diesel efficiency gains";"Electricity"
"OPEX";"Taxes_Scheme";"UK";"Bandwith Depot";"Rigid";"BAU";"[-]";2040;"IC";"Sensitivity | Removed policies | Removed diesel efficiency gains";"Electricity"
"OPEX";"Taxes_Scheme";"UK";"Bandwith Depot";"Tractor-Trailer";"BAU";"[-]";2040;"IC";"Sensitivity | Removed policies | Removed diesel efficiency gains";"Electricity"
"OPEX";"Taxes_Scheme";"DE";"Bandwith MCS";"Rigid";"PROG";"[-]";2045;"ID";"Sensitivity | Removed policies | Removed diesel efficiency gains";"Electricity"
"OPEX";"Taxes_Scheme";"DE";"Bandwith MCS";"Tractor-Trailer";"PROG";"[-]";2045;"ID";"Sensitivity | Removed policies | Removed diesel efficiency gains";"Electricity"
"OPEX";"Taxes_Scheme";"ES";"Bandwith MCS";"Rigid";"PROG";"[-]";2045;"IE";"Sensitivity | Removed policies | Removed diesel efficiency gains";"Electricity"
"OPEX";"Taxes_Scheme";"ES";"Bandwith MCS";"Tractor-Trailer";"PROG";"[-]";2045;"IE";"Sensitivity | Removed policies | Removed diesel efficiency gains";"Electricity"
"OPEX";"Taxes_Scheme";"FR";"Bandwith MCS";"Rigid";"PROG";"[-]";2045;"IE";"Sensitivity | Removed policies | Removed diesel efficiency gains";"Electricity"
"OPEX";"Taxes_Scheme";"FR";"Bandwith MCS";"Tractor-Trailer";"PROG";"[-]";2045;"IE";"Sensitivity | Removed policies | Removed diesel efficiency gains";"Electricity"
"OPEX";"Taxes_Scheme";"IT";"Bandwith MCS";"Rigid";"PROG";"[-]";2045;"IE";"Sensitivity | Removed policies | Removed diesel efficiency gains";"Electricity"
"OPEX";"Taxes_Scheme";"IT";"Bandwith MCS";"Tractor-Trailer";"PROG";"[-]";2045;"IE";"Sensitivity | Removed policies | Removed diesel efficiency gains";"Electricity"
"OPEX";"Taxes_Scheme";"NL";"Bandwith MCS";"Rigid";"PROG";"[-]";2045;"IE";"Sensitivity | Removed policies | Removed diesel efficiency gains";"Electricity"
"OPEX";"Taxes_Scheme";"NL";"Bandwith MCS";"Tractor-Trailer";"PROG";"[-]";2045;"IE";"Sensitivity | Removed policies | Removed diesel efficiency gains";"Electricity"
"OPEX";"Taxes_Scheme";"PL";"Bandwith MCS";"Rigid";"PROG";"[-]";2045;"IE";"Sensitivity | Removed policies | Removed diesel efficiency gains";"Electricity"
"OPEX";"Taxes_Scheme";"PL";"Bandwith MCS";"Tractor-Trailer";"PROG";"[-]";2045;"IE";"Sensitivity | Removed policies | Removed diesel efficiency gains";"Electricity"
"OPEX";"Taxes_Scheme";"UK";"Bandwith MCS";"Rigid";"PROG";"[-]";2045;"IE";"Sensitivity | Removed policies | Removed diesel efficiency gains";"Electricity"
"OPEX";"Taxes_Scheme";"UK";"Bandwith MCS";"Tractor-Trailer";"PROG";"[-]";2045;"IE";"Sensitivity | Removed policies | Removed diesel efficiency gains";"Electricity"
"OPEX";"Taxes_Scheme";"DE";"Bandwith Depot";"Rigid";"PROG";"[-]";2045;"ID";"Sensitivity | Removed policies | Removed diesel efficiency gains";"Electricity"
"OPEX";"Taxes_Scheme";"DE";"Bandwith Depot";"Tractor-Trailer";"PROG";"[-]";2045;"ID";"Sensitivity | Removed policies | Removed diesel efficiency gains";"Electricity"
"OPEX";"Taxes_Scheme";"ES";"Bandwith Depot";"Rigid";"PROG";"[-]";2045;"ID";"Sensitivity | Removed policies | Removed diesel efficiency gains";"Electricity"
"OPEX";"Taxes_Scheme";"ES";"Bandwith Depot";"Tractor-Trailer";"PROG";"[-]";2045;"ID";"Sensitivity | Removed policies | Removed diesel efficiency gains";"Electricity"
"OPEX";"Taxes_Scheme";"FR";"Bandwith Depot";"Rigid";"PROG";"[-]";2045;"ID";"Sensitivity | Removed policies | Removed diesel efficiency gains";"Electricity"
"OPEX";"Taxes_Scheme";"FR";"Bandwith Depot";"Tractor-Trailer";"PROG";"[-]";2045;"ID";"Sensitivity | Removed policies | Removed diesel efficiency gains";"Electricity"
"OPEX";"Taxes_Scheme";"IT";"Bandwith Depot";"Rigid";"PROG";"[-]";2045;"ID";"Sensitivity | Removed policies | Removed diesel efficiency gains";"Electricity"
"OPEX";"Taxes_Scheme";"IT";"Bandwith Depot";"Tractor-Trailer";"PROG";"[-]";2045;"ID";"Sensitivity | Removed policies | Removed diesel efficiency gains";"Electricity"
"OPEX";"Taxes_Scheme";"NL";"Bandwith Depot";"Rigid";"PROG";"[-]";2045;"ID";"Sensitivity | Removed policies | Removed diesel efficiency gains";"Electricity"
"OPEX";"Taxes_Scheme";"NL";"Bandwith Depot";"Tractor-Trailer";"PROG";"[-]";2045;"ID";"Sensitivity | Removed policies | Removed diesel efficiency gains";"Electricity"
"OPEX";"Taxes_Scheme";"PL";"Bandwith Depot";"Rigid";"PROG";"[-]";2045;"ID";"Sensitivity | Removed policies | Removed diesel efficiency gains";"Electricity"
"OPEX";"Taxes_Scheme";"PL";"Bandwith Depot";"Tractor-Trailer";"PROG";"[-]";2045;"ID";"Sensitivity | Removed policies | Removed diesel efficiency gains";"Electricity"
"OPEX";"Taxes_Scheme";"UK";"Bandwith Depot";"Rigid";"PROG";"[-]";2045;"ID";"Sensitivity | Removed policies | Removed diesel efficiency gains";"Electricity"
"OPEX";"Taxes_Scheme";"UK";"Bandwith Depot";"Tractor-Trailer";"PROG";"[-]";2045;"ID";"Sensitivity | Removed policies | Removed diesel efficiency gains";"Electricity"
"OPEX";"Taxes_Scheme";"DE";"Bandwith MCS";"Rigid";"BAU";"[-]";2045;"ID";"Sensitivity | Removed policies | Removed diesel efficiency gains";"Electricity"
"OPEX";"Taxes_Scheme";"DE";"Bandwith MCS";"Tractor-Trailer";"BAU";"[-]";2045;"ID";"Sensitivity | Removed policies | Removed diesel efficiency gains";"Electricity"
"OPEX";"Taxes_Scheme";"ES";"Bandwith MCS";"Rigid";"BAU";"[-]";2045;"ID";"Sensitivity | Removed policies | Removed diesel efficiency gains";"Electricity"
"OPEX";"Taxes_Scheme";"ES";"Bandwith MCS";"Tractor-Trailer";"BAU";"[-]";2045;"ID";"Sensitivity | Removed policies | Removed diesel efficiency gains";"Electricity"
"OPEX";"Taxes_Scheme";"FR";"Bandwith MCS";"Rigid";"BAU";"[-]";2045;"ID";"Sensitivity | Removed policies | Removed diesel efficiency gains";"Electricity"
"OPEX";"Taxes_Scheme";"FR";"Bandwith MCS";"Tractor-Trailer";"BAU";"[-]";2045;"ID";"Sensitivity | Removed policies | Removed diesel efficiency gains";"Electricity"
"OPEX";"Taxes_Scheme";"IT";"Bandwith MCS";"Rigid";"BAU";"[-]";2045;"ID";"Sensitivity | Removed policies | Removed diesel efficiency gains";"Electricity"
"OPEX";"Taxes_Scheme";"IT";"Bandwith MCS";"Tractor-Trailer";"BAU";"[-]";2045;"ID";"Sensitivity | Removed policies | Removed diesel efficiency gains";"Electricity"
"OPEX";"Taxes_Scheme";"NL";"Bandwith MCS";"Rigid";"BAU";"[-]";2045;"ID";"Sensitivity | Removed policies | Removed diesel efficiency gains";"Electricity"
"OPEX";"Taxes_Scheme";"NL";"Bandwith MCS";"Tractor-Trailer";"BAU";"[-]";2045;"ID";"Sensitivity | Removed policies | Removed diesel efficiency gains";"Electricity"
"OPEX";"Taxes_Scheme";"PL";"Bandwith MCS";"Rigid";"BAU";"[-]";2045;"ID";"Sensitivity | Removed policies | Removed diesel efficiency gains";"Electricity"
"OPEX";"Taxes_Scheme";"PL";"Bandwith MCS";"Tractor-Trailer";"BAU";"[-]";2045;"ID";"Sensitivity | Removed policies | Removed diesel efficiency gains";"Electricity"
"OPEX";"Taxes_Scheme";"UK";"Bandwith MCS";"Rigid";"BAU";"[-]";2045;"ID";"Sensitivity | Removed policies | Removed diesel efficiency gains";"Electricity"
"OPEX";"Taxes_Scheme";"UK";"Bandwith MCS";"Tractor-Trailer";"BAU";"[-]";2045;"ID";"Sensitivity | Removed policies | Removed diesel efficiency gains";"Electricity"
"OPEX";"Taxes_Scheme";"DE";"Bandwith Depot";"Rigid";"BAU";"[-]";2045;"IC";"Sensitivity | Removed policies | Removed diesel efficiency gains";"Electricity"
"OPEX";"Taxes_Scheme";"DE";"Bandwith Depot";"Tractor-Trailer";"BAU";"[-]";2045;"IC";"Sensitivity | Removed policies | Removed diesel efficiency gains";"Electricity"
"OPEX";"Taxes_Scheme";"ES";"Bandwith Depot";"Rigid";"BAU";"[-]";2045;"IC";"Sensitivity | Removed policies | Removed diesel efficiency gains";"Electricity"
"OPEX";"Taxes_Scheme";"ES";"Bandwith Depot";"Tractor-Trailer";"BAU";"[-]";2045;"IC";"Sensitivity | Removed policies | Removed diesel efficiency gains";"Electricity"
"OPEX";"Taxes_Scheme";"FR";"Bandwith Depot";"Rigid";"BAU";"[-]";2045;"IC";"Sensitivity | Removed policies | Removed diesel efficiency gains";"Electricity"
"OPEX";"Taxes_Scheme";"FR";"Bandwith Depot";"Tractor-Trailer";"BAU";"[-]";2045;"IC";"Sensitivity | Removed policies | Removed diesel efficiency gains";"Electricity"
"OPEX";"Taxes_Scheme";"IT";"Bandwith Depot";"Rigid";"BAU";"[-]";2045;"IC";"Sensitivity | Removed policies | Removed diesel efficiency gains";"Electricity"
"OPEX";"Taxes_Scheme";"IT";"Bandwith Depot";"Tractor-Trailer";"BAU";"[-]";2045;"IC";"Sensitivity | Removed policies | Removed diesel efficiency gains";"Electricity"
"OPEX";"Taxes_Scheme";"NL";"Bandwith Depot";"Rigid";"BAU";"[-]";2045;"IC";"Sensitivity | Removed policies | Removed diesel efficiency gains";"Electricity"
"OPEX";"Taxes_Scheme";"NL";"Bandwith Depot";"Tractor-Trailer";"BAU";"[-]";2045;"IC";"Sensitivity | Removed policies | Removed diesel efficiency gains";"Electricity"
"OPEX";"Taxes_Scheme";"PL";"Bandwith Depot";"Rigid";"BAU";"[-]";2045;"IC";"Sensitivity | Removed policies | Removed diesel efficiency gains";"Electricity"
"OPEX";"Taxes_Scheme";"PL";"Bandwith Depot";"Tractor-Trailer";"BAU";"[-]";2045;"IC";"Sensitivity | Removed policies | Removed diesel efficiency gains";"Electricity"
"OPEX";"Taxes_Scheme";"UK";"Bandwith Depot";"Rigid";"BAU";"[-]";2045;"IC";"Sensitivity | Removed policies | Removed diesel efficiency gains";"Electricity"
"OPEX";"Taxes_Scheme";"UK";"Bandwith Depot";"Tractor-Trailer";"BAU";"[-]";2045;"IC";"Sensitivity | Removed policies | Removed diesel efficiency gains";"Electricity"
"OPEX";"Taxes_Scheme";"DE";"Bandwith MCS";"Rigid";"PROG";"[-]";2050;"IE";"Sensitivity | Removed policies | Removed diesel efficiency gains";"Electricity"
"OPEX";"Taxes_Scheme";"DE";"Bandwith MCS";"Tractor-Trailer";"PROG";"[-]";2050;"IE";"Sensitivity | Removed policies | Removed diesel efficiency gains";"Electricity"
"OPEX";"Taxes_Scheme";"ES";"Bandwith MCS";"Rigid";"PROG";"[-]";2050;"IE";"Sensitivity | Removed policies | Removed diesel efficiency gains";"Electricity"
"OPEX";"Taxes_Scheme";"ES";"Bandwith MCS";"Tractor-Trailer";"PROG";"[-]";2050;"IE";"Sensitivity | Removed policies | Removed diesel efficiency gains";"Electricity"
"OPEX";"Taxes_Scheme";"FR";"Bandwith MCS";"Rigid";"PROG";"[-]";2050;"IE";"Sensitivity | Removed policies | Removed diesel efficiency gains";"Electricity"
"OPEX";"Taxes_Scheme";"FR";"Bandwith MCS";"Tractor-Trailer";"PROG";"[-]";2050;"IE";"Sensitivity | Removed policies | Removed diesel efficiency gains";"Electricity"
"OPEX";"Taxes_Scheme";"IT";"Bandwith MCS";"Rigid";"PROG";"[-]";2050;"IE";"Sensitivity | Removed policies | Removed diesel efficiency gains";"Electricity"
"OPEX";"Taxes_Scheme";"IT";"Bandwith MCS";"Tractor-Trailer";"PROG";"[-]";2050;"IE";"Sensitivity | Removed policies | Removed diesel efficiency gains";"Electricity"
"OPEX";"Taxes_Scheme";"NL";"Bandwith MCS";"Rigid";"PROG";"[-]";2050;"IE";"Sensitivity | Removed policies | Removed diesel efficiency gains";"Electricity"
"OPEX";"Taxes_Scheme";"NL";"Bandwith MCS";"Tractor-Trailer";"PROG";"[-]";2050;"IE";"Sensitivity | Removed policies | Removed diesel efficiency gains";"Electricity"
"OPEX";"Taxes_Scheme";"PL";"Bandwith MCS";"Rigid";"PROG";"[-]";2050;"IE";"Sensitivity | Removed policies | Removed diesel efficiency gains";"Electricity"
"OPEX";"Taxes_Scheme";"PL";"Bandwith MCS";"Tractor-Trailer";"PROG";"[-]";2050;"IE";"Sensitivity | Removed policies | Removed diesel efficiency gains";"Electricity"
"OPEX";"Taxes_Scheme";"UK";"Bandwith MCS";"Rigid";"PROG";"[-]";2050;"IE";"Sensitivity | Removed policies | Removed diesel efficiency gains";"Electricity"
"OPEX";"Taxes_Scheme";"UK";"Bandwith MCS";"Tractor-Trailer";"PROG";"[-]";2050;"IE";"Sensitivity | Removed policies | Removed diesel efficiency gains";"Electricity"
"OPEX";"Taxes_Scheme";"DE";"Bandwith Depot";"Rigid";"PROG";"[-]";2050;"ID";"Sensitivity | Removed policies | Removed diesel efficiency gains";"Electricity"
"OPEX";"Taxes_Scheme";"DE";"Bandwith Depot";"Tractor-Trailer";"PROG";"[-]";2050;"ID";"Sensitivity | Removed policies | Removed diesel efficiency gains";"Electricity"
"OPEX";"Taxes_Scheme";"ES";"Bandwith Depot";"Rigid";"PROG";"[-]";2050;"ID";"Sensitivity | Removed policies | Removed diesel efficiency gains";"Electricity"
"OPEX";"Taxes_Scheme";"ES";"Bandwith Depot";"Tractor-Trailer";"PROG";"[-]";2050;"ID";"Sensitivity | Removed policies | Removed diesel efficiency gains";"Electricity"
"OPEX";"Taxes_Scheme";"FR";"Bandwith Depot";"Rigid";"PROG";"[-]";2050;"ID";"Sensitivity | Removed policies | Removed diesel efficiency gains";"Electricity"
"OPEX";"Taxes_Scheme";"FR";"Bandwith Depot";"Tractor-Trailer";"PROG";"[-]";2050;"ID";"Sensitivity | Removed policies | Removed diesel efficiency gains";"Electricity"
"OPEX";"Taxes_Scheme";"IT";"Bandwith Depot";"Rigid";"PROG";"[-]";2050;"ID";"Sensitivity | Removed policies | Removed diesel efficiency gains";"Electricity"
"OPEX";"Taxes_Scheme";"IT";"Bandwith Depot";"Tractor-Trailer";"PROG";"[-]";2050;"ID";"Sensitivity | Removed policies | Removed diesel efficiency gains";"Electricity"
"OPEX";"Taxes_Scheme";"NL";"Bandwith Depot";"Rigid";"PROG";"[-]";2050;"ID";"Sensitivity | Removed policies | Removed diesel efficiency gains";"Electricity"
"OPEX";"Taxes_Scheme";"NL";"Bandwith Depot";"Tractor-Trailer";"PROG";"[-]";2050;"ID";"Sensitivity | Removed policies | Removed diesel efficiency gains";"Electricity"
"OPEX";"Taxes_Scheme";"PL";"Bandwith Depot";"Rigid";"PROG";"[-]";2050;"ID";"Sensitivity | Removed policies | Removed diesel efficiency gains";"Electricity"
"OPEX";"Taxes_Scheme";"PL";"Bandwith Depot";"Tractor-Trailer";"PROG";"[-]";2050;"ID";"Sensitivity | Removed policies | Removed diesel efficiency gains";"Electricity"
"OPEX";"Taxes_Scheme";"UK";"Bandwith Depot";"Rigid";"PROG";"[-]";2050;"ID";"Sensitivity | Removed policies | Removed diesel efficiency gains";"Electricity"
"OPEX";"Taxes_Scheme";"UK";"Bandwith Depot";"Tractor-Trailer";"PROG";"[-]";2050;"ID";"Sensitivity | Removed policies | Removed diesel efficiency gains";"Electricity"
"OPEX";"Taxes_Scheme";"DE";"Bandwith MCS";"Rigid";"BAU";"[-]";2050;"ID";"Sensitivity | Removed policies | Removed diesel efficiency gains";"Electricity"
"OPEX";"Taxes_Scheme";"DE";"Bandwith MCS";"Tractor-Trailer";"BAU";"[-]";2050;"ID";"Sensitivity | Removed policies | Removed diesel efficiency gains";"Electricity"
"OPEX";"Taxes_Scheme";"ES";"Bandwith MCS";"Rigid";"BAU";"[-]";2050;"ID";"Sensitivity | Removed policies | Removed diesel efficiency gains";"Electricity"
"OPEX";"Taxes_Scheme";"ES";"Bandwith MCS";"Tractor-Trailer";"BAU";"[-]";2050;"ID";"Sensitivity | Removed policies | Removed diesel efficiency gains";"Electricity"
"OPEX";"Taxes_Scheme";"FR";"Bandwith MCS";"Rigid";"BAU";"[-]";2050;"ID";"Sensitivity | Removed policies | Removed diesel efficiency gains";"Electricity"
"OPEX";"Taxes_Scheme";"FR";"Bandwith MCS";"Tractor-Trailer";"BAU";"[-]";2050;"ID";"Sensitivity | Removed policies | Removed diesel efficiency gains";"Electricity"
"OPEX";"Taxes_Scheme";"IT";"Bandwith MCS";"Rigid";"BAU";"[-]";2050;"ID";"Sensitivity | Removed policies | Removed diesel efficiency gains";"Electricity"
"OPEX";"Taxes_Scheme";"IT";"Bandwith MCS";"Tractor-Trailer";"BAU";"[-]";2050;"ID";"Sensitivity | Removed policies | Removed diesel efficiency gains";"Electricity"
"OPEX";"Taxes_Scheme";"NL";"Bandwith MCS";"Rigid";"BAU";"[-]";2050;"ID";"Sensitivity | Removed policies | Removed diesel efficiency gains";"Electricity"
"OPEX";"Taxes_Scheme";"NL";"Bandwith MCS";"Tractor-Trailer";"BAU";"[-]";2050;"ID";"Sensitivity | Removed policies | Removed diesel efficiency gains";"Electricity"
"OPEX";"Taxes_Scheme";"PL";"Bandwith MCS";"Rigid";"BAU";"[-]";2050;"ID";"Sensitivity | Removed policies | Removed diesel efficiency gains";"Electricity"
"OPEX";"Taxes_Scheme";"PL";"Bandwith MCS";"Tractor-Trailer";"BAU";"[-]";2050;"ID";"Sensitivity | Removed policies | Removed diesel efficiency gains";"Electricity"
"OPEX";"Taxes_Scheme";"UK";"Bandwith MCS";"Rigid";"BAU";"[-]";2050;"ID";"Sensitivity | Removed policies | Removed diesel efficiency gains";"Electricity"
"OPEX";"Taxes_Scheme";"UK";"Bandwith MCS";"Tractor-Trailer";"BAU";"[-]";2050;"ID";"Sensitivity | Removed policies | Removed diesel efficiency gains";"Electricity"
"OPEX";"Taxes_Scheme";"DE";"Bandwith Depot";"Rigid";"BAU";"[-]";2050;"IC";"Sensitivity | Removed policies | Removed diesel efficiency gains";"Electricity"
"OPEX";"Taxes_Scheme";"DE";"Bandwith Depot";"Tractor-Trailer";"BAU";"[-]";2050;"IC";"Sensitivity | Removed policies | Removed diesel efficiency gains";"Electricity"
"OPEX";"Taxes_Scheme";"ES";"Bandwith Depot";"Rigid";"BAU";"[-]";2050;"IC";"Sensitivity | Removed policies | Removed diesel efficiency gains";"Electricity"
"OPEX";"Taxes_Scheme";"ES";"Bandwith Depot";"Tractor-Trailer";"BAU";"[-]";2050;"IC";"Sensitivity | Removed policies | Removed diesel efficiency gains";"Electricity"
"OPEX";"Taxes_Scheme";"FR";"Bandwith Depot";"Rigid";"BAU";"[-]";2050;"IC";"Sensitivity | Removed policies | Removed diesel efficiency gains";"Electricity"
"OPEX";"Taxes_Scheme";"FR";"Bandwith Depot";"Tractor-Trailer";"BAU";"[-]";2050;"IC";"Sensitivity | Removed policies | Removed diesel efficiency gains";"Electricity"
"OPEX";"Taxes_Scheme";"IT";"Bandwith Depot";"Rigid";"BAU";"[-]";2050;"IC";"Sensitivity | Removed policies | Removed diesel efficiency gains";"Electricity"
"OPEX";"Taxes_Scheme";"IT";"Bandwith Depot";"Tractor-Trailer";"BAU";"[-]";2050;"IC";"Sensitivity | Removed policies | Removed diesel efficiency gains";"Electricity"
"OPEX";"Taxes_Scheme";"NL";"Bandwith Depot";"Rigid";"BAU";"[-]";2050;"IC";"Sensitivity | Removed policies | Removed diesel efficiency gains";"Electricity"
"OPEX";"Taxes_Scheme";"NL";"Bandwith Depot";"Tractor-Trailer";"BAU";"[-]";2050;"IC";"Sensitivity | Removed policies | Removed diesel efficiency gains";"Electricity"
"OPEX";"Taxes_Scheme";"PL";"Bandwith Depot";"Rigid";"BAU";"[-]";2050;"IC";"Sensitivity | Removed policies | Removed diesel efficiency gains";"Electricity"
"OPEX";"Taxes_Scheme";"PL";"Bandwith Depot";"Tractor-Trailer";"BAU";"[-]";2050;"IC";"Sensitivity | Removed policies | Removed diesel efficiency gains";"Electricity"
"OPEX";"Taxes_Scheme";"UK";"Bandwith Depot";"Rigid";"BAU";"[-]";2050;"IC";"Sensitivity | Removed policies | Removed diesel efficiency gains";"Electricity"
"OPEX";"Taxes_Scheme";"UK";"Bandwith Depot";"Tractor-Trailer";"BAU";"[-]";2050;"IC";"Sensitivity | Removed policies | Removed diesel efficiency gains";"Electricity"
"OPEX";"Taxes_Scheme";"DE";"Bandwith MCS";"Rigid";"PROG";"[-]";2030;"IC";"Sensitivity | Removed policies except for H2 tax reduction";"Electricity"
"OPEX";"Taxes_Scheme";"DE";"Bandwith MCS";"Tractor-Trailer";"PROG";"[-]";2030;"IC";"Sensitivity | Removed policies except for H2 tax reduction";"Electricity"
"OPEX";"Taxes_Scheme";"ES";"Bandwith MCS";"Rigid";"PROG";"[-]";2030;"ID";"Sensitivity | Removed policies except for H2 tax reduction";"Electricity"
"OPEX";"Taxes_Scheme";"ES";"Bandwith MCS";"Tractor-Trailer";"PROG";"[-]";2030;"ID";"Sensitivity | Removed policies except for H2 tax reduction";"Electricity"
"OPEX";"Taxes_Scheme";"FR";"Bandwith MCS";"Rigid";"PROG";"[-]";2030;"ID";"Sensitivity | Removed policies except for H2 tax reduction";"Electricity"
"OPEX";"Taxes_Scheme";"FR";"Bandwith MCS";"Tractor-Trailer";"PROG";"[-]";2030;"ID";"Sensitivity | Removed policies except for H2 tax reduction";"Electricity"
"OPEX";"Taxes_Scheme";"IT";"Bandwith MCS";"Rigid";"PROG";"[-]";2030;"ID";"Sensitivity | Removed policies except for H2 tax reduction";"Electricity"
"OPEX";"Taxes_Scheme";"IT";"Bandwith MCS";"Tractor-Trailer";"PROG";"[-]";2030;"ID";"Sensitivity | Removed policies except for H2 tax reduction";"Electricity"
"OPEX";"Taxes_Scheme";"NL";"Bandwith MCS";"Rigid";"PROG";"[-]";2030;"ID";"Sensitivity | Removed policies except for H2 tax reduction";"Electricity"
"OPEX";"Taxes_Scheme";"NL";"Bandwith MCS";"Tractor-Trailer";"PROG";"[-]";2030;"ID";"Sensitivity | Removed policies except for H2 tax reduction";"Electricity"
"OPEX";"Taxes_Scheme";"PL";"Bandwith MCS";"Rigid";"PROG";"[-]";2030;"ID";"Sensitivity | Removed policies except for H2 tax reduction";"Electricity"
"OPEX";"Taxes_Scheme";"PL";"Bandwith MCS";"Tractor-Trailer";"PROG";"[-]";2030;"ID";"Sensitivity | Removed policies except for H2 tax reduction";"Electricity"
"OPEX";"Taxes_Scheme";"UK";"Bandwith MCS";"Rigid";"PROG";"[-]";2030;"ID";"Sensitivity | Removed policies except for H2 tax reduction";"Electricity"
"OPEX";"Taxes_Scheme";"UK";"Bandwith MCS";"Tractor-Trailer";"PROG";"[-]";2030;"ID";"Sensitivity | Removed policies except for H2 tax reduction";"Electricity"
"OPEX";"Taxes_Scheme";"DE";"Bandwith Depot";"Rigid";"PROG";"[-]";2030;"IC";"Sensitivity | Removed policies except for H2 tax reduction";"Electricity"
"OPEX";"Taxes_Scheme";"DE";"Bandwith Depot";"Tractor-Trailer";"PROG";"[-]";2030;"IC";"Sensitivity | Removed policies except for H2 tax reduction";"Electricity"
"OPEX";"Taxes_Scheme";"ES";"Bandwith Depot";"Rigid";"PROG";"[-]";2030;"IC";"Sensitivity | Removed policies except for H2 tax reduction";"Electricity"
"OPEX";"Taxes_Scheme";"ES";"Bandwith Depot";"Tractor-Trailer";"PROG";"[-]";2030;"IC";"Sensitivity | Removed policies except for H2 tax reduction";"Electricity"
"OPEX";"Taxes_Scheme";"FR";"Bandwith Depot";"Rigid";"PROG";"[-]";2030;"IC";"Sensitivity | Removed policies except for H2 tax reduction";"Electricity"
"OPEX";"Taxes_Scheme";"FR";"Bandwith Depot";"Tractor-Trailer";"PROG";"[-]";2030;"IC";"Sensitivity | Removed policies except for H2 tax reduction";"Electricity"
"OPEX";"Taxes_Scheme";"IT";"Bandwith Depot";"Rigid";"PROG";"[-]";2030;"IC";"Sensitivity | Removed policies except for H2 tax reduction";"Electricity"
"OPEX";"Taxes_Scheme";"IT";"Bandwith Depot";"Tractor-Trailer";"PROG";"[-]";2030;"IC";"Sensitivity | Removed policies except for H2 tax reduction";"Electricity"
"OPEX";"Taxes_Scheme";"NL";"Bandwith Depot";"Rigid";"PROG";"[-]";2030;"IC";"Sensitivity | Removed policies except for H2 tax reduction";"Electricity"
"OPEX";"Taxes_Scheme";"NL";"Bandwith Depot";"Tractor-Trailer";"PROG";"[-]";2030;"IC";"Sensitivity | Removed policies except for H2 tax reduction";"Electricity"
"OPEX";"Taxes_Scheme";"PL";"Bandwith Depot";"Rigid";"PROG";"[-]";2030;"IC";"Sensitivity | Removed policies except for H2 tax reduction";"Electricity"
"OPEX";"Taxes_Scheme";"PL";"Bandwith Depot";"Tractor-Trailer";"PROG";"[-]";2030;"IC";"Sensitivity | Removed policies except for H2 tax reduction";"Electricity"
"OPEX";"Taxes_Scheme";"UK";"Bandwith Depot";"Rigid";"PROG";"[-]";2030;"IC";"Sensitivity | Removed policies except for H2 tax reduction";"Electricity"
"OPEX";"Taxes_Scheme";"UK";"Bandwith Depot";"Tractor-Trailer";"PROG";"[-]";2030;"IC";"Sensitivity | Removed policies except for H2 tax reduction";"Electricity"
"OPEX";"Taxes_Scheme";"DE";"Bandwith MCS";"Rigid";"BAU";"[-]";2030;"IC";"Sensitivity | Removed policies except for H2 tax reduction";"Electricity"
"OPEX";"Taxes_Scheme";"DE";"Bandwith MCS";"Tractor-Trailer";"BAU";"[-]";2030;"IC";"Sensitivity | Removed policies except for H2 tax reduction";"Electricity"
"OPEX";"Taxes_Scheme";"ES";"Bandwith MCS";"Rigid";"BAU";"[-]";2030;"IC";"Sensitivity | Removed policies except for H2 tax reduction";"Electricity"
"OPEX";"Taxes_Scheme";"ES";"Bandwith MCS";"Tractor-Trailer";"BAU";"[-]";2030;"IC";"Sensitivity | Removed policies except for H2 tax reduction";"Electricity"
"OPEX";"Taxes_Scheme";"FR";"Bandwith MCS";"Rigid";"BAU";"[-]";2030;"IC";"Sensitivity | Removed policies except for H2 tax reduction";"Electricity"
"OPEX";"Taxes_Scheme";"FR";"Bandwith MCS";"Tractor-Trailer";"BAU";"[-]";2030;"IC";"Sensitivity | Removed policies except for H2 tax reduction";"Electricity"
"OPEX";"Taxes_Scheme";"IT";"Bandwith MCS";"Rigid";"BAU";"[-]";2030;"IC";"Sensitivity | Removed policies except for H2 tax reduction";"Electricity"
"OPEX";"Taxes_Scheme";"IT";"Bandwith MCS";"Tractor-Trailer";"BAU";"[-]";2030;"IC";"Sensitivity | Removed policies except for H2 tax reduction";"Electricity"
"OPEX";"Taxes_Scheme";"NL";"Bandwith MCS";"Rigid";"BAU";"[-]";2030;"IC";"Sensitivity | Removed policies except for H2 tax reduction";"Electricity"
"OPEX";"Taxes_Scheme";"NL";"Bandwith MCS";"Tractor-Trailer";"BAU";"[-]";2030;"IC";"Sensitivity | Removed policies except for H2 tax reduction";"Electricity"
"OPEX";"Taxes_Scheme";"PL";"Bandwith MCS";"Rigid";"BAU";"[-]";2030;"IC";"Sensitivity | Removed policies except for H2 tax reduction";"Electricity"
"OPEX";"Taxes_Scheme";"PL";"Bandwith MCS";"Tractor-Trailer";"BAU";"[-]";2030;"IC";"Sensitivity | Removed policies except for H2 tax reduction";"Electricity"
"OPEX";"Taxes_Scheme";"UK";"Bandwith MCS";"Rigid";"BAU";"[-]";2030;"IC";"Sensitivity | Removed policies except for H2 tax reduction";"Electricity"
"OPEX";"Taxes_Scheme";"UK";"Bandwith MCS";"Tractor-Trailer";"BAU";"[-]";2030;"IC";"Sensitivity | Removed policies except for H2 tax reduction";"Electricity"
"OPEX";"Taxes_Scheme";"DE";"Bandwith Depot";"Rigid";"BAU";"[-]";2030;"IB";"Sensitivity | Removed policies except for H2 tax reduction";"Electricity"
"OPEX";"Taxes_Scheme";"DE";"Bandwith Depot";"Tractor-Trailer";"BAU";"[-]";2030;"IB";"Sensitivity | Removed policies except for H2 tax reduction";"Electricity"
"OPEX";"Taxes_Scheme";"ES";"Bandwith Depot";"Rigid";"BAU";"[-]";2030;"IB";"Sensitivity | Removed policies except for H2 tax reduction";"Electricity"
"OPEX";"Taxes_Scheme";"ES";"Bandwith Depot";"Tractor-Trailer";"BAU";"[-]";2030;"IB";"Sensitivity | Removed policies except for H2 tax reduction";"Electricity"
"OPEX";"Taxes_Scheme";"FR";"Bandwith Depot";"Rigid";"BAU";"[-]";2030;"IB";"Sensitivity | Removed policies except for H2 tax reduction";"Electricity"
"OPEX";"Taxes_Scheme";"FR";"Bandwith Depot";"Tractor-Trailer";"BAU";"[-]";2030;"IB";"Sensitivity | Removed policies except for H2 tax reduction";"Electricity"
"OPEX";"Taxes_Scheme";"IT";"Bandwith Depot";"Rigid";"BAU";"[-]";2030;"IB";"Sensitivity | Removed policies except for H2 tax reduction";"Electricity"
"OPEX";"Taxes_Scheme";"IT";"Bandwith Depot";"Tractor-Trailer";"BAU";"[-]";2030;"IB";"Sensitivity | Removed policies except for H2 tax reduction";"Electricity"
"OPEX";"Taxes_Scheme";"NL";"Bandwith Depot";"Rigid";"BAU";"[-]";2030;"IB";"Sensitivity | Removed policies except for H2 tax reduction";"Electricity"
"OPEX";"Taxes_Scheme";"NL";"Bandwith Depot";"Tractor-Trailer";"BAU";"[-]";2030;"IB";"Sensitivity | Removed policies except for H2 tax reduction";"Electricity"
"OPEX";"Taxes_Scheme";"PL";"Bandwith Depot";"Rigid";"BAU";"[-]";2030;"IB";"Sensitivity | Removed policies except for H2 tax reduction";"Electricity"
"OPEX";"Taxes_Scheme";"PL";"Bandwith Depot";"Tractor-Trailer";"BAU";"[-]";2030;"IB";"Sensitivity | Removed policies except for H2 tax reduction";"Electricity"
"OPEX";"Taxes_Scheme";"UK";"Bandwith Depot";"Rigid";"BAU";"[-]";2030;"IB";"Sensitivity | Removed policies except for H2 tax reduction";"Electricity"
"OPEX";"Taxes_Scheme";"UK";"Bandwith Depot";"Tractor-Trailer";"BAU";"[-]";2030;"IB";"Sensitivity | Removed policies except for H2 tax reduction";"Electricity"
"OPEX";"Taxes_Scheme";"DE";"Bandwith MCS";"Rigid";"PROG";"[-]";2035;"ID";"Sensitivity | Removed policies except for H2 tax reduction";"Electricity"
"OPEX";"Taxes_Scheme";"DE";"Bandwith MCS";"Tractor-Trailer";"PROG";"[-]";2035;"ID";"Sensitivity | Removed policies except for H2 tax reduction";"Electricity"
"OPEX";"Taxes_Scheme";"ES";"Bandwith MCS";"Rigid";"PROG";"[-]";2035;"ID";"Sensitivity | Removed policies except for H2 tax reduction";"Electricity"
"OPEX";"Taxes_Scheme";"ES";"Bandwith MCS";"Tractor-Trailer";"PROG";"[-]";2035;"ID";"Sensitivity | Removed policies except for H2 tax reduction";"Electricity"
"OPEX";"Taxes_Scheme";"FR";"Bandwith MCS";"Rigid";"PROG";"[-]";2035;"ID";"Sensitivity | Removed policies except for H2 tax reduction";"Electricity"
"OPEX";"Taxes_Scheme";"FR";"Bandwith MCS";"Tractor-Trailer";"PROG";"[-]";2035;"ID";"Sensitivity | Removed policies except for H2 tax reduction";"Electricity"
"OPEX";"Taxes_Scheme";"IT";"Bandwith MCS";"Rigid";"PROG";"[-]";2035;"ID";"Sensitivity | Removed policies except for H2 tax reduction";"Electricity"
"OPEX";"Taxes_Scheme";"IT";"Bandwith MCS";"Tractor-Trailer";"PROG";"[-]";2035;"ID";"Sensitivity | Removed policies except for H2 tax reduction";"Electricity"
"OPEX";"Taxes_Scheme";"NL";"Bandwith MCS";"Rigid";"PROG";"[-]";2035;"ID";"Sensitivity | Removed policies except for H2 tax reduction";"Electricity"
"OPEX";"Taxes_Scheme";"NL";"Bandwith MCS";"Tractor-Trailer";"PROG";"[-]";2035;"ID";"Sensitivity | Removed policies except for H2 tax reduction";"Electricity"
"OPEX";"Taxes_Scheme";"PL";"Bandwith MCS";"Rigid";"PROG";"[-]";2035;"ID";"Sensitivity | Removed policies except for H2 tax reduction";"Electricity"
"OPEX";"Taxes_Scheme";"PL";"Bandwith MCS";"Tractor-Trailer";"PROG";"[-]";2035;"ID";"Sensitivity | Removed policies except for H2 tax reduction";"Electricity"
"OPEX";"Taxes_Scheme";"UK";"Bandwith MCS";"Rigid";"PROG";"[-]";2035;"ID";"Sensitivity | Removed policies except for H2 tax reduction";"Electricity"
"OPEX";"Taxes_Scheme";"UK";"Bandwith MCS";"Tractor-Trailer";"PROG";"[-]";2035;"ID";"Sensitivity | Removed policies except for H2 tax reduction";"Electricity"
"OPEX";"Taxes_Scheme";"DE";"Bandwith Depot";"Rigid";"PROG";"[-]";2035;"ID";"Sensitivity | Removed policies except for H2 tax reduction";"Electricity"
"OPEX";"Taxes_Scheme";"DE";"Bandwith Depot";"Tractor-Trailer";"PROG";"[-]";2035;"ID";"Sensitivity | Removed policies except for H2 tax reduction";"Electricity"
"OPEX";"Taxes_Scheme";"ES";"Bandwith Depot";"Rigid";"PROG";"[-]";2035;"ID";"Sensitivity | Removed policies except for H2 tax reduction";"Electricity"
"OPEX";"Taxes_Scheme";"ES";"Bandwith Depot";"Tractor-Trailer";"PROG";"[-]";2035;"ID";"Sensitivity | Removed policies except for H2 tax reduction";"Electricity"
"OPEX";"Taxes_Scheme";"FR";"Bandwith Depot";"Rigid";"PROG";"[-]";2035;"ID";"Sensitivity | Removed policies except for H2 tax reduction";"Electricity"
"OPEX";"Taxes_Scheme";"FR";"Bandwith Depot";"Tractor-Trailer";"PROG";"[-]";2035;"ID";"Sensitivity | Removed policies except for H2 tax reduction";"Electricity"
"OPEX";"Taxes_Scheme";"IT";"Bandwith Depot";"Rigid";"PROG";"[-]";2035;"ID";"Sensitivity | Removed policies except for H2 tax reduction";"Electricity"
"OPEX";"Taxes_Scheme";"IT";"Bandwith Depot";"Tractor-Trailer";"PROG";"[-]";2035;"ID";"Sensitivity | Removed policies except for H2 tax reduction";"Electricity"
"OPEX";"Taxes_Scheme";"NL";"Bandwith Depot";"Rigid";"PROG";"[-]";2035;"ID";"Sensitivity | Removed policies except for H2 tax reduction";"Electricity"
"OPEX";"Taxes_Scheme";"NL";"Bandwith Depot";"Tractor-Trailer";"PROG";"[-]";2035;"ID";"Sensitivity | Removed policies except for H2 tax reduction";"Electricity"
"OPEX";"Taxes_Scheme";"PL";"Bandwith Depot";"Rigid";"PROG";"[-]";2035;"ID";"Sensitivity | Removed policies except for H2 tax reduction";"Electricity"
"OPEX";"Taxes_Scheme";"PL";"Bandwith Depot";"Tractor-Trailer";"PROG";"[-]";2035;"ID";"Sensitivity | Removed policies except for H2 tax reduction";"Electricity"
"OPEX";"Taxes_Scheme";"UK";"Bandwith Depot";"Rigid";"PROG";"[-]";2035;"ID";"Sensitivity | Removed policies except for H2 tax reduction";"Electricity"
"OPEX";"Taxes_Scheme";"UK";"Bandwith Depot";"Tractor-Trailer";"PROG";"[-]";2035;"ID";"Sensitivity | Removed policies except for H2 tax reduction";"Electricity"
"OPEX";"Taxes_Scheme";"DE";"Bandwith MCS";"Rigid";"BAU";"[-]";2035;"ID";"Sensitivity | Removed policies except for H2 tax reduction";"Electricity"
"OPEX";"Taxes_Scheme";"DE";"Bandwith MCS";"Tractor-Trailer";"BAU";"[-]";2035;"ID";"Sensitivity | Removed policies except for H2 tax reduction";"Electricity"
"OPEX";"Taxes_Scheme";"ES";"Bandwith MCS";"Rigid";"BAU";"[-]";2035;"ID";"Sensitivity | Removed policies except for H2 tax reduction";"Electricity"
"OPEX";"Taxes_Scheme";"ES";"Bandwith MCS";"Tractor-Trailer";"BAU";"[-]";2035;"ID";"Sensitivity | Removed policies except for H2 tax reduction";"Electricity"
"OPEX";"Taxes_Scheme";"FR";"Bandwith MCS";"Rigid";"BAU";"[-]";2035;"ID";"Sensitivity | Removed policies except for H2 tax reduction";"Electricity"
"OPEX";"Taxes_Scheme";"FR";"Bandwith MCS";"Tractor-Trailer";"BAU";"[-]";2035;"ID";"Sensitivity | Removed policies except for H2 tax reduction";"Electricity"
"OPEX";"Taxes_Scheme";"IT";"Bandwith MCS";"Rigid";"BAU";"[-]";2035;"ID";"Sensitivity | Removed policies except for H2 tax reduction";"Electricity"
"OPEX";"Taxes_Scheme";"IT";"Bandwith MCS";"Tractor-Trailer";"BAU";"[-]";2035;"ID";"Sensitivity | Removed policies except for H2 tax reduction";"Electricity"
"OPEX";"Taxes_Scheme";"NL";"Bandwith MCS";"Rigid";"BAU";"[-]";2035;"ID";"Sensitivity | Removed policies except for H2 tax reduction";"Electricity"
"OPEX";"Taxes_Scheme";"NL";"Bandwith MCS";"Tractor-Trailer";"BAU";"[-]";2035;"ID";"Sensitivity | Removed policies except for H2 tax reduction";"Electricity"
"OPEX";"Taxes_Scheme";"PL";"Bandwith MCS";"Rigid";"BAU";"[-]";2035;"ID";"Sensitivity | Removed policies except for H2 tax reduction";"Electricity"
"OPEX";"Taxes_Scheme";"PL";"Bandwith MCS";"Tractor-Trailer";"BAU";"[-]";2035;"ID";"Sensitivity | Removed policies except for H2 tax reduction";"Electricity"
"OPEX";"Taxes_Scheme";"UK";"Bandwith MCS";"Rigid";"BAU";"[-]";2035;"ID";"Sensitivity | Removed policies except for H2 tax reduction";"Electricity"
"OPEX";"Taxes_Scheme";"UK";"Bandwith MCS";"Tractor-Trailer";"BAU";"[-]";2035;"ID";"Sensitivity | Removed policies except for H2 tax reduction";"Electricity"
"OPEX";"Taxes_Scheme";"DE";"Bandwith Depot";"Rigid";"BAU";"[-]";2035;"IC";"Sensitivity | Removed policies except for H2 tax reduction";"Electricity"
"OPEX";"Taxes_Scheme";"DE";"Bandwith Depot";"Tractor-Trailer";"BAU";"[-]";2035;"IC";"Sensitivity | Removed policies except for H2 tax reduction";"Electricity"
"OPEX";"Taxes_Scheme";"ES";"Bandwith Depot";"Rigid";"BAU";"[-]";2035;"IC";"Sensitivity | Removed policies except for H2 tax reduction";"Electricity"
"OPEX";"Taxes_Scheme";"ES";"Bandwith Depot";"Tractor-Trailer";"BAU";"[-]";2035;"IC";"Sensitivity | Removed policies except for H2 tax reduction";"Electricity"
"OPEX";"Taxes_Scheme";"FR";"Bandwith Depot";"Rigid";"BAU";"[-]";2035;"IC";"Sensitivity | Removed policies except for H2 tax reduction";"Electricity"
"OPEX";"Taxes_Scheme";"FR";"Bandwith Depot";"Tractor-Trailer";"BAU";"[-]";2035;"IC";"Sensitivity | Removed policies except for H2 tax reduction";"Electricity"
"OPEX";"Taxes_Scheme";"IT";"Bandwith Depot";"Rigid";"BAU";"[-]";2035;"IC";"Sensitivity | Removed policies except for H2 tax reduction";"Electricity"
"OPEX";"Taxes_Scheme";"IT";"Bandwith Depot";"Tractor-Trailer";"BAU";"[-]";2035;"IC";"Sensitivity | Removed policies except for H2 tax reduction";"Electricity"
"OPEX";"Taxes_Scheme";"NL";"Bandwith Depot";"Rigid";"BAU";"[-]";2035;"IC";"Sensitivity | Removed policies except for H2 tax reduction";"Electricity"
"OPEX";"Taxes_Scheme";"NL";"Bandwith Depot";"Tractor-Trailer";"BAU";"[-]";2035;"IC";"Sensitivity | Removed policies except for H2 tax reduction";"Electricity"
"OPEX";"Taxes_Scheme";"PL";"Bandwith Depot";"Rigid";"BAU";"[-]";2035;"IC";"Sensitivity | Removed policies except for H2 tax reduction";"Electricity"
"OPEX";"Taxes_Scheme";"PL";"Bandwith Depot";"Tractor-Trailer";"BAU";"[-]";2035;"IC";"Sensitivity | Removed policies except for H2 tax reduction";"Electricity"
"OPEX";"Taxes_Scheme";"UK";"Bandwith Depot";"Rigid";"BAU";"[-]";2035;"IC";"Sensitivity | Removed policies except for H2 tax reduction";"Electricity"
"OPEX";"Taxes_Scheme";"UK";"Bandwith Depot";"Tractor-Trailer";"BAU";"[-]";2035;"IC";"Sensitivity | Removed policies except for H2 tax reduction";"Electricity"
"OPEX";"Taxes_Scheme";"DE";"Bandwith MCS";"Rigid";"PROG";"[-]";2040;"ID";"Sensitivity | Removed policies except for H2 tax reduction";"Electricity"
"OPEX";"Taxes_Scheme";"DE";"Bandwith MCS";"Tractor-Trailer";"PROG";"[-]";2040;"ID";"Sensitivity | Removed policies except for H2 tax reduction";"Electricity"
"OPEX";"Taxes_Scheme";"ES";"Bandwith MCS";"Rigid";"PROG";"[-]";2040;"ID";"Sensitivity | Removed policies except for H2 tax reduction";"Electricity"
"OPEX";"Taxes_Scheme";"ES";"Bandwith MCS";"Tractor-Trailer";"PROG";"[-]";2040;"ID";"Sensitivity | Removed policies except for H2 tax reduction";"Electricity"
"OPEX";"Taxes_Scheme";"FR";"Bandwith MCS";"Rigid";"PROG";"[-]";2040;"ID";"Sensitivity | Removed policies except for H2 tax reduction";"Electricity"
"OPEX";"Taxes_Scheme";"FR";"Bandwith MCS";"Tractor-Trailer";"PROG";"[-]";2040;"ID";"Sensitivity | Removed policies except for H2 tax reduction";"Electricity"
"OPEX";"Taxes_Scheme";"IT";"Bandwith MCS";"Rigid";"PROG";"[-]";2040;"ID";"Sensitivity | Removed policies except for H2 tax reduction";"Electricity"
"OPEX";"Taxes_Scheme";"IT";"Bandwith MCS";"Tractor-Trailer";"PROG";"[-]";2040;"ID";"Sensitivity | Removed policies except for H2 tax reduction";"Electricity"
"OPEX";"Taxes_Scheme";"NL";"Bandwith MCS";"Rigid";"PROG";"[-]";2040;"ID";"Sensitivity | Removed policies except for H2 tax reduction";"Electricity"
"OPEX";"Taxes_Scheme";"NL";"Bandwith MCS";"Tractor-Trailer";"PROG";"[-]";2040;"ID";"Sensitivity | Removed policies except for H2 tax reduction";"Electricity"
"OPEX";"Taxes_Scheme";"PL";"Bandwith MCS";"Rigid";"PROG";"[-]";2040;"ID";"Sensitivity | Removed policies except for H2 tax reduction";"Electricity"
"OPEX";"Taxes_Scheme";"PL";"Bandwith MCS";"Tractor-Trailer";"PROG";"[-]";2040;"ID";"Sensitivity | Removed policies except for H2 tax reduction";"Electricity"
"OPEX";"Taxes_Scheme";"UK";"Bandwith MCS";"Rigid";"PROG";"[-]";2040;"ID";"Sensitivity | Removed policies except for H2 tax reduction";"Electricity"
"OPEX";"Taxes_Scheme";"UK";"Bandwith MCS";"Tractor-Trailer";"PROG";"[-]";2040;"ID";"Sensitivity | Removed policies except for H2 tax reduction";"Electricity"
"OPEX";"Taxes_Scheme";"DE";"Bandwith Depot";"Rigid";"PROG";"[-]";2040;"ID";"Sensitivity | Removed policies except for H2 tax reduction";"Electricity"
"OPEX";"Taxes_Scheme";"DE";"Bandwith Depot";"Tractor-Trailer";"PROG";"[-]";2040;"ID";"Sensitivity | Removed policies except for H2 tax reduction";"Electricity"
"OPEX";"Taxes_Scheme";"ES";"Bandwith Depot";"Rigid";"PROG";"[-]";2040;"ID";"Sensitivity | Removed policies except for H2 tax reduction";"Electricity"
"OPEX";"Taxes_Scheme";"ES";"Bandwith Depot";"Tractor-Trailer";"PROG";"[-]";2040;"ID";"Sensitivity | Removed policies except for H2 tax reduction";"Electricity"
"OPEX";"Taxes_Scheme";"FR";"Bandwith Depot";"Rigid";"PROG";"[-]";2040;"ID";"Sensitivity | Removed policies except for H2 tax reduction";"Electricity"
"OPEX";"Taxes_Scheme";"FR";"Bandwith Depot";"Tractor-Trailer";"PROG";"[-]";2040;"ID";"Sensitivity | Removed policies except for H2 tax reduction";"Electricity"
"OPEX";"Taxes_Scheme";"IT";"Bandwith Depot";"Rigid";"PROG";"[-]";2040;"ID";"Sensitivity | Removed policies except for H2 tax reduction";"Electricity"
"OPEX";"Taxes_Scheme";"IT";"Bandwith Depot";"Tractor-Trailer";"PROG";"[-]";2040;"ID";"Sensitivity | Removed policies except for H2 tax reduction";"Electricity"
"OPEX";"Taxes_Scheme";"NL";"Bandwith Depot";"Rigid";"PROG";"[-]";2040;"ID";"Sensitivity | Removed policies except for H2 tax reduction";"Electricity"
"OPEX";"Taxes_Scheme";"NL";"Bandwith Depot";"Tractor-Trailer";"PROG";"[-]";2040;"ID";"Sensitivity | Removed policies except for H2 tax reduction";"Electricity"
"OPEX";"Taxes_Scheme";"PL";"Bandwith Depot";"Rigid";"PROG";"[-]";2040;"ID";"Sensitivity | Removed policies except for H2 tax reduction";"Electricity"
"OPEX";"Taxes_Scheme";"PL";"Bandwith Depot";"Tractor-Trailer";"PROG";"[-]";2040;"ID";"Sensitivity | Removed policies except for H2 tax reduction";"Electricity"
"OPEX";"Taxes_Scheme";"UK";"Bandwith Depot";"Rigid";"PROG";"[-]";2040;"ID";"Sensitivity | Removed policies except for H2 tax reduction";"Electricity"
"OPEX";"Taxes_Scheme";"UK";"Bandwith Depot";"Tractor-Trailer";"PROG";"[-]";2040;"ID";"Sensitivity | Removed policies except for H2 tax reduction";"Electricity"
"OPEX";"Taxes_Scheme";"DE";"Bandwith MCS";"Rigid";"BAU";"[-]";2040;"ID";"Sensitivity | Removed policies except for H2 tax reduction";"Electricity"
"OPEX";"Taxes_Scheme";"DE";"Bandwith MCS";"Tractor-Trailer";"BAU";"[-]";2040;"ID";"Sensitivity | Removed policies except for H2 tax reduction";"Electricity"
"OPEX";"Taxes_Scheme";"ES";"Bandwith MCS";"Rigid";"BAU";"[-]";2040;"ID";"Sensitivity | Removed policies except for H2 tax reduction";"Electricity"
"OPEX";"Taxes_Scheme";"ES";"Bandwith MCS";"Tractor-Trailer";"BAU";"[-]";2040;"ID";"Sensitivity | Removed policies except for H2 tax reduction";"Electricity"
"OPEX";"Taxes_Scheme";"FR";"Bandwith MCS";"Rigid";"BAU";"[-]";2040;"ID";"Sensitivity | Removed policies except for H2 tax reduction";"Electricity"
"OPEX";"Taxes_Scheme";"FR";"Bandwith MCS";"Tractor-Trailer";"BAU";"[-]";2040;"ID";"Sensitivity | Removed policies except for H2 tax reduction";"Electricity"
"OPEX";"Taxes_Scheme";"IT";"Bandwith MCS";"Rigid";"BAU";"[-]";2040;"ID";"Sensitivity | Removed policies except for H2 tax reduction";"Electricity"
"OPEX";"Taxes_Scheme";"IT";"Bandwith MCS";"Tractor-Trailer";"BAU";"[-]";2040;"ID";"Sensitivity | Removed policies except for H2 tax reduction";"Electricity"
"OPEX";"Taxes_Scheme";"NL";"Bandwith MCS";"Rigid";"BAU";"[-]";2040;"ID";"Sensitivity | Removed policies except for H2 tax reduction";"Electricity"
"OPEX";"Taxes_Scheme";"NL";"Bandwith MCS";"Tractor-Trailer";"BAU";"[-]";2040;"ID";"Sensitivity | Removed policies except for H2 tax reduction";"Electricity"
"OPEX";"Taxes_Scheme";"PL";"Bandwith MCS";"Rigid";"BAU";"[-]";2040;"ID";"Sensitivity | Removed policies except for H2 tax reduction";"Electricity"
"OPEX";"Taxes_Scheme";"PL";"Bandwith MCS";"Tractor-Trailer";"BAU";"[-]";2040;"ID";"Sensitivity | Removed policies except for H2 tax reduction";"Electricity"
"OPEX";"Taxes_Scheme";"UK";"Bandwith MCS";"Rigid";"BAU";"[-]";2040;"ID";"Sensitivity | Removed policies except for H2 tax reduction";"Electricity"
"OPEX";"Taxes_Scheme";"UK";"Bandwith MCS";"Tractor-Trailer";"BAU";"[-]";2040;"ID";"Sensitivity | Removed policies except for H2 tax reduction";"Electricity"
"OPEX";"Taxes_Scheme";"DE";"Bandwith Depot";"Rigid";"BAU";"[-]";2040;"IC";"Sensitivity | Removed policies except for H2 tax reduction";"Electricity"
"OPEX";"Taxes_Scheme";"DE";"Bandwith Depot";"Tractor-Trailer";"BAU";"[-]";2040;"IC";"Sensitivity | Removed policies except for H2 tax reduction";"Electricity"
"OPEX";"Taxes_Scheme";"ES";"Bandwith Depot";"Rigid";"BAU";"[-]";2040;"IC";"Sensitivity | Removed policies except for H2 tax reduction";"Electricity"
"OPEX";"Taxes_Scheme";"ES";"Bandwith Depot";"Tractor-Trailer";"BAU";"[-]";2040;"IC";"Sensitivity | Removed policies except for H2 tax reduction";"Electricity"
"OPEX";"Taxes_Scheme";"FR";"Bandwith Depot";"Rigid";"BAU";"[-]";2040;"IC";"Sensitivity | Removed policies except for H2 tax reduction";"Electricity"
"OPEX";"Taxes_Scheme";"FR";"Bandwith Depot";"Tractor-Trailer";"BAU";"[-]";2040;"IC";"Sensitivity | Removed policies except for H2 tax reduction";"Electricity"
"OPEX";"Taxes_Scheme";"IT";"Bandwith Depot";"Rigid";"BAU";"[-]";2040;"IC";"Sensitivity | Removed policies except for H2 tax reduction";"Electricity"
"OPEX";"Taxes_Scheme";"IT";"Bandwith Depot";"Tractor-Trailer";"BAU";"[-]";2040;"IC";"Sensitivity | Removed policies except for H2 tax reduction";"Electricity"
"OPEX";"Taxes_Scheme";"NL";"Bandwith Depot";"Rigid";"BAU";"[-]";2040;"IC";"Sensitivity | Removed policies except for H2 tax reduction";"Electricity"
"OPEX";"Taxes_Scheme";"NL";"Bandwith Depot";"Tractor-Trailer";"BAU";"[-]";2040;"IC";"Sensitivity | Removed policies except for H2 tax reduction";"Electricity"
"OPEX";"Taxes_Scheme";"PL";"Bandwith Depot";"Rigid";"BAU";"[-]";2040;"IC";"Sensitivity | Removed policies except for H2 tax reduction";"Electricity"
"OPEX";"Taxes_Scheme";"PL";"Bandwith Depot";"Tractor-Trailer";"BAU";"[-]";2040;"IC";"Sensitivity | Removed policies except for H2 tax reduction";"Electricity"
"OPEX";"Taxes_Scheme";"UK";"Bandwith Depot";"Rigid";"BAU";"[-]";2040;"IC";"Sensitivity | Removed policies except for H2 tax reduction";"Electricity"
"OPEX";"Taxes_Scheme";"UK";"Bandwith Depot";"Tractor-Trailer";"BAU";"[-]";2040;"IC";"Sensitivity | Removed policies except for H2 tax reduction";"Electricity"
"OPEX";"Taxes_Scheme";"DE";"Bandwith MCS";"Rigid";"PROG";"[-]";2045;"ID";"Sensitivity | Removed policies except for H2 tax reduction";"Electricity"
"OPEX";"Taxes_Scheme";"DE";"Bandwith MCS";"Tractor-Trailer";"PROG";"[-]";2045;"ID";"Sensitivity | Removed policies except for H2 tax reduction";"Electricity"
"OPEX";"Taxes_Scheme";"ES";"Bandwith MCS";"Rigid";"PROG";"[-]";2045;"IE";"Sensitivity | Removed policies except for H2 tax reduction";"Electricity"
"OPEX";"Taxes_Scheme";"ES";"Bandwith MCS";"Tractor-Trailer";"PROG";"[-]";2045;"IE";"Sensitivity | Removed policies except for H2 tax reduction";"Electricity"
"OPEX";"Taxes_Scheme";"FR";"Bandwith MCS";"Rigid";"PROG";"[-]";2045;"IE";"Sensitivity | Removed policies except for H2 tax reduction";"Electricity"
"OPEX";"Taxes_Scheme";"FR";"Bandwith MCS";"Tractor-Trailer";"PROG";"[-]";2045;"IE";"Sensitivity | Removed policies except for H2 tax reduction";"Electricity"
"OPEX";"Taxes_Scheme";"IT";"Bandwith MCS";"Rigid";"PROG";"[-]";2045;"IE";"Sensitivity | Removed policies except for H2 tax reduction";"Electricity"
"OPEX";"Taxes_Scheme";"IT";"Bandwith MCS";"Tractor-Trailer";"PROG";"[-]";2045;"IE";"Sensitivity | Removed policies except for H2 tax reduction";"Electricity"
"OPEX";"Taxes_Scheme";"NL";"Bandwith MCS";"Rigid";"PROG";"[-]";2045;"IE";"Sensitivity | Removed policies except for H2 tax reduction";"Electricity"
"OPEX";"Taxes_Scheme";"NL";"Bandwith MCS";"Tractor-Trailer";"PROG";"[-]";2045;"IE";"Sensitivity | Removed policies except for H2 tax reduction";"Electricity"
"OPEX";"Taxes_Scheme";"PL";"Bandwith MCS";"Rigid";"PROG";"[-]";2045;"IE";"Sensitivity | Removed policies except for H2 tax reduction";"Electricity"
"OPEX";"Taxes_Scheme";"PL";"Bandwith MCS";"Tractor-Trailer";"PROG";"[-]";2045;"IE";"Sensitivity | Removed policies except for H2 tax reduction";"Electricity"
"OPEX";"Taxes_Scheme";"UK";"Bandwith MCS";"Rigid";"PROG";"[-]";2045;"IE";"Sensitivity | Removed policies except for H2 tax reduction";"Electricity"
"OPEX";"Taxes_Scheme";"UK";"Bandwith MCS";"Tractor-Trailer";"PROG";"[-]";2045;"IE";"Sensitivity | Removed policies except for H2 tax reduction";"Electricity"
"OPEX";"Taxes_Scheme";"DE";"Bandwith Depot";"Rigid";"PROG";"[-]";2045;"ID";"Sensitivity | Removed policies except for H2 tax reduction";"Electricity"
"OPEX";"Taxes_Scheme";"DE";"Bandwith Depot";"Tractor-Trailer";"PROG";"[-]";2045;"ID";"Sensitivity | Removed policies except for H2 tax reduction";"Electricity"
"OPEX";"Taxes_Scheme";"ES";"Bandwith Depot";"Rigid";"PROG";"[-]";2045;"ID";"Sensitivity | Removed policies except for H2 tax reduction";"Electricity"
"OPEX";"Taxes_Scheme";"ES";"Bandwith Depot";"Tractor-Trailer";"PROG";"[-]";2045;"ID";"Sensitivity | Removed policies except for H2 tax reduction";"Electricity"
"OPEX";"Taxes_Scheme";"FR";"Bandwith Depot";"Rigid";"PROG";"[-]";2045;"ID";"Sensitivity | Removed policies except for H2 tax reduction";"Electricity"
"OPEX";"Taxes_Scheme";"FR";"Bandwith Depot";"Tractor-Trailer";"PROG";"[-]";2045;"ID";"Sensitivity | Removed policies except for H2 tax reduction";"Electricity"
"OPEX";"Taxes_Scheme";"IT";"Bandwith Depot";"Rigid";"PROG";"[-]";2045;"ID";"Sensitivity | Removed policies except for H2 tax reduction";"Electricity"
"OPEX";"Taxes_Scheme";"IT";"Bandwith Depot";"Tractor-Trailer";"PROG";"[-]";2045;"ID";"Sensitivity | Removed policies except for H2 tax reduction";"Electricity"
"OPEX";"Taxes_Scheme";"NL";"Bandwith Depot";"Rigid";"PROG";"[-]";2045;"ID";"Sensitivity | Removed policies except for H2 tax reduction";"Electricity"
"OPEX";"Taxes_Scheme";"NL";"Bandwith Depot";"Tractor-Trailer";"PROG";"[-]";2045;"ID";"Sensitivity | Removed policies except for H2 tax reduction";"Electricity"
"OPEX";"Taxes_Scheme";"PL";"Bandwith Depot";"Rigid";"PROG";"[-]";2045;"ID";"Sensitivity | Removed policies except for H2 tax reduction";"Electricity"
"OPEX";"Taxes_Scheme";"PL";"Bandwith Depot";"Tractor-Trailer";"PROG";"[-]";2045;"ID";"Sensitivity | Removed policies except for H2 tax reduction";"Electricity"
"OPEX";"Taxes_Scheme";"UK";"Bandwith Depot";"Rigid";"PROG";"[-]";2045;"ID";"Sensitivity | Removed policies except for H2 tax reduction";"Electricity"
"OPEX";"Taxes_Scheme";"UK";"Bandwith Depot";"Tractor-Trailer";"PROG";"[-]";2045;"ID";"Sensitivity | Removed policies except for H2 tax reduction";"Electricity"
"OPEX";"Taxes_Scheme";"DE";"Bandwith MCS";"Rigid";"BAU";"[-]";2045;"ID";"Sensitivity | Removed policies except for H2 tax reduction";"Electricity"
"OPEX";"Taxes_Scheme";"DE";"Bandwith MCS";"Tractor-Trailer";"BAU";"[-]";2045;"ID";"Sensitivity | Removed policies except for H2 tax reduction";"Electricity"
"OPEX";"Taxes_Scheme";"ES";"Bandwith MCS";"Rigid";"BAU";"[-]";2045;"ID";"Sensitivity | Removed policies except for H2 tax reduction";"Electricity"
"OPEX";"Taxes_Scheme";"ES";"Bandwith MCS";"Tractor-Trailer";"BAU";"[-]";2045;"ID";"Sensitivity | Removed policies except for H2 tax reduction";"Electricity"
"OPEX";"Taxes_Scheme";"FR";"Bandwith MCS";"Rigid";"BAU";"[-]";2045;"ID";"Sensitivity | Removed policies except for H2 tax reduction";"Electricity"
"OPEX";"Taxes_Scheme";"FR";"Bandwith MCS";"Tractor-Trailer";"BAU";"[-]";2045;"ID";"Sensitivity | Removed policies except for H2 tax reduction";"Electricity"
"OPEX";"Taxes_Scheme";"IT";"Bandwith MCS";"Rigid";"BAU";"[-]";2045;"ID";"Sensitivity | Removed policies except for H2 tax reduction";"Electricity"
"OPEX";"Taxes_Scheme";"IT";"Bandwith MCS";"Tractor-Trailer";"BAU";"[-]";2045;"ID";"Sensitivity | Removed policies except for H2 tax reduction";"Electricity"
"OPEX";"Taxes_Scheme";"NL";"Bandwith MCS";"Rigid";"BAU";"[-]";2045;"ID";"Sensitivity | Removed policies except for H2 tax reduction";"Electricity"
"OPEX";"Taxes_Scheme";"NL";"Bandwith MCS";"Tractor-Trailer";"BAU";"[-]";2045;"ID";"Sensitivity | Removed policies except for H2 tax reduction";"Electricity"
"OPEX";"Taxes_Scheme";"PL";"Bandwith MCS";"Rigid";"BAU";"[-]";2045;"ID";"Sensitivity | Removed policies except for H2 tax reduction";"Electricity"
"OPEX";"Taxes_Scheme";"PL";"Bandwith MCS";"Tractor-Trailer";"BAU";"[-]";2045;"ID";"Sensitivity | Removed policies except for H2 tax reduction";"Electricity"
"OPEX";"Taxes_Scheme";"UK";"Bandwith MCS";"Rigid";"BAU";"[-]";2045;"ID";"Sensitivity | Removed policies except for H2 tax reduction";"Electricity"
"OPEX";"Taxes_Scheme";"UK";"Bandwith MCS";"Tractor-Trailer";"BAU";"[-]";2045;"ID";"Sensitivity | Removed policies except for H2 tax reduction";"Electricity"
"OPEX";"Taxes_Scheme";"DE";"Bandwith Depot";"Rigid";"BAU";"[-]";2045;"IC";"Sensitivity | Removed policies except for H2 tax reduction";"Electricity"
"OPEX";"Taxes_Scheme";"DE";"Bandwith Depot";"Tractor-Trailer";"BAU";"[-]";2045;"IC";"Sensitivity | Removed policies except for H2 tax reduction";"Electricity"
"OPEX";"Taxes_Scheme";"ES";"Bandwith Depot";"Rigid";"BAU";"[-]";2045;"IC";"Sensitivity | Removed policies except for H2 tax reduction";"Electricity"
"OPEX";"Taxes_Scheme";"ES";"Bandwith Depot";"Tractor-Trailer";"BAU";"[-]";2045;"IC";"Sensitivity | Removed policies except for H2 tax reduction";"Electricity"
"OPEX";"Taxes_Scheme";"FR";"Bandwith Depot";"Rigid";"BAU";"[-]";2045;"IC";"Sensitivity | Removed policies except for H2 tax reduction";"Electricity"
"OPEX";"Taxes_Scheme";"FR";"Bandwith Depot";"Tractor-Trailer";"BAU";"[-]";2045;"IC";"Sensitivity | Removed policies except for H2 tax reduction";"Electricity"
"OPEX";"Taxes_Scheme";"IT";"Bandwith Depot";"Rigid";"BAU";"[-]";2045;"IC";"Sensitivity | Removed policies except for H2 tax reduction";"Electricity"
"OPEX";"Taxes_Scheme";"IT";"Bandwith Depot";"Tractor-Trailer";"BAU";"[-]";2045;"IC";"Sensitivity | Removed policies except for H2 tax reduction";"Electricity"
"OPEX";"Taxes_Scheme";"NL";"Bandwith Depot";"Rigid";"BAU";"[-]";2045;"IC";"Sensitivity | Removed policies except for H2 tax reduction";"Electricity"
"OPEX";"Taxes_Scheme";"NL";"Bandwith Depot";"Tractor-Trailer";"BAU";"[-]";2045;"IC";"Sensitivity | Removed policies except for H2 tax reduction";"Electricity"
"OPEX";"Taxes_Scheme";"PL";"Bandwith Depot";"Rigid";"BAU";"[-]";2045;"IC";"Sensitivity | Removed policies except for H2 tax reduction";"Electricity"
"OPEX";"Taxes_Scheme";"PL";"Bandwith Depot";"Tractor-Trailer";"BAU";"[-]";2045;"IC";"Sensitivity | Removed policies except for H2 tax reduction";"Electricity"
"OPEX";"Taxes_Scheme";"UK";"Bandwith Depot";"Rigid";"BAU";"[-]";2045;"IC";"Sensitivity | Removed policies except for H2 tax reduction";"Electricity"
"OPEX";"Taxes_Scheme";"UK";"Bandwith Depot";"Tractor-Trailer";"BAU";"[-]";2045;"IC";"Sensitivity | Removed policies except for H2 tax reduction";"Electricity"
"OPEX";"Taxes_Scheme";"DE";"Bandwith MCS";"Rigid";"PROG";"[-]";2050;"IE";"Sensitivity | Removed policies except for H2 tax reduction";"Electricity"
"OPEX";"Taxes_Scheme";"DE";"Bandwith MCS";"Tractor-Trailer";"PROG";"[-]";2050;"IE";"Sensitivity | Removed policies except for H2 tax reduction";"Electricity"
"OPEX";"Taxes_Scheme";"ES";"Bandwith MCS";"Rigid";"PROG";"[-]";2050;"IE";"Sensitivity | Removed policies except for H2 tax reduction";"Electricity"
"OPEX";"Taxes_Scheme";"ES";"Bandwith MCS";"Tractor-Trailer";"PROG";"[-]";2050;"IE";"Sensitivity | Removed policies except for H2 tax reduction";"Electricity"
"OPEX";"Taxes_Scheme";"FR";"Bandwith MCS";"Rigid";"PROG";"[-]";2050;"IE";"Sensitivity | Removed policies except for H2 tax reduction";"Electricity"
"OPEX";"Taxes_Scheme";"FR";"Bandwith MCS";"Tractor-Trailer";"PROG";"[-]";2050;"IE";"Sensitivity | Removed policies except for H2 tax reduction";"Electricity"
"OPEX";"Taxes_Scheme";"IT";"Bandwith MCS";"Rigid";"PROG";"[-]";2050;"IE";"Sensitivity | Removed policies except for H2 tax reduction";"Electricity"
"OPEX";"Taxes_Scheme";"IT";"Bandwith MCS";"Tractor-Trailer";"PROG";"[-]";2050;"IE";"Sensitivity | Removed policies except for H2 tax reduction";"Electricity"
"OPEX";"Taxes_Scheme";"NL";"Bandwith MCS";"Rigid";"PROG";"[-]";2050;"IE";"Sensitivity | Removed policies except for H2 tax reduction";"Electricity"
"OPEX";"Taxes_Scheme";"NL";"Bandwith MCS";"Tractor-Trailer";"PROG";"[-]";2050;"IE";"Sensitivity | Removed policies except for H2 tax reduction";"Electricity"
"OPEX";"Taxes_Scheme";"PL";"Bandwith MCS";"Rigid";"PROG";"[-]";2050;"IE";"Sensitivity | Removed policies except for H2 tax reduction";"Electricity"
"OPEX";"Taxes_Scheme";"PL";"Bandwith MCS";"Tractor-Trailer";"PROG";"[-]";2050;"IE";"Sensitivity | Removed policies except for H2 tax reduction";"Electricity"
"OPEX";"Taxes_Scheme";"UK";"Bandwith MCS";"Rigid";"PROG";"[-]";2050;"IE";"Sensitivity | Removed policies except for H2 tax reduction";"Electricity"
"OPEX";"Taxes_Scheme";"UK";"Bandwith MCS";"Tractor-Trailer";"PROG";"[-]";2050;"IE";"Sensitivity | Removed policies except for H2 tax reduction";"Electricity"
"OPEX";"Taxes_Scheme";"DE";"Bandwith Depot";"Rigid";"PROG";"[-]";2050;"ID";"Sensitivity | Removed policies except for H2 tax reduction";"Electricity"
"OPEX";"Taxes_Scheme";"DE";"Bandwith Depot";"Tractor-Trailer";"PROG";"[-]";2050;"ID";"Sensitivity | Removed policies except for H2 tax reduction";"Electricity"
"OPEX";"Taxes_Scheme";"ES";"Bandwith Depot";"Rigid";"PROG";"[-]";2050;"ID";"Sensitivity | Removed policies except for H2 tax reduction";"Electricity"
"OPEX";"Taxes_Scheme";"ES";"Bandwith Depot";"Tractor-Trailer";"PROG";"[-]";2050;"ID";"Sensitivity | Removed policies except for H2 tax reduction";"Electricity"
"OPEX";"Taxes_Scheme";"FR";"Bandwith Depot";"Rigid";"PROG";"[-]";2050;"ID";"Sensitivity | Removed policies except for H2 tax reduction";"Electricity"
"OPEX";"Taxes_Scheme";"FR";"Bandwith Depot";"Tractor-Trailer";"PROG";"[-]";2050;"ID";"Sensitivity | Removed policies except for H2 tax reduction";"Electricity"
"OPEX";"Taxes_Scheme";"IT";"Bandwith Depot";"Rigid";"PROG";"[-]";2050;"ID";"Sensitivity | Removed policies except for H2 tax reduction";"Electricity"
"OPEX";"Taxes_Scheme";"IT";"Bandwith Depot";"Tractor-Trailer";"PROG";"[-]";2050;"ID";"Sensitivity | Removed policies except for H2 tax reduction";"Electricity"
"OPEX";"Taxes_Scheme";"NL";"Bandwith Depot";"Rigid";"PROG";"[-]";2050;"ID";"Sensitivity | Removed policies except for H2 tax reduction";"Electricity"
"OPEX";"Taxes_Scheme";"NL";"Bandwith Depot";"Tractor-Trailer";"PROG";"[-]";2050;"ID";"Sensitivity | Removed policies except for H2 tax reduction";"Electricity"
"OPEX";"Taxes_Scheme";"PL";"Bandwith Depot";"Rigid";"PROG";"[-]";2050;"ID";"Sensitivity | Removed policies except for H2 tax reduction";"Electricity"
"OPEX";"Taxes_Scheme";"PL";"Bandwith Depot";"Tractor-Trailer";"PROG";"[-]";2050;"ID";"Sensitivity | Removed policies except for H2 tax reduction";"Electricity"
"OPEX";"Taxes_Scheme";"UK";"Bandwith Depot";"Rigid";"PROG";"[-]";2050;"ID";"Sensitivity | Removed policies except for H2 tax reduction";"Electricity"
"OPEX";"Taxes_Scheme";"UK";"Bandwith Depot";"Tractor-Trailer";"PROG";"[-]";2050;"ID";"Sensitivity | Removed policies except for H2 tax reduction";"Electricity"
"OPEX";"Taxes_Scheme";"DE";"Bandwith MCS";"Rigid";"BAU";"[-]";2050;"ID";"Sensitivity | Removed policies except for H2 tax reduction";"Electricity"
"OPEX";"Taxes_Scheme";"DE";"Bandwith MCS";"Tractor-Trailer";"BAU";"[-]";2050;"ID";"Sensitivity | Removed policies except for H2 tax reduction";"Electricity"
"OPEX";"Taxes_Scheme";"ES";"Bandwith MCS";"Rigid";"BAU";"[-]";2050;"ID";"Sensitivity | Removed policies except for H2 tax reduction";"Electricity"
"OPEX";"Taxes_Scheme";"ES";"Bandwith MCS";"Tractor-Trailer";"BAU";"[-]";2050;"ID";"Sensitivity | Removed policies except for H2 tax reduction";"Electricity"
"OPEX";"Taxes_Scheme";"FR";"Bandwith MCS";"Rigid";"BAU";"[-]";2050;"ID";"Sensitivity | Removed policies except for H2 tax reduction";"Electricity"
"OPEX";"Taxes_Scheme";"FR";"Bandwith MCS";"Tractor-Trailer";"BAU";"[-]";2050;"ID";"Sensitivity | Removed policies except for H2 tax reduction";"Electricity"
"OPEX";"Taxes_Scheme";"IT";"Bandwith MCS";"Rigid";"BAU";"[-]";2050;"ID";"Sensitivity | Removed policies except for H2 tax reduction";"Electricity"
"OPEX";"Taxes_Scheme";"IT";"Bandwith MCS";"Tractor-Trailer";"BAU";"[-]";2050;"ID";"Sensitivity | Removed policies except for H2 tax reduction";"Electricity"
"OPEX";"Taxes_Scheme";"NL";"Bandwith MCS";"Rigid";"BAU";"[-]";2050;"ID";"Sensitivity | Removed policies except for H2 tax reduction";"Electricity"
"OPEX";"Taxes_Scheme";"NL";"Bandwith MCS";"Tractor-Trailer";"BAU";"[-]";2050;"ID";"Sensitivity | Removed policies except for H2 tax reduction";"Electricity"
"OPEX";"Taxes_Scheme";"PL";"Bandwith MCS";"Rigid";"BAU";"[-]";2050;"ID";"Sensitivity | Removed policies except for H2 tax reduction";"Electricity"
"OPEX";"Taxes_Scheme";"PL";"Bandwith MCS";"Tractor-Trailer";"BAU";"[-]";2050;"ID";"Sensitivity | Removed policies except for H2 tax reduction";"Electricity"
"OPEX";"Taxes_Scheme";"UK";"Bandwith MCS";"Rigid";"BAU";"[-]";2050;"ID";"Sensitivity | Removed policies except for H2 tax reduction";"Electricity"
"OPEX";"Taxes_Scheme";"UK";"Bandwith MCS";"Tractor-Trailer";"BAU";"[-]";2050;"ID";"Sensitivity | Removed policies except for H2 tax reduction";"Electricity"
"OPEX";"Taxes_Scheme";"DE";"Bandwith Depot";"Rigid";"BAU";"[-]";2050;"IC";"Sensitivity | Removed policies except for H2 tax reduction";"Electricity"
"OPEX";"Taxes_Scheme";"DE";"Bandwith Depot";"Tractor-Trailer";"BAU";"[-]";2050;"IC";"Sensitivity | Removed policies except for H2 tax reduction";"Electricity"
"OPEX";"Taxes_Scheme";"ES";"Bandwith Depot";"Rigid";"BAU";"[-]";2050;"IC";"Sensitivity | Removed policies except for H2 tax reduction";"Electricity"
"OPEX";"Taxes_Scheme";"ES";"Bandwith Depot";"Tractor-Trailer";"BAU";"[-]";2050;"IC";"Sensitivity | Removed policies except for H2 tax reduction";"Electricity"
"OPEX";"Taxes_Scheme";"FR";"Bandwith Depot";"Rigid";"BAU";"[-]";2050;"IC";"Sensitivity | Removed policies except for H2 tax reduction";"Electricity"
"OPEX";"Taxes_Scheme";"FR";"Bandwith Depot";"Tractor-Trailer";"BAU";"[-]";2050;"IC";"Sensitivity | Removed policies except for H2 tax reduction";"Electricity"
"OPEX";"Taxes_Scheme";"IT";"Bandwith Depot";"Rigid";"BAU";"[-]";2050;"IC";"Sensitivity | Removed policies except for H2 tax reduction";"Electricity"
"OPEX";"Taxes_Scheme";"IT";"Bandwith Depot";"Tractor-Trailer";"BAU";"[-]";2050;"IC";"Sensitivity | Removed policies except for H2 tax reduction";"Electricity"
"OPEX";"Taxes_Scheme";"NL";"Bandwith Depot";"Rigid";"BAU";"[-]";2050;"IC";"Sensitivity | Removed policies except for H2 tax reduction";"Electricity"
"OPEX";"Taxes_Scheme";"NL";"Bandwith Depot";"Tractor-Trailer";"BAU";"[-]";2050;"IC";"Sensitivity | Removed policies except for H2 tax reduction";"Electricity"
"OPEX";"Taxes_Scheme";"PL";"Bandwith Depot";"Rigid";"BAU";"[-]";2050;"IC";"Sensitivity | Removed policies except for H2 tax reduction";"Electricity"
"OPEX";"Taxes_Scheme";"PL";"Bandwith Depot";"Tractor-Trailer";"BAU";"[-]";2050;"IC";"Sensitivity | Removed policies except for H2 tax reduction";"Electricity"
"OPEX";"Taxes_Scheme";"UK";"Bandwith Depot";"Rigid";"BAU";"[-]";2050;"IC";"Sensitivity | Removed policies except for H2 tax reduction";"Electricity"
"OPEX";"Taxes_Scheme";"UK";"Bandwith Depot";"Tractor-Trailer";"BAU";"[-]";2050;"IC";"Sensitivity | Removed policies except for H2 tax reduction";"Electricity"
"OPEX";"Taxes";"DE";"Excise Duty - Diesel";"Rigid";"BAU";"EUR/kWh";2030;"0.047";"Sensitivity | Current Policies | Resale value";"Diesel"
"OPEX";"Taxes";"DE";"Excise Duty - Diesel";"Tractor-Trailer";"BAU";"EUR/kWh";2030;"0.047";"Sensitivity | Current Policies | Resale value";"Diesel"
"OPEX";"Taxes";"ES";"Excise Duty - Diesel";"Rigid";"BAU";"EUR/kWh";2030;"0.038";"Sensitivity | Current Policies | Resale value";"Diesel"
"OPEX";"Taxes";"ES";"Excise Duty - Diesel";"Tractor-Trailer";"BAU";"EUR/kWh";2030;"0.038";"Sensitivity | Current Policies | Resale value";"Diesel"
"OPEX";"Taxes";"FR";"Excise Duty - Diesel";"Rigid";"BAU";"EUR/kWh";2030;"0.06";"Sensitivity | Current Policies | Resale value";"Diesel"
"OPEX";"Taxes";"FR";"Excise Duty - Diesel";"Tractor-Trailer";"BAU";"EUR/kWh";2030;"0.06";"Sensitivity | Current Policies | Resale value";"Diesel"
"OPEX";"Taxes";"IT";"Excise Duty - Diesel";"Rigid";"BAU";"EUR/kWh";2030;"0.062";"Sensitivity | Current Policies | Resale value";"Diesel"
"OPEX";"Taxes";"IT";"Excise Duty - Diesel";"Tractor-Trailer";"BAU";"EUR/kWh";2030;"0.062";"Sensitivity | Current Policies | Resale value";"Diesel"
"OPEX";"Taxes";"NL";"Excise Duty - Diesel";"Rigid";"BAU";"EUR/kWh";2030;"0.053";"Sensitivity | Current Policies | Resale value";"Diesel"
"OPEX";"Taxes";"NL";"Excise Duty - Diesel";"Tractor-Trailer";"BAU";"EUR/kWh";2030;"0.053";"Sensitivity | Current Policies | Resale value";"Diesel"
"OPEX";"Taxes";"PL";"Excise Duty - Diesel";"Rigid";"BAU";"EUR/kWh";2030;"0.033";"Sensitivity | Current Policies | Resale value";"Diesel"
"OPEX";"Taxes";"PL";"Excise Duty - Diesel";"Tractor-Trailer";"BAU";"EUR/kWh";2030;"0.033";"Sensitivity | Current Policies | Resale value";"Diesel"
"OPEX";"Taxes";"UK";"Excise Duty - Diesel";"Rigid";"BAU";"EUR/kWh";2030;"0.053";"Sensitivity | Current Policies | Resale value";"Diesel"
"OPEX";"Taxes";"UK";"Excise Duty - Diesel";"Tractor-Trailer";"BAU";"EUR/kWh";2030;"0.053";"Sensitivity | Current Policies | Resale value";"Diesel"
"OPEX";"Taxes";"DE";"Excise Duty - Reduction biodiesel";"Rigid";"BAU";"%";2030;"0.5";"Sensitivity | Current Policies | Resale value";"Diesel"
"OPEX";"Taxes";"DE";"Excise Duty - Reduction biodiesel";"Tractor-Trailer";"BAU";"%";2030;"0.5";"Sensitivity | Current Policies | Resale value";"Diesel"
"OPEX";"Taxes";"ES";"Excise Duty - Reduction biodiesel";"Rigid";"BAU";"%";2030;"0.5";"Sensitivity | Current Policies | Resale value";"Diesel"
"OPEX";"Taxes";"ES";"Excise Duty - Reduction biodiesel";"Tractor-Trailer";"BAU";"%";2030;"0.5";"Sensitivity | Current Policies | Resale value";"Diesel"
"OPEX";"Taxes";"FR";"Excise Duty - Reduction biodiesel";"Rigid";"BAU";"%";2030;"0.5";"Sensitivity | Current Policies | Resale value";"Diesel"
"OPEX";"Taxes";"FR";"Excise Duty - Reduction biodiesel";"Tractor-Trailer";"BAU";"%";2030;"0.5";"Sensitivity | Current Policies | Resale value";"Diesel"
"OPEX";"Taxes";"IT";"Excise Duty - Reduction biodiesel";"Rigid";"BAU";"%";2030;"0.5";"Sensitivity | Current Policies | Resale value";"Diesel"
"OPEX";"Taxes";"IT";"Excise Duty - Reduction biodiesel";"Tractor-Trailer";"BAU";"%";2030;"0.5";"Sensitivity | Current Policies | Resale value";"Diesel"
"OPEX";"Taxes";"NL";"Excise Duty - Reduction biodiesel";"Rigid";"BAU";"%";2030;"0.5";"Sensitivity | Current Policies | Resale value";"Diesel"
"OPEX";"Taxes";"NL";"Excise Duty - Reduction biodiesel";"Tractor-Trailer";"BAU";"%";2030;"0.5";"Sensitivity | Current Policies | Resale value";"Diesel"
"OPEX";"Taxes";"PL";"Excise Duty - Reduction biodiesel";"Rigid";"BAU";"%";2030;"0.5";"Sensitivity | Current Policies | Resale value";"Diesel"
"OPEX";"Taxes";"PL";"Excise Duty - Reduction biodiesel";"Tractor-Trailer";"BAU";"%";2030;"0.5";"Sensitivity | Current Policies | Resale value";"Diesel"
"OPEX";"Taxes";"UK";"Excise Duty - Reduction biodiesel";"Rigid";"BAU";"%";2030;"0.5";"Sensitivity | Current Policies | Resale value";"Diesel"
"OPEX";"Taxes";"UK";"Excise Duty - Reduction biodiesel";"Tractor-Trailer";"BAU";"%";2030;"0.5";"Sensitivity | Current Policies | Resale value";"Diesel"
"OPEX";"Taxes";"DE";"Excise Duty - Reduction Synthetic Diesel (E-Fuels)";"Rigid";"BAU";"%";2030;"0.5";"Sensitivity | Current Policies | Resale value";"Diesel"
"OPEX";"Taxes";"DE";"Excise Duty - Reduction Synthetic Diesel (E-Fuels)";"Tractor-Trailer";"BAU";"%";2030;"0.5";"Sensitivity | Current Policies | Resale value";"Diesel"
"OPEX";"Taxes";"ES";"Excise Duty - Reduction Synthetic Diesel (E-Fuels)";"Rigid";"BAU";"%";2030;"0.5";"Sensitivity | Current Policies | Resale value";"Diesel"
"OPEX";"Taxes";"ES";"Excise Duty - Reduction Synthetic Diesel (E-Fuels)";"Tractor-Trailer";"BAU";"%";2030;"0.5";"Sensitivity | Current Policies | Resale value";"Diesel"
"OPEX";"Taxes";"FR";"Excise Duty - Reduction Synthetic Diesel (E-Fuels)";"Rigid";"BAU";"%";2030;"0.5";"Sensitivity | Current Policies | Resale value";"Diesel"
"OPEX";"Taxes";"FR";"Excise Duty - Reduction Synthetic Diesel (E-Fuels)";"Tractor-Trailer";"BAU";"%";2030;"0.5";"Sensitivity | Current Policies | Resale value";"Diesel"
"OPEX";"Taxes";"IT";"Excise Duty - Reduction Synthetic Diesel (E-Fuels)";"Rigid";"BAU";"%";2030;"0.5";"Sensitivity | Current Policies | Resale value";"Diesel"
"OPEX";"Taxes";"IT";"Excise Duty - Reduction Synthetic Diesel (E-Fuels)";"Tractor-Trailer";"BAU";"%";2030;"0.5";"Sensitivity | Current Policies | Resale value";"Diesel"
"OPEX";"Taxes";"NL";"Excise Duty - Reduction Synthetic Diesel (E-Fuels)";"Rigid";"BAU";"%";2030;"0.5";"Sensitivity | Current Policies | Resale value";"Diesel"
"OPEX";"Taxes";"NL";"Excise Duty - Reduction Synthetic Diesel (E-Fuels)";"Tractor-Trailer";"BAU";"%";2030;"0.5";"Sensitivity | Current Policies | Resale value";"Diesel"
"OPEX";"Taxes";"PL";"Excise Duty - Reduction Synthetic Diesel (E-Fuels)";"Rigid";"BAU";"%";2030;"0.5";"Sensitivity | Current Policies | Resale value";"Diesel"
"OPEX";"Taxes";"PL";"Excise Duty - Reduction Synthetic Diesel (E-Fuels)";"Tractor-Trailer";"BAU";"%";2030;"0.5";"Sensitivity | Current Policies | Resale value";"Diesel"
"OPEX";"Taxes";"UK";"Excise Duty - Reduction Synthetic Diesel (E-Fuels)";"Rigid";"BAU";"%";2030;"0.5";"Sensitivity | Current Policies | Resale value";"Diesel"
"OPEX";"Taxes";"UK";"Excise Duty - Reduction Synthetic Diesel (E-Fuels)";"Tractor-Trailer";"BAU";"%";2030;"0.5";"Sensitivity | Current Policies | Resale value";"Diesel"
"OPEX";"Taxes";"DE";"Taxes, Fees, Levies and charges - H2";"Rigid";"BAU";"EUR/kWh";2030;"0.015";"Sensitivity | Current Policies | Resale value";"Hydrogen"
"OPEX";"Taxes";"DE";"Taxes, Fees, Levies and charges - H2";"Tractor-Trailer";"BAU";"EUR/kWh";2030;"0.015";"Sensitivity | Current Policies | Resale value";"Hydrogen"
"OPEX";"Taxes";"ES";"Taxes, Fees, Levies and charges - H2";"Rigid";"BAU";"EUR/kWh";2030;"0.008";"Sensitivity | Current Policies | Resale value";"Hydrogen"
"OPEX";"Taxes";"ES";"Taxes, Fees, Levies and charges - H2";"Tractor-Trailer";"BAU";"EUR/kWh";2030;"0.008";"Sensitivity | Current Policies | Resale value";"Hydrogen"
"OPEX";"Taxes";"FR";"Taxes, Fees, Levies and charges - H2";"Rigid";"BAU";"EUR/kWh";2030;"0.012";"Sensitivity | Current Policies | Resale value";"Hydrogen"
"OPEX";"Taxes";"FR";"Taxes, Fees, Levies and charges - H2";"Tractor-Trailer";"BAU";"EUR/kWh";2030;"0.012";"Sensitivity | Current Policies | Resale value";"Hydrogen"
"OPEX";"Taxes";"IT";"Taxes, Fees, Levies and charges - H2";"Rigid";"BAU";"EUR/kWh";2030;"0.009";"Sensitivity | Current Policies | Resale value";"Hydrogen"
"OPEX";"Taxes";"IT";"Taxes, Fees, Levies and charges - H2";"Tractor-Trailer";"BAU";"EUR/kWh";2030;"0.009";"Sensitivity | Current Policies | Resale value";"Hydrogen"
"OPEX";"Taxes";"NL";"Taxes, Fees, Levies and charges - H2";"Rigid";"BAU";"EUR/kWh";2030;"0.024";"Sensitivity | Current Policies | Resale value";"Hydrogen"
"OPEX";"Taxes";"NL";"Taxes, Fees, Levies and charges - H2";"Tractor-Trailer";"BAU";"EUR/kWh";2030;"0.024";"Sensitivity | Current Policies | Resale value";"Hydrogen"
"OPEX";"Taxes";"PL";"Taxes, Fees, Levies and charges - H2";"Rigid";"BAU";"EUR/kWh";2030;"0.009";"Sensitivity | Current Policies | Resale value";"Hydrogen"
"OPEX";"Taxes";"PL";"Taxes, Fees, Levies and charges - H2";"Tractor-Trailer";"BAU";"EUR/kWh";2030;"0.009";"Sensitivity | Current Policies | Resale value";"Hydrogen"
"OPEX";"Taxes";"UK";"Taxes, Fees, Levies and charges - H2";"Rigid";"BAU";"EUR/kWh";2030;"0.006";"Sensitivity | Current Policies | Resale value";"Hydrogen"
"OPEX";"Taxes";"UK";"Taxes, Fees, Levies and charges - H2";"Tractor-Trailer";"BAU";"EUR/kWh";2030;"0.006";"Sensitivity | Current Policies | Resale value";"Hydrogen"
"OPEX";"Charging Infrastructure";"DE";"MCS grid extension";"Rigid";"BAU";"EUR/kWh";2030;"0.075";"Sensitivity | Current Policies | Resale value";"Electricity"
"OPEX";"Charging Infrastructure";"DE";"MCS grid extension";"Tractor-Trailer";"BAU";"EUR/kWh";2030;"0.075";"Sensitivity | Current Policies | Resale value";"Electricity"
"OPEX";"Charging Infrastructure";"ES";"MCS grid extension";"Rigid";"BAU";"EUR/kWh";2030;"0.075";"Sensitivity | Current Policies | Resale value";"Electricity"
"OPEX";"Charging Infrastructure";"ES";"MCS grid extension";"Tractor-Trailer";"BAU";"EUR/kWh";2030;"0.075";"Sensitivity | Current Policies | Resale value";"Electricity"
"OPEX";"Charging Infrastructure";"FR";"MCS grid extension";"Rigid";"BAU";"EUR/kWh";2030;"0.075";"Sensitivity | Current Policies | Resale value";"Electricity"
"OPEX";"Charging Infrastructure";"FR";"MCS grid extension";"Tractor-Trailer";"BAU";"EUR/kWh";2030;"0.075";"Sensitivity | Current Policies | Resale value";"Electricity"
"OPEX";"Charging Infrastructure";"IT";"MCS grid extension";"Rigid";"BAU";"EUR/kWh";2030;"0.075";"Sensitivity | Current Policies | Resale value";"Electricity"
"OPEX";"Charging Infrastructure";"IT";"MCS grid extension";"Tractor-Trailer";"BAU";"EUR/kWh";2030;"0.075";"Sensitivity | Current Policies | Resale value";"Electricity"
"OPEX";"Charging Infrastructure";"NL";"MCS grid extension";"Rigid";"BAU";"EUR/kWh";2030;"0.075";"Sensitivity | Current Policies | Resale value";"Electricity"
"OPEX";"Charging Infrastructure";"NL";"MCS grid extension";"Tractor-Trailer";"BAU";"EUR/kWh";2030;"0.075";"Sensitivity | Current Policies | Resale value";"Electricity"
"OPEX";"Charging Infrastructure";"PL";"MCS grid extension";"Rigid";"BAU";"EUR/kWh";2030;"0.075";"Sensitivity | Current Policies | Resale value";"Electricity"
"OPEX";"Charging Infrastructure";"PL";"MCS grid extension";"Tractor-Trailer";"BAU";"EUR/kWh";2030;"0.075";"Sensitivity | Current Policies | Resale value";"Electricity"
"OPEX";"Charging Infrastructure";"UK";"MCS grid extension";"Rigid";"BAU";"EUR/kWh";2030;"0.075";"Sensitivity | Current Policies | Resale value";"Electricity"
"OPEX";"Charging Infrastructure";"UK";"MCS grid extension";"Tractor-Trailer";"BAU";"EUR/kWh";2030;"0.075";"Sensitivity | Current Policies | Resale value";"Electricity"
"OPEX";"Charging Infrastructure";"DE";"MCS Profit and Mark-Up";"Rigid";"BAU";"%";2030;"0.1";"Sensitivity | Current Policies | Resale value";"Electricity"
"OPEX";"Charging Infrastructure";"DE";"MCS Profit and Mark-Up";"Tractor-Trailer";"BAU";"%";2030;"0.1";"Sensitivity | Current Policies | Resale value";"Electricity"
"OPEX";"Charging Infrastructure";"ES";"MCS Profit and Mark-Up";"Rigid";"BAU";"%";2030;"0.1";"Sensitivity | Current Policies | Resale value";"Electricity"
"OPEX";"Charging Infrastructure";"ES";"MCS Profit and Mark-Up";"Tractor-Trailer";"BAU";"%";2030;"0.1";"Sensitivity | Current Policies | Resale value";"Electricity"
"OPEX";"Charging Infrastructure";"FR";"MCS Profit and Mark-Up";"Rigid";"BAU";"%";2030;"0.1";"Sensitivity | Current Policies | Resale value";"Electricity"
"OPEX";"Charging Infrastructure";"FR";"MCS Profit and Mark-Up";"Tractor-Trailer";"BAU";"%";2030;"0.1";"Sensitivity | Current Policies | Resale value";"Electricity"
"OPEX";"Charging Infrastructure";"IT";"MCS Profit and Mark-Up";"Rigid";"BAU";"%";2030;"0.1";"Sensitivity | Current Policies | Resale value";"Electricity"
"OPEX";"Charging Infrastructure";"IT";"MCS Profit and Mark-Up";"Tractor-Trailer";"BAU";"%";2030;"0.1";"Sensitivity | Current Policies | Resale value";"Electricity"
"OPEX";"Charging Infrastructure";"NL";"MCS Profit and Mark-Up";"Rigid";"BAU";"%";2030;"0.1";"Sensitivity | Current Policies | Resale value";"Electricity"
"OPEX";"Charging Infrastructure";"NL";"MCS Profit and Mark-Up";"Tractor-Trailer";"BAU";"%";2030;"0.1";"Sensitivity | Current Policies | Resale value";"Electricity"
"OPEX";"Charging Infrastructure";"PL";"MCS Profit and Mark-Up";"Rigid";"BAU";"%";2030;"0.1";"Sensitivity | Current Policies | Resale value";"Electricity"
"OPEX";"Charging Infrastructure";"PL";"MCS Profit and Mark-Up";"Tractor-Trailer";"BAU";"%";2030;"0.1";"Sensitivity | Current Policies | Resale value";"Electricity"
"OPEX";"Charging Infrastructure";"UK";"MCS Profit and Mark-Up";"Rigid";"BAU";"%";2030;"0.1";"Sensitivity | Current Policies | Resale value";"Electricity"
"OPEX";"Charging Infrastructure";"UK";"MCS Profit and Mark-Up";"Tractor-Trailer";"BAU";"%";2030;"0.1";"Sensitivity | Current Policies | Resale value";"Electricity"
"OPEX";"Charging Infrastructure";"DE";"CCS Station (Depot) - Incl. Overhead";"Rigid";"BAU";"EUR/kWh";2030;"0.029";"Sensitivity | Current Policies | Resale value";"Electricity"
"OPEX";"Charging Infrastructure";"DE";"CCS Station (Depot) - Incl. Overhead";"Tractor-Trailer";"BAU";"EUR/kWh";2030;"0.029";"Sensitivity | Current Policies | Resale value";"Electricity"
"OPEX";"Charging Infrastructure";"ES";"CCS Station (Depot) - Incl. Overhead";"Rigid";"BAU";"EUR/kWh";2030;"0.029";"Sensitivity | Current Policies | Resale value";"Electricity"
"OPEX";"Charging Infrastructure";"ES";"CCS Station (Depot) - Incl. Overhead";"Tractor-Trailer";"BAU";"EUR/kWh";2030;"0.029";"Sensitivity | Current Policies | Resale value";"Electricity"
"OPEX";"Charging Infrastructure";"FR";"CCS Station (Depot) - Incl. Overhead";"Rigid";"BAU";"EUR/kWh";2030;"0.029";"Sensitivity | Current Policies | Resale value";"Electricity"
"OPEX";"Charging Infrastructure";"FR";"CCS Station (Depot) - Incl. Overhead";"Tractor-Trailer";"BAU";"EUR/kWh";2030;"0.029";"Sensitivity | Current Policies | Resale value";"Electricity"
"OPEX";"Charging Infrastructure";"IT";"CCS Station (Depot) - Incl. Overhead";"Rigid";"BAU";"EUR/kWh";2030;"0.029";"Sensitivity | Current Policies | Resale value";"Electricity"
"OPEX";"Charging Infrastructure";"IT";"CCS Station (Depot) - Incl. Overhead";"Tractor-Trailer";"BAU";"EUR/kWh";2030;"0.029";"Sensitivity | Current Policies | Resale value";"Electricity"
"OPEX";"Charging Infrastructure";"NL";"CCS Station (Depot) - Incl. Overhead";"Rigid";"BAU";"EUR/kWh";2030;"0.029";"Sensitivity | Current Policies | Resale value";"Electricity"
"OPEX";"Charging Infrastructure";"NL";"CCS Station (Depot) - Incl. Overhead";"Tractor-Trailer";"BAU";"EUR/kWh";2030;"0.029";"Sensitivity | Current Policies | Resale value";"Electricity"
"OPEX";"Charging Infrastructure";"PL";"CCS Station (Depot) - Incl. Overhead";"Rigid";"BAU";"EUR/kWh";2030;"0.029";"Sensitivity | Current Policies | Resale value";"Electricity"
"OPEX";"Charging Infrastructure";"PL";"CCS Station (Depot) - Incl. Overhead";"Tractor-Trailer";"BAU";"EUR/kWh";2030;"0.029";"Sensitivity | Current Policies | Resale value";"Electricity"
"OPEX";"Charging Infrastructure";"UK";"CCS Station (Depot) - Incl. Overhead";"Rigid";"BAU";"EUR/kWh";2030;"0.029";"Sensitivity | Current Policies | Resale value";"Electricity"
"OPEX";"Charging Infrastructure";"UK";"CCS Station (Depot) - Incl. Overhead";"Tractor-Trailer";"BAU";"EUR/kWh";2030;"0.029";"Sensitivity | Current Policies | Resale value";"Electricity"
"OPEX";"Charging Infrastructure";"DE";"CCS grid extension";"Rigid";"BAU";"EUR/kWh";2030;"0.045";"Sensitivity | Current Policies | Resale value";"Electricity"
"OPEX";"Charging Infrastructure";"DE";"CCS grid extension";"Tractor-Trailer";"BAU";"EUR/kWh";2030;"0.045";"Sensitivity | Current Policies | Resale value";"Electricity"
"OPEX";"Charging Infrastructure";"ES";"CCS grid extension";"Rigid";"BAU";"EUR/kWh";2030;"0.045";"Sensitivity | Current Policies | Resale value";"Electricity"
"OPEX";"Charging Infrastructure";"ES";"CCS grid extension";"Tractor-Trailer";"BAU";"EUR/kWh";2030;"0.045";"Sensitivity | Current Policies | Resale value";"Electricity"
"OPEX";"Charging Infrastructure";"FR";"CCS grid extension";"Rigid";"BAU";"EUR/kWh";2030;"0.045";"Sensitivity | Current Policies | Resale value";"Electricity"
"OPEX";"Charging Infrastructure";"FR";"CCS grid extension";"Tractor-Trailer";"BAU";"EUR/kWh";2030;"0.045";"Sensitivity | Current Policies | Resale value";"Electricity"
"OPEX";"Charging Infrastructure";"IT";"CCS grid extension";"Rigid";"BAU";"EUR/kWh";2030;"0.045";"Sensitivity | Current Policies | Resale value";"Electricity"
"OPEX";"Charging Infrastructure";"IT";"CCS grid extension";"Tractor-Trailer";"BAU";"EUR/kWh";2030;"0.045";"Sensitivity | Current Policies | Resale value";"Electricity"
"OPEX";"Charging Infrastructure";"NL";"CCS grid extension";"Rigid";"BAU";"EUR/kWh";2030;"0.045";"Sensitivity | Current Policies | Resale value";"Electricity"
"OPEX";"Charging Infrastructure";"NL";"CCS grid extension";"Tractor-Trailer";"BAU";"EUR/kWh";2030;"0.045";"Sensitivity | Current Policies | Resale value";"Electricity"
"OPEX";"Charging Infrastructure";"PL";"CCS grid extension";"Rigid";"BAU";"EUR/kWh";2030;"0.045";"Sensitivity | Current Policies | Resale value";"Electricity"
"OPEX";"Charging Infrastructure";"PL";"CCS grid extension";"Tractor-Trailer";"BAU";"EUR/kWh";2030;"0.045";"Sensitivity | Current Policies | Resale value";"Electricity"
"OPEX";"Charging Infrastructure";"UK";"CCS grid extension";"Rigid";"BAU";"EUR/kWh";2030;"0.045";"Sensitivity | Current Policies | Resale value";"Electricity"
"OPEX";"Charging Infrastructure";"UK";"CCS grid extension";"Tractor-Trailer";"BAU";"EUR/kWh";2030;"0.045";"Sensitivity | Current Policies | Resale value";"Electricity"
"OPEX";"Diesel Infrastructure";"DE";"Total Diesel Mark-Up";"Rigid";"BAU";"EUR/kWh";2030;"0.018";"Sensitivity | Current Policies | Resale value";"Diesel"
"OPEX";"Diesel Infrastructure";"DE";"Total Diesel Mark-Up";"Tractor-Trailer";"BAU";"EUR/kWh";2030;"0.018";"Sensitivity | Current Policies | Resale value";"Diesel"
"OPEX";"Diesel Infrastructure";"ES";"Total Diesel Mark-Up";"Rigid";"BAU";"EUR/kWh";2030;"0.018";"Sensitivity | Current Policies | Resale value";"Diesel"
"OPEX";"Diesel Infrastructure";"ES";"Total Diesel Mark-Up";"Tractor-Trailer";"BAU";"EUR/kWh";2030;"0.018";"Sensitivity | Current Policies | Resale value";"Diesel"
"OPEX";"Diesel Infrastructure";"FR";"Total Diesel Mark-Up";"Rigid";"BAU";"EUR/kWh";2030;"0.018";"Sensitivity | Current Policies | Resale value";"Diesel"
"OPEX";"Diesel Infrastructure";"FR";"Total Diesel Mark-Up";"Tractor-Trailer";"BAU";"EUR/kWh";2030;"0.018";"Sensitivity | Current Policies | Resale value";"Diesel"
"OPEX";"Diesel Infrastructure";"IT";"Total Diesel Mark-Up";"Rigid";"BAU";"EUR/kWh";2030;"0.018";"Sensitivity | Current Policies | Resale value";"Diesel"
"OPEX";"Diesel Infrastructure";"IT";"Total Diesel Mark-Up";"Tractor-Trailer";"BAU";"EUR/kWh";2030;"0.018";"Sensitivity | Current Policies | Resale value";"Diesel"
"OPEX";"Diesel Infrastructure";"NL";"Total Diesel Mark-Up";"Rigid";"BAU";"EUR/kWh";2030;"0.018";"Sensitivity | Current Policies | Resale value";"Diesel"
"OPEX";"Diesel Infrastructure";"NL";"Total Diesel Mark-Up";"Tractor-Trailer";"BAU";"EUR/kWh";2030;"0.018";"Sensitivity | Current Policies | Resale value";"Diesel"
"OPEX";"Diesel Infrastructure";"PL";"Total Diesel Mark-Up";"Rigid";"BAU";"EUR/kWh";2030;"0.018";"Sensitivity | Current Policies | Resale value";"Diesel"
"OPEX";"Diesel Infrastructure";"PL";"Total Diesel Mark-Up";"Tractor-Trailer";"BAU";"EUR/kWh";2030;"0.018";"Sensitivity | Current Policies | Resale value";"Diesel"
"OPEX";"Diesel Infrastructure";"UK";"Total Diesel Mark-Up";"Rigid";"BAU";"EUR/kWh";2030;"0.018";"Sensitivity | Current Policies | Resale value";"Diesel"
"OPEX";"Diesel Infrastructure";"UK";"Total Diesel Mark-Up";"Tractor-Trailer";"BAU";"EUR/kWh";2030;"0.018";"Sensitivity | Current Policies | Resale value";"Diesel"
"OPEX";"Diesel Infrastructure";"DE";"CO2 emission factor Biodiesel";"Rigid";"BAU";"%";2030;"0.166";"Sensitivity | Current Policies | Resale value";"Diesel"
"OPEX";"Diesel Infrastructure";"DE";"CO2 emission factor Biodiesel";"Tractor-Trailer";"BAU";"%";2030;"0.166";"Sensitivity | Current Policies | Resale value";"Diesel"
"OPEX";"Diesel Infrastructure";"ES";"CO2 emission factor Biodiesel";"Rigid";"BAU";"%";2030;"0.166";"Sensitivity | Current Policies | Resale value";"Diesel"
"OPEX";"Diesel Infrastructure";"ES";"CO2 emission factor Biodiesel";"Tractor-Trailer";"BAU";"%";2030;"0.166";"Sensitivity | Current Policies | Resale value";"Diesel"
"OPEX";"Diesel Infrastructure";"FR";"CO2 emission factor Biodiesel";"Rigid";"BAU";"%";2030;"0.166";"Sensitivity | Current Policies | Resale value";"Diesel"
"OPEX";"Diesel Infrastructure";"FR";"CO2 emission factor Biodiesel";"Tractor-Trailer";"BAU";"%";2030;"0.166";"Sensitivity | Current Policies | Resale value";"Diesel"
"OPEX";"Diesel Infrastructure";"IT";"CO2 emission factor Biodiesel";"Rigid";"BAU";"%";2030;"0.166";"Sensitivity | Current Policies | Resale value";"Diesel"
"OPEX";"Diesel Infrastructure";"IT";"CO2 emission factor Biodiesel";"Tractor-Trailer";"BAU";"%";2030;"0.166";"Sensitivity | Current Policies | Resale value";"Diesel"
"OPEX";"Diesel Infrastructure";"NL";"CO2 emission factor Biodiesel";"Rigid";"BAU";"%";2030;"0.166";"Sensitivity | Current Policies | Resale value";"Diesel"
"OPEX";"Diesel Infrastructure";"NL";"CO2 emission factor Biodiesel";"Tractor-Trailer";"BAU";"%";2030;"0.166";"Sensitivity | Current Policies | Resale value";"Diesel"
"OPEX";"Diesel Infrastructure";"PL";"CO2 emission factor Biodiesel";"Rigid";"BAU";"%";2030;"0.166";"Sensitivity | Current Policies | Resale value";"Diesel"
"OPEX";"Diesel Infrastructure";"PL";"CO2 emission factor Biodiesel";"Tractor-Trailer";"BAU";"%";2030;"0.166";"Sensitivity | Current Policies | Resale value";"Diesel"
"OPEX";"Diesel Infrastructure";"UK";"CO2 emission factor Biodiesel";"Rigid";"BAU";"%";2030;"0.166";"Sensitivity | Current Policies | Resale value";"Diesel"
"OPEX";"Diesel Infrastructure";"UK";"CO2 emission factor Biodiesel";"Tractor-Trailer";"BAU";"%";2030;"0.166";"Sensitivity | Current Policies | Resale value";"Diesel"
"OPEX";"Diesel Infrastructure";"DE";"CO2 emission factor Pt-Diesel";"Rigid";"BAU";"%";2030;"0";"Sensitivity | Current Policies | Resale value";"Diesel"
"OPEX";"Diesel Infrastructure";"DE";"CO2 emission factor Pt-Diesel";"Tractor-Trailer";"BAU";"%";2030;"0";"Sensitivity | Current Policies | Resale value";"Diesel"
"OPEX";"Diesel Infrastructure";"ES";"CO2 emission factor Pt-Diesel";"Rigid";"BAU";"%";2030;"0";"Sensitivity | Current Policies | Resale value";"Diesel"
"OPEX";"Diesel Infrastructure";"ES";"CO2 emission factor Pt-Diesel";"Tractor-Trailer";"BAU";"%";2030;"0";"Sensitivity | Current Policies | Resale value";"Diesel"
"OPEX";"Diesel Infrastructure";"FR";"CO2 emission factor Pt-Diesel";"Rigid";"BAU";"%";2030;"0";"Sensitivity | Current Policies | Resale value";"Diesel"
"OPEX";"Diesel Infrastructure";"FR";"CO2 emission factor Pt-Diesel";"Tractor-Trailer";"BAU";"%";2030;"0";"Sensitivity | Current Policies | Resale value";"Diesel"
"OPEX";"Diesel Infrastructure";"IT";"CO2 emission factor Pt-Diesel";"Rigid";"BAU";"%";2030;"0";"Sensitivity | Current Policies | Resale value";"Diesel"
"OPEX";"Diesel Infrastructure";"IT";"CO2 emission factor Pt-Diesel";"Tractor-Trailer";"BAU";"%";2030;"0";"Sensitivity | Current Policies | Resale value";"Diesel"
"OPEX";"Diesel Infrastructure";"NL";"CO2 emission factor Pt-Diesel";"Rigid";"BAU";"%";2030;"0";"Sensitivity | Current Policies | Resale value";"Diesel"
"OPEX";"Diesel Infrastructure";"NL";"CO2 emission factor Pt-Diesel";"Tractor-Trailer";"BAU";"%";2030;"0";"Sensitivity | Current Policies | Resale value";"Diesel"
"OPEX";"Diesel Infrastructure";"PL";"CO2 emission factor Pt-Diesel";"Rigid";"BAU";"%";2030;"0";"Sensitivity | Current Policies | Resale value";"Diesel"
"OPEX";"Diesel Infrastructure";"PL";"CO2 emission factor Pt-Diesel";"Tractor-Trailer";"BAU";"%";2030;"0";"Sensitivity | Current Policies | Resale value";"Diesel"
"OPEX";"Diesel Infrastructure";"UK";"CO2 emission factor Pt-Diesel";"Rigid";"BAU";"%";2030;"0";"Sensitivity | Current Policies | Resale value";"Diesel"
"OPEX";"Diesel Infrastructure";"UK";"CO2 emission factor Pt-Diesel";"Tractor-Trailer";"BAU";"%";2030;"0";"Sensitivity | Current Policies | Resale value";"Diesel"
"OPEX";"Taxes";"DE";"Network Costs - MCS";"Rigid";"BAU";"EUR/kWh";2030;"0.036";"Sensitivity | Current Policies | Resale value";"Electricity"
"OPEX";"Taxes";"DE";"Network Costs - MCS";"Tractor-Trailer";"BAU";"EUR/kWh";2030;"0.036";"Sensitivity | Current Policies | Resale value";"Electricity"
"OPEX";"Taxes";"ES";"Network Costs - MCS";"Rigid";"BAU";"EUR/kWh";2030;"0.02";"Sensitivity | Current Policies | Resale value";"Electricity"
"OPEX";"Taxes";"ES";"Network Costs - MCS";"Tractor-Trailer";"BAU";"EUR/kWh";2030;"0.02";"Sensitivity | Current Policies | Resale value";"Electricity"
"OPEX";"Taxes";"FR";"Network Costs - MCS";"Rigid";"BAU";"EUR/kWh";2030;"0.019";"Sensitivity | Current Policies | Resale value";"Electricity"
"OPEX";"Taxes";"FR";"Network Costs - MCS";"Tractor-Trailer";"BAU";"EUR/kWh";2030;"0.019";"Sensitivity | Current Policies | Resale value";"Electricity"
"OPEX";"Taxes";"IT";"Network Costs - MCS";"Rigid";"BAU";"EUR/kWh";2030;"0.016";"Sensitivity | Current Policies | Resale value";"Electricity"
"OPEX";"Taxes";"IT";"Network Costs - MCS";"Tractor-Trailer";"BAU";"EUR/kWh";2030;"0.016";"Sensitivity | Current Policies | Resale value";"Electricity"
"OPEX";"Taxes";"NL";"Network Costs - MCS";"Rigid";"BAU";"EUR/kWh";2030;"0.017";"Sensitivity | Current Policies | Resale value";"Electricity"
"OPEX";"Taxes";"NL";"Network Costs - MCS";"Tractor-Trailer";"BAU";"EUR/kWh";2030;"0.017";"Sensitivity | Current Policies | Resale value";"Electricity"
"OPEX";"Taxes";"PL";"Network Costs - MCS";"Rigid";"BAU";"EUR/kWh";2030;"0.02";"Sensitivity | Current Policies | Resale value";"Electricity"
"OPEX";"Taxes";"PL";"Network Costs - MCS";"Tractor-Trailer";"BAU";"EUR/kWh";2030;"0.02";"Sensitivity | Current Policies | Resale value";"Electricity"
"OPEX";"Taxes";"UK";"Network Costs - MCS";"Rigid";"BAU";"EUR/kWh";2030;"0.028";"Sensitivity | Current Policies | Resale value";"Electricity"
"OPEX";"Taxes";"UK";"Network Costs - MCS";"Tractor-Trailer";"BAU";"EUR/kWh";2030;"0.028";"Sensitivity | Current Policies | Resale value";"Electricity"
"OPEX";"Taxes";"DE";"Taxes, Fees, Levies and charges - MCS";"Rigid";"BAU";"EUR/kWh";2030;"0.068";"Sensitivity | Current Policies | Resale value";"Electricity"
"OPEX";"Taxes";"DE";"Taxes, Fees, Levies and charges - MCS";"Tractor-Trailer";"BAU";"EUR/kWh";2030;"0.068";"Sensitivity | Current Policies | Resale value";"Electricity"
"OPEX";"Taxes";"ES";"Taxes, Fees, Levies and charges - MCS";"Rigid";"BAU";"EUR/kWh";2030;"0.039";"Sensitivity | Current Policies | Resale value";"Electricity"
"OPEX";"Taxes";"ES";"Taxes, Fees, Levies and charges - MCS";"Tractor-Trailer";"BAU";"EUR/kWh";2030;"0.039";"Sensitivity | Current Policies | Resale value";"Electricity"
"OPEX";"Taxes";"FR";"Taxes, Fees, Levies and charges - MCS";"Rigid";"BAU";"EUR/kWh";2030;"0.032";"Sensitivity | Current Policies | Resale value";"Electricity"
"OPEX";"Taxes";"FR";"Taxes, Fees, Levies and charges - MCS";"Tractor-Trailer";"BAU";"EUR/kWh";2030;"0.032";"Sensitivity | Current Policies | Resale value";"Electricity"
"OPEX";"Taxes";"IT";"Taxes, Fees, Levies and charges - MCS";"Rigid";"BAU";"EUR/kWh";2030;"0.067";"Sensitivity | Current Policies | Resale value";"Electricity"
"OPEX";"Taxes";"IT";"Taxes, Fees, Levies and charges - MCS";"Tractor-Trailer";"BAU";"EUR/kWh";2030;"0.067";"Sensitivity | Current Policies | Resale value";"Electricity"
"OPEX";"Taxes";"NL";"Taxes, Fees, Levies and charges - MCS";"Rigid";"BAU";"EUR/kWh";2030;"0.055";"Sensitivity | Current Policies | Resale value";"Electricity"
"OPEX";"Taxes";"NL";"Taxes, Fees, Levies and charges - MCS";"Tractor-Trailer";"BAU";"EUR/kWh";2030;"0.055";"Sensitivity | Current Policies | Resale value";"Electricity"
"OPEX";"Taxes";"PL";"Taxes, Fees, Levies and charges - MCS";"Rigid";"BAU";"EUR/kWh";2030;"0.05";"Sensitivity | Current Policies | Resale value";"Electricity"
"OPEX";"Taxes";"PL";"Taxes, Fees, Levies and charges - MCS";"Tractor-Trailer";"BAU";"EUR/kWh";2030;"0.05";"Sensitivity | Current Policies | Resale value";"Electricity"
"OPEX";"Taxes";"UK";"Taxes, Fees, Levies and charges - MCS";"Rigid";"BAU";"EUR/kWh";2030;"0.078";"Sensitivity | Current Policies | Resale value";"Electricity"
"OPEX";"Taxes";"UK";"Taxes, Fees, Levies and charges - MCS";"Tractor-Trailer";"BAU";"EUR/kWh";2030;"0.078";"Sensitivity | Current Policies | Resale value";"Electricity"
"OPEX";"Taxes";"DE";"Network Costs - Depot";"Rigid";"BAU";"EUR/kWh";2030;"0.051";"Sensitivity | Current Policies | Resale value";"Electricity"
"OPEX";"Taxes";"DE";"Network Costs - Depot";"Tractor-Trailer";"BAU";"EUR/kWh";2030;"0.051";"Sensitivity | Current Policies | Resale value";"Electricity"
"OPEX";"Taxes";"ES";"Network Costs - Depot";"Rigid";"BAU";"EUR/kWh";2030;"0.041";"Sensitivity | Current Policies | Resale value";"Electricity"
"OPEX";"Taxes";"ES";"Network Costs - Depot";"Tractor-Trailer";"BAU";"EUR/kWh";2030;"0.041";"Sensitivity | Current Policies | Resale value";"Electricity"
"OPEX";"Taxes";"FR";"Network Costs - Depot";"Rigid";"BAU";"EUR/kWh";2030;"0.031";"Sensitivity | Current Policies | Resale value";"Electricity"
"OPEX";"Taxes";"FR";"Network Costs - Depot";"Tractor-Trailer";"BAU";"EUR/kWh";2030;"0.031";"Sensitivity | Current Policies | Resale value";"Electricity"
"OPEX";"Taxes";"IT";"Network Costs - Depot";"Rigid";"BAU";"EUR/kWh";2030;"0.021";"Sensitivity | Current Policies | Resale value";"Electricity"
"OPEX";"Taxes";"IT";"Network Costs - Depot";"Tractor-Trailer";"BAU";"EUR/kWh";2030;"0.021";"Sensitivity | Current Policies | Resale value";"Electricity"
"OPEX";"Taxes";"NL";"Network Costs - Depot";"Rigid";"BAU";"EUR/kWh";2030;"0.022";"Sensitivity | Current Policies | Resale value";"Electricity"
"OPEX";"Taxes";"NL";"Network Costs - Depot";"Tractor-Trailer";"BAU";"EUR/kWh";2030;"0.022";"Sensitivity | Current Policies | Resale value";"Electricity"
"OPEX";"Taxes";"PL";"Network Costs - Depot";"Rigid";"BAU";"EUR/kWh";2030;"0.032";"Sensitivity | Current Policies | Resale value";"Electricity"
"OPEX";"Taxes";"PL";"Network Costs - Depot";"Tractor-Trailer";"BAU";"EUR/kWh";2030;"0.032";"Sensitivity | Current Policies | Resale value";"Electricity"
"OPEX";"Taxes";"UK";"Network Costs - Depot";"Rigid";"BAU";"EUR/kWh";2030;"0.032";"Sensitivity | Current Policies | Resale value";"Electricity"
"OPEX";"Taxes";"UK";"Network Costs - Depot";"Tractor-Trailer";"BAU";"EUR/kWh";2030;"0.032";"Sensitivity | Current Policies | Resale value";"Electricity"
"OPEX";"Taxes";"DE";"Taxes, Fees, Levies and charges - Depot";"Rigid";"BAU";"EUR/kWh";2030;"0.078";"Sensitivity | Current Policies | Resale value";"Electricity"
"OPEX";"Taxes";"DE";"Taxes, Fees, Levies and charges - Depot";"Tractor-Trailer";"BAU";"EUR/kWh";2030;"0.078";"Sensitivity | Current Policies | Resale value";"Electricity"
"OPEX";"Taxes";"ES";"Taxes, Fees, Levies and charges - Depot";"Rigid";"BAU";"EUR/kWh";2030;"0.067";"Sensitivity | Current Policies | Resale value";"Electricity"
"OPEX";"Taxes";"ES";"Taxes, Fees, Levies and charges - Depot";"Tractor-Trailer";"BAU";"EUR/kWh";2030;"0.067";"Sensitivity | Current Policies | Resale value";"Electricity"
"OPEX";"Taxes";"FR";"Taxes, Fees, Levies and charges - Depot";"Rigid";"BAU";"EUR/kWh";2030;"0.048";"Sensitivity | Current Policies | Resale value";"Electricity"
"OPEX";"Taxes";"FR";"Taxes, Fees, Levies and charges - Depot";"Tractor-Trailer";"BAU";"EUR/kWh";2030;"0.048";"Sensitivity | Current Policies | Resale value";"Electricity"
"OPEX";"Taxes";"IT";"Taxes, Fees, Levies and charges - Depot";"Rigid";"BAU";"EUR/kWh";2030;"0.103";"Sensitivity | Current Policies | Resale value";"Electricity"
"OPEX";"Taxes";"IT";"Taxes, Fees, Levies and charges - Depot";"Tractor-Trailer";"BAU";"EUR/kWh";2030;"0.103";"Sensitivity | Current Policies | Resale value";"Electricity"
"OPEX";"Taxes";"NL";"Taxes, Fees, Levies and charges - Depot";"Rigid";"BAU";"EUR/kWh";2030;"0.062";"Sensitivity | Current Policies | Resale value";"Electricity"
"OPEX";"Taxes";"NL";"Taxes, Fees, Levies and charges - Depot";"Tractor-Trailer";"BAU";"EUR/kWh";2030;"0.062";"Sensitivity | Current Policies | Resale value";"Electricity"
"OPEX";"Taxes";"PL";"Taxes, Fees, Levies and charges - Depot";"Rigid";"BAU";"EUR/kWh";2030;"0.056";"Sensitivity | Current Policies | Resale value";"Electricity"
"OPEX";"Taxes";"PL";"Taxes, Fees, Levies and charges - Depot";"Tractor-Trailer";"BAU";"EUR/kWh";2030;"0.056";"Sensitivity | Current Policies | Resale value";"Electricity"
"OPEX";"Taxes";"UK";"Taxes, Fees, Levies and charges - Depot";"Rigid";"BAU";"EUR/kWh";2030;"0.086";"Sensitivity | Current Policies | Resale value";"Electricity"
"OPEX";"Taxes";"UK";"Taxes, Fees, Levies and charges - Depot";"Tractor-Trailer";"BAU";"EUR/kWh";2030;"0.086";"Sensitivity | Current Policies | Resale value";"Electricity"
"OPEX";"H2 Infrastructure";"DE";"HRS costs";"Rigid";"BAU";"EUR/kg H2";2030;"1.7";"Sensitivity | Current Policies | Resale value";"Hydrogen"
"OPEX";"H2 Infrastructure";"DE";"HRS costs";"Tractor-Trailer";"BAU";"EUR/kg H2";2030;"1.7";"Sensitivity | Current Policies | Resale value";"Hydrogen"
"OPEX";"H2 Infrastructure";"ES";"HRS costs";"Rigid";"BAU";"EUR/kg H2";2030;"1.7";"Sensitivity | Current Policies | Resale value";"Hydrogen"
"OPEX";"H2 Infrastructure";"ES";"HRS costs";"Tractor-Trailer";"BAU";"EUR/kg H2";2030;"1.7";"Sensitivity | Current Policies | Resale value";"Hydrogen"
"OPEX";"H2 Infrastructure";"FR";"HRS costs";"Rigid";"BAU";"EUR/kg H2";2030;"1.7";"Sensitivity | Current Policies | Resale value";"Hydrogen"
"OPEX";"H2 Infrastructure";"FR";"HRS costs";"Tractor-Trailer";"BAU";"EUR/kg H2";2030;"1.7";"Sensitivity | Current Policies | Resale value";"Hydrogen"
"OPEX";"H2 Infrastructure";"IT";"HRS costs";"Rigid";"BAU";"EUR/kg H2";2030;"1.7";"Sensitivity | Current Policies | Resale value";"Hydrogen"
"OPEX";"H2 Infrastructure";"IT";"HRS costs";"Tractor-Trailer";"BAU";"EUR/kg H2";2030;"1.7";"Sensitivity | Current Policies | Resale value";"Hydrogen"
"OPEX";"H2 Infrastructure";"NL";"HRS costs";"Rigid";"BAU";"EUR/kg H2";2030;"1.7";"Sensitivity | Current Policies | Resale value";"Hydrogen"
"OPEX";"H2 Infrastructure";"NL";"HRS costs";"Tractor-Trailer";"BAU";"EUR/kg H2";2030;"1.7";"Sensitivity | Current Policies | Resale value";"Hydrogen"
"OPEX";"H2 Infrastructure";"PL";"HRS costs";"Rigid";"BAU";"EUR/kg H2";2030;"1.7";"Sensitivity | Current Policies | Resale value";"Hydrogen"
"OPEX";"H2 Infrastructure";"PL";"HRS costs";"Tractor-Trailer";"BAU";"EUR/kg H2";2030;"1.7";"Sensitivity | Current Policies | Resale value";"Hydrogen"
"OPEX";"H2 Infrastructure";"UK";"HRS costs";"Rigid";"BAU";"EUR/kg H2";2030;"1.7";"Sensitivity | Current Policies | Resale value";"Hydrogen"
"OPEX";"H2 Infrastructure";"UK";"HRS costs";"Tractor-Trailer";"BAU";"EUR/kg H2";2030;"1.7";"Sensitivity | Current Policies | Resale value";"Hydrogen"
"OPEX";"H2 Infrastructure";"DE";"H2 transport and distribution";"Rigid";"BAU";"EUR/kg H2";2030;"1.5";"Sensitivity | Current Policies | Resale value";"Hydrogen"
"OPEX";"H2 Infrastructure";"DE";"H2 transport and distribution";"Tractor-Trailer";"BAU";"EUR/kg H2";2030;"1.5";"Sensitivity | Current Policies | Resale value";"Hydrogen"
"OPEX";"H2 Infrastructure";"ES";"H2 transport and distribution";"Rigid";"BAU";"EUR/kg H2";2030;"1.5";"Sensitivity | Current Policies | Resale value";"Hydrogen"
"OPEX";"H2 Infrastructure";"ES";"H2 transport and distribution";"Tractor-Trailer";"BAU";"EUR/kg H2";2030;"1.5";"Sensitivity | Current Policies | Resale value";"Hydrogen"
"OPEX";"H2 Infrastructure";"FR";"H2 transport and distribution";"Rigid";"BAU";"EUR/kg H2";2030;"1.5";"Sensitivity | Current Policies | Resale value";"Hydrogen"
"OPEX";"H2 Infrastructure";"FR";"H2 transport and distribution";"Tractor-Trailer";"BAU";"EUR/kg H2";2030;"1.5";"Sensitivity | Current Policies | Resale value";"Hydrogen"
"OPEX";"H2 Infrastructure";"IT";"H2 transport and distribution";"Rigid";"BAU";"EUR/kg H2";2030;"1.5";"Sensitivity | Current Policies | Resale value";"Hydrogen"
"OPEX";"H2 Infrastructure";"IT";"H2 transport and distribution";"Tractor-Trailer";"BAU";"EUR/kg H2";2030;"1.5";"Sensitivity | Current Policies | Resale value";"Hydrogen"
"OPEX";"H2 Infrastructure";"NL";"H2 transport and distribution";"Rigid";"BAU";"EUR/kg H2";2030;"1.5";"Sensitivity | Current Policies | Resale value";"Hydrogen"
"OPEX";"H2 Infrastructure";"NL";"H2 transport and distribution";"Tractor-Trailer";"BAU";"EUR/kg H2";2030;"1.5";"Sensitivity | Current Policies | Resale value";"Hydrogen"
"OPEX";"H2 Infrastructure";"PL";"H2 transport and distribution";"Rigid";"BAU";"EUR/kg H2";2030;"1.5";"Sensitivity | Current Policies | Resale value";"Hydrogen"
"OPEX";"H2 Infrastructure";"PL";"H2 transport and distribution";"Tractor-Trailer";"BAU";"EUR/kg H2";2030;"1.5";"Sensitivity | Current Policies | Resale value";"Hydrogen"
"OPEX";"H2 Infrastructure";"UK";"H2 transport and distribution";"Rigid";"BAU";"EUR/kg H2";2030;"1.5";"Sensitivity | Current Policies | Resale value";"Hydrogen"
"OPEX";"H2 Infrastructure";"UK";"H2 transport and distribution";"Tractor-Trailer";"BAU";"EUR/kg H2";2030;"1.5";"Sensitivity | Current Policies | Resale value";"Hydrogen"
"OPEX";"H2 Infrastructure";"DE";"HRS Overhead, Profit and Mark-Up";"Rigid";"BAU";"EUR/kg H2";2030;"0.25";"Sensitivity | Current Policies | Resale value";"Hydrogen"
"OPEX";"H2 Infrastructure";"DE";"HRS Overhead, Profit and Mark-Up";"Tractor-Trailer";"BAU";"EUR/kg H2";2030;"0.25";"Sensitivity | Current Policies | Resale value";"Hydrogen"
"OPEX";"H2 Infrastructure";"ES";"HRS Overhead, Profit and Mark-Up";"Rigid";"BAU";"EUR/kg H2";2030;"0.25";"Sensitivity | Current Policies | Resale value";"Hydrogen"
"OPEX";"H2 Infrastructure";"ES";"HRS Overhead, Profit and Mark-Up";"Tractor-Trailer";"BAU";"EUR/kg H2";2030;"0.25";"Sensitivity | Current Policies | Resale value";"Hydrogen"
"OPEX";"H2 Infrastructure";"FR";"HRS Overhead, Profit and Mark-Up";"Rigid";"BAU";"EUR/kg H2";2030;"0.25";"Sensitivity | Current Policies | Resale value";"Hydrogen"
"OPEX";"H2 Infrastructure";"FR";"HRS Overhead, Profit and Mark-Up";"Tractor-Trailer";"BAU";"EUR/kg H2";2030;"0.25";"Sensitivity | Current Policies | Resale value";"Hydrogen"
"OPEX";"H2 Infrastructure";"IT";"HRS Overhead, Profit and Mark-Up";"Rigid";"BAU";"EUR/kg H2";2030;"0.25";"Sensitivity | Current Policies | Resale value";"Hydrogen"
"OPEX";"H2 Infrastructure";"IT";"HRS Overhead, Profit and Mark-Up";"Tractor-Trailer";"BAU";"EUR/kg H2";2030;"0.25";"Sensitivity | Current Policies | Resale value";"Hydrogen"
"OPEX";"H2 Infrastructure";"NL";"HRS Overhead, Profit and Mark-Up";"Rigid";"BAU";"EUR/kg H2";2030;"0.25";"Sensitivity | Current Policies | Resale value";"Hydrogen"
"OPEX";"H2 Infrastructure";"NL";"HRS Overhead, Profit and Mark-Up";"Tractor-Trailer";"BAU";"EUR/kg H2";2030;"0.25";"Sensitivity | Current Policies | Resale value";"Hydrogen"
"OPEX";"H2 Infrastructure";"PL";"HRS Overhead, Profit and Mark-Up";"Rigid";"BAU";"EUR/kg H2";2030;"0.25";"Sensitivity | Current Policies | Resale value";"Hydrogen"
"OPEX";"H2 Infrastructure";"PL";"HRS Overhead, Profit and Mark-Up";"Tractor-Trailer";"BAU";"EUR/kg H2";2030;"0.25";"Sensitivity | Current Policies | Resale value";"Hydrogen"
"OPEX";"H2 Infrastructure";"UK";"HRS Overhead, Profit and Mark-Up";"Rigid";"BAU";"EUR/kg H2";2030;"0.25";"Sensitivity | Current Policies | Resale value";"Hydrogen"
"OPEX";"H2 Infrastructure";"UK";"HRS Overhead, Profit and Mark-Up";"Tractor-Trailer";"BAU";"EUR/kg H2";2030;"0.25";"Sensitivity | Current Policies | Resale value";"Hydrogen"
"OPEX";"Charging Infrastructure";"DE";"MCS Station (Public Charging) - Incl. Overhead";"Rigid";"BAU";"EUR/kWh";2030;"0.143";"Sensitivity | Current Policies | Resale value";"Electricity"
"OPEX";"Charging Infrastructure";"DE";"MCS Station (Public Charging) - Incl. Overhead";"Tractor-Trailer";"BAU";"EUR/kWh";2030;"0.143";"Sensitivity | Current Policies | Resale value";"Electricity"
"OPEX";"Charging Infrastructure";"ES";"MCS Station (Public Charging) - Incl. Overhead";"Rigid";"BAU";"EUR/kWh";2030;"0.143";"Sensitivity | Current Policies | Resale value";"Electricity"
"OPEX";"Charging Infrastructure";"ES";"MCS Station (Public Charging) - Incl. Overhead";"Tractor-Trailer";"BAU";"EUR/kWh";2030;"0.143";"Sensitivity | Current Policies | Resale value";"Electricity"
"OPEX";"Charging Infrastructure";"FR";"MCS Station (Public Charging) - Incl. Overhead";"Rigid";"BAU";"EUR/kWh";2030;"0.143";"Sensitivity | Current Policies | Resale value";"Electricity"
"OPEX";"Charging Infrastructure";"FR";"MCS Station (Public Charging) - Incl. Overhead";"Tractor-Trailer";"BAU";"EUR/kWh";2030;"0.143";"Sensitivity | Current Policies | Resale value";"Electricity"
"OPEX";"Charging Infrastructure";"IT";"MCS Station (Public Charging) - Incl. Overhead";"Rigid";"BAU";"EUR/kWh";2030;"0.143";"Sensitivity | Current Policies | Resale value";"Electricity"
"OPEX";"Charging Infrastructure";"IT";"MCS Station (Public Charging) - Incl. Overhead";"Tractor-Trailer";"BAU";"EUR/kWh";2030;"0.143";"Sensitivity | Current Policies | Resale value";"Electricity"
"OPEX";"Charging Infrastructure";"NL";"MCS Station (Public Charging) - Incl. Overhead";"Rigid";"BAU";"EUR/kWh";2030;"0.143";"Sensitivity | Current Policies | Resale value";"Electricity"
"OPEX";"Charging Infrastructure";"NL";"MCS Station (Public Charging) - Incl. Overhead";"Tractor-Trailer";"BAU";"EUR/kWh";2030;"0.143";"Sensitivity | Current Policies | Resale value";"Electricity"
"OPEX";"Charging Infrastructure";"PL";"MCS Station (Public Charging) - Incl. Overhead";"Rigid";"BAU";"EUR/kWh";2030;"0.143";"Sensitivity | Current Policies | Resale value";"Electricity"
"OPEX";"Charging Infrastructure";"PL";"MCS Station (Public Charging) - Incl. Overhead";"Tractor-Trailer";"BAU";"EUR/kWh";2030;"0.143";"Sensitivity | Current Policies | Resale value";"Electricity"
"OPEX";"Charging Infrastructure";"UK";"MCS Station (Public Charging) - Incl. Overhead";"Rigid";"BAU";"EUR/kWh";2030;"0.143";"Sensitivity | Current Policies | Resale value";"Electricity"
"OPEX";"Charging Infrastructure";"UK";"MCS Station (Public Charging) - Incl. Overhead";"Tractor-Trailer";"BAU";"EUR/kWh";2030;"0.143";"Sensitivity | Current Policies | Resale value";"Electricity"
"OPEX";"Charging Infrastructure";"DE";"Share MCS-Charging";"Rigid";"BAU";"%";2030;"0.2";"Sensitivity | Current Policies | Resale value";"Electricity"
"OPEX";"Charging Infrastructure";"DE";"Share MCS-Charging";"Tractor-Trailer";"BAU";"%";2030;"0.2";"Sensitivity | Current Policies | Resale value";"Electricity"
"OPEX";"Charging Infrastructure";"ES";"Share MCS-Charging";"Rigid";"BAU";"%";2030;"0.2";"Sensitivity | Current Policies | Resale value";"Electricity"
"OPEX";"Charging Infrastructure";"ES";"Share MCS-Charging";"Tractor-Trailer";"BAU";"%";2030;"0.2";"Sensitivity | Current Policies | Resale value";"Electricity"
"OPEX";"Charging Infrastructure";"FR";"Share MCS-Charging";"Rigid";"BAU";"%";2030;"0.2";"Sensitivity | Current Policies | Resale value";"Electricity"
"OPEX";"Charging Infrastructure";"FR";"Share MCS-Charging";"Tractor-Trailer";"BAU";"%";2030;"0.2";"Sensitivity | Current Policies | Resale value";"Electricity"
"OPEX";"Charging Infrastructure";"IT";"Share MCS-Charging";"Rigid";"BAU";"%";2030;"0.2";"Sensitivity | Current Policies | Resale value";"Electricity"
"OPEX";"Charging Infrastructure";"IT";"Share MCS-Charging";"Tractor-Trailer";"BAU";"%";2030;"0.2";"Sensitivity | Current Policies | Resale value";"Electricity"
"OPEX";"Charging Infrastructure";"NL";"Share MCS-Charging";"Rigid";"BAU";"%";2030;"0.2";"Sensitivity | Current Policies | Resale value";"Electricity"
"OPEX";"Charging Infrastructure";"NL";"Share MCS-Charging";"Tractor-Trailer";"BAU";"%";2030;"0.2";"Sensitivity | Current Policies | Resale value";"Electricity"
"OPEX";"Charging Infrastructure";"PL";"Share MCS-Charging";"Rigid";"BAU";"%";2030;"0.2";"Sensitivity | Current Policies | Resale value";"Electricity"
"OPEX";"Charging Infrastructure";"PL";"Share MCS-Charging";"Tractor-Trailer";"BAU";"%";2030;"0.2";"Sensitivity | Current Policies | Resale value";"Electricity"
"OPEX";"Charging Infrastructure";"UK";"Share MCS-Charging";"Rigid";"BAU";"%";2030;"0.2";"Sensitivity | Current Policies | Resale value";"Electricity"
"OPEX";"Charging Infrastructure";"UK";"Share MCS-Charging";"Tractor-Trailer";"BAU";"%";2030;"0.2";"Sensitivity | Current Policies | Resale value";"Electricity"
"OPEX";"Charging Infrastructure";"DE";"Depot - Network fees savings potential";"Rigid";"BAU";"EUR/kWh";2030;"0";"Sensitivity | Current Policies | Resale value";"Electricity"
"OPEX";"Charging Infrastructure";"DE";"Depot - Network fees savings potential";"Tractor-Trailer";"BAU";"EUR/kWh";2030;"0";"Sensitivity | Current Policies | Resale value";"Electricity"
"OPEX";"Charging Infrastructure";"ES";"Depot - Network fees savings potential";"Rigid";"BAU";"EUR/kWh";2030;"0";"Sensitivity | Current Policies | Resale value";"Electricity"
"OPEX";"Charging Infrastructure";"ES";"Depot - Network fees savings potential";"Tractor-Trailer";"BAU";"EUR/kWh";2030;"0";"Sensitivity | Current Policies | Resale value";"Electricity"
"OPEX";"Charging Infrastructure";"FR";"Depot - Network fees savings potential";"Rigid";"BAU";"EUR/kWh";2030;"0";"Sensitivity | Current Policies | Resale value";"Electricity"
"OPEX";"Charging Infrastructure";"FR";"Depot - Network fees savings potential";"Tractor-Trailer";"BAU";"EUR/kWh";2030;"0";"Sensitivity | Current Policies | Resale value";"Electricity"
"OPEX";"Charging Infrastructure";"IT";"Depot - Network fees savings potential";"Rigid";"BAU";"EUR/kWh";2030;"0";"Sensitivity | Current Policies | Resale value";"Electricity"
"OPEX";"Charging Infrastructure";"IT";"Depot - Network fees savings potential";"Tractor-Trailer";"BAU";"EUR/kWh";2030;"0";"Sensitivity | Current Policies | Resale value";"Electricity"
"OPEX";"Charging Infrastructure";"NL";"Depot - Network fees savings potential";"Rigid";"BAU";"EUR/kWh";2030;"0";"Sensitivity | Current Policies | Resale value";"Electricity"
"OPEX";"Charging Infrastructure";"NL";"Depot - Network fees savings potential";"Tractor-Trailer";"BAU";"EUR/kWh";2030;"0";"Sensitivity | Current Policies | Resale value";"Electricity"
"OPEX";"Charging Infrastructure";"PL";"Depot - Network fees savings potential";"Rigid";"BAU";"EUR/kWh";2030;"0";"Sensitivity | Current Policies | Resale value";"Electricity"
"OPEX";"Charging Infrastructure";"PL";"Depot - Network fees savings potential";"Tractor-Trailer";"BAU";"EUR/kWh";2030;"0";"Sensitivity | Current Policies | Resale value";"Electricity"
"OPEX";"Charging Infrastructure";"UK";"Depot - Network fees savings potential";"Rigid";"BAU";"EUR/kWh";2030;"0";"Sensitivity | Current Policies | Resale value";"Electricity"
"OPEX";"Charging Infrastructure";"UK";"Depot - Network fees savings potential";"Tractor-Trailer";"BAU";"EUR/kWh";2030;"0";"Sensitivity | Current Policies | Resale value";"Electricity"
"OPEX";"Taxes";"DE";"Tax reduction";"Rigid";"BAU";"%";2030;"-1";"Sensitivity | Current Policies | Resale value";"Hydrogen"
"OPEX";"Taxes";"DE";"Tax reduction";"Tractor-Trailer";"BAU";"%";2030;"-1";"Sensitivity | Current Policies | Resale value";"Hydrogen"
"OPEX";"Taxes";"ES";"Tax reduction";"Rigid";"BAU";"%";2030;"-1";"Sensitivity | Current Policies | Resale value";"Hydrogen"
"OPEX";"Taxes";"ES";"Tax reduction";"Tractor-Trailer";"BAU";"%";2030;"-1";"Sensitivity | Current Policies | Resale value";"Hydrogen"
"OPEX";"Taxes";"FR";"Tax reduction";"Rigid";"BAU";"%";2030;"-1";"Sensitivity | Current Policies | Resale value";"Hydrogen"
"OPEX";"Taxes";"FR";"Tax reduction";"Tractor-Trailer";"BAU";"%";2030;"-1";"Sensitivity | Current Policies | Resale value";"Hydrogen"
"OPEX";"Taxes";"IT";"Tax reduction";"Rigid";"BAU";"%";2030;"-1";"Sensitivity | Current Policies | Resale value";"Hydrogen"
"OPEX";"Taxes";"IT";"Tax reduction";"Tractor-Trailer";"BAU";"%";2030;"-1";"Sensitivity | Current Policies | Resale value";"Hydrogen"
"OPEX";"Taxes";"NL";"Tax reduction";"Rigid";"BAU";"%";2030;"-1";"Sensitivity | Current Policies | Resale value";"Hydrogen"
"OPEX";"Taxes";"NL";"Tax reduction";"Tractor-Trailer";"BAU";"%";2030;"-1";"Sensitivity | Current Policies | Resale value";"Hydrogen"
"OPEX";"Taxes";"PL";"Tax reduction";"Rigid";"BAU";"%";2030;"-1";"Sensitivity | Current Policies | Resale value";"Hydrogen"
"OPEX";"Taxes";"PL";"Tax reduction";"Tractor-Trailer";"BAU";"%";2030;"-1";"Sensitivity | Current Policies | Resale value";"Hydrogen"
"OPEX";"Taxes";"UK";"Tax reduction";"Rigid";"BAU";"%";2030;"-1";"Sensitivity | Current Policies | Resale value";"Hydrogen"
"OPEX";"Taxes";"UK";"Tax reduction";"Tractor-Trailer";"BAU";"%";2030;"-1";"Sensitivity | Current Policies | Resale value";"Hydrogen"
"OPEX";"Taxes";"DE";"Increasing grid fees";"Rigid";"BAU";"%";2030;"0.167";"Sensitivity | Current Policies | Resale value";"Electricity"
"OPEX";"Taxes";"DE";"Increasing grid fees";"Tractor-Trailer";"BAU";"%";2030;"0.167";"Sensitivity | Current Policies | Resale value";"Electricity"
"OPEX";"Taxes";"ES";"Increasing grid fees";"Rigid";"BAU";"%";2030;"0.167";"Sensitivity | Current Policies | Resale value";"Electricity"
"OPEX";"Taxes";"ES";"Increasing grid fees";"Tractor-Trailer";"BAU";"%";2030;"0.167";"Sensitivity | Current Policies | Resale value";"Electricity"
"OPEX";"Taxes";"FR";"Increasing grid fees";"Rigid";"BAU";"%";2030;"0.167";"Sensitivity | Current Policies | Resale value";"Electricity"
"OPEX";"Taxes";"FR";"Increasing grid fees";"Tractor-Trailer";"BAU";"%";2030;"0.167";"Sensitivity | Current Policies | Resale value";"Electricity"
"OPEX";"Taxes";"IT";"Increasing grid fees";"Rigid";"BAU";"%";2030;"0.167";"Sensitivity | Current Policies | Resale value";"Electricity"
"OPEX";"Taxes";"IT";"Increasing grid fees";"Tractor-Trailer";"BAU";"%";2030;"0.167";"Sensitivity | Current Policies | Resale value";"Electricity"
"OPEX";"Taxes";"NL";"Increasing grid fees";"Rigid";"BAU";"%";2030;"0.167";"Sensitivity | Current Policies | Resale value";"Electricity"
"OPEX";"Taxes";"NL";"Increasing grid fees";"Tractor-Trailer";"BAU";"%";2030;"0.167";"Sensitivity | Current Policies | Resale value";"Electricity"
"OPEX";"Taxes";"PL";"Increasing grid fees";"Rigid";"BAU";"%";2030;"0.167";"Sensitivity | Current Policies | Resale value";"Electricity"
"OPEX";"Taxes";"PL";"Increasing grid fees";"Tractor-Trailer";"BAU";"%";2030;"0.167";"Sensitivity | Current Policies | Resale value";"Electricity"
"OPEX";"Taxes";"UK";"Increasing grid fees";"Rigid";"BAU";"%";2030;"0.167";"Sensitivity | Current Policies | Resale value";"Electricity"
"OPEX";"Taxes";"UK";"Increasing grid fees";"Tractor-Trailer";"BAU";"%";2030;"0.167";"Sensitivity | Current Policies | Resale value";"Electricity"
"OPEX";"Taxes";"DE";"Excise Duty - Diesel";"Rigid";"BAU";"EUR/kWh";2035;"0.047";"Sensitivity | Current Policies | Resale value";"Diesel"
"OPEX";"Taxes";"DE";"Excise Duty - Diesel";"Tractor-Trailer";"BAU";"EUR/kWh";2035;"0.047";"Sensitivity | Current Policies | Resale value";"Diesel"
"OPEX";"Taxes";"ES";"Excise Duty - Diesel";"Rigid";"BAU";"EUR/kWh";2035;"0.038";"Sensitivity | Current Policies | Resale value";"Diesel"
"OPEX";"Taxes";"ES";"Excise Duty - Diesel";"Tractor-Trailer";"BAU";"EUR/kWh";2035;"0.038";"Sensitivity | Current Policies | Resale value";"Diesel"
"OPEX";"Taxes";"FR";"Excise Duty - Diesel";"Rigid";"BAU";"EUR/kWh";2035;"0.06";"Sensitivity | Current Policies | Resale value";"Diesel"
"OPEX";"Taxes";"FR";"Excise Duty - Diesel";"Tractor-Trailer";"BAU";"EUR/kWh";2035;"0.06";"Sensitivity | Current Policies | Resale value";"Diesel"
"OPEX";"Taxes";"IT";"Excise Duty - Diesel";"Rigid";"BAU";"EUR/kWh";2035;"0.062";"Sensitivity | Current Policies | Resale value";"Diesel"
"OPEX";"Taxes";"IT";"Excise Duty - Diesel";"Tractor-Trailer";"BAU";"EUR/kWh";2035;"0.062";"Sensitivity | Current Policies | Resale value";"Diesel"
"OPEX";"Taxes";"NL";"Excise Duty - Diesel";"Rigid";"BAU";"EUR/kWh";2035;"0.053";"Sensitivity | Current Policies | Resale value";"Diesel"
"OPEX";"Taxes";"NL";"Excise Duty - Diesel";"Tractor-Trailer";"BAU";"EUR/kWh";2035;"0.053";"Sensitivity | Current Policies | Resale value";"Diesel"
"OPEX";"Taxes";"PL";"Excise Duty - Diesel";"Rigid";"BAU";"EUR/kWh";2035;"0.033";"Sensitivity | Current Policies | Resale value";"Diesel"
"OPEX";"Taxes";"PL";"Excise Duty - Diesel";"Tractor-Trailer";"BAU";"EUR/kWh";2035;"0.033";"Sensitivity | Current Policies | Resale value";"Diesel"
"OPEX";"Taxes";"UK";"Excise Duty - Diesel";"Rigid";"BAU";"EUR/kWh";2035;"0.053";"Sensitivity | Current Policies | Resale value";"Diesel"
"OPEX";"Taxes";"UK";"Excise Duty - Diesel";"Tractor-Trailer";"BAU";"EUR/kWh";2035;"0.053";"Sensitivity | Current Policies | Resale value";"Diesel"
"OPEX";"Taxes";"DE";"Excise Duty - Reduction biodiesel";"Rigid";"BAU";"%";2035;"0.5";"Sensitivity | Current Policies | Resale value";"Diesel"
"OPEX";"Taxes";"DE";"Excise Duty - Reduction biodiesel";"Tractor-Trailer";"BAU";"%";2035;"0.5";"Sensitivity | Current Policies | Resale value";"Diesel"
"OPEX";"Taxes";"ES";"Excise Duty - Reduction biodiesel";"Rigid";"BAU";"%";2035;"0.5";"Sensitivity | Current Policies | Resale value";"Diesel"
"OPEX";"Taxes";"ES";"Excise Duty - Reduction biodiesel";"Tractor-Trailer";"BAU";"%";2035;"0.5";"Sensitivity | Current Policies | Resale value";"Diesel"
"OPEX";"Taxes";"FR";"Excise Duty - Reduction biodiesel";"Rigid";"BAU";"%";2035;"0.5";"Sensitivity | Current Policies | Resale value";"Diesel"
"OPEX";"Taxes";"FR";"Excise Duty - Reduction biodiesel";"Tractor-Trailer";"BAU";"%";2035;"0.5";"Sensitivity | Current Policies | Resale value";"Diesel"
"OPEX";"Taxes";"IT";"Excise Duty - Reduction biodiesel";"Rigid";"BAU";"%";2035;"0.5";"Sensitivity | Current Policies | Resale value";"Diesel"
"OPEX";"Taxes";"IT";"Excise Duty - Reduction biodiesel";"Tractor-Trailer";"BAU";"%";2035;"0.5";"Sensitivity | Current Policies | Resale value";"Diesel"
"OPEX";"Taxes";"NL";"Excise Duty - Reduction biodiesel";"Rigid";"BAU";"%";2035;"0.5";"Sensitivity | Current Policies | Resale value";"Diesel"
"OPEX";"Taxes";"NL";"Excise Duty - Reduction biodiesel";"Tractor-Trailer";"BAU";"%";2035;"0.5";"Sensitivity | Current Policies | Resale value";"Diesel"
"OPEX";"Taxes";"PL";"Excise Duty - Reduction biodiesel";"Rigid";"BAU";"%";2035;"0.5";"Sensitivity | Current Policies | Resale value";"Diesel"
"OPEX";"Taxes";"PL";"Excise Duty - Reduction biodiesel";"Tractor-Trailer";"BAU";"%";2035;"0.5";"Sensitivity | Current Policies | Resale value";"Diesel"
"OPEX";"Taxes";"UK";"Excise Duty - Reduction biodiesel";"Rigid";"BAU";"%";2035;"0.5";"Sensitivity | Current Policies | Resale value";"Diesel"
"OPEX";"Taxes";"UK";"Excise Duty - Reduction biodiesel";"Tractor-Trailer";"BAU";"%";2035;"0.5";"Sensitivity | Current Policies | Resale value";"Diesel"
"OPEX";"Taxes";"DE";"Excise Duty - Reduction Synthetic Diesel (E-Fuels)";"Rigid";"BAU";"%";2035;"0.5";"Sensitivity | Current Policies | Resale value";"Diesel"
"OPEX";"Taxes";"DE";"Excise Duty - Reduction Synthetic Diesel (E-Fuels)";"Tractor-Trailer";"BAU";"%";2035;"0.5";"Sensitivity | Current Policies | Resale value";"Diesel"
"OPEX";"Taxes";"ES";"Excise Duty - Reduction Synthetic Diesel (E-Fuels)";"Rigid";"BAU";"%";2035;"0.5";"Sensitivity | Current Policies | Resale value";"Diesel"
"OPEX";"Taxes";"ES";"Excise Duty - Reduction Synthetic Diesel (E-Fuels)";"Tractor-Trailer";"BAU";"%";2035;"0.5";"Sensitivity | Current Policies | Resale value";"Diesel"
"OPEX";"Taxes";"FR";"Excise Duty - Reduction Synthetic Diesel (E-Fuels)";"Rigid";"BAU";"%";2035;"0.5";"Sensitivity | Current Policies | Resale value";"Diesel"
"OPEX";"Taxes";"FR";"Excise Duty - Reduction Synthetic Diesel (E-Fuels)";"Tractor-Trailer";"BAU";"%";2035;"0.5";"Sensitivity | Current Policies | Resale value";"Diesel"
"OPEX";"Taxes";"IT";"Excise Duty - Reduction Synthetic Diesel (E-Fuels)";"Rigid";"BAU";"%";2035;"0.5";"Sensitivity | Current Policies | Resale value";"Diesel"
"OPEX";"Taxes";"IT";"Excise Duty - Reduction Synthetic Diesel (E-Fuels)";"Tractor-Trailer";"BAU";"%";2035;"0.5";"Sensitivity | Current Policies | Resale value";"Diesel"
"OPEX";"Taxes";"NL";"Excise Duty - Reduction Synthetic Diesel (E-Fuels)";"Rigid";"BAU";"%";2035;"0.5";"Sensitivity | Current Policies | Resale value";"Diesel"
"OPEX";"Taxes";"NL";"Excise Duty - Reduction Synthetic Diesel (E-Fuels)";"Tractor-Trailer";"BAU";"%";2035;"0.5";"Sensitivity | Current Policies | Resale value";"Diesel"
"OPEX";"Taxes";"PL";"Excise Duty - Reduction Synthetic Diesel (E-Fuels)";"Rigid";"BAU";"%";2035;"0.5";"Sensitivity | Current Policies | Resale value";"Diesel"
"OPEX";"Taxes";"PL";"Excise Duty - Reduction Synthetic Diesel (E-Fuels)";"Tractor-Trailer";"BAU";"%";2035;"0.5";"Sensitivity | Current Policies | Resale value";"Diesel"
"OPEX";"Taxes";"UK";"Excise Duty - Reduction Synthetic Diesel (E-Fuels)";"Rigid";"BAU";"%";2035;"0.5";"Sensitivity | Current Policies | Resale value";"Diesel"
"OPEX";"Taxes";"UK";"Excise Duty - Reduction Synthetic Diesel (E-Fuels)";"Tractor-Trailer";"BAU";"%";2035;"0.5";"Sensitivity | Current Policies | Resale value";"Diesel"
"OPEX";"Taxes";"DE";"Taxes, Fees, Levies and charges - H2";"Rigid";"BAU";"EUR/kWh";2035;"0.015";"Sensitivity | Current Policies | Resale value";"Hydrogen"
"OPEX";"Taxes";"DE";"Taxes, Fees, Levies and charges - H2";"Tractor-Trailer";"BAU";"EUR/kWh";2035;"0.015";"Sensitivity | Current Policies | Resale value";"Hydrogen"
"OPEX";"Taxes";"ES";"Taxes, Fees, Levies and charges - H2";"Rigid";"BAU";"EUR/kWh";2035;"0.008";"Sensitivity | Current Policies | Resale value";"Hydrogen"
"OPEX";"Taxes";"ES";"Taxes, Fees, Levies and charges - H2";"Tractor-Trailer";"BAU";"EUR/kWh";2035;"0.008";"Sensitivity | Current Policies | Resale value";"Hydrogen"
"OPEX";"Taxes";"FR";"Taxes, Fees, Levies and charges - H2";"Rigid";"BAU";"EUR/kWh";2035;"0.012";"Sensitivity | Current Policies | Resale value";"Hydrogen"
"OPEX";"Taxes";"FR";"Taxes, Fees, Levies and charges - H2";"Tractor-Trailer";"BAU";"EUR/kWh";2035;"0.012";"Sensitivity | Current Policies | Resale value";"Hydrogen"
"OPEX";"Taxes";"IT";"Taxes, Fees, Levies and charges - H2";"Rigid";"BAU";"EUR/kWh";2035;"0.009";"Sensitivity | Current Policies | Resale value";"Hydrogen"
"OPEX";"Taxes";"IT";"Taxes, Fees, Levies and charges - H2";"Tractor-Trailer";"BAU";"EUR/kWh";2035;"0.009";"Sensitivity | Current Policies | Resale value";"Hydrogen"
"OPEX";"Taxes";"NL";"Taxes, Fees, Levies and charges - H2";"Rigid";"BAU";"EUR/kWh";2035;"0.024";"Sensitivity | Current Policies | Resale value";"Hydrogen"
"OPEX";"Taxes";"NL";"Taxes, Fees, Levies and charges - H2";"Tractor-Trailer";"BAU";"EUR/kWh";2035;"0.024";"Sensitivity | Current Policies | Resale value";"Hydrogen"
"OPEX";"Taxes";"PL";"Taxes, Fees, Levies and charges - H2";"Rigid";"BAU";"EUR/kWh";2035;"0.009";"Sensitivity | Current Policies | Resale value";"Hydrogen"
"OPEX";"Taxes";"PL";"Taxes, Fees, Levies and charges - H2";"Tractor-Trailer";"BAU";"EUR/kWh";2035;"0.009";"Sensitivity | Current Policies | Resale value";"Hydrogen"
"OPEX";"Taxes";"UK";"Taxes, Fees, Levies and charges - H2";"Rigid";"BAU";"EUR/kWh";2035;"0.006";"Sensitivity | Current Policies | Resale value";"Hydrogen"
"OPEX";"Taxes";"UK";"Taxes, Fees, Levies and charges - H2";"Tractor-Trailer";"BAU";"EUR/kWh";2035;"0.006";"Sensitivity | Current Policies | Resale value";"Hydrogen"
"OPEX";"Charging Infrastructure";"DE";"MCS grid extension";"Rigid";"BAU";"EUR/kWh";2035;"0.065";"Sensitivity | Current Policies | Resale value";"Electricity"
"OPEX";"Charging Infrastructure";"DE";"MCS grid extension";"Tractor-Trailer";"BAU";"EUR/kWh";2035;"0.065";"Sensitivity | Current Policies | Resale value";"Electricity"
"OPEX";"Charging Infrastructure";"ES";"MCS grid extension";"Rigid";"BAU";"EUR/kWh";2035;"0.065";"Sensitivity | Current Policies | Resale value";"Electricity"
"OPEX";"Charging Infrastructure";"ES";"MCS grid extension";"Tractor-Trailer";"BAU";"EUR/kWh";2035;"0.065";"Sensitivity | Current Policies | Resale value";"Electricity"
"OPEX";"Charging Infrastructure";"FR";"MCS grid extension";"Rigid";"BAU";"EUR/kWh";2035;"0.065";"Sensitivity | Current Policies | Resale value";"Electricity"
"OPEX";"Charging Infrastructure";"FR";"MCS grid extension";"Tractor-Trailer";"BAU";"EUR/kWh";2035;"0.065";"Sensitivity | Current Policies | Resale value";"Electricity"
"OPEX";"Charging Infrastructure";"IT";"MCS grid extension";"Rigid";"BAU";"EUR/kWh";2035;"0.065";"Sensitivity | Current Policies | Resale value";"Electricity"
"OPEX";"Charging Infrastructure";"IT";"MCS grid extension";"Tractor-Trailer";"BAU";"EUR/kWh";2035;"0.065";"Sensitivity | Current Policies | Resale value";"Electricity"
"OPEX";"Charging Infrastructure";"NL";"MCS grid extension";"Rigid";"BAU";"EUR/kWh";2035;"0.065";"Sensitivity | Current Policies | Resale value";"Electricity"
"OPEX";"Charging Infrastructure";"NL";"MCS grid extension";"Tractor-Trailer";"BAU";"EUR/kWh";2035;"0.065";"Sensitivity | Current Policies | Resale value";"Electricity"
"OPEX";"Charging Infrastructure";"PL";"MCS grid extension";"Rigid";"BAU";"EUR/kWh";2035;"0.065";"Sensitivity | Current Policies | Resale value";"Electricity"
"OPEX";"Charging Infrastructure";"PL";"MCS grid extension";"Tractor-Trailer";"BAU";"EUR/kWh";2035;"0.065";"Sensitivity | Current Policies | Resale value";"Electricity"
"OPEX";"Charging Infrastructure";"UK";"MCS grid extension";"Rigid";"BAU";"EUR/kWh";2035;"0.065";"Sensitivity | Current Policies | Resale value";"Electricity"
"OPEX";"Charging Infrastructure";"UK";"MCS grid extension";"Tractor-Trailer";"BAU";"EUR/kWh";2035;"0.065";"Sensitivity | Current Policies | Resale value";"Electricity"
"OPEX";"Charging Infrastructure";"DE";"MCS Profit and Mark-Up";"Rigid";"BAU";"%";2035;"0.1";"Sensitivity | Current Policies | Resale value";"Electricity"
"OPEX";"Charging Infrastructure";"DE";"MCS Profit and Mark-Up";"Tractor-Trailer";"BAU";"%";2035;"0.1";"Sensitivity | Current Policies | Resale value";"Electricity"
"OPEX";"Charging Infrastructure";"ES";"MCS Profit and Mark-Up";"Rigid";"BAU";"%";2035;"0.1";"Sensitivity | Current Policies | Resale value";"Electricity"
"OPEX";"Charging Infrastructure";"ES";"MCS Profit and Mark-Up";"Tractor-Trailer";"BAU";"%";2035;"0.1";"Sensitivity | Current Policies | Resale value";"Electricity"
"OPEX";"Charging Infrastructure";"FR";"MCS Profit and Mark-Up";"Rigid";"BAU";"%";2035;"0.1";"Sensitivity | Current Policies | Resale value";"Electricity"
"OPEX";"Charging Infrastructure";"FR";"MCS Profit and Mark-Up";"Tractor-Trailer";"BAU";"%";2035;"0.1";"Sensitivity | Current Policies | Resale value";"Electricity"
"OPEX";"Charging Infrastructure";"IT";"MCS Profit and Mark-Up";"Rigid";"BAU";"%";2035;"0.1";"Sensitivity | Current Policies | Resale value";"Electricity"
"OPEX";"Charging Infrastructure";"IT";"MCS Profit and Mark-Up";"Tractor-Trailer";"BAU";"%";2035;"0.1";"Sensitivity | Current Policies | Resale value";"Electricity"
"OPEX";"Charging Infrastructure";"NL";"MCS Profit and Mark-Up";"Rigid";"BAU";"%";2035;"0.1";"Sensitivity | Current Policies | Resale value";"Electricity"
"OPEX";"Charging Infrastructure";"NL";"MCS Profit and Mark-Up";"Tractor-Trailer";"BAU";"%";2035;"0.1";"Sensitivity | Current Policies | Resale value";"Electricity"
"OPEX";"Charging Infrastructure";"PL";"MCS Profit and Mark-Up";"Rigid";"BAU";"%";2035;"0.1";"Sensitivity | Current Policies | Resale value";"Electricity"
"OPEX";"Charging Infrastructure";"PL";"MCS Profit and Mark-Up";"Tractor-Trailer";"BAU";"%";2035;"0.1";"Sensitivity | Current Policies | Resale value";"Electricity"
"OPEX";"Charging Infrastructure";"UK";"MCS Profit and Mark-Up";"Rigid";"BAU";"%";2035;"0.1";"Sensitivity | Current Policies | Resale value";"Electricity"
"OPEX";"Charging Infrastructure";"UK";"MCS Profit and Mark-Up";"Tractor-Trailer";"BAU";"%";2035;"0.1";"Sensitivity | Current Policies | Resale value";"Electricity"
"OPEX";"Charging Infrastructure";"DE";"CCS Station (Depot) - Incl. Overhead";"Rigid";"BAU";"EUR/kWh";2035;"0.027";"Sensitivity | Current Policies | Resale value";"Electricity"
"OPEX";"Charging Infrastructure";"DE";"CCS Station (Depot) - Incl. Overhead";"Tractor-Trailer";"BAU";"EUR/kWh";2035;"0.027";"Sensitivity | Current Policies | Resale value";"Electricity"
"OPEX";"Charging Infrastructure";"ES";"CCS Station (Depot) - Incl. Overhead";"Rigid";"BAU";"EUR/kWh";2035;"0.027";"Sensitivity | Current Policies | Resale value";"Electricity"
"OPEX";"Charging Infrastructure";"ES";"CCS Station (Depot) - Incl. Overhead";"Tractor-Trailer";"BAU";"EUR/kWh";2035;"0.027";"Sensitivity | Current Policies | Resale value";"Electricity"
"OPEX";"Charging Infrastructure";"FR";"CCS Station (Depot) - Incl. Overhead";"Rigid";"BAU";"EUR/kWh";2035;"0.027";"Sensitivity | Current Policies | Resale value";"Electricity"
"OPEX";"Charging Infrastructure";"FR";"CCS Station (Depot) - Incl. Overhead";"Tractor-Trailer";"BAU";"EUR/kWh";2035;"0.027";"Sensitivity | Current Policies | Resale value";"Electricity"
"OPEX";"Charging Infrastructure";"IT";"CCS Station (Depot) - Incl. Overhead";"Rigid";"BAU";"EUR/kWh";2035;"0.027";"Sensitivity | Current Policies | Resale value";"Electricity"
"OPEX";"Charging Infrastructure";"IT";"CCS Station (Depot) - Incl. Overhead";"Tractor-Trailer";"BAU";"EUR/kWh";2035;"0.027";"Sensitivity | Current Policies | Resale value";"Electricity"
"OPEX";"Charging Infrastructure";"NL";"CCS Station (Depot) - Incl. Overhead";"Rigid";"BAU";"EUR/kWh";2035;"0.027";"Sensitivity | Current Policies | Resale value";"Electricity"
"OPEX";"Charging Infrastructure";"NL";"CCS Station (Depot) - Incl. Overhead";"Tractor-Trailer";"BAU";"EUR/kWh";2035;"0.027";"Sensitivity | Current Policies | Resale value";"Electricity"
"OPEX";"Charging Infrastructure";"PL";"CCS Station (Depot) - Incl. Overhead";"Rigid";"BAU";"EUR/kWh";2035;"0.027";"Sensitivity | Current Policies | Resale value";"Electricity"
"OPEX";"Charging Infrastructure";"PL";"CCS Station (Depot) - Incl. Overhead";"Tractor-Trailer";"BAU";"EUR/kWh";2035;"0.027";"Sensitivity | Current Policies | Resale value";"Electricity"
"OPEX";"Charging Infrastructure";"UK";"CCS Station (Depot) - Incl. Overhead";"Rigid";"BAU";"EUR/kWh";2035;"0.027";"Sensitivity | Current Policies | Resale value";"Electricity"
"OPEX";"Charging Infrastructure";"UK";"CCS Station (Depot) - Incl. Overhead";"Tractor-Trailer";"BAU";"EUR/kWh";2035;"0.027";"Sensitivity | Current Policies | Resale value";"Electricity"
"OPEX";"Charging Infrastructure";"DE";"CCS grid extension";"Rigid";"BAU";"EUR/kWh";2035;"0.045";"Sensitivity | Current Policies | Resale value";"Electricity"
"OPEX";"Charging Infrastructure";"DE";"CCS grid extension";"Tractor-Trailer";"BAU";"EUR/kWh";2035;"0.045";"Sensitivity | Current Policies | Resale value";"Electricity"
"OPEX";"Charging Infrastructure";"ES";"CCS grid extension";"Rigid";"BAU";"EUR/kWh";2035;"0.045";"Sensitivity | Current Policies | Resale value";"Electricity"
"OPEX";"Charging Infrastructure";"ES";"CCS grid extension";"Tractor-Trailer";"BAU";"EUR/kWh";2035;"0.045";"Sensitivity | Current Policies | Resale value";"Electricity"
"OPEX";"Charging Infrastructure";"FR";"CCS grid extension";"Rigid";"BAU";"EUR/kWh";2035;"0.045";"Sensitivity | Current Policies | Resale value";"Electricity"
"OPEX";"Charging Infrastructure";"FR";"CCS grid extension";"Tractor-Trailer";"BAU";"EUR/kWh";2035;"0.045";"Sensitivity | Current Policies | Resale value";"Electricity"
"OPEX";"Charging Infrastructure";"IT";"CCS grid extension";"Rigid";"BAU";"EUR/kWh";2035;"0.045";"Sensitivity | Current Policies | Resale value";"Electricity"
"OPEX";"Charging Infrastructure";"IT";"CCS grid extension";"Tractor-Trailer";"BAU";"EUR/kWh";2035;"0.045";"Sensitivity | Current Policies | Resale value";"Electricity"
"OPEX";"Charging Infrastructure";"NL";"CCS grid extension";"Rigid";"BAU";"EUR/kWh";2035;"0.045";"Sensitivity | Current Policies | Resale value";"Electricity"
"OPEX";"Charging Infrastructure";"NL";"CCS grid extension";"Tractor-Trailer";"BAU";"EUR/kWh";2035;"0.045";"Sensitivity | Current Policies | Resale value";"Electricity"
"OPEX";"Charging Infrastructure";"PL";"CCS grid extension";"Rigid";"BAU";"EUR/kWh";2035;"0.045";"Sensitivity | Current Policies | Resale value";"Electricity"
"OPEX";"Charging Infrastructure";"PL";"CCS grid extension";"Tractor-Trailer";"BAU";"EUR/kWh";2035;"0.045";"Sensitivity | Current Policies | Resale value";"Electricity"
"OPEX";"Charging Infrastructure";"UK";"CCS grid extension";"Rigid";"BAU";"EUR/kWh";2035;"0.045";"Sensitivity | Current Policies | Resale value";"Electricity"
"OPEX";"Charging Infrastructure";"UK";"CCS grid extension";"Tractor-Trailer";"BAU";"EUR/kWh";2035;"0.045";"Sensitivity | Current Policies | Resale value";"Electricity"
"OPEX";"Diesel Infrastructure";"DE";"Total Diesel Mark-Up";"Rigid";"BAU";"EUR/kWh";2035;"0.018";"Sensitivity | Current Policies | Resale value";"Diesel"
"OPEX";"Diesel Infrastructure";"DE";"Total Diesel Mark-Up";"Tractor-Trailer";"BAU";"EUR/kWh";2035;"0.018";"Sensitivity | Current Policies | Resale value";"Diesel"
"OPEX";"Diesel Infrastructure";"ES";"Total Diesel Mark-Up";"Rigid";"BAU";"EUR/kWh";2035;"0.018";"Sensitivity | Current Policies | Resale value";"Diesel"
"OPEX";"Diesel Infrastructure";"ES";"Total Diesel Mark-Up";"Tractor-Trailer";"BAU";"EUR/kWh";2035;"0.018";"Sensitivity | Current Policies | Resale value";"Diesel"
"OPEX";"Diesel Infrastructure";"FR";"Total Diesel Mark-Up";"Rigid";"BAU";"EUR/kWh";2035;"0.018";"Sensitivity | Current Policies | Resale value";"Diesel"
"OPEX";"Diesel Infrastructure";"FR";"Total Diesel Mark-Up";"Tractor-Trailer";"BAU";"EUR/kWh";2035;"0.018";"Sensitivity | Current Policies | Resale value";"Diesel"
"OPEX";"Diesel Infrastructure";"IT";"Total Diesel Mark-Up";"Rigid";"BAU";"EUR/kWh";2035;"0.018";"Sensitivity | Current Policies | Resale value";"Diesel"
"OPEX";"Diesel Infrastructure";"IT";"Total Diesel Mark-Up";"Tractor-Trailer";"BAU";"EUR/kWh";2035;"0.018";"Sensitivity | Current Policies | Resale value";"Diesel"
"OPEX";"Diesel Infrastructure";"NL";"Total Diesel Mark-Up";"Rigid";"BAU";"EUR/kWh";2035;"0.018";"Sensitivity | Current Policies | Resale value";"Diesel"
"OPEX";"Diesel Infrastructure";"NL";"Total Diesel Mark-Up";"Tractor-Trailer";"BAU";"EUR/kWh";2035;"0.018";"Sensitivity | Current Policies | Resale value";"Diesel"
"OPEX";"Diesel Infrastructure";"PL";"Total Diesel Mark-Up";"Rigid";"BAU";"EUR/kWh";2035;"0.018";"Sensitivity | Current Policies | Resale value";"Diesel"
"OPEX";"Diesel Infrastructure";"PL";"Total Diesel Mark-Up";"Tractor-Trailer";"BAU";"EUR/kWh";2035;"0.018";"Sensitivity | Current Policies | Resale value";"Diesel"
"OPEX";"Diesel Infrastructure";"UK";"Total Diesel Mark-Up";"Rigid";"BAU";"EUR/kWh";2035;"0.018";"Sensitivity | Current Policies | Resale value";"Diesel"
"OPEX";"Diesel Infrastructure";"UK";"Total Diesel Mark-Up";"Tractor-Trailer";"BAU";"EUR/kWh";2035;"0.018";"Sensitivity | Current Policies | Resale value";"Diesel"
"OPEX";"Diesel Infrastructure";"DE";"CO2 emission factor Biodiesel";"Rigid";"BAU";"%";2035;"0.161";"Sensitivity | Current Policies | Resale value";"Diesel"
"OPEX";"Diesel Infrastructure";"DE";"CO2 emission factor Biodiesel";"Tractor-Trailer";"BAU";"%";2035;"0.161";"Sensitivity | Current Policies | Resale value";"Diesel"
"OPEX";"Diesel Infrastructure";"ES";"CO2 emission factor Biodiesel";"Rigid";"BAU";"%";2035;"0.161";"Sensitivity | Current Policies | Resale value";"Diesel"
"OPEX";"Diesel Infrastructure";"ES";"CO2 emission factor Biodiesel";"Tractor-Trailer";"BAU";"%";2035;"0.161";"Sensitivity | Current Policies | Resale value";"Diesel"
"OPEX";"Diesel Infrastructure";"FR";"CO2 emission factor Biodiesel";"Rigid";"BAU";"%";2035;"0.161";"Sensitivity | Current Policies | Resale value";"Diesel"
"OPEX";"Diesel Infrastructure";"FR";"CO2 emission factor Biodiesel";"Tractor-Trailer";"BAU";"%";2035;"0.161";"Sensitivity | Current Policies | Resale value";"Diesel"
"OPEX";"Diesel Infrastructure";"IT";"CO2 emission factor Biodiesel";"Rigid";"BAU";"%";2035;"0.161";"Sensitivity | Current Policies | Resale value";"Diesel"
"OPEX";"Diesel Infrastructure";"IT";"CO2 emission factor Biodiesel";"Tractor-Trailer";"BAU";"%";2035;"0.161";"Sensitivity | Current Policies | Resale value";"Diesel"
"OPEX";"Diesel Infrastructure";"NL";"CO2 emission factor Biodiesel";"Rigid";"BAU";"%";2035;"0.161";"Sensitivity | Current Policies | Resale value";"Diesel"
"OPEX";"Diesel Infrastructure";"NL";"CO2 emission factor Biodiesel";"Tractor-Trailer";"BAU";"%";2035;"0.161";"Sensitivity | Current Policies | Resale value";"Diesel"
"OPEX";"Diesel Infrastructure";"PL";"CO2 emission factor Biodiesel";"Rigid";"BAU";"%";2035;"0.161";"Sensitivity | Current Policies | Resale value";"Diesel"
"OPEX";"Diesel Infrastructure";"PL";"CO2 emission factor Biodiesel";"Tractor-Trailer";"BAU";"%";2035;"0.161";"Sensitivity | Current Policies | Resale value";"Diesel"
"OPEX";"Diesel Infrastructure";"UK";"CO2 emission factor Biodiesel";"Rigid";"BAU";"%";2035;"0.161";"Sensitivity | Current Policies | Resale value";"Diesel"
"OPEX";"Diesel Infrastructure";"UK";"CO2 emission factor Biodiesel";"Tractor-Trailer";"BAU";"%";2035;"0.161";"Sensitivity | Current Policies | Resale value";"Diesel"
"OPEX";"Diesel Infrastructure";"DE";"CO2 emission factor Pt-Diesel";"Rigid";"BAU";"%";2035;"0";"Sensitivity | Current Policies | Resale value";"Diesel"
"OPEX";"Diesel Infrastructure";"DE";"CO2 emission factor Pt-Diesel";"Tractor-Trailer";"BAU";"%";2035;"0";"Sensitivity | Current Policies | Resale value";"Diesel"
"OPEX";"Diesel Infrastructure";"ES";"CO2 emission factor Pt-Diesel";"Rigid";"BAU";"%";2035;"0";"Sensitivity | Current Policies | Resale value";"Diesel"
"OPEX";"Diesel Infrastructure";"ES";"CO2 emission factor Pt-Diesel";"Tractor-Trailer";"BAU";"%";2035;"0";"Sensitivity | Current Policies | Resale value";"Diesel"
"OPEX";"Diesel Infrastructure";"FR";"CO2 emission factor Pt-Diesel";"Rigid";"BAU";"%";2035;"0";"Sensitivity | Current Policies | Resale value";"Diesel"
"OPEX";"Diesel Infrastructure";"FR";"CO2 emission factor Pt-Diesel";"Tractor-Trailer";"BAU";"%";2035;"0";"Sensitivity | Current Policies | Resale value";"Diesel"
"OPEX";"Diesel Infrastructure";"IT";"CO2 emission factor Pt-Diesel";"Rigid";"BAU";"%";2035;"0";"Sensitivity | Current Policies | Resale value";"Diesel"
"OPEX";"Diesel Infrastructure";"IT";"CO2 emission factor Pt-Diesel";"Tractor-Trailer";"BAU";"%";2035;"0";"Sensitivity | Current Policies | Resale value";"Diesel"
"OPEX";"Diesel Infrastructure";"NL";"CO2 emission factor Pt-Diesel";"Rigid";"BAU";"%";2035;"0";"Sensitivity | Current Policies | Resale value";"Diesel"
"OPEX";"Diesel Infrastructure";"NL";"CO2 emission factor Pt-Diesel";"Tractor-Trailer";"BAU";"%";2035;"0";"Sensitivity | Current Policies | Resale value";"Diesel"
"OPEX";"Diesel Infrastructure";"PL";"CO2 emission factor Pt-Diesel";"Rigid";"BAU";"%";2035;"0";"Sensitivity | Current Policies | Resale value";"Diesel"
"OPEX";"Diesel Infrastructure";"PL";"CO2 emission factor Pt-Diesel";"Tractor-Trailer";"BAU";"%";2035;"0";"Sensitivity | Current Policies | Resale value";"Diesel"
"OPEX";"Diesel Infrastructure";"UK";"CO2 emission factor Pt-Diesel";"Rigid";"BAU";"%";2035;"0";"Sensitivity | Current Policies | Resale value";"Diesel"
"OPEX";"Diesel Infrastructure";"UK";"CO2 emission factor Pt-Diesel";"Tractor-Trailer";"BAU";"%";2035;"0";"Sensitivity | Current Policies | Resale value";"Diesel"
"OPEX";"Taxes";"DE";"Network Costs - MCS";"Rigid";"BAU";"EUR/kWh";2035;"0.034";"Sensitivity | Current Policies | Resale value";"Electricity"
"OPEX";"Taxes";"DE";"Network Costs - MCS";"Tractor-Trailer";"BAU";"EUR/kWh";2035;"0.034";"Sensitivity | Current Policies | Resale value";"Electricity"
"OPEX";"Taxes";"ES";"Network Costs - MCS";"Rigid";"BAU";"EUR/kWh";2035;"0.018";"Sensitivity | Current Policies | Resale value";"Electricity"
"OPEX";"Taxes";"ES";"Network Costs - MCS";"Tractor-Trailer";"BAU";"EUR/kWh";2035;"0.018";"Sensitivity | Current Policies | Resale value";"Electricity"
"OPEX";"Taxes";"FR";"Network Costs - MCS";"Rigid";"BAU";"EUR/kWh";2035;"0.018";"Sensitivity | Current Policies | Resale value";"Electricity"
"OPEX";"Taxes";"FR";"Network Costs - MCS";"Tractor-Trailer";"BAU";"EUR/kWh";2035;"0.018";"Sensitivity | Current Policies | Resale value";"Electricity"
"OPEX";"Taxes";"IT";"Network Costs - MCS";"Rigid";"BAU";"EUR/kWh";2035;"0.016";"Sensitivity | Current Policies | Resale value";"Electricity"
"OPEX";"Taxes";"IT";"Network Costs - MCS";"Tractor-Trailer";"BAU";"EUR/kWh";2035;"0.016";"Sensitivity | Current Policies | Resale value";"Electricity"
"OPEX";"Taxes";"NL";"Network Costs - MCS";"Rigid";"BAU";"EUR/kWh";2035;"0.016";"Sensitivity | Current Policies | Resale value";"Electricity"
"OPEX";"Taxes";"NL";"Network Costs - MCS";"Tractor-Trailer";"BAU";"EUR/kWh";2035;"0.016";"Sensitivity | Current Policies | Resale value";"Electricity"
"OPEX";"Taxes";"PL";"Network Costs - MCS";"Rigid";"BAU";"EUR/kWh";2035;"0.019";"Sensitivity | Current Policies | Resale value";"Electricity"
"OPEX";"Taxes";"PL";"Network Costs - MCS";"Tractor-Trailer";"BAU";"EUR/kWh";2035;"0.019";"Sensitivity | Current Policies | Resale value";"Electricity"
"OPEX";"Taxes";"UK";"Network Costs - MCS";"Rigid";"BAU";"EUR/kWh";2035;"0.027";"Sensitivity | Current Policies | Resale value";"Electricity"
"OPEX";"Taxes";"UK";"Network Costs - MCS";"Tractor-Trailer";"BAU";"EUR/kWh";2035;"0.027";"Sensitivity | Current Policies | Resale value";"Electricity"
"OPEX";"Taxes";"DE";"Taxes, Fees, Levies and charges - MCS";"Rigid";"BAU";"EUR/kWh";2035;"0.056";"Sensitivity | Current Policies | Resale value";"Electricity"
"OPEX";"Taxes";"DE";"Taxes, Fees, Levies and charges - MCS";"Tractor-Trailer";"BAU";"EUR/kWh";2035;"0.056";"Sensitivity | Current Policies | Resale value";"Electricity"
"OPEX";"Taxes";"ES";"Taxes, Fees, Levies and charges - MCS";"Rigid";"BAU";"EUR/kWh";2035;"0.036";"Sensitivity | Current Policies | Resale value";"Electricity"
"OPEX";"Taxes";"ES";"Taxes, Fees, Levies and charges - MCS";"Tractor-Trailer";"BAU";"EUR/kWh";2035;"0.036";"Sensitivity | Current Policies | Resale value";"Electricity"
"OPEX";"Taxes";"FR";"Taxes, Fees, Levies and charges - MCS";"Rigid";"BAU";"EUR/kWh";2035;"0.03";"Sensitivity | Current Policies | Resale value";"Electricity"
"OPEX";"Taxes";"FR";"Taxes, Fees, Levies and charges - MCS";"Tractor-Trailer";"BAU";"EUR/kWh";2035;"0.03";"Sensitivity | Current Policies | Resale value";"Electricity"
"OPEX";"Taxes";"IT";"Taxes, Fees, Levies and charges - MCS";"Rigid";"BAU";"EUR/kWh";2035;"0.063";"Sensitivity | Current Policies | Resale value";"Electricity"
"OPEX";"Taxes";"IT";"Taxes, Fees, Levies and charges - MCS";"Tractor-Trailer";"BAU";"EUR/kWh";2035;"0.063";"Sensitivity | Current Policies | Resale value";"Electricity"
"OPEX";"Taxes";"NL";"Taxes, Fees, Levies and charges - MCS";"Rigid";"BAU";"EUR/kWh";2035;"0.055";"Sensitivity | Current Policies | Resale value";"Electricity"
"OPEX";"Taxes";"NL";"Taxes, Fees, Levies and charges - MCS";"Tractor-Trailer";"BAU";"EUR/kWh";2035;"0.055";"Sensitivity | Current Policies | Resale value";"Electricity"
"OPEX";"Taxes";"PL";"Taxes, Fees, Levies and charges - MCS";"Rigid";"BAU";"EUR/kWh";2035;"0.049";"Sensitivity | Current Policies | Resale value";"Electricity"
"OPEX";"Taxes";"PL";"Taxes, Fees, Levies and charges - MCS";"Tractor-Trailer";"BAU";"EUR/kWh";2035;"0.049";"Sensitivity | Current Policies | Resale value";"Electricity"
"OPEX";"Taxes";"UK";"Taxes, Fees, Levies and charges - MCS";"Rigid";"BAU";"EUR/kWh";2035;"0.077";"Sensitivity | Current Policies | Resale value";"Electricity"
"OPEX";"Taxes";"UK";"Taxes, Fees, Levies and charges - MCS";"Tractor-Trailer";"BAU";"EUR/kWh";2035;"0.077";"Sensitivity | Current Policies | Resale value";"Electricity"
"OPEX";"Taxes";"DE";"Network Costs - Depot";"Rigid";"BAU";"EUR/kWh";2035;"0.044";"Sensitivity | Current Policies | Resale value";"Electricity"
"OPEX";"Taxes";"DE";"Network Costs - Depot";"Tractor-Trailer";"BAU";"EUR/kWh";2035;"0.044";"Sensitivity | Current Policies | Resale value";"Electricity"
"OPEX";"Taxes";"ES";"Network Costs - Depot";"Rigid";"BAU";"EUR/kWh";2035;"0.031";"Sensitivity | Current Policies | Resale value";"Electricity"
"OPEX";"Taxes";"ES";"Network Costs - Depot";"Tractor-Trailer";"BAU";"EUR/kWh";2035;"0.031";"Sensitivity | Current Policies | Resale value";"Electricity"
"OPEX";"Taxes";"FR";"Network Costs - Depot";"Rigid";"BAU";"EUR/kWh";2035;"0.024";"Sensitivity | Current Policies | Resale value";"Electricity"
"OPEX";"Taxes";"FR";"Network Costs - Depot";"Tractor-Trailer";"BAU";"EUR/kWh";2035;"0.024";"Sensitivity | Current Policies | Resale value";"Electricity"
"OPEX";"Taxes";"IT";"Network Costs - Depot";"Rigid";"BAU";"EUR/kWh";2035;"0.018";"Sensitivity | Current Policies | Resale value";"Electricity"
"OPEX";"Taxes";"IT";"Network Costs - Depot";"Tractor-Trailer";"BAU";"EUR/kWh";2035;"0.018";"Sensitivity | Current Policies | Resale value";"Electricity"
"OPEX";"Taxes";"NL";"Network Costs - Depot";"Rigid";"BAU";"EUR/kWh";2035;"0.019";"Sensitivity | Current Policies | Resale value";"Electricity"
"OPEX";"Taxes";"NL";"Network Costs - Depot";"Tractor-Trailer";"BAU";"EUR/kWh";2035;"0.019";"Sensitivity | Current Policies | Resale value";"Electricity"
"OPEX";"Taxes";"PL";"Network Costs - Depot";"Rigid";"BAU";"EUR/kWh";2035;"0.026";"Sensitivity | Current Policies | Resale value";"Electricity"
"OPEX";"Taxes";"PL";"Network Costs - Depot";"Tractor-Trailer";"BAU";"EUR/kWh";2035;"0.026";"Sensitivity | Current Policies | Resale value";"Electricity"
"OPEX";"Taxes";"UK";"Network Costs - Depot";"Rigid";"BAU";"EUR/kWh";2035;"0.029";"Sensitivity | Current Policies | Resale value";"Electricity"
"OPEX";"Taxes";"UK";"Network Costs - Depot";"Tractor-Trailer";"BAU";"EUR/kWh";2035;"0.029";"Sensitivity | Current Policies | Resale value";"Electricity"
"OPEX";"Taxes";"DE";"Taxes, Fees, Levies and charges - Depot";"Rigid";"BAU";"EUR/kWh";2035;"0.062";"Sensitivity | Current Policies | Resale value";"Electricity"
"OPEX";"Taxes";"DE";"Taxes, Fees, Levies and charges - Depot";"Tractor-Trailer";"BAU";"EUR/kWh";2035;"0.062";"Sensitivity | Current Policies | Resale value";"Electricity"
"OPEX";"Taxes";"ES";"Taxes, Fees, Levies and charges - Depot";"Rigid";"BAU";"EUR/kWh";2035;"0.054";"Sensitivity | Current Policies | Resale value";"Electricity"
"OPEX";"Taxes";"ES";"Taxes, Fees, Levies and charges - Depot";"Tractor-Trailer";"BAU";"EUR/kWh";2035;"0.054";"Sensitivity | Current Policies | Resale value";"Electricity"
"OPEX";"Taxes";"FR";"Taxes, Fees, Levies and charges - Depot";"Rigid";"BAU";"EUR/kWh";2035;"0.04";"Sensitivity | Current Policies | Resale value";"Electricity"
"OPEX";"Taxes";"FR";"Taxes, Fees, Levies and charges - Depot";"Tractor-Trailer";"BAU";"EUR/kWh";2035;"0.04";"Sensitivity | Current Policies | Resale value";"Electricity"
"OPEX";"Taxes";"IT";"Taxes, Fees, Levies and charges - Depot";"Rigid";"BAU";"EUR/kWh";2035;"0.088";"Sensitivity | Current Policies | Resale value";"Electricity"
"OPEX";"Taxes";"IT";"Taxes, Fees, Levies and charges - Depot";"Tractor-Trailer";"BAU";"EUR/kWh";2035;"0.088";"Sensitivity | Current Policies | Resale value";"Electricity"
"OPEX";"Taxes";"NL";"Taxes, Fees, Levies and charges - Depot";"Rigid";"BAU";"EUR/kWh";2035;"0.058";"Sensitivity | Current Policies | Resale value";"Electricity"
"OPEX";"Taxes";"NL";"Taxes, Fees, Levies and charges - Depot";"Tractor-Trailer";"BAU";"EUR/kWh";2035;"0.058";"Sensitivity | Current Policies | Resale value";"Electricity"
"OPEX";"Taxes";"PL";"Taxes, Fees, Levies and charges - Depot";"Rigid";"BAU";"EUR/kWh";2035;"0.053";"Sensitivity | Current Policies | Resale value";"Electricity"
"OPEX";"Taxes";"PL";"Taxes, Fees, Levies and charges - Depot";"Tractor-Trailer";"BAU";"EUR/kWh";2035;"0.053";"Sensitivity | Current Policies | Resale value";"Electricity"
"OPEX";"Taxes";"UK";"Taxes, Fees, Levies and charges - Depot";"Rigid";"BAU";"EUR/kWh";2035;"0.084";"Sensitivity | Current Policies | Resale value";"Electricity"
"OPEX";"Taxes";"UK";"Taxes, Fees, Levies and charges - Depot";"Tractor-Trailer";"BAU";"EUR/kWh";2035;"0.084";"Sensitivity | Current Policies | Resale value";"Electricity"
"OPEX";"H2 Infrastructure";"DE";"HRS costs";"Rigid";"BAU";"EUR/kg H2";2035;"1.45";"Sensitivity | Current Policies | Resale value";"Hydrogen"
"OPEX";"H2 Infrastructure";"DE";"HRS costs";"Tractor-Trailer";"BAU";"EUR/kg H2";2035;"1.45";"Sensitivity | Current Policies | Resale value";"Hydrogen"
"OPEX";"H2 Infrastructure";"ES";"HRS costs";"Rigid";"BAU";"EUR/kg H2";2035;"1.45";"Sensitivity | Current Policies | Resale value";"Hydrogen"
"OPEX";"H2 Infrastructure";"ES";"HRS costs";"Tractor-Trailer";"BAU";"EUR/kg H2";2035;"1.45";"Sensitivity | Current Policies | Resale value";"Hydrogen"
"OPEX";"H2 Infrastructure";"FR";"HRS costs";"Rigid";"BAU";"EUR/kg H2";2035;"1.45";"Sensitivity | Current Policies | Resale value";"Hydrogen"
"OPEX";"H2 Infrastructure";"FR";"HRS costs";"Tractor-Trailer";"BAU";"EUR/kg H2";2035;"1.45";"Sensitivity | Current Policies | Resale value";"Hydrogen"
"OPEX";"H2 Infrastructure";"IT";"HRS costs";"Rigid";"BAU";"EUR/kg H2";2035;"1.45";"Sensitivity | Current Policies | Resale value";"Hydrogen"
"OPEX";"H2 Infrastructure";"IT";"HRS costs";"Tractor-Trailer";"BAU";"EUR/kg H2";2035;"1.45";"Sensitivity | Current Policies | Resale value";"Hydrogen"
"OPEX";"H2 Infrastructure";"NL";"HRS costs";"Rigid";"BAU";"EUR/kg H2";2035;"1.45";"Sensitivity | Current Policies | Resale value";"Hydrogen"
"OPEX";"H2 Infrastructure";"NL";"HRS costs";"Tractor-Trailer";"BAU";"EUR/kg H2";2035;"1.45";"Sensitivity | Current Policies | Resale value";"Hydrogen"
"OPEX";"H2 Infrastructure";"PL";"HRS costs";"Rigid";"BAU";"EUR/kg H2";2035;"1.45";"Sensitivity | Current Policies | Resale value";"Hydrogen"
"OPEX";"H2 Infrastructure";"PL";"HRS costs";"Tractor-Trailer";"BAU";"EUR/kg H2";2035;"1.45";"Sensitivity | Current Policies | Resale value";"Hydrogen"
"OPEX";"H2 Infrastructure";"UK";"HRS costs";"Rigid";"BAU";"EUR/kg H2";2035;"1.45";"Sensitivity | Current Policies | Resale value";"Hydrogen"
"OPEX";"H2 Infrastructure";"UK";"HRS costs";"Tractor-Trailer";"BAU";"EUR/kg H2";2035;"1.45";"Sensitivity | Current Policies | Resale value";"Hydrogen"
"OPEX";"H2 Infrastructure";"DE";"H2 transport and distribution";"Rigid";"BAU";"EUR/kg H2";2035;"1.333";"Sensitivity | Current Policies | Resale value";"Hydrogen"
"OPEX";"H2 Infrastructure";"DE";"H2 transport and distribution";"Tractor-Trailer";"BAU";"EUR/kg H2";2035;"1.333";"Sensitivity | Current Policies | Resale value";"Hydrogen"
"OPEX";"H2 Infrastructure";"ES";"H2 transport and distribution";"Rigid";"BAU";"EUR/kg H2";2035;"1.333";"Sensitivity | Current Policies | Resale value";"Hydrogen"
"OPEX";"H2 Infrastructure";"ES";"H2 transport and distribution";"Tractor-Trailer";"BAU";"EUR/kg H2";2035;"1.333";"Sensitivity | Current Policies | Resale value";"Hydrogen"
"OPEX";"H2 Infrastructure";"FR";"H2 transport and distribution";"Rigid";"BAU";"EUR/kg H2";2035;"1.333";"Sensitivity | Current Policies | Resale value";"Hydrogen"
"OPEX";"H2 Infrastructure";"FR";"H2 transport and distribution";"Tractor-Trailer";"BAU";"EUR/kg H2";2035;"1.333";"Sensitivity | Current Policies | Resale value";"Hydrogen"
"OPEX";"H2 Infrastructure";"IT";"H2 transport and distribution";"Rigid";"BAU";"EUR/kg H2";2035;"1.333";"Sensitivity | Current Policies | Resale value";"Hydrogen"
"OPEX";"H2 Infrastructure";"IT";"H2 transport and distribution";"Tractor-Trailer";"BAU";"EUR/kg H2";2035;"1.333";"Sensitivity | Current Policies | Resale value";"Hydrogen"
"OPEX";"H2 Infrastructure";"NL";"H2 transport and distribution";"Rigid";"BAU";"EUR/kg H2";2035;"1.333";"Sensitivity | Current Policies | Resale value";"Hydrogen"
"OPEX";"H2 Infrastructure";"NL";"H2 transport and distribution";"Tractor-Trailer";"BAU";"EUR/kg H2";2035;"1.333";"Sensitivity | Current Policies | Resale value";"Hydrogen"
"OPEX";"H2 Infrastructure";"PL";"H2 transport and distribution";"Rigid";"BAU";"EUR/kg H2";2035;"1.333";"Sensitivity | Current Policies | Resale value";"Hydrogen"
"OPEX";"H2 Infrastructure";"PL";"H2 transport and distribution";"Tractor-Trailer";"BAU";"EUR/kg H2";2035;"1.333";"Sensitivity | Current Policies | Resale value";"Hydrogen"
"OPEX";"H2 Infrastructure";"UK";"H2 transport and distribution";"Rigid";"BAU";"EUR/kg H2";2035;"1.333";"Sensitivity | Current Policies | Resale value";"Hydrogen"
"OPEX";"H2 Infrastructure";"UK";"H2 transport and distribution";"Tractor-Trailer";"BAU";"EUR/kg H2";2035;"1.333";"Sensitivity | Current Policies | Resale value";"Hydrogen"
"OPEX";"H2 Infrastructure";"DE";"HRS Overhead, Profit and Mark-Up";"Rigid";"BAU";"EUR/kg H2";2035;"0.25";"Sensitivity | Current Policies | Resale value";"Hydrogen"
"OPEX";"H2 Infrastructure";"DE";"HRS Overhead, Profit and Mark-Up";"Tractor-Trailer";"BAU";"EUR/kg H2";2035;"0.25";"Sensitivity | Current Policies | Resale value";"Hydrogen"
"OPEX";"H2 Infrastructure";"ES";"HRS Overhead, Profit and Mark-Up";"Rigid";"BAU";"EUR/kg H2";2035;"0.25";"Sensitivity | Current Policies | Resale value";"Hydrogen"
"OPEX";"H2 Infrastructure";"ES";"HRS Overhead, Profit and Mark-Up";"Tractor-Trailer";"BAU";"EUR/kg H2";2035;"0.25";"Sensitivity | Current Policies | Resale value";"Hydrogen"
"OPEX";"H2 Infrastructure";"FR";"HRS Overhead, Profit and Mark-Up";"Rigid";"BAU";"EUR/kg H2";2035;"0.25";"Sensitivity | Current Policies | Resale value";"Hydrogen"
"OPEX";"H2 Infrastructure";"FR";"HRS Overhead, Profit and Mark-Up";"Tractor-Trailer";"BAU";"EUR/kg H2";2035;"0.25";"Sensitivity | Current Policies | Resale value";"Hydrogen"
"OPEX";"H2 Infrastructure";"IT";"HRS Overhead, Profit and Mark-Up";"Rigid";"BAU";"EUR/kg H2";2035;"0.25";"Sensitivity | Current Policies | Resale value";"Hydrogen"
"OPEX";"H2 Infrastructure";"IT";"HRS Overhead, Profit and Mark-Up";"Tractor-Trailer";"BAU";"EUR/kg H2";2035;"0.25";"Sensitivity | Current Policies | Resale value";"Hydrogen"
"OPEX";"H2 Infrastructure";"NL";"HRS Overhead, Profit and Mark-Up";"Rigid";"BAU";"EUR/kg H2";2035;"0.25";"Sensitivity | Current Policies | Resale value";"Hydrogen"
"OPEX";"H2 Infrastructure";"NL";"HRS Overhead, Profit and Mark-Up";"Tractor-Trailer";"BAU";"EUR/kg H2";2035;"0.25";"Sensitivity | Current Policies | Resale value";"Hydrogen"
"OPEX";"H2 Infrastructure";"PL";"HRS Overhead, Profit and Mark-Up";"Rigid";"BAU";"EUR/kg H2";2035;"0.25";"Sensitivity | Current Policies | Resale value";"Hydrogen"
"OPEX";"H2 Infrastructure";"PL";"HRS Overhead, Profit and Mark-Up";"Tractor-Trailer";"BAU";"EUR/kg H2";2035;"0.25";"Sensitivity | Current Policies | Resale value";"Hydrogen"
"OPEX";"H2 Infrastructure";"UK";"HRS Overhead, Profit and Mark-Up";"Rigid";"BAU";"EUR/kg H2";2035;"0.25";"Sensitivity | Current Policies | Resale value";"Hydrogen"
"OPEX";"H2 Infrastructure";"UK";"HRS Overhead, Profit and Mark-Up";"Tractor-Trailer";"BAU";"EUR/kg H2";2035;"0.25";"Sensitivity | Current Policies | Resale value";"Hydrogen"
"OPEX";"Charging Infrastructure";"DE";"MCS Station (Public Charging) - Incl. Overhead";"Rigid";"BAU";"EUR/kWh";2035;"0.082";"Sensitivity | Current Policies | Resale value";"Electricity"
"OPEX";"Charging Infrastructure";"DE";"MCS Station (Public Charging) - Incl. Overhead";"Tractor-Trailer";"BAU";"EUR/kWh";2035;"0.082";"Sensitivity | Current Policies | Resale value";"Electricity"
"OPEX";"Charging Infrastructure";"ES";"MCS Station (Public Charging) - Incl. Overhead";"Rigid";"BAU";"EUR/kWh";2035;"0.082";"Sensitivity | Current Policies | Resale value";"Electricity"
"OPEX";"Charging Infrastructure";"ES";"MCS Station (Public Charging) - Incl. Overhead";"Tractor-Trailer";"BAU";"EUR/kWh";2035;"0.082";"Sensitivity | Current Policies | Resale value";"Electricity"
"OPEX";"Charging Infrastructure";"FR";"MCS Station (Public Charging) - Incl. Overhead";"Rigid";"BAU";"EUR/kWh";2035;"0.082";"Sensitivity | Current Policies | Resale value";"Electricity"
"OPEX";"Charging Infrastructure";"FR";"MCS Station (Public Charging) - Incl. Overhead";"Tractor-Trailer";"BAU";"EUR/kWh";2035;"0.082";"Sensitivity | Current Policies | Resale value";"Electricity"
"OPEX";"Charging Infrastructure";"IT";"MCS Station (Public Charging) - Incl. Overhead";"Rigid";"BAU";"EUR/kWh";2035;"0.082";"Sensitivity | Current Policies | Resale value";"Electricity"
"OPEX";"Charging Infrastructure";"IT";"MCS Station (Public Charging) - Incl. Overhead";"Tractor-Trailer";"BAU";"EUR/kWh";2035;"0.082";"Sensitivity | Current Policies | Resale value";"Electricity"
"OPEX";"Charging Infrastructure";"NL";"MCS Station (Public Charging) - Incl. Overhead";"Rigid";"BAU";"EUR/kWh";2035;"0.082";"Sensitivity | Current Policies | Resale value";"Electricity"
"OPEX";"Charging Infrastructure";"NL";"MCS Station (Public Charging) - Incl. Overhead";"Tractor-Trailer";"BAU";"EUR/kWh";2035;"0.082";"Sensitivity | Current Policies | Resale value";"Electricity"
"OPEX";"Charging Infrastructure";"PL";"MCS Station (Public Charging) - Incl. Overhead";"Rigid";"BAU";"EUR/kWh";2035;"0.082";"Sensitivity | Current Policies | Resale value";"Electricity"
"OPEX";"Charging Infrastructure";"PL";"MCS Station (Public Charging) - Incl. Overhead";"Tractor-Trailer";"BAU";"EUR/kWh";2035;"0.082";"Sensitivity | Current Policies | Resale value";"Electricity"
"OPEX";"Charging Infrastructure";"UK";"MCS Station (Public Charging) - Incl. Overhead";"Rigid";"BAU";"EUR/kWh";2035;"0.082";"Sensitivity | Current Policies | Resale value";"Electricity"
"OPEX";"Charging Infrastructure";"UK";"MCS Station (Public Charging) - Incl. Overhead";"Tractor-Trailer";"BAU";"EUR/kWh";2035;"0.082";"Sensitivity | Current Policies | Resale value";"Electricity"
"OPEX";"Charging Infrastructure";"DE";"Share MCS-Charging";"Rigid";"BAU";"%";2035;"0.2";"Sensitivity | Current Policies | Resale value";"Electricity"
"OPEX";"Charging Infrastructure";"DE";"Share MCS-Charging";"Tractor-Trailer";"BAU";"%";2035;"0.2";"Sensitivity | Current Policies | Resale value";"Electricity"
"OPEX";"Charging Infrastructure";"ES";"Share MCS-Charging";"Rigid";"BAU";"%";2035;"0.2";"Sensitivity | Current Policies | Resale value";"Electricity"
"OPEX";"Charging Infrastructure";"ES";"Share MCS-Charging";"Tractor-Trailer";"BAU";"%";2035;"0.2";"Sensitivity | Current Policies | Resale value";"Electricity"
"OPEX";"Charging Infrastructure";"FR";"Share MCS-Charging";"Rigid";"BAU";"%";2035;"0.2";"Sensitivity | Current Policies | Resale value";"Electricity"
"OPEX";"Charging Infrastructure";"FR";"Share MCS-Charging";"Tractor-Trailer";"BAU";"%";2035;"0.2";"Sensitivity | Current Policies | Resale value";"Electricity"
"OPEX";"Charging Infrastructure";"IT";"Share MCS-Charging";"Rigid";"BAU";"%";2035;"0.2";"Sensitivity | Current Policies | Resale value";"Electricity"
"OPEX";"Charging Infrastructure";"IT";"Share MCS-Charging";"Tractor-Trailer";"BAU";"%";2035;"0.2";"Sensitivity | Current Policies | Resale value";"Electricity"
"OPEX";"Charging Infrastructure";"NL";"Share MCS-Charging";"Rigid";"BAU";"%";2035;"0.2";"Sensitivity | Current Policies | Resale value";"Electricity"
"OPEX";"Charging Infrastructure";"NL";"Share MCS-Charging";"Tractor-Trailer";"BAU";"%";2035;"0.2";"Sensitivity | Current Policies | Resale value";"Electricity"
"OPEX";"Charging Infrastructure";"PL";"Share MCS-Charging";"Rigid";"BAU";"%";2035;"0.2";"Sensitivity | Current Policies | Resale value";"Electricity"
"OPEX";"Charging Infrastructure";"PL";"Share MCS-Charging";"Tractor-Trailer";"BAU";"%";2035;"0.2";"Sensitivity | Current Policies | Resale value";"Electricity"
"OPEX";"Charging Infrastructure";"UK";"Share MCS-Charging";"Rigid";"BAU";"%";2035;"0.2";"Sensitivity | Current Policies | Resale value";"Electricity"
"OPEX";"Charging Infrastructure";"UK";"Share MCS-Charging";"Tractor-Trailer";"BAU";"%";2035;"0.2";"Sensitivity | Current Policies | Resale value";"Electricity"
"OPEX";"Charging Infrastructure";"DE";"Depot - Network fees savings potential";"Rigid";"BAU";"EUR/kWh";2035;"0";"Sensitivity | Current Policies | Resale value";"Electricity"
"OPEX";"Charging Infrastructure";"DE";"Depot - Network fees savings potential";"Tractor-Trailer";"BAU";"EUR/kWh";2035;"0";"Sensitivity | Current Policies | Resale value";"Electricity"
"OPEX";"Charging Infrastructure";"ES";"Depot - Network fees savings potential";"Rigid";"BAU";"EUR/kWh";2035;"0";"Sensitivity | Current Policies | Resale value";"Electricity"
"OPEX";"Charging Infrastructure";"ES";"Depot - Network fees savings potential";"Tractor-Trailer";"BAU";"EUR/kWh";2035;"0";"Sensitivity | Current Policies | Resale value";"Electricity"
"OPEX";"Charging Infrastructure";"FR";"Depot - Network fees savings potential";"Rigid";"BAU";"EUR/kWh";2035;"0";"Sensitivity | Current Policies | Resale value";"Electricity"
"OPEX";"Charging Infrastructure";"FR";"Depot - Network fees savings potential";"Tractor-Trailer";"BAU";"EUR/kWh";2035;"0";"Sensitivity | Current Policies | Resale value";"Electricity"
"OPEX";"Charging Infrastructure";"IT";"Depot - Network fees savings potential";"Rigid";"BAU";"EUR/kWh";2035;"0";"Sensitivity | Current Policies | Resale value";"Electricity"
"OPEX";"Charging Infrastructure";"IT";"Depot - Network fees savings potential";"Tractor-Trailer";"BAU";"EUR/kWh";2035;"0";"Sensitivity | Current Policies | Resale value";"Electricity"
"OPEX";"Charging Infrastructure";"NL";"Depot - Network fees savings potential";"Rigid";"BAU";"EUR/kWh";2035;"0";"Sensitivity | Current Policies | Resale value";"Electricity"
"OPEX";"Charging Infrastructure";"NL";"Depot - Network fees savings potential";"Tractor-Trailer";"BAU";"EUR/kWh";2035;"0";"Sensitivity | Current Policies | Resale value";"Electricity"
"OPEX";"Charging Infrastructure";"PL";"Depot - Network fees savings potential";"Rigid";"BAU";"EUR/kWh";2035;"0";"Sensitivity | Current Policies | Resale value";"Electricity"
"OPEX";"Charging Infrastructure";"PL";"Depot - Network fees savings potential";"Tractor-Trailer";"BAU";"EUR/kWh";2035;"0";"Sensitivity | Current Policies | Resale value";"Electricity"
"OPEX";"Charging Infrastructure";"UK";"Depot - Network fees savings potential";"Rigid";"BAU";"EUR/kWh";2035;"0";"Sensitivity | Current Policies | Resale value";"Electricity"
"OPEX";"Charging Infrastructure";"UK";"Depot - Network fees savings potential";"Tractor-Trailer";"BAU";"EUR/kWh";2035;"0";"Sensitivity | Current Policies | Resale value";"Electricity"
"OPEX";"Taxes";"DE";"Tax reduction";"Rigid";"BAU";"%";2035;"-1";"Sensitivity | Current Policies | Resale value";"Hydrogen"
"OPEX";"Taxes";"DE";"Tax reduction";"Tractor-Trailer";"BAU";"%";2035;"-1";"Sensitivity | Current Policies | Resale value";"Hydrogen"
"OPEX";"Taxes";"ES";"Tax reduction";"Rigid";"BAU";"%";2035;"-1";"Sensitivity | Current Policies | Resale value";"Hydrogen"
"OPEX";"Taxes";"ES";"Tax reduction";"Tractor-Trailer";"BAU";"%";2035;"-1";"Sensitivity | Current Policies | Resale value";"Hydrogen"
"OPEX";"Taxes";"FR";"Tax reduction";"Rigid";"BAU";"%";2035;"-1";"Sensitivity | Current Policies | Resale value";"Hydrogen"
"OPEX";"Taxes";"FR";"Tax reduction";"Tractor-Trailer";"BAU";"%";2035;"-1";"Sensitivity | Current Policies | Resale value";"Hydrogen"
"OPEX";"Taxes";"IT";"Tax reduction";"Rigid";"BAU";"%";2035;"-1";"Sensitivity | Current Policies | Resale value";"Hydrogen"
"OPEX";"Taxes";"IT";"Tax reduction";"Tractor-Trailer";"BAU";"%";2035;"-1";"Sensitivity | Current Policies | Resale value";"Hydrogen"
"OPEX";"Taxes";"NL";"Tax reduction";"Rigid";"BAU";"%";2035;"-1";"Sensitivity | Current Policies | Resale value";"Hydrogen"
"OPEX";"Taxes";"NL";"Tax reduction";"Tractor-Trailer";"BAU";"%";2035;"-1";"Sensitivity | Current Policies | Resale value";"Hydrogen"
"OPEX";"Taxes";"PL";"Tax reduction";"Rigid";"BAU";"%";2035;"-1";"Sensitivity | Current Policies | Resale value";"Hydrogen"
"OPEX";"Taxes";"PL";"Tax reduction";"Tractor-Trailer";"BAU";"%";2035;"-1";"Sensitivity | Current Policies | Resale value";"Hydrogen"
"OPEX";"Taxes";"UK";"Tax reduction";"Rigid";"BAU";"%";2035;"-1";"Sensitivity | Current Policies | Resale value";"Hydrogen"
"OPEX";"Taxes";"UK";"Tax reduction";"Tractor-Trailer";"BAU";"%";2035;"-1";"Sensitivity | Current Policies | Resale value";"Hydrogen"
"OPEX";"Taxes";"DE";"Increasing grid fees";"Rigid";"BAU";"%";2035;"0.25";"Sensitivity | Current Policies | Resale value";"Electricity"
"OPEX";"Taxes";"DE";"Increasing grid fees";"Tractor-Trailer";"BAU";"%";2035;"0.25";"Sensitivity | Current Policies | Resale value";"Electricity"
"OPEX";"Taxes";"ES";"Increasing grid fees";"Rigid";"BAU";"%";2035;"0.25";"Sensitivity | Current Policies | Resale value";"Electricity"
"OPEX";"Taxes";"ES";"Increasing grid fees";"Tractor-Trailer";"BAU";"%";2035;"0.25";"Sensitivity | Current Policies | Resale value";"Electricity"
"OPEX";"Taxes";"FR";"Increasing grid fees";"Rigid";"BAU";"%";2035;"0.25";"Sensitivity | Current Policies | Resale value";"Electricity"
"OPEX";"Taxes";"FR";"Increasing grid fees";"Tractor-Trailer";"BAU";"%";2035;"0.25";"Sensitivity | Current Policies | Resale value";"Electricity"
"OPEX";"Taxes";"IT";"Increasing grid fees";"Rigid";"BAU";"%";2035;"0.25";"Sensitivity | Current Policies | Resale value";"Electricity"
"OPEX";"Taxes";"IT";"Increasing grid fees";"Tractor-Trailer";"BAU";"%";2035;"0.25";"Sensitivity | Current Policies | Resale value";"Electricity"
"OPEX";"Taxes";"NL";"Increasing grid fees";"Rigid";"BAU";"%";2035;"0.25";"Sensitivity | Current Policies | Resale value";"Electricity"
"OPEX";"Taxes";"NL";"Increasing grid fees";"Tractor-Trailer";"BAU";"%";2035;"0.25";"Sensitivity | Current Policies | Resale value";"Electricity"
"OPEX";"Taxes";"PL";"Increasing grid fees";"Rigid";"BAU";"%";2035;"0.25";"Sensitivity | Current Policies | Resale value";"Electricity"
"OPEX";"Taxes";"PL";"Increasing grid fees";"Tractor-Trailer";"BAU";"%";2035;"0.25";"Sensitivity | Current Policies | Resale value";"Electricity"
"OPEX";"Taxes";"UK";"Increasing grid fees";"Rigid";"BAU";"%";2035;"0.25";"Sensitivity | Current Policies | Resale value";"Electricity"
"OPEX";"Taxes";"UK";"Increasing grid fees";"Tractor-Trailer";"BAU";"%";2035;"0.25";"Sensitivity | Current Policies | Resale value";"Electricity"
"OPEX";"Taxes";"DE";"Excise Duty - Diesel";"Rigid";"BAU";"EUR/kWh";2040;"0.047";"Sensitivity | Current Policies | Resale value";"Diesel"
"OPEX";"Taxes";"DE";"Excise Duty - Diesel";"Tractor-Trailer";"BAU";"EUR/kWh";2040;"0.047";"Sensitivity | Current Policies | Resale value";"Diesel"
"OPEX";"Taxes";"ES";"Excise Duty - Diesel";"Rigid";"BAU";"EUR/kWh";2040;"0.038";"Sensitivity | Current Policies | Resale value";"Diesel"
"OPEX";"Taxes";"ES";"Excise Duty - Diesel";"Tractor-Trailer";"BAU";"EUR/kWh";2040;"0.038";"Sensitivity | Current Policies | Resale value";"Diesel"
"OPEX";"Taxes";"FR";"Excise Duty - Diesel";"Rigid";"BAU";"EUR/kWh";2040;"0.06";"Sensitivity | Current Policies | Resale value";"Diesel"
"OPEX";"Taxes";"FR";"Excise Duty - Diesel";"Tractor-Trailer";"BAU";"EUR/kWh";2040;"0.06";"Sensitivity | Current Policies | Resale value";"Diesel"
"OPEX";"Taxes";"IT";"Excise Duty - Diesel";"Rigid";"BAU";"EUR/kWh";2040;"0.062";"Sensitivity | Current Policies | Resale value";"Diesel"
"OPEX";"Taxes";"IT";"Excise Duty - Diesel";"Tractor-Trailer";"BAU";"EUR/kWh";2040;"0.062";"Sensitivity | Current Policies | Resale value";"Diesel"
"OPEX";"Taxes";"NL";"Excise Duty - Diesel";"Rigid";"BAU";"EUR/kWh";2040;"0.053";"Sensitivity | Current Policies | Resale value";"Diesel"
"OPEX";"Taxes";"NL";"Excise Duty - Diesel";"Tractor-Trailer";"BAU";"EUR/kWh";2040;"0.053";"Sensitivity | Current Policies | Resale value";"Diesel"
"OPEX";"Taxes";"PL";"Excise Duty - Diesel";"Rigid";"BAU";"EUR/kWh";2040;"0.033";"Sensitivity | Current Policies | Resale value";"Diesel"
"OPEX";"Taxes";"PL";"Excise Duty - Diesel";"Tractor-Trailer";"BAU";"EUR/kWh";2040;"0.033";"Sensitivity | Current Policies | Resale value";"Diesel"
"OPEX";"Taxes";"UK";"Excise Duty - Diesel";"Rigid";"BAU";"EUR/kWh";2040;"0.053";"Sensitivity | Current Policies | Resale value";"Diesel"
"OPEX";"Taxes";"UK";"Excise Duty - Diesel";"Tractor-Trailer";"BAU";"EUR/kWh";2040;"0.053";"Sensitivity | Current Policies | Resale value";"Diesel"
"OPEX";"Taxes";"DE";"Excise Duty - Reduction biodiesel";"Rigid";"BAU";"%";2040;"0.5";"Sensitivity | Current Policies | Resale value";"Diesel"
"OPEX";"Taxes";"DE";"Excise Duty - Reduction biodiesel";"Tractor-Trailer";"BAU";"%";2040;"0.5";"Sensitivity | Current Policies | Resale value";"Diesel"
"OPEX";"Taxes";"ES";"Excise Duty - Reduction biodiesel";"Rigid";"BAU";"%";2040;"0.5";"Sensitivity | Current Policies | Resale value";"Diesel"
"OPEX";"Taxes";"ES";"Excise Duty - Reduction biodiesel";"Tractor-Trailer";"BAU";"%";2040;"0.5";"Sensitivity | Current Policies | Resale value";"Diesel"
"OPEX";"Taxes";"FR";"Excise Duty - Reduction biodiesel";"Rigid";"BAU";"%";2040;"0.5";"Sensitivity | Current Policies | Resale value";"Diesel"
"OPEX";"Taxes";"FR";"Excise Duty - Reduction biodiesel";"Tractor-Trailer";"BAU";"%";2040;"0.5";"Sensitivity | Current Policies | Resale value";"Diesel"
"OPEX";"Taxes";"IT";"Excise Duty - Reduction biodiesel";"Rigid";"BAU";"%";2040;"0.5";"Sensitivity | Current Policies | Resale value";"Diesel"
"OPEX";"Taxes";"IT";"Excise Duty - Reduction biodiesel";"Tractor-Trailer";"BAU";"%";2040;"0.5";"Sensitivity | Current Policies | Resale value";"Diesel"
"OPEX";"Taxes";"NL";"Excise Duty - Reduction biodiesel";"Rigid";"BAU";"%";2040;"0.5";"Sensitivity | Current Policies | Resale value";"Diesel"
"OPEX";"Taxes";"NL";"Excise Duty - Reduction biodiesel";"Tractor-Trailer";"BAU";"%";2040;"0.5";"Sensitivity | Current Policies | Resale value";"Diesel"
"OPEX";"Taxes";"PL";"Excise Duty - Reduction biodiesel";"Rigid";"BAU";"%";2040;"0.5";"Sensitivity | Current Policies | Resale value";"Diesel"
"OPEX";"Taxes";"PL";"Excise Duty - Reduction biodiesel";"Tractor-Trailer";"BAU";"%";2040;"0.5";"Sensitivity | Current Policies | Resale value";"Diesel"
"OPEX";"Taxes";"UK";"Excise Duty - Reduction biodiesel";"Rigid";"BAU";"%";2040;"0.5";"Sensitivity | Current Policies | Resale value";"Diesel"
"OPEX";"Taxes";"UK";"Excise Duty - Reduction biodiesel";"Tractor-Trailer";"BAU";"%";2040;"0.5";"Sensitivity | Current Policies | Resale value";"Diesel"
"OPEX";"Taxes";"DE";"Excise Duty - Reduction Synthetic Diesel (E-Fuels)";"Rigid";"BAU";"%";2040;"0.5";"Sensitivity | Current Policies | Resale value";"Diesel"
"OPEX";"Taxes";"DE";"Excise Duty - Reduction Synthetic Diesel (E-Fuels)";"Tractor-Trailer";"BAU";"%";2040;"0.5";"Sensitivity | Current Policies | Resale value";"Diesel"
"OPEX";"Taxes";"ES";"Excise Duty - Reduction Synthetic Diesel (E-Fuels)";"Rigid";"BAU";"%";2040;"0.5";"Sensitivity | Current Policies | Resale value";"Diesel"
"OPEX";"Taxes";"ES";"Excise Duty - Reduction Synthetic Diesel (E-Fuels)";"Tractor-Trailer";"BAU";"%";2040;"0.5";"Sensitivity | Current Policies | Resale value";"Diesel"
"OPEX";"Taxes";"FR";"Excise Duty - Reduction Synthetic Diesel (E-Fuels)";"Rigid";"BAU";"%";2040;"0.5";"Sensitivity | Current Policies | Resale value";"Diesel"
"OPEX";"Taxes";"FR";"Excise Duty - Reduction Synthetic Diesel (E-Fuels)";"Tractor-Trailer";"BAU";"%";2040;"0.5";"Sensitivity | Current Policies | Resale value";"Diesel"
"OPEX";"Taxes";"IT";"Excise Duty - Reduction Synthetic Diesel (E-Fuels)";"Rigid";"BAU";"%";2040;"0.5";"Sensitivity | Current Policies | Resale value";"Diesel"
"OPEX";"Taxes";"IT";"Excise Duty - Reduction Synthetic Diesel (E-Fuels)";"Tractor-Trailer";"BAU";"%";2040;"0.5";"Sensitivity | Current Policies | Resale value";"Diesel"
"OPEX";"Taxes";"NL";"Excise Duty - Reduction Synthetic Diesel (E-Fuels)";"Rigid";"BAU";"%";2040;"0.5";"Sensitivity | Current Policies | Resale value";"Diesel"
"OPEX";"Taxes";"NL";"Excise Duty - Reduction Synthetic Diesel (E-Fuels)";"Tractor-Trailer";"BAU";"%";2040;"0.5";"Sensitivity | Current Policies | Resale value";"Diesel"
"OPEX";"Taxes";"PL";"Excise Duty - Reduction Synthetic Diesel (E-Fuels)";"Rigid";"BAU";"%";2040;"0.5";"Sensitivity | Current Policies | Resale value";"Diesel"
"OPEX";"Taxes";"PL";"Excise Duty - Reduction Synthetic Diesel (E-Fuels)";"Tractor-Trailer";"BAU";"%";2040;"0.5";"Sensitivity | Current Policies | Resale value";"Diesel"
"OPEX";"Taxes";"UK";"Excise Duty - Reduction Synthetic Diesel (E-Fuels)";"Rigid";"BAU";"%";2040;"0.5";"Sensitivity | Current Policies | Resale value";"Diesel"
"OPEX";"Taxes";"UK";"Excise Duty - Reduction Synthetic Diesel (E-Fuels)";"Tractor-Trailer";"BAU";"%";2040;"0.5";"Sensitivity | Current Policies | Resale value";"Diesel"
"OPEX";"Taxes";"DE";"Taxes, Fees, Levies and charges - H2";"Rigid";"BAU";"EUR/kWh";2040;"0.015";"Sensitivity | Current Policies | Resale value";"Hydrogen"
"OPEX";"Taxes";"DE";"Taxes, Fees, Levies and charges - H2";"Tractor-Trailer";"BAU";"EUR/kWh";2040;"0.015";"Sensitivity | Current Policies | Resale value";"Hydrogen"
"OPEX";"Taxes";"ES";"Taxes, Fees, Levies and charges - H2";"Rigid";"BAU";"EUR/kWh";2040;"0.008";"Sensitivity | Current Policies | Resale value";"Hydrogen"
"OPEX";"Taxes";"ES";"Taxes, Fees, Levies and charges - H2";"Tractor-Trailer";"BAU";"EUR/kWh";2040;"0.008";"Sensitivity | Current Policies | Resale value";"Hydrogen"
"OPEX";"Taxes";"FR";"Taxes, Fees, Levies and charges - H2";"Rigid";"BAU";"EUR/kWh";2040;"0.012";"Sensitivity | Current Policies | Resale value";"Hydrogen"
"OPEX";"Taxes";"FR";"Taxes, Fees, Levies and charges - H2";"Tractor-Trailer";"BAU";"EUR/kWh";2040;"0.012";"Sensitivity | Current Policies | Resale value";"Hydrogen"
"OPEX";"Taxes";"IT";"Taxes, Fees, Levies and charges - H2";"Rigid";"BAU";"EUR/kWh";2040;"0.009";"Sensitivity | Current Policies | Resale value";"Hydrogen"
"OPEX";"Taxes";"IT";"Taxes, Fees, Levies and charges - H2";"Tractor-Trailer";"BAU";"EUR/kWh";2040;"0.009";"Sensitivity | Current Policies | Resale value";"Hydrogen"
"OPEX";"Taxes";"NL";"Taxes, Fees, Levies and charges - H2";"Rigid";"BAU";"EUR/kWh";2040;"0.024";"Sensitivity | Current Policies | Resale value";"Hydrogen"
"OPEX";"Taxes";"NL";"Taxes, Fees, Levies and charges - H2";"Tractor-Trailer";"BAU";"EUR/kWh";2040;"0.024";"Sensitivity | Current Policies | Resale value";"Hydrogen"
"OPEX";"Taxes";"PL";"Taxes, Fees, Levies and charges - H2";"Rigid";"BAU";"EUR/kWh";2040;"0.009";"Sensitivity | Current Policies | Resale value";"Hydrogen"
"OPEX";"Taxes";"PL";"Taxes, Fees, Levies and charges - H2";"Tractor-Trailer";"BAU";"EUR/kWh";2040;"0.009";"Sensitivity | Current Policies | Resale value";"Hydrogen"
"OPEX";"Taxes";"UK";"Taxes, Fees, Levies and charges - H2";"Rigid";"BAU";"EUR/kWh";2040;"0.006";"Sensitivity | Current Policies | Resale value";"Hydrogen"
"OPEX";"Taxes";"UK";"Taxes, Fees, Levies and charges - H2";"Tractor-Trailer";"BAU";"EUR/kWh";2040;"0.006";"Sensitivity | Current Policies | Resale value";"Hydrogen"
"OPEX";"Charging Infrastructure";"DE";"MCS grid extension";"Rigid";"BAU";"EUR/kWh";2040;"0.055";"Sensitivity | Current Policies | Resale value";"Electricity"
"OPEX";"Charging Infrastructure";"DE";"MCS grid extension";"Tractor-Trailer";"BAU";"EUR/kWh";2040;"0.055";"Sensitivity | Current Policies | Resale value";"Electricity"
"OPEX";"Charging Infrastructure";"ES";"MCS grid extension";"Rigid";"BAU";"EUR/kWh";2040;"0.055";"Sensitivity | Current Policies | Resale value";"Electricity"
"OPEX";"Charging Infrastructure";"ES";"MCS grid extension";"Tractor-Trailer";"BAU";"EUR/kWh";2040;"0.055";"Sensitivity | Current Policies | Resale value";"Electricity"
"OPEX";"Charging Infrastructure";"FR";"MCS grid extension";"Rigid";"BAU";"EUR/kWh";2040;"0.055";"Sensitivity | Current Policies | Resale value";"Electricity"
"OPEX";"Charging Infrastructure";"FR";"MCS grid extension";"Tractor-Trailer";"BAU";"EUR/kWh";2040;"0.055";"Sensitivity | Current Policies | Resale value";"Electricity"
"OPEX";"Charging Infrastructure";"IT";"MCS grid extension";"Rigid";"BAU";"EUR/kWh";2040;"0.055";"Sensitivity | Current Policies | Resale value";"Electricity"
"OPEX";"Charging Infrastructure";"IT";"MCS grid extension";"Tractor-Trailer";"BAU";"EUR/kWh";2040;"0.055";"Sensitivity | Current Policies | Resale value";"Electricity"
"OPEX";"Charging Infrastructure";"NL";"MCS grid extension";"Rigid";"BAU";"EUR/kWh";2040;"0.055";"Sensitivity | Current Policies | Resale value";"Electricity"
"OPEX";"Charging Infrastructure";"NL";"MCS grid extension";"Tractor-Trailer";"BAU";"EUR/kWh";2040;"0.055";"Sensitivity | Current Policies | Resale value";"Electricity"
"OPEX";"Charging Infrastructure";"PL";"MCS grid extension";"Rigid";"BAU";"EUR/kWh";2040;"0.055";"Sensitivity | Current Policies | Resale value";"Electricity"
"OPEX";"Charging Infrastructure";"PL";"MCS grid extension";"Tractor-Trailer";"BAU";"EUR/kWh";2040;"0.055";"Sensitivity | Current Policies | Resale value";"Electricity"
"OPEX";"Charging Infrastructure";"UK";"MCS grid extension";"Rigid";"BAU";"EUR/kWh";2040;"0.055";"Sensitivity | Current Policies | Resale value";"Electricity"
"OPEX";"Charging Infrastructure";"UK";"MCS grid extension";"Tractor-Trailer";"BAU";"EUR/kWh";2040;"0.055";"Sensitivity | Current Policies | Resale value";"Electricity"
"OPEX";"Charging Infrastructure";"DE";"MCS Profit and Mark-Up";"Rigid";"BAU";"%";2040;"0.1";"Sensitivity | Current Policies | Resale value";"Electricity"
"OPEX";"Charging Infrastructure";"DE";"MCS Profit and Mark-Up";"Tractor-Trailer";"BAU";"%";2040;"0.1";"Sensitivity | Current Policies | Resale value";"Electricity"
"OPEX";"Charging Infrastructure";"ES";"MCS Profit and Mark-Up";"Rigid";"BAU";"%";2040;"0.1";"Sensitivity | Current Policies | Resale value";"Electricity"
"OPEX";"Charging Infrastructure";"ES";"MCS Profit and Mark-Up";"Tractor-Trailer";"BAU";"%";2040;"0.1";"Sensitivity | Current Policies | Resale value";"Electricity"
"OPEX";"Charging Infrastructure";"FR";"MCS Profit and Mark-Up";"Rigid";"BAU";"%";2040;"0.1";"Sensitivity | Current Policies | Resale value";"Electricity"
"OPEX";"Charging Infrastructure";"FR";"MCS Profit and Mark-Up";"Tractor-Trailer";"BAU";"%";2040;"0.1";"Sensitivity | Current Policies | Resale value";"Electricity"
"OPEX";"Charging Infrastructure";"IT";"MCS Profit and Mark-Up";"Rigid";"BAU";"%";2040;"0.1";"Sensitivity | Current Policies | Resale value";"Electricity"
"OPEX";"Charging Infrastructure";"IT";"MCS Profit and Mark-Up";"Tractor-Trailer";"BAU";"%";2040;"0.1";"Sensitivity | Current Policies | Resale value";"Electricity"
"OPEX";"Charging Infrastructure";"NL";"MCS Profit and Mark-Up";"Rigid";"BAU";"%";2040;"0.1";"Sensitivity | Current Policies | Resale value";"Electricity"
"OPEX";"Charging Infrastructure";"NL";"MCS Profit and Mark-Up";"Tractor-Trailer";"BAU";"%";2040;"0.1";"Sensitivity | Current Policies | Resale value";"Electricity"
"OPEX";"Charging Infrastructure";"PL";"MCS Profit and Mark-Up";"Rigid";"BAU";"%";2040;"0.1";"Sensitivity | Current Policies | Resale value";"Electricity"
"OPEX";"Charging Infrastructure";"PL";"MCS Profit and Mark-Up";"Tractor-Trailer";"BAU";"%";2040;"0.1";"Sensitivity | Current Policies | Resale value";"Electricity"
"OPEX";"Charging Infrastructure";"UK";"MCS Profit and Mark-Up";"Rigid";"BAU";"%";2040;"0.1";"Sensitivity | Current Policies | Resale value";"Electricity"
"OPEX";"Charging Infrastructure";"UK";"MCS Profit and Mark-Up";"Tractor-Trailer";"BAU";"%";2040;"0.1";"Sensitivity | Current Policies | Resale value";"Electricity"
"OPEX";"Charging Infrastructure";"DE";"CCS Station (Depot) - Incl. Overhead";"Rigid";"BAU";"EUR/kWh";2040;"0.024";"Sensitivity | Current Policies | Resale value";"Electricity"
"OPEX";"Charging Infrastructure";"DE";"CCS Station (Depot) - Incl. Overhead";"Tractor-Trailer";"BAU";"EUR/kWh";2040;"0.024";"Sensitivity | Current Policies | Resale value";"Electricity"
"OPEX";"Charging Infrastructure";"ES";"CCS Station (Depot) - Incl. Overhead";"Rigid";"BAU";"EUR/kWh";2040;"0.024";"Sensitivity | Current Policies | Resale value";"Electricity"
"OPEX";"Charging Infrastructure";"ES";"CCS Station (Depot) - Incl. Overhead";"Tractor-Trailer";"BAU";"EUR/kWh";2040;"0.024";"Sensitivity | Current Policies | Resale value";"Electricity"
"OPEX";"Charging Infrastructure";"FR";"CCS Station (Depot) - Incl. Overhead";"Rigid";"BAU";"EUR/kWh";2040;"0.024";"Sensitivity | Current Policies | Resale value";"Electricity"
"OPEX";"Charging Infrastructure";"FR";"CCS Station (Depot) - Incl. Overhead";"Tractor-Trailer";"BAU";"EUR/kWh";2040;"0.024";"Sensitivity | Current Policies | Resale value";"Electricity"
"OPEX";"Charging Infrastructure";"IT";"CCS Station (Depot) - Incl. Overhead";"Rigid";"BAU";"EUR/kWh";2040;"0.024";"Sensitivity | Current Policies | Resale value";"Electricity"
"OPEX";"Charging Infrastructure";"IT";"CCS Station (Depot) - Incl. Overhead";"Tractor-Trailer";"BAU";"EUR/kWh";2040;"0.024";"Sensitivity | Current Policies | Resale value";"Electricity"
"OPEX";"Charging Infrastructure";"NL";"CCS Station (Depot) - Incl. Overhead";"Rigid";"BAU";"EUR/kWh";2040;"0.024";"Sensitivity | Current Policies | Resale value";"Electricity"
"OPEX";"Charging Infrastructure";"NL";"CCS Station (Depot) - Incl. Overhead";"Tractor-Trailer";"BAU";"EUR/kWh";2040;"0.024";"Sensitivity | Current Policies | Resale value";"Electricity"
"OPEX";"Charging Infrastructure";"PL";"CCS Station (Depot) - Incl. Overhead";"Rigid";"BAU";"EUR/kWh";2040;"0.024";"Sensitivity | Current Policies | Resale value";"Electricity"
"OPEX";"Charging Infrastructure";"PL";"CCS Station (Depot) - Incl. Overhead";"Tractor-Trailer";"BAU";"EUR/kWh";2040;"0.024";"Sensitivity | Current Policies | Resale value";"Electricity"
"OPEX";"Charging Infrastructure";"UK";"CCS Station (Depot) - Incl. Overhead";"Rigid";"BAU";"EUR/kWh";2040;"0.024";"Sensitivity | Current Policies | Resale value";"Electricity"
"OPEX";"Charging Infrastructure";"UK";"CCS Station (Depot) - Incl. Overhead";"Tractor-Trailer";"BAU";"EUR/kWh";2040;"0.024";"Sensitivity | Current Policies | Resale value";"Electricity"
"OPEX";"Charging Infrastructure";"DE";"CCS grid extension";"Rigid";"BAU";"EUR/kWh";2040;"0.045";"Sensitivity | Current Policies | Resale value";"Electricity"
"OPEX";"Charging Infrastructure";"DE";"CCS grid extension";"Tractor-Trailer";"BAU";"EUR/kWh";2040;"0.045";"Sensitivity | Current Policies | Resale value";"Electricity"
"OPEX";"Charging Infrastructure";"ES";"CCS grid extension";"Rigid";"BAU";"EUR/kWh";2040;"0.045";"Sensitivity | Current Policies | Resale value";"Electricity"
"OPEX";"Charging Infrastructure";"ES";"CCS grid extension";"Tractor-Trailer";"BAU";"EUR/kWh";2040;"0.045";"Sensitivity | Current Policies | Resale value";"Electricity"
"OPEX";"Charging Infrastructure";"FR";"CCS grid extension";"Rigid";"BAU";"EUR/kWh";2040;"0.045";"Sensitivity | Current Policies | Resale value";"Electricity"
"OPEX";"Charging Infrastructure";"FR";"CCS grid extension";"Tractor-Trailer";"BAU";"EUR/kWh";2040;"0.045";"Sensitivity | Current Policies | Resale value";"Electricity"
"OPEX";"Charging Infrastructure";"IT";"CCS grid extension";"Rigid";"BAU";"EUR/kWh";2040;"0.045";"Sensitivity | Current Policies | Resale value";"Electricity"
"OPEX";"Charging Infrastructure";"IT";"CCS grid extension";"Tractor-Trailer";"BAU";"EUR/kWh";2040;"0.045";"Sensitivity | Current Policies | Resale value";"Electricity"
"OPEX";"Charging Infrastructure";"NL";"CCS grid extension";"Rigid";"BAU";"EUR/kWh";2040;"0.045";"Sensitivity | Current Policies | Resale value";"Electricity"
"OPEX";"Charging Infrastructure";"NL";"CCS grid extension";"Tractor-Trailer";"BAU";"EUR/kWh";2040;"0.045";"Sensitivity | Current Policies | Resale value";"Electricity"
"OPEX";"Charging Infrastructure";"PL";"CCS grid extension";"Rigid";"BAU";"EUR/kWh";2040;"0.045";"Sensitivity | Current Policies | Resale value";"Electricity"
"OPEX";"Charging Infrastructure";"PL";"CCS grid extension";"Tractor-Trailer";"BAU";"EUR/kWh";2040;"0.045";"Sensitivity | Current Policies | Resale value";"Electricity"
"OPEX";"Charging Infrastructure";"UK";"CCS grid extension";"Rigid";"BAU";"EUR/kWh";2040;"0.045";"Sensitivity | Current Policies | Resale value";"Electricity"
"OPEX";"Charging Infrastructure";"UK";"CCS grid extension";"Tractor-Trailer";"BAU";"EUR/kWh";2040;"0.045";"Sensitivity | Current Policies | Resale value";"Electricity"
"OPEX";"Diesel Infrastructure";"DE";"Total Diesel Mark-Up";"Rigid";"BAU";"EUR/kWh";2040;"0.018";"Sensitivity | Current Policies | Resale value";"Diesel"
"OPEX";"Diesel Infrastructure";"DE";"Total Diesel Mark-Up";"Tractor-Trailer";"BAU";"EUR/kWh";2040;"0.018";"Sensitivity | Current Policies | Resale value";"Diesel"
"OPEX";"Diesel Infrastructure";"ES";"Total Diesel Mark-Up";"Rigid";"BAU";"EUR/kWh";2040;"0.018";"Sensitivity | Current Policies | Resale value";"Diesel"
"OPEX";"Diesel Infrastructure";"ES";"Total Diesel Mark-Up";"Tractor-Trailer";"BAU";"EUR/kWh";2040;"0.018";"Sensitivity | Current Policies | Resale value";"Diesel"
"OPEX";"Diesel Infrastructure";"FR";"Total Diesel Mark-Up";"Rigid";"BAU";"EUR/kWh";2040;"0.018";"Sensitivity | Current Policies | Resale value";"Diesel"
"OPEX";"Diesel Infrastructure";"FR";"Total Diesel Mark-Up";"Tractor-Trailer";"BAU";"EUR/kWh";2040;"0.018";"Sensitivity | Current Policies | Resale value";"Diesel"
"OPEX";"Diesel Infrastructure";"IT";"Total Diesel Mark-Up";"Rigid";"BAU";"EUR/kWh";2040;"0.018";"Sensitivity | Current Policies | Resale value";"Diesel"
"OPEX";"Diesel Infrastructure";"IT";"Total Diesel Mark-Up";"Tractor-Trailer";"BAU";"EUR/kWh";2040;"0.018";"Sensitivity | Current Policies | Resale value";"Diesel"
"OPEX";"Diesel Infrastructure";"NL";"Total Diesel Mark-Up";"Rigid";"BAU";"EUR/kWh";2040;"0.018";"Sensitivity | Current Policies | Resale value";"Diesel"
"OPEX";"Diesel Infrastructure";"NL";"Total Diesel Mark-Up";"Tractor-Trailer";"BAU";"EUR/kWh";2040;"0.018";"Sensitivity | Current Policies | Resale value";"Diesel"
"OPEX";"Diesel Infrastructure";"PL";"Total Diesel Mark-Up";"Rigid";"BAU";"EUR/kWh";2040;"0.018";"Sensitivity | Current Policies | Resale value";"Diesel"
"OPEX";"Diesel Infrastructure";"PL";"Total Diesel Mark-Up";"Tractor-Trailer";"BAU";"EUR/kWh";2040;"0.018";"Sensitivity | Current Policies | Resale value";"Diesel"
"OPEX";"Diesel Infrastructure";"UK";"Total Diesel Mark-Up";"Rigid";"BAU";"EUR/kWh";2040;"0.018";"Sensitivity | Current Policies | Resale value";"Diesel"
"OPEX";"Diesel Infrastructure";"UK";"Total Diesel Mark-Up";"Tractor-Trailer";"BAU";"EUR/kWh";2040;"0.018";"Sensitivity | Current Policies | Resale value";"Diesel"
"OPEX";"Diesel Infrastructure";"DE";"CO2 emission factor Biodiesel";"Rigid";"BAU";"%";2040;"0.155";"Sensitivity | Current Policies | Resale value";"Diesel"
"OPEX";"Diesel Infrastructure";"DE";"CO2 emission factor Biodiesel";"Tractor-Trailer";"BAU";"%";2040;"0.155";"Sensitivity | Current Policies | Resale value";"Diesel"
"OPEX";"Diesel Infrastructure";"ES";"CO2 emission factor Biodiesel";"Rigid";"BAU";"%";2040;"0.155";"Sensitivity | Current Policies | Resale value";"Diesel"
"OPEX";"Diesel Infrastructure";"ES";"CO2 emission factor Biodiesel";"Tractor-Trailer";"BAU";"%";2040;"0.155";"Sensitivity | Current Policies | Resale value";"Diesel"
"OPEX";"Diesel Infrastructure";"FR";"CO2 emission factor Biodiesel";"Rigid";"BAU";"%";2040;"0.155";"Sensitivity | Current Policies | Resale value";"Diesel"
"OPEX";"Diesel Infrastructure";"FR";"CO2 emission factor Biodiesel";"Tractor-Trailer";"BAU";"%";2040;"0.155";"Sensitivity | Current Policies | Resale value";"Diesel"
"OPEX";"Diesel Infrastructure";"IT";"CO2 emission factor Biodiesel";"Rigid";"BAU";"%";2040;"0.155";"Sensitivity | Current Policies | Resale value";"Diesel"
"OPEX";"Diesel Infrastructure";"IT";"CO2 emission factor Biodiesel";"Tractor-Trailer";"BAU";"%";2040;"0.155";"Sensitivity | Current Policies | Resale value";"Diesel"
"OPEX";"Diesel Infrastructure";"NL";"CO2 emission factor Biodiesel";"Rigid";"BAU";"%";2040;"0.155";"Sensitivity | Current Policies | Resale value";"Diesel"
"OPEX";"Diesel Infrastructure";"NL";"CO2 emission factor Biodiesel";"Tractor-Trailer";"BAU";"%";2040;"0.155";"Sensitivity | Current Policies | Resale value";"Diesel"
"OPEX";"Diesel Infrastructure";"PL";"CO2 emission factor Biodiesel";"Rigid";"BAU";"%";2040;"0.155";"Sensitivity | Current Policies | Resale value";"Diesel"
"OPEX";"Diesel Infrastructure";"PL";"CO2 emission factor Biodiesel";"Tractor-Trailer";"BAU";"%";2040;"0.155";"Sensitivity | Current Policies | Resale value";"Diesel"
"OPEX";"Diesel Infrastructure";"UK";"CO2 emission factor Biodiesel";"Rigid";"BAU";"%";2040;"0.155";"Sensitivity | Current Policies | Resale value";"Diesel"
"OPEX";"Diesel Infrastructure";"UK";"CO2 emission factor Biodiesel";"Tractor-Trailer";"BAU";"%";2040;"0.155";"Sensitivity | Current Policies | Resale value";"Diesel"
"OPEX";"Diesel Infrastructure";"DE";"CO2 emission factor Pt-Diesel";"Rigid";"BAU";"%";2040;"0";"Sensitivity | Current Policies | Resale value";"Diesel"
"OPEX";"Diesel Infrastructure";"DE";"CO2 emission factor Pt-Diesel";"Tractor-Trailer";"BAU";"%";2040;"0";"Sensitivity | Current Policies | Resale value";"Diesel"
"OPEX";"Diesel Infrastructure";"ES";"CO2 emission factor Pt-Diesel";"Rigid";"BAU";"%";2040;"0";"Sensitivity | Current Policies | Resale value";"Diesel"
"OPEX";"Diesel Infrastructure";"ES";"CO2 emission factor Pt-Diesel";"Tractor-Trailer";"BAU";"%";2040;"0";"Sensitivity | Current Policies | Resale value";"Diesel"
"OPEX";"Diesel Infrastructure";"FR";"CO2 emission factor Pt-Diesel";"Rigid";"BAU";"%";2040;"0";"Sensitivity | Current Policies | Resale value";"Diesel"
"OPEX";"Diesel Infrastructure";"FR";"CO2 emission factor Pt-Diesel";"Tractor-Trailer";"BAU";"%";2040;"0";"Sensitivity | Current Policies | Resale value";"Diesel"
"OPEX";"Diesel Infrastructure";"IT";"CO2 emission factor Pt-Diesel";"Rigid";"BAU";"%";2040;"0";"Sensitivity | Current Policies | Resale value";"Diesel"
"OPEX";"Diesel Infrastructure";"IT";"CO2 emission factor Pt-Diesel";"Tractor-Trailer";"BAU";"%";2040;"0";"Sensitivity | Current Policies | Resale value";"Diesel"
"OPEX";"Diesel Infrastructure";"NL";"CO2 emission factor Pt-Diesel";"Rigid";"BAU";"%";2040;"0";"Sensitivity | Current Policies | Resale value";"Diesel"
"OPEX";"Diesel Infrastructure";"NL";"CO2 emission factor Pt-Diesel";"Tractor-Trailer";"BAU";"%";2040;"0";"Sensitivity | Current Policies | Resale value";"Diesel"
"OPEX";"Diesel Infrastructure";"PL";"CO2 emission factor Pt-Diesel";"Rigid";"BAU";"%";2040;"0";"Sensitivity | Current Policies | Resale value";"Diesel"
"OPEX";"Diesel Infrastructure";"PL";"CO2 emission factor Pt-Diesel";"Tractor-Trailer";"BAU";"%";2040;"0";"Sensitivity | Current Policies | Resale value";"Diesel"
"OPEX";"Diesel Infrastructure";"UK";"CO2 emission factor Pt-Diesel";"Rigid";"BAU";"%";2040;"0";"Sensitivity | Current Policies | Resale value";"Diesel"
"OPEX";"Diesel Infrastructure";"UK";"CO2 emission factor Pt-Diesel";"Tractor-Trailer";"BAU";"%";2040;"0";"Sensitivity | Current Policies | Resale value";"Diesel"
"OPEX";"Taxes";"DE";"Network Costs - MCS";"Rigid";"BAU";"EUR/kWh";2040;"0.034";"Sensitivity | Current Policies | Resale value";"Electricity"
"OPEX";"Taxes";"DE";"Network Costs - MCS";"Tractor-Trailer";"BAU";"EUR/kWh";2040;"0.034";"Sensitivity | Current Policies | Resale value";"Electricity"
"OPEX";"Taxes";"ES";"Network Costs - MCS";"Rigid";"BAU";"EUR/kWh";2040;"0.018";"Sensitivity | Current Policies | Resale value";"Electricity"
"OPEX";"Taxes";"ES";"Network Costs - MCS";"Tractor-Trailer";"BAU";"EUR/kWh";2040;"0.018";"Sensitivity | Current Policies | Resale value";"Electricity"
"OPEX";"Taxes";"FR";"Network Costs - MCS";"Rigid";"BAU";"EUR/kWh";2040;"0.018";"Sensitivity | Current Policies | Resale value";"Electricity"
"OPEX";"Taxes";"FR";"Network Costs - MCS";"Tractor-Trailer";"BAU";"EUR/kWh";2040;"0.018";"Sensitivity | Current Policies | Resale value";"Electricity"
"OPEX";"Taxes";"IT";"Network Costs - MCS";"Rigid";"BAU";"EUR/kWh";2040;"0.015";"Sensitivity | Current Policies | Resale value";"Electricity"
"OPEX";"Taxes";"IT";"Network Costs - MCS";"Tractor-Trailer";"BAU";"EUR/kWh";2040;"0.015";"Sensitivity | Current Policies | Resale value";"Electricity"
"OPEX";"Taxes";"NL";"Network Costs - MCS";"Rigid";"BAU";"EUR/kWh";2040;"0.016";"Sensitivity | Current Policies | Resale value";"Electricity"
"OPEX";"Taxes";"NL";"Network Costs - MCS";"Tractor-Trailer";"BAU";"EUR/kWh";2040;"0.016";"Sensitivity | Current Policies | Resale value";"Electricity"
"OPEX";"Taxes";"PL";"Network Costs - MCS";"Rigid";"BAU";"EUR/kWh";2040;"0.019";"Sensitivity | Current Policies | Resale value";"Electricity"
"OPEX";"Taxes";"PL";"Network Costs - MCS";"Tractor-Trailer";"BAU";"EUR/kWh";2040;"0.019";"Sensitivity | Current Policies | Resale value";"Electricity"
"OPEX";"Taxes";"UK";"Network Costs - MCS";"Rigid";"BAU";"EUR/kWh";2040;"0.027";"Sensitivity | Current Policies | Resale value";"Electricity"
"OPEX";"Taxes";"UK";"Network Costs - MCS";"Tractor-Trailer";"BAU";"EUR/kWh";2040;"0.027";"Sensitivity | Current Policies | Resale value";"Electricity"
"OPEX";"Taxes";"DE";"Taxes, Fees, Levies and charges - MCS";"Rigid";"BAU";"EUR/kWh";2040;"0.056";"Sensitivity | Current Policies | Resale value";"Electricity"
"OPEX";"Taxes";"DE";"Taxes, Fees, Levies and charges - MCS";"Tractor-Trailer";"BAU";"EUR/kWh";2040;"0.056";"Sensitivity | Current Policies | Resale value";"Electricity"
"OPEX";"Taxes";"ES";"Taxes, Fees, Levies and charges - MCS";"Rigid";"BAU";"EUR/kWh";2040;"0.036";"Sensitivity | Current Policies | Resale value";"Electricity"
"OPEX";"Taxes";"ES";"Taxes, Fees, Levies and charges - MCS";"Tractor-Trailer";"BAU";"EUR/kWh";2040;"0.036";"Sensitivity | Current Policies | Resale value";"Electricity"
"OPEX";"Taxes";"FR";"Taxes, Fees, Levies and charges - MCS";"Rigid";"BAU";"EUR/kWh";2040;"0.03";"Sensitivity | Current Policies | Resale value";"Electricity"
"OPEX";"Taxes";"FR";"Taxes, Fees, Levies and charges - MCS";"Tractor-Trailer";"BAU";"EUR/kWh";2040;"0.03";"Sensitivity | Current Policies | Resale value";"Electricity"
"OPEX";"Taxes";"IT";"Taxes, Fees, Levies and charges - MCS";"Rigid";"BAU";"EUR/kWh";2040;"0.062";"Sensitivity | Current Policies | Resale value";"Electricity"
"OPEX";"Taxes";"IT";"Taxes, Fees, Levies and charges - MCS";"Tractor-Trailer";"BAU";"EUR/kWh";2040;"0.062";"Sensitivity | Current Policies | Resale value";"Electricity"
"OPEX";"Taxes";"NL";"Taxes, Fees, Levies and charges - MCS";"Rigid";"BAU";"EUR/kWh";2040;"0.055";"Sensitivity | Current Policies | Resale value";"Electricity"
"OPEX";"Taxes";"NL";"Taxes, Fees, Levies and charges - MCS";"Tractor-Trailer";"BAU";"EUR/kWh";2040;"0.055";"Sensitivity | Current Policies | Resale value";"Electricity"
"OPEX";"Taxes";"PL";"Taxes, Fees, Levies and charges - MCS";"Rigid";"BAU";"EUR/kWh";2040;"0.049";"Sensitivity | Current Policies | Resale value";"Electricity"
"OPEX";"Taxes";"PL";"Taxes, Fees, Levies and charges - MCS";"Tractor-Trailer";"BAU";"EUR/kWh";2040;"0.049";"Sensitivity | Current Policies | Resale value";"Electricity"
"OPEX";"Taxes";"UK";"Taxes, Fees, Levies and charges - MCS";"Rigid";"BAU";"EUR/kWh";2040;"0.077";"Sensitivity | Current Policies | Resale value";"Electricity"
"OPEX";"Taxes";"UK";"Taxes, Fees, Levies and charges - MCS";"Tractor-Trailer";"BAU";"EUR/kWh";2040;"0.077";"Sensitivity | Current Policies | Resale value";"Electricity"
"OPEX";"Taxes";"DE";"Network Costs - Depot";"Rigid";"BAU";"EUR/kWh";2040;"0.034";"Sensitivity | Current Policies | Resale value";"Electricity"
"OPEX";"Taxes";"DE";"Network Costs - Depot";"Tractor-Trailer";"BAU";"EUR/kWh";2040;"0.034";"Sensitivity | Current Policies | Resale value";"Electricity"
"OPEX";"Taxes";"ES";"Network Costs - Depot";"Rigid";"BAU";"EUR/kWh";2040;"0.018";"Sensitivity | Current Policies | Resale value";"Electricity"
"OPEX";"Taxes";"ES";"Network Costs - Depot";"Tractor-Trailer";"BAU";"EUR/kWh";2040;"0.018";"Sensitivity | Current Policies | Resale value";"Electricity"
"OPEX";"Taxes";"FR";"Network Costs - Depot";"Rigid";"BAU";"EUR/kWh";2040;"0.018";"Sensitivity | Current Policies | Resale value";"Electricity"
"OPEX";"Taxes";"FR";"Network Costs - Depot";"Tractor-Trailer";"BAU";"EUR/kWh";2040;"0.018";"Sensitivity | Current Policies | Resale value";"Electricity"
"OPEX";"Taxes";"IT";"Network Costs - Depot";"Rigid";"BAU";"EUR/kWh";2040;"0.016";"Sensitivity | Current Policies | Resale value";"Electricity"
"OPEX";"Taxes";"IT";"Network Costs - Depot";"Tractor-Trailer";"BAU";"EUR/kWh";2040;"0.016";"Sensitivity | Current Policies | Resale value";"Electricity"
"OPEX";"Taxes";"NL";"Network Costs - Depot";"Rigid";"BAU";"EUR/kWh";2040;"0.016";"Sensitivity | Current Policies | Resale value";"Electricity"
"OPEX";"Taxes";"NL";"Network Costs - Depot";"Tractor-Trailer";"BAU";"EUR/kWh";2040;"0.016";"Sensitivity | Current Policies | Resale value";"Electricity"
"OPEX";"Taxes";"PL";"Network Costs - Depot";"Rigid";"BAU";"EUR/kWh";2040;"0.019";"Sensitivity | Current Policies | Resale value";"Electricity"
"OPEX";"Taxes";"PL";"Network Costs - Depot";"Tractor-Trailer";"BAU";"EUR/kWh";2040;"0.019";"Sensitivity | Current Policies | Resale value";"Electricity"
"OPEX";"Taxes";"UK";"Network Costs - Depot";"Rigid";"BAU";"EUR/kWh";2040;"0.027";"Sensitivity | Current Policies | Resale value";"Electricity"
"OPEX";"Taxes";"UK";"Network Costs - Depot";"Tractor-Trailer";"BAU";"EUR/kWh";2040;"0.027";"Sensitivity | Current Policies | Resale value";"Electricity"
"OPEX";"Taxes";"DE";"Taxes, Fees, Levies and charges - Depot";"Rigid";"BAU";"EUR/kWh";2040;"0.056";"Sensitivity | Current Policies | Resale value";"Electricity"
"OPEX";"Taxes";"DE";"Taxes, Fees, Levies and charges - Depot";"Tractor-Trailer";"BAU";"EUR/kWh";2040;"0.056";"Sensitivity | Current Policies | Resale value";"Electricity"
"OPEX";"Taxes";"ES";"Taxes, Fees, Levies and charges - Depot";"Rigid";"BAU";"EUR/kWh";2040;"0.036";"Sensitivity | Current Policies | Resale value";"Electricity"
"OPEX";"Taxes";"ES";"Taxes, Fees, Levies and charges - Depot";"Tractor-Trailer";"BAU";"EUR/kWh";2040;"0.036";"Sensitivity | Current Policies | Resale value";"Electricity"
"OPEX";"Taxes";"FR";"Taxes, Fees, Levies and charges - Depot";"Rigid";"BAU";"EUR/kWh";2040;"0.03";"Sensitivity | Current Policies | Resale value";"Electricity"
"OPEX";"Taxes";"FR";"Taxes, Fees, Levies and charges - Depot";"Tractor-Trailer";"BAU";"EUR/kWh";2040;"0.03";"Sensitivity | Current Policies | Resale value";"Electricity"
"OPEX";"Taxes";"IT";"Taxes, Fees, Levies and charges - Depot";"Rigid";"BAU";"EUR/kWh";2040;"0.063";"Sensitivity | Current Policies | Resale value";"Electricity"
"OPEX";"Taxes";"IT";"Taxes, Fees, Levies and charges - Depot";"Tractor-Trailer";"BAU";"EUR/kWh";2040;"0.063";"Sensitivity | Current Policies | Resale value";"Electricity"
"OPEX";"Taxes";"NL";"Taxes, Fees, Levies and charges - Depot";"Rigid";"BAU";"EUR/kWh";2040;"0.055";"Sensitivity | Current Policies | Resale value";"Electricity"
"OPEX";"Taxes";"NL";"Taxes, Fees, Levies and charges - Depot";"Tractor-Trailer";"BAU";"EUR/kWh";2040;"0.055";"Sensitivity | Current Policies | Resale value";"Electricity"
"OPEX";"Taxes";"PL";"Taxes, Fees, Levies and charges - Depot";"Rigid";"BAU";"EUR/kWh";2040;"0.049";"Sensitivity | Current Policies | Resale value";"Electricity"
"OPEX";"Taxes";"PL";"Taxes, Fees, Levies and charges - Depot";"Tractor-Trailer";"BAU";"EUR/kWh";2040;"0.049";"Sensitivity | Current Policies | Resale value";"Electricity"
"OPEX";"Taxes";"UK";"Taxes, Fees, Levies and charges - Depot";"Rigid";"BAU";"EUR/kWh";2040;"0.077";"Sensitivity | Current Policies | Resale value";"Electricity"
"OPEX";"Taxes";"UK";"Taxes, Fees, Levies and charges - Depot";"Tractor-Trailer";"BAU";"EUR/kWh";2040;"0.077";"Sensitivity | Current Policies | Resale value";"Electricity"
"OPEX";"H2 Infrastructure";"DE";"HRS costs";"Rigid";"BAU";"EUR/kg H2";2040;"1.2";"Sensitivity | Current Policies | Resale value";"Hydrogen"
"OPEX";"H2 Infrastructure";"DE";"HRS costs";"Tractor-Trailer";"BAU";"EUR/kg H2";2040;"1.2";"Sensitivity | Current Policies | Resale value";"Hydrogen"
"OPEX";"H2 Infrastructure";"ES";"HRS costs";"Rigid";"BAU";"EUR/kg H2";2040;"1.2";"Sensitivity | Current Policies | Resale value";"Hydrogen"
"OPEX";"H2 Infrastructure";"ES";"HRS costs";"Tractor-Trailer";"BAU";"EUR/kg H2";2040;"1.2";"Sensitivity | Current Policies | Resale value";"Hydrogen"
"OPEX";"H2 Infrastructure";"FR";"HRS costs";"Rigid";"BAU";"EUR/kg H2";2040;"1.2";"Sensitivity | Current Policies | Resale value";"Hydrogen"
"OPEX";"H2 Infrastructure";"FR";"HRS costs";"Tractor-Trailer";"BAU";"EUR/kg H2";2040;"1.2";"Sensitivity | Current Policies | Resale value";"Hydrogen"
"OPEX";"H2 Infrastructure";"IT";"HRS costs";"Rigid";"BAU";"EUR/kg H2";2040;"1.2";"Sensitivity | Current Policies | Resale value";"Hydrogen"
"OPEX";"H2 Infrastructure";"IT";"HRS costs";"Tractor-Trailer";"BAU";"EUR/kg H2";2040;"1.2";"Sensitivity | Current Policies | Resale value";"Hydrogen"
"OPEX";"H2 Infrastructure";"NL";"HRS costs";"Rigid";"BAU";"EUR/kg H2";2040;"1.2";"Sensitivity | Current Policies | Resale value";"Hydrogen"
"OPEX";"H2 Infrastructure";"NL";"HRS costs";"Tractor-Trailer";"BAU";"EUR/kg H2";2040;"1.2";"Sensitivity | Current Policies | Resale value";"Hydrogen"
"OPEX";"H2 Infrastructure";"PL";"HRS costs";"Rigid";"BAU";"EUR/kg H2";2040;"1.2";"Sensitivity | Current Policies | Resale value";"Hydrogen"
"OPEX";"H2 Infrastructure";"PL";"HRS costs";"Tractor-Trailer";"BAU";"EUR/kg H2";2040;"1.2";"Sensitivity | Current Policies | Resale value";"Hydrogen"
"OPEX";"H2 Infrastructure";"UK";"HRS costs";"Rigid";"BAU";"EUR/kg H2";2040;"1.2";"Sensitivity | Current Policies | Resale value";"Hydrogen"
"OPEX";"H2 Infrastructure";"UK";"HRS costs";"Tractor-Trailer";"BAU";"EUR/kg H2";2040;"1.2";"Sensitivity | Current Policies | Resale value";"Hydrogen"
"OPEX";"H2 Infrastructure";"DE";"H2 transport and distribution";"Rigid";"BAU";"EUR/kg H2";2040;"1.167";"Sensitivity | Current Policies | Resale value";"Hydrogen"
"OPEX";"H2 Infrastructure";"DE";"H2 transport and distribution";"Tractor-Trailer";"BAU";"EUR/kg H2";2040;"1.167";"Sensitivity | Current Policies | Resale value";"Hydrogen"
"OPEX";"H2 Infrastructure";"ES";"H2 transport and distribution";"Rigid";"BAU";"EUR/kg H2";2040;"1.167";"Sensitivity | Current Policies | Resale value";"Hydrogen"
"OPEX";"H2 Infrastructure";"ES";"H2 transport and distribution";"Tractor-Trailer";"BAU";"EUR/kg H2";2040;"1.167";"Sensitivity | Current Policies | Resale value";"Hydrogen"
"OPEX";"H2 Infrastructure";"FR";"H2 transport and distribution";"Rigid";"BAU";"EUR/kg H2";2040;"1.167";"Sensitivity | Current Policies | Resale value";"Hydrogen"
"OPEX";"H2 Infrastructure";"FR";"H2 transport and distribution";"Tractor-Trailer";"BAU";"EUR/kg H2";2040;"1.167";"Sensitivity | Current Policies | Resale value";"Hydrogen"
"OPEX";"H2 Infrastructure";"IT";"H2 transport and distribution";"Rigid";"BAU";"EUR/kg H2";2040;"1.167";"Sensitivity | Current Policies | Resale value";"Hydrogen"
"OPEX";"H2 Infrastructure";"IT";"H2 transport and distribution";"Tractor-Trailer";"BAU";"EUR/kg H2";2040;"1.167";"Sensitivity | Current Policies | Resale value";"Hydrogen"
"OPEX";"H2 Infrastructure";"NL";"H2 transport and distribution";"Rigid";"BAU";"EUR/kg H2";2040;"1.167";"Sensitivity | Current Policies | Resale value";"Hydrogen"
"OPEX";"H2 Infrastructure";"NL";"H2 transport and distribution";"Tractor-Trailer";"BAU";"EUR/kg H2";2040;"1.167";"Sensitivity | Current Policies | Resale value";"Hydrogen"
"OPEX";"H2 Infrastructure";"PL";"H2 transport and distribution";"Rigid";"BAU";"EUR/kg H2";2040;"1.167";"Sensitivity | Current Policies | Resale value";"Hydrogen"
"OPEX";"H2 Infrastructure";"PL";"H2 transport and distribution";"Tractor-Trailer";"BAU";"EUR/kg H2";2040;"1.167";"Sensitivity | Current Policies | Resale value";"Hydrogen"
"OPEX";"H2 Infrastructure";"UK";"H2 transport and distribution";"Rigid";"BAU";"EUR/kg H2";2040;"1.167";"Sensitivity | Current Policies | Resale value";"Hydrogen"
"OPEX";"H2 Infrastructure";"UK";"H2 transport and distribution";"Tractor-Trailer";"BAU";"EUR/kg H2";2040;"1.167";"Sensitivity | Current Policies | Resale value";"Hydrogen"
"OPEX";"H2 Infrastructure";"DE";"HRS Overhead, Profit and Mark-Up";"Rigid";"BAU";"EUR/kg H2";2040;"0.25";"Sensitivity | Current Policies | Resale value";"Hydrogen"
"OPEX";"H2 Infrastructure";"DE";"HRS Overhead, Profit and Mark-Up";"Tractor-Trailer";"BAU";"EUR/kg H2";2040;"0.25";"Sensitivity | Current Policies | Resale value";"Hydrogen"
"OPEX";"H2 Infrastructure";"ES";"HRS Overhead, Profit and Mark-Up";"Rigid";"BAU";"EUR/kg H2";2040;"0.25";"Sensitivity | Current Policies | Resale value";"Hydrogen"
"OPEX";"H2 Infrastructure";"ES";"HRS Overhead, Profit and Mark-Up";"Tractor-Trailer";"BAU";"EUR/kg H2";2040;"0.25";"Sensitivity | Current Policies | Resale value";"Hydrogen"
"OPEX";"H2 Infrastructure";"FR";"HRS Overhead, Profit and Mark-Up";"Rigid";"BAU";"EUR/kg H2";2040;"0.25";"Sensitivity | Current Policies | Resale value";"Hydrogen"
"OPEX";"H2 Infrastructure";"FR";"HRS Overhead, Profit and Mark-Up";"Tractor-Trailer";"BAU";"EUR/kg H2";2040;"0.25";"Sensitivity | Current Policies | Resale value";"Hydrogen"
"OPEX";"H2 Infrastructure";"IT";"HRS Overhead, Profit and Mark-Up";"Rigid";"BAU";"EUR/kg H2";2040;"0.25";"Sensitivity | Current Policies | Resale value";"Hydrogen"
"OPEX";"H2 Infrastructure";"IT";"HRS Overhead, Profit and Mark-Up";"Tractor-Trailer";"BAU";"EUR/kg H2";2040;"0.25";"Sensitivity | Current Policies | Resale value";"Hydrogen"
"OPEX";"H2 Infrastructure";"NL";"HRS Overhead, Profit and Mark-Up";"Rigid";"BAU";"EUR/kg H2";2040;"0.25";"Sensitivity | Current Policies | Resale value";"Hydrogen"
"OPEX";"H2 Infrastructure";"NL";"HRS Overhead, Profit and Mark-Up";"Tractor-Trailer";"BAU";"EUR/kg H2";2040;"0.25";"Sensitivity | Current Policies | Resale value";"Hydrogen"
"OPEX";"H2 Infrastructure";"PL";"HRS Overhead, Profit and Mark-Up";"Rigid";"BAU";"EUR/kg H2";2040;"0.25";"Sensitivity | Current Policies | Resale value";"Hydrogen"
"OPEX";"H2 Infrastructure";"PL";"HRS Overhead, Profit and Mark-Up";"Tractor-Trailer";"BAU";"EUR/kg H2";2040;"0.25";"Sensitivity | Current Policies | Resale value";"Hydrogen"
"OPEX";"H2 Infrastructure";"UK";"HRS Overhead, Profit and Mark-Up";"Rigid";"BAU";"EUR/kg H2";2040;"0.25";"Sensitivity | Current Policies | Resale value";"Hydrogen"
"OPEX";"H2 Infrastructure";"UK";"HRS Overhead, Profit and Mark-Up";"Tractor-Trailer";"BAU";"EUR/kg H2";2040;"0.25";"Sensitivity | Current Policies | Resale value";"Hydrogen"
"OPEX";"Charging Infrastructure";"DE";"MCS Station (Public Charging) - Incl. Overhead";"Rigid";"BAU";"EUR/kWh";2040;"0.043";"Sensitivity | Current Policies | Resale value";"Electricity"
"OPEX";"Charging Infrastructure";"DE";"MCS Station (Public Charging) - Incl. Overhead";"Tractor-Trailer";"BAU";"EUR/kWh";2040;"0.043";"Sensitivity | Current Policies | Resale value";"Electricity"
"OPEX";"Charging Infrastructure";"ES";"MCS Station (Public Charging) - Incl. Overhead";"Rigid";"BAU";"EUR/kWh";2040;"0.043";"Sensitivity | Current Policies | Resale value";"Electricity"
"OPEX";"Charging Infrastructure";"ES";"MCS Station (Public Charging) - Incl. Overhead";"Tractor-Trailer";"BAU";"EUR/kWh";2040;"0.043";"Sensitivity | Current Policies | Resale value";"Electricity"
"OPEX";"Charging Infrastructure";"FR";"MCS Station (Public Charging) - Incl. Overhead";"Rigid";"BAU";"EUR/kWh";2040;"0.043";"Sensitivity | Current Policies | Resale value";"Electricity"
"OPEX";"Charging Infrastructure";"FR";"MCS Station (Public Charging) - Incl. Overhead";"Tractor-Trailer";"BAU";"EUR/kWh";2040;"0.043";"Sensitivity | Current Policies | Resale value";"Electricity"
"OPEX";"Charging Infrastructure";"IT";"MCS Station (Public Charging) - Incl. Overhead";"Rigid";"BAU";"EUR/kWh";2040;"0.043";"Sensitivity | Current Policies | Resale value";"Electricity"
"OPEX";"Charging Infrastructure";"IT";"MCS Station (Public Charging) - Incl. Overhead";"Tractor-Trailer";"BAU";"EUR/kWh";2040;"0.043";"Sensitivity | Current Policies | Resale value";"Electricity"
"OPEX";"Charging Infrastructure";"NL";"MCS Station (Public Charging) - Incl. Overhead";"Rigid";"BAU";"EUR/kWh";2040;"0.043";"Sensitivity | Current Policies | Resale value";"Electricity"
"OPEX";"Charging Infrastructure";"NL";"MCS Station (Public Charging) - Incl. Overhead";"Tractor-Trailer";"BAU";"EUR/kWh";2040;"0.043";"Sensitivity | Current Policies | Resale value";"Electricity"
"OPEX";"Charging Infrastructure";"PL";"MCS Station (Public Charging) - Incl. Overhead";"Rigid";"BAU";"EUR/kWh";2040;"0.043";"Sensitivity | Current Policies | Resale value";"Electricity"
"OPEX";"Charging Infrastructure";"PL";"MCS Station (Public Charging) - Incl. Overhead";"Tractor-Trailer";"BAU";"EUR/kWh";2040;"0.043";"Sensitivity | Current Policies | Resale value";"Electricity"
"OPEX";"Charging Infrastructure";"UK";"MCS Station (Public Charging) - Incl. Overhead";"Rigid";"BAU";"EUR/kWh";2040;"0.043";"Sensitivity | Current Policies | Resale value";"Electricity"
"OPEX";"Charging Infrastructure";"UK";"MCS Station (Public Charging) - Incl. Overhead";"Tractor-Trailer";"BAU";"EUR/kWh";2040;"0.043";"Sensitivity | Current Policies | Resale value";"Electricity"
"OPEX";"Charging Infrastructure";"DE";"Share MCS-Charging";"Rigid";"BAU";"%";2040;"0.2";"Sensitivity | Current Policies | Resale value";"Electricity"
"OPEX";"Charging Infrastructure";"DE";"Share MCS-Charging";"Tractor-Trailer";"BAU";"%";2040;"0.2";"Sensitivity | Current Policies | Resale value";"Electricity"
"OPEX";"Charging Infrastructure";"ES";"Share MCS-Charging";"Rigid";"BAU";"%";2040;"0.2";"Sensitivity | Current Policies | Resale value";"Electricity"
"OPEX";"Charging Infrastructure";"ES";"Share MCS-Charging";"Tractor-Trailer";"BAU";"%";2040;"0.2";"Sensitivity | Current Policies | Resale value";"Electricity"
"OPEX";"Charging Infrastructure";"FR";"Share MCS-Charging";"Rigid";"BAU";"%";2040;"0.2";"Sensitivity | Current Policies | Resale value";"Electricity"
"OPEX";"Charging Infrastructure";"FR";"Share MCS-Charging";"Tractor-Trailer";"BAU";"%";2040;"0.2";"Sensitivity | Current Policies | Resale value";"Electricity"
"OPEX";"Charging Infrastructure";"IT";"Share MCS-Charging";"Rigid";"BAU";"%";2040;"0.2";"Sensitivity | Current Policies | Resale value";"Electricity"
"OPEX";"Charging Infrastructure";"IT";"Share MCS-Charging";"Tractor-Trailer";"BAU";"%";2040;"0.2";"Sensitivity | Current Policies | Resale value";"Electricity"
"OPEX";"Charging Infrastructure";"NL";"Share MCS-Charging";"Rigid";"BAU";"%";2040;"0.2";"Sensitivity | Current Policies | Resale value";"Electricity"
"OPEX";"Charging Infrastructure";"NL";"Share MCS-Charging";"Tractor-Trailer";"BAU";"%";2040;"0.2";"Sensitivity | Current Policies | Resale value";"Electricity"
"OPEX";"Charging Infrastructure";"PL";"Share MCS-Charging";"Rigid";"BAU";"%";2040;"0.2";"Sensitivity | Current Policies | Resale value";"Electricity"
"OPEX";"Charging Infrastructure";"PL";"Share MCS-Charging";"Tractor-Trailer";"BAU";"%";2040;"0.2";"Sensitivity | Current Policies | Resale value";"Electricity"
"OPEX";"Charging Infrastructure";"UK";"Share MCS-Charging";"Rigid";"BAU";"%";2040;"0.2";"Sensitivity | Current Policies | Resale value";"Electricity"
"OPEX";"Charging Infrastructure";"UK";"Share MCS-Charging";"Tractor-Trailer";"BAU";"%";2040;"0.2";"Sensitivity | Current Policies | Resale value";"Electricity"
"OPEX";"Charging Infrastructure";"DE";"Depot - Network fees savings potential";"Rigid";"BAU";"EUR/kWh";2040;"0";"Sensitivity | Current Policies | Resale value";"Electricity"
"OPEX";"Charging Infrastructure";"DE";"Depot - Network fees savings potential";"Tractor-Trailer";"BAU";"EUR/kWh";2040;"0";"Sensitivity | Current Policies | Resale value";"Electricity"
"OPEX";"Charging Infrastructure";"ES";"Depot - Network fees savings potential";"Rigid";"BAU";"EUR/kWh";2040;"0";"Sensitivity | Current Policies | Resale value";"Electricity"
"OPEX";"Charging Infrastructure";"ES";"Depot - Network fees savings potential";"Tractor-Trailer";"BAU";"EUR/kWh";2040;"0";"Sensitivity | Current Policies | Resale value";"Electricity"
"OPEX";"Charging Infrastructure";"FR";"Depot - Network fees savings potential";"Rigid";"BAU";"EUR/kWh";2040;"0";"Sensitivity | Current Policies | Resale value";"Electricity"
"OPEX";"Charging Infrastructure";"FR";"Depot - Network fees savings potential";"Tractor-Trailer";"BAU";"EUR/kWh";2040;"0";"Sensitivity | Current Policies | Resale value";"Electricity"
"OPEX";"Charging Infrastructure";"IT";"Depot - Network fees savings potential";"Rigid";"BAU";"EUR/kWh";2040;"0";"Sensitivity | Current Policies | Resale value";"Electricity"
"OPEX";"Charging Infrastructure";"IT";"Depot - Network fees savings potential";"Tractor-Trailer";"BAU";"EUR/kWh";2040;"0";"Sensitivity | Current Policies | Resale value";"Electricity"
"OPEX";"Charging Infrastructure";"NL";"Depot - Network fees savings potential";"Rigid";"BAU";"EUR/kWh";2040;"0";"Sensitivity | Current Policies | Resale value";"Electricity"
"OPEX";"Charging Infrastructure";"NL";"Depot - Network fees savings potential";"Tractor-Trailer";"BAU";"EUR/kWh";2040;"0";"Sensitivity | Current Policies | Resale value";"Electricity"
"OPEX";"Charging Infrastructure";"PL";"Depot - Network fees savings potential";"Rigid";"BAU";"EUR/kWh";2040;"0";"Sensitivity | Current Policies | Resale value";"Electricity"
"OPEX";"Charging Infrastructure";"PL";"Depot - Network fees savings potential";"Tractor-Trailer";"BAU";"EUR/kWh";2040;"0";"Sensitivity | Current Policies | Resale value";"Electricity"
"OPEX";"Charging Infrastructure";"UK";"Depot - Network fees savings potential";"Rigid";"BAU";"EUR/kWh";2040;"0";"Sensitivity | Current Policies | Resale value";"Electricity"
"OPEX";"Charging Infrastructure";"UK";"Depot - Network fees savings potential";"Tractor-Trailer";"BAU";"EUR/kWh";2040;"0";"Sensitivity | Current Policies | Resale value";"Electricity"
"OPEX";"Taxes";"DE";"Tax reduction";"Rigid";"BAU";"%";2040;"0";"Sensitivity | Current Policies | Resale value";"Hydrogen"
"OPEX";"Taxes";"DE";"Tax reduction";"Tractor-Trailer";"BAU";"%";2040;"0";"Sensitivity | Current Policies | Resale value";"Hydrogen"
"OPEX";"Taxes";"ES";"Tax reduction";"Rigid";"BAU";"%";2040;"0";"Sensitivity | Current Policies | Resale value";"Hydrogen"
"OPEX";"Taxes";"ES";"Tax reduction";"Tractor-Trailer";"BAU";"%";2040;"0";"Sensitivity | Current Policies | Resale value";"Hydrogen"
"OPEX";"Taxes";"FR";"Tax reduction";"Rigid";"BAU";"%";2040;"0";"Sensitivity | Current Policies | Resale value";"Hydrogen"
"OPEX";"Taxes";"FR";"Tax reduction";"Tractor-Trailer";"BAU";"%";2040;"0";"Sensitivity | Current Policies | Resale value";"Hydrogen"
"OPEX";"Taxes";"IT";"Tax reduction";"Rigid";"BAU";"%";2040;"0";"Sensitivity | Current Policies | Resale value";"Hydrogen"
"OPEX";"Taxes";"IT";"Tax reduction";"Tractor-Trailer";"BAU";"%";2040;"0";"Sensitivity | Current Policies | Resale value";"Hydrogen"
"OPEX";"Taxes";"NL";"Tax reduction";"Rigid";"BAU";"%";2040;"0";"Sensitivity | Current Policies | Resale value";"Hydrogen"
"OPEX";"Taxes";"NL";"Tax reduction";"Tractor-Trailer";"BAU";"%";2040;"0";"Sensitivity | Current Policies | Resale value";"Hydrogen"
"OPEX";"Taxes";"PL";"Tax reduction";"Rigid";"BAU";"%";2040;"0";"Sensitivity | Current Policies | Resale value";"Hydrogen"
"OPEX";"Taxes";"PL";"Tax reduction";"Tractor-Trailer";"BAU";"%";2040;"0";"Sensitivity | Current Policies | Resale value";"Hydrogen"
"OPEX";"Taxes";"UK";"Tax reduction";"Rigid";"BAU";"%";2040;"0";"Sensitivity | Current Policies | Resale value";"Hydrogen"
"OPEX";"Taxes";"UK";"Tax reduction";"Tractor-Trailer";"BAU";"%";2040;"0";"Sensitivity | Current Policies | Resale value";"Hydrogen"
"OPEX";"Taxes";"DE";"Increasing grid fees";"Rigid";"BAU";"%";2040;"0.333";"Sensitivity | Current Policies | Resale value";"Electricity"
"OPEX";"Taxes";"DE";"Increasing grid fees";"Tractor-Trailer";"BAU";"%";2040;"0.333";"Sensitivity | Current Policies | Resale value";"Electricity"
"OPEX";"Taxes";"ES";"Increasing grid fees";"Rigid";"BAU";"%";2040;"0.333";"Sensitivity | Current Policies | Resale value";"Electricity"
"OPEX";"Taxes";"ES";"Increasing grid fees";"Tractor-Trailer";"BAU";"%";2040;"0.333";"Sensitivity | Current Policies | Resale value";"Electricity"
"OPEX";"Taxes";"FR";"Increasing grid fees";"Rigid";"BAU";"%";2040;"0.333";"Sensitivity | Current Policies | Resale value";"Electricity"
"OPEX";"Taxes";"FR";"Increasing grid fees";"Tractor-Trailer";"BAU";"%";2040;"0.333";"Sensitivity | Current Policies | Resale value";"Electricity"
"OPEX";"Taxes";"IT";"Increasing grid fees";"Rigid";"BAU";"%";2040;"0.333";"Sensitivity | Current Policies | Resale value";"Electricity"
"OPEX";"Taxes";"IT";"Increasing grid fees";"Tractor-Trailer";"BAU";"%";2040;"0.333";"Sensitivity | Current Policies | Resale value";"Electricity"
"OPEX";"Taxes";"NL";"Increasing grid fees";"Rigid";"BAU";"%";2040;"0.333";"Sensitivity | Current Policies | Resale value";"Electricity"
"OPEX";"Taxes";"NL";"Increasing grid fees";"Tractor-Trailer";"BAU";"%";2040;"0.333";"Sensitivity | Current Policies | Resale value";"Electricity"
"OPEX";"Taxes";"PL";"Increasing grid fees";"Rigid";"BAU";"%";2040;"0.333";"Sensitivity | Current Policies | Resale value";"Electricity"
"OPEX";"Taxes";"PL";"Increasing grid fees";"Tractor-Trailer";"BAU";"%";2040;"0.333";"Sensitivity | Current Policies | Resale value";"Electricity"
"OPEX";"Taxes";"UK";"Increasing grid fees";"Rigid";"BAU";"%";2040;"0.333";"Sensitivity | Current Policies | Resale value";"Electricity"
"OPEX";"Taxes";"UK";"Increasing grid fees";"Tractor-Trailer";"BAU";"%";2040;"0.333";"Sensitivity | Current Policies | Resale value";"Electricity"
"OPEX";"Taxes";"DE";"Excise Duty - Diesel";"Rigid";"BAU";"EUR/kWh";2045;"0.047";"Sensitivity | Current Policies | Resale value";"Diesel"
"OPEX";"Taxes";"DE";"Excise Duty - Diesel";"Tractor-Trailer";"BAU";"EUR/kWh";2045;"0.047";"Sensitivity | Current Policies | Resale value";"Diesel"
"OPEX";"Taxes";"ES";"Excise Duty - Diesel";"Rigid";"BAU";"EUR/kWh";2045;"0.038";"Sensitivity | Current Policies | Resale value";"Diesel"
"OPEX";"Taxes";"ES";"Excise Duty - Diesel";"Tractor-Trailer";"BAU";"EUR/kWh";2045;"0.038";"Sensitivity | Current Policies | Resale value";"Diesel"
"OPEX";"Taxes";"FR";"Excise Duty - Diesel";"Rigid";"BAU";"EUR/kWh";2045;"0.06";"Sensitivity | Current Policies | Resale value";"Diesel"
"OPEX";"Taxes";"FR";"Excise Duty - Diesel";"Tractor-Trailer";"BAU";"EUR/kWh";2045;"0.06";"Sensitivity | Current Policies | Resale value";"Diesel"
"OPEX";"Taxes";"IT";"Excise Duty - Diesel";"Rigid";"BAU";"EUR/kWh";2045;"0.062";"Sensitivity | Current Policies | Resale value";"Diesel"
"OPEX";"Taxes";"IT";"Excise Duty - Diesel";"Tractor-Trailer";"BAU";"EUR/kWh";2045;"0.062";"Sensitivity | Current Policies | Resale value";"Diesel"
"OPEX";"Taxes";"NL";"Excise Duty - Diesel";"Rigid";"BAU";"EUR/kWh";2045;"0.053";"Sensitivity | Current Policies | Resale value";"Diesel"
"OPEX";"Taxes";"NL";"Excise Duty - Diesel";"Tractor-Trailer";"BAU";"EUR/kWh";2045;"0.053";"Sensitivity | Current Policies | Resale value";"Diesel"
"OPEX";"Taxes";"PL";"Excise Duty - Diesel";"Rigid";"BAU";"EUR/kWh";2045;"0.033";"Sensitivity | Current Policies | Resale value";"Diesel"
"OPEX";"Taxes";"PL";"Excise Duty - Diesel";"Tractor-Trailer";"BAU";"EUR/kWh";2045;"0.033";"Sensitivity | Current Policies | Resale value";"Diesel"
"OPEX";"Taxes";"UK";"Excise Duty - Diesel";"Rigid";"BAU";"EUR/kWh";2045;"0.053";"Sensitivity | Current Policies | Resale value";"Diesel"
"OPEX";"Taxes";"UK";"Excise Duty - Diesel";"Tractor-Trailer";"BAU";"EUR/kWh";2045;"0.053";"Sensitivity | Current Policies | Resale value";"Diesel"
"OPEX";"Taxes";"DE";"Excise Duty - Reduction biodiesel";"Rigid";"BAU";"%";2045;"0.5";"Sensitivity | Current Policies | Resale value";"Diesel"
"OPEX";"Taxes";"DE";"Excise Duty - Reduction biodiesel";"Tractor-Trailer";"BAU";"%";2045;"0.5";"Sensitivity | Current Policies | Resale value";"Diesel"
"OPEX";"Taxes";"ES";"Excise Duty - Reduction biodiesel";"Rigid";"BAU";"%";2045;"0.5";"Sensitivity | Current Policies | Resale value";"Diesel"
"OPEX";"Taxes";"ES";"Excise Duty - Reduction biodiesel";"Tractor-Trailer";"BAU";"%";2045;"0.5";"Sensitivity | Current Policies | Resale value";"Diesel"
"OPEX";"Taxes";"FR";"Excise Duty - Reduction biodiesel";"Rigid";"BAU";"%";2045;"0.5";"Sensitivity | Current Policies | Resale value";"Diesel"
"OPEX";"Taxes";"FR";"Excise Duty - Reduction biodiesel";"Tractor-Trailer";"BAU";"%";2045;"0.5";"Sensitivity | Current Policies | Resale value";"Diesel"
"OPEX";"Taxes";"IT";"Excise Duty - Reduction biodiesel";"Rigid";"BAU";"%";2045;"0.5";"Sensitivity | Current Policies | Resale value";"Diesel"
"OPEX";"Taxes";"IT";"Excise Duty - Reduction biodiesel";"Tractor-Trailer";"BAU";"%";2045;"0.5";"Sensitivity | Current Policies | Resale value";"Diesel"
"OPEX";"Taxes";"NL";"Excise Duty - Reduction biodiesel";"Rigid";"BAU";"%";2045;"0.5";"Sensitivity | Current Policies | Resale value";"Diesel"
"OPEX";"Taxes";"NL";"Excise Duty - Reduction biodiesel";"Tractor-Trailer";"BAU";"%";2045;"0.5";"Sensitivity | Current Policies | Resale value";"Diesel"
"OPEX";"Taxes";"PL";"Excise Duty - Reduction biodiesel";"Rigid";"BAU";"%";2045;"0.5";"Sensitivity | Current Policies | Resale value";"Diesel"
"OPEX";"Taxes";"PL";"Excise Duty - Reduction biodiesel";"Tractor-Trailer";"BAU";"%";2045;"0.5";"Sensitivity | Current Policies | Resale value";"Diesel"
"OPEX";"Taxes";"UK";"Excise Duty - Reduction biodiesel";"Rigid";"BAU";"%";2045;"0.5";"Sensitivity | Current Policies | Resale value";"Diesel"
"OPEX";"Taxes";"UK";"Excise Duty - Reduction biodiesel";"Tractor-Trailer";"BAU";"%";2045;"0.5";"Sensitivity | Current Policies | Resale value";"Diesel"
"OPEX";"Taxes";"DE";"Excise Duty - Reduction Synthetic Diesel (E-Fuels)";"Rigid";"BAU";"%";2045;"0.5";"Sensitivity | Current Policies | Resale value";"Diesel"
"OPEX";"Taxes";"DE";"Excise Duty - Reduction Synthetic Diesel (E-Fuels)";"Tractor-Trailer";"BAU";"%";2045;"0.5";"Sensitivity | Current Policies | Resale value";"Diesel"
"OPEX";"Taxes";"ES";"Excise Duty - Reduction Synthetic Diesel (E-Fuels)";"Rigid";"BAU";"%";2045;"0.5";"Sensitivity | Current Policies | Resale value";"Diesel"
"OPEX";"Taxes";"ES";"Excise Duty - Reduction Synthetic Diesel (E-Fuels)";"Tractor-Trailer";"BAU";"%";2045;"0.5";"Sensitivity | Current Policies | Resale value";"Diesel"
"OPEX";"Taxes";"FR";"Excise Duty - Reduction Synthetic Diesel (E-Fuels)";"Rigid";"BAU";"%";2045;"0.5";"Sensitivity | Current Policies | Resale value";"Diesel"
"OPEX";"Taxes";"FR";"Excise Duty - Reduction Synthetic Diesel (E-Fuels)";"Tractor-Trailer";"BAU";"%";2045;"0.5";"Sensitivity | Current Policies | Resale value";"Diesel"
"OPEX";"Taxes";"IT";"Excise Duty - Reduction Synthetic Diesel (E-Fuels)";"Rigid";"BAU";"%";2045;"0.5";"Sensitivity | Current Policies | Resale value";"Diesel"
"OPEX";"Taxes";"IT";"Excise Duty - Reduction Synthetic Diesel (E-Fuels)";"Tractor-Trailer";"BAU";"%";2045;"0.5";"Sensitivity | Current Policies | Resale value";"Diesel"
"OPEX";"Taxes";"NL";"Excise Duty - Reduction Synthetic Diesel (E-Fuels)";"Rigid";"BAU";"%";2045;"0.5";"Sensitivity | Current Policies | Resale value";"Diesel"
"OPEX";"Taxes";"NL";"Excise Duty - Reduction Synthetic Diesel (E-Fuels)";"Tractor-Trailer";"BAU";"%";2045;"0.5";"Sensitivity | Current Policies | Resale value";"Diesel"
"OPEX";"Taxes";"PL";"Excise Duty - Reduction Synthetic Diesel (E-Fuels)";"Rigid";"BAU";"%";2045;"0.5";"Sensitivity | Current Policies | Resale value";"Diesel"
"OPEX";"Taxes";"PL";"Excise Duty - Reduction Synthetic Diesel (E-Fuels)";"Tractor-Trailer";"BAU";"%";2045;"0.5";"Sensitivity | Current Policies | Resale value";"Diesel"
"OPEX";"Taxes";"UK";"Excise Duty - Reduction Synthetic Diesel (E-Fuels)";"Rigid";"BAU";"%";2045;"0.5";"Sensitivity | Current Policies | Resale value";"Diesel"
"OPEX";"Taxes";"UK";"Excise Duty - Reduction Synthetic Diesel (E-Fuels)";"Tractor-Trailer";"BAU";"%";2045;"0.5";"Sensitivity | Current Policies | Resale value";"Diesel"
"OPEX";"Taxes";"DE";"Taxes, Fees, Levies and charges - H2";"Rigid";"BAU";"EUR/kWh";2045;"0.015";"Sensitivity | Current Policies | Resale value";"Hydrogen"
"OPEX";"Taxes";"DE";"Taxes, Fees, Levies and charges - H2";"Tractor-Trailer";"BAU";"EUR/kWh";2045;"0.015";"Sensitivity | Current Policies | Resale value";"Hydrogen"
"OPEX";"Taxes";"ES";"Taxes, Fees, Levies and charges - H2";"Rigid";"BAU";"EUR/kWh";2045;"0.008";"Sensitivity | Current Policies | Resale value";"Hydrogen"
"OPEX";"Taxes";"ES";"Taxes, Fees, Levies and charges - H2";"Tractor-Trailer";"BAU";"EUR/kWh";2045;"0.008";"Sensitivity | Current Policies | Resale value";"Hydrogen"
"OPEX";"Taxes";"FR";"Taxes, Fees, Levies and charges - H2";"Rigid";"BAU";"EUR/kWh";2045;"0.012";"Sensitivity | Current Policies | Resale value";"Hydrogen"
"OPEX";"Taxes";"FR";"Taxes, Fees, Levies and charges - H2";"Tractor-Trailer";"BAU";"EUR/kWh";2045;"0.012";"Sensitivity | Current Policies | Resale value";"Hydrogen"
"OPEX";"Taxes";"IT";"Taxes, Fees, Levies and charges - H2";"Rigid";"BAU";"EUR/kWh";2045;"0.009";"Sensitivity | Current Policies | Resale value";"Hydrogen"
"OPEX";"Taxes";"IT";"Taxes, Fees, Levies and charges - H2";"Tractor-Trailer";"BAU";"EUR/kWh";2045;"0.009";"Sensitivity | Current Policies | Resale value";"Hydrogen"
"OPEX";"Taxes";"NL";"Taxes, Fees, Levies and charges - H2";"Rigid";"BAU";"EUR/kWh";2045;"0.024";"Sensitivity | Current Policies | Resale value";"Hydrogen"
"OPEX";"Taxes";"NL";"Taxes, Fees, Levies and charges - H2";"Tractor-Trailer";"BAU";"EUR/kWh";2045;"0.024";"Sensitivity | Current Policies | Resale value";"Hydrogen"
"OPEX";"Taxes";"PL";"Taxes, Fees, Levies and charges - H2";"Rigid";"BAU";"EUR/kWh";2045;"0.009";"Sensitivity | Current Policies | Resale value";"Hydrogen"
"OPEX";"Taxes";"PL";"Taxes, Fees, Levies and charges - H2";"Tractor-Trailer";"BAU";"EUR/kWh";2045;"0.009";"Sensitivity | Current Policies | Resale value";"Hydrogen"
"OPEX";"Taxes";"UK";"Taxes, Fees, Levies and charges - H2";"Rigid";"BAU";"EUR/kWh";2045;"0.006";"Sensitivity | Current Policies | Resale value";"Hydrogen"
"OPEX";"Taxes";"UK";"Taxes, Fees, Levies and charges - H2";"Tractor-Trailer";"BAU";"EUR/kWh";2045;"0.006";"Sensitivity | Current Policies | Resale value";"Hydrogen"
"OPEX";"Charging Infrastructure";"DE";"MCS grid extension";"Rigid";"BAU";"EUR/kWh";2045;"0.045";"Sensitivity | Current Policies | Resale value";"Electricity"
"OPEX";"Charging Infrastructure";"DE";"MCS grid extension";"Tractor-Trailer";"BAU";"EUR/kWh";2045;"0.045";"Sensitivity | Current Policies | Resale value";"Electricity"
"OPEX";"Charging Infrastructure";"ES";"MCS grid extension";"Rigid";"BAU";"EUR/kWh";2045;"0.045";"Sensitivity | Current Policies | Resale value";"Electricity"
"OPEX";"Charging Infrastructure";"ES";"MCS grid extension";"Tractor-Trailer";"BAU";"EUR/kWh";2045;"0.045";"Sensitivity | Current Policies | Resale value";"Electricity"
"OPEX";"Charging Infrastructure";"FR";"MCS grid extension";"Rigid";"BAU";"EUR/kWh";2045;"0.045";"Sensitivity | Current Policies | Resale value";"Electricity"
"OPEX";"Charging Infrastructure";"FR";"MCS grid extension";"Tractor-Trailer";"BAU";"EUR/kWh";2045;"0.045";"Sensitivity | Current Policies | Resale value";"Electricity"
"OPEX";"Charging Infrastructure";"IT";"MCS grid extension";"Rigid";"BAU";"EUR/kWh";2045;"0.045";"Sensitivity | Current Policies | Resale value";"Electricity"
"OPEX";"Charging Infrastructure";"IT";"MCS grid extension";"Tractor-Trailer";"BAU";"EUR/kWh";2045;"0.045";"Sensitivity | Current Policies | Resale value";"Electricity"
"OPEX";"Charging Infrastructure";"NL";"MCS grid extension";"Rigid";"BAU";"EUR/kWh";2045;"0.045";"Sensitivity | Current Policies | Resale value";"Electricity"
"OPEX";"Charging Infrastructure";"NL";"MCS grid extension";"Tractor-Trailer";"BAU";"EUR/kWh";2045;"0.045";"Sensitivity | Current Policies | Resale value";"Electricity"
"OPEX";"Charging Infrastructure";"PL";"MCS grid extension";"Rigid";"BAU";"EUR/kWh";2045;"0.045";"Sensitivity | Current Policies | Resale value";"Electricity"
"OPEX";"Charging Infrastructure";"PL";"MCS grid extension";"Tractor-Trailer";"BAU";"EUR/kWh";2045;"0.045";"Sensitivity | Current Policies | Resale value";"Electricity"
"OPEX";"Charging Infrastructure";"UK";"MCS grid extension";"Rigid";"BAU";"EUR/kWh";2045;"0.045";"Sensitivity | Current Policies | Resale value";"Electricity"
"OPEX";"Charging Infrastructure";"UK";"MCS grid extension";"Tractor-Trailer";"BAU";"EUR/kWh";2045;"0.045";"Sensitivity | Current Policies | Resale value";"Electricity"
"OPEX";"Charging Infrastructure";"DE";"MCS Profit and Mark-Up";"Rigid";"BAU";"%";2045;"0.1";"Sensitivity | Current Policies | Resale value";"Electricity"
"OPEX";"Charging Infrastructure";"DE";"MCS Profit and Mark-Up";"Tractor-Trailer";"BAU";"%";2045;"0.1";"Sensitivity | Current Policies | Resale value";"Electricity"
"OPEX";"Charging Infrastructure";"ES";"MCS Profit and Mark-Up";"Rigid";"BAU";"%";2045;"0.1";"Sensitivity | Current Policies | Resale value";"Electricity"
"OPEX";"Charging Infrastructure";"ES";"MCS Profit and Mark-Up";"Tractor-Trailer";"BAU";"%";2045;"0.1";"Sensitivity | Current Policies | Resale value";"Electricity"
"OPEX";"Charging Infrastructure";"FR";"MCS Profit and Mark-Up";"Rigid";"BAU";"%";2045;"0.1";"Sensitivity | Current Policies | Resale value";"Electricity"
"OPEX";"Charging Infrastructure";"FR";"MCS Profit and Mark-Up";"Tractor-Trailer";"BAU";"%";2045;"0.1";"Sensitivity | Current Policies | Resale value";"Electricity"
"OPEX";"Charging Infrastructure";"IT";"MCS Profit and Mark-Up";"Rigid";"BAU";"%";2045;"0.1";"Sensitivity | Current Policies | Resale value";"Electricity"
"OPEX";"Charging Infrastructure";"IT";"MCS Profit and Mark-Up";"Tractor-Trailer";"BAU";"%";2045;"0.1";"Sensitivity | Current Policies | Resale value";"Electricity"
"OPEX";"Charging Infrastructure";"NL";"MCS Profit and Mark-Up";"Rigid";"BAU";"%";2045;"0.1";"Sensitivity | Current Policies | Resale value";"Electricity"
"OPEX";"Charging Infrastructure";"NL";"MCS Profit and Mark-Up";"Tractor-Trailer";"BAU";"%";2045;"0.1";"Sensitivity | Current Policies | Resale value";"Electricity"
"OPEX";"Charging Infrastructure";"PL";"MCS Profit and Mark-Up";"Rigid";"BAU";"%";2045;"0.1";"Sensitivity | Current Policies | Resale value";"Electricity"
"OPEX";"Charging Infrastructure";"PL";"MCS Profit and Mark-Up";"Tractor-Trailer";"BAU";"%";2045;"0.1";"Sensitivity | Current Policies | Resale value";"Electricity"
"OPEX";"Charging Infrastructure";"UK";"MCS Profit and Mark-Up";"Rigid";"BAU";"%";2045;"0.1";"Sensitivity | Current Policies | Resale value";"Electricity"
"OPEX";"Charging Infrastructure";"UK";"MCS Profit and Mark-Up";"Tractor-Trailer";"BAU";"%";2045;"0.1";"Sensitivity | Current Policies | Resale value";"Electricity"
"OPEX";"Charging Infrastructure";"DE";"CCS Station (Depot) - Incl. Overhead";"Rigid";"BAU";"EUR/kWh";2045;"0.021";"Sensitivity | Current Policies | Resale value";"Electricity"
"OPEX";"Charging Infrastructure";"DE";"CCS Station (Depot) - Incl. Overhead";"Tractor-Trailer";"BAU";"EUR/kWh";2045;"0.021";"Sensitivity | Current Policies | Resale value";"Electricity"
"OPEX";"Charging Infrastructure";"ES";"CCS Station (Depot) - Incl. Overhead";"Rigid";"BAU";"EUR/kWh";2045;"0.021";"Sensitivity | Current Policies | Resale value";"Electricity"
"OPEX";"Charging Infrastructure";"ES";"CCS Station (Depot) - Incl. Overhead";"Tractor-Trailer";"BAU";"EUR/kWh";2045;"0.021";"Sensitivity | Current Policies | Resale value";"Electricity"
"OPEX";"Charging Infrastructure";"FR";"CCS Station (Depot) - Incl. Overhead";"Rigid";"BAU";"EUR/kWh";2045;"0.021";"Sensitivity | Current Policies | Resale value";"Electricity"
"OPEX";"Charging Infrastructure";"FR";"CCS Station (Depot) - Incl. Overhead";"Tractor-Trailer";"BAU";"EUR/kWh";2045;"0.021";"Sensitivity | Current Policies | Resale value";"Electricity"
"OPEX";"Charging Infrastructure";"IT";"CCS Station (Depot) - Incl. Overhead";"Rigid";"BAU";"EUR/kWh";2045;"0.021";"Sensitivity | Current Policies | Resale value";"Electricity"
"OPEX";"Charging Infrastructure";"IT";"CCS Station (Depot) - Incl. Overhead";"Tractor-Trailer";"BAU";"EUR/kWh";2045;"0.021";"Sensitivity | Current Policies | Resale value";"Electricity"
"OPEX";"Charging Infrastructure";"NL";"CCS Station (Depot) - Incl. Overhead";"Rigid";"BAU";"EUR/kWh";2045;"0.021";"Sensitivity | Current Policies | Resale value";"Electricity"
"OPEX";"Charging Infrastructure";"NL";"CCS Station (Depot) - Incl. Overhead";"Tractor-Trailer";"BAU";"EUR/kWh";2045;"0.021";"Sensitivity | Current Policies | Resale value";"Electricity"
"OPEX";"Charging Infrastructure";"PL";"CCS Station (Depot) - Incl. Overhead";"Rigid";"BAU";"EUR/kWh";2045;"0.021";"Sensitivity | Current Policies | Resale value";"Electricity"
"OPEX";"Charging Infrastructure";"PL";"CCS Station (Depot) - Incl. Overhead";"Tractor-Trailer";"BAU";"EUR/kWh";2045;"0.021";"Sensitivity | Current Policies | Resale value";"Electricity"
"OPEX";"Charging Infrastructure";"UK";"CCS Station (Depot) - Incl. Overhead";"Rigid";"BAU";"EUR/kWh";2045;"0.021";"Sensitivity | Current Policies | Resale value";"Electricity"
"OPEX";"Charging Infrastructure";"UK";"CCS Station (Depot) - Incl. Overhead";"Tractor-Trailer";"BAU";"EUR/kWh";2045;"0.021";"Sensitivity | Current Policies | Resale value";"Electricity"
"OPEX";"Charging Infrastructure";"DE";"CCS grid extension";"Rigid";"BAU";"EUR/kWh";2045;"0.045";"Sensitivity | Current Policies | Resale value";"Electricity"
"OPEX";"Charging Infrastructure";"DE";"CCS grid extension";"Tractor-Trailer";"BAU";"EUR/kWh";2045;"0.045";"Sensitivity | Current Policies | Resale value";"Electricity"
"OPEX";"Charging Infrastructure";"ES";"CCS grid extension";"Rigid";"BAU";"EUR/kWh";2045;"0.045";"Sensitivity | Current Policies | Resale value";"Electricity"
"OPEX";"Charging Infrastructure";"ES";"CCS grid extension";"Tractor-Trailer";"BAU";"EUR/kWh";2045;"0.045";"Sensitivity | Current Policies | Resale value";"Electricity"
"OPEX";"Charging Infrastructure";"FR";"CCS grid extension";"Rigid";"BAU";"EUR/kWh";2045;"0.045";"Sensitivity | Current Policies | Resale value";"Electricity"
"OPEX";"Charging Infrastructure";"FR";"CCS grid extension";"Tractor-Trailer";"BAU";"EUR/kWh";2045;"0.045";"Sensitivity | Current Policies | Resale value";"Electricity"
"OPEX";"Charging Infrastructure";"IT";"CCS grid extension";"Rigid";"BAU";"EUR/kWh";2045;"0.045";"Sensitivity | Current Policies | Resale value";"Electricity"
"OPEX";"Charging Infrastructure";"IT";"CCS grid extension";"Tractor-Trailer";"BAU";"EUR/kWh";2045;"0.045";"Sensitivity | Current Policies | Resale value";"Electricity"
"OPEX";"Charging Infrastructure";"NL";"CCS grid extension";"Rigid";"BAU";"EUR/kWh";2045;"0.045";"Sensitivity | Current Policies | Resale value";"Electricity"
"OPEX";"Charging Infrastructure";"NL";"CCS grid extension";"Tractor-Trailer";"BAU";"EUR/kWh";2045;"0.045";"Sensitivity | Current Policies | Resale value";"Electricity"
"OPEX";"Charging Infrastructure";"PL";"CCS grid extension";"Rigid";"BAU";"EUR/kWh";2045;"0.045";"Sensitivity | Current Policies | Resale value";"Electricity"
"OPEX";"Charging Infrastructure";"PL";"CCS grid extension";"Tractor-Trailer";"BAU";"EUR/kWh";2045;"0.045";"Sensitivity | Current Policies | Resale value";"Electricity"
"OPEX";"Charging Infrastructure";"UK";"CCS grid extension";"Rigid";"BAU";"EUR/kWh";2045;"0.045";"Sensitivity | Current Policies | Resale value";"Electricity"
"OPEX";"Charging Infrastructure";"UK";"CCS grid extension";"Tractor-Trailer";"BAU";"EUR/kWh";2045;"0.045";"Sensitivity | Current Policies | Resale value";"Electricity"
"OPEX";"Diesel Infrastructure";"DE";"Total Diesel Mark-Up";"Rigid";"BAU";"EUR/kWh";2045;"0.018";"Sensitivity | Current Policies | Resale value";"Diesel"
"OPEX";"Diesel Infrastructure";"DE";"Total Diesel Mark-Up";"Tractor-Trailer";"BAU";"EUR/kWh";2045;"0.018";"Sensitivity | Current Policies | Resale value";"Diesel"
"OPEX";"Diesel Infrastructure";"ES";"Total Diesel Mark-Up";"Rigid";"BAU";"EUR/kWh";2045;"0.018";"Sensitivity | Current Policies | Resale value";"Diesel"
"OPEX";"Diesel Infrastructure";"ES";"Total Diesel Mark-Up";"Tractor-Trailer";"BAU";"EUR/kWh";2045;"0.018";"Sensitivity | Current Policies | Resale value";"Diesel"
"OPEX";"Diesel Infrastructure";"FR";"Total Diesel Mark-Up";"Rigid";"BAU";"EUR/kWh";2045;"0.018";"Sensitivity | Current Policies | Resale value";"Diesel"
"OPEX";"Diesel Infrastructure";"FR";"Total Diesel Mark-Up";"Tractor-Trailer";"BAU";"EUR/kWh";2045;"0.018";"Sensitivity | Current Policies | Resale value";"Diesel"
"OPEX";"Diesel Infrastructure";"IT";"Total Diesel Mark-Up";"Rigid";"BAU";"EUR/kWh";2045;"0.018";"Sensitivity | Current Policies | Resale value";"Diesel"
"OPEX";"Diesel Infrastructure";"IT";"Total Diesel Mark-Up";"Tractor-Trailer";"BAU";"EUR/kWh";2045;"0.018";"Sensitivity | Current Policies | Resale value";"Diesel"
"OPEX";"Diesel Infrastructure";"NL";"Total Diesel Mark-Up";"Rigid";"BAU";"EUR/kWh";2045;"0.018";"Sensitivity | Current Policies | Resale value";"Diesel"
"OPEX";"Diesel Infrastructure";"NL";"Total Diesel Mark-Up";"Tractor-Trailer";"BAU";"EUR/kWh";2045;"0.018";"Sensitivity | Current Policies | Resale value";"Diesel"
"OPEX";"Diesel Infrastructure";"PL";"Total Diesel Mark-Up";"Rigid";"BAU";"EUR/kWh";2045;"0.018";"Sensitivity | Current Policies | Resale value";"Diesel"
"OPEX";"Diesel Infrastructure";"PL";"Total Diesel Mark-Up";"Tractor-Trailer";"BAU";"EUR/kWh";2045;"0.018";"Sensitivity | Current Policies | Resale value";"Diesel"
"OPEX";"Diesel Infrastructure";"UK";"Total Diesel Mark-Up";"Rigid";"BAU";"EUR/kWh";2045;"0.018";"Sensitivity | Current Policies | Resale value";"Diesel"
"OPEX";"Diesel Infrastructure";"UK";"Total Diesel Mark-Up";"Tractor-Trailer";"BAU";"EUR/kWh";2045;"0.018";"Sensitivity | Current Policies | Resale value";"Diesel"
"OPEX";"Diesel Infrastructure";"DE";"CO2 emission factor Biodiesel";"Rigid";"BAU";"%";2045;"0.154";"Sensitivity | Current Policies | Resale value";"Diesel"
"OPEX";"Diesel Infrastructure";"DE";"CO2 emission factor Biodiesel";"Tractor-Trailer";"BAU";"%";2045;"0.154";"Sensitivity | Current Policies | Resale value";"Diesel"
"OPEX";"Diesel Infrastructure";"ES";"CO2 emission factor Biodiesel";"Rigid";"BAU";"%";2045;"0.154";"Sensitivity | Current Policies | Resale value";"Diesel"
"OPEX";"Diesel Infrastructure";"ES";"CO2 emission factor Biodiesel";"Tractor-Trailer";"BAU";"%";2045;"0.154";"Sensitivity | Current Policies | Resale value";"Diesel"
"OPEX";"Diesel Infrastructure";"FR";"CO2 emission factor Biodiesel";"Rigid";"BAU";"%";2045;"0.154";"Sensitivity | Current Policies | Resale value";"Diesel"
"OPEX";"Diesel Infrastructure";"FR";"CO2 emission factor Biodiesel";"Tractor-Trailer";"BAU";"%";2045;"0.154";"Sensitivity | Current Policies | Resale value";"Diesel"
"OPEX";"Diesel Infrastructure";"IT";"CO2 emission factor Biodiesel";"Rigid";"BAU";"%";2045;"0.154";"Sensitivity | Current Policies | Resale value";"Diesel"
"OPEX";"Diesel Infrastructure";"IT";"CO2 emission factor Biodiesel";"Tractor-Trailer";"BAU";"%";2045;"0.154";"Sensitivity | Current Policies | Resale value";"Diesel"
"OPEX";"Diesel Infrastructure";"NL";"CO2 emission factor Biodiesel";"Rigid";"BAU";"%";2045;"0.154";"Sensitivity | Current Policies | Resale value";"Diesel"
"OPEX";"Diesel Infrastructure";"NL";"CO2 emission factor Biodiesel";"Tractor-Trailer";"BAU";"%";2045;"0.154";"Sensitivity | Current Policies | Resale value";"Diesel"
"OPEX";"Diesel Infrastructure";"PL";"CO2 emission factor Biodiesel";"Rigid";"BAU";"%";2045;"0.154";"Sensitivity | Current Policies | Resale value";"Diesel"
"OPEX";"Diesel Infrastructure";"PL";"CO2 emission factor Biodiesel";"Tractor-Trailer";"BAU";"%";2045;"0.154";"Sensitivity | Current Policies | Resale value";"Diesel"
"OPEX";"Diesel Infrastructure";"UK";"CO2 emission factor Biodiesel";"Rigid";"BAU";"%";2045;"0.154";"Sensitivity | Current Policies | Resale value";"Diesel"
"OPEX";"Diesel Infrastructure";"UK";"CO2 emission factor Biodiesel";"Tractor-Trailer";"BAU";"%";2045;"0.154";"Sensitivity | Current Policies | Resale value";"Diesel"
"OPEX";"Diesel Infrastructure";"DE";"CO2 emission factor Pt-Diesel";"Rigid";"BAU";"%";2045;"0";"Sensitivity | Current Policies | Resale value";"Diesel"
"OPEX";"Diesel Infrastructure";"DE";"CO2 emission factor Pt-Diesel";"Tractor-Trailer";"BAU";"%";2045;"0";"Sensitivity | Current Policies | Resale value";"Diesel"
"OPEX";"Diesel Infrastructure";"ES";"CO2 emission factor Pt-Diesel";"Rigid";"BAU";"%";2045;"0";"Sensitivity | Current Policies | Resale value";"Diesel"
"OPEX";"Diesel Infrastructure";"ES";"CO2 emission factor Pt-Diesel";"Tractor-Trailer";"BAU";"%";2045;"0";"Sensitivity | Current Policies | Resale value";"Diesel"
"OPEX";"Diesel Infrastructure";"FR";"CO2 emission factor Pt-Diesel";"Rigid";"BAU";"%";2045;"0";"Sensitivity | Current Policies | Resale value";"Diesel"
"OPEX";"Diesel Infrastructure";"FR";"CO2 emission factor Pt-Diesel";"Tractor-Trailer";"BAU";"%";2045;"0";"Sensitivity | Current Policies | Resale value";"Diesel"
"OPEX";"Diesel Infrastructure";"IT";"CO2 emission factor Pt-Diesel";"Rigid";"BAU";"%";2045;"0";"Sensitivity | Current Policies | Resale value";"Diesel"
"OPEX";"Diesel Infrastructure";"IT";"CO2 emission factor Pt-Diesel";"Tractor-Trailer";"BAU";"%";2045;"0";"Sensitivity | Current Policies | Resale value";"Diesel"
"OPEX";"Diesel Infrastructure";"NL";"CO2 emission factor Pt-Diesel";"Rigid";"BAU";"%";2045;"0";"Sensitivity | Current Policies | Resale value";"Diesel"
"OPEX";"Diesel Infrastructure";"NL";"CO2 emission factor Pt-Diesel";"Tractor-Trailer";"BAU";"%";2045;"0";"Sensitivity | Current Policies | Resale value";"Diesel"
"OPEX";"Diesel Infrastructure";"PL";"CO2 emission factor Pt-Diesel";"Rigid";"BAU";"%";2045;"0";"Sensitivity | Current Policies | Resale value";"Diesel"
"OPEX";"Diesel Infrastructure";"PL";"CO2 emission factor Pt-Diesel";"Tractor-Trailer";"BAU";"%";2045;"0";"Sensitivity | Current Policies | Resale value";"Diesel"
"OPEX";"Diesel Infrastructure";"UK";"CO2 emission factor Pt-Diesel";"Rigid";"BAU";"%";2045;"0";"Sensitivity | Current Policies | Resale value";"Diesel"
"OPEX";"Diesel Infrastructure";"UK";"CO2 emission factor Pt-Diesel";"Tractor-Trailer";"BAU";"%";2045;"0";"Sensitivity | Current Policies | Resale value";"Diesel"
"OPEX";"Taxes";"DE";"Network Costs - MCS";"Rigid";"BAU";"EUR/kWh";2045;"0.034";"Sensitivity | Current Policies | Resale value";"Electricity"
"OPEX";"Taxes";"DE";"Network Costs - MCS";"Tractor-Trailer";"BAU";"EUR/kWh";2045;"0.034";"Sensitivity | Current Policies | Resale value";"Electricity"
"OPEX";"Taxes";"ES";"Network Costs - MCS";"Rigid";"BAU";"EUR/kWh";2045;"0.018";"Sensitivity | Current Policies | Resale value";"Electricity"
"OPEX";"Taxes";"ES";"Network Costs - MCS";"Tractor-Trailer";"BAU";"EUR/kWh";2045;"0.018";"Sensitivity | Current Policies | Resale value";"Electricity"
"OPEX";"Taxes";"FR";"Network Costs - MCS";"Rigid";"BAU";"EUR/kWh";2045;"0.018";"Sensitivity | Current Policies | Resale value";"Electricity"
"OPEX";"Taxes";"FR";"Network Costs - MCS";"Tractor-Trailer";"BAU";"EUR/kWh";2045;"0.018";"Sensitivity | Current Policies | Resale value";"Electricity"
"OPEX";"Taxes";"IT";"Network Costs - MCS";"Rigid";"BAU";"EUR/kWh";2045;"0.015";"Sensitivity | Current Policies | Resale value";"Electricity"
"OPEX";"Taxes";"IT";"Network Costs - MCS";"Tractor-Trailer";"BAU";"EUR/kWh";2045;"0.015";"Sensitivity | Current Policies | Resale value";"Electricity"
"OPEX";"Taxes";"NL";"Network Costs - MCS";"Rigid";"BAU";"EUR/kWh";2045;"0.016";"Sensitivity | Current Policies | Resale value";"Electricity"
"OPEX";"Taxes";"NL";"Network Costs - MCS";"Tractor-Trailer";"BAU";"EUR/kWh";2045;"0.016";"Sensitivity | Current Policies | Resale value";"Electricity"
"OPEX";"Taxes";"PL";"Network Costs - MCS";"Rigid";"BAU";"EUR/kWh";2045;"0.019";"Sensitivity | Current Policies | Resale value";"Electricity"
"OPEX";"Taxes";"PL";"Network Costs - MCS";"Tractor-Trailer";"BAU";"EUR/kWh";2045;"0.019";"Sensitivity | Current Policies | Resale value";"Electricity"
"OPEX";"Taxes";"UK";"Network Costs - MCS";"Rigid";"BAU";"EUR/kWh";2045;"0.027";"Sensitivity | Current Policies | Resale value";"Electricity"
"OPEX";"Taxes";"UK";"Network Costs - MCS";"Tractor-Trailer";"BAU";"EUR/kWh";2045;"0.027";"Sensitivity | Current Policies | Resale value";"Electricity"
"OPEX";"Taxes";"DE";"Taxes, Fees, Levies and charges - MCS";"Rigid";"BAU";"EUR/kWh";2045;"0.056";"Sensitivity | Current Policies | Resale value";"Electricity"
"OPEX";"Taxes";"DE";"Taxes, Fees, Levies and charges - MCS";"Tractor-Trailer";"BAU";"EUR/kWh";2045;"0.056";"Sensitivity | Current Policies | Resale value";"Electricity"
"OPEX";"Taxes";"ES";"Taxes, Fees, Levies and charges - MCS";"Rigid";"BAU";"EUR/kWh";2045;"0.036";"Sensitivity | Current Policies | Resale value";"Electricity"
"OPEX";"Taxes";"ES";"Taxes, Fees, Levies and charges - MCS";"Tractor-Trailer";"BAU";"EUR/kWh";2045;"0.036";"Sensitivity | Current Policies | Resale value";"Electricity"
"OPEX";"Taxes";"FR";"Taxes, Fees, Levies and charges - MCS";"Rigid";"BAU";"EUR/kWh";2045;"0.03";"Sensitivity | Current Policies | Resale value";"Electricity"
"OPEX";"Taxes";"FR";"Taxes, Fees, Levies and charges - MCS";"Tractor-Trailer";"BAU";"EUR/kWh";2045;"0.03";"Sensitivity | Current Policies | Resale value";"Electricity"
"OPEX";"Taxes";"IT";"Taxes, Fees, Levies and charges - MCS";"Rigid";"BAU";"EUR/kWh";2045;"0.062";"Sensitivity | Current Policies | Resale value";"Electricity"
"OPEX";"Taxes";"IT";"Taxes, Fees, Levies and charges - MCS";"Tractor-Trailer";"BAU";"EUR/kWh";2045;"0.062";"Sensitivity | Current Policies | Resale value";"Electricity"
"OPEX";"Taxes";"NL";"Taxes, Fees, Levies and charges - MCS";"Rigid";"BAU";"EUR/kWh";2045;"0.055";"Sensitivity | Current Policies | Resale value";"Electricity"
"OPEX";"Taxes";"NL";"Taxes, Fees, Levies and charges - MCS";"Tractor-Trailer";"BAU";"EUR/kWh";2045;"0.055";"Sensitivity | Current Policies | Resale value";"Electricity"
"OPEX";"Taxes";"PL";"Taxes, Fees, Levies and charges - MCS";"Rigid";"BAU";"EUR/kWh";2045;"0.049";"Sensitivity | Current Policies | Resale value";"Electricity"
"OPEX";"Taxes";"PL";"Taxes, Fees, Levies and charges - MCS";"Tractor-Trailer";"BAU";"EUR/kWh";2045;"0.049";"Sensitivity | Current Policies | Resale value";"Electricity"
"OPEX";"Taxes";"UK";"Taxes, Fees, Levies and charges - MCS";"Rigid";"BAU";"EUR/kWh";2045;"0.077";"Sensitivity | Current Policies | Resale value";"Electricity"
"OPEX";"Taxes";"UK";"Taxes, Fees, Levies and charges - MCS";"Tractor-Trailer";"BAU";"EUR/kWh";2045;"0.077";"Sensitivity | Current Policies | Resale value";"Electricity"
"OPEX";"Taxes";"DE";"Network Costs - Depot";"Rigid";"BAU";"EUR/kWh";2045;"0.034";"Sensitivity | Current Policies | Resale value";"Electricity"
"OPEX";"Taxes";"DE";"Network Costs - Depot";"Tractor-Trailer";"BAU";"EUR/kWh";2045;"0.034";"Sensitivity | Current Policies | Resale value";"Electricity"
"OPEX";"Taxes";"ES";"Network Costs - Depot";"Rigid";"BAU";"EUR/kWh";2045;"0.018";"Sensitivity | Current Policies | Resale value";"Electricity"
"OPEX";"Taxes";"ES";"Network Costs - Depot";"Tractor-Trailer";"BAU";"EUR/kWh";2045;"0.018";"Sensitivity | Current Policies | Resale value";"Electricity"
"OPEX";"Taxes";"FR";"Network Costs - Depot";"Rigid";"BAU";"EUR/kWh";2045;"0.018";"Sensitivity | Current Policies | Resale value";"Electricity"
"OPEX";"Taxes";"FR";"Network Costs - Depot";"Tractor-Trailer";"BAU";"EUR/kWh";2045;"0.018";"Sensitivity | Current Policies | Resale value";"Electricity"
"OPEX";"Taxes";"IT";"Network Costs - Depot";"Rigid";"BAU";"EUR/kWh";2045;"0.016";"Sensitivity | Current Policies | Resale value";"Electricity"
"OPEX";"Taxes";"IT";"Network Costs - Depot";"Tractor-Trailer";"BAU";"EUR/kWh";2045;"0.016";"Sensitivity | Current Policies | Resale value";"Electricity"
"OPEX";"Taxes";"NL";"Network Costs - Depot";"Rigid";"BAU";"EUR/kWh";2045;"0.016";"Sensitivity | Current Policies | Resale value";"Electricity"
"OPEX";"Taxes";"NL";"Network Costs - Depot";"Tractor-Trailer";"BAU";"EUR/kWh";2045;"0.016";"Sensitivity | Current Policies | Resale value";"Electricity"
"OPEX";"Taxes";"PL";"Network Costs - Depot";"Rigid";"BAU";"EUR/kWh";2045;"0.019";"Sensitivity | Current Policies | Resale value";"Electricity"
"OPEX";"Taxes";"PL";"Network Costs - Depot";"Tractor-Trailer";"BAU";"EUR/kWh";2045;"0.019";"Sensitivity | Current Policies | Resale value";"Electricity"
"OPEX";"Taxes";"UK";"Network Costs - Depot";"Rigid";"BAU";"EUR/kWh";2045;"0.027";"Sensitivity | Current Policies | Resale value";"Electricity"
"OPEX";"Taxes";"UK";"Network Costs - Depot";"Tractor-Trailer";"BAU";"EUR/kWh";2045;"0.027";"Sensitivity | Current Policies | Resale value";"Electricity"
"OPEX";"Taxes";"DE";"Taxes, Fees, Levies and charges - Depot";"Rigid";"BAU";"EUR/kWh";2045;"0.056";"Sensitivity | Current Policies | Resale value";"Electricity"
"OPEX";"Taxes";"DE";"Taxes, Fees, Levies and charges - Depot";"Tractor-Trailer";"BAU";"EUR/kWh";2045;"0.056";"Sensitivity | Current Policies | Resale value";"Electricity"
"OPEX";"Taxes";"ES";"Taxes, Fees, Levies and charges - Depot";"Rigid";"BAU";"EUR/kWh";2045;"0.036";"Sensitivity | Current Policies | Resale value";"Electricity"
"OPEX";"Taxes";"ES";"Taxes, Fees, Levies and charges - Depot";"Tractor-Trailer";"BAU";"EUR/kWh";2045;"0.036";"Sensitivity | Current Policies | Resale value";"Electricity"
"OPEX";"Taxes";"FR";"Taxes, Fees, Levies and charges - Depot";"Rigid";"BAU";"EUR/kWh";2045;"0.03";"Sensitivity | Current Policies | Resale value";"Electricity"
"OPEX";"Taxes";"FR";"Taxes, Fees, Levies and charges - Depot";"Tractor-Trailer";"BAU";"EUR/kWh";2045;"0.03";"Sensitivity | Current Policies | Resale value";"Electricity"
"OPEX";"Taxes";"IT";"Taxes, Fees, Levies and charges - Depot";"Rigid";"BAU";"EUR/kWh";2045;"0.063";"Sensitivity | Current Policies | Resale value";"Electricity"
"OPEX";"Taxes";"IT";"Taxes, Fees, Levies and charges - Depot";"Tractor-Trailer";"BAU";"EUR/kWh";2045;"0.063";"Sensitivity | Current Policies | Resale value";"Electricity"
"OPEX";"Taxes";"NL";"Taxes, Fees, Levies and charges - Depot";"Rigid";"BAU";"EUR/kWh";2045;"0.055";"Sensitivity | Current Policies | Resale value";"Electricity"
"OPEX";"Taxes";"NL";"Taxes, Fees, Levies and charges - Depot";"Tractor-Trailer";"BAU";"EUR/kWh";2045;"0.055";"Sensitivity | Current Policies | Resale value";"Electricity"
"OPEX";"Taxes";"PL";"Taxes, Fees, Levies and charges - Depot";"Rigid";"BAU";"EUR/kWh";2045;"0.049";"Sensitivity | Current Policies | Resale value";"Electricity"
"OPEX";"Taxes";"PL";"Taxes, Fees, Levies and charges - Depot";"Tractor-Trailer";"BAU";"EUR/kWh";2045;"0.049";"Sensitivity | Current Policies | Resale value";"Electricity"
"OPEX";"Taxes";"UK";"Taxes, Fees, Levies and charges - Depot";"Rigid";"BAU";"EUR/kWh";2045;"0.077";"Sensitivity | Current Policies | Resale value";"Electricity"
"OPEX";"Taxes";"UK";"Taxes, Fees, Levies and charges - Depot";"Tractor-Trailer";"BAU";"EUR/kWh";2045;"0.077";"Sensitivity | Current Policies | Resale value";"Electricity"
"OPEX";"H2 Infrastructure";"DE";"HRS costs";"Rigid";"BAU";"EUR/kg H2";2045;"1.1";"Sensitivity | Current Policies | Resale value";"Hydrogen"
"OPEX";"H2 Infrastructure";"DE";"HRS costs";"Tractor-Trailer";"BAU";"EUR/kg H2";2045;"1.1";"Sensitivity | Current Policies | Resale value";"Hydrogen"
"OPEX";"H2 Infrastructure";"ES";"HRS costs";"Rigid";"BAU";"EUR/kg H2";2045;"1.1";"Sensitivity | Current Policies | Resale value";"Hydrogen"
"OPEX";"H2 Infrastructure";"ES";"HRS costs";"Tractor-Trailer";"BAU";"EUR/kg H2";2045;"1.1";"Sensitivity | Current Policies | Resale value";"Hydrogen"
"OPEX";"H2 Infrastructure";"FR";"HRS costs";"Rigid";"BAU";"EUR/kg H2";2045;"1.1";"Sensitivity | Current Policies | Resale value";"Hydrogen"
"OPEX";"H2 Infrastructure";"FR";"HRS costs";"Tractor-Trailer";"BAU";"EUR/kg H2";2045;"1.1";"Sensitivity | Current Policies | Resale value";"Hydrogen"
"OPEX";"H2 Infrastructure";"IT";"HRS costs";"Rigid";"BAU";"EUR/kg H2";2045;"1.1";"Sensitivity | Current Policies | Resale value";"Hydrogen"
"OPEX";"H2 Infrastructure";"IT";"HRS costs";"Tractor-Trailer";"BAU";"EUR/kg H2";2045;"1.1";"Sensitivity | Current Policies | Resale value";"Hydrogen"
"OPEX";"H2 Infrastructure";"NL";"HRS costs";"Rigid";"BAU";"EUR/kg H2";2045;"1.1";"Sensitivity | Current Policies | Resale value";"Hydrogen"
"OPEX";"H2 Infrastructure";"NL";"HRS costs";"Tractor-Trailer";"BAU";"EUR/kg H2";2045;"1.1";"Sensitivity | Current Policies | Resale value";"Hydrogen"
"OPEX";"H2 Infrastructure";"PL";"HRS costs";"Rigid";"BAU";"EUR/kg H2";2045;"1.1";"Sensitivity | Current Policies | Resale value";"Hydrogen"
"OPEX";"H2 Infrastructure";"PL";"HRS costs";"Tractor-Trailer";"BAU";"EUR/kg H2";2045;"1.1";"Sensitivity | Current Policies | Resale value";"Hydrogen"
"OPEX";"H2 Infrastructure";"UK";"HRS costs";"Rigid";"BAU";"EUR/kg H2";2045;"1.1";"Sensitivity | Current Policies | Resale value";"Hydrogen"
"OPEX";"H2 Infrastructure";"UK";"HRS costs";"Tractor-Trailer";"BAU";"EUR/kg H2";2045;"1.1";"Sensitivity | Current Policies | Resale value";"Hydrogen"
"OPEX";"H2 Infrastructure";"DE";"H2 transport and distribution";"Rigid";"BAU";"EUR/kg H2";2045;"1";"Sensitivity | Current Policies | Resale value";"Hydrogen"
"OPEX";"H2 Infrastructure";"DE";"H2 transport and distribution";"Tractor-Trailer";"BAU";"EUR/kg H2";2045;"1";"Sensitivity | Current Policies | Resale value";"Hydrogen"
"OPEX";"H2 Infrastructure";"ES";"H2 transport and distribution";"Rigid";"BAU";"EUR/kg H2";2045;"1";"Sensitivity | Current Policies | Resale value";"Hydrogen"
"OPEX";"H2 Infrastructure";"ES";"H2 transport and distribution";"Tractor-Trailer";"BAU";"EUR/kg H2";2045;"1";"Sensitivity | Current Policies | Resale value";"Hydrogen"
"OPEX";"H2 Infrastructure";"FR";"H2 transport and distribution";"Rigid";"BAU";"EUR/kg H2";2045;"1";"Sensitivity | Current Policies | Resale value";"Hydrogen"
"OPEX";"H2 Infrastructure";"FR";"H2 transport and distribution";"Tractor-Trailer";"BAU";"EUR/kg H2";2045;"1";"Sensitivity | Current Policies | Resale value";"Hydrogen"
"OPEX";"H2 Infrastructure";"IT";"H2 transport and distribution";"Rigid";"BAU";"EUR/kg H2";2045;"1";"Sensitivity | Current Policies | Resale value";"Hydrogen"
"OPEX";"H2 Infrastructure";"IT";"H2 transport and distribution";"Tractor-Trailer";"BAU";"EUR/kg H2";2045;"1";"Sensitivity | Current Policies | Resale value";"Hydrogen"
"OPEX";"H2 Infrastructure";"NL";"H2 transport and distribution";"Rigid";"BAU";"EUR/kg H2";2045;"1";"Sensitivity | Current Policies | Resale value";"Hydrogen"
"OPEX";"H2 Infrastructure";"NL";"H2 transport and distribution";"Tractor-Trailer";"BAU";"EUR/kg H2";2045;"1";"Sensitivity | Current Policies | Resale value";"Hydrogen"
"OPEX";"H2 Infrastructure";"PL";"H2 transport and distribution";"Rigid";"BAU";"EUR/kg H2";2045;"1";"Sensitivity | Current Policies | Resale value";"Hydrogen"
"OPEX";"H2 Infrastructure";"PL";"H2 transport and distribution";"Tractor-Trailer";"BAU";"EUR/kg H2";2045;"1";"Sensitivity | Current Policies | Resale value";"Hydrogen"
"OPEX";"H2 Infrastructure";"UK";"H2 transport and distribution";"Rigid";"BAU";"EUR/kg H2";2045;"1";"Sensitivity | Current Policies | Resale value";"Hydrogen"
"OPEX";"H2 Infrastructure";"UK";"H2 transport and distribution";"Tractor-Trailer";"BAU";"EUR/kg H2";2045;"1";"Sensitivity | Current Policies | Resale value";"Hydrogen"
"OPEX";"H2 Infrastructure";"DE";"HRS Overhead, Profit and Mark-Up";"Rigid";"BAU";"EUR/kg H2";2045;"0.25";"Sensitivity | Current Policies | Resale value";"Hydrogen"
"OPEX";"H2 Infrastructure";"DE";"HRS Overhead, Profit and Mark-Up";"Tractor-Trailer";"BAU";"EUR/kg H2";2045;"0.25";"Sensitivity | Current Policies | Resale value";"Hydrogen"
"OPEX";"H2 Infrastructure";"ES";"HRS Overhead, Profit and Mark-Up";"Rigid";"BAU";"EUR/kg H2";2045;"0.25";"Sensitivity | Current Policies | Resale value";"Hydrogen"
"OPEX";"H2 Infrastructure";"ES";"HRS Overhead, Profit and Mark-Up";"Tractor-Trailer";"BAU";"EUR/kg H2";2045;"0.25";"Sensitivity | Current Policies | Resale value";"Hydrogen"
"OPEX";"H2 Infrastructure";"FR";"HRS Overhead, Profit and Mark-Up";"Rigid";"BAU";"EUR/kg H2";2045;"0.25";"Sensitivity | Current Policies | Resale value";"Hydrogen"
"OPEX";"H2 Infrastructure";"FR";"HRS Overhead, Profit and Mark-Up";"Tractor-Trailer";"BAU";"EUR/kg H2";2045;"0.25";"Sensitivity | Current Policies | Resale value";"Hydrogen"
"OPEX";"H2 Infrastructure";"IT";"HRS Overhead, Profit and Mark-Up";"Rigid";"BAU";"EUR/kg H2";2045;"0.25";"Sensitivity | Current Policies | Resale value";"Hydrogen"
"OPEX";"H2 Infrastructure";"IT";"HRS Overhead, Profit and Mark-Up";"Tractor-Trailer";"BAU";"EUR/kg H2";2045;"0.25";"Sensitivity | Current Policies | Resale value";"Hydrogen"
"OPEX";"H2 Infrastructure";"NL";"HRS Overhead, Profit and Mark-Up";"Rigid";"BAU";"EUR/kg H2";2045;"0.25";"Sensitivity | Current Policies | Resale value";"Hydrogen"
"OPEX";"H2 Infrastructure";"NL";"HRS Overhead, Profit and Mark-Up";"Tractor-Trailer";"BAU";"EUR/kg H2";2045;"0.25";"Sensitivity | Current Policies | Resale value";"Hydrogen"
"OPEX";"H2 Infrastructure";"PL";"HRS Overhead, Profit and Mark-Up";"Rigid";"BAU";"EUR/kg H2";2045;"0.25";"Sensitivity | Current Policies | Resale value";"Hydrogen"
"OPEX";"H2 Infrastructure";"PL";"HRS Overhead, Profit and Mark-Up";"Tractor-Trailer";"BAU";"EUR/kg H2";2045;"0.25";"Sensitivity | Current Policies | Resale value";"Hydrogen"
"OPEX";"H2 Infrastructure";"UK";"HRS Overhead, Profit and Mark-Up";"Rigid";"BAU";"EUR/kg H2";2045;"0.25";"Sensitivity | Current Policies | Resale value";"Hydrogen"
"OPEX";"H2 Infrastructure";"UK";"HRS Overhead, Profit and Mark-Up";"Tractor-Trailer";"BAU";"EUR/kg H2";2045;"0.25";"Sensitivity | Current Policies | Resale value";"Hydrogen"
"OPEX";"Charging Infrastructure";"DE";"MCS Station (Public Charging) - Incl. Overhead";"Rigid";"BAU";"EUR/kWh";2045;"0.032";"Sensitivity | Current Policies | Resale value";"Electricity"
"OPEX";"Charging Infrastructure";"DE";"MCS Station (Public Charging) - Incl. Overhead";"Tractor-Trailer";"BAU";"EUR/kWh";2045;"0.032";"Sensitivity | Current Policies | Resale value";"Electricity"
"OPEX";"Charging Infrastructure";"ES";"MCS Station (Public Charging) - Incl. Overhead";"Rigid";"BAU";"EUR/kWh";2045;"0.032";"Sensitivity | Current Policies | Resale value";"Electricity"
"OPEX";"Charging Infrastructure";"ES";"MCS Station (Public Charging) - Incl. Overhead";"Tractor-Trailer";"BAU";"EUR/kWh";2045;"0.032";"Sensitivity | Current Policies | Resale value";"Electricity"
"OPEX";"Charging Infrastructure";"FR";"MCS Station (Public Charging) - Incl. Overhead";"Rigid";"BAU";"EUR/kWh";2045;"0.032";"Sensitivity | Current Policies | Resale value";"Electricity"
"OPEX";"Charging Infrastructure";"FR";"MCS Station (Public Charging) - Incl. Overhead";"Tractor-Trailer";"BAU";"EUR/kWh";2045;"0.032";"Sensitivity | Current Policies | Resale value";"Electricity"
"OPEX";"Charging Infrastructure";"IT";"MCS Station (Public Charging) - Incl. Overhead";"Rigid";"BAU";"EUR/kWh";2045;"0.032";"Sensitivity | Current Policies | Resale value";"Electricity"
"OPEX";"Charging Infrastructure";"IT";"MCS Station (Public Charging) - Incl. Overhead";"Tractor-Trailer";"BAU";"EUR/kWh";2045;"0.032";"Sensitivity | Current Policies | Resale value";"Electricity"
"OPEX";"Charging Infrastructure";"NL";"MCS Station (Public Charging) - Incl. Overhead";"Rigid";"BAU";"EUR/kWh";2045;"0.032";"Sensitivity | Current Policies | Resale value";"Electricity"
"OPEX";"Charging Infrastructure";"NL";"MCS Station (Public Charging) - Incl. Overhead";"Tractor-Trailer";"BAU";"EUR/kWh";2045;"0.032";"Sensitivity | Current Policies | Resale value";"Electricity"
"OPEX";"Charging Infrastructure";"PL";"MCS Station (Public Charging) - Incl. Overhead";"Rigid";"BAU";"EUR/kWh";2045;"0.032";"Sensitivity | Current Policies | Resale value";"Electricity"
"OPEX";"Charging Infrastructure";"PL";"MCS Station (Public Charging) - Incl. Overhead";"Tractor-Trailer";"BAU";"EUR/kWh";2045;"0.032";"Sensitivity | Current Policies | Resale value";"Electricity"
"OPEX";"Charging Infrastructure";"UK";"MCS Station (Public Charging) - Incl. Overhead";"Rigid";"BAU";"EUR/kWh";2045;"0.032";"Sensitivity | Current Policies | Resale value";"Electricity"
"OPEX";"Charging Infrastructure";"UK";"MCS Station (Public Charging) - Incl. Overhead";"Tractor-Trailer";"BAU";"EUR/kWh";2045;"0.032";"Sensitivity | Current Policies | Resale value";"Electricity"
"OPEX";"Charging Infrastructure";"DE";"Share MCS-Charging";"Rigid";"BAU";"%";2045;"0.2";"Sensitivity | Current Policies | Resale value";"Electricity"
"OPEX";"Charging Infrastructure";"DE";"Share MCS-Charging";"Tractor-Trailer";"BAU";"%";2045;"0.2";"Sensitivity | Current Policies | Resale value";"Electricity"
"OPEX";"Charging Infrastructure";"ES";"Share MCS-Charging";"Rigid";"BAU";"%";2045;"0.2";"Sensitivity | Current Policies | Resale value";"Electricity"
"OPEX";"Charging Infrastructure";"ES";"Share MCS-Charging";"Tractor-Trailer";"BAU";"%";2045;"0.2";"Sensitivity | Current Policies | Resale value";"Electricity"
"OPEX";"Charging Infrastructure";"FR";"Share MCS-Charging";"Rigid";"BAU";"%";2045;"0.2";"Sensitivity | Current Policies | Resale value";"Electricity"
"OPEX";"Charging Infrastructure";"FR";"Share MCS-Charging";"Tractor-Trailer";"BAU";"%";2045;"0.2";"Sensitivity | Current Policies | Resale value";"Electricity"
"OPEX";"Charging Infrastructure";"IT";"Share MCS-Charging";"Rigid";"BAU";"%";2045;"0.2";"Sensitivity | Current Policies | Resale value";"Electricity"
"OPEX";"Charging Infrastructure";"IT";"Share MCS-Charging";"Tractor-Trailer";"BAU";"%";2045;"0.2";"Sensitivity | Current Policies | Resale value";"Electricity"
"OPEX";"Charging Infrastructure";"NL";"Share MCS-Charging";"Rigid";"BAU";"%";2045;"0.2";"Sensitivity | Current Policies | Resale value";"Electricity"
"OPEX";"Charging Infrastructure";"NL";"Share MCS-Charging";"Tractor-Trailer";"BAU";"%";2045;"0.2";"Sensitivity | Current Policies | Resale value";"Electricity"
"OPEX";"Charging Infrastructure";"PL";"Share MCS-Charging";"Rigid";"BAU";"%";2045;"0.2";"Sensitivity | Current Policies | Resale value";"Electricity"
"OPEX";"Charging Infrastructure";"PL";"Share MCS-Charging";"Tractor-Trailer";"BAU";"%";2045;"0.2";"Sensitivity | Current Policies | Resale value";"Electricity"
"OPEX";"Charging Infrastructure";"UK";"Share MCS-Charging";"Rigid";"BAU";"%";2045;"0.2";"Sensitivity | Current Policies | Resale value";"Electricity"
"OPEX";"Charging Infrastructure";"UK";"Share MCS-Charging";"Tractor-Trailer";"BAU";"%";2045;"0.2";"Sensitivity | Current Policies | Resale value";"Electricity"
"OPEX";"Charging Infrastructure";"DE";"Depot - Network fees savings potential";"Rigid";"BAU";"EUR/kWh";2045;"0";"Sensitivity | Current Policies | Resale value";"Electricity"
"OPEX";"Charging Infrastructure";"DE";"Depot - Network fees savings potential";"Tractor-Trailer";"BAU";"EUR/kWh";2045;"0";"Sensitivity | Current Policies | Resale value";"Electricity"
"OPEX";"Charging Infrastructure";"ES";"Depot - Network fees savings potential";"Rigid";"BAU";"EUR/kWh";2045;"0";"Sensitivity | Current Policies | Resale value";"Electricity"
"OPEX";"Charging Infrastructure";"ES";"Depot - Network fees savings potential";"Tractor-Trailer";"BAU";"EUR/kWh";2045;"0";"Sensitivity | Current Policies | Resale value";"Electricity"
"OPEX";"Charging Infrastructure";"FR";"Depot - Network fees savings potential";"Rigid";"BAU";"EUR/kWh";2045;"0";"Sensitivity | Current Policies | Resale value";"Electricity"
"OPEX";"Charging Infrastructure";"FR";"Depot - Network fees savings potential";"Tractor-Trailer";"BAU";"EUR/kWh";2045;"0";"Sensitivity | Current Policies | Resale value";"Electricity"
"OPEX";"Charging Infrastructure";"IT";"Depot - Network fees savings potential";"Rigid";"BAU";"EUR/kWh";2045;"0";"Sensitivity | Current Policies | Resale value";"Electricity"
"OPEX";"Charging Infrastructure";"IT";"Depot - Network fees savings potential";"Tractor-Trailer";"BAU";"EUR/kWh";2045;"0";"Sensitivity | Current Policies | Resale value";"Electricity"
"OPEX";"Charging Infrastructure";"NL";"Depot - Network fees savings potential";"Rigid";"BAU";"EUR/kWh";2045;"0";"Sensitivity | Current Policies | Resale value";"Electricity"
"OPEX";"Charging Infrastructure";"NL";"Depot - Network fees savings potential";"Tractor-Trailer";"BAU";"EUR/kWh";2045;"0";"Sensitivity | Current Policies | Resale value";"Electricity"
"OPEX";"Charging Infrastructure";"PL";"Depot - Network fees savings potential";"Rigid";"BAU";"EUR/kWh";2045;"0";"Sensitivity | Current Policies | Resale value";"Electricity"
"OPEX";"Charging Infrastructure";"PL";"Depot - Network fees savings potential";"Tractor-Trailer";"BAU";"EUR/kWh";2045;"0";"Sensitivity | Current Policies | Resale value";"Electricity"
"OPEX";"Charging Infrastructure";"UK";"Depot - Network fees savings potential";"Rigid";"BAU";"EUR/kWh";2045;"0";"Sensitivity | Current Policies | Resale value";"Electricity"
"OPEX";"Charging Infrastructure";"UK";"Depot - Network fees savings potential";"Tractor-Trailer";"BAU";"EUR/kWh";2045;"0";"Sensitivity | Current Policies | Resale value";"Electricity"
"OPEX";"Taxes";"DE";"Tax reduction";"Rigid";"BAU";"%";2045;"0";"Sensitivity | Current Policies | Resale value";"Hydrogen"
"OPEX";"Taxes";"DE";"Tax reduction";"Tractor-Trailer";"BAU";"%";2045;"0";"Sensitivity | Current Policies | Resale value";"Hydrogen"
"OPEX";"Taxes";"ES";"Tax reduction";"Rigid";"BAU";"%";2045;"0";"Sensitivity | Current Policies | Resale value";"Hydrogen"
"OPEX";"Taxes";"ES";"Tax reduction";"Tractor-Trailer";"BAU";"%";2045;"0";"Sensitivity | Current Policies | Resale value";"Hydrogen"
"OPEX";"Taxes";"FR";"Tax reduction";"Rigid";"BAU";"%";2045;"0";"Sensitivity | Current Policies | Resale value";"Hydrogen"
"OPEX";"Taxes";"FR";"Tax reduction";"Tractor-Trailer";"BAU";"%";2045;"0";"Sensitivity | Current Policies | Resale value";"Hydrogen"
"OPEX";"Taxes";"IT";"Tax reduction";"Rigid";"BAU";"%";2045;"0";"Sensitivity | Current Policies | Resale value";"Hydrogen"
"OPEX";"Taxes";"IT";"Tax reduction";"Tractor-Trailer";"BAU";"%";2045;"0";"Sensitivity | Current Policies | Resale value";"Hydrogen"
"OPEX";"Taxes";"NL";"Tax reduction";"Rigid";"BAU";"%";2045;"0";"Sensitivity | Current Policies | Resale value";"Hydrogen"
"OPEX";"Taxes";"NL";"Tax reduction";"Tractor-Trailer";"BAU";"%";2045;"0";"Sensitivity | Current Policies | Resale value";"Hydrogen"
"OPEX";"Taxes";"PL";"Tax reduction";"Rigid";"BAU";"%";2045;"0";"Sensitivity | Current Policies | Resale value";"Hydrogen"
"OPEX";"Taxes";"PL";"Tax reduction";"Tractor-Trailer";"BAU";"%";2045;"0";"Sensitivity | Current Policies | Resale value";"Hydrogen"
"OPEX";"Taxes";"UK";"Tax reduction";"Rigid";"BAU";"%";2045;"0";"Sensitivity | Current Policies | Resale value";"Hydrogen"
"OPEX";"Taxes";"UK";"Tax reduction";"Tractor-Trailer";"BAU";"%";2045;"0";"Sensitivity | Current Policies | Resale value";"Hydrogen"
"OPEX";"Taxes";"DE";"Increasing grid fees";"Rigid";"BAU";"%";2045;"0.417";"Sensitivity | Current Policies | Resale value";"Electricity"
"OPEX";"Taxes";"DE";"Increasing grid fees";"Tractor-Trailer";"BAU";"%";2045;"0.417";"Sensitivity | Current Policies | Resale value";"Electricity"
"OPEX";"Taxes";"ES";"Increasing grid fees";"Rigid";"BAU";"%";2045;"0.417";"Sensitivity | Current Policies | Resale value";"Electricity"
"OPEX";"Taxes";"ES";"Increasing grid fees";"Tractor-Trailer";"BAU";"%";2045;"0.417";"Sensitivity | Current Policies | Resale value";"Electricity"
"OPEX";"Taxes";"FR";"Increasing grid fees";"Rigid";"BAU";"%";2045;"0.417";"Sensitivity | Current Policies | Resale value";"Electricity"
"OPEX";"Taxes";"FR";"Increasing grid fees";"Tractor-Trailer";"BAU";"%";2045;"0.417";"Sensitivity | Current Policies | Resale value";"Electricity"
"OPEX";"Taxes";"IT";"Increasing grid fees";"Rigid";"BAU";"%";2045;"0.417";"Sensitivity | Current Policies | Resale value";"Electricity"
"OPEX";"Taxes";"IT";"Increasing grid fees";"Tractor-Trailer";"BAU";"%";2045;"0.417";"Sensitivity | Current Policies | Resale value";"Electricity"
"OPEX";"Taxes";"NL";"Increasing grid fees";"Rigid";"BAU";"%";2045;"0.417";"Sensitivity | Current Policies | Resale value";"Electricity"
"OPEX";"Taxes";"NL";"Increasing grid fees";"Tractor-Trailer";"BAU";"%";2045;"0.417";"Sensitivity | Current Policies | Resale value";"Electricity"
"OPEX";"Taxes";"PL";"Increasing grid fees";"Rigid";"BAU";"%";2045;"0.417";"Sensitivity | Current Policies | Resale value";"Electricity"
"OPEX";"Taxes";"PL";"Increasing grid fees";"Tractor-Trailer";"BAU";"%";2045;"0.417";"Sensitivity | Current Policies | Resale value";"Electricity"
"OPEX";"Taxes";"UK";"Increasing grid fees";"Rigid";"BAU";"%";2045;"0.417";"Sensitivity | Current Policies | Resale value";"Electricity"
"OPEX";"Taxes";"UK";"Increasing grid fees";"Tractor-Trailer";"BAU";"%";2045;"0.417";"Sensitivity | Current Policies | Resale value";"Electricity"
"OPEX";"Taxes";"DE";"Excise Duty - Diesel";"Rigid";"BAU";"EUR/kWh";2050;"0.047";"Sensitivity | Current Policies | Resale value";"Diesel"
"OPEX";"Taxes";"DE";"Excise Duty - Diesel";"Tractor-Trailer";"BAU";"EUR/kWh";2050;"0.047";"Sensitivity | Current Policies | Resale value";"Diesel"
"OPEX";"Taxes";"ES";"Excise Duty - Diesel";"Rigid";"BAU";"EUR/kWh";2050;"0.038";"Sensitivity | Current Policies | Resale value";"Diesel"
"OPEX";"Taxes";"ES";"Excise Duty - Diesel";"Tractor-Trailer";"BAU";"EUR/kWh";2050;"0.038";"Sensitivity | Current Policies | Resale value";"Diesel"
"OPEX";"Taxes";"FR";"Excise Duty - Diesel";"Rigid";"BAU";"EUR/kWh";2050;"0.06";"Sensitivity | Current Policies | Resale value";"Diesel"
"OPEX";"Taxes";"FR";"Excise Duty - Diesel";"Tractor-Trailer";"BAU";"EUR/kWh";2050;"0.06";"Sensitivity | Current Policies | Resale value";"Diesel"
"OPEX";"Taxes";"IT";"Excise Duty - Diesel";"Rigid";"BAU";"EUR/kWh";2050;"0.062";"Sensitivity | Current Policies | Resale value";"Diesel"
"OPEX";"Taxes";"IT";"Excise Duty - Diesel";"Tractor-Trailer";"BAU";"EUR/kWh";2050;"0.062";"Sensitivity | Current Policies | Resale value";"Diesel"
"OPEX";"Taxes";"NL";"Excise Duty - Diesel";"Rigid";"BAU";"EUR/kWh";2050;"0.053";"Sensitivity | Current Policies | Resale value";"Diesel"
"OPEX";"Taxes";"NL";"Excise Duty - Diesel";"Tractor-Trailer";"BAU";"EUR/kWh";2050;"0.053";"Sensitivity | Current Policies | Resale value";"Diesel"
"OPEX";"Taxes";"PL";"Excise Duty - Diesel";"Rigid";"BAU";"EUR/kWh";2050;"0.033";"Sensitivity | Current Policies | Resale value";"Diesel"
"OPEX";"Taxes";"PL";"Excise Duty - Diesel";"Tractor-Trailer";"BAU";"EUR/kWh";2050;"0.033";"Sensitivity | Current Policies | Resale value";"Diesel"
"OPEX";"Taxes";"UK";"Excise Duty - Diesel";"Rigid";"BAU";"EUR/kWh";2050;"0.053";"Sensitivity | Current Policies | Resale value";"Diesel"
"OPEX";"Taxes";"UK";"Excise Duty - Diesel";"Tractor-Trailer";"BAU";"EUR/kWh";2050;"0.053";"Sensitivity | Current Policies | Resale value";"Diesel"
"OPEX";"Taxes";"DE";"Excise Duty - Reduction biodiesel";"Rigid";"BAU";"%";2050;"0.5";"Sensitivity | Current Policies | Resale value";"Diesel"
"OPEX";"Taxes";"DE";"Excise Duty - Reduction biodiesel";"Tractor-Trailer";"BAU";"%";2050;"0.5";"Sensitivity | Current Policies | Resale value";"Diesel"
"OPEX";"Taxes";"ES";"Excise Duty - Reduction biodiesel";"Rigid";"BAU";"%";2050;"0.5";"Sensitivity | Current Policies | Resale value";"Diesel"
"OPEX";"Taxes";"ES";"Excise Duty - Reduction biodiesel";"Tractor-Trailer";"BAU";"%";2050;"0.5";"Sensitivity | Current Policies | Resale value";"Diesel"
"OPEX";"Taxes";"FR";"Excise Duty - Reduction biodiesel";"Rigid";"BAU";"%";2050;"0.5";"Sensitivity | Current Policies | Resale value";"Diesel"
"OPEX";"Taxes";"FR";"Excise Duty - Reduction biodiesel";"Tractor-Trailer";"BAU";"%";2050;"0.5";"Sensitivity | Current Policies | Resale value";"Diesel"
"OPEX";"Taxes";"IT";"Excise Duty - Reduction biodiesel";"Rigid";"BAU";"%";2050;"0.5";"Sensitivity | Current Policies | Resale value";"Diesel"
"OPEX";"Taxes";"IT";"Excise Duty - Reduction biodiesel";"Tractor-Trailer";"BAU";"%";2050;"0.5";"Sensitivity | Current Policies | Resale value";"Diesel"
"OPEX";"Taxes";"NL";"Excise Duty - Reduction biodiesel";"Rigid";"BAU";"%";2050;"0.5";"Sensitivity | Current Policies | Resale value";"Diesel"
"OPEX";"Taxes";"NL";"Excise Duty - Reduction biodiesel";"Tractor-Trailer";"BAU";"%";2050;"0.5";"Sensitivity | Current Policies | Resale value";"Diesel"
"OPEX";"Taxes";"PL";"Excise Duty - Reduction biodiesel";"Rigid";"BAU";"%";2050;"0.5";"Sensitivity | Current Policies | Resale value";"Diesel"
"OPEX";"Taxes";"PL";"Excise Duty - Reduction biodiesel";"Tractor-Trailer";"BAU";"%";2050;"0.5";"Sensitivity | Current Policies | Resale value";"Diesel"
"OPEX";"Taxes";"UK";"Excise Duty - Reduction biodiesel";"Rigid";"BAU";"%";2050;"0.5";"Sensitivity | Current Policies | Resale value";"Diesel"
"OPEX";"Taxes";"UK";"Excise Duty - Reduction biodiesel";"Tractor-Trailer";"BAU";"%";2050;"0.5";"Sensitivity | Current Policies | Resale value";"Diesel"
"OPEX";"Taxes";"DE";"Excise Duty - Reduction Synthetic Diesel (E-Fuels)";"Rigid";"BAU";"%";2050;"0.5";"Sensitivity | Current Policies | Resale value";"Diesel"
"OPEX";"Taxes";"DE";"Excise Duty - Reduction Synthetic Diesel (E-Fuels)";"Tractor-Trailer";"BAU";"%";2050;"0.5";"Sensitivity | Current Policies | Resale value";"Diesel"
"OPEX";"Taxes";"ES";"Excise Duty - Reduction Synthetic Diesel (E-Fuels)";"Rigid";"BAU";"%";2050;"0.5";"Sensitivity | Current Policies | Resale value";"Diesel"
"OPEX";"Taxes";"ES";"Excise Duty - Reduction Synthetic Diesel (E-Fuels)";"Tractor-Trailer";"BAU";"%";2050;"0.5";"Sensitivity | Current Policies | Resale value";"Diesel"
"OPEX";"Taxes";"FR";"Excise Duty - Reduction Synthetic Diesel (E-Fuels)";"Rigid";"BAU";"%";2050;"0.5";"Sensitivity | Current Policies | Resale value";"Diesel"
"OPEX";"Taxes";"FR";"Excise Duty - Reduction Synthetic Diesel (E-Fuels)";"Tractor-Trailer";"BAU";"%";2050;"0.5";"Sensitivity | Current Policies | Resale value";"Diesel"
"OPEX";"Taxes";"IT";"Excise Duty - Reduction Synthetic Diesel (E-Fuels)";"Rigid";"BAU";"%";2050;"0.5";"Sensitivity | Current Policies | Resale value";"Diesel"
"OPEX";"Taxes";"IT";"Excise Duty - Reduction Synthetic Diesel (E-Fuels)";"Tractor-Trailer";"BAU";"%";2050;"0.5";"Sensitivity | Current Policies | Resale value";"Diesel"
"OPEX";"Taxes";"NL";"Excise Duty - Reduction Synthetic Diesel (E-Fuels)";"Rigid";"BAU";"%";2050;"0.5";"Sensitivity | Current Policies | Resale value";"Diesel"
"OPEX";"Taxes";"NL";"Excise Duty - Reduction Synthetic Diesel (E-Fuels)";"Tractor-Trailer";"BAU";"%";2050;"0.5";"Sensitivity | Current Policies | Resale value";"Diesel"
"OPEX";"Taxes";"PL";"Excise Duty - Reduction Synthetic Diesel (E-Fuels)";"Rigid";"BAU";"%";2050;"0.5";"Sensitivity | Current Policies | Resale value";"Diesel"
"OPEX";"Taxes";"PL";"Excise Duty - Reduction Synthetic Diesel (E-Fuels)";"Tractor-Trailer";"BAU";"%";2050;"0.5";"Sensitivity | Current Policies | Resale value";"Diesel"
"OPEX";"Taxes";"UK";"Excise Duty - Reduction Synthetic Diesel (E-Fuels)";"Rigid";"BAU";"%";2050;"0.5";"Sensitivity | Current Policies | Resale value";"Diesel"
"OPEX";"Taxes";"UK";"Excise Duty - Reduction Synthetic Diesel (E-Fuels)";"Tractor-Trailer";"BAU";"%";2050;"0.5";"Sensitivity | Current Policies | Resale value";"Diesel"
"OPEX";"Taxes";"DE";"Taxes, Fees, Levies and charges - H2";"Rigid";"BAU";"EUR/kWh";2050;"0.015";"Sensitivity | Current Policies | Resale value";"Hydrogen"
"OPEX";"Taxes";"DE";"Taxes, Fees, Levies and charges - H2";"Tractor-Trailer";"BAU";"EUR/kWh";2050;"0.015";"Sensitivity | Current Policies | Resale value";"Hydrogen"
"OPEX";"Taxes";"ES";"Taxes, Fees, Levies and charges - H2";"Rigid";"BAU";"EUR/kWh";2050;"0.008";"Sensitivity | Current Policies | Resale value";"Hydrogen"
"OPEX";"Taxes";"ES";"Taxes, Fees, Levies and charges - H2";"Tractor-Trailer";"BAU";"EUR/kWh";2050;"0.008";"Sensitivity | Current Policies | Resale value";"Hydrogen"
"OPEX";"Taxes";"FR";"Taxes, Fees, Levies and charges - H2";"Rigid";"BAU";"EUR/kWh";2050;"0.012";"Sensitivity | Current Policies | Resale value";"Hydrogen"
"OPEX";"Taxes";"FR";"Taxes, Fees, Levies and charges - H2";"Tractor-Trailer";"BAU";"EUR/kWh";2050;"0.012";"Sensitivity | Current Policies | Resale value";"Hydrogen"
"OPEX";"Taxes";"IT";"Taxes, Fees, Levies and charges - H2";"Rigid";"BAU";"EUR/kWh";2050;"0.009";"Sensitivity | Current Policies | Resale value";"Hydrogen"
"OPEX";"Taxes";"IT";"Taxes, Fees, Levies and charges - H2";"Tractor-Trailer";"BAU";"EUR/kWh";2050;"0.009";"Sensitivity | Current Policies | Resale value";"Hydrogen"
"OPEX";"Taxes";"NL";"Taxes, Fees, Levies and charges - H2";"Rigid";"BAU";"EUR/kWh";2050;"0.024";"Sensitivity | Current Policies | Resale value";"Hydrogen"
"OPEX";"Taxes";"NL";"Taxes, Fees, Levies and charges - H2";"Tractor-Trailer";"BAU";"EUR/kWh";2050;"0.024";"Sensitivity | Current Policies | Resale value";"Hydrogen"
"OPEX";"Taxes";"PL";"Taxes, Fees, Levies and charges - H2";"Rigid";"BAU";"EUR/kWh";2050;"0.009";"Sensitivity | Current Policies | Resale value";"Hydrogen"
"OPEX";"Taxes";"PL";"Taxes, Fees, Levies and charges - H2";"Tractor-Trailer";"BAU";"EUR/kWh";2050;"0.009";"Sensitivity | Current Policies | Resale value";"Hydrogen"
"OPEX";"Taxes";"UK";"Taxes, Fees, Levies and charges - H2";"Rigid";"BAU";"EUR/kWh";2050;"0.006";"Sensitivity | Current Policies | Resale value";"Hydrogen"
"OPEX";"Taxes";"UK";"Taxes, Fees, Levies and charges - H2";"Tractor-Trailer";"BAU";"EUR/kWh";2050;"0.006";"Sensitivity | Current Policies | Resale value";"Hydrogen"
"OPEX";"Charging Infrastructure";"DE";"MCS grid extension";"Rigid";"BAU";"EUR/kWh";2050;"0.035";"Sensitivity | Current Policies | Resale value";"Electricity"
"OPEX";"Charging Infrastructure";"DE";"MCS grid extension";"Tractor-Trailer";"BAU";"EUR/kWh";2050;"0.035";"Sensitivity | Current Policies | Resale value";"Electricity"
"OPEX";"Charging Infrastructure";"ES";"MCS grid extension";"Rigid";"BAU";"EUR/kWh";2050;"0.035";"Sensitivity | Current Policies | Resale value";"Electricity"
"OPEX";"Charging Infrastructure";"ES";"MCS grid extension";"Tractor-Trailer";"BAU";"EUR/kWh";2050;"0.035";"Sensitivity | Current Policies | Resale value";"Electricity"
"OPEX";"Charging Infrastructure";"FR";"MCS grid extension";"Rigid";"BAU";"EUR/kWh";2050;"0.035";"Sensitivity | Current Policies | Resale value";"Electricity"
"OPEX";"Charging Infrastructure";"FR";"MCS grid extension";"Tractor-Trailer";"BAU";"EUR/kWh";2050;"0.035";"Sensitivity | Current Policies | Resale value";"Electricity"
"OPEX";"Charging Infrastructure";"IT";"MCS grid extension";"Rigid";"BAU";"EUR/kWh";2050;"0.035";"Sensitivity | Current Policies | Resale value";"Electricity"
"OPEX";"Charging Infrastructure";"IT";"MCS grid extension";"Tractor-Trailer";"BAU";"EUR/kWh";2050;"0.035";"Sensitivity | Current Policies | Resale value";"Electricity"
"OPEX";"Charging Infrastructure";"NL";"MCS grid extension";"Rigid";"BAU";"EUR/kWh";2050;"0.035";"Sensitivity | Current Policies | Resale value";"Electricity"
"OPEX";"Charging Infrastructure";"NL";"MCS grid extension";"Tractor-Trailer";"BAU";"EUR/kWh";2050;"0.035";"Sensitivity | Current Policies | Resale value";"Electricity"
"OPEX";"Charging Infrastructure";"PL";"MCS grid extension";"Rigid";"BAU";"EUR/kWh";2050;"0.035";"Sensitivity | Current Policies | Resale value";"Electricity"
"OPEX";"Charging Infrastructure";"PL";"MCS grid extension";"Tractor-Trailer";"BAU";"EUR/kWh";2050;"0.035";"Sensitivity | Current Policies | Resale value";"Electricity"
"OPEX";"Charging Infrastructure";"UK";"MCS grid extension";"Rigid";"BAU";"EUR/kWh";2050;"0.035";"Sensitivity | Current Policies | Resale value";"Electricity"
"OPEX";"Charging Infrastructure";"UK";"MCS grid extension";"Tractor-Trailer";"BAU";"EUR/kWh";2050;"0.035";"Sensitivity | Current Policies | Resale value";"Electricity"
"OPEX";"Charging Infrastructure";"DE";"MCS Profit and Mark-Up";"Rigid";"BAU";"%";2050;"0.1";"Sensitivity | Current Policies | Resale value";"Electricity"
"OPEX";"Charging Infrastructure";"DE";"MCS Profit and Mark-Up";"Tractor-Trailer";"BAU";"%";2050;"0.1";"Sensitivity | Current Policies | Resale value";"Electricity"
"OPEX";"Charging Infrastructure";"ES";"MCS Profit and Mark-Up";"Rigid";"BAU";"%";2050;"0.1";"Sensitivity | Current Policies | Resale value";"Electricity"
"OPEX";"Charging Infrastructure";"ES";"MCS Profit and Mark-Up";"Tractor-Trailer";"BAU";"%";2050;"0.1";"Sensitivity | Current Policies | Resale value";"Electricity"
"OPEX";"Charging Infrastructure";"FR";"MCS Profit and Mark-Up";"Rigid";"BAU";"%";2050;"0.1";"Sensitivity | Current Policies | Resale value";"Electricity"
"OPEX";"Charging Infrastructure";"FR";"MCS Profit and Mark-Up";"Tractor-Trailer";"BAU";"%";2050;"0.1";"Sensitivity | Current Policies | Resale value";"Electricity"
"OPEX";"Charging Infrastructure";"IT";"MCS Profit and Mark-Up";"Rigid";"BAU";"%";2050;"0.1";"Sensitivity | Current Policies | Resale value";"Electricity"
"OPEX";"Charging Infrastructure";"IT";"MCS Profit and Mark-Up";"Tractor-Trailer";"BAU";"%";2050;"0.1";"Sensitivity | Current Policies | Resale value";"Electricity"
"OPEX";"Charging Infrastructure";"NL";"MCS Profit and Mark-Up";"Rigid";"BAU";"%";2050;"0.1";"Sensitivity | Current Policies | Resale value";"Electricity"
"OPEX";"Charging Infrastructure";"NL";"MCS Profit and Mark-Up";"Tractor-Trailer";"BAU";"%";2050;"0.1";"Sensitivity | Current Policies | Resale value";"Electricity"
"OPEX";"Charging Infrastructure";"PL";"MCS Profit and Mark-Up";"Rigid";"BAU";"%";2050;"0.1";"Sensitivity | Current Policies | Resale value";"Electricity"
"OPEX";"Charging Infrastructure";"PL";"MCS Profit and Mark-Up";"Tractor-Trailer";"BAU";"%";2050;"0.1";"Sensitivity | Current Policies | Resale value";"Electricity"
"OPEX";"Charging Infrastructure";"UK";"MCS Profit and Mark-Up";"Rigid";"BAU";"%";2050;"0.1";"Sensitivity | Current Policies | Resale value";"Electricity"
"OPEX";"Charging Infrastructure";"UK";"MCS Profit and Mark-Up";"Tractor-Trailer";"BAU";"%";2050;"0.1";"Sensitivity | Current Policies | Resale value";"Electricity"
"OPEX";"Charging Infrastructure";"DE";"CCS Station (Depot) - Incl. Overhead";"Rigid";"BAU";"EUR/kWh";2050;"0.019";"Sensitivity | Current Policies | Resale value";"Electricity"
"OPEX";"Charging Infrastructure";"DE";"CCS Station (Depot) - Incl. Overhead";"Tractor-Trailer";"BAU";"EUR/kWh";2050;"0.019";"Sensitivity | Current Policies | Resale value";"Electricity"
"OPEX";"Charging Infrastructure";"ES";"CCS Station (Depot) - Incl. Overhead";"Rigid";"BAU";"EUR/kWh";2050;"0.019";"Sensitivity | Current Policies | Resale value";"Electricity"
"OPEX";"Charging Infrastructure";"ES";"CCS Station (Depot) - Incl. Overhead";"Tractor-Trailer";"BAU";"EUR/kWh";2050;"0.019";"Sensitivity | Current Policies | Resale value";"Electricity"
"OPEX";"Charging Infrastructure";"FR";"CCS Station (Depot) - Incl. Overhead";"Rigid";"BAU";"EUR/kWh";2050;"0.019";"Sensitivity | Current Policies | Resale value";"Electricity"
"OPEX";"Charging Infrastructure";"FR";"CCS Station (Depot) - Incl. Overhead";"Tractor-Trailer";"BAU";"EUR/kWh";2050;"0.019";"Sensitivity | Current Policies | Resale value";"Electricity"
"OPEX";"Charging Infrastructure";"IT";"CCS Station (Depot) - Incl. Overhead";"Rigid";"BAU";"EUR/kWh";2050;"0.019";"Sensitivity | Current Policies | Resale value";"Electricity"
"OPEX";"Charging Infrastructure";"IT";"CCS Station (Depot) - Incl. Overhead";"Tractor-Trailer";"BAU";"EUR/kWh";2050;"0.019";"Sensitivity | Current Policies | Resale value";"Electricity"
"OPEX";"Charging Infrastructure";"NL";"CCS Station (Depot) - Incl. Overhead";"Rigid";"BAU";"EUR/kWh";2050;"0.019";"Sensitivity | Current Policies | Resale value";"Electricity"
"OPEX";"Charging Infrastructure";"NL";"CCS Station (Depot) - Incl. Overhead";"Tractor-Trailer";"BAU";"EUR/kWh";2050;"0.019";"Sensitivity | Current Policies | Resale value";"Electricity"
"OPEX";"Charging Infrastructure";"PL";"CCS Station (Depot) - Incl. Overhead";"Rigid";"BAU";"EUR/kWh";2050;"0.019";"Sensitivity | Current Policies | Resale value";"Electricity"
"OPEX";"Charging Infrastructure";"PL";"CCS Station (Depot) - Incl. Overhead";"Tractor-Trailer";"BAU";"EUR/kWh";2050;"0.019";"Sensitivity | Current Policies | Resale value";"Electricity"
"OPEX";"Charging Infrastructure";"UK";"CCS Station (Depot) - Incl. Overhead";"Rigid";"BAU";"EUR/kWh";2050;"0.019";"Sensitivity | Current Policies | Resale value";"Electricity"
"OPEX";"Charging Infrastructure";"UK";"CCS Station (Depot) - Incl. Overhead";"Tractor-Trailer";"BAU";"EUR/kWh";2050;"0.019";"Sensitivity | Current Policies | Resale value";"Electricity"
"OPEX";"Charging Infrastructure";"DE";"CCS grid extension";"Rigid";"BAU";"EUR/kWh";2050;"0.045";"Sensitivity | Current Policies | Resale value";"Electricity"
"OPEX";"Charging Infrastructure";"DE";"CCS grid extension";"Tractor-Trailer";"BAU";"EUR/kWh";2050;"0.045";"Sensitivity | Current Policies | Resale value";"Electricity"
"OPEX";"Charging Infrastructure";"ES";"CCS grid extension";"Rigid";"BAU";"EUR/kWh";2050;"0.045";"Sensitivity | Current Policies | Resale value";"Electricity"
"OPEX";"Charging Infrastructure";"ES";"CCS grid extension";"Tractor-Trailer";"BAU";"EUR/kWh";2050;"0.045";"Sensitivity | Current Policies | Resale value";"Electricity"
"OPEX";"Charging Infrastructure";"FR";"CCS grid extension";"Rigid";"BAU";"EUR/kWh";2050;"0.045";"Sensitivity | Current Policies | Resale value";"Electricity"
"OPEX";"Charging Infrastructure";"FR";"CCS grid extension";"Tractor-Trailer";"BAU";"EUR/kWh";2050;"0.045";"Sensitivity | Current Policies | Resale value";"Electricity"
"OPEX";"Charging Infrastructure";"IT";"CCS grid extension";"Rigid";"BAU";"EUR/kWh";2050;"0.045";"Sensitivity | Current Policies | Resale value";"Electricity"
"OPEX";"Charging Infrastructure";"IT";"CCS grid extension";"Tractor-Trailer";"BAU";"EUR/kWh";2050;"0.045";"Sensitivity | Current Policies | Resale value";"Electricity"
"OPEX";"Charging Infrastructure";"NL";"CCS grid extension";"Rigid";"BAU";"EUR/kWh";2050;"0.045";"Sensitivity | Current Policies | Resale value";"Electricity"
"OPEX";"Charging Infrastructure";"NL";"CCS grid extension";"Tractor-Trailer";"BAU";"EUR/kWh";2050;"0.045";"Sensitivity | Current Policies | Resale value";"Electricity"
"OPEX";"Charging Infrastructure";"PL";"CCS grid extension";"Rigid";"BAU";"EUR/kWh";2050;"0.045";"Sensitivity | Current Policies | Resale value";"Electricity"
"OPEX";"Charging Infrastructure";"PL";"CCS grid extension";"Tractor-Trailer";"BAU";"EUR/kWh";2050;"0.045";"Sensitivity | Current Policies | Resale value";"Electricity"
"OPEX";"Charging Infrastructure";"UK";"CCS grid extension";"Rigid";"BAU";"EUR/kWh";2050;"0.045";"Sensitivity | Current Policies | Resale value";"Electricity"
"OPEX";"Charging Infrastructure";"UK";"CCS grid extension";"Tractor-Trailer";"BAU";"EUR/kWh";2050;"0.045";"Sensitivity | Current Policies | Resale value";"Electricity"
"OPEX";"Diesel Infrastructure";"DE";"Total Diesel Mark-Up";"Rigid";"BAU";"EUR/kWh";2050;"0.018";"Sensitivity | Current Policies | Resale value";"Diesel"
"OPEX";"Diesel Infrastructure";"DE";"Total Diesel Mark-Up";"Tractor-Trailer";"BAU";"EUR/kWh";2050;"0.018";"Sensitivity | Current Policies | Resale value";"Diesel"
"OPEX";"Diesel Infrastructure";"ES";"Total Diesel Mark-Up";"Rigid";"BAU";"EUR/kWh";2050;"0.018";"Sensitivity | Current Policies | Resale value";"Diesel"
"OPEX";"Diesel Infrastructure";"ES";"Total Diesel Mark-Up";"Tractor-Trailer";"BAU";"EUR/kWh";2050;"0.018";"Sensitivity | Current Policies | Resale value";"Diesel"
"OPEX";"Diesel Infrastructure";"FR";"Total Diesel Mark-Up";"Rigid";"BAU";"EUR/kWh";2050;"0.018";"Sensitivity | Current Policies | Resale value";"Diesel"
"OPEX";"Diesel Infrastructure";"FR";"Total Diesel Mark-Up";"Tractor-Trailer";"BAU";"EUR/kWh";2050;"0.018";"Sensitivity | Current Policies | Resale value";"Diesel"
"OPEX";"Diesel Infrastructure";"IT";"Total Diesel Mark-Up";"Rigid";"BAU";"EUR/kWh";2050;"0.018";"Sensitivity | Current Policies | Resale value";"Diesel"
"OPEX";"Diesel Infrastructure";"IT";"Total Diesel Mark-Up";"Tractor-Trailer";"BAU";"EUR/kWh";2050;"0.018";"Sensitivity | Current Policies | Resale value";"Diesel"
"OPEX";"Diesel Infrastructure";"NL";"Total Diesel Mark-Up";"Rigid";"BAU";"EUR/kWh";2050;"0.018";"Sensitivity | Current Policies | Resale value";"Diesel"
"OPEX";"Diesel Infrastructure";"NL";"Total Diesel Mark-Up";"Tractor-Trailer";"BAU";"EUR/kWh";2050;"0.018";"Sensitivity | Current Policies | Resale value";"Diesel"
"OPEX";"Diesel Infrastructure";"PL";"Total Diesel Mark-Up";"Rigid";"BAU";"EUR/kWh";2050;"0.018";"Sensitivity | Current Policies | Resale value";"Diesel"
"OPEX";"Diesel Infrastructure";"PL";"Total Diesel Mark-Up";"Tractor-Trailer";"BAU";"EUR/kWh";2050;"0.018";"Sensitivity | Current Policies | Resale value";"Diesel"
"OPEX";"Diesel Infrastructure";"UK";"Total Diesel Mark-Up";"Rigid";"BAU";"EUR/kWh";2050;"0.018";"Sensitivity | Current Policies | Resale value";"Diesel"
"OPEX";"Diesel Infrastructure";"UK";"Total Diesel Mark-Up";"Tractor-Trailer";"BAU";"EUR/kWh";2050;"0.018";"Sensitivity | Current Policies | Resale value";"Diesel"
"OPEX";"Diesel Infrastructure";"DE";"CO2 emission factor Biodiesel";"Rigid";"BAU";"%";2050;"0.152";"Sensitivity | Current Policies | Resale value";"Diesel"
"OPEX";"Diesel Infrastructure";"DE";"CO2 emission factor Biodiesel";"Tractor-Trailer";"BAU";"%";2050;"0.152";"Sensitivity | Current Policies | Resale value";"Diesel"
"OPEX";"Diesel Infrastructure";"ES";"CO2 emission factor Biodiesel";"Rigid";"BAU";"%";2050;"0.152";"Sensitivity | Current Policies | Resale value";"Diesel"
"OPEX";"Diesel Infrastructure";"ES";"CO2 emission factor Biodiesel";"Tractor-Trailer";"BAU";"%";2050;"0.152";"Sensitivity | Current Policies | Resale value";"Diesel"
"OPEX";"Diesel Infrastructure";"FR";"CO2 emission factor Biodiesel";"Rigid";"BAU";"%";2050;"0.152";"Sensitivity | Current Policies | Resale value";"Diesel"
"OPEX";"Diesel Infrastructure";"FR";"CO2 emission factor Biodiesel";"Tractor-Trailer";"BAU";"%";2050;"0.152";"Sensitivity | Current Policies | Resale value";"Diesel"
"OPEX";"Diesel Infrastructure";"IT";"CO2 emission factor Biodiesel";"Rigid";"BAU";"%";2050;"0.152";"Sensitivity | Current Policies | Resale value";"Diesel"
"OPEX";"Diesel Infrastructure";"IT";"CO2 emission factor Biodiesel";"Tractor-Trailer";"BAU";"%";2050;"0.152";"Sensitivity | Current Policies | Resale value";"Diesel"
"OPEX";"Diesel Infrastructure";"NL";"CO2 emission factor Biodiesel";"Rigid";"BAU";"%";2050;"0.152";"Sensitivity | Current Policies | Resale value";"Diesel"
"OPEX";"Diesel Infrastructure";"NL";"CO2 emission factor Biodiesel";"Tractor-Trailer";"BAU";"%";2050;"0.152";"Sensitivity | Current Policies | Resale value";"Diesel"
"OPEX";"Diesel Infrastructure";"PL";"CO2 emission factor Biodiesel";"Rigid";"BAU";"%";2050;"0.152";"Sensitivity | Current Policies | Resale value";"Diesel"
"OPEX";"Diesel Infrastructure";"PL";"CO2 emission factor Biodiesel";"Tractor-Trailer";"BAU";"%";2050;"0.152";"Sensitivity | Current Policies | Resale value";"Diesel"
"OPEX";"Diesel Infrastructure";"UK";"CO2 emission factor Biodiesel";"Rigid";"BAU";"%";2050;"0.152";"Sensitivity | Current Policies | Resale value";"Diesel"
"OPEX";"Diesel Infrastructure";"UK";"CO2 emission factor Biodiesel";"Tractor-Trailer";"BAU";"%";2050;"0.152";"Sensitivity | Current Policies | Resale value";"Diesel"
"OPEX";"Diesel Infrastructure";"DE";"CO2 emission factor Pt-Diesel";"Rigid";"BAU";"%";2050;"0";"Sensitivity | Current Policies | Resale value";"Diesel"
"OPEX";"Diesel Infrastructure";"DE";"CO2 emission factor Pt-Diesel";"Tractor-Trailer";"BAU";"%";2050;"0";"Sensitivity | Current Policies | Resale value";"Diesel"
"OPEX";"Diesel Infrastructure";"ES";"CO2 emission factor Pt-Diesel";"Rigid";"BAU";"%";2050;"0";"Sensitivity | Current Policies | Resale value";"Diesel"
"OPEX";"Diesel Infrastructure";"ES";"CO2 emission factor Pt-Diesel";"Tractor-Trailer";"BAU";"%";2050;"0";"Sensitivity | Current Policies | Resale value";"Diesel"
"OPEX";"Diesel Infrastructure";"FR";"CO2 emission factor Pt-Diesel";"Rigid";"BAU";"%";2050;"0";"Sensitivity | Current Policies | Resale value";"Diesel"
"OPEX";"Diesel Infrastructure";"FR";"CO2 emission factor Pt-Diesel";"Tractor-Trailer";"BAU";"%";2050;"0";"Sensitivity | Current Policies | Resale value";"Diesel"
"OPEX";"Diesel Infrastructure";"IT";"CO2 emission factor Pt-Diesel";"Rigid";"BAU";"%";2050;"0";"Sensitivity | Current Policies | Resale value";"Diesel"
"OPEX";"Diesel Infrastructure";"IT";"CO2 emission factor Pt-Diesel";"Tractor-Trailer";"BAU";"%";2050;"0";"Sensitivity | Current Policies | Resale value";"Diesel"
"OPEX";"Diesel Infrastructure";"NL";"CO2 emission factor Pt-Diesel";"Rigid";"BAU";"%";2050;"0";"Sensitivity | Current Policies | Resale value";"Diesel"
"OPEX";"Diesel Infrastructure";"NL";"CO2 emission factor Pt-Diesel";"Tractor-Trailer";"BAU";"%";2050;"0";"Sensitivity | Current Policies | Resale value";"Diesel"
"OPEX";"Diesel Infrastructure";"PL";"CO2 emission factor Pt-Diesel";"Rigid";"BAU";"%";2050;"0";"Sensitivity | Current Policies | Resale value";"Diesel"
"OPEX";"Diesel Infrastructure";"PL";"CO2 emission factor Pt-Diesel";"Tractor-Trailer";"BAU";"%";2050;"0";"Sensitivity | Current Policies | Resale value";"Diesel"
"OPEX";"Diesel Infrastructure";"UK";"CO2 emission factor Pt-Diesel";"Rigid";"BAU";"%";2050;"0";"Sensitivity | Current Policies | Resale value";"Diesel"
"OPEX";"Diesel Infrastructure";"UK";"CO2 emission factor Pt-Diesel";"Tractor-Trailer";"BAU";"%";2050;"0";"Sensitivity | Current Policies | Resale value";"Diesel"
"OPEX";"Taxes";"DE";"Network Costs - MCS";"Rigid";"BAU";"EUR/kWh";2050;"0.034";"Sensitivity | Current Policies | Resale value";"Electricity"
"OPEX";"Taxes";"DE";"Network Costs - MCS";"Tractor-Trailer";"BAU";"EUR/kWh";2050;"0.034";"Sensitivity | Current Policies | Resale value";"Electricity"
"OPEX";"Taxes";"ES";"Network Costs - MCS";"Rigid";"BAU";"EUR/kWh";2050;"0.018";"Sensitivity | Current Policies | Resale value";"Electricity"
"OPEX";"Taxes";"ES";"Network Costs - MCS";"Tractor-Trailer";"BAU";"EUR/kWh";2050;"0.018";"Sensitivity | Current Policies | Resale value";"Electricity"
"OPEX";"Taxes";"FR";"Network Costs - MCS";"Rigid";"BAU";"EUR/kWh";2050;"0.018";"Sensitivity | Current Policies | Resale value";"Electricity"
"OPEX";"Taxes";"FR";"Network Costs - MCS";"Tractor-Trailer";"BAU";"EUR/kWh";2050;"0.018";"Sensitivity | Current Policies | Resale value";"Electricity"
"OPEX";"Taxes";"IT";"Network Costs - MCS";"Rigid";"BAU";"EUR/kWh";2050;"0.015";"Sensitivity | Current Policies | Resale value";"Electricity"
"OPEX";"Taxes";"IT";"Network Costs - MCS";"Tractor-Trailer";"BAU";"EUR/kWh";2050;"0.015";"Sensitivity | Current Policies | Resale value";"Electricity"
"OPEX";"Taxes";"NL";"Network Costs - MCS";"Rigid";"BAU";"EUR/kWh";2050;"0.016";"Sensitivity | Current Policies | Resale value";"Electricity"
"OPEX";"Taxes";"NL";"Network Costs - MCS";"Tractor-Trailer";"BAU";"EUR/kWh";2050;"0.016";"Sensitivity | Current Policies | Resale value";"Electricity"
"OPEX";"Taxes";"PL";"Network Costs - MCS";"Rigid";"BAU";"EUR/kWh";2050;"0.019";"Sensitivity | Current Policies | Resale value";"Electricity"
"OPEX";"Taxes";"PL";"Network Costs - MCS";"Tractor-Trailer";"BAU";"EUR/kWh";2050;"0.019";"Sensitivity | Current Policies | Resale value";"Electricity"
"OPEX";"Taxes";"UK";"Network Costs - MCS";"Rigid";"BAU";"EUR/kWh";2050;"0.027";"Sensitivity | Current Policies | Resale value";"Electricity"
"OPEX";"Taxes";"UK";"Network Costs - MCS";"Tractor-Trailer";"BAU";"EUR/kWh";2050;"0.027";"Sensitivity | Current Policies | Resale value";"Electricity"
"OPEX";"Taxes";"DE";"Taxes, Fees, Levies and charges - MCS";"Rigid";"BAU";"EUR/kWh";2050;"0.056";"Sensitivity | Current Policies | Resale value";"Electricity"
"OPEX";"Taxes";"DE";"Taxes, Fees, Levies and charges - MCS";"Tractor-Trailer";"BAU";"EUR/kWh";2050;"0.056";"Sensitivity | Current Policies | Resale value";"Electricity"
"OPEX";"Taxes";"ES";"Taxes, Fees, Levies and charges - MCS";"Rigid";"BAU";"EUR/kWh";2050;"0.036";"Sensitivity | Current Policies | Resale value";"Electricity"
"OPEX";"Taxes";"ES";"Taxes, Fees, Levies and charges - MCS";"Tractor-Trailer";"BAU";"EUR/kWh";2050;"0.036";"Sensitivity | Current Policies | Resale value";"Electricity"
"OPEX";"Taxes";"FR";"Taxes, Fees, Levies and charges - MCS";"Rigid";"BAU";"EUR/kWh";2050;"0.03";"Sensitivity | Current Policies | Resale value";"Electricity"
"OPEX";"Taxes";"FR";"Taxes, Fees, Levies and charges - MCS";"Tractor-Trailer";"BAU";"EUR/kWh";2050;"0.03";"Sensitivity | Current Policies | Resale value";"Electricity"
"OPEX";"Taxes";"IT";"Taxes, Fees, Levies and charges - MCS";"Rigid";"BAU";"EUR/kWh";2050;"0.062";"Sensitivity | Current Policies | Resale value";"Electricity"
"OPEX";"Taxes";"IT";"Taxes, Fees, Levies and charges - MCS";"Tractor-Trailer";"BAU";"EUR/kWh";2050;"0.062";"Sensitivity | Current Policies | Resale value";"Electricity"
"OPEX";"Taxes";"NL";"Taxes, Fees, Levies and charges - MCS";"Rigid";"BAU";"EUR/kWh";2050;"0.055";"Sensitivity | Current Policies | Resale value";"Electricity"
"OPEX";"Taxes";"NL";"Taxes, Fees, Levies and charges - MCS";"Tractor-Trailer";"BAU";"EUR/kWh";2050;"0.055";"Sensitivity | Current Policies | Resale value";"Electricity"
"OPEX";"Taxes";"PL";"Taxes, Fees, Levies and charges - MCS";"Rigid";"BAU";"EUR/kWh";2050;"0.049";"Sensitivity | Current Policies | Resale value";"Electricity"
"OPEX";"Taxes";"PL";"Taxes, Fees, Levies and charges - MCS";"Tractor-Trailer";"BAU";"EUR/kWh";2050;"0.049";"Sensitivity | Current Policies | Resale value";"Electricity"
"OPEX";"Taxes";"UK";"Taxes, Fees, Levies and charges - MCS";"Rigid";"BAU";"EUR/kWh";2050;"0.077";"Sensitivity | Current Policies | Resale value";"Electricity"
"OPEX";"Taxes";"UK";"Taxes, Fees, Levies and charges - MCS";"Tractor-Trailer";"BAU";"EUR/kWh";2050;"0.077";"Sensitivity | Current Policies | Resale value";"Electricity"
"OPEX";"Taxes";"DE";"Network Costs - Depot";"Rigid";"BAU";"EUR/kWh";2050;"0.034";"Sensitivity | Current Policies | Resale value";"Electricity"
"OPEX";"Taxes";"DE";"Network Costs - Depot";"Tractor-Trailer";"BAU";"EUR/kWh";2050;"0.034";"Sensitivity | Current Policies | Resale value";"Electricity"
"OPEX";"Taxes";"ES";"Network Costs - Depot";"Rigid";"BAU";"EUR/kWh";2050;"0.018";"Sensitivity | Current Policies | Resale value";"Electricity"
"OPEX";"Taxes";"ES";"Network Costs - Depot";"Tractor-Trailer";"BAU";"EUR/kWh";2050;"0.018";"Sensitivity | Current Policies | Resale value";"Electricity"
"OPEX";"Taxes";"FR";"Network Costs - Depot";"Rigid";"BAU";"EUR/kWh";2050;"0.018";"Sensitivity | Current Policies | Resale value";"Electricity"
"OPEX";"Taxes";"FR";"Network Costs - Depot";"Tractor-Trailer";"BAU";"EUR/kWh";2050;"0.018";"Sensitivity | Current Policies | Resale value";"Electricity"
"OPEX";"Taxes";"IT";"Network Costs - Depot";"Rigid";"BAU";"EUR/kWh";2050;"0.016";"Sensitivity | Current Policies | Resale value";"Electricity"
"OPEX";"Taxes";"IT";"Network Costs - Depot";"Tractor-Trailer";"BAU";"EUR/kWh";2050;"0.016";"Sensitivity | Current Policies | Resale value";"Electricity"
"OPEX";"Taxes";"NL";"Network Costs - Depot";"Rigid";"BAU";"EUR/kWh";2050;"0.016";"Sensitivity | Current Policies | Resale value";"Electricity"
"OPEX";"Taxes";"NL";"Network Costs - Depot";"Tractor-Trailer";"BAU";"EUR/kWh";2050;"0.016";"Sensitivity | Current Policies | Resale value";"Electricity"
"OPEX";"Taxes";"PL";"Network Costs - Depot";"Rigid";"BAU";"EUR/kWh";2050;"0.019";"Sensitivity | Current Policies | Resale value";"Electricity"
"OPEX";"Taxes";"PL";"Network Costs - Depot";"Tractor-Trailer";"BAU";"EUR/kWh";2050;"0.019";"Sensitivity | Current Policies | Resale value";"Electricity"
"OPEX";"Taxes";"UK";"Network Costs - Depot";"Rigid";"BAU";"EUR/kWh";2050;"0.027";"Sensitivity | Current Policies | Resale value";"Electricity"
"OPEX";"Taxes";"UK";"Network Costs - Depot";"Tractor-Trailer";"BAU";"EUR/kWh";2050;"0.027";"Sensitivity | Current Policies | Resale value";"Electricity"
"OPEX";"Taxes";"DE";"Taxes, Fees, Levies and charges - Depot";"Rigid";"BAU";"EUR/kWh";2050;"0.056";"Sensitivity | Current Policies | Resale value";"Electricity"
"OPEX";"Taxes";"DE";"Taxes, Fees, Levies and charges - Depot";"Tractor-Trailer";"BAU";"EUR/kWh";2050;"0.056";"Sensitivity | Current Policies | Resale value";"Electricity"
"OPEX";"Taxes";"ES";"Taxes, Fees, Levies and charges - Depot";"Rigid";"BAU";"EUR/kWh";2050;"0.036";"Sensitivity | Current Policies | Resale value";"Electricity"
"OPEX";"Taxes";"ES";"Taxes, Fees, Levies and charges - Depot";"Tractor-Trailer";"BAU";"EUR/kWh";2050;"0.036";"Sensitivity | Current Policies | Resale value";"Electricity"
"OPEX";"Taxes";"FR";"Taxes, Fees, Levies and charges - Depot";"Rigid";"BAU";"EUR/kWh";2050;"0.03";"Sensitivity | Current Policies | Resale value";"Electricity"
"OPEX";"Taxes";"FR";"Taxes, Fees, Levies and charges - Depot";"Tractor-Trailer";"BAU";"EUR/kWh";2050;"0.03";"Sensitivity | Current Policies | Resale value";"Electricity"
"OPEX";"Taxes";"IT";"Taxes, Fees, Levies and charges - Depot";"Rigid";"BAU";"EUR/kWh";2050;"0.063";"Sensitivity | Current Policies | Resale value";"Electricity"
"OPEX";"Taxes";"IT";"Taxes, Fees, Levies and charges - Depot";"Tractor-Trailer";"BAU";"EUR/kWh";2050;"0.063";"Sensitivity | Current Policies | Resale value";"Electricity"
"OPEX";"Taxes";"NL";"Taxes, Fees, Levies and charges - Depot";"Rigid";"BAU";"EUR/kWh";2050;"0.055";"Sensitivity | Current Policies | Resale value";"Electricity"
"OPEX";"Taxes";"NL";"Taxes, Fees, Levies and charges - Depot";"Tractor-Trailer";"BAU";"EUR/kWh";2050;"0.055";"Sensitivity | Current Policies | Resale value";"Electricity"
"OPEX";"Taxes";"PL";"Taxes, Fees, Levies and charges - Depot";"Rigid";"BAU";"EUR/kWh";2050;"0.049";"Sensitivity | Current Policies | Resale value";"Electricity"
"OPEX";"Taxes";"PL";"Taxes, Fees, Levies and charges - Depot";"Tractor-Trailer";"BAU";"EUR/kWh";2050;"0.049";"Sensitivity | Current Policies | Resale value";"Electricity"
"OPEX";"Taxes";"UK";"Taxes, Fees, Levies and charges - Depot";"Rigid";"BAU";"EUR/kWh";2050;"0.077";"Sensitivity | Current Policies | Resale value";"Electricity"
"OPEX";"Taxes";"UK";"Taxes, Fees, Levies and charges - Depot";"Tractor-Trailer";"BAU";"EUR/kWh";2050;"0.077";"Sensitivity | Current Policies | Resale value";"Electricity"
"OPEX";"H2 Infrastructure";"DE";"HRS costs";"Rigid";"BAU";"EUR/kg H2";2050;"1";"Sensitivity | Current Policies | Resale value";"Hydrogen"
"OPEX";"H2 Infrastructure";"DE";"HRS costs";"Tractor-Trailer";"BAU";"EUR/kg H2";2050;"1";"Sensitivity | Current Policies | Resale value";"Hydrogen"
"OPEX";"H2 Infrastructure";"ES";"HRS costs";"Rigid";"BAU";"EUR/kg H2";2050;"1";"Sensitivity | Current Policies | Resale value";"Hydrogen"
"OPEX";"H2 Infrastructure";"ES";"HRS costs";"Tractor-Trailer";"BAU";"EUR/kg H2";2050;"1";"Sensitivity | Current Policies | Resale value";"Hydrogen"
"OPEX";"H2 Infrastructure";"FR";"HRS costs";"Rigid";"BAU";"EUR/kg H2";2050;"1";"Sensitivity | Current Policies | Resale value";"Hydrogen"
"OPEX";"H2 Infrastructure";"FR";"HRS costs";"Tractor-Trailer";"BAU";"EUR/kg H2";2050;"1";"Sensitivity | Current Policies | Resale value";"Hydrogen"
"OPEX";"H2 Infrastructure";"IT";"HRS costs";"Rigid";"BAU";"EUR/kg H2";2050;"1";"Sensitivity | Current Policies | Resale value";"Hydrogen"
"OPEX";"H2 Infrastructure";"IT";"HRS costs";"Tractor-Trailer";"BAU";"EUR/kg H2";2050;"1";"Sensitivity | Current Policies | Resale value";"Hydrogen"
"OPEX";"H2 Infrastructure";"NL";"HRS costs";"Rigid";"BAU";"EUR/kg H2";2050;"1";"Sensitivity | Current Policies | Resale value";"Hydrogen"
"OPEX";"H2 Infrastructure";"NL";"HRS costs";"Tractor-Trailer";"BAU";"EUR/kg H2";2050;"1";"Sensitivity | Current Policies | Resale value";"Hydrogen"
"OPEX";"H2 Infrastructure";"PL";"HRS costs";"Rigid";"BAU";"EUR/kg H2";2050;"1";"Sensitivity | Current Policies | Resale value";"Hydrogen"
"OPEX";"H2 Infrastructure";"PL";"HRS costs";"Tractor-Trailer";"BAU";"EUR/kg H2";2050;"1";"Sensitivity | Current Policies | Resale value";"Hydrogen"
"OPEX";"H2 Infrastructure";"UK";"HRS costs";"Rigid";"BAU";"EUR/kg H2";2050;"1";"Sensitivity | Current Policies | Resale value";"Hydrogen"
"OPEX";"H2 Infrastructure";"UK";"HRS costs";"Tractor-Trailer";"BAU";"EUR/kg H2";2050;"1";"Sensitivity | Current Policies | Resale value";"Hydrogen"
"OPEX";"H2 Infrastructure";"DE";"H2 transport and distribution";"Rigid";"BAU";"EUR/kg H2";2050;"1";"Sensitivity | Current Policies | Resale value";"Hydrogen"
"OPEX";"H2 Infrastructure";"DE";"H2 transport and distribution";"Tractor-Trailer";"BAU";"EUR/kg H2";2050;"1";"Sensitivity | Current Policies | Resale value";"Hydrogen"
"OPEX";"H2 Infrastructure";"ES";"H2 transport and distribution";"Rigid";"BAU";"EUR/kg H2";2050;"1";"Sensitivity | Current Policies | Resale value";"Hydrogen"
"OPEX";"H2 Infrastructure";"ES";"H2 transport and distribution";"Tractor-Trailer";"BAU";"EUR/kg H2";2050;"1";"Sensitivity | Current Policies | Resale value";"Hydrogen"
"OPEX";"H2 Infrastructure";"FR";"H2 transport and distribution";"Rigid";"BAU";"EUR/kg H2";2050;"1";"Sensitivity | Current Policies | Resale value";"Hydrogen"
"OPEX";"H2 Infrastructure";"FR";"H2 transport and distribution";"Tractor-Trailer";"BAU";"EUR/kg H2";2050;"1";"Sensitivity | Current Policies | Resale value";"Hydrogen"
"OPEX";"H2 Infrastructure";"IT";"H2 transport and distribution";"Rigid";"BAU";"EUR/kg H2";2050;"1";"Sensitivity | Current Policies | Resale value";"Hydrogen"
"OPEX";"H2 Infrastructure";"IT";"H2 transport and distribution";"Tractor-Trailer";"BAU";"EUR/kg H2";2050;"1";"Sensitivity | Current Policies | Resale value";"Hydrogen"
"OPEX";"H2 Infrastructure";"NL";"H2 transport and distribution";"Rigid";"BAU";"EUR/kg H2";2050;"1";"Sensitivity | Current Policies | Resale value";"Hydrogen"
"OPEX";"H2 Infrastructure";"NL";"H2 transport and distribution";"Tractor-Trailer";"BAU";"EUR/kg H2";2050;"1";"Sensitivity | Current Policies | Resale value";"Hydrogen"
"OPEX";"H2 Infrastructure";"PL";"H2 transport and distribution";"Rigid";"BAU";"EUR/kg H2";2050;"1";"Sensitivity | Current Policies | Resale value";"Hydrogen"
"OPEX";"H2 Infrastructure";"PL";"H2 transport and distribution";"Tractor-Trailer";"BAU";"EUR/kg H2";2050;"1";"Sensitivity | Current Policies | Resale value";"Hydrogen"
"OPEX";"H2 Infrastructure";"UK";"H2 transport and distribution";"Rigid";"BAU";"EUR/kg H2";2050;"1";"Sensitivity | Current Policies | Resale value";"Hydrogen"
"OPEX";"H2 Infrastructure";"UK";"H2 transport and distribution";"Tractor-Trailer";"BAU";"EUR/kg H2";2050;"1";"Sensitivity | Current Policies | Resale value";"Hydrogen"
"OPEX";"H2 Infrastructure";"DE";"HRS Overhead, Profit and Mark-Up";"Rigid";"BAU";"EUR/kg H2";2050;"0.25";"Sensitivity | Current Policies | Resale value";"Hydrogen"
"OPEX";"H2 Infrastructure";"DE";"HRS Overhead, Profit and Mark-Up";"Tractor-Trailer";"BAU";"EUR/kg H2";2050;"0.25";"Sensitivity | Current Policies | Resale value";"Hydrogen"
"OPEX";"H2 Infrastructure";"ES";"HRS Overhead, Profit and Mark-Up";"Rigid";"BAU";"EUR/kg H2";2050;"0.25";"Sensitivity | Current Policies | Resale value";"Hydrogen"
"OPEX";"H2 Infrastructure";"ES";"HRS Overhead, Profit and Mark-Up";"Tractor-Trailer";"BAU";"EUR/kg H2";2050;"0.25";"Sensitivity | Current Policies | Resale value";"Hydrogen"
"OPEX";"H2 Infrastructure";"FR";"HRS Overhead, Profit and Mark-Up";"Rigid";"BAU";"EUR/kg H2";2050;"0.25";"Sensitivity | Current Policies | Resale value";"Hydrogen"
"OPEX";"H2 Infrastructure";"FR";"HRS Overhead, Profit and Mark-Up";"Tractor-Trailer";"BAU";"EUR/kg H2";2050;"0.25";"Sensitivity | Current Policies | Resale value";"Hydrogen"
"OPEX";"H2 Infrastructure";"IT";"HRS Overhead, Profit and Mark-Up";"Rigid";"BAU";"EUR/kg H2";2050;"0.25";"Sensitivity | Current Policies | Resale value";"Hydrogen"
"OPEX";"H2 Infrastructure";"IT";"HRS Overhead, Profit and Mark-Up";"Tractor-Trailer";"BAU";"EUR/kg H2";2050;"0.25";"Sensitivity | Current Policies | Resale value";"Hydrogen"
"OPEX";"H2 Infrastructure";"NL";"HRS Overhead, Profit and Mark-Up";"Rigid";"BAU";"EUR/kg H2";2050;"0.25";"Sensitivity | Current Policies | Resale value";"Hydrogen"
"OPEX";"H2 Infrastructure";"NL";"HRS Overhead, Profit and Mark-Up";"Tractor-Trailer";"BAU";"EUR/kg H2";2050;"0.25";"Sensitivity | Current Policies | Resale value";"Hydrogen"
"OPEX";"H2 Infrastructure";"PL";"HRS Overhead, Profit and Mark-Up";"Rigid";"BAU";"EUR/kg H2";2050;"0.25";"Sensitivity | Current Policies | Resale value";"Hydrogen"
"OPEX";"H2 Infrastructure";"PL";"HRS Overhead, Profit and Mark-Up";"Tractor-Trailer";"BAU";"EUR/kg H2";2050;"0.25";"Sensitivity | Current Policies | Resale value";"Hydrogen"
"OPEX";"H2 Infrastructure";"UK";"HRS Overhead, Profit and Mark-Up";"Rigid";"BAU";"EUR/kg H2";2050;"0.25";"Sensitivity | Current Policies | Resale value";"Hydrogen"
"OPEX";"H2 Infrastructure";"UK";"HRS Overhead, Profit and Mark-Up";"Tractor-Trailer";"BAU";"EUR/kg H2";2050;"0.25";"Sensitivity | Current Policies | Resale value";"Hydrogen"
"OPEX";"Charging Infrastructure";"DE";"MCS Station (Public Charging) - Incl. Overhead";"Rigid";"BAU";"EUR/kWh";2050;"0.028";"Sensitivity | Current Policies | Resale value";"Electricity"
"OPEX";"Charging Infrastructure";"DE";"MCS Station (Public Charging) - Incl. Overhead";"Tractor-Trailer";"BAU";"EUR/kWh";2050;"0.028";"Sensitivity | Current Policies | Resale value";"Electricity"
"OPEX";"Charging Infrastructure";"ES";"MCS Station (Public Charging) - Incl. Overhead";"Rigid";"BAU";"EUR/kWh";2050;"0.028";"Sensitivity | Current Policies | Resale value";"Electricity"
"OPEX";"Charging Infrastructure";"ES";"MCS Station (Public Charging) - Incl. Overhead";"Tractor-Trailer";"BAU";"EUR/kWh";2050;"0.028";"Sensitivity | Current Policies | Resale value";"Electricity"
"OPEX";"Charging Infrastructure";"FR";"MCS Station (Public Charging) - Incl. Overhead";"Rigid";"BAU";"EUR/kWh";2050;"0.028";"Sensitivity | Current Policies | Resale value";"Electricity"
"OPEX";"Charging Infrastructure";"FR";"MCS Station (Public Charging) - Incl. Overhead";"Tractor-Trailer";"BAU";"EUR/kWh";2050;"0.028";"Sensitivity | Current Policies | Resale value";"Electricity"
"OPEX";"Charging Infrastructure";"IT";"MCS Station (Public Charging) - Incl. Overhead";"Rigid";"BAU";"EUR/kWh";2050;"0.028";"Sensitivity | Current Policies | Resale value";"Electricity"
"OPEX";"Charging Infrastructure";"IT";"MCS Station (Public Charging) - Incl. Overhead";"Tractor-Trailer";"BAU";"EUR/kWh";2050;"0.028";"Sensitivity | Current Policies | Resale value";"Electricity"
"OPEX";"Charging Infrastructure";"NL";"MCS Station (Public Charging) - Incl. Overhead";"Rigid";"BAU";"EUR/kWh";2050;"0.028";"Sensitivity | Current Policies | Resale value";"Electricity"
"OPEX";"Charging Infrastructure";"NL";"MCS Station (Public Charging) - Incl. Overhead";"Tractor-Trailer";"BAU";"EUR/kWh";2050;"0.028";"Sensitivity | Current Policies | Resale value";"Electricity"
"OPEX";"Charging Infrastructure";"PL";"MCS Station (Public Charging) - Incl. Overhead";"Rigid";"BAU";"EUR/kWh";2050;"0.028";"Sensitivity | Current Policies | Resale value";"Electricity"
"OPEX";"Charging Infrastructure";"PL";"MCS Station (Public Charging) - Incl. Overhead";"Tractor-Trailer";"BAU";"EUR/kWh";2050;"0.028";"Sensitivity | Current Policies | Resale value";"Electricity"
"OPEX";"Charging Infrastructure";"UK";"MCS Station (Public Charging) - Incl. Overhead";"Rigid";"BAU";"EUR/kWh";2050;"0.028";"Sensitivity | Current Policies | Resale value";"Electricity"
"OPEX";"Charging Infrastructure";"UK";"MCS Station (Public Charging) - Incl. Overhead";"Tractor-Trailer";"BAU";"EUR/kWh";2050;"0.028";"Sensitivity | Current Policies | Resale value";"Electricity"
"OPEX";"Charging Infrastructure";"DE";"Share MCS-Charging";"Rigid";"BAU";"%";2050;"0.2";"Sensitivity | Current Policies | Resale value";"Electricity"
"OPEX";"Charging Infrastructure";"DE";"Share MCS-Charging";"Tractor-Trailer";"BAU";"%";2050;"0.2";"Sensitivity | Current Policies | Resale value";"Electricity"
"OPEX";"Charging Infrastructure";"ES";"Share MCS-Charging";"Rigid";"BAU";"%";2050;"0.2";"Sensitivity | Current Policies | Resale value";"Electricity"
"OPEX";"Charging Infrastructure";"ES";"Share MCS-Charging";"Tractor-Trailer";"BAU";"%";2050;"0.2";"Sensitivity | Current Policies | Resale value";"Electricity"
"OPEX";"Charging Infrastructure";"FR";"Share MCS-Charging";"Rigid";"BAU";"%";2050;"0.2";"Sensitivity | Current Policies | Resale value";"Electricity"
"OPEX";"Charging Infrastructure";"FR";"Share MCS-Charging";"Tractor-Trailer";"BAU";"%";2050;"0.2";"Sensitivity | Current Policies | Resale value";"Electricity"
"OPEX";"Charging Infrastructure";"IT";"Share MCS-Charging";"Rigid";"BAU";"%";2050;"0.2";"Sensitivity | Current Policies | Resale value";"Electricity"
"OPEX";"Charging Infrastructure";"IT";"Share MCS-Charging";"Tractor-Trailer";"BAU";"%";2050;"0.2";"Sensitivity | Current Policies | Resale value";"Electricity"
"OPEX";"Charging Infrastructure";"NL";"Share MCS-Charging";"Rigid";"BAU";"%";2050;"0.2";"Sensitivity | Current Policies | Resale value";"Electricity"
"OPEX";"Charging Infrastructure";"NL";"Share MCS-Charging";"Tractor-Trailer";"BAU";"%";2050;"0.2";"Sensitivity | Current Policies | Resale value";"Electricity"
"OPEX";"Charging Infrastructure";"PL";"Share MCS-Charging";"Rigid";"BAU";"%";2050;"0.2";"Sensitivity | Current Policies | Resale value";"Electricity"
"OPEX";"Charging Infrastructure";"PL";"Share MCS-Charging";"Tractor-Trailer";"BAU";"%";2050;"0.2";"Sensitivity | Current Policies | Resale value";"Electricity"
"OPEX";"Charging Infrastructure";"UK";"Share MCS-Charging";"Rigid";"BAU";"%";2050;"0.2";"Sensitivity | Current Policies | Resale value";"Electricity"
"OPEX";"Charging Infrastructure";"UK";"Share MCS-Charging";"Tractor-Trailer";"BAU";"%";2050;"0.2";"Sensitivity | Current Policies | Resale value";"Electricity"
"OPEX";"Charging Infrastructure";"DE";"Depot - Network fees savings potential";"Rigid";"BAU";"EUR/kWh";2050;"0";"Sensitivity | Current Policies | Resale value";"Electricity"
"OPEX";"Charging Infrastructure";"DE";"Depot - Network fees savings potential";"Tractor-Trailer";"BAU";"EUR/kWh";2050;"0";"Sensitivity | Current Policies | Resale value";"Electricity"
"OPEX";"Charging Infrastructure";"ES";"Depot - Network fees savings potential";"Rigid";"BAU";"EUR/kWh";2050;"0";"Sensitivity | Current Policies | Resale value";"Electricity"
"OPEX";"Charging Infrastructure";"ES";"Depot - Network fees savings potential";"Tractor-Trailer";"BAU";"EUR/kWh";2050;"0";"Sensitivity | Current Policies | Resale value";"Electricity"
"OPEX";"Charging Infrastructure";"FR";"Depot - Network fees savings potential";"Rigid";"BAU";"EUR/kWh";2050;"0";"Sensitivity | Current Policies | Resale value";"Electricity"
"OPEX";"Charging Infrastructure";"FR";"Depot - Network fees savings potential";"Tractor-Trailer";"BAU";"EUR/kWh";2050;"0";"Sensitivity | Current Policies | Resale value";"Electricity"
"OPEX";"Charging Infrastructure";"IT";"Depot - Network fees savings potential";"Rigid";"BAU";"EUR/kWh";2050;"0";"Sensitivity | Current Policies | Resale value";"Electricity"
"OPEX";"Charging Infrastructure";"IT";"Depot - Network fees savings potential";"Tractor-Trailer";"BAU";"EUR/kWh";2050;"0";"Sensitivity | Current Policies | Resale value";"Electricity"
"OPEX";"Charging Infrastructure";"NL";"Depot - Network fees savings potential";"Rigid";"BAU";"EUR/kWh";2050;"0";"Sensitivity | Current Policies | Resale value";"Electricity"
"OPEX";"Charging Infrastructure";"NL";"Depot - Network fees savings potential";"Tractor-Trailer";"BAU";"EUR/kWh";2050;"0";"Sensitivity | Current Policies | Resale value";"Electricity"
"OPEX";"Charging Infrastructure";"PL";"Depot - Network fees savings potential";"Rigid";"BAU";"EUR/kWh";2050;"0";"Sensitivity | Current Policies | Resale value";"Electricity"
"OPEX";"Charging Infrastructure";"PL";"Depot - Network fees savings potential";"Tractor-Trailer";"BAU";"EUR/kWh";2050;"0";"Sensitivity | Current Policies | Resale value";"Electricity"
"OPEX";"Charging Infrastructure";"UK";"Depot - Network fees savings potential";"Rigid";"BAU";"EUR/kWh";2050;"0";"Sensitivity | Current Policies | Resale value";"Electricity"
"OPEX";"Charging Infrastructure";"UK";"Depot - Network fees savings potential";"Tractor-Trailer";"BAU";"EUR/kWh";2050;"0";"Sensitivity | Current Policies | Resale value";"Electricity"
"OPEX";"Taxes";"DE";"Tax reduction";"Rigid";"BAU";"%";2050;"0";"Sensitivity | Current Policies | Resale value";"Hydrogen"
"OPEX";"Taxes";"DE";"Tax reduction";"Tractor-Trailer";"BAU";"%";2050;"0";"Sensitivity | Current Policies | Resale value";"Hydrogen"
"OPEX";"Taxes";"ES";"Tax reduction";"Rigid";"BAU";"%";2050;"0";"Sensitivity | Current Policies | Resale value";"Hydrogen"
"OPEX";"Taxes";"ES";"Tax reduction";"Tractor-Trailer";"BAU";"%";2050;"0";"Sensitivity | Current Policies | Resale value";"Hydrogen"
"OPEX";"Taxes";"FR";"Tax reduction";"Rigid";"BAU";"%";2050;"0";"Sensitivity | Current Policies | Resale value";"Hydrogen"
"OPEX";"Taxes";"FR";"Tax reduction";"Tractor-Trailer";"BAU";"%";2050;"0";"Sensitivity | Current Policies | Resale value";"Hydrogen"
"OPEX";"Taxes";"IT";"Tax reduction";"Rigid";"BAU";"%";2050;"0";"Sensitivity | Current Policies | Resale value";"Hydrogen"
"OPEX";"Taxes";"IT";"Tax reduction";"Tractor-Trailer";"BAU";"%";2050;"0";"Sensitivity | Current Policies | Resale value";"Hydrogen"
"OPEX";"Taxes";"NL";"Tax reduction";"Rigid";"BAU";"%";2050;"0";"Sensitivity | Current Policies | Resale value";"Hydrogen"
"OPEX";"Taxes";"NL";"Tax reduction";"Tractor-Trailer";"BAU";"%";2050;"0";"Sensitivity | Current Policies | Resale value";"Hydrogen"
"OPEX";"Taxes";"PL";"Tax reduction";"Rigid";"BAU";"%";2050;"0";"Sensitivity | Current Policies | Resale value";"Hydrogen"
"OPEX";"Taxes";"PL";"Tax reduction";"Tractor-Trailer";"BAU";"%";2050;"0";"Sensitivity | Current Policies | Resale value";"Hydrogen"
"OPEX";"Taxes";"UK";"Tax reduction";"Rigid";"BAU";"%";2050;"0";"Sensitivity | Current Policies | Resale value";"Hydrogen"
"OPEX";"Taxes";"UK";"Tax reduction";"Tractor-Trailer";"BAU";"%";2050;"0";"Sensitivity | Current Policies | Resale value";"Hydrogen"
"OPEX";"Taxes";"DE";"Increasing grid fees";"Rigid";"BAU";"%";2050;"0.5";"Sensitivity | Current Policies | Resale value";"Electricity"
"OPEX";"Taxes";"DE";"Increasing grid fees";"Tractor-Trailer";"BAU";"%";2050;"0.5";"Sensitivity | Current Policies | Resale value";"Electricity"
"OPEX";"Taxes";"ES";"Increasing grid fees";"Rigid";"BAU";"%";2050;"0.5";"Sensitivity | Current Policies | Resale value";"Electricity"
"OPEX";"Taxes";"ES";"Increasing grid fees";"Tractor-Trailer";"BAU";"%";2050;"0.5";"Sensitivity | Current Policies | Resale value";"Electricity"
"OPEX";"Taxes";"FR";"Increasing grid fees";"Rigid";"BAU";"%";2050;"0.5";"Sensitivity | Current Policies | Resale value";"Electricity"
"OPEX";"Taxes";"FR";"Increasing grid fees";"Tractor-Trailer";"BAU";"%";2050;"0.5";"Sensitivity | Current Policies | Resale value";"Electricity"
"OPEX";"Taxes";"IT";"Increasing grid fees";"Rigid";"BAU";"%";2050;"0.5";"Sensitivity | Current Policies | Resale value";"Electricity"
"OPEX";"Taxes";"IT";"Increasing grid fees";"Tractor-Trailer";"BAU";"%";2050;"0.5";"Sensitivity | Current Policies | Resale value";"Electricity"
"OPEX";"Taxes";"NL";"Increasing grid fees";"Rigid";"BAU";"%";2050;"0.5";"Sensitivity | Current Policies | Resale value";"Electricity"
"OPEX";"Taxes";"NL";"Increasing grid fees";"Tractor-Trailer";"BAU";"%";2050;"0.5";"Sensitivity | Current Policies | Resale value";"Electricity"
"OPEX";"Taxes";"PL";"Increasing grid fees";"Rigid";"BAU";"%";2050;"0.5";"Sensitivity | Current Policies | Resale value";"Electricity"
"OPEX";"Taxes";"PL";"Increasing grid fees";"Tractor-Trailer";"BAU";"%";2050;"0.5";"Sensitivity | Current Policies | Resale value";"Electricity"
"OPEX";"Taxes";"UK";"Increasing grid fees";"Rigid";"BAU";"%";2050;"0.5";"Sensitivity | Current Policies | Resale value";"Electricity"
"OPEX";"Taxes";"UK";"Increasing grid fees";"Tractor-Trailer";"BAU";"%";2050;"0.5";"Sensitivity | Current Policies | Resale value";"Electricity"
"OPEX";"Diesel";"FR";"Diesel Price";"Rigid";"BAU";"EUR/kWh";2030;"0.063";"Sensitivity | Current Policies | Resale value";"Diesel"
"OPEX";"Diesel";"FR";"Diesel Price";"Tractor-Trailer";"BAU";"EUR/kWh";2030;"0.063";"Sensitivity | Current Policies | Resale value";"Diesel"
"OPEX";"Diesel";"DE";"Diesel Price";"Rigid";"BAU";"EUR/kWh";2030;"0.063";"Sensitivity | Current Policies | Resale value";"Diesel"
"OPEX";"Diesel";"DE";"Diesel Price";"Tractor-Trailer";"BAU";"EUR/kWh";2030;"0.063";"Sensitivity | Current Policies | Resale value";"Diesel"
"OPEX";"Diesel";"ES";"Diesel Price";"Rigid";"BAU";"EUR/kWh";2030;"0.063";"Sensitivity | Current Policies | Resale value";"Diesel"
"OPEX";"Diesel";"ES";"Diesel Price";"Tractor-Trailer";"BAU";"EUR/kWh";2030;"0.063";"Sensitivity | Current Policies | Resale value";"Diesel"
"OPEX";"Diesel";"IT";"Diesel Price";"Rigid";"BAU";"EUR/kWh";2030;"0.063";"Sensitivity | Current Policies | Resale value";"Diesel"
"OPEX";"Diesel";"IT";"Diesel Price";"Tractor-Trailer";"BAU";"EUR/kWh";2030;"0.063";"Sensitivity | Current Policies | Resale value";"Diesel"
"OPEX";"Diesel";"NL";"Diesel Price";"Rigid";"BAU";"EUR/kWh";2030;"0.063";"Sensitivity | Current Policies | Resale value";"Diesel"
"OPEX";"Diesel";"NL";"Diesel Price";"Tractor-Trailer";"BAU";"EUR/kWh";2030;"0.063";"Sensitivity | Current Policies | Resale value";"Diesel"
"OPEX";"Diesel";"PL";"Diesel Price";"Rigid";"BAU";"EUR/kWh";2030;"0.063";"Sensitivity | Current Policies | Resale value";"Diesel"
"OPEX";"Diesel";"PL";"Diesel Price";"Tractor-Trailer";"BAU";"EUR/kWh";2030;"0.063";"Sensitivity | Current Policies | Resale value";"Diesel"
"OPEX";"Diesel";"UK";"Diesel Price";"Rigid";"BAU";"EUR/kWh";2030;"0.063";"Sensitivity | Current Policies | Resale value";"Diesel"
"OPEX";"Diesel";"UK";"Diesel Price";"Tractor-Trailer";"BAU";"EUR/kWh";2030;"0.063";"Sensitivity | Current Policies | Resale value";"Diesel"
"OPEX";"Diesel";"FR";"Diesel Price";"Rigid";"BAU";"EUR/kWh";2035;"0.066";"Sensitivity | Current Policies | Resale value";"Diesel"
"OPEX";"Diesel";"FR";"Diesel Price";"Tractor-Trailer";"BAU";"EUR/kWh";2035;"0.066";"Sensitivity | Current Policies | Resale value";"Diesel"
"OPEX";"Diesel";"DE";"Diesel Price";"Rigid";"BAU";"EUR/kWh";2035;"0.066";"Sensitivity | Current Policies | Resale value";"Diesel"
"OPEX";"Diesel";"DE";"Diesel Price";"Tractor-Trailer";"BAU";"EUR/kWh";2035;"0.066";"Sensitivity | Current Policies | Resale value";"Diesel"
"OPEX";"Diesel";"ES";"Diesel Price";"Rigid";"BAU";"EUR/kWh";2035;"0.066";"Sensitivity | Current Policies | Resale value";"Diesel"
"OPEX";"Diesel";"ES";"Diesel Price";"Tractor-Trailer";"BAU";"EUR/kWh";2035;"0.066";"Sensitivity | Current Policies | Resale value";"Diesel"
"OPEX";"Diesel";"IT";"Diesel Price";"Rigid";"BAU";"EUR/kWh";2035;"0.066";"Sensitivity | Current Policies | Resale value";"Diesel"
"OPEX";"Diesel";"IT";"Diesel Price";"Tractor-Trailer";"BAU";"EUR/kWh";2035;"0.066";"Sensitivity | Current Policies | Resale value";"Diesel"
"OPEX";"Diesel";"NL";"Diesel Price";"Rigid";"BAU";"EUR/kWh";2035;"0.066";"Sensitivity | Current Policies | Resale value";"Diesel"
"OPEX";"Diesel";"NL";"Diesel Price";"Tractor-Trailer";"BAU";"EUR/kWh";2035;"0.066";"Sensitivity | Current Policies | Resale value";"Diesel"
"OPEX";"Diesel";"PL";"Diesel Price";"Rigid";"BAU";"EUR/kWh";2035;"0.066";"Sensitivity | Current Policies | Resale value";"Diesel"
"OPEX";"Diesel";"PL";"Diesel Price";"Tractor-Trailer";"BAU";"EUR/kWh";2035;"0.066";"Sensitivity | Current Policies | Resale value";"Diesel"
"OPEX";"Diesel";"UK";"Diesel Price";"Rigid";"BAU";"EUR/kWh";2035;"0.066";"Sensitivity | Current Policies | Resale value";"Diesel"
"OPEX";"Diesel";"UK";"Diesel Price";"Tractor-Trailer";"BAU";"EUR/kWh";2035;"0.066";"Sensitivity | Current Policies | Resale value";"Diesel"
"OPEX";"Diesel";"FR";"Diesel Price";"Rigid";"BAU";"EUR/kWh";2040;"0.069";"Sensitivity | Current Policies | Resale value";"Diesel"
"OPEX";"Diesel";"FR";"Diesel Price";"Tractor-Trailer";"BAU";"EUR/kWh";2040;"0.069";"Sensitivity | Current Policies | Resale value";"Diesel"
"OPEX";"Diesel";"DE";"Diesel Price";"Rigid";"BAU";"EUR/kWh";2040;"0.069";"Sensitivity | Current Policies | Resale value";"Diesel"
"OPEX";"Diesel";"DE";"Diesel Price";"Tractor-Trailer";"BAU";"EUR/kWh";2040;"0.069";"Sensitivity | Current Policies | Resale value";"Diesel"
"OPEX";"Diesel";"ES";"Diesel Price";"Rigid";"BAU";"EUR/kWh";2040;"0.069";"Sensitivity | Current Policies | Resale value";"Diesel"
"OPEX";"Diesel";"ES";"Diesel Price";"Tractor-Trailer";"BAU";"EUR/kWh";2040;"0.069";"Sensitivity | Current Policies | Resale value";"Diesel"
"OPEX";"Diesel";"IT";"Diesel Price";"Rigid";"BAU";"EUR/kWh";2040;"0.069";"Sensitivity | Current Policies | Resale value";"Diesel"
"OPEX";"Diesel";"IT";"Diesel Price";"Tractor-Trailer";"BAU";"EUR/kWh";2040;"0.069";"Sensitivity | Current Policies | Resale value";"Diesel"
"OPEX";"Diesel";"NL";"Diesel Price";"Rigid";"BAU";"EUR/kWh";2040;"0.069";"Sensitivity | Current Policies | Resale value";"Diesel"
"OPEX";"Diesel";"NL";"Diesel Price";"Tractor-Trailer";"BAU";"EUR/kWh";2040;"0.069";"Sensitivity | Current Policies | Resale value";"Diesel"
"OPEX";"Diesel";"PL";"Diesel Price";"Rigid";"BAU";"EUR/kWh";2040;"0.069";"Sensitivity | Current Policies | Resale value";"Diesel"
"OPEX";"Diesel";"PL";"Diesel Price";"Tractor-Trailer";"BAU";"EUR/kWh";2040;"0.069";"Sensitivity | Current Policies | Resale value";"Diesel"
"OPEX";"Diesel";"UK";"Diesel Price";"Rigid";"BAU";"EUR/kWh";2040;"0.069";"Sensitivity | Current Policies | Resale value";"Diesel"
"OPEX";"Diesel";"UK";"Diesel Price";"Tractor-Trailer";"BAU";"EUR/kWh";2040;"0.069";"Sensitivity | Current Policies | Resale value";"Diesel"
"OPEX";"Diesel";"FR";"Diesel Price";"Rigid";"BAU";"EUR/kWh";2045;"0.073";"Sensitivity | Current Policies | Resale value";"Diesel"
"OPEX";"Diesel";"FR";"Diesel Price";"Tractor-Trailer";"BAU";"EUR/kWh";2045;"0.073";"Sensitivity | Current Policies | Resale value";"Diesel"
"OPEX";"Diesel";"DE";"Diesel Price";"Rigid";"BAU";"EUR/kWh";2045;"0.073";"Sensitivity | Current Policies | Resale value";"Diesel"
"OPEX";"Diesel";"DE";"Diesel Price";"Tractor-Trailer";"BAU";"EUR/kWh";2045;"0.073";"Sensitivity | Current Policies | Resale value";"Diesel"
"OPEX";"Diesel";"ES";"Diesel Price";"Rigid";"BAU";"EUR/kWh";2045;"0.073";"Sensitivity | Current Policies | Resale value";"Diesel"
"OPEX";"Diesel";"ES";"Diesel Price";"Tractor-Trailer";"BAU";"EUR/kWh";2045;"0.073";"Sensitivity | Current Policies | Resale value";"Diesel"
"OPEX";"Diesel";"IT";"Diesel Price";"Rigid";"BAU";"EUR/kWh";2045;"0.073";"Sensitivity | Current Policies | Resale value";"Diesel"
"OPEX";"Diesel";"IT";"Diesel Price";"Tractor-Trailer";"BAU";"EUR/kWh";2045;"0.073";"Sensitivity | Current Policies | Resale value";"Diesel"
"OPEX";"Diesel";"NL";"Diesel Price";"Rigid";"BAU";"EUR/kWh";2045;"0.073";"Sensitivity | Current Policies | Resale value";"Diesel"
"OPEX";"Diesel";"NL";"Diesel Price";"Tractor-Trailer";"BAU";"EUR/kWh";2045;"0.073";"Sensitivity | Current Policies | Resale value";"Diesel"
"OPEX";"Diesel";"PL";"Diesel Price";"Rigid";"BAU";"EUR/kWh";2045;"0.073";"Sensitivity | Current Policies | Resale value";"Diesel"
"OPEX";"Diesel";"PL";"Diesel Price";"Tractor-Trailer";"BAU";"EUR/kWh";2045;"0.073";"Sensitivity | Current Policies | Resale value";"Diesel"
"OPEX";"Diesel";"UK";"Diesel Price";"Rigid";"BAU";"EUR/kWh";2045;"0.073";"Sensitivity | Current Policies | Resale value";"Diesel"
"OPEX";"Diesel";"UK";"Diesel Price";"Tractor-Trailer";"BAU";"EUR/kWh";2045;"0.073";"Sensitivity | Current Policies | Resale value";"Diesel"
"OPEX";"Diesel";"FR";"Diesel Price";"Rigid";"BAU";"EUR/kWh";2050;"0.079";"Sensitivity | Current Policies | Resale value";"Diesel"
"OPEX";"Diesel";"FR";"Diesel Price";"Tractor-Trailer";"BAU";"EUR/kWh";2050;"0.079";"Sensitivity | Current Policies | Resale value";"Diesel"
"OPEX";"Diesel";"DE";"Diesel Price";"Rigid";"BAU";"EUR/kWh";2050;"0.079";"Sensitivity | Current Policies | Resale value";"Diesel"
"OPEX";"Diesel";"DE";"Diesel Price";"Tractor-Trailer";"BAU";"EUR/kWh";2050;"0.079";"Sensitivity | Current Policies | Resale value";"Diesel"
"OPEX";"Diesel";"ES";"Diesel Price";"Rigid";"BAU";"EUR/kWh";2050;"0.079";"Sensitivity | Current Policies | Resale value";"Diesel"
"OPEX";"Diesel";"ES";"Diesel Price";"Tractor-Trailer";"BAU";"EUR/kWh";2050;"0.079";"Sensitivity | Current Policies | Resale value";"Diesel"
"OPEX";"Diesel";"IT";"Diesel Price";"Rigid";"BAU";"EUR/kWh";2050;"0.079";"Sensitivity | Current Policies | Resale value";"Diesel"
"OPEX";"Diesel";"IT";"Diesel Price";"Tractor-Trailer";"BAU";"EUR/kWh";2050;"0.079";"Sensitivity | Current Policies | Resale value";"Diesel"
"OPEX";"Diesel";"NL";"Diesel Price";"Rigid";"BAU";"EUR/kWh";2050;"0.079";"Sensitivity | Current Policies | Resale value";"Diesel"
"OPEX";"Diesel";"NL";"Diesel Price";"Tractor-Trailer";"BAU";"EUR/kWh";2050;"0.079";"Sensitivity | Current Policies | Resale value";"Diesel"
"OPEX";"Diesel";"PL";"Diesel Price";"Rigid";"BAU";"EUR/kWh";2050;"0.079";"Sensitivity | Current Policies | Resale value";"Diesel"
"OPEX";"Diesel";"PL";"Diesel Price";"Tractor-Trailer";"BAU";"EUR/kWh";2050;"0.079";"Sensitivity | Current Policies | Resale value";"Diesel"
"OPEX";"Diesel";"UK";"Diesel Price";"Rigid";"BAU";"EUR/kWh";2050;"0.079";"Sensitivity | Current Policies | Resale value";"Diesel"
"OPEX";"Diesel";"UK";"Diesel Price";"Tractor-Trailer";"BAU";"EUR/kWh";2050;"0.079";"Sensitivity | Current Policies | Resale value";"Diesel"
"OPEX";"Diesel";"FR";"Biodiesel Price";"Rigid";"BAU";"EUR/kWh";2030;"0.141";"Sensitivity | Current Policies | Resale value";"Diesel"
"OPEX";"Diesel";"FR";"Biodiesel Price";"Tractor-Trailer";"BAU";"EUR/kWh";2030;"0.141";"Sensitivity | Current Policies | Resale value";"Diesel"
"OPEX";"Diesel";"DE";"Biodiesel Price";"Rigid";"BAU";"EUR/kWh";2030;"0.141";"Sensitivity | Current Policies | Resale value";"Diesel"
"OPEX";"Diesel";"DE";"Biodiesel Price";"Tractor-Trailer";"BAU";"EUR/kWh";2030;"0.141";"Sensitivity | Current Policies | Resale value";"Diesel"
"OPEX";"Diesel";"ES";"Biodiesel Price";"Rigid";"BAU";"EUR/kWh";2030;"0.141";"Sensitivity | Current Policies | Resale value";"Diesel"
"OPEX";"Diesel";"ES";"Biodiesel Price";"Tractor-Trailer";"BAU";"EUR/kWh";2030;"0.141";"Sensitivity | Current Policies | Resale value";"Diesel"
"OPEX";"Diesel";"IT";"Biodiesel Price";"Rigid";"BAU";"EUR/kWh";2030;"0.141";"Sensitivity | Current Policies | Resale value";"Diesel"
"OPEX";"Diesel";"IT";"Biodiesel Price";"Tractor-Trailer";"BAU";"EUR/kWh";2030;"0.141";"Sensitivity | Current Policies | Resale value";"Diesel"
"OPEX";"Diesel";"NL";"Biodiesel Price";"Rigid";"BAU";"EUR/kWh";2030;"0.141";"Sensitivity | Current Policies | Resale value";"Diesel"
"OPEX";"Diesel";"NL";"Biodiesel Price";"Tractor-Trailer";"BAU";"EUR/kWh";2030;"0.141";"Sensitivity | Current Policies | Resale value";"Diesel"
"OPEX";"Diesel";"PL";"Biodiesel Price";"Rigid";"BAU";"EUR/kWh";2030;"0.141";"Sensitivity | Current Policies | Resale value";"Diesel"
"OPEX";"Diesel";"PL";"Biodiesel Price";"Tractor-Trailer";"BAU";"EUR/kWh";2030;"0.141";"Sensitivity | Current Policies | Resale value";"Diesel"
"OPEX";"Diesel";"UK";"Biodiesel Price";"Rigid";"BAU";"EUR/kWh";2030;"0.141";"Sensitivity | Current Policies | Resale value";"Diesel"
"OPEX";"Diesel";"UK";"Biodiesel Price";"Tractor-Trailer";"BAU";"EUR/kWh";2030;"0.141";"Sensitivity | Current Policies | Resale value";"Diesel"
"OPEX";"Diesel";"DE";"Pt-Diesel Price";"Rigid";"BAU";"EUR/kWh";2030;"0.26";"Sensitivity | Current Policies | Resale value";"Diesel"
"OPEX";"Diesel";"DE";"Pt-Diesel Price";"Tractor-Trailer";"BAU";"EUR/kWh";2030;"0.26";"Sensitivity | Current Policies | Resale value";"Diesel"
"OPEX";"Diesel";"ES";"Pt-Diesel Price";"Rigid";"BAU";"EUR/kWh";2030;"0.26";"Sensitivity | Current Policies | Resale value";"Diesel"
"OPEX";"Diesel";"ES";"Pt-Diesel Price";"Tractor-Trailer";"BAU";"EUR/kWh";2030;"0.26";"Sensitivity | Current Policies | Resale value";"Diesel"
"OPEX";"Diesel";"FR";"Pt-Diesel Price";"Rigid";"BAU";"EUR/kWh";2030;"0.26";"Sensitivity | Current Policies | Resale value";"Diesel"
"OPEX";"Diesel";"FR";"Pt-Diesel Price";"Tractor-Trailer";"BAU";"EUR/kWh";2030;"0.26";"Sensitivity | Current Policies | Resale value";"Diesel"
"OPEX";"Diesel";"IT";"Pt-Diesel Price";"Rigid";"BAU";"EUR/kWh";2030;"0.26";"Sensitivity | Current Policies | Resale value";"Diesel"
"OPEX";"Diesel";"IT";"Pt-Diesel Price";"Tractor-Trailer";"BAU";"EUR/kWh";2030;"0.26";"Sensitivity | Current Policies | Resale value";"Diesel"
"OPEX";"Diesel";"NL";"Pt-Diesel Price";"Rigid";"BAU";"EUR/kWh";2030;"0.26";"Sensitivity | Current Policies | Resale value";"Diesel"
"OPEX";"Diesel";"NL";"Pt-Diesel Price";"Tractor-Trailer";"BAU";"EUR/kWh";2030;"0.26";"Sensitivity | Current Policies | Resale value";"Diesel"
"OPEX";"Diesel";"PL";"Pt-Diesel Price";"Rigid";"BAU";"EUR/kWh";2030;"0.26";"Sensitivity | Current Policies | Resale value";"Diesel"
"OPEX";"Diesel";"PL";"Pt-Diesel Price";"Tractor-Trailer";"BAU";"EUR/kWh";2030;"0.26";"Sensitivity | Current Policies | Resale value";"Diesel"
"OPEX";"Diesel";"UK";"Pt-Diesel Price";"Rigid";"BAU";"EUR/kWh";2030;"0.26";"Sensitivity | Current Policies | Resale value";"Diesel"
"OPEX";"Diesel";"UK";"Pt-Diesel Price";"Tractor-Trailer";"BAU";"EUR/kWh";2030;"0.26";"Sensitivity | Current Policies | Resale value";"Diesel"
"OPEX";"Electricity";"DE";"Electricity Price";"Rigid";"BAU";"EUR/kWh";2030;"0.086";"Sensitivity | Current Policies | Resale value";"Electricity"
"OPEX";"Electricity";"DE";"Electricity Price";"Tractor-Trailer";"BAU";"EUR/kWh";2030;"0.086";"Sensitivity | Current Policies | Resale value";"Electricity"
"OPEX";"Electricity";"ES";"Electricity Price";"Rigid";"BAU";"EUR/kWh";2030;"0.086";"Sensitivity | Current Policies | Resale value";"Electricity"
"OPEX";"Electricity";"ES";"Electricity Price";"Tractor-Trailer";"BAU";"EUR/kWh";2030;"0.086";"Sensitivity | Current Policies | Resale value";"Electricity"
"OPEX";"Electricity";"FR";"Electricity Price";"Rigid";"BAU";"EUR/kWh";2030;"0.086";"Sensitivity | Current Policies | Resale value";"Electricity"
"OPEX";"Electricity";"FR";"Electricity Price";"Tractor-Trailer";"BAU";"EUR/kWh";2030;"0.086";"Sensitivity | Current Policies | Resale value";"Electricity"
"OPEX";"Electricity";"IT";"Electricity Price";"Rigid";"BAU";"EUR/kWh";2030;"0.086";"Sensitivity | Current Policies | Resale value";"Electricity"
"OPEX";"Electricity";"IT";"Electricity Price";"Tractor-Trailer";"BAU";"EUR/kWh";2030;"0.086";"Sensitivity | Current Policies | Resale value";"Electricity"
"OPEX";"Electricity";"NL";"Electricity Price";"Rigid";"BAU";"EUR/kWh";2030;"0.086";"Sensitivity | Current Policies | Resale value";"Electricity"
"OPEX";"Electricity";"NL";"Electricity Price";"Tractor-Trailer";"BAU";"EUR/kWh";2030;"0.086";"Sensitivity | Current Policies | Resale value";"Electricity"
"OPEX";"Electricity";"PL";"Electricity Price";"Rigid";"BAU";"EUR/kWh";2030;"0.086";"Sensitivity | Current Policies | Resale value";"Electricity"
"OPEX";"Electricity";"PL";"Electricity Price";"Tractor-Trailer";"BAU";"EUR/kWh";2030;"0.086";"Sensitivity | Current Policies | Resale value";"Electricity"
"OPEX";"Electricity";"UK";"Electricity Price";"Rigid";"BAU";"EUR/kWh";2030;"0.086";"Sensitivity | Current Policies | Resale value";"Electricity"
"OPEX";"Electricity";"UK";"Electricity Price";"Tractor-Trailer";"BAU";"EUR/kWh";2030;"0.086";"Sensitivity | Current Policies | Resale value";"Electricity"
"OPEX";"Hydrogen";"DE";"Hydrogen Price";"Rigid";"BAU";"EUR/kWh";2030;"0.168";"Sensitivity | Current Policies | Resale value";"Hydrogen"
"OPEX";"Hydrogen";"DE";"Hydrogen Price";"Tractor-Trailer";"BAU";"EUR/kWh";2030;"0.168";"Sensitivity | Current Policies | Resale value";"Hydrogen"
"OPEX";"Hydrogen";"ES";"Hydrogen Price";"Rigid";"BAU";"EUR/kWh";2030;"0.168";"Sensitivity | Current Policies | Resale value";"Hydrogen"
"OPEX";"Hydrogen";"ES";"Hydrogen Price";"Tractor-Trailer";"BAU";"EUR/kWh";2030;"0.168";"Sensitivity | Current Policies | Resale value";"Hydrogen"
"OPEX";"Hydrogen";"FR";"Hydrogen Price";"Rigid";"BAU";"EUR/kWh";2030;"0.168";"Sensitivity | Current Policies | Resale value";"Hydrogen"
"OPEX";"Hydrogen";"FR";"Hydrogen Price";"Tractor-Trailer";"BAU";"EUR/kWh";2030;"0.168";"Sensitivity | Current Policies | Resale value";"Hydrogen"
"OPEX";"Hydrogen";"IT";"Hydrogen Price";"Rigid";"BAU";"EUR/kWh";2030;"0.168";"Sensitivity | Current Policies | Resale value";"Hydrogen"
"OPEX";"Hydrogen";"IT";"Hydrogen Price";"Tractor-Trailer";"BAU";"EUR/kWh";2030;"0.168";"Sensitivity | Current Policies | Resale value";"Hydrogen"
"OPEX";"Hydrogen";"NL";"Hydrogen Price";"Rigid";"BAU";"EUR/kWh";2030;"0.168";"Sensitivity | Current Policies | Resale value";"Hydrogen"
"OPEX";"Hydrogen";"NL";"Hydrogen Price";"Tractor-Trailer";"BAU";"EUR/kWh";2030;"0.168";"Sensitivity | Current Policies | Resale value";"Hydrogen"
"OPEX";"Hydrogen";"PL";"Hydrogen Price";"Rigid";"BAU";"EUR/kWh";2030;"0.168";"Sensitivity | Current Policies | Resale value";"Hydrogen"
"OPEX";"Hydrogen";"PL";"Hydrogen Price";"Tractor-Trailer";"BAU";"EUR/kWh";2030;"0.168";"Sensitivity | Current Policies | Resale value";"Hydrogen"
"OPEX";"Hydrogen";"UK";"Hydrogen Price";"Rigid";"BAU";"EUR/kWh";2030;"0.168";"Sensitivity | Current Policies | Resale value";"Hydrogen"
"OPEX";"Hydrogen";"UK";"Hydrogen Price";"Tractor-Trailer";"BAU";"EUR/kWh";2030;"0.168";"Sensitivity | Current Policies | Resale value";"Hydrogen"
"OPEX";"Diesel";"FR";"Biodiesel Price";"Rigid";"BAU";"EUR/kWh";2035;"0.159";"Sensitivity | Current Policies | Resale value";"Diesel"
"OPEX";"Diesel";"FR";"Biodiesel Price";"Tractor-Trailer";"BAU";"EUR/kWh";2035;"0.159";"Sensitivity | Current Policies | Resale value";"Diesel"
"OPEX";"Diesel";"DE";"Biodiesel Price";"Rigid";"BAU";"EUR/kWh";2035;"0.159";"Sensitivity | Current Policies | Resale value";"Diesel"
"OPEX";"Diesel";"DE";"Biodiesel Price";"Tractor-Trailer";"BAU";"EUR/kWh";2035;"0.159";"Sensitivity | Current Policies | Resale value";"Diesel"
"OPEX";"Diesel";"ES";"Biodiesel Price";"Rigid";"BAU";"EUR/kWh";2035;"0.159";"Sensitivity | Current Policies | Resale value";"Diesel"
"OPEX";"Diesel";"ES";"Biodiesel Price";"Tractor-Trailer";"BAU";"EUR/kWh";2035;"0.159";"Sensitivity | Current Policies | Resale value";"Diesel"
"OPEX";"Diesel";"IT";"Biodiesel Price";"Rigid";"BAU";"EUR/kWh";2035;"0.159";"Sensitivity | Current Policies | Resale value";"Diesel"
"OPEX";"Diesel";"IT";"Biodiesel Price";"Tractor-Trailer";"BAU";"EUR/kWh";2035;"0.159";"Sensitivity | Current Policies | Resale value";"Diesel"
"OPEX";"Diesel";"NL";"Biodiesel Price";"Rigid";"BAU";"EUR/kWh";2035;"0.159";"Sensitivity | Current Policies | Resale value";"Diesel"
"OPEX";"Diesel";"NL";"Biodiesel Price";"Tractor-Trailer";"BAU";"EUR/kWh";2035;"0.159";"Sensitivity | Current Policies | Resale value";"Diesel"
"OPEX";"Diesel";"PL";"Biodiesel Price";"Rigid";"BAU";"EUR/kWh";2035;"0.159";"Sensitivity | Current Policies | Resale value";"Diesel"
"OPEX";"Diesel";"PL";"Biodiesel Price";"Tractor-Trailer";"BAU";"EUR/kWh";2035;"0.159";"Sensitivity | Current Policies | Resale value";"Diesel"
"OPEX";"Diesel";"UK";"Biodiesel Price";"Rigid";"BAU";"EUR/kWh";2035;"0.159";"Sensitivity | Current Policies | Resale value";"Diesel"
"OPEX";"Diesel";"UK";"Biodiesel Price";"Tractor-Trailer";"BAU";"EUR/kWh";2035;"0.159";"Sensitivity | Current Policies | Resale value";"Diesel"
"OPEX";"Diesel";"DE";"Pt-Diesel Price";"Rigid";"BAU";"EUR/kWh";2035;"0.239";"Sensitivity | Current Policies | Resale value";"Diesel"
"OPEX";"Diesel";"DE";"Pt-Diesel Price";"Tractor-Trailer";"BAU";"EUR/kWh";2035;"0.239";"Sensitivity | Current Policies | Resale value";"Diesel"
"OPEX";"Diesel";"ES";"Pt-Diesel Price";"Rigid";"BAU";"EUR/kWh";2035;"0.239";"Sensitivity | Current Policies | Resale value";"Diesel"
"OPEX";"Diesel";"ES";"Pt-Diesel Price";"Tractor-Trailer";"BAU";"EUR/kWh";2035;"0.239";"Sensitivity | Current Policies | Resale value";"Diesel"
"OPEX";"Diesel";"FR";"Pt-Diesel Price";"Rigid";"BAU";"EUR/kWh";2035;"0.239";"Sensitivity | Current Policies | Resale value";"Diesel"
"OPEX";"Diesel";"FR";"Pt-Diesel Price";"Tractor-Trailer";"BAU";"EUR/kWh";2035;"0.239";"Sensitivity | Current Policies | Resale value";"Diesel"
"OPEX";"Diesel";"IT";"Pt-Diesel Price";"Rigid";"BAU";"EUR/kWh";2035;"0.239";"Sensitivity | Current Policies | Resale value";"Diesel"
"OPEX";"Diesel";"IT";"Pt-Diesel Price";"Tractor-Trailer";"BAU";"EUR/kWh";2035;"0.239";"Sensitivity | Current Policies | Resale value";"Diesel"
"OPEX";"Diesel";"NL";"Pt-Diesel Price";"Rigid";"BAU";"EUR/kWh";2035;"0.239";"Sensitivity | Current Policies | Resale value";"Diesel"
"OPEX";"Diesel";"NL";"Pt-Diesel Price";"Tractor-Trailer";"BAU";"EUR/kWh";2035;"0.239";"Sensitivity | Current Policies | Resale value";"Diesel"
"OPEX";"Diesel";"PL";"Pt-Diesel Price";"Rigid";"BAU";"EUR/kWh";2035;"0.239";"Sensitivity | Current Policies | Resale value";"Diesel"
"OPEX";"Diesel";"PL";"Pt-Diesel Price";"Tractor-Trailer";"BAU";"EUR/kWh";2035;"0.239";"Sensitivity | Current Policies | Resale value";"Diesel"
"OPEX";"Diesel";"UK";"Pt-Diesel Price";"Rigid";"BAU";"EUR/kWh";2035;"0.239";"Sensitivity | Current Policies | Resale value";"Diesel"
"OPEX";"Diesel";"UK";"Pt-Diesel Price";"Tractor-Trailer";"BAU";"EUR/kWh";2035;"0.239";"Sensitivity | Current Policies | Resale value";"Diesel"
"OPEX";"Electricity";"DE";"Electricity Price";"Rigid";"BAU";"EUR/kWh";2035;"0.076";"Sensitivity | Current Policies | Resale value";"Electricity"
"OPEX";"Electricity";"DE";"Electricity Price";"Tractor-Trailer";"BAU";"EUR/kWh";2035;"0.076";"Sensitivity | Current Policies | Resale value";"Electricity"
"OPEX";"Electricity";"ES";"Electricity Price";"Rigid";"BAU";"EUR/kWh";2035;"0.076";"Sensitivity | Current Policies | Resale value";"Electricity"
"OPEX";"Electricity";"ES";"Electricity Price";"Tractor-Trailer";"BAU";"EUR/kWh";2035;"0.076";"Sensitivity | Current Policies | Resale value";"Electricity"
"OPEX";"Electricity";"FR";"Electricity Price";"Rigid";"BAU";"EUR/kWh";2035;"0.076";"Sensitivity | Current Policies | Resale value";"Electricity"
"OPEX";"Electricity";"FR";"Electricity Price";"Tractor-Trailer";"BAU";"EUR/kWh";2035;"0.076";"Sensitivity | Current Policies | Resale value";"Electricity"
"OPEX";"Electricity";"IT";"Electricity Price";"Rigid";"BAU";"EUR/kWh";2035;"0.076";"Sensitivity | Current Policies | Resale value";"Electricity"
"OPEX";"Electricity";"IT";"Electricity Price";"Tractor-Trailer";"BAU";"EUR/kWh";2035;"0.076";"Sensitivity | Current Policies | Resale value";"Electricity"
"OPEX";"Electricity";"NL";"Electricity Price";"Rigid";"BAU";"EUR/kWh";2035;"0.076";"Sensitivity | Current Policies | Resale value";"Electricity"
"OPEX";"Electricity";"NL";"Electricity Price";"Tractor-Trailer";"BAU";"EUR/kWh";2035;"0.076";"Sensitivity | Current Policies | Resale value";"Electricity"
"OPEX";"Electricity";"PL";"Electricity Price";"Rigid";"BAU";"EUR/kWh";2035;"0.076";"Sensitivity | Current Policies | Resale value";"Electricity"
"OPEX";"Electricity";"PL";"Electricity Price";"Tractor-Trailer";"BAU";"EUR/kWh";2035;"0.076";"Sensitivity | Current Policies | Resale value";"Electricity"
"OPEX";"Electricity";"UK";"Electricity Price";"Rigid";"BAU";"EUR/kWh";2035;"0.076";"Sensitivity | Current Policies | Resale value";"Electricity"
"OPEX";"Electricity";"UK";"Electricity Price";"Tractor-Trailer";"BAU";"EUR/kWh";2035;"0.076";"Sensitivity | Current Policies | Resale value";"Electricity"
"OPEX";"Hydrogen";"DE";"Hydrogen Price";"Rigid";"BAU";"EUR/kWh";2035;"0.151";"Sensitivity | Current Policies | Resale value";"Hydrogen"
"OPEX";"Hydrogen";"DE";"Hydrogen Price";"Tractor-Trailer";"BAU";"EUR/kWh";2035;"0.151";"Sensitivity | Current Policies | Resale value";"Hydrogen"
"OPEX";"Hydrogen";"ES";"Hydrogen Price";"Rigid";"BAU";"EUR/kWh";2035;"0.151";"Sensitivity | Current Policies | Resale value";"Hydrogen"
"OPEX";"Hydrogen";"ES";"Hydrogen Price";"Tractor-Trailer";"BAU";"EUR/kWh";2035;"0.151";"Sensitivity | Current Policies | Resale value";"Hydrogen"
"OPEX";"Hydrogen";"FR";"Hydrogen Price";"Rigid";"BAU";"EUR/kWh";2035;"0.151";"Sensitivity | Current Policies | Resale value";"Hydrogen"
"OPEX";"Hydrogen";"FR";"Hydrogen Price";"Tractor-Trailer";"BAU";"EUR/kWh";2035;"0.151";"Sensitivity | Current Policies | Resale value";"Hydrogen"
"OPEX";"Hydrogen";"IT";"Hydrogen Price";"Rigid";"BAU";"EUR/kWh";2035;"0.151";"Sensitivity | Current Policies | Resale value";"Hydrogen"
"OPEX";"Hydrogen";"IT";"Hydrogen Price";"Tractor-Trailer";"BAU";"EUR/kWh";2035;"0.151";"Sensitivity | Current Policies | Resale value";"Hydrogen"
"OPEX";"Hydrogen";"NL";"Hydrogen Price";"Rigid";"BAU";"EUR/kWh";2035;"0.151";"Sensitivity | Current Policies | Resale value";"Hydrogen"
"OPEX";"Hydrogen";"NL";"Hydrogen Price";"Tractor-Trailer";"BAU";"EUR/kWh";2035;"0.151";"Sensitivity | Current Policies | Resale value";"Hydrogen"
"OPEX";"Hydrogen";"PL";"Hydrogen Price";"Rigid";"BAU";"EUR/kWh";2035;"0.151";"Sensitivity | Current Policies | Resale value";"Hydrogen"
"OPEX";"Hydrogen";"PL";"Hydrogen Price";"Tractor-Trailer";"BAU";"EUR/kWh";2035;"0.151";"Sensitivity | Current Policies | Resale value";"Hydrogen"
"OPEX";"Hydrogen";"UK";"Hydrogen Price";"Rigid";"BAU";"EUR/kWh";2035;"0.151";"Sensitivity | Current Policies | Resale value";"Hydrogen"
"OPEX";"Hydrogen";"UK";"Hydrogen Price";"Tractor-Trailer";"BAU";"EUR/kWh";2035;"0.151";"Sensitivity | Current Policies | Resale value";"Hydrogen"
"OPEX";"Diesel";"FR";"Biodiesel Price";"Rigid";"BAU";"EUR/kWh";2040;"0.172";"Sensitivity | Current Policies | Resale value";"Diesel"
"OPEX";"Diesel";"FR";"Biodiesel Price";"Tractor-Trailer";"BAU";"EUR/kWh";2040;"0.172";"Sensitivity | Current Policies | Resale value";"Diesel"
"OPEX";"Diesel";"DE";"Biodiesel Price";"Rigid";"BAU";"EUR/kWh";2040;"0.172";"Sensitivity | Current Policies | Resale value";"Diesel"
"OPEX";"Diesel";"DE";"Biodiesel Price";"Tractor-Trailer";"BAU";"EUR/kWh";2040;"0.172";"Sensitivity | Current Policies | Resale value";"Diesel"
"OPEX";"Diesel";"ES";"Biodiesel Price";"Rigid";"BAU";"EUR/kWh";2040;"0.172";"Sensitivity | Current Policies | Resale value";"Diesel"
"OPEX";"Diesel";"ES";"Biodiesel Price";"Tractor-Trailer";"BAU";"EUR/kWh";2040;"0.172";"Sensitivity | Current Policies | Resale value";"Diesel"
"OPEX";"Diesel";"IT";"Biodiesel Price";"Rigid";"BAU";"EUR/kWh";2040;"0.172";"Sensitivity | Current Policies | Resale value";"Diesel"
"OPEX";"Diesel";"IT";"Biodiesel Price";"Tractor-Trailer";"BAU";"EUR/kWh";2040;"0.172";"Sensitivity | Current Policies | Resale value";"Diesel"
"OPEX";"Diesel";"NL";"Biodiesel Price";"Rigid";"BAU";"EUR/kWh";2040;"0.172";"Sensitivity | Current Policies | Resale value";"Diesel"
"OPEX";"Diesel";"NL";"Biodiesel Price";"Tractor-Trailer";"BAU";"EUR/kWh";2040;"0.172";"Sensitivity | Current Policies | Resale value";"Diesel"
"OPEX";"Diesel";"PL";"Biodiesel Price";"Rigid";"BAU";"EUR/kWh";2040;"0.172";"Sensitivity | Current Policies | Resale value";"Diesel"
"OPEX";"Diesel";"PL";"Biodiesel Price";"Tractor-Trailer";"BAU";"EUR/kWh";2040;"0.172";"Sensitivity | Current Policies | Resale value";"Diesel"
"OPEX";"Diesel";"UK";"Biodiesel Price";"Rigid";"BAU";"EUR/kWh";2040;"0.172";"Sensitivity | Current Policies | Resale value";"Diesel"
"OPEX";"Diesel";"UK";"Biodiesel Price";"Tractor-Trailer";"BAU";"EUR/kWh";2040;"0.172";"Sensitivity | Current Policies | Resale value";"Diesel"
"OPEX";"Diesel";"DE";"Pt-Diesel Price";"Rigid";"BAU";"EUR/kWh";2040;"0.218";"Sensitivity | Current Policies | Resale value";"Diesel"
"OPEX";"Diesel";"DE";"Pt-Diesel Price";"Tractor-Trailer";"BAU";"EUR/kWh";2040;"0.218";"Sensitivity | Current Policies | Resale value";"Diesel"
"OPEX";"Diesel";"ES";"Pt-Diesel Price";"Rigid";"BAU";"EUR/kWh";2040;"0.218";"Sensitivity | Current Policies | Resale value";"Diesel"
"OPEX";"Diesel";"ES";"Pt-Diesel Price";"Tractor-Trailer";"BAU";"EUR/kWh";2040;"0.218";"Sensitivity | Current Policies | Resale value";"Diesel"
"OPEX";"Diesel";"FR";"Pt-Diesel Price";"Rigid";"BAU";"EUR/kWh";2040;"0.218";"Sensitivity | Current Policies | Resale value";"Diesel"
"OPEX";"Diesel";"FR";"Pt-Diesel Price";"Tractor-Trailer";"BAU";"EUR/kWh";2040;"0.218";"Sensitivity | Current Policies | Resale value";"Diesel"
"OPEX";"Diesel";"IT";"Pt-Diesel Price";"Rigid";"BAU";"EUR/kWh";2040;"0.218";"Sensitivity | Current Policies | Resale value";"Diesel"
"OPEX";"Diesel";"IT";"Pt-Diesel Price";"Tractor-Trailer";"BAU";"EUR/kWh";2040;"0.218";"Sensitivity | Current Policies | Resale value";"Diesel"
"OPEX";"Diesel";"NL";"Pt-Diesel Price";"Rigid";"BAU";"EUR/kWh";2040;"0.218";"Sensitivity | Current Policies | Resale value";"Diesel"
"OPEX";"Diesel";"NL";"Pt-Diesel Price";"Tractor-Trailer";"BAU";"EUR/kWh";2040;"0.218";"Sensitivity | Current Policies | Resale value";"Diesel"
"OPEX";"Diesel";"PL";"Pt-Diesel Price";"Rigid";"BAU";"EUR/kWh";2040;"0.218";"Sensitivity | Current Policies | Resale value";"Diesel"
"OPEX";"Diesel";"PL";"Pt-Diesel Price";"Tractor-Trailer";"BAU";"EUR/kWh";2040;"0.218";"Sensitivity | Current Policies | Resale value";"Diesel"
"OPEX";"Diesel";"UK";"Pt-Diesel Price";"Rigid";"BAU";"EUR/kWh";2040;"0.218";"Sensitivity | Current Policies | Resale value";"Diesel"
"OPEX";"Diesel";"UK";"Pt-Diesel Price";"Tractor-Trailer";"BAU";"EUR/kWh";2040;"0.218";"Sensitivity | Current Policies | Resale value";"Diesel"
"OPEX";"Electricity";"DE";"Electricity Price";"Rigid";"BAU";"EUR/kWh";2040;"0.071";"Sensitivity | Current Policies | Resale value";"Electricity"
"OPEX";"Electricity";"DE";"Electricity Price";"Tractor-Trailer";"BAU";"EUR/kWh";2040;"0.071";"Sensitivity | Current Policies | Resale value";"Electricity"
"OPEX";"Electricity";"ES";"Electricity Price";"Rigid";"BAU";"EUR/kWh";2040;"0.071";"Sensitivity | Current Policies | Resale value";"Electricity"
"OPEX";"Electricity";"ES";"Electricity Price";"Tractor-Trailer";"BAU";"EUR/kWh";2040;"0.071";"Sensitivity | Current Policies | Resale value";"Electricity"
"OPEX";"Electricity";"FR";"Electricity Price";"Rigid";"BAU";"EUR/kWh";2040;"0.071";"Sensitivity | Current Policies | Resale value";"Electricity"
"OPEX";"Electricity";"FR";"Electricity Price";"Tractor-Trailer";"BAU";"EUR/kWh";2040;"0.071";"Sensitivity | Current Policies | Resale value";"Electricity"
"OPEX";"Electricity";"IT";"Electricity Price";"Rigid";"BAU";"EUR/kWh";2040;"0.071";"Sensitivity | Current Policies | Resale value";"Electricity"
"OPEX";"Electricity";"IT";"Electricity Price";"Tractor-Trailer";"BAU";"EUR/kWh";2040;"0.071";"Sensitivity | Current Policies | Resale value";"Electricity"
"OPEX";"Electricity";"NL";"Electricity Price";"Rigid";"BAU";"EUR/kWh";2040;"0.071";"Sensitivity | Current Policies | Resale value";"Electricity"
"OPEX";"Electricity";"NL";"Electricity Price";"Tractor-Trailer";"BAU";"EUR/kWh";2040;"0.071";"Sensitivity | Current Policies | Resale value";"Electricity"
"OPEX";"Electricity";"PL";"Electricity Price";"Rigid";"BAU";"EUR/kWh";2040;"0.071";"Sensitivity | Current Policies | Resale value";"Electricity"
"OPEX";"Electricity";"PL";"Electricity Price";"Tractor-Trailer";"BAU";"EUR/kWh";2040;"0.071";"Sensitivity | Current Policies | Resale value";"Electricity"
"OPEX";"Electricity";"UK";"Electricity Price";"Rigid";"BAU";"EUR/kWh";2040;"0.071";"Sensitivity | Current Policies | Resale value";"Electricity"
"OPEX";"Electricity";"UK";"Electricity Price";"Tractor-Trailer";"BAU";"EUR/kWh";2040;"0.071";"Sensitivity | Current Policies | Resale value";"Electricity"
"OPEX";"Hydrogen";"DE";"Hydrogen Price";"Rigid";"BAU";"EUR/kWh";2040;"0.134";"Sensitivity | Current Policies | Resale value";"Hydrogen"
"OPEX";"Hydrogen";"DE";"Hydrogen Price";"Tractor-Trailer";"BAU";"EUR/kWh";2040;"0.134";"Sensitivity | Current Policies | Resale value";"Hydrogen"
"OPEX";"Hydrogen";"ES";"Hydrogen Price";"Rigid";"BAU";"EUR/kWh";2040;"0.134";"Sensitivity | Current Policies | Resale value";"Hydrogen"
"OPEX";"Hydrogen";"ES";"Hydrogen Price";"Tractor-Trailer";"BAU";"EUR/kWh";2040;"0.134";"Sensitivity | Current Policies | Resale value";"Hydrogen"
"OPEX";"Hydrogen";"FR";"Hydrogen Price";"Rigid";"BAU";"EUR/kWh";2040;"0.134";"Sensitivity | Current Policies | Resale value";"Hydrogen"
"OPEX";"Hydrogen";"FR";"Hydrogen Price";"Tractor-Trailer";"BAU";"EUR/kWh";2040;"0.134";"Sensitivity | Current Policies | Resale value";"Hydrogen"
"OPEX";"Hydrogen";"IT";"Hydrogen Price";"Rigid";"BAU";"EUR/kWh";2040;"0.134";"Sensitivity | Current Policies | Resale value";"Hydrogen"
"OPEX";"Hydrogen";"IT";"Hydrogen Price";"Tractor-Trailer";"BAU";"EUR/kWh";2040;"0.134";"Sensitivity | Current Policies | Resale value";"Hydrogen"
"OPEX";"Hydrogen";"NL";"Hydrogen Price";"Rigid";"BAU";"EUR/kWh";2040;"0.134";"Sensitivity | Current Policies | Resale value";"Hydrogen"
"OPEX";"Hydrogen";"NL";"Hydrogen Price";"Tractor-Trailer";"BAU";"EUR/kWh";2040;"0.134";"Sensitivity | Current Policies | Resale value";"Hydrogen"
"OPEX";"Hydrogen";"PL";"Hydrogen Price";"Rigid";"BAU";"EUR/kWh";2040;"0.134";"Sensitivity | Current Policies | Resale value";"Hydrogen"
"OPEX";"Hydrogen";"PL";"Hydrogen Price";"Tractor-Trailer";"BAU";"EUR/kWh";2040;"0.134";"Sensitivity | Current Policies | Resale value";"Hydrogen"
"OPEX";"Hydrogen";"UK";"Hydrogen Price";"Rigid";"BAU";"EUR/kWh";2040;"0.134";"Sensitivity | Current Policies | Resale value";"Hydrogen"
"OPEX";"Hydrogen";"UK";"Hydrogen Price";"Tractor-Trailer";"BAU";"EUR/kWh";2040;"0.134";"Sensitivity | Current Policies | Resale value";"Hydrogen"
"OPEX";"Diesel";"FR";"Biodiesel Price";"Rigid";"BAU";"EUR/kWh";2045;"0.17";"Sensitivity | Current Policies | Resale value";"Diesel"
"OPEX";"Diesel";"FR";"Biodiesel Price";"Tractor-Trailer";"BAU";"EUR/kWh";2045;"0.17";"Sensitivity | Current Policies | Resale value";"Diesel"
"OPEX";"Diesel";"DE";"Biodiesel Price";"Rigid";"BAU";"EUR/kWh";2045;"0.17";"Sensitivity | Current Policies | Resale value";"Diesel"
"OPEX";"Diesel";"DE";"Biodiesel Price";"Tractor-Trailer";"BAU";"EUR/kWh";2045;"0.17";"Sensitivity | Current Policies | Resale value";"Diesel"
"OPEX";"Diesel";"ES";"Biodiesel Price";"Rigid";"BAU";"EUR/kWh";2045;"0.17";"Sensitivity | Current Policies | Resale value";"Diesel"
"OPEX";"Diesel";"ES";"Biodiesel Price";"Tractor-Trailer";"BAU";"EUR/kWh";2045;"0.17";"Sensitivity | Current Policies | Resale value";"Diesel"
"OPEX";"Diesel";"IT";"Biodiesel Price";"Rigid";"BAU";"EUR/kWh";2045;"0.17";"Sensitivity | Current Policies | Resale value";"Diesel"
"OPEX";"Diesel";"IT";"Biodiesel Price";"Tractor-Trailer";"BAU";"EUR/kWh";2045;"0.17";"Sensitivity | Current Policies | Resale value";"Diesel"
"OPEX";"Diesel";"NL";"Biodiesel Price";"Rigid";"BAU";"EUR/kWh";2045;"0.17";"Sensitivity | Current Policies | Resale value";"Diesel"
"OPEX";"Diesel";"NL";"Biodiesel Price";"Tractor-Trailer";"BAU";"EUR/kWh";2045;"0.17";"Sensitivity | Current Policies | Resale value";"Diesel"
"OPEX";"Diesel";"PL";"Biodiesel Price";"Rigid";"BAU";"EUR/kWh";2045;"0.17";"Sensitivity | Current Policies | Resale value";"Diesel"
"OPEX";"Diesel";"PL";"Biodiesel Price";"Tractor-Trailer";"BAU";"EUR/kWh";2045;"0.17";"Sensitivity | Current Policies | Resale value";"Diesel"
"OPEX";"Diesel";"UK";"Biodiesel Price";"Rigid";"BAU";"EUR/kWh";2045;"0.17";"Sensitivity | Current Policies | Resale value";"Diesel"
"OPEX";"Diesel";"UK";"Biodiesel Price";"Tractor-Trailer";"BAU";"EUR/kWh";2045;"0.17";"Sensitivity | Current Policies | Resale value";"Diesel"
"OPEX";"Diesel";"DE";"Pt-Diesel Price";"Rigid";"BAU";"EUR/kWh";2045;"0.196";"Sensitivity | Current Policies | Resale value";"Diesel"
"OPEX";"Diesel";"DE";"Pt-Diesel Price";"Tractor-Trailer";"BAU";"EUR/kWh";2045;"0.196";"Sensitivity | Current Policies | Resale value";"Diesel"
"OPEX";"Diesel";"ES";"Pt-Diesel Price";"Rigid";"BAU";"EUR/kWh";2045;"0.196";"Sensitivity | Current Policies | Resale value";"Diesel"
"OPEX";"Diesel";"ES";"Pt-Diesel Price";"Tractor-Trailer";"BAU";"EUR/kWh";2045;"0.196";"Sensitivity | Current Policies | Resale value";"Diesel"
"OPEX";"Diesel";"FR";"Pt-Diesel Price";"Rigid";"BAU";"EUR/kWh";2045;"0.196";"Sensitivity | Current Policies | Resale value";"Diesel"
"OPEX";"Diesel";"FR";"Pt-Diesel Price";"Tractor-Trailer";"BAU";"EUR/kWh";2045;"0.196";"Sensitivity | Current Policies | Resale value";"Diesel"
"OPEX";"Diesel";"IT";"Pt-Diesel Price";"Rigid";"BAU";"EUR/kWh";2045;"0.196";"Sensitivity | Current Policies | Resale value";"Diesel"
"OPEX";"Diesel";"IT";"Pt-Diesel Price";"Tractor-Trailer";"BAU";"EUR/kWh";2045;"0.196";"Sensitivity | Current Policies | Resale value";"Diesel"
"OPEX";"Diesel";"NL";"Pt-Diesel Price";"Rigid";"BAU";"EUR/kWh";2045;"0.196";"Sensitivity | Current Policies | Resale value";"Diesel"
"OPEX";"Diesel";"NL";"Pt-Diesel Price";"Tractor-Trailer";"BAU";"EUR/kWh";2045;"0.196";"Sensitivity | Current Policies | Resale value";"Diesel"
"OPEX";"Diesel";"PL";"Pt-Diesel Price";"Rigid";"BAU";"EUR/kWh";2045;"0.196";"Sensitivity | Current Policies | Resale value";"Diesel"
"OPEX";"Diesel";"PL";"Pt-Diesel Price";"Tractor-Trailer";"BAU";"EUR/kWh";2045;"0.196";"Sensitivity | Current Policies | Resale value";"Diesel"
"OPEX";"Diesel";"UK";"Pt-Diesel Price";"Rigid";"BAU";"EUR/kWh";2045;"0.196";"Sensitivity | Current Policies | Resale value";"Diesel"
"OPEX";"Diesel";"UK";"Pt-Diesel Price";"Tractor-Trailer";"BAU";"EUR/kWh";2045;"0.196";"Sensitivity | Current Policies | Resale value";"Diesel"
"OPEX";"Electricity";"DE";"Electricity Price";"Rigid";"BAU";"EUR/kWh";2045;"0.07";"Sensitivity | Current Policies | Resale value";"Electricity"
"OPEX";"Electricity";"DE";"Electricity Price";"Tractor-Trailer";"BAU";"EUR/kWh";2045;"0.07";"Sensitivity | Current Policies | Resale value";"Electricity"
"OPEX";"Electricity";"ES";"Electricity Price";"Rigid";"BAU";"EUR/kWh";2045;"0.07";"Sensitivity | Current Policies | Resale value";"Electricity"
"OPEX";"Electricity";"ES";"Electricity Price";"Tractor-Trailer";"BAU";"EUR/kWh";2045;"0.07";"Sensitivity | Current Policies | Resale value";"Electricity"
"OPEX";"Electricity";"FR";"Electricity Price";"Rigid";"BAU";"EUR/kWh";2045;"0.07";"Sensitivity | Current Policies | Resale value";"Electricity"
"OPEX";"Electricity";"FR";"Electricity Price";"Tractor-Trailer";"BAU";"EUR/kWh";2045;"0.07";"Sensitivity | Current Policies | Resale value";"Electricity"
"OPEX";"Electricity";"IT";"Electricity Price";"Rigid";"BAU";"EUR/kWh";2045;"0.07";"Sensitivity | Current Policies | Resale value";"Electricity"
"OPEX";"Electricity";"IT";"Electricity Price";"Tractor-Trailer";"BAU";"EUR/kWh";2045;"0.07";"Sensitivity | Current Policies | Resale value";"Electricity"
"OPEX";"Electricity";"NL";"Electricity Price";"Rigid";"BAU";"EUR/kWh";2045;"0.07";"Sensitivity | Current Policies | Resale value";"Electricity"
"OPEX";"Electricity";"NL";"Electricity Price";"Tractor-Trailer";"BAU";"EUR/kWh";2045;"0.07";"Sensitivity | Current Policies | Resale value";"Electricity"
"OPEX";"Electricity";"PL";"Electricity Price";"Rigid";"BAU";"EUR/kWh";2045;"0.07";"Sensitivity | Current Policies | Resale value";"Electricity"
"OPEX";"Electricity";"PL";"Electricity Price";"Tractor-Trailer";"BAU";"EUR/kWh";2045;"0.07";"Sensitivity | Current Policies | Resale value";"Electricity"
"OPEX";"Electricity";"UK";"Electricity Price";"Rigid";"BAU";"EUR/kWh";2045;"0.07";"Sensitivity | Current Policies | Resale value";"Electricity"
"OPEX";"Electricity";"UK";"Electricity Price";"Tractor-Trailer";"BAU";"EUR/kWh";2045;"0.07";"Sensitivity | Current Policies | Resale value";"Electricity"
"OPEX";"Hydrogen";"DE";"Hydrogen Price";"Rigid";"BAU";"EUR/kWh";2045;"0.118";"Sensitivity | Current Policies | Resale value";"Hydrogen"
"OPEX";"Hydrogen";"DE";"Hydrogen Price";"Tractor-Trailer";"BAU";"EUR/kWh";2045;"0.118";"Sensitivity | Current Policies | Resale value";"Hydrogen"
"OPEX";"Hydrogen";"ES";"Hydrogen Price";"Rigid";"BAU";"EUR/kWh";2045;"0.118";"Sensitivity | Current Policies | Resale value";"Hydrogen"
"OPEX";"Hydrogen";"ES";"Hydrogen Price";"Tractor-Trailer";"BAU";"EUR/kWh";2045;"0.118";"Sensitivity | Current Policies | Resale value";"Hydrogen"
"OPEX";"Hydrogen";"FR";"Hydrogen Price";"Rigid";"BAU";"EUR/kWh";2045;"0.118";"Sensitivity | Current Policies | Resale value";"Hydrogen"
"OPEX";"Hydrogen";"FR";"Hydrogen Price";"Tractor-Trailer";"BAU";"EUR/kWh";2045;"0.118";"Sensitivity | Current Policies | Resale value";"Hydrogen"
"OPEX";"Hydrogen";"IT";"Hydrogen Price";"Rigid";"BAU";"EUR/kWh";2045;"0.118";"Sensitivity | Current Policies | Resale value";"Hydrogen"
"OPEX";"Hydrogen";"IT";"Hydrogen Price";"Tractor-Trailer";"BAU";"EUR/kWh";2045;"0.118";"Sensitivity | Current Policies | Resale value";"Hydrogen"
"OPEX";"Hydrogen";"NL";"Hydrogen Price";"Rigid";"BAU";"EUR/kWh";2045;"0.118";"Sensitivity | Current Policies | Resale value";"Hydrogen"
"OPEX";"Hydrogen";"NL";"Hydrogen Price";"Tractor-Trailer";"BAU";"EUR/kWh";2045;"0.118";"Sensitivity | Current Policies | Resale value";"Hydrogen"
"OPEX";"Hydrogen";"PL";"Hydrogen Price";"Rigid";"BAU";"EUR/kWh";2045;"0.118";"Sensitivity | Current Policies | Resale value";"Hydrogen"
"OPEX";"Hydrogen";"PL";"Hydrogen Price";"Tractor-Trailer";"BAU";"EUR/kWh";2045;"0.118";"Sensitivity | Current Policies | Resale value";"Hydrogen"
"OPEX";"Hydrogen";"UK";"Hydrogen Price";"Rigid";"BAU";"EUR/kWh";2045;"0.118";"Sensitivity | Current Policies | Resale value";"Hydrogen"
"OPEX";"Hydrogen";"UK";"Hydrogen Price";"Tractor-Trailer";"BAU";"EUR/kWh";2045;"0.118";"Sensitivity | Current Policies | Resale value";"Hydrogen"
"OPEX";"Diesel";"FR";"Biodiesel Price";"Rigid";"BAU";"EUR/kWh";2050;"0.152";"Sensitivity | Current Policies | Resale value";"Diesel"
"OPEX";"Diesel";"FR";"Biodiesel Price";"Tractor-Trailer";"BAU";"EUR/kWh";2050;"0.152";"Sensitivity | Current Policies | Resale value";"Diesel"
"OPEX";"Diesel";"DE";"Biodiesel Price";"Rigid";"BAU";"EUR/kWh";2050;"0.152";"Sensitivity | Current Policies | Resale value";"Diesel"
"OPEX";"Diesel";"DE";"Biodiesel Price";"Tractor-Trailer";"BAU";"EUR/kWh";2050;"0.152";"Sensitivity | Current Policies | Resale value";"Diesel"
"OPEX";"Diesel";"ES";"Biodiesel Price";"Rigid";"BAU";"EUR/kWh";2050;"0.152";"Sensitivity | Current Policies | Resale value";"Diesel"
"OPEX";"Diesel";"ES";"Biodiesel Price";"Tractor-Trailer";"BAU";"EUR/kWh";2050;"0.152";"Sensitivity | Current Policies | Resale value";"Diesel"
"OPEX";"Diesel";"IT";"Biodiesel Price";"Rigid";"BAU";"EUR/kWh";2050;"0.152";"Sensitivity | Current Policies | Resale value";"Diesel"
"OPEX";"Diesel";"IT";"Biodiesel Price";"Tractor-Trailer";"BAU";"EUR/kWh";2050;"0.152";"Sensitivity | Current Policies | Resale value";"Diesel"
"OPEX";"Diesel";"NL";"Biodiesel Price";"Rigid";"BAU";"EUR/kWh";2050;"0.152";"Sensitivity | Current Policies | Resale value";"Diesel"
"OPEX";"Diesel";"NL";"Biodiesel Price";"Tractor-Trailer";"BAU";"EUR/kWh";2050;"0.152";"Sensitivity | Current Policies | Resale value";"Diesel"
"OPEX";"Diesel";"PL";"Biodiesel Price";"Rigid";"BAU";"EUR/kWh";2050;"0.152";"Sensitivity | Current Policies | Resale value";"Diesel"
"OPEX";"Diesel";"PL";"Biodiesel Price";"Tractor-Trailer";"BAU";"EUR/kWh";2050;"0.152";"Sensitivity | Current Policies | Resale value";"Diesel"
"OPEX";"Diesel";"UK";"Biodiesel Price";"Rigid";"BAU";"EUR/kWh";2050;"0.152";"Sensitivity | Current Policies | Resale value";"Diesel"
"OPEX";"Diesel";"UK";"Biodiesel Price";"Tractor-Trailer";"BAU";"EUR/kWh";2050;"0.152";"Sensitivity | Current Policies | Resale value";"Diesel"
"OPEX";"Diesel";"DE";"Pt-Diesel Price";"Rigid";"BAU";"EUR/kWh";2050;"0.175";"Sensitivity | Current Policies | Resale value";"Diesel"
"OPEX";"Diesel";"DE";"Pt-Diesel Price";"Tractor-Trailer";"BAU";"EUR/kWh";2050;"0.175";"Sensitivity | Current Policies | Resale value";"Diesel"
"OPEX";"Diesel";"ES";"Pt-Diesel Price";"Rigid";"BAU";"EUR/kWh";2050;"0.175";"Sensitivity | Current Policies | Resale value";"Diesel"
"OPEX";"Diesel";"ES";"Pt-Diesel Price";"Tractor-Trailer";"BAU";"EUR/kWh";2050;"0.175";"Sensitivity | Current Policies | Resale value";"Diesel"
"OPEX";"Diesel";"FR";"Pt-Diesel Price";"Rigid";"BAU";"EUR/kWh";2050;"0.175";"Sensitivity | Current Policies | Resale value";"Diesel"
"OPEX";"Diesel";"FR";"Pt-Diesel Price";"Tractor-Trailer";"BAU";"EUR/kWh";2050;"0.175";"Sensitivity | Current Policies | Resale value";"Diesel"
"OPEX";"Diesel";"IT";"Pt-Diesel Price";"Rigid";"BAU";"EUR/kWh";2050;"0.175";"Sensitivity | Current Policies | Resale value";"Diesel"
"OPEX";"Diesel";"IT";"Pt-Diesel Price";"Tractor-Trailer";"BAU";"EUR/kWh";2050;"0.175";"Sensitivity | Current Policies | Resale value";"Diesel"
"OPEX";"Diesel";"NL";"Pt-Diesel Price";"Rigid";"BAU";"EUR/kWh";2050;"0.175";"Sensitivity | Current Policies | Resale value";"Diesel"
"OPEX";"Diesel";"NL";"Pt-Diesel Price";"Tractor-Trailer";"BAU";"EUR/kWh";2050;"0.175";"Sensitivity | Current Policies | Resale value";"Diesel"
"OPEX";"Diesel";"PL";"Pt-Diesel Price";"Rigid";"BAU";"EUR/kWh";2050;"0.175";"Sensitivity | Current Policies | Resale value";"Diesel"
"OPEX";"Diesel";"PL";"Pt-Diesel Price";"Tractor-Trailer";"BAU";"EUR/kWh";2050;"0.175";"Sensitivity | Current Policies | Resale value";"Diesel"
"OPEX";"Diesel";"UK";"Pt-Diesel Price";"Rigid";"BAU";"EUR/kWh";2050;"0.175";"Sensitivity | Current Policies | Resale value";"Diesel"
"OPEX";"Diesel";"UK";"Pt-Diesel Price";"Tractor-Trailer";"BAU";"EUR/kWh";2050;"0.175";"Sensitivity | Current Policies | Resale value";"Diesel"
"OPEX";"Electricity";"DE";"Electricity Price";"Rigid";"BAU";"EUR/kWh";2050;"0.07";"Sensitivity | Current Policies | Resale value";"Electricity"
"OPEX";"Electricity";"DE";"Electricity Price";"Tractor-Trailer";"BAU";"EUR/kWh";2050;"0.07";"Sensitivity | Current Policies | Resale value";"Electricity"
"OPEX";"Electricity";"ES";"Electricity Price";"Rigid";"BAU";"EUR/kWh";2050;"0.07";"Sensitivity | Current Policies | Resale value";"Electricity"
"OPEX";"Electricity";"ES";"Electricity Price";"Tractor-Trailer";"BAU";"EUR/kWh";2050;"0.07";"Sensitivity | Current Policies | Resale value";"Electricity"
"OPEX";"Electricity";"FR";"Electricity Price";"Rigid";"BAU";"EUR/kWh";2050;"0.07";"Sensitivity | Current Policies | Resale value";"Electricity"
"OPEX";"Electricity";"FR";"Electricity Price";"Tractor-Trailer";"BAU";"EUR/kWh";2050;"0.07";"Sensitivity | Current Policies | Resale value";"Electricity"
"OPEX";"Electricity";"IT";"Electricity Price";"Rigid";"BAU";"EUR/kWh";2050;"0.07";"Sensitivity | Current Policies | Resale value";"Electricity"
"OPEX";"Electricity";"IT";"Electricity Price";"Tractor-Trailer";"BAU";"EUR/kWh";2050;"0.07";"Sensitivity | Current Policies | Resale value";"Electricity"
"OPEX";"Electricity";"NL";"Electricity Price";"Rigid";"BAU";"EUR/kWh";2050;"0.07";"Sensitivity | Current Policies | Resale value";"Electricity"
"OPEX";"Electricity";"NL";"Electricity Price";"Tractor-Trailer";"BAU";"EUR/kWh";2050;"0.07";"Sensitivity | Current Policies | Resale value";"Electricity"
"OPEX";"Electricity";"PL";"Electricity Price";"Rigid";"BAU";"EUR/kWh";2050;"0.07";"Sensitivity | Current Policies | Resale value";"Electricity"
"OPEX";"Electricity";"PL";"Electricity Price";"Tractor-Trailer";"BAU";"EUR/kWh";2050;"0.07";"Sensitivity | Current Policies | Resale value";"Electricity"
"OPEX";"Electricity";"UK";"Electricity Price";"Rigid";"BAU";"EUR/kWh";2050;"0.07";"Sensitivity | Current Policies | Resale value";"Electricity"
"OPEX";"Electricity";"UK";"Electricity Price";"Tractor-Trailer";"BAU";"EUR/kWh";2050;"0.07";"Sensitivity | Current Policies | Resale value";"Electricity"
"OPEX";"Hydrogen";"DE";"Hydrogen Price";"Rigid";"BAU";"EUR/kWh";2050;"0.101";"Sensitivity | Current Policies | Resale value";"Hydrogen"
"OPEX";"Hydrogen";"DE";"Hydrogen Price";"Tractor-Trailer";"BAU";"EUR/kWh";2050;"0.101";"Sensitivity | Current Policies | Resale value";"Hydrogen"
"OPEX";"Hydrogen";"ES";"Hydrogen Price";"Rigid";"BAU";"EUR/kWh";2050;"0.101";"Sensitivity | Current Policies | Resale value";"Hydrogen"
"OPEX";"Hydrogen";"ES";"Hydrogen Price";"Tractor-Trailer";"BAU";"EUR/kWh";2050;"0.101";"Sensitivity | Current Policies | Resale value";"Hydrogen"
"OPEX";"Hydrogen";"FR";"Hydrogen Price";"Rigid";"BAU";"EUR/kWh";2050;"0.101";"Sensitivity | Current Policies | Resale value";"Hydrogen"
"OPEX";"Hydrogen";"FR";"Hydrogen Price";"Tractor-Trailer";"BAU";"EUR/kWh";2050;"0.101";"Sensitivity | Current Policies | Resale value";"Hydrogen"
"OPEX";"Hydrogen";"IT";"Hydrogen Price";"Rigid";"BAU";"EUR/kWh";2050;"0.101";"Sensitivity | Current Policies | Resale value";"Hydrogen"
"OPEX";"Hydrogen";"IT";"Hydrogen Price";"Tractor-Trailer";"BAU";"EUR/kWh";2050;"0.101";"Sensitivity | Current Policies | Resale value";"Hydrogen"
"OPEX";"Hydrogen";"NL";"Hydrogen Price";"Rigid";"BAU";"EUR/kWh";2050;"0.101";"Sensitivity | Current Policies | Resale value";"Hydrogen"
"OPEX";"Hydrogen";"NL";"Hydrogen Price";"Tractor-Trailer";"BAU";"EUR/kWh";2050;"0.101";"Sensitivity | Current Policies | Resale value";"Hydrogen"
"OPEX";"Hydrogen";"PL";"Hydrogen Price";"Rigid";"BAU";"EUR/kWh";2050;"0.101";"Sensitivity | Current Policies | Resale value";"Hydrogen"
"OPEX";"Hydrogen";"PL";"Hydrogen Price";"Tractor-Trailer";"BAU";"EUR/kWh";2050;"0.101";"Sensitivity | Current Policies | Resale value";"Hydrogen"
"OPEX";"Hydrogen";"UK";"Hydrogen Price";"Rigid";"BAU";"EUR/kWh";2050;"0.101";"Sensitivity | Current Policies | Resale value";"Hydrogen"
"OPEX";"Hydrogen";"UK";"Hydrogen Price";"Tractor-Trailer";"BAU";"EUR/kWh";2050;"0.101";"Sensitivity | Current Policies | Resale value";"Hydrogen"
"OPEX";"Diesel";"DE";"Share Biodiesel";"Rigid";"BAU";"%";2030;"0.14";"Sensitivity | Current Policies | Resale value";"Diesel"
"OPEX";"Diesel";"DE";"Share Biodiesel";"Tractor-Trailer";"BAU";"%";2030;"0.14";"Sensitivity | Current Policies | Resale value";"Diesel"
"OPEX";"Diesel";"ES";"Share Biodiesel";"Rigid";"BAU";"%";2030;"0.14";"Sensitivity | Current Policies | Resale value";"Diesel"
"OPEX";"Diesel";"ES";"Share Biodiesel";"Tractor-Trailer";"BAU";"%";2030;"0.14";"Sensitivity | Current Policies | Resale value";"Diesel"
"OPEX";"Diesel";"FR";"Share Biodiesel";"Rigid";"BAU";"%";2030;"0.14";"Sensitivity | Current Policies | Resale value";"Diesel"
"OPEX";"Diesel";"FR";"Share Biodiesel";"Tractor-Trailer";"BAU";"%";2030;"0.14";"Sensitivity | Current Policies | Resale value";"Diesel"
"OPEX";"Diesel";"IT";"Share Biodiesel";"Rigid";"BAU";"%";2030;"0.14";"Sensitivity | Current Policies | Resale value";"Diesel"
"OPEX";"Diesel";"IT";"Share Biodiesel";"Tractor-Trailer";"BAU";"%";2030;"0.14";"Sensitivity | Current Policies | Resale value";"Diesel"
"OPEX";"Diesel";"NL";"Share Biodiesel";"Rigid";"BAU";"%";2030;"0.14";"Sensitivity | Current Policies | Resale value";"Diesel"
"OPEX";"Diesel";"NL";"Share Biodiesel";"Tractor-Trailer";"BAU";"%";2030;"0.14";"Sensitivity | Current Policies | Resale value";"Diesel"
"OPEX";"Diesel";"PL";"Share Biodiesel";"Rigid";"BAU";"%";2030;"0.14";"Sensitivity | Current Policies | Resale value";"Diesel"
"OPEX";"Diesel";"PL";"Share Biodiesel";"Tractor-Trailer";"BAU";"%";2030;"0.14";"Sensitivity | Current Policies | Resale value";"Diesel"
"OPEX";"Diesel";"UK";"Share Biodiesel";"Rigid";"BAU";"%";2030;"0.14";"Sensitivity | Current Policies | Resale value";"Diesel"
"OPEX";"Diesel";"UK";"Share Biodiesel";"Tractor-Trailer";"BAU";"%";2030;"0.14";"Sensitivity | Current Policies | Resale value";"Diesel"
"OPEX";"Diesel";"DE";"Share Biodiesel";"Rigid";"BAU";"%";2035;"0.23";"Sensitivity | Current Policies | Resale value";"Diesel"
"OPEX";"Diesel";"DE";"Share Biodiesel";"Tractor-Trailer";"BAU";"%";2035;"0.23";"Sensitivity | Current Policies | Resale value";"Diesel"
"OPEX";"Diesel";"ES";"Share Biodiesel";"Rigid";"BAU";"%";2035;"0.23";"Sensitivity | Current Policies | Resale value";"Diesel"
"OPEX";"Diesel";"ES";"Share Biodiesel";"Tractor-Trailer";"BAU";"%";2035;"0.23";"Sensitivity | Current Policies | Resale value";"Diesel"
"OPEX";"Diesel";"FR";"Share Biodiesel";"Rigid";"BAU";"%";2035;"0.23";"Sensitivity | Current Policies | Resale value";"Diesel"
"OPEX";"Diesel";"FR";"Share Biodiesel";"Tractor-Trailer";"BAU";"%";2035;"0.23";"Sensitivity | Current Policies | Resale value";"Diesel"
"OPEX";"Diesel";"IT";"Share Biodiesel";"Rigid";"BAU";"%";2035;"0.23";"Sensitivity | Current Policies | Resale value";"Diesel"
"OPEX";"Diesel";"IT";"Share Biodiesel";"Tractor-Trailer";"BAU";"%";2035;"0.23";"Sensitivity | Current Policies | Resale value";"Diesel"
"OPEX";"Diesel";"NL";"Share Biodiesel";"Rigid";"BAU";"%";2035;"0.23";"Sensitivity | Current Policies | Resale value";"Diesel"
"OPEX";"Diesel";"NL";"Share Biodiesel";"Tractor-Trailer";"BAU";"%";2035;"0.23";"Sensitivity | Current Policies | Resale value";"Diesel"
"OPEX";"Diesel";"PL";"Share Biodiesel";"Rigid";"BAU";"%";2035;"0.23";"Sensitivity | Current Policies | Resale value";"Diesel"
"OPEX";"Diesel";"PL";"Share Biodiesel";"Tractor-Trailer";"BAU";"%";2035;"0.23";"Sensitivity | Current Policies | Resale value";"Diesel"
"OPEX";"Diesel";"UK";"Share Biodiesel";"Rigid";"BAU";"%";2035;"0.23";"Sensitivity | Current Policies | Resale value";"Diesel"
"OPEX";"Diesel";"UK";"Share Biodiesel";"Tractor-Trailer";"BAU";"%";2035;"0.23";"Sensitivity | Current Policies | Resale value";"Diesel"
"OPEX";"Diesel";"DE";"Share Biodiesel";"Rigid";"BAU";"%";2040;"0.45";"Sensitivity | Current Policies | Resale value";"Diesel"
"OPEX";"Diesel";"DE";"Share Biodiesel";"Tractor-Trailer";"BAU";"%";2040;"0.45";"Sensitivity | Current Policies | Resale value";"Diesel"
"OPEX";"Diesel";"ES";"Share Biodiesel";"Rigid";"BAU";"%";2040;"0.45";"Sensitivity | Current Policies | Resale value";"Diesel"
"OPEX";"Diesel";"ES";"Share Biodiesel";"Tractor-Trailer";"BAU";"%";2040;"0.45";"Sensitivity | Current Policies | Resale value";"Diesel"
"OPEX";"Diesel";"FR";"Share Biodiesel";"Rigid";"BAU";"%";2040;"0.45";"Sensitivity | Current Policies | Resale value";"Diesel"
"OPEX";"Diesel";"FR";"Share Biodiesel";"Tractor-Trailer";"BAU";"%";2040;"0.45";"Sensitivity | Current Policies | Resale value";"Diesel"
"OPEX";"Diesel";"IT";"Share Biodiesel";"Rigid";"BAU";"%";2040;"0.45";"Sensitivity | Current Policies | Resale value";"Diesel"
"OPEX";"Diesel";"IT";"Share Biodiesel";"Tractor-Trailer";"BAU";"%";2040;"0.45";"Sensitivity | Current Policies | Resale value";"Diesel"
"OPEX";"Diesel";"NL";"Share Biodiesel";"Rigid";"BAU";"%";2040;"0.45";"Sensitivity | Current Policies | Resale value";"Diesel"
"OPEX";"Diesel";"NL";"Share Biodiesel";"Tractor-Trailer";"BAU";"%";2040;"0.45";"Sensitivity | Current Policies | Resale value";"Diesel"
"OPEX";"Diesel";"PL";"Share Biodiesel";"Rigid";"BAU";"%";2040;"0.45";"Sensitivity | Current Policies | Resale value";"Diesel"
"OPEX";"Diesel";"PL";"Share Biodiesel";"Tractor-Trailer";"BAU";"%";2040;"0.45";"Sensitivity | Current Policies | Resale value";"Diesel"
"OPEX";"Diesel";"UK";"Share Biodiesel";"Rigid";"BAU";"%";2040;"0.45";"Sensitivity | Current Policies | Resale value";"Diesel"
"OPEX";"Diesel";"UK";"Share Biodiesel";"Tractor-Trailer";"BAU";"%";2040;"0.45";"Sensitivity | Current Policies | Resale value";"Diesel"
"OPEX";"Diesel";"DE";"Share Biodiesel";"Rigid";"BAU";"%";2045;"0.53";"Sensitivity | Current Policies | Resale value";"Diesel"
"OPEX";"Diesel";"DE";"Share Biodiesel";"Tractor-Trailer";"BAU";"%";2045;"0.53";"Sensitivity | Current Policies | Resale value";"Diesel"
"OPEX";"Diesel";"ES";"Share Biodiesel";"Rigid";"BAU";"%";2045;"0.53";"Sensitivity | Current Policies | Resale value";"Diesel"
"OPEX";"Diesel";"ES";"Share Biodiesel";"Tractor-Trailer";"BAU";"%";2045;"0.53";"Sensitivity | Current Policies | Resale value";"Diesel"
"OPEX";"Diesel";"FR";"Share Biodiesel";"Rigid";"BAU";"%";2045;"0.53";"Sensitivity | Current Policies | Resale value";"Diesel"
"OPEX";"Diesel";"FR";"Share Biodiesel";"Tractor-Trailer";"BAU";"%";2045;"0.53";"Sensitivity | Current Policies | Resale value";"Diesel"
"OPEX";"Diesel";"IT";"Share Biodiesel";"Rigid";"BAU";"%";2045;"0.53";"Sensitivity | Current Policies | Resale value";"Diesel"
"OPEX";"Diesel";"IT";"Share Biodiesel";"Tractor-Trailer";"BAU";"%";2045;"0.53";"Sensitivity | Current Policies | Resale value";"Diesel"
"OPEX";"Diesel";"NL";"Share Biodiesel";"Rigid";"BAU";"%";2045;"0.53";"Sensitivity | Current Policies | Resale value";"Diesel"
"OPEX";"Diesel";"NL";"Share Biodiesel";"Tractor-Trailer";"BAU";"%";2045;"0.53";"Sensitivity | Current Policies | Resale value";"Diesel"
"OPEX";"Diesel";"PL";"Share Biodiesel";"Rigid";"BAU";"%";2045;"0.53";"Sensitivity | Current Policies | Resale value";"Diesel"
"OPEX";"Diesel";"PL";"Share Biodiesel";"Tractor-Trailer";"BAU";"%";2045;"0.53";"Sensitivity | Current Policies | Resale value";"Diesel"
"OPEX";"Diesel";"UK";"Share Biodiesel";"Rigid";"BAU";"%";2045;"0.53";"Sensitivity | Current Policies | Resale value";"Diesel"
"OPEX";"Diesel";"UK";"Share Biodiesel";"Tractor-Trailer";"BAU";"%";2045;"0.53";"Sensitivity | Current Policies | Resale value";"Diesel"
"OPEX";"Diesel";"DE";"Share Biodiesel";"Rigid";"BAU";"%";2050;"0.51";"Sensitivity | Current Policies | Resale value";"Diesel"
"OPEX";"Diesel";"DE";"Share Biodiesel";"Tractor-Trailer";"BAU";"%";2050;"0.51";"Sensitivity | Current Policies | Resale value";"Diesel"
"OPEX";"Diesel";"ES";"Share Biodiesel";"Rigid";"BAU";"%";2050;"0.51";"Sensitivity | Current Policies | Resale value";"Diesel"
"OPEX";"Diesel";"ES";"Share Biodiesel";"Tractor-Trailer";"BAU";"%";2050;"0.51";"Sensitivity | Current Policies | Resale value";"Diesel"
"OPEX";"Diesel";"FR";"Share Biodiesel";"Rigid";"BAU";"%";2050;"0.51";"Sensitivity | Current Policies | Resale value";"Diesel"
"OPEX";"Diesel";"FR";"Share Biodiesel";"Tractor-Trailer";"BAU";"%";2050;"0.51";"Sensitivity | Current Policies | Resale value";"Diesel"
"OPEX";"Diesel";"IT";"Share Biodiesel";"Rigid";"BAU";"%";2050;"0.51";"Sensitivity | Current Policies | Resale value";"Diesel"
"OPEX";"Diesel";"IT";"Share Biodiesel";"Tractor-Trailer";"BAU";"%";2050;"0.51";"Sensitivity | Current Policies | Resale value";"Diesel"
"OPEX";"Diesel";"NL";"Share Biodiesel";"Rigid";"BAU";"%";2050;"0.51";"Sensitivity | Current Policies | Resale value";"Diesel"
"OPEX";"Diesel";"NL";"Share Biodiesel";"Tractor-Trailer";"BAU";"%";2050;"0.51";"Sensitivity | Current Policies | Resale value";"Diesel"
"OPEX";"Diesel";"PL";"Share Biodiesel";"Rigid";"BAU";"%";2050;"0.51";"Sensitivity | Current Policies | Resale value";"Diesel"
"OPEX";"Diesel";"PL";"Share Biodiesel";"Tractor-Trailer";"BAU";"%";2050;"0.51";"Sensitivity | Current Policies | Resale value";"Diesel"
"OPEX";"Diesel";"UK";"Share Biodiesel";"Rigid";"BAU";"%";2050;"0.51";"Sensitivity | Current Policies | Resale value";"Diesel"
"OPEX";"Diesel";"UK";"Share Biodiesel";"Tractor-Trailer";"BAU";"%";2050;"0.51";"Sensitivity | Current Policies | Resale value";"Diesel"
"OPEX";"Diesel";"DE";"Share Synthetic Diesel (E-Fuels)";"Rigid";"BAU";"%";2030;"0";"Sensitivity | Current Policies | Resale value";"Diesel"
"OPEX";"Diesel";"DE";"Share Synthetic Diesel (E-Fuels)";"Tractor-Trailer";"BAU";"%";2030;"0";"Sensitivity | Current Policies | Resale value";"Diesel"
"OPEX";"Diesel";"ES";"Share Synthetic Diesel (E-Fuels)";"Rigid";"BAU";"%";2030;"0";"Sensitivity | Current Policies | Resale value";"Diesel"
"OPEX";"Diesel";"ES";"Share Synthetic Diesel (E-Fuels)";"Tractor-Trailer";"BAU";"%";2030;"0";"Sensitivity | Current Policies | Resale value";"Diesel"
"OPEX";"Diesel";"FR";"Share Synthetic Diesel (E-Fuels)";"Rigid";"BAU";"%";2030;"0";"Sensitivity | Current Policies | Resale value";"Diesel"
"OPEX";"Diesel";"FR";"Share Synthetic Diesel (E-Fuels)";"Tractor-Trailer";"BAU";"%";2030;"0";"Sensitivity | Current Policies | Resale value";"Diesel"
"OPEX";"Diesel";"IT";"Share Synthetic Diesel (E-Fuels)";"Rigid";"BAU";"%";2030;"0";"Sensitivity | Current Policies | Resale value";"Diesel"
"OPEX";"Diesel";"IT";"Share Synthetic Diesel (E-Fuels)";"Tractor-Trailer";"BAU";"%";2030;"0";"Sensitivity | Current Policies | Resale value";"Diesel"
"OPEX";"Diesel";"NL";"Share Synthetic Diesel (E-Fuels)";"Rigid";"BAU";"%";2030;"0";"Sensitivity | Current Policies | Resale value";"Diesel"
"OPEX";"Diesel";"NL";"Share Synthetic Diesel (E-Fuels)";"Tractor-Trailer";"BAU";"%";2030;"0";"Sensitivity | Current Policies | Resale value";"Diesel"
"OPEX";"Diesel";"PL";"Share Synthetic Diesel (E-Fuels)";"Rigid";"BAU";"%";2030;"0";"Sensitivity | Current Policies | Resale value";"Diesel"
"OPEX";"Diesel";"PL";"Share Synthetic Diesel (E-Fuels)";"Tractor-Trailer";"BAU";"%";2030;"0";"Sensitivity | Current Policies | Resale value";"Diesel"
"OPEX";"Diesel";"UK";"Share Synthetic Diesel (E-Fuels)";"Rigid";"BAU";"%";2030;"0";"Sensitivity | Current Policies | Resale value";"Diesel"
"OPEX";"Diesel";"UK";"Share Synthetic Diesel (E-Fuels)";"Tractor-Trailer";"BAU";"%";2030;"0";"Sensitivity | Current Policies | Resale value";"Diesel"
"OPEX";"Diesel";"DE";"Share Synthetic Diesel (E-Fuels)";"Rigid";"BAU";"%";2035;"0";"Sensitivity | Current Policies | Resale value";"Diesel"
"OPEX";"Diesel";"DE";"Share Synthetic Diesel (E-Fuels)";"Tractor-Trailer";"BAU";"%";2035;"0";"Sensitivity | Current Policies | Resale value";"Diesel"
"OPEX";"Diesel";"ES";"Share Synthetic Diesel (E-Fuels)";"Rigid";"BAU";"%";2035;"0";"Sensitivity | Current Policies | Resale value";"Diesel"
"OPEX";"Diesel";"ES";"Share Synthetic Diesel (E-Fuels)";"Tractor-Trailer";"BAU";"%";2035;"0";"Sensitivity | Current Policies | Resale value";"Diesel"
"OPEX";"Diesel";"FR";"Share Synthetic Diesel (E-Fuels)";"Rigid";"BAU";"%";2035;"0";"Sensitivity | Current Policies | Resale value";"Diesel"
"OPEX";"Diesel";"FR";"Share Synthetic Diesel (E-Fuels)";"Tractor-Trailer";"BAU";"%";2035;"0";"Sensitivity | Current Policies | Resale value";"Diesel"
"OPEX";"Diesel";"IT";"Share Synthetic Diesel (E-Fuels)";"Rigid";"BAU";"%";2035;"0";"Sensitivity | Current Policies | Resale value";"Diesel"
"OPEX";"Diesel";"IT";"Share Synthetic Diesel (E-Fuels)";"Tractor-Trailer";"BAU";"%";2035;"0";"Sensitivity | Current Policies | Resale value";"Diesel"
"OPEX";"Diesel";"NL";"Share Synthetic Diesel (E-Fuels)";"Rigid";"BAU";"%";2035;"0";"Sensitivity | Current Policies | Resale value";"Diesel"
"OPEX";"Diesel";"NL";"Share Synthetic Diesel (E-Fuels)";"Tractor-Trailer";"BAU";"%";2035;"0";"Sensitivity | Current Policies | Resale value";"Diesel"
"OPEX";"Diesel";"PL";"Share Synthetic Diesel (E-Fuels)";"Rigid";"BAU";"%";2035;"0";"Sensitivity | Current Policies | Resale value";"Diesel"
"OPEX";"Diesel";"PL";"Share Synthetic Diesel (E-Fuels)";"Tractor-Trailer";"BAU";"%";2035;"0";"Sensitivity | Current Policies | Resale value";"Diesel"
"OPEX";"Diesel";"UK";"Share Synthetic Diesel (E-Fuels)";"Rigid";"BAU";"%";2035;"0";"Sensitivity | Current Policies | Resale value";"Diesel"
"OPEX";"Diesel";"UK";"Share Synthetic Diesel (E-Fuels)";"Tractor-Trailer";"BAU";"%";2035;"0";"Sensitivity | Current Policies | Resale value";"Diesel"
"OPEX";"Diesel";"DE";"Share Synthetic Diesel (E-Fuels)";"Rigid";"BAU";"%";2040;"0.2";"Sensitivity | Current Policies | Resale value";"Diesel"
"OPEX";"Diesel";"DE";"Share Synthetic Diesel (E-Fuels)";"Tractor-Trailer";"BAU";"%";2040;"0.2";"Sensitivity | Current Policies | Resale value";"Diesel"
"OPEX";"Diesel";"ES";"Share Synthetic Diesel (E-Fuels)";"Rigid";"BAU";"%";2040;"0.2";"Sensitivity | Current Policies | Resale value";"Diesel"
"OPEX";"Diesel";"ES";"Share Synthetic Diesel (E-Fuels)";"Tractor-Trailer";"BAU";"%";2040;"0.2";"Sensitivity | Current Policies | Resale value";"Diesel"
"OPEX";"Diesel";"FR";"Share Synthetic Diesel (E-Fuels)";"Rigid";"BAU";"%";2040;"0.2";"Sensitivity | Current Policies | Resale value";"Diesel"
"OPEX";"Diesel";"FR";"Share Synthetic Diesel (E-Fuels)";"Tractor-Trailer";"BAU";"%";2040;"0.2";"Sensitivity | Current Policies | Resale value";"Diesel"
"OPEX";"Diesel";"IT";"Share Synthetic Diesel (E-Fuels)";"Rigid";"BAU";"%";2040;"0.2";"Sensitivity | Current Policies | Resale value";"Diesel"
"OPEX";"Diesel";"IT";"Share Synthetic Diesel (E-Fuels)";"Tractor-Trailer";"BAU";"%";2040;"0.2";"Sensitivity | Current Policies | Resale value";"Diesel"
"OPEX";"Diesel";"NL";"Share Synthetic Diesel (E-Fuels)";"Rigid";"BAU";"%";2040;"0.2";"Sensitivity | Current Policies | Resale value";"Diesel"
"OPEX";"Diesel";"NL";"Share Synthetic Diesel (E-Fuels)";"Tractor-Trailer";"BAU";"%";2040;"0.2";"Sensitivity | Current Policies | Resale value";"Diesel"
"OPEX";"Diesel";"PL";"Share Synthetic Diesel (E-Fuels)";"Rigid";"BAU";"%";2040;"0.2";"Sensitivity | Current Policies | Resale value";"Diesel"
"OPEX";"Diesel";"PL";"Share Synthetic Diesel (E-Fuels)";"Tractor-Trailer";"BAU";"%";2040;"0.2";"Sensitivity | Current Policies | Resale value";"Diesel"
"OPEX";"Diesel";"UK";"Share Synthetic Diesel (E-Fuels)";"Rigid";"BAU";"%";2040;"0.2";"Sensitivity | Current Policies | Resale value";"Diesel"
"OPEX";"Diesel";"UK";"Share Synthetic Diesel (E-Fuels)";"Tractor-Trailer";"BAU";"%";2040;"0.2";"Sensitivity | Current Policies | Resale value";"Diesel"
"OPEX";"Diesel";"DE";"Share Synthetic Diesel (E-Fuels)";"Rigid";"BAU";"%";2045;"0.47";"Sensitivity | Current Policies | Resale value";"Diesel"
"OPEX";"Diesel";"DE";"Share Synthetic Diesel (E-Fuels)";"Tractor-Trailer";"BAU";"%";2045;"0.47";"Sensitivity | Current Policies | Resale value";"Diesel"
"OPEX";"Diesel";"ES";"Share Synthetic Diesel (E-Fuels)";"Rigid";"BAU";"%";2045;"0.47";"Sensitivity | Current Policies | Resale value";"Diesel"
"OPEX";"Diesel";"ES";"Share Synthetic Diesel (E-Fuels)";"Tractor-Trailer";"BAU";"%";2045;"0.47";"Sensitivity | Current Policies | Resale value";"Diesel"
"OPEX";"Diesel";"FR";"Share Synthetic Diesel (E-Fuels)";"Rigid";"BAU";"%";2045;"0.47";"Sensitivity | Current Policies | Resale value";"Diesel"
"OPEX";"Diesel";"FR";"Share Synthetic Diesel (E-Fuels)";"Tractor-Trailer";"BAU";"%";2045;"0.47";"Sensitivity | Current Policies | Resale value";"Diesel"
"OPEX";"Diesel";"IT";"Share Synthetic Diesel (E-Fuels)";"Rigid";"BAU";"%";2045;"0.47";"Sensitivity | Current Policies | Resale value";"Diesel"
"OPEX";"Diesel";"IT";"Share Synthetic Diesel (E-Fuels)";"Tractor-Trailer";"BAU";"%";2045;"0.47";"Sensitivity | Current Policies | Resale value";"Diesel"
"OPEX";"Diesel";"NL";"Share Synthetic Diesel (E-Fuels)";"Rigid";"BAU";"%";2045;"0.47";"Sensitivity | Current Policies | Resale value";"Diesel"
"OPEX";"Diesel";"NL";"Share Synthetic Diesel (E-Fuels)";"Tractor-Trailer";"BAU";"%";2045;"0.47";"Sensitivity | Current Policies | Resale value";"Diesel"
"OPEX";"Diesel";"PL";"Share Synthetic Diesel (E-Fuels)";"Rigid";"BAU";"%";2045;"0.47";"Sensitivity | Current Policies | Resale value";"Diesel"
"OPEX";"Diesel";"PL";"Share Synthetic Diesel (E-Fuels)";"Tractor-Trailer";"BAU";"%";2045;"0.47";"Sensitivity | Current Policies | Resale value";"Diesel"
"OPEX";"Diesel";"UK";"Share Synthetic Diesel (E-Fuels)";"Rigid";"BAU";"%";2045;"0.47";"Sensitivity | Current Policies | Resale value";"Diesel"
"OPEX";"Diesel";"UK";"Share Synthetic Diesel (E-Fuels)";"Tractor-Trailer";"BAU";"%";2045;"0.47";"Sensitivity | Current Policies | Resale value";"Diesel"
"OPEX";"Diesel";"DE";"Share Synthetic Diesel (E-Fuels)";"Rigid";"BAU";"%";2050;"0.49";"Sensitivity | Current Policies | Resale value";"Diesel"
"OPEX";"Diesel";"DE";"Share Synthetic Diesel (E-Fuels)";"Tractor-Trailer";"BAU";"%";2050;"0.49";"Sensitivity | Current Policies | Resale value";"Diesel"
"OPEX";"Diesel";"ES";"Share Synthetic Diesel (E-Fuels)";"Rigid";"BAU";"%";2050;"0.49";"Sensitivity | Current Policies | Resale value";"Diesel"
"OPEX";"Diesel";"ES";"Share Synthetic Diesel (E-Fuels)";"Tractor-Trailer";"BAU";"%";2050;"0.49";"Sensitivity | Current Policies | Resale value";"Diesel"
"OPEX";"Diesel";"FR";"Share Synthetic Diesel (E-Fuels)";"Rigid";"BAU";"%";2050;"0.49";"Sensitivity | Current Policies | Resale value";"Diesel"
"OPEX";"Diesel";"FR";"Share Synthetic Diesel (E-Fuels)";"Tractor-Trailer";"BAU";"%";2050;"0.49";"Sensitivity | Current Policies | Resale value";"Diesel"
"OPEX";"Diesel";"IT";"Share Synthetic Diesel (E-Fuels)";"Rigid";"BAU";"%";2050;"0.49";"Sensitivity | Current Policies | Resale value";"Diesel"
"OPEX";"Diesel";"IT";"Share Synthetic Diesel (E-Fuels)";"Tractor-Trailer";"BAU";"%";2050;"0.49";"Sensitivity | Current Policies | Resale value";"Diesel"
"OPEX";"Diesel";"NL";"Share Synthetic Diesel (E-Fuels)";"Rigid";"BAU";"%";2050;"0.49";"Sensitivity | Current Policies | Resale value";"Diesel"
"OPEX";"Diesel";"NL";"Share Synthetic Diesel (E-Fuels)";"Tractor-Trailer";"BAU";"%";2050;"0.49";"Sensitivity | Current Policies | Resale value";"Diesel"
"OPEX";"Diesel";"PL";"Share Synthetic Diesel (E-Fuels)";"Rigid";"BAU";"%";2050;"0.49";"Sensitivity | Current Policies | Resale value";"Diesel"
"OPEX";"Diesel";"PL";"Share Synthetic Diesel (E-Fuels)";"Tractor-Trailer";"BAU";"%";2050;"0.49";"Sensitivity | Current Policies | Resale value";"Diesel"
"OPEX";"Diesel";"UK";"Share Synthetic Diesel (E-Fuels)";"Rigid";"BAU";"%";2050;"0.49";"Sensitivity | Current Policies | Resale value";"Diesel"
"OPEX";"Diesel";"UK";"Share Synthetic Diesel (E-Fuels)";"Tractor-Trailer";"BAU";"%";2050;"0.49";"Sensitivity | Current Policies | Resale value";"Diesel"
"OPEX";"Taxes";"DE";"Non-ETS CO2";"Rigid";"BAU";"EUR/tCO2";2030;"160";"Sensitivity | Current Policies | Resale value";"Diesel"
"OPEX";"Taxes";"DE";"Non-ETS CO2";"Tractor-Trailer";"BAU";"EUR/tCO2";2030;"160";"Sensitivity | Current Policies | Resale value";"Diesel"
"OPEX";"Taxes";"ES";"Non-ETS CO2";"Rigid";"BAU";"EUR/tCO2";2030;"160";"Sensitivity | Current Policies | Resale value";"Diesel"
"OPEX";"Taxes";"ES";"Non-ETS CO2";"Tractor-Trailer";"BAU";"EUR/tCO2";2030;"160";"Sensitivity | Current Policies | Resale value";"Diesel"
"OPEX";"Taxes";"FR";"Non-ETS CO2";"Rigid";"BAU";"EUR/tCO2";2030;"160";"Sensitivity | Current Policies | Resale value";"Diesel"
"OPEX";"Taxes";"FR";"Non-ETS CO2";"Tractor-Trailer";"BAU";"EUR/tCO2";2030;"160";"Sensitivity | Current Policies | Resale value";"Diesel"
"OPEX";"Taxes";"IT";"Non-ETS CO2";"Rigid";"BAU";"EUR/tCO2";2030;"160";"Sensitivity | Current Policies | Resale value";"Diesel"
"OPEX";"Taxes";"IT";"Non-ETS CO2";"Tractor-Trailer";"BAU";"EUR/tCO2";2030;"160";"Sensitivity | Current Policies | Resale value";"Diesel"
"OPEX";"Taxes";"NL";"Non-ETS CO2";"Rigid";"BAU";"EUR/tCO2";2030;"160";"Sensitivity | Current Policies | Resale value";"Diesel"
"OPEX";"Taxes";"NL";"Non-ETS CO2";"Tractor-Trailer";"BAU";"EUR/tCO2";2030;"160";"Sensitivity | Current Policies | Resale value";"Diesel"
"OPEX";"Taxes";"PL";"Non-ETS CO2";"Rigid";"BAU";"EUR/tCO2";2030;"160";"Sensitivity | Current Policies | Resale value";"Diesel"
"OPEX";"Taxes";"PL";"Non-ETS CO2";"Tractor-Trailer";"BAU";"EUR/tCO2";2030;"160";"Sensitivity | Current Policies | Resale value";"Diesel"
"OPEX";"Taxes";"UK";"Non-ETS CO2";"Rigid";"BAU";"EUR/tCO2";2030;"160";"Sensitivity | Current Policies | Resale value";"Diesel"
"OPEX";"Taxes";"UK";"Non-ETS CO2";"Tractor-Trailer";"BAU";"EUR/tCO2";2030;"160";"Sensitivity | Current Policies | Resale value";"Diesel"
"OPEX";"Taxes";"DE";"Non-ETS CO2";"Rigid";"BAU";"EUR/tCO2";2035;"250";"Sensitivity | Current Policies | Resale value";"Diesel"
"OPEX";"Taxes";"DE";"Non-ETS CO2";"Tractor-Trailer";"BAU";"EUR/tCO2";2035;"250";"Sensitivity | Current Policies | Resale value";"Diesel"
"OPEX";"Taxes";"ES";"Non-ETS CO2";"Rigid";"BAU";"EUR/tCO2";2035;"250";"Sensitivity | Current Policies | Resale value";"Diesel"
"OPEX";"Taxes";"ES";"Non-ETS CO2";"Tractor-Trailer";"BAU";"EUR/tCO2";2035;"250";"Sensitivity | Current Policies | Resale value";"Diesel"
"OPEX";"Taxes";"FR";"Non-ETS CO2";"Rigid";"BAU";"EUR/tCO2";2035;"250";"Sensitivity | Current Policies | Resale value";"Diesel"
"OPEX";"Taxes";"FR";"Non-ETS CO2";"Tractor-Trailer";"BAU";"EUR/tCO2";2035;"250";"Sensitivity | Current Policies | Resale value";"Diesel"
"OPEX";"Taxes";"IT";"Non-ETS CO2";"Rigid";"BAU";"EUR/tCO2";2035;"250";"Sensitivity | Current Policies | Resale value";"Diesel"
"OPEX";"Taxes";"IT";"Non-ETS CO2";"Tractor-Trailer";"BAU";"EUR/tCO2";2035;"250";"Sensitivity | Current Policies | Resale value";"Diesel"
"OPEX";"Taxes";"NL";"Non-ETS CO2";"Rigid";"BAU";"EUR/tCO2";2035;"250";"Sensitivity | Current Policies | Resale value";"Diesel"
"OPEX";"Taxes";"NL";"Non-ETS CO2";"Tractor-Trailer";"BAU";"EUR/tCO2";2035;"250";"Sensitivity | Current Policies | Resale value";"Diesel"
"OPEX";"Taxes";"PL";"Non-ETS CO2";"Rigid";"BAU";"EUR/tCO2";2035;"250";"Sensitivity | Current Policies | Resale value";"Diesel"
"OPEX";"Taxes";"PL";"Non-ETS CO2";"Tractor-Trailer";"BAU";"EUR/tCO2";2035;"250";"Sensitivity | Current Policies | Resale value";"Diesel"
"OPEX";"Taxes";"UK";"Non-ETS CO2";"Rigid";"BAU";"EUR/tCO2";2035;"250";"Sensitivity | Current Policies | Resale value";"Diesel"
"OPEX";"Taxes";"UK";"Non-ETS CO2";"Tractor-Trailer";"BAU";"EUR/tCO2";2035;"250";"Sensitivity | Current Policies | Resale value";"Diesel"
"OPEX";"Taxes";"DE";"Non-ETS CO2";"Rigid";"BAU";"EUR/tCO2";2040;"350";"Sensitivity | Current Policies | Resale value";"Diesel"
"OPEX";"Taxes";"DE";"Non-ETS CO2";"Tractor-Trailer";"BAU";"EUR/tCO2";2040;"350";"Sensitivity | Current Policies | Resale value";"Diesel"
"OPEX";"Taxes";"ES";"Non-ETS CO2";"Rigid";"BAU";"EUR/tCO2";2040;"350";"Sensitivity | Current Policies | Resale value";"Diesel"
"OPEX";"Taxes";"ES";"Non-ETS CO2";"Tractor-Trailer";"BAU";"EUR/tCO2";2040;"350";"Sensitivity | Current Policies | Resale value";"Diesel"
"OPEX";"Taxes";"FR";"Non-ETS CO2";"Rigid";"BAU";"EUR/tCO2";2040;"350";"Sensitivity | Current Policies | Resale value";"Diesel"
"OPEX";"Taxes";"FR";"Non-ETS CO2";"Tractor-Trailer";"BAU";"EUR/tCO2";2040;"350";"Sensitivity | Current Policies | Resale value";"Diesel"
"OPEX";"Taxes";"IT";"Non-ETS CO2";"Rigid";"BAU";"EUR/tCO2";2040;"350";"Sensitivity | Current Policies | Resale value";"Diesel"
"OPEX";"Taxes";"IT";"Non-ETS CO2";"Tractor-Trailer";"BAU";"EUR/tCO2";2040;"350";"Sensitivity | Current Policies | Resale value";"Diesel"
"OPEX";"Taxes";"NL";"Non-ETS CO2";"Rigid";"BAU";"EUR/tCO2";2040;"350";"Sensitivity | Current Policies | Resale value";"Diesel"
"OPEX";"Taxes";"NL";"Non-ETS CO2";"Tractor-Trailer";"BAU";"EUR/tCO2";2040;"350";"Sensitivity | Current Policies | Resale value";"Diesel"
"OPEX";"Taxes";"PL";"Non-ETS CO2";"Rigid";"BAU";"EUR/tCO2";2040;"350";"Sensitivity | Current Policies | Resale value";"Diesel"
"OPEX";"Taxes";"PL";"Non-ETS CO2";"Tractor-Trailer";"BAU";"EUR/tCO2";2040;"350";"Sensitivity | Current Policies | Resale value";"Diesel"
"OPEX";"Taxes";"UK";"Non-ETS CO2";"Rigid";"BAU";"EUR/tCO2";2040;"350";"Sensitivity | Current Policies | Resale value";"Diesel"
"OPEX";"Taxes";"UK";"Non-ETS CO2";"Tractor-Trailer";"BAU";"EUR/tCO2";2040;"350";"Sensitivity | Current Policies | Resale value";"Diesel"
"OPEX";"Taxes";"DE";"Non-ETS CO2";"Rigid";"BAU";"EUR/tCO2";2045;"450";"Sensitivity | Current Policies | Resale value";"Diesel"
"OPEX";"Taxes";"DE";"Non-ETS CO2";"Tractor-Trailer";"BAU";"EUR/tCO2";2045;"450";"Sensitivity | Current Policies | Resale value";"Diesel"
"OPEX";"Taxes";"ES";"Non-ETS CO2";"Rigid";"BAU";"EUR/tCO2";2045;"450";"Sensitivity | Current Policies | Resale value";"Diesel"
"OPEX";"Taxes";"ES";"Non-ETS CO2";"Tractor-Trailer";"BAU";"EUR/tCO2";2045;"450";"Sensitivity | Current Policies | Resale value";"Diesel"
"OPEX";"Taxes";"FR";"Non-ETS CO2";"Rigid";"BAU";"EUR/tCO2";2045;"450";"Sensitivity | Current Policies | Resale value";"Diesel"
"OPEX";"Taxes";"FR";"Non-ETS CO2";"Tractor-Trailer";"BAU";"EUR/tCO2";2045;"450";"Sensitivity | Current Policies | Resale value";"Diesel"
"OPEX";"Taxes";"IT";"Non-ETS CO2";"Rigid";"BAU";"EUR/tCO2";2045;"450";"Sensitivity | Current Policies | Resale value";"Diesel"
"OPEX";"Taxes";"IT";"Non-ETS CO2";"Tractor-Trailer";"BAU";"EUR/tCO2";2045;"450";"Sensitivity | Current Policies | Resale value";"Diesel"
"OPEX";"Taxes";"NL";"Non-ETS CO2";"Rigid";"BAU";"EUR/tCO2";2045;"450";"Sensitivity | Current Policies | Resale value";"Diesel"
"OPEX";"Taxes";"NL";"Non-ETS CO2";"Tractor-Trailer";"BAU";"EUR/tCO2";2045;"450";"Sensitivity | Current Policies | Resale value";"Diesel"
"OPEX";"Taxes";"PL";"Non-ETS CO2";"Rigid";"BAU";"EUR/tCO2";2045;"450";"Sensitivity | Current Policies | Resale value";"Diesel"
"OPEX";"Taxes";"PL";"Non-ETS CO2";"Tractor-Trailer";"BAU";"EUR/tCO2";2045;"450";"Sensitivity | Current Policies | Resale value";"Diesel"
"OPEX";"Taxes";"UK";"Non-ETS CO2";"Rigid";"BAU";"EUR/tCO2";2045;"450";"Sensitivity | Current Policies | Resale value";"Diesel"
"OPEX";"Taxes";"UK";"Non-ETS CO2";"Tractor-Trailer";"BAU";"EUR/tCO2";2045;"450";"Sensitivity | Current Policies | Resale value";"Diesel"
"OPEX";"Taxes";"DE";"Non-ETS CO2";"Rigid";"BAU";"EUR/tCO2";2050;"480";"Sensitivity | Current Policies | Resale value";"Diesel"
"OPEX";"Taxes";"DE";"Non-ETS CO2";"Tractor-Trailer";"BAU";"EUR/tCO2";2050;"480";"Sensitivity | Current Policies | Resale value";"Diesel"
"OPEX";"Taxes";"ES";"Non-ETS CO2";"Rigid";"BAU";"EUR/tCO2";2050;"480";"Sensitivity | Current Policies | Resale value";"Diesel"
"OPEX";"Taxes";"ES";"Non-ETS CO2";"Tractor-Trailer";"BAU";"EUR/tCO2";2050;"480";"Sensitivity | Current Policies | Resale value";"Diesel"
"OPEX";"Taxes";"FR";"Non-ETS CO2";"Rigid";"BAU";"EUR/tCO2";2050;"480";"Sensitivity | Current Policies | Resale value";"Diesel"
"OPEX";"Taxes";"FR";"Non-ETS CO2";"Tractor-Trailer";"BAU";"EUR/tCO2";2050;"480";"Sensitivity | Current Policies | Resale value";"Diesel"
"OPEX";"Taxes";"IT";"Non-ETS CO2";"Rigid";"BAU";"EUR/tCO2";2050;"480";"Sensitivity | Current Policies | Resale value";"Diesel"
"OPEX";"Taxes";"IT";"Non-ETS CO2";"Tractor-Trailer";"BAU";"EUR/tCO2";2050;"480";"Sensitivity | Current Policies | Resale value";"Diesel"
"OPEX";"Taxes";"NL";"Non-ETS CO2";"Rigid";"BAU";"EUR/tCO2";2050;"480";"Sensitivity | Current Policies | Resale value";"Diesel"
"OPEX";"Taxes";"NL";"Non-ETS CO2";"Tractor-Trailer";"BAU";"EUR/tCO2";2050;"480";"Sensitivity | Current Policies | Resale value";"Diesel"
"OPEX";"Taxes";"PL";"Non-ETS CO2";"Rigid";"BAU";"EUR/tCO2";2050;"480";"Sensitivity | Current Policies | Resale value";"Diesel"
"OPEX";"Taxes";"PL";"Non-ETS CO2";"Tractor-Trailer";"BAU";"EUR/tCO2";2050;"480";"Sensitivity | Current Policies | Resale value";"Diesel"
"OPEX";"Taxes";"UK";"Non-ETS CO2";"Rigid";"BAU";"EUR/tCO2";2050;"480";"Sensitivity | Current Policies | Resale value";"Diesel"
"OPEX";"Taxes";"UK";"Non-ETS CO2";"Tractor-Trailer";"BAU";"EUR/tCO2";2050;"480";"Sensitivity | Current Policies | Resale value";"Diesel"
"OPEX";"Taxes_Scheme";"DE";"Bandwith MCS";"Rigid";"BAU";"[-]";2030;"IC";"Sensitivity | Current Policies | Resale value";"Electricity"
"OPEX";"Taxes_Scheme";"DE";"Bandwith MCS";"Tractor-Trailer";"BAU";"[-]";2030;"IC";"Sensitivity | Current Policies | Resale value";"Electricity"
"OPEX";"Taxes_Scheme";"ES";"Bandwith MCS";"Rigid";"BAU";"[-]";2030;"IC";"Sensitivity | Current Policies | Resale value";"Electricity"
"OPEX";"Taxes_Scheme";"ES";"Bandwith MCS";"Tractor-Trailer";"BAU";"[-]";2030;"IC";"Sensitivity | Current Policies | Resale value";"Electricity"
"OPEX";"Taxes_Scheme";"FR";"Bandwith MCS";"Rigid";"BAU";"[-]";2030;"IC";"Sensitivity | Current Policies | Resale value";"Electricity"
"OPEX";"Taxes_Scheme";"FR";"Bandwith MCS";"Tractor-Trailer";"BAU";"[-]";2030;"IC";"Sensitivity | Current Policies | Resale value";"Electricity"
"OPEX";"Taxes_Scheme";"IT";"Bandwith MCS";"Rigid";"BAU";"[-]";2030;"IC";"Sensitivity | Current Policies | Resale value";"Electricity"
"OPEX";"Taxes_Scheme";"IT";"Bandwith MCS";"Tractor-Trailer";"BAU";"[-]";2030;"IC";"Sensitivity | Current Policies | Resale value";"Electricity"
"OPEX";"Taxes_Scheme";"NL";"Bandwith MCS";"Rigid";"BAU";"[-]";2030;"IC";"Sensitivity | Current Policies | Resale value";"Electricity"
"OPEX";"Taxes_Scheme";"NL";"Bandwith MCS";"Tractor-Trailer";"BAU";"[-]";2030;"IC";"Sensitivity | Current Policies | Resale value";"Electricity"
"OPEX";"Taxes_Scheme";"PL";"Bandwith MCS";"Rigid";"BAU";"[-]";2030;"IC";"Sensitivity | Current Policies | Resale value";"Electricity"
"OPEX";"Taxes_Scheme";"PL";"Bandwith MCS";"Tractor-Trailer";"BAU";"[-]";2030;"IC";"Sensitivity | Current Policies | Resale value";"Electricity"
"OPEX";"Taxes_Scheme";"UK";"Bandwith MCS";"Rigid";"BAU";"[-]";2030;"IC";"Sensitivity | Current Policies | Resale value";"Electricity"
"OPEX";"Taxes_Scheme";"UK";"Bandwith MCS";"Tractor-Trailer";"BAU";"[-]";2030;"IC";"Sensitivity | Current Policies | Resale value";"Electricity"
"OPEX";"Taxes_Scheme";"DE";"Bandwith Depot";"Rigid";"BAU";"[-]";2030;"IB";"Sensitivity | Current Policies | Resale value";"Electricity"
"OPEX";"Taxes_Scheme";"DE";"Bandwith Depot";"Tractor-Trailer";"BAU";"[-]";2030;"IB";"Sensitivity | Current Policies | Resale value";"Electricity"
"OPEX";"Taxes_Scheme";"ES";"Bandwith Depot";"Rigid";"BAU";"[-]";2030;"IB";"Sensitivity | Current Policies | Resale value";"Electricity"
"OPEX";"Taxes_Scheme";"ES";"Bandwith Depot";"Tractor-Trailer";"BAU";"[-]";2030;"IB";"Sensitivity | Current Policies | Resale value";"Electricity"
"OPEX";"Taxes_Scheme";"FR";"Bandwith Depot";"Rigid";"BAU";"[-]";2030;"IB";"Sensitivity | Current Policies | Resale value";"Electricity"
"OPEX";"Taxes_Scheme";"FR";"Bandwith Depot";"Tractor-Trailer";"BAU";"[-]";2030;"IB";"Sensitivity | Current Policies | Resale value";"Electricity"
"OPEX";"Taxes_Scheme";"IT";"Bandwith Depot";"Rigid";"BAU";"[-]";2030;"IB";"Sensitivity | Current Policies | Resale value";"Electricity"
"OPEX";"Taxes_Scheme";"IT";"Bandwith Depot";"Tractor-Trailer";"BAU";"[-]";2030;"IB";"Sensitivity | Current Policies | Resale value";"Electricity"
"OPEX";"Taxes_Scheme";"NL";"Bandwith Depot";"Rigid";"BAU";"[-]";2030;"IB";"Sensitivity | Current Policies | Resale value";"Electricity"
"OPEX";"Taxes_Scheme";"NL";"Bandwith Depot";"Tractor-Trailer";"BAU";"[-]";2030;"IB";"Sensitivity | Current Policies | Resale value";"Electricity"
"OPEX";"Taxes_Scheme";"PL";"Bandwith Depot";"Rigid";"BAU";"[-]";2030;"IB";"Sensitivity | Current Policies | Resale value";"Electricity"
"OPEX";"Taxes_Scheme";"PL";"Bandwith Depot";"Tractor-Trailer";"BAU";"[-]";2030;"IB";"Sensitivity | Current Policies | Resale value";"Electricity"
"OPEX";"Taxes_Scheme";"UK";"Bandwith Depot";"Rigid";"BAU";"[-]";2030;"IB";"Sensitivity | Current Policies | Resale value";"Electricity"
"OPEX";"Taxes_Scheme";"UK";"Bandwith Depot";"Tractor-Trailer";"BAU";"[-]";2030;"IB";"Sensitivity | Current Policies | Resale value";"Electricity"
"OPEX";"Taxes_Scheme";"DE";"Bandwith MCS";"Rigid";"BAU";"[-]";2035;"ID";"Sensitivity | Current Policies | Resale value";"Electricity"
"OPEX";"Taxes_Scheme";"DE";"Bandwith MCS";"Tractor-Trailer";"BAU";"[-]";2035;"ID";"Sensitivity | Current Policies | Resale value";"Electricity"
"OPEX";"Taxes_Scheme";"ES";"Bandwith MCS";"Rigid";"BAU";"[-]";2035;"ID";"Sensitivity | Current Policies | Resale value";"Electricity"
"OPEX";"Taxes_Scheme";"ES";"Bandwith MCS";"Tractor-Trailer";"BAU";"[-]";2035;"ID";"Sensitivity | Current Policies | Resale value";"Electricity"
"OPEX";"Taxes_Scheme";"FR";"Bandwith MCS";"Rigid";"BAU";"[-]";2035;"ID";"Sensitivity | Current Policies | Resale value";"Electricity"
"OPEX";"Taxes_Scheme";"FR";"Bandwith MCS";"Tractor-Trailer";"BAU";"[-]";2035;"ID";"Sensitivity | Current Policies | Resale value";"Electricity"
"OPEX";"Taxes_Scheme";"IT";"Bandwith MCS";"Rigid";"BAU";"[-]";2035;"ID";"Sensitivity | Current Policies | Resale value";"Electricity"
"OPEX";"Taxes_Scheme";"IT";"Bandwith MCS";"Tractor-Trailer";"BAU";"[-]";2035;"ID";"Sensitivity | Current Policies | Resale value";"Electricity"
"OPEX";"Taxes_Scheme";"NL";"Bandwith MCS";"Rigid";"BAU";"[-]";2035;"ID";"Sensitivity | Current Policies | Resale value";"Electricity"
"OPEX";"Taxes_Scheme";"NL";"Bandwith MCS";"Tractor-Trailer";"BAU";"[-]";2035;"ID";"Sensitivity | Current Policies | Resale value";"Electricity"
"OPEX";"Taxes_Scheme";"PL";"Bandwith MCS";"Rigid";"BAU";"[-]";2035;"ID";"Sensitivity | Current Policies | Resale value";"Electricity"
"OPEX";"Taxes_Scheme";"PL";"Bandwith MCS";"Tractor-Trailer";"BAU";"[-]";2035;"ID";"Sensitivity | Current Policies | Resale value";"Electricity"
"OPEX";"Taxes_Scheme";"UK";"Bandwith MCS";"Rigid";"BAU";"[-]";2035;"ID";"Sensitivity | Current Policies | Resale value";"Electricity"
"OPEX";"Taxes_Scheme";"UK";"Bandwith MCS";"Tractor-Trailer";"BAU";"[-]";2035;"ID";"Sensitivity | Current Policies | Resale value";"Electricity"
"OPEX";"Taxes_Scheme";"DE";"Bandwith Depot";"Rigid";"BAU";"[-]";2035;"IC";"Sensitivity | Current Policies | Resale value";"Electricity"
"OPEX";"Taxes_Scheme";"DE";"Bandwith Depot";"Tractor-Trailer";"BAU";"[-]";2035;"IC";"Sensitivity | Current Policies | Resale value";"Electricity"
"OPEX";"Taxes_Scheme";"ES";"Bandwith Depot";"Rigid";"BAU";"[-]";2035;"IC";"Sensitivity | Current Policies | Resale value";"Electricity"
"OPEX";"Taxes_Scheme";"ES";"Bandwith Depot";"Tractor-Trailer";"BAU";"[-]";2035;"IC";"Sensitivity | Current Policies | Resale value";"Electricity"
"OPEX";"Taxes_Scheme";"FR";"Bandwith Depot";"Rigid";"BAU";"[-]";2035;"IC";"Sensitivity | Current Policies | Resale value";"Electricity"
"OPEX";"Taxes_Scheme";"FR";"Bandwith Depot";"Tractor-Trailer";"BAU";"[-]";2035;"IC";"Sensitivity | Current Policies | Resale value";"Electricity"
"OPEX";"Taxes_Scheme";"IT";"Bandwith Depot";"Rigid";"BAU";"[-]";2035;"IC";"Sensitivity | Current Policies | Resale value";"Electricity"
"OPEX";"Taxes_Scheme";"IT";"Bandwith Depot";"Tractor-Trailer";"BAU";"[-]";2035;"IC";"Sensitivity | Current Policies | Resale value";"Electricity"
"OPEX";"Taxes_Scheme";"NL";"Bandwith Depot";"Rigid";"BAU";"[-]";2035;"IC";"Sensitivity | Current Policies | Resale value";"Electricity"
"OPEX";"Taxes_Scheme";"NL";"Bandwith Depot";"Tractor-Trailer";"BAU";"[-]";2035;"IC";"Sensitivity | Current Policies | Resale value";"Electricity"
"OPEX";"Taxes_Scheme";"PL";"Bandwith Depot";"Rigid";"BAU";"[-]";2035;"IC";"Sensitivity | Current Policies | Resale value";"Electricity"
"OPEX";"Taxes_Scheme";"PL";"Bandwith Depot";"Tractor-Trailer";"BAU";"[-]";2035;"IC";"Sensitivity | Current Policies | Resale value";"Electricity"
"OPEX";"Taxes_Scheme";"UK";"Bandwith Depot";"Rigid";"BAU";"[-]";2035;"IC";"Sensitivity | Current Policies | Resale value";"Electricity"
"OPEX";"Taxes_Scheme";"UK";"Bandwith Depot";"Tractor-Trailer";"BAU";"[-]";2035;"IC";"Sensitivity | Current Policies | Resale value";"Electricity"
"OPEX";"Taxes_Scheme";"DE";"Bandwith MCS";"Rigid";"BAU";"[-]";2040;"ID";"Sensitivity | Current Policies | Resale value";"Electricity"
"OPEX";"Taxes_Scheme";"DE";"Bandwith MCS";"Tractor-Trailer";"BAU";"[-]";2040;"ID";"Sensitivity | Current Policies | Resale value";"Electricity"
"OPEX";"Taxes_Scheme";"ES";"Bandwith MCS";"Rigid";"BAU";"[-]";2040;"ID";"Sensitivity | Current Policies | Resale value";"Electricity"
"OPEX";"Taxes_Scheme";"ES";"Bandwith MCS";"Tractor-Trailer";"BAU";"[-]";2040;"ID";"Sensitivity | Current Policies | Resale value";"Electricity"
"OPEX";"Taxes_Scheme";"FR";"Bandwith MCS";"Rigid";"BAU";"[-]";2040;"ID";"Sensitivity | Current Policies | Resale value";"Electricity"
"OPEX";"Taxes_Scheme";"FR";"Bandwith MCS";"Tractor-Trailer";"BAU";"[-]";2040;"ID";"Sensitivity | Current Policies | Resale value";"Electricity"
"OPEX";"Taxes_Scheme";"IT";"Bandwith MCS";"Rigid";"BAU";"[-]";2040;"ID";"Sensitivity | Current Policies | Resale value";"Electricity"
"OPEX";"Taxes_Scheme";"IT";"Bandwith MCS";"Tractor-Trailer";"BAU";"[-]";2040;"ID";"Sensitivity | Current Policies | Resale value";"Electricity"
"OPEX";"Taxes_Scheme";"NL";"Bandwith MCS";"Rigid";"BAU";"[-]";2040;"ID";"Sensitivity | Current Policies | Resale value";"Electricity"
"OPEX";"Taxes_Scheme";"NL";"Bandwith MCS";"Tractor-Trailer";"BAU";"[-]";2040;"ID";"Sensitivity | Current Policies | Resale value";"Electricity"
"OPEX";"Taxes_Scheme";"PL";"Bandwith MCS";"Rigid";"BAU";"[-]";2040;"ID";"Sensitivity | Current Policies | Resale value";"Electricity"
"OPEX";"Taxes_Scheme";"PL";"Bandwith MCS";"Tractor-Trailer";"BAU";"[-]";2040;"ID";"Sensitivity | Current Policies | Resale value";"Electricity"
"OPEX";"Taxes_Scheme";"UK";"Bandwith MCS";"Rigid";"BAU";"[-]";2040;"ID";"Sensitivity | Current Policies | Resale value";"Electricity"
"OPEX";"Taxes_Scheme";"UK";"Bandwith MCS";"Tractor-Trailer";"BAU";"[-]";2040;"ID";"Sensitivity | Current Policies | Resale value";"Electricity"
"OPEX";"Taxes_Scheme";"DE";"Bandwith Depot";"Rigid";"BAU";"[-]";2040;"IC";"Sensitivity | Current Policies | Resale value";"Electricity"
"OPEX";"Taxes_Scheme";"DE";"Bandwith Depot";"Tractor-Trailer";"BAU";"[-]";2040;"IC";"Sensitivity | Current Policies | Resale value";"Electricity"
"OPEX";"Taxes_Scheme";"ES";"Bandwith Depot";"Rigid";"BAU";"[-]";2040;"IC";"Sensitivity | Current Policies | Resale value";"Electricity"
"OPEX";"Taxes_Scheme";"ES";"Bandwith Depot";"Tractor-Trailer";"BAU";"[-]";2040;"IC";"Sensitivity | Current Policies | Resale value";"Electricity"
"OPEX";"Taxes_Scheme";"FR";"Bandwith Depot";"Rigid";"BAU";"[-]";2040;"IC";"Sensitivity | Current Policies | Resale value";"Electricity"
"OPEX";"Taxes_Scheme";"FR";"Bandwith Depot";"Tractor-Trailer";"BAU";"[-]";2040;"IC";"Sensitivity | Current Policies | Resale value";"Electricity"
"OPEX";"Taxes_Scheme";"IT";"Bandwith Depot";"Rigid";"BAU";"[-]";2040;"IC";"Sensitivity | Current Policies | Resale value";"Electricity"
"OPEX";"Taxes_Scheme";"IT";"Bandwith Depot";"Tractor-Trailer";"BAU";"[-]";2040;"IC";"Sensitivity | Current Policies | Resale value";"Electricity"
"OPEX";"Taxes_Scheme";"NL";"Bandwith Depot";"Rigid";"BAU";"[-]";2040;"IC";"Sensitivity | Current Policies | Resale value";"Electricity"
"OPEX";"Taxes_Scheme";"NL";"Bandwith Depot";"Tractor-Trailer";"BAU";"[-]";2040;"IC";"Sensitivity | Current Policies | Resale value";"Electricity"
"OPEX";"Taxes_Scheme";"PL";"Bandwith Depot";"Rigid";"BAU";"[-]";2040;"IC";"Sensitivity | Current Policies | Resale value";"Electricity"
"OPEX";"Taxes_Scheme";"PL";"Bandwith Depot";"Tractor-Trailer";"BAU";"[-]";2040;"IC";"Sensitivity | Current Policies | Resale value";"Electricity"
"OPEX";"Taxes_Scheme";"UK";"Bandwith Depot";"Rigid";"BAU";"[-]";2040;"IC";"Sensitivity | Current Policies | Resale value";"Electricity"
"OPEX";"Taxes_Scheme";"UK";"Bandwith Depot";"Tractor-Trailer";"BAU";"[-]";2040;"IC";"Sensitivity | Current Policies | Resale value";"Electricity"
"OPEX";"Taxes_Scheme";"DE";"Bandwith MCS";"Rigid";"BAU";"[-]";2045;"ID";"Sensitivity | Current Policies | Resale value";"Electricity"
"OPEX";"Taxes_Scheme";"DE";"Bandwith MCS";"Tractor-Trailer";"BAU";"[-]";2045;"ID";"Sensitivity | Current Policies | Resale value";"Electricity"
"OPEX";"Taxes_Scheme";"ES";"Bandwith MCS";"Rigid";"BAU";"[-]";2045;"ID";"Sensitivity | Current Policies | Resale value";"Electricity"
"OPEX";"Taxes_Scheme";"ES";"Bandwith MCS";"Tractor-Trailer";"BAU";"[-]";2045;"ID";"Sensitivity | Current Policies | Resale value";"Electricity"
"OPEX";"Taxes_Scheme";"FR";"Bandwith MCS";"Rigid";"BAU";"[-]";2045;"ID";"Sensitivity | Current Policies | Resale value";"Electricity"
"OPEX";"Taxes_Scheme";"FR";"Bandwith MCS";"Tractor-Trailer";"BAU";"[-]";2045;"ID";"Sensitivity | Current Policies | Resale value";"Electricity"
"OPEX";"Taxes_Scheme";"IT";"Bandwith MCS";"Rigid";"BAU";"[-]";2045;"ID";"Sensitivity | Current Policies | Resale value";"Electricity"
"OPEX";"Taxes_Scheme";"IT";"Bandwith MCS";"Tractor-Trailer";"BAU";"[-]";2045;"ID";"Sensitivity | Current Policies | Resale value";"Electricity"
"OPEX";"Taxes_Scheme";"NL";"Bandwith MCS";"Rigid";"BAU";"[-]";2045;"ID";"Sensitivity | Current Policies | Resale value";"Electricity"
"OPEX";"Taxes_Scheme";"NL";"Bandwith MCS";"Tractor-Trailer";"BAU";"[-]";2045;"ID";"Sensitivity | Current Policies | Resale value";"Electricity"
"OPEX";"Taxes_Scheme";"PL";"Bandwith MCS";"Rigid";"BAU";"[-]";2045;"ID";"Sensitivity | Current Policies | Resale value";"Electricity"
"OPEX";"Taxes_Scheme";"PL";"Bandwith MCS";"Tractor-Trailer";"BAU";"[-]";2045;"ID";"Sensitivity | Current Policies | Resale value";"Electricity"
"OPEX";"Taxes_Scheme";"UK";"Bandwith MCS";"Rigid";"BAU";"[-]";2045;"ID";"Sensitivity | Current Policies | Resale value";"Electricity"
"OPEX";"Taxes_Scheme";"UK";"Bandwith MCS";"Tractor-Trailer";"BAU";"[-]";2045;"ID";"Sensitivity | Current Policies | Resale value";"Electricity"
"OPEX";"Taxes_Scheme";"DE";"Bandwith Depot";"Rigid";"BAU";"[-]";2045;"IC";"Sensitivity | Current Policies | Resale value";"Electricity"
"OPEX";"Taxes_Scheme";"DE";"Bandwith Depot";"Tractor-Trailer";"BAU";"[-]";2045;"IC";"Sensitivity | Current Policies | Resale value";"Electricity"
"OPEX";"Taxes_Scheme";"ES";"Bandwith Depot";"Rigid";"BAU";"[-]";2045;"IC";"Sensitivity | Current Policies | Resale value";"Electricity"
"OPEX";"Taxes_Scheme";"ES";"Bandwith Depot";"Tractor-Trailer";"BAU";"[-]";2045;"IC";"Sensitivity | Current Policies | Resale value";"Electricity"
"OPEX";"Taxes_Scheme";"FR";"Bandwith Depot";"Rigid";"BAU";"[-]";2045;"IC";"Sensitivity | Current Policies | Resale value";"Electricity"
"OPEX";"Taxes_Scheme";"FR";"Bandwith Depot";"Tractor-Trailer";"BAU";"[-]";2045;"IC";"Sensitivity | Current Policies | Resale value";"Electricity"
"OPEX";"Taxes_Scheme";"IT";"Bandwith Depot";"Rigid";"BAU";"[-]";2045;"IC";"Sensitivity | Current Policies | Resale value";"Electricity"
"OPEX";"Taxes_Scheme";"IT";"Bandwith Depot";"Tractor-Trailer";"BAU";"[-]";2045;"IC";"Sensitivity | Current Policies | Resale value";"Electricity"
"OPEX";"Taxes_Scheme";"NL";"Bandwith Depot";"Rigid";"BAU";"[-]";2045;"IC";"Sensitivity | Current Policies | Resale value";"Electricity"
"OPEX";"Taxes_Scheme";"NL";"Bandwith Depot";"Tractor-Trailer";"BAU";"[-]";2045;"IC";"Sensitivity | Current Policies | Resale value";"Electricity"
"OPEX";"Taxes_Scheme";"PL";"Bandwith Depot";"Rigid";"BAU";"[-]";2045;"IC";"Sensitivity | Current Policies | Resale value";"Electricity"
"OPEX";"Taxes_Scheme";"PL";"Bandwith Depot";"Tractor-Trailer";"BAU";"[-]";2045;"IC";"Sensitivity | Current Policies | Resale value";"Electricity"
"OPEX";"Taxes_Scheme";"UK";"Bandwith Depot";"Rigid";"BAU";"[-]";2045;"IC";"Sensitivity | Current Policies | Resale value";"Electricity"
"OPEX";"Taxes_Scheme";"UK";"Bandwith Depot";"Tractor-Trailer";"BAU";"[-]";2045;"IC";"Sensitivity | Current Policies | Resale value";"Electricity"
"OPEX";"Taxes_Scheme";"DE";"Bandwith MCS";"Rigid";"BAU";"[-]";2050;"ID";"Sensitivity | Current Policies | Resale value";"Electricity"
"OPEX";"Taxes_Scheme";"DE";"Bandwith MCS";"Tractor-Trailer";"BAU";"[-]";2050;"ID";"Sensitivity | Current Policies | Resale value";"Electricity"
"OPEX";"Taxes_Scheme";"ES";"Bandwith MCS";"Rigid";"BAU";"[-]";2050;"ID";"Sensitivity | Current Policies | Resale value";"Electricity"
"OPEX";"Taxes_Scheme";"ES";"Bandwith MCS";"Tractor-Trailer";"BAU";"[-]";2050;"ID";"Sensitivity | Current Policies | Resale value";"Electricity"
"OPEX";"Taxes_Scheme";"FR";"Bandwith MCS";"Rigid";"BAU";"[-]";2050;"ID";"Sensitivity | Current Policies | Resale value";"Electricity"
"OPEX";"Taxes_Scheme";"FR";"Bandwith MCS";"Tractor-Trailer";"BAU";"[-]";2050;"ID";"Sensitivity | Current Policies | Resale value";"Electricity"
"OPEX";"Taxes_Scheme";"IT";"Bandwith MCS";"Rigid";"BAU";"[-]";2050;"ID";"Sensitivity | Current Policies | Resale value";"Electricity"
"OPEX";"Taxes_Scheme";"IT";"Bandwith MCS";"Tractor-Trailer";"BAU";"[-]";2050;"ID";"Sensitivity | Current Policies | Resale value";"Electricity"
"OPEX";"Taxes_Scheme";"NL";"Bandwith MCS";"Rigid";"BAU";"[-]";2050;"ID";"Sensitivity | Current Policies | Resale value";"Electricity"
"OPEX";"Taxes_Scheme";"NL";"Bandwith MCS";"Tractor-Trailer";"BAU";"[-]";2050;"ID";"Sensitivity | Current Policies | Resale value";"Electricity"
"OPEX";"Taxes_Scheme";"PL";"Bandwith MCS";"Rigid";"BAU";"[-]";2050;"ID";"Sensitivity | Current Policies | Resale value";"Electricity"
"OPEX";"Taxes_Scheme";"PL";"Bandwith MCS";"Tractor-Trailer";"BAU";"[-]";2050;"ID";"Sensitivity | Current Policies | Resale value";"Electricity"
"OPEX";"Taxes_Scheme";"UK";"Bandwith MCS";"Rigid";"BAU";"[-]";2050;"ID";"Sensitivity | Current Policies | Resale value";"Electricity"
"OPEX";"Taxes_Scheme";"UK";"Bandwith MCS";"Tractor-Trailer";"BAU";"[-]";2050;"ID";"Sensitivity | Current Policies | Resale value";"Electricity"
"OPEX";"Taxes_Scheme";"DE";"Bandwith Depot";"Rigid";"BAU";"[-]";2050;"IC";"Sensitivity | Current Policies | Resale value";"Electricity"
"OPEX";"Taxes_Scheme";"DE";"Bandwith Depot";"Tractor-Trailer";"BAU";"[-]";2050;"IC";"Sensitivity | Current Policies | Resale value";"Electricity"
"OPEX";"Taxes_Scheme";"ES";"Bandwith Depot";"Rigid";"BAU";"[-]";2050;"IC";"Sensitivity | Current Policies | Resale value";"Electricity"
"OPEX";"Taxes_Scheme";"ES";"Bandwith Depot";"Tractor-Trailer";"BAU";"[-]";2050;"IC";"Sensitivity | Current Policies | Resale value";"Electricity"
"OPEX";"Taxes_Scheme";"FR";"Bandwith Depot";"Rigid";"BAU";"[-]";2050;"IC";"Sensitivity | Current Policies | Resale value";"Electricity"
"OPEX";"Taxes_Scheme";"FR";"Bandwith Depot";"Tractor-Trailer";"BAU";"[-]";2050;"IC";"Sensitivity | Current Policies | Resale value";"Electricity"
"OPEX";"Taxes_Scheme";"IT";"Bandwith Depot";"Rigid";"BAU";"[-]";2050;"IC";"Sensitivity | Current Policies | Resale value";"Electricity"
"OPEX";"Taxes_Scheme";"IT";"Bandwith Depot";"Tractor-Trailer";"BAU";"[-]";2050;"IC";"Sensitivity | Current Policies | Resale value";"Electricity"
"OPEX";"Taxes_Scheme";"NL";"Bandwith Depot";"Rigid";"BAU";"[-]";2050;"IC";"Sensitivity | Current Policies | Resale value";"Electricity"
"OPEX";"Taxes_Scheme";"NL";"Bandwith Depot";"Tractor-Trailer";"BAU";"[-]";2050;"IC";"Sensitivity | Current Policies | Resale value";"Electricity"
"OPEX";"Taxes_Scheme";"PL";"Bandwith Depot";"Rigid";"BAU";"[-]";2050;"IC";"Sensitivity | Current Policies | Resale value";"Electricity"
"OPEX";"Taxes_Scheme";"PL";"Bandwith Depot";"Tractor-Trailer";"BAU";"[-]";2050;"IC";"Sensitivity | Current Policies | Resale value";"Electricity"
"OPEX";"Taxes_Scheme";"UK";"Bandwith Depot";"Rigid";"BAU";"[-]";2050;"IC";"Sensitivity | Current Policies | Resale value";"Electricity"
"OPEX";"Taxes_Scheme";"UK";"Bandwith Depot";"Tractor-Trailer";"BAU";"[-]";2050;"IC";"Sensitivity | Current Policies | Resale value";"Electricity"
"OPEX";"Taxes";"DE";"Excise Duty - Diesel";"Rigid";"BAU";"EUR/kWh";2030;"0.047";"Sensitivity | Current Policies | Interest rate";"Diesel"
"OPEX";"Taxes";"DE";"Excise Duty - Diesel";"Tractor-Trailer";"BAU";"EUR/kWh";2030;"0.047";"Sensitivity | Current Policies | Interest rate";"Diesel"
"OPEX";"Taxes";"ES";"Excise Duty - Diesel";"Rigid";"BAU";"EUR/kWh";2030;"0.038";"Sensitivity | Current Policies | Interest rate";"Diesel"
"OPEX";"Taxes";"ES";"Excise Duty - Diesel";"Tractor-Trailer";"BAU";"EUR/kWh";2030;"0.038";"Sensitivity | Current Policies | Interest rate";"Diesel"
"OPEX";"Taxes";"FR";"Excise Duty - Diesel";"Rigid";"BAU";"EUR/kWh";2030;"0.06";"Sensitivity | Current Policies | Interest rate";"Diesel"
"OPEX";"Taxes";"FR";"Excise Duty - Diesel";"Tractor-Trailer";"BAU";"EUR/kWh";2030;"0.06";"Sensitivity | Current Policies | Interest rate";"Diesel"
"OPEX";"Taxes";"IT";"Excise Duty - Diesel";"Rigid";"BAU";"EUR/kWh";2030;"0.062";"Sensitivity | Current Policies | Interest rate";"Diesel"
"OPEX";"Taxes";"IT";"Excise Duty - Diesel";"Tractor-Trailer";"BAU";"EUR/kWh";2030;"0.062";"Sensitivity | Current Policies | Interest rate";"Diesel"
"OPEX";"Taxes";"NL";"Excise Duty - Diesel";"Rigid";"BAU";"EUR/kWh";2030;"0.053";"Sensitivity | Current Policies | Interest rate";"Diesel"
"OPEX";"Taxes";"NL";"Excise Duty - Diesel";"Tractor-Trailer";"BAU";"EUR/kWh";2030;"0.053";"Sensitivity | Current Policies | Interest rate";"Diesel"
"OPEX";"Taxes";"PL";"Excise Duty - Diesel";"Rigid";"BAU";"EUR/kWh";2030;"0.033";"Sensitivity | Current Policies | Interest rate";"Diesel"
"OPEX";"Taxes";"PL";"Excise Duty - Diesel";"Tractor-Trailer";"BAU";"EUR/kWh";2030;"0.033";"Sensitivity | Current Policies | Interest rate";"Diesel"
"OPEX";"Taxes";"UK";"Excise Duty - Diesel";"Rigid";"BAU";"EUR/kWh";2030;"0.053";"Sensitivity | Current Policies | Interest rate";"Diesel"
"OPEX";"Taxes";"UK";"Excise Duty - Diesel";"Tractor-Trailer";"BAU";"EUR/kWh";2030;"0.053";"Sensitivity | Current Policies | Interest rate";"Diesel"
"OPEX";"Taxes";"DE";"Excise Duty - Reduction biodiesel";"Rigid";"BAU";"%";2030;"0.5";"Sensitivity | Current Policies | Interest rate";"Diesel"
"OPEX";"Taxes";"DE";"Excise Duty - Reduction biodiesel";"Tractor-Trailer";"BAU";"%";2030;"0.5";"Sensitivity | Current Policies | Interest rate";"Diesel"
"OPEX";"Taxes";"ES";"Excise Duty - Reduction biodiesel";"Rigid";"BAU";"%";2030;"0.5";"Sensitivity | Current Policies | Interest rate";"Diesel"
"OPEX";"Taxes";"ES";"Excise Duty - Reduction biodiesel";"Tractor-Trailer";"BAU";"%";2030;"0.5";"Sensitivity | Current Policies | Interest rate";"Diesel"
"OPEX";"Taxes";"FR";"Excise Duty - Reduction biodiesel";"Rigid";"BAU";"%";2030;"0.5";"Sensitivity | Current Policies | Interest rate";"Diesel"
"OPEX";"Taxes";"FR";"Excise Duty - Reduction biodiesel";"Tractor-Trailer";"BAU";"%";2030;"0.5";"Sensitivity | Current Policies | Interest rate";"Diesel"
"OPEX";"Taxes";"IT";"Excise Duty - Reduction biodiesel";"Rigid";"BAU";"%";2030;"0.5";"Sensitivity | Current Policies | Interest rate";"Diesel"
"OPEX";"Taxes";"IT";"Excise Duty - Reduction biodiesel";"Tractor-Trailer";"BAU";"%";2030;"0.5";"Sensitivity | Current Policies | Interest rate";"Diesel"
"OPEX";"Taxes";"NL";"Excise Duty - Reduction biodiesel";"Rigid";"BAU";"%";2030;"0.5";"Sensitivity | Current Policies | Interest rate";"Diesel"
"OPEX";"Taxes";"NL";"Excise Duty - Reduction biodiesel";"Tractor-Trailer";"BAU";"%";2030;"0.5";"Sensitivity | Current Policies | Interest rate";"Diesel"
"OPEX";"Taxes";"PL";"Excise Duty - Reduction biodiesel";"Rigid";"BAU";"%";2030;"0.5";"Sensitivity | Current Policies | Interest rate";"Diesel"
"OPEX";"Taxes";"PL";"Excise Duty - Reduction biodiesel";"Tractor-Trailer";"BAU";"%";2030;"0.5";"Sensitivity | Current Policies | Interest rate";"Diesel"
"OPEX";"Taxes";"UK";"Excise Duty - Reduction biodiesel";"Rigid";"BAU";"%";2030;"0.5";"Sensitivity | Current Policies | Interest rate";"Diesel"
"OPEX";"Taxes";"UK";"Excise Duty - Reduction biodiesel";"Tractor-Trailer";"BAU";"%";2030;"0.5";"Sensitivity | Current Policies | Interest rate";"Diesel"
"OPEX";"Taxes";"DE";"Excise Duty - Reduction Synthetic Diesel (E-Fuels)";"Rigid";"BAU";"%";2030;"0.5";"Sensitivity | Current Policies | Interest rate";"Diesel"
"OPEX";"Taxes";"DE";"Excise Duty - Reduction Synthetic Diesel (E-Fuels)";"Tractor-Trailer";"BAU";"%";2030;"0.5";"Sensitivity | Current Policies | Interest rate";"Diesel"
"OPEX";"Taxes";"ES";"Excise Duty - Reduction Synthetic Diesel (E-Fuels)";"Rigid";"BAU";"%";2030;"0.5";"Sensitivity | Current Policies | Interest rate";"Diesel"
"OPEX";"Taxes";"ES";"Excise Duty - Reduction Synthetic Diesel (E-Fuels)";"Tractor-Trailer";"BAU";"%";2030;"0.5";"Sensitivity | Current Policies | Interest rate";"Diesel"
"OPEX";"Taxes";"FR";"Excise Duty - Reduction Synthetic Diesel (E-Fuels)";"Rigid";"BAU";"%";2030;"0.5";"Sensitivity | Current Policies | Interest rate";"Diesel"
"OPEX";"Taxes";"FR";"Excise Duty - Reduction Synthetic Diesel (E-Fuels)";"Tractor-Trailer";"BAU";"%";2030;"0.5";"Sensitivity | Current Policies | Interest rate";"Diesel"
"OPEX";"Taxes";"IT";"Excise Duty - Reduction Synthetic Diesel (E-Fuels)";"Rigid";"BAU";"%";2030;"0.5";"Sensitivity | Current Policies | Interest rate";"Diesel"
"OPEX";"Taxes";"IT";"Excise Duty - Reduction Synthetic Diesel (E-Fuels)";"Tractor-Trailer";"BAU";"%";2030;"0.5";"Sensitivity | Current Policies | Interest rate";"Diesel"
"OPEX";"Taxes";"NL";"Excise Duty - Reduction Synthetic Diesel (E-Fuels)";"Rigid";"BAU";"%";2030;"0.5";"Sensitivity | Current Policies | Interest rate";"Diesel"
"OPEX";"Taxes";"NL";"Excise Duty - Reduction Synthetic Diesel (E-Fuels)";"Tractor-Trailer";"BAU";"%";2030;"0.5";"Sensitivity | Current Policies | Interest rate";"Diesel"
"OPEX";"Taxes";"PL";"Excise Duty - Reduction Synthetic Diesel (E-Fuels)";"Rigid";"BAU";"%";2030;"0.5";"Sensitivity | Current Policies | Interest rate";"Diesel"
"OPEX";"Taxes";"PL";"Excise Duty - Reduction Synthetic Diesel (E-Fuels)";"Tractor-Trailer";"BAU";"%";2030;"0.5";"Sensitivity | Current Policies | Interest rate";"Diesel"
"OPEX";"Taxes";"UK";"Excise Duty - Reduction Synthetic Diesel (E-Fuels)";"Rigid";"BAU";"%";2030;"0.5";"Sensitivity | Current Policies | Interest rate";"Diesel"
"OPEX";"Taxes";"UK";"Excise Duty - Reduction Synthetic Diesel (E-Fuels)";"Tractor-Trailer";"BAU";"%";2030;"0.5";"Sensitivity | Current Policies | Interest rate";"Diesel"
"OPEX";"Taxes";"DE";"Taxes, Fees, Levies and charges - H2";"Rigid";"BAU";"EUR/kWh";2030;"0.015";"Sensitivity | Current Policies | Interest rate";"Hydrogen"
"OPEX";"Taxes";"DE";"Taxes, Fees, Levies and charges - H2";"Tractor-Trailer";"BAU";"EUR/kWh";2030;"0.015";"Sensitivity | Current Policies | Interest rate";"Hydrogen"
"OPEX";"Taxes";"ES";"Taxes, Fees, Levies and charges - H2";"Rigid";"BAU";"EUR/kWh";2030;"0.008";"Sensitivity | Current Policies | Interest rate";"Hydrogen"
"OPEX";"Taxes";"ES";"Taxes, Fees, Levies and charges - H2";"Tractor-Trailer";"BAU";"EUR/kWh";2030;"0.008";"Sensitivity | Current Policies | Interest rate";"Hydrogen"
"OPEX";"Taxes";"FR";"Taxes, Fees, Levies and charges - H2";"Rigid";"BAU";"EUR/kWh";2030;"0.012";"Sensitivity | Current Policies | Interest rate";"Hydrogen"
"OPEX";"Taxes";"FR";"Taxes, Fees, Levies and charges - H2";"Tractor-Trailer";"BAU";"EUR/kWh";2030;"0.012";"Sensitivity | Current Policies | Interest rate";"Hydrogen"
"OPEX";"Taxes";"IT";"Taxes, Fees, Levies and charges - H2";"Rigid";"BAU";"EUR/kWh";2030;"0.009";"Sensitivity | Current Policies | Interest rate";"Hydrogen"
"OPEX";"Taxes";"IT";"Taxes, Fees, Levies and charges - H2";"Tractor-Trailer";"BAU";"EUR/kWh";2030;"0.009";"Sensitivity | Current Policies | Interest rate";"Hydrogen"
"OPEX";"Taxes";"NL";"Taxes, Fees, Levies and charges - H2";"Rigid";"BAU";"EUR/kWh";2030;"0.024";"Sensitivity | Current Policies | Interest rate";"Hydrogen"
"OPEX";"Taxes";"NL";"Taxes, Fees, Levies and charges - H2";"Tractor-Trailer";"BAU";"EUR/kWh";2030;"0.024";"Sensitivity | Current Policies | Interest rate";"Hydrogen"
"OPEX";"Taxes";"PL";"Taxes, Fees, Levies and charges - H2";"Rigid";"BAU";"EUR/kWh";2030;"0.009";"Sensitivity | Current Policies | Interest rate";"Hydrogen"
"OPEX";"Taxes";"PL";"Taxes, Fees, Levies and charges - H2";"Tractor-Trailer";"BAU";"EUR/kWh";2030;"0.009";"Sensitivity | Current Policies | Interest rate";"Hydrogen"
"OPEX";"Taxes";"UK";"Taxes, Fees, Levies and charges - H2";"Rigid";"BAU";"EUR/kWh";2030;"0.006";"Sensitivity | Current Policies | Interest rate";"Hydrogen"
"OPEX";"Taxes";"UK";"Taxes, Fees, Levies and charges - H2";"Tractor-Trailer";"BAU";"EUR/kWh";2030;"0.006";"Sensitivity | Current Policies | Interest rate";"Hydrogen"
"OPEX";"Charging Infrastructure";"DE";"MCS grid extension";"Rigid";"BAU";"EUR/kWh";2030;"0.075";"Sensitivity | Current Policies | Interest rate";"Electricity"
"OPEX";"Charging Infrastructure";"DE";"MCS grid extension";"Tractor-Trailer";"BAU";"EUR/kWh";2030;"0.075";"Sensitivity | Current Policies | Interest rate";"Electricity"
"OPEX";"Charging Infrastructure";"ES";"MCS grid extension";"Rigid";"BAU";"EUR/kWh";2030;"0.075";"Sensitivity | Current Policies | Interest rate";"Electricity"
"OPEX";"Charging Infrastructure";"ES";"MCS grid extension";"Tractor-Trailer";"BAU";"EUR/kWh";2030;"0.075";"Sensitivity | Current Policies | Interest rate";"Electricity"
"OPEX";"Charging Infrastructure";"FR";"MCS grid extension";"Rigid";"BAU";"EUR/kWh";2030;"0.075";"Sensitivity | Current Policies | Interest rate";"Electricity"
"OPEX";"Charging Infrastructure";"FR";"MCS grid extension";"Tractor-Trailer";"BAU";"EUR/kWh";2030;"0.075";"Sensitivity | Current Policies | Interest rate";"Electricity"
"OPEX";"Charging Infrastructure";"IT";"MCS grid extension";"Rigid";"BAU";"EUR/kWh";2030;"0.075";"Sensitivity | Current Policies | Interest rate";"Electricity"
"OPEX";"Charging Infrastructure";"IT";"MCS grid extension";"Tractor-Trailer";"BAU";"EUR/kWh";2030;"0.075";"Sensitivity | Current Policies | Interest rate";"Electricity"
"OPEX";"Charging Infrastructure";"NL";"MCS grid extension";"Rigid";"BAU";"EUR/kWh";2030;"0.075";"Sensitivity | Current Policies | Interest rate";"Electricity"
"OPEX";"Charging Infrastructure";"NL";"MCS grid extension";"Tractor-Trailer";"BAU";"EUR/kWh";2030;"0.075";"Sensitivity | Current Policies | Interest rate";"Electricity"
"OPEX";"Charging Infrastructure";"PL";"MCS grid extension";"Rigid";"BAU";"EUR/kWh";2030;"0.075";"Sensitivity | Current Policies | Interest rate";"Electricity"
"OPEX";"Charging Infrastructure";"PL";"MCS grid extension";"Tractor-Trailer";"BAU";"EUR/kWh";2030;"0.075";"Sensitivity | Current Policies | Interest rate";"Electricity"
"OPEX";"Charging Infrastructure";"UK";"MCS grid extension";"Rigid";"BAU";"EUR/kWh";2030;"0.075";"Sensitivity | Current Policies | Interest rate";"Electricity"
"OPEX";"Charging Infrastructure";"UK";"MCS grid extension";"Tractor-Trailer";"BAU";"EUR/kWh";2030;"0.075";"Sensitivity | Current Policies | Interest rate";"Electricity"
"OPEX";"Charging Infrastructure";"DE";"MCS Profit and Mark-Up";"Rigid";"BAU";"%";2030;"0.1";"Sensitivity | Current Policies | Interest rate";"Electricity"
"OPEX";"Charging Infrastructure";"DE";"MCS Profit and Mark-Up";"Tractor-Trailer";"BAU";"%";2030;"0.1";"Sensitivity | Current Policies | Interest rate";"Electricity"
"OPEX";"Charging Infrastructure";"ES";"MCS Profit and Mark-Up";"Rigid";"BAU";"%";2030;"0.1";"Sensitivity | Current Policies | Interest rate";"Electricity"
"OPEX";"Charging Infrastructure";"ES";"MCS Profit and Mark-Up";"Tractor-Trailer";"BAU";"%";2030;"0.1";"Sensitivity | Current Policies | Interest rate";"Electricity"
"OPEX";"Charging Infrastructure";"FR";"MCS Profit and Mark-Up";"Rigid";"BAU";"%";2030;"0.1";"Sensitivity | Current Policies | Interest rate";"Electricity"
"OPEX";"Charging Infrastructure";"FR";"MCS Profit and Mark-Up";"Tractor-Trailer";"BAU";"%";2030;"0.1";"Sensitivity | Current Policies | Interest rate";"Electricity"
"OPEX";"Charging Infrastructure";"IT";"MCS Profit and Mark-Up";"Rigid";"BAU";"%";2030;"0.1";"Sensitivity | Current Policies | Interest rate";"Electricity"
"OPEX";"Charging Infrastructure";"IT";"MCS Profit and Mark-Up";"Tractor-Trailer";"BAU";"%";2030;"0.1";"Sensitivity | Current Policies | Interest rate";"Electricity"
"OPEX";"Charging Infrastructure";"NL";"MCS Profit and Mark-Up";"Rigid";"BAU";"%";2030;"0.1";"Sensitivity | Current Policies | Interest rate";"Electricity"
"OPEX";"Charging Infrastructure";"NL";"MCS Profit and Mark-Up";"Tractor-Trailer";"BAU";"%";2030;"0.1";"Sensitivity | Current Policies | Interest rate";"Electricity"
"OPEX";"Charging Infrastructure";"PL";"MCS Profit and Mark-Up";"Rigid";"BAU";"%";2030;"0.1";"Sensitivity | Current Policies | Interest rate";"Electricity"
"OPEX";"Charging Infrastructure";"PL";"MCS Profit and Mark-Up";"Tractor-Trailer";"BAU";"%";2030;"0.1";"Sensitivity | Current Policies | Interest rate";"Electricity"
"OPEX";"Charging Infrastructure";"UK";"MCS Profit and Mark-Up";"Rigid";"BAU";"%";2030;"0.1";"Sensitivity | Current Policies | Interest rate";"Electricity"
"OPEX";"Charging Infrastructure";"UK";"MCS Profit and Mark-Up";"Tractor-Trailer";"BAU";"%";2030;"0.1";"Sensitivity | Current Policies | Interest rate";"Electricity"
"OPEX";"Charging Infrastructure";"DE";"CCS Station (Depot) - Incl. Overhead";"Rigid";"BAU";"EUR/kWh";2030;"0.029";"Sensitivity | Current Policies | Interest rate";"Electricity"
"OPEX";"Charging Infrastructure";"DE";"CCS Station (Depot) - Incl. Overhead";"Tractor-Trailer";"BAU";"EUR/kWh";2030;"0.029";"Sensitivity | Current Policies | Interest rate";"Electricity"
"OPEX";"Charging Infrastructure";"ES";"CCS Station (Depot) - Incl. Overhead";"Rigid";"BAU";"EUR/kWh";2030;"0.029";"Sensitivity | Current Policies | Interest rate";"Electricity"
"OPEX";"Charging Infrastructure";"ES";"CCS Station (Depot) - Incl. Overhead";"Tractor-Trailer";"BAU";"EUR/kWh";2030;"0.029";"Sensitivity | Current Policies | Interest rate";"Electricity"
"OPEX";"Charging Infrastructure";"FR";"CCS Station (Depot) - Incl. Overhead";"Rigid";"BAU";"EUR/kWh";2030;"0.029";"Sensitivity | Current Policies | Interest rate";"Electricity"
"OPEX";"Charging Infrastructure";"FR";"CCS Station (Depot) - Incl. Overhead";"Tractor-Trailer";"BAU";"EUR/kWh";2030;"0.029";"Sensitivity | Current Policies | Interest rate";"Electricity"
"OPEX";"Charging Infrastructure";"IT";"CCS Station (Depot) - Incl. Overhead";"Rigid";"BAU";"EUR/kWh";2030;"0.029";"Sensitivity | Current Policies | Interest rate";"Electricity"
"OPEX";"Charging Infrastructure";"IT";"CCS Station (Depot) - Incl. Overhead";"Tractor-Trailer";"BAU";"EUR/kWh";2030;"0.029";"Sensitivity | Current Policies | Interest rate";"Electricity"
"OPEX";"Charging Infrastructure";"NL";"CCS Station (Depot) - Incl. Overhead";"Rigid";"BAU";"EUR/kWh";2030;"0.029";"Sensitivity | Current Policies | Interest rate";"Electricity"
"OPEX";"Charging Infrastructure";"NL";"CCS Station (Depot) - Incl. Overhead";"Tractor-Trailer";"BAU";"EUR/kWh";2030;"0.029";"Sensitivity | Current Policies | Interest rate";"Electricity"
"OPEX";"Charging Infrastructure";"PL";"CCS Station (Depot) - Incl. Overhead";"Rigid";"BAU";"EUR/kWh";2030;"0.029";"Sensitivity | Current Policies | Interest rate";"Electricity"
"OPEX";"Charging Infrastructure";"PL";"CCS Station (Depot) - Incl. Overhead";"Tractor-Trailer";"BAU";"EUR/kWh";2030;"0.029";"Sensitivity | Current Policies | Interest rate";"Electricity"
"OPEX";"Charging Infrastructure";"UK";"CCS Station (Depot) - Incl. Overhead";"Rigid";"BAU";"EUR/kWh";2030;"0.029";"Sensitivity | Current Policies | Interest rate";"Electricity"
"OPEX";"Charging Infrastructure";"UK";"CCS Station (Depot) - Incl. Overhead";"Tractor-Trailer";"BAU";"EUR/kWh";2030;"0.029";"Sensitivity | Current Policies | Interest rate";"Electricity"
"OPEX";"Charging Infrastructure";"DE";"CCS grid extension";"Rigid";"BAU";"EUR/kWh";2030;"0.045";"Sensitivity | Current Policies | Interest rate";"Electricity"
"OPEX";"Charging Infrastructure";"DE";"CCS grid extension";"Tractor-Trailer";"BAU";"EUR/kWh";2030;"0.045";"Sensitivity | Current Policies | Interest rate";"Electricity"
"OPEX";"Charging Infrastructure";"ES";"CCS grid extension";"Rigid";"BAU";"EUR/kWh";2030;"0.045";"Sensitivity | Current Policies | Interest rate";"Electricity"
"OPEX";"Charging Infrastructure";"ES";"CCS grid extension";"Tractor-Trailer";"BAU";"EUR/kWh";2030;"0.045";"Sensitivity | Current Policies | Interest rate";"Electricity"
"OPEX";"Charging Infrastructure";"FR";"CCS grid extension";"Rigid";"BAU";"EUR/kWh";2030;"0.045";"Sensitivity | Current Policies | Interest rate";"Electricity"
"OPEX";"Charging Infrastructure";"FR";"CCS grid extension";"Tractor-Trailer";"BAU";"EUR/kWh";2030;"0.045";"Sensitivity | Current Policies | Interest rate";"Electricity"
"OPEX";"Charging Infrastructure";"IT";"CCS grid extension";"Rigid";"BAU";"EUR/kWh";2030;"0.045";"Sensitivity | Current Policies | Interest rate";"Electricity"
"OPEX";"Charging Infrastructure";"IT";"CCS grid extension";"Tractor-Trailer";"BAU";"EUR/kWh";2030;"0.045";"Sensitivity | Current Policies | Interest rate";"Electricity"
"OPEX";"Charging Infrastructure";"NL";"CCS grid extension";"Rigid";"BAU";"EUR/kWh";2030;"0.045";"Sensitivity | Current Policies | Interest rate";"Electricity"
"OPEX";"Charging Infrastructure";"NL";"CCS grid extension";"Tractor-Trailer";"BAU";"EUR/kWh";2030;"0.045";"Sensitivity | Current Policies | Interest rate";"Electricity"
"OPEX";"Charging Infrastructure";"PL";"CCS grid extension";"Rigid";"BAU";"EUR/kWh";2030;"0.045";"Sensitivity | Current Policies | Interest rate";"Electricity"
"OPEX";"Charging Infrastructure";"PL";"CCS grid extension";"Tractor-Trailer";"BAU";"EUR/kWh";2030;"0.045";"Sensitivity | Current Policies | Interest rate";"Electricity"
"OPEX";"Charging Infrastructure";"UK";"CCS grid extension";"Rigid";"BAU";"EUR/kWh";2030;"0.045";"Sensitivity | Current Policies | Interest rate";"Electricity"
"OPEX";"Charging Infrastructure";"UK";"CCS grid extension";"Tractor-Trailer";"BAU";"EUR/kWh";2030;"0.045";"Sensitivity | Current Policies | Interest rate";"Electricity"
"OPEX";"Diesel Infrastructure";"DE";"Total Diesel Mark-Up";"Rigid";"BAU";"EUR/kWh";2030;"0.018";"Sensitivity | Current Policies | Interest rate";"Diesel"
"OPEX";"Diesel Infrastructure";"DE";"Total Diesel Mark-Up";"Tractor-Trailer";"BAU";"EUR/kWh";2030;"0.018";"Sensitivity | Current Policies | Interest rate";"Diesel"
"OPEX";"Diesel Infrastructure";"ES";"Total Diesel Mark-Up";"Rigid";"BAU";"EUR/kWh";2030;"0.018";"Sensitivity | Current Policies | Interest rate";"Diesel"
"OPEX";"Diesel Infrastructure";"ES";"Total Diesel Mark-Up";"Tractor-Trailer";"BAU";"EUR/kWh";2030;"0.018";"Sensitivity | Current Policies | Interest rate";"Diesel"
"OPEX";"Diesel Infrastructure";"FR";"Total Diesel Mark-Up";"Rigid";"BAU";"EUR/kWh";2030;"0.018";"Sensitivity | Current Policies | Interest rate";"Diesel"
"OPEX";"Diesel Infrastructure";"FR";"Total Diesel Mark-Up";"Tractor-Trailer";"BAU";"EUR/kWh";2030;"0.018";"Sensitivity | Current Policies | Interest rate";"Diesel"
"OPEX";"Diesel Infrastructure";"IT";"Total Diesel Mark-Up";"Rigid";"BAU";"EUR/kWh";2030;"0.018";"Sensitivity | Current Policies | Interest rate";"Diesel"
"OPEX";"Diesel Infrastructure";"IT";"Total Diesel Mark-Up";"Tractor-Trailer";"BAU";"EUR/kWh";2030;"0.018";"Sensitivity | Current Policies | Interest rate";"Diesel"
"OPEX";"Diesel Infrastructure";"NL";"Total Diesel Mark-Up";"Rigid";"BAU";"EUR/kWh";2030;"0.018";"Sensitivity | Current Policies | Interest rate";"Diesel"
"OPEX";"Diesel Infrastructure";"NL";"Total Diesel Mark-Up";"Tractor-Trailer";"BAU";"EUR/kWh";2030;"0.018";"Sensitivity | Current Policies | Interest rate";"Diesel"
"OPEX";"Diesel Infrastructure";"PL";"Total Diesel Mark-Up";"Rigid";"BAU";"EUR/kWh";2030;"0.018";"Sensitivity | Current Policies | Interest rate";"Diesel"
"OPEX";"Diesel Infrastructure";"PL";"Total Diesel Mark-Up";"Tractor-Trailer";"BAU";"EUR/kWh";2030;"0.018";"Sensitivity | Current Policies | Interest rate";"Diesel"
"OPEX";"Diesel Infrastructure";"UK";"Total Diesel Mark-Up";"Rigid";"BAU";"EUR/kWh";2030;"0.018";"Sensitivity | Current Policies | Interest rate";"Diesel"
"OPEX";"Diesel Infrastructure";"UK";"Total Diesel Mark-Up";"Tractor-Trailer";"BAU";"EUR/kWh";2030;"0.018";"Sensitivity | Current Policies | Interest rate";"Diesel"
"OPEX";"Diesel Infrastructure";"DE";"CO2 emission factor Biodiesel";"Rigid";"BAU";"%";2030;"0.166";"Sensitivity | Current Policies | Interest rate";"Diesel"
"OPEX";"Diesel Infrastructure";"DE";"CO2 emission factor Biodiesel";"Tractor-Trailer";"BAU";"%";2030;"0.166";"Sensitivity | Current Policies | Interest rate";"Diesel"
"OPEX";"Diesel Infrastructure";"ES";"CO2 emission factor Biodiesel";"Rigid";"BAU";"%";2030;"0.166";"Sensitivity | Current Policies | Interest rate";"Diesel"
"OPEX";"Diesel Infrastructure";"ES";"CO2 emission factor Biodiesel";"Tractor-Trailer";"BAU";"%";2030;"0.166";"Sensitivity | Current Policies | Interest rate";"Diesel"
"OPEX";"Diesel Infrastructure";"FR";"CO2 emission factor Biodiesel";"Rigid";"BAU";"%";2030;"0.166";"Sensitivity | Current Policies | Interest rate";"Diesel"
"OPEX";"Diesel Infrastructure";"FR";"CO2 emission factor Biodiesel";"Tractor-Trailer";"BAU";"%";2030;"0.166";"Sensitivity | Current Policies | Interest rate";"Diesel"
"OPEX";"Diesel Infrastructure";"IT";"CO2 emission factor Biodiesel";"Rigid";"BAU";"%";2030;"0.166";"Sensitivity | Current Policies | Interest rate";"Diesel"
"OPEX";"Diesel Infrastructure";"IT";"CO2 emission factor Biodiesel";"Tractor-Trailer";"BAU";"%";2030;"0.166";"Sensitivity | Current Policies | Interest rate";"Diesel"
"OPEX";"Diesel Infrastructure";"NL";"CO2 emission factor Biodiesel";"Rigid";"BAU";"%";2030;"0.166";"Sensitivity | Current Policies | Interest rate";"Diesel"
"OPEX";"Diesel Infrastructure";"NL";"CO2 emission factor Biodiesel";"Tractor-Trailer";"BAU";"%";2030;"0.166";"Sensitivity | Current Policies | Interest rate";"Diesel"
"OPEX";"Diesel Infrastructure";"PL";"CO2 emission factor Biodiesel";"Rigid";"BAU";"%";2030;"0.166";"Sensitivity | Current Policies | Interest rate";"Diesel"
"OPEX";"Diesel Infrastructure";"PL";"CO2 emission factor Biodiesel";"Tractor-Trailer";"BAU";"%";2030;"0.166";"Sensitivity | Current Policies | Interest rate";"Diesel"
"OPEX";"Diesel Infrastructure";"UK";"CO2 emission factor Biodiesel";"Rigid";"BAU";"%";2030;"0.166";"Sensitivity | Current Policies | Interest rate";"Diesel"
"OPEX";"Diesel Infrastructure";"UK";"CO2 emission factor Biodiesel";"Tractor-Trailer";"BAU";"%";2030;"0.166";"Sensitivity | Current Policies | Interest rate";"Diesel"
"OPEX";"Diesel Infrastructure";"DE";"CO2 emission factor Pt-Diesel";"Rigid";"BAU";"%";2030;"0";"Sensitivity | Current Policies | Interest rate";"Diesel"
"OPEX";"Diesel Infrastructure";"DE";"CO2 emission factor Pt-Diesel";"Tractor-Trailer";"BAU";"%";2030;"0";"Sensitivity | Current Policies | Interest rate";"Diesel"
"OPEX";"Diesel Infrastructure";"ES";"CO2 emission factor Pt-Diesel";"Rigid";"BAU";"%";2030;"0";"Sensitivity | Current Policies | Interest rate";"Diesel"
"OPEX";"Diesel Infrastructure";"ES";"CO2 emission factor Pt-Diesel";"Tractor-Trailer";"BAU";"%";2030;"0";"Sensitivity | Current Policies | Interest rate";"Diesel"
"OPEX";"Diesel Infrastructure";"FR";"CO2 emission factor Pt-Diesel";"Rigid";"BAU";"%";2030;"0";"Sensitivity | Current Policies | Interest rate";"Diesel"
"OPEX";"Diesel Infrastructure";"FR";"CO2 emission factor Pt-Diesel";"Tractor-Trailer";"BAU";"%";2030;"0";"Sensitivity | Current Policies | Interest rate";"Diesel"
"OPEX";"Diesel Infrastructure";"IT";"CO2 emission factor Pt-Diesel";"Rigid";"BAU";"%";2030;"0";"Sensitivity | Current Policies | Interest rate";"Diesel"
"OPEX";"Diesel Infrastructure";"IT";"CO2 emission factor Pt-Diesel";"Tractor-Trailer";"BAU";"%";2030;"0";"Sensitivity | Current Policies | Interest rate";"Diesel"
"OPEX";"Diesel Infrastructure";"NL";"CO2 emission factor Pt-Diesel";"Rigid";"BAU";"%";2030;"0";"Sensitivity | Current Policies | Interest rate";"Diesel"
"OPEX";"Diesel Infrastructure";"NL";"CO2 emission factor Pt-Diesel";"Tractor-Trailer";"BAU";"%";2030;"0";"Sensitivity | Current Policies | Interest rate";"Diesel"
"OPEX";"Diesel Infrastructure";"PL";"CO2 emission factor Pt-Diesel";"Rigid";"BAU";"%";2030;"0";"Sensitivity | Current Policies | Interest rate";"Diesel"
"OPEX";"Diesel Infrastructure";"PL";"CO2 emission factor Pt-Diesel";"Tractor-Trailer";"BAU";"%";2030;"0";"Sensitivity | Current Policies | Interest rate";"Diesel"
"OPEX";"Diesel Infrastructure";"UK";"CO2 emission factor Pt-Diesel";"Rigid";"BAU";"%";2030;"0";"Sensitivity | Current Policies | Interest rate";"Diesel"
"OPEX";"Diesel Infrastructure";"UK";"CO2 emission factor Pt-Diesel";"Tractor-Trailer";"BAU";"%";2030;"0";"Sensitivity | Current Policies | Interest rate";"Diesel"
"OPEX";"Taxes";"DE";"Network Costs - MCS";"Rigid";"BAU";"EUR/kWh";2030;"0.036";"Sensitivity | Current Policies | Interest rate";"Electricity"
"OPEX";"Taxes";"DE";"Network Costs - MCS";"Tractor-Trailer";"BAU";"EUR/kWh";2030;"0.036";"Sensitivity | Current Policies | Interest rate";"Electricity"
"OPEX";"Taxes";"ES";"Network Costs - MCS";"Rigid";"BAU";"EUR/kWh";2030;"0.02";"Sensitivity | Current Policies | Interest rate";"Electricity"
"OPEX";"Taxes";"ES";"Network Costs - MCS";"Tractor-Trailer";"BAU";"EUR/kWh";2030;"0.02";"Sensitivity | Current Policies | Interest rate";"Electricity"
"OPEX";"Taxes";"FR";"Network Costs - MCS";"Rigid";"BAU";"EUR/kWh";2030;"0.019";"Sensitivity | Current Policies | Interest rate";"Electricity"
"OPEX";"Taxes";"FR";"Network Costs - MCS";"Tractor-Trailer";"BAU";"EUR/kWh";2030;"0.019";"Sensitivity | Current Policies | Interest rate";"Electricity"
"OPEX";"Taxes";"IT";"Network Costs - MCS";"Rigid";"BAU";"EUR/kWh";2030;"0.016";"Sensitivity | Current Policies | Interest rate";"Electricity"
"OPEX";"Taxes";"IT";"Network Costs - MCS";"Tractor-Trailer";"BAU";"EUR/kWh";2030;"0.016";"Sensitivity | Current Policies | Interest rate";"Electricity"
"OPEX";"Taxes";"NL";"Network Costs - MCS";"Rigid";"BAU";"EUR/kWh";2030;"0.017";"Sensitivity | Current Policies | Interest rate";"Electricity"
"OPEX";"Taxes";"NL";"Network Costs - MCS";"Tractor-Trailer";"BAU";"EUR/kWh";2030;"0.017";"Sensitivity | Current Policies | Interest rate";"Electricity"
"OPEX";"Taxes";"PL";"Network Costs - MCS";"Rigid";"BAU";"EUR/kWh";2030;"0.02";"Sensitivity | Current Policies | Interest rate";"Electricity"
"OPEX";"Taxes";"PL";"Network Costs - MCS";"Tractor-Trailer";"BAU";"EUR/kWh";2030;"0.02";"Sensitivity | Current Policies | Interest rate";"Electricity"
"OPEX";"Taxes";"UK";"Network Costs - MCS";"Rigid";"BAU";"EUR/kWh";2030;"0.028";"Sensitivity | Current Policies | Interest rate";"Electricity"
"OPEX";"Taxes";"UK";"Network Costs - MCS";"Tractor-Trailer";"BAU";"EUR/kWh";2030;"0.028";"Sensitivity | Current Policies | Interest rate";"Electricity"
"OPEX";"Taxes";"DE";"Taxes, Fees, Levies and charges - MCS";"Rigid";"BAU";"EUR/kWh";2030;"0.068";"Sensitivity | Current Policies | Interest rate";"Electricity"
"OPEX";"Taxes";"DE";"Taxes, Fees, Levies and charges - MCS";"Tractor-Trailer";"BAU";"EUR/kWh";2030;"0.068";"Sensitivity | Current Policies | Interest rate";"Electricity"
"OPEX";"Taxes";"ES";"Taxes, Fees, Levies and charges - MCS";"Rigid";"BAU";"EUR/kWh";2030;"0.039";"Sensitivity | Current Policies | Interest rate";"Electricity"
"OPEX";"Taxes";"ES";"Taxes, Fees, Levies and charges - MCS";"Tractor-Trailer";"BAU";"EUR/kWh";2030;"0.039";"Sensitivity | Current Policies | Interest rate";"Electricity"
"OPEX";"Taxes";"FR";"Taxes, Fees, Levies and charges - MCS";"Rigid";"BAU";"EUR/kWh";2030;"0.032";"Sensitivity | Current Policies | Interest rate";"Electricity"
"OPEX";"Taxes";"FR";"Taxes, Fees, Levies and charges - MCS";"Tractor-Trailer";"BAU";"EUR/kWh";2030;"0.032";"Sensitivity | Current Policies | Interest rate";"Electricity"
"OPEX";"Taxes";"IT";"Taxes, Fees, Levies and charges - MCS";"Rigid";"BAU";"EUR/kWh";2030;"0.067";"Sensitivity | Current Policies | Interest rate";"Electricity"
"OPEX";"Taxes";"IT";"Taxes, Fees, Levies and charges - MCS";"Tractor-Trailer";"BAU";"EUR/kWh";2030;"0.067";"Sensitivity | Current Policies | Interest rate";"Electricity"
"OPEX";"Taxes";"NL";"Taxes, Fees, Levies and charges - MCS";"Rigid";"BAU";"EUR/kWh";2030;"0.055";"Sensitivity | Current Policies | Interest rate";"Electricity"
"OPEX";"Taxes";"NL";"Taxes, Fees, Levies and charges - MCS";"Tractor-Trailer";"BAU";"EUR/kWh";2030;"0.055";"Sensitivity | Current Policies | Interest rate";"Electricity"
"OPEX";"Taxes";"PL";"Taxes, Fees, Levies and charges - MCS";"Rigid";"BAU";"EUR/kWh";2030;"0.05";"Sensitivity | Current Policies | Interest rate";"Electricity"
"OPEX";"Taxes";"PL";"Taxes, Fees, Levies and charges - MCS";"Tractor-Trailer";"BAU";"EUR/kWh";2030;"0.05";"Sensitivity | Current Policies | Interest rate";"Electricity"
"OPEX";"Taxes";"UK";"Taxes, Fees, Levies and charges - MCS";"Rigid";"BAU";"EUR/kWh";2030;"0.078";"Sensitivity | Current Policies | Interest rate";"Electricity"
"OPEX";"Taxes";"UK";"Taxes, Fees, Levies and charges - MCS";"Tractor-Trailer";"BAU";"EUR/kWh";2030;"0.078";"Sensitivity | Current Policies | Interest rate";"Electricity"
"OPEX";"Taxes";"DE";"Network Costs - Depot";"Rigid";"BAU";"EUR/kWh";2030;"0.051";"Sensitivity | Current Policies | Interest rate";"Electricity"
"OPEX";"Taxes";"DE";"Network Costs - Depot";"Tractor-Trailer";"BAU";"EUR/kWh";2030;"0.051";"Sensitivity | Current Policies | Interest rate";"Electricity"
"OPEX";"Taxes";"ES";"Network Costs - Depot";"Rigid";"BAU";"EUR/kWh";2030;"0.041";"Sensitivity | Current Policies | Interest rate";"Electricity"
"OPEX";"Taxes";"ES";"Network Costs - Depot";"Tractor-Trailer";"BAU";"EUR/kWh";2030;"0.041";"Sensitivity | Current Policies | Interest rate";"Electricity"
"OPEX";"Taxes";"FR";"Network Costs - Depot";"Rigid";"BAU";"EUR/kWh";2030;"0.031";"Sensitivity | Current Policies | Interest rate";"Electricity"
"OPEX";"Taxes";"FR";"Network Costs - Depot";"Tractor-Trailer";"BAU";"EUR/kWh";2030;"0.031";"Sensitivity | Current Policies | Interest rate";"Electricity"
"OPEX";"Taxes";"IT";"Network Costs - Depot";"Rigid";"BAU";"EUR/kWh";2030;"0.021";"Sensitivity | Current Policies | Interest rate";"Electricity"
"OPEX";"Taxes";"IT";"Network Costs - Depot";"Tractor-Trailer";"BAU";"EUR/kWh";2030;"0.021";"Sensitivity | Current Policies | Interest rate";"Electricity"
"OPEX";"Taxes";"NL";"Network Costs - Depot";"Rigid";"BAU";"EUR/kWh";2030;"0.022";"Sensitivity | Current Policies | Interest rate";"Electricity"
"OPEX";"Taxes";"NL";"Network Costs - Depot";"Tractor-Trailer";"BAU";"EUR/kWh";2030;"0.022";"Sensitivity | Current Policies | Interest rate";"Electricity"
"OPEX";"Taxes";"PL";"Network Costs - Depot";"Rigid";"BAU";"EUR/kWh";2030;"0.032";"Sensitivity | Current Policies | Interest rate";"Electricity"
"OPEX";"Taxes";"PL";"Network Costs - Depot";"Tractor-Trailer";"BAU";"EUR/kWh";2030;"0.032";"Sensitivity | Current Policies | Interest rate";"Electricity"
"OPEX";"Taxes";"UK";"Network Costs - Depot";"Rigid";"BAU";"EUR/kWh";2030;"0.032";"Sensitivity | Current Policies | Interest rate";"Electricity"
"OPEX";"Taxes";"UK";"Network Costs - Depot";"Tractor-Trailer";"BAU";"EUR/kWh";2030;"0.032";"Sensitivity | Current Policies | Interest rate";"Electricity"
"OPEX";"Taxes";"DE";"Taxes, Fees, Levies and charges - Depot";"Rigid";"BAU";"EUR/kWh";2030;"0.078";"Sensitivity | Current Policies | Interest rate";"Electricity"
"OPEX";"Taxes";"DE";"Taxes, Fees, Levies and charges - Depot";"Tractor-Trailer";"BAU";"EUR/kWh";2030;"0.078";"Sensitivity | Current Policies | Interest rate";"Electricity"
"OPEX";"Taxes";"ES";"Taxes, Fees, Levies and charges - Depot";"Rigid";"BAU";"EUR/kWh";2030;"0.067";"Sensitivity | Current Policies | Interest rate";"Electricity"
"OPEX";"Taxes";"ES";"Taxes, Fees, Levies and charges - Depot";"Tractor-Trailer";"BAU";"EUR/kWh";2030;"0.067";"Sensitivity | Current Policies | Interest rate";"Electricity"
"OPEX";"Taxes";"FR";"Taxes, Fees, Levies and charges - Depot";"Rigid";"BAU";"EUR/kWh";2030;"0.048";"Sensitivity | Current Policies | Interest rate";"Electricity"
"OPEX";"Taxes";"FR";"Taxes, Fees, Levies and charges - Depot";"Tractor-Trailer";"BAU";"EUR/kWh";2030;"0.048";"Sensitivity | Current Policies | Interest rate";"Electricity"
"OPEX";"Taxes";"IT";"Taxes, Fees, Levies and charges - Depot";"Rigid";"BAU";"EUR/kWh";2030;"0.103";"Sensitivity | Current Policies | Interest rate";"Electricity"
"OPEX";"Taxes";"IT";"Taxes, Fees, Levies and charges - Depot";"Tractor-Trailer";"BAU";"EUR/kWh";2030;"0.103";"Sensitivity | Current Policies | Interest rate";"Electricity"
"OPEX";"Taxes";"NL";"Taxes, Fees, Levies and charges - Depot";"Rigid";"BAU";"EUR/kWh";2030;"0.062";"Sensitivity | Current Policies | Interest rate";"Electricity"
"OPEX";"Taxes";"NL";"Taxes, Fees, Levies and charges - Depot";"Tractor-Trailer";"BAU";"EUR/kWh";2030;"0.062";"Sensitivity | Current Policies | Interest rate";"Electricity"
"OPEX";"Taxes";"PL";"Taxes, Fees, Levies and charges - Depot";"Rigid";"BAU";"EUR/kWh";2030;"0.056";"Sensitivity | Current Policies | Interest rate";"Electricity"
"OPEX";"Taxes";"PL";"Taxes, Fees, Levies and charges - Depot";"Tractor-Trailer";"BAU";"EUR/kWh";2030;"0.056";"Sensitivity | Current Policies | Interest rate";"Electricity"
"OPEX";"Taxes";"UK";"Taxes, Fees, Levies and charges - Depot";"Rigid";"BAU";"EUR/kWh";2030;"0.086";"Sensitivity | Current Policies | Interest rate";"Electricity"
"OPEX";"Taxes";"UK";"Taxes, Fees, Levies and charges - Depot";"Tractor-Trailer";"BAU";"EUR/kWh";2030;"0.086";"Sensitivity | Current Policies | Interest rate";"Electricity"
"OPEX";"H2 Infrastructure";"DE";"HRS costs";"Rigid";"BAU";"EUR/kg H2";2030;"1.7";"Sensitivity | Current Policies | Interest rate";"Hydrogen"
"OPEX";"H2 Infrastructure";"DE";"HRS costs";"Tractor-Trailer";"BAU";"EUR/kg H2";2030;"1.7";"Sensitivity | Current Policies | Interest rate";"Hydrogen"
"OPEX";"H2 Infrastructure";"ES";"HRS costs";"Rigid";"BAU";"EUR/kg H2";2030;"1.7";"Sensitivity | Current Policies | Interest rate";"Hydrogen"
"OPEX";"H2 Infrastructure";"ES";"HRS costs";"Tractor-Trailer";"BAU";"EUR/kg H2";2030;"1.7";"Sensitivity | Current Policies | Interest rate";"Hydrogen"
"OPEX";"H2 Infrastructure";"FR";"HRS costs";"Rigid";"BAU";"EUR/kg H2";2030;"1.7";"Sensitivity | Current Policies | Interest rate";"Hydrogen"
"OPEX";"H2 Infrastructure";"FR";"HRS costs";"Tractor-Trailer";"BAU";"EUR/kg H2";2030;"1.7";"Sensitivity | Current Policies | Interest rate";"Hydrogen"
"OPEX";"H2 Infrastructure";"IT";"HRS costs";"Rigid";"BAU";"EUR/kg H2";2030;"1.7";"Sensitivity | Current Policies | Interest rate";"Hydrogen"
"OPEX";"H2 Infrastructure";"IT";"HRS costs";"Tractor-Trailer";"BAU";"EUR/kg H2";2030;"1.7";"Sensitivity | Current Policies | Interest rate";"Hydrogen"
"OPEX";"H2 Infrastructure";"NL";"HRS costs";"Rigid";"BAU";"EUR/kg H2";2030;"1.7";"Sensitivity | Current Policies | Interest rate";"Hydrogen"
"OPEX";"H2 Infrastructure";"NL";"HRS costs";"Tractor-Trailer";"BAU";"EUR/kg H2";2030;"1.7";"Sensitivity | Current Policies | Interest rate";"Hydrogen"
"OPEX";"H2 Infrastructure";"PL";"HRS costs";"Rigid";"BAU";"EUR/kg H2";2030;"1.7";"Sensitivity | Current Policies | Interest rate";"Hydrogen"
"OPEX";"H2 Infrastructure";"PL";"HRS costs";"Tractor-Trailer";"BAU";"EUR/kg H2";2030;"1.7";"Sensitivity | Current Policies | Interest rate";"Hydrogen"
"OPEX";"H2 Infrastructure";"UK";"HRS costs";"Rigid";"BAU";"EUR/kg H2";2030;"1.7";"Sensitivity | Current Policies | Interest rate";"Hydrogen"
"OPEX";"H2 Infrastructure";"UK";"HRS costs";"Tractor-Trailer";"BAU";"EUR/kg H2";2030;"1.7";"Sensitivity | Current Policies | Interest rate";"Hydrogen"
"OPEX";"H2 Infrastructure";"DE";"H2 transport and distribution";"Rigid";"BAU";"EUR/kg H2";2030;"1.5";"Sensitivity | Current Policies | Interest rate";"Hydrogen"
"OPEX";"H2 Infrastructure";"DE";"H2 transport and distribution";"Tractor-Trailer";"BAU";"EUR/kg H2";2030;"1.5";"Sensitivity | Current Policies | Interest rate";"Hydrogen"
"OPEX";"H2 Infrastructure";"ES";"H2 transport and distribution";"Rigid";"BAU";"EUR/kg H2";2030;"1.5";"Sensitivity | Current Policies | Interest rate";"Hydrogen"
"OPEX";"H2 Infrastructure";"ES";"H2 transport and distribution";"Tractor-Trailer";"BAU";"EUR/kg H2";2030;"1.5";"Sensitivity | Current Policies | Interest rate";"Hydrogen"
"OPEX";"H2 Infrastructure";"FR";"H2 transport and distribution";"Rigid";"BAU";"EUR/kg H2";2030;"1.5";"Sensitivity | Current Policies | Interest rate";"Hydrogen"
"OPEX";"H2 Infrastructure";"FR";"H2 transport and distribution";"Tractor-Trailer";"BAU";"EUR/kg H2";2030;"1.5";"Sensitivity | Current Policies | Interest rate";"Hydrogen"
"OPEX";"H2 Infrastructure";"IT";"H2 transport and distribution";"Rigid";"BAU";"EUR/kg H2";2030;"1.5";"Sensitivity | Current Policies | Interest rate";"Hydrogen"
"OPEX";"H2 Infrastructure";"IT";"H2 transport and distribution";"Tractor-Trailer";"BAU";"EUR/kg H2";2030;"1.5";"Sensitivity | Current Policies | Interest rate";"Hydrogen"
"OPEX";"H2 Infrastructure";"NL";"H2 transport and distribution";"Rigid";"BAU";"EUR/kg H2";2030;"1.5";"Sensitivity | Current Policies | Interest rate";"Hydrogen"
"OPEX";"H2 Infrastructure";"NL";"H2 transport and distribution";"Tractor-Trailer";"BAU";"EUR/kg H2";2030;"1.5";"Sensitivity | Current Policies | Interest rate";"Hydrogen"
"OPEX";"H2 Infrastructure";"PL";"H2 transport and distribution";"Rigid";"BAU";"EUR/kg H2";2030;"1.5";"Sensitivity | Current Policies | Interest rate";"Hydrogen"
"OPEX";"H2 Infrastructure";"PL";"H2 transport and distribution";"Tractor-Trailer";"BAU";"EUR/kg H2";2030;"1.5";"Sensitivity | Current Policies | Interest rate";"Hydrogen"
"OPEX";"H2 Infrastructure";"UK";"H2 transport and distribution";"Rigid";"BAU";"EUR/kg H2";2030;"1.5";"Sensitivity | Current Policies | Interest rate";"Hydrogen"
"OPEX";"H2 Infrastructure";"UK";"H2 transport and distribution";"Tractor-Trailer";"BAU";"EUR/kg H2";2030;"1.5";"Sensitivity | Current Policies | Interest rate";"Hydrogen"
"OPEX";"H2 Infrastructure";"DE";"HRS Overhead, Profit and Mark-Up";"Rigid";"BAU";"EUR/kg H2";2030;"0.25";"Sensitivity | Current Policies | Interest rate";"Hydrogen"
"OPEX";"H2 Infrastructure";"DE";"HRS Overhead, Profit and Mark-Up";"Tractor-Trailer";"BAU";"EUR/kg H2";2030;"0.25";"Sensitivity | Current Policies | Interest rate";"Hydrogen"
"OPEX";"H2 Infrastructure";"ES";"HRS Overhead, Profit and Mark-Up";"Rigid";"BAU";"EUR/kg H2";2030;"0.25";"Sensitivity | Current Policies | Interest rate";"Hydrogen"
"OPEX";"H2 Infrastructure";"ES";"HRS Overhead, Profit and Mark-Up";"Tractor-Trailer";"BAU";"EUR/kg H2";2030;"0.25";"Sensitivity | Current Policies | Interest rate";"Hydrogen"
"OPEX";"H2 Infrastructure";"FR";"HRS Overhead, Profit and Mark-Up";"Rigid";"BAU";"EUR/kg H2";2030;"0.25";"Sensitivity | Current Policies | Interest rate";"Hydrogen"
"OPEX";"H2 Infrastructure";"FR";"HRS Overhead, Profit and Mark-Up";"Tractor-Trailer";"BAU";"EUR/kg H2";2030;"0.25";"Sensitivity | Current Policies | Interest rate";"Hydrogen"
"OPEX";"H2 Infrastructure";"IT";"HRS Overhead, Profit and Mark-Up";"Rigid";"BAU";"EUR/kg H2";2030;"0.25";"Sensitivity | Current Policies | Interest rate";"Hydrogen"
"OPEX";"H2 Infrastructure";"IT";"HRS Overhead, Profit and Mark-Up";"Tractor-Trailer";"BAU";"EUR/kg H2";2030;"0.25";"Sensitivity | Current Policies | Interest rate";"Hydrogen"
"OPEX";"H2 Infrastructure";"NL";"HRS Overhead, Profit and Mark-Up";"Rigid";"BAU";"EUR/kg H2";2030;"0.25";"Sensitivity | Current Policies | Interest rate";"Hydrogen"
"OPEX";"H2 Infrastructure";"NL";"HRS Overhead, Profit and Mark-Up";"Tractor-Trailer";"BAU";"EUR/kg H2";2030;"0.25";"Sensitivity | Current Policies | Interest rate";"Hydrogen"
"OPEX";"H2 Infrastructure";"PL";"HRS Overhead, Profit and Mark-Up";"Rigid";"BAU";"EUR/kg H2";2030;"0.25";"Sensitivity | Current Policies | Interest rate";"Hydrogen"
"OPEX";"H2 Infrastructure";"PL";"HRS Overhead, Profit and Mark-Up";"Tractor-Trailer";"BAU";"EUR/kg H2";2030;"0.25";"Sensitivity | Current Policies | Interest rate";"Hydrogen"
"OPEX";"H2 Infrastructure";"UK";"HRS Overhead, Profit and Mark-Up";"Rigid";"BAU";"EUR/kg H2";2030;"0.25";"Sensitivity | Current Policies | Interest rate";"Hydrogen"
"OPEX";"H2 Infrastructure";"UK";"HRS Overhead, Profit and Mark-Up";"Tractor-Trailer";"BAU";"EUR/kg H2";2030;"0.25";"Sensitivity | Current Policies | Interest rate";"Hydrogen"
"OPEX";"Charging Infrastructure";"DE";"MCS Station (Public Charging) - Incl. Overhead";"Rigid";"BAU";"EUR/kWh";2030;"0.143";"Sensitivity | Current Policies | Interest rate";"Electricity"
"OPEX";"Charging Infrastructure";"DE";"MCS Station (Public Charging) - Incl. Overhead";"Tractor-Trailer";"BAU";"EUR/kWh";2030;"0.143";"Sensitivity | Current Policies | Interest rate";"Electricity"
"OPEX";"Charging Infrastructure";"ES";"MCS Station (Public Charging) - Incl. Overhead";"Rigid";"BAU";"EUR/kWh";2030;"0.143";"Sensitivity | Current Policies | Interest rate";"Electricity"
"OPEX";"Charging Infrastructure";"ES";"MCS Station (Public Charging) - Incl. Overhead";"Tractor-Trailer";"BAU";"EUR/kWh";2030;"0.143";"Sensitivity | Current Policies | Interest rate";"Electricity"
"OPEX";"Charging Infrastructure";"FR";"MCS Station (Public Charging) - Incl. Overhead";"Rigid";"BAU";"EUR/kWh";2030;"0.143";"Sensitivity | Current Policies | Interest rate";"Electricity"
"OPEX";"Charging Infrastructure";"FR";"MCS Station (Public Charging) - Incl. Overhead";"Tractor-Trailer";"BAU";"EUR/kWh";2030;"0.143";"Sensitivity | Current Policies | Interest rate";"Electricity"
"OPEX";"Charging Infrastructure";"IT";"MCS Station (Public Charging) - Incl. Overhead";"Rigid";"BAU";"EUR/kWh";2030;"0.143";"Sensitivity | Current Policies | Interest rate";"Electricity"
"OPEX";"Charging Infrastructure";"IT";"MCS Station (Public Charging) - Incl. Overhead";"Tractor-Trailer";"BAU";"EUR/kWh";2030;"0.143";"Sensitivity | Current Policies | Interest rate";"Electricity"
"OPEX";"Charging Infrastructure";"NL";"MCS Station (Public Charging) - Incl. Overhead";"Rigid";"BAU";"EUR/kWh";2030;"0.143";"Sensitivity | Current Policies | Interest rate";"Electricity"
"OPEX";"Charging Infrastructure";"NL";"MCS Station (Public Charging) - Incl. Overhead";"Tractor-Trailer";"BAU";"EUR/kWh";2030;"0.143";"Sensitivity | Current Policies | Interest rate";"Electricity"
"OPEX";"Charging Infrastructure";"PL";"MCS Station (Public Charging) - Incl. Overhead";"Rigid";"BAU";"EUR/kWh";2030;"0.143";"Sensitivity | Current Policies | Interest rate";"Electricity"
"OPEX";"Charging Infrastructure";"PL";"MCS Station (Public Charging) - Incl. Overhead";"Tractor-Trailer";"BAU";"EUR/kWh";2030;"0.143";"Sensitivity | Current Policies | Interest rate";"Electricity"
"OPEX";"Charging Infrastructure";"UK";"MCS Station (Public Charging) - Incl. Overhead";"Rigid";"BAU";"EUR/kWh";2030;"0.143";"Sensitivity | Current Policies | Interest rate";"Electricity"
"OPEX";"Charging Infrastructure";"UK";"MCS Station (Public Charging) - Incl. Overhead";"Tractor-Trailer";"BAU";"EUR/kWh";2030;"0.143";"Sensitivity | Current Policies | Interest rate";"Electricity"
"OPEX";"Charging Infrastructure";"DE";"Share MCS-Charging";"Rigid";"BAU";"%";2030;"0.2";"Sensitivity | Current Policies | Interest rate";"Electricity"
"OPEX";"Charging Infrastructure";"DE";"Share MCS-Charging";"Tractor-Trailer";"BAU";"%";2030;"0.2";"Sensitivity | Current Policies | Interest rate";"Electricity"
"OPEX";"Charging Infrastructure";"ES";"Share MCS-Charging";"Rigid";"BAU";"%";2030;"0.2";"Sensitivity | Current Policies | Interest rate";"Electricity"
"OPEX";"Charging Infrastructure";"ES";"Share MCS-Charging";"Tractor-Trailer";"BAU";"%";2030;"0.2";"Sensitivity | Current Policies | Interest rate";"Electricity"
"OPEX";"Charging Infrastructure";"FR";"Share MCS-Charging";"Rigid";"BAU";"%";2030;"0.2";"Sensitivity | Current Policies | Interest rate";"Electricity"
"OPEX";"Charging Infrastructure";"FR";"Share MCS-Charging";"Tractor-Trailer";"BAU";"%";2030;"0.2";"Sensitivity | Current Policies | Interest rate";"Electricity"
"OPEX";"Charging Infrastructure";"IT";"Share MCS-Charging";"Rigid";"BAU";"%";2030;"0.2";"Sensitivity | Current Policies | Interest rate";"Electricity"
"OPEX";"Charging Infrastructure";"IT";"Share MCS-Charging";"Tractor-Trailer";"BAU";"%";2030;"0.2";"Sensitivity | Current Policies | Interest rate";"Electricity"
"OPEX";"Charging Infrastructure";"NL";"Share MCS-Charging";"Rigid";"BAU";"%";2030;"0.2";"Sensitivity | Current Policies | Interest rate";"Electricity"
"OPEX";"Charging Infrastructure";"NL";"Share MCS-Charging";"Tractor-Trailer";"BAU";"%";2030;"0.2";"Sensitivity | Current Policies | Interest rate";"Electricity"
"OPEX";"Charging Infrastructure";"PL";"Share MCS-Charging";"Rigid";"BAU";"%";2030;"0.2";"Sensitivity | Current Policies | Interest rate";"Electricity"
"OPEX";"Charging Infrastructure";"PL";"Share MCS-Charging";"Tractor-Trailer";"BAU";"%";2030;"0.2";"Sensitivity | Current Policies | Interest rate";"Electricity"
"OPEX";"Charging Infrastructure";"UK";"Share MCS-Charging";"Rigid";"BAU";"%";2030;"0.2";"Sensitivity | Current Policies | Interest rate";"Electricity"
"OPEX";"Charging Infrastructure";"UK";"Share MCS-Charging";"Tractor-Trailer";"BAU";"%";2030;"0.2";"Sensitivity | Current Policies | Interest rate";"Electricity"
"OPEX";"Charging Infrastructure";"DE";"Depot - Network fees savings potential";"Rigid";"BAU";"EUR/kWh";2030;"0";"Sensitivity | Current Policies | Interest rate";"Electricity"
"OPEX";"Charging Infrastructure";"DE";"Depot - Network fees savings potential";"Tractor-Trailer";"BAU";"EUR/kWh";2030;"0";"Sensitivity | Current Policies | Interest rate";"Electricity"
"OPEX";"Charging Infrastructure";"ES";"Depot - Network fees savings potential";"Rigid";"BAU";"EUR/kWh";2030;"0";"Sensitivity | Current Policies | Interest rate";"Electricity"
"OPEX";"Charging Infrastructure";"ES";"Depot - Network fees savings potential";"Tractor-Trailer";"BAU";"EUR/kWh";2030;"0";"Sensitivity | Current Policies | Interest rate";"Electricity"
"OPEX";"Charging Infrastructure";"FR";"Depot - Network fees savings potential";"Rigid";"BAU";"EUR/kWh";2030;"0";"Sensitivity | Current Policies | Interest rate";"Electricity"
"OPEX";"Charging Infrastructure";"FR";"Depot - Network fees savings potential";"Tractor-Trailer";"BAU";"EUR/kWh";2030;"0";"Sensitivity | Current Policies | Interest rate";"Electricity"
"OPEX";"Charging Infrastructure";"IT";"Depot - Network fees savings potential";"Rigid";"BAU";"EUR/kWh";2030;"0";"Sensitivity | Current Policies | Interest rate";"Electricity"
"OPEX";"Charging Infrastructure";"IT";"Depot - Network fees savings potential";"Tractor-Trailer";"BAU";"EUR/kWh";2030;"0";"Sensitivity | Current Policies | Interest rate";"Electricity"
"OPEX";"Charging Infrastructure";"NL";"Depot - Network fees savings potential";"Rigid";"BAU";"EUR/kWh";2030;"0";"Sensitivity | Current Policies | Interest rate";"Electricity"
"OPEX";"Charging Infrastructure";"NL";"Depot - Network fees savings potential";"Tractor-Trailer";"BAU";"EUR/kWh";2030;"0";"Sensitivity | Current Policies | Interest rate";"Electricity"
"OPEX";"Charging Infrastructure";"PL";"Depot - Network fees savings potential";"Rigid";"BAU";"EUR/kWh";2030;"0";"Sensitivity | Current Policies | Interest rate";"Electricity"
"OPEX";"Charging Infrastructure";"PL";"Depot - Network fees savings potential";"Tractor-Trailer";"BAU";"EUR/kWh";2030;"0";"Sensitivity | Current Policies | Interest rate";"Electricity"
"OPEX";"Charging Infrastructure";"UK";"Depot - Network fees savings potential";"Rigid";"BAU";"EUR/kWh";2030;"0";"Sensitivity | Current Policies | Interest rate";"Electricity"
"OPEX";"Charging Infrastructure";"UK";"Depot - Network fees savings potential";"Tractor-Trailer";"BAU";"EUR/kWh";2030;"0";"Sensitivity | Current Policies | Interest rate";"Electricity"
"OPEX";"Taxes";"DE";"Tax reduction";"Rigid";"BAU";"%";2030;"-1";"Sensitivity | Current Policies | Interest rate";"Hydrogen"
"OPEX";"Taxes";"DE";"Tax reduction";"Tractor-Trailer";"BAU";"%";2030;"-1";"Sensitivity | Current Policies | Interest rate";"Hydrogen"
"OPEX";"Taxes";"ES";"Tax reduction";"Rigid";"BAU";"%";2030;"-1";"Sensitivity | Current Policies | Interest rate";"Hydrogen"
"OPEX";"Taxes";"ES";"Tax reduction";"Tractor-Trailer";"BAU";"%";2030;"-1";"Sensitivity | Current Policies | Interest rate";"Hydrogen"
"OPEX";"Taxes";"FR";"Tax reduction";"Rigid";"BAU";"%";2030;"-1";"Sensitivity | Current Policies | Interest rate";"Hydrogen"
"OPEX";"Taxes";"FR";"Tax reduction";"Tractor-Trailer";"BAU";"%";2030;"-1";"Sensitivity | Current Policies | Interest rate";"Hydrogen"
"OPEX";"Taxes";"IT";"Tax reduction";"Rigid";"BAU";"%";2030;"-1";"Sensitivity | Current Policies | Interest rate";"Hydrogen"
"OPEX";"Taxes";"IT";"Tax reduction";"Tractor-Trailer";"BAU";"%";2030;"-1";"Sensitivity | Current Policies | Interest rate";"Hydrogen"
"OPEX";"Taxes";"NL";"Tax reduction";"Rigid";"BAU";"%";2030;"-1";"Sensitivity | Current Policies | Interest rate";"Hydrogen"
"OPEX";"Taxes";"NL";"Tax reduction";"Tractor-Trailer";"BAU";"%";2030;"-1";"Sensitivity | Current Policies | Interest rate";"Hydrogen"
"OPEX";"Taxes";"PL";"Tax reduction";"Rigid";"BAU";"%";2030;"-1";"Sensitivity | Current Policies | Interest rate";"Hydrogen"
"OPEX";"Taxes";"PL";"Tax reduction";"Tractor-Trailer";"BAU";"%";2030;"-1";"Sensitivity | Current Policies | Interest rate";"Hydrogen"
"OPEX";"Taxes";"UK";"Tax reduction";"Rigid";"BAU";"%";2030;"-1";"Sensitivity | Current Policies | Interest rate";"Hydrogen"
"OPEX";"Taxes";"UK";"Tax reduction";"Tractor-Trailer";"BAU";"%";2030;"-1";"Sensitivity | Current Policies | Interest rate";"Hydrogen"
"OPEX";"Taxes";"DE";"Increasing grid fees";"Rigid";"BAU";"%";2030;"0.167";"Sensitivity | Current Policies | Interest rate";"Electricity"
"OPEX";"Taxes";"DE";"Increasing grid fees";"Tractor-Trailer";"BAU";"%";2030;"0.167";"Sensitivity | Current Policies | Interest rate";"Electricity"
"OPEX";"Taxes";"ES";"Increasing grid fees";"Rigid";"BAU";"%";2030;"0.167";"Sensitivity | Current Policies | Interest rate";"Electricity"
"OPEX";"Taxes";"ES";"Increasing grid fees";"Tractor-Trailer";"BAU";"%";2030;"0.167";"Sensitivity | Current Policies | Interest rate";"Electricity"
"OPEX";"Taxes";"FR";"Increasing grid fees";"Rigid";"BAU";"%";2030;"0.167";"Sensitivity | Current Policies | Interest rate";"Electricity"
"OPEX";"Taxes";"FR";"Increasing grid fees";"Tractor-Trailer";"BAU";"%";2030;"0.167";"Sensitivity | Current Policies | Interest rate";"Electricity"
"OPEX";"Taxes";"IT";"Increasing grid fees";"Rigid";"BAU";"%";2030;"0.167";"Sensitivity | Current Policies | Interest rate";"Electricity"
"OPEX";"Taxes";"IT";"Increasing grid fees";"Tractor-Trailer";"BAU";"%";2030;"0.167";"Sensitivity | Current Policies | Interest rate";"Electricity"
"OPEX";"Taxes";"NL";"Increasing grid fees";"Rigid";"BAU";"%";2030;"0.167";"Sensitivity | Current Policies | Interest rate";"Electricity"
"OPEX";"Taxes";"NL";"Increasing grid fees";"Tractor-Trailer";"BAU";"%";2030;"0.167";"Sensitivity | Current Policies | Interest rate";"Electricity"
"OPEX";"Taxes";"PL";"Increasing grid fees";"Rigid";"BAU";"%";2030;"0.167";"Sensitivity | Current Policies | Interest rate";"Electricity"
"OPEX";"Taxes";"PL";"Increasing grid fees";"Tractor-Trailer";"BAU";"%";2030;"0.167";"Sensitivity | Current Policies | Interest rate";"Electricity"
"OPEX";"Taxes";"UK";"Increasing grid fees";"Rigid";"BAU";"%";2030;"0.167";"Sensitivity | Current Policies | Interest rate";"Electricity"
"OPEX";"Taxes";"UK";"Increasing grid fees";"Tractor-Trailer";"BAU";"%";2030;"0.167";"Sensitivity | Current Policies | Interest rate";"Electricity"
"OPEX";"Taxes";"DE";"Excise Duty - Diesel";"Rigid";"BAU";"EUR/kWh";2035;"0.047";"Sensitivity | Current Policies | Interest rate";"Diesel"
"OPEX";"Taxes";"DE";"Excise Duty - Diesel";"Tractor-Trailer";"BAU";"EUR/kWh";2035;"0.047";"Sensitivity | Current Policies | Interest rate";"Diesel"
"OPEX";"Taxes";"ES";"Excise Duty - Diesel";"Rigid";"BAU";"EUR/kWh";2035;"0.038";"Sensitivity | Current Policies | Interest rate";"Diesel"
"OPEX";"Taxes";"ES";"Excise Duty - Diesel";"Tractor-Trailer";"BAU";"EUR/kWh";2035;"0.038";"Sensitivity | Current Policies | Interest rate";"Diesel"
"OPEX";"Taxes";"FR";"Excise Duty - Diesel";"Rigid";"BAU";"EUR/kWh";2035;"0.06";"Sensitivity | Current Policies | Interest rate";"Diesel"
"OPEX";"Taxes";"FR";"Excise Duty - Diesel";"Tractor-Trailer";"BAU";"EUR/kWh";2035;"0.06";"Sensitivity | Current Policies | Interest rate";"Diesel"
"OPEX";"Taxes";"IT";"Excise Duty - Diesel";"Rigid";"BAU";"EUR/kWh";2035;"0.062";"Sensitivity | Current Policies | Interest rate";"Diesel"
"OPEX";"Taxes";"IT";"Excise Duty - Diesel";"Tractor-Trailer";"BAU";"EUR/kWh";2035;"0.062";"Sensitivity | Current Policies | Interest rate";"Diesel"
"OPEX";"Taxes";"NL";"Excise Duty - Diesel";"Rigid";"BAU";"EUR/kWh";2035;"0.053";"Sensitivity | Current Policies | Interest rate";"Diesel"
"OPEX";"Taxes";"NL";"Excise Duty - Diesel";"Tractor-Trailer";"BAU";"EUR/kWh";2035;"0.053";"Sensitivity | Current Policies | Interest rate";"Diesel"
"OPEX";"Taxes";"PL";"Excise Duty - Diesel";"Rigid";"BAU";"EUR/kWh";2035;"0.033";"Sensitivity | Current Policies | Interest rate";"Diesel"
"OPEX";"Taxes";"PL";"Excise Duty - Diesel";"Tractor-Trailer";"BAU";"EUR/kWh";2035;"0.033";"Sensitivity | Current Policies | Interest rate";"Diesel"
"OPEX";"Taxes";"UK";"Excise Duty - Diesel";"Rigid";"BAU";"EUR/kWh";2035;"0.053";"Sensitivity | Current Policies | Interest rate";"Diesel"
"OPEX";"Taxes";"UK";"Excise Duty - Diesel";"Tractor-Trailer";"BAU";"EUR/kWh";2035;"0.053";"Sensitivity | Current Policies | Interest rate";"Diesel"
"OPEX";"Taxes";"DE";"Excise Duty - Reduction biodiesel";"Rigid";"BAU";"%";2035;"0.5";"Sensitivity | Current Policies | Interest rate";"Diesel"
"OPEX";"Taxes";"DE";"Excise Duty - Reduction biodiesel";"Tractor-Trailer";"BAU";"%";2035;"0.5";"Sensitivity | Current Policies | Interest rate";"Diesel"
"OPEX";"Taxes";"ES";"Excise Duty - Reduction biodiesel";"Rigid";"BAU";"%";2035;"0.5";"Sensitivity | Current Policies | Interest rate";"Diesel"
"OPEX";"Taxes";"ES";"Excise Duty - Reduction biodiesel";"Tractor-Trailer";"BAU";"%";2035;"0.5";"Sensitivity | Current Policies | Interest rate";"Diesel"
"OPEX";"Taxes";"FR";"Excise Duty - Reduction biodiesel";"Rigid";"BAU";"%";2035;"0.5";"Sensitivity | Current Policies | Interest rate";"Diesel"
"OPEX";"Taxes";"FR";"Excise Duty - Reduction biodiesel";"Tractor-Trailer";"BAU";"%";2035;"0.5";"Sensitivity | Current Policies | Interest rate";"Diesel"
"OPEX";"Taxes";"IT";"Excise Duty - Reduction biodiesel";"Rigid";"BAU";"%";2035;"0.5";"Sensitivity | Current Policies | Interest rate";"Diesel"
"OPEX";"Taxes";"IT";"Excise Duty - Reduction biodiesel";"Tractor-Trailer";"BAU";"%";2035;"0.5";"Sensitivity | Current Policies | Interest rate";"Diesel"
"OPEX";"Taxes";"NL";"Excise Duty - Reduction biodiesel";"Rigid";"BAU";"%";2035;"0.5";"Sensitivity | Current Policies | Interest rate";"Diesel"
"OPEX";"Taxes";"NL";"Excise Duty - Reduction biodiesel";"Tractor-Trailer";"BAU";"%";2035;"0.5";"Sensitivity | Current Policies | Interest rate";"Diesel"
"OPEX";"Taxes";"PL";"Excise Duty - Reduction biodiesel";"Rigid";"BAU";"%";2035;"0.5";"Sensitivity | Current Policies | Interest rate";"Diesel"
"OPEX";"Taxes";"PL";"Excise Duty - Reduction biodiesel";"Tractor-Trailer";"BAU";"%";2035;"0.5";"Sensitivity | Current Policies | Interest rate";"Diesel"
"OPEX";"Taxes";"UK";"Excise Duty - Reduction biodiesel";"Rigid";"BAU";"%";2035;"0.5";"Sensitivity | Current Policies | Interest rate";"Diesel"
"OPEX";"Taxes";"UK";"Excise Duty - Reduction biodiesel";"Tractor-Trailer";"BAU";"%";2035;"0.5";"Sensitivity | Current Policies | Interest rate";"Diesel"
"OPEX";"Taxes";"DE";"Excise Duty - Reduction Synthetic Diesel (E-Fuels)";"Rigid";"BAU";"%";2035;"0.5";"Sensitivity | Current Policies | Interest rate";"Diesel"
"OPEX";"Taxes";"DE";"Excise Duty - Reduction Synthetic Diesel (E-Fuels)";"Tractor-Trailer";"BAU";"%";2035;"0.5";"Sensitivity | Current Policies | Interest rate";"Diesel"
"OPEX";"Taxes";"ES";"Excise Duty - Reduction Synthetic Diesel (E-Fuels)";"Rigid";"BAU";"%";2035;"0.5";"Sensitivity | Current Policies | Interest rate";"Diesel"
"OPEX";"Taxes";"ES";"Excise Duty - Reduction Synthetic Diesel (E-Fuels)";"Tractor-Trailer";"BAU";"%";2035;"0.5";"Sensitivity | Current Policies | Interest rate";"Diesel"
"OPEX";"Taxes";"FR";"Excise Duty - Reduction Synthetic Diesel (E-Fuels)";"Rigid";"BAU";"%";2035;"0.5";"Sensitivity | Current Policies | Interest rate";"Diesel"
"OPEX";"Taxes";"FR";"Excise Duty - Reduction Synthetic Diesel (E-Fuels)";"Tractor-Trailer";"BAU";"%";2035;"0.5";"Sensitivity | Current Policies | Interest rate";"Diesel"
"OPEX";"Taxes";"IT";"Excise Duty - Reduction Synthetic Diesel (E-Fuels)";"Rigid";"BAU";"%";2035;"0.5";"Sensitivity | Current Policies | Interest rate";"Diesel"
"OPEX";"Taxes";"IT";"Excise Duty - Reduction Synthetic Diesel (E-Fuels)";"Tractor-Trailer";"BAU";"%";2035;"0.5";"Sensitivity | Current Policies | Interest rate";"Diesel"
"OPEX";"Taxes";"NL";"Excise Duty - Reduction Synthetic Diesel (E-Fuels)";"Rigid";"BAU";"%";2035;"0.5";"Sensitivity | Current Policies | Interest rate";"Diesel"
"OPEX";"Taxes";"NL";"Excise Duty - Reduction Synthetic Diesel (E-Fuels)";"Tractor-Trailer";"BAU";"%";2035;"0.5";"Sensitivity | Current Policies | Interest rate";"Diesel"
"OPEX";"Taxes";"PL";"Excise Duty - Reduction Synthetic Diesel (E-Fuels)";"Rigid";"BAU";"%";2035;"0.5";"Sensitivity | Current Policies | Interest rate";"Diesel"
"OPEX";"Taxes";"PL";"Excise Duty - Reduction Synthetic Diesel (E-Fuels)";"Tractor-Trailer";"BAU";"%";2035;"0.5";"Sensitivity | Current Policies | Interest rate";"Diesel"
"OPEX";"Taxes";"UK";"Excise Duty - Reduction Synthetic Diesel (E-Fuels)";"Rigid";"BAU";"%";2035;"0.5";"Sensitivity | Current Policies | Interest rate";"Diesel"
"OPEX";"Taxes";"UK";"Excise Duty - Reduction Synthetic Diesel (E-Fuels)";"Tractor-Trailer";"BAU";"%";2035;"0.5";"Sensitivity | Current Policies | Interest rate";"Diesel"
"OPEX";"Taxes";"DE";"Taxes, Fees, Levies and charges - H2";"Rigid";"BAU";"EUR/kWh";2035;"0.015";"Sensitivity | Current Policies | Interest rate";"Hydrogen"
"OPEX";"Taxes";"DE";"Taxes, Fees, Levies and charges - H2";"Tractor-Trailer";"BAU";"EUR/kWh";2035;"0.015";"Sensitivity | Current Policies | Interest rate";"Hydrogen"
"OPEX";"Taxes";"ES";"Taxes, Fees, Levies and charges - H2";"Rigid";"BAU";"EUR/kWh";2035;"0.008";"Sensitivity | Current Policies | Interest rate";"Hydrogen"
"OPEX";"Taxes";"ES";"Taxes, Fees, Levies and charges - H2";"Tractor-Trailer";"BAU";"EUR/kWh";2035;"0.008";"Sensitivity | Current Policies | Interest rate";"Hydrogen"
"OPEX";"Taxes";"FR";"Taxes, Fees, Levies and charges - H2";"Rigid";"BAU";"EUR/kWh";2035;"0.012";"Sensitivity | Current Policies | Interest rate";"Hydrogen"
"OPEX";"Taxes";"FR";"Taxes, Fees, Levies and charges - H2";"Tractor-Trailer";"BAU";"EUR/kWh";2035;"0.012";"Sensitivity | Current Policies | Interest rate";"Hydrogen"
"OPEX";"Taxes";"IT";"Taxes, Fees, Levies and charges - H2";"Rigid";"BAU";"EUR/kWh";2035;"0.009";"Sensitivity | Current Policies | Interest rate";"Hydrogen"
"OPEX";"Taxes";"IT";"Taxes, Fees, Levies and charges - H2";"Tractor-Trailer";"BAU";"EUR/kWh";2035;"0.009";"Sensitivity | Current Policies | Interest rate";"Hydrogen"
"OPEX";"Taxes";"NL";"Taxes, Fees, Levies and charges - H2";"Rigid";"BAU";"EUR/kWh";2035;"0.024";"Sensitivity | Current Policies | Interest rate";"Hydrogen"
"OPEX";"Taxes";"NL";"Taxes, Fees, Levies and charges - H2";"Tractor-Trailer";"BAU";"EUR/kWh";2035;"0.024";"Sensitivity | Current Policies | Interest rate";"Hydrogen"
"OPEX";"Taxes";"PL";"Taxes, Fees, Levies and charges - H2";"Rigid";"BAU";"EUR/kWh";2035;"0.009";"Sensitivity | Current Policies | Interest rate";"Hydrogen"
"OPEX";"Taxes";"PL";"Taxes, Fees, Levies and charges - H2";"Tractor-Trailer";"BAU";"EUR/kWh";2035;"0.009";"Sensitivity | Current Policies | Interest rate";"Hydrogen"
"OPEX";"Taxes";"UK";"Taxes, Fees, Levies and charges - H2";"Rigid";"BAU";"EUR/kWh";2035;"0.006";"Sensitivity | Current Policies | Interest rate";"Hydrogen"
"OPEX";"Taxes";"UK";"Taxes, Fees, Levies and charges - H2";"Tractor-Trailer";"BAU";"EUR/kWh";2035;"0.006";"Sensitivity | Current Policies | Interest rate";"Hydrogen"
"OPEX";"Charging Infrastructure";"DE";"MCS grid extension";"Rigid";"BAU";"EUR/kWh";2035;"0.065";"Sensitivity | Current Policies | Interest rate";"Electricity"
"OPEX";"Charging Infrastructure";"DE";"MCS grid extension";"Tractor-Trailer";"BAU";"EUR/kWh";2035;"0.065";"Sensitivity | Current Policies | Interest rate";"Electricity"
"OPEX";"Charging Infrastructure";"ES";"MCS grid extension";"Rigid";"BAU";"EUR/kWh";2035;"0.065";"Sensitivity | Current Policies | Interest rate";"Electricity"
"OPEX";"Charging Infrastructure";"ES";"MCS grid extension";"Tractor-Trailer";"BAU";"EUR/kWh";2035;"0.065";"Sensitivity | Current Policies | Interest rate";"Electricity"
"OPEX";"Charging Infrastructure";"FR";"MCS grid extension";"Rigid";"BAU";"EUR/kWh";2035;"0.065";"Sensitivity | Current Policies | Interest rate";"Electricity"
"OPEX";"Charging Infrastructure";"FR";"MCS grid extension";"Tractor-Trailer";"BAU";"EUR/kWh";2035;"0.065";"Sensitivity | Current Policies | Interest rate";"Electricity"
"OPEX";"Charging Infrastructure";"IT";"MCS grid extension";"Rigid";"BAU";"EUR/kWh";2035;"0.065";"Sensitivity | Current Policies | Interest rate";"Electricity"
"OPEX";"Charging Infrastructure";"IT";"MCS grid extension";"Tractor-Trailer";"BAU";"EUR/kWh";2035;"0.065";"Sensitivity | Current Policies | Interest rate";"Electricity"
"OPEX";"Charging Infrastructure";"NL";"MCS grid extension";"Rigid";"BAU";"EUR/kWh";2035;"0.065";"Sensitivity | Current Policies | Interest rate";"Electricity"
"OPEX";"Charging Infrastructure";"NL";"MCS grid extension";"Tractor-Trailer";"BAU";"EUR/kWh";2035;"0.065";"Sensitivity | Current Policies | Interest rate";"Electricity"
"OPEX";"Charging Infrastructure";"PL";"MCS grid extension";"Rigid";"BAU";"EUR/kWh";2035;"0.065";"Sensitivity | Current Policies | Interest rate";"Electricity"
"OPEX";"Charging Infrastructure";"PL";"MCS grid extension";"Tractor-Trailer";"BAU";"EUR/kWh";2035;"0.065";"Sensitivity | Current Policies | Interest rate";"Electricity"
"OPEX";"Charging Infrastructure";"UK";"MCS grid extension";"Rigid";"BAU";"EUR/kWh";2035;"0.065";"Sensitivity | Current Policies | Interest rate";"Electricity"
"OPEX";"Charging Infrastructure";"UK";"MCS grid extension";"Tractor-Trailer";"BAU";"EUR/kWh";2035;"0.065";"Sensitivity | Current Policies | Interest rate";"Electricity"
"OPEX";"Charging Infrastructure";"DE";"MCS Profit and Mark-Up";"Rigid";"BAU";"%";2035;"0.1";"Sensitivity | Current Policies | Interest rate";"Electricity"
"OPEX";"Charging Infrastructure";"DE";"MCS Profit and Mark-Up";"Tractor-Trailer";"BAU";"%";2035;"0.1";"Sensitivity | Current Policies | Interest rate";"Electricity"
"OPEX";"Charging Infrastructure";"ES";"MCS Profit and Mark-Up";"Rigid";"BAU";"%";2035;"0.1";"Sensitivity | Current Policies | Interest rate";"Electricity"
"OPEX";"Charging Infrastructure";"ES";"MCS Profit and Mark-Up";"Tractor-Trailer";"BAU";"%";2035;"0.1";"Sensitivity | Current Policies | Interest rate";"Electricity"
"OPEX";"Charging Infrastructure";"FR";"MCS Profit and Mark-Up";"Rigid";"BAU";"%";2035;"0.1";"Sensitivity | Current Policies | Interest rate";"Electricity"
"OPEX";"Charging Infrastructure";"FR";"MCS Profit and Mark-Up";"Tractor-Trailer";"BAU";"%";2035;"0.1";"Sensitivity | Current Policies | Interest rate";"Electricity"
"OPEX";"Charging Infrastructure";"IT";"MCS Profit and Mark-Up";"Rigid";"BAU";"%";2035;"0.1";"Sensitivity | Current Policies | Interest rate";"Electricity"
"OPEX";"Charging Infrastructure";"IT";"MCS Profit and Mark-Up";"Tractor-Trailer";"BAU";"%";2035;"0.1";"Sensitivity | Current Policies | Interest rate";"Electricity"
"OPEX";"Charging Infrastructure";"NL";"MCS Profit and Mark-Up";"Rigid";"BAU";"%";2035;"0.1";"Sensitivity | Current Policies | Interest rate";"Electricity"
"OPEX";"Charging Infrastructure";"NL";"MCS Profit and Mark-Up";"Tractor-Trailer";"BAU";"%";2035;"0.1";"Sensitivity | Current Policies | Interest rate";"Electricity"
"OPEX";"Charging Infrastructure";"PL";"MCS Profit and Mark-Up";"Rigid";"BAU";"%";2035;"0.1";"Sensitivity | Current Policies | Interest rate";"Electricity"
"OPEX";"Charging Infrastructure";"PL";"MCS Profit and Mark-Up";"Tractor-Trailer";"BAU";"%";2035;"0.1";"Sensitivity | Current Policies | Interest rate";"Electricity"
"OPEX";"Charging Infrastructure";"UK";"MCS Profit and Mark-Up";"Rigid";"BAU";"%";2035;"0.1";"Sensitivity | Current Policies | Interest rate";"Electricity"
"OPEX";"Charging Infrastructure";"UK";"MCS Profit and Mark-Up";"Tractor-Trailer";"BAU";"%";2035;"0.1";"Sensitivity | Current Policies | Interest rate";"Electricity"
"OPEX";"Charging Infrastructure";"DE";"CCS Station (Depot) - Incl. Overhead";"Rigid";"BAU";"EUR/kWh";2035;"0.027";"Sensitivity | Current Policies | Interest rate";"Electricity"
"OPEX";"Charging Infrastructure";"DE";"CCS Station (Depot) - Incl. Overhead";"Tractor-Trailer";"BAU";"EUR/kWh";2035;"0.027";"Sensitivity | Current Policies | Interest rate";"Electricity"
"OPEX";"Charging Infrastructure";"ES";"CCS Station (Depot) - Incl. Overhead";"Rigid";"BAU";"EUR/kWh";2035;"0.027";"Sensitivity | Current Policies | Interest rate";"Electricity"
"OPEX";"Charging Infrastructure";"ES";"CCS Station (Depot) - Incl. Overhead";"Tractor-Trailer";"BAU";"EUR/kWh";2035;"0.027";"Sensitivity | Current Policies | Interest rate";"Electricity"
"OPEX";"Charging Infrastructure";"FR";"CCS Station (Depot) - Incl. Overhead";"Rigid";"BAU";"EUR/kWh";2035;"0.027";"Sensitivity | Current Policies | Interest rate";"Electricity"
"OPEX";"Charging Infrastructure";"FR";"CCS Station (Depot) - Incl. Overhead";"Tractor-Trailer";"BAU";"EUR/kWh";2035;"0.027";"Sensitivity | Current Policies | Interest rate";"Electricity"
"OPEX";"Charging Infrastructure";"IT";"CCS Station (Depot) - Incl. Overhead";"Rigid";"BAU";"EUR/kWh";2035;"0.027";"Sensitivity | Current Policies | Interest rate";"Electricity"
"OPEX";"Charging Infrastructure";"IT";"CCS Station (Depot) - Incl. Overhead";"Tractor-Trailer";"BAU";"EUR/kWh";2035;"0.027";"Sensitivity | Current Policies | Interest rate";"Electricity"
"OPEX";"Charging Infrastructure";"NL";"CCS Station (Depot) - Incl. Overhead";"Rigid";"BAU";"EUR/kWh";2035;"0.027";"Sensitivity | Current Policies | Interest rate";"Electricity"
"OPEX";"Charging Infrastructure";"NL";"CCS Station (Depot) - Incl. Overhead";"Tractor-Trailer";"BAU";"EUR/kWh";2035;"0.027";"Sensitivity | Current Policies | Interest rate";"Electricity"
"OPEX";"Charging Infrastructure";"PL";"CCS Station (Depot) - Incl. Overhead";"Rigid";"BAU";"EUR/kWh";2035;"0.027";"Sensitivity | Current Policies | Interest rate";"Electricity"
"OPEX";"Charging Infrastructure";"PL";"CCS Station (Depot) - Incl. Overhead";"Tractor-Trailer";"BAU";"EUR/kWh";2035;"0.027";"Sensitivity | Current Policies | Interest rate";"Electricity"
"OPEX";"Charging Infrastructure";"UK";"CCS Station (Depot) - Incl. Overhead";"Rigid";"BAU";"EUR/kWh";2035;"0.027";"Sensitivity | Current Policies | Interest rate";"Electricity"
"OPEX";"Charging Infrastructure";"UK";"CCS Station (Depot) - Incl. Overhead";"Tractor-Trailer";"BAU";"EUR/kWh";2035;"0.027";"Sensitivity | Current Policies | Interest rate";"Electricity"
"OPEX";"Charging Infrastructure";"DE";"CCS grid extension";"Rigid";"BAU";"EUR/kWh";2035;"0.045";"Sensitivity | Current Policies | Interest rate";"Electricity"
"OPEX";"Charging Infrastructure";"DE";"CCS grid extension";"Tractor-Trailer";"BAU";"EUR/kWh";2035;"0.045";"Sensitivity | Current Policies | Interest rate";"Electricity"
"OPEX";"Charging Infrastructure";"ES";"CCS grid extension";"Rigid";"BAU";"EUR/kWh";2035;"0.045";"Sensitivity | Current Policies | Interest rate";"Electricity"
"OPEX";"Charging Infrastructure";"ES";"CCS grid extension";"Tractor-Trailer";"BAU";"EUR/kWh";2035;"0.045";"Sensitivity | Current Policies | Interest rate";"Electricity"
"OPEX";"Charging Infrastructure";"FR";"CCS grid extension";"Rigid";"BAU";"EUR/kWh";2035;"0.045";"Sensitivity | Current Policies | Interest rate";"Electricity"
"OPEX";"Charging Infrastructure";"FR";"CCS grid extension";"Tractor-Trailer";"BAU";"EUR/kWh";2035;"0.045";"Sensitivity | Current Policies | Interest rate";"Electricity"
"OPEX";"Charging Infrastructure";"IT";"CCS grid extension";"Rigid";"BAU";"EUR/kWh";2035;"0.045";"Sensitivity | Current Policies | Interest rate";"Electricity"
"OPEX";"Charging Infrastructure";"IT";"CCS grid extension";"Tractor-Trailer";"BAU";"EUR/kWh";2035;"0.045";"Sensitivity | Current Policies | Interest rate";"Electricity"
"OPEX";"Charging Infrastructure";"NL";"CCS grid extension";"Rigid";"BAU";"EUR/kWh";2035;"0.045";"Sensitivity | Current Policies | Interest rate";"Electricity"
"OPEX";"Charging Infrastructure";"NL";"CCS grid extension";"Tractor-Trailer";"BAU";"EUR/kWh";2035;"0.045";"Sensitivity | Current Policies | Interest rate";"Electricity"
"OPEX";"Charging Infrastructure";"PL";"CCS grid extension";"Rigid";"BAU";"EUR/kWh";2035;"0.045";"Sensitivity | Current Policies | Interest rate";"Electricity"
"OPEX";"Charging Infrastructure";"PL";"CCS grid extension";"Tractor-Trailer";"BAU";"EUR/kWh";2035;"0.045";"Sensitivity | Current Policies | Interest rate";"Electricity"
"OPEX";"Charging Infrastructure";"UK";"CCS grid extension";"Rigid";"BAU";"EUR/kWh";2035;"0.045";"Sensitivity | Current Policies | Interest rate";"Electricity"
"OPEX";"Charging Infrastructure";"UK";"CCS grid extension";"Tractor-Trailer";"BAU";"EUR/kWh";2035;"0.045";"Sensitivity | Current Policies | Interest rate";"Electricity"
"OPEX";"Diesel Infrastructure";"DE";"Total Diesel Mark-Up";"Rigid";"BAU";"EUR/kWh";2035;"0.018";"Sensitivity | Current Policies | Interest rate";"Diesel"
"OPEX";"Diesel Infrastructure";"DE";"Total Diesel Mark-Up";"Tractor-Trailer";"BAU";"EUR/kWh";2035;"0.018";"Sensitivity | Current Policies | Interest rate";"Diesel"
"OPEX";"Diesel Infrastructure";"ES";"Total Diesel Mark-Up";"Rigid";"BAU";"EUR/kWh";2035;"0.018";"Sensitivity | Current Policies | Interest rate";"Diesel"
"OPEX";"Diesel Infrastructure";"ES";"Total Diesel Mark-Up";"Tractor-Trailer";"BAU";"EUR/kWh";2035;"0.018";"Sensitivity | Current Policies | Interest rate";"Diesel"
"OPEX";"Diesel Infrastructure";"FR";"Total Diesel Mark-Up";"Rigid";"BAU";"EUR/kWh";2035;"0.018";"Sensitivity | Current Policies | Interest rate";"Diesel"
"OPEX";"Diesel Infrastructure";"FR";"Total Diesel Mark-Up";"Tractor-Trailer";"BAU";"EUR/kWh";2035;"0.018";"Sensitivity | Current Policies | Interest rate";"Diesel"
"OPEX";"Diesel Infrastructure";"IT";"Total Diesel Mark-Up";"Rigid";"BAU";"EUR/kWh";2035;"0.018";"Sensitivity | Current Policies | Interest rate";"Diesel"
"OPEX";"Diesel Infrastructure";"IT";"Total Diesel Mark-Up";"Tractor-Trailer";"BAU";"EUR/kWh";2035;"0.018";"Sensitivity | Current Policies | Interest rate";"Diesel"
"OPEX";"Diesel Infrastructure";"NL";"Total Diesel Mark-Up";"Rigid";"BAU";"EUR/kWh";2035;"0.018";"Sensitivity | Current Policies | Interest rate";"Diesel"
"OPEX";"Diesel Infrastructure";"NL";"Total Diesel Mark-Up";"Tractor-Trailer";"BAU";"EUR/kWh";2035;"0.018";"Sensitivity | Current Policies | Interest rate";"Diesel"
"OPEX";"Diesel Infrastructure";"PL";"Total Diesel Mark-Up";"Rigid";"BAU";"EUR/kWh";2035;"0.018";"Sensitivity | Current Policies | Interest rate";"Diesel"
"OPEX";"Diesel Infrastructure";"PL";"Total Diesel Mark-Up";"Tractor-Trailer";"BAU";"EUR/kWh";2035;"0.018";"Sensitivity | Current Policies | Interest rate";"Diesel"
"OPEX";"Diesel Infrastructure";"UK";"Total Diesel Mark-Up";"Rigid";"BAU";"EUR/kWh";2035;"0.018";"Sensitivity | Current Policies | Interest rate";"Diesel"
"OPEX";"Diesel Infrastructure";"UK";"Total Diesel Mark-Up";"Tractor-Trailer";"BAU";"EUR/kWh";2035;"0.018";"Sensitivity | Current Policies | Interest rate";"Diesel"
"OPEX";"Diesel Infrastructure";"DE";"CO2 emission factor Biodiesel";"Rigid";"BAU";"%";2035;"0.161";"Sensitivity | Current Policies | Interest rate";"Diesel"
"OPEX";"Diesel Infrastructure";"DE";"CO2 emission factor Biodiesel";"Tractor-Trailer";"BAU";"%";2035;"0.161";"Sensitivity | Current Policies | Interest rate";"Diesel"
"OPEX";"Diesel Infrastructure";"ES";"CO2 emission factor Biodiesel";"Rigid";"BAU";"%";2035;"0.161";"Sensitivity | Current Policies | Interest rate";"Diesel"
"OPEX";"Diesel Infrastructure";"ES";"CO2 emission factor Biodiesel";"Tractor-Trailer";"BAU";"%";2035;"0.161";"Sensitivity | Current Policies | Interest rate";"Diesel"
"OPEX";"Diesel Infrastructure";"FR";"CO2 emission factor Biodiesel";"Rigid";"BAU";"%";2035;"0.161";"Sensitivity | Current Policies | Interest rate";"Diesel"
"OPEX";"Diesel Infrastructure";"FR";"CO2 emission factor Biodiesel";"Tractor-Trailer";"BAU";"%";2035;"0.161";"Sensitivity | Current Policies | Interest rate";"Diesel"
"OPEX";"Diesel Infrastructure";"IT";"CO2 emission factor Biodiesel";"Rigid";"BAU";"%";2035;"0.161";"Sensitivity | Current Policies | Interest rate";"Diesel"
"OPEX";"Diesel Infrastructure";"IT";"CO2 emission factor Biodiesel";"Tractor-Trailer";"BAU";"%";2035;"0.161";"Sensitivity | Current Policies | Interest rate";"Diesel"
"OPEX";"Diesel Infrastructure";"NL";"CO2 emission factor Biodiesel";"Rigid";"BAU";"%";2035;"0.161";"Sensitivity | Current Policies | Interest rate";"Diesel"
"OPEX";"Diesel Infrastructure";"NL";"CO2 emission factor Biodiesel";"Tractor-Trailer";"BAU";"%";2035;"0.161";"Sensitivity | Current Policies | Interest rate";"Diesel"
"OPEX";"Diesel Infrastructure";"PL";"CO2 emission factor Biodiesel";"Rigid";"BAU";"%";2035;"0.161";"Sensitivity | Current Policies | Interest rate";"Diesel"
"OPEX";"Diesel Infrastructure";"PL";"CO2 emission factor Biodiesel";"Tractor-Trailer";"BAU";"%";2035;"0.161";"Sensitivity | Current Policies | Interest rate";"Diesel"
"OPEX";"Diesel Infrastructure";"UK";"CO2 emission factor Biodiesel";"Rigid";"BAU";"%";2035;"0.161";"Sensitivity | Current Policies | Interest rate";"Diesel"
"OPEX";"Diesel Infrastructure";"UK";"CO2 emission factor Biodiesel";"Tractor-Trailer";"BAU";"%";2035;"0.161";"Sensitivity | Current Policies | Interest rate";"Diesel"
"OPEX";"Diesel Infrastructure";"DE";"CO2 emission factor Pt-Diesel";"Rigid";"BAU";"%";2035;"0";"Sensitivity | Current Policies | Interest rate";"Diesel"
"OPEX";"Diesel Infrastructure";"DE";"CO2 emission factor Pt-Diesel";"Tractor-Trailer";"BAU";"%";2035;"0";"Sensitivity | Current Policies | Interest rate";"Diesel"
"OPEX";"Diesel Infrastructure";"ES";"CO2 emission factor Pt-Diesel";"Rigid";"BAU";"%";2035;"0";"Sensitivity | Current Policies | Interest rate";"Diesel"
"OPEX";"Diesel Infrastructure";"ES";"CO2 emission factor Pt-Diesel";"Tractor-Trailer";"BAU";"%";2035;"0";"Sensitivity | Current Policies | Interest rate";"Diesel"
"OPEX";"Diesel Infrastructure";"FR";"CO2 emission factor Pt-Diesel";"Rigid";"BAU";"%";2035;"0";"Sensitivity | Current Policies | Interest rate";"Diesel"
"OPEX";"Diesel Infrastructure";"FR";"CO2 emission factor Pt-Diesel";"Tractor-Trailer";"BAU";"%";2035;"0";"Sensitivity | Current Policies | Interest rate";"Diesel"
"OPEX";"Diesel Infrastructure";"IT";"CO2 emission factor Pt-Diesel";"Rigid";"BAU";"%";2035;"0";"Sensitivity | Current Policies | Interest rate";"Diesel"
"OPEX";"Diesel Infrastructure";"IT";"CO2 emission factor Pt-Diesel";"Tractor-Trailer";"BAU";"%";2035;"0";"Sensitivity | Current Policies | Interest rate";"Diesel"
"OPEX";"Diesel Infrastructure";"NL";"CO2 emission factor Pt-Diesel";"Rigid";"BAU";"%";2035;"0";"Sensitivity | Current Policies | Interest rate";"Diesel"
"OPEX";"Diesel Infrastructure";"NL";"CO2 emission factor Pt-Diesel";"Tractor-Trailer";"BAU";"%";2035;"0";"Sensitivity | Current Policies | Interest rate";"Diesel"
"OPEX";"Diesel Infrastructure";"PL";"CO2 emission factor Pt-Diesel";"Rigid";"BAU";"%";2035;"0";"Sensitivity | Current Policies | Interest rate";"Diesel"
"OPEX";"Diesel Infrastructure";"PL";"CO2 emission factor Pt-Diesel";"Tractor-Trailer";"BAU";"%";2035;"0";"Sensitivity | Current Policies | Interest rate";"Diesel"
"OPEX";"Diesel Infrastructure";"UK";"CO2 emission factor Pt-Diesel";"Rigid";"BAU";"%";2035;"0";"Sensitivity | Current Policies | Interest rate";"Diesel"
"OPEX";"Diesel Infrastructure";"UK";"CO2 emission factor Pt-Diesel";"Tractor-Trailer";"BAU";"%";2035;"0";"Sensitivity | Current Policies | Interest rate";"Diesel"
"OPEX";"Taxes";"DE";"Network Costs - MCS";"Rigid";"BAU";"EUR/kWh";2035;"0.034";"Sensitivity | Current Policies | Interest rate";"Electricity"
"OPEX";"Taxes";"DE";"Network Costs - MCS";"Tractor-Trailer";"BAU";"EUR/kWh";2035;"0.034";"Sensitivity | Current Policies | Interest rate";"Electricity"
"OPEX";"Taxes";"ES";"Network Costs - MCS";"Rigid";"BAU";"EUR/kWh";2035;"0.018";"Sensitivity | Current Policies | Interest rate";"Electricity"
"OPEX";"Taxes";"ES";"Network Costs - MCS";"Tractor-Trailer";"BAU";"EUR/kWh";2035;"0.018";"Sensitivity | Current Policies | Interest rate";"Electricity"
"OPEX";"Taxes";"FR";"Network Costs - MCS";"Rigid";"BAU";"EUR/kWh";2035;"0.018";"Sensitivity | Current Policies | Interest rate";"Electricity"
"OPEX";"Taxes";"FR";"Network Costs - MCS";"Tractor-Trailer";"BAU";"EUR/kWh";2035;"0.018";"Sensitivity | Current Policies | Interest rate";"Electricity"
"OPEX";"Taxes";"IT";"Network Costs - MCS";"Rigid";"BAU";"EUR/kWh";2035;"0.016";"Sensitivity | Current Policies | Interest rate";"Electricity"
"OPEX";"Taxes";"IT";"Network Costs - MCS";"Tractor-Trailer";"BAU";"EUR/kWh";2035;"0.016";"Sensitivity | Current Policies | Interest rate";"Electricity"
"OPEX";"Taxes";"NL";"Network Costs - MCS";"Rigid";"BAU";"EUR/kWh";2035;"0.016";"Sensitivity | Current Policies | Interest rate";"Electricity"
"OPEX";"Taxes";"NL";"Network Costs - MCS";"Tractor-Trailer";"BAU";"EUR/kWh";2035;"0.016";"Sensitivity | Current Policies | Interest rate";"Electricity"
"OPEX";"Taxes";"PL";"Network Costs - MCS";"Rigid";"BAU";"EUR/kWh";2035;"0.019";"Sensitivity | Current Policies | Interest rate";"Electricity"
"OPEX";"Taxes";"PL";"Network Costs - MCS";"Tractor-Trailer";"BAU";"EUR/kWh";2035;"0.019";"Sensitivity | Current Policies | Interest rate";"Electricity"
"OPEX";"Taxes";"UK";"Network Costs - MCS";"Rigid";"BAU";"EUR/kWh";2035;"0.027";"Sensitivity | Current Policies | Interest rate";"Electricity"
"OPEX";"Taxes";"UK";"Network Costs - MCS";"Tractor-Trailer";"BAU";"EUR/kWh";2035;"0.027";"Sensitivity | Current Policies | Interest rate";"Electricity"
"OPEX";"Taxes";"DE";"Taxes, Fees, Levies and charges - MCS";"Rigid";"BAU";"EUR/kWh";2035;"0.056";"Sensitivity | Current Policies | Interest rate";"Electricity"
"OPEX";"Taxes";"DE";"Taxes, Fees, Levies and charges - MCS";"Tractor-Trailer";"BAU";"EUR/kWh";2035;"0.056";"Sensitivity | Current Policies | Interest rate";"Electricity"
"OPEX";"Taxes";"ES";"Taxes, Fees, Levies and charges - MCS";"Rigid";"BAU";"EUR/kWh";2035;"0.036";"Sensitivity | Current Policies | Interest rate";"Electricity"
"OPEX";"Taxes";"ES";"Taxes, Fees, Levies and charges - MCS";"Tractor-Trailer";"BAU";"EUR/kWh";2035;"0.036";"Sensitivity | Current Policies | Interest rate";"Electricity"
"OPEX";"Taxes";"FR";"Taxes, Fees, Levies and charges - MCS";"Rigid";"BAU";"EUR/kWh";2035;"0.03";"Sensitivity | Current Policies | Interest rate";"Electricity"
"OPEX";"Taxes";"FR";"Taxes, Fees, Levies and charges - MCS";"Tractor-Trailer";"BAU";"EUR/kWh";2035;"0.03";"Sensitivity | Current Policies | Interest rate";"Electricity"
"OPEX";"Taxes";"IT";"Taxes, Fees, Levies and charges - MCS";"Rigid";"BAU";"EUR/kWh";2035;"0.063";"Sensitivity | Current Policies | Interest rate";"Electricity"
"OPEX";"Taxes";"IT";"Taxes, Fees, Levies and charges - MCS";"Tractor-Trailer";"BAU";"EUR/kWh";2035;"0.063";"Sensitivity | Current Policies | Interest rate";"Electricity"
"OPEX";"Taxes";"NL";"Taxes, Fees, Levies and charges - MCS";"Rigid";"BAU";"EUR/kWh";2035;"0.055";"Sensitivity | Current Policies | Interest rate";"Electricity"
"OPEX";"Taxes";"NL";"Taxes, Fees, Levies and charges - MCS";"Tractor-Trailer";"BAU";"EUR/kWh";2035;"0.055";"Sensitivity | Current Policies | Interest rate";"Electricity"
"OPEX";"Taxes";"PL";"Taxes, Fees, Levies and charges - MCS";"Rigid";"BAU";"EUR/kWh";2035;"0.049";"Sensitivity | Current Policies | Interest rate";"Electricity"
"OPEX";"Taxes";"PL";"Taxes, Fees, Levies and charges - MCS";"Tractor-Trailer";"BAU";"EUR/kWh";2035;"0.049";"Sensitivity | Current Policies | Interest rate";"Electricity"
"OPEX";"Taxes";"UK";"Taxes, Fees, Levies and charges - MCS";"Rigid";"BAU";"EUR/kWh";2035;"0.077";"Sensitivity | Current Policies | Interest rate";"Electricity"
"OPEX";"Taxes";"UK";"Taxes, Fees, Levies and charges - MCS";"Tractor-Trailer";"BAU";"EUR/kWh";2035;"0.077";"Sensitivity | Current Policies | Interest rate";"Electricity"
"OPEX";"Taxes";"DE";"Network Costs - Depot";"Rigid";"BAU";"EUR/kWh";2035;"0.044";"Sensitivity | Current Policies | Interest rate";"Electricity"
"OPEX";"Taxes";"DE";"Network Costs - Depot";"Tractor-Trailer";"BAU";"EUR/kWh";2035;"0.044";"Sensitivity | Current Policies | Interest rate";"Electricity"
"OPEX";"Taxes";"ES";"Network Costs - Depot";"Rigid";"BAU";"EUR/kWh";2035;"0.031";"Sensitivity | Current Policies | Interest rate";"Electricity"
"OPEX";"Taxes";"ES";"Network Costs - Depot";"Tractor-Trailer";"BAU";"EUR/kWh";2035;"0.031";"Sensitivity | Current Policies | Interest rate";"Electricity"
"OPEX";"Taxes";"FR";"Network Costs - Depot";"Rigid";"BAU";"EUR/kWh";2035;"0.024";"Sensitivity | Current Policies | Interest rate";"Electricity"
"OPEX";"Taxes";"FR";"Network Costs - Depot";"Tractor-Trailer";"BAU";"EUR/kWh";2035;"0.024";"Sensitivity | Current Policies | Interest rate";"Electricity"
"OPEX";"Taxes";"IT";"Network Costs - Depot";"Rigid";"BAU";"EUR/kWh";2035;"0.018";"Sensitivity | Current Policies | Interest rate";"Electricity"
"OPEX";"Taxes";"IT";"Network Costs - Depot";"Tractor-Trailer";"BAU";"EUR/kWh";2035;"0.018";"Sensitivity | Current Policies | Interest rate";"Electricity"
"OPEX";"Taxes";"NL";"Network Costs - Depot";"Rigid";"BAU";"EUR/kWh";2035;"0.019";"Sensitivity | Current Policies | Interest rate";"Electricity"
"OPEX";"Taxes";"NL";"Network Costs - Depot";"Tractor-Trailer";"BAU";"EUR/kWh";2035;"0.019";"Sensitivity | Current Policies | Interest rate";"Electricity"
"OPEX";"Taxes";"PL";"Network Costs - Depot";"Rigid";"BAU";"EUR/kWh";2035;"0.026";"Sensitivity | Current Policies | Interest rate";"Electricity"
"OPEX";"Taxes";"PL";"Network Costs - Depot";"Tractor-Trailer";"BAU";"EUR/kWh";2035;"0.026";"Sensitivity | Current Policies | Interest rate";"Electricity"
"OPEX";"Taxes";"UK";"Network Costs - Depot";"Rigid";"BAU";"EUR/kWh";2035;"0.029";"Sensitivity | Current Policies | Interest rate";"Electricity"
"OPEX";"Taxes";"UK";"Network Costs - Depot";"Tractor-Trailer";"BAU";"EUR/kWh";2035;"0.029";"Sensitivity | Current Policies | Interest rate";"Electricity"
"OPEX";"Taxes";"DE";"Taxes, Fees, Levies and charges - Depot";"Rigid";"BAU";"EUR/kWh";2035;"0.062";"Sensitivity | Current Policies | Interest rate";"Electricity"
"OPEX";"Taxes";"DE";"Taxes, Fees, Levies and charges - Depot";"Tractor-Trailer";"BAU";"EUR/kWh";2035;"0.062";"Sensitivity | Current Policies | Interest rate";"Electricity"
"OPEX";"Taxes";"ES";"Taxes, Fees, Levies and charges - Depot";"Rigid";"BAU";"EUR/kWh";2035;"0.054";"Sensitivity | Current Policies | Interest rate";"Electricity"
"OPEX";"Taxes";"ES";"Taxes, Fees, Levies and charges - Depot";"Tractor-Trailer";"BAU";"EUR/kWh";2035;"0.054";"Sensitivity | Current Policies | Interest rate";"Electricity"
"OPEX";"Taxes";"FR";"Taxes, Fees, Levies and charges - Depot";"Rigid";"BAU";"EUR/kWh";2035;"0.04";"Sensitivity | Current Policies | Interest rate";"Electricity"
"OPEX";"Taxes";"FR";"Taxes, Fees, Levies and charges - Depot";"Tractor-Trailer";"BAU";"EUR/kWh";2035;"0.04";"Sensitivity | Current Policies | Interest rate";"Electricity"
"OPEX";"Taxes";"IT";"Taxes, Fees, Levies and charges - Depot";"Rigid";"BAU";"EUR/kWh";2035;"0.088";"Sensitivity | Current Policies | Interest rate";"Electricity"
"OPEX";"Taxes";"IT";"Taxes, Fees, Levies and charges - Depot";"Tractor-Trailer";"BAU";"EUR/kWh";2035;"0.088";"Sensitivity | Current Policies | Interest rate";"Electricity"
"OPEX";"Taxes";"NL";"Taxes, Fees, Levies and charges - Depot";"Rigid";"BAU";"EUR/kWh";2035;"0.058";"Sensitivity | Current Policies | Interest rate";"Electricity"
"OPEX";"Taxes";"NL";"Taxes, Fees, Levies and charges - Depot";"Tractor-Trailer";"BAU";"EUR/kWh";2035;"0.058";"Sensitivity | Current Policies | Interest rate";"Electricity"
"OPEX";"Taxes";"PL";"Taxes, Fees, Levies and charges - Depot";"Rigid";"BAU";"EUR/kWh";2035;"0.053";"Sensitivity | Current Policies | Interest rate";"Electricity"
"OPEX";"Taxes";"PL";"Taxes, Fees, Levies and charges - Depot";"Tractor-Trailer";"BAU";"EUR/kWh";2035;"0.053";"Sensitivity | Current Policies | Interest rate";"Electricity"
"OPEX";"Taxes";"UK";"Taxes, Fees, Levies and charges - Depot";"Rigid";"BAU";"EUR/kWh";2035;"0.084";"Sensitivity | Current Policies | Interest rate";"Electricity"
"OPEX";"Taxes";"UK";"Taxes, Fees, Levies and charges - Depot";"Tractor-Trailer";"BAU";"EUR/kWh";2035;"0.084";"Sensitivity | Current Policies | Interest rate";"Electricity"
"OPEX";"H2 Infrastructure";"DE";"HRS costs";"Rigid";"BAU";"EUR/kg H2";2035;"1.45";"Sensitivity | Current Policies | Interest rate";"Hydrogen"
"OPEX";"H2 Infrastructure";"DE";"HRS costs";"Tractor-Trailer";"BAU";"EUR/kg H2";2035;"1.45";"Sensitivity | Current Policies | Interest rate";"Hydrogen"
"OPEX";"H2 Infrastructure";"ES";"HRS costs";"Rigid";"BAU";"EUR/kg H2";2035;"1.45";"Sensitivity | Current Policies | Interest rate";"Hydrogen"
"OPEX";"H2 Infrastructure";"ES";"HRS costs";"Tractor-Trailer";"BAU";"EUR/kg H2";2035;"1.45";"Sensitivity | Current Policies | Interest rate";"Hydrogen"
"OPEX";"H2 Infrastructure";"FR";"HRS costs";"Rigid";"BAU";"EUR/kg H2";2035;"1.45";"Sensitivity | Current Policies | Interest rate";"Hydrogen"
"OPEX";"H2 Infrastructure";"FR";"HRS costs";"Tractor-Trailer";"BAU";"EUR/kg H2";2035;"1.45";"Sensitivity | Current Policies | Interest rate";"Hydrogen"
"OPEX";"H2 Infrastructure";"IT";"HRS costs";"Rigid";"BAU";"EUR/kg H2";2035;"1.45";"Sensitivity | Current Policies | Interest rate";"Hydrogen"
"OPEX";"H2 Infrastructure";"IT";"HRS costs";"Tractor-Trailer";"BAU";"EUR/kg H2";2035;"1.45";"Sensitivity | Current Policies | Interest rate";"Hydrogen"
"OPEX";"H2 Infrastructure";"NL";"HRS costs";"Rigid";"BAU";"EUR/kg H2";2035;"1.45";"Sensitivity | Current Policies | Interest rate";"Hydrogen"
"OPEX";"H2 Infrastructure";"NL";"HRS costs";"Tractor-Trailer";"BAU";"EUR/kg H2";2035;"1.45";"Sensitivity | Current Policies | Interest rate";"Hydrogen"
"OPEX";"H2 Infrastructure";"PL";"HRS costs";"Rigid";"BAU";"EUR/kg H2";2035;"1.45";"Sensitivity | Current Policies | Interest rate";"Hydrogen"
"OPEX";"H2 Infrastructure";"PL";"HRS costs";"Tractor-Trailer";"BAU";"EUR/kg H2";2035;"1.45";"Sensitivity | Current Policies | Interest rate";"Hydrogen"
"OPEX";"H2 Infrastructure";"UK";"HRS costs";"Rigid";"BAU";"EUR/kg H2";2035;"1.45";"Sensitivity | Current Policies | Interest rate";"Hydrogen"
"OPEX";"H2 Infrastructure";"UK";"HRS costs";"Tractor-Trailer";"BAU";"EUR/kg H2";2035;"1.45";"Sensitivity | Current Policies | Interest rate";"Hydrogen"
"OPEX";"H2 Infrastructure";"DE";"H2 transport and distribution";"Rigid";"BAU";"EUR/kg H2";2035;"1.333";"Sensitivity | Current Policies | Interest rate";"Hydrogen"
"OPEX";"H2 Infrastructure";"DE";"H2 transport and distribution";"Tractor-Trailer";"BAU";"EUR/kg H2";2035;"1.333";"Sensitivity | Current Policies | Interest rate";"Hydrogen"
"OPEX";"H2 Infrastructure";"ES";"H2 transport and distribution";"Rigid";"BAU";"EUR/kg H2";2035;"1.333";"Sensitivity | Current Policies | Interest rate";"Hydrogen"
"OPEX";"H2 Infrastructure";"ES";"H2 transport and distribution";"Tractor-Trailer";"BAU";"EUR/kg H2";2035;"1.333";"Sensitivity | Current Policies | Interest rate";"Hydrogen"
"OPEX";"H2 Infrastructure";"FR";"H2 transport and distribution";"Rigid";"BAU";"EUR/kg H2";2035;"1.333";"Sensitivity | Current Policies | Interest rate";"Hydrogen"
"OPEX";"H2 Infrastructure";"FR";"H2 transport and distribution";"Tractor-Trailer";"BAU";"EUR/kg H2";2035;"1.333";"Sensitivity | Current Policies | Interest rate";"Hydrogen"
"OPEX";"H2 Infrastructure";"IT";"H2 transport and distribution";"Rigid";"BAU";"EUR/kg H2";2035;"1.333";"Sensitivity | Current Policies | Interest rate";"Hydrogen"
"OPEX";"H2 Infrastructure";"IT";"H2 transport and distribution";"Tractor-Trailer";"BAU";"EUR/kg H2";2035;"1.333";"Sensitivity | Current Policies | Interest rate";"Hydrogen"
"OPEX";"H2 Infrastructure";"NL";"H2 transport and distribution";"Rigid";"BAU";"EUR/kg H2";2035;"1.333";"Sensitivity | Current Policies | Interest rate";"Hydrogen"
"OPEX";"H2 Infrastructure";"NL";"H2 transport and distribution";"Tractor-Trailer";"BAU";"EUR/kg H2";2035;"1.333";"Sensitivity | Current Policies | Interest rate";"Hydrogen"
"OPEX";"H2 Infrastructure";"PL";"H2 transport and distribution";"Rigid";"BAU";"EUR/kg H2";2035;"1.333";"Sensitivity | Current Policies | Interest rate";"Hydrogen"
"OPEX";"H2 Infrastructure";"PL";"H2 transport and distribution";"Tractor-Trailer";"BAU";"EUR/kg H2";2035;"1.333";"Sensitivity | Current Policies | Interest rate";"Hydrogen"
"OPEX";"H2 Infrastructure";"UK";"H2 transport and distribution";"Rigid";"BAU";"EUR/kg H2";2035;"1.333";"Sensitivity | Current Policies | Interest rate";"Hydrogen"
"OPEX";"H2 Infrastructure";"UK";"H2 transport and distribution";"Tractor-Trailer";"BAU";"EUR/kg H2";2035;"1.333";"Sensitivity | Current Policies | Interest rate";"Hydrogen"
"OPEX";"H2 Infrastructure";"DE";"HRS Overhead, Profit and Mark-Up";"Rigid";"BAU";"EUR/kg H2";2035;"0.25";"Sensitivity | Current Policies | Interest rate";"Hydrogen"
"OPEX";"H2 Infrastructure";"DE";"HRS Overhead, Profit and Mark-Up";"Tractor-Trailer";"BAU";"EUR/kg H2";2035;"0.25";"Sensitivity | Current Policies | Interest rate";"Hydrogen"
"OPEX";"H2 Infrastructure";"ES";"HRS Overhead, Profit and Mark-Up";"Rigid";"BAU";"EUR/kg H2";2035;"0.25";"Sensitivity | Current Policies | Interest rate";"Hydrogen"
"OPEX";"H2 Infrastructure";"ES";"HRS Overhead, Profit and Mark-Up";"Tractor-Trailer";"BAU";"EUR/kg H2";2035;"0.25";"Sensitivity | Current Policies | Interest rate";"Hydrogen"
"OPEX";"H2 Infrastructure";"FR";"HRS Overhead, Profit and Mark-Up";"Rigid";"BAU";"EUR/kg H2";2035;"0.25";"Sensitivity | Current Policies | Interest rate";"Hydrogen"
"OPEX";"H2 Infrastructure";"FR";"HRS Overhead, Profit and Mark-Up";"Tractor-Trailer";"BAU";"EUR/kg H2";2035;"0.25";"Sensitivity | Current Policies | Interest rate";"Hydrogen"
"OPEX";"H2 Infrastructure";"IT";"HRS Overhead, Profit and Mark-Up";"Rigid";"BAU";"EUR/kg H2";2035;"0.25";"Sensitivity | Current Policies | Interest rate";"Hydrogen"
"OPEX";"H2 Infrastructure";"IT";"HRS Overhead, Profit and Mark-Up";"Tractor-Trailer";"BAU";"EUR/kg H2";2035;"0.25";"Sensitivity | Current Policies | Interest rate";"Hydrogen"
"OPEX";"H2 Infrastructure";"NL";"HRS Overhead, Profit and Mark-Up";"Rigid";"BAU";"EUR/kg H2";2035;"0.25";"Sensitivity | Current Policies | Interest rate";"Hydrogen"
"OPEX";"H2 Infrastructure";"NL";"HRS Overhead, Profit and Mark-Up";"Tractor-Trailer";"BAU";"EUR/kg H2";2035;"0.25";"Sensitivity | Current Policies | Interest rate";"Hydrogen"
"OPEX";"H2 Infrastructure";"PL";"HRS Overhead, Profit and Mark-Up";"Rigid";"BAU";"EUR/kg H2";2035;"0.25";"Sensitivity | Current Policies | Interest rate";"Hydrogen"
"OPEX";"H2 Infrastructure";"PL";"HRS Overhead, Profit and Mark-Up";"Tractor-Trailer";"BAU";"EUR/kg H2";2035;"0.25";"Sensitivity | Current Policies | Interest rate";"Hydrogen"
"OPEX";"H2 Infrastructure";"UK";"HRS Overhead, Profit and Mark-Up";"Rigid";"BAU";"EUR/kg H2";2035;"0.25";"Sensitivity | Current Policies | Interest rate";"Hydrogen"
"OPEX";"H2 Infrastructure";"UK";"HRS Overhead, Profit and Mark-Up";"Tractor-Trailer";"BAU";"EUR/kg H2";2035;"0.25";"Sensitivity | Current Policies | Interest rate";"Hydrogen"
"OPEX";"Charging Infrastructure";"DE";"MCS Station (Public Charging) - Incl. Overhead";"Rigid";"BAU";"EUR/kWh";2035;"0.082";"Sensitivity | Current Policies | Interest rate";"Electricity"
"OPEX";"Charging Infrastructure";"DE";"MCS Station (Public Charging) - Incl. Overhead";"Tractor-Trailer";"BAU";"EUR/kWh";2035;"0.082";"Sensitivity | Current Policies | Interest rate";"Electricity"
"OPEX";"Charging Infrastructure";"ES";"MCS Station (Public Charging) - Incl. Overhead";"Rigid";"BAU";"EUR/kWh";2035;"0.082";"Sensitivity | Current Policies | Interest rate";"Electricity"
"OPEX";"Charging Infrastructure";"ES";"MCS Station (Public Charging) - Incl. Overhead";"Tractor-Trailer";"BAU";"EUR/kWh";2035;"0.082";"Sensitivity | Current Policies | Interest rate";"Electricity"
"OPEX";"Charging Infrastructure";"FR";"MCS Station (Public Charging) - Incl. Overhead";"Rigid";"BAU";"EUR/kWh";2035;"0.082";"Sensitivity | Current Policies | Interest rate";"Electricity"
"OPEX";"Charging Infrastructure";"FR";"MCS Station (Public Charging) - Incl. Overhead";"Tractor-Trailer";"BAU";"EUR/kWh";2035;"0.082";"Sensitivity | Current Policies | Interest rate";"Electricity"
"OPEX";"Charging Infrastructure";"IT";"MCS Station (Public Charging) - Incl. Overhead";"Rigid";"BAU";"EUR/kWh";2035;"0.082";"Sensitivity | Current Policies | Interest rate";"Electricity"
"OPEX";"Charging Infrastructure";"IT";"MCS Station (Public Charging) - Incl. Overhead";"Tractor-Trailer";"BAU";"EUR/kWh";2035;"0.082";"Sensitivity | Current Policies | Interest rate";"Electricity"
"OPEX";"Charging Infrastructure";"NL";"MCS Station (Public Charging) - Incl. Overhead";"Rigid";"BAU";"EUR/kWh";2035;"0.082";"Sensitivity | Current Policies | Interest rate";"Electricity"
"OPEX";"Charging Infrastructure";"NL";"MCS Station (Public Charging) - Incl. Overhead";"Tractor-Trailer";"BAU";"EUR/kWh";2035;"0.082";"Sensitivity | Current Policies | Interest rate";"Electricity"
"OPEX";"Charging Infrastructure";"PL";"MCS Station (Public Charging) - Incl. Overhead";"Rigid";"BAU";"EUR/kWh";2035;"0.082";"Sensitivity | Current Policies | Interest rate";"Electricity"
"OPEX";"Charging Infrastructure";"PL";"MCS Station (Public Charging) - Incl. Overhead";"Tractor-Trailer";"BAU";"EUR/kWh";2035;"0.082";"Sensitivity | Current Policies | Interest rate";"Electricity"
"OPEX";"Charging Infrastructure";"UK";"MCS Station (Public Charging) - Incl. Overhead";"Rigid";"BAU";"EUR/kWh";2035;"0.082";"Sensitivity | Current Policies | Interest rate";"Electricity"
"OPEX";"Charging Infrastructure";"UK";"MCS Station (Public Charging) - Incl. Overhead";"Tractor-Trailer";"BAU";"EUR/kWh";2035;"0.082";"Sensitivity | Current Policies | Interest rate";"Electricity"
"OPEX";"Charging Infrastructure";"DE";"Share MCS-Charging";"Rigid";"BAU";"%";2035;"0.2";"Sensitivity | Current Policies | Interest rate";"Electricity"
"OPEX";"Charging Infrastructure";"DE";"Share MCS-Charging";"Tractor-Trailer";"BAU";"%";2035;"0.2";"Sensitivity | Current Policies | Interest rate";"Electricity"
"OPEX";"Charging Infrastructure";"ES";"Share MCS-Charging";"Rigid";"BAU";"%";2035;"0.2";"Sensitivity | Current Policies | Interest rate";"Electricity"
"OPEX";"Charging Infrastructure";"ES";"Share MCS-Charging";"Tractor-Trailer";"BAU";"%";2035;"0.2";"Sensitivity | Current Policies | Interest rate";"Electricity"
"OPEX";"Charging Infrastructure";"FR";"Share MCS-Charging";"Rigid";"BAU";"%";2035;"0.2";"Sensitivity | Current Policies | Interest rate";"Electricity"
"OPEX";"Charging Infrastructure";"FR";"Share MCS-Charging";"Tractor-Trailer";"BAU";"%";2035;"0.2";"Sensitivity | Current Policies | Interest rate";"Electricity"
"OPEX";"Charging Infrastructure";"IT";"Share MCS-Charging";"Rigid";"BAU";"%";2035;"0.2";"Sensitivity | Current Policies | Interest rate";"Electricity"
"OPEX";"Charging Infrastructure";"IT";"Share MCS-Charging";"Tractor-Trailer";"BAU";"%";2035;"0.2";"Sensitivity | Current Policies | Interest rate";"Electricity"
"OPEX";"Charging Infrastructure";"NL";"Share MCS-Charging";"Rigid";"BAU";"%";2035;"0.2";"Sensitivity | Current Policies | Interest rate";"Electricity"
"OPEX";"Charging Infrastructure";"NL";"Share MCS-Charging";"Tractor-Trailer";"BAU";"%";2035;"0.2";"Sensitivity | Current Policies | Interest rate";"Electricity"
"OPEX";"Charging Infrastructure";"PL";"Share MCS-Charging";"Rigid";"BAU";"%";2035;"0.2";"Sensitivity | Current Policies | Interest rate";"Electricity"
"OPEX";"Charging Infrastructure";"PL";"Share MCS-Charging";"Tractor-Trailer";"BAU";"%";2035;"0.2";"Sensitivity | Current Policies | Interest rate";"Electricity"
"OPEX";"Charging Infrastructure";"UK";"Share MCS-Charging";"Rigid";"BAU";"%";2035;"0.2";"Sensitivity | Current Policies | Interest rate";"Electricity"
"OPEX";"Charging Infrastructure";"UK";"Share MCS-Charging";"Tractor-Trailer";"BAU";"%";2035;"0.2";"Sensitivity | Current Policies | Interest rate";"Electricity"
"OPEX";"Charging Infrastructure";"DE";"Depot - Network fees savings potential";"Rigid";"BAU";"EUR/kWh";2035;"0";"Sensitivity | Current Policies | Interest rate";"Electricity"
"OPEX";"Charging Infrastructure";"DE";"Depot - Network fees savings potential";"Tractor-Trailer";"BAU";"EUR/kWh";2035;"0";"Sensitivity | Current Policies | Interest rate";"Electricity"
"OPEX";"Charging Infrastructure";"ES";"Depot - Network fees savings potential";"Rigid";"BAU";"EUR/kWh";2035;"0";"Sensitivity | Current Policies | Interest rate";"Electricity"
"OPEX";"Charging Infrastructure";"ES";"Depot - Network fees savings potential";"Tractor-Trailer";"BAU";"EUR/kWh";2035;"0";"Sensitivity | Current Policies | Interest rate";"Electricity"
"OPEX";"Charging Infrastructure";"FR";"Depot - Network fees savings potential";"Rigid";"BAU";"EUR/kWh";2035;"0";"Sensitivity | Current Policies | Interest rate";"Electricity"
"OPEX";"Charging Infrastructure";"FR";"Depot - Network fees savings potential";"Tractor-Trailer";"BAU";"EUR/kWh";2035;"0";"Sensitivity | Current Policies | Interest rate";"Electricity"
"OPEX";"Charging Infrastructure";"IT";"Depot - Network fees savings potential";"Rigid";"BAU";"EUR/kWh";2035;"0";"Sensitivity | Current Policies | Interest rate";"Electricity"
"OPEX";"Charging Infrastructure";"IT";"Depot - Network fees savings potential";"Tractor-Trailer";"BAU";"EUR/kWh";2035;"0";"Sensitivity | Current Policies | Interest rate";"Electricity"
"OPEX";"Charging Infrastructure";"NL";"Depot - Network fees savings potential";"Rigid";"BAU";"EUR/kWh";2035;"0";"Sensitivity | Current Policies | Interest rate";"Electricity"
"OPEX";"Charging Infrastructure";"NL";"Depot - Network fees savings potential";"Tractor-Trailer";"BAU";"EUR/kWh";2035;"0";"Sensitivity | Current Policies | Interest rate";"Electricity"
"OPEX";"Charging Infrastructure";"PL";"Depot - Network fees savings potential";"Rigid";"BAU";"EUR/kWh";2035;"0";"Sensitivity | Current Policies | Interest rate";"Electricity"
"OPEX";"Charging Infrastructure";"PL";"Depot - Network fees savings potential";"Tractor-Trailer";"BAU";"EUR/kWh";2035;"0";"Sensitivity | Current Policies | Interest rate";"Electricity"
"OPEX";"Charging Infrastructure";"UK";"Depot - Network fees savings potential";"Rigid";"BAU";"EUR/kWh";2035;"0";"Sensitivity | Current Policies | Interest rate";"Electricity"
"OPEX";"Charging Infrastructure";"UK";"Depot - Network fees savings potential";"Tractor-Trailer";"BAU";"EUR/kWh";2035;"0";"Sensitivity | Current Policies | Interest rate";"Electricity"
"OPEX";"Taxes";"DE";"Tax reduction";"Rigid";"BAU";"%";2035;"-1";"Sensitivity | Current Policies | Interest rate";"Hydrogen"
"OPEX";"Taxes";"DE";"Tax reduction";"Tractor-Trailer";"BAU";"%";2035;"-1";"Sensitivity | Current Policies | Interest rate";"Hydrogen"
"OPEX";"Taxes";"ES";"Tax reduction";"Rigid";"BAU";"%";2035;"-1";"Sensitivity | Current Policies | Interest rate";"Hydrogen"
"OPEX";"Taxes";"ES";"Tax reduction";"Tractor-Trailer";"BAU";"%";2035;"-1";"Sensitivity | Current Policies | Interest rate";"Hydrogen"
"OPEX";"Taxes";"FR";"Tax reduction";"Rigid";"BAU";"%";2035;"-1";"Sensitivity | Current Policies | Interest rate";"Hydrogen"
"OPEX";"Taxes";"FR";"Tax reduction";"Tractor-Trailer";"BAU";"%";2035;"-1";"Sensitivity | Current Policies | Interest rate";"Hydrogen"
"OPEX";"Taxes";"IT";"Tax reduction";"Rigid";"BAU";"%";2035;"-1";"Sensitivity | Current Policies | Interest rate";"Hydrogen"
"OPEX";"Taxes";"IT";"Tax reduction";"Tractor-Trailer";"BAU";"%";2035;"-1";"Sensitivity | Current Policies | Interest rate";"Hydrogen"
"OPEX";"Taxes";"NL";"Tax reduction";"Rigid";"BAU";"%";2035;"-1";"Sensitivity | Current Policies | Interest rate";"Hydrogen"
"OPEX";"Taxes";"NL";"Tax reduction";"Tractor-Trailer";"BAU";"%";2035;"-1";"Sensitivity | Current Policies | Interest rate";"Hydrogen"
"OPEX";"Taxes";"PL";"Tax reduction";"Rigid";"BAU";"%";2035;"-1";"Sensitivity | Current Policies | Interest rate";"Hydrogen"
"OPEX";"Taxes";"PL";"Tax reduction";"Tractor-Trailer";"BAU";"%";2035;"-1";"Sensitivity | Current Policies | Interest rate";"Hydrogen"
"OPEX";"Taxes";"UK";"Tax reduction";"Rigid";"BAU";"%";2035;"-1";"Sensitivity | Current Policies | Interest rate";"Hydrogen"
"OPEX";"Taxes";"UK";"Tax reduction";"Tractor-Trailer";"BAU";"%";2035;"-1";"Sensitivity | Current Policies | Interest rate";"Hydrogen"
"OPEX";"Taxes";"DE";"Increasing grid fees";"Rigid";"BAU";"%";2035;"0.25";"Sensitivity | Current Policies | Interest rate";"Electricity"
"OPEX";"Taxes";"DE";"Increasing grid fees";"Tractor-Trailer";"BAU";"%";2035;"0.25";"Sensitivity | Current Policies | Interest rate";"Electricity"
"OPEX";"Taxes";"ES";"Increasing grid fees";"Rigid";"BAU";"%";2035;"0.25";"Sensitivity | Current Policies | Interest rate";"Electricity"
"OPEX";"Taxes";"ES";"Increasing grid fees";"Tractor-Trailer";"BAU";"%";2035;"0.25";"Sensitivity | Current Policies | Interest rate";"Electricity"
"OPEX";"Taxes";"FR";"Increasing grid fees";"Rigid";"BAU";"%";2035;"0.25";"Sensitivity | Current Policies | Interest rate";"Electricity"
"OPEX";"Taxes";"FR";"Increasing grid fees";"Tractor-Trailer";"BAU";"%";2035;"0.25";"Sensitivity | Current Policies | Interest rate";"Electricity"
"OPEX";"Taxes";"IT";"Increasing grid fees";"Rigid";"BAU";"%";2035;"0.25";"Sensitivity | Current Policies | Interest rate";"Electricity"
"OPEX";"Taxes";"IT";"Increasing grid fees";"Tractor-Trailer";"BAU";"%";2035;"0.25";"Sensitivity | Current Policies | Interest rate";"Electricity"
"OPEX";"Taxes";"NL";"Increasing grid fees";"Rigid";"BAU";"%";2035;"0.25";"Sensitivity | Current Policies | Interest rate";"Electricity"
"OPEX";"Taxes";"NL";"Increasing grid fees";"Tractor-Trailer";"BAU";"%";2035;"0.25";"Sensitivity | Current Policies | Interest rate";"Electricity"
"OPEX";"Taxes";"PL";"Increasing grid fees";"Rigid";"BAU";"%";2035;"0.25";"Sensitivity | Current Policies | Interest rate";"Electricity"
"OPEX";"Taxes";"PL";"Increasing grid fees";"Tractor-Trailer";"BAU";"%";2035;"0.25";"Sensitivity | Current Policies | Interest rate";"Electricity"
"OPEX";"Taxes";"UK";"Increasing grid fees";"Rigid";"BAU";"%";2035;"0.25";"Sensitivity | Current Policies | Interest rate";"Electricity"
"OPEX";"Taxes";"UK";"Increasing grid fees";"Tractor-Trailer";"BAU";"%";2035;"0.25";"Sensitivity | Current Policies | Interest rate";"Electricity"
"OPEX";"Taxes";"DE";"Excise Duty - Diesel";"Rigid";"BAU";"EUR/kWh";2040;"0.047";"Sensitivity | Current Policies | Interest rate";"Diesel"
"OPEX";"Taxes";"DE";"Excise Duty - Diesel";"Tractor-Trailer";"BAU";"EUR/kWh";2040;"0.047";"Sensitivity | Current Policies | Interest rate";"Diesel"
"OPEX";"Taxes";"ES";"Excise Duty - Diesel";"Rigid";"BAU";"EUR/kWh";2040;"0.038";"Sensitivity | Current Policies | Interest rate";"Diesel"
"OPEX";"Taxes";"ES";"Excise Duty - Diesel";"Tractor-Trailer";"BAU";"EUR/kWh";2040;"0.038";"Sensitivity | Current Policies | Interest rate";"Diesel"
"OPEX";"Taxes";"FR";"Excise Duty - Diesel";"Rigid";"BAU";"EUR/kWh";2040;"0.06";"Sensitivity | Current Policies | Interest rate";"Diesel"
"OPEX";"Taxes";"FR";"Excise Duty - Diesel";"Tractor-Trailer";"BAU";"EUR/kWh";2040;"0.06";"Sensitivity | Current Policies | Interest rate";"Diesel"
"OPEX";"Taxes";"IT";"Excise Duty - Diesel";"Rigid";"BAU";"EUR/kWh";2040;"0.062";"Sensitivity | Current Policies | Interest rate";"Diesel"
"OPEX";"Taxes";"IT";"Excise Duty - Diesel";"Tractor-Trailer";"BAU";"EUR/kWh";2040;"0.062";"Sensitivity | Current Policies | Interest rate";"Diesel"
"OPEX";"Taxes";"NL";"Excise Duty - Diesel";"Rigid";"BAU";"EUR/kWh";2040;"0.053";"Sensitivity | Current Policies | Interest rate";"Diesel"
"OPEX";"Taxes";"NL";"Excise Duty - Diesel";"Tractor-Trailer";"BAU";"EUR/kWh";2040;"0.053";"Sensitivity | Current Policies | Interest rate";"Diesel"
"OPEX";"Taxes";"PL";"Excise Duty - Diesel";"Rigid";"BAU";"EUR/kWh";2040;"0.033";"Sensitivity | Current Policies | Interest rate";"Diesel"
"OPEX";"Taxes";"PL";"Excise Duty - Diesel";"Tractor-Trailer";"BAU";"EUR/kWh";2040;"0.033";"Sensitivity | Current Policies | Interest rate";"Diesel"
"OPEX";"Taxes";"UK";"Excise Duty - Diesel";"Rigid";"BAU";"EUR/kWh";2040;"0.053";"Sensitivity | Current Policies | Interest rate";"Diesel"
"OPEX";"Taxes";"UK";"Excise Duty - Diesel";"Tractor-Trailer";"BAU";"EUR/kWh";2040;"0.053";"Sensitivity | Current Policies | Interest rate";"Diesel"
"OPEX";"Taxes";"DE";"Excise Duty - Reduction biodiesel";"Rigid";"BAU";"%";2040;"0.5";"Sensitivity | Current Policies | Interest rate";"Diesel"
"OPEX";"Taxes";"DE";"Excise Duty - Reduction biodiesel";"Tractor-Trailer";"BAU";"%";2040;"0.5";"Sensitivity | Current Policies | Interest rate";"Diesel"
"OPEX";"Taxes";"ES";"Excise Duty - Reduction biodiesel";"Rigid";"BAU";"%";2040;"0.5";"Sensitivity | Current Policies | Interest rate";"Diesel"
"OPEX";"Taxes";"ES";"Excise Duty - Reduction biodiesel";"Tractor-Trailer";"BAU";"%";2040;"0.5";"Sensitivity | Current Policies | Interest rate";"Diesel"
"OPEX";"Taxes";"FR";"Excise Duty - Reduction biodiesel";"Rigid";"BAU";"%";2040;"0.5";"Sensitivity | Current Policies | Interest rate";"Diesel"
"OPEX";"Taxes";"FR";"Excise Duty - Reduction biodiesel";"Tractor-Trailer";"BAU";"%";2040;"0.5";"Sensitivity | Current Policies | Interest rate";"Diesel"
"OPEX";"Taxes";"IT";"Excise Duty - Reduction biodiesel";"Rigid";"BAU";"%";2040;"0.5";"Sensitivity | Current Policies | Interest rate";"Diesel"
"OPEX";"Taxes";"IT";"Excise Duty - Reduction biodiesel";"Tractor-Trailer";"BAU";"%";2040;"0.5";"Sensitivity | Current Policies | Interest rate";"Diesel"
"OPEX";"Taxes";"NL";"Excise Duty - Reduction biodiesel";"Rigid";"BAU";"%";2040;"0.5";"Sensitivity | Current Policies | Interest rate";"Diesel"
"OPEX";"Taxes";"NL";"Excise Duty - Reduction biodiesel";"Tractor-Trailer";"BAU";"%";2040;"0.5";"Sensitivity | Current Policies | Interest rate";"Diesel"
"OPEX";"Taxes";"PL";"Excise Duty - Reduction biodiesel";"Rigid";"BAU";"%";2040;"0.5";"Sensitivity | Current Policies | Interest rate";"Diesel"
"OPEX";"Taxes";"PL";"Excise Duty - Reduction biodiesel";"Tractor-Trailer";"BAU";"%";2040;"0.5";"Sensitivity | Current Policies | Interest rate";"Diesel"
"OPEX";"Taxes";"UK";"Excise Duty - Reduction biodiesel";"Rigid";"BAU";"%";2040;"0.5";"Sensitivity | Current Policies | Interest rate";"Diesel"
"OPEX";"Taxes";"UK";"Excise Duty - Reduction biodiesel";"Tractor-Trailer";"BAU";"%";2040;"0.5";"Sensitivity | Current Policies | Interest rate";"Diesel"
"OPEX";"Taxes";"DE";"Excise Duty - Reduction Synthetic Diesel (E-Fuels)";"Rigid";"BAU";"%";2040;"0.5";"Sensitivity | Current Policies | Interest rate";"Diesel"
"OPEX";"Taxes";"DE";"Excise Duty - Reduction Synthetic Diesel (E-Fuels)";"Tractor-Trailer";"BAU";"%";2040;"0.5";"Sensitivity | Current Policies | Interest rate";"Diesel"
"OPEX";"Taxes";"ES";"Excise Duty - Reduction Synthetic Diesel (E-Fuels)";"Rigid";"BAU";"%";2040;"0.5";"Sensitivity | Current Policies | Interest rate";"Diesel"
"OPEX";"Taxes";"ES";"Excise Duty - Reduction Synthetic Diesel (E-Fuels)";"Tractor-Trailer";"BAU";"%";2040;"0.5";"Sensitivity | Current Policies | Interest rate";"Diesel"
"OPEX";"Taxes";"FR";"Excise Duty - Reduction Synthetic Diesel (E-Fuels)";"Rigid";"BAU";"%";2040;"0.5";"Sensitivity | Current Policies | Interest rate";"Diesel"
"OPEX";"Taxes";"FR";"Excise Duty - Reduction Synthetic Diesel (E-Fuels)";"Tractor-Trailer";"BAU";"%";2040;"0.5";"Sensitivity | Current Policies | Interest rate";"Diesel"
"OPEX";"Taxes";"IT";"Excise Duty - Reduction Synthetic Diesel (E-Fuels)";"Rigid";"BAU";"%";2040;"0.5";"Sensitivity | Current Policies | Interest rate";"Diesel"
"OPEX";"Taxes";"IT";"Excise Duty - Reduction Synthetic Diesel (E-Fuels)";"Tractor-Trailer";"BAU";"%";2040;"0.5";"Sensitivity | Current Policies | Interest rate";"Diesel"
"OPEX";"Taxes";"NL";"Excise Duty - Reduction Synthetic Diesel (E-Fuels)";"Rigid";"BAU";"%";2040;"0.5";"Sensitivity | Current Policies | Interest rate";"Diesel"
"OPEX";"Taxes";"NL";"Excise Duty - Reduction Synthetic Diesel (E-Fuels)";"Tractor-Trailer";"BAU";"%";2040;"0.5";"Sensitivity | Current Policies | Interest rate";"Diesel"
"OPEX";"Taxes";"PL";"Excise Duty - Reduction Synthetic Diesel (E-Fuels)";"Rigid";"BAU";"%";2040;"0.5";"Sensitivity | Current Policies | Interest rate";"Diesel"
"OPEX";"Taxes";"PL";"Excise Duty - Reduction Synthetic Diesel (E-Fuels)";"Tractor-Trailer";"BAU";"%";2040;"0.5";"Sensitivity | Current Policies | Interest rate";"Diesel"
"OPEX";"Taxes";"UK";"Excise Duty - Reduction Synthetic Diesel (E-Fuels)";"Rigid";"BAU";"%";2040;"0.5";"Sensitivity | Current Policies | Interest rate";"Diesel"
"OPEX";"Taxes";"UK";"Excise Duty - Reduction Synthetic Diesel (E-Fuels)";"Tractor-Trailer";"BAU";"%";2040;"0.5";"Sensitivity | Current Policies | Interest rate";"Diesel"
"OPEX";"Taxes";"DE";"Taxes, Fees, Levies and charges - H2";"Rigid";"BAU";"EUR/kWh";2040;"0.015";"Sensitivity | Current Policies | Interest rate";"Hydrogen"
"OPEX";"Taxes";"DE";"Taxes, Fees, Levies and charges - H2";"Tractor-Trailer";"BAU";"EUR/kWh";2040;"0.015";"Sensitivity | Current Policies | Interest rate";"Hydrogen"
"OPEX";"Taxes";"ES";"Taxes, Fees, Levies and charges - H2";"Rigid";"BAU";"EUR/kWh";2040;"0.008";"Sensitivity | Current Policies | Interest rate";"Hydrogen"
"OPEX";"Taxes";"ES";"Taxes, Fees, Levies and charges - H2";"Tractor-Trailer";"BAU";"EUR/kWh";2040;"0.008";"Sensitivity | Current Policies | Interest rate";"Hydrogen"
"OPEX";"Taxes";"FR";"Taxes, Fees, Levies and charges - H2";"Rigid";"BAU";"EUR/kWh";2040;"0.012";"Sensitivity | Current Policies | Interest rate";"Hydrogen"
"OPEX";"Taxes";"FR";"Taxes, Fees, Levies and charges - H2";"Tractor-Trailer";"BAU";"EUR/kWh";2040;"0.012";"Sensitivity | Current Policies | Interest rate";"Hydrogen"
"OPEX";"Taxes";"IT";"Taxes, Fees, Levies and charges - H2";"Rigid";"BAU";"EUR/kWh";2040;"0.009";"Sensitivity | Current Policies | Interest rate";"Hydrogen"
"OPEX";"Taxes";"IT";"Taxes, Fees, Levies and charges - H2";"Tractor-Trailer";"BAU";"EUR/kWh";2040;"0.009";"Sensitivity | Current Policies | Interest rate";"Hydrogen"
"OPEX";"Taxes";"NL";"Taxes, Fees, Levies and charges - H2";"Rigid";"BAU";"EUR/kWh";2040;"0.024";"Sensitivity | Current Policies | Interest rate";"Hydrogen"
"OPEX";"Taxes";"NL";"Taxes, Fees, Levies and charges - H2";"Tractor-Trailer";"BAU";"EUR/kWh";2040;"0.024";"Sensitivity | Current Policies | Interest rate";"Hydrogen"
"OPEX";"Taxes";"PL";"Taxes, Fees, Levies and charges - H2";"Rigid";"BAU";"EUR/kWh";2040;"0.009";"Sensitivity | Current Policies | Interest rate";"Hydrogen"
"OPEX";"Taxes";"PL";"Taxes, Fees, Levies and charges - H2";"Tractor-Trailer";"BAU";"EUR/kWh";2040;"0.009";"Sensitivity | Current Policies | Interest rate";"Hydrogen"
"OPEX";"Taxes";"UK";"Taxes, Fees, Levies and charges - H2";"Rigid";"BAU";"EUR/kWh";2040;"0.006";"Sensitivity | Current Policies | Interest rate";"Hydrogen"
"OPEX";"Taxes";"UK";"Taxes, Fees, Levies and charges - H2";"Tractor-Trailer";"BAU";"EUR/kWh";2040;"0.006";"Sensitivity | Current Policies | Interest rate";"Hydrogen"
"OPEX";"Charging Infrastructure";"DE";"MCS grid extension";"Rigid";"BAU";"EUR/kWh";2040;"0.055";"Sensitivity | Current Policies | Interest rate";"Electricity"
"OPEX";"Charging Infrastructure";"DE";"MCS grid extension";"Tractor-Trailer";"BAU";"EUR/kWh";2040;"0.055";"Sensitivity | Current Policies | Interest rate";"Electricity"
"OPEX";"Charging Infrastructure";"ES";"MCS grid extension";"Rigid";"BAU";"EUR/kWh";2040;"0.055";"Sensitivity | Current Policies | Interest rate";"Electricity"
"OPEX";"Charging Infrastructure";"ES";"MCS grid extension";"Tractor-Trailer";"BAU";"EUR/kWh";2040;"0.055";"Sensitivity | Current Policies | Interest rate";"Electricity"
"OPEX";"Charging Infrastructure";"FR";"MCS grid extension";"Rigid";"BAU";"EUR/kWh";2040;"0.055";"Sensitivity | Current Policies | Interest rate";"Electricity"
"OPEX";"Charging Infrastructure";"FR";"MCS grid extension";"Tractor-Trailer";"BAU";"EUR/kWh";2040;"0.055";"Sensitivity | Current Policies | Interest rate";"Electricity"
"OPEX";"Charging Infrastructure";"IT";"MCS grid extension";"Rigid";"BAU";"EUR/kWh";2040;"0.055";"Sensitivity | Current Policies | Interest rate";"Electricity"
"OPEX";"Charging Infrastructure";"IT";"MCS grid extension";"Tractor-Trailer";"BAU";"EUR/kWh";2040;"0.055";"Sensitivity | Current Policies | Interest rate";"Electricity"
"OPEX";"Charging Infrastructure";"NL";"MCS grid extension";"Rigid";"BAU";"EUR/kWh";2040;"0.055";"Sensitivity | Current Policies | Interest rate";"Electricity"
"OPEX";"Charging Infrastructure";"NL";"MCS grid extension";"Tractor-Trailer";"BAU";"EUR/kWh";2040;"0.055";"Sensitivity | Current Policies | Interest rate";"Electricity"
"OPEX";"Charging Infrastructure";"PL";"MCS grid extension";"Rigid";"BAU";"EUR/kWh";2040;"0.055";"Sensitivity | Current Policies | Interest rate";"Electricity"
"OPEX";"Charging Infrastructure";"PL";"MCS grid extension";"Tractor-Trailer";"BAU";"EUR/kWh";2040;"0.055";"Sensitivity | Current Policies | Interest rate";"Electricity"
"OPEX";"Charging Infrastructure";"UK";"MCS grid extension";"Rigid";"BAU";"EUR/kWh";2040;"0.055";"Sensitivity | Current Policies | Interest rate";"Electricity"
"OPEX";"Charging Infrastructure";"UK";"MCS grid extension";"Tractor-Trailer";"BAU";"EUR/kWh";2040;"0.055";"Sensitivity | Current Policies | Interest rate";"Electricity"
"OPEX";"Charging Infrastructure";"DE";"MCS Profit and Mark-Up";"Rigid";"BAU";"%";2040;"0.1";"Sensitivity | Current Policies | Interest rate";"Electricity"
"OPEX";"Charging Infrastructure";"DE";"MCS Profit and Mark-Up";"Tractor-Trailer";"BAU";"%";2040;"0.1";"Sensitivity | Current Policies | Interest rate";"Electricity"
"OPEX";"Charging Infrastructure";"ES";"MCS Profit and Mark-Up";"Rigid";"BAU";"%";2040;"0.1";"Sensitivity | Current Policies | Interest rate";"Electricity"
"OPEX";"Charging Infrastructure";"ES";"MCS Profit and Mark-Up";"Tractor-Trailer";"BAU";"%";2040;"0.1";"Sensitivity | Current Policies | Interest rate";"Electricity"
"OPEX";"Charging Infrastructure";"FR";"MCS Profit and Mark-Up";"Rigid";"BAU";"%";2040;"0.1";"Sensitivity | Current Policies | Interest rate";"Electricity"
"OPEX";"Charging Infrastructure";"FR";"MCS Profit and Mark-Up";"Tractor-Trailer";"BAU";"%";2040;"0.1";"Sensitivity | Current Policies | Interest rate";"Electricity"
"OPEX";"Charging Infrastructure";"IT";"MCS Profit and Mark-Up";"Rigid";"BAU";"%";2040;"0.1";"Sensitivity | Current Policies | Interest rate";"Electricity"
"OPEX";"Charging Infrastructure";"IT";"MCS Profit and Mark-Up";"Tractor-Trailer";"BAU";"%";2040;"0.1";"Sensitivity | Current Policies | Interest rate";"Electricity"
"OPEX";"Charging Infrastructure";"NL";"MCS Profit and Mark-Up";"Rigid";"BAU";"%";2040;"0.1";"Sensitivity | Current Policies | Interest rate";"Electricity"
"OPEX";"Charging Infrastructure";"NL";"MCS Profit and Mark-Up";"Tractor-Trailer";"BAU";"%";2040;"0.1";"Sensitivity | Current Policies | Interest rate";"Electricity"
"OPEX";"Charging Infrastructure";"PL";"MCS Profit and Mark-Up";"Rigid";"BAU";"%";2040;"0.1";"Sensitivity | Current Policies | Interest rate";"Electricity"
"OPEX";"Charging Infrastructure";"PL";"MCS Profit and Mark-Up";"Tractor-Trailer";"BAU";"%";2040;"0.1";"Sensitivity | Current Policies | Interest rate";"Electricity"
"OPEX";"Charging Infrastructure";"UK";"MCS Profit and Mark-Up";"Rigid";"BAU";"%";2040;"0.1";"Sensitivity | Current Policies | Interest rate";"Electricity"
"OPEX";"Charging Infrastructure";"UK";"MCS Profit and Mark-Up";"Tractor-Trailer";"BAU";"%";2040;"0.1";"Sensitivity | Current Policies | Interest rate";"Electricity"
"OPEX";"Charging Infrastructure";"DE";"CCS Station (Depot) - Incl. Overhead";"Rigid";"BAU";"EUR/kWh";2040;"0.024";"Sensitivity | Current Policies | Interest rate";"Electricity"
"OPEX";"Charging Infrastructure";"DE";"CCS Station (Depot) - Incl. Overhead";"Tractor-Trailer";"BAU";"EUR/kWh";2040;"0.024";"Sensitivity | Current Policies | Interest rate";"Electricity"
"OPEX";"Charging Infrastructure";"ES";"CCS Station (Depot) - Incl. Overhead";"Rigid";"BAU";"EUR/kWh";2040;"0.024";"Sensitivity | Current Policies | Interest rate";"Electricity"
"OPEX";"Charging Infrastructure";"ES";"CCS Station (Depot) - Incl. Overhead";"Tractor-Trailer";"BAU";"EUR/kWh";2040;"0.024";"Sensitivity | Current Policies | Interest rate";"Electricity"
"OPEX";"Charging Infrastructure";"FR";"CCS Station (Depot) - Incl. Overhead";"Rigid";"BAU";"EUR/kWh";2040;"0.024";"Sensitivity | Current Policies | Interest rate";"Electricity"
"OPEX";"Charging Infrastructure";"FR";"CCS Station (Depot) - Incl. Overhead";"Tractor-Trailer";"BAU";"EUR/kWh";2040;"0.024";"Sensitivity | Current Policies | Interest rate";"Electricity"
"OPEX";"Charging Infrastructure";"IT";"CCS Station (Depot) - Incl. Overhead";"Rigid";"BAU";"EUR/kWh";2040;"0.024";"Sensitivity | Current Policies | Interest rate";"Electricity"
"OPEX";"Charging Infrastructure";"IT";"CCS Station (Depot) - Incl. Overhead";"Tractor-Trailer";"BAU";"EUR/kWh";2040;"0.024";"Sensitivity | Current Policies | Interest rate";"Electricity"
"OPEX";"Charging Infrastructure";"NL";"CCS Station (Depot) - Incl. Overhead";"Rigid";"BAU";"EUR/kWh";2040;"0.024";"Sensitivity | Current Policies | Interest rate";"Electricity"
"OPEX";"Charging Infrastructure";"NL";"CCS Station (Depot) - Incl. Overhead";"Tractor-Trailer";"BAU";"EUR/kWh";2040;"0.024";"Sensitivity | Current Policies | Interest rate";"Electricity"
"OPEX";"Charging Infrastructure";"PL";"CCS Station (Depot) - Incl. Overhead";"Rigid";"BAU";"EUR/kWh";2040;"0.024";"Sensitivity | Current Policies | Interest rate";"Electricity"
"OPEX";"Charging Infrastructure";"PL";"CCS Station (Depot) - Incl. Overhead";"Tractor-Trailer";"BAU";"EUR/kWh";2040;"0.024";"Sensitivity | Current Policies | Interest rate";"Electricity"
"OPEX";"Charging Infrastructure";"UK";"CCS Station (Depot) - Incl. Overhead";"Rigid";"BAU";"EUR/kWh";2040;"0.024";"Sensitivity | Current Policies | Interest rate";"Electricity"
"OPEX";"Charging Infrastructure";"UK";"CCS Station (Depot) - Incl. Overhead";"Tractor-Trailer";"BAU";"EUR/kWh";2040;"0.024";"Sensitivity | Current Policies | Interest rate";"Electricity"
"OPEX";"Charging Infrastructure";"DE";"CCS grid extension";"Rigid";"BAU";"EUR/kWh";2040;"0.045";"Sensitivity | Current Policies | Interest rate";"Electricity"
"OPEX";"Charging Infrastructure";"DE";"CCS grid extension";"Tractor-Trailer";"BAU";"EUR/kWh";2040;"0.045";"Sensitivity | Current Policies | Interest rate";"Electricity"
"OPEX";"Charging Infrastructure";"ES";"CCS grid extension";"Rigid";"BAU";"EUR/kWh";2040;"0.045";"Sensitivity | Current Policies | Interest rate";"Electricity"
"OPEX";"Charging Infrastructure";"ES";"CCS grid extension";"Tractor-Trailer";"BAU";"EUR/kWh";2040;"0.045";"Sensitivity | Current Policies | Interest rate";"Electricity"
"OPEX";"Charging Infrastructure";"FR";"CCS grid extension";"Rigid";"BAU";"EUR/kWh";2040;"0.045";"Sensitivity | Current Policies | Interest rate";"Electricity"
"OPEX";"Charging Infrastructure";"FR";"CCS grid extension";"Tractor-Trailer";"BAU";"EUR/kWh";2040;"0.045";"Sensitivity | Current Policies | Interest rate";"Electricity"
"OPEX";"Charging Infrastructure";"IT";"CCS grid extension";"Rigid";"BAU";"EUR/kWh";2040;"0.045";"Sensitivity | Current Policies | Interest rate";"Electricity"
"OPEX";"Charging Infrastructure";"IT";"CCS grid extension";"Tractor-Trailer";"BAU";"EUR/kWh";2040;"0.045";"Sensitivity | Current Policies | Interest rate";"Electricity"
"OPEX";"Charging Infrastructure";"NL";"CCS grid extension";"Rigid";"BAU";"EUR/kWh";2040;"0.045";"Sensitivity | Current Policies | Interest rate";"Electricity"
"OPEX";"Charging Infrastructure";"NL";"CCS grid extension";"Tractor-Trailer";"BAU";"EUR/kWh";2040;"0.045";"Sensitivity | Current Policies | Interest rate";"Electricity"
"OPEX";"Charging Infrastructure";"PL";"CCS grid extension";"Rigid";"BAU";"EUR/kWh";2040;"0.045";"Sensitivity | Current Policies | Interest rate";"Electricity"
"OPEX";"Charging Infrastructure";"PL";"CCS grid extension";"Tractor-Trailer";"BAU";"EUR/kWh";2040;"0.045";"Sensitivity | Current Policies | Interest rate";"Electricity"
"OPEX";"Charging Infrastructure";"UK";"CCS grid extension";"Rigid";"BAU";"EUR/kWh";2040;"0.045";"Sensitivity | Current Policies | Interest rate";"Electricity"
"OPEX";"Charging Infrastructure";"UK";"CCS grid extension";"Tractor-Trailer";"BAU";"EUR/kWh";2040;"0.045";"Sensitivity | Current Policies | Interest rate";"Electricity"
"OPEX";"Diesel Infrastructure";"DE";"Total Diesel Mark-Up";"Rigid";"BAU";"EUR/kWh";2040;"0.018";"Sensitivity | Current Policies | Interest rate";"Diesel"
"OPEX";"Diesel Infrastructure";"DE";"Total Diesel Mark-Up";"Tractor-Trailer";"BAU";"EUR/kWh";2040;"0.018";"Sensitivity | Current Policies | Interest rate";"Diesel"
"OPEX";"Diesel Infrastructure";"ES";"Total Diesel Mark-Up";"Rigid";"BAU";"EUR/kWh";2040;"0.018";"Sensitivity | Current Policies | Interest rate";"Diesel"
"OPEX";"Diesel Infrastructure";"ES";"Total Diesel Mark-Up";"Tractor-Trailer";"BAU";"EUR/kWh";2040;"0.018";"Sensitivity | Current Policies | Interest rate";"Diesel"
"OPEX";"Diesel Infrastructure";"FR";"Total Diesel Mark-Up";"Rigid";"BAU";"EUR/kWh";2040;"0.018";"Sensitivity | Current Policies | Interest rate";"Diesel"
"OPEX";"Diesel Infrastructure";"FR";"Total Diesel Mark-Up";"Tractor-Trailer";"BAU";"EUR/kWh";2040;"0.018";"Sensitivity | Current Policies | Interest rate";"Diesel"
"OPEX";"Diesel Infrastructure";"IT";"Total Diesel Mark-Up";"Rigid";"BAU";"EUR/kWh";2040;"0.018";"Sensitivity | Current Policies | Interest rate";"Diesel"
"OPEX";"Diesel Infrastructure";"IT";"Total Diesel Mark-Up";"Tractor-Trailer";"BAU";"EUR/kWh";2040;"0.018";"Sensitivity | Current Policies | Interest rate";"Diesel"
"OPEX";"Diesel Infrastructure";"NL";"Total Diesel Mark-Up";"Rigid";"BAU";"EUR/kWh";2040;"0.018";"Sensitivity | Current Policies | Interest rate";"Diesel"
"OPEX";"Diesel Infrastructure";"NL";"Total Diesel Mark-Up";"Tractor-Trailer";"BAU";"EUR/kWh";2040;"0.018";"Sensitivity | Current Policies | Interest rate";"Diesel"
"OPEX";"Diesel Infrastructure";"PL";"Total Diesel Mark-Up";"Rigid";"BAU";"EUR/kWh";2040;"0.018";"Sensitivity | Current Policies | Interest rate";"Diesel"
"OPEX";"Diesel Infrastructure";"PL";"Total Diesel Mark-Up";"Tractor-Trailer";"BAU";"EUR/kWh";2040;"0.018";"Sensitivity | Current Policies | Interest rate";"Diesel"
"OPEX";"Diesel Infrastructure";"UK";"Total Diesel Mark-Up";"Rigid";"BAU";"EUR/kWh";2040;"0.018";"Sensitivity | Current Policies | Interest rate";"Diesel"
"OPEX";"Diesel Infrastructure";"UK";"Total Diesel Mark-Up";"Tractor-Trailer";"BAU";"EUR/kWh";2040;"0.018";"Sensitivity | Current Policies | Interest rate";"Diesel"
"OPEX";"Diesel Infrastructure";"DE";"CO2 emission factor Biodiesel";"Rigid";"BAU";"%";2040;"0.155";"Sensitivity | Current Policies | Interest rate";"Diesel"
"OPEX";"Diesel Infrastructure";"DE";"CO2 emission factor Biodiesel";"Tractor-Trailer";"BAU";"%";2040;"0.155";"Sensitivity | Current Policies | Interest rate";"Diesel"
"OPEX";"Diesel Infrastructure";"ES";"CO2 emission factor Biodiesel";"Rigid";"BAU";"%";2040;"0.155";"Sensitivity | Current Policies | Interest rate";"Diesel"
"OPEX";"Diesel Infrastructure";"ES";"CO2 emission factor Biodiesel";"Tractor-Trailer";"BAU";"%";2040;"0.155";"Sensitivity | Current Policies | Interest rate";"Diesel"
"OPEX";"Diesel Infrastructure";"FR";"CO2 emission factor Biodiesel";"Rigid";"BAU";"%";2040;"0.155";"Sensitivity | Current Policies | Interest rate";"Diesel"
"OPEX";"Diesel Infrastructure";"FR";"CO2 emission factor Biodiesel";"Tractor-Trailer";"BAU";"%";2040;"0.155";"Sensitivity | Current Policies | Interest rate";"Diesel"
"OPEX";"Diesel Infrastructure";"IT";"CO2 emission factor Biodiesel";"Rigid";"BAU";"%";2040;"0.155";"Sensitivity | Current Policies | Interest rate";"Diesel"
"OPEX";"Diesel Infrastructure";"IT";"CO2 emission factor Biodiesel";"Tractor-Trailer";"BAU";"%";2040;"0.155";"Sensitivity | Current Policies | Interest rate";"Diesel"
"OPEX";"Diesel Infrastructure";"NL";"CO2 emission factor Biodiesel";"Rigid";"BAU";"%";2040;"0.155";"Sensitivity | Current Policies | Interest rate";"Diesel"
"OPEX";"Diesel Infrastructure";"NL";"CO2 emission factor Biodiesel";"Tractor-Trailer";"BAU";"%";2040;"0.155";"Sensitivity | Current Policies | Interest rate";"Diesel"
"OPEX";"Diesel Infrastructure";"PL";"CO2 emission factor Biodiesel";"Rigid";"BAU";"%";2040;"0.155";"Sensitivity | Current Policies | Interest rate";"Diesel"
"OPEX";"Diesel Infrastructure";"PL";"CO2 emission factor Biodiesel";"Tractor-Trailer";"BAU";"%";2040;"0.155";"Sensitivity | Current Policies | Interest rate";"Diesel"
"OPEX";"Diesel Infrastructure";"UK";"CO2 emission factor Biodiesel";"Rigid";"BAU";"%";2040;"0.155";"Sensitivity | Current Policies | Interest rate";"Diesel"
"OPEX";"Diesel Infrastructure";"UK";"CO2 emission factor Biodiesel";"Tractor-Trailer";"BAU";"%";2040;"0.155";"Sensitivity | Current Policies | Interest rate";"Diesel"
"OPEX";"Diesel Infrastructure";"DE";"CO2 emission factor Pt-Diesel";"Rigid";"BAU";"%";2040;"0";"Sensitivity | Current Policies | Interest rate";"Diesel"
"OPEX";"Diesel Infrastructure";"DE";"CO2 emission factor Pt-Diesel";"Tractor-Trailer";"BAU";"%";2040;"0";"Sensitivity | Current Policies | Interest rate";"Diesel"
"OPEX";"Diesel Infrastructure";"ES";"CO2 emission factor Pt-Diesel";"Rigid";"BAU";"%";2040;"0";"Sensitivity | Current Policies | Interest rate";"Diesel"
"OPEX";"Diesel Infrastructure";"ES";"CO2 emission factor Pt-Diesel";"Tractor-Trailer";"BAU";"%";2040;"0";"Sensitivity | Current Policies | Interest rate";"Diesel"
"OPEX";"Diesel Infrastructure";"FR";"CO2 emission factor Pt-Diesel";"Rigid";"BAU";"%";2040;"0";"Sensitivity | Current Policies | Interest rate";"Diesel"
"OPEX";"Diesel Infrastructure";"FR";"CO2 emission factor Pt-Diesel";"Tractor-Trailer";"BAU";"%";2040;"0";"Sensitivity | Current Policies | Interest rate";"Diesel"
"OPEX";"Diesel Infrastructure";"IT";"CO2 emission factor Pt-Diesel";"Rigid";"BAU";"%";2040;"0";"Sensitivity | Current Policies | Interest rate";"Diesel"
"OPEX";"Diesel Infrastructure";"IT";"CO2 emission factor Pt-Diesel";"Tractor-Trailer";"BAU";"%";2040;"0";"Sensitivity | Current Policies | Interest rate";"Diesel"
"OPEX";"Diesel Infrastructure";"NL";"CO2 emission factor Pt-Diesel";"Rigid";"BAU";"%";2040;"0";"Sensitivity | Current Policies | Interest rate";"Diesel"
"OPEX";"Diesel Infrastructure";"NL";"CO2 emission factor Pt-Diesel";"Tractor-Trailer";"BAU";"%";2040;"0";"Sensitivity | Current Policies | Interest rate";"Diesel"
"OPEX";"Diesel Infrastructure";"PL";"CO2 emission factor Pt-Diesel";"Rigid";"BAU";"%";2040;"0";"Sensitivity | Current Policies | Interest rate";"Diesel"
"OPEX";"Diesel Infrastructure";"PL";"CO2 emission factor Pt-Diesel";"Tractor-Trailer";"BAU";"%";2040;"0";"Sensitivity | Current Policies | Interest rate";"Diesel"
"OPEX";"Diesel Infrastructure";"UK";"CO2 emission factor Pt-Diesel";"Rigid";"BAU";"%";2040;"0";"Sensitivity | Current Policies | Interest rate";"Diesel"
"OPEX";"Diesel Infrastructure";"UK";"CO2 emission factor Pt-Diesel";"Tractor-Trailer";"BAU";"%";2040;"0";"Sensitivity | Current Policies | Interest rate";"Diesel"
"OPEX";"Taxes";"DE";"Network Costs - MCS";"Rigid";"BAU";"EUR/kWh";2040;"0.034";"Sensitivity | Current Policies | Interest rate";"Electricity"
"OPEX";"Taxes";"DE";"Network Costs - MCS";"Tractor-Trailer";"BAU";"EUR/kWh";2040;"0.034";"Sensitivity | Current Policies | Interest rate";"Electricity"
"OPEX";"Taxes";"ES";"Network Costs - MCS";"Rigid";"BAU";"EUR/kWh";2040;"0.018";"Sensitivity | Current Policies | Interest rate";"Electricity"
"OPEX";"Taxes";"ES";"Network Costs - MCS";"Tractor-Trailer";"BAU";"EUR/kWh";2040;"0.018";"Sensitivity | Current Policies | Interest rate";"Electricity"
"OPEX";"Taxes";"FR";"Network Costs - MCS";"Rigid";"BAU";"EUR/kWh";2040;"0.018";"Sensitivity | Current Policies | Interest rate";"Electricity"
"OPEX";"Taxes";"FR";"Network Costs - MCS";"Tractor-Trailer";"BAU";"EUR/kWh";2040;"0.018";"Sensitivity | Current Policies | Interest rate";"Electricity"
"OPEX";"Taxes";"IT";"Network Costs - MCS";"Rigid";"BAU";"EUR/kWh";2040;"0.015";"Sensitivity | Current Policies | Interest rate";"Electricity"
"OPEX";"Taxes";"IT";"Network Costs - MCS";"Tractor-Trailer";"BAU";"EUR/kWh";2040;"0.015";"Sensitivity | Current Policies | Interest rate";"Electricity"
"OPEX";"Taxes";"NL";"Network Costs - MCS";"Rigid";"BAU";"EUR/kWh";2040;"0.016";"Sensitivity | Current Policies | Interest rate";"Electricity"
"OPEX";"Taxes";"NL";"Network Costs - MCS";"Tractor-Trailer";"BAU";"EUR/kWh";2040;"0.016";"Sensitivity | Current Policies | Interest rate";"Electricity"
"OPEX";"Taxes";"PL";"Network Costs - MCS";"Rigid";"BAU";"EUR/kWh";2040;"0.019";"Sensitivity | Current Policies | Interest rate";"Electricity"
"OPEX";"Taxes";"PL";"Network Costs - MCS";"Tractor-Trailer";"BAU";"EUR/kWh";2040;"0.019";"Sensitivity | Current Policies | Interest rate";"Electricity"
"OPEX";"Taxes";"UK";"Network Costs - MCS";"Rigid";"BAU";"EUR/kWh";2040;"0.027";"Sensitivity | Current Policies | Interest rate";"Electricity"
"OPEX";"Taxes";"UK";"Network Costs - MCS";"Tractor-Trailer";"BAU";"EUR/kWh";2040;"0.027";"Sensitivity | Current Policies | Interest rate";"Electricity"
"OPEX";"Taxes";"DE";"Taxes, Fees, Levies and charges - MCS";"Rigid";"BAU";"EUR/kWh";2040;"0.056";"Sensitivity | Current Policies | Interest rate";"Electricity"
"OPEX";"Taxes";"DE";"Taxes, Fees, Levies and charges - MCS";"Tractor-Trailer";"BAU";"EUR/kWh";2040;"0.056";"Sensitivity | Current Policies | Interest rate";"Electricity"
"OPEX";"Taxes";"ES";"Taxes, Fees, Levies and charges - MCS";"Rigid";"BAU";"EUR/kWh";2040;"0.036";"Sensitivity | Current Policies | Interest rate";"Electricity"
"OPEX";"Taxes";"ES";"Taxes, Fees, Levies and charges - MCS";"Tractor-Trailer";"BAU";"EUR/kWh";2040;"0.036";"Sensitivity | Current Policies | Interest rate";"Electricity"
"OPEX";"Taxes";"FR";"Taxes, Fees, Levies and charges - MCS";"Rigid";"BAU";"EUR/kWh";2040;"0.03";"Sensitivity | Current Policies | Interest rate";"Electricity"
"OPEX";"Taxes";"FR";"Taxes, Fees, Levies and charges - MCS";"Tractor-Trailer";"BAU";"EUR/kWh";2040;"0.03";"Sensitivity | Current Policies | Interest rate";"Electricity"
"OPEX";"Taxes";"IT";"Taxes, Fees, Levies and charges - MCS";"Rigid";"BAU";"EUR/kWh";2040;"0.062";"Sensitivity | Current Policies | Interest rate";"Electricity"
"OPEX";"Taxes";"IT";"Taxes, Fees, Levies and charges - MCS";"Tractor-Trailer";"BAU";"EUR/kWh";2040;"0.062";"Sensitivity | Current Policies | Interest rate";"Electricity"
"OPEX";"Taxes";"NL";"Taxes, Fees, Levies and charges - MCS";"Rigid";"BAU";"EUR/kWh";2040;"0.055";"Sensitivity | Current Policies | Interest rate";"Electricity"
"OPEX";"Taxes";"NL";"Taxes, Fees, Levies and charges - MCS";"Tractor-Trailer";"BAU";"EUR/kWh";2040;"0.055";"Sensitivity | Current Policies | Interest rate";"Electricity"
"OPEX";"Taxes";"PL";"Taxes, Fees, Levies and charges - MCS";"Rigid";"BAU";"EUR/kWh";2040;"0.049";"Sensitivity | Current Policies | Interest rate";"Electricity"
"OPEX";"Taxes";"PL";"Taxes, Fees, Levies and charges - MCS";"Tractor-Trailer";"BAU";"EUR/kWh";2040;"0.049";"Sensitivity | Current Policies | Interest rate";"Electricity"
"OPEX";"Taxes";"UK";"Taxes, Fees, Levies and charges - MCS";"Rigid";"BAU";"EUR/kWh";2040;"0.077";"Sensitivity | Current Policies | Interest rate";"Electricity"
"OPEX";"Taxes";"UK";"Taxes, Fees, Levies and charges - MCS";"Tractor-Trailer";"BAU";"EUR/kWh";2040;"0.077";"Sensitivity | Current Policies | Interest rate";"Electricity"
"OPEX";"Taxes";"DE";"Network Costs - Depot";"Rigid";"BAU";"EUR/kWh";2040;"0.034";"Sensitivity | Current Policies | Interest rate";"Electricity"
"OPEX";"Taxes";"DE";"Network Costs - Depot";"Tractor-Trailer";"BAU";"EUR/kWh";2040;"0.034";"Sensitivity | Current Policies | Interest rate";"Electricity"
"OPEX";"Taxes";"ES";"Network Costs - Depot";"Rigid";"BAU";"EUR/kWh";2040;"0.018";"Sensitivity | Current Policies | Interest rate";"Electricity"
"OPEX";"Taxes";"ES";"Network Costs - Depot";"Tractor-Trailer";"BAU";"EUR/kWh";2040;"0.018";"Sensitivity | Current Policies | Interest rate";"Electricity"
"OPEX";"Taxes";"FR";"Network Costs - Depot";"Rigid";"BAU";"EUR/kWh";2040;"0.018";"Sensitivity | Current Policies | Interest rate";"Electricity"
"OPEX";"Taxes";"FR";"Network Costs - Depot";"Tractor-Trailer";"BAU";"EUR/kWh";2040;"0.018";"Sensitivity | Current Policies | Interest rate";"Electricity"
"OPEX";"Taxes";"IT";"Network Costs - Depot";"Rigid";"BAU";"EUR/kWh";2040;"0.016";"Sensitivity | Current Policies | Interest rate";"Electricity"
"OPEX";"Taxes";"IT";"Network Costs - Depot";"Tractor-Trailer";"BAU";"EUR/kWh";2040;"0.016";"Sensitivity | Current Policies | Interest rate";"Electricity"
"OPEX";"Taxes";"NL";"Network Costs - Depot";"Rigid";"BAU";"EUR/kWh";2040;"0.016";"Sensitivity | Current Policies | Interest rate";"Electricity"
"OPEX";"Taxes";"NL";"Network Costs - Depot";"Tractor-Trailer";"BAU";"EUR/kWh";2040;"0.016";"Sensitivity | Current Policies | Interest rate";"Electricity"
"OPEX";"Taxes";"PL";"Network Costs - Depot";"Rigid";"BAU";"EUR/kWh";2040;"0.019";"Sensitivity | Current Policies | Interest rate";"Electricity"
"OPEX";"Taxes";"PL";"Network Costs - Depot";"Tractor-Trailer";"BAU";"EUR/kWh";2040;"0.019";"Sensitivity | Current Policies | Interest rate";"Electricity"
"OPEX";"Taxes";"UK";"Network Costs - Depot";"Rigid";"BAU";"EUR/kWh";2040;"0.027";"Sensitivity | Current Policies | Interest rate";"Electricity"
"OPEX";"Taxes";"UK";"Network Costs - Depot";"Tractor-Trailer";"BAU";"EUR/kWh";2040;"0.027";"Sensitivity | Current Policies | Interest rate";"Electricity"
"OPEX";"Taxes";"DE";"Taxes, Fees, Levies and charges - Depot";"Rigid";"BAU";"EUR/kWh";2040;"0.056";"Sensitivity | Current Policies | Interest rate";"Electricity"
"OPEX";"Taxes";"DE";"Taxes, Fees, Levies and charges - Depot";"Tractor-Trailer";"BAU";"EUR/kWh";2040;"0.056";"Sensitivity | Current Policies | Interest rate";"Electricity"
"OPEX";"Taxes";"ES";"Taxes, Fees, Levies and charges - Depot";"Rigid";"BAU";"EUR/kWh";2040;"0.036";"Sensitivity | Current Policies | Interest rate";"Electricity"
"OPEX";"Taxes";"ES";"Taxes, Fees, Levies and charges - Depot";"Tractor-Trailer";"BAU";"EUR/kWh";2040;"0.036";"Sensitivity | Current Policies | Interest rate";"Electricity"
"OPEX";"Taxes";"FR";"Taxes, Fees, Levies and charges - Depot";"Rigid";"BAU";"EUR/kWh";2040;"0.03";"Sensitivity | Current Policies | Interest rate";"Electricity"
"OPEX";"Taxes";"FR";"Taxes, Fees, Levies and charges - Depot";"Tractor-Trailer";"BAU";"EUR/kWh";2040;"0.03";"Sensitivity | Current Policies | Interest rate";"Electricity"
"OPEX";"Taxes";"IT";"Taxes, Fees, Levies and charges - Depot";"Rigid";"BAU";"EUR/kWh";2040;"0.063";"Sensitivity | Current Policies | Interest rate";"Electricity"
"OPEX";"Taxes";"IT";"Taxes, Fees, Levies and charges - Depot";"Tractor-Trailer";"BAU";"EUR/kWh";2040;"0.063";"Sensitivity | Current Policies | Interest rate";"Electricity"
"OPEX";"Taxes";"NL";"Taxes, Fees, Levies and charges - Depot";"Rigid";"BAU";"EUR/kWh";2040;"0.055";"Sensitivity | Current Policies | Interest rate";"Electricity"
"OPEX";"Taxes";"NL";"Taxes, Fees, Levies and charges - Depot";"Tractor-Trailer";"BAU";"EUR/kWh";2040;"0.055";"Sensitivity | Current Policies | Interest rate";"Electricity"
"OPEX";"Taxes";"PL";"Taxes, Fees, Levies and charges - Depot";"Rigid";"BAU";"EUR/kWh";2040;"0.049";"Sensitivity | Current Policies | Interest rate";"Electricity"
"OPEX";"Taxes";"PL";"Taxes, Fees, Levies and charges - Depot";"Tractor-Trailer";"BAU";"EUR/kWh";2040;"0.049";"Sensitivity | Current Policies | Interest rate";"Electricity"
"OPEX";"Taxes";"UK";"Taxes, Fees, Levies and charges - Depot";"Rigid";"BAU";"EUR/kWh";2040;"0.077";"Sensitivity | Current Policies | Interest rate";"Electricity"
"OPEX";"Taxes";"UK";"Taxes, Fees, Levies and charges - Depot";"Tractor-Trailer";"BAU";"EUR/kWh";2040;"0.077";"Sensitivity | Current Policies | Interest rate";"Electricity"
"OPEX";"H2 Infrastructure";"DE";"HRS costs";"Rigid";"BAU";"EUR/kg H2";2040;"1.2";"Sensitivity | Current Policies | Interest rate";"Hydrogen"
"OPEX";"H2 Infrastructure";"DE";"HRS costs";"Tractor-Trailer";"BAU";"EUR/kg H2";2040;"1.2";"Sensitivity | Current Policies | Interest rate";"Hydrogen"
"OPEX";"H2 Infrastructure";"ES";"HRS costs";"Rigid";"BAU";"EUR/kg H2";2040;"1.2";"Sensitivity | Current Policies | Interest rate";"Hydrogen"
"OPEX";"H2 Infrastructure";"ES";"HRS costs";"Tractor-Trailer";"BAU";"EUR/kg H2";2040;"1.2";"Sensitivity | Current Policies | Interest rate";"Hydrogen"
"OPEX";"H2 Infrastructure";"FR";"HRS costs";"Rigid";"BAU";"EUR/kg H2";2040;"1.2";"Sensitivity | Current Policies | Interest rate";"Hydrogen"
"OPEX";"H2 Infrastructure";"FR";"HRS costs";"Tractor-Trailer";"BAU";"EUR/kg H2";2040;"1.2";"Sensitivity | Current Policies | Interest rate";"Hydrogen"
"OPEX";"H2 Infrastructure";"IT";"HRS costs";"Rigid";"BAU";"EUR/kg H2";2040;"1.2";"Sensitivity | Current Policies | Interest rate";"Hydrogen"
"OPEX";"H2 Infrastructure";"IT";"HRS costs";"Tractor-Trailer";"BAU";"EUR/kg H2";2040;"1.2";"Sensitivity | Current Policies | Interest rate";"Hydrogen"
"OPEX";"H2 Infrastructure";"NL";"HRS costs";"Rigid";"BAU";"EUR/kg H2";2040;"1.2";"Sensitivity | Current Policies | Interest rate";"Hydrogen"
"OPEX";"H2 Infrastructure";"NL";"HRS costs";"Tractor-Trailer";"BAU";"EUR/kg H2";2040;"1.2";"Sensitivity | Current Policies | Interest rate";"Hydrogen"
"OPEX";"H2 Infrastructure";"PL";"HRS costs";"Rigid";"BAU";"EUR/kg H2";2040;"1.2";"Sensitivity | Current Policies | Interest rate";"Hydrogen"
"OPEX";"H2 Infrastructure";"PL";"HRS costs";"Tractor-Trailer";"BAU";"EUR/kg H2";2040;"1.2";"Sensitivity | Current Policies | Interest rate";"Hydrogen"
"OPEX";"H2 Infrastructure";"UK";"HRS costs";"Rigid";"BAU";"EUR/kg H2";2040;"1.2";"Sensitivity | Current Policies | Interest rate";"Hydrogen"
"OPEX";"H2 Infrastructure";"UK";"HRS costs";"Tractor-Trailer";"BAU";"EUR/kg H2";2040;"1.2";"Sensitivity | Current Policies | Interest rate";"Hydrogen"
"OPEX";"H2 Infrastructure";"DE";"H2 transport and distribution";"Rigid";"BAU";"EUR/kg H2";2040;"1.167";"Sensitivity | Current Policies | Interest rate";"Hydrogen"
"OPEX";"H2 Infrastructure";"DE";"H2 transport and distribution";"Tractor-Trailer";"BAU";"EUR/kg H2";2040;"1.167";"Sensitivity | Current Policies | Interest rate";"Hydrogen"
"OPEX";"H2 Infrastructure";"ES";"H2 transport and distribution";"Rigid";"BAU";"EUR/kg H2";2040;"1.167";"Sensitivity | Current Policies | Interest rate";"Hydrogen"
"OPEX";"H2 Infrastructure";"ES";"H2 transport and distribution";"Tractor-Trailer";"BAU";"EUR/kg H2";2040;"1.167";"Sensitivity | Current Policies | Interest rate";"Hydrogen"
"OPEX";"H2 Infrastructure";"FR";"H2 transport and distribution";"Rigid";"BAU";"EUR/kg H2";2040;"1.167";"Sensitivity | Current Policies | Interest rate";"Hydrogen"
"OPEX";"H2 Infrastructure";"FR";"H2 transport and distribution";"Tractor-Trailer";"BAU";"EUR/kg H2";2040;"1.167";"Sensitivity | Current Policies | Interest rate";"Hydrogen"
"OPEX";"H2 Infrastructure";"IT";"H2 transport and distribution";"Rigid";"BAU";"EUR/kg H2";2040;"1.167";"Sensitivity | Current Policies | Interest rate";"Hydrogen"
"OPEX";"H2 Infrastructure";"IT";"H2 transport and distribution";"Tractor-Trailer";"BAU";"EUR/kg H2";2040;"1.167";"Sensitivity | Current Policies | Interest rate";"Hydrogen"
"OPEX";"H2 Infrastructure";"NL";"H2 transport and distribution";"Rigid";"BAU";"EUR/kg H2";2040;"1.167";"Sensitivity | Current Policies | Interest rate";"Hydrogen"
"OPEX";"H2 Infrastructure";"NL";"H2 transport and distribution";"Tractor-Trailer";"BAU";"EUR/kg H2";2040;"1.167";"Sensitivity | Current Policies | Interest rate";"Hydrogen"
"OPEX";"H2 Infrastructure";"PL";"H2 transport and distribution";"Rigid";"BAU";"EUR/kg H2";2040;"1.167";"Sensitivity | Current Policies | Interest rate";"Hydrogen"
"OPEX";"H2 Infrastructure";"PL";"H2 transport and distribution";"Tractor-Trailer";"BAU";"EUR/kg H2";2040;"1.167";"Sensitivity | Current Policies | Interest rate";"Hydrogen"
"OPEX";"H2 Infrastructure";"UK";"H2 transport and distribution";"Rigid";"BAU";"EUR/kg H2";2040;"1.167";"Sensitivity | Current Policies | Interest rate";"Hydrogen"
"OPEX";"H2 Infrastructure";"UK";"H2 transport and distribution";"Tractor-Trailer";"BAU";"EUR/kg H2";2040;"1.167";"Sensitivity | Current Policies | Interest rate";"Hydrogen"
"OPEX";"H2 Infrastructure";"DE";"HRS Overhead, Profit and Mark-Up";"Rigid";"BAU";"EUR/kg H2";2040;"0.25";"Sensitivity | Current Policies | Interest rate";"Hydrogen"
"OPEX";"H2 Infrastructure";"DE";"HRS Overhead, Profit and Mark-Up";"Tractor-Trailer";"BAU";"EUR/kg H2";2040;"0.25";"Sensitivity | Current Policies | Interest rate";"Hydrogen"
"OPEX";"H2 Infrastructure";"ES";"HRS Overhead, Profit and Mark-Up";"Rigid";"BAU";"EUR/kg H2";2040;"0.25";"Sensitivity | Current Policies | Interest rate";"Hydrogen"
"OPEX";"H2 Infrastructure";"ES";"HRS Overhead, Profit and Mark-Up";"Tractor-Trailer";"BAU";"EUR/kg H2";2040;"0.25";"Sensitivity | Current Policies | Interest rate";"Hydrogen"
"OPEX";"H2 Infrastructure";"FR";"HRS Overhead, Profit and Mark-Up";"Rigid";"BAU";"EUR/kg H2";2040;"0.25";"Sensitivity | Current Policies | Interest rate";"Hydrogen"
"OPEX";"H2 Infrastructure";"FR";"HRS Overhead, Profit and Mark-Up";"Tractor-Trailer";"BAU";"EUR/kg H2";2040;"0.25";"Sensitivity | Current Policies | Interest rate";"Hydrogen"
"OPEX";"H2 Infrastructure";"IT";"HRS Overhead, Profit and Mark-Up";"Rigid";"BAU";"EUR/kg H2";2040;"0.25";"Sensitivity | Current Policies | Interest rate";"Hydrogen"
"OPEX";"H2 Infrastructure";"IT";"HRS Overhead, Profit and Mark-Up";"Tractor-Trailer";"BAU";"EUR/kg H2";2040;"0.25";"Sensitivity | Current Policies | Interest rate";"Hydrogen"
"OPEX";"H2 Infrastructure";"NL";"HRS Overhead, Profit and Mark-Up";"Rigid";"BAU";"EUR/kg H2";2040;"0.25";"Sensitivity | Current Policies | Interest rate";"Hydrogen"
"OPEX";"H2 Infrastructure";"NL";"HRS Overhead, Profit and Mark-Up";"Tractor-Trailer";"BAU";"EUR/kg H2";2040;"0.25";"Sensitivity | Current Policies | Interest rate";"Hydrogen"
"OPEX";"H2 Infrastructure";"PL";"HRS Overhead, Profit and Mark-Up";"Rigid";"BAU";"EUR/kg H2";2040;"0.25";"Sensitivity | Current Policies | Interest rate";"Hydrogen"
"OPEX";"H2 Infrastructure";"PL";"HRS Overhead, Profit and Mark-Up";"Tractor-Trailer";"BAU";"EUR/kg H2";2040;"0.25";"Sensitivity | Current Policies | Interest rate";"Hydrogen"
"OPEX";"H2 Infrastructure";"UK";"HRS Overhead, Profit and Mark-Up";"Rigid";"BAU";"EUR/kg H2";2040;"0.25";"Sensitivity | Current Policies | Interest rate";"Hydrogen"
"OPEX";"H2 Infrastructure";"UK";"HRS Overhead, Profit and Mark-Up";"Tractor-Trailer";"BAU";"EUR/kg H2";2040;"0.25";"Sensitivity | Current Policies | Interest rate";"Hydrogen"
"OPEX";"Charging Infrastructure";"DE";"MCS Station (Public Charging) - Incl. Overhead";"Rigid";"BAU";"EUR/kWh";2040;"0.043";"Sensitivity | Current Policies | Interest rate";"Electricity"
"OPEX";"Charging Infrastructure";"DE";"MCS Station (Public Charging) - Incl. Overhead";"Tractor-Trailer";"BAU";"EUR/kWh";2040;"0.043";"Sensitivity | Current Policies | Interest rate";"Electricity"
"OPEX";"Charging Infrastructure";"ES";"MCS Station (Public Charging) - Incl. Overhead";"Rigid";"BAU";"EUR/kWh";2040;"0.043";"Sensitivity | Current Policies | Interest rate";"Electricity"
"OPEX";"Charging Infrastructure";"ES";"MCS Station (Public Charging) - Incl. Overhead";"Tractor-Trailer";"BAU";"EUR/kWh";2040;"0.043";"Sensitivity | Current Policies | Interest rate";"Electricity"
"OPEX";"Charging Infrastructure";"FR";"MCS Station (Public Charging) - Incl. Overhead";"Rigid";"BAU";"EUR/kWh";2040;"0.043";"Sensitivity | Current Policies | Interest rate";"Electricity"
"OPEX";"Charging Infrastructure";"FR";"MCS Station (Public Charging) - Incl. Overhead";"Tractor-Trailer";"BAU";"EUR/kWh";2040;"0.043";"Sensitivity | Current Policies | Interest rate";"Electricity"
"OPEX";"Charging Infrastructure";"IT";"MCS Station (Public Charging) - Incl. Overhead";"Rigid";"BAU";"EUR/kWh";2040;"0.043";"Sensitivity | Current Policies | Interest rate";"Electricity"
"OPEX";"Charging Infrastructure";"IT";"MCS Station (Public Charging) - Incl. Overhead";"Tractor-Trailer";"BAU";"EUR/kWh";2040;"0.043";"Sensitivity | Current Policies | Interest rate";"Electricity"
"OPEX";"Charging Infrastructure";"NL";"MCS Station (Public Charging) - Incl. Overhead";"Rigid";"BAU";"EUR/kWh";2040;"0.043";"Sensitivity | Current Policies | Interest rate";"Electricity"
"OPEX";"Charging Infrastructure";"NL";"MCS Station (Public Charging) - Incl. Overhead";"Tractor-Trailer";"BAU";"EUR/kWh";2040;"0.043";"Sensitivity | Current Policies | Interest rate";"Electricity"
"OPEX";"Charging Infrastructure";"PL";"MCS Station (Public Charging) - Incl. Overhead";"Rigid";"BAU";"EUR/kWh";2040;"0.043";"Sensitivity | Current Policies | Interest rate";"Electricity"
"OPEX";"Charging Infrastructure";"PL";"MCS Station (Public Charging) - Incl. Overhead";"Tractor-Trailer";"BAU";"EUR/kWh";2040;"0.043";"Sensitivity | Current Policies | Interest rate";"Electricity"
"OPEX";"Charging Infrastructure";"UK";"MCS Station (Public Charging) - Incl. Overhead";"Rigid";"BAU";"EUR/kWh";2040;"0.043";"Sensitivity | Current Policies | Interest rate";"Electricity"
"OPEX";"Charging Infrastructure";"UK";"MCS Station (Public Charging) - Incl. Overhead";"Tractor-Trailer";"BAU";"EUR/kWh";2040;"0.043";"Sensitivity | Current Policies | Interest rate";"Electricity"
"OPEX";"Charging Infrastructure";"DE";"Share MCS-Charging";"Rigid";"BAU";"%";2040;"0.2";"Sensitivity | Current Policies | Interest rate";"Electricity"
"OPEX";"Charging Infrastructure";"DE";"Share MCS-Charging";"Tractor-Trailer";"BAU";"%";2040;"0.2";"Sensitivity | Current Policies | Interest rate";"Electricity"
"OPEX";"Charging Infrastructure";"ES";"Share MCS-Charging";"Rigid";"BAU";"%";2040;"0.2";"Sensitivity | Current Policies | Interest rate";"Electricity"
"OPEX";"Charging Infrastructure";"ES";"Share MCS-Charging";"Tractor-Trailer";"BAU";"%";2040;"0.2";"Sensitivity | Current Policies | Interest rate";"Electricity"
"OPEX";"Charging Infrastructure";"FR";"Share MCS-Charging";"Rigid";"BAU";"%";2040;"0.2";"Sensitivity | Current Policies | Interest rate";"Electricity"
"OPEX";"Charging Infrastructure";"FR";"Share MCS-Charging";"Tractor-Trailer";"BAU";"%";2040;"0.2";"Sensitivity | Current Policies | Interest rate";"Electricity"
"OPEX";"Charging Infrastructure";"IT";"Share MCS-Charging";"Rigid";"BAU";"%";2040;"0.2";"Sensitivity | Current Policies | Interest rate";"Electricity"
"OPEX";"Charging Infrastructure";"IT";"Share MCS-Charging";"Tractor-Trailer";"BAU";"%";2040;"0.2";"Sensitivity | Current Policies | Interest rate";"Electricity"
"OPEX";"Charging Infrastructure";"NL";"Share MCS-Charging";"Rigid";"BAU";"%";2040;"0.2";"Sensitivity | Current Policies | Interest rate";"Electricity"
"OPEX";"Charging Infrastructure";"NL";"Share MCS-Charging";"Tractor-Trailer";"BAU";"%";2040;"0.2";"Sensitivity | Current Policies | Interest rate";"Electricity"
"OPEX";"Charging Infrastructure";"PL";"Share MCS-Charging";"Rigid";"BAU";"%";2040;"0.2";"Sensitivity | Current Policies | Interest rate";"Electricity"
"OPEX";"Charging Infrastructure";"PL";"Share MCS-Charging";"Tractor-Trailer";"BAU";"%";2040;"0.2";"Sensitivity | Current Policies | Interest rate";"Electricity"
"OPEX";"Charging Infrastructure";"UK";"Share MCS-Charging";"Rigid";"BAU";"%";2040;"0.2";"Sensitivity | Current Policies | Interest rate";"Electricity"
"OPEX";"Charging Infrastructure";"UK";"Share MCS-Charging";"Tractor-Trailer";"BAU";"%";2040;"0.2";"Sensitivity | Current Policies | Interest rate";"Electricity"
"OPEX";"Charging Infrastructure";"DE";"Depot - Network fees savings potential";"Rigid";"BAU";"EUR/kWh";2040;"0";"Sensitivity | Current Policies | Interest rate";"Electricity"
"OPEX";"Charging Infrastructure";"DE";"Depot - Network fees savings potential";"Tractor-Trailer";"BAU";"EUR/kWh";2040;"0";"Sensitivity | Current Policies | Interest rate";"Electricity"
"OPEX";"Charging Infrastructure";"ES";"Depot - Network fees savings potential";"Rigid";"BAU";"EUR/kWh";2040;"0";"Sensitivity | Current Policies | Interest rate";"Electricity"
"OPEX";"Charging Infrastructure";"ES";"Depot - Network fees savings potential";"Tractor-Trailer";"BAU";"EUR/kWh";2040;"0";"Sensitivity | Current Policies | Interest rate";"Electricity"
"OPEX";"Charging Infrastructure";"FR";"Depot - Network fees savings potential";"Rigid";"BAU";"EUR/kWh";2040;"0";"Sensitivity | Current Policies | Interest rate";"Electricity"
"OPEX";"Charging Infrastructure";"FR";"Depot - Network fees savings potential";"Tractor-Trailer";"BAU";"EUR/kWh";2040;"0";"Sensitivity | Current Policies | Interest rate";"Electricity"
"OPEX";"Charging Infrastructure";"IT";"Depot - Network fees savings potential";"Rigid";"BAU";"EUR/kWh";2040;"0";"Sensitivity | Current Policies | Interest rate";"Electricity"
"OPEX";"Charging Infrastructure";"IT";"Depot - Network fees savings potential";"Tractor-Trailer";"BAU";"EUR/kWh";2040;"0";"Sensitivity | Current Policies | Interest rate";"Electricity"
"OPEX";"Charging Infrastructure";"NL";"Depot - Network fees savings potential";"Rigid";"BAU";"EUR/kWh";2040;"0";"Sensitivity | Current Policies | Interest rate";"Electricity"
"OPEX";"Charging Infrastructure";"NL";"Depot - Network fees savings potential";"Tractor-Trailer";"BAU";"EUR/kWh";2040;"0";"Sensitivity | Current Policies | Interest rate";"Electricity"
"OPEX";"Charging Infrastructure";"PL";"Depot - Network fees savings potential";"Rigid";"BAU";"EUR/kWh";2040;"0";"Sensitivity | Current Policies | Interest rate";"Electricity"
"OPEX";"Charging Infrastructure";"PL";"Depot - Network fees savings potential";"Tractor-Trailer";"BAU";"EUR/kWh";2040;"0";"Sensitivity | Current Policies | Interest rate";"Electricity"
"OPEX";"Charging Infrastructure";"UK";"Depot - Network fees savings potential";"Rigid";"BAU";"EUR/kWh";2040;"0";"Sensitivity | Current Policies | Interest rate";"Electricity"
"OPEX";"Charging Infrastructure";"UK";"Depot - Network fees savings potential";"Tractor-Trailer";"BAU";"EUR/kWh";2040;"0";"Sensitivity | Current Policies | Interest rate";"Electricity"
"OPEX";"Taxes";"DE";"Tax reduction";"Rigid";"BAU";"%";2040;"0";"Sensitivity | Current Policies | Interest rate";"Hydrogen"
"OPEX";"Taxes";"DE";"Tax reduction";"Tractor-Trailer";"BAU";"%";2040;"0";"Sensitivity | Current Policies | Interest rate";"Hydrogen"
"OPEX";"Taxes";"ES";"Tax reduction";"Rigid";"BAU";"%";2040;"0";"Sensitivity | Current Policies | Interest rate";"Hydrogen"
"OPEX";"Taxes";"ES";"Tax reduction";"Tractor-Trailer";"BAU";"%";2040;"0";"Sensitivity | Current Policies | Interest rate";"Hydrogen"
"OPEX";"Taxes";"FR";"Tax reduction";"Rigid";"BAU";"%";2040;"0";"Sensitivity | Current Policies | Interest rate";"Hydrogen"
"OPEX";"Taxes";"FR";"Tax reduction";"Tractor-Trailer";"BAU";"%";2040;"0";"Sensitivity | Current Policies | Interest rate";"Hydrogen"
"OPEX";"Taxes";"IT";"Tax reduction";"Rigid";"BAU";"%";2040;"0";"Sensitivity | Current Policies | Interest rate";"Hydrogen"
"OPEX";"Taxes";"IT";"Tax reduction";"Tractor-Trailer";"BAU";"%";2040;"0";"Sensitivity | Current Policies | Interest rate";"Hydrogen"
"OPEX";"Taxes";"NL";"Tax reduction";"Rigid";"BAU";"%";2040;"0";"Sensitivity | Current Policies | Interest rate";"Hydrogen"
"OPEX";"Taxes";"NL";"Tax reduction";"Tractor-Trailer";"BAU";"%";2040;"0";"Sensitivity | Current Policies | Interest rate";"Hydrogen"
"OPEX";"Taxes";"PL";"Tax reduction";"Rigid";"BAU";"%";2040;"0";"Sensitivity | Current Policies | Interest rate";"Hydrogen"
"OPEX";"Taxes";"PL";"Tax reduction";"Tractor-Trailer";"BAU";"%";2040;"0";"Sensitivity | Current Policies | Interest rate";"Hydrogen"
"OPEX";"Taxes";"UK";"Tax reduction";"Rigid";"BAU";"%";2040;"0";"Sensitivity | Current Policies | Interest rate";"Hydrogen"
"OPEX";"Taxes";"UK";"Tax reduction";"Tractor-Trailer";"BAU";"%";2040;"0";"Sensitivity | Current Policies | Interest rate";"Hydrogen"
"OPEX";"Taxes";"DE";"Increasing grid fees";"Rigid";"BAU";"%";2040;"0.333";"Sensitivity | Current Policies | Interest rate";"Electricity"
"OPEX";"Taxes";"DE";"Increasing grid fees";"Tractor-Trailer";"BAU";"%";2040;"0.333";"Sensitivity | Current Policies | Interest rate";"Electricity"
"OPEX";"Taxes";"ES";"Increasing grid fees";"Rigid";"BAU";"%";2040;"0.333";"Sensitivity | Current Policies | Interest rate";"Electricity"
"OPEX";"Taxes";"ES";"Increasing grid fees";"Tractor-Trailer";"BAU";"%";2040;"0.333";"Sensitivity | Current Policies | Interest rate";"Electricity"
"OPEX";"Taxes";"FR";"Increasing grid fees";"Rigid";"BAU";"%";2040;"0.333";"Sensitivity | Current Policies | Interest rate";"Electricity"
"OPEX";"Taxes";"FR";"Increasing grid fees";"Tractor-Trailer";"BAU";"%";2040;"0.333";"Sensitivity | Current Policies | Interest rate";"Electricity"
"OPEX";"Taxes";"IT";"Increasing grid fees";"Rigid";"BAU";"%";2040;"0.333";"Sensitivity | Current Policies | Interest rate";"Electricity"
"OPEX";"Taxes";"IT";"Increasing grid fees";"Tractor-Trailer";"BAU";"%";2040;"0.333";"Sensitivity | Current Policies | Interest rate";"Electricity"
"OPEX";"Taxes";"NL";"Increasing grid fees";"Rigid";"BAU";"%";2040;"0.333";"Sensitivity | Current Policies | Interest rate";"Electricity"
"OPEX";"Taxes";"NL";"Increasing grid fees";"Tractor-Trailer";"BAU";"%";2040;"0.333";"Sensitivity | Current Policies | Interest rate";"Electricity"
"OPEX";"Taxes";"PL";"Increasing grid fees";"Rigid";"BAU";"%";2040;"0.333";"Sensitivity | Current Policies | Interest rate";"Electricity"
"OPEX";"Taxes";"PL";"Increasing grid fees";"Tractor-Trailer";"BAU";"%";2040;"0.333";"Sensitivity | Current Policies | Interest rate";"Electricity"
"OPEX";"Taxes";"UK";"Increasing grid fees";"Rigid";"BAU";"%";2040;"0.333";"Sensitivity | Current Policies | Interest rate";"Electricity"
"OPEX";"Taxes";"UK";"Increasing grid fees";"Tractor-Trailer";"BAU";"%";2040;"0.333";"Sensitivity | Current Policies | Interest rate";"Electricity"
"OPEX";"Taxes";"DE";"Excise Duty - Diesel";"Rigid";"BAU";"EUR/kWh";2045;"0.047";"Sensitivity | Current Policies | Interest rate";"Diesel"
"OPEX";"Taxes";"DE";"Excise Duty - Diesel";"Tractor-Trailer";"BAU";"EUR/kWh";2045;"0.047";"Sensitivity | Current Policies | Interest rate";"Diesel"
"OPEX";"Taxes";"ES";"Excise Duty - Diesel";"Rigid";"BAU";"EUR/kWh";2045;"0.038";"Sensitivity | Current Policies | Interest rate";"Diesel"
"OPEX";"Taxes";"ES";"Excise Duty - Diesel";"Tractor-Trailer";"BAU";"EUR/kWh";2045;"0.038";"Sensitivity | Current Policies | Interest rate";"Diesel"
"OPEX";"Taxes";"FR";"Excise Duty - Diesel";"Rigid";"BAU";"EUR/kWh";2045;"0.06";"Sensitivity | Current Policies | Interest rate";"Diesel"
"OPEX";"Taxes";"FR";"Excise Duty - Diesel";"Tractor-Trailer";"BAU";"EUR/kWh";2045;"0.06";"Sensitivity | Current Policies | Interest rate";"Diesel"
"OPEX";"Taxes";"IT";"Excise Duty - Diesel";"Rigid";"BAU";"EUR/kWh";2045;"0.062";"Sensitivity | Current Policies | Interest rate";"Diesel"
"OPEX";"Taxes";"IT";"Excise Duty - Diesel";"Tractor-Trailer";"BAU";"EUR/kWh";2045;"0.062";"Sensitivity | Current Policies | Interest rate";"Diesel"
"OPEX";"Taxes";"NL";"Excise Duty - Diesel";"Rigid";"BAU";"EUR/kWh";2045;"0.053";"Sensitivity | Current Policies | Interest rate";"Diesel"
"OPEX";"Taxes";"NL";"Excise Duty - Diesel";"Tractor-Trailer";"BAU";"EUR/kWh";2045;"0.053";"Sensitivity | Current Policies | Interest rate";"Diesel"
"OPEX";"Taxes";"PL";"Excise Duty - Diesel";"Rigid";"BAU";"EUR/kWh";2045;"0.033";"Sensitivity | Current Policies | Interest rate";"Diesel"
"OPEX";"Taxes";"PL";"Excise Duty - Diesel";"Tractor-Trailer";"BAU";"EUR/kWh";2045;"0.033";"Sensitivity | Current Policies | Interest rate";"Diesel"
"OPEX";"Taxes";"UK";"Excise Duty - Diesel";"Rigid";"BAU";"EUR/kWh";2045;"0.053";"Sensitivity | Current Policies | Interest rate";"Diesel"
"OPEX";"Taxes";"UK";"Excise Duty - Diesel";"Tractor-Trailer";"BAU";"EUR/kWh";2045;"0.053";"Sensitivity | Current Policies | Interest rate";"Diesel"
"OPEX";"Taxes";"DE";"Excise Duty - Reduction biodiesel";"Rigid";"BAU";"%";2045;"0.5";"Sensitivity | Current Policies | Interest rate";"Diesel"
"OPEX";"Taxes";"DE";"Excise Duty - Reduction biodiesel";"Tractor-Trailer";"BAU";"%";2045;"0.5";"Sensitivity | Current Policies | Interest rate";"Diesel"
"OPEX";"Taxes";"ES";"Excise Duty - Reduction biodiesel";"Rigid";"BAU";"%";2045;"0.5";"Sensitivity | Current Policies | Interest rate";"Diesel"
"OPEX";"Taxes";"ES";"Excise Duty - Reduction biodiesel";"Tractor-Trailer";"BAU";"%";2045;"0.5";"Sensitivity | Current Policies | Interest rate";"Diesel"
"OPEX";"Taxes";"FR";"Excise Duty - Reduction biodiesel";"Rigid";"BAU";"%";2045;"0.5";"Sensitivity | Current Policies | Interest rate";"Diesel"
"OPEX";"Taxes";"FR";"Excise Duty - Reduction biodiesel";"Tractor-Trailer";"BAU";"%";2045;"0.5";"Sensitivity | Current Policies | Interest rate";"Diesel"
"OPEX";"Taxes";"IT";"Excise Duty - Reduction biodiesel";"Rigid";"BAU";"%";2045;"0.5";"Sensitivity | Current Policies | Interest rate";"Diesel"
"OPEX";"Taxes";"IT";"Excise Duty - Reduction biodiesel";"Tractor-Trailer";"BAU";"%";2045;"0.5";"Sensitivity | Current Policies | Interest rate";"Diesel"
"OPEX";"Taxes";"NL";"Excise Duty - Reduction biodiesel";"Rigid";"BAU";"%";2045;"0.5";"Sensitivity | Current Policies | Interest rate";"Diesel"
"OPEX";"Taxes";"NL";"Excise Duty - Reduction biodiesel";"Tractor-Trailer";"BAU";"%";2045;"0.5";"Sensitivity | Current Policies | Interest rate";"Diesel"
"OPEX";"Taxes";"PL";"Excise Duty - Reduction biodiesel";"Rigid";"BAU";"%";2045;"0.5";"Sensitivity | Current Policies | Interest rate";"Diesel"
"OPEX";"Taxes";"PL";"Excise Duty - Reduction biodiesel";"Tractor-Trailer";"BAU";"%";2045;"0.5";"Sensitivity | Current Policies | Interest rate";"Diesel"
"OPEX";"Taxes";"UK";"Excise Duty - Reduction biodiesel";"Rigid";"BAU";"%";2045;"0.5";"Sensitivity | Current Policies | Interest rate";"Diesel"
"OPEX";"Taxes";"UK";"Excise Duty - Reduction biodiesel";"Tractor-Trailer";"BAU";"%";2045;"0.5";"Sensitivity | Current Policies | Interest rate";"Diesel"
"OPEX";"Taxes";"DE";"Excise Duty - Reduction Synthetic Diesel (E-Fuels)";"Rigid";"BAU";"%";2045;"0.5";"Sensitivity | Current Policies | Interest rate";"Diesel"
"OPEX";"Taxes";"DE";"Excise Duty - Reduction Synthetic Diesel (E-Fuels)";"Tractor-Trailer";"BAU";"%";2045;"0.5";"Sensitivity | Current Policies | Interest rate";"Diesel"
"OPEX";"Taxes";"ES";"Excise Duty - Reduction Synthetic Diesel (E-Fuels)";"Rigid";"BAU";"%";2045;"0.5";"Sensitivity | Current Policies | Interest rate";"Diesel"
"OPEX";"Taxes";"ES";"Excise Duty - Reduction Synthetic Diesel (E-Fuels)";"Tractor-Trailer";"BAU";"%";2045;"0.5";"Sensitivity | Current Policies | Interest rate";"Diesel"
"OPEX";"Taxes";"FR";"Excise Duty - Reduction Synthetic Diesel (E-Fuels)";"Rigid";"BAU";"%";2045;"0.5";"Sensitivity | Current Policies | Interest rate";"Diesel"
"OPEX";"Taxes";"FR";"Excise Duty - Reduction Synthetic Diesel (E-Fuels)";"Tractor-Trailer";"BAU";"%";2045;"0.5";"Sensitivity | Current Policies | Interest rate";"Diesel"
"OPEX";"Taxes";"IT";"Excise Duty - Reduction Synthetic Diesel (E-Fuels)";"Rigid";"BAU";"%";2045;"0.5";"Sensitivity | Current Policies | Interest rate";"Diesel"
"OPEX";"Taxes";"IT";"Excise Duty - Reduction Synthetic Diesel (E-Fuels)";"Tractor-Trailer";"BAU";"%";2045;"0.5";"Sensitivity | Current Policies | Interest rate";"Diesel"
"OPEX";"Taxes";"NL";"Excise Duty - Reduction Synthetic Diesel (E-Fuels)";"Rigid";"BAU";"%";2045;"0.5";"Sensitivity | Current Policies | Interest rate";"Diesel"
"OPEX";"Taxes";"NL";"Excise Duty - Reduction Synthetic Diesel (E-Fuels)";"Tractor-Trailer";"BAU";"%";2045;"0.5";"Sensitivity | Current Policies | Interest rate";"Diesel"
"OPEX";"Taxes";"PL";"Excise Duty - Reduction Synthetic Diesel (E-Fuels)";"Rigid";"BAU";"%";2045;"0.5";"Sensitivity | Current Policies | Interest rate";"Diesel"
"OPEX";"Taxes";"PL";"Excise Duty - Reduction Synthetic Diesel (E-Fuels)";"Tractor-Trailer";"BAU";"%";2045;"0.5";"Sensitivity | Current Policies | Interest rate";"Diesel"
"OPEX";"Taxes";"UK";"Excise Duty - Reduction Synthetic Diesel (E-Fuels)";"Rigid";"BAU";"%";2045;"0.5";"Sensitivity | Current Policies | Interest rate";"Diesel"
"OPEX";"Taxes";"UK";"Excise Duty - Reduction Synthetic Diesel (E-Fuels)";"Tractor-Trailer";"BAU";"%";2045;"0.5";"Sensitivity | Current Policies | Interest rate";"Diesel"
"OPEX";"Taxes";"DE";"Taxes, Fees, Levies and charges - H2";"Rigid";"BAU";"EUR/kWh";2045;"0.015";"Sensitivity | Current Policies | Interest rate";"Hydrogen"
"OPEX";"Taxes";"DE";"Taxes, Fees, Levies and charges - H2";"Tractor-Trailer";"BAU";"EUR/kWh";2045;"0.015";"Sensitivity | Current Policies | Interest rate";"Hydrogen"
"OPEX";"Taxes";"ES";"Taxes, Fees, Levies and charges - H2";"Rigid";"BAU";"EUR/kWh";2045;"0.008";"Sensitivity | Current Policies | Interest rate";"Hydrogen"
"OPEX";"Taxes";"ES";"Taxes, Fees, Levies and charges - H2";"Tractor-Trailer";"BAU";"EUR/kWh";2045;"0.008";"Sensitivity | Current Policies | Interest rate";"Hydrogen"
"OPEX";"Taxes";"FR";"Taxes, Fees, Levies and charges - H2";"Rigid";"BAU";"EUR/kWh";2045;"0.012";"Sensitivity | Current Policies | Interest rate";"Hydrogen"
"OPEX";"Taxes";"FR";"Taxes, Fees, Levies and charges - H2";"Tractor-Trailer";"BAU";"EUR/kWh";2045;"0.012";"Sensitivity | Current Policies | Interest rate";"Hydrogen"
"OPEX";"Taxes";"IT";"Taxes, Fees, Levies and charges - H2";"Rigid";"BAU";"EUR/kWh";2045;"0.009";"Sensitivity | Current Policies | Interest rate";"Hydrogen"
"OPEX";"Taxes";"IT";"Taxes, Fees, Levies and charges - H2";"Tractor-Trailer";"BAU";"EUR/kWh";2045;"0.009";"Sensitivity | Current Policies | Interest rate";"Hydrogen"
"OPEX";"Taxes";"NL";"Taxes, Fees, Levies and charges - H2";"Rigid";"BAU";"EUR/kWh";2045;"0.024";"Sensitivity | Current Policies | Interest rate";"Hydrogen"
"OPEX";"Taxes";"NL";"Taxes, Fees, Levies and charges - H2";"Tractor-Trailer";"BAU";"EUR/kWh";2045;"0.024";"Sensitivity | Current Policies | Interest rate";"Hydrogen"
"OPEX";"Taxes";"PL";"Taxes, Fees, Levies and charges - H2";"Rigid";"BAU";"EUR/kWh";2045;"0.009";"Sensitivity | Current Policies | Interest rate";"Hydrogen"
"OPEX";"Taxes";"PL";"Taxes, Fees, Levies and charges - H2";"Tractor-Trailer";"BAU";"EUR/kWh";2045;"0.009";"Sensitivity | Current Policies | Interest rate";"Hydrogen"
"OPEX";"Taxes";"UK";"Taxes, Fees, Levies and charges - H2";"Rigid";"BAU";"EUR/kWh";2045;"0.006";"Sensitivity | Current Policies | Interest rate";"Hydrogen"
"OPEX";"Taxes";"UK";"Taxes, Fees, Levies and charges - H2";"Tractor-Trailer";"BAU";"EUR/kWh";2045;"0.006";"Sensitivity | Current Policies | Interest rate";"Hydrogen"
"OPEX";"Charging Infrastructure";"DE";"MCS grid extension";"Rigid";"BAU";"EUR/kWh";2045;"0.045";"Sensitivity | Current Policies | Interest rate";"Electricity"
"OPEX";"Charging Infrastructure";"DE";"MCS grid extension";"Tractor-Trailer";"BAU";"EUR/kWh";2045;"0.045";"Sensitivity | Current Policies | Interest rate";"Electricity"
"OPEX";"Charging Infrastructure";"ES";"MCS grid extension";"Rigid";"BAU";"EUR/kWh";2045;"0.045";"Sensitivity | Current Policies | Interest rate";"Electricity"
"OPEX";"Charging Infrastructure";"ES";"MCS grid extension";"Tractor-Trailer";"BAU";"EUR/kWh";2045;"0.045";"Sensitivity | Current Policies | Interest rate";"Electricity"
"OPEX";"Charging Infrastructure";"FR";"MCS grid extension";"Rigid";"BAU";"EUR/kWh";2045;"0.045";"Sensitivity | Current Policies | Interest rate";"Electricity"
"OPEX";"Charging Infrastructure";"FR";"MCS grid extension";"Tractor-Trailer";"BAU";"EUR/kWh";2045;"0.045";"Sensitivity | Current Policies | Interest rate";"Electricity"
"OPEX";"Charging Infrastructure";"IT";"MCS grid extension";"Rigid";"BAU";"EUR/kWh";2045;"0.045";"Sensitivity | Current Policies | Interest rate";"Electricity"
"OPEX";"Charging Infrastructure";"IT";"MCS grid extension";"Tractor-Trailer";"BAU";"EUR/kWh";2045;"0.045";"Sensitivity | Current Policies | Interest rate";"Electricity"
"OPEX";"Charging Infrastructure";"NL";"MCS grid extension";"Rigid";"BAU";"EUR/kWh";2045;"0.045";"Sensitivity | Current Policies | Interest rate";"Electricity"
"OPEX";"Charging Infrastructure";"NL";"MCS grid extension";"Tractor-Trailer";"BAU";"EUR/kWh";2045;"0.045";"Sensitivity | Current Policies | Interest rate";"Electricity"
"OPEX";"Charging Infrastructure";"PL";"MCS grid extension";"Rigid";"BAU";"EUR/kWh";2045;"0.045";"Sensitivity | Current Policies | Interest rate";"Electricity"
"OPEX";"Charging Infrastructure";"PL";"MCS grid extension";"Tractor-Trailer";"BAU";"EUR/kWh";2045;"0.045";"Sensitivity | Current Policies | Interest rate";"Electricity"
"OPEX";"Charging Infrastructure";"UK";"MCS grid extension";"Rigid";"BAU";"EUR/kWh";2045;"0.045";"Sensitivity | Current Policies | Interest rate";"Electricity"
"OPEX";"Charging Infrastructure";"UK";"MCS grid extension";"Tractor-Trailer";"BAU";"EUR/kWh";2045;"0.045";"Sensitivity | Current Policies | Interest rate";"Electricity"
"OPEX";"Charging Infrastructure";"DE";"MCS Profit and Mark-Up";"Rigid";"BAU";"%";2045;"0.1";"Sensitivity | Current Policies | Interest rate";"Electricity"
"OPEX";"Charging Infrastructure";"DE";"MCS Profit and Mark-Up";"Tractor-Trailer";"BAU";"%";2045;"0.1";"Sensitivity | Current Policies | Interest rate";"Electricity"
"OPEX";"Charging Infrastructure";"ES";"MCS Profit and Mark-Up";"Rigid";"BAU";"%";2045;"0.1";"Sensitivity | Current Policies | Interest rate";"Electricity"
"OPEX";"Charging Infrastructure";"ES";"MCS Profit and Mark-Up";"Tractor-Trailer";"BAU";"%";2045;"0.1";"Sensitivity | Current Policies | Interest rate";"Electricity"
"OPEX";"Charging Infrastructure";"FR";"MCS Profit and Mark-Up";"Rigid";"BAU";"%";2045;"0.1";"Sensitivity | Current Policies | Interest rate";"Electricity"
"OPEX";"Charging Infrastructure";"FR";"MCS Profit and Mark-Up";"Tractor-Trailer";"BAU";"%";2045;"0.1";"Sensitivity | Current Policies | Interest rate";"Electricity"
"OPEX";"Charging Infrastructure";"IT";"MCS Profit and Mark-Up";"Rigid";"BAU";"%";2045;"0.1";"Sensitivity | Current Policies | Interest rate";"Electricity"
"OPEX";"Charging Infrastructure";"IT";"MCS Profit and Mark-Up";"Tractor-Trailer";"BAU";"%";2045;"0.1";"Sensitivity | Current Policies | Interest rate";"Electricity"
"OPEX";"Charging Infrastructure";"NL";"MCS Profit and Mark-Up";"Rigid";"BAU";"%";2045;"0.1";"Sensitivity | Current Policies | Interest rate";"Electricity"
"OPEX";"Charging Infrastructure";"NL";"MCS Profit and Mark-Up";"Tractor-Trailer";"BAU";"%";2045;"0.1";"Sensitivity | Current Policies | Interest rate";"Electricity"
"OPEX";"Charging Infrastructure";"PL";"MCS Profit and Mark-Up";"Rigid";"BAU";"%";2045;"0.1";"Sensitivity | Current Policies | Interest rate";"Electricity"
"OPEX";"Charging Infrastructure";"PL";"MCS Profit and Mark-Up";"Tractor-Trailer";"BAU";"%";2045;"0.1";"Sensitivity | Current Policies | Interest rate";"Electricity"
"OPEX";"Charging Infrastructure";"UK";"MCS Profit and Mark-Up";"Rigid";"BAU";"%";2045;"0.1";"Sensitivity | Current Policies | Interest rate";"Electricity"
"OPEX";"Charging Infrastructure";"UK";"MCS Profit and Mark-Up";"Tractor-Trailer";"BAU";"%";2045;"0.1";"Sensitivity | Current Policies | Interest rate";"Electricity"
"OPEX";"Charging Infrastructure";"DE";"CCS Station (Depot) - Incl. Overhead";"Rigid";"BAU";"EUR/kWh";2045;"0.021";"Sensitivity | Current Policies | Interest rate";"Electricity"
"OPEX";"Charging Infrastructure";"DE";"CCS Station (Depot) - Incl. Overhead";"Tractor-Trailer";"BAU";"EUR/kWh";2045;"0.021";"Sensitivity | Current Policies | Interest rate";"Electricity"
"OPEX";"Charging Infrastructure";"ES";"CCS Station (Depot) - Incl. Overhead";"Rigid";"BAU";"EUR/kWh";2045;"0.021";"Sensitivity | Current Policies | Interest rate";"Electricity"
"OPEX";"Charging Infrastructure";"ES";"CCS Station (Depot) - Incl. Overhead";"Tractor-Trailer";"BAU";"EUR/kWh";2045;"0.021";"Sensitivity | Current Policies | Interest rate";"Electricity"
"OPEX";"Charging Infrastructure";"FR";"CCS Station (Depot) - Incl. Overhead";"Rigid";"BAU";"EUR/kWh";2045;"0.021";"Sensitivity | Current Policies | Interest rate";"Electricity"
"OPEX";"Charging Infrastructure";"FR";"CCS Station (Depot) - Incl. Overhead";"Tractor-Trailer";"BAU";"EUR/kWh";2045;"0.021";"Sensitivity | Current Policies | Interest rate";"Electricity"
"OPEX";"Charging Infrastructure";"IT";"CCS Station (Depot) - Incl. Overhead";"Rigid";"BAU";"EUR/kWh";2045;"0.021";"Sensitivity | Current Policies | Interest rate";"Electricity"
"OPEX";"Charging Infrastructure";"IT";"CCS Station (Depot) - Incl. Overhead";"Tractor-Trailer";"BAU";"EUR/kWh";2045;"0.021";"Sensitivity | Current Policies | Interest rate";"Electricity"
"OPEX";"Charging Infrastructure";"NL";"CCS Station (Depot) - Incl. Overhead";"Rigid";"BAU";"EUR/kWh";2045;"0.021";"Sensitivity | Current Policies | Interest rate";"Electricity"
"OPEX";"Charging Infrastructure";"NL";"CCS Station (Depot) - Incl. Overhead";"Tractor-Trailer";"BAU";"EUR/kWh";2045;"0.021";"Sensitivity | Current Policies | Interest rate";"Electricity"
"OPEX";"Charging Infrastructure";"PL";"CCS Station (Depot) - Incl. Overhead";"Rigid";"BAU";"EUR/kWh";2045;"0.021";"Sensitivity | Current Policies | Interest rate";"Electricity"
"OPEX";"Charging Infrastructure";"PL";"CCS Station (Depot) - Incl. Overhead";"Tractor-Trailer";"BAU";"EUR/kWh";2045;"0.021";"Sensitivity | Current Policies | Interest rate";"Electricity"
"OPEX";"Charging Infrastructure";"UK";"CCS Station (Depot) - Incl. Overhead";"Rigid";"BAU";"EUR/kWh";2045;"0.021";"Sensitivity | Current Policies | Interest rate";"Electricity"
"OPEX";"Charging Infrastructure";"UK";"CCS Station (Depot) - Incl. Overhead";"Tractor-Trailer";"BAU";"EUR/kWh";2045;"0.021";"Sensitivity | Current Policies | Interest rate";"Electricity"
"OPEX";"Charging Infrastructure";"DE";"CCS grid extension";"Rigid";"BAU";"EUR/kWh";2045;"0.045";"Sensitivity | Current Policies | Interest rate";"Electricity"
"OPEX";"Charging Infrastructure";"DE";"CCS grid extension";"Tractor-Trailer";"BAU";"EUR/kWh";2045;"0.045";"Sensitivity | Current Policies | Interest rate";"Electricity"
"OPEX";"Charging Infrastructure";"ES";"CCS grid extension";"Rigid";"BAU";"EUR/kWh";2045;"0.045";"Sensitivity | Current Policies | Interest rate";"Electricity"
"OPEX";"Charging Infrastructure";"ES";"CCS grid extension";"Tractor-Trailer";"BAU";"EUR/kWh";2045;"0.045";"Sensitivity | Current Policies | Interest rate";"Electricity"
"OPEX";"Charging Infrastructure";"FR";"CCS grid extension";"Rigid";"BAU";"EUR/kWh";2045;"0.045";"Sensitivity | Current Policies | Interest rate";"Electricity"
"OPEX";"Charging Infrastructure";"FR";"CCS grid extension";"Tractor-Trailer";"BAU";"EUR/kWh";2045;"0.045";"Sensitivity | Current Policies | Interest rate";"Electricity"
"OPEX";"Charging Infrastructure";"IT";"CCS grid extension";"Rigid";"BAU";"EUR/kWh";2045;"0.045";"Sensitivity | Current Policies | Interest rate";"Electricity"
"OPEX";"Charging Infrastructure";"IT";"CCS grid extension";"Tractor-Trailer";"BAU";"EUR/kWh";2045;"0.045";"Sensitivity | Current Policies | Interest rate";"Electricity"
"OPEX";"Charging Infrastructure";"NL";"CCS grid extension";"Rigid";"BAU";"EUR/kWh";2045;"0.045";"Sensitivity | Current Policies | Interest rate";"Electricity"
"OPEX";"Charging Infrastructure";"NL";"CCS grid extension";"Tractor-Trailer";"BAU";"EUR/kWh";2045;"0.045";"Sensitivity | Current Policies | Interest rate";"Electricity"
"OPEX";"Charging Infrastructure";"PL";"CCS grid extension";"Rigid";"BAU";"EUR/kWh";2045;"0.045";"Sensitivity | Current Policies | Interest rate";"Electricity"
"OPEX";"Charging Infrastructure";"PL";"CCS grid extension";"Tractor-Trailer";"BAU";"EUR/kWh";2045;"0.045";"Sensitivity | Current Policies | Interest rate";"Electricity"
"OPEX";"Charging Infrastructure";"UK";"CCS grid extension";"Rigid";"BAU";"EUR/kWh";2045;"0.045";"Sensitivity | Current Policies | Interest rate";"Electricity"
"OPEX";"Charging Infrastructure";"UK";"CCS grid extension";"Tractor-Trailer";"BAU";"EUR/kWh";2045;"0.045";"Sensitivity | Current Policies | Interest rate";"Electricity"
"OPEX";"Diesel Infrastructure";"DE";"Total Diesel Mark-Up";"Rigid";"BAU";"EUR/kWh";2045;"0.018";"Sensitivity | Current Policies | Interest rate";"Diesel"
"OPEX";"Diesel Infrastructure";"DE";"Total Diesel Mark-Up";"Tractor-Trailer";"BAU";"EUR/kWh";2045;"0.018";"Sensitivity | Current Policies | Interest rate";"Diesel"
"OPEX";"Diesel Infrastructure";"ES";"Total Diesel Mark-Up";"Rigid";"BAU";"EUR/kWh";2045;"0.018";"Sensitivity | Current Policies | Interest rate";"Diesel"
"OPEX";"Diesel Infrastructure";"ES";"Total Diesel Mark-Up";"Tractor-Trailer";"BAU";"EUR/kWh";2045;"0.018";"Sensitivity | Current Policies | Interest rate";"Diesel"
"OPEX";"Diesel Infrastructure";"FR";"Total Diesel Mark-Up";"Rigid";"BAU";"EUR/kWh";2045;"0.018";"Sensitivity | Current Policies | Interest rate";"Diesel"
"OPEX";"Diesel Infrastructure";"FR";"Total Diesel Mark-Up";"Tractor-Trailer";"BAU";"EUR/kWh";2045;"0.018";"Sensitivity | Current Policies | Interest rate";"Diesel"
"OPEX";"Diesel Infrastructure";"IT";"Total Diesel Mark-Up";"Rigid";"BAU";"EUR/kWh";2045;"0.018";"Sensitivity | Current Policies | Interest rate";"Diesel"
"OPEX";"Diesel Infrastructure";"IT";"Total Diesel Mark-Up";"Tractor-Trailer";"BAU";"EUR/kWh";2045;"0.018";"Sensitivity | Current Policies | Interest rate";"Diesel"
"OPEX";"Diesel Infrastructure";"NL";"Total Diesel Mark-Up";"Rigid";"BAU";"EUR/kWh";2045;"0.018";"Sensitivity | Current Policies | Interest rate";"Diesel"
"OPEX";"Diesel Infrastructure";"NL";"Total Diesel Mark-Up";"Tractor-Trailer";"BAU";"EUR/kWh";2045;"0.018";"Sensitivity | Current Policies | Interest rate";"Diesel"
"OPEX";"Diesel Infrastructure";"PL";"Total Diesel Mark-Up";"Rigid";"BAU";"EUR/kWh";2045;"0.018";"Sensitivity | Current Policies | Interest rate";"Diesel"
"OPEX";"Diesel Infrastructure";"PL";"Total Diesel Mark-Up";"Tractor-Trailer";"BAU";"EUR/kWh";2045;"0.018";"Sensitivity | Current Policies | Interest rate";"Diesel"
"OPEX";"Diesel Infrastructure";"UK";"Total Diesel Mark-Up";"Rigid";"BAU";"EUR/kWh";2045;"0.018";"Sensitivity | Current Policies | Interest rate";"Diesel"
"OPEX";"Diesel Infrastructure";"UK";"Total Diesel Mark-Up";"Tractor-Trailer";"BAU";"EUR/kWh";2045;"0.018";"Sensitivity | Current Policies | Interest rate";"Diesel"
"OPEX";"Diesel Infrastructure";"DE";"CO2 emission factor Biodiesel";"Rigid";"BAU";"%";2045;"0.154";"Sensitivity | Current Policies | Interest rate";"Diesel"
"OPEX";"Diesel Infrastructure";"DE";"CO2 emission factor Biodiesel";"Tractor-Trailer";"BAU";"%";2045;"0.154";"Sensitivity | Current Policies | Interest rate";"Diesel"
"OPEX";"Diesel Infrastructure";"ES";"CO2 emission factor Biodiesel";"Rigid";"BAU";"%";2045;"0.154";"Sensitivity | Current Policies | Interest rate";"Diesel"
"OPEX";"Diesel Infrastructure";"ES";"CO2 emission factor Biodiesel";"Tractor-Trailer";"BAU";"%";2045;"0.154";"Sensitivity | Current Policies | Interest rate";"Diesel"
"OPEX";"Diesel Infrastructure";"FR";"CO2 emission factor Biodiesel";"Rigid";"BAU";"%";2045;"0.154";"Sensitivity | Current Policies | Interest rate";"Diesel"
"OPEX";"Diesel Infrastructure";"FR";"CO2 emission factor Biodiesel";"Tractor-Trailer";"BAU";"%";2045;"0.154";"Sensitivity | Current Policies | Interest rate";"Diesel"
"OPEX";"Diesel Infrastructure";"IT";"CO2 emission factor Biodiesel";"Rigid";"BAU";"%";2045;"0.154";"Sensitivity | Current Policies | Interest rate";"Diesel"
"OPEX";"Diesel Infrastructure";"IT";"CO2 emission factor Biodiesel";"Tractor-Trailer";"BAU";"%";2045;"0.154";"Sensitivity | Current Policies | Interest rate";"Diesel"
"OPEX";"Diesel Infrastructure";"NL";"CO2 emission factor Biodiesel";"Rigid";"BAU";"%";2045;"0.154";"Sensitivity | Current Policies | Interest rate";"Diesel"
"OPEX";"Diesel Infrastructure";"NL";"CO2 emission factor Biodiesel";"Tractor-Trailer";"BAU";"%";2045;"0.154";"Sensitivity | Current Policies | Interest rate";"Diesel"
"OPEX";"Diesel Infrastructure";"PL";"CO2 emission factor Biodiesel";"Rigid";"BAU";"%";2045;"0.154";"Sensitivity | Current Policies | Interest rate";"Diesel"
"OPEX";"Diesel Infrastructure";"PL";"CO2 emission factor Biodiesel";"Tractor-Trailer";"BAU";"%";2045;"0.154";"Sensitivity | Current Policies | Interest rate";"Diesel"
"OPEX";"Diesel Infrastructure";"UK";"CO2 emission factor Biodiesel";"Rigid";"BAU";"%";2045;"0.154";"Sensitivity | Current Policies | Interest rate";"Diesel"
"OPEX";"Diesel Infrastructure";"UK";"CO2 emission factor Biodiesel";"Tractor-Trailer";"BAU";"%";2045;"0.154";"Sensitivity | Current Policies | Interest rate";"Diesel"
"OPEX";"Diesel Infrastructure";"DE";"CO2 emission factor Pt-Diesel";"Rigid";"BAU";"%";2045;"0";"Sensitivity | Current Policies | Interest rate";"Diesel"
"OPEX";"Diesel Infrastructure";"DE";"CO2 emission factor Pt-Diesel";"Tractor-Trailer";"BAU";"%";2045;"0";"Sensitivity | Current Policies | Interest rate";"Diesel"
"OPEX";"Diesel Infrastructure";"ES";"CO2 emission factor Pt-Diesel";"Rigid";"BAU";"%";2045;"0";"Sensitivity | Current Policies | Interest rate";"Diesel"
"OPEX";"Diesel Infrastructure";"ES";"CO2 emission factor Pt-Diesel";"Tractor-Trailer";"BAU";"%";2045;"0";"Sensitivity | Current Policies | Interest rate";"Diesel"
"OPEX";"Diesel Infrastructure";"FR";"CO2 emission factor Pt-Diesel";"Rigid";"BAU";"%";2045;"0";"Sensitivity | Current Policies | Interest rate";"Diesel"
"OPEX";"Diesel Infrastructure";"FR";"CO2 emission factor Pt-Diesel";"Tractor-Trailer";"BAU";"%";2045;"0";"Sensitivity | Current Policies | Interest rate";"Diesel"
"OPEX";"Diesel Infrastructure";"IT";"CO2 emission factor Pt-Diesel";"Rigid";"BAU";"%";2045;"0";"Sensitivity | Current Policies | Interest rate";"Diesel"
"OPEX";"Diesel Infrastructure";"IT";"CO2 emission factor Pt-Diesel";"Tractor-Trailer";"BAU";"%";2045;"0";"Sensitivity | Current Policies | Interest rate";"Diesel"
"OPEX";"Diesel Infrastructure";"NL";"CO2 emission factor Pt-Diesel";"Rigid";"BAU";"%";2045;"0";"Sensitivity | Current Policies | Interest rate";"Diesel"
"OPEX";"Diesel Infrastructure";"NL";"CO2 emission factor Pt-Diesel";"Tractor-Trailer";"BAU";"%";2045;"0";"Sensitivity | Current Policies | Interest rate";"Diesel"
"OPEX";"Diesel Infrastructure";"PL";"CO2 emission factor Pt-Diesel";"Rigid";"BAU";"%";2045;"0";"Sensitivity | Current Policies | Interest rate";"Diesel"
"OPEX";"Diesel Infrastructure";"PL";"CO2 emission factor Pt-Diesel";"Tractor-Trailer";"BAU";"%";2045;"0";"Sensitivity | Current Policies | Interest rate";"Diesel"
"OPEX";"Diesel Infrastructure";"UK";"CO2 emission factor Pt-Diesel";"Rigid";"BAU";"%";2045;"0";"Sensitivity | Current Policies | Interest rate";"Diesel"
"OPEX";"Diesel Infrastructure";"UK";"CO2 emission factor Pt-Diesel";"Tractor-Trailer";"BAU";"%";2045;"0";"Sensitivity | Current Policies | Interest rate";"Diesel"
"OPEX";"Taxes";"DE";"Network Costs - MCS";"Rigid";"BAU";"EUR/kWh";2045;"0.034";"Sensitivity | Current Policies | Interest rate";"Electricity"
"OPEX";"Taxes";"DE";"Network Costs - MCS";"Tractor-Trailer";"BAU";"EUR/kWh";2045;"0.034";"Sensitivity | Current Policies | Interest rate";"Electricity"
"OPEX";"Taxes";"ES";"Network Costs - MCS";"Rigid";"BAU";"EUR/kWh";2045;"0.018";"Sensitivity | Current Policies | Interest rate";"Electricity"
"OPEX";"Taxes";"ES";"Network Costs - MCS";"Tractor-Trailer";"BAU";"EUR/kWh";2045;"0.018";"Sensitivity | Current Policies | Interest rate";"Electricity"
"OPEX";"Taxes";"FR";"Network Costs - MCS";"Rigid";"BAU";"EUR/kWh";2045;"0.018";"Sensitivity | Current Policies | Interest rate";"Electricity"
"OPEX";"Taxes";"FR";"Network Costs - MCS";"Tractor-Trailer";"BAU";"EUR/kWh";2045;"0.018";"Sensitivity | Current Policies | Interest rate";"Electricity"
"OPEX";"Taxes";"IT";"Network Costs - MCS";"Rigid";"BAU";"EUR/kWh";2045;"0.015";"Sensitivity | Current Policies | Interest rate";"Electricity"
"OPEX";"Taxes";"IT";"Network Costs - MCS";"Tractor-Trailer";"BAU";"EUR/kWh";2045;"0.015";"Sensitivity | Current Policies | Interest rate";"Electricity"
"OPEX";"Taxes";"NL";"Network Costs - MCS";"Rigid";"BAU";"EUR/kWh";2045;"0.016";"Sensitivity | Current Policies | Interest rate";"Electricity"
"OPEX";"Taxes";"NL";"Network Costs - MCS";"Tractor-Trailer";"BAU";"EUR/kWh";2045;"0.016";"Sensitivity | Current Policies | Interest rate";"Electricity"
"OPEX";"Taxes";"PL";"Network Costs - MCS";"Rigid";"BAU";"EUR/kWh";2045;"0.019";"Sensitivity | Current Policies | Interest rate";"Electricity"
"OPEX";"Taxes";"PL";"Network Costs - MCS";"Tractor-Trailer";"BAU";"EUR/kWh";2045;"0.019";"Sensitivity | Current Policies | Interest rate";"Electricity"
"OPEX";"Taxes";"UK";"Network Costs - MCS";"Rigid";"BAU";"EUR/kWh";2045;"0.027";"Sensitivity | Current Policies | Interest rate";"Electricity"
"OPEX";"Taxes";"UK";"Network Costs - MCS";"Tractor-Trailer";"BAU";"EUR/kWh";2045;"0.027";"Sensitivity | Current Policies | Interest rate";"Electricity"
"OPEX";"Taxes";"DE";"Taxes, Fees, Levies and charges - MCS";"Rigid";"BAU";"EUR/kWh";2045;"0.056";"Sensitivity | Current Policies | Interest rate";"Electricity"
"OPEX";"Taxes";"DE";"Taxes, Fees, Levies and charges - MCS";"Tractor-Trailer";"BAU";"EUR/kWh";2045;"0.056";"Sensitivity | Current Policies | Interest rate";"Electricity"
"OPEX";"Taxes";"ES";"Taxes, Fees, Levies and charges - MCS";"Rigid";"BAU";"EUR/kWh";2045;"0.036";"Sensitivity | Current Policies | Interest rate";"Electricity"
"OPEX";"Taxes";"ES";"Taxes, Fees, Levies and charges - MCS";"Tractor-Trailer";"BAU";"EUR/kWh";2045;"0.036";"Sensitivity | Current Policies | Interest rate";"Electricity"
"OPEX";"Taxes";"FR";"Taxes, Fees, Levies and charges - MCS";"Rigid";"BAU";"EUR/kWh";2045;"0.03";"Sensitivity | Current Policies | Interest rate";"Electricity"
"OPEX";"Taxes";"FR";"Taxes, Fees, Levies and charges - MCS";"Tractor-Trailer";"BAU";"EUR/kWh";2045;"0.03";"Sensitivity | Current Policies | Interest rate";"Electricity"
"OPEX";"Taxes";"IT";"Taxes, Fees, Levies and charges - MCS";"Rigid";"BAU";"EUR/kWh";2045;"0.062";"Sensitivity | Current Policies | Interest rate";"Electricity"
"OPEX";"Taxes";"IT";"Taxes, Fees, Levies and charges - MCS";"Tractor-Trailer";"BAU";"EUR/kWh";2045;"0.062";"Sensitivity | Current Policies | Interest rate";"Electricity"
"OPEX";"Taxes";"NL";"Taxes, Fees, Levies and charges - MCS";"Rigid";"BAU";"EUR/kWh";2045;"0.055";"Sensitivity | Current Policies | Interest rate";"Electricity"
"OPEX";"Taxes";"NL";"Taxes, Fees, Levies and charges - MCS";"Tractor-Trailer";"BAU";"EUR/kWh";2045;"0.055";"Sensitivity | Current Policies | Interest rate";"Electricity"
"OPEX";"Taxes";"PL";"Taxes, Fees, Levies and charges - MCS";"Rigid";"BAU";"EUR/kWh";2045;"0.049";"Sensitivity | Current Policies | Interest rate";"Electricity"
"OPEX";"Taxes";"PL";"Taxes, Fees, Levies and charges - MCS";"Tractor-Trailer";"BAU";"EUR/kWh";2045;"0.049";"Sensitivity | Current Policies | Interest rate";"Electricity"
"OPEX";"Taxes";"UK";"Taxes, Fees, Levies and charges - MCS";"Rigid";"BAU";"EUR/kWh";2045;"0.077";"Sensitivity | Current Policies | Interest rate";"Electricity"
"OPEX";"Taxes";"UK";"Taxes, Fees, Levies and charges - MCS";"Tractor-Trailer";"BAU";"EUR/kWh";2045;"0.077";"Sensitivity | Current Policies | Interest rate";"Electricity"
"OPEX";"Taxes";"DE";"Network Costs - Depot";"Rigid";"BAU";"EUR/kWh";2045;"0.034";"Sensitivity | Current Policies | Interest rate";"Electricity"
"OPEX";"Taxes";"DE";"Network Costs - Depot";"Tractor-Trailer";"BAU";"EUR/kWh";2045;"0.034";"Sensitivity | Current Policies | Interest rate";"Electricity"
"OPEX";"Taxes";"ES";"Network Costs - Depot";"Rigid";"BAU";"EUR/kWh";2045;"0.018";"Sensitivity | Current Policies | Interest rate";"Electricity"
"OPEX";"Taxes";"ES";"Network Costs - Depot";"Tractor-Trailer";"BAU";"EUR/kWh";2045;"0.018";"Sensitivity | Current Policies | Interest rate";"Electricity"
"OPEX";"Taxes";"FR";"Network Costs - Depot";"Rigid";"BAU";"EUR/kWh";2045;"0.018";"Sensitivity | Current Policies | Interest rate";"Electricity"
"OPEX";"Taxes";"FR";"Network Costs - Depot";"Tractor-Trailer";"BAU";"EUR/kWh";2045;"0.018";"Sensitivity | Current Policies | Interest rate";"Electricity"
"OPEX";"Taxes";"IT";"Network Costs - Depot";"Rigid";"BAU";"EUR/kWh";2045;"0.016";"Sensitivity | Current Policies | Interest rate";"Electricity"
"OPEX";"Taxes";"IT";"Network Costs - Depot";"Tractor-Trailer";"BAU";"EUR/kWh";2045;"0.016";"Sensitivity | Current Policies | Interest rate";"Electricity"
"OPEX";"Taxes";"NL";"Network Costs - Depot";"Rigid";"BAU";"EUR/kWh";2045;"0.016";"Sensitivity | Current Policies | Interest rate";"Electricity"
"OPEX";"Taxes";"NL";"Network Costs - Depot";"Tractor-Trailer";"BAU";"EUR/kWh";2045;"0.016";"Sensitivity | Current Policies | Interest rate";"Electricity"
"OPEX";"Taxes";"PL";"Network Costs - Depot";"Rigid";"BAU";"EUR/kWh";2045;"0.019";"Sensitivity | Current Policies | Interest rate";"Electricity"
"OPEX";"Taxes";"PL";"Network Costs - Depot";"Tractor-Trailer";"BAU";"EUR/kWh";2045;"0.019";"Sensitivity | Current Policies | Interest rate";"Electricity"
"OPEX";"Taxes";"UK";"Network Costs - Depot";"Rigid";"BAU";"EUR/kWh";2045;"0.027";"Sensitivity | Current Policies | Interest rate";"Electricity"
"OPEX";"Taxes";"UK";"Network Costs - Depot";"Tractor-Trailer";"BAU";"EUR/kWh";2045;"0.027";"Sensitivity | Current Policies | Interest rate";"Electricity"
"OPEX";"Taxes";"DE";"Taxes, Fees, Levies and charges - Depot";"Rigid";"BAU";"EUR/kWh";2045;"0.056";"Sensitivity | Current Policies | Interest rate";"Electricity"
"OPEX";"Taxes";"DE";"Taxes, Fees, Levies and charges - Depot";"Tractor-Trailer";"BAU";"EUR/kWh";2045;"0.056";"Sensitivity | Current Policies | Interest rate";"Electricity"
"OPEX";"Taxes";"ES";"Taxes, Fees, Levies and charges - Depot";"Rigid";"BAU";"EUR/kWh";2045;"0.036";"Sensitivity | Current Policies | Interest rate";"Electricity"
"OPEX";"Taxes";"ES";"Taxes, Fees, Levies and charges - Depot";"Tractor-Trailer";"BAU";"EUR/kWh";2045;"0.036";"Sensitivity | Current Policies | Interest rate";"Electricity"
"OPEX";"Taxes";"FR";"Taxes, Fees, Levies and charges - Depot";"Rigid";"BAU";"EUR/kWh";2045;"0.03";"Sensitivity | Current Policies | Interest rate";"Electricity"
"OPEX";"Taxes";"FR";"Taxes, Fees, Levies and charges - Depot";"Tractor-Trailer";"BAU";"EUR/kWh";2045;"0.03";"Sensitivity | Current Policies | Interest rate";"Electricity"
"OPEX";"Taxes";"IT";"Taxes, Fees, Levies and charges - Depot";"Rigid";"BAU";"EUR/kWh";2045;"0.063";"Sensitivity | Current Policies | Interest rate";"Electricity"
"OPEX";"Taxes";"IT";"Taxes, Fees, Levies and charges - Depot";"Tractor-Trailer";"BAU";"EUR/kWh";2045;"0.063";"Sensitivity | Current Policies | Interest rate";"Electricity"
"OPEX";"Taxes";"NL";"Taxes, Fees, Levies and charges - Depot";"Rigid";"BAU";"EUR/kWh";2045;"0.055";"Sensitivity | Current Policies | Interest rate";"Electricity"
"OPEX";"Taxes";"NL";"Taxes, Fees, Levies and charges - Depot";"Tractor-Trailer";"BAU";"EUR/kWh";2045;"0.055";"Sensitivity | Current Policies | Interest rate";"Electricity"
"OPEX";"Taxes";"PL";"Taxes, Fees, Levies and charges - Depot";"Rigid";"BAU";"EUR/kWh";2045;"0.049";"Sensitivity | Current Policies | Interest rate";"Electricity"
"OPEX";"Taxes";"PL";"Taxes, Fees, Levies and charges - Depot";"Tractor-Trailer";"BAU";"EUR/kWh";2045;"0.049";"Sensitivity | Current Policies | Interest rate";"Electricity"
"OPEX";"Taxes";"UK";"Taxes, Fees, Levies and charges - Depot";"Rigid";"BAU";"EUR/kWh";2045;"0.077";"Sensitivity | Current Policies | Interest rate";"Electricity"
"OPEX";"Taxes";"UK";"Taxes, Fees, Levies and charges - Depot";"Tractor-Trailer";"BAU";"EUR/kWh";2045;"0.077";"Sensitivity | Current Policies | Interest rate";"Electricity"
"OPEX";"H2 Infrastructure";"DE";"HRS costs";"Rigid";"BAU";"EUR/kg H2";2045;"1.1";"Sensitivity | Current Policies | Interest rate";"Hydrogen"
"OPEX";"H2 Infrastructure";"DE";"HRS costs";"Tractor-Trailer";"BAU";"EUR/kg H2";2045;"1.1";"Sensitivity | Current Policies | Interest rate";"Hydrogen"
"OPEX";"H2 Infrastructure";"ES";"HRS costs";"Rigid";"BAU";"EUR/kg H2";2045;"1.1";"Sensitivity | Current Policies | Interest rate";"Hydrogen"
"OPEX";"H2 Infrastructure";"ES";"HRS costs";"Tractor-Trailer";"BAU";"EUR/kg H2";2045;"1.1";"Sensitivity | Current Policies | Interest rate";"Hydrogen"
"OPEX";"H2 Infrastructure";"FR";"HRS costs";"Rigid";"BAU";"EUR/kg H2";2045;"1.1";"Sensitivity | Current Policies | Interest rate";"Hydrogen"
"OPEX";"H2 Infrastructure";"FR";"HRS costs";"Tractor-Trailer";"BAU";"EUR/kg H2";2045;"1.1";"Sensitivity | Current Policies | Interest rate";"Hydrogen"
"OPEX";"H2 Infrastructure";"IT";"HRS costs";"Rigid";"BAU";"EUR/kg H2";2045;"1.1";"Sensitivity | Current Policies | Interest rate";"Hydrogen"
"OPEX";"H2 Infrastructure";"IT";"HRS costs";"Tractor-Trailer";"BAU";"EUR/kg H2";2045;"1.1";"Sensitivity | Current Policies | Interest rate";"Hydrogen"
"OPEX";"H2 Infrastructure";"NL";"HRS costs";"Rigid";"BAU";"EUR/kg H2";2045;"1.1";"Sensitivity | Current Policies | Interest rate";"Hydrogen"
"OPEX";"H2 Infrastructure";"NL";"HRS costs";"Tractor-Trailer";"BAU";"EUR/kg H2";2045;"1.1";"Sensitivity | Current Policies | Interest rate";"Hydrogen"
"OPEX";"H2 Infrastructure";"PL";"HRS costs";"Rigid";"BAU";"EUR/kg H2";2045;"1.1";"Sensitivity | Current Policies | Interest rate";"Hydrogen"
"OPEX";"H2 Infrastructure";"PL";"HRS costs";"Tractor-Trailer";"BAU";"EUR/kg H2";2045;"1.1";"Sensitivity | Current Policies | Interest rate";"Hydrogen"
"OPEX";"H2 Infrastructure";"UK";"HRS costs";"Rigid";"BAU";"EUR/kg H2";2045;"1.1";"Sensitivity | Current Policies | Interest rate";"Hydrogen"
"OPEX";"H2 Infrastructure";"UK";"HRS costs";"Tractor-Trailer";"BAU";"EUR/kg H2";2045;"1.1";"Sensitivity | Current Policies | Interest rate";"Hydrogen"
"OPEX";"H2 Infrastructure";"DE";"H2 transport and distribution";"Rigid";"BAU";"EUR/kg H2";2045;"1";"Sensitivity | Current Policies | Interest rate";"Hydrogen"
"OPEX";"H2 Infrastructure";"DE";"H2 transport and distribution";"Tractor-Trailer";"BAU";"EUR/kg H2";2045;"1";"Sensitivity | Current Policies | Interest rate";"Hydrogen"
"OPEX";"H2 Infrastructure";"ES";"H2 transport and distribution";"Rigid";"BAU";"EUR/kg H2";2045;"1";"Sensitivity | Current Policies | Interest rate";"Hydrogen"
"OPEX";"H2 Infrastructure";"ES";"H2 transport and distribution";"Tractor-Trailer";"BAU";"EUR/kg H2";2045;"1";"Sensitivity | Current Policies | Interest rate";"Hydrogen"
"OPEX";"H2 Infrastructure";"FR";"H2 transport and distribution";"Rigid";"BAU";"EUR/kg H2";2045;"1";"Sensitivity | Current Policies | Interest rate";"Hydrogen"
"OPEX";"H2 Infrastructure";"FR";"H2 transport and distribution";"Tractor-Trailer";"BAU";"EUR/kg H2";2045;"1";"Sensitivity | Current Policies | Interest rate";"Hydrogen"
"OPEX";"H2 Infrastructure";"IT";"H2 transport and distribution";"Rigid";"BAU";"EUR/kg H2";2045;"1";"Sensitivity | Current Policies | Interest rate";"Hydrogen"
"OPEX";"H2 Infrastructure";"IT";"H2 transport and distribution";"Tractor-Trailer";"BAU";"EUR/kg H2";2045;"1";"Sensitivity | Current Policies | Interest rate";"Hydrogen"
"OPEX";"H2 Infrastructure";"NL";"H2 transport and distribution";"Rigid";"BAU";"EUR/kg H2";2045;"1";"Sensitivity | Current Policies | Interest rate";"Hydrogen"
"OPEX";"H2 Infrastructure";"NL";"H2 transport and distribution";"Tractor-Trailer";"BAU";"EUR/kg H2";2045;"1";"Sensitivity | Current Policies | Interest rate";"Hydrogen"
"OPEX";"H2 Infrastructure";"PL";"H2 transport and distribution";"Rigid";"BAU";"EUR/kg H2";2045;"1";"Sensitivity | Current Policies | Interest rate";"Hydrogen"
"OPEX";"H2 Infrastructure";"PL";"H2 transport and distribution";"Tractor-Trailer";"BAU";"EUR/kg H2";2045;"1";"Sensitivity | Current Policies | Interest rate";"Hydrogen"
"OPEX";"H2 Infrastructure";"UK";"H2 transport and distribution";"Rigid";"BAU";"EUR/kg H2";2045;"1";"Sensitivity | Current Policies | Interest rate";"Hydrogen"
"OPEX";"H2 Infrastructure";"UK";"H2 transport and distribution";"Tractor-Trailer";"BAU";"EUR/kg H2";2045;"1";"Sensitivity | Current Policies | Interest rate";"Hydrogen"
"OPEX";"H2 Infrastructure";"DE";"HRS Overhead, Profit and Mark-Up";"Rigid";"BAU";"EUR/kg H2";2045;"0.25";"Sensitivity | Current Policies | Interest rate";"Hydrogen"
"OPEX";"H2 Infrastructure";"DE";"HRS Overhead, Profit and Mark-Up";"Tractor-Trailer";"BAU";"EUR/kg H2";2045;"0.25";"Sensitivity | Current Policies | Interest rate";"Hydrogen"
"OPEX";"H2 Infrastructure";"ES";"HRS Overhead, Profit and Mark-Up";"Rigid";"BAU";"EUR/kg H2";2045;"0.25";"Sensitivity | Current Policies | Interest rate";"Hydrogen"
"OPEX";"H2 Infrastructure";"ES";"HRS Overhead, Profit and Mark-Up";"Tractor-Trailer";"BAU";"EUR/kg H2";2045;"0.25";"Sensitivity | Current Policies | Interest rate";"Hydrogen"
"OPEX";"H2 Infrastructure";"FR";"HRS Overhead, Profit and Mark-Up";"Rigid";"BAU";"EUR/kg H2";2045;"0.25";"Sensitivity | Current Policies | Interest rate";"Hydrogen"
"OPEX";"H2 Infrastructure";"FR";"HRS Overhead, Profit and Mark-Up";"Tractor-Trailer";"BAU";"EUR/kg H2";2045;"0.25";"Sensitivity | Current Policies | Interest rate";"Hydrogen"
"OPEX";"H2 Infrastructure";"IT";"HRS Overhead, Profit and Mark-Up";"Rigid";"BAU";"EUR/kg H2";2045;"0.25";"Sensitivity | Current Policies | Interest rate";"Hydrogen"
"OPEX";"H2 Infrastructure";"IT";"HRS Overhead, Profit and Mark-Up";"Tractor-Trailer";"BAU";"EUR/kg H2";2045;"0.25";"Sensitivity | Current Policies | Interest rate";"Hydrogen"
"OPEX";"H2 Infrastructure";"NL";"HRS Overhead, Profit and Mark-Up";"Rigid";"BAU";"EUR/kg H2";2045;"0.25";"Sensitivity | Current Policies | Interest rate";"Hydrogen"
"OPEX";"H2 Infrastructure";"NL";"HRS Overhead, Profit and Mark-Up";"Tractor-Trailer";"BAU";"EUR/kg H2";2045;"0.25";"Sensitivity | Current Policies | Interest rate";"Hydrogen"
"OPEX";"H2 Infrastructure";"PL";"HRS Overhead, Profit and Mark-Up";"Rigid";"BAU";"EUR/kg H2";2045;"0.25";"Sensitivity | Current Policies | Interest rate";"Hydrogen"
"OPEX";"H2 Infrastructure";"PL";"HRS Overhead, Profit and Mark-Up";"Tractor-Trailer";"BAU";"EUR/kg H2";2045;"0.25";"Sensitivity | Current Policies | Interest rate";"Hydrogen"
"OPEX";"H2 Infrastructure";"UK";"HRS Overhead, Profit and Mark-Up";"Rigid";"BAU";"EUR/kg H2";2045;"0.25";"Sensitivity | Current Policies | Interest rate";"Hydrogen"
"OPEX";"H2 Infrastructure";"UK";"HRS Overhead, Profit and Mark-Up";"Tractor-Trailer";"BAU";"EUR/kg H2";2045;"0.25";"Sensitivity | Current Policies | Interest rate";"Hydrogen"
"OPEX";"Charging Infrastructure";"DE";"MCS Station (Public Charging) - Incl. Overhead";"Rigid";"BAU";"EUR/kWh";2045;"0.032";"Sensitivity | Current Policies | Interest rate";"Electricity"
"OPEX";"Charging Infrastructure";"DE";"MCS Station (Public Charging) - Incl. Overhead";"Tractor-Trailer";"BAU";"EUR/kWh";2045;"0.032";"Sensitivity | Current Policies | Interest rate";"Electricity"
"OPEX";"Charging Infrastructure";"ES";"MCS Station (Public Charging) - Incl. Overhead";"Rigid";"BAU";"EUR/kWh";2045;"0.032";"Sensitivity | Current Policies | Interest rate";"Electricity"
"OPEX";"Charging Infrastructure";"ES";"MCS Station (Public Charging) - Incl. Overhead";"Tractor-Trailer";"BAU";"EUR/kWh";2045;"0.032";"Sensitivity | Current Policies | Interest rate";"Electricity"
"OPEX";"Charging Infrastructure";"FR";"MCS Station (Public Charging) - Incl. Overhead";"Rigid";"BAU";"EUR/kWh";2045;"0.032";"Sensitivity | Current Policies | Interest rate";"Electricity"
"OPEX";"Charging Infrastructure";"FR";"MCS Station (Public Charging) - Incl. Overhead";"Tractor-Trailer";"BAU";"EUR/kWh";2045;"0.032";"Sensitivity | Current Policies | Interest rate";"Electricity"
"OPEX";"Charging Infrastructure";"IT";"MCS Station (Public Charging) - Incl. Overhead";"Rigid";"BAU";"EUR/kWh";2045;"0.032";"Sensitivity | Current Policies | Interest rate";"Electricity"
"OPEX";"Charging Infrastructure";"IT";"MCS Station (Public Charging) - Incl. Overhead";"Tractor-Trailer";"BAU";"EUR/kWh";2045;"0.032";"Sensitivity | Current Policies | Interest rate";"Electricity"
"OPEX";"Charging Infrastructure";"NL";"MCS Station (Public Charging) - Incl. Overhead";"Rigid";"BAU";"EUR/kWh";2045;"0.032";"Sensitivity | Current Policies | Interest rate";"Electricity"
"OPEX";"Charging Infrastructure";"NL";"MCS Station (Public Charging) - Incl. Overhead";"Tractor-Trailer";"BAU";"EUR/kWh";2045;"0.032";"Sensitivity | Current Policies | Interest rate";"Electricity"
"OPEX";"Charging Infrastructure";"PL";"MCS Station (Public Charging) - Incl. Overhead";"Rigid";"BAU";"EUR/kWh";2045;"0.032";"Sensitivity | Current Policies | Interest rate";"Electricity"
"OPEX";"Charging Infrastructure";"PL";"MCS Station (Public Charging) - Incl. Overhead";"Tractor-Trailer";"BAU";"EUR/kWh";2045;"0.032";"Sensitivity | Current Policies | Interest rate";"Electricity"
"OPEX";"Charging Infrastructure";"UK";"MCS Station (Public Charging) - Incl. Overhead";"Rigid";"BAU";"EUR/kWh";2045;"0.032";"Sensitivity | Current Policies | Interest rate";"Electricity"
"OPEX";"Charging Infrastructure";"UK";"MCS Station (Public Charging) - Incl. Overhead";"Tractor-Trailer";"BAU";"EUR/kWh";2045;"0.032";"Sensitivity | Current Policies | Interest rate";"Electricity"
"OPEX";"Charging Infrastructure";"DE";"Share MCS-Charging";"Rigid";"BAU";"%";2045;"0.2";"Sensitivity | Current Policies | Interest rate";"Electricity"
"OPEX";"Charging Infrastructure";"DE";"Share MCS-Charging";"Tractor-Trailer";"BAU";"%";2045;"0.2";"Sensitivity | Current Policies | Interest rate";"Electricity"
"OPEX";"Charging Infrastructure";"ES";"Share MCS-Charging";"Rigid";"BAU";"%";2045;"0.2";"Sensitivity | Current Policies | Interest rate";"Electricity"
"OPEX";"Charging Infrastructure";"ES";"Share MCS-Charging";"Tractor-Trailer";"BAU";"%";2045;"0.2";"Sensitivity | Current Policies | Interest rate";"Electricity"
"OPEX";"Charging Infrastructure";"FR";"Share MCS-Charging";"Rigid";"BAU";"%";2045;"0.2";"Sensitivity | Current Policies | Interest rate";"Electricity"
"OPEX";"Charging Infrastructure";"FR";"Share MCS-Charging";"Tractor-Trailer";"BAU";"%";2045;"0.2";"Sensitivity | Current Policies | Interest rate";"Electricity"
"OPEX";"Charging Infrastructure";"IT";"Share MCS-Charging";"Rigid";"BAU";"%";2045;"0.2";"Sensitivity | Current Policies | Interest rate";"Electricity"
"OPEX";"Charging Infrastructure";"IT";"Share MCS-Charging";"Tractor-Trailer";"BAU";"%";2045;"0.2";"Sensitivity | Current Policies | Interest rate";"Electricity"
"OPEX";"Charging Infrastructure";"NL";"Share MCS-Charging";"Rigid";"BAU";"%";2045;"0.2";"Sensitivity | Current Policies | Interest rate";"Electricity"
"OPEX";"Charging Infrastructure";"NL";"Share MCS-Charging";"Tractor-Trailer";"BAU";"%";2045;"0.2";"Sensitivity | Current Policies | Interest rate";"Electricity"
"OPEX";"Charging Infrastructure";"PL";"Share MCS-Charging";"Rigid";"BAU";"%";2045;"0.2";"Sensitivity | Current Policies | Interest rate";"Electricity"
"OPEX";"Charging Infrastructure";"PL";"Share MCS-Charging";"Tractor-Trailer";"BAU";"%";2045;"0.2";"Sensitivity | Current Policies | Interest rate";"Electricity"
"OPEX";"Charging Infrastructure";"UK";"Share MCS-Charging";"Rigid";"BAU";"%";2045;"0.2";"Sensitivity | Current Policies | Interest rate";"Electricity"
"OPEX";"Charging Infrastructure";"UK";"Share MCS-Charging";"Tractor-Trailer";"BAU";"%";2045;"0.2";"Sensitivity | Current Policies | Interest rate";"Electricity"
"OPEX";"Charging Infrastructure";"DE";"Depot - Network fees savings potential";"Rigid";"BAU";"EUR/kWh";2045;"0";"Sensitivity | Current Policies | Interest rate";"Electricity"
"OPEX";"Charging Infrastructure";"DE";"Depot - Network fees savings potential";"Tractor-Trailer";"BAU";"EUR/kWh";2045;"0";"Sensitivity | Current Policies | Interest rate";"Electricity"
"OPEX";"Charging Infrastructure";"ES";"Depot - Network fees savings potential";"Rigid";"BAU";"EUR/kWh";2045;"0";"Sensitivity | Current Policies | Interest rate";"Electricity"
"OPEX";"Charging Infrastructure";"ES";"Depot - Network fees savings potential";"Tractor-Trailer";"BAU";"EUR/kWh";2045;"0";"Sensitivity | Current Policies | Interest rate";"Electricity"
"OPEX";"Charging Infrastructure";"FR";"Depot - Network fees savings potential";"Rigid";"BAU";"EUR/kWh";2045;"0";"Sensitivity | Current Policies | Interest rate";"Electricity"
"OPEX";"Charging Infrastructure";"FR";"Depot - Network fees savings potential";"Tractor-Trailer";"BAU";"EUR/kWh";2045;"0";"Sensitivity | Current Policies | Interest rate";"Electricity"
"OPEX";"Charging Infrastructure";"IT";"Depot - Network fees savings potential";"Rigid";"BAU";"EUR/kWh";2045;"0";"Sensitivity | Current Policies | Interest rate";"Electricity"
"OPEX";"Charging Infrastructure";"IT";"Depot - Network fees savings potential";"Tractor-Trailer";"BAU";"EUR/kWh";2045;"0";"Sensitivity | Current Policies | Interest rate";"Electricity"
"OPEX";"Charging Infrastructure";"NL";"Depot - Network fees savings potential";"Rigid";"BAU";"EUR/kWh";2045;"0";"Sensitivity | Current Policies | Interest rate";"Electricity"
"OPEX";"Charging Infrastructure";"NL";"Depot - Network fees savings potential";"Tractor-Trailer";"BAU";"EUR/kWh";2045;"0";"Sensitivity | Current Policies | Interest rate";"Electricity"
"OPEX";"Charging Infrastructure";"PL";"Depot - Network fees savings potential";"Rigid";"BAU";"EUR/kWh";2045;"0";"Sensitivity | Current Policies | Interest rate";"Electricity"
"OPEX";"Charging Infrastructure";"PL";"Depot - Network fees savings potential";"Tractor-Trailer";"BAU";"EUR/kWh";2045;"0";"Sensitivity | Current Policies | Interest rate";"Electricity"
"OPEX";"Charging Infrastructure";"UK";"Depot - Network fees savings potential";"Rigid";"BAU";"EUR/kWh";2045;"0";"Sensitivity | Current Policies | Interest rate";"Electricity"
"OPEX";"Charging Infrastructure";"UK";"Depot - Network fees savings potential";"Tractor-Trailer";"BAU";"EUR/kWh";2045;"0";"Sensitivity | Current Policies | Interest rate";"Electricity"
"OPEX";"Taxes";"DE";"Tax reduction";"Rigid";"BAU";"%";2045;"0";"Sensitivity | Current Policies | Interest rate";"Hydrogen"
"OPEX";"Taxes";"DE";"Tax reduction";"Tractor-Trailer";"BAU";"%";2045;"0";"Sensitivity | Current Policies | Interest rate";"Hydrogen"
"OPEX";"Taxes";"ES";"Tax reduction";"Rigid";"BAU";"%";2045;"0";"Sensitivity | Current Policies | Interest rate";"Hydrogen"
"OPEX";"Taxes";"ES";"Tax reduction";"Tractor-Trailer";"BAU";"%";2045;"0";"Sensitivity | Current Policies | Interest rate";"Hydrogen"
"OPEX";"Taxes";"FR";"Tax reduction";"Rigid";"BAU";"%";2045;"0";"Sensitivity | Current Policies | Interest rate";"Hydrogen"
"OPEX";"Taxes";"FR";"Tax reduction";"Tractor-Trailer";"BAU";"%";2045;"0";"Sensitivity | Current Policies | Interest rate";"Hydrogen"
"OPEX";"Taxes";"IT";"Tax reduction";"Rigid";"BAU";"%";2045;"0";"Sensitivity | Current Policies | Interest rate";"Hydrogen"
"OPEX";"Taxes";"IT";"Tax reduction";"Tractor-Trailer";"BAU";"%";2045;"0";"Sensitivity | Current Policies | Interest rate";"Hydrogen"
"OPEX";"Taxes";"NL";"Tax reduction";"Rigid";"BAU";"%";2045;"0";"Sensitivity | Current Policies | Interest rate";"Hydrogen"
"OPEX";"Taxes";"NL";"Tax reduction";"Tractor-Trailer";"BAU";"%";2045;"0";"Sensitivity | Current Policies | Interest rate";"Hydrogen"
"OPEX";"Taxes";"PL";"Tax reduction";"Rigid";"BAU";"%";2045;"0";"Sensitivity | Current Policies | Interest rate";"Hydrogen"
"OPEX";"Taxes";"PL";"Tax reduction";"Tractor-Trailer";"BAU";"%";2045;"0";"Sensitivity | Current Policies | Interest rate";"Hydrogen"
"OPEX";"Taxes";"UK";"Tax reduction";"Rigid";"BAU";"%";2045;"0";"Sensitivity | Current Policies | Interest rate";"Hydrogen"
"OPEX";"Taxes";"UK";"Tax reduction";"Tractor-Trailer";"BAU";"%";2045;"0";"Sensitivity | Current Policies | Interest rate";"Hydrogen"
"OPEX";"Taxes";"DE";"Increasing grid fees";"Rigid";"BAU";"%";2045;"0.417";"Sensitivity | Current Policies | Interest rate";"Electricity"
"OPEX";"Taxes";"DE";"Increasing grid fees";"Tractor-Trailer";"BAU";"%";2045;"0.417";"Sensitivity | Current Policies | Interest rate";"Electricity"
"OPEX";"Taxes";"ES";"Increasing grid fees";"Rigid";"BAU";"%";2045;"0.417";"Sensitivity | Current Policies | Interest rate";"Electricity"
"OPEX";"Taxes";"ES";"Increasing grid fees";"Tractor-Trailer";"BAU";"%";2045;"0.417";"Sensitivity | Current Policies | Interest rate";"Electricity"
"OPEX";"Taxes";"FR";"Increasing grid fees";"Rigid";"BAU";"%";2045;"0.417";"Sensitivity | Current Policies | Interest rate";"Electricity"
"OPEX";"Taxes";"FR";"Increasing grid fees";"Tractor-Trailer";"BAU";"%";2045;"0.417";"Sensitivity | Current Policies | Interest rate";"Electricity"
"OPEX";"Taxes";"IT";"Increasing grid fees";"Rigid";"BAU";"%";2045;"0.417";"Sensitivity | Current Policies | Interest rate";"Electricity"
"OPEX";"Taxes";"IT";"Increasing grid fees";"Tractor-Trailer";"BAU";"%";2045;"0.417";"Sensitivity | Current Policies | Interest rate";"Electricity"
"OPEX";"Taxes";"NL";"Increasing grid fees";"Rigid";"BAU";"%";2045;"0.417";"Sensitivity | Current Policies | Interest rate";"Electricity"
"OPEX";"Taxes";"NL";"Increasing grid fees";"Tractor-Trailer";"BAU";"%";2045;"0.417";"Sensitivity | Current Policies | Interest rate";"Electricity"
"OPEX";"Taxes";"PL";"Increasing grid fees";"Rigid";"BAU";"%";2045;"0.417";"Sensitivity | Current Policies | Interest rate";"Electricity"
"OPEX";"Taxes";"PL";"Increasing grid fees";"Tractor-Trailer";"BAU";"%";2045;"0.417";"Sensitivity | Current Policies | Interest rate";"Electricity"
"OPEX";"Taxes";"UK";"Increasing grid fees";"Rigid";"BAU";"%";2045;"0.417";"Sensitivity | Current Policies | Interest rate";"Electricity"
"OPEX";"Taxes";"UK";"Increasing grid fees";"Tractor-Trailer";"BAU";"%";2045;"0.417";"Sensitivity | Current Policies | Interest rate";"Electricity"
"OPEX";"Taxes";"DE";"Excise Duty - Diesel";"Rigid";"BAU";"EUR/kWh";2050;"0.047";"Sensitivity | Current Policies | Interest rate";"Diesel"
"OPEX";"Taxes";"DE";"Excise Duty - Diesel";"Tractor-Trailer";"BAU";"EUR/kWh";2050;"0.047";"Sensitivity | Current Policies | Interest rate";"Diesel"
"OPEX";"Taxes";"ES";"Excise Duty - Diesel";"Rigid";"BAU";"EUR/kWh";2050;"0.038";"Sensitivity | Current Policies | Interest rate";"Diesel"
"OPEX";"Taxes";"ES";"Excise Duty - Diesel";"Tractor-Trailer";"BAU";"EUR/kWh";2050;"0.038";"Sensitivity | Current Policies | Interest rate";"Diesel"
"OPEX";"Taxes";"FR";"Excise Duty - Diesel";"Rigid";"BAU";"EUR/kWh";2050;"0.06";"Sensitivity | Current Policies | Interest rate";"Diesel"
"OPEX";"Taxes";"FR";"Excise Duty - Diesel";"Tractor-Trailer";"BAU";"EUR/kWh";2050;"0.06";"Sensitivity | Current Policies | Interest rate";"Diesel"
"OPEX";"Taxes";"IT";"Excise Duty - Diesel";"Rigid";"BAU";"EUR/kWh";2050;"0.062";"Sensitivity | Current Policies | Interest rate";"Diesel"
"OPEX";"Taxes";"IT";"Excise Duty - Diesel";"Tractor-Trailer";"BAU";"EUR/kWh";2050;"0.062";"Sensitivity | Current Policies | Interest rate";"Diesel"
"OPEX";"Taxes";"NL";"Excise Duty - Diesel";"Rigid";"BAU";"EUR/kWh";2050;"0.053";"Sensitivity | Current Policies | Interest rate";"Diesel"
"OPEX";"Taxes";"NL";"Excise Duty - Diesel";"Tractor-Trailer";"BAU";"EUR/kWh";2050;"0.053";"Sensitivity | Current Policies | Interest rate";"Diesel"
"OPEX";"Taxes";"PL";"Excise Duty - Diesel";"Rigid";"BAU";"EUR/kWh";2050;"0.033";"Sensitivity | Current Policies | Interest rate";"Diesel"
"OPEX";"Taxes";"PL";"Excise Duty - Diesel";"Tractor-Trailer";"BAU";"EUR/kWh";2050;"0.033";"Sensitivity | Current Policies | Interest rate";"Diesel"
"OPEX";"Taxes";"UK";"Excise Duty - Diesel";"Rigid";"BAU";"EUR/kWh";2050;"0.053";"Sensitivity | Current Policies | Interest rate";"Diesel"
"OPEX";"Taxes";"UK";"Excise Duty - Diesel";"Tractor-Trailer";"BAU";"EUR/kWh";2050;"0.053";"Sensitivity | Current Policies | Interest rate";"Diesel"
"OPEX";"Taxes";"DE";"Excise Duty - Reduction biodiesel";"Rigid";"BAU";"%";2050;"0.5";"Sensitivity | Current Policies | Interest rate";"Diesel"
"OPEX";"Taxes";"DE";"Excise Duty - Reduction biodiesel";"Tractor-Trailer";"BAU";"%";2050;"0.5";"Sensitivity | Current Policies | Interest rate";"Diesel"
"OPEX";"Taxes";"ES";"Excise Duty - Reduction biodiesel";"Rigid";"BAU";"%";2050;"0.5";"Sensitivity | Current Policies | Interest rate";"Diesel"
"OPEX";"Taxes";"ES";"Excise Duty - Reduction biodiesel";"Tractor-Trailer";"BAU";"%";2050;"0.5";"Sensitivity | Current Policies | Interest rate";"Diesel"
"OPEX";"Taxes";"FR";"Excise Duty - Reduction biodiesel";"Rigid";"BAU";"%";2050;"0.5";"Sensitivity | Current Policies | Interest rate";"Diesel"
"OPEX";"Taxes";"FR";"Excise Duty - Reduction biodiesel";"Tractor-Trailer";"BAU";"%";2050;"0.5";"Sensitivity | Current Policies | Interest rate";"Diesel"
"OPEX";"Taxes";"IT";"Excise Duty - Reduction biodiesel";"Rigid";"BAU";"%";2050;"0.5";"Sensitivity | Current Policies | Interest rate";"Diesel"
"OPEX";"Taxes";"IT";"Excise Duty - Reduction biodiesel";"Tractor-Trailer";"BAU";"%";2050;"0.5";"Sensitivity | Current Policies | Interest rate";"Diesel"
"OPEX";"Taxes";"NL";"Excise Duty - Reduction biodiesel";"Rigid";"BAU";"%";2050;"0.5";"Sensitivity | Current Policies | Interest rate";"Diesel"
"OPEX";"Taxes";"NL";"Excise Duty - Reduction biodiesel";"Tractor-Trailer";"BAU";"%";2050;"0.5";"Sensitivity | Current Policies | Interest rate";"Diesel"
"OPEX";"Taxes";"PL";"Excise Duty - Reduction biodiesel";"Rigid";"BAU";"%";2050;"0.5";"Sensitivity | Current Policies | Interest rate";"Diesel"
"OPEX";"Taxes";"PL";"Excise Duty - Reduction biodiesel";"Tractor-Trailer";"BAU";"%";2050;"0.5";"Sensitivity | Current Policies | Interest rate";"Diesel"
"OPEX";"Taxes";"UK";"Excise Duty - Reduction biodiesel";"Rigid";"BAU";"%";2050;"0.5";"Sensitivity | Current Policies | Interest rate";"Diesel"
"OPEX";"Taxes";"UK";"Excise Duty - Reduction biodiesel";"Tractor-Trailer";"BAU";"%";2050;"0.5";"Sensitivity | Current Policies | Interest rate";"Diesel"
"OPEX";"Taxes";"DE";"Excise Duty - Reduction Synthetic Diesel (E-Fuels)";"Rigid";"BAU";"%";2050;"0.5";"Sensitivity | Current Policies | Interest rate";"Diesel"
"OPEX";"Taxes";"DE";"Excise Duty - Reduction Synthetic Diesel (E-Fuels)";"Tractor-Trailer";"BAU";"%";2050;"0.5";"Sensitivity | Current Policies | Interest rate";"Diesel"
"OPEX";"Taxes";"ES";"Excise Duty - Reduction Synthetic Diesel (E-Fuels)";"Rigid";"BAU";"%";2050;"0.5";"Sensitivity | Current Policies | Interest rate";"Diesel"
"OPEX";"Taxes";"ES";"Excise Duty - Reduction Synthetic Diesel (E-Fuels)";"Tractor-Trailer";"BAU";"%";2050;"0.5";"Sensitivity | Current Policies | Interest rate";"Diesel"
"OPEX";"Taxes";"FR";"Excise Duty - Reduction Synthetic Diesel (E-Fuels)";"Rigid";"BAU";"%";2050;"0.5";"Sensitivity | Current Policies | Interest rate";"Diesel"
"OPEX";"Taxes";"FR";"Excise Duty - Reduction Synthetic Diesel (E-Fuels)";"Tractor-Trailer";"BAU";"%";2050;"0.5";"Sensitivity | Current Policies | Interest rate";"Diesel"
"OPEX";"Taxes";"IT";"Excise Duty - Reduction Synthetic Diesel (E-Fuels)";"Rigid";"BAU";"%";2050;"0.5";"Sensitivity | Current Policies | Interest rate";"Diesel"
"OPEX";"Taxes";"IT";"Excise Duty - Reduction Synthetic Diesel (E-Fuels)";"Tractor-Trailer";"BAU";"%";2050;"0.5";"Sensitivity | Current Policies | Interest rate";"Diesel"
"OPEX";"Taxes";"NL";"Excise Duty - Reduction Synthetic Diesel (E-Fuels)";"Rigid";"BAU";"%";2050;"0.5";"Sensitivity | Current Policies | Interest rate";"Diesel"
"OPEX";"Taxes";"NL";"Excise Duty - Reduction Synthetic Diesel (E-Fuels)";"Tractor-Trailer";"BAU";"%";2050;"0.5";"Sensitivity | Current Policies | Interest rate";"Diesel"
"OPEX";"Taxes";"PL";"Excise Duty - Reduction Synthetic Diesel (E-Fuels)";"Rigid";"BAU";"%";2050;"0.5";"Sensitivity | Current Policies | Interest rate";"Diesel"
"OPEX";"Taxes";"PL";"Excise Duty - Reduction Synthetic Diesel (E-Fuels)";"Tractor-Trailer";"BAU";"%";2050;"0.5";"Sensitivity | Current Policies | Interest rate";"Diesel"
"OPEX";"Taxes";"UK";"Excise Duty - Reduction Synthetic Diesel (E-Fuels)";"Rigid";"BAU";"%";2050;"0.5";"Sensitivity | Current Policies | Interest rate";"Diesel"
"OPEX";"Taxes";"UK";"Excise Duty - Reduction Synthetic Diesel (E-Fuels)";"Tractor-Trailer";"BAU";"%";2050;"0.5";"Sensitivity | Current Policies | Interest rate";"Diesel"
"OPEX";"Taxes";"DE";"Taxes, Fees, Levies and charges - H2";"Rigid";"BAU";"EUR/kWh";2050;"0.015";"Sensitivity | Current Policies | Interest rate";"Hydrogen"
"OPEX";"Taxes";"DE";"Taxes, Fees, Levies and charges - H2";"Tractor-Trailer";"BAU";"EUR/kWh";2050;"0.015";"Sensitivity | Current Policies | Interest rate";"Hydrogen"
"OPEX";"Taxes";"ES";"Taxes, Fees, Levies and charges - H2";"Rigid";"BAU";"EUR/kWh";2050;"0.008";"Sensitivity | Current Policies | Interest rate";"Hydrogen"
"OPEX";"Taxes";"ES";"Taxes, Fees, Levies and charges - H2";"Tractor-Trailer";"BAU";"EUR/kWh";2050;"0.008";"Sensitivity | Current Policies | Interest rate";"Hydrogen"
"OPEX";"Taxes";"FR";"Taxes, Fees, Levies and charges - H2";"Rigid";"BAU";"EUR/kWh";2050;"0.012";"Sensitivity | Current Policies | Interest rate";"Hydrogen"
"OPEX";"Taxes";"FR";"Taxes, Fees, Levies and charges - H2";"Tractor-Trailer";"BAU";"EUR/kWh";2050;"0.012";"Sensitivity | Current Policies | Interest rate";"Hydrogen"
"OPEX";"Taxes";"IT";"Taxes, Fees, Levies and charges - H2";"Rigid";"BAU";"EUR/kWh";2050;"0.009";"Sensitivity | Current Policies | Interest rate";"Hydrogen"
"OPEX";"Taxes";"IT";"Taxes, Fees, Levies and charges - H2";"Tractor-Trailer";"BAU";"EUR/kWh";2050;"0.009";"Sensitivity | Current Policies | Interest rate";"Hydrogen"
"OPEX";"Taxes";"NL";"Taxes, Fees, Levies and charges - H2";"Rigid";"BAU";"EUR/kWh";2050;"0.024";"Sensitivity | Current Policies | Interest rate";"Hydrogen"
"OPEX";"Taxes";"NL";"Taxes, Fees, Levies and charges - H2";"Tractor-Trailer";"BAU";"EUR/kWh";2050;"0.024";"Sensitivity | Current Policies | Interest rate";"Hydrogen"
"OPEX";"Taxes";"PL";"Taxes, Fees, Levies and charges - H2";"Rigid";"BAU";"EUR/kWh";2050;"0.009";"Sensitivity | Current Policies | Interest rate";"Hydrogen"
"OPEX";"Taxes";"PL";"Taxes, Fees, Levies and charges - H2";"Tractor-Trailer";"BAU";"EUR/kWh";2050;"0.009";"Sensitivity | Current Policies | Interest rate";"Hydrogen"
"OPEX";"Taxes";"UK";"Taxes, Fees, Levies and charges - H2";"Rigid";"BAU";"EUR/kWh";2050;"0.006";"Sensitivity | Current Policies | Interest rate";"Hydrogen"
"OPEX";"Taxes";"UK";"Taxes, Fees, Levies and charges - H2";"Tractor-Trailer";"BAU";"EUR/kWh";2050;"0.006";"Sensitivity | Current Policies | Interest rate";"Hydrogen"
"OPEX";"Charging Infrastructure";"DE";"MCS grid extension";"Rigid";"BAU";"EUR/kWh";2050;"0.035";"Sensitivity | Current Policies | Interest rate";"Electricity"
"OPEX";"Charging Infrastructure";"DE";"MCS grid extension";"Tractor-Trailer";"BAU";"EUR/kWh";2050;"0.035";"Sensitivity | Current Policies | Interest rate";"Electricity"
"OPEX";"Charging Infrastructure";"ES";"MCS grid extension";"Rigid";"BAU";"EUR/kWh";2050;"0.035";"Sensitivity | Current Policies | Interest rate";"Electricity"
"OPEX";"Charging Infrastructure";"ES";"MCS grid extension";"Tractor-Trailer";"BAU";"EUR/kWh";2050;"0.035";"Sensitivity | Current Policies | Interest rate";"Electricity"
"OPEX";"Charging Infrastructure";"FR";"MCS grid extension";"Rigid";"BAU";"EUR/kWh";2050;"0.035";"Sensitivity | Current Policies | Interest rate";"Electricity"
"OPEX";"Charging Infrastructure";"FR";"MCS grid extension";"Tractor-Trailer";"BAU";"EUR/kWh";2050;"0.035";"Sensitivity | Current Policies | Interest rate";"Electricity"
"OPEX";"Charging Infrastructure";"IT";"MCS grid extension";"Rigid";"BAU";"EUR/kWh";2050;"0.035";"Sensitivity | Current Policies | Interest rate";"Electricity"
"OPEX";"Charging Infrastructure";"IT";"MCS grid extension";"Tractor-Trailer";"BAU";"EUR/kWh";2050;"0.035";"Sensitivity | Current Policies | Interest rate";"Electricity"
"OPEX";"Charging Infrastructure";"NL";"MCS grid extension";"Rigid";"BAU";"EUR/kWh";2050;"0.035";"Sensitivity | Current Policies | Interest rate";"Electricity"
"OPEX";"Charging Infrastructure";"NL";"MCS grid extension";"Tractor-Trailer";"BAU";"EUR/kWh";2050;"0.035";"Sensitivity | Current Policies | Interest rate";"Electricity"
"OPEX";"Charging Infrastructure";"PL";"MCS grid extension";"Rigid";"BAU";"EUR/kWh";2050;"0.035";"Sensitivity | Current Policies | Interest rate";"Electricity"
"OPEX";"Charging Infrastructure";"PL";"MCS grid extension";"Tractor-Trailer";"BAU";"EUR/kWh";2050;"0.035";"Sensitivity | Current Policies | Interest rate";"Electricity"
"OPEX";"Charging Infrastructure";"UK";"MCS grid extension";"Rigid";"BAU";"EUR/kWh";2050;"0.035";"Sensitivity | Current Policies | Interest rate";"Electricity"
"OPEX";"Charging Infrastructure";"UK";"MCS grid extension";"Tractor-Trailer";"BAU";"EUR/kWh";2050;"0.035";"Sensitivity | Current Policies | Interest rate";"Electricity"
"OPEX";"Charging Infrastructure";"DE";"MCS Profit and Mark-Up";"Rigid";"BAU";"%";2050;"0.1";"Sensitivity | Current Policies | Interest rate";"Electricity"
"OPEX";"Charging Infrastructure";"DE";"MCS Profit and Mark-Up";"Tractor-Trailer";"BAU";"%";2050;"0.1";"Sensitivity | Current Policies | Interest rate";"Electricity"
"OPEX";"Charging Infrastructure";"ES";"MCS Profit and Mark-Up";"Rigid";"BAU";"%";2050;"0.1";"Sensitivity | Current Policies | Interest rate";"Electricity"
"OPEX";"Charging Infrastructure";"ES";"MCS Profit and Mark-Up";"Tractor-Trailer";"BAU";"%";2050;"0.1";"Sensitivity | Current Policies | Interest rate";"Electricity"
"OPEX";"Charging Infrastructure";"FR";"MCS Profit and Mark-Up";"Rigid";"BAU";"%";2050;"0.1";"Sensitivity | Current Policies | Interest rate";"Electricity"
"OPEX";"Charging Infrastructure";"FR";"MCS Profit and Mark-Up";"Tractor-Trailer";"BAU";"%";2050;"0.1";"Sensitivity | Current Policies | Interest rate";"Electricity"
"OPEX";"Charging Infrastructure";"IT";"MCS Profit and Mark-Up";"Rigid";"BAU";"%";2050;"0.1";"Sensitivity | Current Policies | Interest rate";"Electricity"
"OPEX";"Charging Infrastructure";"IT";"MCS Profit and Mark-Up";"Tractor-Trailer";"BAU";"%";2050;"0.1";"Sensitivity | Current Policies | Interest rate";"Electricity"
"OPEX";"Charging Infrastructure";"NL";"MCS Profit and Mark-Up";"Rigid";"BAU";"%";2050;"0.1";"Sensitivity | Current Policies | Interest rate";"Electricity"
"OPEX";"Charging Infrastructure";"NL";"MCS Profit and Mark-Up";"Tractor-Trailer";"BAU";"%";2050;"0.1";"Sensitivity | Current Policies | Interest rate";"Electricity"
"OPEX";"Charging Infrastructure";"PL";"MCS Profit and Mark-Up";"Rigid";"BAU";"%";2050;"0.1";"Sensitivity | Current Policies | Interest rate";"Electricity"
"OPEX";"Charging Infrastructure";"PL";"MCS Profit and Mark-Up";"Tractor-Trailer";"BAU";"%";2050;"0.1";"Sensitivity | Current Policies | Interest rate";"Electricity"
"OPEX";"Charging Infrastructure";"UK";"MCS Profit and Mark-Up";"Rigid";"BAU";"%";2050;"0.1";"Sensitivity | Current Policies | Interest rate";"Electricity"
"OPEX";"Charging Infrastructure";"UK";"MCS Profit and Mark-Up";"Tractor-Trailer";"BAU";"%";2050;"0.1";"Sensitivity | Current Policies | Interest rate";"Electricity"
"OPEX";"Charging Infrastructure";"DE";"CCS Station (Depot) - Incl. Overhead";"Rigid";"BAU";"EUR/kWh";2050;"0.019";"Sensitivity | Current Policies | Interest rate";"Electricity"
"OPEX";"Charging Infrastructure";"DE";"CCS Station (Depot) - Incl. Overhead";"Tractor-Trailer";"BAU";"EUR/kWh";2050;"0.019";"Sensitivity | Current Policies | Interest rate";"Electricity"
"OPEX";"Charging Infrastructure";"ES";"CCS Station (Depot) - Incl. Overhead";"Rigid";"BAU";"EUR/kWh";2050;"0.019";"Sensitivity | Current Policies | Interest rate";"Electricity"
"OPEX";"Charging Infrastructure";"ES";"CCS Station (Depot) - Incl. Overhead";"Tractor-Trailer";"BAU";"EUR/kWh";2050;"0.019";"Sensitivity | Current Policies | Interest rate";"Electricity"
"OPEX";"Charging Infrastructure";"FR";"CCS Station (Depot) - Incl. Overhead";"Rigid";"BAU";"EUR/kWh";2050;"0.019";"Sensitivity | Current Policies | Interest rate";"Electricity"
"OPEX";"Charging Infrastructure";"FR";"CCS Station (Depot) - Incl. Overhead";"Tractor-Trailer";"BAU";"EUR/kWh";2050;"0.019";"Sensitivity | Current Policies | Interest rate";"Electricity"
"OPEX";"Charging Infrastructure";"IT";"CCS Station (Depot) - Incl. Overhead";"Rigid";"BAU";"EUR/kWh";2050;"0.019";"Sensitivity | Current Policies | Interest rate";"Electricity"
"OPEX";"Charging Infrastructure";"IT";"CCS Station (Depot) - Incl. Overhead";"Tractor-Trailer";"BAU";"EUR/kWh";2050;"0.019";"Sensitivity | Current Policies | Interest rate";"Electricity"
"OPEX";"Charging Infrastructure";"NL";"CCS Station (Depot) - Incl. Overhead";"Rigid";"BAU";"EUR/kWh";2050;"0.019";"Sensitivity | Current Policies | Interest rate";"Electricity"
"OPEX";"Charging Infrastructure";"NL";"CCS Station (Depot) - Incl. Overhead";"Tractor-Trailer";"BAU";"EUR/kWh";2050;"0.019";"Sensitivity | Current Policies | Interest rate";"Electricity"
"OPEX";"Charging Infrastructure";"PL";"CCS Station (Depot) - Incl. Overhead";"Rigid";"BAU";"EUR/kWh";2050;"0.019";"Sensitivity | Current Policies | Interest rate";"Electricity"
"OPEX";"Charging Infrastructure";"PL";"CCS Station (Depot) - Incl. Overhead";"Tractor-Trailer";"BAU";"EUR/kWh";2050;"0.019";"Sensitivity | Current Policies | Interest rate";"Electricity"
"OPEX";"Charging Infrastructure";"UK";"CCS Station (Depot) - Incl. Overhead";"Rigid";"BAU";"EUR/kWh";2050;"0.019";"Sensitivity | Current Policies | Interest rate";"Electricity"
"OPEX";"Charging Infrastructure";"UK";"CCS Station (Depot) - Incl. Overhead";"Tractor-Trailer";"BAU";"EUR/kWh";2050;"0.019";"Sensitivity | Current Policies | Interest rate";"Electricity"
"OPEX";"Charging Infrastructure";"DE";"CCS grid extension";"Rigid";"BAU";"EUR/kWh";2050;"0.045";"Sensitivity | Current Policies | Interest rate";"Electricity"
"OPEX";"Charging Infrastructure";"DE";"CCS grid extension";"Tractor-Trailer";"BAU";"EUR/kWh";2050;"0.045";"Sensitivity | Current Policies | Interest rate";"Electricity"
"OPEX";"Charging Infrastructure";"ES";"CCS grid extension";"Rigid";"BAU";"EUR/kWh";2050;"0.045";"Sensitivity | Current Policies | Interest rate";"Electricity"
"OPEX";"Charging Infrastructure";"ES";"CCS grid extension";"Tractor-Trailer";"BAU";"EUR/kWh";2050;"0.045";"Sensitivity | Current Policies | Interest rate";"Electricity"
"OPEX";"Charging Infrastructure";"FR";"CCS grid extension";"Rigid";"BAU";"EUR/kWh";2050;"0.045";"Sensitivity | Current Policies | Interest rate";"Electricity"
"OPEX";"Charging Infrastructure";"FR";"CCS grid extension";"Tractor-Trailer";"BAU";"EUR/kWh";2050;"0.045";"Sensitivity | Current Policies | Interest rate";"Electricity"
"OPEX";"Charging Infrastructure";"IT";"CCS grid extension";"Rigid";"BAU";"EUR/kWh";2050;"0.045";"Sensitivity | Current Policies | Interest rate";"Electricity"
"OPEX";"Charging Infrastructure";"IT";"CCS grid extension";"Tractor-Trailer";"BAU";"EUR/kWh";2050;"0.045";"Sensitivity | Current Policies | Interest rate";"Electricity"
"OPEX";"Charging Infrastructure";"NL";"CCS grid extension";"Rigid";"BAU";"EUR/kWh";2050;"0.045";"Sensitivity | Current Policies | Interest rate";"Electricity"
"OPEX";"Charging Infrastructure";"NL";"CCS grid extension";"Tractor-Trailer";"BAU";"EUR/kWh";2050;"0.045";"Sensitivity | Current Policies | Interest rate";"Electricity"
"OPEX";"Charging Infrastructure";"PL";"CCS grid extension";"Rigid";"BAU";"EUR/kWh";2050;"0.045";"Sensitivity | Current Policies | Interest rate";"Electricity"
"OPEX";"Charging Infrastructure";"PL";"CCS grid extension";"Tractor-Trailer";"BAU";"EUR/kWh";2050;"0.045";"Sensitivity | Current Policies | Interest rate";"Electricity"
"OPEX";"Charging Infrastructure";"UK";"CCS grid extension";"Rigid";"BAU";"EUR/kWh";2050;"0.045";"Sensitivity | Current Policies | Interest rate";"Electricity"
"OPEX";"Charging Infrastructure";"UK";"CCS grid extension";"Tractor-Trailer";"BAU";"EUR/kWh";2050;"0.045";"Sensitivity | Current Policies | Interest rate";"Electricity"
"OPEX";"Diesel Infrastructure";"DE";"Total Diesel Mark-Up";"Rigid";"BAU";"EUR/kWh";2050;"0.018";"Sensitivity | Current Policies | Interest rate";"Diesel"
"OPEX";"Diesel Infrastructure";"DE";"Total Diesel Mark-Up";"Tractor-Trailer";"BAU";"EUR/kWh";2050;"0.018";"Sensitivity | Current Policies | Interest rate";"Diesel"
"OPEX";"Diesel Infrastructure";"ES";"Total Diesel Mark-Up";"Rigid";"BAU";"EUR/kWh";2050;"0.018";"Sensitivity | Current Policies | Interest rate";"Diesel"
"OPEX";"Diesel Infrastructure";"ES";"Total Diesel Mark-Up";"Tractor-Trailer";"BAU";"EUR/kWh";2050;"0.018";"Sensitivity | Current Policies | Interest rate";"Diesel"
"OPEX";"Diesel Infrastructure";"FR";"Total Diesel Mark-Up";"Rigid";"BAU";"EUR/kWh";2050;"0.018";"Sensitivity | Current Policies | Interest rate";"Diesel"
"OPEX";"Diesel Infrastructure";"FR";"Total Diesel Mark-Up";"Tractor-Trailer";"BAU";"EUR/kWh";2050;"0.018";"Sensitivity | Current Policies | Interest rate";"Diesel"
"OPEX";"Diesel Infrastructure";"IT";"Total Diesel Mark-Up";"Rigid";"BAU";"EUR/kWh";2050;"0.018";"Sensitivity | Current Policies | Interest rate";"Diesel"
"OPEX";"Diesel Infrastructure";"IT";"Total Diesel Mark-Up";"Tractor-Trailer";"BAU";"EUR/kWh";2050;"0.018";"Sensitivity | Current Policies | Interest rate";"Diesel"
"OPEX";"Diesel Infrastructure";"NL";"Total Diesel Mark-Up";"Rigid";"BAU";"EUR/kWh";2050;"0.018";"Sensitivity | Current Policies | Interest rate";"Diesel"
"OPEX";"Diesel Infrastructure";"NL";"Total Diesel Mark-Up";"Tractor-Trailer";"BAU";"EUR/kWh";2050;"0.018";"Sensitivity | Current Policies | Interest rate";"Diesel"
"OPEX";"Diesel Infrastructure";"PL";"Total Diesel Mark-Up";"Rigid";"BAU";"EUR/kWh";2050;"0.018";"Sensitivity | Current Policies | Interest rate";"Diesel"
"OPEX";"Diesel Infrastructure";"PL";"Total Diesel Mark-Up";"Tractor-Trailer";"BAU";"EUR/kWh";2050;"0.018";"Sensitivity | Current Policies | Interest rate";"Diesel"
"OPEX";"Diesel Infrastructure";"UK";"Total Diesel Mark-Up";"Rigid";"BAU";"EUR/kWh";2050;"0.018";"Sensitivity | Current Policies | Interest rate";"Diesel"
"OPEX";"Diesel Infrastructure";"UK";"Total Diesel Mark-Up";"Tractor-Trailer";"BAU";"EUR/kWh";2050;"0.018";"Sensitivity | Current Policies | Interest rate";"Diesel"
"OPEX";"Diesel Infrastructure";"DE";"CO2 emission factor Biodiesel";"Rigid";"BAU";"%";2050;"0.152";"Sensitivity | Current Policies | Interest rate";"Diesel"
"OPEX";"Diesel Infrastructure";"DE";"CO2 emission factor Biodiesel";"Tractor-Trailer";"BAU";"%";2050;"0.152";"Sensitivity | Current Policies | Interest rate";"Diesel"
"OPEX";"Diesel Infrastructure";"ES";"CO2 emission factor Biodiesel";"Rigid";"BAU";"%";2050;"0.152";"Sensitivity | Current Policies | Interest rate";"Diesel"
"OPEX";"Diesel Infrastructure";"ES";"CO2 emission factor Biodiesel";"Tractor-Trailer";"BAU";"%";2050;"0.152";"Sensitivity | Current Policies | Interest rate";"Diesel"
"OPEX";"Diesel Infrastructure";"FR";"CO2 emission factor Biodiesel";"Rigid";"BAU";"%";2050;"0.152";"Sensitivity | Current Policies | Interest rate";"Diesel"
"OPEX";"Diesel Infrastructure";"FR";"CO2 emission factor Biodiesel";"Tractor-Trailer";"BAU";"%";2050;"0.152";"Sensitivity | Current Policies | Interest rate";"Diesel"
"OPEX";"Diesel Infrastructure";"IT";"CO2 emission factor Biodiesel";"Rigid";"BAU";"%";2050;"0.152";"Sensitivity | Current Policies | Interest rate";"Diesel"
"OPEX";"Diesel Infrastructure";"IT";"CO2 emission factor Biodiesel";"Tractor-Trailer";"BAU";"%";2050;"0.152";"Sensitivity | Current Policies | Interest rate";"Diesel"
"OPEX";"Diesel Infrastructure";"NL";"CO2 emission factor Biodiesel";"Rigid";"BAU";"%";2050;"0.152";"Sensitivity | Current Policies | Interest rate";"Diesel"
"OPEX";"Diesel Infrastructure";"NL";"CO2 emission factor Biodiesel";"Tractor-Trailer";"BAU";"%";2050;"0.152";"Sensitivity | Current Policies | Interest rate";"Diesel"
"OPEX";"Diesel Infrastructure";"PL";"CO2 emission factor Biodiesel";"Rigid";"BAU";"%";2050;"0.152";"Sensitivity | Current Policies | Interest rate";"Diesel"
"OPEX";"Diesel Infrastructure";"PL";"CO2 emission factor Biodiesel";"Tractor-Trailer";"BAU";"%";2050;"0.152";"Sensitivity | Current Policies | Interest rate";"Diesel"
"OPEX";"Diesel Infrastructure";"UK";"CO2 emission factor Biodiesel";"Rigid";"BAU";"%";2050;"0.152";"Sensitivity | Current Policies | Interest rate";"Diesel"
"OPEX";"Diesel Infrastructure";"UK";"CO2 emission factor Biodiesel";"Tractor-Trailer";"BAU";"%";2050;"0.152";"Sensitivity | Current Policies | Interest rate";"Diesel"
"OPEX";"Diesel Infrastructure";"DE";"CO2 emission factor Pt-Diesel";"Rigid";"BAU";"%";2050;"0";"Sensitivity | Current Policies | Interest rate";"Diesel"
"OPEX";"Diesel Infrastructure";"DE";"CO2 emission factor Pt-Diesel";"Tractor-Trailer";"BAU";"%";2050;"0";"Sensitivity | Current Policies | Interest rate";"Diesel"
"OPEX";"Diesel Infrastructure";"ES";"CO2 emission factor Pt-Diesel";"Rigid";"BAU";"%";2050;"0";"Sensitivity | Current Policies | Interest rate";"Diesel"
"OPEX";"Diesel Infrastructure";"ES";"CO2 emission factor Pt-Diesel";"Tractor-Trailer";"BAU";"%";2050;"0";"Sensitivity | Current Policies | Interest rate";"Diesel"
"OPEX";"Diesel Infrastructure";"FR";"CO2 emission factor Pt-Diesel";"Rigid";"BAU";"%";2050;"0";"Sensitivity | Current Policies | Interest rate";"Diesel"
"OPEX";"Diesel Infrastructure";"FR";"CO2 emission factor Pt-Diesel";"Tractor-Trailer";"BAU";"%";2050;"0";"Sensitivity | Current Policies | Interest rate";"Diesel"
"OPEX";"Diesel Infrastructure";"IT";"CO2 emission factor Pt-Diesel";"Rigid";"BAU";"%";2050;"0";"Sensitivity | Current Policies | Interest rate";"Diesel"
"OPEX";"Diesel Infrastructure";"IT";"CO2 emission factor Pt-Diesel";"Tractor-Trailer";"BAU";"%";2050;"0";"Sensitivity | Current Policies | Interest rate";"Diesel"
"OPEX";"Diesel Infrastructure";"NL";"CO2 emission factor Pt-Diesel";"Rigid";"BAU";"%";2050;"0";"Sensitivity | Current Policies | Interest rate";"Diesel"
"OPEX";"Diesel Infrastructure";"NL";"CO2 emission factor Pt-Diesel";"Tractor-Trailer";"BAU";"%";2050;"0";"Sensitivity | Current Policies | Interest rate";"Diesel"
"OPEX";"Diesel Infrastructure";"PL";"CO2 emission factor Pt-Diesel";"Rigid";"BAU";"%";2050;"0";"Sensitivity | Current Policies | Interest rate";"Diesel"
"OPEX";"Diesel Infrastructure";"PL";"CO2 emission factor Pt-Diesel";"Tractor-Trailer";"BAU";"%";2050;"0";"Sensitivity | Current Policies | Interest rate";"Diesel"
"OPEX";"Diesel Infrastructure";"UK";"CO2 emission factor Pt-Diesel";"Rigid";"BAU";"%";2050;"0";"Sensitivity | Current Policies | Interest rate";"Diesel"
"OPEX";"Diesel Infrastructure";"UK";"CO2 emission factor Pt-Diesel";"Tractor-Trailer";"BAU";"%";2050;"0";"Sensitivity | Current Policies | Interest rate";"Diesel"
"OPEX";"Taxes";"DE";"Network Costs - MCS";"Rigid";"BAU";"EUR/kWh";2050;"0.034";"Sensitivity | Current Policies | Interest rate";"Electricity"
"OPEX";"Taxes";"DE";"Network Costs - MCS";"Tractor-Trailer";"BAU";"EUR/kWh";2050;"0.034";"Sensitivity | Current Policies | Interest rate";"Electricity"
"OPEX";"Taxes";"ES";"Network Costs - MCS";"Rigid";"BAU";"EUR/kWh";2050;"0.018";"Sensitivity | Current Policies | Interest rate";"Electricity"
"OPEX";"Taxes";"ES";"Network Costs - MCS";"Tractor-Trailer";"BAU";"EUR/kWh";2050;"0.018";"Sensitivity | Current Policies | Interest rate";"Electricity"
"OPEX";"Taxes";"FR";"Network Costs - MCS";"Rigid";"BAU";"EUR/kWh";2050;"0.018";"Sensitivity | Current Policies | Interest rate";"Electricity"
"OPEX";"Taxes";"FR";"Network Costs - MCS";"Tractor-Trailer";"BAU";"EUR/kWh";2050;"0.018";"Sensitivity | Current Policies | Interest rate";"Electricity"
"OPEX";"Taxes";"IT";"Network Costs - MCS";"Rigid";"BAU";"EUR/kWh";2050;"0.015";"Sensitivity | Current Policies | Interest rate";"Electricity"
"OPEX";"Taxes";"IT";"Network Costs - MCS";"Tractor-Trailer";"BAU";"EUR/kWh";2050;"0.015";"Sensitivity | Current Policies | Interest rate";"Electricity"
"OPEX";"Taxes";"NL";"Network Costs - MCS";"Rigid";"BAU";"EUR/kWh";2050;"0.016";"Sensitivity | Current Policies | Interest rate";"Electricity"
"OPEX";"Taxes";"NL";"Network Costs - MCS";"Tractor-Trailer";"BAU";"EUR/kWh";2050;"0.016";"Sensitivity | Current Policies | Interest rate";"Electricity"
"OPEX";"Taxes";"PL";"Network Costs - MCS";"Rigid";"BAU";"EUR/kWh";2050;"0.019";"Sensitivity | Current Policies | Interest rate";"Electricity"
"OPEX";"Taxes";"PL";"Network Costs - MCS";"Tractor-Trailer";"BAU";"EUR/kWh";2050;"0.019";"Sensitivity | Current Policies | Interest rate";"Electricity"
"OPEX";"Taxes";"UK";"Network Costs - MCS";"Rigid";"BAU";"EUR/kWh";2050;"0.027";"Sensitivity | Current Policies | Interest rate";"Electricity"
"OPEX";"Taxes";"UK";"Network Costs - MCS";"Tractor-Trailer";"BAU";"EUR/kWh";2050;"0.027";"Sensitivity | Current Policies | Interest rate";"Electricity"
"OPEX";"Taxes";"DE";"Taxes, Fees, Levies and charges - MCS";"Rigid";"BAU";"EUR/kWh";2050;"0.056";"Sensitivity | Current Policies | Interest rate";"Electricity"
"OPEX";"Taxes";"DE";"Taxes, Fees, Levies and charges - MCS";"Tractor-Trailer";"BAU";"EUR/kWh";2050;"0.056";"Sensitivity | Current Policies | Interest rate";"Electricity"
"OPEX";"Taxes";"ES";"Taxes, Fees, Levies and charges - MCS";"Rigid";"BAU";"EUR/kWh";2050;"0.036";"Sensitivity | Current Policies | Interest rate";"Electricity"
"OPEX";"Taxes";"ES";"Taxes, Fees, Levies and charges - MCS";"Tractor-Trailer";"BAU";"EUR/kWh";2050;"0.036";"Sensitivity | Current Policies | Interest rate";"Electricity"
"OPEX";"Taxes";"FR";"Taxes, Fees, Levies and charges - MCS";"Rigid";"BAU";"EUR/kWh";2050;"0.03";"Sensitivity | Current Policies | Interest rate";"Electricity"
"OPEX";"Taxes";"FR";"Taxes, Fees, Levies and charges - MCS";"Tractor-Trailer";"BAU";"EUR/kWh";2050;"0.03";"Sensitivity | Current Policies | Interest rate";"Electricity"
"OPEX";"Taxes";"IT";"Taxes, Fees, Levies and charges - MCS";"Rigid";"BAU";"EUR/kWh";2050;"0.062";"Sensitivity | Current Policies | Interest rate";"Electricity"
"OPEX";"Taxes";"IT";"Taxes, Fees, Levies and charges - MCS";"Tractor-Trailer";"BAU";"EUR/kWh";2050;"0.062";"Sensitivity | Current Policies | Interest rate";"Electricity"
"OPEX";"Taxes";"NL";"Taxes, Fees, Levies and charges - MCS";"Rigid";"BAU";"EUR/kWh";2050;"0.055";"Sensitivity | Current Policies | Interest rate";"Electricity"
"OPEX";"Taxes";"NL";"Taxes, Fees, Levies and charges - MCS";"Tractor-Trailer";"BAU";"EUR/kWh";2050;"0.055";"Sensitivity | Current Policies | Interest rate";"Electricity"
"OPEX";"Taxes";"PL";"Taxes, Fees, Levies and charges - MCS";"Rigid";"BAU";"EUR/kWh";2050;"0.049";"Sensitivity | Current Policies | Interest rate";"Electricity"
"OPEX";"Taxes";"PL";"Taxes, Fees, Levies and charges - MCS";"Tractor-Trailer";"BAU";"EUR/kWh";2050;"0.049";"Sensitivity | Current Policies | Interest rate";"Electricity"
"OPEX";"Taxes";"UK";"Taxes, Fees, Levies and charges - MCS";"Rigid";"BAU";"EUR/kWh";2050;"0.077";"Sensitivity | Current Policies | Interest rate";"Electricity"
"OPEX";"Taxes";"UK";"Taxes, Fees, Levies and charges - MCS";"Tractor-Trailer";"BAU";"EUR/kWh";2050;"0.077";"Sensitivity | Current Policies | Interest rate";"Electricity"
"OPEX";"Taxes";"DE";"Network Costs - Depot";"Rigid";"BAU";"EUR/kWh";2050;"0.034";"Sensitivity | Current Policies | Interest rate";"Electricity"
"OPEX";"Taxes";"DE";"Network Costs - Depot";"Tractor-Trailer";"BAU";"EUR/kWh";2050;"0.034";"Sensitivity | Current Policies | Interest rate";"Electricity"
"OPEX";"Taxes";"ES";"Network Costs - Depot";"Rigid";"BAU";"EUR/kWh";2050;"0.018";"Sensitivity | Current Policies | Interest rate";"Electricity"
"OPEX";"Taxes";"ES";"Network Costs - Depot";"Tractor-Trailer";"BAU";"EUR/kWh";2050;"0.018";"Sensitivity | Current Policies | Interest rate";"Electricity"
"OPEX";"Taxes";"FR";"Network Costs - Depot";"Rigid";"BAU";"EUR/kWh";2050;"0.018";"Sensitivity | Current Policies | Interest rate";"Electricity"
"OPEX";"Taxes";"FR";"Network Costs - Depot";"Tractor-Trailer";"BAU";"EUR/kWh";2050;"0.018";"Sensitivity | Current Policies | Interest rate";"Electricity"
"OPEX";"Taxes";"IT";"Network Costs - Depot";"Rigid";"BAU";"EUR/kWh";2050;"0.016";"Sensitivity | Current Policies | Interest rate";"Electricity"
"OPEX";"Taxes";"IT";"Network Costs - Depot";"Tractor-Trailer";"BAU";"EUR/kWh";2050;"0.016";"Sensitivity | Current Policies | Interest rate";"Electricity"
"OPEX";"Taxes";"NL";"Network Costs - Depot";"Rigid";"BAU";"EUR/kWh";2050;"0.016";"Sensitivity | Current Policies | Interest rate";"Electricity"
"OPEX";"Taxes";"NL";"Network Costs - Depot";"Tractor-Trailer";"BAU";"EUR/kWh";2050;"0.016";"Sensitivity | Current Policies | Interest rate";"Electricity"
"OPEX";"Taxes";"PL";"Network Costs - Depot";"Rigid";"BAU";"EUR/kWh";2050;"0.019";"Sensitivity | Current Policies | Interest rate";"Electricity"
"OPEX";"Taxes";"PL";"Network Costs - Depot";"Tractor-Trailer";"BAU";"EUR/kWh";2050;"0.019";"Sensitivity | Current Policies | Interest rate";"Electricity"
"OPEX";"Taxes";"UK";"Network Costs - Depot";"Rigid";"BAU";"EUR/kWh";2050;"0.027";"Sensitivity | Current Policies | Interest rate";"Electricity"
"OPEX";"Taxes";"UK";"Network Costs - Depot";"Tractor-Trailer";"BAU";"EUR/kWh";2050;"0.027";"Sensitivity | Current Policies | Interest rate";"Electricity"
"OPEX";"Taxes";"DE";"Taxes, Fees, Levies and charges - Depot";"Rigid";"BAU";"EUR/kWh";2050;"0.056";"Sensitivity | Current Policies | Interest rate";"Electricity"
"OPEX";"Taxes";"DE";"Taxes, Fees, Levies and charges - Depot";"Tractor-Trailer";"BAU";"EUR/kWh";2050;"0.056";"Sensitivity | Current Policies | Interest rate";"Electricity"
"OPEX";"Taxes";"ES";"Taxes, Fees, Levies and charges - Depot";"Rigid";"BAU";"EUR/kWh";2050;"0.036";"Sensitivity | Current Policies | Interest rate";"Electricity"
"OPEX";"Taxes";"ES";"Taxes, Fees, Levies and charges - Depot";"Tractor-Trailer";"BAU";"EUR/kWh";2050;"0.036";"Sensitivity | Current Policies | Interest rate";"Electricity"
"OPEX";"Taxes";"FR";"Taxes, Fees, Levies and charges - Depot";"Rigid";"BAU";"EUR/kWh";2050;"0.03";"Sensitivity | Current Policies | Interest rate";"Electricity"
"OPEX";"Taxes";"FR";"Taxes, Fees, Levies and charges - Depot";"Tractor-Trailer";"BAU";"EUR/kWh";2050;"0.03";"Sensitivity | Current Policies | Interest rate";"Electricity"
"OPEX";"Taxes";"IT";"Taxes, Fees, Levies and charges - Depot";"Rigid";"BAU";"EUR/kWh";2050;"0.063";"Sensitivity | Current Policies | Interest rate";"Electricity"
"OPEX";"Taxes";"IT";"Taxes, Fees, Levies and charges - Depot";"Tractor-Trailer";"BAU";"EUR/kWh";2050;"0.063";"Sensitivity | Current Policies | Interest rate";"Electricity"
"OPEX";"Taxes";"NL";"Taxes, Fees, Levies and charges - Depot";"Rigid";"BAU";"EUR/kWh";2050;"0.055";"Sensitivity | Current Policies | Interest rate";"Electricity"
"OPEX";"Taxes";"NL";"Taxes, Fees, Levies and charges - Depot";"Tractor-Trailer";"BAU";"EUR/kWh";2050;"0.055";"Sensitivity | Current Policies | Interest rate";"Electricity"
"OPEX";"Taxes";"PL";"Taxes, Fees, Levies and charges - Depot";"Rigid";"BAU";"EUR/kWh";2050;"0.049";"Sensitivity | Current Policies | Interest rate";"Electricity"
"OPEX";"Taxes";"PL";"Taxes, Fees, Levies and charges - Depot";"Tractor-Trailer";"BAU";"EUR/kWh";2050;"0.049";"Sensitivity | Current Policies | Interest rate";"Electricity"
"OPEX";"Taxes";"UK";"Taxes, Fees, Levies and charges - Depot";"Rigid";"BAU";"EUR/kWh";2050;"0.077";"Sensitivity | Current Policies | Interest rate";"Electricity"
"OPEX";"Taxes";"UK";"Taxes, Fees, Levies and charges - Depot";"Tractor-Trailer";"BAU";"EUR/kWh";2050;"0.077";"Sensitivity | Current Policies | Interest rate";"Electricity"
"OPEX";"H2 Infrastructure";"DE";"HRS costs";"Rigid";"BAU";"EUR/kg H2";2050;"1";"Sensitivity | Current Policies | Interest rate";"Hydrogen"
"OPEX";"H2 Infrastructure";"DE";"HRS costs";"Tractor-Trailer";"BAU";"EUR/kg H2";2050;"1";"Sensitivity | Current Policies | Interest rate";"Hydrogen"
"OPEX";"H2 Infrastructure";"ES";"HRS costs";"Rigid";"BAU";"EUR/kg H2";2050;"1";"Sensitivity | Current Policies | Interest rate";"Hydrogen"
"OPEX";"H2 Infrastructure";"ES";"HRS costs";"Tractor-Trailer";"BAU";"EUR/kg H2";2050;"1";"Sensitivity | Current Policies | Interest rate";"Hydrogen"
"OPEX";"H2 Infrastructure";"FR";"HRS costs";"Rigid";"BAU";"EUR/kg H2";2050;"1";"Sensitivity | Current Policies | Interest rate";"Hydrogen"
"OPEX";"H2 Infrastructure";"FR";"HRS costs";"Tractor-Trailer";"BAU";"EUR/kg H2";2050;"1";"Sensitivity | Current Policies | Interest rate";"Hydrogen"
"OPEX";"H2 Infrastructure";"IT";"HRS costs";"Rigid";"BAU";"EUR/kg H2";2050;"1";"Sensitivity | Current Policies | Interest rate";"Hydrogen"
"OPEX";"H2 Infrastructure";"IT";"HRS costs";"Tractor-Trailer";"BAU";"EUR/kg H2";2050;"1";"Sensitivity | Current Policies | Interest rate";"Hydrogen"
"OPEX";"H2 Infrastructure";"NL";"HRS costs";"Rigid";"BAU";"EUR/kg H2";2050;"1";"Sensitivity | Current Policies | Interest rate";"Hydrogen"
"OPEX";"H2 Infrastructure";"NL";"HRS costs";"Tractor-Trailer";"BAU";"EUR/kg H2";2050;"1";"Sensitivity | Current Policies | Interest rate";"Hydrogen"
"OPEX";"H2 Infrastructure";"PL";"HRS costs";"Rigid";"BAU";"EUR/kg H2";2050;"1";"Sensitivity | Current Policies | Interest rate";"Hydrogen"
"OPEX";"H2 Infrastructure";"PL";"HRS costs";"Tractor-Trailer";"BAU";"EUR/kg H2";2050;"1";"Sensitivity | Current Policies | Interest rate";"Hydrogen"
"OPEX";"H2 Infrastructure";"UK";"HRS costs";"Rigid";"BAU";"EUR/kg H2";2050;"1";"Sensitivity | Current Policies | Interest rate";"Hydrogen"
"OPEX";"H2 Infrastructure";"UK";"HRS costs";"Tractor-Trailer";"BAU";"EUR/kg H2";2050;"1";"Sensitivity | Current Policies | Interest rate";"Hydrogen"
"OPEX";"H2 Infrastructure";"DE";"H2 transport and distribution";"Rigid";"BAU";"EUR/kg H2";2050;"1";"Sensitivity | Current Policies | Interest rate";"Hydrogen"
"OPEX";"H2 Infrastructure";"DE";"H2 transport and distribution";"Tractor-Trailer";"BAU";"EUR/kg H2";2050;"1";"Sensitivity | Current Policies | Interest rate";"Hydrogen"
"OPEX";"H2 Infrastructure";"ES";"H2 transport and distribution";"Rigid";"BAU";"EUR/kg H2";2050;"1";"Sensitivity | Current Policies | Interest rate";"Hydrogen"
"OPEX";"H2 Infrastructure";"ES";"H2 transport and distribution";"Tractor-Trailer";"BAU";"EUR/kg H2";2050;"1";"Sensitivity | Current Policies | Interest rate";"Hydrogen"
"OPEX";"H2 Infrastructure";"FR";"H2 transport and distribution";"Rigid";"BAU";"EUR/kg H2";2050;"1";"Sensitivity | Current Policies | Interest rate";"Hydrogen"
"OPEX";"H2 Infrastructure";"FR";"H2 transport and distribution";"Tractor-Trailer";"BAU";"EUR/kg H2";2050;"1";"Sensitivity | Current Policies | Interest rate";"Hydrogen"
"OPEX";"H2 Infrastructure";"IT";"H2 transport and distribution";"Rigid";"BAU";"EUR/kg H2";2050;"1";"Sensitivity | Current Policies | Interest rate";"Hydrogen"
"OPEX";"H2 Infrastructure";"IT";"H2 transport and distribution";"Tractor-Trailer";"BAU";"EUR/kg H2";2050;"1";"Sensitivity | Current Policies | Interest rate";"Hydrogen"
"OPEX";"H2 Infrastructure";"NL";"H2 transport and distribution";"Rigid";"BAU";"EUR/kg H2";2050;"1";"Sensitivity | Current Policies | Interest rate";"Hydrogen"
"OPEX";"H2 Infrastructure";"NL";"H2 transport and distribution";"Tractor-Trailer";"BAU";"EUR/kg H2";2050;"1";"Sensitivity | Current Policies | Interest rate";"Hydrogen"
"OPEX";"H2 Infrastructure";"PL";"H2 transport and distribution";"Rigid";"BAU";"EUR/kg H2";2050;"1";"Sensitivity | Current Policies | Interest rate";"Hydrogen"
"OPEX";"H2 Infrastructure";"PL";"H2 transport and distribution";"Tractor-Trailer";"BAU";"EUR/kg H2";2050;"1";"Sensitivity | Current Policies | Interest rate";"Hydrogen"
"OPEX";"H2 Infrastructure";"UK";"H2 transport and distribution";"Rigid";"BAU";"EUR/kg H2";2050;"1";"Sensitivity | Current Policies | Interest rate";"Hydrogen"
"OPEX";"H2 Infrastructure";"UK";"H2 transport and distribution";"Tractor-Trailer";"BAU";"EUR/kg H2";2050;"1";"Sensitivity | Current Policies | Interest rate";"Hydrogen"
"OPEX";"H2 Infrastructure";"DE";"HRS Overhead, Profit and Mark-Up";"Rigid";"BAU";"EUR/kg H2";2050;"0.25";"Sensitivity | Current Policies | Interest rate";"Hydrogen"
"OPEX";"H2 Infrastructure";"DE";"HRS Overhead, Profit and Mark-Up";"Tractor-Trailer";"BAU";"EUR/kg H2";2050;"0.25";"Sensitivity | Current Policies | Interest rate";"Hydrogen"
"OPEX";"H2 Infrastructure";"ES";"HRS Overhead, Profit and Mark-Up";"Rigid";"BAU";"EUR/kg H2";2050;"0.25";"Sensitivity | Current Policies | Interest rate";"Hydrogen"
"OPEX";"H2 Infrastructure";"ES";"HRS Overhead, Profit and Mark-Up";"Tractor-Trailer";"BAU";"EUR/kg H2";2050;"0.25";"Sensitivity | Current Policies | Interest rate";"Hydrogen"
"OPEX";"H2 Infrastructure";"FR";"HRS Overhead, Profit and Mark-Up";"Rigid";"BAU";"EUR/kg H2";2050;"0.25";"Sensitivity | Current Policies | Interest rate";"Hydrogen"
"OPEX";"H2 Infrastructure";"FR";"HRS Overhead, Profit and Mark-Up";"Tractor-Trailer";"BAU";"EUR/kg H2";2050;"0.25";"Sensitivity | Current Policies | Interest rate";"Hydrogen"
"OPEX";"H2 Infrastructure";"IT";"HRS Overhead, Profit and Mark-Up";"Rigid";"BAU";"EUR/kg H2";2050;"0.25";"Sensitivity | Current Policies | Interest rate";"Hydrogen"
"OPEX";"H2 Infrastructure";"IT";"HRS Overhead, Profit and Mark-Up";"Tractor-Trailer";"BAU";"EUR/kg H2";2050;"0.25";"Sensitivity | Current Policies | Interest rate";"Hydrogen"
"OPEX";"H2 Infrastructure";"NL";"HRS Overhead, Profit and Mark-Up";"Rigid";"BAU";"EUR/kg H2";2050;"0.25";"Sensitivity | Current Policies | Interest rate";"Hydrogen"
"OPEX";"H2 Infrastructure";"NL";"HRS Overhead, Profit and Mark-Up";"Tractor-Trailer";"BAU";"EUR/kg H2";2050;"0.25";"Sensitivity | Current Policies | Interest rate";"Hydrogen"
"OPEX";"H2 Infrastructure";"PL";"HRS Overhead, Profit and Mark-Up";"Rigid";"BAU";"EUR/kg H2";2050;"0.25";"Sensitivity | Current Policies | Interest rate";"Hydrogen"
"OPEX";"H2 Infrastructure";"PL";"HRS Overhead, Profit and Mark-Up";"Tractor-Trailer";"BAU";"EUR/kg H2";2050;"0.25";"Sensitivity | Current Policies | Interest rate";"Hydrogen"
"OPEX";"H2 Infrastructure";"UK";"HRS Overhead, Profit and Mark-Up";"Rigid";"BAU";"EUR/kg H2";2050;"0.25";"Sensitivity | Current Policies | Interest rate";"Hydrogen"
"OPEX";"H2 Infrastructure";"UK";"HRS Overhead, Profit and Mark-Up";"Tractor-Trailer";"BAU";"EUR/kg H2";2050;"0.25";"Sensitivity | Current Policies | Interest rate";"Hydrogen"
"OPEX";"Charging Infrastructure";"DE";"MCS Station (Public Charging) - Incl. Overhead";"Rigid";"BAU";"EUR/kWh";2050;"0.028";"Sensitivity | Current Policies | Interest rate";"Electricity"
"OPEX";"Charging Infrastructure";"DE";"MCS Station (Public Charging) - Incl. Overhead";"Tractor-Trailer";"BAU";"EUR/kWh";2050;"0.028";"Sensitivity | Current Policies | Interest rate";"Electricity"
"OPEX";"Charging Infrastructure";"ES";"MCS Station (Public Charging) - Incl. Overhead";"Rigid";"BAU";"EUR/kWh";2050;"0.028";"Sensitivity | Current Policies | Interest rate";"Electricity"
"OPEX";"Charging Infrastructure";"ES";"MCS Station (Public Charging) - Incl. Overhead";"Tractor-Trailer";"BAU";"EUR/kWh";2050;"0.028";"Sensitivity | Current Policies | Interest rate";"Electricity"
"OPEX";"Charging Infrastructure";"FR";"MCS Station (Public Charging) - Incl. Overhead";"Rigid";"BAU";"EUR/kWh";2050;"0.028";"Sensitivity | Current Policies | Interest rate";"Electricity"
"OPEX";"Charging Infrastructure";"FR";"MCS Station (Public Charging) - Incl. Overhead";"Tractor-Trailer";"BAU";"EUR/kWh";2050;"0.028";"Sensitivity | Current Policies | Interest rate";"Electricity"
"OPEX";"Charging Infrastructure";"IT";"MCS Station (Public Charging) - Incl. Overhead";"Rigid";"BAU";"EUR/kWh";2050;"0.028";"Sensitivity | Current Policies | Interest rate";"Electricity"
"OPEX";"Charging Infrastructure";"IT";"MCS Station (Public Charging) - Incl. Overhead";"Tractor-Trailer";"BAU";"EUR/kWh";2050;"0.028";"Sensitivity | Current Policies | Interest rate";"Electricity"
"OPEX";"Charging Infrastructure";"NL";"MCS Station (Public Charging) - Incl. Overhead";"Rigid";"BAU";"EUR/kWh";2050;"0.028";"Sensitivity | Current Policies | Interest rate";"Electricity"
"OPEX";"Charging Infrastructure";"NL";"MCS Station (Public Charging) - Incl. Overhead";"Tractor-Trailer";"BAU";"EUR/kWh";2050;"0.028";"Sensitivity | Current Policies | Interest rate";"Electricity"
"OPEX";"Charging Infrastructure";"PL";"MCS Station (Public Charging) - Incl. Overhead";"Rigid";"BAU";"EUR/kWh";2050;"0.028";"Sensitivity | Current Policies | Interest rate";"Electricity"
"OPEX";"Charging Infrastructure";"PL";"MCS Station (Public Charging) - Incl. Overhead";"Tractor-Trailer";"BAU";"EUR/kWh";2050;"0.028";"Sensitivity | Current Policies | Interest rate";"Electricity"
"OPEX";"Charging Infrastructure";"UK";"MCS Station (Public Charging) - Incl. Overhead";"Rigid";"BAU";"EUR/kWh";2050;"0.028";"Sensitivity | Current Policies | Interest rate";"Electricity"
"OPEX";"Charging Infrastructure";"UK";"MCS Station (Public Charging) - Incl. Overhead";"Tractor-Trailer";"BAU";"EUR/kWh";2050;"0.028";"Sensitivity | Current Policies | Interest rate";"Electricity"
"OPEX";"Charging Infrastructure";"DE";"Share MCS-Charging";"Rigid";"BAU";"%";2050;"0.2";"Sensitivity | Current Policies | Interest rate";"Electricity"
"OPEX";"Charging Infrastructure";"DE";"Share MCS-Charging";"Tractor-Trailer";"BAU";"%";2050;"0.2";"Sensitivity | Current Policies | Interest rate";"Electricity"
"OPEX";"Charging Infrastructure";"ES";"Share MCS-Charging";"Rigid";"BAU";"%";2050;"0.2";"Sensitivity | Current Policies | Interest rate";"Electricity"
"OPEX";"Charging Infrastructure";"ES";"Share MCS-Charging";"Tractor-Trailer";"BAU";"%";2050;"0.2";"Sensitivity | Current Policies | Interest rate";"Electricity"
"OPEX";"Charging Infrastructure";"FR";"Share MCS-Charging";"Rigid";"BAU";"%";2050;"0.2";"Sensitivity | Current Policies | Interest rate";"Electricity"
"OPEX";"Charging Infrastructure";"FR";"Share MCS-Charging";"Tractor-Trailer";"BAU";"%";2050;"0.2";"Sensitivity | Current Policies | Interest rate";"Electricity"
"OPEX";"Charging Infrastructure";"IT";"Share MCS-Charging";"Rigid";"BAU";"%";2050;"0.2";"Sensitivity | Current Policies | Interest rate";"Electricity"
"OPEX";"Charging Infrastructure";"IT";"Share MCS-Charging";"Tractor-Trailer";"BAU";"%";2050;"0.2";"Sensitivity | Current Policies | Interest rate";"Electricity"
"OPEX";"Charging Infrastructure";"NL";"Share MCS-Charging";"Rigid";"BAU";"%";2050;"0.2";"Sensitivity | Current Policies | Interest rate";"Electricity"
"OPEX";"Charging Infrastructure";"NL";"Share MCS-Charging";"Tractor-Trailer";"BAU";"%";2050;"0.2";"Sensitivity | Current Policies | Interest rate";"Electricity"
"OPEX";"Charging Infrastructure";"PL";"Share MCS-Charging";"Rigid";"BAU";"%";2050;"0.2";"Sensitivity | Current Policies | Interest rate";"Electricity"
"OPEX";"Charging Infrastructure";"PL";"Share MCS-Charging";"Tractor-Trailer";"BAU";"%";2050;"0.2";"Sensitivity | Current Policies | Interest rate";"Electricity"
"OPEX";"Charging Infrastructure";"UK";"Share MCS-Charging";"Rigid";"BAU";"%";2050;"0.2";"Sensitivity | Current Policies | Interest rate";"Electricity"
"OPEX";"Charging Infrastructure";"UK";"Share MCS-Charging";"Tractor-Trailer";"BAU";"%";2050;"0.2";"Sensitivity | Current Policies | Interest rate";"Electricity"
"OPEX";"Charging Infrastructure";"DE";"Depot - Network fees savings potential";"Rigid";"BAU";"EUR/kWh";2050;"0";"Sensitivity | Current Policies | Interest rate";"Electricity"
"OPEX";"Charging Infrastructure";"DE";"Depot - Network fees savings potential";"Tractor-Trailer";"BAU";"EUR/kWh";2050;"0";"Sensitivity | Current Policies | Interest rate";"Electricity"
"OPEX";"Charging Infrastructure";"ES";"Depot - Network fees savings potential";"Rigid";"BAU";"EUR/kWh";2050;"0";"Sensitivity | Current Policies | Interest rate";"Electricity"
"OPEX";"Charging Infrastructure";"ES";"Depot - Network fees savings potential";"Tractor-Trailer";"BAU";"EUR/kWh";2050;"0";"Sensitivity | Current Policies | Interest rate";"Electricity"
"OPEX";"Charging Infrastructure";"FR";"Depot - Network fees savings potential";"Rigid";"BAU";"EUR/kWh";2050;"0";"Sensitivity | Current Policies | Interest rate";"Electricity"
"OPEX";"Charging Infrastructure";"FR";"Depot - Network fees savings potential";"Tractor-Trailer";"BAU";"EUR/kWh";2050;"0";"Sensitivity | Current Policies | Interest rate";"Electricity"
"OPEX";"Charging Infrastructure";"IT";"Depot - Network fees savings potential";"Rigid";"BAU";"EUR/kWh";2050;"0";"Sensitivity | Current Policies | Interest rate";"Electricity"
"OPEX";"Charging Infrastructure";"IT";"Depot - Network fees savings potential";"Tractor-Trailer";"BAU";"EUR/kWh";2050;"0";"Sensitivity | Current Policies | Interest rate";"Electricity"
"OPEX";"Charging Infrastructure";"NL";"Depot - Network fees savings potential";"Rigid";"BAU";"EUR/kWh";2050;"0";"Sensitivity | Current Policies | Interest rate";"Electricity"
"OPEX";"Charging Infrastructure";"NL";"Depot - Network fees savings potential";"Tractor-Trailer";"BAU";"EUR/kWh";2050;"0";"Sensitivity | Current Policies | Interest rate";"Electricity"
"OPEX";"Charging Infrastructure";"PL";"Depot - Network fees savings potential";"Rigid";"BAU";"EUR/kWh";2050;"0";"Sensitivity | Current Policies | Interest rate";"Electricity"
"OPEX";"Charging Infrastructure";"PL";"Depot - Network fees savings potential";"Tractor-Trailer";"BAU";"EUR/kWh";2050;"0";"Sensitivity | Current Policies | Interest rate";"Electricity"
"OPEX";"Charging Infrastructure";"UK";"Depot - Network fees savings potential";"Rigid";"BAU";"EUR/kWh";2050;"0";"Sensitivity | Current Policies | Interest rate";"Electricity"
"OPEX";"Charging Infrastructure";"UK";"Depot - Network fees savings potential";"Tractor-Trailer";"BAU";"EUR/kWh";2050;"0";"Sensitivity | Current Policies | Interest rate";"Electricity"
"OPEX";"Taxes";"DE";"Tax reduction";"Rigid";"BAU";"%";2050;"0";"Sensitivity | Current Policies | Interest rate";"Hydrogen"
"OPEX";"Taxes";"DE";"Tax reduction";"Tractor-Trailer";"BAU";"%";2050;"0";"Sensitivity | Current Policies | Interest rate";"Hydrogen"
"OPEX";"Taxes";"ES";"Tax reduction";"Rigid";"BAU";"%";2050;"0";"Sensitivity | Current Policies | Interest rate";"Hydrogen"
"OPEX";"Taxes";"ES";"Tax reduction";"Tractor-Trailer";"BAU";"%";2050;"0";"Sensitivity | Current Policies | Interest rate";"Hydrogen"
"OPEX";"Taxes";"FR";"Tax reduction";"Rigid";"BAU";"%";2050;"0";"Sensitivity | Current Policies | Interest rate";"Hydrogen"
"OPEX";"Taxes";"FR";"Tax reduction";"Tractor-Trailer";"BAU";"%";2050;"0";"Sensitivity | Current Policies | Interest rate";"Hydrogen"
"OPEX";"Taxes";"IT";"Tax reduction";"Rigid";"BAU";"%";2050;"0";"Sensitivity | Current Policies | Interest rate";"Hydrogen"
"OPEX";"Taxes";"IT";"Tax reduction";"Tractor-Trailer";"BAU";"%";2050;"0";"Sensitivity | Current Policies | Interest rate";"Hydrogen"
"OPEX";"Taxes";"NL";"Tax reduction";"Rigid";"BAU";"%";2050;"0";"Sensitivity | Current Policies | Interest rate";"Hydrogen"
"OPEX";"Taxes";"NL";"Tax reduction";"Tractor-Trailer";"BAU";"%";2050;"0";"Sensitivity | Current Policies | Interest rate";"Hydrogen"
"OPEX";"Taxes";"PL";"Tax reduction";"Rigid";"BAU";"%";2050;"0";"Sensitivity | Current Policies | Interest rate";"Hydrogen"
"OPEX";"Taxes";"PL";"Tax reduction";"Tractor-Trailer";"BAU";"%";2050;"0";"Sensitivity | Current Policies | Interest rate";"Hydrogen"
"OPEX";"Taxes";"UK";"Tax reduction";"Rigid";"BAU";"%";2050;"0";"Sensitivity | Current Policies | Interest rate";"Hydrogen"
"OPEX";"Taxes";"UK";"Tax reduction";"Tractor-Trailer";"BAU";"%";2050;"0";"Sensitivity | Current Policies | Interest rate";"Hydrogen"
"OPEX";"Taxes";"DE";"Increasing grid fees";"Rigid";"BAU";"%";2050;"0.5";"Sensitivity | Current Policies | Interest rate";"Electricity"
"OPEX";"Taxes";"DE";"Increasing grid fees";"Tractor-Trailer";"BAU";"%";2050;"0.5";"Sensitivity | Current Policies | Interest rate";"Electricity"
"OPEX";"Taxes";"ES";"Increasing grid fees";"Rigid";"BAU";"%";2050;"0.5";"Sensitivity | Current Policies | Interest rate";"Electricity"
"OPEX";"Taxes";"ES";"Increasing grid fees";"Tractor-Trailer";"BAU";"%";2050;"0.5";"Sensitivity | Current Policies | Interest rate";"Electricity"
"OPEX";"Taxes";"FR";"Increasing grid fees";"Rigid";"BAU";"%";2050;"0.5";"Sensitivity | Current Policies | Interest rate";"Electricity"
"OPEX";"Taxes";"FR";"Increasing grid fees";"Tractor-Trailer";"BAU";"%";2050;"0.5";"Sensitivity | Current Policies | Interest rate";"Electricity"
"OPEX";"Taxes";"IT";"Increasing grid fees";"Rigid";"BAU";"%";2050;"0.5";"Sensitivity | Current Policies | Interest rate";"Electricity"
"OPEX";"Taxes";"IT";"Increasing grid fees";"Tractor-Trailer";"BAU";"%";2050;"0.5";"Sensitivity | Current Policies | Interest rate";"Electricity"
"OPEX";"Taxes";"NL";"Increasing grid fees";"Rigid";"BAU";"%";2050;"0.5";"Sensitivity | Current Policies | Interest rate";"Electricity"
"OPEX";"Taxes";"NL";"Increasing grid fees";"Tractor-Trailer";"BAU";"%";2050;"0.5";"Sensitivity | Current Policies | Interest rate";"Electricity"
"OPEX";"Taxes";"PL";"Increasing grid fees";"Rigid";"BAU";"%";2050;"0.5";"Sensitivity | Current Policies | Interest rate";"Electricity"
"OPEX";"Taxes";"PL";"Increasing grid fees";"Tractor-Trailer";"BAU";"%";2050;"0.5";"Sensitivity | Current Policies | Interest rate";"Electricity"
"OPEX";"Taxes";"UK";"Increasing grid fees";"Rigid";"BAU";"%";2050;"0.5";"Sensitivity | Current Policies | Interest rate";"Electricity"
"OPEX";"Taxes";"UK";"Increasing grid fees";"Tractor-Trailer";"BAU";"%";2050;"0.5";"Sensitivity | Current Policies | Interest rate";"Electricity"
"OPEX";"Diesel";"FR";"Diesel Price";"Rigid";"BAU";"EUR/kWh";2030;"0.063";"Sensitivity | Current Policies | Interest rate";"Diesel"
"OPEX";"Diesel";"FR";"Diesel Price";"Tractor-Trailer";"BAU";"EUR/kWh";2030;"0.063";"Sensitivity | Current Policies | Interest rate";"Diesel"
"OPEX";"Diesel";"DE";"Diesel Price";"Rigid";"BAU";"EUR/kWh";2030;"0.063";"Sensitivity | Current Policies | Interest rate";"Diesel"
"OPEX";"Diesel";"DE";"Diesel Price";"Tractor-Trailer";"BAU";"EUR/kWh";2030;"0.063";"Sensitivity | Current Policies | Interest rate";"Diesel"
"OPEX";"Diesel";"ES";"Diesel Price";"Rigid";"BAU";"EUR/kWh";2030;"0.063";"Sensitivity | Current Policies | Interest rate";"Diesel"
"OPEX";"Diesel";"ES";"Diesel Price";"Tractor-Trailer";"BAU";"EUR/kWh";2030;"0.063";"Sensitivity | Current Policies | Interest rate";"Diesel"
"OPEX";"Diesel";"IT";"Diesel Price";"Rigid";"BAU";"EUR/kWh";2030;"0.063";"Sensitivity | Current Policies | Interest rate";"Diesel"
"OPEX";"Diesel";"IT";"Diesel Price";"Tractor-Trailer";"BAU";"EUR/kWh";2030;"0.063";"Sensitivity | Current Policies | Interest rate";"Diesel"
"OPEX";"Diesel";"NL";"Diesel Price";"Rigid";"BAU";"EUR/kWh";2030;"0.063";"Sensitivity | Current Policies | Interest rate";"Diesel"
"OPEX";"Diesel";"NL";"Diesel Price";"Tractor-Trailer";"BAU";"EUR/kWh";2030;"0.063";"Sensitivity | Current Policies | Interest rate";"Diesel"
"OPEX";"Diesel";"PL";"Diesel Price";"Rigid";"BAU";"EUR/kWh";2030;"0.063";"Sensitivity | Current Policies | Interest rate";"Diesel"
"OPEX";"Diesel";"PL";"Diesel Price";"Tractor-Trailer";"BAU";"EUR/kWh";2030;"0.063";"Sensitivity | Current Policies | Interest rate";"Diesel"
"OPEX";"Diesel";"UK";"Diesel Price";"Rigid";"BAU";"EUR/kWh";2030;"0.063";"Sensitivity | Current Policies | Interest rate";"Diesel"
"OPEX";"Diesel";"UK";"Diesel Price";"Tractor-Trailer";"BAU";"EUR/kWh";2030;"0.063";"Sensitivity | Current Policies | Interest rate";"Diesel"
"OPEX";"Diesel";"FR";"Diesel Price";"Rigid";"BAU";"EUR/kWh";2035;"0.066";"Sensitivity | Current Policies | Interest rate";"Diesel"
"OPEX";"Diesel";"FR";"Diesel Price";"Tractor-Trailer";"BAU";"EUR/kWh";2035;"0.066";"Sensitivity | Current Policies | Interest rate";"Diesel"
"OPEX";"Diesel";"DE";"Diesel Price";"Rigid";"BAU";"EUR/kWh";2035;"0.066";"Sensitivity | Current Policies | Interest rate";"Diesel"
"OPEX";"Diesel";"DE";"Diesel Price";"Tractor-Trailer";"BAU";"EUR/kWh";2035;"0.066";"Sensitivity | Current Policies | Interest rate";"Diesel"
"OPEX";"Diesel";"ES";"Diesel Price";"Rigid";"BAU";"EUR/kWh";2035;"0.066";"Sensitivity | Current Policies | Interest rate";"Diesel"
"OPEX";"Diesel";"ES";"Diesel Price";"Tractor-Trailer";"BAU";"EUR/kWh";2035;"0.066";"Sensitivity | Current Policies | Interest rate";"Diesel"
"OPEX";"Diesel";"IT";"Diesel Price";"Rigid";"BAU";"EUR/kWh";2035;"0.066";"Sensitivity | Current Policies | Interest rate";"Diesel"
"OPEX";"Diesel";"IT";"Diesel Price";"Tractor-Trailer";"BAU";"EUR/kWh";2035;"0.066";"Sensitivity | Current Policies | Interest rate";"Diesel"
"OPEX";"Diesel";"NL";"Diesel Price";"Rigid";"BAU";"EUR/kWh";2035;"0.066";"Sensitivity | Current Policies | Interest rate";"Diesel"
"OPEX";"Diesel";"NL";"Diesel Price";"Tractor-Trailer";"BAU";"EUR/kWh";2035;"0.066";"Sensitivity | Current Policies | Interest rate";"Diesel"
"OPEX";"Diesel";"PL";"Diesel Price";"Rigid";"BAU";"EUR/kWh";2035;"0.066";"Sensitivity | Current Policies | Interest rate";"Diesel"
"OPEX";"Diesel";"PL";"Diesel Price";"Tractor-Trailer";"BAU";"EUR/kWh";2035;"0.066";"Sensitivity | Current Policies | Interest rate";"Diesel"
"OPEX";"Diesel";"UK";"Diesel Price";"Rigid";"BAU";"EUR/kWh";2035;"0.066";"Sensitivity | Current Policies | Interest rate";"Diesel"
"OPEX";"Diesel";"UK";"Diesel Price";"Tractor-Trailer";"BAU";"EUR/kWh";2035;"0.066";"Sensitivity | Current Policies | Interest rate";"Diesel"
"OPEX";"Diesel";"FR";"Diesel Price";"Rigid";"BAU";"EUR/kWh";2040;"0.069";"Sensitivity | Current Policies | Interest rate";"Diesel"
"OPEX";"Diesel";"FR";"Diesel Price";"Tractor-Trailer";"BAU";"EUR/kWh";2040;"0.069";"Sensitivity | Current Policies | Interest rate";"Diesel"
"OPEX";"Diesel";"DE";"Diesel Price";"Rigid";"BAU";"EUR/kWh";2040;"0.069";"Sensitivity | Current Policies | Interest rate";"Diesel"
"OPEX";"Diesel";"DE";"Diesel Price";"Tractor-Trailer";"BAU";"EUR/kWh";2040;"0.069";"Sensitivity | Current Policies | Interest rate";"Diesel"
"OPEX";"Diesel";"ES";"Diesel Price";"Rigid";"BAU";"EUR/kWh";2040;"0.069";"Sensitivity | Current Policies | Interest rate";"Diesel"
"OPEX";"Diesel";"ES";"Diesel Price";"Tractor-Trailer";"BAU";"EUR/kWh";2040;"0.069";"Sensitivity | Current Policies | Interest rate";"Diesel"
"OPEX";"Diesel";"IT";"Diesel Price";"Rigid";"BAU";"EUR/kWh";2040;"0.069";"Sensitivity | Current Policies | Interest rate";"Diesel"
"OPEX";"Diesel";"IT";"Diesel Price";"Tractor-Trailer";"BAU";"EUR/kWh";2040;"0.069";"Sensitivity | Current Policies | Interest rate";"Diesel"
"OPEX";"Diesel";"NL";"Diesel Price";"Rigid";"BAU";"EUR/kWh";2040;"0.069";"Sensitivity | Current Policies | Interest rate";"Diesel"
"OPEX";"Diesel";"NL";"Diesel Price";"Tractor-Trailer";"BAU";"EUR/kWh";2040;"0.069";"Sensitivity | Current Policies | Interest rate";"Diesel"
"OPEX";"Diesel";"PL";"Diesel Price";"Rigid";"BAU";"EUR/kWh";2040;"0.069";"Sensitivity | Current Policies | Interest rate";"Diesel"
"OPEX";"Diesel";"PL";"Diesel Price";"Tractor-Trailer";"BAU";"EUR/kWh";2040;"0.069";"Sensitivity | Current Policies | Interest rate";"Diesel"
"OPEX";"Diesel";"UK";"Diesel Price";"Rigid";"BAU";"EUR/kWh";2040;"0.069";"Sensitivity | Current Policies | Interest rate";"Diesel"
"OPEX";"Diesel";"UK";"Diesel Price";"Tractor-Trailer";"BAU";"EUR/kWh";2040;"0.069";"Sensitivity | Current Policies | Interest rate";"Diesel"
"OPEX";"Diesel";"FR";"Diesel Price";"Rigid";"BAU";"EUR/kWh";2045;"0.073";"Sensitivity | Current Policies | Interest rate";"Diesel"
"OPEX";"Diesel";"FR";"Diesel Price";"Tractor-Trailer";"BAU";"EUR/kWh";2045;"0.073";"Sensitivity | Current Policies | Interest rate";"Diesel"
"OPEX";"Diesel";"DE";"Diesel Price";"Rigid";"BAU";"EUR/kWh";2045;"0.073";"Sensitivity | Current Policies | Interest rate";"Diesel"
"OPEX";"Diesel";"DE";"Diesel Price";"Tractor-Trailer";"BAU";"EUR/kWh";2045;"0.073";"Sensitivity | Current Policies | Interest rate";"Diesel"
"OPEX";"Diesel";"ES";"Diesel Price";"Rigid";"BAU";"EUR/kWh";2045;"0.073";"Sensitivity | Current Policies | Interest rate";"Diesel"
"OPEX";"Diesel";"ES";"Diesel Price";"Tractor-Trailer";"BAU";"EUR/kWh";2045;"0.073";"Sensitivity | Current Policies | Interest rate";"Diesel"
"OPEX";"Diesel";"IT";"Diesel Price";"Rigid";"BAU";"EUR/kWh";2045;"0.073";"Sensitivity | Current Policies | Interest rate";"Diesel"
"OPEX";"Diesel";"IT";"Diesel Price";"Tractor-Trailer";"BAU";"EUR/kWh";2045;"0.073";"Sensitivity | Current Policies | Interest rate";"Diesel"
"OPEX";"Diesel";"NL";"Diesel Price";"Rigid";"BAU";"EUR/kWh";2045;"0.073";"Sensitivity | Current Policies | Interest rate";"Diesel"
"OPEX";"Diesel";"NL";"Diesel Price";"Tractor-Trailer";"BAU";"EUR/kWh";2045;"0.073";"Sensitivity | Current Policies | Interest rate";"Diesel"
"OPEX";"Diesel";"PL";"Diesel Price";"Rigid";"BAU";"EUR/kWh";2045;"0.073";"Sensitivity | Current Policies | Interest rate";"Diesel"
"OPEX";"Diesel";"PL";"Diesel Price";"Tractor-Trailer";"BAU";"EUR/kWh";2045;"0.073";"Sensitivity | Current Policies | Interest rate";"Diesel"
"OPEX";"Diesel";"UK";"Diesel Price";"Rigid";"BAU";"EUR/kWh";2045;"0.073";"Sensitivity | Current Policies | Interest rate";"Diesel"
"OPEX";"Diesel";"UK";"Diesel Price";"Tractor-Trailer";"BAU";"EUR/kWh";2045;"0.073";"Sensitivity | Current Policies | Interest rate";"Diesel"
"OPEX";"Diesel";"FR";"Diesel Price";"Rigid";"BAU";"EUR/kWh";2050;"0.079";"Sensitivity | Current Policies | Interest rate";"Diesel"
"OPEX";"Diesel";"FR";"Diesel Price";"Tractor-Trailer";"BAU";"EUR/kWh";2050;"0.079";"Sensitivity | Current Policies | Interest rate";"Diesel"
"OPEX";"Diesel";"DE";"Diesel Price";"Rigid";"BAU";"EUR/kWh";2050;"0.079";"Sensitivity | Current Policies | Interest rate";"Diesel"
"OPEX";"Diesel";"DE";"Diesel Price";"Tractor-Trailer";"BAU";"EUR/kWh";2050;"0.079";"Sensitivity | Current Policies | Interest rate";"Diesel"
"OPEX";"Diesel";"ES";"Diesel Price";"Rigid";"BAU";"EUR/kWh";2050;"0.079";"Sensitivity | Current Policies | Interest rate";"Diesel"
"OPEX";"Diesel";"ES";"Diesel Price";"Tractor-Trailer";"BAU";"EUR/kWh";2050;"0.079";"Sensitivity | Current Policies | Interest rate";"Diesel"
"OPEX";"Diesel";"IT";"Diesel Price";"Rigid";"BAU";"EUR/kWh";2050;"0.079";"Sensitivity | Current Policies | Interest rate";"Diesel"
"OPEX";"Diesel";"IT";"Diesel Price";"Tractor-Trailer";"BAU";"EUR/kWh";2050;"0.079";"Sensitivity | Current Policies | Interest rate";"Diesel"
"OPEX";"Diesel";"NL";"Diesel Price";"Rigid";"BAU";"EUR/kWh";2050;"0.079";"Sensitivity | Current Policies | Interest rate";"Diesel"
"OPEX";"Diesel";"NL";"Diesel Price";"Tractor-Trailer";"BAU";"EUR/kWh";2050;"0.079";"Sensitivity | Current Policies | Interest rate";"Diesel"
"OPEX";"Diesel";"PL";"Diesel Price";"Rigid";"BAU";"EUR/kWh";2050;"0.079";"Sensitivity | Current Policies | Interest rate";"Diesel"
"OPEX";"Diesel";"PL";"Diesel Price";"Tractor-Trailer";"BAU";"EUR/kWh";2050;"0.079";"Sensitivity | Current Policies | Interest rate";"Diesel"
"OPEX";"Diesel";"UK";"Diesel Price";"Rigid";"BAU";"EUR/kWh";2050;"0.079";"Sensitivity | Current Policies | Interest rate";"Diesel"
"OPEX";"Diesel";"UK";"Diesel Price";"Tractor-Trailer";"BAU";"EUR/kWh";2050;"0.079";"Sensitivity | Current Policies | Interest rate";"Diesel"
"OPEX";"Diesel";"FR";"Biodiesel Price";"Rigid";"BAU";"EUR/kWh";2030;"0.141";"Sensitivity | Current Policies | Interest rate";"Diesel"
"OPEX";"Diesel";"FR";"Biodiesel Price";"Tractor-Trailer";"BAU";"EUR/kWh";2030;"0.141";"Sensitivity | Current Policies | Interest rate";"Diesel"
"OPEX";"Diesel";"DE";"Biodiesel Price";"Rigid";"BAU";"EUR/kWh";2030;"0.141";"Sensitivity | Current Policies | Interest rate";"Diesel"
"OPEX";"Diesel";"DE";"Biodiesel Price";"Tractor-Trailer";"BAU";"EUR/kWh";2030;"0.141";"Sensitivity | Current Policies | Interest rate";"Diesel"
"OPEX";"Diesel";"ES";"Biodiesel Price";"Rigid";"BAU";"EUR/kWh";2030;"0.141";"Sensitivity | Current Policies | Interest rate";"Diesel"
"OPEX";"Diesel";"ES";"Biodiesel Price";"Tractor-Trailer";"BAU";"EUR/kWh";2030;"0.141";"Sensitivity | Current Policies | Interest rate";"Diesel"
"OPEX";"Diesel";"IT";"Biodiesel Price";"Rigid";"BAU";"EUR/kWh";2030;"0.141";"Sensitivity | Current Policies | Interest rate";"Diesel"
"OPEX";"Diesel";"IT";"Biodiesel Price";"Tractor-Trailer";"BAU";"EUR/kWh";2030;"0.141";"Sensitivity | Current Policies | Interest rate";"Diesel"
"OPEX";"Diesel";"NL";"Biodiesel Price";"Rigid";"BAU";"EUR/kWh";2030;"0.141";"Sensitivity | Current Policies | Interest rate";"Diesel"
"OPEX";"Diesel";"NL";"Biodiesel Price";"Tractor-Trailer";"BAU";"EUR/kWh";2030;"0.141";"Sensitivity | Current Policies | Interest rate";"Diesel"
"OPEX";"Diesel";"PL";"Biodiesel Price";"Rigid";"BAU";"EUR/kWh";2030;"0.141";"Sensitivity | Current Policies | Interest rate";"Diesel"
"OPEX";"Diesel";"PL";"Biodiesel Price";"Tractor-Trailer";"BAU";"EUR/kWh";2030;"0.141";"Sensitivity | Current Policies | Interest rate";"Diesel"
"OPEX";"Diesel";"UK";"Biodiesel Price";"Rigid";"BAU";"EUR/kWh";2030;"0.141";"Sensitivity | Current Policies | Interest rate";"Diesel"
"OPEX";"Diesel";"UK";"Biodiesel Price";"Tractor-Trailer";"BAU";"EUR/kWh";2030;"0.141";"Sensitivity | Current Policies | Interest rate";"Diesel"
"OPEX";"Diesel";"DE";"Pt-Diesel Price";"Rigid";"BAU";"EUR/kWh";2030;"0.26";"Sensitivity | Current Policies | Interest rate";"Diesel"
"OPEX";"Diesel";"DE";"Pt-Diesel Price";"Tractor-Trailer";"BAU";"EUR/kWh";2030;"0.26";"Sensitivity | Current Policies | Interest rate";"Diesel"
"OPEX";"Diesel";"ES";"Pt-Diesel Price";"Rigid";"BAU";"EUR/kWh";2030;"0.26";"Sensitivity | Current Policies | Interest rate";"Diesel"
"OPEX";"Diesel";"ES";"Pt-Diesel Price";"Tractor-Trailer";"BAU";"EUR/kWh";2030;"0.26";"Sensitivity | Current Policies | Interest rate";"Diesel"
"OPEX";"Diesel";"FR";"Pt-Diesel Price";"Rigid";"BAU";"EUR/kWh";2030;"0.26";"Sensitivity | Current Policies | Interest rate";"Diesel"
"OPEX";"Diesel";"FR";"Pt-Diesel Price";"Tractor-Trailer";"BAU";"EUR/kWh";2030;"0.26";"Sensitivity | Current Policies | Interest rate";"Diesel"
"OPEX";"Diesel";"IT";"Pt-Diesel Price";"Rigid";"BAU";"EUR/kWh";2030;"0.26";"Sensitivity | Current Policies | Interest rate";"Diesel"
"OPEX";"Diesel";"IT";"Pt-Diesel Price";"Tractor-Trailer";"BAU";"EUR/kWh";2030;"0.26";"Sensitivity | Current Policies | Interest rate";"Diesel"
"OPEX";"Diesel";"NL";"Pt-Diesel Price";"Rigid";"BAU";"EUR/kWh";2030;"0.26";"Sensitivity | Current Policies | Interest rate";"Diesel"
"OPEX";"Diesel";"NL";"Pt-Diesel Price";"Tractor-Trailer";"BAU";"EUR/kWh";2030;"0.26";"Sensitivity | Current Policies | Interest rate";"Diesel"
"OPEX";"Diesel";"PL";"Pt-Diesel Price";"Rigid";"BAU";"EUR/kWh";2030;"0.26";"Sensitivity | Current Policies | Interest rate";"Diesel"
"OPEX";"Diesel";"PL";"Pt-Diesel Price";"Tractor-Trailer";"BAU";"EUR/kWh";2030;"0.26";"Sensitivity | Current Policies | Interest rate";"Diesel"
"OPEX";"Diesel";"UK";"Pt-Diesel Price";"Rigid";"BAU";"EUR/kWh";2030;"0.26";"Sensitivity | Current Policies | Interest rate";"Diesel"
"OPEX";"Diesel";"UK";"Pt-Diesel Price";"Tractor-Trailer";"BAU";"EUR/kWh";2030;"0.26";"Sensitivity | Current Policies | Interest rate";"Diesel"
"OPEX";"Electricity";"DE";"Electricity Price";"Rigid";"BAU";"EUR/kWh";2030;"0.086";"Sensitivity | Current Policies | Interest rate";"Electricity"
"OPEX";"Electricity";"DE";"Electricity Price";"Tractor-Trailer";"BAU";"EUR/kWh";2030;"0.086";"Sensitivity | Current Policies | Interest rate";"Electricity"
"OPEX";"Electricity";"ES";"Electricity Price";"Rigid";"BAU";"EUR/kWh";2030;"0.086";"Sensitivity | Current Policies | Interest rate";"Electricity"
"OPEX";"Electricity";"ES";"Electricity Price";"Tractor-Trailer";"BAU";"EUR/kWh";2030;"0.086";"Sensitivity | Current Policies | Interest rate";"Electricity"
"OPEX";"Electricity";"FR";"Electricity Price";"Rigid";"BAU";"EUR/kWh";2030;"0.086";"Sensitivity | Current Policies | Interest rate";"Electricity"
"OPEX";"Electricity";"FR";"Electricity Price";"Tractor-Trailer";"BAU";"EUR/kWh";2030;"0.086";"Sensitivity | Current Policies | Interest rate";"Electricity"
"OPEX";"Electricity";"IT";"Electricity Price";"Rigid";"BAU";"EUR/kWh";2030;"0.086";"Sensitivity | Current Policies | Interest rate";"Electricity"
"OPEX";"Electricity";"IT";"Electricity Price";"Tractor-Trailer";"BAU";"EUR/kWh";2030;"0.086";"Sensitivity | Current Policies | Interest rate";"Electricity"
"OPEX";"Electricity";"NL";"Electricity Price";"Rigid";"BAU";"EUR/kWh";2030;"0.086";"Sensitivity | Current Policies | Interest rate";"Electricity"
"OPEX";"Electricity";"NL";"Electricity Price";"Tractor-Trailer";"BAU";"EUR/kWh";2030;"0.086";"Sensitivity | Current Policies | Interest rate";"Electricity"
"OPEX";"Electricity";"PL";"Electricity Price";"Rigid";"BAU";"EUR/kWh";2030;"0.086";"Sensitivity | Current Policies | Interest rate";"Electricity"
"OPEX";"Electricity";"PL";"Electricity Price";"Tractor-Trailer";"BAU";"EUR/kWh";2030;"0.086";"Sensitivity | Current Policies | Interest rate";"Electricity"
"OPEX";"Electricity";"UK";"Electricity Price";"Rigid";"BAU";"EUR/kWh";2030;"0.086";"Sensitivity | Current Policies | Interest rate";"Electricity"
"OPEX";"Electricity";"UK";"Electricity Price";"Tractor-Trailer";"BAU";"EUR/kWh";2030;"0.086";"Sensitivity | Current Policies | Interest rate";"Electricity"
"OPEX";"Hydrogen";"DE";"Hydrogen Price";"Rigid";"BAU";"EUR/kWh";2030;"0.168";"Sensitivity | Current Policies | Interest rate";"Hydrogen"
"OPEX";"Hydrogen";"DE";"Hydrogen Price";"Tractor-Trailer";"BAU";"EUR/kWh";2030;"0.168";"Sensitivity | Current Policies | Interest rate";"Hydrogen"
"OPEX";"Hydrogen";"ES";"Hydrogen Price";"Rigid";"BAU";"EUR/kWh";2030;"0.168";"Sensitivity | Current Policies | Interest rate";"Hydrogen"
"OPEX";"Hydrogen";"ES";"Hydrogen Price";"Tractor-Trailer";"BAU";"EUR/kWh";2030;"0.168";"Sensitivity | Current Policies | Interest rate";"Hydrogen"
"OPEX";"Hydrogen";"FR";"Hydrogen Price";"Rigid";"BAU";"EUR/kWh";2030;"0.168";"Sensitivity | Current Policies | Interest rate";"Hydrogen"
"OPEX";"Hydrogen";"FR";"Hydrogen Price";"Tractor-Trailer";"BAU";"EUR/kWh";2030;"0.168";"Sensitivity | Current Policies | Interest rate";"Hydrogen"
"OPEX";"Hydrogen";"IT";"Hydrogen Price";"Rigid";"BAU";"EUR/kWh";2030;"0.168";"Sensitivity | Current Policies | Interest rate";"Hydrogen"
"OPEX";"Hydrogen";"IT";"Hydrogen Price";"Tractor-Trailer";"BAU";"EUR/kWh";2030;"0.168";"Sensitivity | Current Policies | Interest rate";"Hydrogen"
"OPEX";"Hydrogen";"NL";"Hydrogen Price";"Rigid";"BAU";"EUR/kWh";2030;"0.168";"Sensitivity | Current Policies | Interest rate";"Hydrogen"
"OPEX";"Hydrogen";"NL";"Hydrogen Price";"Tractor-Trailer";"BAU";"EUR/kWh";2030;"0.168";"Sensitivity | Current Policies | Interest rate";"Hydrogen"
"OPEX";"Hydrogen";"PL";"Hydrogen Price";"Rigid";"BAU";"EUR/kWh";2030;"0.168";"Sensitivity | Current Policies | Interest rate";"Hydrogen"
"OPEX";"Hydrogen";"PL";"Hydrogen Price";"Tractor-Trailer";"BAU";"EUR/kWh";2030;"0.168";"Sensitivity | Current Policies | Interest rate";"Hydrogen"
"OPEX";"Hydrogen";"UK";"Hydrogen Price";"Rigid";"BAU";"EUR/kWh";2030;"0.168";"Sensitivity | Current Policies | Interest rate";"Hydrogen"
"OPEX";"Hydrogen";"UK";"Hydrogen Price";"Tractor-Trailer";"BAU";"EUR/kWh";2030;"0.168";"Sensitivity | Current Policies | Interest rate";"Hydrogen"
"OPEX";"Diesel";"FR";"Biodiesel Price";"Rigid";"BAU";"EUR/kWh";2035;"0.159";"Sensitivity | Current Policies | Interest rate";"Diesel"
"OPEX";"Diesel";"FR";"Biodiesel Price";"Tractor-Trailer";"BAU";"EUR/kWh";2035;"0.159";"Sensitivity | Current Policies | Interest rate";"Diesel"
"OPEX";"Diesel";"DE";"Biodiesel Price";"Rigid";"BAU";"EUR/kWh";2035;"0.159";"Sensitivity | Current Policies | Interest rate";"Diesel"
"OPEX";"Diesel";"DE";"Biodiesel Price";"Tractor-Trailer";"BAU";"EUR/kWh";2035;"0.159";"Sensitivity | Current Policies | Interest rate";"Diesel"
"OPEX";"Diesel";"ES";"Biodiesel Price";"Rigid";"BAU";"EUR/kWh";2035;"0.159";"Sensitivity | Current Policies | Interest rate";"Diesel"
"OPEX";"Diesel";"ES";"Biodiesel Price";"Tractor-Trailer";"BAU";"EUR/kWh";2035;"0.159";"Sensitivity | Current Policies | Interest rate";"Diesel"
"OPEX";"Diesel";"IT";"Biodiesel Price";"Rigid";"BAU";"EUR/kWh";2035;"0.159";"Sensitivity | Current Policies | Interest rate";"Diesel"
"OPEX";"Diesel";"IT";"Biodiesel Price";"Tractor-Trailer";"BAU";"EUR/kWh";2035;"0.159";"Sensitivity | Current Policies | Interest rate";"Diesel"
"OPEX";"Diesel";"NL";"Biodiesel Price";"Rigid";"BAU";"EUR/kWh";2035;"0.159";"Sensitivity | Current Policies | Interest rate";"Diesel"
"OPEX";"Diesel";"NL";"Biodiesel Price";"Tractor-Trailer";"BAU";"EUR/kWh";2035;"0.159";"Sensitivity | Current Policies | Interest rate";"Diesel"
"OPEX";"Diesel";"PL";"Biodiesel Price";"Rigid";"BAU";"EUR/kWh";2035;"0.159";"Sensitivity | Current Policies | Interest rate";"Diesel"
"OPEX";"Diesel";"PL";"Biodiesel Price";"Tractor-Trailer";"BAU";"EUR/kWh";2035;"0.159";"Sensitivity | Current Policies | Interest rate";"Diesel"
"OPEX";"Diesel";"UK";"Biodiesel Price";"Rigid";"BAU";"EUR/kWh";2035;"0.159";"Sensitivity | Current Policies | Interest rate";"Diesel"
"OPEX";"Diesel";"UK";"Biodiesel Price";"Tractor-Trailer";"BAU";"EUR/kWh";2035;"0.159";"Sensitivity | Current Policies | Interest rate";"Diesel"
"OPEX";"Diesel";"DE";"Pt-Diesel Price";"Rigid";"BAU";"EUR/kWh";2035;"0.239";"Sensitivity | Current Policies | Interest rate";"Diesel"
"OPEX";"Diesel";"DE";"Pt-Diesel Price";"Tractor-Trailer";"BAU";"EUR/kWh";2035;"0.239";"Sensitivity | Current Policies | Interest rate";"Diesel"
"OPEX";"Diesel";"ES";"Pt-Diesel Price";"Rigid";"BAU";"EUR/kWh";2035;"0.239";"Sensitivity | Current Policies | Interest rate";"Diesel"
"OPEX";"Diesel";"ES";"Pt-Diesel Price";"Tractor-Trailer";"BAU";"EUR/kWh";2035;"0.239";"Sensitivity | Current Policies | Interest rate";"Diesel"
"OPEX";"Diesel";"FR";"Pt-Diesel Price";"Rigid";"BAU";"EUR/kWh";2035;"0.239";"Sensitivity | Current Policies | Interest rate";"Diesel"
"OPEX";"Diesel";"FR";"Pt-Diesel Price";"Tractor-Trailer";"BAU";"EUR/kWh";2035;"0.239";"Sensitivity | Current Policies | Interest rate";"Diesel"
"OPEX";"Diesel";"IT";"Pt-Diesel Price";"Rigid";"BAU";"EUR/kWh";2035;"0.239";"Sensitivity | Current Policies | Interest rate";"Diesel"
"OPEX";"Diesel";"IT";"Pt-Diesel Price";"Tractor-Trailer";"BAU";"EUR/kWh";2035;"0.239";"Sensitivity | Current Policies | Interest rate";"Diesel"
"OPEX";"Diesel";"NL";"Pt-Diesel Price";"Rigid";"BAU";"EUR/kWh";2035;"0.239";"Sensitivity | Current Policies | Interest rate";"Diesel"
"OPEX";"Diesel";"NL";"Pt-Diesel Price";"Tractor-Trailer";"BAU";"EUR/kWh";2035;"0.239";"Sensitivity | Current Policies | Interest rate";"Diesel"
"OPEX";"Diesel";"PL";"Pt-Diesel Price";"Rigid";"BAU";"EUR/kWh";2035;"0.239";"Sensitivity | Current Policies | Interest rate";"Diesel"
"OPEX";"Diesel";"PL";"Pt-Diesel Price";"Tractor-Trailer";"BAU";"EUR/kWh";2035;"0.239";"Sensitivity | Current Policies | Interest rate";"Diesel"
"OPEX";"Diesel";"UK";"Pt-Diesel Price";"Rigid";"BAU";"EUR/kWh";2035;"0.239";"Sensitivity | Current Policies | Interest rate";"Diesel"
"OPEX";"Diesel";"UK";"Pt-Diesel Price";"Tractor-Trailer";"BAU";"EUR/kWh";2035;"0.239";"Sensitivity | Current Policies | Interest rate";"Diesel"
"OPEX";"Electricity";"DE";"Electricity Price";"Rigid";"BAU";"EUR/kWh";2035;"0.076";"Sensitivity | Current Policies | Interest rate";"Electricity"
"OPEX";"Electricity";"DE";"Electricity Price";"Tractor-Trailer";"BAU";"EUR/kWh";2035;"0.076";"Sensitivity | Current Policies | Interest rate";"Electricity"
"OPEX";"Electricity";"ES";"Electricity Price";"Rigid";"BAU";"EUR/kWh";2035;"0.076";"Sensitivity | Current Policies | Interest rate";"Electricity"
"OPEX";"Electricity";"ES";"Electricity Price";"Tractor-Trailer";"BAU";"EUR/kWh";2035;"0.076";"Sensitivity | Current Policies | Interest rate";"Electricity"
"OPEX";"Electricity";"FR";"Electricity Price";"Rigid";"BAU";"EUR/kWh";2035;"0.076";"Sensitivity | Current Policies | Interest rate";"Electricity"
"OPEX";"Electricity";"FR";"Electricity Price";"Tractor-Trailer";"BAU";"EUR/kWh";2035;"0.076";"Sensitivity | Current Policies | Interest rate";"Electricity"
"OPEX";"Electricity";"IT";"Electricity Price";"Rigid";"BAU";"EUR/kWh";2035;"0.076";"Sensitivity | Current Policies | Interest rate";"Electricity"
"OPEX";"Electricity";"IT";"Electricity Price";"Tractor-Trailer";"BAU";"EUR/kWh";2035;"0.076";"Sensitivity | Current Policies | Interest rate";"Electricity"
"OPEX";"Electricity";"NL";"Electricity Price";"Rigid";"BAU";"EUR/kWh";2035;"0.076";"Sensitivity | Current Policies | Interest rate";"Electricity"
"OPEX";"Electricity";"NL";"Electricity Price";"Tractor-Trailer";"BAU";"EUR/kWh";2035;"0.076";"Sensitivity | Current Policies | Interest rate";"Electricity"
"OPEX";"Electricity";"PL";"Electricity Price";"Rigid";"BAU";"EUR/kWh";2035;"0.076";"Sensitivity | Current Policies | Interest rate";"Electricity"
"OPEX";"Electricity";"PL";"Electricity Price";"Tractor-Trailer";"BAU";"EUR/kWh";2035;"0.076";"Sensitivity | Current Policies | Interest rate";"Electricity"
"OPEX";"Electricity";"UK";"Electricity Price";"Rigid";"BAU";"EUR/kWh";2035;"0.076";"Sensitivity | Current Policies | Interest rate";"Electricity"
"OPEX";"Electricity";"UK";"Electricity Price";"Tractor-Trailer";"BAU";"EUR/kWh";2035;"0.076";"Sensitivity | Current Policies | Interest rate";"Electricity"
"OPEX";"Hydrogen";"DE";"Hydrogen Price";"Rigid";"BAU";"EUR/kWh";2035;"0.151";"Sensitivity | Current Policies | Interest rate";"Hydrogen"
"OPEX";"Hydrogen";"DE";"Hydrogen Price";"Tractor-Trailer";"BAU";"EUR/kWh";2035;"0.151";"Sensitivity | Current Policies | Interest rate";"Hydrogen"
"OPEX";"Hydrogen";"ES";"Hydrogen Price";"Rigid";"BAU";"EUR/kWh";2035;"0.151";"Sensitivity | Current Policies | Interest rate";"Hydrogen"
"OPEX";"Hydrogen";"ES";"Hydrogen Price";"Tractor-Trailer";"BAU";"EUR/kWh";2035;"0.151";"Sensitivity | Current Policies | Interest rate";"Hydrogen"
"OPEX";"Hydrogen";"FR";"Hydrogen Price";"Rigid";"BAU";"EUR/kWh";2035;"0.151";"Sensitivity | Current Policies | Interest rate";"Hydrogen"
"OPEX";"Hydrogen";"FR";"Hydrogen Price";"Tractor-Trailer";"BAU";"EUR/kWh";2035;"0.151";"Sensitivity | Current Policies | Interest rate";"Hydrogen"
"OPEX";"Hydrogen";"IT";"Hydrogen Price";"Rigid";"BAU";"EUR/kWh";2035;"0.151";"Sensitivity | Current Policies | Interest rate";"Hydrogen"
"OPEX";"Hydrogen";"IT";"Hydrogen Price";"Tractor-Trailer";"BAU";"EUR/kWh";2035;"0.151";"Sensitivity | Current Policies | Interest rate";"Hydrogen"
"OPEX";"Hydrogen";"NL";"Hydrogen Price";"Rigid";"BAU";"EUR/kWh";2035;"0.151";"Sensitivity | Current Policies | Interest rate";"Hydrogen"
"OPEX";"Hydrogen";"NL";"Hydrogen Price";"Tractor-Trailer";"BAU";"EUR/kWh";2035;"0.151";"Sensitivity | Current Policies | Interest rate";"Hydrogen"
"OPEX";"Hydrogen";"PL";"Hydrogen Price";"Rigid";"BAU";"EUR/kWh";2035;"0.151";"Sensitivity | Current Policies | Interest rate";"Hydrogen"
"OPEX";"Hydrogen";"PL";"Hydrogen Price";"Tractor-Trailer";"BAU";"EUR/kWh";2035;"0.151";"Sensitivity | Current Policies | Interest rate";"Hydrogen"
"OPEX";"Hydrogen";"UK";"Hydrogen Price";"Rigid";"BAU";"EUR/kWh";2035;"0.151";"Sensitivity | Current Policies | Interest rate";"Hydrogen"
"OPEX";"Hydrogen";"UK";"Hydrogen Price";"Tractor-Trailer";"BAU";"EUR/kWh";2035;"0.151";"Sensitivity | Current Policies | Interest rate";"Hydrogen"
"OPEX";"Diesel";"FR";"Biodiesel Price";"Rigid";"BAU";"EUR/kWh";2040;"0.172";"Sensitivity | Current Policies | Interest rate";"Diesel"
"OPEX";"Diesel";"FR";"Biodiesel Price";"Tractor-Trailer";"BAU";"EUR/kWh";2040;"0.172";"Sensitivity | Current Policies | Interest rate";"Diesel"
"OPEX";"Diesel";"DE";"Biodiesel Price";"Rigid";"BAU";"EUR/kWh";2040;"0.172";"Sensitivity | Current Policies | Interest rate";"Diesel"
"OPEX";"Diesel";"DE";"Biodiesel Price";"Tractor-Trailer";"BAU";"EUR/kWh";2040;"0.172";"Sensitivity | Current Policies | Interest rate";"Diesel"
"OPEX";"Diesel";"ES";"Biodiesel Price";"Rigid";"BAU";"EUR/kWh";2040;"0.172";"Sensitivity | Current Policies | Interest rate";"Diesel"
"OPEX";"Diesel";"ES";"Biodiesel Price";"Tractor-Trailer";"BAU";"EUR/kWh";2040;"0.172";"Sensitivity | Current Policies | Interest rate";"Diesel"
"OPEX";"Diesel";"IT";"Biodiesel Price";"Rigid";"BAU";"EUR/kWh";2040;"0.172";"Sensitivity | Current Policies | Interest rate";"Diesel"
"OPEX";"Diesel";"IT";"Biodiesel Price";"Tractor-Trailer";"BAU";"EUR/kWh";2040;"0.172";"Sensitivity | Current Policies | Interest rate";"Diesel"
"OPEX";"Diesel";"NL";"Biodiesel Price";"Rigid";"BAU";"EUR/kWh";2040;"0.172";"Sensitivity | Current Policies | Interest rate";"Diesel"
"OPEX";"Diesel";"NL";"Biodiesel Price";"Tractor-Trailer";"BAU";"EUR/kWh";2040;"0.172";"Sensitivity | Current Policies | Interest rate";"Diesel"
"OPEX";"Diesel";"PL";"Biodiesel Price";"Rigid";"BAU";"EUR/kWh";2040;"0.172";"Sensitivity | Current Policies | Interest rate";"Diesel"
"OPEX";"Diesel";"PL";"Biodiesel Price";"Tractor-Trailer";"BAU";"EUR/kWh";2040;"0.172";"Sensitivity | Current Policies | Interest rate";"Diesel"
"OPEX";"Diesel";"UK";"Biodiesel Price";"Rigid";"BAU";"EUR/kWh";2040;"0.172";"Sensitivity | Current Policies | Interest rate";"Diesel"
"OPEX";"Diesel";"UK";"Biodiesel Price";"Tractor-Trailer";"BAU";"EUR/kWh";2040;"0.172";"Sensitivity | Current Policies | Interest rate";"Diesel"
"OPEX";"Diesel";"DE";"Pt-Diesel Price";"Rigid";"BAU";"EUR/kWh";2040;"0.218";"Sensitivity | Current Policies | Interest rate";"Diesel"
"OPEX";"Diesel";"DE";"Pt-Diesel Price";"Tractor-Trailer";"BAU";"EUR/kWh";2040;"0.218";"Sensitivity | Current Policies | Interest rate";"Diesel"
"OPEX";"Diesel";"ES";"Pt-Diesel Price";"Rigid";"BAU";"EUR/kWh";2040;"0.218";"Sensitivity | Current Policies | Interest rate";"Diesel"
"OPEX";"Diesel";"ES";"Pt-Diesel Price";"Tractor-Trailer";"BAU";"EUR/kWh";2040;"0.218";"Sensitivity | Current Policies | Interest rate";"Diesel"
"OPEX";"Diesel";"FR";"Pt-Diesel Price";"Rigid";"BAU";"EUR/kWh";2040;"0.218";"Sensitivity | Current Policies | Interest rate";"Diesel"
"OPEX";"Diesel";"FR";"Pt-Diesel Price";"Tractor-Trailer";"BAU";"EUR/kWh";2040;"0.218";"Sensitivity | Current Policies | Interest rate";"Diesel"
"OPEX";"Diesel";"IT";"Pt-Diesel Price";"Rigid";"BAU";"EUR/kWh";2040;"0.218";"Sensitivity | Current Policies | Interest rate";"Diesel"
"OPEX";"Diesel";"IT";"Pt-Diesel Price";"Tractor-Trailer";"BAU";"EUR/kWh";2040;"0.218";"Sensitivity | Current Policies | Interest rate";"Diesel"
"OPEX";"Diesel";"NL";"Pt-Diesel Price";"Rigid";"BAU";"EUR/kWh";2040;"0.218";"Sensitivity | Current Policies | Interest rate";"Diesel"
"OPEX";"Diesel";"NL";"Pt-Diesel Price";"Tractor-Trailer";"BAU";"EUR/kWh";2040;"0.218";"Sensitivity | Current Policies | Interest rate";"Diesel"
"OPEX";"Diesel";"PL";"Pt-Diesel Price";"Rigid";"BAU";"EUR/kWh";2040;"0.218";"Sensitivity | Current Policies | Interest rate";"Diesel"
"OPEX";"Diesel";"PL";"Pt-Diesel Price";"Tractor-Trailer";"BAU";"EUR/kWh";2040;"0.218";"Sensitivity | Current Policies | Interest rate";"Diesel"
"OPEX";"Diesel";"UK";"Pt-Diesel Price";"Rigid";"BAU";"EUR/kWh";2040;"0.218";"Sensitivity | Current Policies | Interest rate";"Diesel"
"OPEX";"Diesel";"UK";"Pt-Diesel Price";"Tractor-Trailer";"BAU";"EUR/kWh";2040;"0.218";"Sensitivity | Current Policies | Interest rate";"Diesel"
"OPEX";"Electricity";"DE";"Electricity Price";"Rigid";"BAU";"EUR/kWh";2040;"0.071";"Sensitivity | Current Policies | Interest rate";"Electricity"
"OPEX";"Electricity";"DE";"Electricity Price";"Tractor-Trailer";"BAU";"EUR/kWh";2040;"0.071";"Sensitivity | Current Policies | Interest rate";"Electricity"
"OPEX";"Electricity";"ES";"Electricity Price";"Rigid";"BAU";"EUR/kWh";2040;"0.071";"Sensitivity | Current Policies | Interest rate";"Electricity"
"OPEX";"Electricity";"ES";"Electricity Price";"Tractor-Trailer";"BAU";"EUR/kWh";2040;"0.071";"Sensitivity | Current Policies | Interest rate";"Electricity"
"OPEX";"Electricity";"FR";"Electricity Price";"Rigid";"BAU";"EUR/kWh";2040;"0.071";"Sensitivity | Current Policies | Interest rate";"Electricity"
"OPEX";"Electricity";"FR";"Electricity Price";"Tractor-Trailer";"BAU";"EUR/kWh";2040;"0.071";"Sensitivity | Current Policies | Interest rate";"Electricity"
"OPEX";"Electricity";"IT";"Electricity Price";"Rigid";"BAU";"EUR/kWh";2040;"0.071";"Sensitivity | Current Policies | Interest rate";"Electricity"
"OPEX";"Electricity";"IT";"Electricity Price";"Tractor-Trailer";"BAU";"EUR/kWh";2040;"0.071";"Sensitivity | Current Policies | Interest rate";"Electricity"
"OPEX";"Electricity";"NL";"Electricity Price";"Rigid";"BAU";"EUR/kWh";2040;"0.071";"Sensitivity | Current Policies | Interest rate";"Electricity"
"OPEX";"Electricity";"NL";"Electricity Price";"Tractor-Trailer";"BAU";"EUR/kWh";2040;"0.071";"Sensitivity | Current Policies | Interest rate";"Electricity"
"OPEX";"Electricity";"PL";"Electricity Price";"Rigid";"BAU";"EUR/kWh";2040;"0.071";"Sensitivity | Current Policies | Interest rate";"Electricity"
"OPEX";"Electricity";"PL";"Electricity Price";"Tractor-Trailer";"BAU";"EUR/kWh";2040;"0.071";"Sensitivity | Current Policies | Interest rate";"Electricity"
"OPEX";"Electricity";"UK";"Electricity Price";"Rigid";"BAU";"EUR/kWh";2040;"0.071";"Sensitivity | Current Policies | Interest rate";"Electricity"
"OPEX";"Electricity";"UK";"Electricity Price";"Tractor-Trailer";"BAU";"EUR/kWh";2040;"0.071";"Sensitivity | Current Policies | Interest rate";"Electricity"
"OPEX";"Hydrogen";"DE";"Hydrogen Price";"Rigid";"BAU";"EUR/kWh";2040;"0.134";"Sensitivity | Current Policies | Interest rate";"Hydrogen"
"OPEX";"Hydrogen";"DE";"Hydrogen Price";"Tractor-Trailer";"BAU";"EUR/kWh";2040;"0.134";"Sensitivity | Current Policies | Interest rate";"Hydrogen"
"OPEX";"Hydrogen";"ES";"Hydrogen Price";"Rigid";"BAU";"EUR/kWh";2040;"0.134";"Sensitivity | Current Policies | Interest rate";"Hydrogen"
"OPEX";"Hydrogen";"ES";"Hydrogen Price";"Tractor-Trailer";"BAU";"EUR/kWh";2040;"0.134";"Sensitivity | Current Policies | Interest rate";"Hydrogen"
"OPEX";"Hydrogen";"FR";"Hydrogen Price";"Rigid";"BAU";"EUR/kWh";2040;"0.134";"Sensitivity | Current Policies | Interest rate";"Hydrogen"
"OPEX";"Hydrogen";"FR";"Hydrogen Price";"Tractor-Trailer";"BAU";"EUR/kWh";2040;"0.134";"Sensitivity | Current Policies | Interest rate";"Hydrogen"
"OPEX";"Hydrogen";"IT";"Hydrogen Price";"Rigid";"BAU";"EUR/kWh";2040;"0.134";"Sensitivity | Current Policies | Interest rate";"Hydrogen"
"OPEX";"Hydrogen";"IT";"Hydrogen Price";"Tractor-Trailer";"BAU";"EUR/kWh";2040;"0.134";"Sensitivity | Current Policies | Interest rate";"Hydrogen"
"OPEX";"Hydrogen";"NL";"Hydrogen Price";"Rigid";"BAU";"EUR/kWh";2040;"0.134";"Sensitivity | Current Policies | Interest rate";"Hydrogen"
"OPEX";"Hydrogen";"NL";"Hydrogen Price";"Tractor-Trailer";"BAU";"EUR/kWh";2040;"0.134";"Sensitivity | Current Policies | Interest rate";"Hydrogen"
"OPEX";"Hydrogen";"PL";"Hydrogen Price";"Rigid";"BAU";"EUR/kWh";2040;"0.134";"Sensitivity | Current Policies | Interest rate";"Hydrogen"
"OPEX";"Hydrogen";"PL";"Hydrogen Price";"Tractor-Trailer";"BAU";"EUR/kWh";2040;"0.134";"Sensitivity | Current Policies | Interest rate";"Hydrogen"
"OPEX";"Hydrogen";"UK";"Hydrogen Price";"Rigid";"BAU";"EUR/kWh";2040;"0.134";"Sensitivity | Current Policies | Interest rate";"Hydrogen"
"OPEX";"Hydrogen";"UK";"Hydrogen Price";"Tractor-Trailer";"BAU";"EUR/kWh";2040;"0.134";"Sensitivity | Current Policies | Interest rate";"Hydrogen"
"OPEX";"Diesel";"FR";"Biodiesel Price";"Rigid";"BAU";"EUR/kWh";2045;"0.17";"Sensitivity | Current Policies | Interest rate";"Diesel"
"OPEX";"Diesel";"FR";"Biodiesel Price";"Tractor-Trailer";"BAU";"EUR/kWh";2045;"0.17";"Sensitivity | Current Policies | Interest rate";"Diesel"
"OPEX";"Diesel";"DE";"Biodiesel Price";"Rigid";"BAU";"EUR/kWh";2045;"0.17";"Sensitivity | Current Policies | Interest rate";"Diesel"
"OPEX";"Diesel";"DE";"Biodiesel Price";"Tractor-Trailer";"BAU";"EUR/kWh";2045;"0.17";"Sensitivity | Current Policies | Interest rate";"Diesel"
"OPEX";"Diesel";"ES";"Biodiesel Price";"Rigid";"BAU";"EUR/kWh";2045;"0.17";"Sensitivity | Current Policies | Interest rate";"Diesel"
"OPEX";"Diesel";"ES";"Biodiesel Price";"Tractor-Trailer";"BAU";"EUR/kWh";2045;"0.17";"Sensitivity | Current Policies | Interest rate";"Diesel"
"OPEX";"Diesel";"IT";"Biodiesel Price";"Rigid";"BAU";"EUR/kWh";2045;"0.17";"Sensitivity | Current Policies | Interest rate";"Diesel"
"OPEX";"Diesel";"IT";"Biodiesel Price";"Tractor-Trailer";"BAU";"EUR/kWh";2045;"0.17";"Sensitivity | Current Policies | Interest rate";"Diesel"
"OPEX";"Diesel";"NL";"Biodiesel Price";"Rigid";"BAU";"EUR/kWh";2045;"0.17";"Sensitivity | Current Policies | Interest rate";"Diesel"
"OPEX";"Diesel";"NL";"Biodiesel Price";"Tractor-Trailer";"BAU";"EUR/kWh";2045;"0.17";"Sensitivity | Current Policies | Interest rate";"Diesel"
"OPEX";"Diesel";"PL";"Biodiesel Price";"Rigid";"BAU";"EUR/kWh";2045;"0.17";"Sensitivity | Current Policies | Interest rate";"Diesel"
"OPEX";"Diesel";"PL";"Biodiesel Price";"Tractor-Trailer";"BAU";"EUR/kWh";2045;"0.17";"Sensitivity | Current Policies | Interest rate";"Diesel"
"OPEX";"Diesel";"UK";"Biodiesel Price";"Rigid";"BAU";"EUR/kWh";2045;"0.17";"Sensitivity | Current Policies | Interest rate";"Diesel"
"OPEX";"Diesel";"UK";"Biodiesel Price";"Tractor-Trailer";"BAU";"EUR/kWh";2045;"0.17";"Sensitivity | Current Policies | Interest rate";"Diesel"
"OPEX";"Diesel";"DE";"Pt-Diesel Price";"Rigid";"BAU";"EUR/kWh";2045;"0.196";"Sensitivity | Current Policies | Interest rate";"Diesel"
"OPEX";"Diesel";"DE";"Pt-Diesel Price";"Tractor-Trailer";"BAU";"EUR/kWh";2045;"0.196";"Sensitivity | Current Policies | Interest rate";"Diesel"
"OPEX";"Diesel";"ES";"Pt-Diesel Price";"Rigid";"BAU";"EUR/kWh";2045;"0.196";"Sensitivity | Current Policies | Interest rate";"Diesel"
"OPEX";"Diesel";"ES";"Pt-Diesel Price";"Tractor-Trailer";"BAU";"EUR/kWh";2045;"0.196";"Sensitivity | Current Policies | Interest rate";"Diesel"
"OPEX";"Diesel";"FR";"Pt-Diesel Price";"Rigid";"BAU";"EUR/kWh";2045;"0.196";"Sensitivity | Current Policies | Interest rate";"Diesel"
"OPEX";"Diesel";"FR";"Pt-Diesel Price";"Tractor-Trailer";"BAU";"EUR/kWh";2045;"0.196";"Sensitivity | Current Policies | Interest rate";"Diesel"
"OPEX";"Diesel";"IT";"Pt-Diesel Price";"Rigid";"BAU";"EUR/kWh";2045;"0.196";"Sensitivity | Current Policies | Interest rate";"Diesel"
"OPEX";"Diesel";"IT";"Pt-Diesel Price";"Tractor-Trailer";"BAU";"EUR/kWh";2045;"0.196";"Sensitivity | Current Policies | Interest rate";"Diesel"
"OPEX";"Diesel";"NL";"Pt-Diesel Price";"Rigid";"BAU";"EUR/kWh";2045;"0.196";"Sensitivity | Current Policies | Interest rate";"Diesel"
"OPEX";"Diesel";"NL";"Pt-Diesel Price";"Tractor-Trailer";"BAU";"EUR/kWh";2045;"0.196";"Sensitivity | Current Policies | Interest rate";"Diesel"
"OPEX";"Diesel";"PL";"Pt-Diesel Price";"Rigid";"BAU";"EUR/kWh";2045;"0.196";"Sensitivity | Current Policies | Interest rate";"Diesel"
"OPEX";"Diesel";"PL";"Pt-Diesel Price";"Tractor-Trailer";"BAU";"EUR/kWh";2045;"0.196";"Sensitivity | Current Policies | Interest rate";"Diesel"
"OPEX";"Diesel";"UK";"Pt-Diesel Price";"Rigid";"BAU";"EUR/kWh";2045;"0.196";"Sensitivity | Current Policies | Interest rate";"Diesel"
"OPEX";"Diesel";"UK";"Pt-Diesel Price";"Tractor-Trailer";"BAU";"EUR/kWh";2045;"0.196";"Sensitivity | Current Policies | Interest rate";"Diesel"
"OPEX";"Electricity";"DE";"Electricity Price";"Rigid";"BAU";"EUR/kWh";2045;"0.07";"Sensitivity | Current Policies | Interest rate";"Electricity"
"OPEX";"Electricity";"DE";"Electricity Price";"Tractor-Trailer";"BAU";"EUR/kWh";2045;"0.07";"Sensitivity | Current Policies | Interest rate";"Electricity"
"OPEX";"Electricity";"ES";"Electricity Price";"Rigid";"BAU";"EUR/kWh";2045;"0.07";"Sensitivity | Current Policies | Interest rate";"Electricity"
"OPEX";"Electricity";"ES";"Electricity Price";"Tractor-Trailer";"BAU";"EUR/kWh";2045;"0.07";"Sensitivity | Current Policies | Interest rate";"Electricity"
"OPEX";"Electricity";"FR";"Electricity Price";"Rigid";"BAU";"EUR/kWh";2045;"0.07";"Sensitivity | Current Policies | Interest rate";"Electricity"
"OPEX";"Electricity";"FR";"Electricity Price";"Tractor-Trailer";"BAU";"EUR/kWh";2045;"0.07";"Sensitivity | Current Policies | Interest rate";"Electricity"
"OPEX";"Electricity";"IT";"Electricity Price";"Rigid";"BAU";"EUR/kWh";2045;"0.07";"Sensitivity | Current Policies | Interest rate";"Electricity"
"OPEX";"Electricity";"IT";"Electricity Price";"Tractor-Trailer";"BAU";"EUR/kWh";2045;"0.07";"Sensitivity | Current Policies | Interest rate";"Electricity"
"OPEX";"Electricity";"NL";"Electricity Price";"Rigid";"BAU";"EUR/kWh";2045;"0.07";"Sensitivity | Current Policies | Interest rate";"Electricity"
"OPEX";"Electricity";"NL";"Electricity Price";"Tractor-Trailer";"BAU";"EUR/kWh";2045;"0.07";"Sensitivity | Current Policies | Interest rate";"Electricity"
"OPEX";"Electricity";"PL";"Electricity Price";"Rigid";"BAU";"EUR/kWh";2045;"0.07";"Sensitivity | Current Policies | Interest rate";"Electricity"
"OPEX";"Electricity";"PL";"Electricity Price";"Tractor-Trailer";"BAU";"EUR/kWh";2045;"0.07";"Sensitivity | Current Policies | Interest rate";"Electricity"
"OPEX";"Electricity";"UK";"Electricity Price";"Rigid";"BAU";"EUR/kWh";2045;"0.07";"Sensitivity | Current Policies | Interest rate";"Electricity"
"OPEX";"Electricity";"UK";"Electricity Price";"Tractor-Trailer";"BAU";"EUR/kWh";2045;"0.07";"Sensitivity | Current Policies | Interest rate";"Electricity"
"OPEX";"Hydrogen";"DE";"Hydrogen Price";"Rigid";"BAU";"EUR/kWh";2045;"0.118";"Sensitivity | Current Policies | Interest rate";"Hydrogen"
"OPEX";"Hydrogen";"DE";"Hydrogen Price";"Tractor-Trailer";"BAU";"EUR/kWh";2045;"0.118";"Sensitivity | Current Policies | Interest rate";"Hydrogen"
"OPEX";"Hydrogen";"ES";"Hydrogen Price";"Rigid";"BAU";"EUR/kWh";2045;"0.118";"Sensitivity | Current Policies | Interest rate";"Hydrogen"
"OPEX";"Hydrogen";"ES";"Hydrogen Price";"Tractor-Trailer";"BAU";"EUR/kWh";2045;"0.118";"Sensitivity | Current Policies | Interest rate";"Hydrogen"
"OPEX";"Hydrogen";"FR";"Hydrogen Price";"Rigid";"BAU";"EUR/kWh";2045;"0.118";"Sensitivity | Current Policies | Interest rate";"Hydrogen"
"OPEX";"Hydrogen";"FR";"Hydrogen Price";"Tractor-Trailer";"BAU";"EUR/kWh";2045;"0.118";"Sensitivity | Current Policies | Interest rate";"Hydrogen"
"OPEX";"Hydrogen";"IT";"Hydrogen Price";"Rigid";"BAU";"EUR/kWh";2045;"0.118";"Sensitivity | Current Policies | Interest rate";"Hydrogen"
"OPEX";"Hydrogen";"IT";"Hydrogen Price";"Tractor-Trailer";"BAU";"EUR/kWh";2045;"0.118";"Sensitivity | Current Policies | Interest rate";"Hydrogen"
"OPEX";"Hydrogen";"NL";"Hydrogen Price";"Rigid";"BAU";"EUR/kWh";2045;"0.118";"Sensitivity | Current Policies | Interest rate";"Hydrogen"
"OPEX";"Hydrogen";"NL";"Hydrogen Price";"Tractor-Trailer";"BAU";"EUR/kWh";2045;"0.118";"Sensitivity | Current Policies | Interest rate";"Hydrogen"
"OPEX";"Hydrogen";"PL";"Hydrogen Price";"Rigid";"BAU";"EUR/kWh";2045;"0.118";"Sensitivity | Current Policies | Interest rate";"Hydrogen"
"OPEX";"Hydrogen";"PL";"Hydrogen Price";"Tractor-Trailer";"BAU";"EUR/kWh";2045;"0.118";"Sensitivity | Current Policies | Interest rate";"Hydrogen"
"OPEX";"Hydrogen";"UK";"Hydrogen Price";"Rigid";"BAU";"EUR/kWh";2045;"0.118";"Sensitivity | Current Policies | Interest rate";"Hydrogen"
"OPEX";"Hydrogen";"UK";"Hydrogen Price";"Tractor-Trailer";"BAU";"EUR/kWh";2045;"0.118";"Sensitivity | Current Policies | Interest rate";"Hydrogen"
"OPEX";"Diesel";"FR";"Biodiesel Price";"Rigid";"BAU";"EUR/kWh";2050;"0.152";"Sensitivity | Current Policies | Interest rate";"Diesel"
"OPEX";"Diesel";"FR";"Biodiesel Price";"Tractor-Trailer";"BAU";"EUR/kWh";2050;"0.152";"Sensitivity | Current Policies | Interest rate";"Diesel"
"OPEX";"Diesel";"DE";"Biodiesel Price";"Rigid";"BAU";"EUR/kWh";2050;"0.152";"Sensitivity | Current Policies | Interest rate";"Diesel"
"OPEX";"Diesel";"DE";"Biodiesel Price";"Tractor-Trailer";"BAU";"EUR/kWh";2050;"0.152";"Sensitivity | Current Policies | Interest rate";"Diesel"
"OPEX";"Diesel";"ES";"Biodiesel Price";"Rigid";"BAU";"EUR/kWh";2050;"0.152";"Sensitivity | Current Policies | Interest rate";"Diesel"
"OPEX";"Diesel";"ES";"Biodiesel Price";"Tractor-Trailer";"BAU";"EUR/kWh";2050;"0.152";"Sensitivity | Current Policies | Interest rate";"Diesel"
"OPEX";"Diesel";"IT";"Biodiesel Price";"Rigid";"BAU";"EUR/kWh";2050;"0.152";"Sensitivity | Current Policies | Interest rate";"Diesel"
"OPEX";"Diesel";"IT";"Biodiesel Price";"Tractor-Trailer";"BAU";"EUR/kWh";2050;"0.152";"Sensitivity | Current Policies | Interest rate";"Diesel"
"OPEX";"Diesel";"NL";"Biodiesel Price";"Rigid";"BAU";"EUR/kWh";2050;"0.152";"Sensitivity | Current Policies | Interest rate";"Diesel"
"OPEX";"Diesel";"NL";"Biodiesel Price";"Tractor-Trailer";"BAU";"EUR/kWh";2050;"0.152";"Sensitivity | Current Policies | Interest rate";"Diesel"
"OPEX";"Diesel";"PL";"Biodiesel Price";"Rigid";"BAU";"EUR/kWh";2050;"0.152";"Sensitivity | Current Policies | Interest rate";"Diesel"
"OPEX";"Diesel";"PL";"Biodiesel Price";"Tractor-Trailer";"BAU";"EUR/kWh";2050;"0.152";"Sensitivity | Current Policies | Interest rate";"Diesel"
"OPEX";"Diesel";"UK";"Biodiesel Price";"Rigid";"BAU";"EUR/kWh";2050;"0.152";"Sensitivity | Current Policies | Interest rate";"Diesel"
"OPEX";"Diesel";"UK";"Biodiesel Price";"Tractor-Trailer";"BAU";"EUR/kWh";2050;"0.152";"Sensitivity | Current Policies | Interest rate";"Diesel"
"OPEX";"Diesel";"DE";"Pt-Diesel Price";"Rigid";"BAU";"EUR/kWh";2050;"0.175";"Sensitivity | Current Policies | Interest rate";"Diesel"
"OPEX";"Diesel";"DE";"Pt-Diesel Price";"Tractor-Trailer";"BAU";"EUR/kWh";2050;"0.175";"Sensitivity | Current Policies | Interest rate";"Diesel"
"OPEX";"Diesel";"ES";"Pt-Diesel Price";"Rigid";"BAU";"EUR/kWh";2050;"0.175";"Sensitivity | Current Policies | Interest rate";"Diesel"
"OPEX";"Diesel";"ES";"Pt-Diesel Price";"Tractor-Trailer";"BAU";"EUR/kWh";2050;"0.175";"Sensitivity | Current Policies | Interest rate";"Diesel"
"OPEX";"Diesel";"FR";"Pt-Diesel Price";"Rigid";"BAU";"EUR/kWh";2050;"0.175";"Sensitivity | Current Policies | Interest rate";"Diesel"
"OPEX";"Diesel";"FR";"Pt-Diesel Price";"Tractor-Trailer";"BAU";"EUR/kWh";2050;"0.175";"Sensitivity | Current Policies | Interest rate";"Diesel"
"OPEX";"Diesel";"IT";"Pt-Diesel Price";"Rigid";"BAU";"EUR/kWh";2050;"0.175";"Sensitivity | Current Policies | Interest rate";"Diesel"
"OPEX";"Diesel";"IT";"Pt-Diesel Price";"Tractor-Trailer";"BAU";"EUR/kWh";2050;"0.175";"Sensitivity | Current Policies | Interest rate";"Diesel"
"OPEX";"Diesel";"NL";"Pt-Diesel Price";"Rigid";"BAU";"EUR/kWh";2050;"0.175";"Sensitivity | Current Policies | Interest rate";"Diesel"
"OPEX";"Diesel";"NL";"Pt-Diesel Price";"Tractor-Trailer";"BAU";"EUR/kWh";2050;"0.175";"Sensitivity | Current Policies | Interest rate";"Diesel"
"OPEX";"Diesel";"PL";"Pt-Diesel Price";"Rigid";"BAU";"EUR/kWh";2050;"0.175";"Sensitivity | Current Policies | Interest rate";"Diesel"
"OPEX";"Diesel";"PL";"Pt-Diesel Price";"Tractor-Trailer";"BAU";"EUR/kWh";2050;"0.175";"Sensitivity | Current Policies | Interest rate";"Diesel"
"OPEX";"Diesel";"UK";"Pt-Diesel Price";"Rigid";"BAU";"EUR/kWh";2050;"0.175";"Sensitivity | Current Policies | Interest rate";"Diesel"
"OPEX";"Diesel";"UK";"Pt-Diesel Price";"Tractor-Trailer";"BAU";"EUR/kWh";2050;"0.175";"Sensitivity | Current Policies | Interest rate";"Diesel"
"OPEX";"Electricity";"DE";"Electricity Price";"Rigid";"BAU";"EUR/kWh";2050;"0.07";"Sensitivity | Current Policies | Interest rate";"Electricity"
"OPEX";"Electricity";"DE";"Electricity Price";"Tractor-Trailer";"BAU";"EUR/kWh";2050;"0.07";"Sensitivity | Current Policies | Interest rate";"Electricity"
"OPEX";"Electricity";"ES";"Electricity Price";"Rigid";"BAU";"EUR/kWh";2050;"0.07";"Sensitivity | Current Policies | Interest rate";"Electricity"
"OPEX";"Electricity";"ES";"Electricity Price";"Tractor-Trailer";"BAU";"EUR/kWh";2050;"0.07";"Sensitivity | Current Policies | Interest rate";"Electricity"
"OPEX";"Electricity";"FR";"Electricity Price";"Rigid";"BAU";"EUR/kWh";2050;"0.07";"Sensitivity | Current Policies | Interest rate";"Electricity"
"OPEX";"Electricity";"FR";"Electricity Price";"Tractor-Trailer";"BAU";"EUR/kWh";2050;"0.07";"Sensitivity | Current Policies | Interest rate";"Electricity"
"OPEX";"Electricity";"IT";"Electricity Price";"Rigid";"BAU";"EUR/kWh";2050;"0.07";"Sensitivity | Current Policies | Interest rate";"Electricity"
"OPEX";"Electricity";"IT";"Electricity Price";"Tractor-Trailer";"BAU";"EUR/kWh";2050;"0.07";"Sensitivity | Current Policies | Interest rate";"Electricity"
"OPEX";"Electricity";"NL";"Electricity Price";"Rigid";"BAU";"EUR/kWh";2050;"0.07";"Sensitivity | Current Policies | Interest rate";"Electricity"
"OPEX";"Electricity";"NL";"Electricity Price";"Tractor-Trailer";"BAU";"EUR/kWh";2050;"0.07";"Sensitivity | Current Policies | Interest rate";"Electricity"
"OPEX";"Electricity";"PL";"Electricity Price";"Rigid";"BAU";"EUR/kWh";2050;"0.07";"Sensitivity | Current Policies | Interest rate";"Electricity"
"OPEX";"Electricity";"PL";"Electricity Price";"Tractor-Trailer";"BAU";"EUR/kWh";2050;"0.07";"Sensitivity | Current Policies | Interest rate";"Electricity"
"OPEX";"Electricity";"UK";"Electricity Price";"Rigid";"BAU";"EUR/kWh";2050;"0.07";"Sensitivity | Current Policies | Interest rate";"Electricity"
"OPEX";"Electricity";"UK";"Electricity Price";"Tractor-Trailer";"BAU";"EUR/kWh";2050;"0.07";"Sensitivity | Current Policies | Interest rate";"Electricity"
"OPEX";"Hydrogen";"DE";"Hydrogen Price";"Rigid";"BAU";"EUR/kWh";2050;"0.101";"Sensitivity | Current Policies | Interest rate";"Hydrogen"
"OPEX";"Hydrogen";"DE";"Hydrogen Price";"Tractor-Trailer";"BAU";"EUR/kWh";2050;"0.101";"Sensitivity | Current Policies | Interest rate";"Hydrogen"
"OPEX";"Hydrogen";"ES";"Hydrogen Price";"Rigid";"BAU";"EUR/kWh";2050;"0.101";"Sensitivity | Current Policies | Interest rate";"Hydrogen"
"OPEX";"Hydrogen";"ES";"Hydrogen Price";"Tractor-Trailer";"BAU";"EUR/kWh";2050;"0.101";"Sensitivity | Current Policies | Interest rate";"Hydrogen"
"OPEX";"Hydrogen";"FR";"Hydrogen Price";"Rigid";"BAU";"EUR/kWh";2050;"0.101";"Sensitivity | Current Policies | Interest rate";"Hydrogen"
"OPEX";"Hydrogen";"FR";"Hydrogen Price";"Tractor-Trailer";"BAU";"EUR/kWh";2050;"0.101";"Sensitivity | Current Policies | Interest rate";"Hydrogen"
"OPEX";"Hydrogen";"IT";"Hydrogen Price";"Rigid";"BAU";"EUR/kWh";2050;"0.101";"Sensitivity | Current Policies | Interest rate";"Hydrogen"
"OPEX";"Hydrogen";"IT";"Hydrogen Price";"Tractor-Trailer";"BAU";"EUR/kWh";2050;"0.101";"Sensitivity | Current Policies | Interest rate";"Hydrogen"
"OPEX";"Hydrogen";"NL";"Hydrogen Price";"Rigid";"BAU";"EUR/kWh";2050;"0.101";"Sensitivity | Current Policies | Interest rate";"Hydrogen"
"OPEX";"Hydrogen";"NL";"Hydrogen Price";"Tractor-Trailer";"BAU";"EUR/kWh";2050;"0.101";"Sensitivity | Current Policies | Interest rate";"Hydrogen"
"OPEX";"Hydrogen";"PL";"Hydrogen Price";"Rigid";"BAU";"EUR/kWh";2050;"0.101";"Sensitivity | Current Policies | Interest rate";"Hydrogen"
"OPEX";"Hydrogen";"PL";"Hydrogen Price";"Tractor-Trailer";"BAU";"EUR/kWh";2050;"0.101";"Sensitivity | Current Policies | Interest rate";"Hydrogen"
"OPEX";"Hydrogen";"UK";"Hydrogen Price";"Rigid";"BAU";"EUR/kWh";2050;"0.101";"Sensitivity | Current Policies | Interest rate";"Hydrogen"
"OPEX";"Hydrogen";"UK";"Hydrogen Price";"Tractor-Trailer";"BAU";"EUR/kWh";2050;"0.101";"Sensitivity | Current Policies | Interest rate";"Hydrogen"
"OPEX";"Diesel";"DE";"Share Biodiesel";"Rigid";"BAU";"%";2030;"0.14";"Sensitivity | Current Policies | Interest rate";"Diesel"
"OPEX";"Diesel";"DE";"Share Biodiesel";"Tractor-Trailer";"BAU";"%";2030;"0.14";"Sensitivity | Current Policies | Interest rate";"Diesel"
"OPEX";"Diesel";"ES";"Share Biodiesel";"Rigid";"BAU";"%";2030;"0.14";"Sensitivity | Current Policies | Interest rate";"Diesel"
"OPEX";"Diesel";"ES";"Share Biodiesel";"Tractor-Trailer";"BAU";"%";2030;"0.14";"Sensitivity | Current Policies | Interest rate";"Diesel"
"OPEX";"Diesel";"FR";"Share Biodiesel";"Rigid";"BAU";"%";2030;"0.14";"Sensitivity | Current Policies | Interest rate";"Diesel"
"OPEX";"Diesel";"FR";"Share Biodiesel";"Tractor-Trailer";"BAU";"%";2030;"0.14";"Sensitivity | Current Policies | Interest rate";"Diesel"
"OPEX";"Diesel";"IT";"Share Biodiesel";"Rigid";"BAU";"%";2030;"0.14";"Sensitivity | Current Policies | Interest rate";"Diesel"
"OPEX";"Diesel";"IT";"Share Biodiesel";"Tractor-Trailer";"BAU";"%";2030;"0.14";"Sensitivity | Current Policies | Interest rate";"Diesel"
"OPEX";"Diesel";"NL";"Share Biodiesel";"Rigid";"BAU";"%";2030;"0.14";"Sensitivity | Current Policies | Interest rate";"Diesel"
"OPEX";"Diesel";"NL";"Share Biodiesel";"Tractor-Trailer";"BAU";"%";2030;"0.14";"Sensitivity | Current Policies | Interest rate";"Diesel"
"OPEX";"Diesel";"PL";"Share Biodiesel";"Rigid";"BAU";"%";2030;"0.14";"Sensitivity | Current Policies | Interest rate";"Diesel"
"OPEX";"Diesel";"PL";"Share Biodiesel";"Tractor-Trailer";"BAU";"%";2030;"0.14";"Sensitivity | Current Policies | Interest rate";"Diesel"
"OPEX";"Diesel";"UK";"Share Biodiesel";"Rigid";"BAU";"%";2030;"0.14";"Sensitivity | Current Policies | Interest rate";"Diesel"
"OPEX";"Diesel";"UK";"Share Biodiesel";"Tractor-Trailer";"BAU";"%";2030;"0.14";"Sensitivity | Current Policies | Interest rate";"Diesel"
"OPEX";"Diesel";"DE";"Share Biodiesel";"Rigid";"BAU";"%";2035;"0.23";"Sensitivity | Current Policies | Interest rate";"Diesel"
"OPEX";"Diesel";"DE";"Share Biodiesel";"Tractor-Trailer";"BAU";"%";2035;"0.23";"Sensitivity | Current Policies | Interest rate";"Diesel"
"OPEX";"Diesel";"ES";"Share Biodiesel";"Rigid";"BAU";"%";2035;"0.23";"Sensitivity | Current Policies | Interest rate";"Diesel"
"OPEX";"Diesel";"ES";"Share Biodiesel";"Tractor-Trailer";"BAU";"%";2035;"0.23";"Sensitivity | Current Policies | Interest rate";"Diesel"
"OPEX";"Diesel";"FR";"Share Biodiesel";"Rigid";"BAU";"%";2035;"0.23";"Sensitivity | Current Policies | Interest rate";"Diesel"
"OPEX";"Diesel";"FR";"Share Biodiesel";"Tractor-Trailer";"BAU";"%";2035;"0.23";"Sensitivity | Current Policies | Interest rate";"Diesel"
"OPEX";"Diesel";"IT";"Share Biodiesel";"Rigid";"BAU";"%";2035;"0.23";"Sensitivity | Current Policies | Interest rate";"Diesel"
"OPEX";"Diesel";"IT";"Share Biodiesel";"Tractor-Trailer";"BAU";"%";2035;"0.23";"Sensitivity | Current Policies | Interest rate";"Diesel"
"OPEX";"Diesel";"NL";"Share Biodiesel";"Rigid";"BAU";"%";2035;"0.23";"Sensitivity | Current Policies | Interest rate";"Diesel"
"OPEX";"Diesel";"NL";"Share Biodiesel";"Tractor-Trailer";"BAU";"%";2035;"0.23";"Sensitivity | Current Policies | Interest rate";"Diesel"
"OPEX";"Diesel";"PL";"Share Biodiesel";"Rigid";"BAU";"%";2035;"0.23";"Sensitivity | Current Policies | Interest rate";"Diesel"
"OPEX";"Diesel";"PL";"Share Biodiesel";"Tractor-Trailer";"BAU";"%";2035;"0.23";"Sensitivity | Current Policies | Interest rate";"Diesel"
"OPEX";"Diesel";"UK";"Share Biodiesel";"Rigid";"BAU";"%";2035;"0.23";"Sensitivity | Current Policies | Interest rate";"Diesel"
"OPEX";"Diesel";"UK";"Share Biodiesel";"Tractor-Trailer";"BAU";"%";2035;"0.23";"Sensitivity | Current Policies | Interest rate";"Diesel"
"OPEX";"Diesel";"DE";"Share Biodiesel";"Rigid";"BAU";"%";2040;"0.45";"Sensitivity | Current Policies | Interest rate";"Diesel"
"OPEX";"Diesel";"DE";"Share Biodiesel";"Tractor-Trailer";"BAU";"%";2040;"0.45";"Sensitivity | Current Policies | Interest rate";"Diesel"
"OPEX";"Diesel";"ES";"Share Biodiesel";"Rigid";"BAU";"%";2040;"0.45";"Sensitivity | Current Policies | Interest rate";"Diesel"
"OPEX";"Diesel";"ES";"Share Biodiesel";"Tractor-Trailer";"BAU";"%";2040;"0.45";"Sensitivity | Current Policies | Interest rate";"Diesel"
"OPEX";"Diesel";"FR";"Share Biodiesel";"Rigid";"BAU";"%";2040;"0.45";"Sensitivity | Current Policies | Interest rate";"Diesel"
"OPEX";"Diesel";"FR";"Share Biodiesel";"Tractor-Trailer";"BAU";"%";2040;"0.45";"Sensitivity | Current Policies | Interest rate";"Diesel"
"OPEX";"Diesel";"IT";"Share Biodiesel";"Rigid";"BAU";"%";2040;"0.45";"Sensitivity | Current Policies | Interest rate";"Diesel"
"OPEX";"Diesel";"IT";"Share Biodiesel";"Tractor-Trailer";"BAU";"%";2040;"0.45";"Sensitivity | Current Policies | Interest rate";"Diesel"
"OPEX";"Diesel";"NL";"Share Biodiesel";"Rigid";"BAU";"%";2040;"0.45";"Sensitivity | Current Policies | Interest rate";"Diesel"
"OPEX";"Diesel";"NL";"Share Biodiesel";"Tractor-Trailer";"BAU";"%";2040;"0.45";"Sensitivity | Current Policies | Interest rate";"Diesel"
"OPEX";"Diesel";"PL";"Share Biodiesel";"Rigid";"BAU";"%";2040;"0.45";"Sensitivity | Current Policies | Interest rate";"Diesel"
"OPEX";"Diesel";"PL";"Share Biodiesel";"Tractor-Trailer";"BAU";"%";2040;"0.45";"Sensitivity | Current Policies | Interest rate";"Diesel"
"OPEX";"Diesel";"UK";"Share Biodiesel";"Rigid";"BAU";"%";2040;"0.45";"Sensitivity | Current Policies | Interest rate";"Diesel"
"OPEX";"Diesel";"UK";"Share Biodiesel";"Tractor-Trailer";"BAU";"%";2040;"0.45";"Sensitivity | Current Policies | Interest rate";"Diesel"
"OPEX";"Diesel";"DE";"Share Biodiesel";"Rigid";"BAU";"%";2045;"0.53";"Sensitivity | Current Policies | Interest rate";"Diesel"
"OPEX";"Diesel";"DE";"Share Biodiesel";"Tractor-Trailer";"BAU";"%";2045;"0.53";"Sensitivity | Current Policies | Interest rate";"Diesel"
"OPEX";"Diesel";"ES";"Share Biodiesel";"Rigid";"BAU";"%";2045;"0.53";"Sensitivity | Current Policies | Interest rate";"Diesel"
"OPEX";"Diesel";"ES";"Share Biodiesel";"Tractor-Trailer";"BAU";"%";2045;"0.53";"Sensitivity | Current Policies | Interest rate";"Diesel"
"OPEX";"Diesel";"FR";"Share Biodiesel";"Rigid";"BAU";"%";2045;"0.53";"Sensitivity | Current Policies | Interest rate";"Diesel"
"OPEX";"Diesel";"FR";"Share Biodiesel";"Tractor-Trailer";"BAU";"%";2045;"0.53";"Sensitivity | Current Policies | Interest rate";"Diesel"
"OPEX";"Diesel";"IT";"Share Biodiesel";"Rigid";"BAU";"%";2045;"0.53";"Sensitivity | Current Policies | Interest rate";"Diesel"
"OPEX";"Diesel";"IT";"Share Biodiesel";"Tractor-Trailer";"BAU";"%";2045;"0.53";"Sensitivity | Current Policies | Interest rate";"Diesel"
"OPEX";"Diesel";"NL";"Share Biodiesel";"Rigid";"BAU";"%";2045;"0.53";"Sensitivity | Current Policies | Interest rate";"Diesel"
"OPEX";"Diesel";"NL";"Share Biodiesel";"Tractor-Trailer";"BAU";"%";2045;"0.53";"Sensitivity | Current Policies | Interest rate";"Diesel"
"OPEX";"Diesel";"PL";"Share Biodiesel";"Rigid";"BAU";"%";2045;"0.53";"Sensitivity | Current Policies | Interest rate";"Diesel"
"OPEX";"Diesel";"PL";"Share Biodiesel";"Tractor-Trailer";"BAU";"%";2045;"0.53";"Sensitivity | Current Policies | Interest rate";"Diesel"
"OPEX";"Diesel";"UK";"Share Biodiesel";"Rigid";"BAU";"%";2045;"0.53";"Sensitivity | Current Policies | Interest rate";"Diesel"
"OPEX";"Diesel";"UK";"Share Biodiesel";"Tractor-Trailer";"BAU";"%";2045;"0.53";"Sensitivity | Current Policies | Interest rate";"Diesel"
"OPEX";"Diesel";"DE";"Share Biodiesel";"Rigid";"BAU";"%";2050;"0.51";"Sensitivity | Current Policies | Interest rate";"Diesel"
"OPEX";"Diesel";"DE";"Share Biodiesel";"Tractor-Trailer";"BAU";"%";2050;"0.51";"Sensitivity | Current Policies | Interest rate";"Diesel"
"OPEX";"Diesel";"ES";"Share Biodiesel";"Rigid";"BAU";"%";2050;"0.51";"Sensitivity | Current Policies | Interest rate";"Diesel"
"OPEX";"Diesel";"ES";"Share Biodiesel";"Tractor-Trailer";"BAU";"%";2050;"0.51";"Sensitivity | Current Policies | Interest rate";"Diesel"
"OPEX";"Diesel";"FR";"Share Biodiesel";"Rigid";"BAU";"%";2050;"0.51";"Sensitivity | Current Policies | Interest rate";"Diesel"
"OPEX";"Diesel";"FR";"Share Biodiesel";"Tractor-Trailer";"BAU";"%";2050;"0.51";"Sensitivity | Current Policies | Interest rate";"Diesel"
"OPEX";"Diesel";"IT";"Share Biodiesel";"Rigid";"BAU";"%";2050;"0.51";"Sensitivity | Current Policies | Interest rate";"Diesel"
"OPEX";"Diesel";"IT";"Share Biodiesel";"Tractor-Trailer";"BAU";"%";2050;"0.51";"Sensitivity | Current Policies | Interest rate";"Diesel"
"OPEX";"Diesel";"NL";"Share Biodiesel";"Rigid";"BAU";"%";2050;"0.51";"Sensitivity | Current Policies | Interest rate";"Diesel"
"OPEX";"Diesel";"NL";"Share Biodiesel";"Tractor-Trailer";"BAU";"%";2050;"0.51";"Sensitivity | Current Policies | Interest rate";"Diesel"
"OPEX";"Diesel";"PL";"Share Biodiesel";"Rigid";"BAU";"%";2050;"0.51";"Sensitivity | Current Policies | Interest rate";"Diesel"
"OPEX";"Diesel";"PL";"Share Biodiesel";"Tractor-Trailer";"BAU";"%";2050;"0.51";"Sensitivity | Current Policies | Interest rate";"Diesel"
"OPEX";"Diesel";"UK";"Share Biodiesel";"Rigid";"BAU";"%";2050;"0.51";"Sensitivity | Current Policies | Interest rate";"Diesel"
"OPEX";"Diesel";"UK";"Share Biodiesel";"Tractor-Trailer";"BAU";"%";2050;"0.51";"Sensitivity | Current Policies | Interest rate";"Diesel"
"OPEX";"Diesel";"DE";"Share Synthetic Diesel (E-Fuels)";"Rigid";"BAU";"%";2030;"0";"Sensitivity | Current Policies | Interest rate";"Diesel"
"OPEX";"Diesel";"DE";"Share Synthetic Diesel (E-Fuels)";"Tractor-Trailer";"BAU";"%";2030;"0";"Sensitivity | Current Policies | Interest rate";"Diesel"
"OPEX";"Diesel";"ES";"Share Synthetic Diesel (E-Fuels)";"Rigid";"BAU";"%";2030;"0";"Sensitivity | Current Policies | Interest rate";"Diesel"
"OPEX";"Diesel";"ES";"Share Synthetic Diesel (E-Fuels)";"Tractor-Trailer";"BAU";"%";2030;"0";"Sensitivity | Current Policies | Interest rate";"Diesel"
"OPEX";"Diesel";"FR";"Share Synthetic Diesel (E-Fuels)";"Rigid";"BAU";"%";2030;"0";"Sensitivity | Current Policies | Interest rate";"Diesel"
"OPEX";"Diesel";"FR";"Share Synthetic Diesel (E-Fuels)";"Tractor-Trailer";"BAU";"%";2030;"0";"Sensitivity | Current Policies | Interest rate";"Diesel"
"OPEX";"Diesel";"IT";"Share Synthetic Diesel (E-Fuels)";"Rigid";"BAU";"%";2030;"0";"Sensitivity | Current Policies | Interest rate";"Diesel"
"OPEX";"Diesel";"IT";"Share Synthetic Diesel (E-Fuels)";"Tractor-Trailer";"BAU";"%";2030;"0";"Sensitivity | Current Policies | Interest rate";"Diesel"
"OPEX";"Diesel";"NL";"Share Synthetic Diesel (E-Fuels)";"Rigid";"BAU";"%";2030;"0";"Sensitivity | Current Policies | Interest rate";"Diesel"
"OPEX";"Diesel";"NL";"Share Synthetic Diesel (E-Fuels)";"Tractor-Trailer";"BAU";"%";2030;"0";"Sensitivity | Current Policies | Interest rate";"Diesel"
"OPEX";"Diesel";"PL";"Share Synthetic Diesel (E-Fuels)";"Rigid";"BAU";"%";2030;"0";"Sensitivity | Current Policies | Interest rate";"Diesel"
"OPEX";"Diesel";"PL";"Share Synthetic Diesel (E-Fuels)";"Tractor-Trailer";"BAU";"%";2030;"0";"Sensitivity | Current Policies | Interest rate";"Diesel"
"OPEX";"Diesel";"UK";"Share Synthetic Diesel (E-Fuels)";"Rigid";"BAU";"%";2030;"0";"Sensitivity | Current Policies | Interest rate";"Diesel"
"OPEX";"Diesel";"UK";"Share Synthetic Diesel (E-Fuels)";"Tractor-Trailer";"BAU";"%";2030;"0";"Sensitivity | Current Policies | Interest rate";"Diesel"
"OPEX";"Diesel";"DE";"Share Synthetic Diesel (E-Fuels)";"Rigid";"BAU";"%";2035;"0";"Sensitivity | Current Policies | Interest rate";"Diesel"
"OPEX";"Diesel";"DE";"Share Synthetic Diesel (E-Fuels)";"Tractor-Trailer";"BAU";"%";2035;"0";"Sensitivity | Current Policies | Interest rate";"Diesel"
"OPEX";"Diesel";"ES";"Share Synthetic Diesel (E-Fuels)";"Rigid";"BAU";"%";2035;"0";"Sensitivity | Current Policies | Interest rate";"Diesel"
"OPEX";"Diesel";"ES";"Share Synthetic Diesel (E-Fuels)";"Tractor-Trailer";"BAU";"%";2035;"0";"Sensitivity | Current Policies | Interest rate";"Diesel"
"OPEX";"Diesel";"FR";"Share Synthetic Diesel (E-Fuels)";"Rigid";"BAU";"%";2035;"0";"Sensitivity | Current Policies | Interest rate";"Diesel"
"OPEX";"Diesel";"FR";"Share Synthetic Diesel (E-Fuels)";"Tractor-Trailer";"BAU";"%";2035;"0";"Sensitivity | Current Policies | Interest rate";"Diesel"
"OPEX";"Diesel";"IT";"Share Synthetic Diesel (E-Fuels)";"Rigid";"BAU";"%";2035;"0";"Sensitivity | Current Policies | Interest rate";"Diesel"
"OPEX";"Diesel";"IT";"Share Synthetic Diesel (E-Fuels)";"Tractor-Trailer";"BAU";"%";2035;"0";"Sensitivity | Current Policies | Interest rate";"Diesel"
"OPEX";"Diesel";"NL";"Share Synthetic Diesel (E-Fuels)";"Rigid";"BAU";"%";2035;"0";"Sensitivity | Current Policies | Interest rate";"Diesel"
"OPEX";"Diesel";"NL";"Share Synthetic Diesel (E-Fuels)";"Tractor-Trailer";"BAU";"%";2035;"0";"Sensitivity | Current Policies | Interest rate";"Diesel"
"OPEX";"Diesel";"PL";"Share Synthetic Diesel (E-Fuels)";"Rigid";"BAU";"%";2035;"0";"Sensitivity | Current Policies | Interest rate";"Diesel"
"OPEX";"Diesel";"PL";"Share Synthetic Diesel (E-Fuels)";"Tractor-Trailer";"BAU";"%";2035;"0";"Sensitivity | Current Policies | Interest rate";"Diesel"
"OPEX";"Diesel";"UK";"Share Synthetic Diesel (E-Fuels)";"Rigid";"BAU";"%";2035;"0";"Sensitivity | Current Policies | Interest rate";"Diesel"
"OPEX";"Diesel";"UK";"Share Synthetic Diesel (E-Fuels)";"Tractor-Trailer";"BAU";"%";2035;"0";"Sensitivity | Current Policies | Interest rate";"Diesel"
"OPEX";"Diesel";"DE";"Share Synthetic Diesel (E-Fuels)";"Rigid";"BAU";"%";2040;"0.2";"Sensitivity | Current Policies | Interest rate";"Diesel"
"OPEX";"Diesel";"DE";"Share Synthetic Diesel (E-Fuels)";"Tractor-Trailer";"BAU";"%";2040;"0.2";"Sensitivity | Current Policies | Interest rate";"Diesel"
"OPEX";"Diesel";"ES";"Share Synthetic Diesel (E-Fuels)";"Rigid";"BAU";"%";2040;"0.2";"Sensitivity | Current Policies | Interest rate";"Diesel"
"OPEX";"Diesel";"ES";"Share Synthetic Diesel (E-Fuels)";"Tractor-Trailer";"BAU";"%";2040;"0.2";"Sensitivity | Current Policies | Interest rate";"Diesel"
"OPEX";"Diesel";"FR";"Share Synthetic Diesel (E-Fuels)";"Rigid";"BAU";"%";2040;"0.2";"Sensitivity | Current Policies | Interest rate";"Diesel"
"OPEX";"Diesel";"FR";"Share Synthetic Diesel (E-Fuels)";"Tractor-Trailer";"BAU";"%";2040;"0.2";"Sensitivity | Current Policies | Interest rate";"Diesel"
"OPEX";"Diesel";"IT";"Share Synthetic Diesel (E-Fuels)";"Rigid";"BAU";"%";2040;"0.2";"Sensitivity | Current Policies | Interest rate";"Diesel"
"OPEX";"Diesel";"IT";"Share Synthetic Diesel (E-Fuels)";"Tractor-Trailer";"BAU";"%";2040;"0.2";"Sensitivity | Current Policies | Interest rate";"Diesel"
"OPEX";"Diesel";"NL";"Share Synthetic Diesel (E-Fuels)";"Rigid";"BAU";"%";2040;"0.2";"Sensitivity | Current Policies | Interest rate";"Diesel"
"OPEX";"Diesel";"NL";"Share Synthetic Diesel (E-Fuels)";"Tractor-Trailer";"BAU";"%";2040;"0.2";"Sensitivity | Current Policies | Interest rate";"Diesel"
"OPEX";"Diesel";"PL";"Share Synthetic Diesel (E-Fuels)";"Rigid";"BAU";"%";2040;"0.2";"Sensitivity | Current Policies | Interest rate";"Diesel"
"OPEX";"Diesel";"PL";"Share Synthetic Diesel (E-Fuels)";"Tractor-Trailer";"BAU";"%";2040;"0.2";"Sensitivity | Current Policies | Interest rate";"Diesel"
"OPEX";"Diesel";"UK";"Share Synthetic Diesel (E-Fuels)";"Rigid";"BAU";"%";2040;"0.2";"Sensitivity | Current Policies | Interest rate";"Diesel"
"OPEX";"Diesel";"UK";"Share Synthetic Diesel (E-Fuels)";"Tractor-Trailer";"BAU";"%";2040;"0.2";"Sensitivity | Current Policies | Interest rate";"Diesel"
"OPEX";"Diesel";"DE";"Share Synthetic Diesel (E-Fuels)";"Rigid";"BAU";"%";2045;"0.47";"Sensitivity | Current Policies | Interest rate";"Diesel"
"OPEX";"Diesel";"DE";"Share Synthetic Diesel (E-Fuels)";"Tractor-Trailer";"BAU";"%";2045;"0.47";"Sensitivity | Current Policies | Interest rate";"Diesel"
"OPEX";"Diesel";"ES";"Share Synthetic Diesel (E-Fuels)";"Rigid";"BAU";"%";2045;"0.47";"Sensitivity | Current Policies | Interest rate";"Diesel"
"OPEX";"Diesel";"ES";"Share Synthetic Diesel (E-Fuels)";"Tractor-Trailer";"BAU";"%";2045;"0.47";"Sensitivity | Current Policies | Interest rate";"Diesel"
"OPEX";"Diesel";"FR";"Share Synthetic Diesel (E-Fuels)";"Rigid";"BAU";"%";2045;"0.47";"Sensitivity | Current Policies | Interest rate";"Diesel"
"OPEX";"Diesel";"FR";"Share Synthetic Diesel (E-Fuels)";"Tractor-Trailer";"BAU";"%";2045;"0.47";"Sensitivity | Current Policies | Interest rate";"Diesel"
"OPEX";"Diesel";"IT";"Share Synthetic Diesel (E-Fuels)";"Rigid";"BAU";"%";2045;"0.47";"Sensitivity | Current Policies | Interest rate";"Diesel"
"OPEX";"Diesel";"IT";"Share Synthetic Diesel (E-Fuels)";"Tractor-Trailer";"BAU";"%";2045;"0.47";"Sensitivity | Current Policies | Interest rate";"Diesel"
"OPEX";"Diesel";"NL";"Share Synthetic Diesel (E-Fuels)";"Rigid";"BAU";"%";2045;"0.47";"Sensitivity | Current Policies | Interest rate";"Diesel"
"OPEX";"Diesel";"NL";"Share Synthetic Diesel (E-Fuels)";"Tractor-Trailer";"BAU";"%";2045;"0.47";"Sensitivity | Current Policies | Interest rate";"Diesel"
"OPEX";"Diesel";"PL";"Share Synthetic Diesel (E-Fuels)";"Rigid";"BAU";"%";2045;"0.47";"Sensitivity | Current Policies | Interest rate";"Diesel"
"OPEX";"Diesel";"PL";"Share Synthetic Diesel (E-Fuels)";"Tractor-Trailer";"BAU";"%";2045;"0.47";"Sensitivity | Current Policies | Interest rate";"Diesel"
"OPEX";"Diesel";"UK";"Share Synthetic Diesel (E-Fuels)";"Rigid";"BAU";"%";2045;"0.47";"Sensitivity | Current Policies | Interest rate";"Diesel"
"OPEX";"Diesel";"UK";"Share Synthetic Diesel (E-Fuels)";"Tractor-Trailer";"BAU";"%";2045;"0.47";"Sensitivity | Current Policies | Interest rate";"Diesel"
"OPEX";"Diesel";"DE";"Share Synthetic Diesel (E-Fuels)";"Rigid";"BAU";"%";2050;"0.49";"Sensitivity | Current Policies | Interest rate";"Diesel"
"OPEX";"Diesel";"DE";"Share Synthetic Diesel (E-Fuels)";"Tractor-Trailer";"BAU";"%";2050;"0.49";"Sensitivity | Current Policies | Interest rate";"Diesel"
"OPEX";"Diesel";"ES";"Share Synthetic Diesel (E-Fuels)";"Rigid";"BAU";"%";2050;"0.49";"Sensitivity | Current Policies | Interest rate";"Diesel"
"OPEX";"Diesel";"ES";"Share Synthetic Diesel (E-Fuels)";"Tractor-Trailer";"BAU";"%";2050;"0.49";"Sensitivity | Current Policies | Interest rate";"Diesel"
"OPEX";"Diesel";"FR";"Share Synthetic Diesel (E-Fuels)";"Rigid";"BAU";"%";2050;"0.49";"Sensitivity | Current Policies | Interest rate";"Diesel"
"OPEX";"Diesel";"FR";"Share Synthetic Diesel (E-Fuels)";"Tractor-Trailer";"BAU";"%";2050;"0.49";"Sensitivity | Current Policies | Interest rate";"Diesel"
"OPEX";"Diesel";"IT";"Share Synthetic Diesel (E-Fuels)";"Rigid";"BAU";"%";2050;"0.49";"Sensitivity | Current Policies | Interest rate";"Diesel"
"OPEX";"Diesel";"IT";"Share Synthetic Diesel (E-Fuels)";"Tractor-Trailer";"BAU";"%";2050;"0.49";"Sensitivity | Current Policies | Interest rate";"Diesel"
"OPEX";"Diesel";"NL";"Share Synthetic Diesel (E-Fuels)";"Rigid";"BAU";"%";2050;"0.49";"Sensitivity | Current Policies | Interest rate";"Diesel"
"OPEX";"Diesel";"NL";"Share Synthetic Diesel (E-Fuels)";"Tractor-Trailer";"BAU";"%";2050;"0.49";"Sensitivity | Current Policies | Interest rate";"Diesel"
"OPEX";"Diesel";"PL";"Share Synthetic Diesel (E-Fuels)";"Rigid";"BAU";"%";2050;"0.49";"Sensitivity | Current Policies | Interest rate";"Diesel"
"OPEX";"Diesel";"PL";"Share Synthetic Diesel (E-Fuels)";"Tractor-Trailer";"BAU";"%";2050;"0.49";"Sensitivity | Current Policies | Interest rate";"Diesel"
"OPEX";"Diesel";"UK";"Share Synthetic Diesel (E-Fuels)";"Rigid";"BAU";"%";2050;"0.49";"Sensitivity | Current Policies | Interest rate";"Diesel"
"OPEX";"Diesel";"UK";"Share Synthetic Diesel (E-Fuels)";"Tractor-Trailer";"BAU";"%";2050;"0.49";"Sensitivity | Current Policies | Interest rate";"Diesel"
"OPEX";"Taxes";"DE";"Non-ETS CO2";"Rigid";"BAU";"EUR/tCO2";2030;"160";"Sensitivity | Current Policies | Interest rate";"Diesel"
"OPEX";"Taxes";"DE";"Non-ETS CO2";"Tractor-Trailer";"BAU";"EUR/tCO2";2030;"160";"Sensitivity | Current Policies | Interest rate";"Diesel"
"OPEX";"Taxes";"ES";"Non-ETS CO2";"Rigid";"BAU";"EUR/tCO2";2030;"160";"Sensitivity | Current Policies | Interest rate";"Diesel"
"OPEX";"Taxes";"ES";"Non-ETS CO2";"Tractor-Trailer";"BAU";"EUR/tCO2";2030;"160";"Sensitivity | Current Policies | Interest rate";"Diesel"
"OPEX";"Taxes";"FR";"Non-ETS CO2";"Rigid";"BAU";"EUR/tCO2";2030;"160";"Sensitivity | Current Policies | Interest rate";"Diesel"
"OPEX";"Taxes";"FR";"Non-ETS CO2";"Tractor-Trailer";"BAU";"EUR/tCO2";2030;"160";"Sensitivity | Current Policies | Interest rate";"Diesel"
"OPEX";"Taxes";"IT";"Non-ETS CO2";"Rigid";"BAU";"EUR/tCO2";2030;"160";"Sensitivity | Current Policies | Interest rate";"Diesel"
"OPEX";"Taxes";"IT";"Non-ETS CO2";"Tractor-Trailer";"BAU";"EUR/tCO2";2030;"160";"Sensitivity | Current Policies | Interest rate";"Diesel"
"OPEX";"Taxes";"NL";"Non-ETS CO2";"Rigid";"BAU";"EUR/tCO2";2030;"160";"Sensitivity | Current Policies | Interest rate";"Diesel"
"OPEX";"Taxes";"NL";"Non-ETS CO2";"Tractor-Trailer";"BAU";"EUR/tCO2";2030;"160";"Sensitivity | Current Policies | Interest rate";"Diesel"
"OPEX";"Taxes";"PL";"Non-ETS CO2";"Rigid";"BAU";"EUR/tCO2";2030;"160";"Sensitivity | Current Policies | Interest rate";"Diesel"
"OPEX";"Taxes";"PL";"Non-ETS CO2";"Tractor-Trailer";"BAU";"EUR/tCO2";2030;"160";"Sensitivity | Current Policies | Interest rate";"Diesel"
"OPEX";"Taxes";"UK";"Non-ETS CO2";"Rigid";"BAU";"EUR/tCO2";2030;"160";"Sensitivity | Current Policies | Interest rate";"Diesel"
"OPEX";"Taxes";"UK";"Non-ETS CO2";"Tractor-Trailer";"BAU";"EUR/tCO2";2030;"160";"Sensitivity | Current Policies | Interest rate";"Diesel"
"OPEX";"Taxes";"DE";"Non-ETS CO2";"Rigid";"BAU";"EUR/tCO2";2035;"250";"Sensitivity | Current Policies | Interest rate";"Diesel"
"OPEX";"Taxes";"DE";"Non-ETS CO2";"Tractor-Trailer";"BAU";"EUR/tCO2";2035;"250";"Sensitivity | Current Policies | Interest rate";"Diesel"
"OPEX";"Taxes";"ES";"Non-ETS CO2";"Rigid";"BAU";"EUR/tCO2";2035;"250";"Sensitivity | Current Policies | Interest rate";"Diesel"
"OPEX";"Taxes";"ES";"Non-ETS CO2";"Tractor-Trailer";"BAU";"EUR/tCO2";2035;"250";"Sensitivity | Current Policies | Interest rate";"Diesel"
"OPEX";"Taxes";"FR";"Non-ETS CO2";"Rigid";"BAU";"EUR/tCO2";2035;"250";"Sensitivity | Current Policies | Interest rate";"Diesel"
"OPEX";"Taxes";"FR";"Non-ETS CO2";"Tractor-Trailer";"BAU";"EUR/tCO2";2035;"250";"Sensitivity | Current Policies | Interest rate";"Diesel"
"OPEX";"Taxes";"IT";"Non-ETS CO2";"Rigid";"BAU";"EUR/tCO2";2035;"250";"Sensitivity | Current Policies | Interest rate";"Diesel"
"OPEX";"Taxes";"IT";"Non-ETS CO2";"Tractor-Trailer";"BAU";"EUR/tCO2";2035;"250";"Sensitivity | Current Policies | Interest rate";"Diesel"
"OPEX";"Taxes";"NL";"Non-ETS CO2";"Rigid";"BAU";"EUR/tCO2";2035;"250";"Sensitivity | Current Policies | Interest rate";"Diesel"
"OPEX";"Taxes";"NL";"Non-ETS CO2";"Tractor-Trailer";"BAU";"EUR/tCO2";2035;"250";"Sensitivity | Current Policies | Interest rate";"Diesel"
"OPEX";"Taxes";"PL";"Non-ETS CO2";"Rigid";"BAU";"EUR/tCO2";2035;"250";"Sensitivity | Current Policies | Interest rate";"Diesel"
"OPEX";"Taxes";"PL";"Non-ETS CO2";"Tractor-Trailer";"BAU";"EUR/tCO2";2035;"250";"Sensitivity | Current Policies | Interest rate";"Diesel"
"OPEX";"Taxes";"UK";"Non-ETS CO2";"Rigid";"BAU";"EUR/tCO2";2035;"250";"Sensitivity | Current Policies | Interest rate";"Diesel"
"OPEX";"Taxes";"UK";"Non-ETS CO2";"Tractor-Trailer";"BAU";"EUR/tCO2";2035;"250";"Sensitivity | Current Policies | Interest rate";"Diesel"
"OPEX";"Taxes";"DE";"Non-ETS CO2";"Rigid";"BAU";"EUR/tCO2";2040;"350";"Sensitivity | Current Policies | Interest rate";"Diesel"
"OPEX";"Taxes";"DE";"Non-ETS CO2";"Tractor-Trailer";"BAU";"EUR/tCO2";2040;"350";"Sensitivity | Current Policies | Interest rate";"Diesel"
"OPEX";"Taxes";"ES";"Non-ETS CO2";"Rigid";"BAU";"EUR/tCO2";2040;"350";"Sensitivity | Current Policies | Interest rate";"Diesel"
"OPEX";"Taxes";"ES";"Non-ETS CO2";"Tractor-Trailer";"BAU";"EUR/tCO2";2040;"350";"Sensitivity | Current Policies | Interest rate";"Diesel"
"OPEX";"Taxes";"FR";"Non-ETS CO2";"Rigid";"BAU";"EUR/tCO2";2040;"350";"Sensitivity | Current Policies | Interest rate";"Diesel"
"OPEX";"Taxes";"FR";"Non-ETS CO2";"Tractor-Trailer";"BAU";"EUR/tCO2";2040;"350";"Sensitivity | Current Policies | Interest rate";"Diesel"
"OPEX";"Taxes";"IT";"Non-ETS CO2";"Rigid";"BAU";"EUR/tCO2";2040;"350";"Sensitivity | Current Policies | Interest rate";"Diesel"
"OPEX";"Taxes";"IT";"Non-ETS CO2";"Tractor-Trailer";"BAU";"EUR/tCO2";2040;"350";"Sensitivity | Current Policies | Interest rate";"Diesel"
"OPEX";"Taxes";"NL";"Non-ETS CO2";"Rigid";"BAU";"EUR/tCO2";2040;"350";"Sensitivity | Current Policies | Interest rate";"Diesel"
"OPEX";"Taxes";"NL";"Non-ETS CO2";"Tractor-Trailer";"BAU";"EUR/tCO2";2040;"350";"Sensitivity | Current Policies | Interest rate";"Diesel"
"OPEX";"Taxes";"PL";"Non-ETS CO2";"Rigid";"BAU";"EUR/tCO2";2040;"350";"Sensitivity | Current Policies | Interest rate";"Diesel"
"OPEX";"Taxes";"PL";"Non-ETS CO2";"Tractor-Trailer";"BAU";"EUR/tCO2";2040;"350";"Sensitivity | Current Policies | Interest rate";"Diesel"
"OPEX";"Taxes";"UK";"Non-ETS CO2";"Rigid";"BAU";"EUR/tCO2";2040;"350";"Sensitivity | Current Policies | Interest rate";"Diesel"
"OPEX";"Taxes";"UK";"Non-ETS CO2";"Tractor-Trailer";"BAU";"EUR/tCO2";2040;"350";"Sensitivity | Current Policies | Interest rate";"Diesel"
"OPEX";"Taxes";"DE";"Non-ETS CO2";"Rigid";"BAU";"EUR/tCO2";2045;"450";"Sensitivity | Current Policies | Interest rate";"Diesel"
"OPEX";"Taxes";"DE";"Non-ETS CO2";"Tractor-Trailer";"BAU";"EUR/tCO2";2045;"450";"Sensitivity | Current Policies | Interest rate";"Diesel"
"OPEX";"Taxes";"ES";"Non-ETS CO2";"Rigid";"BAU";"EUR/tCO2";2045;"450";"Sensitivity | Current Policies | Interest rate";"Diesel"
"OPEX";"Taxes";"ES";"Non-ETS CO2";"Tractor-Trailer";"BAU";"EUR/tCO2";2045;"450";"Sensitivity | Current Policies | Interest rate";"Diesel"
"OPEX";"Taxes";"FR";"Non-ETS CO2";"Rigid";"BAU";"EUR/tCO2";2045;"450";"Sensitivity | Current Policies | Interest rate";"Diesel"
"OPEX";"Taxes";"FR";"Non-ETS CO2";"Tractor-Trailer";"BAU";"EUR/tCO2";2045;"450";"Sensitivity | Current Policies | Interest rate";"Diesel"
"OPEX";"Taxes";"IT";"Non-ETS CO2";"Rigid";"BAU";"EUR/tCO2";2045;"450";"Sensitivity | Current Policies | Interest rate";"Diesel"
"OPEX";"Taxes";"IT";"Non-ETS CO2";"Tractor-Trailer";"BAU";"EUR/tCO2";2045;"450";"Sensitivity | Current Policies | Interest rate";"Diesel"
"OPEX";"Taxes";"NL";"Non-ETS CO2";"Rigid";"BAU";"EUR/tCO2";2045;"450";"Sensitivity | Current Policies | Interest rate";"Diesel"
"OPEX";"Taxes";"NL";"Non-ETS CO2";"Tractor-Trailer";"BAU";"EUR/tCO2";2045;"450";"Sensitivity | Current Policies | Interest rate";"Diesel"
"OPEX";"Taxes";"PL";"Non-ETS CO2";"Rigid";"BAU";"EUR/tCO2";2045;"450";"Sensitivity | Current Policies | Interest rate";"Diesel"
"OPEX";"Taxes";"PL";"Non-ETS CO2";"Tractor-Trailer";"BAU";"EUR/tCO2";2045;"450";"Sensitivity | Current Policies | Interest rate";"Diesel"
"OPEX";"Taxes";"UK";"Non-ETS CO2";"Rigid";"BAU";"EUR/tCO2";2045;"450";"Sensitivity | Current Policies | Interest rate";"Diesel"
"OPEX";"Taxes";"UK";"Non-ETS CO2";"Tractor-Trailer";"BAU";"EUR/tCO2";2045;"450";"Sensitivity | Current Policies | Interest rate";"Diesel"
"OPEX";"Taxes";"DE";"Non-ETS CO2";"Rigid";"BAU";"EUR/tCO2";2050;"480";"Sensitivity | Current Policies | Interest rate";"Diesel"
"OPEX";"Taxes";"DE";"Non-ETS CO2";"Tractor-Trailer";"BAU";"EUR/tCO2";2050;"480";"Sensitivity | Current Policies | Interest rate";"Diesel"
"OPEX";"Taxes";"ES";"Non-ETS CO2";"Rigid";"BAU";"EUR/tCO2";2050;"480";"Sensitivity | Current Policies | Interest rate";"Diesel"
"OPEX";"Taxes";"ES";"Non-ETS CO2";"Tractor-Trailer";"BAU";"EUR/tCO2";2050;"480";"Sensitivity | Current Policies | Interest rate";"Diesel"
"OPEX";"Taxes";"FR";"Non-ETS CO2";"Rigid";"BAU";"EUR/tCO2";2050;"480";"Sensitivity | Current Policies | Interest rate";"Diesel"
"OPEX";"Taxes";"FR";"Non-ETS CO2";"Tractor-Trailer";"BAU";"EUR/tCO2";2050;"480";"Sensitivity | Current Policies | Interest rate";"Diesel"
"OPEX";"Taxes";"IT";"Non-ETS CO2";"Rigid";"BAU";"EUR/tCO2";2050;"480";"Sensitivity | Current Policies | Interest rate";"Diesel"
"OPEX";"Taxes";"IT";"Non-ETS CO2";"Tractor-Trailer";"BAU";"EUR/tCO2";2050;"480";"Sensitivity | Current Policies | Interest rate";"Diesel"
"OPEX";"Taxes";"NL";"Non-ETS CO2";"Rigid";"BAU";"EUR/tCO2";2050;"480";"Sensitivity | Current Policies | Interest rate";"Diesel"
"OPEX";"Taxes";"NL";"Non-ETS CO2";"Tractor-Trailer";"BAU";"EUR/tCO2";2050;"480";"Sensitivity | Current Policies | Interest rate";"Diesel"
"OPEX";"Taxes";"PL";"Non-ETS CO2";"Rigid";"BAU";"EUR/tCO2";2050;"480";"Sensitivity | Current Policies | Interest rate";"Diesel"
"OPEX";"Taxes";"PL";"Non-ETS CO2";"Tractor-Trailer";"BAU";"EUR/tCO2";2050;"480";"Sensitivity | Current Policies | Interest rate";"Diesel"
"OPEX";"Taxes";"UK";"Non-ETS CO2";"Rigid";"BAU";"EUR/tCO2";2050;"480";"Sensitivity | Current Policies | Interest rate";"Diesel"
"OPEX";"Taxes";"UK";"Non-ETS CO2";"Tractor-Trailer";"BAU";"EUR/tCO2";2050;"480";"Sensitivity | Current Policies | Interest rate";"Diesel"
"OPEX";"Taxes_Scheme";"DE";"Bandwith MCS";"Rigid";"BAU";"[-]";2030;"IC";"Sensitivity | Current Policies | Interest rate";"Electricity"
"OPEX";"Taxes_Scheme";"DE";"Bandwith MCS";"Tractor-Trailer";"BAU";"[-]";2030;"IC";"Sensitivity | Current Policies | Interest rate";"Electricity"
"OPEX";"Taxes_Scheme";"ES";"Bandwith MCS";"Rigid";"BAU";"[-]";2030;"IC";"Sensitivity | Current Policies | Interest rate";"Electricity"
"OPEX";"Taxes_Scheme";"ES";"Bandwith MCS";"Tractor-Trailer";"BAU";"[-]";2030;"IC";"Sensitivity | Current Policies | Interest rate";"Electricity"
"OPEX";"Taxes_Scheme";"FR";"Bandwith MCS";"Rigid";"BAU";"[-]";2030;"IC";"Sensitivity | Current Policies | Interest rate";"Electricity"
"OPEX";"Taxes_Scheme";"FR";"Bandwith MCS";"Tractor-Trailer";"BAU";"[-]";2030;"IC";"Sensitivity | Current Policies | Interest rate";"Electricity"
"OPEX";"Taxes_Scheme";"IT";"Bandwith MCS";"Rigid";"BAU";"[-]";2030;"IC";"Sensitivity | Current Policies | Interest rate";"Electricity"
"OPEX";"Taxes_Scheme";"IT";"Bandwith MCS";"Tractor-Trailer";"BAU";"[-]";2030;"IC";"Sensitivity | Current Policies | Interest rate";"Electricity"
"OPEX";"Taxes_Scheme";"NL";"Bandwith MCS";"Rigid";"BAU";"[-]";2030;"IC";"Sensitivity | Current Policies | Interest rate";"Electricity"
"OPEX";"Taxes_Scheme";"NL";"Bandwith MCS";"Tractor-Trailer";"BAU";"[-]";2030;"IC";"Sensitivity | Current Policies | Interest rate";"Electricity"
"OPEX";"Taxes_Scheme";"PL";"Bandwith MCS";"Rigid";"BAU";"[-]";2030;"IC";"Sensitivity | Current Policies | Interest rate";"Electricity"
"OPEX";"Taxes_Scheme";"PL";"Bandwith MCS";"Tractor-Trailer";"BAU";"[-]";2030;"IC";"Sensitivity | Current Policies | Interest rate";"Electricity"
"OPEX";"Taxes_Scheme";"UK";"Bandwith MCS";"Rigid";"BAU";"[-]";2030;"IC";"Sensitivity | Current Policies | Interest rate";"Electricity"
"OPEX";"Taxes_Scheme";"UK";"Bandwith MCS";"Tractor-Trailer";"BAU";"[-]";2030;"IC";"Sensitivity | Current Policies | Interest rate";"Electricity"
"OPEX";"Taxes_Scheme";"DE";"Bandwith Depot";"Rigid";"BAU";"[-]";2030;"IB";"Sensitivity | Current Policies | Interest rate";"Electricity"
"OPEX";"Taxes_Scheme";"DE";"Bandwith Depot";"Tractor-Trailer";"BAU";"[-]";2030;"IB";"Sensitivity | Current Policies | Interest rate";"Electricity"
"OPEX";"Taxes_Scheme";"ES";"Bandwith Depot";"Rigid";"BAU";"[-]";2030;"IB";"Sensitivity | Current Policies | Interest rate";"Electricity"
"OPEX";"Taxes_Scheme";"ES";"Bandwith Depot";"Tractor-Trailer";"BAU";"[-]";2030;"IB";"Sensitivity | Current Policies | Interest rate";"Electricity"
"OPEX";"Taxes_Scheme";"FR";"Bandwith Depot";"Rigid";"BAU";"[-]";2030;"IB";"Sensitivity | Current Policies | Interest rate";"Electricity"
"OPEX";"Taxes_Scheme";"FR";"Bandwith Depot";"Tractor-Trailer";"BAU";"[-]";2030;"IB";"Sensitivity | Current Policies | Interest rate";"Electricity"
"OPEX";"Taxes_Scheme";"IT";"Bandwith Depot";"Rigid";"BAU";"[-]";2030;"IB";"Sensitivity | Current Policies | Interest rate";"Electricity"
"OPEX";"Taxes_Scheme";"IT";"Bandwith Depot";"Tractor-Trailer";"BAU";"[-]";2030;"IB";"Sensitivity | Current Policies | Interest rate";"Electricity"
"OPEX";"Taxes_Scheme";"NL";"Bandwith Depot";"Rigid";"BAU";"[-]";2030;"IB";"Sensitivity | Current Policies | Interest rate";"Electricity"
"OPEX";"Taxes_Scheme";"NL";"Bandwith Depot";"Tractor-Trailer";"BAU";"[-]";2030;"IB";"Sensitivity | Current Policies | Interest rate";"Electricity"
"OPEX";"Taxes_Scheme";"PL";"Bandwith Depot";"Rigid";"BAU";"[-]";2030;"IB";"Sensitivity | Current Policies | Interest rate";"Electricity"
"OPEX";"Taxes_Scheme";"PL";"Bandwith Depot";"Tractor-Trailer";"BAU";"[-]";2030;"IB";"Sensitivity | Current Policies | Interest rate";"Electricity"
"OPEX";"Taxes_Scheme";"UK";"Bandwith Depot";"Rigid";"BAU";"[-]";2030;"IB";"Sensitivity | Current Policies | Interest rate";"Electricity"
"OPEX";"Taxes_Scheme";"UK";"Bandwith Depot";"Tractor-Trailer";"BAU";"[-]";2030;"IB";"Sensitivity | Current Policies | Interest rate";"Electricity"
"OPEX";"Taxes_Scheme";"DE";"Bandwith MCS";"Rigid";"BAU";"[-]";2035;"ID";"Sensitivity | Current Policies | Interest rate";"Electricity"
"OPEX";"Taxes_Scheme";"DE";"Bandwith MCS";"Tractor-Trailer";"BAU";"[-]";2035;"ID";"Sensitivity | Current Policies | Interest rate";"Electricity"
"OPEX";"Taxes_Scheme";"ES";"Bandwith MCS";"Rigid";"BAU";"[-]";2035;"ID";"Sensitivity | Current Policies | Interest rate";"Electricity"
"OPEX";"Taxes_Scheme";"ES";"Bandwith MCS";"Tractor-Trailer";"BAU";"[-]";2035;"ID";"Sensitivity | Current Policies | Interest rate";"Electricity"
"OPEX";"Taxes_Scheme";"FR";"Bandwith MCS";"Rigid";"BAU";"[-]";2035;"ID";"Sensitivity | Current Policies | Interest rate";"Electricity"
"OPEX";"Taxes_Scheme";"FR";"Bandwith MCS";"Tractor-Trailer";"BAU";"[-]";2035;"ID";"Sensitivity | Current Policies | Interest rate";"Electricity"
"OPEX";"Taxes_Scheme";"IT";"Bandwith MCS";"Rigid";"BAU";"[-]";2035;"ID";"Sensitivity | Current Policies | Interest rate";"Electricity"
"OPEX";"Taxes_Scheme";"IT";"Bandwith MCS";"Tractor-Trailer";"BAU";"[-]";2035;"ID";"Sensitivity | Current Policies | Interest rate";"Electricity"
"OPEX";"Taxes_Scheme";"NL";"Bandwith MCS";"Rigid";"BAU";"[-]";2035;"ID";"Sensitivity | Current Policies | Interest rate";"Electricity"
"OPEX";"Taxes_Scheme";"NL";"Bandwith MCS";"Tractor-Trailer";"BAU";"[-]";2035;"ID";"Sensitivity | Current Policies | Interest rate";"Electricity"
"OPEX";"Taxes_Scheme";"PL";"Bandwith MCS";"Rigid";"BAU";"[-]";2035;"ID";"Sensitivity | Current Policies | Interest rate";"Electricity"
"OPEX";"Taxes_Scheme";"PL";"Bandwith MCS";"Tractor-Trailer";"BAU";"[-]";2035;"ID";"Sensitivity | Current Policies | Interest rate";"Electricity"
"OPEX";"Taxes_Scheme";"UK";"Bandwith MCS";"Rigid";"BAU";"[-]";2035;"ID";"Sensitivity | Current Policies | Interest rate";"Electricity"
"OPEX";"Taxes_Scheme";"UK";"Bandwith MCS";"Tractor-Trailer";"BAU";"[-]";2035;"ID";"Sensitivity | Current Policies | Interest rate";"Electricity"
"OPEX";"Taxes_Scheme";"DE";"Bandwith Depot";"Rigid";"BAU";"[-]";2035;"IC";"Sensitivity | Current Policies | Interest rate";"Electricity"
"OPEX";"Taxes_Scheme";"DE";"Bandwith Depot";"Tractor-Trailer";"BAU";"[-]";2035;"IC";"Sensitivity | Current Policies | Interest rate";"Electricity"
"OPEX";"Taxes_Scheme";"ES";"Bandwith Depot";"Rigid";"BAU";"[-]";2035;"IC";"Sensitivity | Current Policies | Interest rate";"Electricity"
"OPEX";"Taxes_Scheme";"ES";"Bandwith Depot";"Tractor-Trailer";"BAU";"[-]";2035;"IC";"Sensitivity | Current Policies | Interest rate";"Electricity"
"OPEX";"Taxes_Scheme";"FR";"Bandwith Depot";"Rigid";"BAU";"[-]";2035;"IC";"Sensitivity | Current Policies | Interest rate";"Electricity"
"OPEX";"Taxes_Scheme";"FR";"Bandwith Depot";"Tractor-Trailer";"BAU";"[-]";2035;"IC";"Sensitivity | Current Policies | Interest rate";"Electricity"
"OPEX";"Taxes_Scheme";"IT";"Bandwith Depot";"Rigid";"BAU";"[-]";2035;"IC";"Sensitivity | Current Policies | Interest rate";"Electricity"
"OPEX";"Taxes_Scheme";"IT";"Bandwith Depot";"Tractor-Trailer";"BAU";"[-]";2035;"IC";"Sensitivity | Current Policies | Interest rate";"Electricity"
"OPEX";"Taxes_Scheme";"NL";"Bandwith Depot";"Rigid";"BAU";"[-]";2035;"IC";"Sensitivity | Current Policies | Interest rate";"Electricity"
"OPEX";"Taxes_Scheme";"NL";"Bandwith Depot";"Tractor-Trailer";"BAU";"[-]";2035;"IC";"Sensitivity | Current Policies | Interest rate";"Electricity"
"OPEX";"Taxes_Scheme";"PL";"Bandwith Depot";"Rigid";"BAU";"[-]";2035;"IC";"Sensitivity | Current Policies | Interest rate";"Electricity"
"OPEX";"Taxes_Scheme";"PL";"Bandwith Depot";"Tractor-Trailer";"BAU";"[-]";2035;"IC";"Sensitivity | Current Policies | Interest rate";"Electricity"
"OPEX";"Taxes_Scheme";"UK";"Bandwith Depot";"Rigid";"BAU";"[-]";2035;"IC";"Sensitivity | Current Policies | Interest rate";"Electricity"
"OPEX";"Taxes_Scheme";"UK";"Bandwith Depot";"Tractor-Trailer";"BAU";"[-]";2035;"IC";"Sensitivity | Current Policies | Interest rate";"Electricity"
"OPEX";"Taxes_Scheme";"DE";"Bandwith MCS";"Rigid";"BAU";"[-]";2040;"ID";"Sensitivity | Current Policies | Interest rate";"Electricity"
"OPEX";"Taxes_Scheme";"DE";"Bandwith MCS";"Tractor-Trailer";"BAU";"[-]";2040;"ID";"Sensitivity | Current Policies | Interest rate";"Electricity"
"OPEX";"Taxes_Scheme";"ES";"Bandwith MCS";"Rigid";"BAU";"[-]";2040;"ID";"Sensitivity | Current Policies | Interest rate";"Electricity"
"OPEX";"Taxes_Scheme";"ES";"Bandwith MCS";"Tractor-Trailer";"BAU";"[-]";2040;"ID";"Sensitivity | Current Policies | Interest rate";"Electricity"
"OPEX";"Taxes_Scheme";"FR";"Bandwith MCS";"Rigid";"BAU";"[-]";2040;"ID";"Sensitivity | Current Policies | Interest rate";"Electricity"
"OPEX";"Taxes_Scheme";"FR";"Bandwith MCS";"Tractor-Trailer";"BAU";"[-]";2040;"ID";"Sensitivity | Current Policies | Interest rate";"Electricity"
"OPEX";"Taxes_Scheme";"IT";"Bandwith MCS";"Rigid";"BAU";"[-]";2040;"ID";"Sensitivity | Current Policies | Interest rate";"Electricity"
"OPEX";"Taxes_Scheme";"IT";"Bandwith MCS";"Tractor-Trailer";"BAU";"[-]";2040;"ID";"Sensitivity | Current Policies | Interest rate";"Electricity"
"OPEX";"Taxes_Scheme";"NL";"Bandwith MCS";"Rigid";"BAU";"[-]";2040;"ID";"Sensitivity | Current Policies | Interest rate";"Electricity"
"OPEX";"Taxes_Scheme";"NL";"Bandwith MCS";"Tractor-Trailer";"BAU";"[-]";2040;"ID";"Sensitivity | Current Policies | Interest rate";"Electricity"
"OPEX";"Taxes_Scheme";"PL";"Bandwith MCS";"Rigid";"BAU";"[-]";2040;"ID";"Sensitivity | Current Policies | Interest rate";"Electricity"
"OPEX";"Taxes_Scheme";"PL";"Bandwith MCS";"Tractor-Trailer";"BAU";"[-]";2040;"ID";"Sensitivity | Current Policies | Interest rate";"Electricity"
"OPEX";"Taxes_Scheme";"UK";"Bandwith MCS";"Rigid";"BAU";"[-]";2040;"ID";"Sensitivity | Current Policies | Interest rate";"Electricity"
"OPEX";"Taxes_Scheme";"UK";"Bandwith MCS";"Tractor-Trailer";"BAU";"[-]";2040;"ID";"Sensitivity | Current Policies | Interest rate";"Electricity"
"OPEX";"Taxes_Scheme";"DE";"Bandwith Depot";"Rigid";"BAU";"[-]";2040;"IC";"Sensitivity | Current Policies | Interest rate";"Electricity"
"OPEX";"Taxes_Scheme";"DE";"Bandwith Depot";"Tractor-Trailer";"BAU";"[-]";2040;"IC";"Sensitivity | Current Policies | Interest rate";"Electricity"
"OPEX";"Taxes_Scheme";"ES";"Bandwith Depot";"Rigid";"BAU";"[-]";2040;"IC";"Sensitivity | Current Policies | Interest rate";"Electricity"
"OPEX";"Taxes_Scheme";"ES";"Bandwith Depot";"Tractor-Trailer";"BAU";"[-]";2040;"IC";"Sensitivity | Current Policies | Interest rate";"Electricity"
"OPEX";"Taxes_Scheme";"FR";"Bandwith Depot";"Rigid";"BAU";"[-]";2040;"IC";"Sensitivity | Current Policies | Interest rate";"Electricity"
"OPEX";"Taxes_Scheme";"FR";"Bandwith Depot";"Tractor-Trailer";"BAU";"[-]";2040;"IC";"Sensitivity | Current Policies | Interest rate";"Electricity"
"OPEX";"Taxes_Scheme";"IT";"Bandwith Depot";"Rigid";"BAU";"[-]";2040;"IC";"Sensitivity | Current Policies | Interest rate";"Electricity"
"OPEX";"Taxes_Scheme";"IT";"Bandwith Depot";"Tractor-Trailer";"BAU";"[-]";2040;"IC";"Sensitivity | Current Policies | Interest rate";"Electricity"
"OPEX";"Taxes_Scheme";"NL";"Bandwith Depot";"Rigid";"BAU";"[-]";2040;"IC";"Sensitivity | Current Policies | Interest rate";"Electricity"
"OPEX";"Taxes_Scheme";"NL";"Bandwith Depot";"Tractor-Trailer";"BAU";"[-]";2040;"IC";"Sensitivity | Current Policies | Interest rate";"Electricity"
"OPEX";"Taxes_Scheme";"PL";"Bandwith Depot";"Rigid";"BAU";"[-]";2040;"IC";"Sensitivity | Current Policies | Interest rate";"Electricity"
"OPEX";"Taxes_Scheme";"PL";"Bandwith Depot";"Tractor-Trailer";"BAU";"[-]";2040;"IC";"Sensitivity | Current Policies | Interest rate";"Electricity"
"OPEX";"Taxes_Scheme";"UK";"Bandwith Depot";"Rigid";"BAU";"[-]";2040;"IC";"Sensitivity | Current Policies | Interest rate";"Electricity"
"OPEX";"Taxes_Scheme";"UK";"Bandwith Depot";"Tractor-Trailer";"BAU";"[-]";2040;"IC";"Sensitivity | Current Policies | Interest rate";"Electricity"
"OPEX";"Taxes_Scheme";"DE";"Bandwith MCS";"Rigid";"BAU";"[-]";2045;"ID";"Sensitivity | Current Policies | Interest rate";"Electricity"
"OPEX";"Taxes_Scheme";"DE";"Bandwith MCS";"Tractor-Trailer";"BAU";"[-]";2045;"ID";"Sensitivity | Current Policies | Interest rate";"Electricity"
"OPEX";"Taxes_Scheme";"ES";"Bandwith MCS";"Rigid";"BAU";"[-]";2045;"ID";"Sensitivity | Current Policies | Interest rate";"Electricity"
"OPEX";"Taxes_Scheme";"ES";"Bandwith MCS";"Tractor-Trailer";"BAU";"[-]";2045;"ID";"Sensitivity | Current Policies | Interest rate";"Electricity"
"OPEX";"Taxes_Scheme";"FR";"Bandwith MCS";"Rigid";"BAU";"[-]";2045;"ID";"Sensitivity | Current Policies | Interest rate";"Electricity"
"OPEX";"Taxes_Scheme";"FR";"Bandwith MCS";"Tractor-Trailer";"BAU";"[-]";2045;"ID";"Sensitivity | Current Policies | Interest rate";"Electricity"
"OPEX";"Taxes_Scheme";"IT";"Bandwith MCS";"Rigid";"BAU";"[-]";2045;"ID";"Sensitivity | Current Policies | Interest rate";"Electricity"
"OPEX";"Taxes_Scheme";"IT";"Bandwith MCS";"Tractor-Trailer";"BAU";"[-]";2045;"ID";"Sensitivity | Current Policies | Interest rate";"Electricity"
"OPEX";"Taxes_Scheme";"NL";"Bandwith MCS";"Rigid";"BAU";"[-]";2045;"ID";"Sensitivity | Current Policies | Interest rate";"Electricity"
"OPEX";"Taxes_Scheme";"NL";"Bandwith MCS";"Tractor-Trailer";"BAU";"[-]";2045;"ID";"Sensitivity | Current Policies | Interest rate";"Electricity"
"OPEX";"Taxes_Scheme";"PL";"Bandwith MCS";"Rigid";"BAU";"[-]";2045;"ID";"Sensitivity | Current Policies | Interest rate";"Electricity"
"OPEX";"Taxes_Scheme";"PL";"Bandwith MCS";"Tractor-Trailer";"BAU";"[-]";2045;"ID";"Sensitivity | Current Policies | Interest rate";"Electricity"
"OPEX";"Taxes_Scheme";"UK";"Bandwith MCS";"Rigid";"BAU";"[-]";2045;"ID";"Sensitivity | Current Policies | Interest rate";"Electricity"
"OPEX";"Taxes_Scheme";"UK";"Bandwith MCS";"Tractor-Trailer";"BAU";"[-]";2045;"ID";"Sensitivity | Current Policies | Interest rate";"Electricity"
"OPEX";"Taxes_Scheme";"DE";"Bandwith Depot";"Rigid";"BAU";"[-]";2045;"IC";"Sensitivity | Current Policies | Interest rate";"Electricity"
"OPEX";"Taxes_Scheme";"DE";"Bandwith Depot";"Tractor-Trailer";"BAU";"[-]";2045;"IC";"Sensitivity | Current Policies | Interest rate";"Electricity"
"OPEX";"Taxes_Scheme";"ES";"Bandwith Depot";"Rigid";"BAU";"[-]";2045;"IC";"Sensitivity | Current Policies | Interest rate";"Electricity"
"OPEX";"Taxes_Scheme";"ES";"Bandwith Depot";"Tractor-Trailer";"BAU";"[-]";2045;"IC";"Sensitivity | Current Policies | Interest rate";"Electricity"
"OPEX";"Taxes_Scheme";"FR";"Bandwith Depot";"Rigid";"BAU";"[-]";2045;"IC";"Sensitivity | Current Policies | Interest rate";"Electricity"
"OPEX";"Taxes_Scheme";"FR";"Bandwith Depot";"Tractor-Trailer";"BAU";"[-]";2045;"IC";"Sensitivity | Current Policies | Interest rate";"Electricity"
"OPEX";"Taxes_Scheme";"IT";"Bandwith Depot";"Rigid";"BAU";"[-]";2045;"IC";"Sensitivity | Current Policies | Interest rate";"Electricity"
"OPEX";"Taxes_Scheme";"IT";"Bandwith Depot";"Tractor-Trailer";"BAU";"[-]";2045;"IC";"Sensitivity | Current Policies | Interest rate";"Electricity"
"OPEX";"Taxes_Scheme";"NL";"Bandwith Depot";"Rigid";"BAU";"[-]";2045;"IC";"Sensitivity | Current Policies | Interest rate";"Electricity"
"OPEX";"Taxes_Scheme";"NL";"Bandwith Depot";"Tractor-Trailer";"BAU";"[-]";2045;"IC";"Sensitivity | Current Policies | Interest rate";"Electricity"
"OPEX";"Taxes_Scheme";"PL";"Bandwith Depot";"Rigid";"BAU";"[-]";2045;"IC";"Sensitivity | Current Policies | Interest rate";"Electricity"
"OPEX";"Taxes_Scheme";"PL";"Bandwith Depot";"Tractor-Trailer";"BAU";"[-]";2045;"IC";"Sensitivity | Current Policies | Interest rate";"Electricity"
"OPEX";"Taxes_Scheme";"UK";"Bandwith Depot";"Rigid";"BAU";"[-]";2045;"IC";"Sensitivity | Current Policies | Interest rate";"Electricity"
"OPEX";"Taxes_Scheme";"UK";"Bandwith Depot";"Tractor-Trailer";"BAU";"[-]";2045;"IC";"Sensitivity | Current Policies | Interest rate";"Electricity"
"OPEX";"Taxes_Scheme";"DE";"Bandwith MCS";"Rigid";"BAU";"[-]";2050;"ID";"Sensitivity | Current Policies | Interest rate";"Electricity"
"OPEX";"Taxes_Scheme";"DE";"Bandwith MCS";"Tractor-Trailer";"BAU";"[-]";2050;"ID";"Sensitivity | Current Policies | Interest rate";"Electricity"
"OPEX";"Taxes_Scheme";"ES";"Bandwith MCS";"Rigid";"BAU";"[-]";2050;"ID";"Sensitivity | Current Policies | Interest rate";"Electricity"
"OPEX";"Taxes_Scheme";"ES";"Bandwith MCS";"Tractor-Trailer";"BAU";"[-]";2050;"ID";"Sensitivity | Current Policies | Interest rate";"Electricity"
"OPEX";"Taxes_Scheme";"FR";"Bandwith MCS";"Rigid";"BAU";"[-]";2050;"ID";"Sensitivity | Current Policies | Interest rate";"Electricity"
"OPEX";"Taxes_Scheme";"FR";"Bandwith MCS";"Tractor-Trailer";"BAU";"[-]";2050;"ID";"Sensitivity | Current Policies | Interest rate";"Electricity"
"OPEX";"Taxes_Scheme";"IT";"Bandwith MCS";"Rigid";"BAU";"[-]";2050;"ID";"Sensitivity | Current Policies | Interest rate";"Electricity"
"OPEX";"Taxes_Scheme";"IT";"Bandwith MCS";"Tractor-Trailer";"BAU";"[-]";2050;"ID";"Sensitivity | Current Policies | Interest rate";"Electricity"
"OPEX";"Taxes_Scheme";"NL";"Bandwith MCS";"Rigid";"BAU";"[-]";2050;"ID";"Sensitivity | Current Policies | Interest rate";"Electricity"
"OPEX";"Taxes_Scheme";"NL";"Bandwith MCS";"Tractor-Trailer";"BAU";"[-]";2050;"ID";"Sensitivity | Current Policies | Interest rate";"Electricity"
"OPEX";"Taxes_Scheme";"PL";"Bandwith MCS";"Rigid";"BAU";"[-]";2050;"ID";"Sensitivity | Current Policies | Interest rate";"Electricity"
"OPEX";"Taxes_Scheme";"PL";"Bandwith MCS";"Tractor-Trailer";"BAU";"[-]";2050;"ID";"Sensitivity | Current Policies | Interest rate";"Electricity"
"OPEX";"Taxes_Scheme";"UK";"Bandwith MCS";"Rigid";"BAU";"[-]";2050;"ID";"Sensitivity | Current Policies | Interest rate";"Electricity"
"OPEX";"Taxes_Scheme";"UK";"Bandwith MCS";"Tractor-Trailer";"BAU";"[-]";2050;"ID";"Sensitivity | Current Policies | Interest rate";"Electricity"
"OPEX";"Taxes_Scheme";"DE";"Bandwith Depot";"Rigid";"BAU";"[-]";2050;"IC";"Sensitivity | Current Policies | Interest rate";"Electricity"
"OPEX";"Taxes_Scheme";"DE";"Bandwith Depot";"Tractor-Trailer";"BAU";"[-]";2050;"IC";"Sensitivity | Current Policies | Interest rate";"Electricity"
"OPEX";"Taxes_Scheme";"ES";"Bandwith Depot";"Rigid";"BAU";"[-]";2050;"IC";"Sensitivity | Current Policies | Interest rate";"Electricity"
"OPEX";"Taxes_Scheme";"ES";"Bandwith Depot";"Tractor-Trailer";"BAU";"[-]";2050;"IC";"Sensitivity | Current Policies | Interest rate";"Electricity"
"OPEX";"Taxes_Scheme";"FR";"Bandwith Depot";"Rigid";"BAU";"[-]";2050;"IC";"Sensitivity | Current Policies | Interest rate";"Electricity"
"OPEX";"Taxes_Scheme";"FR";"Bandwith Depot";"Tractor-Trailer";"BAU";"[-]";2050;"IC";"Sensitivity | Current Policies | Interest rate";"Electricity"
"OPEX";"Taxes_Scheme";"IT";"Bandwith Depot";"Rigid";"BAU";"[-]";2050;"IC";"Sensitivity | Current Policies | Interest rate";"Electricity"
"OPEX";"Taxes_Scheme";"IT";"Bandwith Depot";"Tractor-Trailer";"BAU";"[-]";2050;"IC";"Sensitivity | Current Policies | Interest rate";"Electricity"
"OPEX";"Taxes_Scheme";"NL";"Bandwith Depot";"Rigid";"BAU";"[-]";2050;"IC";"Sensitivity | Current Policies | Interest rate";"Electricity"
"OPEX";"Taxes_Scheme";"NL";"Bandwith Depot";"Tractor-Trailer";"BAU";"[-]";2050;"IC";"Sensitivity | Current Policies | Interest rate";"Electricity"
"OPEX";"Taxes_Scheme";"PL";"Bandwith Depot";"Rigid";"BAU";"[-]";2050;"IC";"Sensitivity | Current Policies | Interest rate";"Electricity"
"OPEX";"Taxes_Scheme";"PL";"Bandwith Depot";"Tractor-Trailer";"BAU";"[-]";2050;"IC";"Sensitivity | Current Policies | Interest rate";"Electricity"
"OPEX";"Taxes_Scheme";"UK";"Bandwith Depot";"Rigid";"BAU";"[-]";2050;"IC";"Sensitivity | Current Policies | Interest rate";"Electricity"
"OPEX";"Taxes_Scheme";"UK";"Bandwith Depot";"Tractor-Trailer";"BAU";"[-]";2050;"IC";"Sensitivity | Current Policies | Interest rate";"Electricity"
"OPEX";"Taxes";"DE";"Excise Duty - Diesel";"Rigid";"BAU";"EUR/kWh";2030;"0.047";"Sensitivity | Current Policies | Vehicle insurance";"Diesel"
"OPEX";"Taxes";"DE";"Excise Duty - Diesel";"Tractor-Trailer";"BAU";"EUR/kWh";2030;"0.047";"Sensitivity | Current Policies | Vehicle insurance";"Diesel"
"OPEX";"Taxes";"ES";"Excise Duty - Diesel";"Rigid";"BAU";"EUR/kWh";2030;"0.038";"Sensitivity | Current Policies | Vehicle insurance";"Diesel"
"OPEX";"Taxes";"ES";"Excise Duty - Diesel";"Tractor-Trailer";"BAU";"EUR/kWh";2030;"0.038";"Sensitivity | Current Policies | Vehicle insurance";"Diesel"
"OPEX";"Taxes";"FR";"Excise Duty - Diesel";"Rigid";"BAU";"EUR/kWh";2030;"0.06";"Sensitivity | Current Policies | Vehicle insurance";"Diesel"
"OPEX";"Taxes";"FR";"Excise Duty - Diesel";"Tractor-Trailer";"BAU";"EUR/kWh";2030;"0.06";"Sensitivity | Current Policies | Vehicle insurance";"Diesel"
"OPEX";"Taxes";"IT";"Excise Duty - Diesel";"Rigid";"BAU";"EUR/kWh";2030;"0.062";"Sensitivity | Current Policies | Vehicle insurance";"Diesel"
"OPEX";"Taxes";"IT";"Excise Duty - Diesel";"Tractor-Trailer";"BAU";"EUR/kWh";2030;"0.062";"Sensitivity | Current Policies | Vehicle insurance";"Diesel"
"OPEX";"Taxes";"NL";"Excise Duty - Diesel";"Rigid";"BAU";"EUR/kWh";2030;"0.053";"Sensitivity | Current Policies | Vehicle insurance";"Diesel"
"OPEX";"Taxes";"NL";"Excise Duty - Diesel";"Tractor-Trailer";"BAU";"EUR/kWh";2030;"0.053";"Sensitivity | Current Policies | Vehicle insurance";"Diesel"
"OPEX";"Taxes";"PL";"Excise Duty - Diesel";"Rigid";"BAU";"EUR/kWh";2030;"0.033";"Sensitivity | Current Policies | Vehicle insurance";"Diesel"
"OPEX";"Taxes";"PL";"Excise Duty - Diesel";"Tractor-Trailer";"BAU";"EUR/kWh";2030;"0.033";"Sensitivity | Current Policies | Vehicle insurance";"Diesel"
"OPEX";"Taxes";"UK";"Excise Duty - Diesel";"Rigid";"BAU";"EUR/kWh";2030;"0.053";"Sensitivity | Current Policies | Vehicle insurance";"Diesel"
"OPEX";"Taxes";"UK";"Excise Duty - Diesel";"Tractor-Trailer";"BAU";"EUR/kWh";2030;"0.053";"Sensitivity | Current Policies | Vehicle insurance";"Diesel"
"OPEX";"Taxes";"DE";"Excise Duty - Reduction biodiesel";"Rigid";"BAU";"%";2030;"0.5";"Sensitivity | Current Policies | Vehicle insurance";"Diesel"
"OPEX";"Taxes";"DE";"Excise Duty - Reduction biodiesel";"Tractor-Trailer";"BAU";"%";2030;"0.5";"Sensitivity | Current Policies | Vehicle insurance";"Diesel"
"OPEX";"Taxes";"ES";"Excise Duty - Reduction biodiesel";"Rigid";"BAU";"%";2030;"0.5";"Sensitivity | Current Policies | Vehicle insurance";"Diesel"
"OPEX";"Taxes";"ES";"Excise Duty - Reduction biodiesel";"Tractor-Trailer";"BAU";"%";2030;"0.5";"Sensitivity | Current Policies | Vehicle insurance";"Diesel"
"OPEX";"Taxes";"FR";"Excise Duty - Reduction biodiesel";"Rigid";"BAU";"%";2030;"0.5";"Sensitivity | Current Policies | Vehicle insurance";"Diesel"
"OPEX";"Taxes";"FR";"Excise Duty - Reduction biodiesel";"Tractor-Trailer";"BAU";"%";2030;"0.5";"Sensitivity | Current Policies | Vehicle insurance";"Diesel"
"OPEX";"Taxes";"IT";"Excise Duty - Reduction biodiesel";"Rigid";"BAU";"%";2030;"0.5";"Sensitivity | Current Policies | Vehicle insurance";"Diesel"
"OPEX";"Taxes";"IT";"Excise Duty - Reduction biodiesel";"Tractor-Trailer";"BAU";"%";2030;"0.5";"Sensitivity | Current Policies | Vehicle insurance";"Diesel"
"OPEX";"Taxes";"NL";"Excise Duty - Reduction biodiesel";"Rigid";"BAU";"%";2030;"0.5";"Sensitivity | Current Policies | Vehicle insurance";"Diesel"
"OPEX";"Taxes";"NL";"Excise Duty - Reduction biodiesel";"Tractor-Trailer";"BAU";"%";2030;"0.5";"Sensitivity | Current Policies | Vehicle insurance";"Diesel"
"OPEX";"Taxes";"PL";"Excise Duty - Reduction biodiesel";"Rigid";"BAU";"%";2030;"0.5";"Sensitivity | Current Policies | Vehicle insurance";"Diesel"
"OPEX";"Taxes";"PL";"Excise Duty - Reduction biodiesel";"Tractor-Trailer";"BAU";"%";2030;"0.5";"Sensitivity | Current Policies | Vehicle insurance";"Diesel"
"OPEX";"Taxes";"UK";"Excise Duty - Reduction biodiesel";"Rigid";"BAU";"%";2030;"0.5";"Sensitivity | Current Policies | Vehicle insurance";"Diesel"
"OPEX";"Taxes";"UK";"Excise Duty - Reduction biodiesel";"Tractor-Trailer";"BAU";"%";2030;"0.5";"Sensitivity | Current Policies | Vehicle insurance";"Diesel"
"OPEX";"Taxes";"DE";"Excise Duty - Reduction Synthetic Diesel (E-Fuels)";"Rigid";"BAU";"%";2030;"0.5";"Sensitivity | Current Policies | Vehicle insurance";"Diesel"
"OPEX";"Taxes";"DE";"Excise Duty - Reduction Synthetic Diesel (E-Fuels)";"Tractor-Trailer";"BAU";"%";2030;"0.5";"Sensitivity | Current Policies | Vehicle insurance";"Diesel"
"OPEX";"Taxes";"ES";"Excise Duty - Reduction Synthetic Diesel (E-Fuels)";"Rigid";"BAU";"%";2030;"0.5";"Sensitivity | Current Policies | Vehicle insurance";"Diesel"
"OPEX";"Taxes";"ES";"Excise Duty - Reduction Synthetic Diesel (E-Fuels)";"Tractor-Trailer";"BAU";"%";2030;"0.5";"Sensitivity | Current Policies | Vehicle insurance";"Diesel"
"OPEX";"Taxes";"FR";"Excise Duty - Reduction Synthetic Diesel (E-Fuels)";"Rigid";"BAU";"%";2030;"0.5";"Sensitivity | Current Policies | Vehicle insurance";"Diesel"
"OPEX";"Taxes";"FR";"Excise Duty - Reduction Synthetic Diesel (E-Fuels)";"Tractor-Trailer";"BAU";"%";2030;"0.5";"Sensitivity | Current Policies | Vehicle insurance";"Diesel"
"OPEX";"Taxes";"IT";"Excise Duty - Reduction Synthetic Diesel (E-Fuels)";"Rigid";"BAU";"%";2030;"0.5";"Sensitivity | Current Policies | Vehicle insurance";"Diesel"
"OPEX";"Taxes";"IT";"Excise Duty - Reduction Synthetic Diesel (E-Fuels)";"Tractor-Trailer";"BAU";"%";2030;"0.5";"Sensitivity | Current Policies | Vehicle insurance";"Diesel"
"OPEX";"Taxes";"NL";"Excise Duty - Reduction Synthetic Diesel (E-Fuels)";"Rigid";"BAU";"%";2030;"0.5";"Sensitivity | Current Policies | Vehicle insurance";"Diesel"
"OPEX";"Taxes";"NL";"Excise Duty - Reduction Synthetic Diesel (E-Fuels)";"Tractor-Trailer";"BAU";"%";2030;"0.5";"Sensitivity | Current Policies | Vehicle insurance";"Diesel"
"OPEX";"Taxes";"PL";"Excise Duty - Reduction Synthetic Diesel (E-Fuels)";"Rigid";"BAU";"%";2030;"0.5";"Sensitivity | Current Policies | Vehicle insurance";"Diesel"
"OPEX";"Taxes";"PL";"Excise Duty - Reduction Synthetic Diesel (E-Fuels)";"Tractor-Trailer";"BAU";"%";2030;"0.5";"Sensitivity | Current Policies | Vehicle insurance";"Diesel"
"OPEX";"Taxes";"UK";"Excise Duty - Reduction Synthetic Diesel (E-Fuels)";"Rigid";"BAU";"%";2030;"0.5";"Sensitivity | Current Policies | Vehicle insurance";"Diesel"
"OPEX";"Taxes";"UK";"Excise Duty - Reduction Synthetic Diesel (E-Fuels)";"Tractor-Trailer";"BAU";"%";2030;"0.5";"Sensitivity | Current Policies | Vehicle insurance";"Diesel"
"OPEX";"Taxes";"DE";"Taxes, Fees, Levies and charges - H2";"Rigid";"BAU";"EUR/kWh";2030;"0.015";"Sensitivity | Current Policies | Vehicle insurance";"Hydrogen"
"OPEX";"Taxes";"DE";"Taxes, Fees, Levies and charges - H2";"Tractor-Trailer";"BAU";"EUR/kWh";2030;"0.015";"Sensitivity | Current Policies | Vehicle insurance";"Hydrogen"
"OPEX";"Taxes";"ES";"Taxes, Fees, Levies and charges - H2";"Rigid";"BAU";"EUR/kWh";2030;"0.008";"Sensitivity | Current Policies | Vehicle insurance";"Hydrogen"
"OPEX";"Taxes";"ES";"Taxes, Fees, Levies and charges - H2";"Tractor-Trailer";"BAU";"EUR/kWh";2030;"0.008";"Sensitivity | Current Policies | Vehicle insurance";"Hydrogen"
"OPEX";"Taxes";"FR";"Taxes, Fees, Levies and charges - H2";"Rigid";"BAU";"EUR/kWh";2030;"0.012";"Sensitivity | Current Policies | Vehicle insurance";"Hydrogen"
"OPEX";"Taxes";"FR";"Taxes, Fees, Levies and charges - H2";"Tractor-Trailer";"BAU";"EUR/kWh";2030;"0.012";"Sensitivity | Current Policies | Vehicle insurance";"Hydrogen"
"OPEX";"Taxes";"IT";"Taxes, Fees, Levies and charges - H2";"Rigid";"BAU";"EUR/kWh";2030;"0.009";"Sensitivity | Current Policies | Vehicle insurance";"Hydrogen"
"OPEX";"Taxes";"IT";"Taxes, Fees, Levies and charges - H2";"Tractor-Trailer";"BAU";"EUR/kWh";2030;"0.009";"Sensitivity | Current Policies | Vehicle insurance";"Hydrogen"
"OPEX";"Taxes";"NL";"Taxes, Fees, Levies and charges - H2";"Rigid";"BAU";"EUR/kWh";2030;"0.024";"Sensitivity | Current Policies | Vehicle insurance";"Hydrogen"
"OPEX";"Taxes";"NL";"Taxes, Fees, Levies and charges - H2";"Tractor-Trailer";"BAU";"EUR/kWh";2030;"0.024";"Sensitivity | Current Policies | Vehicle insurance";"Hydrogen"
"OPEX";"Taxes";"PL";"Taxes, Fees, Levies and charges - H2";"Rigid";"BAU";"EUR/kWh";2030;"0.009";"Sensitivity | Current Policies | Vehicle insurance";"Hydrogen"
"OPEX";"Taxes";"PL";"Taxes, Fees, Levies and charges - H2";"Tractor-Trailer";"BAU";"EUR/kWh";2030;"0.009";"Sensitivity | Current Policies | Vehicle insurance";"Hydrogen"
"OPEX";"Taxes";"UK";"Taxes, Fees, Levies and charges - H2";"Rigid";"BAU";"EUR/kWh";2030;"0.006";"Sensitivity | Current Policies | Vehicle insurance";"Hydrogen"
"OPEX";"Taxes";"UK";"Taxes, Fees, Levies and charges - H2";"Tractor-Trailer";"BAU";"EUR/kWh";2030;"0.006";"Sensitivity | Current Policies | Vehicle insurance";"Hydrogen"
"OPEX";"Charging Infrastructure";"DE";"MCS grid extension";"Rigid";"BAU";"EUR/kWh";2030;"0.075";"Sensitivity | Current Policies | Vehicle insurance";"Electricity"
"OPEX";"Charging Infrastructure";"DE";"MCS grid extension";"Tractor-Trailer";"BAU";"EUR/kWh";2030;"0.075";"Sensitivity | Current Policies | Vehicle insurance";"Electricity"
"OPEX";"Charging Infrastructure";"ES";"MCS grid extension";"Rigid";"BAU";"EUR/kWh";2030;"0.075";"Sensitivity | Current Policies | Vehicle insurance";"Electricity"
"OPEX";"Charging Infrastructure";"ES";"MCS grid extension";"Tractor-Trailer";"BAU";"EUR/kWh";2030;"0.075";"Sensitivity | Current Policies | Vehicle insurance";"Electricity"
"OPEX";"Charging Infrastructure";"FR";"MCS grid extension";"Rigid";"BAU";"EUR/kWh";2030;"0.075";"Sensitivity | Current Policies | Vehicle insurance";"Electricity"
"OPEX";"Charging Infrastructure";"FR";"MCS grid extension";"Tractor-Trailer";"BAU";"EUR/kWh";2030;"0.075";"Sensitivity | Current Policies | Vehicle insurance";"Electricity"
"OPEX";"Charging Infrastructure";"IT";"MCS grid extension";"Rigid";"BAU";"EUR/kWh";2030;"0.075";"Sensitivity | Current Policies | Vehicle insurance";"Electricity"
"OPEX";"Charging Infrastructure";"IT";"MCS grid extension";"Tractor-Trailer";"BAU";"EUR/kWh";2030;"0.075";"Sensitivity | Current Policies | Vehicle insurance";"Electricity"
"OPEX";"Charging Infrastructure";"NL";"MCS grid extension";"Rigid";"BAU";"EUR/kWh";2030;"0.075";"Sensitivity | Current Policies | Vehicle insurance";"Electricity"
"OPEX";"Charging Infrastructure";"NL";"MCS grid extension";"Tractor-Trailer";"BAU";"EUR/kWh";2030;"0.075";"Sensitivity | Current Policies | Vehicle insurance";"Electricity"
"OPEX";"Charging Infrastructure";"PL";"MCS grid extension";"Rigid";"BAU";"EUR/kWh";2030;"0.075";"Sensitivity | Current Policies | Vehicle insurance";"Electricity"
"OPEX";"Charging Infrastructure";"PL";"MCS grid extension";"Tractor-Trailer";"BAU";"EUR/kWh";2030;"0.075";"Sensitivity | Current Policies | Vehicle insurance";"Electricity"
"OPEX";"Charging Infrastructure";"UK";"MCS grid extension";"Rigid";"BAU";"EUR/kWh";2030;"0.075";"Sensitivity | Current Policies | Vehicle insurance";"Electricity"
"OPEX";"Charging Infrastructure";"UK";"MCS grid extension";"Tractor-Trailer";"BAU";"EUR/kWh";2030;"0.075";"Sensitivity | Current Policies | Vehicle insurance";"Electricity"
"OPEX";"Charging Infrastructure";"DE";"MCS Profit and Mark-Up";"Rigid";"BAU";"%";2030;"0.1";"Sensitivity | Current Policies | Vehicle insurance";"Electricity"
"OPEX";"Charging Infrastructure";"DE";"MCS Profit and Mark-Up";"Tractor-Trailer";"BAU";"%";2030;"0.1";"Sensitivity | Current Policies | Vehicle insurance";"Electricity"
"OPEX";"Charging Infrastructure";"ES";"MCS Profit and Mark-Up";"Rigid";"BAU";"%";2030;"0.1";"Sensitivity | Current Policies | Vehicle insurance";"Electricity"
"OPEX";"Charging Infrastructure";"ES";"MCS Profit and Mark-Up";"Tractor-Trailer";"BAU";"%";2030;"0.1";"Sensitivity | Current Policies | Vehicle insurance";"Electricity"
"OPEX";"Charging Infrastructure";"FR";"MCS Profit and Mark-Up";"Rigid";"BAU";"%";2030;"0.1";"Sensitivity | Current Policies | Vehicle insurance";"Electricity"
"OPEX";"Charging Infrastructure";"FR";"MCS Profit and Mark-Up";"Tractor-Trailer";"BAU";"%";2030;"0.1";"Sensitivity | Current Policies | Vehicle insurance";"Electricity"
"OPEX";"Charging Infrastructure";"IT";"MCS Profit and Mark-Up";"Rigid";"BAU";"%";2030;"0.1";"Sensitivity | Current Policies | Vehicle insurance";"Electricity"
"OPEX";"Charging Infrastructure";"IT";"MCS Profit and Mark-Up";"Tractor-Trailer";"BAU";"%";2030;"0.1";"Sensitivity | Current Policies | Vehicle insurance";"Electricity"
"OPEX";"Charging Infrastructure";"NL";"MCS Profit and Mark-Up";"Rigid";"BAU";"%";2030;"0.1";"Sensitivity | Current Policies | Vehicle insurance";"Electricity"
"OPEX";"Charging Infrastructure";"NL";"MCS Profit and Mark-Up";"Tractor-Trailer";"BAU";"%";2030;"0.1";"Sensitivity | Current Policies | Vehicle insurance";"Electricity"
"OPEX";"Charging Infrastructure";"PL";"MCS Profit and Mark-Up";"Rigid";"BAU";"%";2030;"0.1";"Sensitivity | Current Policies | Vehicle insurance";"Electricity"
"OPEX";"Charging Infrastructure";"PL";"MCS Profit and Mark-Up";"Tractor-Trailer";"BAU";"%";2030;"0.1";"Sensitivity | Current Policies | Vehicle insurance";"Electricity"
"OPEX";"Charging Infrastructure";"UK";"MCS Profit and Mark-Up";"Rigid";"BAU";"%";2030;"0.1";"Sensitivity | Current Policies | Vehicle insurance";"Electricity"
"OPEX";"Charging Infrastructure";"UK";"MCS Profit and Mark-Up";"Tractor-Trailer";"BAU";"%";2030;"0.1";"Sensitivity | Current Policies | Vehicle insurance";"Electricity"
"OPEX";"Charging Infrastructure";"DE";"CCS Station (Depot) - Incl. Overhead";"Rigid";"BAU";"EUR/kWh";2030;"0.029";"Sensitivity | Current Policies | Vehicle insurance";"Electricity"
"OPEX";"Charging Infrastructure";"DE";"CCS Station (Depot) - Incl. Overhead";"Tractor-Trailer";"BAU";"EUR/kWh";2030;"0.029";"Sensitivity | Current Policies | Vehicle insurance";"Electricity"
"OPEX";"Charging Infrastructure";"ES";"CCS Station (Depot) - Incl. Overhead";"Rigid";"BAU";"EUR/kWh";2030;"0.029";"Sensitivity | Current Policies | Vehicle insurance";"Electricity"
"OPEX";"Charging Infrastructure";"ES";"CCS Station (Depot) - Incl. Overhead";"Tractor-Trailer";"BAU";"EUR/kWh";2030;"0.029";"Sensitivity | Current Policies | Vehicle insurance";"Electricity"
"OPEX";"Charging Infrastructure";"FR";"CCS Station (Depot) - Incl. Overhead";"Rigid";"BAU";"EUR/kWh";2030;"0.029";"Sensitivity | Current Policies | Vehicle insurance";"Electricity"
"OPEX";"Charging Infrastructure";"FR";"CCS Station (Depot) - Incl. Overhead";"Tractor-Trailer";"BAU";"EUR/kWh";2030;"0.029";"Sensitivity | Current Policies | Vehicle insurance";"Electricity"
"OPEX";"Charging Infrastructure";"IT";"CCS Station (Depot) - Incl. Overhead";"Rigid";"BAU";"EUR/kWh";2030;"0.029";"Sensitivity | Current Policies | Vehicle insurance";"Electricity"
"OPEX";"Charging Infrastructure";"IT";"CCS Station (Depot) - Incl. Overhead";"Tractor-Trailer";"BAU";"EUR/kWh";2030;"0.029";"Sensitivity | Current Policies | Vehicle insurance";"Electricity"
"OPEX";"Charging Infrastructure";"NL";"CCS Station (Depot) - Incl. Overhead";"Rigid";"BAU";"EUR/kWh";2030;"0.029";"Sensitivity | Current Policies | Vehicle insurance";"Electricity"
"OPEX";"Charging Infrastructure";"NL";"CCS Station (Depot) - Incl. Overhead";"Tractor-Trailer";"BAU";"EUR/kWh";2030;"0.029";"Sensitivity | Current Policies | Vehicle insurance";"Electricity"
"OPEX";"Charging Infrastructure";"PL";"CCS Station (Depot) - Incl. Overhead";"Rigid";"BAU";"EUR/kWh";2030;"0.029";"Sensitivity | Current Policies | Vehicle insurance";"Electricity"
"OPEX";"Charging Infrastructure";"PL";"CCS Station (Depot) - Incl. Overhead";"Tractor-Trailer";"BAU";"EUR/kWh";2030;"0.029";"Sensitivity | Current Policies | Vehicle insurance";"Electricity"
"OPEX";"Charging Infrastructure";"UK";"CCS Station (Depot) - Incl. Overhead";"Rigid";"BAU";"EUR/kWh";2030;"0.029";"Sensitivity | Current Policies | Vehicle insurance";"Electricity"
"OPEX";"Charging Infrastructure";"UK";"CCS Station (Depot) - Incl. Overhead";"Tractor-Trailer";"BAU";"EUR/kWh";2030;"0.029";"Sensitivity | Current Policies | Vehicle insurance";"Electricity"
"OPEX";"Charging Infrastructure";"DE";"CCS grid extension";"Rigid";"BAU";"EUR/kWh";2030;"0.045";"Sensitivity | Current Policies | Vehicle insurance";"Electricity"
"OPEX";"Charging Infrastructure";"DE";"CCS grid extension";"Tractor-Trailer";"BAU";"EUR/kWh";2030;"0.045";"Sensitivity | Current Policies | Vehicle insurance";"Electricity"
"OPEX";"Charging Infrastructure";"ES";"CCS grid extension";"Rigid";"BAU";"EUR/kWh";2030;"0.045";"Sensitivity | Current Policies | Vehicle insurance";"Electricity"
"OPEX";"Charging Infrastructure";"ES";"CCS grid extension";"Tractor-Trailer";"BAU";"EUR/kWh";2030;"0.045";"Sensitivity | Current Policies | Vehicle insurance";"Electricity"
"OPEX";"Charging Infrastructure";"FR";"CCS grid extension";"Rigid";"BAU";"EUR/kWh";2030;"0.045";"Sensitivity | Current Policies | Vehicle insurance";"Electricity"
"OPEX";"Charging Infrastructure";"FR";"CCS grid extension";"Tractor-Trailer";"BAU";"EUR/kWh";2030;"0.045";"Sensitivity | Current Policies | Vehicle insurance";"Electricity"
"OPEX";"Charging Infrastructure";"IT";"CCS grid extension";"Rigid";"BAU";"EUR/kWh";2030;"0.045";"Sensitivity | Current Policies | Vehicle insurance";"Electricity"
"OPEX";"Charging Infrastructure";"IT";"CCS grid extension";"Tractor-Trailer";"BAU";"EUR/kWh";2030;"0.045";"Sensitivity | Current Policies | Vehicle insurance";"Electricity"
"OPEX";"Charging Infrastructure";"NL";"CCS grid extension";"Rigid";"BAU";"EUR/kWh";2030;"0.045";"Sensitivity | Current Policies | Vehicle insurance";"Electricity"
"OPEX";"Charging Infrastructure";"NL";"CCS grid extension";"Tractor-Trailer";"BAU";"EUR/kWh";2030;"0.045";"Sensitivity | Current Policies | Vehicle insurance";"Electricity"
"OPEX";"Charging Infrastructure";"PL";"CCS grid extension";"Rigid";"BAU";"EUR/kWh";2030;"0.045";"Sensitivity | Current Policies | Vehicle insurance";"Electricity"
"OPEX";"Charging Infrastructure";"PL";"CCS grid extension";"Tractor-Trailer";"BAU";"EUR/kWh";2030;"0.045";"Sensitivity | Current Policies | Vehicle insurance";"Electricity"
"OPEX";"Charging Infrastructure";"UK";"CCS grid extension";"Rigid";"BAU";"EUR/kWh";2030;"0.045";"Sensitivity | Current Policies | Vehicle insurance";"Electricity"
"OPEX";"Charging Infrastructure";"UK";"CCS grid extension";"Tractor-Trailer";"BAU";"EUR/kWh";2030;"0.045";"Sensitivity | Current Policies | Vehicle insurance";"Electricity"
"OPEX";"Diesel Infrastructure";"DE";"Total Diesel Mark-Up";"Rigid";"BAU";"EUR/kWh";2030;"0.018";"Sensitivity | Current Policies | Vehicle insurance";"Diesel"
"OPEX";"Diesel Infrastructure";"DE";"Total Diesel Mark-Up";"Tractor-Trailer";"BAU";"EUR/kWh";2030;"0.018";"Sensitivity | Current Policies | Vehicle insurance";"Diesel"
"OPEX";"Diesel Infrastructure";"ES";"Total Diesel Mark-Up";"Rigid";"BAU";"EUR/kWh";2030;"0.018";"Sensitivity | Current Policies | Vehicle insurance";"Diesel"
"OPEX";"Diesel Infrastructure";"ES";"Total Diesel Mark-Up";"Tractor-Trailer";"BAU";"EUR/kWh";2030;"0.018";"Sensitivity | Current Policies | Vehicle insurance";"Diesel"
"OPEX";"Diesel Infrastructure";"FR";"Total Diesel Mark-Up";"Rigid";"BAU";"EUR/kWh";2030;"0.018";"Sensitivity | Current Policies | Vehicle insurance";"Diesel"
"OPEX";"Diesel Infrastructure";"FR";"Total Diesel Mark-Up";"Tractor-Trailer";"BAU";"EUR/kWh";2030;"0.018";"Sensitivity | Current Policies | Vehicle insurance";"Diesel"
"OPEX";"Diesel Infrastructure";"IT";"Total Diesel Mark-Up";"Rigid";"BAU";"EUR/kWh";2030;"0.018";"Sensitivity | Current Policies | Vehicle insurance";"Diesel"
"OPEX";"Diesel Infrastructure";"IT";"Total Diesel Mark-Up";"Tractor-Trailer";"BAU";"EUR/kWh";2030;"0.018";"Sensitivity | Current Policies | Vehicle insurance";"Diesel"
"OPEX";"Diesel Infrastructure";"NL";"Total Diesel Mark-Up";"Rigid";"BAU";"EUR/kWh";2030;"0.018";"Sensitivity | Current Policies | Vehicle insurance";"Diesel"
"OPEX";"Diesel Infrastructure";"NL";"Total Diesel Mark-Up";"Tractor-Trailer";"BAU";"EUR/kWh";2030;"0.018";"Sensitivity | Current Policies | Vehicle insurance";"Diesel"
"OPEX";"Diesel Infrastructure";"PL";"Total Diesel Mark-Up";"Rigid";"BAU";"EUR/kWh";2030;"0.018";"Sensitivity | Current Policies | Vehicle insurance";"Diesel"
"OPEX";"Diesel Infrastructure";"PL";"Total Diesel Mark-Up";"Tractor-Trailer";"BAU";"EUR/kWh";2030;"0.018";"Sensitivity | Current Policies | Vehicle insurance";"Diesel"
"OPEX";"Diesel Infrastructure";"UK";"Total Diesel Mark-Up";"Rigid";"BAU";"EUR/kWh";2030;"0.018";"Sensitivity | Current Policies | Vehicle insurance";"Diesel"
"OPEX";"Diesel Infrastructure";"UK";"Total Diesel Mark-Up";"Tractor-Trailer";"BAU";"EUR/kWh";2030;"0.018";"Sensitivity | Current Policies | Vehicle insurance";"Diesel"
"OPEX";"Diesel Infrastructure";"DE";"CO2 emission factor Biodiesel";"Rigid";"BAU";"%";2030;"0.166";"Sensitivity | Current Policies | Vehicle insurance";"Diesel"
"OPEX";"Diesel Infrastructure";"DE";"CO2 emission factor Biodiesel";"Tractor-Trailer";"BAU";"%";2030;"0.166";"Sensitivity | Current Policies | Vehicle insurance";"Diesel"
"OPEX";"Diesel Infrastructure";"ES";"CO2 emission factor Biodiesel";"Rigid";"BAU";"%";2030;"0.166";"Sensitivity | Current Policies | Vehicle insurance";"Diesel"
"OPEX";"Diesel Infrastructure";"ES";"CO2 emission factor Biodiesel";"Tractor-Trailer";"BAU";"%";2030;"0.166";"Sensitivity | Current Policies | Vehicle insurance";"Diesel"
"OPEX";"Diesel Infrastructure";"FR";"CO2 emission factor Biodiesel";"Rigid";"BAU";"%";2030;"0.166";"Sensitivity | Current Policies | Vehicle insurance";"Diesel"
"OPEX";"Diesel Infrastructure";"FR";"CO2 emission factor Biodiesel";"Tractor-Trailer";"BAU";"%";2030;"0.166";"Sensitivity | Current Policies | Vehicle insurance";"Diesel"
"OPEX";"Diesel Infrastructure";"IT";"CO2 emission factor Biodiesel";"Rigid";"BAU";"%";2030;"0.166";"Sensitivity | Current Policies | Vehicle insurance";"Diesel"
"OPEX";"Diesel Infrastructure";"IT";"CO2 emission factor Biodiesel";"Tractor-Trailer";"BAU";"%";2030;"0.166";"Sensitivity | Current Policies | Vehicle insurance";"Diesel"
"OPEX";"Diesel Infrastructure";"NL";"CO2 emission factor Biodiesel";"Rigid";"BAU";"%";2030;"0.166";"Sensitivity | Current Policies | Vehicle insurance";"Diesel"
"OPEX";"Diesel Infrastructure";"NL";"CO2 emission factor Biodiesel";"Tractor-Trailer";"BAU";"%";2030;"0.166";"Sensitivity | Current Policies | Vehicle insurance";"Diesel"
"OPEX";"Diesel Infrastructure";"PL";"CO2 emission factor Biodiesel";"Rigid";"BAU";"%";2030;"0.166";"Sensitivity | Current Policies | Vehicle insurance";"Diesel"
"OPEX";"Diesel Infrastructure";"PL";"CO2 emission factor Biodiesel";"Tractor-Trailer";"BAU";"%";2030;"0.166";"Sensitivity | Current Policies | Vehicle insurance";"Diesel"
"OPEX";"Diesel Infrastructure";"UK";"CO2 emission factor Biodiesel";"Rigid";"BAU";"%";2030;"0.166";"Sensitivity | Current Policies | Vehicle insurance";"Diesel"
"OPEX";"Diesel Infrastructure";"UK";"CO2 emission factor Biodiesel";"Tractor-Trailer";"BAU";"%";2030;"0.166";"Sensitivity | Current Policies | Vehicle insurance";"Diesel"
"OPEX";"Diesel Infrastructure";"DE";"CO2 emission factor Pt-Diesel";"Rigid";"BAU";"%";2030;"0";"Sensitivity | Current Policies | Vehicle insurance";"Diesel"
"OPEX";"Diesel Infrastructure";"DE";"CO2 emission factor Pt-Diesel";"Tractor-Trailer";"BAU";"%";2030;"0";"Sensitivity | Current Policies | Vehicle insurance";"Diesel"
"OPEX";"Diesel Infrastructure";"ES";"CO2 emission factor Pt-Diesel";"Rigid";"BAU";"%";2030;"0";"Sensitivity | Current Policies | Vehicle insurance";"Diesel"
"OPEX";"Diesel Infrastructure";"ES";"CO2 emission factor Pt-Diesel";"Tractor-Trailer";"BAU";"%";2030;"0";"Sensitivity | Current Policies | Vehicle insurance";"Diesel"
"OPEX";"Diesel Infrastructure";"FR";"CO2 emission factor Pt-Diesel";"Rigid";"BAU";"%";2030;"0";"Sensitivity | Current Policies | Vehicle insurance";"Diesel"
"OPEX";"Diesel Infrastructure";"FR";"CO2 emission factor Pt-Diesel";"Tractor-Trailer";"BAU";"%";2030;"0";"Sensitivity | Current Policies | Vehicle insurance";"Diesel"
"OPEX";"Diesel Infrastructure";"IT";"CO2 emission factor Pt-Diesel";"Rigid";"BAU";"%";2030;"0";"Sensitivity | Current Policies | Vehicle insurance";"Diesel"
"OPEX";"Diesel Infrastructure";"IT";"CO2 emission factor Pt-Diesel";"Tractor-Trailer";"BAU";"%";2030;"0";"Sensitivity | Current Policies | Vehicle insurance";"Diesel"
"OPEX";"Diesel Infrastructure";"NL";"CO2 emission factor Pt-Diesel";"Rigid";"BAU";"%";2030;"0";"Sensitivity | Current Policies | Vehicle insurance";"Diesel"
"OPEX";"Diesel Infrastructure";"NL";"CO2 emission factor Pt-Diesel";"Tractor-Trailer";"BAU";"%";2030;"0";"Sensitivity | Current Policies | Vehicle insurance";"Diesel"
"OPEX";"Diesel Infrastructure";"PL";"CO2 emission factor Pt-Diesel";"Rigid";"BAU";"%";2030;"0";"Sensitivity | Current Policies | Vehicle insurance";"Diesel"
"OPEX";"Diesel Infrastructure";"PL";"CO2 emission factor Pt-Diesel";"Tractor-Trailer";"BAU";"%";2030;"0";"Sensitivity | Current Policies | Vehicle insurance";"Diesel"
"OPEX";"Diesel Infrastructure";"UK";"CO2 emission factor Pt-Diesel";"Rigid";"BAU";"%";2030;"0";"Sensitivity | Current Policies | Vehicle insurance";"Diesel"
"OPEX";"Diesel Infrastructure";"UK";"CO2 emission factor Pt-Diesel";"Tractor-Trailer";"BAU";"%";2030;"0";"Sensitivity | Current Policies | Vehicle insurance";"Diesel"
"OPEX";"Taxes";"DE";"Network Costs - MCS";"Rigid";"BAU";"EUR/kWh";2030;"0.036";"Sensitivity | Current Policies | Vehicle insurance";"Electricity"
"OPEX";"Taxes";"DE";"Network Costs - MCS";"Tractor-Trailer";"BAU";"EUR/kWh";2030;"0.036";"Sensitivity | Current Policies | Vehicle insurance";"Electricity"
"OPEX";"Taxes";"ES";"Network Costs - MCS";"Rigid";"BAU";"EUR/kWh";2030;"0.02";"Sensitivity | Current Policies | Vehicle insurance";"Electricity"
"OPEX";"Taxes";"ES";"Network Costs - MCS";"Tractor-Trailer";"BAU";"EUR/kWh";2030;"0.02";"Sensitivity | Current Policies | Vehicle insurance";"Electricity"
"OPEX";"Taxes";"FR";"Network Costs - MCS";"Rigid";"BAU";"EUR/kWh";2030;"0.019";"Sensitivity | Current Policies | Vehicle insurance";"Electricity"
"OPEX";"Taxes";"FR";"Network Costs - MCS";"Tractor-Trailer";"BAU";"EUR/kWh";2030;"0.019";"Sensitivity | Current Policies | Vehicle insurance";"Electricity"
"OPEX";"Taxes";"IT";"Network Costs - MCS";"Rigid";"BAU";"EUR/kWh";2030;"0.016";"Sensitivity | Current Policies | Vehicle insurance";"Electricity"
"OPEX";"Taxes";"IT";"Network Costs - MCS";"Tractor-Trailer";"BAU";"EUR/kWh";2030;"0.016";"Sensitivity | Current Policies | Vehicle insurance";"Electricity"
"OPEX";"Taxes";"NL";"Network Costs - MCS";"Rigid";"BAU";"EUR/kWh";2030;"0.017";"Sensitivity | Current Policies | Vehicle insurance";"Electricity"
"OPEX";"Taxes";"NL";"Network Costs - MCS";"Tractor-Trailer";"BAU";"EUR/kWh";2030;"0.017";"Sensitivity | Current Policies | Vehicle insurance";"Electricity"
"OPEX";"Taxes";"PL";"Network Costs - MCS";"Rigid";"BAU";"EUR/kWh";2030;"0.02";"Sensitivity | Current Policies | Vehicle insurance";"Electricity"
"OPEX";"Taxes";"PL";"Network Costs - MCS";"Tractor-Trailer";"BAU";"EUR/kWh";2030;"0.02";"Sensitivity | Current Policies | Vehicle insurance";"Electricity"
"OPEX";"Taxes";"UK";"Network Costs - MCS";"Rigid";"BAU";"EUR/kWh";2030;"0.028";"Sensitivity | Current Policies | Vehicle insurance";"Electricity"
"OPEX";"Taxes";"UK";"Network Costs - MCS";"Tractor-Trailer";"BAU";"EUR/kWh";2030;"0.028";"Sensitivity | Current Policies | Vehicle insurance";"Electricity"
"OPEX";"Taxes";"DE";"Taxes, Fees, Levies and charges - MCS";"Rigid";"BAU";"EUR/kWh";2030;"0.068";"Sensitivity | Current Policies | Vehicle insurance";"Electricity"
"OPEX";"Taxes";"DE";"Taxes, Fees, Levies and charges - MCS";"Tractor-Trailer";"BAU";"EUR/kWh";2030;"0.068";"Sensitivity | Current Policies | Vehicle insurance";"Electricity"
"OPEX";"Taxes";"ES";"Taxes, Fees, Levies and charges - MCS";"Rigid";"BAU";"EUR/kWh";2030;"0.039";"Sensitivity | Current Policies | Vehicle insurance";"Electricity"
"OPEX";"Taxes";"ES";"Taxes, Fees, Levies and charges - MCS";"Tractor-Trailer";"BAU";"EUR/kWh";2030;"0.039";"Sensitivity | Current Policies | Vehicle insurance";"Electricity"
"OPEX";"Taxes";"FR";"Taxes, Fees, Levies and charges - MCS";"Rigid";"BAU";"EUR/kWh";2030;"0.032";"Sensitivity | Current Policies | Vehicle insurance";"Electricity"
"OPEX";"Taxes";"FR";"Taxes, Fees, Levies and charges - MCS";"Tractor-Trailer";"BAU";"EUR/kWh";2030;"0.032";"Sensitivity | Current Policies | Vehicle insurance";"Electricity"
"OPEX";"Taxes";"IT";"Taxes, Fees, Levies and charges - MCS";"Rigid";"BAU";"EUR/kWh";2030;"0.067";"Sensitivity | Current Policies | Vehicle insurance";"Electricity"
"OPEX";"Taxes";"IT";"Taxes, Fees, Levies and charges - MCS";"Tractor-Trailer";"BAU";"EUR/kWh";2030;"0.067";"Sensitivity | Current Policies | Vehicle insurance";"Electricity"
"OPEX";"Taxes";"NL";"Taxes, Fees, Levies and charges - MCS";"Rigid";"BAU";"EUR/kWh";2030;"0.055";"Sensitivity | Current Policies | Vehicle insurance";"Electricity"
"OPEX";"Taxes";"NL";"Taxes, Fees, Levies and charges - MCS";"Tractor-Trailer";"BAU";"EUR/kWh";2030;"0.055";"Sensitivity | Current Policies | Vehicle insurance";"Electricity"
"OPEX";"Taxes";"PL";"Taxes, Fees, Levies and charges - MCS";"Rigid";"BAU";"EUR/kWh";2030;"0.05";"Sensitivity | Current Policies | Vehicle insurance";"Electricity"
"OPEX";"Taxes";"PL";"Taxes, Fees, Levies and charges - MCS";"Tractor-Trailer";"BAU";"EUR/kWh";2030;"0.05";"Sensitivity | Current Policies | Vehicle insurance";"Electricity"
"OPEX";"Taxes";"UK";"Taxes, Fees, Levies and charges - MCS";"Rigid";"BAU";"EUR/kWh";2030;"0.078";"Sensitivity | Current Policies | Vehicle insurance";"Electricity"
"OPEX";"Taxes";"UK";"Taxes, Fees, Levies and charges - MCS";"Tractor-Trailer";"BAU";"EUR/kWh";2030;"0.078";"Sensitivity | Current Policies | Vehicle insurance";"Electricity"
"OPEX";"Taxes";"DE";"Network Costs - Depot";"Rigid";"BAU";"EUR/kWh";2030;"0.051";"Sensitivity | Current Policies | Vehicle insurance";"Electricity"
"OPEX";"Taxes";"DE";"Network Costs - Depot";"Tractor-Trailer";"BAU";"EUR/kWh";2030;"0.051";"Sensitivity | Current Policies | Vehicle insurance";"Electricity"
"OPEX";"Taxes";"ES";"Network Costs - Depot";"Rigid";"BAU";"EUR/kWh";2030;"0.041";"Sensitivity | Current Policies | Vehicle insurance";"Electricity"
"OPEX";"Taxes";"ES";"Network Costs - Depot";"Tractor-Trailer";"BAU";"EUR/kWh";2030;"0.041";"Sensitivity | Current Policies | Vehicle insurance";"Electricity"
"OPEX";"Taxes";"FR";"Network Costs - Depot";"Rigid";"BAU";"EUR/kWh";2030;"0.031";"Sensitivity | Current Policies | Vehicle insurance";"Electricity"
"OPEX";"Taxes";"FR";"Network Costs - Depot";"Tractor-Trailer";"BAU";"EUR/kWh";2030;"0.031";"Sensitivity | Current Policies | Vehicle insurance";"Electricity"
"OPEX";"Taxes";"IT";"Network Costs - Depot";"Rigid";"BAU";"EUR/kWh";2030;"0.021";"Sensitivity | Current Policies | Vehicle insurance";"Electricity"
"OPEX";"Taxes";"IT";"Network Costs - Depot";"Tractor-Trailer";"BAU";"EUR/kWh";2030;"0.021";"Sensitivity | Current Policies | Vehicle insurance";"Electricity"
"OPEX";"Taxes";"NL";"Network Costs - Depot";"Rigid";"BAU";"EUR/kWh";2030;"0.022";"Sensitivity | Current Policies | Vehicle insurance";"Electricity"
"OPEX";"Taxes";"NL";"Network Costs - Depot";"Tractor-Trailer";"BAU";"EUR/kWh";2030;"0.022";"Sensitivity | Current Policies | Vehicle insurance";"Electricity"
"OPEX";"Taxes";"PL";"Network Costs - Depot";"Rigid";"BAU";"EUR/kWh";2030;"0.032";"Sensitivity | Current Policies | Vehicle insurance";"Electricity"
"OPEX";"Taxes";"PL";"Network Costs - Depot";"Tractor-Trailer";"BAU";"EUR/kWh";2030;"0.032";"Sensitivity | Current Policies | Vehicle insurance";"Electricity"
"OPEX";"Taxes";"UK";"Network Costs - Depot";"Rigid";"BAU";"EUR/kWh";2030;"0.032";"Sensitivity | Current Policies | Vehicle insurance";"Electricity"
"OPEX";"Taxes";"UK";"Network Costs - Depot";"Tractor-Trailer";"BAU";"EUR/kWh";2030;"0.032";"Sensitivity | Current Policies | Vehicle insurance";"Electricity"
"OPEX";"Taxes";"DE";"Taxes, Fees, Levies and charges - Depot";"Rigid";"BAU";"EUR/kWh";2030;"0.078";"Sensitivity | Current Policies | Vehicle insurance";"Electricity"
"OPEX";"Taxes";"DE";"Taxes, Fees, Levies and charges - Depot";"Tractor-Trailer";"BAU";"EUR/kWh";2030;"0.078";"Sensitivity | Current Policies | Vehicle insurance";"Electricity"
"OPEX";"Taxes";"ES";"Taxes, Fees, Levies and charges - Depot";"Rigid";"BAU";"EUR/kWh";2030;"0.067";"Sensitivity | Current Policies | Vehicle insurance";"Electricity"
"OPEX";"Taxes";"ES";"Taxes, Fees, Levies and charges - Depot";"Tractor-Trailer";"BAU";"EUR/kWh";2030;"0.067";"Sensitivity | Current Policies | Vehicle insurance";"Electricity"
"OPEX";"Taxes";"FR";"Taxes, Fees, Levies and charges - Depot";"Rigid";"BAU";"EUR/kWh";2030;"0.048";"Sensitivity | Current Policies | Vehicle insurance";"Electricity"
"OPEX";"Taxes";"FR";"Taxes, Fees, Levies and charges - Depot";"Tractor-Trailer";"BAU";"EUR/kWh";2030;"0.048";"Sensitivity | Current Policies | Vehicle insurance";"Electricity"
"OPEX";"Taxes";"IT";"Taxes, Fees, Levies and charges - Depot";"Rigid";"BAU";"EUR/kWh";2030;"0.103";"Sensitivity | Current Policies | Vehicle insurance";"Electricity"
"OPEX";"Taxes";"IT";"Taxes, Fees, Levies and charges - Depot";"Tractor-Trailer";"BAU";"EUR/kWh";2030;"0.103";"Sensitivity | Current Policies | Vehicle insurance";"Electricity"
"OPEX";"Taxes";"NL";"Taxes, Fees, Levies and charges - Depot";"Rigid";"BAU";"EUR/kWh";2030;"0.062";"Sensitivity | Current Policies | Vehicle insurance";"Electricity"
"OPEX";"Taxes";"NL";"Taxes, Fees, Levies and charges - Depot";"Tractor-Trailer";"BAU";"EUR/kWh";2030;"0.062";"Sensitivity | Current Policies | Vehicle insurance";"Electricity"
"OPEX";"Taxes";"PL";"Taxes, Fees, Levies and charges - Depot";"Rigid";"BAU";"EUR/kWh";2030;"0.056";"Sensitivity | Current Policies | Vehicle insurance";"Electricity"
"OPEX";"Taxes";"PL";"Taxes, Fees, Levies and charges - Depot";"Tractor-Trailer";"BAU";"EUR/kWh";2030;"0.056";"Sensitivity | Current Policies | Vehicle insurance";"Electricity"
"OPEX";"Taxes";"UK";"Taxes, Fees, Levies and charges - Depot";"Rigid";"BAU";"EUR/kWh";2030;"0.086";"Sensitivity | Current Policies | Vehicle insurance";"Electricity"
"OPEX";"Taxes";"UK";"Taxes, Fees, Levies and charges - Depot";"Tractor-Trailer";"BAU";"EUR/kWh";2030;"0.086";"Sensitivity | Current Policies | Vehicle insurance";"Electricity"
"OPEX";"H2 Infrastructure";"DE";"HRS costs";"Rigid";"BAU";"EUR/kg H2";2030;"1.7";"Sensitivity | Current Policies | Vehicle insurance";"Hydrogen"
"OPEX";"H2 Infrastructure";"DE";"HRS costs";"Tractor-Trailer";"BAU";"EUR/kg H2";2030;"1.7";"Sensitivity | Current Policies | Vehicle insurance";"Hydrogen"
"OPEX";"H2 Infrastructure";"ES";"HRS costs";"Rigid";"BAU";"EUR/kg H2";2030;"1.7";"Sensitivity | Current Policies | Vehicle insurance";"Hydrogen"
"OPEX";"H2 Infrastructure";"ES";"HRS costs";"Tractor-Trailer";"BAU";"EUR/kg H2";2030;"1.7";"Sensitivity | Current Policies | Vehicle insurance";"Hydrogen"
"OPEX";"H2 Infrastructure";"FR";"HRS costs";"Rigid";"BAU";"EUR/kg H2";2030;"1.7";"Sensitivity | Current Policies | Vehicle insurance";"Hydrogen"
"OPEX";"H2 Infrastructure";"FR";"HRS costs";"Tractor-Trailer";"BAU";"EUR/kg H2";2030;"1.7";"Sensitivity | Current Policies | Vehicle insurance";"Hydrogen"
"OPEX";"H2 Infrastructure";"IT";"HRS costs";"Rigid";"BAU";"EUR/kg H2";2030;"1.7";"Sensitivity | Current Policies | Vehicle insurance";"Hydrogen"
"OPEX";"H2 Infrastructure";"IT";"HRS costs";"Tractor-Trailer";"BAU";"EUR/kg H2";2030;"1.7";"Sensitivity | Current Policies | Vehicle insurance";"Hydrogen"
"OPEX";"H2 Infrastructure";"NL";"HRS costs";"Rigid";"BAU";"EUR/kg H2";2030;"1.7";"Sensitivity | Current Policies | Vehicle insurance";"Hydrogen"
"OPEX";"H2 Infrastructure";"NL";"HRS costs";"Tractor-Trailer";"BAU";"EUR/kg H2";2030;"1.7";"Sensitivity | Current Policies | Vehicle insurance";"Hydrogen"
"OPEX";"H2 Infrastructure";"PL";"HRS costs";"Rigid";"BAU";"EUR/kg H2";2030;"1.7";"Sensitivity | Current Policies | Vehicle insurance";"Hydrogen"
"OPEX";"H2 Infrastructure";"PL";"HRS costs";"Tractor-Trailer";"BAU";"EUR/kg H2";2030;"1.7";"Sensitivity | Current Policies | Vehicle insurance";"Hydrogen"
"OPEX";"H2 Infrastructure";"UK";"HRS costs";"Rigid";"BAU";"EUR/kg H2";2030;"1.7";"Sensitivity | Current Policies | Vehicle insurance";"Hydrogen"
"OPEX";"H2 Infrastructure";"UK";"HRS costs";"Tractor-Trailer";"BAU";"EUR/kg H2";2030;"1.7";"Sensitivity | Current Policies | Vehicle insurance";"Hydrogen"
"OPEX";"H2 Infrastructure";"DE";"H2 transport and distribution";"Rigid";"BAU";"EUR/kg H2";2030;"1.5";"Sensitivity | Current Policies | Vehicle insurance";"Hydrogen"
"OPEX";"H2 Infrastructure";"DE";"H2 transport and distribution";"Tractor-Trailer";"BAU";"EUR/kg H2";2030;"1.5";"Sensitivity | Current Policies | Vehicle insurance";"Hydrogen"
"OPEX";"H2 Infrastructure";"ES";"H2 transport and distribution";"Rigid";"BAU";"EUR/kg H2";2030;"1.5";"Sensitivity | Current Policies | Vehicle insurance";"Hydrogen"
"OPEX";"H2 Infrastructure";"ES";"H2 transport and distribution";"Tractor-Trailer";"BAU";"EUR/kg H2";2030;"1.5";"Sensitivity | Current Policies | Vehicle insurance";"Hydrogen"
"OPEX";"H2 Infrastructure";"FR";"H2 transport and distribution";"Rigid";"BAU";"EUR/kg H2";2030;"1.5";"Sensitivity | Current Policies | Vehicle insurance";"Hydrogen"
"OPEX";"H2 Infrastructure";"FR";"H2 transport and distribution";"Tractor-Trailer";"BAU";"EUR/kg H2";2030;"1.5";"Sensitivity | Current Policies | Vehicle insurance";"Hydrogen"
"OPEX";"H2 Infrastructure";"IT";"H2 transport and distribution";"Rigid";"BAU";"EUR/kg H2";2030;"1.5";"Sensitivity | Current Policies | Vehicle insurance";"Hydrogen"
"OPEX";"H2 Infrastructure";"IT";"H2 transport and distribution";"Tractor-Trailer";"BAU";"EUR/kg H2";2030;"1.5";"Sensitivity | Current Policies | Vehicle insurance";"Hydrogen"
"OPEX";"H2 Infrastructure";"NL";"H2 transport and distribution";"Rigid";"BAU";"EUR/kg H2";2030;"1.5";"Sensitivity | Current Policies | Vehicle insurance";"Hydrogen"
"OPEX";"H2 Infrastructure";"NL";"H2 transport and distribution";"Tractor-Trailer";"BAU";"EUR/kg H2";2030;"1.5";"Sensitivity | Current Policies | Vehicle insurance";"Hydrogen"
"OPEX";"H2 Infrastructure";"PL";"H2 transport and distribution";"Rigid";"BAU";"EUR/kg H2";2030;"1.5";"Sensitivity | Current Policies | Vehicle insurance";"Hydrogen"
"OPEX";"H2 Infrastructure";"PL";"H2 transport and distribution";"Tractor-Trailer";"BAU";"EUR/kg H2";2030;"1.5";"Sensitivity | Current Policies | Vehicle insurance";"Hydrogen"
"OPEX";"H2 Infrastructure";"UK";"H2 transport and distribution";"Rigid";"BAU";"EUR/kg H2";2030;"1.5";"Sensitivity | Current Policies | Vehicle insurance";"Hydrogen"
"OPEX";"H2 Infrastructure";"UK";"H2 transport and distribution";"Tractor-Trailer";"BAU";"EUR/kg H2";2030;"1.5";"Sensitivity | Current Policies | Vehicle insurance";"Hydrogen"
"OPEX";"H2 Infrastructure";"DE";"HRS Overhead, Profit and Mark-Up";"Rigid";"BAU";"EUR/kg H2";2030;"0.25";"Sensitivity | Current Policies | Vehicle insurance";"Hydrogen"
"OPEX";"H2 Infrastructure";"DE";"HRS Overhead, Profit and Mark-Up";"Tractor-Trailer";"BAU";"EUR/kg H2";2030;"0.25";"Sensitivity | Current Policies | Vehicle insurance";"Hydrogen"
"OPEX";"H2 Infrastructure";"ES";"HRS Overhead, Profit and Mark-Up";"Rigid";"BAU";"EUR/kg H2";2030;"0.25";"Sensitivity | Current Policies | Vehicle insurance";"Hydrogen"
"OPEX";"H2 Infrastructure";"ES";"HRS Overhead, Profit and Mark-Up";"Tractor-Trailer";"BAU";"EUR/kg H2";2030;"0.25";"Sensitivity | Current Policies | Vehicle insurance";"Hydrogen"
"OPEX";"H2 Infrastructure";"FR";"HRS Overhead, Profit and Mark-Up";"Rigid";"BAU";"EUR/kg H2";2030;"0.25";"Sensitivity | Current Policies | Vehicle insurance";"Hydrogen"
"OPEX";"H2 Infrastructure";"FR";"HRS Overhead, Profit and Mark-Up";"Tractor-Trailer";"BAU";"EUR/kg H2";2030;"0.25";"Sensitivity | Current Policies | Vehicle insurance";"Hydrogen"
"OPEX";"H2 Infrastructure";"IT";"HRS Overhead, Profit and Mark-Up";"Rigid";"BAU";"EUR/kg H2";2030;"0.25";"Sensitivity | Current Policies | Vehicle insurance";"Hydrogen"
"OPEX";"H2 Infrastructure";"IT";"HRS Overhead, Profit and Mark-Up";"Tractor-Trailer";"BAU";"EUR/kg H2";2030;"0.25";"Sensitivity | Current Policies | Vehicle insurance";"Hydrogen"
"OPEX";"H2 Infrastructure";"NL";"HRS Overhead, Profit and Mark-Up";"Rigid";"BAU";"EUR/kg H2";2030;"0.25";"Sensitivity | Current Policies | Vehicle insurance";"Hydrogen"
"OPEX";"H2 Infrastructure";"NL";"HRS Overhead, Profit and Mark-Up";"Tractor-Trailer";"BAU";"EUR/kg H2";2030;"0.25";"Sensitivity | Current Policies | Vehicle insurance";"Hydrogen"
"OPEX";"H2 Infrastructure";"PL";"HRS Overhead, Profit and Mark-Up";"Rigid";"BAU";"EUR/kg H2";2030;"0.25";"Sensitivity | Current Policies | Vehicle insurance";"Hydrogen"
"OPEX";"H2 Infrastructure";"PL";"HRS Overhead, Profit and Mark-Up";"Tractor-Trailer";"BAU";"EUR/kg H2";2030;"0.25";"Sensitivity | Current Policies | Vehicle insurance";"Hydrogen"
"OPEX";"H2 Infrastructure";"UK";"HRS Overhead, Profit and Mark-Up";"Rigid";"BAU";"EUR/kg H2";2030;"0.25";"Sensitivity | Current Policies | Vehicle insurance";"Hydrogen"
"OPEX";"H2 Infrastructure";"UK";"HRS Overhead, Profit and Mark-Up";"Tractor-Trailer";"BAU";"EUR/kg H2";2030;"0.25";"Sensitivity | Current Policies | Vehicle insurance";"Hydrogen"
"OPEX";"Charging Infrastructure";"DE";"MCS Station (Public Charging) - Incl. Overhead";"Rigid";"BAU";"EUR/kWh";2030;"0.143";"Sensitivity | Current Policies | Vehicle insurance";"Electricity"
"OPEX";"Charging Infrastructure";"DE";"MCS Station (Public Charging) - Incl. Overhead";"Tractor-Trailer";"BAU";"EUR/kWh";2030;"0.143";"Sensitivity | Current Policies | Vehicle insurance";"Electricity"
"OPEX";"Charging Infrastructure";"ES";"MCS Station (Public Charging) - Incl. Overhead";"Rigid";"BAU";"EUR/kWh";2030;"0.143";"Sensitivity | Current Policies | Vehicle insurance";"Electricity"
"OPEX";"Charging Infrastructure";"ES";"MCS Station (Public Charging) - Incl. Overhead";"Tractor-Trailer";"BAU";"EUR/kWh";2030;"0.143";"Sensitivity | Current Policies | Vehicle insurance";"Electricity"
"OPEX";"Charging Infrastructure";"FR";"MCS Station (Public Charging) - Incl. Overhead";"Rigid";"BAU";"EUR/kWh";2030;"0.143";"Sensitivity | Current Policies | Vehicle insurance";"Electricity"
"OPEX";"Charging Infrastructure";"FR";"MCS Station (Public Charging) - Incl. Overhead";"Tractor-Trailer";"BAU";"EUR/kWh";2030;"0.143";"Sensitivity | Current Policies | Vehicle insurance";"Electricity"
"OPEX";"Charging Infrastructure";"IT";"MCS Station (Public Charging) - Incl. Overhead";"Rigid";"BAU";"EUR/kWh";2030;"0.143";"Sensitivity | Current Policies | Vehicle insurance";"Electricity"
"OPEX";"Charging Infrastructure";"IT";"MCS Station (Public Charging) - Incl. Overhead";"Tractor-Trailer";"BAU";"EUR/kWh";2030;"0.143";"Sensitivity | Current Policies | Vehicle insurance";"Electricity"
"OPEX";"Charging Infrastructure";"NL";"MCS Station (Public Charging) - Incl. Overhead";"Rigid";"BAU";"EUR/kWh";2030;"0.143";"Sensitivity | Current Policies | Vehicle insurance";"Electricity"
"OPEX";"Charging Infrastructure";"NL";"MCS Station (Public Charging) - Incl. Overhead";"Tractor-Trailer";"BAU";"EUR/kWh";2030;"0.143";"Sensitivity | Current Policies | Vehicle insurance";"Electricity"
"OPEX";"Charging Infrastructure";"PL";"MCS Station (Public Charging) - Incl. Overhead";"Rigid";"BAU";"EUR/kWh";2030;"0.143";"Sensitivity | Current Policies | Vehicle insurance";"Electricity"
"OPEX";"Charging Infrastructure";"PL";"MCS Station (Public Charging) - Incl. Overhead";"Tractor-Trailer";"BAU";"EUR/kWh";2030;"0.143";"Sensitivity | Current Policies | Vehicle insurance";"Electricity"
"OPEX";"Charging Infrastructure";"UK";"MCS Station (Public Charging) - Incl. Overhead";"Rigid";"BAU";"EUR/kWh";2030;"0.143";"Sensitivity | Current Policies | Vehicle insurance";"Electricity"
"OPEX";"Charging Infrastructure";"UK";"MCS Station (Public Charging) - Incl. Overhead";"Tractor-Trailer";"BAU";"EUR/kWh";2030;"0.143";"Sensitivity | Current Policies | Vehicle insurance";"Electricity"
"OPEX";"Charging Infrastructure";"DE";"Share MCS-Charging";"Rigid";"BAU";"%";2030;"0.2";"Sensitivity | Current Policies | Vehicle insurance";"Electricity"
"OPEX";"Charging Infrastructure";"DE";"Share MCS-Charging";"Tractor-Trailer";"BAU";"%";2030;"0.2";"Sensitivity | Current Policies | Vehicle insurance";"Electricity"
"OPEX";"Charging Infrastructure";"ES";"Share MCS-Charging";"Rigid";"BAU";"%";2030;"0.2";"Sensitivity | Current Policies | Vehicle insurance";"Electricity"
"OPEX";"Charging Infrastructure";"ES";"Share MCS-Charging";"Tractor-Trailer";"BAU";"%";2030;"0.2";"Sensitivity | Current Policies | Vehicle insurance";"Electricity"
"OPEX";"Charging Infrastructure";"FR";"Share MCS-Charging";"Rigid";"BAU";"%";2030;"0.2";"Sensitivity | Current Policies | Vehicle insurance";"Electricity"
"OPEX";"Charging Infrastructure";"FR";"Share MCS-Charging";"Tractor-Trailer";"BAU";"%";2030;"0.2";"Sensitivity | Current Policies | Vehicle insurance";"Electricity"
"OPEX";"Charging Infrastructure";"IT";"Share MCS-Charging";"Rigid";"BAU";"%";2030;"0.2";"Sensitivity | Current Policies | Vehicle insurance";"Electricity"
"OPEX";"Charging Infrastructure";"IT";"Share MCS-Charging";"Tractor-Trailer";"BAU";"%";2030;"0.2";"Sensitivity | Current Policies | Vehicle insurance";"Electricity"
"OPEX";"Charging Infrastructure";"NL";"Share MCS-Charging";"Rigid";"BAU";"%";2030;"0.2";"Sensitivity | Current Policies | Vehicle insurance";"Electricity"
"OPEX";"Charging Infrastructure";"NL";"Share MCS-Charging";"Tractor-Trailer";"BAU";"%";2030;"0.2";"Sensitivity | Current Policies | Vehicle insurance";"Electricity"
"OPEX";"Charging Infrastructure";"PL";"Share MCS-Charging";"Rigid";"BAU";"%";2030;"0.2";"Sensitivity | Current Policies | Vehicle insurance";"Electricity"
"OPEX";"Charging Infrastructure";"PL";"Share MCS-Charging";"Tractor-Trailer";"BAU";"%";2030;"0.2";"Sensitivity | Current Policies | Vehicle insurance";"Electricity"
"OPEX";"Charging Infrastructure";"UK";"Share MCS-Charging";"Rigid";"BAU";"%";2030;"0.2";"Sensitivity | Current Policies | Vehicle insurance";"Electricity"
"OPEX";"Charging Infrastructure";"UK";"Share MCS-Charging";"Tractor-Trailer";"BAU";"%";2030;"0.2";"Sensitivity | Current Policies | Vehicle insurance";"Electricity"
"OPEX";"Charging Infrastructure";"DE";"Depot - Network fees savings potential";"Rigid";"BAU";"EUR/kWh";2030;"0";"Sensitivity | Current Policies | Vehicle insurance";"Electricity"
"OPEX";"Charging Infrastructure";"DE";"Depot - Network fees savings potential";"Tractor-Trailer";"BAU";"EUR/kWh";2030;"0";"Sensitivity | Current Policies | Vehicle insurance";"Electricity"
"OPEX";"Charging Infrastructure";"ES";"Depot - Network fees savings potential";"Rigid";"BAU";"EUR/kWh";2030;"0";"Sensitivity | Current Policies | Vehicle insurance";"Electricity"
"OPEX";"Charging Infrastructure";"ES";"Depot - Network fees savings potential";"Tractor-Trailer";"BAU";"EUR/kWh";2030;"0";"Sensitivity | Current Policies | Vehicle insurance";"Electricity"
"OPEX";"Charging Infrastructure";"FR";"Depot - Network fees savings potential";"Rigid";"BAU";"EUR/kWh";2030;"0";"Sensitivity | Current Policies | Vehicle insurance";"Electricity"
"OPEX";"Charging Infrastructure";"FR";"Depot - Network fees savings potential";"Tractor-Trailer";"BAU";"EUR/kWh";2030;"0";"Sensitivity | Current Policies | Vehicle insurance";"Electricity"
"OPEX";"Charging Infrastructure";"IT";"Depot - Network fees savings potential";"Rigid";"BAU";"EUR/kWh";2030;"0";"Sensitivity | Current Policies | Vehicle insurance";"Electricity"
"OPEX";"Charging Infrastructure";"IT";"Depot - Network fees savings potential";"Tractor-Trailer";"BAU";"EUR/kWh";2030;"0";"Sensitivity | Current Policies | Vehicle insurance";"Electricity"
"OPEX";"Charging Infrastructure";"NL";"Depot - Network fees savings potential";"Rigid";"BAU";"EUR/kWh";2030;"0";"Sensitivity | Current Policies | Vehicle insurance";"Electricity"
"OPEX";"Charging Infrastructure";"NL";"Depot - Network fees savings potential";"Tractor-Trailer";"BAU";"EUR/kWh";2030;"0";"Sensitivity | Current Policies | Vehicle insurance";"Electricity"
"OPEX";"Charging Infrastructure";"PL";"Depot - Network fees savings potential";"Rigid";"BAU";"EUR/kWh";2030;"0";"Sensitivity | Current Policies | Vehicle insurance";"Electricity"
"OPEX";"Charging Infrastructure";"PL";"Depot - Network fees savings potential";"Tractor-Trailer";"BAU";"EUR/kWh";2030;"0";"Sensitivity | Current Policies | Vehicle insurance";"Electricity"
"OPEX";"Charging Infrastructure";"UK";"Depot - Network fees savings potential";"Rigid";"BAU";"EUR/kWh";2030;"0";"Sensitivity | Current Policies | Vehicle insurance";"Electricity"
"OPEX";"Charging Infrastructure";"UK";"Depot - Network fees savings potential";"Tractor-Trailer";"BAU";"EUR/kWh";2030;"0";"Sensitivity | Current Policies | Vehicle insurance";"Electricity"
"OPEX";"Taxes";"DE";"Tax reduction";"Rigid";"BAU";"%";2030;"-1";"Sensitivity | Current Policies | Vehicle insurance";"Hydrogen"
"OPEX";"Taxes";"DE";"Tax reduction";"Tractor-Trailer";"BAU";"%";2030;"-1";"Sensitivity | Current Policies | Vehicle insurance";"Hydrogen"
"OPEX";"Taxes";"ES";"Tax reduction";"Rigid";"BAU";"%";2030;"-1";"Sensitivity | Current Policies | Vehicle insurance";"Hydrogen"
"OPEX";"Taxes";"ES";"Tax reduction";"Tractor-Trailer";"BAU";"%";2030;"-1";"Sensitivity | Current Policies | Vehicle insurance";"Hydrogen"
"OPEX";"Taxes";"FR";"Tax reduction";"Rigid";"BAU";"%";2030;"-1";"Sensitivity | Current Policies | Vehicle insurance";"Hydrogen"
"OPEX";"Taxes";"FR";"Tax reduction";"Tractor-Trailer";"BAU";"%";2030;"-1";"Sensitivity | Current Policies | Vehicle insurance";"Hydrogen"
"OPEX";"Taxes";"IT";"Tax reduction";"Rigid";"BAU";"%";2030;"-1";"Sensitivity | Current Policies | Vehicle insurance";"Hydrogen"
"OPEX";"Taxes";"IT";"Tax reduction";"Tractor-Trailer";"BAU";"%";2030;"-1";"Sensitivity | Current Policies | Vehicle insurance";"Hydrogen"
"OPEX";"Taxes";"NL";"Tax reduction";"Rigid";"BAU";"%";2030;"-1";"Sensitivity | Current Policies | Vehicle insurance";"Hydrogen"
"OPEX";"Taxes";"NL";"Tax reduction";"Tractor-Trailer";"BAU";"%";2030;"-1";"Sensitivity | Current Policies | Vehicle insurance";"Hydrogen"
"OPEX";"Taxes";"PL";"Tax reduction";"Rigid";"BAU";"%";2030;"-1";"Sensitivity | Current Policies | Vehicle insurance";"Hydrogen"
"OPEX";"Taxes";"PL";"Tax reduction";"Tractor-Trailer";"BAU";"%";2030;"-1";"Sensitivity | Current Policies | Vehicle insurance";"Hydrogen"
"OPEX";"Taxes";"UK";"Tax reduction";"Rigid";"BAU";"%";2030;"-1";"Sensitivity | Current Policies | Vehicle insurance";"Hydrogen"
"OPEX";"Taxes";"UK";"Tax reduction";"Tractor-Trailer";"BAU";"%";2030;"-1";"Sensitivity | Current Policies | Vehicle insurance";"Hydrogen"
"OPEX";"Taxes";"DE";"Increasing grid fees";"Rigid";"BAU";"%";2030;"0.167";"Sensitivity | Current Policies | Vehicle insurance";"Electricity"
"OPEX";"Taxes";"DE";"Increasing grid fees";"Tractor-Trailer";"BAU";"%";2030;"0.167";"Sensitivity | Current Policies | Vehicle insurance";"Electricity"
"OPEX";"Taxes";"ES";"Increasing grid fees";"Rigid";"BAU";"%";2030;"0.167";"Sensitivity | Current Policies | Vehicle insurance";"Electricity"
"OPEX";"Taxes";"ES";"Increasing grid fees";"Tractor-Trailer";"BAU";"%";2030;"0.167";"Sensitivity | Current Policies | Vehicle insurance";"Electricity"
"OPEX";"Taxes";"FR";"Increasing grid fees";"Rigid";"BAU";"%";2030;"0.167";"Sensitivity | Current Policies | Vehicle insurance";"Electricity"
"OPEX";"Taxes";"FR";"Increasing grid fees";"Tractor-Trailer";"BAU";"%";2030;"0.167";"Sensitivity | Current Policies | Vehicle insurance";"Electricity"
"OPEX";"Taxes";"IT";"Increasing grid fees";"Rigid";"BAU";"%";2030;"0.167";"Sensitivity | Current Policies | Vehicle insurance";"Electricity"
"OPEX";"Taxes";"IT";"Increasing grid fees";"Tractor-Trailer";"BAU";"%";2030;"0.167";"Sensitivity | Current Policies | Vehicle insurance";"Electricity"
"OPEX";"Taxes";"NL";"Increasing grid fees";"Rigid";"BAU";"%";2030;"0.167";"Sensitivity | Current Policies | Vehicle insurance";"Electricity"
"OPEX";"Taxes";"NL";"Increasing grid fees";"Tractor-Trailer";"BAU";"%";2030;"0.167";"Sensitivity | Current Policies | Vehicle insurance";"Electricity"
"OPEX";"Taxes";"PL";"Increasing grid fees";"Rigid";"BAU";"%";2030;"0.167";"Sensitivity | Current Policies | Vehicle insurance";"Electricity"
"OPEX";"Taxes";"PL";"Increasing grid fees";"Tractor-Trailer";"BAU";"%";2030;"0.167";"Sensitivity | Current Policies | Vehicle insurance";"Electricity"
"OPEX";"Taxes";"UK";"Increasing grid fees";"Rigid";"BAU";"%";2030;"0.167";"Sensitivity | Current Policies | Vehicle insurance";"Electricity"
"OPEX";"Taxes";"UK";"Increasing grid fees";"Tractor-Trailer";"BAU";"%";2030;"0.167";"Sensitivity | Current Policies | Vehicle insurance";"Electricity"
"OPEX";"Taxes";"DE";"Excise Duty - Diesel";"Rigid";"BAU";"EUR/kWh";2035;"0.047";"Sensitivity | Current Policies | Vehicle insurance";"Diesel"
"OPEX";"Taxes";"DE";"Excise Duty - Diesel";"Tractor-Trailer";"BAU";"EUR/kWh";2035;"0.047";"Sensitivity | Current Policies | Vehicle insurance";"Diesel"
"OPEX";"Taxes";"ES";"Excise Duty - Diesel";"Rigid";"BAU";"EUR/kWh";2035;"0.038";"Sensitivity | Current Policies | Vehicle insurance";"Diesel"
"OPEX";"Taxes";"ES";"Excise Duty - Diesel";"Tractor-Trailer";"BAU";"EUR/kWh";2035;"0.038";"Sensitivity | Current Policies | Vehicle insurance";"Diesel"
"OPEX";"Taxes";"FR";"Excise Duty - Diesel";"Rigid";"BAU";"EUR/kWh";2035;"0.06";"Sensitivity | Current Policies | Vehicle insurance";"Diesel"
"OPEX";"Taxes";"FR";"Excise Duty - Diesel";"Tractor-Trailer";"BAU";"EUR/kWh";2035;"0.06";"Sensitivity | Current Policies | Vehicle insurance";"Diesel"
"OPEX";"Taxes";"IT";"Excise Duty - Diesel";"Rigid";"BAU";"EUR/kWh";2035;"0.062";"Sensitivity | Current Policies | Vehicle insurance";"Diesel"
"OPEX";"Taxes";"IT";"Excise Duty - Diesel";"Tractor-Trailer";"BAU";"EUR/kWh";2035;"0.062";"Sensitivity | Current Policies | Vehicle insurance";"Diesel"
"OPEX";"Taxes";"NL";"Excise Duty - Diesel";"Rigid";"BAU";"EUR/kWh";2035;"0.053";"Sensitivity | Current Policies | Vehicle insurance";"Diesel"
"OPEX";"Taxes";"NL";"Excise Duty - Diesel";"Tractor-Trailer";"BAU";"EUR/kWh";2035;"0.053";"Sensitivity | Current Policies | Vehicle insurance";"Diesel"
"OPEX";"Taxes";"PL";"Excise Duty - Diesel";"Rigid";"BAU";"EUR/kWh";2035;"0.033";"Sensitivity | Current Policies | Vehicle insurance";"Diesel"
"OPEX";"Taxes";"PL";"Excise Duty - Diesel";"Tractor-Trailer";"BAU";"EUR/kWh";2035;"0.033";"Sensitivity | Current Policies | Vehicle insurance";"Diesel"
"OPEX";"Taxes";"UK";"Excise Duty - Diesel";"Rigid";"BAU";"EUR/kWh";2035;"0.053";"Sensitivity | Current Policies | Vehicle insurance";"Diesel"
"OPEX";"Taxes";"UK";"Excise Duty - Diesel";"Tractor-Trailer";"BAU";"EUR/kWh";2035;"0.053";"Sensitivity | Current Policies | Vehicle insurance";"Diesel"
"OPEX";"Taxes";"DE";"Excise Duty - Reduction biodiesel";"Rigid";"BAU";"%";2035;"0.5";"Sensitivity | Current Policies | Vehicle insurance";"Diesel"
"OPEX";"Taxes";"DE";"Excise Duty - Reduction biodiesel";"Tractor-Trailer";"BAU";"%";2035;"0.5";"Sensitivity | Current Policies | Vehicle insurance";"Diesel"
"OPEX";"Taxes";"ES";"Excise Duty - Reduction biodiesel";"Rigid";"BAU";"%";2035;"0.5";"Sensitivity | Current Policies | Vehicle insurance";"Diesel"
"OPEX";"Taxes";"ES";"Excise Duty - Reduction biodiesel";"Tractor-Trailer";"BAU";"%";2035;"0.5";"Sensitivity | Current Policies | Vehicle insurance";"Diesel"
"OPEX";"Taxes";"FR";"Excise Duty - Reduction biodiesel";"Rigid";"BAU";"%";2035;"0.5";"Sensitivity | Current Policies | Vehicle insurance";"Diesel"
"OPEX";"Taxes";"FR";"Excise Duty - Reduction biodiesel";"Tractor-Trailer";"BAU";"%";2035;"0.5";"Sensitivity | Current Policies | Vehicle insurance";"Diesel"
"OPEX";"Taxes";"IT";"Excise Duty - Reduction biodiesel";"Rigid";"BAU";"%";2035;"0.5";"Sensitivity | Current Policies | Vehicle insurance";"Diesel"
"OPEX";"Taxes";"IT";"Excise Duty - Reduction biodiesel";"Tractor-Trailer";"BAU";"%";2035;"0.5";"Sensitivity | Current Policies | Vehicle insurance";"Diesel"
"OPEX";"Taxes";"NL";"Excise Duty - Reduction biodiesel";"Rigid";"BAU";"%";2035;"0.5";"Sensitivity | Current Policies | Vehicle insurance";"Diesel"
"OPEX";"Taxes";"NL";"Excise Duty - Reduction biodiesel";"Tractor-Trailer";"BAU";"%";2035;"0.5";"Sensitivity | Current Policies | Vehicle insurance";"Diesel"
"OPEX";"Taxes";"PL";"Excise Duty - Reduction biodiesel";"Rigid";"BAU";"%";2035;"0.5";"Sensitivity | Current Policies | Vehicle insurance";"Diesel"
"OPEX";"Taxes";"PL";"Excise Duty - Reduction biodiesel";"Tractor-Trailer";"BAU";"%";2035;"0.5";"Sensitivity | Current Policies | Vehicle insurance";"Diesel"
"OPEX";"Taxes";"UK";"Excise Duty - Reduction biodiesel";"Rigid";"BAU";"%";2035;"0.5";"Sensitivity | Current Policies | Vehicle insurance";"Diesel"
"OPEX";"Taxes";"UK";"Excise Duty - Reduction biodiesel";"Tractor-Trailer";"BAU";"%";2035;"0.5";"Sensitivity | Current Policies | Vehicle insurance";"Diesel"
"OPEX";"Taxes";"DE";"Excise Duty - Reduction Synthetic Diesel (E-Fuels)";"Rigid";"BAU";"%";2035;"0.5";"Sensitivity | Current Policies | Vehicle insurance";"Diesel"
"OPEX";"Taxes";"DE";"Excise Duty - Reduction Synthetic Diesel (E-Fuels)";"Tractor-Trailer";"BAU";"%";2035;"0.5";"Sensitivity | Current Policies | Vehicle insurance";"Diesel"
"OPEX";"Taxes";"ES";"Excise Duty - Reduction Synthetic Diesel (E-Fuels)";"Rigid";"BAU";"%";2035;"0.5";"Sensitivity | Current Policies | Vehicle insurance";"Diesel"
"OPEX";"Taxes";"ES";"Excise Duty - Reduction Synthetic Diesel (E-Fuels)";"Tractor-Trailer";"BAU";"%";2035;"0.5";"Sensitivity | Current Policies | Vehicle insurance";"Diesel"
"OPEX";"Taxes";"FR";"Excise Duty - Reduction Synthetic Diesel (E-Fuels)";"Rigid";"BAU";"%";2035;"0.5";"Sensitivity | Current Policies | Vehicle insurance";"Diesel"
"OPEX";"Taxes";"FR";"Excise Duty - Reduction Synthetic Diesel (E-Fuels)";"Tractor-Trailer";"BAU";"%";2035;"0.5";"Sensitivity | Current Policies | Vehicle insurance";"Diesel"
"OPEX";"Taxes";"IT";"Excise Duty - Reduction Synthetic Diesel (E-Fuels)";"Rigid";"BAU";"%";2035;"0.5";"Sensitivity | Current Policies | Vehicle insurance";"Diesel"
"OPEX";"Taxes";"IT";"Excise Duty - Reduction Synthetic Diesel (E-Fuels)";"Tractor-Trailer";"BAU";"%";2035;"0.5";"Sensitivity | Current Policies | Vehicle insurance";"Diesel"
"OPEX";"Taxes";"NL";"Excise Duty - Reduction Synthetic Diesel (E-Fuels)";"Rigid";"BAU";"%";2035;"0.5";"Sensitivity | Current Policies | Vehicle insurance";"Diesel"
"OPEX";"Taxes";"NL";"Excise Duty - Reduction Synthetic Diesel (E-Fuels)";"Tractor-Trailer";"BAU";"%";2035;"0.5";"Sensitivity | Current Policies | Vehicle insurance";"Diesel"
"OPEX";"Taxes";"PL";"Excise Duty - Reduction Synthetic Diesel (E-Fuels)";"Rigid";"BAU";"%";2035;"0.5";"Sensitivity | Current Policies | Vehicle insurance";"Diesel"
"OPEX";"Taxes";"PL";"Excise Duty - Reduction Synthetic Diesel (E-Fuels)";"Tractor-Trailer";"BAU";"%";2035;"0.5";"Sensitivity | Current Policies | Vehicle insurance";"Diesel"
"OPEX";"Taxes";"UK";"Excise Duty - Reduction Synthetic Diesel (E-Fuels)";"Rigid";"BAU";"%";2035;"0.5";"Sensitivity | Current Policies | Vehicle insurance";"Diesel"
"OPEX";"Taxes";"UK";"Excise Duty - Reduction Synthetic Diesel (E-Fuels)";"Tractor-Trailer";"BAU";"%";2035;"0.5";"Sensitivity | Current Policies | Vehicle insurance";"Diesel"
"OPEX";"Taxes";"DE";"Taxes, Fees, Levies and charges - H2";"Rigid";"BAU";"EUR/kWh";2035;"0.015";"Sensitivity | Current Policies | Vehicle insurance";"Hydrogen"
"OPEX";"Taxes";"DE";"Taxes, Fees, Levies and charges - H2";"Tractor-Trailer";"BAU";"EUR/kWh";2035;"0.015";"Sensitivity | Current Policies | Vehicle insurance";"Hydrogen"
"OPEX";"Taxes";"ES";"Taxes, Fees, Levies and charges - H2";"Rigid";"BAU";"EUR/kWh";2035;"0.008";"Sensitivity | Current Policies | Vehicle insurance";"Hydrogen"
"OPEX";"Taxes";"ES";"Taxes, Fees, Levies and charges - H2";"Tractor-Trailer";"BAU";"EUR/kWh";2035;"0.008";"Sensitivity | Current Policies | Vehicle insurance";"Hydrogen"
"OPEX";"Taxes";"FR";"Taxes, Fees, Levies and charges - H2";"Rigid";"BAU";"EUR/kWh";2035;"0.012";"Sensitivity | Current Policies | Vehicle insurance";"Hydrogen"
"OPEX";"Taxes";"FR";"Taxes, Fees, Levies and charges - H2";"Tractor-Trailer";"BAU";"EUR/kWh";2035;"0.012";"Sensitivity | Current Policies | Vehicle insurance";"Hydrogen"
"OPEX";"Taxes";"IT";"Taxes, Fees, Levies and charges - H2";"Rigid";"BAU";"EUR/kWh";2035;"0.009";"Sensitivity | Current Policies | Vehicle insurance";"Hydrogen"
"OPEX";"Taxes";"IT";"Taxes, Fees, Levies and charges - H2";"Tractor-Trailer";"BAU";"EUR/kWh";2035;"0.009";"Sensitivity | Current Policies | Vehicle insurance";"Hydrogen"
"OPEX";"Taxes";"NL";"Taxes, Fees, Levies and charges - H2";"Rigid";"BAU";"EUR/kWh";2035;"0.024";"Sensitivity | Current Policies | Vehicle insurance";"Hydrogen"
"OPEX";"Taxes";"NL";"Taxes, Fees, Levies and charges - H2";"Tractor-Trailer";"BAU";"EUR/kWh";2035;"0.024";"Sensitivity | Current Policies | Vehicle insurance";"Hydrogen"
"OPEX";"Taxes";"PL";"Taxes, Fees, Levies and charges - H2";"Rigid";"BAU";"EUR/kWh";2035;"0.009";"Sensitivity | Current Policies | Vehicle insurance";"Hydrogen"
"OPEX";"Taxes";"PL";"Taxes, Fees, Levies and charges - H2";"Tractor-Trailer";"BAU";"EUR/kWh";2035;"0.009";"Sensitivity | Current Policies | Vehicle insurance";"Hydrogen"
"OPEX";"Taxes";"UK";"Taxes, Fees, Levies and charges - H2";"Rigid";"BAU";"EUR/kWh";2035;"0.006";"Sensitivity | Current Policies | Vehicle insurance";"Hydrogen"
"OPEX";"Taxes";"UK";"Taxes, Fees, Levies and charges - H2";"Tractor-Trailer";"BAU";"EUR/kWh";2035;"0.006";"Sensitivity | Current Policies | Vehicle insurance";"Hydrogen"
"OPEX";"Charging Infrastructure";"DE";"MCS grid extension";"Rigid";"BAU";"EUR/kWh";2035;"0.065";"Sensitivity | Current Policies | Vehicle insurance";"Electricity"
"OPEX";"Charging Infrastructure";"DE";"MCS grid extension";"Tractor-Trailer";"BAU";"EUR/kWh";2035;"0.065";"Sensitivity | Current Policies | Vehicle insurance";"Electricity"
"OPEX";"Charging Infrastructure";"ES";"MCS grid extension";"Rigid";"BAU";"EUR/kWh";2035;"0.065";"Sensitivity | Current Policies | Vehicle insurance";"Electricity"
"OPEX";"Charging Infrastructure";"ES";"MCS grid extension";"Tractor-Trailer";"BAU";"EUR/kWh";2035;"0.065";"Sensitivity | Current Policies | Vehicle insurance";"Electricity"
"OPEX";"Charging Infrastructure";"FR";"MCS grid extension";"Rigid";"BAU";"EUR/kWh";2035;"0.065";"Sensitivity | Current Policies | Vehicle insurance";"Electricity"
"OPEX";"Charging Infrastructure";"FR";"MCS grid extension";"Tractor-Trailer";"BAU";"EUR/kWh";2035;"0.065";"Sensitivity | Current Policies | Vehicle insurance";"Electricity"
"OPEX";"Charging Infrastructure";"IT";"MCS grid extension";"Rigid";"BAU";"EUR/kWh";2035;"0.065";"Sensitivity | Current Policies | Vehicle insurance";"Electricity"
"OPEX";"Charging Infrastructure";"IT";"MCS grid extension";"Tractor-Trailer";"BAU";"EUR/kWh";2035;"0.065";"Sensitivity | Current Policies | Vehicle insurance";"Electricity"
"OPEX";"Charging Infrastructure";"NL";"MCS grid extension";"Rigid";"BAU";"EUR/kWh";2035;"0.065";"Sensitivity | Current Policies | Vehicle insurance";"Electricity"
"OPEX";"Charging Infrastructure";"NL";"MCS grid extension";"Tractor-Trailer";"BAU";"EUR/kWh";2035;"0.065";"Sensitivity | Current Policies | Vehicle insurance";"Electricity"
"OPEX";"Charging Infrastructure";"PL";"MCS grid extension";"Rigid";"BAU";"EUR/kWh";2035;"0.065";"Sensitivity | Current Policies | Vehicle insurance";"Electricity"
"OPEX";"Charging Infrastructure";"PL";"MCS grid extension";"Tractor-Trailer";"BAU";"EUR/kWh";2035;"0.065";"Sensitivity | Current Policies | Vehicle insurance";"Electricity"
"OPEX";"Charging Infrastructure";"UK";"MCS grid extension";"Rigid";"BAU";"EUR/kWh";2035;"0.065";"Sensitivity | Current Policies | Vehicle insurance";"Electricity"
"OPEX";"Charging Infrastructure";"UK";"MCS grid extension";"Tractor-Trailer";"BAU";"EUR/kWh";2035;"0.065";"Sensitivity | Current Policies | Vehicle insurance";"Electricity"
"OPEX";"Charging Infrastructure";"DE";"MCS Profit and Mark-Up";"Rigid";"BAU";"%";2035;"0.1";"Sensitivity | Current Policies | Vehicle insurance";"Electricity"
"OPEX";"Charging Infrastructure";"DE";"MCS Profit and Mark-Up";"Tractor-Trailer";"BAU";"%";2035;"0.1";"Sensitivity | Current Policies | Vehicle insurance";"Electricity"
"OPEX";"Charging Infrastructure";"ES";"MCS Profit and Mark-Up";"Rigid";"BAU";"%";2035;"0.1";"Sensitivity | Current Policies | Vehicle insurance";"Electricity"
"OPEX";"Charging Infrastructure";"ES";"MCS Profit and Mark-Up";"Tractor-Trailer";"BAU";"%";2035;"0.1";"Sensitivity | Current Policies | Vehicle insurance";"Electricity"
"OPEX";"Charging Infrastructure";"FR";"MCS Profit and Mark-Up";"Rigid";"BAU";"%";2035;"0.1";"Sensitivity | Current Policies | Vehicle insurance";"Electricity"
"OPEX";"Charging Infrastructure";"FR";"MCS Profit and Mark-Up";"Tractor-Trailer";"BAU";"%";2035;"0.1";"Sensitivity | Current Policies | Vehicle insurance";"Electricity"
"OPEX";"Charging Infrastructure";"IT";"MCS Profit and Mark-Up";"Rigid";"BAU";"%";2035;"0.1";"Sensitivity | Current Policies | Vehicle insurance";"Electricity"
"OPEX";"Charging Infrastructure";"IT";"MCS Profit and Mark-Up";"Tractor-Trailer";"BAU";"%";2035;"0.1";"Sensitivity | Current Policies | Vehicle insurance";"Electricity"
"OPEX";"Charging Infrastructure";"NL";"MCS Profit and Mark-Up";"Rigid";"BAU";"%";2035;"0.1";"Sensitivity | Current Policies | Vehicle insurance";"Electricity"
"OPEX";"Charging Infrastructure";"NL";"MCS Profit and Mark-Up";"Tractor-Trailer";"BAU";"%";2035;"0.1";"Sensitivity | Current Policies | Vehicle insurance";"Electricity"
"OPEX";"Charging Infrastructure";"PL";"MCS Profit and Mark-Up";"Rigid";"BAU";"%";2035;"0.1";"Sensitivity | Current Policies | Vehicle insurance";"Electricity"
"OPEX";"Charging Infrastructure";"PL";"MCS Profit and Mark-Up";"Tractor-Trailer";"BAU";"%";2035;"0.1";"Sensitivity | Current Policies | Vehicle insurance";"Electricity"
"OPEX";"Charging Infrastructure";"UK";"MCS Profit and Mark-Up";"Rigid";"BAU";"%";2035;"0.1";"Sensitivity | Current Policies | Vehicle insurance";"Electricity"
"OPEX";"Charging Infrastructure";"UK";"MCS Profit and Mark-Up";"Tractor-Trailer";"BAU";"%";2035;"0.1";"Sensitivity | Current Policies | Vehicle insurance";"Electricity"
"OPEX";"Charging Infrastructure";"DE";"CCS Station (Depot) - Incl. Overhead";"Rigid";"BAU";"EUR/kWh";2035;"0.027";"Sensitivity | Current Policies | Vehicle insurance";"Electricity"
"OPEX";"Charging Infrastructure";"DE";"CCS Station (Depot) - Incl. Overhead";"Tractor-Trailer";"BAU";"EUR/kWh";2035;"0.027";"Sensitivity | Current Policies | Vehicle insurance";"Electricity"
"OPEX";"Charging Infrastructure";"ES";"CCS Station (Depot) - Incl. Overhead";"Rigid";"BAU";"EUR/kWh";2035;"0.027";"Sensitivity | Current Policies | Vehicle insurance";"Electricity"
"OPEX";"Charging Infrastructure";"ES";"CCS Station (Depot) - Incl. Overhead";"Tractor-Trailer";"BAU";"EUR/kWh";2035;"0.027";"Sensitivity | Current Policies | Vehicle insurance";"Electricity"
"OPEX";"Charging Infrastructure";"FR";"CCS Station (Depot) - Incl. Overhead";"Rigid";"BAU";"EUR/kWh";2035;"0.027";"Sensitivity | Current Policies | Vehicle insurance";"Electricity"
"OPEX";"Charging Infrastructure";"FR";"CCS Station (Depot) - Incl. Overhead";"Tractor-Trailer";"BAU";"EUR/kWh";2035;"0.027";"Sensitivity | Current Policies | Vehicle insurance";"Electricity"
"OPEX";"Charging Infrastructure";"IT";"CCS Station (Depot) - Incl. Overhead";"Rigid";"BAU";"EUR/kWh";2035;"0.027";"Sensitivity | Current Policies | Vehicle insurance";"Electricity"
"OPEX";"Charging Infrastructure";"IT";"CCS Station (Depot) - Incl. Overhead";"Tractor-Trailer";"BAU";"EUR/kWh";2035;"0.027";"Sensitivity | Current Policies | Vehicle insurance";"Electricity"
"OPEX";"Charging Infrastructure";"NL";"CCS Station (Depot) - Incl. Overhead";"Rigid";"BAU";"EUR/kWh";2035;"0.027";"Sensitivity | Current Policies | Vehicle insurance";"Electricity"
"OPEX";"Charging Infrastructure";"NL";"CCS Station (Depot) - Incl. Overhead";"Tractor-Trailer";"BAU";"EUR/kWh";2035;"0.027";"Sensitivity | Current Policies | Vehicle insurance";"Electricity"
"OPEX";"Charging Infrastructure";"PL";"CCS Station (Depot) - Incl. Overhead";"Rigid";"BAU";"EUR/kWh";2035;"0.027";"Sensitivity | Current Policies | Vehicle insurance";"Electricity"
"OPEX";"Charging Infrastructure";"PL";"CCS Station (Depot) - Incl. Overhead";"Tractor-Trailer";"BAU";"EUR/kWh";2035;"0.027";"Sensitivity | Current Policies | Vehicle insurance";"Electricity"
"OPEX";"Charging Infrastructure";"UK";"CCS Station (Depot) - Incl. Overhead";"Rigid";"BAU";"EUR/kWh";2035;"0.027";"Sensitivity | Current Policies | Vehicle insurance";"Electricity"
"OPEX";"Charging Infrastructure";"UK";"CCS Station (Depot) - Incl. Overhead";"Tractor-Trailer";"BAU";"EUR/kWh";2035;"0.027";"Sensitivity | Current Policies | Vehicle insurance";"Electricity"
"OPEX";"Charging Infrastructure";"DE";"CCS grid extension";"Rigid";"BAU";"EUR/kWh";2035;"0.045";"Sensitivity | Current Policies | Vehicle insurance";"Electricity"
"OPEX";"Charging Infrastructure";"DE";"CCS grid extension";"Tractor-Trailer";"BAU";"EUR/kWh";2035;"0.045";"Sensitivity | Current Policies | Vehicle insurance";"Electricity"
"OPEX";"Charging Infrastructure";"ES";"CCS grid extension";"Rigid";"BAU";"EUR/kWh";2035;"0.045";"Sensitivity | Current Policies | Vehicle insurance";"Electricity"
"OPEX";"Charging Infrastructure";"ES";"CCS grid extension";"Tractor-Trailer";"BAU";"EUR/kWh";2035;"0.045";"Sensitivity | Current Policies | Vehicle insurance";"Electricity"
"OPEX";"Charging Infrastructure";"FR";"CCS grid extension";"Rigid";"BAU";"EUR/kWh";2035;"0.045";"Sensitivity | Current Policies | Vehicle insurance";"Electricity"
"OPEX";"Charging Infrastructure";"FR";"CCS grid extension";"Tractor-Trailer";"BAU";"EUR/kWh";2035;"0.045";"Sensitivity | Current Policies | Vehicle insurance";"Electricity"
"OPEX";"Charging Infrastructure";"IT";"CCS grid extension";"Rigid";"BAU";"EUR/kWh";2035;"0.045";"Sensitivity | Current Policies | Vehicle insurance";"Electricity"
"OPEX";"Charging Infrastructure";"IT";"CCS grid extension";"Tractor-Trailer";"BAU";"EUR/kWh";2035;"0.045";"Sensitivity | Current Policies | Vehicle insurance";"Electricity"
"OPEX";"Charging Infrastructure";"NL";"CCS grid extension";"Rigid";"BAU";"EUR/kWh";2035;"0.045";"Sensitivity | Current Policies | Vehicle insurance";"Electricity"
"OPEX";"Charging Infrastructure";"NL";"CCS grid extension";"Tractor-Trailer";"BAU";"EUR/kWh";2035;"0.045";"Sensitivity | Current Policies | Vehicle insurance";"Electricity"
"OPEX";"Charging Infrastructure";"PL";"CCS grid extension";"Rigid";"BAU";"EUR/kWh";2035;"0.045";"Sensitivity | Current Policies | Vehicle insurance";"Electricity"
"OPEX";"Charging Infrastructure";"PL";"CCS grid extension";"Tractor-Trailer";"BAU";"EUR/kWh";2035;"0.045";"Sensitivity | Current Policies | Vehicle insurance";"Electricity"
"OPEX";"Charging Infrastructure";"UK";"CCS grid extension";"Rigid";"BAU";"EUR/kWh";2035;"0.045";"Sensitivity | Current Policies | Vehicle insurance";"Electricity"
"OPEX";"Charging Infrastructure";"UK";"CCS grid extension";"Tractor-Trailer";"BAU";"EUR/kWh";2035;"0.045";"Sensitivity | Current Policies | Vehicle insurance";"Electricity"
"OPEX";"Diesel Infrastructure";"DE";"Total Diesel Mark-Up";"Rigid";"BAU";"EUR/kWh";2035;"0.018";"Sensitivity | Current Policies | Vehicle insurance";"Diesel"
"OPEX";"Diesel Infrastructure";"DE";"Total Diesel Mark-Up";"Tractor-Trailer";"BAU";"EUR/kWh";2035;"0.018";"Sensitivity | Current Policies | Vehicle insurance";"Diesel"
"OPEX";"Diesel Infrastructure";"ES";"Total Diesel Mark-Up";"Rigid";"BAU";"EUR/kWh";2035;"0.018";"Sensitivity | Current Policies | Vehicle insurance";"Diesel"
"OPEX";"Diesel Infrastructure";"ES";"Total Diesel Mark-Up";"Tractor-Trailer";"BAU";"EUR/kWh";2035;"0.018";"Sensitivity | Current Policies | Vehicle insurance";"Diesel"
"OPEX";"Diesel Infrastructure";"FR";"Total Diesel Mark-Up";"Rigid";"BAU";"EUR/kWh";2035;"0.018";"Sensitivity | Current Policies | Vehicle insurance";"Diesel"
"OPEX";"Diesel Infrastructure";"FR";"Total Diesel Mark-Up";"Tractor-Trailer";"BAU";"EUR/kWh";2035;"0.018";"Sensitivity | Current Policies | Vehicle insurance";"Diesel"
"OPEX";"Diesel Infrastructure";"IT";"Total Diesel Mark-Up";"Rigid";"BAU";"EUR/kWh";2035;"0.018";"Sensitivity | Current Policies | Vehicle insurance";"Diesel"
"OPEX";"Diesel Infrastructure";"IT";"Total Diesel Mark-Up";"Tractor-Trailer";"BAU";"EUR/kWh";2035;"0.018";"Sensitivity | Current Policies | Vehicle insurance";"Diesel"
"OPEX";"Diesel Infrastructure";"NL";"Total Diesel Mark-Up";"Rigid";"BAU";"EUR/kWh";2035;"0.018";"Sensitivity | Current Policies | Vehicle insurance";"Diesel"
"OPEX";"Diesel Infrastructure";"NL";"Total Diesel Mark-Up";"Tractor-Trailer";"BAU";"EUR/kWh";2035;"0.018";"Sensitivity | Current Policies | Vehicle insurance";"Diesel"
"OPEX";"Diesel Infrastructure";"PL";"Total Diesel Mark-Up";"Rigid";"BAU";"EUR/kWh";2035;"0.018";"Sensitivity | Current Policies | Vehicle insurance";"Diesel"
"OPEX";"Diesel Infrastructure";"PL";"Total Diesel Mark-Up";"Tractor-Trailer";"BAU";"EUR/kWh";2035;"0.018";"Sensitivity | Current Policies | Vehicle insurance";"Diesel"
"OPEX";"Diesel Infrastructure";"UK";"Total Diesel Mark-Up";"Rigid";"BAU";"EUR/kWh";2035;"0.018";"Sensitivity | Current Policies | Vehicle insurance";"Diesel"
"OPEX";"Diesel Infrastructure";"UK";"Total Diesel Mark-Up";"Tractor-Trailer";"BAU";"EUR/kWh";2035;"0.018";"Sensitivity | Current Policies | Vehicle insurance";"Diesel"
"OPEX";"Diesel Infrastructure";"DE";"CO2 emission factor Biodiesel";"Rigid";"BAU";"%";2035;"0.161";"Sensitivity | Current Policies | Vehicle insurance";"Diesel"
"OPEX";"Diesel Infrastructure";"DE";"CO2 emission factor Biodiesel";"Tractor-Trailer";"BAU";"%";2035;"0.161";"Sensitivity | Current Policies | Vehicle insurance";"Diesel"
"OPEX";"Diesel Infrastructure";"ES";"CO2 emission factor Biodiesel";"Rigid";"BAU";"%";2035;"0.161";"Sensitivity | Current Policies | Vehicle insurance";"Diesel"
"OPEX";"Diesel Infrastructure";"ES";"CO2 emission factor Biodiesel";"Tractor-Trailer";"BAU";"%";2035;"0.161";"Sensitivity | Current Policies | Vehicle insurance";"Diesel"
"OPEX";"Diesel Infrastructure";"FR";"CO2 emission factor Biodiesel";"Rigid";"BAU";"%";2035;"0.161";"Sensitivity | Current Policies | Vehicle insurance";"Diesel"
"OPEX";"Diesel Infrastructure";"FR";"CO2 emission factor Biodiesel";"Tractor-Trailer";"BAU";"%";2035;"0.161";"Sensitivity | Current Policies | Vehicle insurance";"Diesel"
"OPEX";"Diesel Infrastructure";"IT";"CO2 emission factor Biodiesel";"Rigid";"BAU";"%";2035;"0.161";"Sensitivity | Current Policies | Vehicle insurance";"Diesel"
"OPEX";"Diesel Infrastructure";"IT";"CO2 emission factor Biodiesel";"Tractor-Trailer";"BAU";"%";2035;"0.161";"Sensitivity | Current Policies | Vehicle insurance";"Diesel"
"OPEX";"Diesel Infrastructure";"NL";"CO2 emission factor Biodiesel";"Rigid";"BAU";"%";2035;"0.161";"Sensitivity | Current Policies | Vehicle insurance";"Diesel"
"OPEX";"Diesel Infrastructure";"NL";"CO2 emission factor Biodiesel";"Tractor-Trailer";"BAU";"%";2035;"0.161";"Sensitivity | Current Policies | Vehicle insurance";"Diesel"
"OPEX";"Diesel Infrastructure";"PL";"CO2 emission factor Biodiesel";"Rigid";"BAU";"%";2035;"0.161";"Sensitivity | Current Policies | Vehicle insurance";"Diesel"
"OPEX";"Diesel Infrastructure";"PL";"CO2 emission factor Biodiesel";"Tractor-Trailer";"BAU";"%";2035;"0.161";"Sensitivity | Current Policies | Vehicle insurance";"Diesel"
"OPEX";"Diesel Infrastructure";"UK";"CO2 emission factor Biodiesel";"Rigid";"BAU";"%";2035;"0.161";"Sensitivity | Current Policies | Vehicle insurance";"Diesel"
"OPEX";"Diesel Infrastructure";"UK";"CO2 emission factor Biodiesel";"Tractor-Trailer";"BAU";"%";2035;"0.161";"Sensitivity | Current Policies | Vehicle insurance";"Diesel"
"OPEX";"Diesel Infrastructure";"DE";"CO2 emission factor Pt-Diesel";"Rigid";"BAU";"%";2035;"0";"Sensitivity | Current Policies | Vehicle insurance";"Diesel"
"OPEX";"Diesel Infrastructure";"DE";"CO2 emission factor Pt-Diesel";"Tractor-Trailer";"BAU";"%";2035;"0";"Sensitivity | Current Policies | Vehicle insurance";"Diesel"
"OPEX";"Diesel Infrastructure";"ES";"CO2 emission factor Pt-Diesel";"Rigid";"BAU";"%";2035;"0";"Sensitivity | Current Policies | Vehicle insurance";"Diesel"
"OPEX";"Diesel Infrastructure";"ES";"CO2 emission factor Pt-Diesel";"Tractor-Trailer";"BAU";"%";2035;"0";"Sensitivity | Current Policies | Vehicle insurance";"Diesel"
"OPEX";"Diesel Infrastructure";"FR";"CO2 emission factor Pt-Diesel";"Rigid";"BAU";"%";2035;"0";"Sensitivity | Current Policies | Vehicle insurance";"Diesel"
"OPEX";"Diesel Infrastructure";"FR";"CO2 emission factor Pt-Diesel";"Tractor-Trailer";"BAU";"%";2035;"0";"Sensitivity | Current Policies | Vehicle insurance";"Diesel"
"OPEX";"Diesel Infrastructure";"IT";"CO2 emission factor Pt-Diesel";"Rigid";"BAU";"%";2035;"0";"Sensitivity | Current Policies | Vehicle insurance";"Diesel"
"OPEX";"Diesel Infrastructure";"IT";"CO2 emission factor Pt-Diesel";"Tractor-Trailer";"BAU";"%";2035;"0";"Sensitivity | Current Policies | Vehicle insurance";"Diesel"
"OPEX";"Diesel Infrastructure";"NL";"CO2 emission factor Pt-Diesel";"Rigid";"BAU";"%";2035;"0";"Sensitivity | Current Policies | Vehicle insurance";"Diesel"
"OPEX";"Diesel Infrastructure";"NL";"CO2 emission factor Pt-Diesel";"Tractor-Trailer";"BAU";"%";2035;"0";"Sensitivity | Current Policies | Vehicle insurance";"Diesel"
"OPEX";"Diesel Infrastructure";"PL";"CO2 emission factor Pt-Diesel";"Rigid";"BAU";"%";2035;"0";"Sensitivity | Current Policies | Vehicle insurance";"Diesel"
"OPEX";"Diesel Infrastructure";"PL";"CO2 emission factor Pt-Diesel";"Tractor-Trailer";"BAU";"%";2035;"0";"Sensitivity | Current Policies | Vehicle insurance";"Diesel"
"OPEX";"Diesel Infrastructure";"UK";"CO2 emission factor Pt-Diesel";"Rigid";"BAU";"%";2035;"0";"Sensitivity | Current Policies | Vehicle insurance";"Diesel"
"OPEX";"Diesel Infrastructure";"UK";"CO2 emission factor Pt-Diesel";"Tractor-Trailer";"BAU";"%";2035;"0";"Sensitivity | Current Policies | Vehicle insurance";"Diesel"
"OPEX";"Taxes";"DE";"Network Costs - MCS";"Rigid";"BAU";"EUR/kWh";2035;"0.034";"Sensitivity | Current Policies | Vehicle insurance";"Electricity"
"OPEX";"Taxes";"DE";"Network Costs - MCS";"Tractor-Trailer";"BAU";"EUR/kWh";2035;"0.034";"Sensitivity | Current Policies | Vehicle insurance";"Electricity"
"OPEX";"Taxes";"ES";"Network Costs - MCS";"Rigid";"BAU";"EUR/kWh";2035;"0.018";"Sensitivity | Current Policies | Vehicle insurance";"Electricity"
"OPEX";"Taxes";"ES";"Network Costs - MCS";"Tractor-Trailer";"BAU";"EUR/kWh";2035;"0.018";"Sensitivity | Current Policies | Vehicle insurance";"Electricity"
"OPEX";"Taxes";"FR";"Network Costs - MCS";"Rigid";"BAU";"EUR/kWh";2035;"0.018";"Sensitivity | Current Policies | Vehicle insurance";"Electricity"
"OPEX";"Taxes";"FR";"Network Costs - MCS";"Tractor-Trailer";"BAU";"EUR/kWh";2035;"0.018";"Sensitivity | Current Policies | Vehicle insurance";"Electricity"
"OPEX";"Taxes";"IT";"Network Costs - MCS";"Rigid";"BAU";"EUR/kWh";2035;"0.016";"Sensitivity | Current Policies | Vehicle insurance";"Electricity"
"OPEX";"Taxes";"IT";"Network Costs - MCS";"Tractor-Trailer";"BAU";"EUR/kWh";2035;"0.016";"Sensitivity | Current Policies | Vehicle insurance";"Electricity"
"OPEX";"Taxes";"NL";"Network Costs - MCS";"Rigid";"BAU";"EUR/kWh";2035;"0.016";"Sensitivity | Current Policies | Vehicle insurance";"Electricity"
"OPEX";"Taxes";"NL";"Network Costs - MCS";"Tractor-Trailer";"BAU";"EUR/kWh";2035;"0.016";"Sensitivity | Current Policies | Vehicle insurance";"Electricity"
"OPEX";"Taxes";"PL";"Network Costs - MCS";"Rigid";"BAU";"EUR/kWh";2035;"0.019";"Sensitivity | Current Policies | Vehicle insurance";"Electricity"
"OPEX";"Taxes";"PL";"Network Costs - MCS";"Tractor-Trailer";"BAU";"EUR/kWh";2035;"0.019";"Sensitivity | Current Policies | Vehicle insurance";"Electricity"
"OPEX";"Taxes";"UK";"Network Costs - MCS";"Rigid";"BAU";"EUR/kWh";2035;"0.027";"Sensitivity | Current Policies | Vehicle insurance";"Electricity"
"OPEX";"Taxes";"UK";"Network Costs - MCS";"Tractor-Trailer";"BAU";"EUR/kWh";2035;"0.027";"Sensitivity | Current Policies | Vehicle insurance";"Electricity"
"OPEX";"Taxes";"DE";"Taxes, Fees, Levies and charges - MCS";"Rigid";"BAU";"EUR/kWh";2035;"0.056";"Sensitivity | Current Policies | Vehicle insurance";"Electricity"
"OPEX";"Taxes";"DE";"Taxes, Fees, Levies and charges - MCS";"Tractor-Trailer";"BAU";"EUR/kWh";2035;"0.056";"Sensitivity | Current Policies | Vehicle insurance";"Electricity"
"OPEX";"Taxes";"ES";"Taxes, Fees, Levies and charges - MCS";"Rigid";"BAU";"EUR/kWh";2035;"0.036";"Sensitivity | Current Policies | Vehicle insurance";"Electricity"
"OPEX";"Taxes";"ES";"Taxes, Fees, Levies and charges - MCS";"Tractor-Trailer";"BAU";"EUR/kWh";2035;"0.036";"Sensitivity | Current Policies | Vehicle insurance";"Electricity"
"OPEX";"Taxes";"FR";"Taxes, Fees, Levies and charges - MCS";"Rigid";"BAU";"EUR/kWh";2035;"0.03";"Sensitivity | Current Policies | Vehicle insurance";"Electricity"
"OPEX";"Taxes";"FR";"Taxes, Fees, Levies and charges - MCS";"Tractor-Trailer";"BAU";"EUR/kWh";2035;"0.03";"Sensitivity | Current Policies | Vehicle insurance";"Electricity"
"OPEX";"Taxes";"IT";"Taxes, Fees, Levies and charges - MCS";"Rigid";"BAU";"EUR/kWh";2035;"0.063";"Sensitivity | Current Policies | Vehicle insurance";"Electricity"
"OPEX";"Taxes";"IT";"Taxes, Fees, Levies and charges - MCS";"Tractor-Trailer";"BAU";"EUR/kWh";2035;"0.063";"Sensitivity | Current Policies | Vehicle insurance";"Electricity"
"OPEX";"Taxes";"NL";"Taxes, Fees, Levies and charges - MCS";"Rigid";"BAU";"EUR/kWh";2035;"0.055";"Sensitivity | Current Policies | Vehicle insurance";"Electricity"
"OPEX";"Taxes";"NL";"Taxes, Fees, Levies and charges - MCS";"Tractor-Trailer";"BAU";"EUR/kWh";2035;"0.055";"Sensitivity | Current Policies | Vehicle insurance";"Electricity"
"OPEX";"Taxes";"PL";"Taxes, Fees, Levies and charges - MCS";"Rigid";"BAU";"EUR/kWh";2035;"0.049";"Sensitivity | Current Policies | Vehicle insurance";"Electricity"
"OPEX";"Taxes";"PL";"Taxes, Fees, Levies and charges - MCS";"Tractor-Trailer";"BAU";"EUR/kWh";2035;"0.049";"Sensitivity | Current Policies | Vehicle insurance";"Electricity"
"OPEX";"Taxes";"UK";"Taxes, Fees, Levies and charges - MCS";"Rigid";"BAU";"EUR/kWh";2035;"0.077";"Sensitivity | Current Policies | Vehicle insurance";"Electricity"
"OPEX";"Taxes";"UK";"Taxes, Fees, Levies and charges - MCS";"Tractor-Trailer";"BAU";"EUR/kWh";2035;"0.077";"Sensitivity | Current Policies | Vehicle insurance";"Electricity"
"OPEX";"Taxes";"DE";"Network Costs - Depot";"Rigid";"BAU";"EUR/kWh";2035;"0.044";"Sensitivity | Current Policies | Vehicle insurance";"Electricity"
"OPEX";"Taxes";"DE";"Network Costs - Depot";"Tractor-Trailer";"BAU";"EUR/kWh";2035;"0.044";"Sensitivity | Current Policies | Vehicle insurance";"Electricity"
"OPEX";"Taxes";"ES";"Network Costs - Depot";"Rigid";"BAU";"EUR/kWh";2035;"0.031";"Sensitivity | Current Policies | Vehicle insurance";"Electricity"
"OPEX";"Taxes";"ES";"Network Costs - Depot";"Tractor-Trailer";"BAU";"EUR/kWh";2035;"0.031";"Sensitivity | Current Policies | Vehicle insurance";"Electricity"
"OPEX";"Taxes";"FR";"Network Costs - Depot";"Rigid";"BAU";"EUR/kWh";2035;"0.024";"Sensitivity | Current Policies | Vehicle insurance";"Electricity"
"OPEX";"Taxes";"FR";"Network Costs - Depot";"Tractor-Trailer";"BAU";"EUR/kWh";2035;"0.024";"Sensitivity | Current Policies | Vehicle insurance";"Electricity"
"OPEX";"Taxes";"IT";"Network Costs - Depot";"Rigid";"BAU";"EUR/kWh";2035;"0.018";"Sensitivity | Current Policies | Vehicle insurance";"Electricity"
"OPEX";"Taxes";"IT";"Network Costs - Depot";"Tractor-Trailer";"BAU";"EUR/kWh";2035;"0.018";"Sensitivity | Current Policies | Vehicle insurance";"Electricity"
"OPEX";"Taxes";"NL";"Network Costs - Depot";"Rigid";"BAU";"EUR/kWh";2035;"0.019";"Sensitivity | Current Policies | Vehicle insurance";"Electricity"
"OPEX";"Taxes";"NL";"Network Costs - Depot";"Tractor-Trailer";"BAU";"EUR/kWh";2035;"0.019";"Sensitivity | Current Policies | Vehicle insurance";"Electricity"
"OPEX";"Taxes";"PL";"Network Costs - Depot";"Rigid";"BAU";"EUR/kWh";2035;"0.026";"Sensitivity | Current Policies | Vehicle insurance";"Electricity"
"OPEX";"Taxes";"PL";"Network Costs - Depot";"Tractor-Trailer";"BAU";"EUR/kWh";2035;"0.026";"Sensitivity | Current Policies | Vehicle insurance";"Electricity"
"OPEX";"Taxes";"UK";"Network Costs - Depot";"Rigid";"BAU";"EUR/kWh";2035;"0.029";"Sensitivity | Current Policies | Vehicle insurance";"Electricity"
"OPEX";"Taxes";"UK";"Network Costs - Depot";"Tractor-Trailer";"BAU";"EUR/kWh";2035;"0.029";"Sensitivity | Current Policies | Vehicle insurance";"Electricity"
"OPEX";"Taxes";"DE";"Taxes, Fees, Levies and charges - Depot";"Rigid";"BAU";"EUR/kWh";2035;"0.062";"Sensitivity | Current Policies | Vehicle insurance";"Electricity"
"OPEX";"Taxes";"DE";"Taxes, Fees, Levies and charges - Depot";"Tractor-Trailer";"BAU";"EUR/kWh";2035;"0.062";"Sensitivity | Current Policies | Vehicle insurance";"Electricity"
"OPEX";"Taxes";"ES";"Taxes, Fees, Levies and charges - Depot";"Rigid";"BAU";"EUR/kWh";2035;"0.054";"Sensitivity | Current Policies | Vehicle insurance";"Electricity"
"OPEX";"Taxes";"ES";"Taxes, Fees, Levies and charges - Depot";"Tractor-Trailer";"BAU";"EUR/kWh";2035;"0.054";"Sensitivity | Current Policies | Vehicle insurance";"Electricity"
"OPEX";"Taxes";"FR";"Taxes, Fees, Levies and charges - Depot";"Rigid";"BAU";"EUR/kWh";2035;"0.04";"Sensitivity | Current Policies | Vehicle insurance";"Electricity"
"OPEX";"Taxes";"FR";"Taxes, Fees, Levies and charges - Depot";"Tractor-Trailer";"BAU";"EUR/kWh";2035;"0.04";"Sensitivity | Current Policies | Vehicle insurance";"Electricity"
"OPEX";"Taxes";"IT";"Taxes, Fees, Levies and charges - Depot";"Rigid";"BAU";"EUR/kWh";2035;"0.088";"Sensitivity | Current Policies | Vehicle insurance";"Electricity"
"OPEX";"Taxes";"IT";"Taxes, Fees, Levies and charges - Depot";"Tractor-Trailer";"BAU";"EUR/kWh";2035;"0.088";"Sensitivity | Current Policies | Vehicle insurance";"Electricity"
"OPEX";"Taxes";"NL";"Taxes, Fees, Levies and charges - Depot";"Rigid";"BAU";"EUR/kWh";2035;"0.058";"Sensitivity | Current Policies | Vehicle insurance";"Electricity"
"OPEX";"Taxes";"NL";"Taxes, Fees, Levies and charges - Depot";"Tractor-Trailer";"BAU";"EUR/kWh";2035;"0.058";"Sensitivity | Current Policies | Vehicle insurance";"Electricity"
"OPEX";"Taxes";"PL";"Taxes, Fees, Levies and charges - Depot";"Rigid";"BAU";"EUR/kWh";2035;"0.053";"Sensitivity | Current Policies | Vehicle insurance";"Electricity"
"OPEX";"Taxes";"PL";"Taxes, Fees, Levies and charges - Depot";"Tractor-Trailer";"BAU";"EUR/kWh";2035;"0.053";"Sensitivity | Current Policies | Vehicle insurance";"Electricity"
"OPEX";"Taxes";"UK";"Taxes, Fees, Levies and charges - Depot";"Rigid";"BAU";"EUR/kWh";2035;"0.084";"Sensitivity | Current Policies | Vehicle insurance";"Electricity"
"OPEX";"Taxes";"UK";"Taxes, Fees, Levies and charges - Depot";"Tractor-Trailer";"BAU";"EUR/kWh";2035;"0.084";"Sensitivity | Current Policies | Vehicle insurance";"Electricity"
"OPEX";"H2 Infrastructure";"DE";"HRS costs";"Rigid";"BAU";"EUR/kg H2";2035;"1.45";"Sensitivity | Current Policies | Vehicle insurance";"Hydrogen"
"OPEX";"H2 Infrastructure";"DE";"HRS costs";"Tractor-Trailer";"BAU";"EUR/kg H2";2035;"1.45";"Sensitivity | Current Policies | Vehicle insurance";"Hydrogen"
"OPEX";"H2 Infrastructure";"ES";"HRS costs";"Rigid";"BAU";"EUR/kg H2";2035;"1.45";"Sensitivity | Current Policies | Vehicle insurance";"Hydrogen"
"OPEX";"H2 Infrastructure";"ES";"HRS costs";"Tractor-Trailer";"BAU";"EUR/kg H2";2035;"1.45";"Sensitivity | Current Policies | Vehicle insurance";"Hydrogen"
"OPEX";"H2 Infrastructure";"FR";"HRS costs";"Rigid";"BAU";"EUR/kg H2";2035;"1.45";"Sensitivity | Current Policies | Vehicle insurance";"Hydrogen"
"OPEX";"H2 Infrastructure";"FR";"HRS costs";"Tractor-Trailer";"BAU";"EUR/kg H2";2035;"1.45";"Sensitivity | Current Policies | Vehicle insurance";"Hydrogen"
"OPEX";"H2 Infrastructure";"IT";"HRS costs";"Rigid";"BAU";"EUR/kg H2";2035;"1.45";"Sensitivity | Current Policies | Vehicle insurance";"Hydrogen"
"OPEX";"H2 Infrastructure";"IT";"HRS costs";"Tractor-Trailer";"BAU";"EUR/kg H2";2035;"1.45";"Sensitivity | Current Policies | Vehicle insurance";"Hydrogen"
"OPEX";"H2 Infrastructure";"NL";"HRS costs";"Rigid";"BAU";"EUR/kg H2";2035;"1.45";"Sensitivity | Current Policies | Vehicle insurance";"Hydrogen"
"OPEX";"H2 Infrastructure";"NL";"HRS costs";"Tractor-Trailer";"BAU";"EUR/kg H2";2035;"1.45";"Sensitivity | Current Policies | Vehicle insurance";"Hydrogen"
"OPEX";"H2 Infrastructure";"PL";"HRS costs";"Rigid";"BAU";"EUR/kg H2";2035;"1.45";"Sensitivity | Current Policies | Vehicle insurance";"Hydrogen"
"OPEX";"H2 Infrastructure";"PL";"HRS costs";"Tractor-Trailer";"BAU";"EUR/kg H2";2035;"1.45";"Sensitivity | Current Policies | Vehicle insurance";"Hydrogen"
"OPEX";"H2 Infrastructure";"UK";"HRS costs";"Rigid";"BAU";"EUR/kg H2";2035;"1.45";"Sensitivity | Current Policies | Vehicle insurance";"Hydrogen"
"OPEX";"H2 Infrastructure";"UK";"HRS costs";"Tractor-Trailer";"BAU";"EUR/kg H2";2035;"1.45";"Sensitivity | Current Policies | Vehicle insurance";"Hydrogen"
"OPEX";"H2 Infrastructure";"DE";"H2 transport and distribution";"Rigid";"BAU";"EUR/kg H2";2035;"1.333";"Sensitivity | Current Policies | Vehicle insurance";"Hydrogen"
"OPEX";"H2 Infrastructure";"DE";"H2 transport and distribution";"Tractor-Trailer";"BAU";"EUR/kg H2";2035;"1.333";"Sensitivity | Current Policies | Vehicle insurance";"Hydrogen"
"OPEX";"H2 Infrastructure";"ES";"H2 transport and distribution";"Rigid";"BAU";"EUR/kg H2";2035;"1.333";"Sensitivity | Current Policies | Vehicle insurance";"Hydrogen"
"OPEX";"H2 Infrastructure";"ES";"H2 transport and distribution";"Tractor-Trailer";"BAU";"EUR/kg H2";2035;"1.333";"Sensitivity | Current Policies | Vehicle insurance";"Hydrogen"
"OPEX";"H2 Infrastructure";"FR";"H2 transport and distribution";"Rigid";"BAU";"EUR/kg H2";2035;"1.333";"Sensitivity | Current Policies | Vehicle insurance";"Hydrogen"
"OPEX";"H2 Infrastructure";"FR";"H2 transport and distribution";"Tractor-Trailer";"BAU";"EUR/kg H2";2035;"1.333";"Sensitivity | Current Policies | Vehicle insurance";"Hydrogen"
"OPEX";"H2 Infrastructure";"IT";"H2 transport and distribution";"Rigid";"BAU";"EUR/kg H2";2035;"1.333";"Sensitivity | Current Policies | Vehicle insurance";"Hydrogen"
"OPEX";"H2 Infrastructure";"IT";"H2 transport and distribution";"Tractor-Trailer";"BAU";"EUR/kg H2";2035;"1.333";"Sensitivity | Current Policies | Vehicle insurance";"Hydrogen"
"OPEX";"H2 Infrastructure";"NL";"H2 transport and distribution";"Rigid";"BAU";"EUR/kg H2";2035;"1.333";"Sensitivity | Current Policies | Vehicle insurance";"Hydrogen"
"OPEX";"H2 Infrastructure";"NL";"H2 transport and distribution";"Tractor-Trailer";"BAU";"EUR/kg H2";2035;"1.333";"Sensitivity | Current Policies | Vehicle insurance";"Hydrogen"
"OPEX";"H2 Infrastructure";"PL";"H2 transport and distribution";"Rigid";"BAU";"EUR/kg H2";2035;"1.333";"Sensitivity | Current Policies | Vehicle insurance";"Hydrogen"
"OPEX";"H2 Infrastructure";"PL";"H2 transport and distribution";"Tractor-Trailer";"BAU";"EUR/kg H2";2035;"1.333";"Sensitivity | Current Policies | Vehicle insurance";"Hydrogen"
"OPEX";"H2 Infrastructure";"UK";"H2 transport and distribution";"Rigid";"BAU";"EUR/kg H2";2035;"1.333";"Sensitivity | Current Policies | Vehicle insurance";"Hydrogen"
"OPEX";"H2 Infrastructure";"UK";"H2 transport and distribution";"Tractor-Trailer";"BAU";"EUR/kg H2";2035;"1.333";"Sensitivity | Current Policies | Vehicle insurance";"Hydrogen"
"OPEX";"H2 Infrastructure";"DE";"HRS Overhead, Profit and Mark-Up";"Rigid";"BAU";"EUR/kg H2";2035;"0.25";"Sensitivity | Current Policies | Vehicle insurance";"Hydrogen"
"OPEX";"H2 Infrastructure";"DE";"HRS Overhead, Profit and Mark-Up";"Tractor-Trailer";"BAU";"EUR/kg H2";2035;"0.25";"Sensitivity | Current Policies | Vehicle insurance";"Hydrogen"
"OPEX";"H2 Infrastructure";"ES";"HRS Overhead, Profit and Mark-Up";"Rigid";"BAU";"EUR/kg H2";2035;"0.25";"Sensitivity | Current Policies | Vehicle insurance";"Hydrogen"
"OPEX";"H2 Infrastructure";"ES";"HRS Overhead, Profit and Mark-Up";"Tractor-Trailer";"BAU";"EUR/kg H2";2035;"0.25";"Sensitivity | Current Policies | Vehicle insurance";"Hydrogen"
"OPEX";"H2 Infrastructure";"FR";"HRS Overhead, Profit and Mark-Up";"Rigid";"BAU";"EUR/kg H2";2035;"0.25";"Sensitivity | Current Policies | Vehicle insurance";"Hydrogen"
"OPEX";"H2 Infrastructure";"FR";"HRS Overhead, Profit and Mark-Up";"Tractor-Trailer";"BAU";"EUR/kg H2";2035;"0.25";"Sensitivity | Current Policies | Vehicle insurance";"Hydrogen"
"OPEX";"H2 Infrastructure";"IT";"HRS Overhead, Profit and Mark-Up";"Rigid";"BAU";"EUR/kg H2";2035;"0.25";"Sensitivity | Current Policies | Vehicle insurance";"Hydrogen"
"OPEX";"H2 Infrastructure";"IT";"HRS Overhead, Profit and Mark-Up";"Tractor-Trailer";"BAU";"EUR/kg H2";2035;"0.25";"Sensitivity | Current Policies | Vehicle insurance";"Hydrogen"
"OPEX";"H2 Infrastructure";"NL";"HRS Overhead, Profit and Mark-Up";"Rigid";"BAU";"EUR/kg H2";2035;"0.25";"Sensitivity | Current Policies | Vehicle insurance";"Hydrogen"
"OPEX";"H2 Infrastructure";"NL";"HRS Overhead, Profit and Mark-Up";"Tractor-Trailer";"BAU";"EUR/kg H2";2035;"0.25";"Sensitivity | Current Policies | Vehicle insurance";"Hydrogen"
"OPEX";"H2 Infrastructure";"PL";"HRS Overhead, Profit and Mark-Up";"Rigid";"BAU";"EUR/kg H2";2035;"0.25";"Sensitivity | Current Policies | Vehicle insurance";"Hydrogen"
"OPEX";"H2 Infrastructure";"PL";"HRS Overhead, Profit and Mark-Up";"Tractor-Trailer";"BAU";"EUR/kg H2";2035;"0.25";"Sensitivity | Current Policies | Vehicle insurance";"Hydrogen"
"OPEX";"H2 Infrastructure";"UK";"HRS Overhead, Profit and Mark-Up";"Rigid";"BAU";"EUR/kg H2";2035;"0.25";"Sensitivity | Current Policies | Vehicle insurance";"Hydrogen"
"OPEX";"H2 Infrastructure";"UK";"HRS Overhead, Profit and Mark-Up";"Tractor-Trailer";"BAU";"EUR/kg H2";2035;"0.25";"Sensitivity | Current Policies | Vehicle insurance";"Hydrogen"
"OPEX";"Charging Infrastructure";"DE";"MCS Station (Public Charging) - Incl. Overhead";"Rigid";"BAU";"EUR/kWh";2035;"0.082";"Sensitivity | Current Policies | Vehicle insurance";"Electricity"
"OPEX";"Charging Infrastructure";"DE";"MCS Station (Public Charging) - Incl. Overhead";"Tractor-Trailer";"BAU";"EUR/kWh";2035;"0.082";"Sensitivity | Current Policies | Vehicle insurance";"Electricity"
"OPEX";"Charging Infrastructure";"ES";"MCS Station (Public Charging) - Incl. Overhead";"Rigid";"BAU";"EUR/kWh";2035;"0.082";"Sensitivity | Current Policies | Vehicle insurance";"Electricity"
"OPEX";"Charging Infrastructure";"ES";"MCS Station (Public Charging) - Incl. Overhead";"Tractor-Trailer";"BAU";"EUR/kWh";2035;"0.082";"Sensitivity | Current Policies | Vehicle insurance";"Electricity"
"OPEX";"Charging Infrastructure";"FR";"MCS Station (Public Charging) - Incl. Overhead";"Rigid";"BAU";"EUR/kWh";2035;"0.082";"Sensitivity | Current Policies | Vehicle insurance";"Electricity"
"OPEX";"Charging Infrastructure";"FR";"MCS Station (Public Charging) - Incl. Overhead";"Tractor-Trailer";"BAU";"EUR/kWh";2035;"0.082";"Sensitivity | Current Policies | Vehicle insurance";"Electricity"
"OPEX";"Charging Infrastructure";"IT";"MCS Station (Public Charging) - Incl. Overhead";"Rigid";"BAU";"EUR/kWh";2035;"0.082";"Sensitivity | Current Policies | Vehicle insurance";"Electricity"
"OPEX";"Charging Infrastructure";"IT";"MCS Station (Public Charging) - Incl. Overhead";"Tractor-Trailer";"BAU";"EUR/kWh";2035;"0.082";"Sensitivity | Current Policies | Vehicle insurance";"Electricity"
"OPEX";"Charging Infrastructure";"NL";"MCS Station (Public Charging) - Incl. Overhead";"Rigid";"BAU";"EUR/kWh";2035;"0.082";"Sensitivity | Current Policies | Vehicle insurance";"Electricity"
"OPEX";"Charging Infrastructure";"NL";"MCS Station (Public Charging) - Incl. Overhead";"Tractor-Trailer";"BAU";"EUR/kWh";2035;"0.082";"Sensitivity | Current Policies | Vehicle insurance";"Electricity"
"OPEX";"Charging Infrastructure";"PL";"MCS Station (Public Charging) - Incl. Overhead";"Rigid";"BAU";"EUR/kWh";2035;"0.082";"Sensitivity | Current Policies | Vehicle insurance";"Electricity"
"OPEX";"Charging Infrastructure";"PL";"MCS Station (Public Charging) - Incl. Overhead";"Tractor-Trailer";"BAU";"EUR/kWh";2035;"0.082";"Sensitivity | Current Policies | Vehicle insurance";"Electricity"
"OPEX";"Charging Infrastructure";"UK";"MCS Station (Public Charging) - Incl. Overhead";"Rigid";"BAU";"EUR/kWh";2035;"0.082";"Sensitivity | Current Policies | Vehicle insurance";"Electricity"
"OPEX";"Charging Infrastructure";"UK";"MCS Station (Public Charging) - Incl. Overhead";"Tractor-Trailer";"BAU";"EUR/kWh";2035;"0.082";"Sensitivity | Current Policies | Vehicle insurance";"Electricity"
"OPEX";"Charging Infrastructure";"DE";"Share MCS-Charging";"Rigid";"BAU";"%";2035;"0.2";"Sensitivity | Current Policies | Vehicle insurance";"Electricity"
"OPEX";"Charging Infrastructure";"DE";"Share MCS-Charging";"Tractor-Trailer";"BAU";"%";2035;"0.2";"Sensitivity | Current Policies | Vehicle insurance";"Electricity"
"OPEX";"Charging Infrastructure";"ES";"Share MCS-Charging";"Rigid";"BAU";"%";2035;"0.2";"Sensitivity | Current Policies | Vehicle insurance";"Electricity"
"OPEX";"Charging Infrastructure";"ES";"Share MCS-Charging";"Tractor-Trailer";"BAU";"%";2035;"0.2";"Sensitivity | Current Policies | Vehicle insurance";"Electricity"
"OPEX";"Charging Infrastructure";"FR";"Share MCS-Charging";"Rigid";"BAU";"%";2035;"0.2";"Sensitivity | Current Policies | Vehicle insurance";"Electricity"
"OPEX";"Charging Infrastructure";"FR";"Share MCS-Charging";"Tractor-Trailer";"BAU";"%";2035;"0.2";"Sensitivity | Current Policies | Vehicle insurance";"Electricity"
"OPEX";"Charging Infrastructure";"IT";"Share MCS-Charging";"Rigid";"BAU";"%";2035;"0.2";"Sensitivity | Current Policies | Vehicle insurance";"Electricity"
"OPEX";"Charging Infrastructure";"IT";"Share MCS-Charging";"Tractor-Trailer";"BAU";"%";2035;"0.2";"Sensitivity | Current Policies | Vehicle insurance";"Electricity"
"OPEX";"Charging Infrastructure";"NL";"Share MCS-Charging";"Rigid";"BAU";"%";2035;"0.2";"Sensitivity | Current Policies | Vehicle insurance";"Electricity"
"OPEX";"Charging Infrastructure";"NL";"Share MCS-Charging";"Tractor-Trailer";"BAU";"%";2035;"0.2";"Sensitivity | Current Policies | Vehicle insurance";"Electricity"
"OPEX";"Charging Infrastructure";"PL";"Share MCS-Charging";"Rigid";"BAU";"%";2035;"0.2";"Sensitivity | Current Policies | Vehicle insurance";"Electricity"
"OPEX";"Charging Infrastructure";"PL";"Share MCS-Charging";"Tractor-Trailer";"BAU";"%";2035;"0.2";"Sensitivity | Current Policies | Vehicle insurance";"Electricity"
"OPEX";"Charging Infrastructure";"UK";"Share MCS-Charging";"Rigid";"BAU";"%";2035;"0.2";"Sensitivity | Current Policies | Vehicle insurance";"Electricity"
"OPEX";"Charging Infrastructure";"UK";"Share MCS-Charging";"Tractor-Trailer";"BAU";"%";2035;"0.2";"Sensitivity | Current Policies | Vehicle insurance";"Electricity"
"OPEX";"Charging Infrastructure";"DE";"Depot - Network fees savings potential";"Rigid";"BAU";"EUR/kWh";2035;"0";"Sensitivity | Current Policies | Vehicle insurance";"Electricity"
"OPEX";"Charging Infrastructure";"DE";"Depot - Network fees savings potential";"Tractor-Trailer";"BAU";"EUR/kWh";2035;"0";"Sensitivity | Current Policies | Vehicle insurance";"Electricity"
"OPEX";"Charging Infrastructure";"ES";"Depot - Network fees savings potential";"Rigid";"BAU";"EUR/kWh";2035;"0";"Sensitivity | Current Policies | Vehicle insurance";"Electricity"
"OPEX";"Charging Infrastructure";"ES";"Depot - Network fees savings potential";"Tractor-Trailer";"BAU";"EUR/kWh";2035;"0";"Sensitivity | Current Policies | Vehicle insurance";"Electricity"
"OPEX";"Charging Infrastructure";"FR";"Depot - Network fees savings potential";"Rigid";"BAU";"EUR/kWh";2035;"0";"Sensitivity | Current Policies | Vehicle insurance";"Electricity"
"OPEX";"Charging Infrastructure";"FR";"Depot - Network fees savings potential";"Tractor-Trailer";"BAU";"EUR/kWh";2035;"0";"Sensitivity | Current Policies | Vehicle insurance";"Electricity"
"OPEX";"Charging Infrastructure";"IT";"Depot - Network fees savings potential";"Rigid";"BAU";"EUR/kWh";2035;"0";"Sensitivity | Current Policies | Vehicle insurance";"Electricity"
"OPEX";"Charging Infrastructure";"IT";"Depot - Network fees savings potential";"Tractor-Trailer";"BAU";"EUR/kWh";2035;"0";"Sensitivity | Current Policies | Vehicle insurance";"Electricity"
"OPEX";"Charging Infrastructure";"NL";"Depot - Network fees savings potential";"Rigid";"BAU";"EUR/kWh";2035;"0";"Sensitivity | Current Policies | Vehicle insurance";"Electricity"
"OPEX";"Charging Infrastructure";"NL";"Depot - Network fees savings potential";"Tractor-Trailer";"BAU";"EUR/kWh";2035;"0";"Sensitivity | Current Policies | Vehicle insurance";"Electricity"
"OPEX";"Charging Infrastructure";"PL";"Depot - Network fees savings potential";"Rigid";"BAU";"EUR/kWh";2035;"0";"Sensitivity | Current Policies | Vehicle insurance";"Electricity"
"OPEX";"Charging Infrastructure";"PL";"Depot - Network fees savings potential";"Tractor-Trailer";"BAU";"EUR/kWh";2035;"0";"Sensitivity | Current Policies | Vehicle insurance";"Electricity"
"OPEX";"Charging Infrastructure";"UK";"Depot - Network fees savings potential";"Rigid";"BAU";"EUR/kWh";2035;"0";"Sensitivity | Current Policies | Vehicle insurance";"Electricity"
"OPEX";"Charging Infrastructure";"UK";"Depot - Network fees savings potential";"Tractor-Trailer";"BAU";"EUR/kWh";2035;"0";"Sensitivity | Current Policies | Vehicle insurance";"Electricity"
"OPEX";"Taxes";"DE";"Tax reduction";"Rigid";"BAU";"%";2035;"-1";"Sensitivity | Current Policies | Vehicle insurance";"Hydrogen"
"OPEX";"Taxes";"DE";"Tax reduction";"Tractor-Trailer";"BAU";"%";2035;"-1";"Sensitivity | Current Policies | Vehicle insurance";"Hydrogen"
"OPEX";"Taxes";"ES";"Tax reduction";"Rigid";"BAU";"%";2035;"-1";"Sensitivity | Current Policies | Vehicle insurance";"Hydrogen"
"OPEX";"Taxes";"ES";"Tax reduction";"Tractor-Trailer";"BAU";"%";2035;"-1";"Sensitivity | Current Policies | Vehicle insurance";"Hydrogen"
"OPEX";"Taxes";"FR";"Tax reduction";"Rigid";"BAU";"%";2035;"-1";"Sensitivity | Current Policies | Vehicle insurance";"Hydrogen"
"OPEX";"Taxes";"FR";"Tax reduction";"Tractor-Trailer";"BAU";"%";2035;"-1";"Sensitivity | Current Policies | Vehicle insurance";"Hydrogen"
"OPEX";"Taxes";"IT";"Tax reduction";"Rigid";"BAU";"%";2035;"-1";"Sensitivity | Current Policies | Vehicle insurance";"Hydrogen"
"OPEX";"Taxes";"IT";"Tax reduction";"Tractor-Trailer";"BAU";"%";2035;"-1";"Sensitivity | Current Policies | Vehicle insurance";"Hydrogen"
"OPEX";"Taxes";"NL";"Tax reduction";"Rigid";"BAU";"%";2035;"-1";"Sensitivity | Current Policies | Vehicle insurance";"Hydrogen"
"OPEX";"Taxes";"NL";"Tax reduction";"Tractor-Trailer";"BAU";"%";2035;"-1";"Sensitivity | Current Policies | Vehicle insurance";"Hydrogen"
"OPEX";"Taxes";"PL";"Tax reduction";"Rigid";"BAU";"%";2035;"-1";"Sensitivity | Current Policies | Vehicle insurance";"Hydrogen"
"OPEX";"Taxes";"PL";"Tax reduction";"Tractor-Trailer";"BAU";"%";2035;"-1";"Sensitivity | Current Policies | Vehicle insurance";"Hydrogen"
"OPEX";"Taxes";"UK";"Tax reduction";"Rigid";"BAU";"%";2035;"-1";"Sensitivity | Current Policies | Vehicle insurance";"Hydrogen"
"OPEX";"Taxes";"UK";"Tax reduction";"Tractor-Trailer";"BAU";"%";2035;"-1";"Sensitivity | Current Policies | Vehicle insurance";"Hydrogen"
"OPEX";"Taxes";"DE";"Increasing grid fees";"Rigid";"BAU";"%";2035;"0.25";"Sensitivity | Current Policies | Vehicle insurance";"Electricity"
"OPEX";"Taxes";"DE";"Increasing grid fees";"Tractor-Trailer";"BAU";"%";2035;"0.25";"Sensitivity | Current Policies | Vehicle insurance";"Electricity"
"OPEX";"Taxes";"ES";"Increasing grid fees";"Rigid";"BAU";"%";2035;"0.25";"Sensitivity | Current Policies | Vehicle insurance";"Electricity"
"OPEX";"Taxes";"ES";"Increasing grid fees";"Tractor-Trailer";"BAU";"%";2035;"0.25";"Sensitivity | Current Policies | Vehicle insurance";"Electricity"
"OPEX";"Taxes";"FR";"Increasing grid fees";"Rigid";"BAU";"%";2035;"0.25";"Sensitivity | Current Policies | Vehicle insurance";"Electricity"
"OPEX";"Taxes";"FR";"Increasing grid fees";"Tractor-Trailer";"BAU";"%";2035;"0.25";"Sensitivity | Current Policies | Vehicle insurance";"Electricity"
"OPEX";"Taxes";"IT";"Increasing grid fees";"Rigid";"BAU";"%";2035;"0.25";"Sensitivity | Current Policies | Vehicle insurance";"Electricity"
"OPEX";"Taxes";"IT";"Increasing grid fees";"Tractor-Trailer";"BAU";"%";2035;"0.25";"Sensitivity | Current Policies | Vehicle insurance";"Electricity"
"OPEX";"Taxes";"NL";"Increasing grid fees";"Rigid";"BAU";"%";2035;"0.25";"Sensitivity | Current Policies | Vehicle insurance";"Electricity"
"OPEX";"Taxes";"NL";"Increasing grid fees";"Tractor-Trailer";"BAU";"%";2035;"0.25";"Sensitivity | Current Policies | Vehicle insurance";"Electricity"
"OPEX";"Taxes";"PL";"Increasing grid fees";"Rigid";"BAU";"%";2035;"0.25";"Sensitivity | Current Policies | Vehicle insurance";"Electricity"
"OPEX";"Taxes";"PL";"Increasing grid fees";"Tractor-Trailer";"BAU";"%";2035;"0.25";"Sensitivity | Current Policies | Vehicle insurance";"Electricity"
"OPEX";"Taxes";"UK";"Increasing grid fees";"Rigid";"BAU";"%";2035;"0.25";"Sensitivity | Current Policies | Vehicle insurance";"Electricity"
"OPEX";"Taxes";"UK";"Increasing grid fees";"Tractor-Trailer";"BAU";"%";2035;"0.25";"Sensitivity | Current Policies | Vehicle insurance";"Electricity"
"OPEX";"Taxes";"DE";"Excise Duty - Diesel";"Rigid";"BAU";"EUR/kWh";2040;"0.047";"Sensitivity | Current Policies | Vehicle insurance";"Diesel"
"OPEX";"Taxes";"DE";"Excise Duty - Diesel";"Tractor-Trailer";"BAU";"EUR/kWh";2040;"0.047";"Sensitivity | Current Policies | Vehicle insurance";"Diesel"
"OPEX";"Taxes";"ES";"Excise Duty - Diesel";"Rigid";"BAU";"EUR/kWh";2040;"0.038";"Sensitivity | Current Policies | Vehicle insurance";"Diesel"
"OPEX";"Taxes";"ES";"Excise Duty - Diesel";"Tractor-Trailer";"BAU";"EUR/kWh";2040;"0.038";"Sensitivity | Current Policies | Vehicle insurance";"Diesel"
"OPEX";"Taxes";"FR";"Excise Duty - Diesel";"Rigid";"BAU";"EUR/kWh";2040;"0.06";"Sensitivity | Current Policies | Vehicle insurance";"Diesel"
"OPEX";"Taxes";"FR";"Excise Duty - Diesel";"Tractor-Trailer";"BAU";"EUR/kWh";2040;"0.06";"Sensitivity | Current Policies | Vehicle insurance";"Diesel"
"OPEX";"Taxes";"IT";"Excise Duty - Diesel";"Rigid";"BAU";"EUR/kWh";2040;"0.062";"Sensitivity | Current Policies | Vehicle insurance";"Diesel"
"OPEX";"Taxes";"IT";"Excise Duty - Diesel";"Tractor-Trailer";"BAU";"EUR/kWh";2040;"0.062";"Sensitivity | Current Policies | Vehicle insurance";"Diesel"
"OPEX";"Taxes";"NL";"Excise Duty - Diesel";"Rigid";"BAU";"EUR/kWh";2040;"0.053";"Sensitivity | Current Policies | Vehicle insurance";"Diesel"
"OPEX";"Taxes";"NL";"Excise Duty - Diesel";"Tractor-Trailer";"BAU";"EUR/kWh";2040;"0.053";"Sensitivity | Current Policies | Vehicle insurance";"Diesel"
"OPEX";"Taxes";"PL";"Excise Duty - Diesel";"Rigid";"BAU";"EUR/kWh";2040;"0.033";"Sensitivity | Current Policies | Vehicle insurance";"Diesel"
"OPEX";"Taxes";"PL";"Excise Duty - Diesel";"Tractor-Trailer";"BAU";"EUR/kWh";2040;"0.033";"Sensitivity | Current Policies | Vehicle insurance";"Diesel"
"OPEX";"Taxes";"UK";"Excise Duty - Diesel";"Rigid";"BAU";"EUR/kWh";2040;"0.053";"Sensitivity | Current Policies | Vehicle insurance";"Diesel"
"OPEX";"Taxes";"UK";"Excise Duty - Diesel";"Tractor-Trailer";"BAU";"EUR/kWh";2040;"0.053";"Sensitivity | Current Policies | Vehicle insurance";"Diesel"
"OPEX";"Taxes";"DE";"Excise Duty - Reduction biodiesel";"Rigid";"BAU";"%";2040;"0.5";"Sensitivity | Current Policies | Vehicle insurance";"Diesel"
"OPEX";"Taxes";"DE";"Excise Duty - Reduction biodiesel";"Tractor-Trailer";"BAU";"%";2040;"0.5";"Sensitivity | Current Policies | Vehicle insurance";"Diesel"
"OPEX";"Taxes";"ES";"Excise Duty - Reduction biodiesel";"Rigid";"BAU";"%";2040;"0.5";"Sensitivity | Current Policies | Vehicle insurance";"Diesel"
"OPEX";"Taxes";"ES";"Excise Duty - Reduction biodiesel";"Tractor-Trailer";"BAU";"%";2040;"0.5";"Sensitivity | Current Policies | Vehicle insurance";"Diesel"
"OPEX";"Taxes";"FR";"Excise Duty - Reduction biodiesel";"Rigid";"BAU";"%";2040;"0.5";"Sensitivity | Current Policies | Vehicle insurance";"Diesel"
"OPEX";"Taxes";"FR";"Excise Duty - Reduction biodiesel";"Tractor-Trailer";"BAU";"%";2040;"0.5";"Sensitivity | Current Policies | Vehicle insurance";"Diesel"
"OPEX";"Taxes";"IT";"Excise Duty - Reduction biodiesel";"Rigid";"BAU";"%";2040;"0.5";"Sensitivity | Current Policies | Vehicle insurance";"Diesel"
"OPEX";"Taxes";"IT";"Excise Duty - Reduction biodiesel";"Tractor-Trailer";"BAU";"%";2040;"0.5";"Sensitivity | Current Policies | Vehicle insurance";"Diesel"
"OPEX";"Taxes";"NL";"Excise Duty - Reduction biodiesel";"Rigid";"BAU";"%";2040;"0.5";"Sensitivity | Current Policies | Vehicle insurance";"Diesel"
"OPEX";"Taxes";"NL";"Excise Duty - Reduction biodiesel";"Tractor-Trailer";"BAU";"%";2040;"0.5";"Sensitivity | Current Policies | Vehicle insurance";"Diesel"
"OPEX";"Taxes";"PL";"Excise Duty - Reduction biodiesel";"Rigid";"BAU";"%";2040;"0.5";"Sensitivity | Current Policies | Vehicle insurance";"Diesel"
"OPEX";"Taxes";"PL";"Excise Duty - Reduction biodiesel";"Tractor-Trailer";"BAU";"%";2040;"0.5";"Sensitivity | Current Policies | Vehicle insurance";"Diesel"
"OPEX";"Taxes";"UK";"Excise Duty - Reduction biodiesel";"Rigid";"BAU";"%";2040;"0.5";"Sensitivity | Current Policies | Vehicle insurance";"Diesel"
"OPEX";"Taxes";"UK";"Excise Duty - Reduction biodiesel";"Tractor-Trailer";"BAU";"%";2040;"0.5";"Sensitivity | Current Policies | Vehicle insurance";"Diesel"
"OPEX";"Taxes";"DE";"Excise Duty - Reduction Synthetic Diesel (E-Fuels)";"Rigid";"BAU";"%";2040;"0.5";"Sensitivity | Current Policies | Vehicle insurance";"Diesel"
"OPEX";"Taxes";"DE";"Excise Duty - Reduction Synthetic Diesel (E-Fuels)";"Tractor-Trailer";"BAU";"%";2040;"0.5";"Sensitivity | Current Policies | Vehicle insurance";"Diesel"
"OPEX";"Taxes";"ES";"Excise Duty - Reduction Synthetic Diesel (E-Fuels)";"Rigid";"BAU";"%";2040;"0.5";"Sensitivity | Current Policies | Vehicle insurance";"Diesel"
"OPEX";"Taxes";"ES";"Excise Duty - Reduction Synthetic Diesel (E-Fuels)";"Tractor-Trailer";"BAU";"%";2040;"0.5";"Sensitivity | Current Policies | Vehicle insurance";"Diesel"
"OPEX";"Taxes";"FR";"Excise Duty - Reduction Synthetic Diesel (E-Fuels)";"Rigid";"BAU";"%";2040;"0.5";"Sensitivity | Current Policies | Vehicle insurance";"Diesel"
"OPEX";"Taxes";"FR";"Excise Duty - Reduction Synthetic Diesel (E-Fuels)";"Tractor-Trailer";"BAU";"%";2040;"0.5";"Sensitivity | Current Policies | Vehicle insurance";"Diesel"
"OPEX";"Taxes";"IT";"Excise Duty - Reduction Synthetic Diesel (E-Fuels)";"Rigid";"BAU";"%";2040;"0.5";"Sensitivity | Current Policies | Vehicle insurance";"Diesel"
"OPEX";"Taxes";"IT";"Excise Duty - Reduction Synthetic Diesel (E-Fuels)";"Tractor-Trailer";"BAU";"%";2040;"0.5";"Sensitivity | Current Policies | Vehicle insurance";"Diesel"
"OPEX";"Taxes";"NL";"Excise Duty - Reduction Synthetic Diesel (E-Fuels)";"Rigid";"BAU";"%";2040;"0.5";"Sensitivity | Current Policies | Vehicle insurance";"Diesel"
"OPEX";"Taxes";"NL";"Excise Duty - Reduction Synthetic Diesel (E-Fuels)";"Tractor-Trailer";"BAU";"%";2040;"0.5";"Sensitivity | Current Policies | Vehicle insurance";"Diesel"
"OPEX";"Taxes";"PL";"Excise Duty - Reduction Synthetic Diesel (E-Fuels)";"Rigid";"BAU";"%";2040;"0.5";"Sensitivity | Current Policies | Vehicle insurance";"Diesel"
"OPEX";"Taxes";"PL";"Excise Duty - Reduction Synthetic Diesel (E-Fuels)";"Tractor-Trailer";"BAU";"%";2040;"0.5";"Sensitivity | Current Policies | Vehicle insurance";"Diesel"
"OPEX";"Taxes";"UK";"Excise Duty - Reduction Synthetic Diesel (E-Fuels)";"Rigid";"BAU";"%";2040;"0.5";"Sensitivity | Current Policies | Vehicle insurance";"Diesel"
"OPEX";"Taxes";"UK";"Excise Duty - Reduction Synthetic Diesel (E-Fuels)";"Tractor-Trailer";"BAU";"%";2040;"0.5";"Sensitivity | Current Policies | Vehicle insurance";"Diesel"
"OPEX";"Taxes";"DE";"Taxes, Fees, Levies and charges - H2";"Rigid";"BAU";"EUR/kWh";2040;"0.015";"Sensitivity | Current Policies | Vehicle insurance";"Hydrogen"
"OPEX";"Taxes";"DE";"Taxes, Fees, Levies and charges - H2";"Tractor-Trailer";"BAU";"EUR/kWh";2040;"0.015";"Sensitivity | Current Policies | Vehicle insurance";"Hydrogen"
"OPEX";"Taxes";"ES";"Taxes, Fees, Levies and charges - H2";"Rigid";"BAU";"EUR/kWh";2040;"0.008";"Sensitivity | Current Policies | Vehicle insurance";"Hydrogen"
"OPEX";"Taxes";"ES";"Taxes, Fees, Levies and charges - H2";"Tractor-Trailer";"BAU";"EUR/kWh";2040;"0.008";"Sensitivity | Current Policies | Vehicle insurance";"Hydrogen"
"OPEX";"Taxes";"FR";"Taxes, Fees, Levies and charges - H2";"Rigid";"BAU";"EUR/kWh";2040;"0.012";"Sensitivity | Current Policies | Vehicle insurance";"Hydrogen"
"OPEX";"Taxes";"FR";"Taxes, Fees, Levies and charges - H2";"Tractor-Trailer";"BAU";"EUR/kWh";2040;"0.012";"Sensitivity | Current Policies | Vehicle insurance";"Hydrogen"
"OPEX";"Taxes";"IT";"Taxes, Fees, Levies and charges - H2";"Rigid";"BAU";"EUR/kWh";2040;"0.009";"Sensitivity | Current Policies | Vehicle insurance";"Hydrogen"
"OPEX";"Taxes";"IT";"Taxes, Fees, Levies and charges - H2";"Tractor-Trailer";"BAU";"EUR/kWh";2040;"0.009";"Sensitivity | Current Policies | Vehicle insurance";"Hydrogen"
"OPEX";"Taxes";"NL";"Taxes, Fees, Levies and charges - H2";"Rigid";"BAU";"EUR/kWh";2040;"0.024";"Sensitivity | Current Policies | Vehicle insurance";"Hydrogen"
"OPEX";"Taxes";"NL";"Taxes, Fees, Levies and charges - H2";"Tractor-Trailer";"BAU";"EUR/kWh";2040;"0.024";"Sensitivity | Current Policies | Vehicle insurance";"Hydrogen"
"OPEX";"Taxes";"PL";"Taxes, Fees, Levies and charges - H2";"Rigid";"BAU";"EUR/kWh";2040;"0.009";"Sensitivity | Current Policies | Vehicle insurance";"Hydrogen"
"OPEX";"Taxes";"PL";"Taxes, Fees, Levies and charges - H2";"Tractor-Trailer";"BAU";"EUR/kWh";2040;"0.009";"Sensitivity | Current Policies | Vehicle insurance";"Hydrogen"
"OPEX";"Taxes";"UK";"Taxes, Fees, Levies and charges - H2";"Rigid";"BAU";"EUR/kWh";2040;"0.006";"Sensitivity | Current Policies | Vehicle insurance";"Hydrogen"
"OPEX";"Taxes";"UK";"Taxes, Fees, Levies and charges - H2";"Tractor-Trailer";"BAU";"EUR/kWh";2040;"0.006";"Sensitivity | Current Policies | Vehicle insurance";"Hydrogen"
"OPEX";"Charging Infrastructure";"DE";"MCS grid extension";"Rigid";"BAU";"EUR/kWh";2040;"0.055";"Sensitivity | Current Policies | Vehicle insurance";"Electricity"
"OPEX";"Charging Infrastructure";"DE";"MCS grid extension";"Tractor-Trailer";"BAU";"EUR/kWh";2040;"0.055";"Sensitivity | Current Policies | Vehicle insurance";"Electricity"
"OPEX";"Charging Infrastructure";"ES";"MCS grid extension";"Rigid";"BAU";"EUR/kWh";2040;"0.055";"Sensitivity | Current Policies | Vehicle insurance";"Electricity"
"OPEX";"Charging Infrastructure";"ES";"MCS grid extension";"Tractor-Trailer";"BAU";"EUR/kWh";2040;"0.055";"Sensitivity | Current Policies | Vehicle insurance";"Electricity"
"OPEX";"Charging Infrastructure";"FR";"MCS grid extension";"Rigid";"BAU";"EUR/kWh";2040;"0.055";"Sensitivity | Current Policies | Vehicle insurance";"Electricity"
"OPEX";"Charging Infrastructure";"FR";"MCS grid extension";"Tractor-Trailer";"BAU";"EUR/kWh";2040;"0.055";"Sensitivity | Current Policies | Vehicle insurance";"Electricity"
"OPEX";"Charging Infrastructure";"IT";"MCS grid extension";"Rigid";"BAU";"EUR/kWh";2040;"0.055";"Sensitivity | Current Policies | Vehicle insurance";"Electricity"
"OPEX";"Charging Infrastructure";"IT";"MCS grid extension";"Tractor-Trailer";"BAU";"EUR/kWh";2040;"0.055";"Sensitivity | Current Policies | Vehicle insurance";"Electricity"
"OPEX";"Charging Infrastructure";"NL";"MCS grid extension";"Rigid";"BAU";"EUR/kWh";2040;"0.055";"Sensitivity | Current Policies | Vehicle insurance";"Electricity"
"OPEX";"Charging Infrastructure";"NL";"MCS grid extension";"Tractor-Trailer";"BAU";"EUR/kWh";2040;"0.055";"Sensitivity | Current Policies | Vehicle insurance";"Electricity"
"OPEX";"Charging Infrastructure";"PL";"MCS grid extension";"Rigid";"BAU";"EUR/kWh";2040;"0.055";"Sensitivity | Current Policies | Vehicle insurance";"Electricity"
"OPEX";"Charging Infrastructure";"PL";"MCS grid extension";"Tractor-Trailer";"BAU";"EUR/kWh";2040;"0.055";"Sensitivity | Current Policies | Vehicle insurance";"Electricity"
"OPEX";"Charging Infrastructure";"UK";"MCS grid extension";"Rigid";"BAU";"EUR/kWh";2040;"0.055";"Sensitivity | Current Policies | Vehicle insurance";"Electricity"
"OPEX";"Charging Infrastructure";"UK";"MCS grid extension";"Tractor-Trailer";"BAU";"EUR/kWh";2040;"0.055";"Sensitivity | Current Policies | Vehicle insurance";"Electricity"
"OPEX";"Charging Infrastructure";"DE";"MCS Profit and Mark-Up";"Rigid";"BAU";"%";2040;"0.1";"Sensitivity | Current Policies | Vehicle insurance";"Electricity"
"OPEX";"Charging Infrastructure";"DE";"MCS Profit and Mark-Up";"Tractor-Trailer";"BAU";"%";2040;"0.1";"Sensitivity | Current Policies | Vehicle insurance";"Electricity"
"OPEX";"Charging Infrastructure";"ES";"MCS Profit and Mark-Up";"Rigid";"BAU";"%";2040;"0.1";"Sensitivity | Current Policies | Vehicle insurance";"Electricity"
"OPEX";"Charging Infrastructure";"ES";"MCS Profit and Mark-Up";"Tractor-Trailer";"BAU";"%";2040;"0.1";"Sensitivity | Current Policies | Vehicle insurance";"Electricity"
"OPEX";"Charging Infrastructure";"FR";"MCS Profit and Mark-Up";"Rigid";"BAU";"%";2040;"0.1";"Sensitivity | Current Policies | Vehicle insurance";"Electricity"
"OPEX";"Charging Infrastructure";"FR";"MCS Profit and Mark-Up";"Tractor-Trailer";"BAU";"%";2040;"0.1";"Sensitivity | Current Policies | Vehicle insurance";"Electricity"
"OPEX";"Charging Infrastructure";"IT";"MCS Profit and Mark-Up";"Rigid";"BAU";"%";2040;"0.1";"Sensitivity | Current Policies | Vehicle insurance";"Electricity"
"OPEX";"Charging Infrastructure";"IT";"MCS Profit and Mark-Up";"Tractor-Trailer";"BAU";"%";2040;"0.1";"Sensitivity | Current Policies | Vehicle insurance";"Electricity"
"OPEX";"Charging Infrastructure";"NL";"MCS Profit and Mark-Up";"Rigid";"BAU";"%";2040;"0.1";"Sensitivity | Current Policies | Vehicle insurance";"Electricity"
"OPEX";"Charging Infrastructure";"NL";"MCS Profit and Mark-Up";"Tractor-Trailer";"BAU";"%";2040;"0.1";"Sensitivity | Current Policies | Vehicle insurance";"Electricity"
"OPEX";"Charging Infrastructure";"PL";"MCS Profit and Mark-Up";"Rigid";"BAU";"%";2040;"0.1";"Sensitivity | Current Policies | Vehicle insurance";"Electricity"
"OPEX";"Charging Infrastructure";"PL";"MCS Profit and Mark-Up";"Tractor-Trailer";"BAU";"%";2040;"0.1";"Sensitivity | Current Policies | Vehicle insurance";"Electricity"
"OPEX";"Charging Infrastructure";"UK";"MCS Profit and Mark-Up";"Rigid";"BAU";"%";2040;"0.1";"Sensitivity | Current Policies | Vehicle insurance";"Electricity"
"OPEX";"Charging Infrastructure";"UK";"MCS Profit and Mark-Up";"Tractor-Trailer";"BAU";"%";2040;"0.1";"Sensitivity | Current Policies | Vehicle insurance";"Electricity"
"OPEX";"Charging Infrastructure";"DE";"CCS Station (Depot) - Incl. Overhead";"Rigid";"BAU";"EUR/kWh";2040;"0.024";"Sensitivity | Current Policies | Vehicle insurance";"Electricity"
"OPEX";"Charging Infrastructure";"DE";"CCS Station (Depot) - Incl. Overhead";"Tractor-Trailer";"BAU";"EUR/kWh";2040;"0.024";"Sensitivity | Current Policies | Vehicle insurance";"Electricity"
"OPEX";"Charging Infrastructure";"ES";"CCS Station (Depot) - Incl. Overhead";"Rigid";"BAU";"EUR/kWh";2040;"0.024";"Sensitivity | Current Policies | Vehicle insurance";"Electricity"
"OPEX";"Charging Infrastructure";"ES";"CCS Station (Depot) - Incl. Overhead";"Tractor-Trailer";"BAU";"EUR/kWh";2040;"0.024";"Sensitivity | Current Policies | Vehicle insurance";"Electricity"
"OPEX";"Charging Infrastructure";"FR";"CCS Station (Depot) - Incl. Overhead";"Rigid";"BAU";"EUR/kWh";2040;"0.024";"Sensitivity | Current Policies | Vehicle insurance";"Electricity"
"OPEX";"Charging Infrastructure";"FR";"CCS Station (Depot) - Incl. Overhead";"Tractor-Trailer";"BAU";"EUR/kWh";2040;"0.024";"Sensitivity | Current Policies | Vehicle insurance";"Electricity"
"OPEX";"Charging Infrastructure";"IT";"CCS Station (Depot) - Incl. Overhead";"Rigid";"BAU";"EUR/kWh";2040;"0.024";"Sensitivity | Current Policies | Vehicle insurance";"Electricity"
"OPEX";"Charging Infrastructure";"IT";"CCS Station (Depot) - Incl. Overhead";"Tractor-Trailer";"BAU";"EUR/kWh";2040;"0.024";"Sensitivity | Current Policies | Vehicle insurance";"Electricity"
"OPEX";"Charging Infrastructure";"NL";"CCS Station (Depot) - Incl. Overhead";"Rigid";"BAU";"EUR/kWh";2040;"0.024";"Sensitivity | Current Policies | Vehicle insurance";"Electricity"
"OPEX";"Charging Infrastructure";"NL";"CCS Station (Depot) - Incl. Overhead";"Tractor-Trailer";"BAU";"EUR/kWh";2040;"0.024";"Sensitivity | Current Policies | Vehicle insurance";"Electricity"
"OPEX";"Charging Infrastructure";"PL";"CCS Station (Depot) - Incl. Overhead";"Rigid";"BAU";"EUR/kWh";2040;"0.024";"Sensitivity | Current Policies | Vehicle insurance";"Electricity"
"OPEX";"Charging Infrastructure";"PL";"CCS Station (Depot) - Incl. Overhead";"Tractor-Trailer";"BAU";"EUR/kWh";2040;"0.024";"Sensitivity | Current Policies | Vehicle insurance";"Electricity"
"OPEX";"Charging Infrastructure";"UK";"CCS Station (Depot) - Incl. Overhead";"Rigid";"BAU";"EUR/kWh";2040;"0.024";"Sensitivity | Current Policies | Vehicle insurance";"Electricity"
"OPEX";"Charging Infrastructure";"UK";"CCS Station (Depot) - Incl. Overhead";"Tractor-Trailer";"BAU";"EUR/kWh";2040;"0.024";"Sensitivity | Current Policies | Vehicle insurance";"Electricity"
"OPEX";"Charging Infrastructure";"DE";"CCS grid extension";"Rigid";"BAU";"EUR/kWh";2040;"0.045";"Sensitivity | Current Policies | Vehicle insurance";"Electricity"
"OPEX";"Charging Infrastructure";"DE";"CCS grid extension";"Tractor-Trailer";"BAU";"EUR/kWh";2040;"0.045";"Sensitivity | Current Policies | Vehicle insurance";"Electricity"
"OPEX";"Charging Infrastructure";"ES";"CCS grid extension";"Rigid";"BAU";"EUR/kWh";2040;"0.045";"Sensitivity | Current Policies | Vehicle insurance";"Electricity"
"OPEX";"Charging Infrastructure";"ES";"CCS grid extension";"Tractor-Trailer";"BAU";"EUR/kWh";2040;"0.045";"Sensitivity | Current Policies | Vehicle insurance";"Electricity"
"OPEX";"Charging Infrastructure";"FR";"CCS grid extension";"Rigid";"BAU";"EUR/kWh";2040;"0.045";"Sensitivity | Current Policies | Vehicle insurance";"Electricity"
"OPEX";"Charging Infrastructure";"FR";"CCS grid extension";"Tractor-Trailer";"BAU";"EUR/kWh";2040;"0.045";"Sensitivity | Current Policies | Vehicle insurance";"Electricity"
"OPEX";"Charging Infrastructure";"IT";"CCS grid extension";"Rigid";"BAU";"EUR/kWh";2040;"0.045";"Sensitivity | Current Policies | Vehicle insurance";"Electricity"
"OPEX";"Charging Infrastructure";"IT";"CCS grid extension";"Tractor-Trailer";"BAU";"EUR/kWh";2040;"0.045";"Sensitivity | Current Policies | Vehicle insurance";"Electricity"
"OPEX";"Charging Infrastructure";"NL";"CCS grid extension";"Rigid";"BAU";"EUR/kWh";2040;"0.045";"Sensitivity | Current Policies | Vehicle insurance";"Electricity"
"OPEX";"Charging Infrastructure";"NL";"CCS grid extension";"Tractor-Trailer";"BAU";"EUR/kWh";2040;"0.045";"Sensitivity | Current Policies | Vehicle insurance";"Electricity"
"OPEX";"Charging Infrastructure";"PL";"CCS grid extension";"Rigid";"BAU";"EUR/kWh";2040;"0.045";"Sensitivity | Current Policies | Vehicle insurance";"Electricity"
"OPEX";"Charging Infrastructure";"PL";"CCS grid extension";"Tractor-Trailer";"BAU";"EUR/kWh";2040;"0.045";"Sensitivity | Current Policies | Vehicle insurance";"Electricity"
"OPEX";"Charging Infrastructure";"UK";"CCS grid extension";"Rigid";"BAU";"EUR/kWh";2040;"0.045";"Sensitivity | Current Policies | Vehicle insurance";"Electricity"
"OPEX";"Charging Infrastructure";"UK";"CCS grid extension";"Tractor-Trailer";"BAU";"EUR/kWh";2040;"0.045";"Sensitivity | Current Policies | Vehicle insurance";"Electricity"
"OPEX";"Diesel Infrastructure";"DE";"Total Diesel Mark-Up";"Rigid";"BAU";"EUR/kWh";2040;"0.018";"Sensitivity | Current Policies | Vehicle insurance";"Diesel"
"OPEX";"Diesel Infrastructure";"DE";"Total Diesel Mark-Up";"Tractor-Trailer";"BAU";"EUR/kWh";2040;"0.018";"Sensitivity | Current Policies | Vehicle insurance";"Diesel"
"OPEX";"Diesel Infrastructure";"ES";"Total Diesel Mark-Up";"Rigid";"BAU";"EUR/kWh";2040;"0.018";"Sensitivity | Current Policies | Vehicle insurance";"Diesel"
"OPEX";"Diesel Infrastructure";"ES";"Total Diesel Mark-Up";"Tractor-Trailer";"BAU";"EUR/kWh";2040;"0.018";"Sensitivity | Current Policies | Vehicle insurance";"Diesel"
"OPEX";"Diesel Infrastructure";"FR";"Total Diesel Mark-Up";"Rigid";"BAU";"EUR/kWh";2040;"0.018";"Sensitivity | Current Policies | Vehicle insurance";"Diesel"
"OPEX";"Diesel Infrastructure";"FR";"Total Diesel Mark-Up";"Tractor-Trailer";"BAU";"EUR/kWh";2040;"0.018";"Sensitivity | Current Policies | Vehicle insurance";"Diesel"
"OPEX";"Diesel Infrastructure";"IT";"Total Diesel Mark-Up";"Rigid";"BAU";"EUR/kWh";2040;"0.018";"Sensitivity | Current Policies | Vehicle insurance";"Diesel"
"OPEX";"Diesel Infrastructure";"IT";"Total Diesel Mark-Up";"Tractor-Trailer";"BAU";"EUR/kWh";2040;"0.018";"Sensitivity | Current Policies | Vehicle insurance";"Diesel"
"OPEX";"Diesel Infrastructure";"NL";"Total Diesel Mark-Up";"Rigid";"BAU";"EUR/kWh";2040;"0.018";"Sensitivity | Current Policies | Vehicle insurance";"Diesel"
"OPEX";"Diesel Infrastructure";"NL";"Total Diesel Mark-Up";"Tractor-Trailer";"BAU";"EUR/kWh";2040;"0.018";"Sensitivity | Current Policies | Vehicle insurance";"Diesel"
"OPEX";"Diesel Infrastructure";"PL";"Total Diesel Mark-Up";"Rigid";"BAU";"EUR/kWh";2040;"0.018";"Sensitivity | Current Policies | Vehicle insurance";"Diesel"
"OPEX";"Diesel Infrastructure";"PL";"Total Diesel Mark-Up";"Tractor-Trailer";"BAU";"EUR/kWh";2040;"0.018";"Sensitivity | Current Policies | Vehicle insurance";"Diesel"
"OPEX";"Diesel Infrastructure";"UK";"Total Diesel Mark-Up";"Rigid";"BAU";"EUR/kWh";2040;"0.018";"Sensitivity | Current Policies | Vehicle insurance";"Diesel"
"OPEX";"Diesel Infrastructure";"UK";"Total Diesel Mark-Up";"Tractor-Trailer";"BAU";"EUR/kWh";2040;"0.018";"Sensitivity | Current Policies | Vehicle insurance";"Diesel"
"OPEX";"Diesel Infrastructure";"DE";"CO2 emission factor Biodiesel";"Rigid";"BAU";"%";2040;"0.155";"Sensitivity | Current Policies | Vehicle insurance";"Diesel"
"OPEX";"Diesel Infrastructure";"DE";"CO2 emission factor Biodiesel";"Tractor-Trailer";"BAU";"%";2040;"0.155";"Sensitivity | Current Policies | Vehicle insurance";"Diesel"
"OPEX";"Diesel Infrastructure";"ES";"CO2 emission factor Biodiesel";"Rigid";"BAU";"%";2040;"0.155";"Sensitivity | Current Policies | Vehicle insurance";"Diesel"
"OPEX";"Diesel Infrastructure";"ES";"CO2 emission factor Biodiesel";"Tractor-Trailer";"BAU";"%";2040;"0.155";"Sensitivity | Current Policies | Vehicle insurance";"Diesel"
"OPEX";"Diesel Infrastructure";"FR";"CO2 emission factor Biodiesel";"Rigid";"BAU";"%";2040;"0.155";"Sensitivity | Current Policies | Vehicle insurance";"Diesel"
"OPEX";"Diesel Infrastructure";"FR";"CO2 emission factor Biodiesel";"Tractor-Trailer";"BAU";"%";2040;"0.155";"Sensitivity | Current Policies | Vehicle insurance";"Diesel"
"OPEX";"Diesel Infrastructure";"IT";"CO2 emission factor Biodiesel";"Rigid";"BAU";"%";2040;"0.155";"Sensitivity | Current Policies | Vehicle insurance";"Diesel"
"OPEX";"Diesel Infrastructure";"IT";"CO2 emission factor Biodiesel";"Tractor-Trailer";"BAU";"%";2040;"0.155";"Sensitivity | Current Policies | Vehicle insurance";"Diesel"
"OPEX";"Diesel Infrastructure";"NL";"CO2 emission factor Biodiesel";"Rigid";"BAU";"%";2040;"0.155";"Sensitivity | Current Policies | Vehicle insurance";"Diesel"
"OPEX";"Diesel Infrastructure";"NL";"CO2 emission factor Biodiesel";"Tractor-Trailer";"BAU";"%";2040;"0.155";"Sensitivity | Current Policies | Vehicle insurance";"Diesel"
"OPEX";"Diesel Infrastructure";"PL";"CO2 emission factor Biodiesel";"Rigid";"BAU";"%";2040;"0.155";"Sensitivity | Current Policies | Vehicle insurance";"Diesel"
"OPEX";"Diesel Infrastructure";"PL";"CO2 emission factor Biodiesel";"Tractor-Trailer";"BAU";"%";2040;"0.155";"Sensitivity | Current Policies | Vehicle insurance";"Diesel"
"OPEX";"Diesel Infrastructure";"UK";"CO2 emission factor Biodiesel";"Rigid";"BAU";"%";2040;"0.155";"Sensitivity | Current Policies | Vehicle insurance";"Diesel"
"OPEX";"Diesel Infrastructure";"UK";"CO2 emission factor Biodiesel";"Tractor-Trailer";"BAU";"%";2040;"0.155";"Sensitivity | Current Policies | Vehicle insurance";"Diesel"
"OPEX";"Diesel Infrastructure";"DE";"CO2 emission factor Pt-Diesel";"Rigid";"BAU";"%";2040;"0";"Sensitivity | Current Policies | Vehicle insurance";"Diesel"
"OPEX";"Diesel Infrastructure";"DE";"CO2 emission factor Pt-Diesel";"Tractor-Trailer";"BAU";"%";2040;"0";"Sensitivity | Current Policies | Vehicle insurance";"Diesel"
"OPEX";"Diesel Infrastructure";"ES";"CO2 emission factor Pt-Diesel";"Rigid";"BAU";"%";2040;"0";"Sensitivity | Current Policies | Vehicle insurance";"Diesel"
"OPEX";"Diesel Infrastructure";"ES";"CO2 emission factor Pt-Diesel";"Tractor-Trailer";"BAU";"%";2040;"0";"Sensitivity | Current Policies | Vehicle insurance";"Diesel"
"OPEX";"Diesel Infrastructure";"FR";"CO2 emission factor Pt-Diesel";"Rigid";"BAU";"%";2040;"0";"Sensitivity | Current Policies | Vehicle insurance";"Diesel"
"OPEX";"Diesel Infrastructure";"FR";"CO2 emission factor Pt-Diesel";"Tractor-Trailer";"BAU";"%";2040;"0";"Sensitivity | Current Policies | Vehicle insurance";"Diesel"
"OPEX";"Diesel Infrastructure";"IT";"CO2 emission factor Pt-Diesel";"Rigid";"BAU";"%";2040;"0";"Sensitivity | Current Policies | Vehicle insurance";"Diesel"
"OPEX";"Diesel Infrastructure";"IT";"CO2 emission factor Pt-Diesel";"Tractor-Trailer";"BAU";"%";2040;"0";"Sensitivity | Current Policies | Vehicle insurance";"Diesel"
"OPEX";"Diesel Infrastructure";"NL";"CO2 emission factor Pt-Diesel";"Rigid";"BAU";"%";2040;"0";"Sensitivity | Current Policies | Vehicle insurance";"Diesel"
"OPEX";"Diesel Infrastructure";"NL";"CO2 emission factor Pt-Diesel";"Tractor-Trailer";"BAU";"%";2040;"0";"Sensitivity | Current Policies | Vehicle insurance";"Diesel"
"OPEX";"Diesel Infrastructure";"PL";"CO2 emission factor Pt-Diesel";"Rigid";"BAU";"%";2040;"0";"Sensitivity | Current Policies | Vehicle insurance";"Diesel"
"OPEX";"Diesel Infrastructure";"PL";"CO2 emission factor Pt-Diesel";"Tractor-Trailer";"BAU";"%";2040;"0";"Sensitivity | Current Policies | Vehicle insurance";"Diesel"
"OPEX";"Diesel Infrastructure";"UK";"CO2 emission factor Pt-Diesel";"Rigid";"BAU";"%";2040;"0";"Sensitivity | Current Policies | Vehicle insurance";"Diesel"
"OPEX";"Diesel Infrastructure";"UK";"CO2 emission factor Pt-Diesel";"Tractor-Trailer";"BAU";"%";2040;"0";"Sensitivity | Current Policies | Vehicle insurance";"Diesel"
"OPEX";"Taxes";"DE";"Network Costs - MCS";"Rigid";"BAU";"EUR/kWh";2040;"0.034";"Sensitivity | Current Policies | Vehicle insurance";"Electricity"
"OPEX";"Taxes";"DE";"Network Costs - MCS";"Tractor-Trailer";"BAU";"EUR/kWh";2040;"0.034";"Sensitivity | Current Policies | Vehicle insurance";"Electricity"
"OPEX";"Taxes";"ES";"Network Costs - MCS";"Rigid";"BAU";"EUR/kWh";2040;"0.018";"Sensitivity | Current Policies | Vehicle insurance";"Electricity"
"OPEX";"Taxes";"ES";"Network Costs - MCS";"Tractor-Trailer";"BAU";"EUR/kWh";2040;"0.018";"Sensitivity | Current Policies | Vehicle insurance";"Electricity"
"OPEX";"Taxes";"FR";"Network Costs - MCS";"Rigid";"BAU";"EUR/kWh";2040;"0.018";"Sensitivity | Current Policies | Vehicle insurance";"Electricity"
"OPEX";"Taxes";"FR";"Network Costs - MCS";"Tractor-Trailer";"BAU";"EUR/kWh";2040;"0.018";"Sensitivity | Current Policies | Vehicle insurance";"Electricity"
"OPEX";"Taxes";"IT";"Network Costs - MCS";"Rigid";"BAU";"EUR/kWh";2040;"0.015";"Sensitivity | Current Policies | Vehicle insurance";"Electricity"
"OPEX";"Taxes";"IT";"Network Costs - MCS";"Tractor-Trailer";"BAU";"EUR/kWh";2040;"0.015";"Sensitivity | Current Policies | Vehicle insurance";"Electricity"
"OPEX";"Taxes";"NL";"Network Costs - MCS";"Rigid";"BAU";"EUR/kWh";2040;"0.016";"Sensitivity | Current Policies | Vehicle insurance";"Electricity"
"OPEX";"Taxes";"NL";"Network Costs - MCS";"Tractor-Trailer";"BAU";"EUR/kWh";2040;"0.016";"Sensitivity | Current Policies | Vehicle insurance";"Electricity"
"OPEX";"Taxes";"PL";"Network Costs - MCS";"Rigid";"BAU";"EUR/kWh";2040;"0.019";"Sensitivity | Current Policies | Vehicle insurance";"Electricity"
"OPEX";"Taxes";"PL";"Network Costs - MCS";"Tractor-Trailer";"BAU";"EUR/kWh";2040;"0.019";"Sensitivity | Current Policies | Vehicle insurance";"Electricity"
"OPEX";"Taxes";"UK";"Network Costs - MCS";"Rigid";"BAU";"EUR/kWh";2040;"0.027";"Sensitivity | Current Policies | Vehicle insurance";"Electricity"
"OPEX";"Taxes";"UK";"Network Costs - MCS";"Tractor-Trailer";"BAU";"EUR/kWh";2040;"0.027";"Sensitivity | Current Policies | Vehicle insurance";"Electricity"
"OPEX";"Taxes";"DE";"Taxes, Fees, Levies and charges - MCS";"Rigid";"BAU";"EUR/kWh";2040;"0.056";"Sensitivity | Current Policies | Vehicle insurance";"Electricity"
"OPEX";"Taxes";"DE";"Taxes, Fees, Levies and charges - MCS";"Tractor-Trailer";"BAU";"EUR/kWh";2040;"0.056";"Sensitivity | Current Policies | Vehicle insurance";"Electricity"
"OPEX";"Taxes";"ES";"Taxes, Fees, Levies and charges - MCS";"Rigid";"BAU";"EUR/kWh";2040;"0.036";"Sensitivity | Current Policies | Vehicle insurance";"Electricity"
"OPEX";"Taxes";"ES";"Taxes, Fees, Levies and charges - MCS";"Tractor-Trailer";"BAU";"EUR/kWh";2040;"0.036";"Sensitivity | Current Policies | Vehicle insurance";"Electricity"
"OPEX";"Taxes";"FR";"Taxes, Fees, Levies and charges - MCS";"Rigid";"BAU";"EUR/kWh";2040;"0.03";"Sensitivity | Current Policies | Vehicle insurance";"Electricity"
"OPEX";"Taxes";"FR";"Taxes, Fees, Levies and charges - MCS";"Tractor-Trailer";"BAU";"EUR/kWh";2040;"0.03";"Sensitivity | Current Policies | Vehicle insurance";"Electricity"
"OPEX";"Taxes";"IT";"Taxes, Fees, Levies and charges - MCS";"Rigid";"BAU";"EUR/kWh";2040;"0.062";"Sensitivity | Current Policies | Vehicle insurance";"Electricity"
"OPEX";"Taxes";"IT";"Taxes, Fees, Levies and charges - MCS";"Tractor-Trailer";"BAU";"EUR/kWh";2040;"0.062";"Sensitivity | Current Policies | Vehicle insurance";"Electricity"
"OPEX";"Taxes";"NL";"Taxes, Fees, Levies and charges - MCS";"Rigid";"BAU";"EUR/kWh";2040;"0.055";"Sensitivity | Current Policies | Vehicle insurance";"Electricity"
"OPEX";"Taxes";"NL";"Taxes, Fees, Levies and charges - MCS";"Tractor-Trailer";"BAU";"EUR/kWh";2040;"0.055";"Sensitivity | Current Policies | Vehicle insurance";"Electricity"
"OPEX";"Taxes";"PL";"Taxes, Fees, Levies and charges - MCS";"Rigid";"BAU";"EUR/kWh";2040;"0.049";"Sensitivity | Current Policies | Vehicle insurance";"Electricity"
"OPEX";"Taxes";"PL";"Taxes, Fees, Levies and charges - MCS";"Tractor-Trailer";"BAU";"EUR/kWh";2040;"0.049";"Sensitivity | Current Policies | Vehicle insurance";"Electricity"
"OPEX";"Taxes";"UK";"Taxes, Fees, Levies and charges - MCS";"Rigid";"BAU";"EUR/kWh";2040;"0.077";"Sensitivity | Current Policies | Vehicle insurance";"Electricity"
"OPEX";"Taxes";"UK";"Taxes, Fees, Levies and charges - MCS";"Tractor-Trailer";"BAU";"EUR/kWh";2040;"0.077";"Sensitivity | Current Policies | Vehicle insurance";"Electricity"
"OPEX";"Taxes";"DE";"Network Costs - Depot";"Rigid";"BAU";"EUR/kWh";2040;"0.034";"Sensitivity | Current Policies | Vehicle insurance";"Electricity"
"OPEX";"Taxes";"DE";"Network Costs - Depot";"Tractor-Trailer";"BAU";"EUR/kWh";2040;"0.034";"Sensitivity | Current Policies | Vehicle insurance";"Electricity"
"OPEX";"Taxes";"ES";"Network Costs - Depot";"Rigid";"BAU";"EUR/kWh";2040;"0.018";"Sensitivity | Current Policies | Vehicle insurance";"Electricity"
"OPEX";"Taxes";"ES";"Network Costs - Depot";"Tractor-Trailer";"BAU";"EUR/kWh";2040;"0.018";"Sensitivity | Current Policies | Vehicle insurance";"Electricity"
"OPEX";"Taxes";"FR";"Network Costs - Depot";"Rigid";"BAU";"EUR/kWh";2040;"0.018";"Sensitivity | Current Policies | Vehicle insurance";"Electricity"
"OPEX";"Taxes";"FR";"Network Costs - Depot";"Tractor-Trailer";"BAU";"EUR/kWh";2040;"0.018";"Sensitivity | Current Policies | Vehicle insurance";"Electricity"
"OPEX";"Taxes";"IT";"Network Costs - Depot";"Rigid";"BAU";"EUR/kWh";2040;"0.016";"Sensitivity | Current Policies | Vehicle insurance";"Electricity"
"OPEX";"Taxes";"IT";"Network Costs - Depot";"Tractor-Trailer";"BAU";"EUR/kWh";2040;"0.016";"Sensitivity | Current Policies | Vehicle insurance";"Electricity"
"OPEX";"Taxes";"NL";"Network Costs - Depot";"Rigid";"BAU";"EUR/kWh";2040;"0.016";"Sensitivity | Current Policies | Vehicle insurance";"Electricity"
"OPEX";"Taxes";"NL";"Network Costs - Depot";"Tractor-Trailer";"BAU";"EUR/kWh";2040;"0.016";"Sensitivity | Current Policies | Vehicle insurance";"Electricity"
"OPEX";"Taxes";"PL";"Network Costs - Depot";"Rigid";"BAU";"EUR/kWh";2040;"0.019";"Sensitivity | Current Policies | Vehicle insurance";"Electricity"
"OPEX";"Taxes";"PL";"Network Costs - Depot";"Tractor-Trailer";"BAU";"EUR/kWh";2040;"0.019";"Sensitivity | Current Policies | Vehicle insurance";"Electricity"
"OPEX";"Taxes";"UK";"Network Costs - Depot";"Rigid";"BAU";"EUR/kWh";2040;"0.027";"Sensitivity | Current Policies | Vehicle insurance";"Electricity"
"OPEX";"Taxes";"UK";"Network Costs - Depot";"Tractor-Trailer";"BAU";"EUR/kWh";2040;"0.027";"Sensitivity | Current Policies | Vehicle insurance";"Electricity"
"OPEX";"Taxes";"DE";"Taxes, Fees, Levies and charges - Depot";"Rigid";"BAU";"EUR/kWh";2040;"0.056";"Sensitivity | Current Policies | Vehicle insurance";"Electricity"
"OPEX";"Taxes";"DE";"Taxes, Fees, Levies and charges - Depot";"Tractor-Trailer";"BAU";"EUR/kWh";2040;"0.056";"Sensitivity | Current Policies | Vehicle insurance";"Electricity"
"OPEX";"Taxes";"ES";"Taxes, Fees, Levies and charges - Depot";"Rigid";"BAU";"EUR/kWh";2040;"0.036";"Sensitivity | Current Policies | Vehicle insurance";"Electricity"
"OPEX";"Taxes";"ES";"Taxes, Fees, Levies and charges - Depot";"Tractor-Trailer";"BAU";"EUR/kWh";2040;"0.036";"Sensitivity | Current Policies | Vehicle insurance";"Electricity"
"OPEX";"Taxes";"FR";"Taxes, Fees, Levies and charges - Depot";"Rigid";"BAU";"EUR/kWh";2040;"0.03";"Sensitivity | Current Policies | Vehicle insurance";"Electricity"
"OPEX";"Taxes";"FR";"Taxes, Fees, Levies and charges - Depot";"Tractor-Trailer";"BAU";"EUR/kWh";2040;"0.03";"Sensitivity | Current Policies | Vehicle insurance";"Electricity"
"OPEX";"Taxes";"IT";"Taxes, Fees, Levies and charges - Depot";"Rigid";"BAU";"EUR/kWh";2040;"0.063";"Sensitivity | Current Policies | Vehicle insurance";"Electricity"
"OPEX";"Taxes";"IT";"Taxes, Fees, Levies and charges - Depot";"Tractor-Trailer";"BAU";"EUR/kWh";2040;"0.063";"Sensitivity | Current Policies | Vehicle insurance";"Electricity"
"OPEX";"Taxes";"NL";"Taxes, Fees, Levies and charges - Depot";"Rigid";"BAU";"EUR/kWh";2040;"0.055";"Sensitivity | Current Policies | Vehicle insurance";"Electricity"
"OPEX";"Taxes";"NL";"Taxes, Fees, Levies and charges - Depot";"Tractor-Trailer";"BAU";"EUR/kWh";2040;"0.055";"Sensitivity | Current Policies | Vehicle insurance";"Electricity"
"OPEX";"Taxes";"PL";"Taxes, Fees, Levies and charges - Depot";"Rigid";"BAU";"EUR/kWh";2040;"0.049";"Sensitivity | Current Policies | Vehicle insurance";"Electricity"
"OPEX";"Taxes";"PL";"Taxes, Fees, Levies and charges - Depot";"Tractor-Trailer";"BAU";"EUR/kWh";2040;"0.049";"Sensitivity | Current Policies | Vehicle insurance";"Electricity"
"OPEX";"Taxes";"UK";"Taxes, Fees, Levies and charges - Depot";"Rigid";"BAU";"EUR/kWh";2040;"0.077";"Sensitivity | Current Policies | Vehicle insurance";"Electricity"
"OPEX";"Taxes";"UK";"Taxes, Fees, Levies and charges - Depot";"Tractor-Trailer";"BAU";"EUR/kWh";2040;"0.077";"Sensitivity | Current Policies | Vehicle insurance";"Electricity"
"OPEX";"H2 Infrastructure";"DE";"HRS costs";"Rigid";"BAU";"EUR/kg H2";2040;"1.2";"Sensitivity | Current Policies | Vehicle insurance";"Hydrogen"
"OPEX";"H2 Infrastructure";"DE";"HRS costs";"Tractor-Trailer";"BAU";"EUR/kg H2";2040;"1.2";"Sensitivity | Current Policies | Vehicle insurance";"Hydrogen"
"OPEX";"H2 Infrastructure";"ES";"HRS costs";"Rigid";"BAU";"EUR/kg H2";2040;"1.2";"Sensitivity | Current Policies | Vehicle insurance";"Hydrogen"
"OPEX";"H2 Infrastructure";"ES";"HRS costs";"Tractor-Trailer";"BAU";"EUR/kg H2";2040;"1.2";"Sensitivity | Current Policies | Vehicle insurance";"Hydrogen"
"OPEX";"H2 Infrastructure";"FR";"HRS costs";"Rigid";"BAU";"EUR/kg H2";2040;"1.2";"Sensitivity | Current Policies | Vehicle insurance";"Hydrogen"
"OPEX";"H2 Infrastructure";"FR";"HRS costs";"Tractor-Trailer";"BAU";"EUR/kg H2";2040;"1.2";"Sensitivity | Current Policies | Vehicle insurance";"Hydrogen"
"OPEX";"H2 Infrastructure";"IT";"HRS costs";"Rigid";"BAU";"EUR/kg H2";2040;"1.2";"Sensitivity | Current Policies | Vehicle insurance";"Hydrogen"
"OPEX";"H2 Infrastructure";"IT";"HRS costs";"Tractor-Trailer";"BAU";"EUR/kg H2";2040;"1.2";"Sensitivity | Current Policies | Vehicle insurance";"Hydrogen"
"OPEX";"H2 Infrastructure";"NL";"HRS costs";"Rigid";"BAU";"EUR/kg H2";2040;"1.2";"Sensitivity | Current Policies | Vehicle insurance";"Hydrogen"
"OPEX";"H2 Infrastructure";"NL";"HRS costs";"Tractor-Trailer";"BAU";"EUR/kg H2";2040;"1.2";"Sensitivity | Current Policies | Vehicle insurance";"Hydrogen"
"OPEX";"H2 Infrastructure";"PL";"HRS costs";"Rigid";"BAU";"EUR/kg H2";2040;"1.2";"Sensitivity | Current Policies | Vehicle insurance";"Hydrogen"
"OPEX";"H2 Infrastructure";"PL";"HRS costs";"Tractor-Trailer";"BAU";"EUR/kg H2";2040;"1.2";"Sensitivity | Current Policies | Vehicle insurance";"Hydrogen"
"OPEX";"H2 Infrastructure";"UK";"HRS costs";"Rigid";"BAU";"EUR/kg H2";2040;"1.2";"Sensitivity | Current Policies | Vehicle insurance";"Hydrogen"
"OPEX";"H2 Infrastructure";"UK";"HRS costs";"Tractor-Trailer";"BAU";"EUR/kg H2";2040;"1.2";"Sensitivity | Current Policies | Vehicle insurance";"Hydrogen"
"OPEX";"H2 Infrastructure";"DE";"H2 transport and distribution";"Rigid";"BAU";"EUR/kg H2";2040;"1.167";"Sensitivity | Current Policies | Vehicle insurance";"Hydrogen"
"OPEX";"H2 Infrastructure";"DE";"H2 transport and distribution";"Tractor-Trailer";"BAU";"EUR/kg H2";2040;"1.167";"Sensitivity | Current Policies | Vehicle insurance";"Hydrogen"
"OPEX";"H2 Infrastructure";"ES";"H2 transport and distribution";"Rigid";"BAU";"EUR/kg H2";2040;"1.167";"Sensitivity | Current Policies | Vehicle insurance";"Hydrogen"
"OPEX";"H2 Infrastructure";"ES";"H2 transport and distribution";"Tractor-Trailer";"BAU";"EUR/kg H2";2040;"1.167";"Sensitivity | Current Policies | Vehicle insurance";"Hydrogen"
"OPEX";"H2 Infrastructure";"FR";"H2 transport and distribution";"Rigid";"BAU";"EUR/kg H2";2040;"1.167";"Sensitivity | Current Policies | Vehicle insurance";"Hydrogen"
"OPEX";"H2 Infrastructure";"FR";"H2 transport and distribution";"Tractor-Trailer";"BAU";"EUR/kg H2";2040;"1.167";"Sensitivity | Current Policies | Vehicle insurance";"Hydrogen"
"OPEX";"H2 Infrastructure";"IT";"H2 transport and distribution";"Rigid";"BAU";"EUR/kg H2";2040;"1.167";"Sensitivity | Current Policies | Vehicle insurance";"Hydrogen"
"OPEX";"H2 Infrastructure";"IT";"H2 transport and distribution";"Tractor-Trailer";"BAU";"EUR/kg H2";2040;"1.167";"Sensitivity | Current Policies | Vehicle insurance";"Hydrogen"
"OPEX";"H2 Infrastructure";"NL";"H2 transport and distribution";"Rigid";"BAU";"EUR/kg H2";2040;"1.167";"Sensitivity | Current Policies | Vehicle insurance";"Hydrogen"
"OPEX";"H2 Infrastructure";"NL";"H2 transport and distribution";"Tractor-Trailer";"BAU";"EUR/kg H2";2040;"1.167";"Sensitivity | Current Policies | Vehicle insurance";"Hydrogen"
"OPEX";"H2 Infrastructure";"PL";"H2 transport and distribution";"Rigid";"BAU";"EUR/kg H2";2040;"1.167";"Sensitivity | Current Policies | Vehicle insurance";"Hydrogen"
"OPEX";"H2 Infrastructure";"PL";"H2 transport and distribution";"Tractor-Trailer";"BAU";"EUR/kg H2";2040;"1.167";"Sensitivity | Current Policies | Vehicle insurance";"Hydrogen"
"OPEX";"H2 Infrastructure";"UK";"H2 transport and distribution";"Rigid";"BAU";"EUR/kg H2";2040;"1.167";"Sensitivity | Current Policies | Vehicle insurance";"Hydrogen"
"OPEX";"H2 Infrastructure";"UK";"H2 transport and distribution";"Tractor-Trailer";"BAU";"EUR/kg H2";2040;"1.167";"Sensitivity | Current Policies | Vehicle insurance";"Hydrogen"
"OPEX";"H2 Infrastructure";"DE";"HRS Overhead, Profit and Mark-Up";"Rigid";"BAU";"EUR/kg H2";2040;"0.25";"Sensitivity | Current Policies | Vehicle insurance";"Hydrogen"
"OPEX";"H2 Infrastructure";"DE";"HRS Overhead, Profit and Mark-Up";"Tractor-Trailer";"BAU";"EUR/kg H2";2040;"0.25";"Sensitivity | Current Policies | Vehicle insurance";"Hydrogen"
"OPEX";"H2 Infrastructure";"ES";"HRS Overhead, Profit and Mark-Up";"Rigid";"BAU";"EUR/kg H2";2040;"0.25";"Sensitivity | Current Policies | Vehicle insurance";"Hydrogen"
"OPEX";"H2 Infrastructure";"ES";"HRS Overhead, Profit and Mark-Up";"Tractor-Trailer";"BAU";"EUR/kg H2";2040;"0.25";"Sensitivity | Current Policies | Vehicle insurance";"Hydrogen"
"OPEX";"H2 Infrastructure";"FR";"HRS Overhead, Profit and Mark-Up";"Rigid";"BAU";"EUR/kg H2";2040;"0.25";"Sensitivity | Current Policies | Vehicle insurance";"Hydrogen"
"OPEX";"H2 Infrastructure";"FR";"HRS Overhead, Profit and Mark-Up";"Tractor-Trailer";"BAU";"EUR/kg H2";2040;"0.25";"Sensitivity | Current Policies | Vehicle insurance";"Hydrogen"
"OPEX";"H2 Infrastructure";"IT";"HRS Overhead, Profit and Mark-Up";"Rigid";"BAU";"EUR/kg H2";2040;"0.25";"Sensitivity | Current Policies | Vehicle insurance";"Hydrogen"
"OPEX";"H2 Infrastructure";"IT";"HRS Overhead, Profit and Mark-Up";"Tractor-Trailer";"BAU";"EUR/kg H2";2040;"0.25";"Sensitivity | Current Policies | Vehicle insurance";"Hydrogen"
"OPEX";"H2 Infrastructure";"NL";"HRS Overhead, Profit and Mark-Up";"Rigid";"BAU";"EUR/kg H2";2040;"0.25";"Sensitivity | Current Policies | Vehicle insurance";"Hydrogen"
"OPEX";"H2 Infrastructure";"NL";"HRS Overhead, Profit and Mark-Up";"Tractor-Trailer";"BAU";"EUR/kg H2";2040;"0.25";"Sensitivity | Current Policies | Vehicle insurance";"Hydrogen"
"OPEX";"H2 Infrastructure";"PL";"HRS Overhead, Profit and Mark-Up";"Rigid";"BAU";"EUR/kg H2";2040;"0.25";"Sensitivity | Current Policies | Vehicle insurance";"Hydrogen"
"OPEX";"H2 Infrastructure";"PL";"HRS Overhead, Profit and Mark-Up";"Tractor-Trailer";"BAU";"EUR/kg H2";2040;"0.25";"Sensitivity | Current Policies | Vehicle insurance";"Hydrogen"
"OPEX";"H2 Infrastructure";"UK";"HRS Overhead, Profit and Mark-Up";"Rigid";"BAU";"EUR/kg H2";2040;"0.25";"Sensitivity | Current Policies | Vehicle insurance";"Hydrogen"
"OPEX";"H2 Infrastructure";"UK";"HRS Overhead, Profit and Mark-Up";"Tractor-Trailer";"BAU";"EUR/kg H2";2040;"0.25";"Sensitivity | Current Policies | Vehicle insurance";"Hydrogen"
"OPEX";"Charging Infrastructure";"DE";"MCS Station (Public Charging) - Incl. Overhead";"Rigid";"BAU";"EUR/kWh";2040;"0.043";"Sensitivity | Current Policies | Vehicle insurance";"Electricity"
"OPEX";"Charging Infrastructure";"DE";"MCS Station (Public Charging) - Incl. Overhead";"Tractor-Trailer";"BAU";"EUR/kWh";2040;"0.043";"Sensitivity | Current Policies | Vehicle insurance";"Electricity"
"OPEX";"Charging Infrastructure";"ES";"MCS Station (Public Charging) - Incl. Overhead";"Rigid";"BAU";"EUR/kWh";2040;"0.043";"Sensitivity | Current Policies | Vehicle insurance";"Electricity"
"OPEX";"Charging Infrastructure";"ES";"MCS Station (Public Charging) - Incl. Overhead";"Tractor-Trailer";"BAU";"EUR/kWh";2040;"0.043";"Sensitivity | Current Policies | Vehicle insurance";"Electricity"
"OPEX";"Charging Infrastructure";"FR";"MCS Station (Public Charging) - Incl. Overhead";"Rigid";"BAU";"EUR/kWh";2040;"0.043";"Sensitivity | Current Policies | Vehicle insurance";"Electricity"
"OPEX";"Charging Infrastructure";"FR";"MCS Station (Public Charging) - Incl. Overhead";"Tractor-Trailer";"BAU";"EUR/kWh";2040;"0.043";"Sensitivity | Current Policies | Vehicle insurance";"Electricity"
"OPEX";"Charging Infrastructure";"IT";"MCS Station (Public Charging) - Incl. Overhead";"Rigid";"BAU";"EUR/kWh";2040;"0.043";"Sensitivity | Current Policies | Vehicle insurance";"Electricity"
"OPEX";"Charging Infrastructure";"IT";"MCS Station (Public Charging) - Incl. Overhead";"Tractor-Trailer";"BAU";"EUR/kWh";2040;"0.043";"Sensitivity | Current Policies | Vehicle insurance";"Electricity"
"OPEX";"Charging Infrastructure";"NL";"MCS Station (Public Charging) - Incl. Overhead";"Rigid";"BAU";"EUR/kWh";2040;"0.043";"Sensitivity | Current Policies | Vehicle insurance";"Electricity"
"OPEX";"Charging Infrastructure";"NL";"MCS Station (Public Charging) - Incl. Overhead";"Tractor-Trailer";"BAU";"EUR/kWh";2040;"0.043";"Sensitivity | Current Policies | Vehicle insurance";"Electricity"
"OPEX";"Charging Infrastructure";"PL";"MCS Station (Public Charging) - Incl. Overhead";"Rigid";"BAU";"EUR/kWh";2040;"0.043";"Sensitivity | Current Policies | Vehicle insurance";"Electricity"
"OPEX";"Charging Infrastructure";"PL";"MCS Station (Public Charging) - Incl. Overhead";"Tractor-Trailer";"BAU";"EUR/kWh";2040;"0.043";"Sensitivity | Current Policies | Vehicle insurance";"Electricity"
"OPEX";"Charging Infrastructure";"UK";"MCS Station (Public Charging) - Incl. Overhead";"Rigid";"BAU";"EUR/kWh";2040;"0.043";"Sensitivity | Current Policies | Vehicle insurance";"Electricity"
"OPEX";"Charging Infrastructure";"UK";"MCS Station (Public Charging) - Incl. Overhead";"Tractor-Trailer";"BAU";"EUR/kWh";2040;"0.043";"Sensitivity | Current Policies | Vehicle insurance";"Electricity"
"OPEX";"Charging Infrastructure";"DE";"Share MCS-Charging";"Rigid";"BAU";"%";2040;"0.2";"Sensitivity | Current Policies | Vehicle insurance";"Electricity"
"OPEX";"Charging Infrastructure";"DE";"Share MCS-Charging";"Tractor-Trailer";"BAU";"%";2040;"0.2";"Sensitivity | Current Policies | Vehicle insurance";"Electricity"
"OPEX";"Charging Infrastructure";"ES";"Share MCS-Charging";"Rigid";"BAU";"%";2040;"0.2";"Sensitivity | Current Policies | Vehicle insurance";"Electricity"
"OPEX";"Charging Infrastructure";"ES";"Share MCS-Charging";"Tractor-Trailer";"BAU";"%";2040;"0.2";"Sensitivity | Current Policies | Vehicle insurance";"Electricity"
"OPEX";"Charging Infrastructure";"FR";"Share MCS-Charging";"Rigid";"BAU";"%";2040;"0.2";"Sensitivity | Current Policies | Vehicle insurance";"Electricity"
"OPEX";"Charging Infrastructure";"FR";"Share MCS-Charging";"Tractor-Trailer";"BAU";"%";2040;"0.2";"Sensitivity | Current Policies | Vehicle insurance";"Electricity"
"OPEX";"Charging Infrastructure";"IT";"Share MCS-Charging";"Rigid";"BAU";"%";2040;"0.2";"Sensitivity | Current Policies | Vehicle insurance";"Electricity"
"OPEX";"Charging Infrastructure";"IT";"Share MCS-Charging";"Tractor-Trailer";"BAU";"%";2040;"0.2";"Sensitivity | Current Policies | Vehicle insurance";"Electricity"
"OPEX";"Charging Infrastructure";"NL";"Share MCS-Charging";"Rigid";"BAU";"%";2040;"0.2";"Sensitivity | Current Policies | Vehicle insurance";"Electricity"
"OPEX";"Charging Infrastructure";"NL";"Share MCS-Charging";"Tractor-Trailer";"BAU";"%";2040;"0.2";"Sensitivity | Current Policies | Vehicle insurance";"Electricity"
"OPEX";"Charging Infrastructure";"PL";"Share MCS-Charging";"Rigid";"BAU";"%";2040;"0.2";"Sensitivity | Current Policies | Vehicle insurance";"Electricity"
"OPEX";"Charging Infrastructure";"PL";"Share MCS-Charging";"Tractor-Trailer";"BAU";"%";2040;"0.2";"Sensitivity | Current Policies | Vehicle insurance";"Electricity"
"OPEX";"Charging Infrastructure";"UK";"Share MCS-Charging";"Rigid";"BAU";"%";2040;"0.2";"Sensitivity | Current Policies | Vehicle insurance";"Electricity"
"OPEX";"Charging Infrastructure";"UK";"Share MCS-Charging";"Tractor-Trailer";"BAU";"%";2040;"0.2";"Sensitivity | Current Policies | Vehicle insurance";"Electricity"
"OPEX";"Charging Infrastructure";"DE";"Depot - Network fees savings potential";"Rigid";"BAU";"EUR/kWh";2040;"0";"Sensitivity | Current Policies | Vehicle insurance";"Electricity"
"OPEX";"Charging Infrastructure";"DE";"Depot - Network fees savings potential";"Tractor-Trailer";"BAU";"EUR/kWh";2040;"0";"Sensitivity | Current Policies | Vehicle insurance";"Electricity"
"OPEX";"Charging Infrastructure";"ES";"Depot - Network fees savings potential";"Rigid";"BAU";"EUR/kWh";2040;"0";"Sensitivity | Current Policies | Vehicle insurance";"Electricity"
"OPEX";"Charging Infrastructure";"ES";"Depot - Network fees savings potential";"Tractor-Trailer";"BAU";"EUR/kWh";2040;"0";"Sensitivity | Current Policies | Vehicle insurance";"Electricity"
"OPEX";"Charging Infrastructure";"FR";"Depot - Network fees savings potential";"Rigid";"BAU";"EUR/kWh";2040;"0";"Sensitivity | Current Policies | Vehicle insurance";"Electricity"
"OPEX";"Charging Infrastructure";"FR";"Depot - Network fees savings potential";"Tractor-Trailer";"BAU";"EUR/kWh";2040;"0";"Sensitivity | Current Policies | Vehicle insurance";"Electricity"
"OPEX";"Charging Infrastructure";"IT";"Depot - Network fees savings potential";"Rigid";"BAU";"EUR/kWh";2040;"0";"Sensitivity | Current Policies | Vehicle insurance";"Electricity"
"OPEX";"Charging Infrastructure";"IT";"Depot - Network fees savings potential";"Tractor-Trailer";"BAU";"EUR/kWh";2040;"0";"Sensitivity | Current Policies | Vehicle insurance";"Electricity"
"OPEX";"Charging Infrastructure";"NL";"Depot - Network fees savings potential";"Rigid";"BAU";"EUR/kWh";2040;"0";"Sensitivity | Current Policies | Vehicle insurance";"Electricity"
"OPEX";"Charging Infrastructure";"NL";"Depot - Network fees savings potential";"Tractor-Trailer";"BAU";"EUR/kWh";2040;"0";"Sensitivity | Current Policies | Vehicle insurance";"Electricity"
"OPEX";"Charging Infrastructure";"PL";"Depot - Network fees savings potential";"Rigid";"BAU";"EUR/kWh";2040;"0";"Sensitivity | Current Policies | Vehicle insurance";"Electricity"
"OPEX";"Charging Infrastructure";"PL";"Depot - Network fees savings potential";"Tractor-Trailer";"BAU";"EUR/kWh";2040;"0";"Sensitivity | Current Policies | Vehicle insurance";"Electricity"
"OPEX";"Charging Infrastructure";"UK";"Depot - Network fees savings potential";"Rigid";"BAU";"EUR/kWh";2040;"0";"Sensitivity | Current Policies | Vehicle insurance";"Electricity"
"OPEX";"Charging Infrastructure";"UK";"Depot - Network fees savings potential";"Tractor-Trailer";"BAU";"EUR/kWh";2040;"0";"Sensitivity | Current Policies | Vehicle insurance";"Electricity"
"OPEX";"Taxes";"DE";"Tax reduction";"Rigid";"BAU";"%";2040;"0";"Sensitivity | Current Policies | Vehicle insurance";"Hydrogen"
"OPEX";"Taxes";"DE";"Tax reduction";"Tractor-Trailer";"BAU";"%";2040;"0";"Sensitivity | Current Policies | Vehicle insurance";"Hydrogen"
"OPEX";"Taxes";"ES";"Tax reduction";"Rigid";"BAU";"%";2040;"0";"Sensitivity | Current Policies | Vehicle insurance";"Hydrogen"
"OPEX";"Taxes";"ES";"Tax reduction";"Tractor-Trailer";"BAU";"%";2040;"0";"Sensitivity | Current Policies | Vehicle insurance";"Hydrogen"
"OPEX";"Taxes";"FR";"Tax reduction";"Rigid";"BAU";"%";2040;"0";"Sensitivity | Current Policies | Vehicle insurance";"Hydrogen"
"OPEX";"Taxes";"FR";"Tax reduction";"Tractor-Trailer";"BAU";"%";2040;"0";"Sensitivity | Current Policies | Vehicle insurance";"Hydrogen"
"OPEX";"Taxes";"IT";"Tax reduction";"Rigid";"BAU";"%";2040;"0";"Sensitivity | Current Policies | Vehicle insurance";"Hydrogen"
"OPEX";"Taxes";"IT";"Tax reduction";"Tractor-Trailer";"BAU";"%";2040;"0";"Sensitivity | Current Policies | Vehicle insurance";"Hydrogen"
"OPEX";"Taxes";"NL";"Tax reduction";"Rigid";"BAU";"%";2040;"0";"Sensitivity | Current Policies | Vehicle insurance";"Hydrogen"
"OPEX";"Taxes";"NL";"Tax reduction";"Tractor-Trailer";"BAU";"%";2040;"0";"Sensitivity | Current Policies | Vehicle insurance";"Hydrogen"
"OPEX";"Taxes";"PL";"Tax reduction";"Rigid";"BAU";"%";2040;"0";"Sensitivity | Current Policies | Vehicle insurance";"Hydrogen"
"OPEX";"Taxes";"PL";"Tax reduction";"Tractor-Trailer";"BAU";"%";2040;"0";"Sensitivity | Current Policies | Vehicle insurance";"Hydrogen"
"OPEX";"Taxes";"UK";"Tax reduction";"Rigid";"BAU";"%";2040;"0";"Sensitivity | Current Policies | Vehicle insurance";"Hydrogen"
"OPEX";"Taxes";"UK";"Tax reduction";"Tractor-Trailer";"BAU";"%";2040;"0";"Sensitivity | Current Policies | Vehicle insurance";"Hydrogen"
"OPEX";"Taxes";"DE";"Increasing grid fees";"Rigid";"BAU";"%";2040;"0.333";"Sensitivity | Current Policies | Vehicle insurance";"Electricity"
"OPEX";"Taxes";"DE";"Increasing grid fees";"Tractor-Trailer";"BAU";"%";2040;"0.333";"Sensitivity | Current Policies | Vehicle insurance";"Electricity"
"OPEX";"Taxes";"ES";"Increasing grid fees";"Rigid";"BAU";"%";2040;"0.333";"Sensitivity | Current Policies | Vehicle insurance";"Electricity"
"OPEX";"Taxes";"ES";"Increasing grid fees";"Tractor-Trailer";"BAU";"%";2040;"0.333";"Sensitivity | Current Policies | Vehicle insurance";"Electricity"
"OPEX";"Taxes";"FR";"Increasing grid fees";"Rigid";"BAU";"%";2040;"0.333";"Sensitivity | Current Policies | Vehicle insurance";"Electricity"
"OPEX";"Taxes";"FR";"Increasing grid fees";"Tractor-Trailer";"BAU";"%";2040;"0.333";"Sensitivity | Current Policies | Vehicle insurance";"Electricity"
"OPEX";"Taxes";"IT";"Increasing grid fees";"Rigid";"BAU";"%";2040;"0.333";"Sensitivity | Current Policies | Vehicle insurance";"Electricity"
"OPEX";"Taxes";"IT";"Increasing grid fees";"Tractor-Trailer";"BAU";"%";2040;"0.333";"Sensitivity | Current Policies | Vehicle insurance";"Electricity"
"OPEX";"Taxes";"NL";"Increasing grid fees";"Rigid";"BAU";"%";2040;"0.333";"Sensitivity | Current Policies | Vehicle insurance";"Electricity"
"OPEX";"Taxes";"NL";"Increasing grid fees";"Tractor-Trailer";"BAU";"%";2040;"0.333";"Sensitivity | Current Policies | Vehicle insurance";"Electricity"
"OPEX";"Taxes";"PL";"Increasing grid fees";"Rigid";"BAU";"%";2040;"0.333";"Sensitivity | Current Policies | Vehicle insurance";"Electricity"
"OPEX";"Taxes";"PL";"Increasing grid fees";"Tractor-Trailer";"BAU";"%";2040;"0.333";"Sensitivity | Current Policies | Vehicle insurance";"Electricity"
"OPEX";"Taxes";"UK";"Increasing grid fees";"Rigid";"BAU";"%";2040;"0.333";"Sensitivity | Current Policies | Vehicle insurance";"Electricity"
"OPEX";"Taxes";"UK";"Increasing grid fees";"Tractor-Trailer";"BAU";"%";2040;"0.333";"Sensitivity | Current Policies | Vehicle insurance";"Electricity"
"OPEX";"Taxes";"DE";"Excise Duty - Diesel";"Rigid";"BAU";"EUR/kWh";2045;"0.047";"Sensitivity | Current Policies | Vehicle insurance";"Diesel"
"OPEX";"Taxes";"DE";"Excise Duty - Diesel";"Tractor-Trailer";"BAU";"EUR/kWh";2045;"0.047";"Sensitivity | Current Policies | Vehicle insurance";"Diesel"
"OPEX";"Taxes";"ES";"Excise Duty - Diesel";"Rigid";"BAU";"EUR/kWh";2045;"0.038";"Sensitivity | Current Policies | Vehicle insurance";"Diesel"
"OPEX";"Taxes";"ES";"Excise Duty - Diesel";"Tractor-Trailer";"BAU";"EUR/kWh";2045;"0.038";"Sensitivity | Current Policies | Vehicle insurance";"Diesel"
"OPEX";"Taxes";"FR";"Excise Duty - Diesel";"Rigid";"BAU";"EUR/kWh";2045;"0.06";"Sensitivity | Current Policies | Vehicle insurance";"Diesel"
"OPEX";"Taxes";"FR";"Excise Duty - Diesel";"Tractor-Trailer";"BAU";"EUR/kWh";2045;"0.06";"Sensitivity | Current Policies | Vehicle insurance";"Diesel"
"OPEX";"Taxes";"IT";"Excise Duty - Diesel";"Rigid";"BAU";"EUR/kWh";2045;"0.062";"Sensitivity | Current Policies | Vehicle insurance";"Diesel"
"OPEX";"Taxes";"IT";"Excise Duty - Diesel";"Tractor-Trailer";"BAU";"EUR/kWh";2045;"0.062";"Sensitivity | Current Policies | Vehicle insurance";"Diesel"
"OPEX";"Taxes";"NL";"Excise Duty - Diesel";"Rigid";"BAU";"EUR/kWh";2045;"0.053";"Sensitivity | Current Policies | Vehicle insurance";"Diesel"
"OPEX";"Taxes";"NL";"Excise Duty - Diesel";"Tractor-Trailer";"BAU";"EUR/kWh";2045;"0.053";"Sensitivity | Current Policies | Vehicle insurance";"Diesel"
"OPEX";"Taxes";"PL";"Excise Duty - Diesel";"Rigid";"BAU";"EUR/kWh";2045;"0.033";"Sensitivity | Current Policies | Vehicle insurance";"Diesel"
"OPEX";"Taxes";"PL";"Excise Duty - Diesel";"Tractor-Trailer";"BAU";"EUR/kWh";2045;"0.033";"Sensitivity | Current Policies | Vehicle insurance";"Diesel"
"OPEX";"Taxes";"UK";"Excise Duty - Diesel";"Rigid";"BAU";"EUR/kWh";2045;"0.053";"Sensitivity | Current Policies | Vehicle insurance";"Diesel"
"OPEX";"Taxes";"UK";"Excise Duty - Diesel";"Tractor-Trailer";"BAU";"EUR/kWh";2045;"0.053";"Sensitivity | Current Policies | Vehicle insurance";"Diesel"
"OPEX";"Taxes";"DE";"Excise Duty - Reduction biodiesel";"Rigid";"BAU";"%";2045;"0.5";"Sensitivity | Current Policies | Vehicle insurance";"Diesel"
"OPEX";"Taxes";"DE";"Excise Duty - Reduction biodiesel";"Tractor-Trailer";"BAU";"%";2045;"0.5";"Sensitivity | Current Policies | Vehicle insurance";"Diesel"
"OPEX";"Taxes";"ES";"Excise Duty - Reduction biodiesel";"Rigid";"BAU";"%";2045;"0.5";"Sensitivity | Current Policies | Vehicle insurance";"Diesel"
"OPEX";"Taxes";"ES";"Excise Duty - Reduction biodiesel";"Tractor-Trailer";"BAU";"%";2045;"0.5";"Sensitivity | Current Policies | Vehicle insurance";"Diesel"
"OPEX";"Taxes";"FR";"Excise Duty - Reduction biodiesel";"Rigid";"BAU";"%";2045;"0.5";"Sensitivity | Current Policies | Vehicle insurance";"Diesel"
"OPEX";"Taxes";"FR";"Excise Duty - Reduction biodiesel";"Tractor-Trailer";"BAU";"%";2045;"0.5";"Sensitivity | Current Policies | Vehicle insurance";"Diesel"
"OPEX";"Taxes";"IT";"Excise Duty - Reduction biodiesel";"Rigid";"BAU";"%";2045;"0.5";"Sensitivity | Current Policies | Vehicle insurance";"Diesel"
"OPEX";"Taxes";"IT";"Excise Duty - Reduction biodiesel";"Tractor-Trailer";"BAU";"%";2045;"0.5";"Sensitivity | Current Policies | Vehicle insurance";"Diesel"
"OPEX";"Taxes";"NL";"Excise Duty - Reduction biodiesel";"Rigid";"BAU";"%";2045;"0.5";"Sensitivity | Current Policies | Vehicle insurance";"Diesel"
"OPEX";"Taxes";"NL";"Excise Duty - Reduction biodiesel";"Tractor-Trailer";"BAU";"%";2045;"0.5";"Sensitivity | Current Policies | Vehicle insurance";"Diesel"
"OPEX";"Taxes";"PL";"Excise Duty - Reduction biodiesel";"Rigid";"BAU";"%";2045;"0.5";"Sensitivity | Current Policies | Vehicle insurance";"Diesel"
"OPEX";"Taxes";"PL";"Excise Duty - Reduction biodiesel";"Tractor-Trailer";"BAU";"%";2045;"0.5";"Sensitivity | Current Policies | Vehicle insurance";"Diesel"
"OPEX";"Taxes";"UK";"Excise Duty - Reduction biodiesel";"Rigid";"BAU";"%";2045;"0.5";"Sensitivity | Current Policies | Vehicle insurance";"Diesel"
"OPEX";"Taxes";"UK";"Excise Duty - Reduction biodiesel";"Tractor-Trailer";"BAU";"%";2045;"0.5";"Sensitivity | Current Policies | Vehicle insurance";"Diesel"
"OPEX";"Taxes";"DE";"Excise Duty - Reduction Synthetic Diesel (E-Fuels)";"Rigid";"BAU";"%";2045;"0.5";"Sensitivity | Current Policies | Vehicle insurance";"Diesel"
"OPEX";"Taxes";"DE";"Excise Duty - Reduction Synthetic Diesel (E-Fuels)";"Tractor-Trailer";"BAU";"%";2045;"0.5";"Sensitivity | Current Policies | Vehicle insurance";"Diesel"
"OPEX";"Taxes";"ES";"Excise Duty - Reduction Synthetic Diesel (E-Fuels)";"Rigid";"BAU";"%";2045;"0.5";"Sensitivity | Current Policies | Vehicle insurance";"Diesel"
"OPEX";"Taxes";"ES";"Excise Duty - Reduction Synthetic Diesel (E-Fuels)";"Tractor-Trailer";"BAU";"%";2045;"0.5";"Sensitivity | Current Policies | Vehicle insurance";"Diesel"
"OPEX";"Taxes";"FR";"Excise Duty - Reduction Synthetic Diesel (E-Fuels)";"Rigid";"BAU";"%";2045;"0.5";"Sensitivity | Current Policies | Vehicle insurance";"Diesel"
"OPEX";"Taxes";"FR";"Excise Duty - Reduction Synthetic Diesel (E-Fuels)";"Tractor-Trailer";"BAU";"%";2045;"0.5";"Sensitivity | Current Policies | Vehicle insurance";"Diesel"
"OPEX";"Taxes";"IT";"Excise Duty - Reduction Synthetic Diesel (E-Fuels)";"Rigid";"BAU";"%";2045;"0.5";"Sensitivity | Current Policies | Vehicle insurance";"Diesel"
"OPEX";"Taxes";"IT";"Excise Duty - Reduction Synthetic Diesel (E-Fuels)";"Tractor-Trailer";"BAU";"%";2045;"0.5";"Sensitivity | Current Policies | Vehicle insurance";"Diesel"
"OPEX";"Taxes";"NL";"Excise Duty - Reduction Synthetic Diesel (E-Fuels)";"Rigid";"BAU";"%";2045;"0.5";"Sensitivity | Current Policies | Vehicle insurance";"Diesel"
"OPEX";"Taxes";"NL";"Excise Duty - Reduction Synthetic Diesel (E-Fuels)";"Tractor-Trailer";"BAU";"%";2045;"0.5";"Sensitivity | Current Policies | Vehicle insurance";"Diesel"
"OPEX";"Taxes";"PL";"Excise Duty - Reduction Synthetic Diesel (E-Fuels)";"Rigid";"BAU";"%";2045;"0.5";"Sensitivity | Current Policies | Vehicle insurance";"Diesel"
"OPEX";"Taxes";"PL";"Excise Duty - Reduction Synthetic Diesel (E-Fuels)";"Tractor-Trailer";"BAU";"%";2045;"0.5";"Sensitivity | Current Policies | Vehicle insurance";"Diesel"
"OPEX";"Taxes";"UK";"Excise Duty - Reduction Synthetic Diesel (E-Fuels)";"Rigid";"BAU";"%";2045;"0.5";"Sensitivity | Current Policies | Vehicle insurance";"Diesel"
"OPEX";"Taxes";"UK";"Excise Duty - Reduction Synthetic Diesel (E-Fuels)";"Tractor-Trailer";"BAU";"%";2045;"0.5";"Sensitivity | Current Policies | Vehicle insurance";"Diesel"
"OPEX";"Taxes";"DE";"Taxes, Fees, Levies and charges - H2";"Rigid";"BAU";"EUR/kWh";2045;"0.015";"Sensitivity | Current Policies | Vehicle insurance";"Hydrogen"
"OPEX";"Taxes";"DE";"Taxes, Fees, Levies and charges - H2";"Tractor-Trailer";"BAU";"EUR/kWh";2045;"0.015";"Sensitivity | Current Policies | Vehicle insurance";"Hydrogen"
"OPEX";"Taxes";"ES";"Taxes, Fees, Levies and charges - H2";"Rigid";"BAU";"EUR/kWh";2045;"0.008";"Sensitivity | Current Policies | Vehicle insurance";"Hydrogen"
"OPEX";"Taxes";"ES";"Taxes, Fees, Levies and charges - H2";"Tractor-Trailer";"BAU";"EUR/kWh";2045;"0.008";"Sensitivity | Current Policies | Vehicle insurance";"Hydrogen"
"OPEX";"Taxes";"FR";"Taxes, Fees, Levies and charges - H2";"Rigid";"BAU";"EUR/kWh";2045;"0.012";"Sensitivity | Current Policies | Vehicle insurance";"Hydrogen"
"OPEX";"Taxes";"FR";"Taxes, Fees, Levies and charges - H2";"Tractor-Trailer";"BAU";"EUR/kWh";2045;"0.012";"Sensitivity | Current Policies | Vehicle insurance";"Hydrogen"
"OPEX";"Taxes";"IT";"Taxes, Fees, Levies and charges - H2";"Rigid";"BAU";"EUR/kWh";2045;"0.009";"Sensitivity | Current Policies | Vehicle insurance";"Hydrogen"
"OPEX";"Taxes";"IT";"Taxes, Fees, Levies and charges - H2";"Tractor-Trailer";"BAU";"EUR/kWh";2045;"0.009";"Sensitivity | Current Policies | Vehicle insurance";"Hydrogen"
"OPEX";"Taxes";"NL";"Taxes, Fees, Levies and charges - H2";"Rigid";"BAU";"EUR/kWh";2045;"0.024";"Sensitivity | Current Policies | Vehicle insurance";"Hydrogen"
"OPEX";"Taxes";"NL";"Taxes, Fees, Levies and charges - H2";"Tractor-Trailer";"BAU";"EUR/kWh";2045;"0.024";"Sensitivity | Current Policies | Vehicle insurance";"Hydrogen"
"OPEX";"Taxes";"PL";"Taxes, Fees, Levies and charges - H2";"Rigid";"BAU";"EUR/kWh";2045;"0.009";"Sensitivity | Current Policies | Vehicle insurance";"Hydrogen"
"OPEX";"Taxes";"PL";"Taxes, Fees, Levies and charges - H2";"Tractor-Trailer";"BAU";"EUR/kWh";2045;"0.009";"Sensitivity | Current Policies | Vehicle insurance";"Hydrogen"
"OPEX";"Taxes";"UK";"Taxes, Fees, Levies and charges - H2";"Rigid";"BAU";"EUR/kWh";2045;"0.006";"Sensitivity | Current Policies | Vehicle insurance";"Hydrogen"
"OPEX";"Taxes";"UK";"Taxes, Fees, Levies and charges - H2";"Tractor-Trailer";"BAU";"EUR/kWh";2045;"0.006";"Sensitivity | Current Policies | Vehicle insurance";"Hydrogen"
"OPEX";"Charging Infrastructure";"DE";"MCS grid extension";"Rigid";"BAU";"EUR/kWh";2045;"0.045";"Sensitivity | Current Policies | Vehicle insurance";"Electricity"
"OPEX";"Charging Infrastructure";"DE";"MCS grid extension";"Tractor-Trailer";"BAU";"EUR/kWh";2045;"0.045";"Sensitivity | Current Policies | Vehicle insurance";"Electricity"
"OPEX";"Charging Infrastructure";"ES";"MCS grid extension";"Rigid";"BAU";"EUR/kWh";2045;"0.045";"Sensitivity | Current Policies | Vehicle insurance";"Electricity"
"OPEX";"Charging Infrastructure";"ES";"MCS grid extension";"Tractor-Trailer";"BAU";"EUR/kWh";2045;"0.045";"Sensitivity | Current Policies | Vehicle insurance";"Electricity"
"OPEX";"Charging Infrastructure";"FR";"MCS grid extension";"Rigid";"BAU";"EUR/kWh";2045;"0.045";"Sensitivity | Current Policies | Vehicle insurance";"Electricity"
"OPEX";"Charging Infrastructure";"FR";"MCS grid extension";"Tractor-Trailer";"BAU";"EUR/kWh";2045;"0.045";"Sensitivity | Current Policies | Vehicle insurance";"Electricity"
"OPEX";"Charging Infrastructure";"IT";"MCS grid extension";"Rigid";"BAU";"EUR/kWh";2045;"0.045";"Sensitivity | Current Policies | Vehicle insurance";"Electricity"
"OPEX";"Charging Infrastructure";"IT";"MCS grid extension";"Tractor-Trailer";"BAU";"EUR/kWh";2045;"0.045";"Sensitivity | Current Policies | Vehicle insurance";"Electricity"
"OPEX";"Charging Infrastructure";"NL";"MCS grid extension";"Rigid";"BAU";"EUR/kWh";2045;"0.045";"Sensitivity | Current Policies | Vehicle insurance";"Electricity"
"OPEX";"Charging Infrastructure";"NL";"MCS grid extension";"Tractor-Trailer";"BAU";"EUR/kWh";2045;"0.045";"Sensitivity | Current Policies | Vehicle insurance";"Electricity"
"OPEX";"Charging Infrastructure";"PL";"MCS grid extension";"Rigid";"BAU";"EUR/kWh";2045;"0.045";"Sensitivity | Current Policies | Vehicle insurance";"Electricity"
"OPEX";"Charging Infrastructure";"PL";"MCS grid extension";"Tractor-Trailer";"BAU";"EUR/kWh";2045;"0.045";"Sensitivity | Current Policies | Vehicle insurance";"Electricity"
"OPEX";"Charging Infrastructure";"UK";"MCS grid extension";"Rigid";"BAU";"EUR/kWh";2045;"0.045";"Sensitivity | Current Policies | Vehicle insurance";"Electricity"
"OPEX";"Charging Infrastructure";"UK";"MCS grid extension";"Tractor-Trailer";"BAU";"EUR/kWh";2045;"0.045";"Sensitivity | Current Policies | Vehicle insurance";"Electricity"
"OPEX";"Charging Infrastructure";"DE";"MCS Profit and Mark-Up";"Rigid";"BAU";"%";2045;"0.1";"Sensitivity | Current Policies | Vehicle insurance";"Electricity"
"OPEX";"Charging Infrastructure";"DE";"MCS Profit and Mark-Up";"Tractor-Trailer";"BAU";"%";2045;"0.1";"Sensitivity | Current Policies | Vehicle insurance";"Electricity"
"OPEX";"Charging Infrastructure";"ES";"MCS Profit and Mark-Up";"Rigid";"BAU";"%";2045;"0.1";"Sensitivity | Current Policies | Vehicle insurance";"Electricity"
"OPEX";"Charging Infrastructure";"ES";"MCS Profit and Mark-Up";"Tractor-Trailer";"BAU";"%";2045;"0.1";"Sensitivity | Current Policies | Vehicle insurance";"Electricity"
"OPEX";"Charging Infrastructure";"FR";"MCS Profit and Mark-Up";"Rigid";"BAU";"%";2045;"0.1";"Sensitivity | Current Policies | Vehicle insurance";"Electricity"
"OPEX";"Charging Infrastructure";"FR";"MCS Profit and Mark-Up";"Tractor-Trailer";"BAU";"%";2045;"0.1";"Sensitivity | Current Policies | Vehicle insurance";"Electricity"
"OPEX";"Charging Infrastructure";"IT";"MCS Profit and Mark-Up";"Rigid";"BAU";"%";2045;"0.1";"Sensitivity | Current Policies | Vehicle insurance";"Electricity"
"OPEX";"Charging Infrastructure";"IT";"MCS Profit and Mark-Up";"Tractor-Trailer";"BAU";"%";2045;"0.1";"Sensitivity | Current Policies | Vehicle insurance";"Electricity"
"OPEX";"Charging Infrastructure";"NL";"MCS Profit and Mark-Up";"Rigid";"BAU";"%";2045;"0.1";"Sensitivity | Current Policies | Vehicle insurance";"Electricity"
"OPEX";"Charging Infrastructure";"NL";"MCS Profit and Mark-Up";"Tractor-Trailer";"BAU";"%";2045;"0.1";"Sensitivity | Current Policies | Vehicle insurance";"Electricity"
"OPEX";"Charging Infrastructure";"PL";"MCS Profit and Mark-Up";"Rigid";"BAU";"%";2045;"0.1";"Sensitivity | Current Policies | Vehicle insurance";"Electricity"
"OPEX";"Charging Infrastructure";"PL";"MCS Profit and Mark-Up";"Tractor-Trailer";"BAU";"%";2045;"0.1";"Sensitivity | Current Policies | Vehicle insurance";"Electricity"
"OPEX";"Charging Infrastructure";"UK";"MCS Profit and Mark-Up";"Rigid";"BAU";"%";2045;"0.1";"Sensitivity | Current Policies | Vehicle insurance";"Electricity"
"OPEX";"Charging Infrastructure";"UK";"MCS Profit and Mark-Up";"Tractor-Trailer";"BAU";"%";2045;"0.1";"Sensitivity | Current Policies | Vehicle insurance";"Electricity"
"OPEX";"Charging Infrastructure";"DE";"CCS Station (Depot) - Incl. Overhead";"Rigid";"BAU";"EUR/kWh";2045;"0.021";"Sensitivity | Current Policies | Vehicle insurance";"Electricity"
"OPEX";"Charging Infrastructure";"DE";"CCS Station (Depot) - Incl. Overhead";"Tractor-Trailer";"BAU";"EUR/kWh";2045;"0.021";"Sensitivity | Current Policies | Vehicle insurance";"Electricity"
"OPEX";"Charging Infrastructure";"ES";"CCS Station (Depot) - Incl. Overhead";"Rigid";"BAU";"EUR/kWh";2045;"0.021";"Sensitivity | Current Policies | Vehicle insurance";"Electricity"
"OPEX";"Charging Infrastructure";"ES";"CCS Station (Depot) - Incl. Overhead";"Tractor-Trailer";"BAU";"EUR/kWh";2045;"0.021";"Sensitivity | Current Policies | Vehicle insurance";"Electricity"
"OPEX";"Charging Infrastructure";"FR";"CCS Station (Depot) - Incl. Overhead";"Rigid";"BAU";"EUR/kWh";2045;"0.021";"Sensitivity | Current Policies | Vehicle insurance";"Electricity"
"OPEX";"Charging Infrastructure";"FR";"CCS Station (Depot) - Incl. Overhead";"Tractor-Trailer";"BAU";"EUR/kWh";2045;"0.021";"Sensitivity | Current Policies | Vehicle insurance";"Electricity"
"OPEX";"Charging Infrastructure";"IT";"CCS Station (Depot) - Incl. Overhead";"Rigid";"BAU";"EUR/kWh";2045;"0.021";"Sensitivity | Current Policies | Vehicle insurance";"Electricity"
"OPEX";"Charging Infrastructure";"IT";"CCS Station (Depot) - Incl. Overhead";"Tractor-Trailer";"BAU";"EUR/kWh";2045;"0.021";"Sensitivity | Current Policies | Vehicle insurance";"Electricity"
"OPEX";"Charging Infrastructure";"NL";"CCS Station (Depot) - Incl. Overhead";"Rigid";"BAU";"EUR/kWh";2045;"0.021";"Sensitivity | Current Policies | Vehicle insurance";"Electricity"
"OPEX";"Charging Infrastructure";"NL";"CCS Station (Depot) - Incl. Overhead";"Tractor-Trailer";"BAU";"EUR/kWh";2045;"0.021";"Sensitivity | Current Policies | Vehicle insurance";"Electricity"
"OPEX";"Charging Infrastructure";"PL";"CCS Station (Depot) - Incl. Overhead";"Rigid";"BAU";"EUR/kWh";2045;"0.021";"Sensitivity | Current Policies | Vehicle insurance";"Electricity"
"OPEX";"Charging Infrastructure";"PL";"CCS Station (Depot) - Incl. Overhead";"Tractor-Trailer";"BAU";"EUR/kWh";2045;"0.021";"Sensitivity | Current Policies | Vehicle insurance";"Electricity"
"OPEX";"Charging Infrastructure";"UK";"CCS Station (Depot) - Incl. Overhead";"Rigid";"BAU";"EUR/kWh";2045;"0.021";"Sensitivity | Current Policies | Vehicle insurance";"Electricity"
"OPEX";"Charging Infrastructure";"UK";"CCS Station (Depot) - Incl. Overhead";"Tractor-Trailer";"BAU";"EUR/kWh";2045;"0.021";"Sensitivity | Current Policies | Vehicle insurance";"Electricity"
"OPEX";"Charging Infrastructure";"DE";"CCS grid extension";"Rigid";"BAU";"EUR/kWh";2045;"0.045";"Sensitivity | Current Policies | Vehicle insurance";"Electricity"
"OPEX";"Charging Infrastructure";"DE";"CCS grid extension";"Tractor-Trailer";"BAU";"EUR/kWh";2045;"0.045";"Sensitivity | Current Policies | Vehicle insurance";"Electricity"
"OPEX";"Charging Infrastructure";"ES";"CCS grid extension";"Rigid";"BAU";"EUR/kWh";2045;"0.045";"Sensitivity | Current Policies | Vehicle insurance";"Electricity"
"OPEX";"Charging Infrastructure";"ES";"CCS grid extension";"Tractor-Trailer";"BAU";"EUR/kWh";2045;"0.045";"Sensitivity | Current Policies | Vehicle insurance";"Electricity"
"OPEX";"Charging Infrastructure";"FR";"CCS grid extension";"Rigid";"BAU";"EUR/kWh";2045;"0.045";"Sensitivity | Current Policies | Vehicle insurance";"Electricity"
"OPEX";"Charging Infrastructure";"FR";"CCS grid extension";"Tractor-Trailer";"BAU";"EUR/kWh";2045;"0.045";"Sensitivity | Current Policies | Vehicle insurance";"Electricity"
"OPEX";"Charging Infrastructure";"IT";"CCS grid extension";"Rigid";"BAU";"EUR/kWh";2045;"0.045";"Sensitivity | Current Policies | Vehicle insurance";"Electricity"
"OPEX";"Charging Infrastructure";"IT";"CCS grid extension";"Tractor-Trailer";"BAU";"EUR/kWh";2045;"0.045";"Sensitivity | Current Policies | Vehicle insurance";"Electricity"
"OPEX";"Charging Infrastructure";"NL";"CCS grid extension";"Rigid";"BAU";"EUR/kWh";2045;"0.045";"Sensitivity | Current Policies | Vehicle insurance";"Electricity"
"OPEX";"Charging Infrastructure";"NL";"CCS grid extension";"Tractor-Trailer";"BAU";"EUR/kWh";2045;"0.045";"Sensitivity | Current Policies | Vehicle insurance";"Electricity"
"OPEX";"Charging Infrastructure";"PL";"CCS grid extension";"Rigid";"BAU";"EUR/kWh";2045;"0.045";"Sensitivity | Current Policies | Vehicle insurance";"Electricity"
"OPEX";"Charging Infrastructure";"PL";"CCS grid extension";"Tractor-Trailer";"BAU";"EUR/kWh";2045;"0.045";"Sensitivity | Current Policies | Vehicle insurance";"Electricity"
"OPEX";"Charging Infrastructure";"UK";"CCS grid extension";"Rigid";"BAU";"EUR/kWh";2045;"0.045";"Sensitivity | Current Policies | Vehicle insurance";"Electricity"
"OPEX";"Charging Infrastructure";"UK";"CCS grid extension";"Tractor-Trailer";"BAU";"EUR/kWh";2045;"0.045";"Sensitivity | Current Policies | Vehicle insurance";"Electricity"
"OPEX";"Diesel Infrastructure";"DE";"Total Diesel Mark-Up";"Rigid";"BAU";"EUR/kWh";2045;"0.018";"Sensitivity | Current Policies | Vehicle insurance";"Diesel"
"OPEX";"Diesel Infrastructure";"DE";"Total Diesel Mark-Up";"Tractor-Trailer";"BAU";"EUR/kWh";2045;"0.018";"Sensitivity | Current Policies | Vehicle insurance";"Diesel"
"OPEX";"Diesel Infrastructure";"ES";"Total Diesel Mark-Up";"Rigid";"BAU";"EUR/kWh";2045;"0.018";"Sensitivity | Current Policies | Vehicle insurance";"Diesel"
"OPEX";"Diesel Infrastructure";"ES";"Total Diesel Mark-Up";"Tractor-Trailer";"BAU";"EUR/kWh";2045;"0.018";"Sensitivity | Current Policies | Vehicle insurance";"Diesel"
"OPEX";"Diesel Infrastructure";"FR";"Total Diesel Mark-Up";"Rigid";"BAU";"EUR/kWh";2045;"0.018";"Sensitivity | Current Policies | Vehicle insurance";"Diesel"
"OPEX";"Diesel Infrastructure";"FR";"Total Diesel Mark-Up";"Tractor-Trailer";"BAU";"EUR/kWh";2045;"0.018";"Sensitivity | Current Policies | Vehicle insurance";"Diesel"
"OPEX";"Diesel Infrastructure";"IT";"Total Diesel Mark-Up";"Rigid";"BAU";"EUR/kWh";2045;"0.018";"Sensitivity | Current Policies | Vehicle insurance";"Diesel"
"OPEX";"Diesel Infrastructure";"IT";"Total Diesel Mark-Up";"Tractor-Trailer";"BAU";"EUR/kWh";2045;"0.018";"Sensitivity | Current Policies | Vehicle insurance";"Diesel"
"OPEX";"Diesel Infrastructure";"NL";"Total Diesel Mark-Up";"Rigid";"BAU";"EUR/kWh";2045;"0.018";"Sensitivity | Current Policies | Vehicle insurance";"Diesel"
"OPEX";"Diesel Infrastructure";"NL";"Total Diesel Mark-Up";"Tractor-Trailer";"BAU";"EUR/kWh";2045;"0.018";"Sensitivity | Current Policies | Vehicle insurance";"Diesel"
"OPEX";"Diesel Infrastructure";"PL";"Total Diesel Mark-Up";"Rigid";"BAU";"EUR/kWh";2045;"0.018";"Sensitivity | Current Policies | Vehicle insurance";"Diesel"
"OPEX";"Diesel Infrastructure";"PL";"Total Diesel Mark-Up";"Tractor-Trailer";"BAU";"EUR/kWh";2045;"0.018";"Sensitivity | Current Policies | Vehicle insurance";"Diesel"
"OPEX";"Diesel Infrastructure";"UK";"Total Diesel Mark-Up";"Rigid";"BAU";"EUR/kWh";2045;"0.018";"Sensitivity | Current Policies | Vehicle insurance";"Diesel"
"OPEX";"Diesel Infrastructure";"UK";"Total Diesel Mark-Up";"Tractor-Trailer";"BAU";"EUR/kWh";2045;"0.018";"Sensitivity | Current Policies | Vehicle insurance";"Diesel"
"OPEX";"Diesel Infrastructure";"DE";"CO2 emission factor Biodiesel";"Rigid";"BAU";"%";2045;"0.154";"Sensitivity | Current Policies | Vehicle insurance";"Diesel"
"OPEX";"Diesel Infrastructure";"DE";"CO2 emission factor Biodiesel";"Tractor-Trailer";"BAU";"%";2045;"0.154";"Sensitivity | Current Policies | Vehicle insurance";"Diesel"
"OPEX";"Diesel Infrastructure";"ES";"CO2 emission factor Biodiesel";"Rigid";"BAU";"%";2045;"0.154";"Sensitivity | Current Policies | Vehicle insurance";"Diesel"
"OPEX";"Diesel Infrastructure";"ES";"CO2 emission factor Biodiesel";"Tractor-Trailer";"BAU";"%";2045;"0.154";"Sensitivity | Current Policies | Vehicle insurance";"Diesel"
"OPEX";"Diesel Infrastructure";"FR";"CO2 emission factor Biodiesel";"Rigid";"BAU";"%";2045;"0.154";"Sensitivity | Current Policies | Vehicle insurance";"Diesel"
"OPEX";"Diesel Infrastructure";"FR";"CO2 emission factor Biodiesel";"Tractor-Trailer";"BAU";"%";2045;"0.154";"Sensitivity | Current Policies | Vehicle insurance";"Diesel"
"OPEX";"Diesel Infrastructure";"IT";"CO2 emission factor Biodiesel";"Rigid";"BAU";"%";2045;"0.154";"Sensitivity | Current Policies | Vehicle insurance";"Diesel"
"OPEX";"Diesel Infrastructure";"IT";"CO2 emission factor Biodiesel";"Tractor-Trailer";"BAU";"%";2045;"0.154";"Sensitivity | Current Policies | Vehicle insurance";"Diesel"
"OPEX";"Diesel Infrastructure";"NL";"CO2 emission factor Biodiesel";"Rigid";"BAU";"%";2045;"0.154";"Sensitivity | Current Policies | Vehicle insurance";"Diesel"
"OPEX";"Diesel Infrastructure";"NL";"CO2 emission factor Biodiesel";"Tractor-Trailer";"BAU";"%";2045;"0.154";"Sensitivity | Current Policies | Vehicle insurance";"Diesel"
"OPEX";"Diesel Infrastructure";"PL";"CO2 emission factor Biodiesel";"Rigid";"BAU";"%";2045;"0.154";"Sensitivity | Current Policies | Vehicle insurance";"Diesel"
"OPEX";"Diesel Infrastructure";"PL";"CO2 emission factor Biodiesel";"Tractor-Trailer";"BAU";"%";2045;"0.154";"Sensitivity | Current Policies | Vehicle insurance";"Diesel"
"OPEX";"Diesel Infrastructure";"UK";"CO2 emission factor Biodiesel";"Rigid";"BAU";"%";2045;"0.154";"Sensitivity | Current Policies | Vehicle insurance";"Diesel"
"OPEX";"Diesel Infrastructure";"UK";"CO2 emission factor Biodiesel";"Tractor-Trailer";"BAU";"%";2045;"0.154";"Sensitivity | Current Policies | Vehicle insurance";"Diesel"
"OPEX";"Diesel Infrastructure";"DE";"CO2 emission factor Pt-Diesel";"Rigid";"BAU";"%";2045;"0";"Sensitivity | Current Policies | Vehicle insurance";"Diesel"
"OPEX";"Diesel Infrastructure";"DE";"CO2 emission factor Pt-Diesel";"Tractor-Trailer";"BAU";"%";2045;"0";"Sensitivity | Current Policies | Vehicle insurance";"Diesel"
"OPEX";"Diesel Infrastructure";"ES";"CO2 emission factor Pt-Diesel";"Rigid";"BAU";"%";2045;"0";"Sensitivity | Current Policies | Vehicle insurance";"Diesel"
"OPEX";"Diesel Infrastructure";"ES";"CO2 emission factor Pt-Diesel";"Tractor-Trailer";"BAU";"%";2045;"0";"Sensitivity | Current Policies | Vehicle insurance";"Diesel"
"OPEX";"Diesel Infrastructure";"FR";"CO2 emission factor Pt-Diesel";"Rigid";"BAU";"%";2045;"0";"Sensitivity | Current Policies | Vehicle insurance";"Diesel"
"OPEX";"Diesel Infrastructure";"FR";"CO2 emission factor Pt-Diesel";"Tractor-Trailer";"BAU";"%";2045;"0";"Sensitivity | Current Policies | Vehicle insurance";"Diesel"
"OPEX";"Diesel Infrastructure";"IT";"CO2 emission factor Pt-Diesel";"Rigid";"BAU";"%";2045;"0";"Sensitivity | Current Policies | Vehicle insurance";"Diesel"
"OPEX";"Diesel Infrastructure";"IT";"CO2 emission factor Pt-Diesel";"Tractor-Trailer";"BAU";"%";2045;"0";"Sensitivity | Current Policies | Vehicle insurance";"Diesel"
"OPEX";"Diesel Infrastructure";"NL";"CO2 emission factor Pt-Diesel";"Rigid";"BAU";"%";2045;"0";"Sensitivity | Current Policies | Vehicle insurance";"Diesel"
"OPEX";"Diesel Infrastructure";"NL";"CO2 emission factor Pt-Diesel";"Tractor-Trailer";"BAU";"%";2045;"0";"Sensitivity | Current Policies | Vehicle insurance";"Diesel"
"OPEX";"Diesel Infrastructure";"PL";"CO2 emission factor Pt-Diesel";"Rigid";"BAU";"%";2045;"0";"Sensitivity | Current Policies | Vehicle insurance";"Diesel"
"OPEX";"Diesel Infrastructure";"PL";"CO2 emission factor Pt-Diesel";"Tractor-Trailer";"BAU";"%";2045;"0";"Sensitivity | Current Policies | Vehicle insurance";"Diesel"
"OPEX";"Diesel Infrastructure";"UK";"CO2 emission factor Pt-Diesel";"Rigid";"BAU";"%";2045;"0";"Sensitivity | Current Policies | Vehicle insurance";"Diesel"
"OPEX";"Diesel Infrastructure";"UK";"CO2 emission factor Pt-Diesel";"Tractor-Trailer";"BAU";"%";2045;"0";"Sensitivity | Current Policies | Vehicle insurance";"Diesel"
"OPEX";"Taxes";"DE";"Network Costs - MCS";"Rigid";"BAU";"EUR/kWh";2045;"0.034";"Sensitivity | Current Policies | Vehicle insurance";"Electricity"
"OPEX";"Taxes";"DE";"Network Costs - MCS";"Tractor-Trailer";"BAU";"EUR/kWh";2045;"0.034";"Sensitivity | Current Policies | Vehicle insurance";"Electricity"
"OPEX";"Taxes";"ES";"Network Costs - MCS";"Rigid";"BAU";"EUR/kWh";2045;"0.018";"Sensitivity | Current Policies | Vehicle insurance";"Electricity"
"OPEX";"Taxes";"ES";"Network Costs - MCS";"Tractor-Trailer";"BAU";"EUR/kWh";2045;"0.018";"Sensitivity | Current Policies | Vehicle insurance";"Electricity"
"OPEX";"Taxes";"FR";"Network Costs - MCS";"Rigid";"BAU";"EUR/kWh";2045;"0.018";"Sensitivity | Current Policies | Vehicle insurance";"Electricity"
"OPEX";"Taxes";"FR";"Network Costs - MCS";"Tractor-Trailer";"BAU";"EUR/kWh";2045;"0.018";"Sensitivity | Current Policies | Vehicle insurance";"Electricity"
"OPEX";"Taxes";"IT";"Network Costs - MCS";"Rigid";"BAU";"EUR/kWh";2045;"0.015";"Sensitivity | Current Policies | Vehicle insurance";"Electricity"
"OPEX";"Taxes";"IT";"Network Costs - MCS";"Tractor-Trailer";"BAU";"EUR/kWh";2045;"0.015";"Sensitivity | Current Policies | Vehicle insurance";"Electricity"
"OPEX";"Taxes";"NL";"Network Costs - MCS";"Rigid";"BAU";"EUR/kWh";2045;"0.016";"Sensitivity | Current Policies | Vehicle insurance";"Electricity"
"OPEX";"Taxes";"NL";"Network Costs - MCS";"Tractor-Trailer";"BAU";"EUR/kWh";2045;"0.016";"Sensitivity | Current Policies | Vehicle insurance";"Electricity"
"OPEX";"Taxes";"PL";"Network Costs - MCS";"Rigid";"BAU";"EUR/kWh";2045;"0.019";"Sensitivity | Current Policies | Vehicle insurance";"Electricity"
"OPEX";"Taxes";"PL";"Network Costs - MCS";"Tractor-Trailer";"BAU";"EUR/kWh";2045;"0.019";"Sensitivity | Current Policies | Vehicle insurance";"Electricity"
"OPEX";"Taxes";"UK";"Network Costs - MCS";"Rigid";"BAU";"EUR/kWh";2045;"0.027";"Sensitivity | Current Policies | Vehicle insurance";"Electricity"
"OPEX";"Taxes";"UK";"Network Costs - MCS";"Tractor-Trailer";"BAU";"EUR/kWh";2045;"0.027";"Sensitivity | Current Policies | Vehicle insurance";"Electricity"
"OPEX";"Taxes";"DE";"Taxes, Fees, Levies and charges - MCS";"Rigid";"BAU";"EUR/kWh";2045;"0.056";"Sensitivity | Current Policies | Vehicle insurance";"Electricity"
"OPEX";"Taxes";"DE";"Taxes, Fees, Levies and charges - MCS";"Tractor-Trailer";"BAU";"EUR/kWh";2045;"0.056";"Sensitivity | Current Policies | Vehicle insurance";"Electricity"
"OPEX";"Taxes";"ES";"Taxes, Fees, Levies and charges - MCS";"Rigid";"BAU";"EUR/kWh";2045;"0.036";"Sensitivity | Current Policies | Vehicle insurance";"Electricity"
"OPEX";"Taxes";"ES";"Taxes, Fees, Levies and charges - MCS";"Tractor-Trailer";"BAU";"EUR/kWh";2045;"0.036";"Sensitivity | Current Policies | Vehicle insurance";"Electricity"
"OPEX";"Taxes";"FR";"Taxes, Fees, Levies and charges - MCS";"Rigid";"BAU";"EUR/kWh";2045;"0.03";"Sensitivity | Current Policies | Vehicle insurance";"Electricity"
"OPEX";"Taxes";"FR";"Taxes, Fees, Levies and charges - MCS";"Tractor-Trailer";"BAU";"EUR/kWh";2045;"0.03";"Sensitivity | Current Policies | Vehicle insurance";"Electricity"
"OPEX";"Taxes";"IT";"Taxes, Fees, Levies and charges - MCS";"Rigid";"BAU";"EUR/kWh";2045;"0.062";"Sensitivity | Current Policies | Vehicle insurance";"Electricity"
"OPEX";"Taxes";"IT";"Taxes, Fees, Levies and charges - MCS";"Tractor-Trailer";"BAU";"EUR/kWh";2045;"0.062";"Sensitivity | Current Policies | Vehicle insurance";"Electricity"
"OPEX";"Taxes";"NL";"Taxes, Fees, Levies and charges - MCS";"Rigid";"BAU";"EUR/kWh";2045;"0.055";"Sensitivity | Current Policies | Vehicle insurance";"Electricity"
"OPEX";"Taxes";"NL";"Taxes, Fees, Levies and charges - MCS";"Tractor-Trailer";"BAU";"EUR/kWh";2045;"0.055";"Sensitivity | Current Policies | Vehicle insurance";"Electricity"
"OPEX";"Taxes";"PL";"Taxes, Fees, Levies and charges - MCS";"Rigid";"BAU";"EUR/kWh";2045;"0.049";"Sensitivity | Current Policies | Vehicle insurance";"Electricity"
"OPEX";"Taxes";"PL";"Taxes, Fees, Levies and charges - MCS";"Tractor-Trailer";"BAU";"EUR/kWh";2045;"0.049";"Sensitivity | Current Policies | Vehicle insurance";"Electricity"
"OPEX";"Taxes";"UK";"Taxes, Fees, Levies and charges - MCS";"Rigid";"BAU";"EUR/kWh";2045;"0.077";"Sensitivity | Current Policies | Vehicle insurance";"Electricity"
"OPEX";"Taxes";"UK";"Taxes, Fees, Levies and charges - MCS";"Tractor-Trailer";"BAU";"EUR/kWh";2045;"0.077";"Sensitivity | Current Policies | Vehicle insurance";"Electricity"
"OPEX";"Taxes";"DE";"Network Costs - Depot";"Rigid";"BAU";"EUR/kWh";2045;"0.034";"Sensitivity | Current Policies | Vehicle insurance";"Electricity"
"OPEX";"Taxes";"DE";"Network Costs - Depot";"Tractor-Trailer";"BAU";"EUR/kWh";2045;"0.034";"Sensitivity | Current Policies | Vehicle insurance";"Electricity"
"OPEX";"Taxes";"ES";"Network Costs - Depot";"Rigid";"BAU";"EUR/kWh";2045;"0.018";"Sensitivity | Current Policies | Vehicle insurance";"Electricity"
"OPEX";"Taxes";"ES";"Network Costs - Depot";"Tractor-Trailer";"BAU";"EUR/kWh";2045;"0.018";"Sensitivity | Current Policies | Vehicle insurance";"Electricity"
"OPEX";"Taxes";"FR";"Network Costs - Depot";"Rigid";"BAU";"EUR/kWh";2045;"0.018";"Sensitivity | Current Policies | Vehicle insurance";"Electricity"
"OPEX";"Taxes";"FR";"Network Costs - Depot";"Tractor-Trailer";"BAU";"EUR/kWh";2045;"0.018";"Sensitivity | Current Policies | Vehicle insurance";"Electricity"
"OPEX";"Taxes";"IT";"Network Costs - Depot";"Rigid";"BAU";"EUR/kWh";2045;"0.016";"Sensitivity | Current Policies | Vehicle insurance";"Electricity"
"OPEX";"Taxes";"IT";"Network Costs - Depot";"Tractor-Trailer";"BAU";"EUR/kWh";2045;"0.016";"Sensitivity | Current Policies | Vehicle insurance";"Electricity"
"OPEX";"Taxes";"NL";"Network Costs - Depot";"Rigid";"BAU";"EUR/kWh";2045;"0.016";"Sensitivity | Current Policies | Vehicle insurance";"Electricity"
"OPEX";"Taxes";"NL";"Network Costs - Depot";"Tractor-Trailer";"BAU";"EUR/kWh";2045;"0.016";"Sensitivity | Current Policies | Vehicle insurance";"Electricity"
"OPEX";"Taxes";"PL";"Network Costs - Depot";"Rigid";"BAU";"EUR/kWh";2045;"0.019";"Sensitivity | Current Policies | Vehicle insurance";"Electricity"
"OPEX";"Taxes";"PL";"Network Costs - Depot";"Tractor-Trailer";"BAU";"EUR/kWh";2045;"0.019";"Sensitivity | Current Policies | Vehicle insurance";"Electricity"
"OPEX";"Taxes";"UK";"Network Costs - Depot";"Rigid";"BAU";"EUR/kWh";2045;"0.027";"Sensitivity | Current Policies | Vehicle insurance";"Electricity"
"OPEX";"Taxes";"UK";"Network Costs - Depot";"Tractor-Trailer";"BAU";"EUR/kWh";2045;"0.027";"Sensitivity | Current Policies | Vehicle insurance";"Electricity"
"OPEX";"Taxes";"DE";"Taxes, Fees, Levies and charges - Depot";"Rigid";"BAU";"EUR/kWh";2045;"0.056";"Sensitivity | Current Policies | Vehicle insurance";"Electricity"
"OPEX";"Taxes";"DE";"Taxes, Fees, Levies and charges - Depot";"Tractor-Trailer";"BAU";"EUR/kWh";2045;"0.056";"Sensitivity | Current Policies | Vehicle insurance";"Electricity"
"OPEX";"Taxes";"ES";"Taxes, Fees, Levies and charges - Depot";"Rigid";"BAU";"EUR/kWh";2045;"0.036";"Sensitivity | Current Policies | Vehicle insurance";"Electricity"
"OPEX";"Taxes";"ES";"Taxes, Fees, Levies and charges - Depot";"Tractor-Trailer";"BAU";"EUR/kWh";2045;"0.036";"Sensitivity | Current Policies | Vehicle insurance";"Electricity"
"OPEX";"Taxes";"FR";"Taxes, Fees, Levies and charges - Depot";"Rigid";"BAU";"EUR/kWh";2045;"0.03";"Sensitivity | Current Policies | Vehicle insurance";"Electricity"
"OPEX";"Taxes";"FR";"Taxes, Fees, Levies and charges - Depot";"Tractor-Trailer";"BAU";"EUR/kWh";2045;"0.03";"Sensitivity | Current Policies | Vehicle insurance";"Electricity"
"OPEX";"Taxes";"IT";"Taxes, Fees, Levies and charges - Depot";"Rigid";"BAU";"EUR/kWh";2045;"0.063";"Sensitivity | Current Policies | Vehicle insurance";"Electricity"
"OPEX";"Taxes";"IT";"Taxes, Fees, Levies and charges - Depot";"Tractor-Trailer";"BAU";"EUR/kWh";2045;"0.063";"Sensitivity | Current Policies | Vehicle insurance";"Electricity"
"OPEX";"Taxes";"NL";"Taxes, Fees, Levies and charges - Depot";"Rigid";"BAU";"EUR/kWh";2045;"0.055";"Sensitivity | Current Policies | Vehicle insurance";"Electricity"
"OPEX";"Taxes";"NL";"Taxes, Fees, Levies and charges - Depot";"Tractor-Trailer";"BAU";"EUR/kWh";2045;"0.055";"Sensitivity | Current Policies | Vehicle insurance";"Electricity"
"OPEX";"Taxes";"PL";"Taxes, Fees, Levies and charges - Depot";"Rigid";"BAU";"EUR/kWh";2045;"0.049";"Sensitivity | Current Policies | Vehicle insurance";"Electricity"
"OPEX";"Taxes";"PL";"Taxes, Fees, Levies and charges - Depot";"Tractor-Trailer";"BAU";"EUR/kWh";2045;"0.049";"Sensitivity | Current Policies | Vehicle insurance";"Electricity"
"OPEX";"Taxes";"UK";"Taxes, Fees, Levies and charges - Depot";"Rigid";"BAU";"EUR/kWh";2045;"0.077";"Sensitivity | Current Policies | Vehicle insurance";"Electricity"
"OPEX";"Taxes";"UK";"Taxes, Fees, Levies and charges - Depot";"Tractor-Trailer";"BAU";"EUR/kWh";2045;"0.077";"Sensitivity | Current Policies | Vehicle insurance";"Electricity"
"OPEX";"H2 Infrastructure";"DE";"HRS costs";"Rigid";"BAU";"EUR/kg H2";2045;"1.1";"Sensitivity | Current Policies | Vehicle insurance";"Hydrogen"
"OPEX";"H2 Infrastructure";"DE";"HRS costs";"Tractor-Trailer";"BAU";"EUR/kg H2";2045;"1.1";"Sensitivity | Current Policies | Vehicle insurance";"Hydrogen"
"OPEX";"H2 Infrastructure";"ES";"HRS costs";"Rigid";"BAU";"EUR/kg H2";2045;"1.1";"Sensitivity | Current Policies | Vehicle insurance";"Hydrogen"
"OPEX";"H2 Infrastructure";"ES";"HRS costs";"Tractor-Trailer";"BAU";"EUR/kg H2";2045;"1.1";"Sensitivity | Current Policies | Vehicle insurance";"Hydrogen"
"OPEX";"H2 Infrastructure";"FR";"HRS costs";"Rigid";"BAU";"EUR/kg H2";2045;"1.1";"Sensitivity | Current Policies | Vehicle insurance";"Hydrogen"
"OPEX";"H2 Infrastructure";"FR";"HRS costs";"Tractor-Trailer";"BAU";"EUR/kg H2";2045;"1.1";"Sensitivity | Current Policies | Vehicle insurance";"Hydrogen"
"OPEX";"H2 Infrastructure";"IT";"HRS costs";"Rigid";"BAU";"EUR/kg H2";2045;"1.1";"Sensitivity | Current Policies | Vehicle insurance";"Hydrogen"
"OPEX";"H2 Infrastructure";"IT";"HRS costs";"Tractor-Trailer";"BAU";"EUR/kg H2";2045;"1.1";"Sensitivity | Current Policies | Vehicle insurance";"Hydrogen"
"OPEX";"H2 Infrastructure";"NL";"HRS costs";"Rigid";"BAU";"EUR/kg H2";2045;"1.1";"Sensitivity | Current Policies | Vehicle insurance";"Hydrogen"
"OPEX";"H2 Infrastructure";"NL";"HRS costs";"Tractor-Trailer";"BAU";"EUR/kg H2";2045;"1.1";"Sensitivity | Current Policies | Vehicle insurance";"Hydrogen"
"OPEX";"H2 Infrastructure";"PL";"HRS costs";"Rigid";"BAU";"EUR/kg H2";2045;"1.1";"Sensitivity | Current Policies | Vehicle insurance";"Hydrogen"
"OPEX";"H2 Infrastructure";"PL";"HRS costs";"Tractor-Trailer";"BAU";"EUR/kg H2";2045;"1.1";"Sensitivity | Current Policies | Vehicle insurance";"Hydrogen"
"OPEX";"H2 Infrastructure";"UK";"HRS costs";"Rigid";"BAU";"EUR/kg H2";2045;"1.1";"Sensitivity | Current Policies | Vehicle insurance";"Hydrogen"
"OPEX";"H2 Infrastructure";"UK";"HRS costs";"Tractor-Trailer";"BAU";"EUR/kg H2";2045;"1.1";"Sensitivity | Current Policies | Vehicle insurance";"Hydrogen"
"OPEX";"H2 Infrastructure";"DE";"H2 transport and distribution";"Rigid";"BAU";"EUR/kg H2";2045;"1";"Sensitivity | Current Policies | Vehicle insurance";"Hydrogen"
"OPEX";"H2 Infrastructure";"DE";"H2 transport and distribution";"Tractor-Trailer";"BAU";"EUR/kg H2";2045;"1";"Sensitivity | Current Policies | Vehicle insurance";"Hydrogen"
"OPEX";"H2 Infrastructure";"ES";"H2 transport and distribution";"Rigid";"BAU";"EUR/kg H2";2045;"1";"Sensitivity | Current Policies | Vehicle insurance";"Hydrogen"
"OPEX";"H2 Infrastructure";"ES";"H2 transport and distribution";"Tractor-Trailer";"BAU";"EUR/kg H2";2045;"1";"Sensitivity | Current Policies | Vehicle insurance";"Hydrogen"
"OPEX";"H2 Infrastructure";"FR";"H2 transport and distribution";"Rigid";"BAU";"EUR/kg H2";2045;"1";"Sensitivity | Current Policies | Vehicle insurance";"Hydrogen"
"OPEX";"H2 Infrastructure";"FR";"H2 transport and distribution";"Tractor-Trailer";"BAU";"EUR/kg H2";2045;"1";"Sensitivity | Current Policies | Vehicle insurance";"Hydrogen"
"OPEX";"H2 Infrastructure";"IT";"H2 transport and distribution";"Rigid";"BAU";"EUR/kg H2";2045;"1";"Sensitivity | Current Policies | Vehicle insurance";"Hydrogen"
"OPEX";"H2 Infrastructure";"IT";"H2 transport and distribution";"Tractor-Trailer";"BAU";"EUR/kg H2";2045;"1";"Sensitivity | Current Policies | Vehicle insurance";"Hydrogen"
"OPEX";"H2 Infrastructure";"NL";"H2 transport and distribution";"Rigid";"BAU";"EUR/kg H2";2045;"1";"Sensitivity | Current Policies | Vehicle insurance";"Hydrogen"
"OPEX";"H2 Infrastructure";"NL";"H2 transport and distribution";"Tractor-Trailer";"BAU";"EUR/kg H2";2045;"1";"Sensitivity | Current Policies | Vehicle insurance";"Hydrogen"
"OPEX";"H2 Infrastructure";"PL";"H2 transport and distribution";"Rigid";"BAU";"EUR/kg H2";2045;"1";"Sensitivity | Current Policies | Vehicle insurance";"Hydrogen"
"OPEX";"H2 Infrastructure";"PL";"H2 transport and distribution";"Tractor-Trailer";"BAU";"EUR/kg H2";2045;"1";"Sensitivity | Current Policies | Vehicle insurance";"Hydrogen"
"OPEX";"H2 Infrastructure";"UK";"H2 transport and distribution";"Rigid";"BAU";"EUR/kg H2";2045;"1";"Sensitivity | Current Policies | Vehicle insurance";"Hydrogen"
"OPEX";"H2 Infrastructure";"UK";"H2 transport and distribution";"Tractor-Trailer";"BAU";"EUR/kg H2";2045;"1";"Sensitivity | Current Policies | Vehicle insurance";"Hydrogen"
"OPEX";"H2 Infrastructure";"DE";"HRS Overhead, Profit and Mark-Up";"Rigid";"BAU";"EUR/kg H2";2045;"0.25";"Sensitivity | Current Policies | Vehicle insurance";"Hydrogen"
"OPEX";"H2 Infrastructure";"DE";"HRS Overhead, Profit and Mark-Up";"Tractor-Trailer";"BAU";"EUR/kg H2";2045;"0.25";"Sensitivity | Current Policies | Vehicle insurance";"Hydrogen"
"OPEX";"H2 Infrastructure";"ES";"HRS Overhead, Profit and Mark-Up";"Rigid";"BAU";"EUR/kg H2";2045;"0.25";"Sensitivity | Current Policies | Vehicle insurance";"Hydrogen"
"OPEX";"H2 Infrastructure";"ES";"HRS Overhead, Profit and Mark-Up";"Tractor-Trailer";"BAU";"EUR/kg H2";2045;"0.25";"Sensitivity | Current Policies | Vehicle insurance";"Hydrogen"
"OPEX";"H2 Infrastructure";"FR";"HRS Overhead, Profit and Mark-Up";"Rigid";"BAU";"EUR/kg H2";2045;"0.25";"Sensitivity | Current Policies | Vehicle insurance";"Hydrogen"
"OPEX";"H2 Infrastructure";"FR";"HRS Overhead, Profit and Mark-Up";"Tractor-Trailer";"BAU";"EUR/kg H2";2045;"0.25";"Sensitivity | Current Policies | Vehicle insurance";"Hydrogen"
"OPEX";"H2 Infrastructure";"IT";"HRS Overhead, Profit and Mark-Up";"Rigid";"BAU";"EUR/kg H2";2045;"0.25";"Sensitivity | Current Policies | Vehicle insurance";"Hydrogen"
"OPEX";"H2 Infrastructure";"IT";"HRS Overhead, Profit and Mark-Up";"Tractor-Trailer";"BAU";"EUR/kg H2";2045;"0.25";"Sensitivity | Current Policies | Vehicle insurance";"Hydrogen"
"OPEX";"H2 Infrastructure";"NL";"HRS Overhead, Profit and Mark-Up";"Rigid";"BAU";"EUR/kg H2";2045;"0.25";"Sensitivity | Current Policies | Vehicle insurance";"Hydrogen"
"OPEX";"H2 Infrastructure";"NL";"HRS Overhead, Profit and Mark-Up";"Tractor-Trailer";"BAU";"EUR/kg H2";2045;"0.25";"Sensitivity | Current Policies | Vehicle insurance";"Hydrogen"
"OPEX";"H2 Infrastructure";"PL";"HRS Overhead, Profit and Mark-Up";"Rigid";"BAU";"EUR/kg H2";2045;"0.25";"Sensitivity | Current Policies | Vehicle insurance";"Hydrogen"
"OPEX";"H2 Infrastructure";"PL";"HRS Overhead, Profit and Mark-Up";"Tractor-Trailer";"BAU";"EUR/kg H2";2045;"0.25";"Sensitivity | Current Policies | Vehicle insurance";"Hydrogen"
"OPEX";"H2 Infrastructure";"UK";"HRS Overhead, Profit and Mark-Up";"Rigid";"BAU";"EUR/kg H2";2045;"0.25";"Sensitivity | Current Policies | Vehicle insurance";"Hydrogen"
"OPEX";"H2 Infrastructure";"UK";"HRS Overhead, Profit and Mark-Up";"Tractor-Trailer";"BAU";"EUR/kg H2";2045;"0.25";"Sensitivity | Current Policies | Vehicle insurance";"Hydrogen"
"OPEX";"Charging Infrastructure";"DE";"MCS Station (Public Charging) - Incl. Overhead";"Rigid";"BAU";"EUR/kWh";2045;"0.032";"Sensitivity | Current Policies | Vehicle insurance";"Electricity"
"OPEX";"Charging Infrastructure";"DE";"MCS Station (Public Charging) - Incl. Overhead";"Tractor-Trailer";"BAU";"EUR/kWh";2045;"0.032";"Sensitivity | Current Policies | Vehicle insurance";"Electricity"
"OPEX";"Charging Infrastructure";"ES";"MCS Station (Public Charging) - Incl. Overhead";"Rigid";"BAU";"EUR/kWh";2045;"0.032";"Sensitivity | Current Policies | Vehicle insurance";"Electricity"
"OPEX";"Charging Infrastructure";"ES";"MCS Station (Public Charging) - Incl. Overhead";"Tractor-Trailer";"BAU";"EUR/kWh";2045;"0.032";"Sensitivity | Current Policies | Vehicle insurance";"Electricity"
"OPEX";"Charging Infrastructure";"FR";"MCS Station (Public Charging) - Incl. Overhead";"Rigid";"BAU";"EUR/kWh";2045;"0.032";"Sensitivity | Current Policies | Vehicle insurance";"Electricity"
"OPEX";"Charging Infrastructure";"FR";"MCS Station (Public Charging) - Incl. Overhead";"Tractor-Trailer";"BAU";"EUR/kWh";2045;"0.032";"Sensitivity | Current Policies | Vehicle insurance";"Electricity"
"OPEX";"Charging Infrastructure";"IT";"MCS Station (Public Charging) - Incl. Overhead";"Rigid";"BAU";"EUR/kWh";2045;"0.032";"Sensitivity | Current Policies | Vehicle insurance";"Electricity"
"OPEX";"Charging Infrastructure";"IT";"MCS Station (Public Charging) - Incl. Overhead";"Tractor-Trailer";"BAU";"EUR/kWh";2045;"0.032";"Sensitivity | Current Policies | Vehicle insurance";"Electricity"
"OPEX";"Charging Infrastructure";"NL";"MCS Station (Public Charging) - Incl. Overhead";"Rigid";"BAU";"EUR/kWh";2045;"0.032";"Sensitivity | Current Policies | Vehicle insurance";"Electricity"
"OPEX";"Charging Infrastructure";"NL";"MCS Station (Public Charging) - Incl. Overhead";"Tractor-Trailer";"BAU";"EUR/kWh";2045;"0.032";"Sensitivity | Current Policies | Vehicle insurance";"Electricity"
"OPEX";"Charging Infrastructure";"PL";"MCS Station (Public Charging) - Incl. Overhead";"Rigid";"BAU";"EUR/kWh";2045;"0.032";"Sensitivity | Current Policies | Vehicle insurance";"Electricity"
"OPEX";"Charging Infrastructure";"PL";"MCS Station (Public Charging) - Incl. Overhead";"Tractor-Trailer";"BAU";"EUR/kWh";2045;"0.032";"Sensitivity | Current Policies | Vehicle insurance";"Electricity"
"OPEX";"Charging Infrastructure";"UK";"MCS Station (Public Charging) - Incl. Overhead";"Rigid";"BAU";"EUR/kWh";2045;"0.032";"Sensitivity | Current Policies | Vehicle insurance";"Electricity"
"OPEX";"Charging Infrastructure";"UK";"MCS Station (Public Charging) - Incl. Overhead";"Tractor-Trailer";"BAU";"EUR/kWh";2045;"0.032";"Sensitivity | Current Policies | Vehicle insurance";"Electricity"
"OPEX";"Charging Infrastructure";"DE";"Share MCS-Charging";"Rigid";"BAU";"%";2045;"0.2";"Sensitivity | Current Policies | Vehicle insurance";"Electricity"
"OPEX";"Charging Infrastructure";"DE";"Share MCS-Charging";"Tractor-Trailer";"BAU";"%";2045;"0.2";"Sensitivity | Current Policies | Vehicle insurance";"Electricity"
"OPEX";"Charging Infrastructure";"ES";"Share MCS-Charging";"Rigid";"BAU";"%";2045;"0.2";"Sensitivity | Current Policies | Vehicle insurance";"Electricity"
"OPEX";"Charging Infrastructure";"ES";"Share MCS-Charging";"Tractor-Trailer";"BAU";"%";2045;"0.2";"Sensitivity | Current Policies | Vehicle insurance";"Electricity"
"OPEX";"Charging Infrastructure";"FR";"Share MCS-Charging";"Rigid";"BAU";"%";2045;"0.2";"Sensitivity | Current Policies | Vehicle insurance";"Electricity"
"OPEX";"Charging Infrastructure";"FR";"Share MCS-Charging";"Tractor-Trailer";"BAU";"%";2045;"0.2";"Sensitivity | Current Policies | Vehicle insurance";"Electricity"
"OPEX";"Charging Infrastructure";"IT";"Share MCS-Charging";"Rigid";"BAU";"%";2045;"0.2";"Sensitivity | Current Policies | Vehicle insurance";"Electricity"
"OPEX";"Charging Infrastructure";"IT";"Share MCS-Charging";"Tractor-Trailer";"BAU";"%";2045;"0.2";"Sensitivity | Current Policies | Vehicle insurance";"Electricity"
"OPEX";"Charging Infrastructure";"NL";"Share MCS-Charging";"Rigid";"BAU";"%";2045;"0.2";"Sensitivity | Current Policies | Vehicle insurance";"Electricity"
"OPEX";"Charging Infrastructure";"NL";"Share MCS-Charging";"Tractor-Trailer";"BAU";"%";2045;"0.2";"Sensitivity | Current Policies | Vehicle insurance";"Electricity"
"OPEX";"Charging Infrastructure";"PL";"Share MCS-Charging";"Rigid";"BAU";"%";2045;"0.2";"Sensitivity | Current Policies | Vehicle insurance";"Electricity"
"OPEX";"Charging Infrastructure";"PL";"Share MCS-Charging";"Tractor-Trailer";"BAU";"%";2045;"0.2";"Sensitivity | Current Policies | Vehicle insurance";"Electricity"
"OPEX";"Charging Infrastructure";"UK";"Share MCS-Charging";"Rigid";"BAU";"%";2045;"0.2";"Sensitivity | Current Policies | Vehicle insurance";"Electricity"
"OPEX";"Charging Infrastructure";"UK";"Share MCS-Charging";"Tractor-Trailer";"BAU";"%";2045;"0.2";"Sensitivity | Current Policies | Vehicle insurance";"Electricity"
"OPEX";"Charging Infrastructure";"DE";"Depot - Network fees savings potential";"Rigid";"BAU";"EUR/kWh";2045;"0";"Sensitivity | Current Policies | Vehicle insurance";"Electricity"
"OPEX";"Charging Infrastructure";"DE";"Depot - Network fees savings potential";"Tractor-Trailer";"BAU";"EUR/kWh";2045;"0";"Sensitivity | Current Policies | Vehicle insurance";"Electricity"
"OPEX";"Charging Infrastructure";"ES";"Depot - Network fees savings potential";"Rigid";"BAU";"EUR/kWh";2045;"0";"Sensitivity | Current Policies | Vehicle insurance";"Electricity"
"OPEX";"Charging Infrastructure";"ES";"Depot - Network fees savings potential";"Tractor-Trailer";"BAU";"EUR/kWh";2045;"0";"Sensitivity | Current Policies | Vehicle insurance";"Electricity"
"OPEX";"Charging Infrastructure";"FR";"Depot - Network fees savings potential";"Rigid";"BAU";"EUR/kWh";2045;"0";"Sensitivity | Current Policies | Vehicle insurance";"Electricity"
"OPEX";"Charging Infrastructure";"FR";"Depot - Network fees savings potential";"Tractor-Trailer";"BAU";"EUR/kWh";2045;"0";"Sensitivity | Current Policies | Vehicle insurance";"Electricity"
"OPEX";"Charging Infrastructure";"IT";"Depot - Network fees savings potential";"Rigid";"BAU";"EUR/kWh";2045;"0";"Sensitivity | Current Policies | Vehicle insurance";"Electricity"
"OPEX";"Charging Infrastructure";"IT";"Depot - Network fees savings potential";"Tractor-Trailer";"BAU";"EUR/kWh";2045;"0";"Sensitivity | Current Policies | Vehicle insurance";"Electricity"
"OPEX";"Charging Infrastructure";"NL";"Depot - Network fees savings potential";"Rigid";"BAU";"EUR/kWh";2045;"0";"Sensitivity | Current Policies | Vehicle insurance";"Electricity"
"OPEX";"Charging Infrastructure";"NL";"Depot - Network fees savings potential";"Tractor-Trailer";"BAU";"EUR/kWh";2045;"0";"Sensitivity | Current Policies | Vehicle insurance";"Electricity"
"OPEX";"Charging Infrastructure";"PL";"Depot - Network fees savings potential";"Rigid";"BAU";"EUR/kWh";2045;"0";"Sensitivity | Current Policies | Vehicle insurance";"Electricity"
"OPEX";"Charging Infrastructure";"PL";"Depot - Network fees savings potential";"Tractor-Trailer";"BAU";"EUR/kWh";2045;"0";"Sensitivity | Current Policies | Vehicle insurance";"Electricity"
"OPEX";"Charging Infrastructure";"UK";"Depot - Network fees savings potential";"Rigid";"BAU";"EUR/kWh";2045;"0";"Sensitivity | Current Policies | Vehicle insurance";"Electricity"
"OPEX";"Charging Infrastructure";"UK";"Depot - Network fees savings potential";"Tractor-Trailer";"BAU";"EUR/kWh";2045;"0";"Sensitivity | Current Policies | Vehicle insurance";"Electricity"
"OPEX";"Taxes";"DE";"Tax reduction";"Rigid";"BAU";"%";2045;"0";"Sensitivity | Current Policies | Vehicle insurance";"Hydrogen"
"OPEX";"Taxes";"DE";"Tax reduction";"Tractor-Trailer";"BAU";"%";2045;"0";"Sensitivity | Current Policies | Vehicle insurance";"Hydrogen"
"OPEX";"Taxes";"ES";"Tax reduction";"Rigid";"BAU";"%";2045;"0";"Sensitivity | Current Policies | Vehicle insurance";"Hydrogen"
"OPEX";"Taxes";"ES";"Tax reduction";"Tractor-Trailer";"BAU";"%";2045;"0";"Sensitivity | Current Policies | Vehicle insurance";"Hydrogen"
"OPEX";"Taxes";"FR";"Tax reduction";"Rigid";"BAU";"%";2045;"0";"Sensitivity | Current Policies | Vehicle insurance";"Hydrogen"
"OPEX";"Taxes";"FR";"Tax reduction";"Tractor-Trailer";"BAU";"%";2045;"0";"Sensitivity | Current Policies | Vehicle insurance";"Hydrogen"
"OPEX";"Taxes";"IT";"Tax reduction";"Rigid";"BAU";"%";2045;"0";"Sensitivity | Current Policies | Vehicle insurance";"Hydrogen"
"OPEX";"Taxes";"IT";"Tax reduction";"Tractor-Trailer";"BAU";"%";2045;"0";"Sensitivity | Current Policies | Vehicle insurance";"Hydrogen"
"OPEX";"Taxes";"NL";"Tax reduction";"Rigid";"BAU";"%";2045;"0";"Sensitivity | Current Policies | Vehicle insurance";"Hydrogen"
"OPEX";"Taxes";"NL";"Tax reduction";"Tractor-Trailer";"BAU";"%";2045;"0";"Sensitivity | Current Policies | Vehicle insurance";"Hydrogen"
"OPEX";"Taxes";"PL";"Tax reduction";"Rigid";"BAU";"%";2045;"0";"Sensitivity | Current Policies | Vehicle insurance";"Hydrogen"
"OPEX";"Taxes";"PL";"Tax reduction";"Tractor-Trailer";"BAU";"%";2045;"0";"Sensitivity | Current Policies | Vehicle insurance";"Hydrogen"
"OPEX";"Taxes";"UK";"Tax reduction";"Rigid";"BAU";"%";2045;"0";"Sensitivity | Current Policies | Vehicle insurance";"Hydrogen"
"OPEX";"Taxes";"UK";"Tax reduction";"Tractor-Trailer";"BAU";"%";2045;"0";"Sensitivity | Current Policies | Vehicle insurance";"Hydrogen"
"OPEX";"Taxes";"DE";"Increasing grid fees";"Rigid";"BAU";"%";2045;"0.417";"Sensitivity | Current Policies | Vehicle insurance";"Electricity"
"OPEX";"Taxes";"DE";"Increasing grid fees";"Tractor-Trailer";"BAU";"%";2045;"0.417";"Sensitivity | Current Policies | Vehicle insurance";"Electricity"
"OPEX";"Taxes";"ES";"Increasing grid fees";"Rigid";"BAU";"%";2045;"0.417";"Sensitivity | Current Policies | Vehicle insurance";"Electricity"
"OPEX";"Taxes";"ES";"Increasing grid fees";"Tractor-Trailer";"BAU";"%";2045;"0.417";"Sensitivity | Current Policies | Vehicle insurance";"Electricity"
"OPEX";"Taxes";"FR";"Increasing grid fees";"Rigid";"BAU";"%";2045;"0.417";"Sensitivity | Current Policies | Vehicle insurance";"Electricity"
"OPEX";"Taxes";"FR";"Increasing grid fees";"Tractor-Trailer";"BAU";"%";2045;"0.417";"Sensitivity | Current Policies | Vehicle insurance";"Electricity"
"OPEX";"Taxes";"IT";"Increasing grid fees";"Rigid";"BAU";"%";2045;"0.417";"Sensitivity | Current Policies | Vehicle insurance";"Electricity"
"OPEX";"Taxes";"IT";"Increasing grid fees";"Tractor-Trailer";"BAU";"%";2045;"0.417";"Sensitivity | Current Policies | Vehicle insurance";"Electricity"
"OPEX";"Taxes";"NL";"Increasing grid fees";"Rigid";"BAU";"%";2045;"0.417";"Sensitivity | Current Policies | Vehicle insurance";"Electricity"
"OPEX";"Taxes";"NL";"Increasing grid fees";"Tractor-Trailer";"BAU";"%";2045;"0.417";"Sensitivity | Current Policies | Vehicle insurance";"Electricity"
"OPEX";"Taxes";"PL";"Increasing grid fees";"Rigid";"BAU";"%";2045;"0.417";"Sensitivity | Current Policies | Vehicle insurance";"Electricity"
"OPEX";"Taxes";"PL";"Increasing grid fees";"Tractor-Trailer";"BAU";"%";2045;"0.417";"Sensitivity | Current Policies | Vehicle insurance";"Electricity"
"OPEX";"Taxes";"UK";"Increasing grid fees";"Rigid";"BAU";"%";2045;"0.417";"Sensitivity | Current Policies | Vehicle insurance";"Electricity"
"OPEX";"Taxes";"UK";"Increasing grid fees";"Tractor-Trailer";"BAU";"%";2045;"0.417";"Sensitivity | Current Policies | Vehicle insurance";"Electricity"
"OPEX";"Taxes";"DE";"Excise Duty - Diesel";"Rigid";"BAU";"EUR/kWh";2050;"0.047";"Sensitivity | Current Policies | Vehicle insurance";"Diesel"
"OPEX";"Taxes";"DE";"Excise Duty - Diesel";"Tractor-Trailer";"BAU";"EUR/kWh";2050;"0.047";"Sensitivity | Current Policies | Vehicle insurance";"Diesel"
"OPEX";"Taxes";"ES";"Excise Duty - Diesel";"Rigid";"BAU";"EUR/kWh";2050;"0.038";"Sensitivity | Current Policies | Vehicle insurance";"Diesel"
"OPEX";"Taxes";"ES";"Excise Duty - Diesel";"Tractor-Trailer";"BAU";"EUR/kWh";2050;"0.038";"Sensitivity | Current Policies | Vehicle insurance";"Diesel"
"OPEX";"Taxes";"FR";"Excise Duty - Diesel";"Rigid";"BAU";"EUR/kWh";2050;"0.06";"Sensitivity | Current Policies | Vehicle insurance";"Diesel"
"OPEX";"Taxes";"FR";"Excise Duty - Diesel";"Tractor-Trailer";"BAU";"EUR/kWh";2050;"0.06";"Sensitivity | Current Policies | Vehicle insurance";"Diesel"
"OPEX";"Taxes";"IT";"Excise Duty - Diesel";"Rigid";"BAU";"EUR/kWh";2050;"0.062";"Sensitivity | Current Policies | Vehicle insurance";"Diesel"
"OPEX";"Taxes";"IT";"Excise Duty - Diesel";"Tractor-Trailer";"BAU";"EUR/kWh";2050;"0.062";"Sensitivity | Current Policies | Vehicle insurance";"Diesel"
"OPEX";"Taxes";"NL";"Excise Duty - Diesel";"Rigid";"BAU";"EUR/kWh";2050;"0.053";"Sensitivity | Current Policies | Vehicle insurance";"Diesel"
"OPEX";"Taxes";"NL";"Excise Duty - Diesel";"Tractor-Trailer";"BAU";"EUR/kWh";2050;"0.053";"Sensitivity | Current Policies | Vehicle insurance";"Diesel"
"OPEX";"Taxes";"PL";"Excise Duty - Diesel";"Rigid";"BAU";"EUR/kWh";2050;"0.033";"Sensitivity | Current Policies | Vehicle insurance";"Diesel"
"OPEX";"Taxes";"PL";"Excise Duty - Diesel";"Tractor-Trailer";"BAU";"EUR/kWh";2050;"0.033";"Sensitivity | Current Policies | Vehicle insurance";"Diesel"
"OPEX";"Taxes";"UK";"Excise Duty - Diesel";"Rigid";"BAU";"EUR/kWh";2050;"0.053";"Sensitivity | Current Policies | Vehicle insurance";"Diesel"
"OPEX";"Taxes";"UK";"Excise Duty - Diesel";"Tractor-Trailer";"BAU";"EUR/kWh";2050;"0.053";"Sensitivity | Current Policies | Vehicle insurance";"Diesel"
"OPEX";"Taxes";"DE";"Excise Duty - Reduction biodiesel";"Rigid";"BAU";"%";2050;"0.5";"Sensitivity | Current Policies | Vehicle insurance";"Diesel"
"OPEX";"Taxes";"DE";"Excise Duty - Reduction biodiesel";"Tractor-Trailer";"BAU";"%";2050;"0.5";"Sensitivity | Current Policies | Vehicle insurance";"Diesel"
"OPEX";"Taxes";"ES";"Excise Duty - Reduction biodiesel";"Rigid";"BAU";"%";2050;"0.5";"Sensitivity | Current Policies | Vehicle insurance";"Diesel"
"OPEX";"Taxes";"ES";"Excise Duty - Reduction biodiesel";"Tractor-Trailer";"BAU";"%";2050;"0.5";"Sensitivity | Current Policies | Vehicle insurance";"Diesel"
"OPEX";"Taxes";"FR";"Excise Duty - Reduction biodiesel";"Rigid";"BAU";"%";2050;"0.5";"Sensitivity | Current Policies | Vehicle insurance";"Diesel"
"OPEX";"Taxes";"FR";"Excise Duty - Reduction biodiesel";"Tractor-Trailer";"BAU";"%";2050;"0.5";"Sensitivity | Current Policies | Vehicle insurance";"Diesel"
"OPEX";"Taxes";"IT";"Excise Duty - Reduction biodiesel";"Rigid";"BAU";"%";2050;"0.5";"Sensitivity | Current Policies | Vehicle insurance";"Diesel"
"OPEX";"Taxes";"IT";"Excise Duty - Reduction biodiesel";"Tractor-Trailer";"BAU";"%";2050;"0.5";"Sensitivity | Current Policies | Vehicle insurance";"Diesel"
"OPEX";"Taxes";"NL";"Excise Duty - Reduction biodiesel";"Rigid";"BAU";"%";2050;"0.5";"Sensitivity | Current Policies | Vehicle insurance";"Diesel"
"OPEX";"Taxes";"NL";"Excise Duty - Reduction biodiesel";"Tractor-Trailer";"BAU";"%";2050;"0.5";"Sensitivity | Current Policies | Vehicle insurance";"Diesel"
"OPEX";"Taxes";"PL";"Excise Duty - Reduction biodiesel";"Rigid";"BAU";"%";2050;"0.5";"Sensitivity | Current Policies | Vehicle insurance";"Diesel"
"OPEX";"Taxes";"PL";"Excise Duty - Reduction biodiesel";"Tractor-Trailer";"BAU";"%";2050;"0.5";"Sensitivity | Current Policies | Vehicle insurance";"Diesel"
"OPEX";"Taxes";"UK";"Excise Duty - Reduction biodiesel";"Rigid";"BAU";"%";2050;"0.5";"Sensitivity | Current Policies | Vehicle insurance";"Diesel"
"OPEX";"Taxes";"UK";"Excise Duty - Reduction biodiesel";"Tractor-Trailer";"BAU";"%";2050;"0.5";"Sensitivity | Current Policies | Vehicle insurance";"Diesel"
"OPEX";"Taxes";"DE";"Excise Duty - Reduction Synthetic Diesel (E-Fuels)";"Rigid";"BAU";"%";2050;"0.5";"Sensitivity | Current Policies | Vehicle insurance";"Diesel"
"OPEX";"Taxes";"DE";"Excise Duty - Reduction Synthetic Diesel (E-Fuels)";"Tractor-Trailer";"BAU";"%";2050;"0.5";"Sensitivity | Current Policies | Vehicle insurance";"Diesel"
"OPEX";"Taxes";"ES";"Excise Duty - Reduction Synthetic Diesel (E-Fuels)";"Rigid";"BAU";"%";2050;"0.5";"Sensitivity | Current Policies | Vehicle insurance";"Diesel"
"OPEX";"Taxes";"ES";"Excise Duty - Reduction Synthetic Diesel (E-Fuels)";"Tractor-Trailer";"BAU";"%";2050;"0.5";"Sensitivity | Current Policies | Vehicle insurance";"Diesel"
"OPEX";"Taxes";"FR";"Excise Duty - Reduction Synthetic Diesel (E-Fuels)";"Rigid";"BAU";"%";2050;"0.5";"Sensitivity | Current Policies | Vehicle insurance";"Diesel"
"OPEX";"Taxes";"FR";"Excise Duty - Reduction Synthetic Diesel (E-Fuels)";"Tractor-Trailer";"BAU";"%";2050;"0.5";"Sensitivity | Current Policies | Vehicle insurance";"Diesel"
"OPEX";"Taxes";"IT";"Excise Duty - Reduction Synthetic Diesel (E-Fuels)";"Rigid";"BAU";"%";2050;"0.5";"Sensitivity | Current Policies | Vehicle insurance";"Diesel"
"OPEX";"Taxes";"IT";"Excise Duty - Reduction Synthetic Diesel (E-Fuels)";"Tractor-Trailer";"BAU";"%";2050;"0.5";"Sensitivity | Current Policies | Vehicle insurance";"Diesel"
"OPEX";"Taxes";"NL";"Excise Duty - Reduction Synthetic Diesel (E-Fuels)";"Rigid";"BAU";"%";2050;"0.5";"Sensitivity | Current Policies | Vehicle insurance";"Diesel"
"OPEX";"Taxes";"NL";"Excise Duty - Reduction Synthetic Diesel (E-Fuels)";"Tractor-Trailer";"BAU";"%";2050;"0.5";"Sensitivity | Current Policies | Vehicle insurance";"Diesel"
"OPEX";"Taxes";"PL";"Excise Duty - Reduction Synthetic Diesel (E-Fuels)";"Rigid";"BAU";"%";2050;"0.5";"Sensitivity | Current Policies | Vehicle insurance";"Diesel"
"OPEX";"Taxes";"PL";"Excise Duty - Reduction Synthetic Diesel (E-Fuels)";"Tractor-Trailer";"BAU";"%";2050;"0.5";"Sensitivity | Current Policies | Vehicle insurance";"Diesel"
"OPEX";"Taxes";"UK";"Excise Duty - Reduction Synthetic Diesel (E-Fuels)";"Rigid";"BAU";"%";2050;"0.5";"Sensitivity | Current Policies | Vehicle insurance";"Diesel"
"OPEX";"Taxes";"UK";"Excise Duty - Reduction Synthetic Diesel (E-Fuels)";"Tractor-Trailer";"BAU";"%";2050;"0.5";"Sensitivity | Current Policies | Vehicle insurance";"Diesel"
"OPEX";"Taxes";"DE";"Taxes, Fees, Levies and charges - H2";"Rigid";"BAU";"EUR/kWh";2050;"0.015";"Sensitivity | Current Policies | Vehicle insurance";"Hydrogen"
"OPEX";"Taxes";"DE";"Taxes, Fees, Levies and charges - H2";"Tractor-Trailer";"BAU";"EUR/kWh";2050;"0.015";"Sensitivity | Current Policies | Vehicle insurance";"Hydrogen"
"OPEX";"Taxes";"ES";"Taxes, Fees, Levies and charges - H2";"Rigid";"BAU";"EUR/kWh";2050;"0.008";"Sensitivity | Current Policies | Vehicle insurance";"Hydrogen"
"OPEX";"Taxes";"ES";"Taxes, Fees, Levies and charges - H2";"Tractor-Trailer";"BAU";"EUR/kWh";2050;"0.008";"Sensitivity | Current Policies | Vehicle insurance";"Hydrogen"
"OPEX";"Taxes";"FR";"Taxes, Fees, Levies and charges - H2";"Rigid";"BAU";"EUR/kWh";2050;"0.012";"Sensitivity | Current Policies | Vehicle insurance";"Hydrogen"
"OPEX";"Taxes";"FR";"Taxes, Fees, Levies and charges - H2";"Tractor-Trailer";"BAU";"EUR/kWh";2050;"0.012";"Sensitivity | Current Policies | Vehicle insurance";"Hydrogen"
"OPEX";"Taxes";"IT";"Taxes, Fees, Levies and charges - H2";"Rigid";"BAU";"EUR/kWh";2050;"0.009";"Sensitivity | Current Policies | Vehicle insurance";"Hydrogen"
"OPEX";"Taxes";"IT";"Taxes, Fees, Levies and charges - H2";"Tractor-Trailer";"BAU";"EUR/kWh";2050;"0.009";"Sensitivity | Current Policies | Vehicle insurance";"Hydrogen"
"OPEX";"Taxes";"NL";"Taxes, Fees, Levies and charges - H2";"Rigid";"BAU";"EUR/kWh";2050;"0.024";"Sensitivity | Current Policies | Vehicle insurance";"Hydrogen"
"OPEX";"Taxes";"NL";"Taxes, Fees, Levies and charges - H2";"Tractor-Trailer";"BAU";"EUR/kWh";2050;"0.024";"Sensitivity | Current Policies | Vehicle insurance";"Hydrogen"
"OPEX";"Taxes";"PL";"Taxes, Fees, Levies and charges - H2";"Rigid";"BAU";"EUR/kWh";2050;"0.009";"Sensitivity | Current Policies | Vehicle insurance";"Hydrogen"
"OPEX";"Taxes";"PL";"Taxes, Fees, Levies and charges - H2";"Tractor-Trailer";"BAU";"EUR/kWh";2050;"0.009";"Sensitivity | Current Policies | Vehicle insurance";"Hydrogen"
"OPEX";"Taxes";"UK";"Taxes, Fees, Levies and charges - H2";"Rigid";"BAU";"EUR/kWh";2050;"0.006";"Sensitivity | Current Policies | Vehicle insurance";"Hydrogen"
"OPEX";"Taxes";"UK";"Taxes, Fees, Levies and charges - H2";"Tractor-Trailer";"BAU";"EUR/kWh";2050;"0.006";"Sensitivity | Current Policies | Vehicle insurance";"Hydrogen"
"OPEX";"Charging Infrastructure";"DE";"MCS grid extension";"Rigid";"BAU";"EUR/kWh";2050;"0.035";"Sensitivity | Current Policies | Vehicle insurance";"Electricity"
"OPEX";"Charging Infrastructure";"DE";"MCS grid extension";"Tractor-Trailer";"BAU";"EUR/kWh";2050;"0.035";"Sensitivity | Current Policies | Vehicle insurance";"Electricity"
"OPEX";"Charging Infrastructure";"ES";"MCS grid extension";"Rigid";"BAU";"EUR/kWh";2050;"0.035";"Sensitivity | Current Policies | Vehicle insurance";"Electricity"
"OPEX";"Charging Infrastructure";"ES";"MCS grid extension";"Tractor-Trailer";"BAU";"EUR/kWh";2050;"0.035";"Sensitivity | Current Policies | Vehicle insurance";"Electricity"
"OPEX";"Charging Infrastructure";"FR";"MCS grid extension";"Rigid";"BAU";"EUR/kWh";2050;"0.035";"Sensitivity | Current Policies | Vehicle insurance";"Electricity"
"OPEX";"Charging Infrastructure";"FR";"MCS grid extension";"Tractor-Trailer";"BAU";"EUR/kWh";2050;"0.035";"Sensitivity | Current Policies | Vehicle insurance";"Electricity"
"OPEX";"Charging Infrastructure";"IT";"MCS grid extension";"Rigid";"BAU";"EUR/kWh";2050;"0.035";"Sensitivity | Current Policies | Vehicle insurance";"Electricity"
"OPEX";"Charging Infrastructure";"IT";"MCS grid extension";"Tractor-Trailer";"BAU";"EUR/kWh";2050;"0.035";"Sensitivity | Current Policies | Vehicle insurance";"Electricity"
"OPEX";"Charging Infrastructure";"NL";"MCS grid extension";"Rigid";"BAU";"EUR/kWh";2050;"0.035";"Sensitivity | Current Policies | Vehicle insurance";"Electricity"
"OPEX";"Charging Infrastructure";"NL";"MCS grid extension";"Tractor-Trailer";"BAU";"EUR/kWh";2050;"0.035";"Sensitivity | Current Policies | Vehicle insurance";"Electricity"
"OPEX";"Charging Infrastructure";"PL";"MCS grid extension";"Rigid";"BAU";"EUR/kWh";2050;"0.035";"Sensitivity | Current Policies | Vehicle insurance";"Electricity"
"OPEX";"Charging Infrastructure";"PL";"MCS grid extension";"Tractor-Trailer";"BAU";"EUR/kWh";2050;"0.035";"Sensitivity | Current Policies | Vehicle insurance";"Electricity"
"OPEX";"Charging Infrastructure";"UK";"MCS grid extension";"Rigid";"BAU";"EUR/kWh";2050;"0.035";"Sensitivity | Current Policies | Vehicle insurance";"Electricity"
"OPEX";"Charging Infrastructure";"UK";"MCS grid extension";"Tractor-Trailer";"BAU";"EUR/kWh";2050;"0.035";"Sensitivity | Current Policies | Vehicle insurance";"Electricity"
"OPEX";"Charging Infrastructure";"DE";"MCS Profit and Mark-Up";"Rigid";"BAU";"%";2050;"0.1";"Sensitivity | Current Policies | Vehicle insurance";"Electricity"
"OPEX";"Charging Infrastructure";"DE";"MCS Profit and Mark-Up";"Tractor-Trailer";"BAU";"%";2050;"0.1";"Sensitivity | Current Policies | Vehicle insurance";"Electricity"
"OPEX";"Charging Infrastructure";"ES";"MCS Profit and Mark-Up";"Rigid";"BAU";"%";2050;"0.1";"Sensitivity | Current Policies | Vehicle insurance";"Electricity"
"OPEX";"Charging Infrastructure";"ES";"MCS Profit and Mark-Up";"Tractor-Trailer";"BAU";"%";2050;"0.1";"Sensitivity | Current Policies | Vehicle insurance";"Electricity"
"OPEX";"Charging Infrastructure";"FR";"MCS Profit and Mark-Up";"Rigid";"BAU";"%";2050;"0.1";"Sensitivity | Current Policies | Vehicle insurance";"Electricity"
"OPEX";"Charging Infrastructure";"FR";"MCS Profit and Mark-Up";"Tractor-Trailer";"BAU";"%";2050;"0.1";"Sensitivity | Current Policies | Vehicle insurance";"Electricity"
"OPEX";"Charging Infrastructure";"IT";"MCS Profit and Mark-Up";"Rigid";"BAU";"%";2050;"0.1";"Sensitivity | Current Policies | Vehicle insurance";"Electricity"
"OPEX";"Charging Infrastructure";"IT";"MCS Profit and Mark-Up";"Tractor-Trailer";"BAU";"%";2050;"0.1";"Sensitivity | Current Policies | Vehicle insurance";"Electricity"
"OPEX";"Charging Infrastructure";"NL";"MCS Profit and Mark-Up";"Rigid";"BAU";"%";2050;"0.1";"Sensitivity | Current Policies | Vehicle insurance";"Electricity"
"OPEX";"Charging Infrastructure";"NL";"MCS Profit and Mark-Up";"Tractor-Trailer";"BAU";"%";2050;"0.1";"Sensitivity | Current Policies | Vehicle insurance";"Electricity"
"OPEX";"Charging Infrastructure";"PL";"MCS Profit and Mark-Up";"Rigid";"BAU";"%";2050;"0.1";"Sensitivity | Current Policies | Vehicle insurance";"Electricity"
"OPEX";"Charging Infrastructure";"PL";"MCS Profit and Mark-Up";"Tractor-Trailer";"BAU";"%";2050;"0.1";"Sensitivity | Current Policies | Vehicle insurance";"Electricity"
"OPEX";"Charging Infrastructure";"UK";"MCS Profit and Mark-Up";"Rigid";"BAU";"%";2050;"0.1";"Sensitivity | Current Policies | Vehicle insurance";"Electricity"
"OPEX";"Charging Infrastructure";"UK";"MCS Profit and Mark-Up";"Tractor-Trailer";"BAU";"%";2050;"0.1";"Sensitivity | Current Policies | Vehicle insurance";"Electricity"
"OPEX";"Charging Infrastructure";"DE";"CCS Station (Depot) - Incl. Overhead";"Rigid";"BAU";"EUR/kWh";2050;"0.019";"Sensitivity | Current Policies | Vehicle insurance";"Electricity"
"OPEX";"Charging Infrastructure";"DE";"CCS Station (Depot) - Incl. Overhead";"Tractor-Trailer";"BAU";"EUR/kWh";2050;"0.019";"Sensitivity | Current Policies | Vehicle insurance";"Electricity"
"OPEX";"Charging Infrastructure";"ES";"CCS Station (Depot) - Incl. Overhead";"Rigid";"BAU";"EUR/kWh";2050;"0.019";"Sensitivity | Current Policies | Vehicle insurance";"Electricity"
"OPEX";"Charging Infrastructure";"ES";"CCS Station (Depot) - Incl. Overhead";"Tractor-Trailer";"BAU";"EUR/kWh";2050;"0.019";"Sensitivity | Current Policies | Vehicle insurance";"Electricity"
"OPEX";"Charging Infrastructure";"FR";"CCS Station (Depot) - Incl. Overhead";"Rigid";"BAU";"EUR/kWh";2050;"0.019";"Sensitivity | Current Policies | Vehicle insurance";"Electricity"
"OPEX";"Charging Infrastructure";"FR";"CCS Station (Depot) - Incl. Overhead";"Tractor-Trailer";"BAU";"EUR/kWh";2050;"0.019";"Sensitivity | Current Policies | Vehicle insurance";"Electricity"
"OPEX";"Charging Infrastructure";"IT";"CCS Station (Depot) - Incl. Overhead";"Rigid";"BAU";"EUR/kWh";2050;"0.019";"Sensitivity | Current Policies | Vehicle insurance";"Electricity"
"OPEX";"Charging Infrastructure";"IT";"CCS Station (Depot) - Incl. Overhead";"Tractor-Trailer";"BAU";"EUR/kWh";2050;"0.019";"Sensitivity | Current Policies | Vehicle insurance";"Electricity"
"OPEX";"Charging Infrastructure";"NL";"CCS Station (Depot) - Incl. Overhead";"Rigid";"BAU";"EUR/kWh";2050;"0.019";"Sensitivity | Current Policies | Vehicle insurance";"Electricity"
"OPEX";"Charging Infrastructure";"NL";"CCS Station (Depot) - Incl. Overhead";"Tractor-Trailer";"BAU";"EUR/kWh";2050;"0.019";"Sensitivity | Current Policies | Vehicle insurance";"Electricity"
"OPEX";"Charging Infrastructure";"PL";"CCS Station (Depot) - Incl. Overhead";"Rigid";"BAU";"EUR/kWh";2050;"0.019";"Sensitivity | Current Policies | Vehicle insurance";"Electricity"
"OPEX";"Charging Infrastructure";"PL";"CCS Station (Depot) - Incl. Overhead";"Tractor-Trailer";"BAU";"EUR/kWh";2050;"0.019";"Sensitivity | Current Policies | Vehicle insurance";"Electricity"
"OPEX";"Charging Infrastructure";"UK";"CCS Station (Depot) - Incl. Overhead";"Rigid";"BAU";"EUR/kWh";2050;"0.019";"Sensitivity | Current Policies | Vehicle insurance";"Electricity"
"OPEX";"Charging Infrastructure";"UK";"CCS Station (Depot) - Incl. Overhead";"Tractor-Trailer";"BAU";"EUR/kWh";2050;"0.019";"Sensitivity | Current Policies | Vehicle insurance";"Electricity"
"OPEX";"Charging Infrastructure";"DE";"CCS grid extension";"Rigid";"BAU";"EUR/kWh";2050;"0.045";"Sensitivity | Current Policies | Vehicle insurance";"Electricity"
"OPEX";"Charging Infrastructure";"DE";"CCS grid extension";"Tractor-Trailer";"BAU";"EUR/kWh";2050;"0.045";"Sensitivity | Current Policies | Vehicle insurance";"Electricity"
"OPEX";"Charging Infrastructure";"ES";"CCS grid extension";"Rigid";"BAU";"EUR/kWh";2050;"0.045";"Sensitivity | Current Policies | Vehicle insurance";"Electricity"
"OPEX";"Charging Infrastructure";"ES";"CCS grid extension";"Tractor-Trailer";"BAU";"EUR/kWh";2050;"0.045";"Sensitivity | Current Policies | Vehicle insurance";"Electricity"
"OPEX";"Charging Infrastructure";"FR";"CCS grid extension";"Rigid";"BAU";"EUR/kWh";2050;"0.045";"Sensitivity | Current Policies | Vehicle insurance";"Electricity"
"OPEX";"Charging Infrastructure";"FR";"CCS grid extension";"Tractor-Trailer";"BAU";"EUR/kWh";2050;"0.045";"Sensitivity | Current Policies | Vehicle insurance";"Electricity"
"OPEX";"Charging Infrastructure";"IT";"CCS grid extension";"Rigid";"BAU";"EUR/kWh";2050;"0.045";"Sensitivity | Current Policies | Vehicle insurance";"Electricity"
"OPEX";"Charging Infrastructure";"IT";"CCS grid extension";"Tractor-Trailer";"BAU";"EUR/kWh";2050;"0.045";"Sensitivity | Current Policies | Vehicle insurance";"Electricity"
"OPEX";"Charging Infrastructure";"NL";"CCS grid extension";"Rigid";"BAU";"EUR/kWh";2050;"0.045";"Sensitivity | Current Policies | Vehicle insurance";"Electricity"
"OPEX";"Charging Infrastructure";"NL";"CCS grid extension";"Tractor-Trailer";"BAU";"EUR/kWh";2050;"0.045";"Sensitivity | Current Policies | Vehicle insurance";"Electricity"
"OPEX";"Charging Infrastructure";"PL";"CCS grid extension";"Rigid";"BAU";"EUR/kWh";2050;"0.045";"Sensitivity | Current Policies | Vehicle insurance";"Electricity"
"OPEX";"Charging Infrastructure";"PL";"CCS grid extension";"Tractor-Trailer";"BAU";"EUR/kWh";2050;"0.045";"Sensitivity | Current Policies | Vehicle insurance";"Electricity"
"OPEX";"Charging Infrastructure";"UK";"CCS grid extension";"Rigid";"BAU";"EUR/kWh";2050;"0.045";"Sensitivity | Current Policies | Vehicle insurance";"Electricity"
"OPEX";"Charging Infrastructure";"UK";"CCS grid extension";"Tractor-Trailer";"BAU";"EUR/kWh";2050;"0.045";"Sensitivity | Current Policies | Vehicle insurance";"Electricity"
"OPEX";"Diesel Infrastructure";"DE";"Total Diesel Mark-Up";"Rigid";"BAU";"EUR/kWh";2050;"0.018";"Sensitivity | Current Policies | Vehicle insurance";"Diesel"
"OPEX";"Diesel Infrastructure";"DE";"Total Diesel Mark-Up";"Tractor-Trailer";"BAU";"EUR/kWh";2050;"0.018";"Sensitivity | Current Policies | Vehicle insurance";"Diesel"
"OPEX";"Diesel Infrastructure";"ES";"Total Diesel Mark-Up";"Rigid";"BAU";"EUR/kWh";2050;"0.018";"Sensitivity | Current Policies | Vehicle insurance";"Diesel"
"OPEX";"Diesel Infrastructure";"ES";"Total Diesel Mark-Up";"Tractor-Trailer";"BAU";"EUR/kWh";2050;"0.018";"Sensitivity | Current Policies | Vehicle insurance";"Diesel"
"OPEX";"Diesel Infrastructure";"FR";"Total Diesel Mark-Up";"Rigid";"BAU";"EUR/kWh";2050;"0.018";"Sensitivity | Current Policies | Vehicle insurance";"Diesel"
"OPEX";"Diesel Infrastructure";"FR";"Total Diesel Mark-Up";"Tractor-Trailer";"BAU";"EUR/kWh";2050;"0.018";"Sensitivity | Current Policies | Vehicle insurance";"Diesel"
"OPEX";"Diesel Infrastructure";"IT";"Total Diesel Mark-Up";"Rigid";"BAU";"EUR/kWh";2050;"0.018";"Sensitivity | Current Policies | Vehicle insurance";"Diesel"
"OPEX";"Diesel Infrastructure";"IT";"Total Diesel Mark-Up";"Tractor-Trailer";"BAU";"EUR/kWh";2050;"0.018";"Sensitivity | Current Policies | Vehicle insurance";"Diesel"
"OPEX";"Diesel Infrastructure";"NL";"Total Diesel Mark-Up";"Rigid";"BAU";"EUR/kWh";2050;"0.018";"Sensitivity | Current Policies | Vehicle insurance";"Diesel"
"OPEX";"Diesel Infrastructure";"NL";"Total Diesel Mark-Up";"Tractor-Trailer";"BAU";"EUR/kWh";2050;"0.018";"Sensitivity | Current Policies | Vehicle insurance";"Diesel"
"OPEX";"Diesel Infrastructure";"PL";"Total Diesel Mark-Up";"Rigid";"BAU";"EUR/kWh";2050;"0.018";"Sensitivity | Current Policies | Vehicle insurance";"Diesel"
"OPEX";"Diesel Infrastructure";"PL";"Total Diesel Mark-Up";"Tractor-Trailer";"BAU";"EUR/kWh";2050;"0.018";"Sensitivity | Current Policies | Vehicle insurance";"Diesel"
"OPEX";"Diesel Infrastructure";"UK";"Total Diesel Mark-Up";"Rigid";"BAU";"EUR/kWh";2050;"0.018";"Sensitivity | Current Policies | Vehicle insurance";"Diesel"
"OPEX";"Diesel Infrastructure";"UK";"Total Diesel Mark-Up";"Tractor-Trailer";"BAU";"EUR/kWh";2050;"0.018";"Sensitivity | Current Policies | Vehicle insurance";"Diesel"
"OPEX";"Diesel Infrastructure";"DE";"CO2 emission factor Biodiesel";"Rigid";"BAU";"%";2050;"0.152";"Sensitivity | Current Policies | Vehicle insurance";"Diesel"
"OPEX";"Diesel Infrastructure";"DE";"CO2 emission factor Biodiesel";"Tractor-Trailer";"BAU";"%";2050;"0.152";"Sensitivity | Current Policies | Vehicle insurance";"Diesel"
"OPEX";"Diesel Infrastructure";"ES";"CO2 emission factor Biodiesel";"Rigid";"BAU";"%";2050;"0.152";"Sensitivity | Current Policies | Vehicle insurance";"Diesel"
"OPEX";"Diesel Infrastructure";"ES";"CO2 emission factor Biodiesel";"Tractor-Trailer";"BAU";"%";2050;"0.152";"Sensitivity | Current Policies | Vehicle insurance";"Diesel"
"OPEX";"Diesel Infrastructure";"FR";"CO2 emission factor Biodiesel";"Rigid";"BAU";"%";2050;"0.152";"Sensitivity | Current Policies | Vehicle insurance";"Diesel"
"OPEX";"Diesel Infrastructure";"FR";"CO2 emission factor Biodiesel";"Tractor-Trailer";"BAU";"%";2050;"0.152";"Sensitivity | Current Policies | Vehicle insurance";"Diesel"
"OPEX";"Diesel Infrastructure";"IT";"CO2 emission factor Biodiesel";"Rigid";"BAU";"%";2050;"0.152";"Sensitivity | Current Policies | Vehicle insurance";"Diesel"
"OPEX";"Diesel Infrastructure";"IT";"CO2 emission factor Biodiesel";"Tractor-Trailer";"BAU";"%";2050;"0.152";"Sensitivity | Current Policies | Vehicle insurance";"Diesel"
"OPEX";"Diesel Infrastructure";"NL";"CO2 emission factor Biodiesel";"Rigid";"BAU";"%";2050;"0.152";"Sensitivity | Current Policies | Vehicle insurance";"Diesel"
"OPEX";"Diesel Infrastructure";"NL";"CO2 emission factor Biodiesel";"Tractor-Trailer";"BAU";"%";2050;"0.152";"Sensitivity | Current Policies | Vehicle insurance";"Diesel"
"OPEX";"Diesel Infrastructure";"PL";"CO2 emission factor Biodiesel";"Rigid";"BAU";"%";2050;"0.152";"Sensitivity | Current Policies | Vehicle insurance";"Diesel"
"OPEX";"Diesel Infrastructure";"PL";"CO2 emission factor Biodiesel";"Tractor-Trailer";"BAU";"%";2050;"0.152";"Sensitivity | Current Policies | Vehicle insurance";"Diesel"
"OPEX";"Diesel Infrastructure";"UK";"CO2 emission factor Biodiesel";"Rigid";"BAU";"%";2050;"0.152";"Sensitivity | Current Policies | Vehicle insurance";"Diesel"
"OPEX";"Diesel Infrastructure";"UK";"CO2 emission factor Biodiesel";"Tractor-Trailer";"BAU";"%";2050;"0.152";"Sensitivity | Current Policies | Vehicle insurance";"Diesel"
"OPEX";"Diesel Infrastructure";"DE";"CO2 emission factor Pt-Diesel";"Rigid";"BAU";"%";2050;"0";"Sensitivity | Current Policies | Vehicle insurance";"Diesel"
"OPEX";"Diesel Infrastructure";"DE";"CO2 emission factor Pt-Diesel";"Tractor-Trailer";"BAU";"%";2050;"0";"Sensitivity | Current Policies | Vehicle insurance";"Diesel"
"OPEX";"Diesel Infrastructure";"ES";"CO2 emission factor Pt-Diesel";"Rigid";"BAU";"%";2050;"0";"Sensitivity | Current Policies | Vehicle insurance";"Diesel"
"OPEX";"Diesel Infrastructure";"ES";"CO2 emission factor Pt-Diesel";"Tractor-Trailer";"BAU";"%";2050;"0";"Sensitivity | Current Policies | Vehicle insurance";"Diesel"
"OPEX";"Diesel Infrastructure";"FR";"CO2 emission factor Pt-Diesel";"Rigid";"BAU";"%";2050;"0";"Sensitivity | Current Policies | Vehicle insurance";"Diesel"
"OPEX";"Diesel Infrastructure";"FR";"CO2 emission factor Pt-Diesel";"Tractor-Trailer";"BAU";"%";2050;"0";"Sensitivity | Current Policies | Vehicle insurance";"Diesel"
"OPEX";"Diesel Infrastructure";"IT";"CO2 emission factor Pt-Diesel";"Rigid";"BAU";"%";2050;"0";"Sensitivity | Current Policies | Vehicle insurance";"Diesel"
"OPEX";"Diesel Infrastructure";"IT";"CO2 emission factor Pt-Diesel";"Tractor-Trailer";"BAU";"%";2050;"0";"Sensitivity | Current Policies | Vehicle insurance";"Diesel"
"OPEX";"Diesel Infrastructure";"NL";"CO2 emission factor Pt-Diesel";"Rigid";"BAU";"%";2050;"0";"Sensitivity | Current Policies | Vehicle insurance";"Diesel"
"OPEX";"Diesel Infrastructure";"NL";"CO2 emission factor Pt-Diesel";"Tractor-Trailer";"BAU";"%";2050;"0";"Sensitivity | Current Policies | Vehicle insurance";"Diesel"
"OPEX";"Diesel Infrastructure";"PL";"CO2 emission factor Pt-Diesel";"Rigid";"BAU";"%";2050;"0";"Sensitivity | Current Policies | Vehicle insurance";"Diesel"
"OPEX";"Diesel Infrastructure";"PL";"CO2 emission factor Pt-Diesel";"Tractor-Trailer";"BAU";"%";2050;"0";"Sensitivity | Current Policies | Vehicle insurance";"Diesel"
"OPEX";"Diesel Infrastructure";"UK";"CO2 emission factor Pt-Diesel";"Rigid";"BAU";"%";2050;"0";"Sensitivity | Current Policies | Vehicle insurance";"Diesel"
"OPEX";"Diesel Infrastructure";"UK";"CO2 emission factor Pt-Diesel";"Tractor-Trailer";"BAU";"%";2050;"0";"Sensitivity | Current Policies | Vehicle insurance";"Diesel"
"OPEX";"Taxes";"DE";"Network Costs - MCS";"Rigid";"BAU";"EUR/kWh";2050;"0.034";"Sensitivity | Current Policies | Vehicle insurance";"Electricity"
"OPEX";"Taxes";"DE";"Network Costs - MCS";"Tractor-Trailer";"BAU";"EUR/kWh";2050;"0.034";"Sensitivity | Current Policies | Vehicle insurance";"Electricity"
"OPEX";"Taxes";"ES";"Network Costs - MCS";"Rigid";"BAU";"EUR/kWh";2050;"0.018";"Sensitivity | Current Policies | Vehicle insurance";"Electricity"
"OPEX";"Taxes";"ES";"Network Costs - MCS";"Tractor-Trailer";"BAU";"EUR/kWh";2050;"0.018";"Sensitivity | Current Policies | Vehicle insurance";"Electricity"
"OPEX";"Taxes";"FR";"Network Costs - MCS";"Rigid";"BAU";"EUR/kWh";2050;"0.018";"Sensitivity | Current Policies | Vehicle insurance";"Electricity"
"OPEX";"Taxes";"FR";"Network Costs - MCS";"Tractor-Trailer";"BAU";"EUR/kWh";2050;"0.018";"Sensitivity | Current Policies | Vehicle insurance";"Electricity"
"OPEX";"Taxes";"IT";"Network Costs - MCS";"Rigid";"BAU";"EUR/kWh";2050;"0.015";"Sensitivity | Current Policies | Vehicle insurance";"Electricity"
"OPEX";"Taxes";"IT";"Network Costs - MCS";"Tractor-Trailer";"BAU";"EUR/kWh";2050;"0.015";"Sensitivity | Current Policies | Vehicle insurance";"Electricity"
"OPEX";"Taxes";"NL";"Network Costs - MCS";"Rigid";"BAU";"EUR/kWh";2050;"0.016";"Sensitivity | Current Policies | Vehicle insurance";"Electricity"
"OPEX";"Taxes";"NL";"Network Costs - MCS";"Tractor-Trailer";"BAU";"EUR/kWh";2050;"0.016";"Sensitivity | Current Policies | Vehicle insurance";"Electricity"
"OPEX";"Taxes";"PL";"Network Costs - MCS";"Rigid";"BAU";"EUR/kWh";2050;"0.019";"Sensitivity | Current Policies | Vehicle insurance";"Electricity"
"OPEX";"Taxes";"PL";"Network Costs - MCS";"Tractor-Trailer";"BAU";"EUR/kWh";2050;"0.019";"Sensitivity | Current Policies | Vehicle insurance";"Electricity"
"OPEX";"Taxes";"UK";"Network Costs - MCS";"Rigid";"BAU";"EUR/kWh";2050;"0.027";"Sensitivity | Current Policies | Vehicle insurance";"Electricity"
"OPEX";"Taxes";"UK";"Network Costs - MCS";"Tractor-Trailer";"BAU";"EUR/kWh";2050;"0.027";"Sensitivity | Current Policies | Vehicle insurance";"Electricity"
"OPEX";"Taxes";"DE";"Taxes, Fees, Levies and charges - MCS";"Rigid";"BAU";"EUR/kWh";2050;"0.056";"Sensitivity | Current Policies | Vehicle insurance";"Electricity"
"OPEX";"Taxes";"DE";"Taxes, Fees, Levies and charges - MCS";"Tractor-Trailer";"BAU";"EUR/kWh";2050;"0.056";"Sensitivity | Current Policies | Vehicle insurance";"Electricity"
"OPEX";"Taxes";"ES";"Taxes, Fees, Levies and charges - MCS";"Rigid";"BAU";"EUR/kWh";2050;"0.036";"Sensitivity | Current Policies | Vehicle insurance";"Electricity"
"OPEX";"Taxes";"ES";"Taxes, Fees, Levies and charges - MCS";"Tractor-Trailer";"BAU";"EUR/kWh";2050;"0.036";"Sensitivity | Current Policies | Vehicle insurance";"Electricity"
"OPEX";"Taxes";"FR";"Taxes, Fees, Levies and charges - MCS";"Rigid";"BAU";"EUR/kWh";2050;"0.03";"Sensitivity | Current Policies | Vehicle insurance";"Electricity"
"OPEX";"Taxes";"FR";"Taxes, Fees, Levies and charges - MCS";"Tractor-Trailer";"BAU";"EUR/kWh";2050;"0.03";"Sensitivity | Current Policies | Vehicle insurance";"Electricity"
"OPEX";"Taxes";"IT";"Taxes, Fees, Levies and charges - MCS";"Rigid";"BAU";"EUR/kWh";2050;"0.062";"Sensitivity | Current Policies | Vehicle insurance";"Electricity"
"OPEX";"Taxes";"IT";"Taxes, Fees, Levies and charges - MCS";"Tractor-Trailer";"BAU";"EUR/kWh";2050;"0.062";"Sensitivity | Current Policies | Vehicle insurance";"Electricity"
"OPEX";"Taxes";"NL";"Taxes, Fees, Levies and charges - MCS";"Rigid";"BAU";"EUR/kWh";2050;"0.055";"Sensitivity | Current Policies | Vehicle insurance";"Electricity"
"OPEX";"Taxes";"NL";"Taxes, Fees, Levies and charges - MCS";"Tractor-Trailer";"BAU";"EUR/kWh";2050;"0.055";"Sensitivity | Current Policies | Vehicle insurance";"Electricity"
"OPEX";"Taxes";"PL";"Taxes, Fees, Levies and charges - MCS";"Rigid";"BAU";"EUR/kWh";2050;"0.049";"Sensitivity | Current Policies | Vehicle insurance";"Electricity"
"OPEX";"Taxes";"PL";"Taxes, Fees, Levies and charges - MCS";"Tractor-Trailer";"BAU";"EUR/kWh";2050;"0.049";"Sensitivity | Current Policies | Vehicle insurance";"Electricity"
"OPEX";"Taxes";"UK";"Taxes, Fees, Levies and charges - MCS";"Rigid";"BAU";"EUR/kWh";2050;"0.077";"Sensitivity | Current Policies | Vehicle insurance";"Electricity"
"OPEX";"Taxes";"UK";"Taxes, Fees, Levies and charges - MCS";"Tractor-Trailer";"BAU";"EUR/kWh";2050;"0.077";"Sensitivity | Current Policies | Vehicle insurance";"Electricity"
"OPEX";"Taxes";"DE";"Network Costs - Depot";"Rigid";"BAU";"EUR/kWh";2050;"0.034";"Sensitivity | Current Policies | Vehicle insurance";"Electricity"
"OPEX";"Taxes";"DE";"Network Costs - Depot";"Tractor-Trailer";"BAU";"EUR/kWh";2050;"0.034";"Sensitivity | Current Policies | Vehicle insurance";"Electricity"
"OPEX";"Taxes";"ES";"Network Costs - Depot";"Rigid";"BAU";"EUR/kWh";2050;"0.018";"Sensitivity | Current Policies | Vehicle insurance";"Electricity"
"OPEX";"Taxes";"ES";"Network Costs - Depot";"Tractor-Trailer";"BAU";"EUR/kWh";2050;"0.018";"Sensitivity | Current Policies | Vehicle insurance";"Electricity"
"OPEX";"Taxes";"FR";"Network Costs - Depot";"Rigid";"BAU";"EUR/kWh";2050;"0.018";"Sensitivity | Current Policies | Vehicle insurance";"Electricity"
"OPEX";"Taxes";"FR";"Network Costs - Depot";"Tractor-Trailer";"BAU";"EUR/kWh";2050;"0.018";"Sensitivity | Current Policies | Vehicle insurance";"Electricity"
"OPEX";"Taxes";"IT";"Network Costs - Depot";"Rigid";"BAU";"EUR/kWh";2050;"0.016";"Sensitivity | Current Policies | Vehicle insurance";"Electricity"
"OPEX";"Taxes";"IT";"Network Costs - Depot";"Tractor-Trailer";"BAU";"EUR/kWh";2050;"0.016";"Sensitivity | Current Policies | Vehicle insurance";"Electricity"
"OPEX";"Taxes";"NL";"Network Costs - Depot";"Rigid";"BAU";"EUR/kWh";2050;"0.016";"Sensitivity | Current Policies | Vehicle insurance";"Electricity"
"OPEX";"Taxes";"NL";"Network Costs - Depot";"Tractor-Trailer";"BAU";"EUR/kWh";2050;"0.016";"Sensitivity | Current Policies | Vehicle insurance";"Electricity"
"OPEX";"Taxes";"PL";"Network Costs - Depot";"Rigid";"BAU";"EUR/kWh";2050;"0.019";"Sensitivity | Current Policies | Vehicle insurance";"Electricity"
"OPEX";"Taxes";"PL";"Network Costs - Depot";"Tractor-Trailer";"BAU";"EUR/kWh";2050;"0.019";"Sensitivity | Current Policies | Vehicle insurance";"Electricity"
"OPEX";"Taxes";"UK";"Network Costs - Depot";"Rigid";"BAU";"EUR/kWh";2050;"0.027";"Sensitivity | Current Policies | Vehicle insurance";"Electricity"
"OPEX";"Taxes";"UK";"Network Costs - Depot";"Tractor-Trailer";"BAU";"EUR/kWh";2050;"0.027";"Sensitivity | Current Policies | Vehicle insurance";"Electricity"
"OPEX";"Taxes";"DE";"Taxes, Fees, Levies and charges - Depot";"Rigid";"BAU";"EUR/kWh";2050;"0.056";"Sensitivity | Current Policies | Vehicle insurance";"Electricity"
"OPEX";"Taxes";"DE";"Taxes, Fees, Levies and charges - Depot";"Tractor-Trailer";"BAU";"EUR/kWh";2050;"0.056";"Sensitivity | Current Policies | Vehicle insurance";"Electricity"
"OPEX";"Taxes";"ES";"Taxes, Fees, Levies and charges - Depot";"Rigid";"BAU";"EUR/kWh";2050;"0.036";"Sensitivity | Current Policies | Vehicle insurance";"Electricity"
"OPEX";"Taxes";"ES";"Taxes, Fees, Levies and charges - Depot";"Tractor-Trailer";"BAU";"EUR/kWh";2050;"0.036";"Sensitivity | Current Policies | Vehicle insurance";"Electricity"
"OPEX";"Taxes";"FR";"Taxes, Fees, Levies and charges - Depot";"Rigid";"BAU";"EUR/kWh";2050;"0.03";"Sensitivity | Current Policies | Vehicle insurance";"Electricity"
"OPEX";"Taxes";"FR";"Taxes, Fees, Levies and charges - Depot";"Tractor-Trailer";"BAU";"EUR/kWh";2050;"0.03";"Sensitivity | Current Policies | Vehicle insurance";"Electricity"
"OPEX";"Taxes";"IT";"Taxes, Fees, Levies and charges - Depot";"Rigid";"BAU";"EUR/kWh";2050;"0.063";"Sensitivity | Current Policies | Vehicle insurance";"Electricity"
"OPEX";"Taxes";"IT";"Taxes, Fees, Levies and charges - Depot";"Tractor-Trailer";"BAU";"EUR/kWh";2050;"0.063";"Sensitivity | Current Policies | Vehicle insurance";"Electricity"
"OPEX";"Taxes";"NL";"Taxes, Fees, Levies and charges - Depot";"Rigid";"BAU";"EUR/kWh";2050;"0.055";"Sensitivity | Current Policies | Vehicle insurance";"Electricity"
"OPEX";"Taxes";"NL";"Taxes, Fees, Levies and charges - Depot";"Tractor-Trailer";"BAU";"EUR/kWh";2050;"0.055";"Sensitivity | Current Policies | Vehicle insurance";"Electricity"
"OPEX";"Taxes";"PL";"Taxes, Fees, Levies and charges - Depot";"Rigid";"BAU";"EUR/kWh";2050;"0.049";"Sensitivity | Current Policies | Vehicle insurance";"Electricity"
"OPEX";"Taxes";"PL";"Taxes, Fees, Levies and charges - Depot";"Tractor-Trailer";"BAU";"EUR/kWh";2050;"0.049";"Sensitivity | Current Policies | Vehicle insurance";"Electricity"
"OPEX";"Taxes";"UK";"Taxes, Fees, Levies and charges - Depot";"Rigid";"BAU";"EUR/kWh";2050;"0.077";"Sensitivity | Current Policies | Vehicle insurance";"Electricity"
"OPEX";"Taxes";"UK";"Taxes, Fees, Levies and charges - Depot";"Tractor-Trailer";"BAU";"EUR/kWh";2050;"0.077";"Sensitivity | Current Policies | Vehicle insurance";"Electricity"
"OPEX";"H2 Infrastructure";"DE";"HRS costs";"Rigid";"BAU";"EUR/kg H2";2050;"1";"Sensitivity | Current Policies | Vehicle insurance";"Hydrogen"
"OPEX";"H2 Infrastructure";"DE";"HRS costs";"Tractor-Trailer";"BAU";"EUR/kg H2";2050;"1";"Sensitivity | Current Policies | Vehicle insurance";"Hydrogen"
"OPEX";"H2 Infrastructure";"ES";"HRS costs";"Rigid";"BAU";"EUR/kg H2";2050;"1";"Sensitivity | Current Policies | Vehicle insurance";"Hydrogen"
"OPEX";"H2 Infrastructure";"ES";"HRS costs";"Tractor-Trailer";"BAU";"EUR/kg H2";2050;"1";"Sensitivity | Current Policies | Vehicle insurance";"Hydrogen"
"OPEX";"H2 Infrastructure";"FR";"HRS costs";"Rigid";"BAU";"EUR/kg H2";2050;"1";"Sensitivity | Current Policies | Vehicle insurance";"Hydrogen"
"OPEX";"H2 Infrastructure";"FR";"HRS costs";"Tractor-Trailer";"BAU";"EUR/kg H2";2050;"1";"Sensitivity | Current Policies | Vehicle insurance";"Hydrogen"
"OPEX";"H2 Infrastructure";"IT";"HRS costs";"Rigid";"BAU";"EUR/kg H2";2050;"1";"Sensitivity | Current Policies | Vehicle insurance";"Hydrogen"
"OPEX";"H2 Infrastructure";"IT";"HRS costs";"Tractor-Trailer";"BAU";"EUR/kg H2";2050;"1";"Sensitivity | Current Policies | Vehicle insurance";"Hydrogen"
"OPEX";"H2 Infrastructure";"NL";"HRS costs";"Rigid";"BAU";"EUR/kg H2";2050;"1";"Sensitivity | Current Policies | Vehicle insurance";"Hydrogen"
"OPEX";"H2 Infrastructure";"NL";"HRS costs";"Tractor-Trailer";"BAU";"EUR/kg H2";2050;"1";"Sensitivity | Current Policies | Vehicle insurance";"Hydrogen"
"OPEX";"H2 Infrastructure";"PL";"HRS costs";"Rigid";"BAU";"EUR/kg H2";2050;"1";"Sensitivity | Current Policies | Vehicle insurance";"Hydrogen"
"OPEX";"H2 Infrastructure";"PL";"HRS costs";"Tractor-Trailer";"BAU";"EUR/kg H2";2050;"1";"Sensitivity | Current Policies | Vehicle insurance";"Hydrogen"
"OPEX";"H2 Infrastructure";"UK";"HRS costs";"Rigid";"BAU";"EUR/kg H2";2050;"1";"Sensitivity | Current Policies | Vehicle insurance";"Hydrogen"
"OPEX";"H2 Infrastructure";"UK";"HRS costs";"Tractor-Trailer";"BAU";"EUR/kg H2";2050;"1";"Sensitivity | Current Policies | Vehicle insurance";"Hydrogen"
"OPEX";"H2 Infrastructure";"DE";"H2 transport and distribution";"Rigid";"BAU";"EUR/kg H2";2050;"1";"Sensitivity | Current Policies | Vehicle insurance";"Hydrogen"
"OPEX";"H2 Infrastructure";"DE";"H2 transport and distribution";"Tractor-Trailer";"BAU";"EUR/kg H2";2050;"1";"Sensitivity | Current Policies | Vehicle insurance";"Hydrogen"
"OPEX";"H2 Infrastructure";"ES";"H2 transport and distribution";"Rigid";"BAU";"EUR/kg H2";2050;"1";"Sensitivity | Current Policies | Vehicle insurance";"Hydrogen"
"OPEX";"H2 Infrastructure";"ES";"H2 transport and distribution";"Tractor-Trailer";"BAU";"EUR/kg H2";2050;"1";"Sensitivity | Current Policies | Vehicle insurance";"Hydrogen"
"OPEX";"H2 Infrastructure";"FR";"H2 transport and distribution";"Rigid";"BAU";"EUR/kg H2";2050;"1";"Sensitivity | Current Policies | Vehicle insurance";"Hydrogen"
"OPEX";"H2 Infrastructure";"FR";"H2 transport and distribution";"Tractor-Trailer";"BAU";"EUR/kg H2";2050;"1";"Sensitivity | Current Policies | Vehicle insurance";"Hydrogen"
"OPEX";"H2 Infrastructure";"IT";"H2 transport and distribution";"Rigid";"BAU";"EUR/kg H2";2050;"1";"Sensitivity | Current Policies | Vehicle insurance";"Hydrogen"
"OPEX";"H2 Infrastructure";"IT";"H2 transport and distribution";"Tractor-Trailer";"BAU";"EUR/kg H2";2050;"1";"Sensitivity | Current Policies | Vehicle insurance";"Hydrogen"
"OPEX";"H2 Infrastructure";"NL";"H2 transport and distribution";"Rigid";"BAU";"EUR/kg H2";2050;"1";"Sensitivity | Current Policies | Vehicle insurance";"Hydrogen"
"OPEX";"H2 Infrastructure";"NL";"H2 transport and distribution";"Tractor-Trailer";"BAU";"EUR/kg H2";2050;"1";"Sensitivity | Current Policies | Vehicle insurance";"Hydrogen"
"OPEX";"H2 Infrastructure";"PL";"H2 transport and distribution";"Rigid";"BAU";"EUR/kg H2";2050;"1";"Sensitivity | Current Policies | Vehicle insurance";"Hydrogen"
"OPEX";"H2 Infrastructure";"PL";"H2 transport and distribution";"Tractor-Trailer";"BAU";"EUR/kg H2";2050;"1";"Sensitivity | Current Policies | Vehicle insurance";"Hydrogen"
"OPEX";"H2 Infrastructure";"UK";"H2 transport and distribution";"Rigid";"BAU";"EUR/kg H2";2050;"1";"Sensitivity | Current Policies | Vehicle insurance";"Hydrogen"
"OPEX";"H2 Infrastructure";"UK";"H2 transport and distribution";"Tractor-Trailer";"BAU";"EUR/kg H2";2050;"1";"Sensitivity | Current Policies | Vehicle insurance";"Hydrogen"
"OPEX";"H2 Infrastructure";"DE";"HRS Overhead, Profit and Mark-Up";"Rigid";"BAU";"EUR/kg H2";2050;"0.25";"Sensitivity | Current Policies | Vehicle insurance";"Hydrogen"
"OPEX";"H2 Infrastructure";"DE";"HRS Overhead, Profit and Mark-Up";"Tractor-Trailer";"BAU";"EUR/kg H2";2050;"0.25";"Sensitivity | Current Policies | Vehicle insurance";"Hydrogen"
"OPEX";"H2 Infrastructure";"ES";"HRS Overhead, Profit and Mark-Up";"Rigid";"BAU";"EUR/kg H2";2050;"0.25";"Sensitivity | Current Policies | Vehicle insurance";"Hydrogen"
"OPEX";"H2 Infrastructure";"ES";"HRS Overhead, Profit and Mark-Up";"Tractor-Trailer";"BAU";"EUR/kg H2";2050;"0.25";"Sensitivity | Current Policies | Vehicle insurance";"Hydrogen"
"OPEX";"H2 Infrastructure";"FR";"HRS Overhead, Profit and Mark-Up";"Rigid";"BAU";"EUR/kg H2";2050;"0.25";"Sensitivity | Current Policies | Vehicle insurance";"Hydrogen"
"OPEX";"H2 Infrastructure";"FR";"HRS Overhead, Profit and Mark-Up";"Tractor-Trailer";"BAU";"EUR/kg H2";2050;"0.25";"Sensitivity | Current Policies | Vehicle insurance";"Hydrogen"
"OPEX";"H2 Infrastructure";"IT";"HRS Overhead, Profit and Mark-Up";"Rigid";"BAU";"EUR/kg H2";2050;"0.25";"Sensitivity | Current Policies | Vehicle insurance";"Hydrogen"
"OPEX";"H2 Infrastructure";"IT";"HRS Overhead, Profit and Mark-Up";"Tractor-Trailer";"BAU";"EUR/kg H2";2050;"0.25";"Sensitivity | Current Policies | Vehicle insurance";"Hydrogen"
"OPEX";"H2 Infrastructure";"NL";"HRS Overhead, Profit and Mark-Up";"Rigid";"BAU";"EUR/kg H2";2050;"0.25";"Sensitivity | Current Policies | Vehicle insurance";"Hydrogen"
"OPEX";"H2 Infrastructure";"NL";"HRS Overhead, Profit and Mark-Up";"Tractor-Trailer";"BAU";"EUR/kg H2";2050;"0.25";"Sensitivity | Current Policies | Vehicle insurance";"Hydrogen"
"OPEX";"H2 Infrastructure";"PL";"HRS Overhead, Profit and Mark-Up";"Rigid";"BAU";"EUR/kg H2";2050;"0.25";"Sensitivity | Current Policies | Vehicle insurance";"Hydrogen"
"OPEX";"H2 Infrastructure";"PL";"HRS Overhead, Profit and Mark-Up";"Tractor-Trailer";"BAU";"EUR/kg H2";2050;"0.25";"Sensitivity | Current Policies | Vehicle insurance";"Hydrogen"
"OPEX";"H2 Infrastructure";"UK";"HRS Overhead, Profit and Mark-Up";"Rigid";"BAU";"EUR/kg H2";2050;"0.25";"Sensitivity | Current Policies | Vehicle insurance";"Hydrogen"
"OPEX";"H2 Infrastructure";"UK";"HRS Overhead, Profit and Mark-Up";"Tractor-Trailer";"BAU";"EUR/kg H2";2050;"0.25";"Sensitivity | Current Policies | Vehicle insurance";"Hydrogen"
"OPEX";"Charging Infrastructure";"DE";"MCS Station (Public Charging) - Incl. Overhead";"Rigid";"BAU";"EUR/kWh";2050;"0.028";"Sensitivity | Current Policies | Vehicle insurance";"Electricity"
"OPEX";"Charging Infrastructure";"DE";"MCS Station (Public Charging) - Incl. Overhead";"Tractor-Trailer";"BAU";"EUR/kWh";2050;"0.028";"Sensitivity | Current Policies | Vehicle insurance";"Electricity"
"OPEX";"Charging Infrastructure";"ES";"MCS Station (Public Charging) - Incl. Overhead";"Rigid";"BAU";"EUR/kWh";2050;"0.028";"Sensitivity | Current Policies | Vehicle insurance";"Electricity"
"OPEX";"Charging Infrastructure";"ES";"MCS Station (Public Charging) - Incl. Overhead";"Tractor-Trailer";"BAU";"EUR/kWh";2050;"0.028";"Sensitivity | Current Policies | Vehicle insurance";"Electricity"
"OPEX";"Charging Infrastructure";"FR";"MCS Station (Public Charging) - Incl. Overhead";"Rigid";"BAU";"EUR/kWh";2050;"0.028";"Sensitivity | Current Policies | Vehicle insurance";"Electricity"
"OPEX";"Charging Infrastructure";"FR";"MCS Station (Public Charging) - Incl. Overhead";"Tractor-Trailer";"BAU";"EUR/kWh";2050;"0.028";"Sensitivity | Current Policies | Vehicle insurance";"Electricity"
"OPEX";"Charging Infrastructure";"IT";"MCS Station (Public Charging) - Incl. Overhead";"Rigid";"BAU";"EUR/kWh";2050;"0.028";"Sensitivity | Current Policies | Vehicle insurance";"Electricity"
"OPEX";"Charging Infrastructure";"IT";"MCS Station (Public Charging) - Incl. Overhead";"Tractor-Trailer";"BAU";"EUR/kWh";2050;"0.028";"Sensitivity | Current Policies | Vehicle insurance";"Electricity"
"OPEX";"Charging Infrastructure";"NL";"MCS Station (Public Charging) - Incl. Overhead";"Rigid";"BAU";"EUR/kWh";2050;"0.028";"Sensitivity | Current Policies | Vehicle insurance";"Electricity"
"OPEX";"Charging Infrastructure";"NL";"MCS Station (Public Charging) - Incl. Overhead";"Tractor-Trailer";"BAU";"EUR/kWh";2050;"0.028";"Sensitivity | Current Policies | Vehicle insurance";"Electricity"
"OPEX";"Charging Infrastructure";"PL";"MCS Station (Public Charging) - Incl. Overhead";"Rigid";"BAU";"EUR/kWh";2050;"0.028";"Sensitivity | Current Policies | Vehicle insurance";"Electricity"
"OPEX";"Charging Infrastructure";"PL";"MCS Station (Public Charging) - Incl. Overhead";"Tractor-Trailer";"BAU";"EUR/kWh";2050;"0.028";"Sensitivity | Current Policies | Vehicle insurance";"Electricity"
"OPEX";"Charging Infrastructure";"UK";"MCS Station (Public Charging) - Incl. Overhead";"Rigid";"BAU";"EUR/kWh";2050;"0.028";"Sensitivity | Current Policies | Vehicle insurance";"Electricity"
"OPEX";"Charging Infrastructure";"UK";"MCS Station (Public Charging) - Incl. Overhead";"Tractor-Trailer";"BAU";"EUR/kWh";2050;"0.028";"Sensitivity | Current Policies | Vehicle insurance";"Electricity"
"OPEX";"Charging Infrastructure";"DE";"Share MCS-Charging";"Rigid";"BAU";"%";2050;"0.2";"Sensitivity | Current Policies | Vehicle insurance";"Electricity"
"OPEX";"Charging Infrastructure";"DE";"Share MCS-Charging";"Tractor-Trailer";"BAU";"%";2050;"0.2";"Sensitivity | Current Policies | Vehicle insurance";"Electricity"
"OPEX";"Charging Infrastructure";"ES";"Share MCS-Charging";"Rigid";"BAU";"%";2050;"0.2";"Sensitivity | Current Policies | Vehicle insurance";"Electricity"
"OPEX";"Charging Infrastructure";"ES";"Share MCS-Charging";"Tractor-Trailer";"BAU";"%";2050;"0.2";"Sensitivity | Current Policies | Vehicle insurance";"Electricity"
"OPEX";"Charging Infrastructure";"FR";"Share MCS-Charging";"Rigid";"BAU";"%";2050;"0.2";"Sensitivity | Current Policies | Vehicle insurance";"Electricity"
"OPEX";"Charging Infrastructure";"FR";"Share MCS-Charging";"Tractor-Trailer";"BAU";"%";2050;"0.2";"Sensitivity | Current Policies | Vehicle insurance";"Electricity"
"OPEX";"Charging Infrastructure";"IT";"Share MCS-Charging";"Rigid";"BAU";"%";2050;"0.2";"Sensitivity | Current Policies | Vehicle insurance";"Electricity"
"OPEX";"Charging Infrastructure";"IT";"Share MCS-Charging";"Tractor-Trailer";"BAU";"%";2050;"0.2";"Sensitivity | Current Policies | Vehicle insurance";"Electricity"
"OPEX";"Charging Infrastructure";"NL";"Share MCS-Charging";"Rigid";"BAU";"%";2050;"0.2";"Sensitivity | Current Policies | Vehicle insurance";"Electricity"
"OPEX";"Charging Infrastructure";"NL";"Share MCS-Charging";"Tractor-Trailer";"BAU";"%";2050;"0.2";"Sensitivity | Current Policies | Vehicle insurance";"Electricity"
"OPEX";"Charging Infrastructure";"PL";"Share MCS-Charging";"Rigid";"BAU";"%";2050;"0.2";"Sensitivity | Current Policies | Vehicle insurance";"Electricity"
"OPEX";"Charging Infrastructure";"PL";"Share MCS-Charging";"Tractor-Trailer";"BAU";"%";2050;"0.2";"Sensitivity | Current Policies | Vehicle insurance";"Electricity"
"OPEX";"Charging Infrastructure";"UK";"Share MCS-Charging";"Rigid";"BAU";"%";2050;"0.2";"Sensitivity | Current Policies | Vehicle insurance";"Electricity"
"OPEX";"Charging Infrastructure";"UK";"Share MCS-Charging";"Tractor-Trailer";"BAU";"%";2050;"0.2";"Sensitivity | Current Policies | Vehicle insurance";"Electricity"
"OPEX";"Charging Infrastructure";"DE";"Depot - Network fees savings potential";"Rigid";"BAU";"EUR/kWh";2050;"0";"Sensitivity | Current Policies | Vehicle insurance";"Electricity"
"OPEX";"Charging Infrastructure";"DE";"Depot - Network fees savings potential";"Tractor-Trailer";"BAU";"EUR/kWh";2050;"0";"Sensitivity | Current Policies | Vehicle insurance";"Electricity"
"OPEX";"Charging Infrastructure";"ES";"Depot - Network fees savings potential";"Rigid";"BAU";"EUR/kWh";2050;"0";"Sensitivity | Current Policies | Vehicle insurance";"Electricity"
"OPEX";"Charging Infrastructure";"ES";"Depot - Network fees savings potential";"Tractor-Trailer";"BAU";"EUR/kWh";2050;"0";"Sensitivity | Current Policies | Vehicle insurance";"Electricity"
"OPEX";"Charging Infrastructure";"FR";"Depot - Network fees savings potential";"Rigid";"BAU";"EUR/kWh";2050;"0";"Sensitivity | Current Policies | Vehicle insurance";"Electricity"
"OPEX";"Charging Infrastructure";"FR";"Depot - Network fees savings potential";"Tractor-Trailer";"BAU";"EUR/kWh";2050;"0";"Sensitivity | Current Policies | Vehicle insurance";"Electricity"
"OPEX";"Charging Infrastructure";"IT";"Depot - Network fees savings potential";"Rigid";"BAU";"EUR/kWh";2050;"0";"Sensitivity | Current Policies | Vehicle insurance";"Electricity"
"OPEX";"Charging Infrastructure";"IT";"Depot - Network fees savings potential";"Tractor-Trailer";"BAU";"EUR/kWh";2050;"0";"Sensitivity | Current Policies | Vehicle insurance";"Electricity"
"OPEX";"Charging Infrastructure";"NL";"Depot - Network fees savings potential";"Rigid";"BAU";"EUR/kWh";2050;"0";"Sensitivity | Current Policies | Vehicle insurance";"Electricity"
"OPEX";"Charging Infrastructure";"NL";"Depot - Network fees savings potential";"Tractor-Trailer";"BAU";"EUR/kWh";2050;"0";"Sensitivity | Current Policies | Vehicle insurance";"Electricity"
"OPEX";"Charging Infrastructure";"PL";"Depot - Network fees savings potential";"Rigid";"BAU";"EUR/kWh";2050;"0";"Sensitivity | Current Policies | Vehicle insurance";"Electricity"
"OPEX";"Charging Infrastructure";"PL";"Depot - Network fees savings potential";"Tractor-Trailer";"BAU";"EUR/kWh";2050;"0";"Sensitivity | Current Policies | Vehicle insurance";"Electricity"
"OPEX";"Charging Infrastructure";"UK";"Depot - Network fees savings potential";"Rigid";"BAU";"EUR/kWh";2050;"0";"Sensitivity | Current Policies | Vehicle insurance";"Electricity"
"OPEX";"Charging Infrastructure";"UK";"Depot - Network fees savings potential";"Tractor-Trailer";"BAU";"EUR/kWh";2050;"0";"Sensitivity | Current Policies | Vehicle insurance";"Electricity"
"OPEX";"Taxes";"DE";"Tax reduction";"Rigid";"BAU";"%";2050;"0";"Sensitivity | Current Policies | Vehicle insurance";"Hydrogen"
"OPEX";"Taxes";"DE";"Tax reduction";"Tractor-Trailer";"BAU";"%";2050;"0";"Sensitivity | Current Policies | Vehicle insurance";"Hydrogen"
"OPEX";"Taxes";"ES";"Tax reduction";"Rigid";"BAU";"%";2050;"0";"Sensitivity | Current Policies | Vehicle insurance";"Hydrogen"
"OPEX";"Taxes";"ES";"Tax reduction";"Tractor-Trailer";"BAU";"%";2050;"0";"Sensitivity | Current Policies | Vehicle insurance";"Hydrogen"
"OPEX";"Taxes";"FR";"Tax reduction";"Rigid";"BAU";"%";2050;"0";"Sensitivity | Current Policies | Vehicle insurance";"Hydrogen"
"OPEX";"Taxes";"FR";"Tax reduction";"Tractor-Trailer";"BAU";"%";2050;"0";"Sensitivity | Current Policies | Vehicle insurance";"Hydrogen"
"OPEX";"Taxes";"IT";"Tax reduction";"Rigid";"BAU";"%";2050;"0";"Sensitivity | Current Policies | Vehicle insurance";"Hydrogen"
"OPEX";"Taxes";"IT";"Tax reduction";"Tractor-Trailer";"BAU";"%";2050;"0";"Sensitivity | Current Policies | Vehicle insurance";"Hydrogen"
"OPEX";"Taxes";"NL";"Tax reduction";"Rigid";"BAU";"%";2050;"0";"Sensitivity | Current Policies | Vehicle insurance";"Hydrogen"
"OPEX";"Taxes";"NL";"Tax reduction";"Tractor-Trailer";"BAU";"%";2050;"0";"Sensitivity | Current Policies | Vehicle insurance";"Hydrogen"
"OPEX";"Taxes";"PL";"Tax reduction";"Rigid";"BAU";"%";2050;"0";"Sensitivity | Current Policies | Vehicle insurance";"Hydrogen"
"OPEX";"Taxes";"PL";"Tax reduction";"Tractor-Trailer";"BAU";"%";2050;"0";"Sensitivity | Current Policies | Vehicle insurance";"Hydrogen"
"OPEX";"Taxes";"UK";"Tax reduction";"Rigid";"BAU";"%";2050;"0";"Sensitivity | Current Policies | Vehicle insurance";"Hydrogen"
"OPEX";"Taxes";"UK";"Tax reduction";"Tractor-Trailer";"BAU";"%";2050;"0";"Sensitivity | Current Policies | Vehicle insurance";"Hydrogen"
"OPEX";"Taxes";"DE";"Increasing grid fees";"Rigid";"BAU";"%";2050;"0.5";"Sensitivity | Current Policies | Vehicle insurance";"Electricity"
"OPEX";"Taxes";"DE";"Increasing grid fees";"Tractor-Trailer";"BAU";"%";2050;"0.5";"Sensitivity | Current Policies | Vehicle insurance";"Electricity"
"OPEX";"Taxes";"ES";"Increasing grid fees";"Rigid";"BAU";"%";2050;"0.5";"Sensitivity | Current Policies | Vehicle insurance";"Electricity"
"OPEX";"Taxes";"ES";"Increasing grid fees";"Tractor-Trailer";"BAU";"%";2050;"0.5";"Sensitivity | Current Policies | Vehicle insurance";"Electricity"
"OPEX";"Taxes";"FR";"Increasing grid fees";"Rigid";"BAU";"%";2050;"0.5";"Sensitivity | Current Policies | Vehicle insurance";"Electricity"
"OPEX";"Taxes";"FR";"Increasing grid fees";"Tractor-Trailer";"BAU";"%";2050;"0.5";"Sensitivity | Current Policies | Vehicle insurance";"Electricity"
"OPEX";"Taxes";"IT";"Increasing grid fees";"Rigid";"BAU";"%";2050;"0.5";"Sensitivity | Current Policies | Vehicle insurance";"Electricity"
"OPEX";"Taxes";"IT";"Increasing grid fees";"Tractor-Trailer";"BAU";"%";2050;"0.5";"Sensitivity | Current Policies | Vehicle insurance";"Electricity"
"OPEX";"Taxes";"NL";"Increasing grid fees";"Rigid";"BAU";"%";2050;"0.5";"Sensitivity | Current Policies | Vehicle insurance";"Electricity"
"OPEX";"Taxes";"NL";"Increasing grid fees";"Tractor-Trailer";"BAU";"%";2050;"0.5";"Sensitivity | Current Policies | Vehicle insurance";"Electricity"
"OPEX";"Taxes";"PL";"Increasing grid fees";"Rigid";"BAU";"%";2050;"0.5";"Sensitivity | Current Policies | Vehicle insurance";"Electricity"
"OPEX";"Taxes";"PL";"Increasing grid fees";"Tractor-Trailer";"BAU";"%";2050;"0.5";"Sensitivity | Current Policies | Vehicle insurance";"Electricity"
"OPEX";"Taxes";"UK";"Increasing grid fees";"Rigid";"BAU";"%";2050;"0.5";"Sensitivity | Current Policies | Vehicle insurance";"Electricity"
"OPEX";"Taxes";"UK";"Increasing grid fees";"Tractor-Trailer";"BAU";"%";2050;"0.5";"Sensitivity | Current Policies | Vehicle insurance";"Electricity"
"OPEX";"Diesel";"FR";"Diesel Price";"Rigid";"BAU";"EUR/kWh";2030;"0.063";"Sensitivity | Current Policies | Vehicle insurance";"Diesel"
"OPEX";"Diesel";"FR";"Diesel Price";"Tractor-Trailer";"BAU";"EUR/kWh";2030;"0.063";"Sensitivity | Current Policies | Vehicle insurance";"Diesel"
"OPEX";"Diesel";"DE";"Diesel Price";"Rigid";"BAU";"EUR/kWh";2030;"0.063";"Sensitivity | Current Policies | Vehicle insurance";"Diesel"
"OPEX";"Diesel";"DE";"Diesel Price";"Tractor-Trailer";"BAU";"EUR/kWh";2030;"0.063";"Sensitivity | Current Policies | Vehicle insurance";"Diesel"
"OPEX";"Diesel";"ES";"Diesel Price";"Rigid";"BAU";"EUR/kWh";2030;"0.063";"Sensitivity | Current Policies | Vehicle insurance";"Diesel"
"OPEX";"Diesel";"ES";"Diesel Price";"Tractor-Trailer";"BAU";"EUR/kWh";2030;"0.063";"Sensitivity | Current Policies | Vehicle insurance";"Diesel"
"OPEX";"Diesel";"IT";"Diesel Price";"Rigid";"BAU";"EUR/kWh";2030;"0.063";"Sensitivity | Current Policies | Vehicle insurance";"Diesel"
"OPEX";"Diesel";"IT";"Diesel Price";"Tractor-Trailer";"BAU";"EUR/kWh";2030;"0.063";"Sensitivity | Current Policies | Vehicle insurance";"Diesel"
"OPEX";"Diesel";"NL";"Diesel Price";"Rigid";"BAU";"EUR/kWh";2030;"0.063";"Sensitivity | Current Policies | Vehicle insurance";"Diesel"
"OPEX";"Diesel";"NL";"Diesel Price";"Tractor-Trailer";"BAU";"EUR/kWh";2030;"0.063";"Sensitivity | Current Policies | Vehicle insurance";"Diesel"
"OPEX";"Diesel";"PL";"Diesel Price";"Rigid";"BAU";"EUR/kWh";2030;"0.063";"Sensitivity | Current Policies | Vehicle insurance";"Diesel"
"OPEX";"Diesel";"PL";"Diesel Price";"Tractor-Trailer";"BAU";"EUR/kWh";2030;"0.063";"Sensitivity | Current Policies | Vehicle insurance";"Diesel"
"OPEX";"Diesel";"UK";"Diesel Price";"Rigid";"BAU";"EUR/kWh";2030;"0.063";"Sensitivity | Current Policies | Vehicle insurance";"Diesel"
"OPEX";"Diesel";"UK";"Diesel Price";"Tractor-Trailer";"BAU";"EUR/kWh";2030;"0.063";"Sensitivity | Current Policies | Vehicle insurance";"Diesel"
"OPEX";"Diesel";"FR";"Diesel Price";"Rigid";"BAU";"EUR/kWh";2035;"0.066";"Sensitivity | Current Policies | Vehicle insurance";"Diesel"
"OPEX";"Diesel";"FR";"Diesel Price";"Tractor-Trailer";"BAU";"EUR/kWh";2035;"0.066";"Sensitivity | Current Policies | Vehicle insurance";"Diesel"
"OPEX";"Diesel";"DE";"Diesel Price";"Rigid";"BAU";"EUR/kWh";2035;"0.066";"Sensitivity | Current Policies | Vehicle insurance";"Diesel"
"OPEX";"Diesel";"DE";"Diesel Price";"Tractor-Trailer";"BAU";"EUR/kWh";2035;"0.066";"Sensitivity | Current Policies | Vehicle insurance";"Diesel"
"OPEX";"Diesel";"ES";"Diesel Price";"Rigid";"BAU";"EUR/kWh";2035;"0.066";"Sensitivity | Current Policies | Vehicle insurance";"Diesel"
"OPEX";"Diesel";"ES";"Diesel Price";"Tractor-Trailer";"BAU";"EUR/kWh";2035;"0.066";"Sensitivity | Current Policies | Vehicle insurance";"Diesel"
"OPEX";"Diesel";"IT";"Diesel Price";"Rigid";"BAU";"EUR/kWh";2035;"0.066";"Sensitivity | Current Policies | Vehicle insurance";"Diesel"
"OPEX";"Diesel";"IT";"Diesel Price";"Tractor-Trailer";"BAU";"EUR/kWh";2035;"0.066";"Sensitivity | Current Policies | Vehicle insurance";"Diesel"
"OPEX";"Diesel";"NL";"Diesel Price";"Rigid";"BAU";"EUR/kWh";2035;"0.066";"Sensitivity | Current Policies | Vehicle insurance";"Diesel"
"OPEX";"Diesel";"NL";"Diesel Price";"Tractor-Trailer";"BAU";"EUR/kWh";2035;"0.066";"Sensitivity | Current Policies | Vehicle insurance";"Diesel"
"OPEX";"Diesel";"PL";"Diesel Price";"Rigid";"BAU";"EUR/kWh";2035;"0.066";"Sensitivity | Current Policies | Vehicle insurance";"Diesel"
"OPEX";"Diesel";"PL";"Diesel Price";"Tractor-Trailer";"BAU";"EUR/kWh";2035;"0.066";"Sensitivity | Current Policies | Vehicle insurance";"Diesel"
"OPEX";"Diesel";"UK";"Diesel Price";"Rigid";"BAU";"EUR/kWh";2035;"0.066";"Sensitivity | Current Policies | Vehicle insurance";"Diesel"
"OPEX";"Diesel";"UK";"Diesel Price";"Tractor-Trailer";"BAU";"EUR/kWh";2035;"0.066";"Sensitivity | Current Policies | Vehicle insurance";"Diesel"
"OPEX";"Diesel";"FR";"Diesel Price";"Rigid";"BAU";"EUR/kWh";2040;"0.069";"Sensitivity | Current Policies | Vehicle insurance";"Diesel"
"OPEX";"Diesel";"FR";"Diesel Price";"Tractor-Trailer";"BAU";"EUR/kWh";2040;"0.069";"Sensitivity | Current Policies | Vehicle insurance";"Diesel"
"OPEX";"Diesel";"DE";"Diesel Price";"Rigid";"BAU";"EUR/kWh";2040;"0.069";"Sensitivity | Current Policies | Vehicle insurance";"Diesel"
"OPEX";"Diesel";"DE";"Diesel Price";"Tractor-Trailer";"BAU";"EUR/kWh";2040;"0.069";"Sensitivity | Current Policies | Vehicle insurance";"Diesel"
"OPEX";"Diesel";"ES";"Diesel Price";"Rigid";"BAU";"EUR/kWh";2040;"0.069";"Sensitivity | Current Policies | Vehicle insurance";"Diesel"
"OPEX";"Diesel";"ES";"Diesel Price";"Tractor-Trailer";"BAU";"EUR/kWh";2040;"0.069";"Sensitivity | Current Policies | Vehicle insurance";"Diesel"
"OPEX";"Diesel";"IT";"Diesel Price";"Rigid";"BAU";"EUR/kWh";2040;"0.069";"Sensitivity | Current Policies | Vehicle insurance";"Diesel"
"OPEX";"Diesel";"IT";"Diesel Price";"Tractor-Trailer";"BAU";"EUR/kWh";2040;"0.069";"Sensitivity | Current Policies | Vehicle insurance";"Diesel"
"OPEX";"Diesel";"NL";"Diesel Price";"Rigid";"BAU";"EUR/kWh";2040;"0.069";"Sensitivity | Current Policies | Vehicle insurance";"Diesel"
"OPEX";"Diesel";"NL";"Diesel Price";"Tractor-Trailer";"BAU";"EUR/kWh";2040;"0.069";"Sensitivity | Current Policies | Vehicle insurance";"Diesel"
"OPEX";"Diesel";"PL";"Diesel Price";"Rigid";"BAU";"EUR/kWh";2040;"0.069";"Sensitivity | Current Policies | Vehicle insurance";"Diesel"
"OPEX";"Diesel";"PL";"Diesel Price";"Tractor-Trailer";"BAU";"EUR/kWh";2040;"0.069";"Sensitivity | Current Policies | Vehicle insurance";"Diesel"
"OPEX";"Diesel";"UK";"Diesel Price";"Rigid";"BAU";"EUR/kWh";2040;"0.069";"Sensitivity | Current Policies | Vehicle insurance";"Diesel"
"OPEX";"Diesel";"UK";"Diesel Price";"Tractor-Trailer";"BAU";"EUR/kWh";2040;"0.069";"Sensitivity | Current Policies | Vehicle insurance";"Diesel"
"OPEX";"Diesel";"FR";"Diesel Price";"Rigid";"BAU";"EUR/kWh";2045;"0.073";"Sensitivity | Current Policies | Vehicle insurance";"Diesel"
"OPEX";"Diesel";"FR";"Diesel Price";"Tractor-Trailer";"BAU";"EUR/kWh";2045;"0.073";"Sensitivity | Current Policies | Vehicle insurance";"Diesel"
"OPEX";"Diesel";"DE";"Diesel Price";"Rigid";"BAU";"EUR/kWh";2045;"0.073";"Sensitivity | Current Policies | Vehicle insurance";"Diesel"
"OPEX";"Diesel";"DE";"Diesel Price";"Tractor-Trailer";"BAU";"EUR/kWh";2045;"0.073";"Sensitivity | Current Policies | Vehicle insurance";"Diesel"
"OPEX";"Diesel";"ES";"Diesel Price";"Rigid";"BAU";"EUR/kWh";2045;"0.073";"Sensitivity | Current Policies | Vehicle insurance";"Diesel"
"OPEX";"Diesel";"ES";"Diesel Price";"Tractor-Trailer";"BAU";"EUR/kWh";2045;"0.073";"Sensitivity | Current Policies | Vehicle insurance";"Diesel"
"OPEX";"Diesel";"IT";"Diesel Price";"Rigid";"BAU";"EUR/kWh";2045;"0.073";"Sensitivity | Current Policies | Vehicle insurance";"Diesel"
"OPEX";"Diesel";"IT";"Diesel Price";"Tractor-Trailer";"BAU";"EUR/kWh";2045;"0.073";"Sensitivity | Current Policies | Vehicle insurance";"Diesel"
"OPEX";"Diesel";"NL";"Diesel Price";"Rigid";"BAU";"EUR/kWh";2045;"0.073";"Sensitivity | Current Policies | Vehicle insurance";"Diesel"
"OPEX";"Diesel";"NL";"Diesel Price";"Tractor-Trailer";"BAU";"EUR/kWh";2045;"0.073";"Sensitivity | Current Policies | Vehicle insurance";"Diesel"
"OPEX";"Diesel";"PL";"Diesel Price";"Rigid";"BAU";"EUR/kWh";2045;"0.073";"Sensitivity | Current Policies | Vehicle insurance";"Diesel"
"OPEX";"Diesel";"PL";"Diesel Price";"Tractor-Trailer";"BAU";"EUR/kWh";2045;"0.073";"Sensitivity | Current Policies | Vehicle insurance";"Diesel"
"OPEX";"Diesel";"UK";"Diesel Price";"Rigid";"BAU";"EUR/kWh";2045;"0.073";"Sensitivity | Current Policies | Vehicle insurance";"Diesel"
"OPEX";"Diesel";"UK";"Diesel Price";"Tractor-Trailer";"BAU";"EUR/kWh";2045;"0.073";"Sensitivity | Current Policies | Vehicle insurance";"Diesel"
"OPEX";"Diesel";"FR";"Diesel Price";"Rigid";"BAU";"EUR/kWh";2050;"0.079";"Sensitivity | Current Policies | Vehicle insurance";"Diesel"
"OPEX";"Diesel";"FR";"Diesel Price";"Tractor-Trailer";"BAU";"EUR/kWh";2050;"0.079";"Sensitivity | Current Policies | Vehicle insurance";"Diesel"
"OPEX";"Diesel";"DE";"Diesel Price";"Rigid";"BAU";"EUR/kWh";2050;"0.079";"Sensitivity | Current Policies | Vehicle insurance";"Diesel"
"OPEX";"Diesel";"DE";"Diesel Price";"Tractor-Trailer";"BAU";"EUR/kWh";2050;"0.079";"Sensitivity | Current Policies | Vehicle insurance";"Diesel"
"OPEX";"Diesel";"ES";"Diesel Price";"Rigid";"BAU";"EUR/kWh";2050;"0.079";"Sensitivity | Current Policies | Vehicle insurance";"Diesel"
"OPEX";"Diesel";"ES";"Diesel Price";"Tractor-Trailer";"BAU";"EUR/kWh";2050;"0.079";"Sensitivity | Current Policies | Vehicle insurance";"Diesel"
"OPEX";"Diesel";"IT";"Diesel Price";"Rigid";"BAU";"EUR/kWh";2050;"0.079";"Sensitivity | Current Policies | Vehicle insurance";"Diesel"
"OPEX";"Diesel";"IT";"Diesel Price";"Tractor-Trailer";"BAU";"EUR/kWh";2050;"0.079";"Sensitivity | Current Policies | Vehicle insurance";"Diesel"
"OPEX";"Diesel";"NL";"Diesel Price";"Rigid";"BAU";"EUR/kWh";2050;"0.079";"Sensitivity | Current Policies | Vehicle insurance";"Diesel"
"OPEX";"Diesel";"NL";"Diesel Price";"Tractor-Trailer";"BAU";"EUR/kWh";2050;"0.079";"Sensitivity | Current Policies | Vehicle insurance";"Diesel"
"OPEX";"Diesel";"PL";"Diesel Price";"Rigid";"BAU";"EUR/kWh";2050;"0.079";"Sensitivity | Current Policies | Vehicle insurance";"Diesel"
"OPEX";"Diesel";"PL";"Diesel Price";"Tractor-Trailer";"BAU";"EUR/kWh";2050;"0.079";"Sensitivity | Current Policies | Vehicle insurance";"Diesel"
"OPEX";"Diesel";"UK";"Diesel Price";"Rigid";"BAU";"EUR/kWh";2050;"0.079";"Sensitivity | Current Policies | Vehicle insurance";"Diesel"
"OPEX";"Diesel";"UK";"Diesel Price";"Tractor-Trailer";"BAU";"EUR/kWh";2050;"0.079";"Sensitivity | Current Policies | Vehicle insurance";"Diesel"
"OPEX";"Diesel";"FR";"Biodiesel Price";"Rigid";"BAU";"EUR/kWh";2030;"0.141";"Sensitivity | Current Policies | Vehicle insurance";"Diesel"
"OPEX";"Diesel";"FR";"Biodiesel Price";"Tractor-Trailer";"BAU";"EUR/kWh";2030;"0.141";"Sensitivity | Current Policies | Vehicle insurance";"Diesel"
"OPEX";"Diesel";"DE";"Biodiesel Price";"Rigid";"BAU";"EUR/kWh";2030;"0.141";"Sensitivity | Current Policies | Vehicle insurance";"Diesel"
"OPEX";"Diesel";"DE";"Biodiesel Price";"Tractor-Trailer";"BAU";"EUR/kWh";2030;"0.141";"Sensitivity | Current Policies | Vehicle insurance";"Diesel"
"OPEX";"Diesel";"ES";"Biodiesel Price";"Rigid";"BAU";"EUR/kWh";2030;"0.141";"Sensitivity | Current Policies | Vehicle insurance";"Diesel"
"OPEX";"Diesel";"ES";"Biodiesel Price";"Tractor-Trailer";"BAU";"EUR/kWh";2030;"0.141";"Sensitivity | Current Policies | Vehicle insurance";"Diesel"
"OPEX";"Diesel";"IT";"Biodiesel Price";"Rigid";"BAU";"EUR/kWh";2030;"0.141";"Sensitivity | Current Policies | Vehicle insurance";"Diesel"
"OPEX";"Diesel";"IT";"Biodiesel Price";"Tractor-Trailer";"BAU";"EUR/kWh";2030;"0.141";"Sensitivity | Current Policies | Vehicle insurance";"Diesel"
"OPEX";"Diesel";"NL";"Biodiesel Price";"Rigid";"BAU";"EUR/kWh";2030;"0.141";"Sensitivity | Current Policies | Vehicle insurance";"Diesel"
"OPEX";"Diesel";"NL";"Biodiesel Price";"Tractor-Trailer";"BAU";"EUR/kWh";2030;"0.141";"Sensitivity | Current Policies | Vehicle insurance";"Diesel"
"OPEX";"Diesel";"PL";"Biodiesel Price";"Rigid";"BAU";"EUR/kWh";2030;"0.141";"Sensitivity | Current Policies | Vehicle insurance";"Diesel"
"OPEX";"Diesel";"PL";"Biodiesel Price";"Tractor-Trailer";"BAU";"EUR/kWh";2030;"0.141";"Sensitivity | Current Policies | Vehicle insurance";"Diesel"
"OPEX";"Diesel";"UK";"Biodiesel Price";"Rigid";"BAU";"EUR/kWh";2030;"0.141";"Sensitivity | Current Policies | Vehicle insurance";"Diesel"
"OPEX";"Diesel";"UK";"Biodiesel Price";"Tractor-Trailer";"BAU";"EUR/kWh";2030;"0.141";"Sensitivity | Current Policies | Vehicle insurance";"Diesel"
"OPEX";"Diesel";"DE";"Pt-Diesel Price";"Rigid";"BAU";"EUR/kWh";2030;"0.26";"Sensitivity | Current Policies | Vehicle insurance";"Diesel"
"OPEX";"Diesel";"DE";"Pt-Diesel Price";"Tractor-Trailer";"BAU";"EUR/kWh";2030;"0.26";"Sensitivity | Current Policies | Vehicle insurance";"Diesel"
"OPEX";"Diesel";"ES";"Pt-Diesel Price";"Rigid";"BAU";"EUR/kWh";2030;"0.26";"Sensitivity | Current Policies | Vehicle insurance";"Diesel"
"OPEX";"Diesel";"ES";"Pt-Diesel Price";"Tractor-Trailer";"BAU";"EUR/kWh";2030;"0.26";"Sensitivity | Current Policies | Vehicle insurance";"Diesel"
"OPEX";"Diesel";"FR";"Pt-Diesel Price";"Rigid";"BAU";"EUR/kWh";2030;"0.26";"Sensitivity | Current Policies | Vehicle insurance";"Diesel"
"OPEX";"Diesel";"FR";"Pt-Diesel Price";"Tractor-Trailer";"BAU";"EUR/kWh";2030;"0.26";"Sensitivity | Current Policies | Vehicle insurance";"Diesel"
"OPEX";"Diesel";"IT";"Pt-Diesel Price";"Rigid";"BAU";"EUR/kWh";2030;"0.26";"Sensitivity | Current Policies | Vehicle insurance";"Diesel"
"OPEX";"Diesel";"IT";"Pt-Diesel Price";"Tractor-Trailer";"BAU";"EUR/kWh";2030;"0.26";"Sensitivity | Current Policies | Vehicle insurance";"Diesel"
"OPEX";"Diesel";"NL";"Pt-Diesel Price";"Rigid";"BAU";"EUR/kWh";2030;"0.26";"Sensitivity | Current Policies | Vehicle insurance";"Diesel"
"OPEX";"Diesel";"NL";"Pt-Diesel Price";"Tractor-Trailer";"BAU";"EUR/kWh";2030;"0.26";"Sensitivity | Current Policies | Vehicle insurance";"Diesel"
"OPEX";"Diesel";"PL";"Pt-Diesel Price";"Rigid";"BAU";"EUR/kWh";2030;"0.26";"Sensitivity | Current Policies | Vehicle insurance";"Diesel"
"OPEX";"Diesel";"PL";"Pt-Diesel Price";"Tractor-Trailer";"BAU";"EUR/kWh";2030;"0.26";"Sensitivity | Current Policies | Vehicle insurance";"Diesel"
"OPEX";"Diesel";"UK";"Pt-Diesel Price";"Rigid";"BAU";"EUR/kWh";2030;"0.26";"Sensitivity | Current Policies | Vehicle insurance";"Diesel"
"OPEX";"Diesel";"UK";"Pt-Diesel Price";"Tractor-Trailer";"BAU";"EUR/kWh";2030;"0.26";"Sensitivity | Current Policies | Vehicle insurance";"Diesel"
"OPEX";"Electricity";"DE";"Electricity Price";"Rigid";"BAU";"EUR/kWh";2030;"0.086";"Sensitivity | Current Policies | Vehicle insurance";"Electricity"
"OPEX";"Electricity";"DE";"Electricity Price";"Tractor-Trailer";"BAU";"EUR/kWh";2030;"0.086";"Sensitivity | Current Policies | Vehicle insurance";"Electricity"
"OPEX";"Electricity";"ES";"Electricity Price";"Rigid";"BAU";"EUR/kWh";2030;"0.086";"Sensitivity | Current Policies | Vehicle insurance";"Electricity"
"OPEX";"Electricity";"ES";"Electricity Price";"Tractor-Trailer";"BAU";"EUR/kWh";2030;"0.086";"Sensitivity | Current Policies | Vehicle insurance";"Electricity"
"OPEX";"Electricity";"FR";"Electricity Price";"Rigid";"BAU";"EUR/kWh";2030;"0.086";"Sensitivity | Current Policies | Vehicle insurance";"Electricity"
"OPEX";"Electricity";"FR";"Electricity Price";"Tractor-Trailer";"BAU";"EUR/kWh";2030;"0.086";"Sensitivity | Current Policies | Vehicle insurance";"Electricity"
"OPEX";"Electricity";"IT";"Electricity Price";"Rigid";"BAU";"EUR/kWh";2030;"0.086";"Sensitivity | Current Policies | Vehicle insurance";"Electricity"
"OPEX";"Electricity";"IT";"Electricity Price";"Tractor-Trailer";"BAU";"EUR/kWh";2030;"0.086";"Sensitivity | Current Policies | Vehicle insurance";"Electricity"
"OPEX";"Electricity";"NL";"Electricity Price";"Rigid";"BAU";"EUR/kWh";2030;"0.086";"Sensitivity | Current Policies | Vehicle insurance";"Electricity"
"OPEX";"Electricity";"NL";"Electricity Price";"Tractor-Trailer";"BAU";"EUR/kWh";2030;"0.086";"Sensitivity | Current Policies | Vehicle insurance";"Electricity"
"OPEX";"Electricity";"PL";"Electricity Price";"Rigid";"BAU";"EUR/kWh";2030;"0.086";"Sensitivity | Current Policies | Vehicle insurance";"Electricity"
"OPEX";"Electricity";"PL";"Electricity Price";"Tractor-Trailer";"BAU";"EUR/kWh";2030;"0.086";"Sensitivity | Current Policies | Vehicle insurance";"Electricity"
"OPEX";"Electricity";"UK";"Electricity Price";"Rigid";"BAU";"EUR/kWh";2030;"0.086";"Sensitivity | Current Policies | Vehicle insurance";"Electricity"
"OPEX";"Electricity";"UK";"Electricity Price";"Tractor-Trailer";"BAU";"EUR/kWh";2030;"0.086";"Sensitivity | Current Policies | Vehicle insurance";"Electricity"
"OPEX";"Hydrogen";"DE";"Hydrogen Price";"Rigid";"BAU";"EUR/kWh";2030;"0.168";"Sensitivity | Current Policies | Vehicle insurance";"Hydrogen"
"OPEX";"Hydrogen";"DE";"Hydrogen Price";"Tractor-Trailer";"BAU";"EUR/kWh";2030;"0.168";"Sensitivity | Current Policies | Vehicle insurance";"Hydrogen"
"OPEX";"Hydrogen";"ES";"Hydrogen Price";"Rigid";"BAU";"EUR/kWh";2030;"0.168";"Sensitivity | Current Policies | Vehicle insurance";"Hydrogen"
"OPEX";"Hydrogen";"ES";"Hydrogen Price";"Tractor-Trailer";"BAU";"EUR/kWh";2030;"0.168";"Sensitivity | Current Policies | Vehicle insurance";"Hydrogen"
"OPEX";"Hydrogen";"FR";"Hydrogen Price";"Rigid";"BAU";"EUR/kWh";2030;"0.168";"Sensitivity | Current Policies | Vehicle insurance";"Hydrogen"
"OPEX";"Hydrogen";"FR";"Hydrogen Price";"Tractor-Trailer";"BAU";"EUR/kWh";2030;"0.168";"Sensitivity | Current Policies | Vehicle insurance";"Hydrogen"
"OPEX";"Hydrogen";"IT";"Hydrogen Price";"Rigid";"BAU";"EUR/kWh";2030;"0.168";"Sensitivity | Current Policies | Vehicle insurance";"Hydrogen"
"OPEX";"Hydrogen";"IT";"Hydrogen Price";"Tractor-Trailer";"BAU";"EUR/kWh";2030;"0.168";"Sensitivity | Current Policies | Vehicle insurance";"Hydrogen"
"OPEX";"Hydrogen";"NL";"Hydrogen Price";"Rigid";"BAU";"EUR/kWh";2030;"0.168";"Sensitivity | Current Policies | Vehicle insurance";"Hydrogen"
"OPEX";"Hydrogen";"NL";"Hydrogen Price";"Tractor-Trailer";"BAU";"EUR/kWh";2030;"0.168";"Sensitivity | Current Policies | Vehicle insurance";"Hydrogen"
"OPEX";"Hydrogen";"PL";"Hydrogen Price";"Rigid";"BAU";"EUR/kWh";2030;"0.168";"Sensitivity | Current Policies | Vehicle insurance";"Hydrogen"
"OPEX";"Hydrogen";"PL";"Hydrogen Price";"Tractor-Trailer";"BAU";"EUR/kWh";2030;"0.168";"Sensitivity | Current Policies | Vehicle insurance";"Hydrogen"
"OPEX";"Hydrogen";"UK";"Hydrogen Price";"Rigid";"BAU";"EUR/kWh";2030;"0.168";"Sensitivity | Current Policies | Vehicle insurance";"Hydrogen"
"OPEX";"Hydrogen";"UK";"Hydrogen Price";"Tractor-Trailer";"BAU";"EUR/kWh";2030;"0.168";"Sensitivity | Current Policies | Vehicle insurance";"Hydrogen"
"OPEX";"Diesel";"FR";"Biodiesel Price";"Rigid";"BAU";"EUR/kWh";2035;"0.159";"Sensitivity | Current Policies | Vehicle insurance";"Diesel"
"OPEX";"Diesel";"FR";"Biodiesel Price";"Tractor-Trailer";"BAU";"EUR/kWh";2035;"0.159";"Sensitivity | Current Policies | Vehicle insurance";"Diesel"
"OPEX";"Diesel";"DE";"Biodiesel Price";"Rigid";"BAU";"EUR/kWh";2035;"0.159";"Sensitivity | Current Policies | Vehicle insurance";"Diesel"
"OPEX";"Diesel";"DE";"Biodiesel Price";"Tractor-Trailer";"BAU";"EUR/kWh";2035;"0.159";"Sensitivity | Current Policies | Vehicle insurance";"Diesel"
"OPEX";"Diesel";"ES";"Biodiesel Price";"Rigid";"BAU";"EUR/kWh";2035;"0.159";"Sensitivity | Current Policies | Vehicle insurance";"Diesel"
"OPEX";"Diesel";"ES";"Biodiesel Price";"Tractor-Trailer";"BAU";"EUR/kWh";2035;"0.159";"Sensitivity | Current Policies | Vehicle insurance";"Diesel"
"OPEX";"Diesel";"IT";"Biodiesel Price";"Rigid";"BAU";"EUR/kWh";2035;"0.159";"Sensitivity | Current Policies | Vehicle insurance";"Diesel"
"OPEX";"Diesel";"IT";"Biodiesel Price";"Tractor-Trailer";"BAU";"EUR/kWh";2035;"0.159";"Sensitivity | Current Policies | Vehicle insurance";"Diesel"
"OPEX";"Diesel";"NL";"Biodiesel Price";"Rigid";"BAU";"EUR/kWh";2035;"0.159";"Sensitivity | Current Policies | Vehicle insurance";"Diesel"
"OPEX";"Diesel";"NL";"Biodiesel Price";"Tractor-Trailer";"BAU";"EUR/kWh";2035;"0.159";"Sensitivity | Current Policies | Vehicle insurance";"Diesel"
"OPEX";"Diesel";"PL";"Biodiesel Price";"Rigid";"BAU";"EUR/kWh";2035;"0.159";"Sensitivity | Current Policies | Vehicle insurance";"Diesel"
"OPEX";"Diesel";"PL";"Biodiesel Price";"Tractor-Trailer";"BAU";"EUR/kWh";2035;"0.159";"Sensitivity | Current Policies | Vehicle insurance";"Diesel"
"OPEX";"Diesel";"UK";"Biodiesel Price";"Rigid";"BAU";"EUR/kWh";2035;"0.159";"Sensitivity | Current Policies | Vehicle insurance";"Diesel"
"OPEX";"Diesel";"UK";"Biodiesel Price";"Tractor-Trailer";"BAU";"EUR/kWh";2035;"0.159";"Sensitivity | Current Policies | Vehicle insurance";"Diesel"
"OPEX";"Diesel";"DE";"Pt-Diesel Price";"Rigid";"BAU";"EUR/kWh";2035;"0.239";"Sensitivity | Current Policies | Vehicle insurance";"Diesel"
"OPEX";"Diesel";"DE";"Pt-Diesel Price";"Tractor-Trailer";"BAU";"EUR/kWh";2035;"0.239";"Sensitivity | Current Policies | Vehicle insurance";"Diesel"
"OPEX";"Diesel";"ES";"Pt-Diesel Price";"Rigid";"BAU";"EUR/kWh";2035;"0.239";"Sensitivity | Current Policies | Vehicle insurance";"Diesel"
"OPEX";"Diesel";"ES";"Pt-Diesel Price";"Tractor-Trailer";"BAU";"EUR/kWh";2035;"0.239";"Sensitivity | Current Policies | Vehicle insurance";"Diesel"
"OPEX";"Diesel";"FR";"Pt-Diesel Price";"Rigid";"BAU";"EUR/kWh";2035;"0.239";"Sensitivity | Current Policies | Vehicle insurance";"Diesel"
"OPEX";"Diesel";"FR";"Pt-Diesel Price";"Tractor-Trailer";"BAU";"EUR/kWh";2035;"0.239";"Sensitivity | Current Policies | Vehicle insurance";"Diesel"
"OPEX";"Diesel";"IT";"Pt-Diesel Price";"Rigid";"BAU";"EUR/kWh";2035;"0.239";"Sensitivity | Current Policies | Vehicle insurance";"Diesel"
"OPEX";"Diesel";"IT";"Pt-Diesel Price";"Tractor-Trailer";"BAU";"EUR/kWh";2035;"0.239";"Sensitivity | Current Policies | Vehicle insurance";"Diesel"
"OPEX";"Diesel";"NL";"Pt-Diesel Price";"Rigid";"BAU";"EUR/kWh";2035;"0.239";"Sensitivity | Current Policies | Vehicle insurance";"Diesel"
"OPEX";"Diesel";"NL";"Pt-Diesel Price";"Tractor-Trailer";"BAU";"EUR/kWh";2035;"0.239";"Sensitivity | Current Policies | Vehicle insurance";"Diesel"
"OPEX";"Diesel";"PL";"Pt-Diesel Price";"Rigid";"BAU";"EUR/kWh";2035;"0.239";"Sensitivity | Current Policies | Vehicle insurance";"Diesel"
"OPEX";"Diesel";"PL";"Pt-Diesel Price";"Tractor-Trailer";"BAU";"EUR/kWh";2035;"0.239";"Sensitivity | Current Policies | Vehicle insurance";"Diesel"
"OPEX";"Diesel";"UK";"Pt-Diesel Price";"Rigid";"BAU";"EUR/kWh";2035;"0.239";"Sensitivity | Current Policies | Vehicle insurance";"Diesel"
"OPEX";"Diesel";"UK";"Pt-Diesel Price";"Tractor-Trailer";"BAU";"EUR/kWh";2035;"0.239";"Sensitivity | Current Policies | Vehicle insurance";"Diesel"
"OPEX";"Electricity";"DE";"Electricity Price";"Rigid";"BAU";"EUR/kWh";2035;"0.076";"Sensitivity | Current Policies | Vehicle insurance";"Electricity"
"OPEX";"Electricity";"DE";"Electricity Price";"Tractor-Trailer";"BAU";"EUR/kWh";2035;"0.076";"Sensitivity | Current Policies | Vehicle insurance";"Electricity"
"OPEX";"Electricity";"ES";"Electricity Price";"Rigid";"BAU";"EUR/kWh";2035;"0.076";"Sensitivity | Current Policies | Vehicle insurance";"Electricity"
"OPEX";"Electricity";"ES";"Electricity Price";"Tractor-Trailer";"BAU";"EUR/kWh";2035;"0.076";"Sensitivity | Current Policies | Vehicle insurance";"Electricity"
"OPEX";"Electricity";"FR";"Electricity Price";"Rigid";"BAU";"EUR/kWh";2035;"0.076";"Sensitivity | Current Policies | Vehicle insurance";"Electricity"
"OPEX";"Electricity";"FR";"Electricity Price";"Tractor-Trailer";"BAU";"EUR/kWh";2035;"0.076";"Sensitivity | Current Policies | Vehicle insurance";"Electricity"
"OPEX";"Electricity";"IT";"Electricity Price";"Rigid";"BAU";"EUR/kWh";2035;"0.076";"Sensitivity | Current Policies | Vehicle insurance";"Electricity"
"OPEX";"Electricity";"IT";"Electricity Price";"Tractor-Trailer";"BAU";"EUR/kWh";2035;"0.076";"Sensitivity | Current Policies | Vehicle insurance";"Electricity"
"OPEX";"Electricity";"NL";"Electricity Price";"Rigid";"BAU";"EUR/kWh";2035;"0.076";"Sensitivity | Current Policies | Vehicle insurance";"Electricity"
"OPEX";"Electricity";"NL";"Electricity Price";"Tractor-Trailer";"BAU";"EUR/kWh";2035;"0.076";"Sensitivity | Current Policies | Vehicle insurance";"Electricity"
"OPEX";"Electricity";"PL";"Electricity Price";"Rigid";"BAU";"EUR/kWh";2035;"0.076";"Sensitivity | Current Policies | Vehicle insurance";"Electricity"
"OPEX";"Electricity";"PL";"Electricity Price";"Tractor-Trailer";"BAU";"EUR/kWh";2035;"0.076";"Sensitivity | Current Policies | Vehicle insurance";"Electricity"
"OPEX";"Electricity";"UK";"Electricity Price";"Rigid";"BAU";"EUR/kWh";2035;"0.076";"Sensitivity | Current Policies | Vehicle insurance";"Electricity"
"OPEX";"Electricity";"UK";"Electricity Price";"Tractor-Trailer";"BAU";"EUR/kWh";2035;"0.076";"Sensitivity | Current Policies | Vehicle insurance";"Electricity"
"OPEX";"Hydrogen";"DE";"Hydrogen Price";"Rigid";"BAU";"EUR/kWh";2035;"0.151";"Sensitivity | Current Policies | Vehicle insurance";"Hydrogen"
"OPEX";"Hydrogen";"DE";"Hydrogen Price";"Tractor-Trailer";"BAU";"EUR/kWh";2035;"0.151";"Sensitivity | Current Policies | Vehicle insurance";"Hydrogen"
"OPEX";"Hydrogen";"ES";"Hydrogen Price";"Rigid";"BAU";"EUR/kWh";2035;"0.151";"Sensitivity | Current Policies | Vehicle insurance";"Hydrogen"
"OPEX";"Hydrogen";"ES";"Hydrogen Price";"Tractor-Trailer";"BAU";"EUR/kWh";2035;"0.151";"Sensitivity | Current Policies | Vehicle insurance";"Hydrogen"
"OPEX";"Hydrogen";"FR";"Hydrogen Price";"Rigid";"BAU";"EUR/kWh";2035;"0.151";"Sensitivity | Current Policies | Vehicle insurance";"Hydrogen"
"OPEX";"Hydrogen";"FR";"Hydrogen Price";"Tractor-Trailer";"BAU";"EUR/kWh";2035;"0.151";"Sensitivity | Current Policies | Vehicle insurance";"Hydrogen"
"OPEX";"Hydrogen";"IT";"Hydrogen Price";"Rigid";"BAU";"EUR/kWh";2035;"0.151";"Sensitivity | Current Policies | Vehicle insurance";"Hydrogen"
"OPEX";"Hydrogen";"IT";"Hydrogen Price";"Tractor-Trailer";"BAU";"EUR/kWh";2035;"0.151";"Sensitivity | Current Policies | Vehicle insurance";"Hydrogen"
"OPEX";"Hydrogen";"NL";"Hydrogen Price";"Rigid";"BAU";"EUR/kWh";2035;"0.151";"Sensitivity | Current Policies | Vehicle insurance";"Hydrogen"
"OPEX";"Hydrogen";"NL";"Hydrogen Price";"Tractor-Trailer";"BAU";"EUR/kWh";2035;"0.151";"Sensitivity | Current Policies | Vehicle insurance";"Hydrogen"
"OPEX";"Hydrogen";"PL";"Hydrogen Price";"Rigid";"BAU";"EUR/kWh";2035;"0.151";"Sensitivity | Current Policies | Vehicle insurance";"Hydrogen"
"OPEX";"Hydrogen";"PL";"Hydrogen Price";"Tractor-Trailer";"BAU";"EUR/kWh";2035;"0.151";"Sensitivity | Current Policies | Vehicle insurance";"Hydrogen"
"OPEX";"Hydrogen";"UK";"Hydrogen Price";"Rigid";"BAU";"EUR/kWh";2035;"0.151";"Sensitivity | Current Policies | Vehicle insurance";"Hydrogen"
"OPEX";"Hydrogen";"UK";"Hydrogen Price";"Tractor-Trailer";"BAU";"EUR/kWh";2035;"0.151";"Sensitivity | Current Policies | Vehicle insurance";"Hydrogen"
"OPEX";"Diesel";"FR";"Biodiesel Price";"Rigid";"BAU";"EUR/kWh";2040;"0.172";"Sensitivity | Current Policies | Vehicle insurance";"Diesel"
"OPEX";"Diesel";"FR";"Biodiesel Price";"Tractor-Trailer";"BAU";"EUR/kWh";2040;"0.172";"Sensitivity | Current Policies | Vehicle insurance";"Diesel"
"OPEX";"Diesel";"DE";"Biodiesel Price";"Rigid";"BAU";"EUR/kWh";2040;"0.172";"Sensitivity | Current Policies | Vehicle insurance";"Diesel"
"OPEX";"Diesel";"DE";"Biodiesel Price";"Tractor-Trailer";"BAU";"EUR/kWh";2040;"0.172";"Sensitivity | Current Policies | Vehicle insurance";"Diesel"
"OPEX";"Diesel";"ES";"Biodiesel Price";"Rigid";"BAU";"EUR/kWh";2040;"0.172";"Sensitivity | Current Policies | Vehicle insurance";"Diesel"
"OPEX";"Diesel";"ES";"Biodiesel Price";"Tractor-Trailer";"BAU";"EUR/kWh";2040;"0.172";"Sensitivity | Current Policies | Vehicle insurance";"Diesel"
"OPEX";"Diesel";"IT";"Biodiesel Price";"Rigid";"BAU";"EUR/kWh";2040;"0.172";"Sensitivity | Current Policies | Vehicle insurance";"Diesel"
"OPEX";"Diesel";"IT";"Biodiesel Price";"Tractor-Trailer";"BAU";"EUR/kWh";2040;"0.172";"Sensitivity | Current Policies | Vehicle insurance";"Diesel"
"OPEX";"Diesel";"NL";"Biodiesel Price";"Rigid";"BAU";"EUR/kWh";2040;"0.172";"Sensitivity | Current Policies | Vehicle insurance";"Diesel"
"OPEX";"Diesel";"NL";"Biodiesel Price";"Tractor-Trailer";"BAU";"EUR/kWh";2040;"0.172";"Sensitivity | Current Policies | Vehicle insurance";"Diesel"
"OPEX";"Diesel";"PL";"Biodiesel Price";"Rigid";"BAU";"EUR/kWh";2040;"0.172";"Sensitivity | Current Policies | Vehicle insurance";"Diesel"
"OPEX";"Diesel";"PL";"Biodiesel Price";"Tractor-Trailer";"BAU";"EUR/kWh";2040;"0.172";"Sensitivity | Current Policies | Vehicle insurance";"Diesel"
"OPEX";"Diesel";"UK";"Biodiesel Price";"Rigid";"BAU";"EUR/kWh";2040;"0.172";"Sensitivity | Current Policies | Vehicle insurance";"Diesel"
"OPEX";"Diesel";"UK";"Biodiesel Price";"Tractor-Trailer";"BAU";"EUR/kWh";2040;"0.172";"Sensitivity | Current Policies | Vehicle insurance";"Diesel"
"OPEX";"Diesel";"DE";"Pt-Diesel Price";"Rigid";"BAU";"EUR/kWh";2040;"0.218";"Sensitivity | Current Policies | Vehicle insurance";"Diesel"
"OPEX";"Diesel";"DE";"Pt-Diesel Price";"Tractor-Trailer";"BAU";"EUR/kWh";2040;"0.218";"Sensitivity | Current Policies | Vehicle insurance";"Diesel"
"OPEX";"Diesel";"ES";"Pt-Diesel Price";"Rigid";"BAU";"EUR/kWh";2040;"0.218";"Sensitivity | Current Policies | Vehicle insurance";"Diesel"
"OPEX";"Diesel";"ES";"Pt-Diesel Price";"Tractor-Trailer";"BAU";"EUR/kWh";2040;"0.218";"Sensitivity | Current Policies | Vehicle insurance";"Diesel"
"OPEX";"Diesel";"FR";"Pt-Diesel Price";"Rigid";"BAU";"EUR/kWh";2040;"0.218";"Sensitivity | Current Policies | Vehicle insurance";"Diesel"
"OPEX";"Diesel";"FR";"Pt-Diesel Price";"Tractor-Trailer";"BAU";"EUR/kWh";2040;"0.218";"Sensitivity | Current Policies | Vehicle insurance";"Diesel"
"OPEX";"Diesel";"IT";"Pt-Diesel Price";"Rigid";"BAU";"EUR/kWh";2040;"0.218";"Sensitivity | Current Policies | Vehicle insurance";"Diesel"
"OPEX";"Diesel";"IT";"Pt-Diesel Price";"Tractor-Trailer";"BAU";"EUR/kWh";2040;"0.218";"Sensitivity | Current Policies | Vehicle insurance";"Diesel"
"OPEX";"Diesel";"NL";"Pt-Diesel Price";"Rigid";"BAU";"EUR/kWh";2040;"0.218";"Sensitivity | Current Policies | Vehicle insurance";"Diesel"
"OPEX";"Diesel";"NL";"Pt-Diesel Price";"Tractor-Trailer";"BAU";"EUR/kWh";2040;"0.218";"Sensitivity | Current Policies | Vehicle insurance";"Diesel"
"OPEX";"Diesel";"PL";"Pt-Diesel Price";"Rigid";"BAU";"EUR/kWh";2040;"0.218";"Sensitivity | Current Policies | Vehicle insurance";"Diesel"
"OPEX";"Diesel";"PL";"Pt-Diesel Price";"Tractor-Trailer";"BAU";"EUR/kWh";2040;"0.218";"Sensitivity | Current Policies | Vehicle insurance";"Diesel"
"OPEX";"Diesel";"UK";"Pt-Diesel Price";"Rigid";"BAU";"EUR/kWh";2040;"0.218";"Sensitivity | Current Policies | Vehicle insurance";"Diesel"
"OPEX";"Diesel";"UK";"Pt-Diesel Price";"Tractor-Trailer";"BAU";"EUR/kWh";2040;"0.218";"Sensitivity | Current Policies | Vehicle insurance";"Diesel"
"OPEX";"Electricity";"DE";"Electricity Price";"Rigid";"BAU";"EUR/kWh";2040;"0.071";"Sensitivity | Current Policies | Vehicle insurance";"Electricity"
"OPEX";"Electricity";"DE";"Electricity Price";"Tractor-Trailer";"BAU";"EUR/kWh";2040;"0.071";"Sensitivity | Current Policies | Vehicle insurance";"Electricity"
"OPEX";"Electricity";"ES";"Electricity Price";"Rigid";"BAU";"EUR/kWh";2040;"0.071";"Sensitivity | Current Policies | Vehicle insurance";"Electricity"
"OPEX";"Electricity";"ES";"Electricity Price";"Tractor-Trailer";"BAU";"EUR/kWh";2040;"0.071";"Sensitivity | Current Policies | Vehicle insurance";"Electricity"
"OPEX";"Electricity";"FR";"Electricity Price";"Rigid";"BAU";"EUR/kWh";2040;"0.071";"Sensitivity | Current Policies | Vehicle insurance";"Electricity"
"OPEX";"Electricity";"FR";"Electricity Price";"Tractor-Trailer";"BAU";"EUR/kWh";2040;"0.071";"Sensitivity | Current Policies | Vehicle insurance";"Electricity"
"OPEX";"Electricity";"IT";"Electricity Price";"Rigid";"BAU";"EUR/kWh";2040;"0.071";"Sensitivity | Current Policies | Vehicle insurance";"Electricity"
"OPEX";"Electricity";"IT";"Electricity Price";"Tractor-Trailer";"BAU";"EUR/kWh";2040;"0.071";"Sensitivity | Current Policies | Vehicle insurance";"Electricity"
"OPEX";"Electricity";"NL";"Electricity Price";"Rigid";"BAU";"EUR/kWh";2040;"0.071";"Sensitivity | Current Policies | Vehicle insurance";"Electricity"
"OPEX";"Electricity";"NL";"Electricity Price";"Tractor-Trailer";"BAU";"EUR/kWh";2040;"0.071";"Sensitivity | Current Policies | Vehicle insurance";"Electricity"
"OPEX";"Electricity";"PL";"Electricity Price";"Rigid";"BAU";"EUR/kWh";2040;"0.071";"Sensitivity | Current Policies | Vehicle insurance";"Electricity"
"OPEX";"Electricity";"PL";"Electricity Price";"Tractor-Trailer";"BAU";"EUR/kWh";2040;"0.071";"Sensitivity | Current Policies | Vehicle insurance";"Electricity"
"OPEX";"Electricity";"UK";"Electricity Price";"Rigid";"BAU";"EUR/kWh";2040;"0.071";"Sensitivity | Current Policies | Vehicle insurance";"Electricity"
"OPEX";"Electricity";"UK";"Electricity Price";"Tractor-Trailer";"BAU";"EUR/kWh";2040;"0.071";"Sensitivity | Current Policies | Vehicle insurance";"Electricity"
"OPEX";"Hydrogen";"DE";"Hydrogen Price";"Rigid";"BAU";"EUR/kWh";2040;"0.134";"Sensitivity | Current Policies | Vehicle insurance";"Hydrogen"
"OPEX";"Hydrogen";"DE";"Hydrogen Price";"Tractor-Trailer";"BAU";"EUR/kWh";2040;"0.134";"Sensitivity | Current Policies | Vehicle insurance";"Hydrogen"
"OPEX";"Hydrogen";"ES";"Hydrogen Price";"Rigid";"BAU";"EUR/kWh";2040;"0.134";"Sensitivity | Current Policies | Vehicle insurance";"Hydrogen"
"OPEX";"Hydrogen";"ES";"Hydrogen Price";"Tractor-Trailer";"BAU";"EUR/kWh";2040;"0.134";"Sensitivity | Current Policies | Vehicle insurance";"Hydrogen"
"OPEX";"Hydrogen";"FR";"Hydrogen Price";"Rigid";"BAU";"EUR/kWh";2040;"0.134";"Sensitivity | Current Policies | Vehicle insurance";"Hydrogen"
"OPEX";"Hydrogen";"FR";"Hydrogen Price";"Tractor-Trailer";"BAU";"EUR/kWh";2040;"0.134";"Sensitivity | Current Policies | Vehicle insurance";"Hydrogen"
"OPEX";"Hydrogen";"IT";"Hydrogen Price";"Rigid";"BAU";"EUR/kWh";2040;"0.134";"Sensitivity | Current Policies | Vehicle insurance";"Hydrogen"
"OPEX";"Hydrogen";"IT";"Hydrogen Price";"Tractor-Trailer";"BAU";"EUR/kWh";2040;"0.134";"Sensitivity | Current Policies | Vehicle insurance";"Hydrogen"
"OPEX";"Hydrogen";"NL";"Hydrogen Price";"Rigid";"BAU";"EUR/kWh";2040;"0.134";"Sensitivity | Current Policies | Vehicle insurance";"Hydrogen"
"OPEX";"Hydrogen";"NL";"Hydrogen Price";"Tractor-Trailer";"BAU";"EUR/kWh";2040;"0.134";"Sensitivity | Current Policies | Vehicle insurance";"Hydrogen"
"OPEX";"Hydrogen";"PL";"Hydrogen Price";"Rigid";"BAU";"EUR/kWh";2040;"0.134";"Sensitivity | Current Policies | Vehicle insurance";"Hydrogen"
"OPEX";"Hydrogen";"PL";"Hydrogen Price";"Tractor-Trailer";"BAU";"EUR/kWh";2040;"0.134";"Sensitivity | Current Policies | Vehicle insurance";"Hydrogen"
"OPEX";"Hydrogen";"UK";"Hydrogen Price";"Rigid";"BAU";"EUR/kWh";2040;"0.134";"Sensitivity | Current Policies | Vehicle insurance";"Hydrogen"
"OPEX";"Hydrogen";"UK";"Hydrogen Price";"Tractor-Trailer";"BAU";"EUR/kWh";2040;"0.134";"Sensitivity | Current Policies | Vehicle insurance";"Hydrogen"
"OPEX";"Diesel";"FR";"Biodiesel Price";"Rigid";"BAU";"EUR/kWh";2045;"0.17";"Sensitivity | Current Policies | Vehicle insurance";"Diesel"
"OPEX";"Diesel";"FR";"Biodiesel Price";"Tractor-Trailer";"BAU";"EUR/kWh";2045;"0.17";"Sensitivity | Current Policies | Vehicle insurance";"Diesel"
"OPEX";"Diesel";"DE";"Biodiesel Price";"Rigid";"BAU";"EUR/kWh";2045;"0.17";"Sensitivity | Current Policies | Vehicle insurance";"Diesel"
"OPEX";"Diesel";"DE";"Biodiesel Price";"Tractor-Trailer";"BAU";"EUR/kWh";2045;"0.17";"Sensitivity | Current Policies | Vehicle insurance";"Diesel"
"OPEX";"Diesel";"ES";"Biodiesel Price";"Rigid";"BAU";"EUR/kWh";2045;"0.17";"Sensitivity | Current Policies | Vehicle insurance";"Diesel"
"OPEX";"Diesel";"ES";"Biodiesel Price";"Tractor-Trailer";"BAU";"EUR/kWh";2045;"0.17";"Sensitivity | Current Policies | Vehicle insurance";"Diesel"
"OPEX";"Diesel";"IT";"Biodiesel Price";"Rigid";"BAU";"EUR/kWh";2045;"0.17";"Sensitivity | Current Policies | Vehicle insurance";"Diesel"
"OPEX";"Diesel";"IT";"Biodiesel Price";"Tractor-Trailer";"BAU";"EUR/kWh";2045;"0.17";"Sensitivity | Current Policies | Vehicle insurance";"Diesel"
"OPEX";"Diesel";"NL";"Biodiesel Price";"Rigid";"BAU";"EUR/kWh";2045;"0.17";"Sensitivity | Current Policies | Vehicle insurance";"Diesel"
"OPEX";"Diesel";"NL";"Biodiesel Price";"Tractor-Trailer";"BAU";"EUR/kWh";2045;"0.17";"Sensitivity | Current Policies | Vehicle insurance";"Diesel"
"OPEX";"Diesel";"PL";"Biodiesel Price";"Rigid";"BAU";"EUR/kWh";2045;"0.17";"Sensitivity | Current Policies | Vehicle insurance";"Diesel"
"OPEX";"Diesel";"PL";"Biodiesel Price";"Tractor-Trailer";"BAU";"EUR/kWh";2045;"0.17";"Sensitivity | Current Policies | Vehicle insurance";"Diesel"
"OPEX";"Diesel";"UK";"Biodiesel Price";"Rigid";"BAU";"EUR/kWh";2045;"0.17";"Sensitivity | Current Policies | Vehicle insurance";"Diesel"
"OPEX";"Diesel";"UK";"Biodiesel Price";"Tractor-Trailer";"BAU";"EUR/kWh";2045;"0.17";"Sensitivity | Current Policies | Vehicle insurance";"Diesel"
"OPEX";"Diesel";"DE";"Pt-Diesel Price";"Rigid";"BAU";"EUR/kWh";2045;"0.196";"Sensitivity | Current Policies | Vehicle insurance";"Diesel"
"OPEX";"Diesel";"DE";"Pt-Diesel Price";"Tractor-Trailer";"BAU";"EUR/kWh";2045;"0.196";"Sensitivity | Current Policies | Vehicle insurance";"Diesel"
"OPEX";"Diesel";"ES";"Pt-Diesel Price";"Rigid";"BAU";"EUR/kWh";2045;"0.196";"Sensitivity | Current Policies | Vehicle insurance";"Diesel"
"OPEX";"Diesel";"ES";"Pt-Diesel Price";"Tractor-Trailer";"BAU";"EUR/kWh";2045;"0.196";"Sensitivity | Current Policies | Vehicle insurance";"Diesel"
"OPEX";"Diesel";"FR";"Pt-Diesel Price";"Rigid";"BAU";"EUR/kWh";2045;"0.196";"Sensitivity | Current Policies | Vehicle insurance";"Diesel"
"OPEX";"Diesel";"FR";"Pt-Diesel Price";"Tractor-Trailer";"BAU";"EUR/kWh";2045;"0.196";"Sensitivity | Current Policies | Vehicle insurance";"Diesel"
"OPEX";"Diesel";"IT";"Pt-Diesel Price";"Rigid";"BAU";"EUR/kWh";2045;"0.196";"Sensitivity | Current Policies | Vehicle insurance";"Diesel"
"OPEX";"Diesel";"IT";"Pt-Diesel Price";"Tractor-Trailer";"BAU";"EUR/kWh";2045;"0.196";"Sensitivity | Current Policies | Vehicle insurance";"Diesel"
"OPEX";"Diesel";"NL";"Pt-Diesel Price";"Rigid";"BAU";"EUR/kWh";2045;"0.196";"Sensitivity | Current Policies | Vehicle insurance";"Diesel"
"OPEX";"Diesel";"NL";"Pt-Diesel Price";"Tractor-Trailer";"BAU";"EUR/kWh";2045;"0.196";"Sensitivity | Current Policies | Vehicle insurance";"Diesel"
"OPEX";"Diesel";"PL";"Pt-Diesel Price";"Rigid";"BAU";"EUR/kWh";2045;"0.196";"Sensitivity | Current Policies | Vehicle insurance";"Diesel"
"OPEX";"Diesel";"PL";"Pt-Diesel Price";"Tractor-Trailer";"BAU";"EUR/kWh";2045;"0.196";"Sensitivity | Current Policies | Vehicle insurance";"Diesel"
"OPEX";"Diesel";"UK";"Pt-Diesel Price";"Rigid";"BAU";"EUR/kWh";2045;"0.196";"Sensitivity | Current Policies | Vehicle insurance";"Diesel"
"OPEX";"Diesel";"UK";"Pt-Diesel Price";"Tractor-Trailer";"BAU";"EUR/kWh";2045;"0.196";"Sensitivity | Current Policies | Vehicle insurance";"Diesel"
"OPEX";"Electricity";"DE";"Electricity Price";"Rigid";"BAU";"EUR/kWh";2045;"0.07";"Sensitivity | Current Policies | Vehicle insurance";"Electricity"
"OPEX";"Electricity";"DE";"Electricity Price";"Tractor-Trailer";"BAU";"EUR/kWh";2045;"0.07";"Sensitivity | Current Policies | Vehicle insurance";"Electricity"
"OPEX";"Electricity";"ES";"Electricity Price";"Rigid";"BAU";"EUR/kWh";2045;"0.07";"Sensitivity | Current Policies | Vehicle insurance";"Electricity"
"OPEX";"Electricity";"ES";"Electricity Price";"Tractor-Trailer";"BAU";"EUR/kWh";2045;"0.07";"Sensitivity | Current Policies | Vehicle insurance";"Electricity"
"OPEX";"Electricity";"FR";"Electricity Price";"Rigid";"BAU";"EUR/kWh";2045;"0.07";"Sensitivity | Current Policies | Vehicle insurance";"Electricity"
"OPEX";"Electricity";"FR";"Electricity Price";"Tractor-Trailer";"BAU";"EUR/kWh";2045;"0.07";"Sensitivity | Current Policies | Vehicle insurance";"Electricity"
"OPEX";"Electricity";"IT";"Electricity Price";"Rigid";"BAU";"EUR/kWh";2045;"0.07";"Sensitivity | Current Policies | Vehicle insurance";"Electricity"
"OPEX";"Electricity";"IT";"Electricity Price";"Tractor-Trailer";"BAU";"EUR/kWh";2045;"0.07";"Sensitivity | Current Policies | Vehicle insurance";"Electricity"
"OPEX";"Electricity";"NL";"Electricity Price";"Rigid";"BAU";"EUR/kWh";2045;"0.07";"Sensitivity | Current Policies | Vehicle insurance";"Electricity"
"OPEX";"Electricity";"NL";"Electricity Price";"Tractor-Trailer";"BAU";"EUR/kWh";2045;"0.07";"Sensitivity | Current Policies | Vehicle insurance";"Electricity"
"OPEX";"Electricity";"PL";"Electricity Price";"Rigid";"BAU";"EUR/kWh";2045;"0.07";"Sensitivity | Current Policies | Vehicle insurance";"Electricity"
"OPEX";"Electricity";"PL";"Electricity Price";"Tractor-Trailer";"BAU";"EUR/kWh";2045;"0.07";"Sensitivity | Current Policies | Vehicle insurance";"Electricity"
"OPEX";"Electricity";"UK";"Electricity Price";"Rigid";"BAU";"EUR/kWh";2045;"0.07";"Sensitivity | Current Policies | Vehicle insurance";"Electricity"
"OPEX";"Electricity";"UK";"Electricity Price";"Tractor-Trailer";"BAU";"EUR/kWh";2045;"0.07";"Sensitivity | Current Policies | Vehicle insurance";"Electricity"
"OPEX";"Hydrogen";"DE";"Hydrogen Price";"Rigid";"BAU";"EUR/kWh";2045;"0.118";"Sensitivity | Current Policies | Vehicle insurance";"Hydrogen"
"OPEX";"Hydrogen";"DE";"Hydrogen Price";"Tractor-Trailer";"BAU";"EUR/kWh";2045;"0.118";"Sensitivity | Current Policies | Vehicle insurance";"Hydrogen"
"OPEX";"Hydrogen";"ES";"Hydrogen Price";"Rigid";"BAU";"EUR/kWh";2045;"0.118";"Sensitivity | Current Policies | Vehicle insurance";"Hydrogen"
"OPEX";"Hydrogen";"ES";"Hydrogen Price";"Tractor-Trailer";"BAU";"EUR/kWh";2045;"0.118";"Sensitivity | Current Policies | Vehicle insurance";"Hydrogen"
"OPEX";"Hydrogen";"FR";"Hydrogen Price";"Rigid";"BAU";"EUR/kWh";2045;"0.118";"Sensitivity | Current Policies | Vehicle insurance";"Hydrogen"
"OPEX";"Hydrogen";"FR";"Hydrogen Price";"Tractor-Trailer";"BAU";"EUR/kWh";2045;"0.118";"Sensitivity | Current Policies | Vehicle insurance";"Hydrogen"
"OPEX";"Hydrogen";"IT";"Hydrogen Price";"Rigid";"BAU";"EUR/kWh";2045;"0.118";"Sensitivity | Current Policies | Vehicle insurance";"Hydrogen"
"OPEX";"Hydrogen";"IT";"Hydrogen Price";"Tractor-Trailer";"BAU";"EUR/kWh";2045;"0.118";"Sensitivity | Current Policies | Vehicle insurance";"Hydrogen"
"OPEX";"Hydrogen";"NL";"Hydrogen Price";"Rigid";"BAU";"EUR/kWh";2045;"0.118";"Sensitivity | Current Policies | Vehicle insurance";"Hydrogen"
"OPEX";"Hydrogen";"NL";"Hydrogen Price";"Tractor-Trailer";"BAU";"EUR/kWh";2045;"0.118";"Sensitivity | Current Policies | Vehicle insurance";"Hydrogen"
"OPEX";"Hydrogen";"PL";"Hydrogen Price";"Rigid";"BAU";"EUR/kWh";2045;"0.118";"Sensitivity | Current Policies | Vehicle insurance";"Hydrogen"
"OPEX";"Hydrogen";"PL";"Hydrogen Price";"Tractor-Trailer";"BAU";"EUR/kWh";2045;"0.118";"Sensitivity | Current Policies | Vehicle insurance";"Hydrogen"
"OPEX";"Hydrogen";"UK";"Hydrogen Price";"Rigid";"BAU";"EUR/kWh";2045;"0.118";"Sensitivity | Current Policies | Vehicle insurance";"Hydrogen"
"OPEX";"Hydrogen";"UK";"Hydrogen Price";"Tractor-Trailer";"BAU";"EUR/kWh";2045;"0.118";"Sensitivity | Current Policies | Vehicle insurance";"Hydrogen"
"OPEX";"Diesel";"FR";"Biodiesel Price";"Rigid";"BAU";"EUR/kWh";2050;"0.152";"Sensitivity | Current Policies | Vehicle insurance";"Diesel"
"OPEX";"Diesel";"FR";"Biodiesel Price";"Tractor-Trailer";"BAU";"EUR/kWh";2050;"0.152";"Sensitivity | Current Policies | Vehicle insurance";"Diesel"
"OPEX";"Diesel";"DE";"Biodiesel Price";"Rigid";"BAU";"EUR/kWh";2050;"0.152";"Sensitivity | Current Policies | Vehicle insurance";"Diesel"
"OPEX";"Diesel";"DE";"Biodiesel Price";"Tractor-Trailer";"BAU";"EUR/kWh";2050;"0.152";"Sensitivity | Current Policies | Vehicle insurance";"Diesel"
"OPEX";"Diesel";"ES";"Biodiesel Price";"Rigid";"BAU";"EUR/kWh";2050;"0.152";"Sensitivity | Current Policies | Vehicle insurance";"Diesel"
"OPEX";"Diesel";"ES";"Biodiesel Price";"Tractor-Trailer";"BAU";"EUR/kWh";2050;"0.152";"Sensitivity | Current Policies | Vehicle insurance";"Diesel"
"OPEX";"Diesel";"IT";"Biodiesel Price";"Rigid";"BAU";"EUR/kWh";2050;"0.152";"Sensitivity | Current Policies | Vehicle insurance";"Diesel"
"OPEX";"Diesel";"IT";"Biodiesel Price";"Tractor-Trailer";"BAU";"EUR/kWh";2050;"0.152";"Sensitivity | Current Policies | Vehicle insurance";"Diesel"
"OPEX";"Diesel";"NL";"Biodiesel Price";"Rigid";"BAU";"EUR/kWh";2050;"0.152";"Sensitivity | Current Policies | Vehicle insurance";"Diesel"
"OPEX";"Diesel";"NL";"Biodiesel Price";"Tractor-Trailer";"BAU";"EUR/kWh";2050;"0.152";"Sensitivity | Current Policies | Vehicle insurance";"Diesel"
"OPEX";"Diesel";"PL";"Biodiesel Price";"Rigid";"BAU";"EUR/kWh";2050;"0.152";"Sensitivity | Current Policies | Vehicle insurance";"Diesel"
"OPEX";"Diesel";"PL";"Biodiesel Price";"Tractor-Trailer";"BAU";"EUR/kWh";2050;"0.152";"Sensitivity | Current Policies | Vehicle insurance";"Diesel"
"OPEX";"Diesel";"UK";"Biodiesel Price";"Rigid";"BAU";"EUR/kWh";2050;"0.152";"Sensitivity | Current Policies | Vehicle insurance";"Diesel"
"OPEX";"Diesel";"UK";"Biodiesel Price";"Tractor-Trailer";"BAU";"EUR/kWh";2050;"0.152";"Sensitivity | Current Policies | Vehicle insurance";"Diesel"
"OPEX";"Diesel";"DE";"Pt-Diesel Price";"Rigid";"BAU";"EUR/kWh";2050;"0.175";"Sensitivity | Current Policies | Vehicle insurance";"Diesel"
"OPEX";"Diesel";"DE";"Pt-Diesel Price";"Tractor-Trailer";"BAU";"EUR/kWh";2050;"0.175";"Sensitivity | Current Policies | Vehicle insurance";"Diesel"
"OPEX";"Diesel";"ES";"Pt-Diesel Price";"Rigid";"BAU";"EUR/kWh";2050;"0.175";"Sensitivity | Current Policies | Vehicle insurance";"Diesel"
"OPEX";"Diesel";"ES";"Pt-Diesel Price";"Tractor-Trailer";"BAU";"EUR/kWh";2050;"0.175";"Sensitivity | Current Policies | Vehicle insurance";"Diesel"
"OPEX";"Diesel";"FR";"Pt-Diesel Price";"Rigid";"BAU";"EUR/kWh";2050;"0.175";"Sensitivity | Current Policies | Vehicle insurance";"Diesel"
"OPEX";"Diesel";"FR";"Pt-Diesel Price";"Tractor-Trailer";"BAU";"EUR/kWh";2050;"0.175";"Sensitivity | Current Policies | Vehicle insurance";"Diesel"
"OPEX";"Diesel";"IT";"Pt-Diesel Price";"Rigid";"BAU";"EUR/kWh";2050;"0.175";"Sensitivity | Current Policies | Vehicle insurance";"Diesel"
"OPEX";"Diesel";"IT";"Pt-Diesel Price";"Tractor-Trailer";"BAU";"EUR/kWh";2050;"0.175";"Sensitivity | Current Policies | Vehicle insurance";"Diesel"
"OPEX";"Diesel";"NL";"Pt-Diesel Price";"Rigid";"BAU";"EUR/kWh";2050;"0.175";"Sensitivity | Current Policies | Vehicle insurance";"Diesel"
"OPEX";"Diesel";"NL";"Pt-Diesel Price";"Tractor-Trailer";"BAU";"EUR/kWh";2050;"0.175";"Sensitivity | Current Policies | Vehicle insurance";"Diesel"
"OPEX";"Diesel";"PL";"Pt-Diesel Price";"Rigid";"BAU";"EUR/kWh";2050;"0.175";"Sensitivity | Current Policies | Vehicle insurance";"Diesel"
"OPEX";"Diesel";"PL";"Pt-Diesel Price";"Tractor-Trailer";"BAU";"EUR/kWh";2050;"0.175";"Sensitivity | Current Policies | Vehicle insurance";"Diesel"
"OPEX";"Diesel";"UK";"Pt-Diesel Price";"Rigid";"BAU";"EUR/kWh";2050;"0.175";"Sensitivity | Current Policies | Vehicle insurance";"Diesel"
"OPEX";"Diesel";"UK";"Pt-Diesel Price";"Tractor-Trailer";"BAU";"EUR/kWh";2050;"0.175";"Sensitivity | Current Policies | Vehicle insurance";"Diesel"
"OPEX";"Electricity";"DE";"Electricity Price";"Rigid";"BAU";"EUR/kWh";2050;"0.07";"Sensitivity | Current Policies | Vehicle insurance";"Electricity"
"OPEX";"Electricity";"DE";"Electricity Price";"Tractor-Trailer";"BAU";"EUR/kWh";2050;"0.07";"Sensitivity | Current Policies | Vehicle insurance";"Electricity"
"OPEX";"Electricity";"ES";"Electricity Price";"Rigid";"BAU";"EUR/kWh";2050;"0.07";"Sensitivity | Current Policies | Vehicle insurance";"Electricity"
"OPEX";"Electricity";"ES";"Electricity Price";"Tractor-Trailer";"BAU";"EUR/kWh";2050;"0.07";"Sensitivity | Current Policies | Vehicle insurance";"Electricity"
"OPEX";"Electricity";"FR";"Electricity Price";"Rigid";"BAU";"EUR/kWh";2050;"0.07";"Sensitivity | Current Policies | Vehicle insurance";"Electricity"
"OPEX";"Electricity";"FR";"Electricity Price";"Tractor-Trailer";"BAU";"EUR/kWh";2050;"0.07";"Sensitivity | Current Policies | Vehicle insurance";"Electricity"
"OPEX";"Electricity";"IT";"Electricity Price";"Rigid";"BAU";"EUR/kWh";2050;"0.07";"Sensitivity | Current Policies | Vehicle insurance";"Electricity"
"OPEX";"Electricity";"IT";"Electricity Price";"Tractor-Trailer";"BAU";"EUR/kWh";2050;"0.07";"Sensitivity | Current Policies | Vehicle insurance";"Electricity"
"OPEX";"Electricity";"NL";"Electricity Price";"Rigid";"BAU";"EUR/kWh";2050;"0.07";"Sensitivity | Current Policies | Vehicle insurance";"Electricity"
"OPEX";"Electricity";"NL";"Electricity Price";"Tractor-Trailer";"BAU";"EUR/kWh";2050;"0.07";"Sensitivity | Current Policies | Vehicle insurance";"Electricity"
"OPEX";"Electricity";"PL";"Electricity Price";"Rigid";"BAU";"EUR/kWh";2050;"0.07";"Sensitivity | Current Policies | Vehicle insurance";"Electricity"
"OPEX";"Electricity";"PL";"Electricity Price";"Tractor-Trailer";"BAU";"EUR/kWh";2050;"0.07";"Sensitivity | Current Policies | Vehicle insurance";"Electricity"
"OPEX";"Electricity";"UK";"Electricity Price";"Rigid";"BAU";"EUR/kWh";2050;"0.07";"Sensitivity | Current Policies | Vehicle insurance";"Electricity"
"OPEX";"Electricity";"UK";"Electricity Price";"Tractor-Trailer";"BAU";"EUR/kWh";2050;"0.07";"Sensitivity | Current Policies | Vehicle insurance";"Electricity"
"OPEX";"Hydrogen";"DE";"Hydrogen Price";"Rigid";"BAU";"EUR/kWh";2050;"0.101";"Sensitivity | Current Policies | Vehicle insurance";"Hydrogen"
"OPEX";"Hydrogen";"DE";"Hydrogen Price";"Tractor-Trailer";"BAU";"EUR/kWh";2050;"0.101";"Sensitivity | Current Policies | Vehicle insurance";"Hydrogen"
"OPEX";"Hydrogen";"ES";"Hydrogen Price";"Rigid";"BAU";"EUR/kWh";2050;"0.101";"Sensitivity | Current Policies | Vehicle insurance";"Hydrogen"
"OPEX";"Hydrogen";"ES";"Hydrogen Price";"Tractor-Trailer";"BAU";"EUR/kWh";2050;"0.101";"Sensitivity | Current Policies | Vehicle insurance";"Hydrogen"
"OPEX";"Hydrogen";"FR";"Hydrogen Price";"Rigid";"BAU";"EUR/kWh";2050;"0.101";"Sensitivity | Current Policies | Vehicle insurance";"Hydrogen"
"OPEX";"Hydrogen";"FR";"Hydrogen Price";"Tractor-Trailer";"BAU";"EUR/kWh";2050;"0.101";"Sensitivity | Current Policies | Vehicle insurance";"Hydrogen"
"OPEX";"Hydrogen";"IT";"Hydrogen Price";"Rigid";"BAU";"EUR/kWh";2050;"0.101";"Sensitivity | Current Policies | Vehicle insurance";"Hydrogen"
"OPEX";"Hydrogen";"IT";"Hydrogen Price";"Tractor-Trailer";"BAU";"EUR/kWh";2050;"0.101";"Sensitivity | Current Policies | Vehicle insurance";"Hydrogen"
"OPEX";"Hydrogen";"NL";"Hydrogen Price";"Rigid";"BAU";"EUR/kWh";2050;"0.101";"Sensitivity | Current Policies | Vehicle insurance";"Hydrogen"
"OPEX";"Hydrogen";"NL";"Hydrogen Price";"Tractor-Trailer";"BAU";"EUR/kWh";2050;"0.101";"Sensitivity | Current Policies | Vehicle insurance";"Hydrogen"
"OPEX";"Hydrogen";"PL";"Hydrogen Price";"Rigid";"BAU";"EUR/kWh";2050;"0.101";"Sensitivity | Current Policies | Vehicle insurance";"Hydrogen"
"OPEX";"Hydrogen";"PL";"Hydrogen Price";"Tractor-Trailer";"BAU";"EUR/kWh";2050;"0.101";"Sensitivity | Current Policies | Vehicle insurance";"Hydrogen"
"OPEX";"Hydrogen";"UK";"Hydrogen Price";"Rigid";"BAU";"EUR/kWh";2050;"0.101";"Sensitivity | Current Policies | Vehicle insurance";"Hydrogen"
"OPEX";"Hydrogen";"UK";"Hydrogen Price";"Tractor-Trailer";"BAU";"EUR/kWh";2050;"0.101";"Sensitivity | Current Policies | Vehicle insurance";"Hydrogen"
"OPEX";"Diesel";"DE";"Share Biodiesel";"Rigid";"BAU";"%";2030;"0.14";"Sensitivity | Current Policies | Vehicle insurance";"Diesel"
"OPEX";"Diesel";"DE";"Share Biodiesel";"Tractor-Trailer";"BAU";"%";2030;"0.14";"Sensitivity | Current Policies | Vehicle insurance";"Diesel"
"OPEX";"Diesel";"ES";"Share Biodiesel";"Rigid";"BAU";"%";2030;"0.14";"Sensitivity | Current Policies | Vehicle insurance";"Diesel"
"OPEX";"Diesel";"ES";"Share Biodiesel";"Tractor-Trailer";"BAU";"%";2030;"0.14";"Sensitivity | Current Policies | Vehicle insurance";"Diesel"
"OPEX";"Diesel";"FR";"Share Biodiesel";"Rigid";"BAU";"%";2030;"0.14";"Sensitivity | Current Policies | Vehicle insurance";"Diesel"
"OPEX";"Diesel";"FR";"Share Biodiesel";"Tractor-Trailer";"BAU";"%";2030;"0.14";"Sensitivity | Current Policies | Vehicle insurance";"Diesel"
"OPEX";"Diesel";"IT";"Share Biodiesel";"Rigid";"BAU";"%";2030;"0.14";"Sensitivity | Current Policies | Vehicle insurance";"Diesel"
"OPEX";"Diesel";"IT";"Share Biodiesel";"Tractor-Trailer";"BAU";"%";2030;"0.14";"Sensitivity | Current Policies | Vehicle insurance";"Diesel"
"OPEX";"Diesel";"NL";"Share Biodiesel";"Rigid";"BAU";"%";2030;"0.14";"Sensitivity | Current Policies | Vehicle insurance";"Diesel"
"OPEX";"Diesel";"NL";"Share Biodiesel";"Tractor-Trailer";"BAU";"%";2030;"0.14";"Sensitivity | Current Policies | Vehicle insurance";"Diesel"
"OPEX";"Diesel";"PL";"Share Biodiesel";"Rigid";"BAU";"%";2030;"0.14";"Sensitivity | Current Policies | Vehicle insurance";"Diesel"
"OPEX";"Diesel";"PL";"Share Biodiesel";"Tractor-Trailer";"BAU";"%";2030;"0.14";"Sensitivity | Current Policies | Vehicle insurance";"Diesel"
"OPEX";"Diesel";"UK";"Share Biodiesel";"Rigid";"BAU";"%";2030;"0.14";"Sensitivity | Current Policies | Vehicle insurance";"Diesel"
"OPEX";"Diesel";"UK";"Share Biodiesel";"Tractor-Trailer";"BAU";"%";2030;"0.14";"Sensitivity | Current Policies | Vehicle insurance";"Diesel"
"OPEX";"Diesel";"DE";"Share Biodiesel";"Rigid";"BAU";"%";2035;"0.23";"Sensitivity | Current Policies | Vehicle insurance";"Diesel"
"OPEX";"Diesel";"DE";"Share Biodiesel";"Tractor-Trailer";"BAU";"%";2035;"0.23";"Sensitivity | Current Policies | Vehicle insurance";"Diesel"
"OPEX";"Diesel";"ES";"Share Biodiesel";"Rigid";"BAU";"%";2035;"0.23";"Sensitivity | Current Policies | Vehicle insurance";"Diesel"
"OPEX";"Diesel";"ES";"Share Biodiesel";"Tractor-Trailer";"BAU";"%";2035;"0.23";"Sensitivity | Current Policies | Vehicle insurance";"Diesel"
"OPEX";"Diesel";"FR";"Share Biodiesel";"Rigid";"BAU";"%";2035;"0.23";"Sensitivity | Current Policies | Vehicle insurance";"Diesel"
"OPEX";"Diesel";"FR";"Share Biodiesel";"Tractor-Trailer";"BAU";"%";2035;"0.23";"Sensitivity | Current Policies | Vehicle insurance";"Diesel"
"OPEX";"Diesel";"IT";"Share Biodiesel";"Rigid";"BAU";"%";2035;"0.23";"Sensitivity | Current Policies | Vehicle insurance";"Diesel"
"OPEX";"Diesel";"IT";"Share Biodiesel";"Tractor-Trailer";"BAU";"%";2035;"0.23";"Sensitivity | Current Policies | Vehicle insurance";"Diesel"
"OPEX";"Diesel";"NL";"Share Biodiesel";"Rigid";"BAU";"%";2035;"0.23";"Sensitivity | Current Policies | Vehicle insurance";"Diesel"
"OPEX";"Diesel";"NL";"Share Biodiesel";"Tractor-Trailer";"BAU";"%";2035;"0.23";"Sensitivity | Current Policies | Vehicle insurance";"Diesel"
"OPEX";"Diesel";"PL";"Share Biodiesel";"Rigid";"BAU";"%";2035;"0.23";"Sensitivity | Current Policies | Vehicle insurance";"Diesel"
"OPEX";"Diesel";"PL";"Share Biodiesel";"Tractor-Trailer";"BAU";"%";2035;"0.23";"Sensitivity | Current Policies | Vehicle insurance";"Diesel"
"OPEX";"Diesel";"UK";"Share Biodiesel";"Rigid";"BAU";"%";2035;"0.23";"Sensitivity | Current Policies | Vehicle insurance";"Diesel"
"OPEX";"Diesel";"UK";"Share Biodiesel";"Tractor-Trailer";"BAU";"%";2035;"0.23";"Sensitivity | Current Policies | Vehicle insurance";"Diesel"
"OPEX";"Diesel";"DE";"Share Biodiesel";"Rigid";"BAU";"%";2040;"0.45";"Sensitivity | Current Policies | Vehicle insurance";"Diesel"
"OPEX";"Diesel";"DE";"Share Biodiesel";"Tractor-Trailer";"BAU";"%";2040;"0.45";"Sensitivity | Current Policies | Vehicle insurance";"Diesel"
"OPEX";"Diesel";"ES";"Share Biodiesel";"Rigid";"BAU";"%";2040;"0.45";"Sensitivity | Current Policies | Vehicle insurance";"Diesel"
"OPEX";"Diesel";"ES";"Share Biodiesel";"Tractor-Trailer";"BAU";"%";2040;"0.45";"Sensitivity | Current Policies | Vehicle insurance";"Diesel"
"OPEX";"Diesel";"FR";"Share Biodiesel";"Rigid";"BAU";"%";2040;"0.45";"Sensitivity | Current Policies | Vehicle insurance";"Diesel"
"OPEX";"Diesel";"FR";"Share Biodiesel";"Tractor-Trailer";"BAU";"%";2040;"0.45";"Sensitivity | Current Policies | Vehicle insurance";"Diesel"
"OPEX";"Diesel";"IT";"Share Biodiesel";"Rigid";"BAU";"%";2040;"0.45";"Sensitivity | Current Policies | Vehicle insurance";"Diesel"
"OPEX";"Diesel";"IT";"Share Biodiesel";"Tractor-Trailer";"BAU";"%";2040;"0.45";"Sensitivity | Current Policies | Vehicle insurance";"Diesel"
"OPEX";"Diesel";"NL";"Share Biodiesel";"Rigid";"BAU";"%";2040;"0.45";"Sensitivity | Current Policies | Vehicle insurance";"Diesel"
"OPEX";"Diesel";"NL";"Share Biodiesel";"Tractor-Trailer";"BAU";"%";2040;"0.45";"Sensitivity | Current Policies | Vehicle insurance";"Diesel"
"OPEX";"Diesel";"PL";"Share Biodiesel";"Rigid";"BAU";"%";2040;"0.45";"Sensitivity | Current Policies | Vehicle insurance";"Diesel"
"OPEX";"Diesel";"PL";"Share Biodiesel";"Tractor-Trailer";"BAU";"%";2040;"0.45";"Sensitivity | Current Policies | Vehicle insurance";"Diesel"
"OPEX";"Diesel";"UK";"Share Biodiesel";"Rigid";"BAU";"%";2040;"0.45";"Sensitivity | Current Policies | Vehicle insurance";"Diesel"
"OPEX";"Diesel";"UK";"Share Biodiesel";"Tractor-Trailer";"BAU";"%";2040;"0.45";"Sensitivity | Current Policies | Vehicle insurance";"Diesel"
"OPEX";"Diesel";"DE";"Share Biodiesel";"Rigid";"BAU";"%";2045;"0.53";"Sensitivity | Current Policies | Vehicle insurance";"Diesel"
"OPEX";"Diesel";"DE";"Share Biodiesel";"Tractor-Trailer";"BAU";"%";2045;"0.53";"Sensitivity | Current Policies | Vehicle insurance";"Diesel"
"OPEX";"Diesel";"ES";"Share Biodiesel";"Rigid";"BAU";"%";2045;"0.53";"Sensitivity | Current Policies | Vehicle insurance";"Diesel"
"OPEX";"Diesel";"ES";"Share Biodiesel";"Tractor-Trailer";"BAU";"%";2045;"0.53";"Sensitivity | Current Policies | Vehicle insurance";"Diesel"
"OPEX";"Diesel";"FR";"Share Biodiesel";"Rigid";"BAU";"%";2045;"0.53";"Sensitivity | Current Policies | Vehicle insurance";"Diesel"
"OPEX";"Diesel";"FR";"Share Biodiesel";"Tractor-Trailer";"BAU";"%";2045;"0.53";"Sensitivity | Current Policies | Vehicle insurance";"Diesel"
"OPEX";"Diesel";"IT";"Share Biodiesel";"Rigid";"BAU";"%";2045;"0.53";"Sensitivity | Current Policies | Vehicle insurance";"Diesel"
"OPEX";"Diesel";"IT";"Share Biodiesel";"Tractor-Trailer";"BAU";"%";2045;"0.53";"Sensitivity | Current Policies | Vehicle insurance";"Diesel"
"OPEX";"Diesel";"NL";"Share Biodiesel";"Rigid";"BAU";"%";2045;"0.53";"Sensitivity | Current Policies | Vehicle insurance";"Diesel"
"OPEX";"Diesel";"NL";"Share Biodiesel";"Tractor-Trailer";"BAU";"%";2045;"0.53";"Sensitivity | Current Policies | Vehicle insurance";"Diesel"
"OPEX";"Diesel";"PL";"Share Biodiesel";"Rigid";"BAU";"%";2045;"0.53";"Sensitivity | Current Policies | Vehicle insurance";"Diesel"
"OPEX";"Diesel";"PL";"Share Biodiesel";"Tractor-Trailer";"BAU";"%";2045;"0.53";"Sensitivity | Current Policies | Vehicle insurance";"Diesel"
"OPEX";"Diesel";"UK";"Share Biodiesel";"Rigid";"BAU";"%";2045;"0.53";"Sensitivity | Current Policies | Vehicle insurance";"Diesel"
"OPEX";"Diesel";"UK";"Share Biodiesel";"Tractor-Trailer";"BAU";"%";2045;"0.53";"Sensitivity | Current Policies | Vehicle insurance";"Diesel"
"OPEX";"Diesel";"DE";"Share Biodiesel";"Rigid";"BAU";"%";2050;"0.51";"Sensitivity | Current Policies | Vehicle insurance";"Diesel"
"OPEX";"Diesel";"DE";"Share Biodiesel";"Tractor-Trailer";"BAU";"%";2050;"0.51";"Sensitivity | Current Policies | Vehicle insurance";"Diesel"
"OPEX";"Diesel";"ES";"Share Biodiesel";"Rigid";"BAU";"%";2050;"0.51";"Sensitivity | Current Policies | Vehicle insurance";"Diesel"
"OPEX";"Diesel";"ES";"Share Biodiesel";"Tractor-Trailer";"BAU";"%";2050;"0.51";"Sensitivity | Current Policies | Vehicle insurance";"Diesel"
"OPEX";"Diesel";"FR";"Share Biodiesel";"Rigid";"BAU";"%";2050;"0.51";"Sensitivity | Current Policies | Vehicle insurance";"Diesel"
"OPEX";"Diesel";"FR";"Share Biodiesel";"Tractor-Trailer";"BAU";"%";2050;"0.51";"Sensitivity | Current Policies | Vehicle insurance";"Diesel"
"OPEX";"Diesel";"IT";"Share Biodiesel";"Rigid";"BAU";"%";2050;"0.51";"Sensitivity | Current Policies | Vehicle insurance";"Diesel"
"OPEX";"Diesel";"IT";"Share Biodiesel";"Tractor-Trailer";"BAU";"%";2050;"0.51";"Sensitivity | Current Policies | Vehicle insurance";"Diesel"
"OPEX";"Diesel";"NL";"Share Biodiesel";"Rigid";"BAU";"%";2050;"0.51";"Sensitivity | Current Policies | Vehicle insurance";"Diesel"
"OPEX";"Diesel";"NL";"Share Biodiesel";"Tractor-Trailer";"BAU";"%";2050;"0.51";"Sensitivity | Current Policies | Vehicle insurance";"Diesel"
"OPEX";"Diesel";"PL";"Share Biodiesel";"Rigid";"BAU";"%";2050;"0.51";"Sensitivity | Current Policies | Vehicle insurance";"Diesel"
"OPEX";"Diesel";"PL";"Share Biodiesel";"Tractor-Trailer";"BAU";"%";2050;"0.51";"Sensitivity | Current Policies | Vehicle insurance";"Diesel"
"OPEX";"Diesel";"UK";"Share Biodiesel";"Rigid";"BAU";"%";2050;"0.51";"Sensitivity | Current Policies | Vehicle insurance";"Diesel"
"OPEX";"Diesel";"UK";"Share Biodiesel";"Tractor-Trailer";"BAU";"%";2050;"0.51";"Sensitivity | Current Policies | Vehicle insurance";"Diesel"
"OPEX";"Diesel";"DE";"Share Synthetic Diesel (E-Fuels)";"Rigid";"BAU";"%";2030;"0";"Sensitivity | Current Policies | Vehicle insurance";"Diesel"
"OPEX";"Diesel";"DE";"Share Synthetic Diesel (E-Fuels)";"Tractor-Trailer";"BAU";"%";2030;"0";"Sensitivity | Current Policies | Vehicle insurance";"Diesel"
"OPEX";"Diesel";"ES";"Share Synthetic Diesel (E-Fuels)";"Rigid";"BAU";"%";2030;"0";"Sensitivity | Current Policies | Vehicle insurance";"Diesel"
"OPEX";"Diesel";"ES";"Share Synthetic Diesel (E-Fuels)";"Tractor-Trailer";"BAU";"%";2030;"0";"Sensitivity | Current Policies | Vehicle insurance";"Diesel"
"OPEX";"Diesel";"FR";"Share Synthetic Diesel (E-Fuels)";"Rigid";"BAU";"%";2030;"0";"Sensitivity | Current Policies | Vehicle insurance";"Diesel"
"OPEX";"Diesel";"FR";"Share Synthetic Diesel (E-Fuels)";"Tractor-Trailer";"BAU";"%";2030;"0";"Sensitivity | Current Policies | Vehicle insurance";"Diesel"
"OPEX";"Diesel";"IT";"Share Synthetic Diesel (E-Fuels)";"Rigid";"BAU";"%";2030;"0";"Sensitivity | Current Policies | Vehicle insurance";"Diesel"
"OPEX";"Diesel";"IT";"Share Synthetic Diesel (E-Fuels)";"Tractor-Trailer";"BAU";"%";2030;"0";"Sensitivity | Current Policies | Vehicle insurance";"Diesel"
"OPEX";"Diesel";"NL";"Share Synthetic Diesel (E-Fuels)";"Rigid";"BAU";"%";2030;"0";"Sensitivity | Current Policies | Vehicle insurance";"Diesel"
"OPEX";"Diesel";"NL";"Share Synthetic Diesel (E-Fuels)";"Tractor-Trailer";"BAU";"%";2030;"0";"Sensitivity | Current Policies | Vehicle insurance";"Diesel"
"OPEX";"Diesel";"PL";"Share Synthetic Diesel (E-Fuels)";"Rigid";"BAU";"%";2030;"0";"Sensitivity | Current Policies | Vehicle insurance";"Diesel"
"OPEX";"Diesel";"PL";"Share Synthetic Diesel (E-Fuels)";"Tractor-Trailer";"BAU";"%";2030;"0";"Sensitivity | Current Policies | Vehicle insurance";"Diesel"
"OPEX";"Diesel";"UK";"Share Synthetic Diesel (E-Fuels)";"Rigid";"BAU";"%";2030;"0";"Sensitivity | Current Policies | Vehicle insurance";"Diesel"
"OPEX";"Diesel";"UK";"Share Synthetic Diesel (E-Fuels)";"Tractor-Trailer";"BAU";"%";2030;"0";"Sensitivity | Current Policies | Vehicle insurance";"Diesel"
"OPEX";"Diesel";"DE";"Share Synthetic Diesel (E-Fuels)";"Rigid";"BAU";"%";2035;"0";"Sensitivity | Current Policies | Vehicle insurance";"Diesel"
"OPEX";"Diesel";"DE";"Share Synthetic Diesel (E-Fuels)";"Tractor-Trailer";"BAU";"%";2035;"0";"Sensitivity | Current Policies | Vehicle insurance";"Diesel"
"OPEX";"Diesel";"ES";"Share Synthetic Diesel (E-Fuels)";"Rigid";"BAU";"%";2035;"0";"Sensitivity | Current Policies | Vehicle insurance";"Diesel"
"OPEX";"Diesel";"ES";"Share Synthetic Diesel (E-Fuels)";"Tractor-Trailer";"BAU";"%";2035;"0";"Sensitivity | Current Policies | Vehicle insurance";"Diesel"
"OPEX";"Diesel";"FR";"Share Synthetic Diesel (E-Fuels)";"Rigid";"BAU";"%";2035;"0";"Sensitivity | Current Policies | Vehicle insurance";"Diesel"
"OPEX";"Diesel";"FR";"Share Synthetic Diesel (E-Fuels)";"Tractor-Trailer";"BAU";"%";2035;"0";"Sensitivity | Current Policies | Vehicle insurance";"Diesel"
"OPEX";"Diesel";"IT";"Share Synthetic Diesel (E-Fuels)";"Rigid";"BAU";"%";2035;"0";"Sensitivity | Current Policies | Vehicle insurance";"Diesel"
"OPEX";"Diesel";"IT";"Share Synthetic Diesel (E-Fuels)";"Tractor-Trailer";"BAU";"%";2035;"0";"Sensitivity | Current Policies | Vehicle insurance";"Diesel"
"OPEX";"Diesel";"NL";"Share Synthetic Diesel (E-Fuels)";"Rigid";"BAU";"%";2035;"0";"Sensitivity | Current Policies | Vehicle insurance";"Diesel"
"OPEX";"Diesel";"NL";"Share Synthetic Diesel (E-Fuels)";"Tractor-Trailer";"BAU";"%";2035;"0";"Sensitivity | Current Policies | Vehicle insurance";"Diesel"
"OPEX";"Diesel";"PL";"Share Synthetic Diesel (E-Fuels)";"Rigid";"BAU";"%";2035;"0";"Sensitivity | Current Policies | Vehicle insurance";"Diesel"
"OPEX";"Diesel";"PL";"Share Synthetic Diesel (E-Fuels)";"Tractor-Trailer";"BAU";"%";2035;"0";"Sensitivity | Current Policies | Vehicle insurance";"Diesel"
"OPEX";"Diesel";"UK";"Share Synthetic Diesel (E-Fuels)";"Rigid";"BAU";"%";2035;"0";"Sensitivity | Current Policies | Vehicle insurance";"Diesel"
"OPEX";"Diesel";"UK";"Share Synthetic Diesel (E-Fuels)";"Tractor-Trailer";"BAU";"%";2035;"0";"Sensitivity | Current Policies | Vehicle insurance";"Diesel"
"OPEX";"Diesel";"DE";"Share Synthetic Diesel (E-Fuels)";"Rigid";"BAU";"%";2040;"0.2";"Sensitivity | Current Policies | Vehicle insurance";"Diesel"
"OPEX";"Diesel";"DE";"Share Synthetic Diesel (E-Fuels)";"Tractor-Trailer";"BAU";"%";2040;"0.2";"Sensitivity | Current Policies | Vehicle insurance";"Diesel"
"OPEX";"Diesel";"ES";"Share Synthetic Diesel (E-Fuels)";"Rigid";"BAU";"%";2040;"0.2";"Sensitivity | Current Policies | Vehicle insurance";"Diesel"
"OPEX";"Diesel";"ES";"Share Synthetic Diesel (E-Fuels)";"Tractor-Trailer";"BAU";"%";2040;"0.2";"Sensitivity | Current Policies | Vehicle insurance";"Diesel"
"OPEX";"Diesel";"FR";"Share Synthetic Diesel (E-Fuels)";"Rigid";"BAU";"%";2040;"0.2";"Sensitivity | Current Policies | Vehicle insurance";"Diesel"
"OPEX";"Diesel";"FR";"Share Synthetic Diesel (E-Fuels)";"Tractor-Trailer";"BAU";"%";2040;"0.2";"Sensitivity | Current Policies | Vehicle insurance";"Diesel"
"OPEX";"Diesel";"IT";"Share Synthetic Diesel (E-Fuels)";"Rigid";"BAU";"%";2040;"0.2";"Sensitivity | Current Policies | Vehicle insurance";"Diesel"
"OPEX";"Diesel";"IT";"Share Synthetic Diesel (E-Fuels)";"Tractor-Trailer";"BAU";"%";2040;"0.2";"Sensitivity | Current Policies | Vehicle insurance";"Diesel"
"OPEX";"Diesel";"NL";"Share Synthetic Diesel (E-Fuels)";"Rigid";"BAU";"%";2040;"0.2";"Sensitivity | Current Policies | Vehicle insurance";"Diesel"
"OPEX";"Diesel";"NL";"Share Synthetic Diesel (E-Fuels)";"Tractor-Trailer";"BAU";"%";2040;"0.2";"Sensitivity | Current Policies | Vehicle insurance";"Diesel"
"OPEX";"Diesel";"PL";"Share Synthetic Diesel (E-Fuels)";"Rigid";"BAU";"%";2040;"0.2";"Sensitivity | Current Policies | Vehicle insurance";"Diesel"
"OPEX";"Diesel";"PL";"Share Synthetic Diesel (E-Fuels)";"Tractor-Trailer";"BAU";"%";2040;"0.2";"Sensitivity | Current Policies | Vehicle insurance";"Diesel"
"OPEX";"Diesel";"UK";"Share Synthetic Diesel (E-Fuels)";"Rigid";"BAU";"%";2040;"0.2";"Sensitivity | Current Policies | Vehicle insurance";"Diesel"
"OPEX";"Diesel";"UK";"Share Synthetic Diesel (E-Fuels)";"Tractor-Trailer";"BAU";"%";2040;"0.2";"Sensitivity | Current Policies | Vehicle insurance";"Diesel"
"OPEX";"Diesel";"DE";"Share Synthetic Diesel (E-Fuels)";"Rigid";"BAU";"%";2045;"0.47";"Sensitivity | Current Policies | Vehicle insurance";"Diesel"
"OPEX";"Diesel";"DE";"Share Synthetic Diesel (E-Fuels)";"Tractor-Trailer";"BAU";"%";2045;"0.47";"Sensitivity | Current Policies | Vehicle insurance";"Diesel"
"OPEX";"Diesel";"ES";"Share Synthetic Diesel (E-Fuels)";"Rigid";"BAU";"%";2045;"0.47";"Sensitivity | Current Policies | Vehicle insurance";"Diesel"
"OPEX";"Diesel";"ES";"Share Synthetic Diesel (E-Fuels)";"Tractor-Trailer";"BAU";"%";2045;"0.47";"Sensitivity | Current Policies | Vehicle insurance";"Diesel"
"OPEX";"Diesel";"FR";"Share Synthetic Diesel (E-Fuels)";"Rigid";"BAU";"%";2045;"0.47";"Sensitivity | Current Policies | Vehicle insurance";"Diesel"
"OPEX";"Diesel";"FR";"Share Synthetic Diesel (E-Fuels)";"Tractor-Trailer";"BAU";"%";2045;"0.47";"Sensitivity | Current Policies | Vehicle insurance";"Diesel"
"OPEX";"Diesel";"IT";"Share Synthetic Diesel (E-Fuels)";"Rigid";"BAU";"%";2045;"0.47";"Sensitivity | Current Policies | Vehicle insurance";"Diesel"
"OPEX";"Diesel";"IT";"Share Synthetic Diesel (E-Fuels)";"Tractor-Trailer";"BAU";"%";2045;"0.47";"Sensitivity | Current Policies | Vehicle insurance";"Diesel"
"OPEX";"Diesel";"NL";"Share Synthetic Diesel (E-Fuels)";"Rigid";"BAU";"%";2045;"0.47";"Sensitivity | Current Policies | Vehicle insurance";"Diesel"
"OPEX";"Diesel";"NL";"Share Synthetic Diesel (E-Fuels)";"Tractor-Trailer";"BAU";"%";2045;"0.47";"Sensitivity | Current Policies | Vehicle insurance";"Diesel"
"OPEX";"Diesel";"PL";"Share Synthetic Diesel (E-Fuels)";"Rigid";"BAU";"%";2045;"0.47";"Sensitivity | Current Policies | Vehicle insurance";"Diesel"
"OPEX";"Diesel";"PL";"Share Synthetic Diesel (E-Fuels)";"Tractor-Trailer";"BAU";"%";2045;"0.47";"Sensitivity | Current Policies | Vehicle insurance";"Diesel"
"OPEX";"Diesel";"UK";"Share Synthetic Diesel (E-Fuels)";"Rigid";"BAU";"%";2045;"0.47";"Sensitivity | Current Policies | Vehicle insurance";"Diesel"
"OPEX";"Diesel";"UK";"Share Synthetic Diesel (E-Fuels)";"Tractor-Trailer";"BAU";"%";2045;"0.47";"Sensitivity | Current Policies | Vehicle insurance";"Diesel"
"OPEX";"Diesel";"DE";"Share Synthetic Diesel (E-Fuels)";"Rigid";"BAU";"%";2050;"0.49";"Sensitivity | Current Policies | Vehicle insurance";"Diesel"
"OPEX";"Diesel";"DE";"Share Synthetic Diesel (E-Fuels)";"Tractor-Trailer";"BAU";"%";2050;"0.49";"Sensitivity | Current Policies | Vehicle insurance";"Diesel"
"OPEX";"Diesel";"ES";"Share Synthetic Diesel (E-Fuels)";"Rigid";"BAU";"%";2050;"0.49";"Sensitivity | Current Policies | Vehicle insurance";"Diesel"
"OPEX";"Diesel";"ES";"Share Synthetic Diesel (E-Fuels)";"Tractor-Trailer";"BAU";"%";2050;"0.49";"Sensitivity | Current Policies | Vehicle insurance";"Diesel"
"OPEX";"Diesel";"FR";"Share Synthetic Diesel (E-Fuels)";"Rigid";"BAU";"%";2050;"0.49";"Sensitivity | Current Policies | Vehicle insurance";"Diesel"
"OPEX";"Diesel";"FR";"Share Synthetic Diesel (E-Fuels)";"Tractor-Trailer";"BAU";"%";2050;"0.49";"Sensitivity | Current Policies | Vehicle insurance";"Diesel"
"OPEX";"Diesel";"IT";"Share Synthetic Diesel (E-Fuels)";"Rigid";"BAU";"%";2050;"0.49";"Sensitivity | Current Policies | Vehicle insurance";"Diesel"
"OPEX";"Diesel";"IT";"Share Synthetic Diesel (E-Fuels)";"Tractor-Trailer";"BAU";"%";2050;"0.49";"Sensitivity | Current Policies | Vehicle insurance";"Diesel"
"OPEX";"Diesel";"NL";"Share Synthetic Diesel (E-Fuels)";"Rigid";"BAU";"%";2050;"0.49";"Sensitivity | Current Policies | Vehicle insurance";"Diesel"
"OPEX";"Diesel";"NL";"Share Synthetic Diesel (E-Fuels)";"Tractor-Trailer";"BAU";"%";2050;"0.49";"Sensitivity | Current Policies | Vehicle insurance";"Diesel"
"OPEX";"Diesel";"PL";"Share Synthetic Diesel (E-Fuels)";"Rigid";"BAU";"%";2050;"0.49";"Sensitivity | Current Policies | Vehicle insurance";"Diesel"
"OPEX";"Diesel";"PL";"Share Synthetic Diesel (E-Fuels)";"Tractor-Trailer";"BAU";"%";2050;"0.49";"Sensitivity | Current Policies | Vehicle insurance";"Diesel"
"OPEX";"Diesel";"UK";"Share Synthetic Diesel (E-Fuels)";"Rigid";"BAU";"%";2050;"0.49";"Sensitivity | Current Policies | Vehicle insurance";"Diesel"
"OPEX";"Diesel";"UK";"Share Synthetic Diesel (E-Fuels)";"Tractor-Trailer";"BAU";"%";2050;"0.49";"Sensitivity | Current Policies | Vehicle insurance";"Diesel"
"OPEX";"Taxes";"DE";"Non-ETS CO2";"Rigid";"BAU";"EUR/tCO2";2030;"160";"Sensitivity | Current Policies | Vehicle insurance";"Diesel"
"OPEX";"Taxes";"DE";"Non-ETS CO2";"Tractor-Trailer";"BAU";"EUR/tCO2";2030;"160";"Sensitivity | Current Policies | Vehicle insurance";"Diesel"
"OPEX";"Taxes";"ES";"Non-ETS CO2";"Rigid";"BAU";"EUR/tCO2";2030;"160";"Sensitivity | Current Policies | Vehicle insurance";"Diesel"
"OPEX";"Taxes";"ES";"Non-ETS CO2";"Tractor-Trailer";"BAU";"EUR/tCO2";2030;"160";"Sensitivity | Current Policies | Vehicle insurance";"Diesel"
"OPEX";"Taxes";"FR";"Non-ETS CO2";"Rigid";"BAU";"EUR/tCO2";2030;"160";"Sensitivity | Current Policies | Vehicle insurance";"Diesel"
"OPEX";"Taxes";"FR";"Non-ETS CO2";"Tractor-Trailer";"BAU";"EUR/tCO2";2030;"160";"Sensitivity | Current Policies | Vehicle insurance";"Diesel"
"OPEX";"Taxes";"IT";"Non-ETS CO2";"Rigid";"BAU";"EUR/tCO2";2030;"160";"Sensitivity | Current Policies | Vehicle insurance";"Diesel"
"OPEX";"Taxes";"IT";"Non-ETS CO2";"Tractor-Trailer";"BAU";"EUR/tCO2";2030;"160";"Sensitivity | Current Policies | Vehicle insurance";"Diesel"
"OPEX";"Taxes";"NL";"Non-ETS CO2";"Rigid";"BAU";"EUR/tCO2";2030;"160";"Sensitivity | Current Policies | Vehicle insurance";"Diesel"
"OPEX";"Taxes";"NL";"Non-ETS CO2";"Tractor-Trailer";"BAU";"EUR/tCO2";2030;"160";"Sensitivity | Current Policies | Vehicle insurance";"Diesel"
"OPEX";"Taxes";"PL";"Non-ETS CO2";"Rigid";"BAU";"EUR/tCO2";2030;"160";"Sensitivity | Current Policies | Vehicle insurance";"Diesel"
"OPEX";"Taxes";"PL";"Non-ETS CO2";"Tractor-Trailer";"BAU";"EUR/tCO2";2030;"160";"Sensitivity | Current Policies | Vehicle insurance";"Diesel"
"OPEX";"Taxes";"UK";"Non-ETS CO2";"Rigid";"BAU";"EUR/tCO2";2030;"160";"Sensitivity | Current Policies | Vehicle insurance";"Diesel"
"OPEX";"Taxes";"UK";"Non-ETS CO2";"Tractor-Trailer";"BAU";"EUR/tCO2";2030;"160";"Sensitivity | Current Policies | Vehicle insurance";"Diesel"
"OPEX";"Taxes";"DE";"Non-ETS CO2";"Rigid";"BAU";"EUR/tCO2";2035;"250";"Sensitivity | Current Policies | Vehicle insurance";"Diesel"
"OPEX";"Taxes";"DE";"Non-ETS CO2";"Tractor-Trailer";"BAU";"EUR/tCO2";2035;"250";"Sensitivity | Current Policies | Vehicle insurance";"Diesel"
"OPEX";"Taxes";"ES";"Non-ETS CO2";"Rigid";"BAU";"EUR/tCO2";2035;"250";"Sensitivity | Current Policies | Vehicle insurance";"Diesel"
"OPEX";"Taxes";"ES";"Non-ETS CO2";"Tractor-Trailer";"BAU";"EUR/tCO2";2035;"250";"Sensitivity | Current Policies | Vehicle insurance";"Diesel"
"OPEX";"Taxes";"FR";"Non-ETS CO2";"Rigid";"BAU";"EUR/tCO2";2035;"250";"Sensitivity | Current Policies | Vehicle insurance";"Diesel"
"OPEX";"Taxes";"FR";"Non-ETS CO2";"Tractor-Trailer";"BAU";"EUR/tCO2";2035;"250";"Sensitivity | Current Policies | Vehicle insurance";"Diesel"
"OPEX";"Taxes";"IT";"Non-ETS CO2";"Rigid";"BAU";"EUR/tCO2";2035;"250";"Sensitivity | Current Policies | Vehicle insurance";"Diesel"
"OPEX";"Taxes";"IT";"Non-ETS CO2";"Tractor-Trailer";"BAU";"EUR/tCO2";2035;"250";"Sensitivity | Current Policies | Vehicle insurance";"Diesel"
"OPEX";"Taxes";"NL";"Non-ETS CO2";"Rigid";"BAU";"EUR/tCO2";2035;"250";"Sensitivity | Current Policies | Vehicle insurance";"Diesel"
"OPEX";"Taxes";"NL";"Non-ETS CO2";"Tractor-Trailer";"BAU";"EUR/tCO2";2035;"250";"Sensitivity | Current Policies | Vehicle insurance";"Diesel"
"OPEX";"Taxes";"PL";"Non-ETS CO2";"Rigid";"BAU";"EUR/tCO2";2035;"250";"Sensitivity | Current Policies | Vehicle insurance";"Diesel"
"OPEX";"Taxes";"PL";"Non-ETS CO2";"Tractor-Trailer";"BAU";"EUR/tCO2";2035;"250";"Sensitivity | Current Policies | Vehicle insurance";"Diesel"
"OPEX";"Taxes";"UK";"Non-ETS CO2";"Rigid";"BAU";"EUR/tCO2";2035;"250";"Sensitivity | Current Policies | Vehicle insurance";"Diesel"
"OPEX";"Taxes";"UK";"Non-ETS CO2";"Tractor-Trailer";"BAU";"EUR/tCO2";2035;"250";"Sensitivity | Current Policies | Vehicle insurance";"Diesel"
"OPEX";"Taxes";"DE";"Non-ETS CO2";"Rigid";"BAU";"EUR/tCO2";2040;"350";"Sensitivity | Current Policies | Vehicle insurance";"Diesel"
"OPEX";"Taxes";"DE";"Non-ETS CO2";"Tractor-Trailer";"BAU";"EUR/tCO2";2040;"350";"Sensitivity | Current Policies | Vehicle insurance";"Diesel"
"OPEX";"Taxes";"ES";"Non-ETS CO2";"Rigid";"BAU";"EUR/tCO2";2040;"350";"Sensitivity | Current Policies | Vehicle insurance";"Diesel"
"OPEX";"Taxes";"ES";"Non-ETS CO2";"Tractor-Trailer";"BAU";"EUR/tCO2";2040;"350";"Sensitivity | Current Policies | Vehicle insurance";"Diesel"
"OPEX";"Taxes";"FR";"Non-ETS CO2";"Rigid";"BAU";"EUR/tCO2";2040;"350";"Sensitivity | Current Policies | Vehicle insurance";"Diesel"
"OPEX";"Taxes";"FR";"Non-ETS CO2";"Tractor-Trailer";"BAU";"EUR/tCO2";2040;"350";"Sensitivity | Current Policies | Vehicle insurance";"Diesel"
"OPEX";"Taxes";"IT";"Non-ETS CO2";"Rigid";"BAU";"EUR/tCO2";2040;"350";"Sensitivity | Current Policies | Vehicle insurance";"Diesel"
"OPEX";"Taxes";"IT";"Non-ETS CO2";"Tractor-Trailer";"BAU";"EUR/tCO2";2040;"350";"Sensitivity | Current Policies | Vehicle insurance";"Diesel"
"OPEX";"Taxes";"NL";"Non-ETS CO2";"Rigid";"BAU";"EUR/tCO2";2040;"350";"Sensitivity | Current Policies | Vehicle insurance";"Diesel"
"OPEX";"Taxes";"NL";"Non-ETS CO2";"Tractor-Trailer";"BAU";"EUR/tCO2";2040;"350";"Sensitivity | Current Policies | Vehicle insurance";"Diesel"
"OPEX";"Taxes";"PL";"Non-ETS CO2";"Rigid";"BAU";"EUR/tCO2";2040;"350";"Sensitivity | Current Policies | Vehicle insurance";"Diesel"
"OPEX";"Taxes";"PL";"Non-ETS CO2";"Tractor-Trailer";"BAU";"EUR/tCO2";2040;"350";"Sensitivity | Current Policies | Vehicle insurance";"Diesel"
"OPEX";"Taxes";"UK";"Non-ETS CO2";"Rigid";"BAU";"EUR/tCO2";2040;"350";"Sensitivity | Current Policies | Vehicle insurance";"Diesel"
"OPEX";"Taxes";"UK";"Non-ETS CO2";"Tractor-Trailer";"BAU";"EUR/tCO2";2040;"350";"Sensitivity | Current Policies | Vehicle insurance";"Diesel"
"OPEX";"Taxes";"DE";"Non-ETS CO2";"Rigid";"BAU";"EUR/tCO2";2045;"450";"Sensitivity | Current Policies | Vehicle insurance";"Diesel"
"OPEX";"Taxes";"DE";"Non-ETS CO2";"Tractor-Trailer";"BAU";"EUR/tCO2";2045;"450";"Sensitivity | Current Policies | Vehicle insurance";"Diesel"
"OPEX";"Taxes";"ES";"Non-ETS CO2";"Rigid";"BAU";"EUR/tCO2";2045;"450";"Sensitivity | Current Policies | Vehicle insurance";"Diesel"
"OPEX";"Taxes";"ES";"Non-ETS CO2";"Tractor-Trailer";"BAU";"EUR/tCO2";2045;"450";"Sensitivity | Current Policies | Vehicle insurance";"Diesel"
"OPEX";"Taxes";"FR";"Non-ETS CO2";"Rigid";"BAU";"EUR/tCO2";2045;"450";"Sensitivity | Current Policies | Vehicle insurance";"Diesel"
"OPEX";"Taxes";"FR";"Non-ETS CO2";"Tractor-Trailer";"BAU";"EUR/tCO2";2045;"450";"Sensitivity | Current Policies | Vehicle insurance";"Diesel"
"OPEX";"Taxes";"IT";"Non-ETS CO2";"Rigid";"BAU";"EUR/tCO2";2045;"450";"Sensitivity | Current Policies | Vehicle insurance";"Diesel"
"OPEX";"Taxes";"IT";"Non-ETS CO2";"Tractor-Trailer";"BAU";"EUR/tCO2";2045;"450";"Sensitivity | Current Policies | Vehicle insurance";"Diesel"
"OPEX";"Taxes";"NL";"Non-ETS CO2";"Rigid";"BAU";"EUR/tCO2";2045;"450";"Sensitivity | Current Policies | Vehicle insurance";"Diesel"
"OPEX";"Taxes";"NL";"Non-ETS CO2";"Tractor-Trailer";"BAU";"EUR/tCO2";2045;"450";"Sensitivity | Current Policies | Vehicle insurance";"Diesel"
"OPEX";"Taxes";"PL";"Non-ETS CO2";"Rigid";"BAU";"EUR/tCO2";2045;"450";"Sensitivity | Current Policies | Vehicle insurance";"Diesel"
"OPEX";"Taxes";"PL";"Non-ETS CO2";"Tractor-Trailer";"BAU";"EUR/tCO2";2045;"450";"Sensitivity | Current Policies | Vehicle insurance";"Diesel"
"OPEX";"Taxes";"UK";"Non-ETS CO2";"Rigid";"BAU";"EUR/tCO2";2045;"450";"Sensitivity | Current Policies | Vehicle insurance";"Diesel"
"OPEX";"Taxes";"UK";"Non-ETS CO2";"Tractor-Trailer";"BAU";"EUR/tCO2";2045;"450";"Sensitivity | Current Policies | Vehicle insurance";"Diesel"
"OPEX";"Taxes";"DE";"Non-ETS CO2";"Rigid";"BAU";"EUR/tCO2";2050;"480";"Sensitivity | Current Policies | Vehicle insurance";"Diesel"
"OPEX";"Taxes";"DE";"Non-ETS CO2";"Tractor-Trailer";"BAU";"EUR/tCO2";2050;"480";"Sensitivity | Current Policies | Vehicle insurance";"Diesel"
"OPEX";"Taxes";"ES";"Non-ETS CO2";"Rigid";"BAU";"EUR/tCO2";2050;"480";"Sensitivity | Current Policies | Vehicle insurance";"Diesel"
"OPEX";"Taxes";"ES";"Non-ETS CO2";"Tractor-Trailer";"BAU";"EUR/tCO2";2050;"480";"Sensitivity | Current Policies | Vehicle insurance";"Diesel"
"OPEX";"Taxes";"FR";"Non-ETS CO2";"Rigid";"BAU";"EUR/tCO2";2050;"480";"Sensitivity | Current Policies | Vehicle insurance";"Diesel"
"OPEX";"Taxes";"FR";"Non-ETS CO2";"Tractor-Trailer";"BAU";"EUR/tCO2";2050;"480";"Sensitivity | Current Policies | Vehicle insurance";"Diesel"
"OPEX";"Taxes";"IT";"Non-ETS CO2";"Rigid";"BAU";"EUR/tCO2";2050;"480";"Sensitivity | Current Policies | Vehicle insurance";"Diesel"
"OPEX";"Taxes";"IT";"Non-ETS CO2";"Tractor-Trailer";"BAU";"EUR/tCO2";2050;"480";"Sensitivity | Current Policies | Vehicle insurance";"Diesel"
"OPEX";"Taxes";"NL";"Non-ETS CO2";"Rigid";"BAU";"EUR/tCO2";2050;"480";"Sensitivity | Current Policies | Vehicle insurance";"Diesel"
"OPEX";"Taxes";"NL";"Non-ETS CO2";"Tractor-Trailer";"BAU";"EUR/tCO2";2050;"480";"Sensitivity | Current Policies | Vehicle insurance";"Diesel"
"OPEX";"Taxes";"PL";"Non-ETS CO2";"Rigid";"BAU";"EUR/tCO2";2050;"480";"Sensitivity | Current Policies | Vehicle insurance";"Diesel"
"OPEX";"Taxes";"PL";"Non-ETS CO2";"Tractor-Trailer";"BAU";"EUR/tCO2";2050;"480";"Sensitivity | Current Policies | Vehicle insurance";"Diesel"
"OPEX";"Taxes";"UK";"Non-ETS CO2";"Rigid";"BAU";"EUR/tCO2";2050;"480";"Sensitivity | Current Policies | Vehicle insurance";"Diesel"
"OPEX";"Taxes";"UK";"Non-ETS CO2";"Tractor-Trailer";"BAU";"EUR/tCO2";2050;"480";"Sensitivity | Current Policies | Vehicle insurance";"Diesel"
"OPEX";"Taxes_Scheme";"DE";"Bandwith MCS";"Rigid";"BAU";"[-]";2030;"IC";"Sensitivity | Current Policies | Vehicle insurance";"Electricity"
"OPEX";"Taxes_Scheme";"DE";"Bandwith MCS";"Tractor-Trailer";"BAU";"[-]";2030;"IC";"Sensitivity | Current Policies | Vehicle insurance";"Electricity"
"OPEX";"Taxes_Scheme";"ES";"Bandwith MCS";"Rigid";"BAU";"[-]";2030;"IC";"Sensitivity | Current Policies | Vehicle insurance";"Electricity"
"OPEX";"Taxes_Scheme";"ES";"Bandwith MCS";"Tractor-Trailer";"BAU";"[-]";2030;"IC";"Sensitivity | Current Policies | Vehicle insurance";"Electricity"
"OPEX";"Taxes_Scheme";"FR";"Bandwith MCS";"Rigid";"BAU";"[-]";2030;"IC";"Sensitivity | Current Policies | Vehicle insurance";"Electricity"
"OPEX";"Taxes_Scheme";"FR";"Bandwith MCS";"Tractor-Trailer";"BAU";"[-]";2030;"IC";"Sensitivity | Current Policies | Vehicle insurance";"Electricity"
"OPEX";"Taxes_Scheme";"IT";"Bandwith MCS";"Rigid";"BAU";"[-]";2030;"IC";"Sensitivity | Current Policies | Vehicle insurance";"Electricity"
"OPEX";"Taxes_Scheme";"IT";"Bandwith MCS";"Tractor-Trailer";"BAU";"[-]";2030;"IC";"Sensitivity | Current Policies | Vehicle insurance";"Electricity"
"OPEX";"Taxes_Scheme";"NL";"Bandwith MCS";"Rigid";"BAU";"[-]";2030;"IC";"Sensitivity | Current Policies | Vehicle insurance";"Electricity"
"OPEX";"Taxes_Scheme";"NL";"Bandwith MCS";"Tractor-Trailer";"BAU";"[-]";2030;"IC";"Sensitivity | Current Policies | Vehicle insurance";"Electricity"
"OPEX";"Taxes_Scheme";"PL";"Bandwith MCS";"Rigid";"BAU";"[-]";2030;"IC";"Sensitivity | Current Policies | Vehicle insurance";"Electricity"
"OPEX";"Taxes_Scheme";"PL";"Bandwith MCS";"Tractor-Trailer";"BAU";"[-]";2030;"IC";"Sensitivity | Current Policies | Vehicle insurance";"Electricity"
"OPEX";"Taxes_Scheme";"UK";"Bandwith MCS";"Rigid";"BAU";"[-]";2030;"IC";"Sensitivity | Current Policies | Vehicle insurance";"Electricity"
"OPEX";"Taxes_Scheme";"UK";"Bandwith MCS";"Tractor-Trailer";"BAU";"[-]";2030;"IC";"Sensitivity | Current Policies | Vehicle insurance";"Electricity"
"OPEX";"Taxes_Scheme";"DE";"Bandwith Depot";"Rigid";"BAU";"[-]";2030;"IB";"Sensitivity | Current Policies | Vehicle insurance";"Electricity"
"OPEX";"Taxes_Scheme";"DE";"Bandwith Depot";"Tractor-Trailer";"BAU";"[-]";2030;"IB";"Sensitivity | Current Policies | Vehicle insurance";"Electricity"
"OPEX";"Taxes_Scheme";"ES";"Bandwith Depot";"Rigid";"BAU";"[-]";2030;"IB";"Sensitivity | Current Policies | Vehicle insurance";"Electricity"
"OPEX";"Taxes_Scheme";"ES";"Bandwith Depot";"Tractor-Trailer";"BAU";"[-]";2030;"IB";"Sensitivity | Current Policies | Vehicle insurance";"Electricity"
"OPEX";"Taxes_Scheme";"FR";"Bandwith Depot";"Rigid";"BAU";"[-]";2030;"IB";"Sensitivity | Current Policies | Vehicle insurance";"Electricity"
"OPEX";"Taxes_Scheme";"FR";"Bandwith Depot";"Tractor-Trailer";"BAU";"[-]";2030;"IB";"Sensitivity | Current Policies | Vehicle insurance";"Electricity"
"OPEX";"Taxes_Scheme";"IT";"Bandwith Depot";"Rigid";"BAU";"[-]";2030;"IB";"Sensitivity | Current Policies | Vehicle insurance";"Electricity"
"OPEX";"Taxes_Scheme";"IT";"Bandwith Depot";"Tractor-Trailer";"BAU";"[-]";2030;"IB";"Sensitivity | Current Policies | Vehicle insurance";"Electricity"
"OPEX";"Taxes_Scheme";"NL";"Bandwith Depot";"Rigid";"BAU";"[-]";2030;"IB";"Sensitivity | Current Policies | Vehicle insurance";"Electricity"
"OPEX";"Taxes_Scheme";"NL";"Bandwith Depot";"Tractor-Trailer";"BAU";"[-]";2030;"IB";"Sensitivity | Current Policies | Vehicle insurance";"Electricity"
"OPEX";"Taxes_Scheme";"PL";"Bandwith Depot";"Rigid";"BAU";"[-]";2030;"IB";"Sensitivity | Current Policies | Vehicle insurance";"Electricity"
"OPEX";"Taxes_Scheme";"PL";"Bandwith Depot";"Tractor-Trailer";"BAU";"[-]";2030;"IB";"Sensitivity | Current Policies | Vehicle insurance";"Electricity"
"OPEX";"Taxes_Scheme";"UK";"Bandwith Depot";"Rigid";"BAU";"[-]";2030;"IB";"Sensitivity | Current Policies | Vehicle insurance";"Electricity"
"OPEX";"Taxes_Scheme";"UK";"Bandwith Depot";"Tractor-Trailer";"BAU";"[-]";2030;"IB";"Sensitivity | Current Policies | Vehicle insurance";"Electricity"
"OPEX";"Taxes_Scheme";"DE";"Bandwith MCS";"Rigid";"BAU";"[-]";2035;"ID";"Sensitivity | Current Policies | Vehicle insurance";"Electricity"
"OPEX";"Taxes_Scheme";"DE";"Bandwith MCS";"Tractor-Trailer";"BAU";"[-]";2035;"ID";"Sensitivity | Current Policies | Vehicle insurance";"Electricity"
"OPEX";"Taxes_Scheme";"ES";"Bandwith MCS";"Rigid";"BAU";"[-]";2035;"ID";"Sensitivity | Current Policies | Vehicle insurance";"Electricity"
"OPEX";"Taxes_Scheme";"ES";"Bandwith MCS";"Tractor-Trailer";"BAU";"[-]";2035;"ID";"Sensitivity | Current Policies | Vehicle insurance";"Electricity"
"OPEX";"Taxes_Scheme";"FR";"Bandwith MCS";"Rigid";"BAU";"[-]";2035;"ID";"Sensitivity | Current Policies | Vehicle insurance";"Electricity"
"OPEX";"Taxes_Scheme";"FR";"Bandwith MCS";"Tractor-Trailer";"BAU";"[-]";2035;"ID";"Sensitivity | Current Policies | Vehicle insurance";"Electricity"
"OPEX";"Taxes_Scheme";"IT";"Bandwith MCS";"Rigid";"BAU";"[-]";2035;"ID";"Sensitivity | Current Policies | Vehicle insurance";"Electricity"
"OPEX";"Taxes_Scheme";"IT";"Bandwith MCS";"Tractor-Trailer";"BAU";"[-]";2035;"ID";"Sensitivity | Current Policies | Vehicle insurance";"Electricity"
"OPEX";"Taxes_Scheme";"NL";"Bandwith MCS";"Rigid";"BAU";"[-]";2035;"ID";"Sensitivity | Current Policies | Vehicle insurance";"Electricity"
"OPEX";"Taxes_Scheme";"NL";"Bandwith MCS";"Tractor-Trailer";"BAU";"[-]";2035;"ID";"Sensitivity | Current Policies | Vehicle insurance";"Electricity"
"OPEX";"Taxes_Scheme";"PL";"Bandwith MCS";"Rigid";"BAU";"[-]";2035;"ID";"Sensitivity | Current Policies | Vehicle insurance";"Electricity"
"OPEX";"Taxes_Scheme";"PL";"Bandwith MCS";"Tractor-Trailer";"BAU";"[-]";2035;"ID";"Sensitivity | Current Policies | Vehicle insurance";"Electricity"
"OPEX";"Taxes_Scheme";"UK";"Bandwith MCS";"Rigid";"BAU";"[-]";2035;"ID";"Sensitivity | Current Policies | Vehicle insurance";"Electricity"
"OPEX";"Taxes_Scheme";"UK";"Bandwith MCS";"Tractor-Trailer";"BAU";"[-]";2035;"ID";"Sensitivity | Current Policies | Vehicle insurance";"Electricity"
"OPEX";"Taxes_Scheme";"DE";"Bandwith Depot";"Rigid";"BAU";"[-]";2035;"IC";"Sensitivity | Current Policies | Vehicle insurance";"Electricity"
"OPEX";"Taxes_Scheme";"DE";"Bandwith Depot";"Tractor-Trailer";"BAU";"[-]";2035;"IC";"Sensitivity | Current Policies | Vehicle insurance";"Electricity"
"OPEX";"Taxes_Scheme";"ES";"Bandwith Depot";"Rigid";"BAU";"[-]";2035;"IC";"Sensitivity | Current Policies | Vehicle insurance";"Electricity"
"OPEX";"Taxes_Scheme";"ES";"Bandwith Depot";"Tractor-Trailer";"BAU";"[-]";2035;"IC";"Sensitivity | Current Policies | Vehicle insurance";"Electricity"
"OPEX";"Taxes_Scheme";"FR";"Bandwith Depot";"Rigid";"BAU";"[-]";2035;"IC";"Sensitivity | Current Policies | Vehicle insurance";"Electricity"
"OPEX";"Taxes_Scheme";"FR";"Bandwith Depot";"Tractor-Trailer";"BAU";"[-]";2035;"IC";"Sensitivity | Current Policies | Vehicle insurance";"Electricity"
"OPEX";"Taxes_Scheme";"IT";"Bandwith Depot";"Rigid";"BAU";"[-]";2035;"IC";"Sensitivity | Current Policies | Vehicle insurance";"Electricity"
"OPEX";"Taxes_Scheme";"IT";"Bandwith Depot";"Tractor-Trailer";"BAU";"[-]";2035;"IC";"Sensitivity | Current Policies | Vehicle insurance";"Electricity"
"OPEX";"Taxes_Scheme";"NL";"Bandwith Depot";"Rigid";"BAU";"[-]";2035;"IC";"Sensitivity | Current Policies | Vehicle insurance";"Electricity"
"OPEX";"Taxes_Scheme";"NL";"Bandwith Depot";"Tractor-Trailer";"BAU";"[-]";2035;"IC";"Sensitivity | Current Policies | Vehicle insurance";"Electricity"
"OPEX";"Taxes_Scheme";"PL";"Bandwith Depot";"Rigid";"BAU";"[-]";2035;"IC";"Sensitivity | Current Policies | Vehicle insurance";"Electricity"
"OPEX";"Taxes_Scheme";"PL";"Bandwith Depot";"Tractor-Trailer";"BAU";"[-]";2035;"IC";"Sensitivity | Current Policies | Vehicle insurance";"Electricity"
"OPEX";"Taxes_Scheme";"UK";"Bandwith Depot";"Rigid";"BAU";"[-]";2035;"IC";"Sensitivity | Current Policies | Vehicle insurance";"Electricity"
"OPEX";"Taxes_Scheme";"UK";"Bandwith Depot";"Tractor-Trailer";"BAU";"[-]";2035;"IC";"Sensitivity | Current Policies | Vehicle insurance";"Electricity"
"OPEX";"Taxes_Scheme";"DE";"Bandwith MCS";"Rigid";"BAU";"[-]";2040;"ID";"Sensitivity | Current Policies | Vehicle insurance";"Electricity"
"OPEX";"Taxes_Scheme";"DE";"Bandwith MCS";"Tractor-Trailer";"BAU";"[-]";2040;"ID";"Sensitivity | Current Policies | Vehicle insurance";"Electricity"
"OPEX";"Taxes_Scheme";"ES";"Bandwith MCS";"Rigid";"BAU";"[-]";2040;"ID";"Sensitivity | Current Policies | Vehicle insurance";"Electricity"
"OPEX";"Taxes_Scheme";"ES";"Bandwith MCS";"Tractor-Trailer";"BAU";"[-]";2040;"ID";"Sensitivity | Current Policies | Vehicle insurance";"Electricity"
"OPEX";"Taxes_Scheme";"FR";"Bandwith MCS";"Rigid";"BAU";"[-]";2040;"ID";"Sensitivity | Current Policies | Vehicle insurance";"Electricity"
"OPEX";"Taxes_Scheme";"FR";"Bandwith MCS";"Tractor-Trailer";"BAU";"[-]";2040;"ID";"Sensitivity | Current Policies | Vehicle insurance";"Electricity"
"OPEX";"Taxes_Scheme";"IT";"Bandwith MCS";"Rigid";"BAU";"[-]";2040;"ID";"Sensitivity | Current Policies | Vehicle insurance";"Electricity"
"OPEX";"Taxes_Scheme";"IT";"Bandwith MCS";"Tractor-Trailer";"BAU";"[-]";2040;"ID";"Sensitivity | Current Policies | Vehicle insurance";"Electricity"
"OPEX";"Taxes_Scheme";"NL";"Bandwith MCS";"Rigid";"BAU";"[-]";2040;"ID";"Sensitivity | Current Policies | Vehicle insurance";"Electricity"
"OPEX";"Taxes_Scheme";"NL";"Bandwith MCS";"Tractor-Trailer";"BAU";"[-]";2040;"ID";"Sensitivity | Current Policies | Vehicle insurance";"Electricity"
"OPEX";"Taxes_Scheme";"PL";"Bandwith MCS";"Rigid";"BAU";"[-]";2040;"ID";"Sensitivity | Current Policies | Vehicle insurance";"Electricity"
"OPEX";"Taxes_Scheme";"PL";"Bandwith MCS";"Tractor-Trailer";"BAU";"[-]";2040;"ID";"Sensitivity | Current Policies | Vehicle insurance";"Electricity"
"OPEX";"Taxes_Scheme";"UK";"Bandwith MCS";"Rigid";"BAU";"[-]";2040;"ID";"Sensitivity | Current Policies | Vehicle insurance";"Electricity"
"OPEX";"Taxes_Scheme";"UK";"Bandwith MCS";"Tractor-Trailer";"BAU";"[-]";2040;"ID";"Sensitivity | Current Policies | Vehicle insurance";"Electricity"
"OPEX";"Taxes_Scheme";"DE";"Bandwith Depot";"Rigid";"BAU";"[-]";2040;"IC";"Sensitivity | Current Policies | Vehicle insurance";"Electricity"
"OPEX";"Taxes_Scheme";"DE";"Bandwith Depot";"Tractor-Trailer";"BAU";"[-]";2040;"IC";"Sensitivity | Current Policies | Vehicle insurance";"Electricity"
"OPEX";"Taxes_Scheme";"ES";"Bandwith Depot";"Rigid";"BAU";"[-]";2040;"IC";"Sensitivity | Current Policies | Vehicle insurance";"Electricity"
"OPEX";"Taxes_Scheme";"ES";"Bandwith Depot";"Tractor-Trailer";"BAU";"[-]";2040;"IC";"Sensitivity | Current Policies | Vehicle insurance";"Electricity"
"OPEX";"Taxes_Scheme";"FR";"Bandwith Depot";"Rigid";"BAU";"[-]";2040;"IC";"Sensitivity | Current Policies | Vehicle insurance";"Electricity"
"OPEX";"Taxes_Scheme";"FR";"Bandwith Depot";"Tractor-Trailer";"BAU";"[-]";2040;"IC";"Sensitivity | Current Policies | Vehicle insurance";"Electricity"
"OPEX";"Taxes_Scheme";"IT";"Bandwith Depot";"Rigid";"BAU";"[-]";2040;"IC";"Sensitivity | Current Policies | Vehicle insurance";"Electricity"
"OPEX";"Taxes_Scheme";"IT";"Bandwith Depot";"Tractor-Trailer";"BAU";"[-]";2040;"IC";"Sensitivity | Current Policies | Vehicle insurance";"Electricity"
"OPEX";"Taxes_Scheme";"NL";"Bandwith Depot";"Rigid";"BAU";"[-]";2040;"IC";"Sensitivity | Current Policies | Vehicle insurance";"Electricity"
"OPEX";"Taxes_Scheme";"NL";"Bandwith Depot";"Tractor-Trailer";"BAU";"[-]";2040;"IC";"Sensitivity | Current Policies | Vehicle insurance";"Electricity"
"OPEX";"Taxes_Scheme";"PL";"Bandwith Depot";"Rigid";"BAU";"[-]";2040;"IC";"Sensitivity | Current Policies | Vehicle insurance";"Electricity"
"OPEX";"Taxes_Scheme";"PL";"Bandwith Depot";"Tractor-Trailer";"BAU";"[-]";2040;"IC";"Sensitivity | Current Policies | Vehicle insurance";"Electricity"
"OPEX";"Taxes_Scheme";"UK";"Bandwith Depot";"Rigid";"BAU";"[-]";2040;"IC";"Sensitivity | Current Policies | Vehicle insurance";"Electricity"
"OPEX";"Taxes_Scheme";"UK";"Bandwith Depot";"Tractor-Trailer";"BAU";"[-]";2040;"IC";"Sensitivity | Current Policies | Vehicle insurance";"Electricity"
"OPEX";"Taxes_Scheme";"DE";"Bandwith MCS";"Rigid";"BAU";"[-]";2045;"ID";"Sensitivity | Current Policies | Vehicle insurance";"Electricity"
"OPEX";"Taxes_Scheme";"DE";"Bandwith MCS";"Tractor-Trailer";"BAU";"[-]";2045;"ID";"Sensitivity | Current Policies | Vehicle insurance";"Electricity"
"OPEX";"Taxes_Scheme";"ES";"Bandwith MCS";"Rigid";"BAU";"[-]";2045;"ID";"Sensitivity | Current Policies | Vehicle insurance";"Electricity"
"OPEX";"Taxes_Scheme";"ES";"Bandwith MCS";"Tractor-Trailer";"BAU";"[-]";2045;"ID";"Sensitivity | Current Policies | Vehicle insurance";"Electricity"
"OPEX";"Taxes_Scheme";"FR";"Bandwith MCS";"Rigid";"BAU";"[-]";2045;"ID";"Sensitivity | Current Policies | Vehicle insurance";"Electricity"
"OPEX";"Taxes_Scheme";"FR";"Bandwith MCS";"Tractor-Trailer";"BAU";"[-]";2045;"ID";"Sensitivity | Current Policies | Vehicle insurance";"Electricity"
"OPEX";"Taxes_Scheme";"IT";"Bandwith MCS";"Rigid";"BAU";"[-]";2045;"ID";"Sensitivity | Current Policies | Vehicle insurance";"Electricity"
"OPEX";"Taxes_Scheme";"IT";"Bandwith MCS";"Tractor-Trailer";"BAU";"[-]";2045;"ID";"Sensitivity | Current Policies | Vehicle insurance";"Electricity"
"OPEX";"Taxes_Scheme";"NL";"Bandwith MCS";"Rigid";"BAU";"[-]";2045;"ID";"Sensitivity | Current Policies | Vehicle insurance";"Electricity"
"OPEX";"Taxes_Scheme";"NL";"Bandwith MCS";"Tractor-Trailer";"BAU";"[-]";2045;"ID";"Sensitivity | Current Policies | Vehicle insurance";"Electricity"
"OPEX";"Taxes_Scheme";"PL";"Bandwith MCS";"Rigid";"BAU";"[-]";2045;"ID";"Sensitivity | Current Policies | Vehicle insurance";"Electricity"
"OPEX";"Taxes_Scheme";"PL";"Bandwith MCS";"Tractor-Trailer";"BAU";"[-]";2045;"ID";"Sensitivity | Current Policies | Vehicle insurance";"Electricity"
"OPEX";"Taxes_Scheme";"UK";"Bandwith MCS";"Rigid";"BAU";"[-]";2045;"ID";"Sensitivity | Current Policies | Vehicle insurance";"Electricity"
"OPEX";"Taxes_Scheme";"UK";"Bandwith MCS";"Tractor-Trailer";"BAU";"[-]";2045;"ID";"Sensitivity | Current Policies | Vehicle insurance";"Electricity"
"OPEX";"Taxes_Scheme";"DE";"Bandwith Depot";"Rigid";"BAU";"[-]";2045;"IC";"Sensitivity | Current Policies | Vehicle insurance";"Electricity"
"OPEX";"Taxes_Scheme";"DE";"Bandwith Depot";"Tractor-Trailer";"BAU";"[-]";2045;"IC";"Sensitivity | Current Policies | Vehicle insurance";"Electricity"
"OPEX";"Taxes_Scheme";"ES";"Bandwith Depot";"Rigid";"BAU";"[-]";2045;"IC";"Sensitivity | Current Policies | Vehicle insurance";"Electricity"
"OPEX";"Taxes_Scheme";"ES";"Bandwith Depot";"Tractor-Trailer";"BAU";"[-]";2045;"IC";"Sensitivity | Current Policies | Vehicle insurance";"Electricity"
"OPEX";"Taxes_Scheme";"FR";"Bandwith Depot";"Rigid";"BAU";"[-]";2045;"IC";"Sensitivity | Current Policies | Vehicle insurance";"Electricity"
"OPEX";"Taxes_Scheme";"FR";"Bandwith Depot";"Tractor-Trailer";"BAU";"[-]";2045;"IC";"Sensitivity | Current Policies | Vehicle insurance";"Electricity"
"OPEX";"Taxes_Scheme";"IT";"Bandwith Depot";"Rigid";"BAU";"[-]";2045;"IC";"Sensitivity | Current Policies | Vehicle insurance";"Electricity"
"OPEX";"Taxes_Scheme";"IT";"Bandwith Depot";"Tractor-Trailer";"BAU";"[-]";2045;"IC";"Sensitivity | Current Policies | Vehicle insurance";"Electricity"
"OPEX";"Taxes_Scheme";"NL";"Bandwith Depot";"Rigid";"BAU";"[-]";2045;"IC";"Sensitivity | Current Policies | Vehicle insurance";"Electricity"
"OPEX";"Taxes_Scheme";"NL";"Bandwith Depot";"Tractor-Trailer";"BAU";"[-]";2045;"IC";"Sensitivity | Current Policies | Vehicle insurance";"Electricity"
"OPEX";"Taxes_Scheme";"PL";"Bandwith Depot";"Rigid";"BAU";"[-]";2045;"IC";"Sensitivity | Current Policies | Vehicle insurance";"Electricity"
"OPEX";"Taxes_Scheme";"PL";"Bandwith Depot";"Tractor-Trailer";"BAU";"[-]";2045;"IC";"Sensitivity | Current Policies | Vehicle insurance";"Electricity"
"OPEX";"Taxes_Scheme";"UK";"Bandwith Depot";"Rigid";"BAU";"[-]";2045;"IC";"Sensitivity | Current Policies | Vehicle insurance";"Electricity"
"OPEX";"Taxes_Scheme";"UK";"Bandwith Depot";"Tractor-Trailer";"BAU";"[-]";2045;"IC";"Sensitivity | Current Policies | Vehicle insurance";"Electricity"
"OPEX";"Taxes_Scheme";"DE";"Bandwith MCS";"Rigid";"BAU";"[-]";2050;"ID";"Sensitivity | Current Policies | Vehicle insurance";"Electricity"
"OPEX";"Taxes_Scheme";"DE";"Bandwith MCS";"Tractor-Trailer";"BAU";"[-]";2050;"ID";"Sensitivity | Current Policies | Vehicle insurance";"Electricity"
"OPEX";"Taxes_Scheme";"ES";"Bandwith MCS";"Rigid";"BAU";"[-]";2050;"ID";"Sensitivity | Current Policies | Vehicle insurance";"Electricity"
"OPEX";"Taxes_Scheme";"ES";"Bandwith MCS";"Tractor-Trailer";"BAU";"[-]";2050;"ID";"Sensitivity | Current Policies | Vehicle insurance";"Electricity"
"OPEX";"Taxes_Scheme";"FR";"Bandwith MCS";"Rigid";"BAU";"[-]";2050;"ID";"Sensitivity | Current Policies | Vehicle insurance";"Electricity"
"OPEX";"Taxes_Scheme";"FR";"Bandwith MCS";"Tractor-Trailer";"BAU";"[-]";2050;"ID";"Sensitivity | Current Policies | Vehicle insurance";"Electricity"
"OPEX";"Taxes_Scheme";"IT";"Bandwith MCS";"Rigid";"BAU";"[-]";2050;"ID";"Sensitivity | Current Policies | Vehicle insurance";"Electricity"
"OPEX";"Taxes_Scheme";"IT";"Bandwith MCS";"Tractor-Trailer";"BAU";"[-]";2050;"ID";"Sensitivity | Current Policies | Vehicle insurance";"Electricity"
"OPEX";"Taxes_Scheme";"NL";"Bandwith MCS";"Rigid";"BAU";"[-]";2050;"ID";"Sensitivity | Current Policies | Vehicle insurance";"Electricity"
"OPEX";"Taxes_Scheme";"NL";"Bandwith MCS";"Tractor-Trailer";"BAU";"[-]";2050;"ID";"Sensitivity | Current Policies | Vehicle insurance";"Electricity"
"OPEX";"Taxes_Scheme";"PL";"Bandwith MCS";"Rigid";"BAU";"[-]";2050;"ID";"Sensitivity | Current Policies | Vehicle insurance";"Electricity"
"OPEX";"Taxes_Scheme";"PL";"Bandwith MCS";"Tractor-Trailer";"BAU";"[-]";2050;"ID";"Sensitivity | Current Policies | Vehicle insurance";"Electricity"
"OPEX";"Taxes_Scheme";"UK";"Bandwith MCS";"Rigid";"BAU";"[-]";2050;"ID";"Sensitivity | Current Policies | Vehicle insurance";"Electricity"
"OPEX";"Taxes_Scheme";"UK";"Bandwith MCS";"Tractor-Trailer";"BAU";"[-]";2050;"ID";"Sensitivity | Current Policies | Vehicle insurance";"Electricity"
"OPEX";"Taxes_Scheme";"DE";"Bandwith Depot";"Rigid";"BAU";"[-]";2050;"IC";"Sensitivity | Current Policies | Vehicle insurance";"Electricity"
"OPEX";"Taxes_Scheme";"DE";"Bandwith Depot";"Tractor-Trailer";"BAU";"[-]";2050;"IC";"Sensitivity | Current Policies | Vehicle insurance";"Electricity"
"OPEX";"Taxes_Scheme";"ES";"Bandwith Depot";"Rigid";"BAU";"[-]";2050;"IC";"Sensitivity | Current Policies | Vehicle insurance";"Electricity"
"OPEX";"Taxes_Scheme";"ES";"Bandwith Depot";"Tractor-Trailer";"BAU";"[-]";2050;"IC";"Sensitivity | Current Policies | Vehicle insurance";"Electricity"
"OPEX";"Taxes_Scheme";"FR";"Bandwith Depot";"Rigid";"BAU";"[-]";2050;"IC";"Sensitivity | Current Policies | Vehicle insurance";"Electricity"
"OPEX";"Taxes_Scheme";"FR";"Bandwith Depot";"Tractor-Trailer";"BAU";"[-]";2050;"IC";"Sensitivity | Current Policies | Vehicle insurance";"Electricity"
"OPEX";"Taxes_Scheme";"IT";"Bandwith Depot";"Rigid";"BAU";"[-]";2050;"IC";"Sensitivity | Current Policies | Vehicle insurance";"Electricity"
"OPEX";"Taxes_Scheme";"IT";"Bandwith Depot";"Tractor-Trailer";"BAU";"[-]";2050;"IC";"Sensitivity | Current Policies | Vehicle insurance";"Electricity"
"OPEX";"Taxes_Scheme";"NL";"Bandwith Depot";"Rigid";"BAU";"[-]";2050;"IC";"Sensitivity | Current Policies | Vehicle insurance";"Electricity"
"OPEX";"Taxes_Scheme";"NL";"Bandwith Depot";"Tractor-Trailer";"BAU";"[-]";2050;"IC";"Sensitivity | Current Policies | Vehicle insurance";"Electricity"
"OPEX";"Taxes_Scheme";"PL";"Bandwith Depot";"Rigid";"BAU";"[-]";2050;"IC";"Sensitivity | Current Policies | Vehicle insurance";"Electricity"
"OPEX";"Taxes_Scheme";"PL";"Bandwith Depot";"Tractor-Trailer";"BAU";"[-]";2050;"IC";"Sensitivity | Current Policies | Vehicle insurance";"Electricity"
"OPEX";"Taxes_Scheme";"UK";"Bandwith Depot";"Rigid";"BAU";"[-]";2050;"IC";"Sensitivity | Current Policies | Vehicle insurance";"Electricity"
"OPEX";"Taxes_Scheme";"UK";"Bandwith Depot";"Tractor-Trailer";"BAU";"[-]";2050;"IC";"Sensitivity | Current Policies | Vehicle insurance";"Electricity"
